FSC-A,FSC-H,SSC-A,SSC-H,FL1-A,FL1-H,FL2-A,FL2-H,FL3-A,FL3-H,FL4-A,FL4-H,Time,Cluster
10412.0,9457.0,2367.0,7194.0,3914,4220,4600,5393,11312.0,13085.0,0.0,1226.0,17.4,2
24353.0,31763.0,3620.0,5121.0,5069,6187,7172,8468,22136.0,24405.0,3561.0,6814.0,17.4,2
2742.0,11772.0,1872.0,4934.0,1203,1721,1442,1897,4223.0,5697.0,0.0,897.0,17.4,2
1743.0,11247.0,2054.0,10154.0,179,133,150,28,3605.0,8306.0,3931.0,8021.0,17.5,0
2528920.0,2099250.0,6218020.0,6100150.0,14096,8082,8117,6818,2262990.0,1413470.0,2014500.0,1019520.0,17.5,1
2882.0,11233.0,1773.0,3404.0,3835,4955,5240,6616,12168.0,15281.0,1190.0,2791.0,17.5,2
4743.0,15027.0,2202.0,5145.0,4347,5137,4998,5864,14428.0,17102.0,1480.0,2227.0,17.5,2
8778.0,17810.0,1618.0,4158.0,1173,2668,1937,3312,6326.0,9808.0,1141.0,1459.0,17.5,2
72927.0,135007.0,6691.0,9650.0,0,47,234,136,94369.0,96624.0,23684.0,39602.0,17.6,0
2914.0,13292.0,2221.0,8035.0,2938,4395,3727,5763,9266.0,14286.0,1204.0,1970.0,17.6,2
16579.0,33156.0,2507.0,5292.0,7461,8465,9541,10906,21837.0,25380.0,2166.0,4881.0,17.7,2
631.0,3936.0,295.0,1981.0,782,2049,927,2996,2774.0,8176.0,103.0,135.0,17.7,2
44608.0,76716.0,21158.0,35977.0,276,235,0,0,43792.0,47342.0,16548.0,41520.0,17.8,-1
7409.0,16955.0,363.0,1910.0,2761,3821,3923,5489,11041.0,15920.0,3019.0,3277.0,17.8,2
45292.0,75336.0,7364.0,14320.0,352,244,77,27,36132.0,39954.0,26203.0,34009.0,17.8,0
4642.0,14164.0,746.0,2446.0,6202,8240,6937,9201,13840.0,18757.0,0.0,1254.0,17.9,2
457879.0,203414.0,68461.0,25374.0,891,409,207,221,29106.0,28445.0,31493.0,23932.0,17.9,3
3952.0,12612.0,1982.0,4652.0,2971,3662,3719,4228,9891.0,11050.0,744.0,2120.0,17.9,2
11806.0,19368.0,1754.0,3577.0,2524,2820,3936,4260,10720.0,12287.0,2765.0,2486.0,17.9,2
28222.0,47227.0,5235.0,11553.0,20,93,61,39,25749.0,26566.0,24553.0,22970.0,18.0,0
1568.0,10412.0,576.0,2627.0,1604,3785,1921,4857,4413.0,11811.0,392.0,959.0,18.0,2
2488.0,14848.0,461.0,2356.0,1257,3405,1390,4203,3425.0,10776.0,19.0,255.0,18.0,2
6129.0,14732.0,1970.0,5159.0,4629,5595,5598,6977,13083.0,16173.0,2070.0,2730.0,18.1,2
8850.0,15379.0,123.0,2055.0,154,105,348,170,3802.0,4611.0,3420.0,4400.0,18.1,0
1478.0,6864.0,0.0,199.0,168,80,160,39,3581.0,4944.0,1380.0,1805.0,18.1,0
456176.0,615624.0,49120.0,70226.0,1384,1255,234,146,506905.0,420133.0,238713.0,207988.0,18.1,3
2819.0,10565.0,362.0,2766.0,619,1174,662,1952,1875.0,5649.0,3219.0,4751.0,18.2,2
12212.0,24959.0,2308.0,5508.0,5501,7013,6554,7705,16301.0,18380.0,486.0,1197.0,18.2,2
14420.0,23059.0,2202.0,3579.0,5640,6179,6703,7555,17416.0,19293.0,4527.0,3123.0,18.2,2
1468.0,6872.0,732.0,2803.0,2639,4129,3471,5701,8749.0,14212.0,1080.0,2227.0,18.3,2
28611.0,36581.0,3354.0,6408.0,243,156,542,213,26796.0,27299.0,26215.0,24638.0,18.3,0
1529.0,5003.0,1555.0,5034.0,1981,2670,2495,2918,6031.0,6792.0,1047.0,944.0,18.3,2
16621.0,31209.0,2741.0,4898.0,5336,5964,7268,8080,19792.0,21313.0,3949.0,5577.0,18.3,2
36828.0,67888.0,7055.0,14288.0,302,216,4,0,43647.0,45930.0,22010.0,36637.0,18.4,-1
3444.0,15976.0,878.0,3617.0,1259,2686,1360,3025,3132.0,7362.0,515.0,1345.0,18.5,2
5439.0,11653.0,2751.0,6318.0,4261,5043,4827,5734,12247.0,14094.0,1083.0,2995.0,18.5,2
1417.0,6941.0,863.0,4447.0,1256,1937,1712,2858,5417.0,9109.0,577.0,868.0,18.6,2
3277.0,18238.0,1079.0,3947.0,3143,5338,4223,7200,12458.0,21308.0,1070.0,2285.0,18.6,2
2729.0,16214.0,796.0,3215.0,880,3482,1109,4590,3149.0,12843.0,65.0,205.0,18.6,2
15614.0,26409.0,2095.0,3857.0,10392,11421,12972,13984,30052.0,31360.0,4881.0,7056.0,18.6,2
748.0,4050.0,418.0,1970.0,1457,3965,1862,4555,4152.0,9808.0,611.0,1214.0,18.7,2
2707.0,14504.0,975.0,2924.0,4969,7668,5549,8525,12476.0,18941.0,670.0,1300.0,18.7,2
2441.0,6847.0,3920.0,6413.0,2589,3426,3122,4825,9060.0,13072.0,586.0,1651.0,18.7,2
22789.0,55754.0,2506.0,4341.0,508,356,0,48,25889.0,27231.0,7648.0,16533.0,18.8,0
10866.0,15898.0,604.0,2844.0,6446,6936,8405,9320,21664.0,23019.0,1842.0,3835.0,18.8,2
22460.0,34474.0,5994.0,9963.0,215,266,0,0,24572.0,23063.0,19726.0,20608.0,18.8,-1
54861.0,80521.0,15914.0,23690.0,8022,8043,11364,12073,33310.0,33369.0,9044.0,8677.0,18.8,1
163348.0,242851.0,4430.0,6617.0,300,174,244,119,213845.0,200998.0,53425.0,84244.0,18.9,0
144252.0,233031.0,18950.0,28808.0,483,384,301,120,101374.0,94163.0,76958.0,76332.0,18.9,0
3870.0,17004.0,266.0,1956.0,1806,3204,2590,4383,6264.0,9821.0,1009.0,1681.0,18.9,2
16498.0,22898.0,8672.0,10887.0,1764,1549,2616,2573,8674.0,8975.0,2923.0,2354.0,19.0,2
5360.0,13159.0,726.0,2340.0,2159,2358,3485,3899,9365.0,10219.0,1143.0,2874.0,19.0,2
2330.0,6402.0,835.0,2240.0,1610,1931,2418,3150,6671.0,9137.0,799.0,1275.0,19.0,2
11194.0,24563.0,3783.0,4594.0,6889,7505,7572,7842,12581.0,13827.0,1579.0,1867.0,19.0,2
8040.0,27626.0,769.0,3187.0,4650,6226,5977,8117,13194.0,17734.0,559.0,2170.0,19.0,2
31105.0,39465.0,3434.0,4960.0,412,203,147,178,40224.0,43457.0,37471.0,34629.0,19.0,0
1987.0,10331.0,777.0,2851.0,2329,3617,2997,4654,7992.0,12620.0,326.0,418.0,19.1,2
3838.0,10545.0,2308.0,5175.0,3223,3746,4065,4790,11386.0,13189.0,1239.0,1317.0,19.1,2
18218.0,43429.0,5879.0,10550.0,524,373,55,48,28182.0,30310.0,6220.0,18272.0,19.1,0
8473.0,16555.0,2691.0,5754.0,3748,3675,4979,5425,13158.0,14933.0,1413.0,4018.0,19.2,2
15207.0,31203.0,1869.0,3787.0,299,161,292,154,21510.0,21911.0,3627.0,5376.0,19.2,0
22503.0,45420.0,17627.0,27183.0,228,221,80,87,38768.0,38507.0,29946.0,30276.0,19.4,0
15606.0,28564.0,5973.0,10513.0,432,305,248,130,24257.0,25954.0,10225.0,18985.0,19.4,0
1959.0,11849.0,30.0,2012.0,1085,2989,1258,3982,2518.0,8381.0,728.0,1832.0,19.5,2
3972.0,9739.0,1270.0,2803.0,1709,1795,3794,4528,9553.0,10613.0,1997.0,3283.0,19.5,2
48205.0,65050.0,14716.0,20534.0,149,206,210,121,54455.0,50941.0,59127.0,44448.0,19.6,0
51133.0,68492.0,7003.0,12539.0,143,267,144,119,48516.0,44933.0,43684.0,44651.0,19.7,0
28687.0,64613.0,13613.0,23037.0,203,153,137,112,39119.0,41113.0,7973.0,22852.0,19.7,0
25447.0,21163.0,2986.0,3158.0,2661,2275,3942,4249,10945.0,11865.0,3359.0,3009.0,19.8,2
11212.0,20874.0,2428.0,3672.0,2992,3313,4420,4749,14806.0,14893.0,1807.0,3539.0,19.8,2
31010.0,54159.0,2657.0,3612.0,124,106,38,93,38413.0,37144.0,24611.0,25788.0,19.8,0
19052.0,42840.0,3954.0,7971.0,133,128,73,2,21427.0,22154.0,10771.0,17338.0,20.0,0
7689.0,17058.0,1630.0,3240.0,4210,4613,6214,6916,14311.0,15713.0,1502.0,3027.0,20.0,2
44008.0,80557.0,7947.0,13628.0,804,391,269,114,54540.0,52155.0,19453.0,35778.0,20.1,0
1653.0,5130.0,127.0,1618.0,0,0,171,73,2682.0,5080.0,25725.0,38831.0,20.1,0
62226.0,101526.0,13478.0,22920.0,278,226,355,273,53634.0,52885.0,15766.0,34954.0,20.1,0
41419.0,73812.0,4780.0,10382.0,204,73,130,54,49262.0,52637.0,16652.0,35083.0,20.1,0
2188.0,10149.0,686.0,2517.0,2150,3026,2847,4051,7268.0,9975.0,340.0,1785.0,20.1,2
1557.0,9183.0,511.0,1859.0,2657,4285,2882,4786,6870.0,11542.0,188.0,584.0,20.2,2
4949.0,14832.0,1893.0,4416.0,2687,2910,3560,3651,9902.0,10104.0,1222.0,1595.0,20.2,2
24348.0,51981.0,5110.0,10144.0,212,62,190,133,37105.0,40495.0,7134.0,17101.0,20.3,0
8347.0,13898.0,1781.0,2754.0,3352,3169,5325,5535,11847.0,11980.0,1505.0,2884.0,20.3,2
12453.0,22849.0,4509.0,6377.0,5399,5846,6430,7098,17273.0,17997.0,1196.0,3184.0,20.3,2
480431.0,651043.0,85230.0,129995.0,1927,1770,20035,19904,222474.0,209443.0,211597.0,161043.0,20.3,3
4057.0,10508.0,6068.0,7969.0,402,220,177,55,45819.0,28383.0,62006.0,45020.0,20.4,0
1941.0,11421.0,295.0,2616.0,142,59,171,99,5366.0,11535.0,14032.0,25014.0,20.4,0
1502.0,6310.0,1017.0,4243.0,97,0,152,35,3377.0,4193.0,19389.0,25501.0,20.4,0
1168180.0,988850.0,1427330.0,1764780.0,4136,3221,1363,855,2489880.0,1819560.0,1539060.0,1106800.0,20.4,1
29216.0,33330.0,4430.0,4653.0,460,193,333,181,29332.0,26749.0,20286.0,22894.0,20.4,0
12148.0,26512.0,4344.0,9036.0,5851,6769,7366,8077,22350.0,25696.0,448.0,1872.0,20.4,2
2326.0,7357.0,717.0,2107.0,2386,3552,2988,4443,8061.0,11202.0,0.0,0.0,20.5,2
308441.0,439543.0,69444.0,99126.0,1396,723,166,225,341892.0,295837.0,124293.0,144365.0,20.5,3
5641.0,25255.0,1205.0,4126.0,1734,2169,2358,3151,6200.0,8589.0,0.0,1214.0,20.5,2
28328.0,59040.0,3508.0,5403.0,363,265,395,155,32313.0,30095.0,26130.0,25547.0,20.6,0
3407.0,20458.0,746.0,3361.0,1924,4404,2859,5755,7613.0,15471.0,0.0,2102.0,20.6,2
2265.0,8004.0,573.0,1271.0,930,3060,1226,3676,3470.0,11110.0,658.0,1339.0,20.6,2
4105.0,13938.0,377.0,2296.0,308,264,232,159,2936.0,4985.0,2779.0,3049.0,20.7,0
1172.0,4891.0,720.0,2320.0,155,68,171,70,9371.0,13450.0,2062.0,3651.0,20.7,0
589234.0,580575.0,109715.0,86122.0,2892,2737,301,201,1324880.0,1065940.0,748740.0,535948.0,20.7,1
2886.0,9165.0,1180.0,3057.0,1954,3162,1953,3218,5861.0,9092.0,179.0,1039.0,20.7,2
6898.0,17571.0,1244.0,3842.0,4716,5800,6444,7902,14756.0,17887.0,0.0,380.0,20.8,2
19425.0,35323.0,4186.0,7223.0,270,132,241,150,23031.0,23910.0,5143.0,16261.0,20.9,0
2365.0,14822.0,969.0,3591.0,2912,5188,3594,6488,8450.0,15199.0,0.0,497.0,20.9,2
3505.0,19881.0,0.0,1017.0,530,2063,806,2843,1975.0,6783.0,351.0,380.0,20.9,2
20226.0,38370.0,3996.0,8437.0,5425,6173,7969,8695,21214.0,21688.0,2143.0,5494.0,20.9,2
20878.0,33392.0,4703.0,7226.0,0,113,242,121,21101.0,18751.0,17779.0,16579.0,21.0,0
10394.0,13032.0,0.0,1651.0,3271,3206,4052,3982,9214.0,8584.0,746.0,1104.0,21.0,2
8518.0,17882.0,2856.0,5435.0,3946,4117,4974,5501,13349.0,13945.0,1863.0,2827.0,21.0,2
4489.0,9686.0,2360.0,3948.0,4158,4237,4368,4603,11631.0,10956.0,709.0,1945.0,21.1,2
11303.0,14603.0,3398.0,5256.0,1930,2131,3267,3055,10056.0,9175.0,1608.0,3102.0,21.2,2
9558.0,14906.0,1462.0,5443.0,3001,3081,4505,4971,12689.0,14980.0,1077.0,1782.0,21.3,2
22192.0,35451.0,2682.0,4262.0,4354,5135,6617,6645,21030.0,21076.0,7750.0,6225.0,21.3,2
41308.0,68290.0,6704.0,12128.0,160,127,136,217,46941.0,42426.0,27408.0,35278.0,21.3,0
34352.0,50919.0,8416.0,11716.0,364,233,193,119,38798.0,36812.0,29289.0,30178.0,21.4,0
32969.0,55200.0,7993.0,15459.0,55,66,11,5,28947.0,30559.0,7798.0,18226.0,21.4,0
1825.0,9798.0,794.0,2661.0,2265,4140,2831,5365,7216.0,13858.0,805.0,1520.0,21.5,2
4649.0,12051.0,240.0,1282.0,1084,3073,1748,4496,4790.0,12521.0,342.0,478.0,21.5,2
892.0,2829.0,0.0,207.0,1556,2276,2082,3308,4658.0,8372.0,167.0,860.0,21.5,2
4535.0,9996.0,1273.0,3136.0,9026,10780,9163,10905,18505.0,21411.0,1319.0,2710.0,21.6,2
13796.0,24668.0,3556.0,6010.0,11931,12502,14158,14343,30002.0,27559.0,5322.0,5586.0,21.7,2
14853.0,39006.0,24031.0,49189.0,246,140,254,133,30175.0,34309.0,10240.0,24760.0,21.7,0
181056.0,271254.0,16932.0,26376.0,441,431,259,199,248868.0,219847.0,74421.0,107042.0,21.8,0
4808.0,9047.0,1122.0,3593.0,5139,5853,6580,7501,12402.0,14722.0,1409.0,1789.0,21.9,2
1158.0,4434.0,2736.0,7766.0,122,22,140,18,3494.0,5440.0,954.0,1333.0,21.9,0
4276.0,12063.0,2693.0,6734.0,112,66,147,85,3760.0,4818.0,339.0,525.0,21.9,0
1327200.0,1484040.0,1963580.0,2489430.0,3249,1851,1088,650,459937.0,354327.0,244576.0,169452.0,21.9,1
6554.0,16995.0,1634.0,3546.0,2739,3729,3504,5293,7943.0,12488.0,2497.0,2682.0,22.0,2
3365.0,9045.0,0.0,1400.0,1404,3252,1788,4641,4365.0,11270.0,427.0,948.0,22.0,2
47208.0,61747.0,13577.0,21354.0,333,330,0,45,50074.0,46784.0,31100.0,30224.0,22.0,0
31981.0,47409.0,12635.0,20647.0,509,274,92,71,29301.0,28028.0,23278.0,21551.0,22.1,0
11110.0,18452.0,1972.0,5548.0,6163,6272,7840,7840,19280.0,19180.0,3633.0,3702.0,22.2,2
57673.0,81560.0,15570.0,24041.0,0,234,61,117,67466.0,67629.0,30028.0,59233.0,22.2,0
6488.0,10732.0,1556.0,3393.0,3514,3805,4672,5112,12560.0,13936.0,2426.0,2251.0,22.2,2
4640.0,11751.0,2143.0,4732.0,3226,3371,4558,4879,12455.0,12780.0,1695.0,3713.0,22.2,2
17129.0,32985.0,3220.0,5538.0,6682,6858,8916,9132,25068.0,26229.0,3391.0,7395.0,22.2,2
44363.0,80143.0,3948.0,5637.0,300,124,471,230,42619.0,40255.0,26029.0,28386.0,22.3,0
130862.0,206844.0,37002.0,60620.0,233,245,119,136,161334.0,144137.0,49914.0,52514.0,22.4,0
23227.0,36360.0,4234.0,6224.0,2163,1699,5483,5269,16685.0,15623.0,7090.0,6552.0,22.5,2
14755.0,22084.0,2080.0,5231.0,4194,4680,5680,5987,15598.0,17015.0,5530.0,5230.0,22.5,2
9083.0,15402.0,803.0,1955.0,2942,3551,3614,3800,10439.0,10376.0,135.0,1400.0,22.5,2
14873.0,26664.0,3417.0,6869.0,8590,8951,11148,11831,28740.0,30258.0,4346.0,5702.0,22.5,2
6802.0,16985.0,2073.0,3924.0,1821,1808,3023,3006,8175.0,8195.0,1030.0,1973.0,22.6,2
34592.0,44558.0,8048.0,13312.0,314,254,0,41,59277.0,55105.0,42479.0,39247.0,22.6,0
5781.0,13448.0,3671.0,6219.0,4719,4876,7034,7382,20004.0,21100.0,646.0,3221.0,22.6,2
23729.0,36705.0,1762.0,4247.0,9211,9486,12909,13209,34748.0,35763.0,2211.0,5336.0,22.6,2
53665.0,80387.0,4663.0,10086.0,948,287,238,126,35559.0,31734.0,29397.0,27194.0,22.7,0
12187.0,20110.0,834.0,5334.0,6093,6386,6949,7457,16883.0,17923.0,0.0,1300.0,22.7,2
52128.0,72848.0,4054.0,6967.0,80,95,143,232,45121.0,40248.0,16029.0,29940.0,22.7,0
8159.0,24081.0,4471.0,8780.0,3298,3140,3610,3754,9498.0,9840.0,1321.0,1601.0,22.8,2
2998.0,17440.0,866.0,6055.0,11176,32868,14952,43640,13626.0,38802.0,1638.0,3496.0,22.8,1
7092.0,11461.0,1855.0,5225.0,3533,4407,4022,4961,9702.0,11351.0,2028.0,2171.0,22.8,2
20096.0,24207.0,2885.0,6096.0,162,180,65,46,14348.0,13828.0,11093.0,12020.0,22.8,0
13117.0,29504.0,2935.0,5160.0,221,166,150,137,12378.0,12748.0,3473.0,5537.0,22.9,0
123770.0,179390.0,19189.0,29720.0,375,280,251,113,160288.0,137240.0,46985.0,63206.0,22.9,0
85487.0,109165.0,23607.0,32012.0,475,258,238,203,49002.0,43773.0,39420.0,33828.0,23.0,0
863.0,3867.0,796.0,2717.0,1312,1946,2263,3791,5650.0,9132.0,0.0,756.0,23.0,2
41688.0,72312.0,2169.0,2747.0,5103,5378,7990,8417,25315.0,24847.0,3099.0,5070.0,23.0,1
2843.0,9530.0,1259.0,3551.0,2525,3249,2828,3749,7000.0,9379.0,650.0,1034.0,23.1,2
11364.0,21373.0,2979.0,4570.0,4347,4080,5789,5838,17068.0,17564.0,3450.0,4785.0,23.1,2
3022.0,9589.0,425.0,1532.0,104,20,137,115,6179.0,7751.0,2459.0,3263.0,23.1,0
3388.0,8024.0,199.0,2533.0,82,17,159,79,10519.0,8515.0,1837.0,3473.0,23.1,0
1614.0,6417.0,142.0,1423.0,8,0,117,0,2102.0,4112.0,20263.0,59436.0,23.1,-1
495494.0,624732.0,63124.0,95431.0,846,796,188,210,865576.0,712403.0,306407.0,307716.0,23.1,3
2088.0,7970.0,0.0,0.0,118,188,194,92,2350.0,4500.0,1421.0,2124.0,23.1,0
71579.0,115214.0,16247.0,24897.0,542,407,143,140,65264.0,62749.0,40800.0,51280.0,23.2,0
2986.0,8260.0,1625.0,3190.0,3989,4979,4722,5593,11353.0,13418.0,1217.0,2227.0,23.3,2
19292.0,19685.0,4181.0,4339.0,3406,3620,4153,4279,10310.0,8974.0,3628.0,2773.0,23.3,2
145174.0,228654.0,8917.0,14872.0,497,300,572,196,125052.0,114084.0,37488.0,58138.0,23.4,0
15679.0,24000.0,2202.0,3469.0,5878,6170,7476,8008,19517.0,21289.0,2134.0,3462.0,23.4,2
14852.0,24750.0,1308.0,3197.0,3511,3614,4824,4979,14691.0,14689.0,1725.0,3510.0,23.6,2
8799.0,21659.0,2545.0,3697.0,3316,3284,4851,4990,12779.0,12905.0,3001.0,2611.0,23.6,2
13443.0,22572.0,7403.0,12983.0,5851,6131,8793,9270,26244.0,29901.0,5857.0,5577.0,23.6,2
5081.0,11036.0,1484.0,4175.0,3741,4184,5089,5496,14636.0,15361.0,752.0,1275.0,23.6,2
4780.0,10034.0,2564.0,4935.0,3046,3345,4627,5317,11649.0,12057.0,725.0,692.0,23.7,2
3212.0,8182.0,1488.0,4857.0,2948,3247,3781,4192,9738.0,10451.0,632.0,1186.0,23.7,2
66108.0,91314.0,11181.0,18870.0,515,265,150,138,66486.0,63080.0,54452.0,48828.0,23.7,0
11321.0,15903.0,4315.0,6546.0,12546,13495,13464,13962,24407.0,23996.0,1654.0,3332.0,23.8,2
28792.0,47959.0,5110.0,8205.0,269,165,0,0,36360.0,35410.0,17244.0,25496.0,23.8,-1
7064.0,18538.0,884.0,2679.0,2244,2556,3886,4194,9635.0,11172.0,1108.0,1161.0,23.9,2
3303.0,16098.0,1332.0,3732.0,2718,4799,2904,5544,6571.0,11155.0,454.0,2445.0,23.9,2
6019.0,24188.0,451.0,3113.0,2296,4584,2237,5172,4429.0,9974.0,893.0,1586.0,23.9,2
7553.0,12726.0,11020.0,13194.0,11663,12734,11803,12598,21507.0,20732.0,1163.0,1720.0,23.9,1
9558.0,17236.0,2288.0,5996.0,2743,3006,4835,5307,14749.0,15569.0,1792.0,2055.0,23.9,2
3026.0,15667.0,1007.0,3292.0,2075,3825,2664,5020,7259.0,13022.0,489.0,1386.0,24.0,2
36960.0,68886.0,4087.0,5171.0,318,250,330,141,53958.0,54892.0,19650.0,36347.0,24.0,0
1456.0,5481.0,545.0,2390.0,1490,2573,2372,3942,5863.0,9910.0,0.0,893.0,24.1,2
40240.0,52528.0,2991.0,7483.0,330,160,0,16,43757.0,40310.0,30695.0,27990.0,24.1,0
2505.0,13281.0,870.0,3117.0,1265,2073,1675,2894,4275.0,7425.0,512.0,951.0,24.1,2
25748.0,35155.0,2921.0,4540.0,43,174,329,120,33584.0,32667.0,33076.0,30195.0,24.2,0
2936.0,9516.0,705.0,2197.0,4290,5459,5554,7127,15263.0,19345.0,1272.0,1857.0,24.2,2
1449.0,7981.0,168.0,1511.0,474,1908,608,2256,1714.0,6262.0,0.0,238.0,24.2,2
111344.0,180908.0,27351.0,41869.0,0,146,89,129,121495.0,106495.0,47692.0,49654.0,24.2,0
4388.0,9979.0,1556.0,2933.0,3059,3288,3604,3971,9138.0,9849.0,2160.0,2174.0,24.3,2
4118000.0,2604300.0,4834850.0,3714220.0,147844,108266,136552,103544,7313400.0,3221360.0,3420740.0,1329860.0,24.4,1
23122.0,41209.0,6316.0,12692.0,364,248,250,119,24993.0,22960.0,15838.0,16160.0,24.4,0
4689.0,13963.0,954.0,3352.0,2165,2507,3542,4596,8758.0,11761.0,0.0,1994.0,24.5,2
8109.0,12613.0,1361.0,2467.0,1958,2221,2947,3381,7530.0,8719.0,259.0,1001.0,24.5,2
348999.0,199681.0,131551.0,33264.0,2093,370,1981,241,190459.0,157714.0,101226.0,70084.0,24.5,3
27078.0,51010.0,815.0,1495.0,414,255,35,2,36284.0,34173.0,10771.0,20755.0,24.5,0
48780.0,57774.0,18557.0,27541.0,328,153,80,95,36241.0,33144.0,18928.0,25251.0,24.5,0
2401.0,6423.0,743.0,1983.0,858,1341,717,1675,1846.0,3995.0,1836.0,1855.0,24.5,2
2854.0,10288.0,432.0,1757.0,1546,2336,2332,3487,6015.0,8857.0,918.0,1141.0,24.5,2
6445.0,8127.0,1235.0,2591.0,7732,8315,12280,13837,11190.0,12855.0,1757.0,2778.0,24.6,1
66070.0,103916.0,49265.0,78406.0,228,161,0,101,63269.0,60116.0,25555.0,42126.0,24.6,0
5318.0,16301.0,1840.0,4101.0,3158,4330,3216,4977,6857.0,9681.0,1460.0,2226.0,24.6,2
18678.0,38173.0,3518.0,7489.0,312,172,153,70,25506.0,25012.0,13650.0,21444.0,24.6,0
11694.0,22288.0,2361.0,3950.0,5232,5340,7578,7643,19060.0,18442.0,906.0,2827.0,24.6,2
4083.0,15071.0,2200.0,4315.0,2506,3311,2913,3963,6811.0,9231.0,1397.0,2952.0,24.6,2
5953.0,15633.0,2468.0,5516.0,1390,1339,3067,3468,10008.0,11225.0,0.0,550.0,24.6,2
11058.0,13270.0,3045.0,4501.0,8810,8336,9861,9549,24765.0,24194.0,2370.0,3150.0,24.6,2
23353.0,39127.0,6030.0,10421.0,180,99,256,107,28252.0,27400.0,9159.0,18788.0,24.6,0
47863.0,57133.0,16978.0,26663.0,1015,352,0,103,41397.0,41140.0,17130.0,29724.0,24.6,0
173101.0,244922.0,28091.0,43877.0,321,222,147,100,52002.0,49562.0,33462.0,42312.0,24.7,3
100258.0,157408.0,9813.0,15497.0,201,169,570,246,141221.0,117188.0,38792.0,35635.0,24.7,0
71766.0,110032.0,9926.0,16627.0,294,225,440,133,80713.0,72884.0,38751.0,52783.0,24.7,0
27439.0,37019.0,1194.0,2535.0,481,230,332,130,34950.0,32772.0,32057.0,24611.0,24.8,0
9795.0,12600.0,4167.0,5985.0,4816,4553,5992,6003,14895.0,15022.0,550.0,2620.0,24.8,2
2517.0,11703.0,1441.0,5268.0,1772,2981,2127,3790,5403.0,9323.0,456.0,1015.0,24.9,2
3693.0,12188.0,1222.0,3467.0,2056,2519,2818,3643,7761.0,9437.0,1872.0,2279.0,24.9,2
57239.0,80848.0,7400.0,13160.0,509,222,269,191,50650.0,45073.0,41462.0,37129.0,25.0,0
32146.0,53267.0,271.0,1686.0,773,388,16,51,33994.0,32741.0,13813.0,25229.0,25.0,0
8376.0,20121.0,1539.0,5771.0,1226,1114,2951,3013,8876.0,9409.0,2386.0,2973.0,25.0,2
57002.0,84658.0,10340.0,16822.0,34,95,141,138,72052.0,69542.0,53041.0,47197.0,25.0,0
7319.0,15851.0,2265.0,5849.0,5601,6202,7006,7628,13947.0,14231.0,627.0,1377.0,25.1,2
132993.0,192544.0,44184.0,71635.0,349,244,466,190,138394.0,124916.0,61441.0,59459.0,25.1,0
32592.0,51436.0,3867.0,6131.0,168,159,146,88,34347.0,33744.0,19127.0,22934.0,25.3,0
3450.0,7894.0,1472.0,4402.0,3185,4103,4082,5357,11526.0,14360.0,1936.0,3911.0,25.3,2
29250.0,35048.0,6316.0,9892.0,0,42,526,191,26906.0,25755.0,26241.0,22403.0,25.4,0
4247.0,15138.0,626.0,2417.0,2015,2302,2792,3052,7511.0,7945.0,395.0,1285.0,25.4,2
2262.0,9128.0,370.0,1612.0,107,44,266,158,4688.0,5586.0,4652.0,4959.0,25.4,0
681929.0,750038.0,97368.0,139265.0,4190,2968,85566,65663,581794.0,422427.0,362958.0,274323.0,25.4,3
7654.0,14881.0,679.0,1715.0,3218,3443,4352,4194,11679.0,10935.0,2654.0,1977.0,25.5,2
136516.0,211130.0,6136.0,9883.0,183,148,0,26,158509.0,132612.0,66601.0,70366.0,25.6,0
9369.0,23576.0,1548.0,3913.0,3864,4315,5136,5687,12424.0,14190.0,1477.0,2300.0,25.6,2
2351.0,11260.0,320.0,1590.0,161,25,86,70,3590.0,6008.0,588.0,1705.0,25.6,0
893751.0,998865.0,538978.0,701229.0,2331,1577,1259,428,992841.0,751382.0,509869.0,342911.0,25.6,1
6389.0,14662.0,3158.0,5393.0,2890,2792,3677,3637,9069.0,9434.0,1336.0,2895.0,25.7,2
10096.0,29039.0,3144.0,7588.0,65,46,124,74,15673.0,16950.0,4659.0,10734.0,25.7,0
8264.0,12157.0,1611.0,3509.0,2706,2812,3356,3551,8817.0,9471.0,976.0,1191.0,25.8,2
4992.0,19162.0,2092.0,6306.0,832,1991,1078,2701,2975.0,7426.0,1599.0,2601.0,25.8,2
93364.0,127037.0,8737.0,13124.0,379,241,210,103,108004.0,87398.0,48133.0,37953.0,25.8,0
85389.0,136793.0,11835.0,18385.0,321,193,0,69,46843.0,42242.0,34476.0,32706.0,25.9,0
6224.0,13988.0,2751.0,4181.0,3164,3209,4062,4146,11155.0,11030.0,930.0,2199.0,25.9,2
2703.0,8581.0,573.0,2825.0,86,0,203,170,4240.0,7075.0,1480.0,1862.0,26.0,0
495785.0,566845.0,63603.0,83093.0,1549,1324,585,239,1007560.0,811572.0,469337.0,380958.0,26.0,3
76020.0,114426.0,28523.0,43601.0,239,228,203,95,67726.0,64310.0,61873.0,53002.0,26.0,0
14449.0,25999.0,16243.0,30454.0,149,73,321,235,24408.0,25349.0,5374.0,13237.0,26.1,0
5172.0,18437.0,1007.0,3088.0,3319,4360,4360,5791,12978.0,17027.0,1448.0,1954.0,26.1,2
32025.0,49609.0,5774.0,13441.0,171,78,117,108,34932.0,33536.0,26601.0,28889.0,26.1,0
18905.0,31468.0,3340.0,6676.0,151,246,79,73,24803.0,25639.0,19422.0,18952.0,26.1,0
29760.0,54478.0,2346.0,5222.0,526,265,222,141,44275.0,43557.0,23287.0,31787.0,26.2,0
3698.0,11897.0,0.0,1535.0,1115,2237,1224,2677,3747.0,8224.0,449.0,1743.0,26.2,2
11857.0,21243.0,3476.0,5679.0,2208,2088,4217,4382,11250.0,11772.0,2210.0,4545.0,26.2,2
350200.0,483684.0,58845.0,85085.0,358,512,5003,4274,136335.0,120750.0,131650.0,111408.0,26.3,3
32038.0,47995.0,4215.0,7584.0,707,351,182,92,44547.0,41620.0,11789.0,24955.0,26.3,0
10028.0,14649.0,2804.0,6426.0,5631,5723,7877,7879,20357.0,20847.0,2123.0,3623.0,26.3,2
3515.0,13472.0,1584.0,3698.0,3150,4017,4457,5673,10618.0,13516.0,1077.0,1008.0,26.4,2
241889.0,314959.0,102294.0,150637.0,4774,4656,10815,10989,30794.0,28722.0,11143.0,9695.0,26.4,3
467474.0,604052.0,41600.0,59311.0,2364,2024,29795,28034,289221.0,254474.0,205842.0,179716.0,26.4,3
2043.0,13095.0,1459.0,5802.0,1731,5113,2377,6832,6045.0,16496.0,624.0,1344.0,26.5,2
3180.0,10076.0,1223.0,2852.0,2195,3459,2521,4442,5648.0,9462.0,1644.0,2454.0,26.5,2
451451.0,634591.0,76530.0,116938.0,873,403,90,62,234585.0,206608.0,105427.0,94091.0,26.5,3
6307.0,15886.0,3208.0,6784.0,3642,4087,5080,5508,15030.0,16304.0,2630.0,3332.0,26.5,2
50600.0,81084.0,25099.0,36601.0,76,111,200,171,65653.0,60103.0,37369.0,48399.0,26.6,0
3860.0,19374.0,530.0,1984.0,2610,4413,3471,6198,8169.0,13422.0,640.0,1104.0,26.6,2
5373.0,15625.0,1380.0,3104.0,547,1650,610,1678,1689.0,4929.0,53.0,504.0,26.6,2
203539.0,302648.0,18358.0,30756.0,761,383,59,182,228961.0,192866.0,104858.0,85101.0,26.6,0
2178.0,13630.0,1253.0,7250.0,1158,2208,1369,3190,3769.0,9285.0,9.0,713.0,26.7,2
23884.0,34621.0,11457.0,18051.0,336,129,291,206,31542.0,27986.0,13562.0,21408.0,26.7,0
47824.0,69678.0,2942.0,6192.0,246,125,411,221,39381.0,34635.0,38961.0,32399.0,26.7,0
7329.0,17814.0,1023.0,2320.0,4308,3948,6371,6567,14265.0,14714.0,2101.0,2278.0,26.7,2
1083.0,6794.0,497.0,2631.0,726,2062,1060,3002,2426.0,7972.0,732.0,2732.0,26.7,2
32757.0,46758.0,10314.0,20656.0,88,118,0,0,46883.0,42430.0,33077.0,27946.0,26.8,-1
11038.0,19089.0,1436.0,4031.0,6560,7316,9195,9896,23933.0,24868.0,2265.0,2473.0,26.9,2
3551.0,11097.0,2270.0,5790.0,2778,4677,4350,6329,10437.0,14861.0,1014.0,3923.0,26.9,2
4559.0,9442.0,2286.0,5064.0,3774,4407,4978,5548,11804.0,13600.0,1973.0,2189.0,26.9,2
11566.0,26150.0,3311.0,7489.0,231,121,269,139,26073.0,26195.0,10123.0,18572.0,26.9,0
1940.0,5942.0,0.0,795.0,34,35,178,108,2170.0,5381.0,20473.0,43947.0,27.0,0
38322.0,59854.0,5669.0,8785.0,236,144,250,132,54300.0,53175.0,26812.0,44351.0,27.0,0
3038.0,12139.0,959.0,2592.0,1763,2216,2977,3756,6861.0,8377.0,311.0,424.0,27.0,2
28188.0,43875.0,3506.0,6110.0,417,291,302,141,30427.0,31890.0,24152.0,21137.0,27.1,0
1794.0,5742.0,1507.0,3936.0,3122,3998,3870,4479,9788.0,10909.0,1459.0,1821.0,27.1,2
4538.0,19182.0,2157.0,5427.0,1534,2834,2247,4188,5727.0,11694.0,1199.0,2328.0,27.1,2
4223.0,5751.0,1905.0,3287.0,565,355,74,33,10004.0,5747.0,3373.0,2574.0,27.1,0
678595.0,863197.0,653471.0,784542.0,1597,1283,301,279,501818.0,414416.0,236794.0,200661.0,27.1,1
32631.0,55976.0,11832.0,18670.0,604,275,67,100,40412.0,38794.0,14290.0,28191.0,27.2,0
5033.0,21394.0,1134.0,3780.0,2960,3708,3762,4435,9234.0,10933.0,725.0,1756.0,27.2,2
286200.0,375930.0,23763.0,32138.0,1347,845,5353,4664,171986.0,147451.0,165751.0,139609.0,27.2,3
311751.0,378319.0,492671.0,708004.0,767,550,0,0,272318.0,241654.0,92590.0,116575.0,27.2,-1
15861.0,32365.0,8699.0,13860.0,0,27,64,109,19495.0,18548.0,6722.0,12412.0,27.5,0
10470.0,14970.0,932.0,2936.0,3384,3309,4782,4716,13635.0,13572.0,2347.0,3416.0,27.6,2
8350.0,14354.0,2315.0,4677.0,3394,3588,4606,4768,14161.0,15381.0,1377.0,3878.0,27.6,2
3379.0,15750.0,427.0,3778.0,734,1777,1103,2909,2639.0,6849.0,895.0,2241.0,27.6,2
25616.0,50121.0,3896.0,5650.0,357,171,13,55,24765.0,24352.0,24483.0,23501.0,27.7,0
44699.0,86419.0,7121.0,13421.0,351,199,169,175,50761.0,48022.0,27167.0,36806.0,27.8,0
27998.0,47757.0,3855.0,5673.0,5293,4861,7911,7791,20782.0,21490.0,5247.0,7681.0,27.8,2
57673.0,83672.0,13718.0,21852.0,541,354,155,118,51845.0,48557.0,35490.0,41067.0,27.8,0
2186.0,8176.0,0.0,1353.0,568,1179,831,2001,1772.0,4256.0,2187.0,2226.0,27.8,2
4974.0,16736.0,1719.0,3962.0,4991,5628,6563,8198,18301.0,21814.0,988.0,2784.0,27.9,2
8350.0,12456.0,1529.0,4677.0,502,1657,800,2111,2232.0,5384.0,39.0,196.0,27.9,2
344890.0,432777.0,60556.0,85881.0,780,534,5774,5274,191375.0,164898.0,151910.0,150537.0,27.9,3
4607.0,12625.0,37.0,681.0,11850,13614,11882,13492,23347.0,27706.0,1549.0,2184.0,27.9,2
7963.0,11365.0,1112.0,2265.0,2269,2255,3295,3530,9462.0,9559.0,823.0,1948.0,27.9,2
7721.0,17035.0,2780.0,4896.0,4858,5271,6396,6913,16559.0,17505.0,0.0,1796.0,27.9,2
4183.0,8830.0,3091.0,5782.0,1447,1527,3591,3734,12173.0,12708.0,104.0,2961.0,27.9,2
373579.0,534632.0,31284.0,49413.0,373,509,4104,4225,114551.0,104762.0,109379.0,94338.0,28.1,3
27506.0,30112.0,7894.0,11027.0,462,215,177,132,27102.0,28232.0,5871.0,14848.0,28.1,0
2901.0,13886.0,1086.0,2659.0,2500,3340,3311,4706,8835.0,11107.0,767.0,1075.0,28.1,2
1080.0,4215.0,542.0,2523.0,3300,4656,3692,5311,7901.0,11229.0,1.0,451.0,28.1,2
9837.0,13742.0,5235.0,4371.0,4640,4894,4903,5075,12257.0,12902.0,576.0,1659.0,28.1,2
13804.0,14704.0,6517.0,7579.0,2213,2013,3455,3361,10138.0,10254.0,3603.0,2318.0,28.3,2
505.0,3104.0,619.0,2814.0,1118,3006,1407,4284,3392.0,11127.0,313.0,1227.0,28.3,2
4275.0,12654.0,557.0,1714.0,2187,3794,3553,5904,9023.0,15670.0,387.0,410.0,28.3,2
24092.0,32447.0,1077.0,2058.0,354,203,392,192,22800.0,21404.0,14036.0,14728.0,28.4,0
48822.0,71252.0,8375.0,15151.0,32,107,239,144,55097.0,53575.0,21587.0,40381.0,28.4,0
6396.0,11943.0,2082.0,4042.0,3147,3177,4087,4240,10251.0,9002.0,1900.0,1721.0,28.4,2
28325.0,53281.0,4078.0,6549.0,294,201,395,186,26419.0,24668.0,12305.0,17867.0,28.5,0
248104.0,340455.0,48561.0,75623.0,191,372,313,209,151244.0,135427.0,126633.0,117111.0,28.5,3
27803.0,37795.0,8314.0,13199.0,414,176,70,90,29276.0,26090.0,11140.0,22635.0,28.5,0
2120.0,9522.0,1156.0,3427.0,1860,2920,1950,3381,4223.0,6887.0,307.0,1480.0,28.5,2
1504.0,3486.0,822.0,2142.0,759,1925,886,2716,1841.0,5691.0,408.0,463.0,28.5,2
165220.0,231817.0,34437.0,49076.0,336,245,219,194,139871.0,121317.0,81700.0,65643.0,28.6,0
40275.0,57526.0,7006.0,13185.0,336,245,127,109,46296.0,44563.0,18124.0,33245.0,28.6,0
34847.0,48233.0,13533.0,20507.0,0,85,0,47,37934.0,35579.0,22486.0,20373.0,28.6,0
4965.0,12974.0,2597.0,5899.0,7107,8048,9023,9717,22142.0,23002.0,1371.0,1640.0,28.6,2
45572.0,76123.0,15351.0,26818.0,112,124,197,146,48561.0,42721.0,47103.0,32109.0,28.7,0
20646.0,39804.0,7324.0,11362.0,472,311,340,169,28222.0,27775.0,19749.0,22790.0,28.7,0
5389.0,10937.0,2145.0,4354.0,2690,2762,3023,3173,9303.0,9576.0,881.0,1658.0,28.8,2
6269.0,19975.0,933.0,2108.0,4972,5563,5304,5794,11405.0,11714.0,408.0,1882.0,28.8,2
6511.0,18022.0,82.0,691.0,3176,3694,4131,4709,10146.0,11367.0,1086.0,1654.0,28.8,2
69411.0,116010.0,8802.0,12944.0,276,115,231,164,39805.0,35861.0,29376.0,30224.0,28.9,0
6343.0,24956.0,2250.0,5684.0,2377,2668,2939,3326,7430.0,7922.0,0.0,1628.0,28.9,2
42564.0,53435.0,1374.0,4670.0,414,203,280,133,39511.0,36802.0,29357.0,22808.0,29.0,0
126460.0,202839.0,2059.0,4267.0,487,214,319,99,155543.0,135171.0,89414.0,81100.0,29.0,0
5610.0,8146.0,1120.0,2898.0,6189,5579,6832,6647,13401.0,12409.0,1413.0,1521.0,29.1,2
12237.0,9835.0,3585.0,4406.0,3289,3031,3168,3588,9233.0,7823.0,1952.0,1514.0,29.2,2
12342.0,20697.0,1682.0,4595.0,0,110,225,135,15892.0,15707.0,3271.0,8302.0,29.4,0
16875.0,24708.0,2937.0,5931.0,5096,4873,7232,7217,22167.0,21418.0,2143.0,3304.0,29.4,2
4812.0,18913.0,559.0,1564.0,11234,13213,12725,14166,22587.0,25166.0,1020.0,1614.0,29.5,2
4466.0,12312.0,1184.0,2848.0,4212,4336,5733,5746,14464.0,14774.0,852.0,1858.0,29.5,2
1338.0,7046.0,240.0,1505.0,186,102,117,33,3271.0,6001.0,1413.0,2904.0,29.7,0
1667.0,4300.0,286.0,2702.0,183,62,166,65,17671.0,17105.0,2289.0,2744.0,29.7,0
951619.0,903907.0,111773.0,125601.0,4722,3454,864,369,2165880.0,1295310.0,964833.0,592956.0,29.7,1
1273.0,3835.0,0.0,1619.0,101,179,220,116,2210.0,4857.0,17107.0,29643.0,29.7,0
23531.0,41181.0,4018.0,5324.0,0,69,342,126,35602.0,33895.0,9384.0,22141.0,29.7,0
16606.0,23817.0,3091.0,4841.0,142,95,39,38,21625.0,22281.0,5757.0,11935.0,29.7,0
45509.0,65964.0,4892.0,7687.0,107,124,181,92,41177.0,41430.0,44793.0,33659.0,29.7,0
28540.0,44875.0,11157.0,18794.0,101,160,399,201,36534.0,36094.0,6623.0,17379.0,29.8,0
3855.0,10284.0,2902.0,6874.0,3138,3728,4038,4773,10911.0,13578.0,1401.0,1726.0,29.8,2
26119.0,48407.0,6179.0,8483.0,221,149,263,162,19347.0,17779.0,6862.0,9445.0,29.9,0
7936.0,12222.0,2811.0,3079.0,4260,3972,5601,5268,13998.0,13832.0,1521.0,3171.0,29.9,2
6726.0,11077.0,3026.0,4677.0,3932,4278,4450,4649,12393.0,12178.0,2639.0,2086.0,30.0,2
874.0,2754.0,2530.0,7541.0,165,65,174,89,7604.0,8852.0,842.0,1974.0,30.1,0
3148.0,5868.0,3419.0,7437.0,152,99,319,140,5957.0,5253.0,1359.0,1673.0,30.1,0
1189860.0,1229870.0,1422980.0,1537330.0,2133,1211,564,230,590894.0,482788.0,266827.0,223110.0,30.1,1
13124.0,17538.0,1723.0,4356.0,5615,6332,6885,6977,15181.0,14584.0,3149.0,2128.0,30.1,2
6269.0,6769.0,2664.0,3891.0,2422,2191,2795,2717,7493.0,6797.0,2166.0,1438.0,30.2,2
8259.0,16162.0,2305.0,4621.0,3412,3943,5408,5838,13975.0,14302.0,1722.0,1714.0,30.3,2
6108.0,19660.0,1519.0,3540.0,4044,4495,5901,6316,12639.0,14201.0,743.0,1176.0,30.3,2
26879.0,47719.0,10196.0,16698.0,3647,3688,8055,8032,22032.0,22116.0,7253.0,6466.0,30.4,3
1449.0,4999.0,1512.0,5631.0,1215,3096,1415,3476,3371.0,7897.0,142.0,247.0,30.4,2
31862.0,56267.0,9877.0,15933.0,134,116,68,137,42653.0,41620.0,15424.0,27206.0,30.4,0
22758.0,38323.0,3206.0,7163.0,0,49,14,87,24120.0,23052.0,25812.0,24263.0,30.6,0
1491.0,7790.0,1706.0,5823.0,1573,2557,1969,3192,7659.0,12661.0,912.0,1508.0,30.6,2
18667.0,32601.0,6900.0,11276.0,387,333,257,159,26141.0,25331.0,8671.0,16029.0,30.6,0
13207.0,27725.0,2192.0,4678.0,6096,6550,7309,7727,21116.0,21759.0,0.0,3750.0,30.6,2
8726.0,19238.0,1215.0,2658.0,4396,4715,6743,7229,17961.0,17879.0,2139.0,4002.0,30.7,2
63753.0,76310.0,8653.0,13390.0,0,52,0,95,57226.0,54616.0,56616.0,40484.0,30.7,0
5063.0,15929.0,2068.0,4304.0,2177,2881,2821,3939,7221.0,10268.0,1999.0,3032.0,30.7,2
473.0,2583.0,872.0,2978.0,1754,3971,1878,4825,4647.0,11593.0,269.0,572.0,30.7,2
3289.0,9128.0,631.0,1756.0,2304,4203,2597,5254,5221.0,12272.0,0.0,100.0,30.7,2
6001.0,10578.0,1754.0,3324.0,2775,3201,3583,4115,9405.0,10372.0,1283.0,1849.0,30.8,2
17698.0,28986.0,10093.0,15243.0,303,128,199,129,32161.0,31697.0,17758.0,22820.0,30.8,0
9684.0,24756.0,9643.0,16579.0,5,0,122,11,21149.0,21373.0,6179.0,13005.0,30.8,0
38404.0,63104.0,5698.0,9734.0,0,131,49,109,36130.0,32558.0,29131.0,27175.0,31.0,0
3485.0,10418.0,2317.0,6594.0,7282,10325,9105,12281,20374.0,27315.0,2097.0,3952.0,31.0,2
7010.0,18897.0,1615.0,4468.0,3741,4653,5499,6507,14543.0,17144.0,255.0,2217.0,31.1,2
25460.0,44071.0,4184.0,6421.0,424,269,90,50,42348.0,39782.0,27764.0,36101.0,31.1,0
45498.0,75787.0,12728.0,19514.0,460,289,279,124,57970.0,52397.0,41868.0,40868.0,31.1,0
38261.0,52798.0,7437.0,12303.0,457,261,197,92,47456.0,45721.0,38417.0,38883.0,31.2,0
44044.0,66930.0,13373.0,20799.0,74,101,181,85,50505.0,48859.0,19562.0,34420.0,31.3,0
6792.0,18742.0,379.0,2462.0,6125,7397,6876,7909,12725.0,14708.0,802.0,1909.0,31.4,2
10369.0,22106.0,7360.0,11980.0,106,99,0,0,22455.0,19891.0,13332.0,12608.0,31.4,-1
113605.0,175516.0,11574.0,19331.0,889,463,159,210,65227.0,61167.0,39764.0,43700.0,31.4,0
24703.0,43790.0,10024.0,16390.0,385,315,257,149,23704.0,22679.0,20923.0,18281.0,31.5,0
3277.0,8747.0,1871.0,3409.0,3541,3729,4631,5100,12620.0,13249.0,682.0,1694.0,31.5,2
22963.0,39493.0,5494.0,7956.0,157,109,29,68,35530.0,34304.0,18145.0,24030.0,31.6,0
284494.0,422995.0,8206.0,12223.0,644,500,3176,2922,118849.0,110499.0,88739.0,88122.0,31.6,3
12017.0,23447.0,3716.0,6972.0,3733,3666,4990,5061,13920.0,14582.0,1001.0,2337.0,31.7,2
2377.0,8515.0,432.0,1901.0,151,51,55,0,4568.0,5512.0,477.0,926.0,31.8,-1
1445.0,4705.0,0.0,0.0,151,20,0,0,2763.0,4046.0,24611.0,47759.0,31.8,-1
429473.0,549751.0,36998.0,52880.0,1042,825,0,54,681545.0,547765.0,239956.0,222021.0,31.8,3
42944.0,57304.0,7003.0,11103.0,496,208,64,154,37454.0,34341.0,31638.0,26283.0,31.8,0
8328.0,17400.0,3554.0,5747.0,6983,8757,8830,10841,20372.0,23569.0,1690.0,4590.0,31.9,2
90903.0,145257.0,9029.0,14874.0,629,312,187,96,101377.0,89603.0,28704.0,31565.0,31.9,0
7336.0,13662.0,1625.0,4305.0,16351,17483,25859,27463,28284.0,30380.0,3583.0,6296.0,32.0,1
4245.0,17403.0,1951.0,5143.0,1881,2760,2285,3583,6018.0,9859.0,1118.0,1662.0,32.0,2
1691.0,5757.0,535.0,3090.0,650,1814,1017,2757,2436.0,7801.0,168.0,421.0,32.0,2
5222.0,10213.0,1546.0,3827.0,7418,8518,9077,9796,19212.0,20573.0,640.0,2020.0,32.0,2
3216.0,16453.0,1136.0,3366.0,2247,3230,2909,4315,6675.0,10015.0,142.0,1335.0,32.1,2
48038.0,61012.0,11586.0,18302.0,308,134,0,68,40310.0,37943.0,26904.0,32094.0,32.1,0
1655.0,9770.0,178.0,1103.0,216,158,137,16,1383.0,4721.0,19482.0,49008.0,32.1,0
46653.0,78687.0,6464.0,12653.0,560,571,179,95,73752.0,69864.0,34154.0,52199.0,32.1,0
63256.0,88390.0,13979.0,22835.0,134,107,0,55,54516.0,50304.0,32693.0,36642.0,32.1,0
1933.0,12026.0,132.0,780.0,1459,2811,1930,3711,5764.0,11541.0,0.0,33.0,32.2,2
16368.0,35709.0,8799.0,15749.0,366,143,158,107,21412.0,22297.0,10806.0,12726.0,32.2,0
181568.0,283315.0,12453.0,20186.0,632,183,179,145,92349.0,79096.0,39009.0,42980.0,32.2,3
39630.0,76498.0,1531.0,3311.0,204,148,35,74,52338.0,50058.0,21688.0,36943.0,32.2,0
26499.0,47427.0,11203.0,16918.0,336,248,64,51,30999.0,31115.0,7099.0,16621.0,32.2,0
230436.0,305269.0,80765.0,117265.0,735,489,320,164,176645.0,156072.0,82500.0,76930.0,32.2,3
7326.0,23165.0,652.0,2400.0,6105,7439,7985,9344,18202.0,20821.0,636.0,1670.0,32.2,2
7045.0,17209.0,14013.0,21386.0,2047,2138,2859,3121,7216.0,8391.0,0.0,659.0,32.3,2
7844.0,19999.0,2392.0,6345.0,8375,9621,9163,10735,24004.0,26252.0,3283.0,3899.0,32.3,2
8349.0,12984.0,1937.0,3143.0,3373,3488,4890,4886,11063.0,11116.0,782.0,1610.0,32.4,2
28596.0,44453.0,8544.0,11556.0,207,136,11,26,29859.0,27971.0,20518.0,23991.0,32.5,0
10678.0,11111.0,2143.0,5026.0,5455,6077,5364,5394,10013.0,10349.0,0.0,402.0,32.5,2
2535.0,11864.0,161.0,780.0,189,92,90,0,3618.0,4876.0,1018.0,1380.0,32.5,-1
699.0,3246.0,0.0,0.0,101,0,99,0,3114.0,5139.0,573.0,838.0,32.5,-1
376389.0,495726.0,25701.0,37126.0,1583,894,166,177,426618.0,344604.0,178884.0,161740.0,32.5,3
3826.0,8004.0,3999.0,7236.0,2760,3243,3572,4153,9408.0,10257.0,2607.0,2164.0,32.5,2
519.0,2885.0,552.0,3361.0,312,1234,703,1938,1439.0,4848.0,302.0,537.0,32.5,2
24298.0,36096.0,19223.0,31535.0,1432,1220,3103,2979,7805.0,7608.0,2315.0,3217.0,32.5,3
577.0,2673.0,1356.0,4684.0,1075,3018,1785,4433,4969.0,11831.0,475.0,1872.0,32.5,2
5081.0,9914.0,1517.0,4388.0,3261,3519,4009,4486,9391.0,9975.0,136.0,710.0,32.6,2
9133.0,11960.0,1646.0,4589.0,4526,4649,6267,6356,15802.0,15067.0,1135.0,2178.0,32.6,2
32226.0,56006.0,5803.0,7667.0,279,145,76,127,42545.0,39669.0,30041.0,28895.0,32.7,0
30827.0,59424.0,3385.0,6537.0,79,51,8,16,38594.0,36114.0,16657.0,30151.0,32.7,0
16547.0,30513.0,11804.0,19907.0,441,196,29,34,33415.0,33779.0,21596.0,25477.0,32.7,0
32066.0,51836.0,4045.0,9300.0,239,91,259,152,38542.0,36214.0,36814.0,27929.0,32.7,0
265747.0,389842.0,8131.0,13576.0,665,460,131,99,279088.0,242464.0,101704.0,118588.0,32.8,3
14252.0,26103.0,4905.0,9346.0,300,121,199,137,18258.0,17162.0,6667.0,12758.0,32.8,0
3817.0,22132.0,156.0,1264.0,3216,5685,4072,7386,8869.0,15831.0,623.0,1614.0,32.8,2
2272.0,13398.0,156.0,655.0,1102,3416,1201,4322,2418.0,9299.0,571.0,1591.0,32.8,2
23790.0,42519.0,2840.0,6508.0,40,363,462,238,25476.0,23464.0,14890.0,22104.0,32.9,0
18255.0,35620.0,10292.0,15387.0,328,252,0,3,19168.0,19689.0,4945.0,9068.0,32.9,0
29147.0,46905.0,1436.0,3233.0,303,123,266,156,33223.0,32255.0,26726.0,25746.0,33.0,0
10487.0,11130.0,2207.0,5158.0,3093,3170,3528,4180,10550.0,10698.0,1354.0,3355.0,33.0,2
19500.0,26351.0,4505.0,6943.0,7971,7946,11471,11678,29030.0,28308.0,7307.0,7208.0,33.0,2
9120.0,18562.0,988.0,2647.0,7532,8186,8764,9406,24259.0,24752.0,2101.0,3308.0,33.1,2
5091.0,18785.0,2684.0,7715.0,2645,3251,4344,5065,10653.0,11826.0,0.0,577.0,33.1,2
5663.0,13829.0,1433.0,3157.0,4774,4867,6463,6850,16122.0,17086.0,0.0,2807.0,33.2,2
25224.0,35809.0,8781.0,15519.0,210,280,131,76,27595.0,26573.0,23682.0,21023.0,33.2,0
11044.0,17033.0,908.0,2961.0,6178,6225,8806,8971,23296.0,23704.0,2005.0,4199.0,33.2,2
7268.0,17164.0,4485.0,5881.0,4414,4302,5808,5752,15400.0,14562.0,1986.0,3834.0,33.2,2
14867.0,24411.0,2154.0,3859.0,5129,5195,6459,6729,17138.0,16492.0,2842.0,3414.0,33.3,2
5217.0,13122.0,1599.0,3492.0,4771,5213,6173,6825,13785.0,14280.0,1693.0,2505.0,33.3,2
15877.0,13292.0,3005.0,4213.0,4113,4083,5197,5511,15537.0,14980.0,3946.0,4082.0,33.3,2
5095.0,17658.0,2990.0,7945.0,272,261,333,264,10723.0,12931.0,263.0,3769.0,33.3,0
8246.0,16072.0,1500.0,2676.0,5290,5450,6487,6480,18526.0,19136.0,2555.0,4007.0,33.4,2
28625.0,56311.0,9468.0,15596.0,490,420,73,23,37783.0,36000.0,16522.0,28535.0,33.5,0
8127.0,15025.0,3651.0,6430.0,5357,5382,6105,6233,18332.0,18043.0,2821.0,2380.0,33.5,2
2301.0,4693.0,15.0,1136.0,38,56,156,47,20594.0,16764.0,11924.0,8874.0,33.6,0
1529.0,9145.0,0.0,0.0,139,27,168,56,6600.0,12733.0,2219.0,3837.0,33.6,0
1297.0,7616.0,631.0,3194.0,154,23,119,0,3972.0,9574.0,162852.0,329849.0,33.6,-1
803993.0,871418.0,287385.0,414365.0,3976,2951,686,332,1188350.0,900145.0,1033620.0,841810.0,33.6,1
6185.0,11760.0,1798.0,4008.0,7297,7942,8465,8992,20480.0,21559.0,1699.0,2152.0,33.6,2
6131.0,15333.0,568.0,1924.0,5492,5560,7433,7736,16786.0,17680.0,1331.0,3348.0,33.6,2
10359.0,23847.0,1560.0,3712.0,3698,4175,5054,5402,12970.0,13602.0,1968.0,2634.0,33.7,2
11787.0,18634.0,1936.0,3146.0,1540,1753,3750,3728,9526.0,9289.0,816.0,2830.0,33.7,2
68034.0,103034.0,12778.0,21140.0,0,152,0,0,84989.0,84142.0,75398.0,59226.0,33.8,-1
126187.0,190354.0,37130.0,58167.0,192,133,36,79,168922.0,145884.0,87059.0,63974.0,33.8,0
22649.0,33496.0,4337.0,8273.0,194,269,330,106,33779.0,32004.0,15439.0,29517.0,33.8,0
2454.0,5973.0,308.0,1668.0,3789,4142,4208,4480,12291.0,13049.0,235.0,1710.0,33.8,2
11626.0,21603.0,2959.0,6520.0,5145,5378,7469,8000,19908.0,20233.0,2611.0,4440.0,33.9,2
2846.0,9830.0,1191.0,4168.0,1937,2892,1991,3296,5869.0,8934.0,203.0,827.0,33.9,2
11591.0,18923.0,2367.0,4979.0,6045,6016,8462,8805,21599.0,20909.0,5220.0,3271.0,33.9,2
20642.0,30880.0,12484.0,19341.0,231,193,332,177,27317.0,26023.0,14745.0,19687.0,33.9,0
3027.0,11628.0,1242.0,3700.0,1492,2133,2639,3714,6679.0,8941.0,54.0,606.0,33.9,2
35497.0,59152.0,15960.0,28297.0,179,132,302,188,38162.0,37074.0,23167.0,29755.0,34.0,0
18280.0,35584.0,6265.0,11133.0,32,94,11,0,19906.0,18433.0,8224.0,14314.0,34.0,-1
119263.0,158589.0,18452.0,25439.0,0,79,804,315,227229.0,189614.0,84380.0,84330.0,34.0,0
48265.0,77121.0,4317.0,6347.0,130,136,0,52,53400.0,50866.0,13492.0,33773.0,34.0,0
7038.0,11034.0,1203.0,4531.0,2255,2045,2471,2312,6697.0,6545.0,1120.0,1091.0,34.1,2
3400.0,9610.0,1205.0,2560.0,2912,3481,3500,4165,7683.0,8895.0,530.0,662.0,34.1,2
119750.0,188002.0,21807.0,30384.0,637,466,0,0,69009.0,64296.0,43259.0,54946.0,34.2,-1
43285.0,60995.0,6929.0,12774.0,702,275,0,73,53155.0,48643.0,34627.0,32966.0,34.2,0
2261.0,7903.0,0.0,871.0,65,40,184,92,2930.0,4347.0,129.0,562.0,34.2,0
4477.0,11615.0,255.0,1267.0,171,122,187,79,4564.0,5349.0,1812.0,2311.0,34.2,0
491752.0,654153.0,51259.0,67118.0,626,465,699,260,552664.0,411199.0,269088.0,183768.0,34.2,3
13057.0,24536.0,2928.0,6031.0,6962,7562,9040,9874,23676.0,25093.0,1588.0,2331.0,34.2,2
13017.0,32164.0,4078.0,8619.0,198,188,269,137,27817.0,29135.0,11236.0,19716.0,34.3,0
37405.0,60015.0,6373.0,10148.0,297,204,48,35,49274.0,48534.0,19784.0,32871.0,34.4,0
9166.0,23489.0,2854.0,6147.0,2281,2376,3750,4139,13018.0,13220.0,2807.0,4400.0,34.5,2
208633.0,306569.0,47045.0,74631.0,221,199,58,117,201782.0,175300.0,97994.0,86719.0,34.6,3
37883.0,50402.0,7146.0,10288.0,474,197,163,105,35324.0,31537.0,27042.0,29578.0,34.6,0
2267.0,14075.0,489.0,2618.0,1024,1931,1230,2576,3330.0,6739.0,342.0,544.0,34.7,2
53213.0,67718.0,6418.0,6658.0,447,218,465,152,46757.0,42884.0,46784.0,30682.0,34.8,0
7530.0,14881.0,1265.0,2690.0,2748,3043,4198,4802,12810.0,12855.0,3755.0,3585.0,35.0,2
41479.0,71829.0,11034.0,17586.0,376,427,11,37,44556.0,41716.0,24930.0,29866.0,35.0,0
12183.0,25489.0,7904.0,15059.0,258,172,130,65,19055.0,22113.0,5602.0,12838.0,35.1,0
1746.0,11724.0,959.0,5378.0,192,172,121,0,1998.0,6980.0,568.0,1097.0,35.1,-1
7386.0,18625.0,5080.0,8599.0,3044,3572,4230,4989,11076.0,12240.0,954.0,1260.0,35.1,2
8694.0,20716.0,514.0,3611.0,4300,4903,5876,6184,17481.0,18196.0,1220.0,1603.0,35.2,2
23198.0,30660.0,10086.0,13242.0,203,196,292,118,34750.0,33563.0,18192.0,26429.0,35.2,0
5433.0,15392.0,636.0,2665.0,1468,1717,2218,2380,7354.0,7755.0,1356.0,1871.0,35.2,2
8220.0,15104.0,600.0,2827.0,2589,2826,3851,4062,10096.0,10795.0,694.0,1131.0,35.3,2
32610.0,42856.0,5491.0,8696.0,47,106,264,145,36386.0,33595.0,32483.0,25455.0,35.3,0
30139.0,17439.0,0.0,251.0,4201,3772,5175,5067,13732.0,12711.0,3180.0,2394.0,35.3,2
7700.0,16763.0,865.0,2264.0,4139,4670,5667,6425,14201.0,16010.0,1240.0,1570.0,35.4,2
51258.0,77357.0,25022.0,40535.0,518,308,447,211,53681.0,48597.0,28202.0,36245.0,35.5,0
11593.0,19960.0,4009.0,7808.0,3573,3532,4513,4446,13186.0,12189.0,2625.0,3155.0,35.5,2
57784.0,95772.0,6639.0,8960.0,659,276,89,30,42519.0,41771.0,26004.0,30828.0,35.5,0
23248.0,37523.0,1613.0,3365.0,227,110,130,103,38679.0,37736.0,9813.0,20078.0,35.5,0
5928.0,17170.0,753.0,2445.0,5278,5906,6487,7275,16645.0,17936.0,1495.0,1439.0,35.6,2
30684.0,49813.0,4651.0,7759.0,26,164,289,160,35099.0,32096.0,22665.0,29478.0,35.7,0
36695.0,53287.0,16599.0,26070.0,296,193,400,142,40598.0,37234.0,30920.0,31963.0,35.8,0
2688.0,5067.0,902.0,3554.0,2539,3217,2692,3207,6926.0,8275.0,688.0,1208.0,35.8,2
28601.0,46359.0,6703.0,11977.0,372,157,0,116,33186.0,30941.0,6946.0,16985.0,35.9,0
4043.0,8730.0,394.0,1859.0,0,0,128,79,11057.0,10371.0,1042.0,1705.0,35.9,0
2253.0,8173.0,0.0,457.0,38,0,172,119,4330.0,6789.0,1289.0,1775.0,35.9,0
3264.0,8951.0,664.0,3086.0,22,0,210,175,7184.0,13398.0,89686.0,123641.0,35.9,0
431427.0,527389.0,42016.0,60529.0,743,1105,523,204,950862.0,789475.0,336753.0,325294.0,35.9,3
3577.0,13807.0,375.0,1970.0,146,34,114,52,2191.0,5527.0,1153.0,1428.0,35.9,0
1697.0,4850.0,710.0,2369.0,2062,2897,2814,3907,7567.0,9681.0,468.0,1206.0,36.0,2
1856.0,10319.0,506.0,1912.0,581,1939,809,2675,1529.0,4993.0,576.0,970.0,36.0,2
35883.0,56712.0,6943.0,11362.0,8,72,67,162,37746.0,36416.0,30365.0,28275.0,36.0,0
2922.0,8877.0,916.0,3020.0,1097,1242,1630,1892,4747.0,6018.0,405.0,1110.0,36.1,2
13684.0,28157.0,2157.0,4232.0,4230,4535,5512,5729,13055.0,13180.0,3639.0,2614.0,36.1,2
27766.0,53867.0,4245.0,8864.0,116,87,225,80,34590.0,35195.0,9395.0,16054.0,36.1,0
102111.0,157181.0,11344.0,17350.0,279,407,446,222,117243.0,102058.0,93795.0,82000.0,36.1,0
11988.0,19681.0,3628.0,8063.0,4936,5407,6111,6602,16364.0,17668.0,1936.0,3788.0,36.1,2
50859.0,72621.0,7983.0,14225.0,320,152,556,250,54753.0,49218.0,53257.0,48785.0,36.3,0
5315.0,16193.0,1563.0,3016.0,4089,3831,4935,5100,12174.0,13328.0,1803.0,3185.0,36.3,2
9008.0,18653.0,3706.0,7652.0,10709,11845,13196,14662,33136.0,33958.0,4258.0,4974.0,36.3,2
2616.0,7513.0,1584.0,4638.0,3916,4606,5380,6490,12674.0,14392.0,68.0,1078.0,36.3,2
3245.0,7989.0,1946.0,5658.0,3778,4714,4423,5074,11001.0,13014.0,498.0,1787.0,36.3,2
45022.0,67153.0,3393.0,5496.0,529,299,484,218,50447.0,45928.0,34391.0,37035.0,36.3,0
39004.0,62363.0,4186.0,7642.0,284,265,134,80,54905.0,50046.0,19462.0,37922.0,36.4,0
2789.0,7582.0,1316.0,3093.0,2464,2739,3983,4506,10834.0,12180.0,439.0,674.0,36.4,2
1723.0,8041.0,793.0,2824.0,122,33,178,158,9615.0,13919.0,377.0,933.0,36.4,0
5592.0,15733.0,0.0,2685.0,206,65,282,139,1836.0,5270.0,386.0,719.0,36.4,0
45456.0,65374.0,15884.0,25808.0,266,148,425,166,56263.0,50274.0,54551.0,38335.0,36.4,0
32702.0,45963.0,4921.0,5703.0,0,104,147,120,29495.0,26013.0,16320.0,22932.0,36.5,0
2878.0,5696.0,2696.0,6887.0,1595,3637,1861,4533,3682.0,9054.0,237.0,249.0,36.5,2
34407.0,52768.0,4626.0,7361.0,107,126,171,109,34981.0,34089.0,12066.0,25435.0,36.5,0
23522.0,45836.0,1217.0,2840.0,9030,9061,11850,11896,27835.0,27737.0,1844.0,3961.0,36.5,2
3986.0,8610.0,1618.0,4818.0,2111,2259,3236,3580,8758.0,9162.0,1389.0,1986.0,36.7,2
9680.0,13981.0,4171.0,7828.0,5440,5341,6952,7351,17533.0,18502.0,813.0,1968.0,36.7,2
5502.0,13027.0,861.0,2646.0,4553,5008,5916,6615,15080.0,16261.0,2535.0,2845.0,36.7,2
16224.0,34302.0,5712.0,11414.0,348,219,212,95,27275.0,26018.0,8998.0,19354.0,36.7,0
3176.0,15682.0,1489.0,4574.0,2589,3861,3834,6043,10597.0,16352.0,0.0,53.0,36.8,2
1011.0,5247.0,454.0,1406.0,11811,17345,15750,23372,14470.0,19237.0,699.0,1499.0,36.8,1
5705.0,15075.0,2027.0,4358.0,5395,6499,7158,7838,18313.0,18510.0,2841.0,3518.0,36.9,2
7290.0,16031.0,1031.0,3613.0,3563,3831,4899,5565,11365.0,13098.0,456.0,1073.0,36.9,2
8648.0,15265.0,384.0,1241.0,3389,3193,3523,3675,8579.0,9466.0,0.0,1483.0,36.9,2
52363.0,66213.0,21583.0,28302.0,0,115,0,0,51623.0,50602.0,35238.0,37545.0,37.0,-1
114580.0,162689.0,12158.0,19399.0,0,43,140,147,171024.0,147133.0,78421.0,71763.0,37.0,0
6787.0,14299.0,2633.0,5387.0,3376,3753,4464,4957,11152.0,12018.0,139.0,1718.0,37.1,2
16146.0,33222.0,5094.0,7064.0,2829,3516,3494,4541,9168.0,10754.0,2785.0,2500.0,37.1,2
43747.0,75396.0,13837.0,21613.0,647,354,166,135,69607.0,62928.0,27820.0,43346.0,37.1,0
9596.0,19846.0,3122.0,7077.0,5226,5424,7340,7613,19041.0,19344.0,1433.0,2743.0,37.2,2
3749.0,11645.0,755.0,2812.0,2422,3077,3626,4390,9795.0,11986.0,2543.0,2655.0,37.2,2
4958.0,14960.0,2128.0,3868.0,2190,2425,2893,3047,7798.0,8333.0,1055.0,2269.0,37.2,2
207855.0,312685.0,13354.0,20052.0,556,269,0,86,182572.0,152792.0,95814.0,75734.0,37.2,0
1510.0,5869.0,528.0,2560.0,1468,2865,1919,3604,5673.0,10530.0,205.0,983.0,37.2,2
2326.0,5277.0,616.0,2806.0,325,256,323,199,5662.0,4654.0,2698.0,2048.0,37.3,0
357287.0,467585.0,88095.0,116289.0,1908,1416,468,178,367116.0,298871.0,161053.0,133513.0,37.3,3
15275.0,21054.0,3160.0,4775.0,3521,4111,5193,5278,12321.0,12777.0,3043.0,2874.0,37.4,2
15803.0,29692.0,3175.0,5968.0,2912,3048,4489,4530,15055.0,15121.0,4258.0,4896.0,37.4,2
3729.0,10370.0,0.0,138.0,462,769,810,1753,1929.0,4937.0,1857.0,2214.0,37.4,2
3665.0,13919.0,1405.0,4343.0,6791,10050,6741,9450,14132.0,19772.0,830.0,2684.0,37.4,2
1212.0,7113.0,0.0,181.0,133,27,207,194,3145.0,7348.0,1699.0,2806.0,37.4,0
3122.0,13580.0,324.0,1710.0,128,0,282,223,3402.0,4923.0,31623.0,60440.0,37.4,0
845796.0,625480.0,264857.0,292366.0,12776,7156,187458,97599,1664650.0,850151.0,1148450.0,663096.0,37.4,3
47719.0,72313.0,4114.0,6827.0,475,405,43,112,56128.0,53872.0,38940.0,35370.0,37.4,0
2355.0,14093.0,686.0,2349.0,1353,2394,1971,3739,4928.0,8760.0,478.0,1081.0,37.4,2
3798.0,8036.0,944.0,2248.0,3820,4134,5088,5426,14213.0,14355.0,1418.0,3459.0,37.4,2
139650.0,199003.0,9224.0,14852.0,669,339,0,12,167539.0,149208.0,61476.0,61321.0,37.5,0
93242.0,134749.0,21916.0,32735.0,258,223,308,183,67158.0,61749.0,62543.0,51961.0,37.6,0
4629.0,16625.0,1182.0,3836.0,1782,2059,2688,3423,6706.0,8373.0,310.0,1031.0,37.6,2
7478.0,16893.0,1834.0,5318.0,2144,2173,3408,3675,9971.0,10598.0,2052.0,3595.0,37.6,2
2553.0,15220.0,1059.0,3835.0,3406,6744,3510,6752,9486.0,17896.0,0.0,612.0,37.6,2
2434.0,15123.0,899.0,4720.0,4067,8015,4453,8665,9786.0,18290.0,471.0,2337.0,37.7,2
30278.0,52067.0,7274.0,10422.0,309,133,665,248,46700.0,41202.0,15541.0,28486.0,37.7,0
163485.0,250705.0,12314.0,16711.0,370,154,465,193,244342.0,199183.0,98690.0,82666.0,37.7,0
18933.0,32302.0,6466.0,10913.0,185,181,279,119,33716.0,34351.0,8058.0,15335.0,37.7,0
18909.0,28991.0,2847.0,4502.0,116,208,226,196,19797.0,19223.0,8151.0,14143.0,37.7,0
2163.0,11062.0,674.0,3078.0,2507,3894,3108,4835,8680.0,13783.0,396.0,1469.0,37.8,2
12148.0,16077.0,2521.0,5525.0,4886,4979,6345,6255,18808.0,17071.0,4693.0,4447.0,37.9,2
4053.0,9961.0,472.0,1557.0,352,395,421,871,1631.0,4248.0,1682.0,1922.0,37.9,2
1417.0,8683.0,667.0,2764.0,1009,1700,1251,2176,3769.0,7267.0,323.0,618.0,37.9,2
9350.0,21013.0,2736.0,6149.0,4883,5099,5976,6556,17240.0,18757.0,3577.0,3677.0,38.0,2
4926.0,15503.0,1565.0,5010.0,3665,4706,4215,5472,11235.0,14662.0,691.0,1268.0,38.0,2
2210.0,13644.0,135.0,643.0,343,1331,437,1643,1174.0,4495.0,0.0,304.0,38.0,2
4232.0,13362.0,1201.0,2502.0,1478,2292,1772,2508,5191.0,7234.0,684.0,874.0,38.1,2
50603.0,84074.0,13413.0,19489.0,0,85,528,274,41893.0,40699.0,20497.0,28986.0,38.2,0
6794.0,15160.0,1682.0,5312.0,2032,2516,2825,3394,7440.0,8314.0,656.0,1616.0,38.2,2
5044.0,15628.0,1932.0,5367.0,2585,3662,4037,5264,11176.0,14457.0,1682.0,3381.0,38.2,2
2250.0,9512.0,0.0,1138.0,324,1184,725,2486,2083.0,6494.0,0.0,479.0,38.2,2
5053.0,14762.0,540.0,2769.0,333,296,193,139,23519.0,15749.0,8328.0,5438.0,38.3,0
673.0,2432.0,20.0,565.0,164,34,118,100,2880.0,4422.0,2447.0,4360.0,38.3,0
1570.0,9123.0,149.0,613.0,164,115,150,49,3738.0,6179.0,41428.0,100467.0,38.3,0
879193.0,921170.0,100390.0,126746.0,3395,2339,481,360,1800850.0,1260170.0,709833.0,530240.0,38.3,1
19008.0,32816.0,12953.0,22528.0,258,100,275,160,34053.0,33362.0,20183.0,25529.0,38.3,0
6549.0,14448.0,2918.0,5650.0,5504,5449,7594,7632,18579.0,18670.0,2335.0,3412.0,38.4,2
34858.0,46323.0,3560.0,5476.0,157,196,376,273,43112.0,41316.0,25193.0,29783.0,38.4,0
1435.0,4954.0,0.0,0.0,725,1625,599,2031,1590.0,5289.0,144.0,177.0,38.5,2
116969.0,191926.0,8055.0,13127.0,596,315,213,75,67805.0,57520.0,49157.0,43685.0,38.5,0
8116.0,14795.0,1742.0,3353.0,8399,9194,9280,10012,19109.0,19449.0,1232.0,2832.0,38.6,2
9393.0,29707.0,1694.0,3891.0,4970,6143,5893,7493,14235.0,17687.0,387.0,2773.0,38.7,2
1053.0,6025.0,506.0,2573.0,613,1654,810,2260,2182.0,7384.0,535.0,796.0,38.7,2
12626.0,30410.0,1194.0,3431.0,5443,6106,7561,7655,20249.0,19495.0,785.0,3197.0,38.7,2
109897.0,150806.0,7896.0,11613.0,0,299,453,224,173389.0,146630.0,65745.0,55685.0,38.7,0
8487.0,16877.0,1512.0,3754.0,10295,10851,11377,11758,23631.0,24423.0,1004.0,2267.0,38.7,2
14699.0,28066.0,2875.0,5927.0,4463,4468,6263,6680,19746.0,21300.0,5317.0,4602.0,38.8,2
5048.0,19270.0,1177.0,2977.0,2811,3625,3776,4866,11292.0,14320.0,3143.0,4221.0,38.9,2
45833.0,57914.0,6112.0,8685.0,382,188,439,225,61950.0,57689.0,49408.0,40200.0,38.9,0
6252.0,9714.0,1477.0,2735.0,4288,5366,5314,6351,11457.0,13511.0,2944.0,3170.0,38.9,2
53776.0,77814.0,7269.0,10995.0,465,323,216,110,42085.0,41580.0,28264.0,33847.0,39.0,0
26372.0,32286.0,4801.0,9617.0,10180,10565,14074,14512,36163.0,34528.0,1641.0,5130.0,39.1,2
5803.0,11907.0,1604.0,4069.0,4951,5161,5730,6062,16733.0,17262.0,1825.0,2692.0,39.1,2
16658.0,24857.0,3465.0,4888.0,4750,4068,6399,5983,19439.0,18027.0,4133.0,4612.0,39.1,2
116467.0,175155.0,9552.0,13784.0,530,373,283,129,159524.0,130306.0,53222.0,44230.0,39.1,0
148336.0,222121.0,46576.0,77541.0,134,325,415,246,150912.0,127243.0,73092.0,60284.0,39.2,0
6508.0,14959.0,2028.0,4652.0,2103,2743,2964,3576,8039.0,9566.0,3735.0,3188.0,39.2,2
2267.0,6439.0,377.0,1616.0,112,70,238,110,7620.0,8873.0,3422.0,4253.0,39.2,0
6593.0,18447.0,381.0,2302.0,91,149,210,113,10159.0,10943.0,1901.0,1939.0,39.2,0
1919.0,9047.0,835.0,3272.0,112,4,105,0,4138.0,8753.0,40055.0,64426.0,39.2,-1
616416.0,799874.0,98130.0,145375.0,1387,1258,452,192,922044.0,745021.0,288123.0,271402.0,39.2,3
10659.0,18119.0,2272.0,3800.0,8595,9312,11683,12664,26485.0,29687.0,2886.0,5917.0,39.2,2
2750.0,9017.0,875.0,3413.0,1629,2112,2342,2997,7292.0,9669.0,310.0,523.0,39.2,2
2531.0,11339.0,2382.0,5825.0,1846,2687,1947,3255,5311.0,7714.0,1050.0,1230.0,39.3,2
47935.0,71788.0,8907.0,14786.0,367,158,200,97,38527.0,37198.0,17437.0,27022.0,39.4,0
73237.0,103817.0,7858.0,11510.0,236,133,0,85,72955.0,66853.0,52636.0,53476.0,39.4,0
39202.0,68591.0,8103.0,11511.0,183,128,348,247,34509.0,34626.0,13221.0,22734.0,39.4,0
48190.0,69462.0,8273.0,12994.0,385,231,506,173,44667.0,42097.0,33491.0,30455.0,39.5,0
2688.0,11983.0,461.0,2115.0,4333,6283,4761,7562,10255.0,15683.0,331.0,2091.0,39.5,2
13121.0,23054.0,2370.0,5176.0,7382,7656,10081,10463,25467.0,26222.0,2427.0,4748.0,39.5,2
32042.0,51256.0,8036.0,12417.0,360,227,232,119,38096.0,36922.0,26131.0,29924.0,39.5,0
1755.0,11277.0,664.0,3490.0,704,1725,712,2166,2023.0,6405.0,919.0,2107.0,39.5,2
799.0,3289.0,1155.0,3567.0,2513,4214,3159,5519,7677.0,13795.0,142.0,837.0,39.5,2
347642.0,504025.0,226490.0,345929.0,509,258,0,121,158471.0,144092.0,78141.0,80568.0,39.6,3
6095.0,12477.0,523.0,2525.0,2892,3335,3908,4597,10292.0,12677.0,509.0,2635.0,39.6,2
12126.0,10232.0,1701.0,3868.0,3129,3174,4978,5278,14935.0,14634.0,3575.0,3748.0,39.7,2
11516.0,17934.0,2150.0,5553.0,4514,4980,5415,5843,14794.0,14222.0,4534.0,3787.0,39.7,2
674.0,3596.0,884.0,3712.0,1155,2648,1571,3621,4041.0,9670.0,893.0,1984.0,39.8,2
35461.0,63723.0,15162.0,25976.0,168,132,0,66,39776.0,36648.0,33210.0,28786.0,39.8,0
2486.0,9001.0,15.0,762.0,1015,2131,1388,2764,2797.0,5656.0,250.0,610.0,39.8,2
29600.0,48609.0,20641.0,31035.0,185,156,317,202,45457.0,42333.0,35818.0,34635.0,39.9,0
18204.0,33097.0,4011.0,7262.0,400,230,133,99,24013.0,22732.0,11468.0,15342.0,39.9,0
6810.0,11859.0,2365.0,3940.0,8058,8448,9965,9784,24632.0,22079.0,3446.0,4178.0,39.9,2
4459.0,12248.0,427.0,2600.0,207,67,324,228,9144.0,6838.0,9107.0,8010.0,39.9,0
4340.0,12868.0,56.0,1099.0,151,138,184,92,5147.0,6883.0,3669.0,4987.0,39.9,0
1708.0,10583.0,0.0,149.0,109,0,191,111,2896.0,5269.0,22115.0,42173.0,39.9,0
433543.0,559201.0,37652.0,54775.0,1223,988,569,222,617284.0,518164.0,190524.0,186225.0,39.9,3
37639.0,61903.0,4037.0,6910.0,285,161,0,63,40925.0,41140.0,27086.0,34863.0,40.0,0
133847.0,190239.0,3491.0,6042.0,149,196,0,34,190983.0,168060.0,79801.0,72634.0,40.0,0
5610.0,10189.0,1335.0,3474.0,2026,2017,3528,3384,8539.0,9124.0,1053.0,1362.0,40.0,2
13977.0,36798.0,8735.0,15946.0,13350,14051,14506,15194,19487.0,19277.0,1197.0,2789.0,40.0,1
61350.0,89430.0,19958.0,18403.0,548,248,330,130,69931.0,66044.0,61453.0,53163.0,40.1,0
161685.0,250865.0,10886.0,17491.0,512,418,147,113,193513.0,166224.0,83888.0,78942.0,40.1,0
5677.0,10910.0,2737.0,5396.0,6139,6679,6588,6613,16771.0,16453.0,2135.0,3510.0,40.2,2
8882.0,19763.0,1294.0,2663.0,4412,5056,5478,6583,13982.0,16668.0,2690.0,3730.0,40.3,2
4115.0,8009.0,887.0,1902.0,406,1211,569,1595,1515.0,4210.0,167.0,983.0,40.3,2
6277.0,18621.0,2154.0,5268.0,4536,4922,5480,5787,16049.0,16394.0,969.0,2880.0,40.3,2
6483.0,17512.0,1960.0,4228.0,2895,2933,5361,5508,12543.0,13715.0,3070.0,2623.0,40.4,2
22103.0,32778.0,5125.0,11382.0,2542,2951,6453,6938,19697.0,19949.0,4539.0,6920.0,40.4,2
8369.0,11555.0,3239.0,8075.0,3546,3871,3829,4597,11855.0,13296.0,0.0,152.0,40.4,2
5782.0,17674.0,1165.0,2866.0,3689,4337,5053,5920,13771.0,15815.0,527.0,928.0,40.5,2
51639.0,81739.0,3939.0,4857.0,548,381,39,65,55449.0,49580.0,38480.0,40717.0,40.5,0
5481.0,16642.0,664.0,2262.0,2089,2247,3162,3536,8110.0,8921.0,904.0,928.0,40.5,2
1780.0,7247.0,1105.0,2893.0,2440,3360,2800,3731,6789.0,9283.0,0.0,633.0,40.5,2
12105.0,13955.0,2835.0,3985.0,3381,3081,4175,4167,10957.0,10507.0,811.0,1481.0,40.6,2
24584.0,28545.0,26101.0,41618.0,800,275,0,28,37589.0,34736.0,24830.0,22087.0,40.6,0
25705.0,25977.0,1407.0,2606.0,0,83,522,239,24456.0,21849.0,21415.0,17816.0,40.7,0
7819.0,11885.0,3132.0,5085.0,5930,5739,7899,7392,18404.0,17029.0,2199.0,2939.0,40.9,2
40169.0,63069.0,6941.0,10125.0,361,295,7,64,44477.0,39349.0,26913.0,28459.0,40.9,0
3802.0,12509.0,478.0,1206.0,2192,2512,2600,3109,6694.0,7396.0,760.0,1562.0,41.0,2
2857.0,10209.0,909.0,1774.0,2105,2612,2468,3166,6014.0,7809.0,1381.0,1469.0,41.0,2
2806.0,9525.0,2645.0,6841.0,1988,2324,3257,4371,7532.0,9973.0,38.0,1184.0,41.0,2
34693.0,62387.0,5401.0,8117.0,0,2,86,99,36578.0,34865.0,19485.0,23727.0,41.0,0
9330.0,21761.0,1366.0,3348.0,2136,2377,4788,5302,13216.0,15246.0,822.0,1871.0,41.1,2
21102.0,38715.0,7702.0,12809.0,533,450,264,91,28222.0,27749.0,11748.0,22930.0,41.1,0
14127.0,20637.0,2384.0,3582.0,5075,4936,6832,7006,19268.0,18365.0,4328.0,4835.0,41.1,2
1466.0,7639.0,1237.0,3769.0,761,1079,1377,2306,3823.0,6645.0,757.0,1936.0,41.2,2
22981.0,35677.0,1979.0,5095.0,471,238,92,100,25697.0,25017.0,5757.0,12823.0,41.2,0
38602.0,58740.0,16506.0,24779.0,330,178,122,230,41814.0,38648.0,30383.0,28896.0,41.2,0
146328.0,228632.0,13768.0,18500.0,194,203,30,38,179950.0,149138.0,115024.0,85349.0,41.3,0
17202.0,21168.0,3510.0,5764.0,4915,4875,6241,6074,20291.0,19923.0,1585.0,3150.0,41.3,2
3475.0,8034.0,2933.0,5926.0,5724,5924,7172,7476,17734.0,18204.0,723.0,3430.0,41.4,2
719.0,4151.0,3024.0,11590.0,143,25,140,52,12278.0,26616.0,26355.0,49381.0,41.4,0
537.0,2697.0,2667.0,10380.0,77,0,140,24,15127.0,30046.0,19143.0,36039.0,41.4,0
2566.0,11191.0,1160.0,2519.0,194,117,155,41,4213.0,4217.0,26335.0,26398.0,41.4,0
1210690.0,1136710.0,1880690.0,1935180.0,5307,3000,1552,909,2633150.0,1628080.0,1745250.0,1042070.0,41.4,1
27574.0,40120.0,1424.0,3390.0,203,119,174,90,36231.0,35524.0,12893.0,24374.0,41.4,0
3650.0,9850.0,0.0,1256.0,157,155,193,148,6060.0,6600.0,50183.0,91031.0,41.4,0
735806.0,841636.0,109148.0,133236.0,1876,972,768,368,1326570.0,1013000.0,468032.0,415868.0,41.4,3
37064.0,61634.0,17702.0,31455.0,91,99,238,115,57859.0,55895.0,18110.0,33633.0,41.5,0
10814.0,16433.0,4033.0,6041.0,3596,3909,5107,5776,13526.0,14689.0,2397.0,2971.0,41.5,2
66153.0,91599.0,2806.0,5072.0,16,113,0,119,45244.0,40076.0,38789.0,30130.0,41.5,0
29447.0,45877.0,4140.0,6658.0,378,260,257,144,47932.0,44890.0,16692.0,31484.0,41.6,0
2195.0,6923.0,564.0,1830.0,554,1067,542,1261,1633.0,3995.0,3195.0,3648.0,41.6,2
3989.0,17453.0,1455.0,5914.0,4076,5694,5553,7413,13930.0,18294.0,899.0,1322.0,41.6,2
13781.0,24607.0,9971.0,19229.0,127,164,98,24,24652.0,25728.0,2997.0,11375.0,41.6,0
10376.0,21438.0,4207.0,8811.0,4930,5813,6831,8045,16777.0,18898.0,1392.0,4206.0,41.6,2
3788.0,11919.0,2962.0,6102.0,3158,3772,4637,5585,12180.0,14299.0,567.0,1674.0,41.6,2
2103.0,9117.0,442.0,1287.0,753,1945,1245,3170,3032.0,7569.0,522.0,844.0,41.7,2
5441.0,18460.0,2284.0,4113.0,7177,7966,7965,9445,16542.0,17727.0,2297.0,3291.0,41.7,2
77536.0,107632.0,9901.0,14898.0,91,114,79,68,74249.0,69528.0,43380.0,48618.0,41.7,0
616.0,3164.0,884.0,3477.0,980,3097,1257,3867,2873.0,9009.0,1042.0,1881.0,41.7,2
38584.0,54441.0,6948.0,9597.0,456,154,247,187,39114.0,36508.0,17023.0,28681.0,41.8,0
3953.0,12816.0,566.0,1544.0,3872,4813,4082,5037,8508.0,10291.0,0.0,4.0,41.8,2
2659.0,7146.0,1404.0,2796.0,4496,5167,6122,7156,17441.0,20766.0,0.0,3501.0,41.9,2
10498.0,23845.0,981.0,2805.0,4231,4552,5486,5836,15497.0,16651.0,1956.0,4636.0,41.9,2
2193.0,10470.0,2046.0,5477.0,1178,2170,1789,2908,3728.0,6146.0,512.0,1176.0,41.9,2
4469.0,20410.0,2408.0,6274.0,1496,2036,2066,2994,5903.0,8306.0,1316.0,1616.0,41.9,2
17377.0,26511.0,453.0,2543.0,7762,7920,8895,8689,23754.0,22206.0,3153.0,4798.0,42.0,2
30963.0,58676.0,7933.0,13440.0,5105,5366,6970,7284,19240.0,20083.0,1299.0,4268.0,42.0,1
7894.0,19357.0,1381.0,4237.0,4119,4641,5696,6073,14102.0,15055.0,626.0,3668.0,42.0,2
10107.0,15263.0,1721.0,3244.0,4628,4435,6068,6062,14729.0,13661.0,2759.0,2966.0,42.2,2
23233.0,50423.0,3659.0,7136.0,364,276,308,155,33912.0,35047.0,8545.0,21346.0,42.2,0
4607.0,8951.0,909.0,2321.0,3376,3754,3822,3685,8930.0,9174.0,1442.0,2205.0,42.2,2
203898.0,284432.0,33604.0,53208.0,734,238,0,10,224231.0,196027.0,107555.0,97684.0,42.3,0
15891.0,18057.0,496.0,3200.0,3681,3505,4842,4931,12460.0,12049.0,4972.0,2315.0,42.3,2
19986.0,25845.0,2016.0,5435.0,88,116,0,50,25040.0,25088.0,10839.0,14594.0,42.4,0
4751.0,9984.0,1393.0,2866.0,803,2935,1176,3789,2612.0,7181.0,462.0,834.0,42.4,2
4335.0,8022.0,3620.0,4681.0,1804,1727,2789,2791,8227.0,8096.0,2298.0,2244.0,42.4,2
7634.0,17947.0,2370.0,3485.0,3810,3985,4605,4870,11969.0,12621.0,2304.0,2492.0,42.6,2
106243.0,150768.0,46801.0,69295.0,73,163,231,162,168688.0,135274.0,68750.0,49538.0,42.6,0
207872.0,308767.0,17994.0,28800.0,438,200,239,204,27011.0,23766.0,25420.0,23984.0,42.6,3
42229.0,62408.0,5022.0,7134.0,958,315,0,0,45349.0,40898.0,37127.0,27641.0,42.7,-1
1104.0,5678.0,1496.0,5724.0,3244,5206,4104,6733,8629.0,14157.0,185.0,445.0,42.7,2
10156.0,16526.0,4001.0,6825.0,6769,6680,7387,6860,14349.0,13158.0,2053.0,2228.0,42.7,2
7017.0,17418.0,1414.0,2970.0,3363,3378,4192,4606,12661.0,13709.0,346.0,1960.0,42.8,2
48965.0,85463.0,7631.0,9724.0,191,273,621,199,47843.0,42876.0,37808.0,33828.0,42.8,0
27078.0,43313.0,20765.0,32453.0,279,220,213,132,36877.0,34491.0,25811.0,28288.0,42.8,0
9309.0,20476.0,1948.0,3882.0,4376,5225,6021,7351,15105.0,18070.0,486.0,2634.0,42.9,2
11529.0,20501.0,4842.0,9252.0,379,217,238,112,19581.0,20451.0,7174.0,12530.0,42.9,0
3140.0,7175.0,2037.0,3908.0,3774,4169,4451,4955,12781.0,13083.0,772.0,2872.0,43.0,2
36554.0,61364.0,11988.0,19253.0,375,146,73,74,36664.0,35279.0,16671.0,29725.0,43.0,0
18884.0,39736.0,868.0,1795.0,0,83,370,140,24615.0,22401.0,18857.0,18530.0,43.1,0
24419.0,26362.0,5851.0,5988.0,8070,7698,12631,12363,26576.0,25056.0,8442.0,6441.0,43.1,2
10520.0,27006.0,1586.0,3940.0,3801,3808,5133,5098,12353.0,12033.0,3367.0,2899.0,43.3,2
9608.0,32729.0,2662.0,5566.0,3126,3461,4779,5091,12572.0,14907.0,453.0,1526.0,43.3,2
9683.0,13918.0,1649.0,3414.0,5652,5506,7672,7771,20646.0,19566.0,1149.0,5177.0,43.4,2
12926.0,16676.0,3645.0,4930.0,6389,6590,9007,9361,22850.0,22015.0,6024.0,5128.0,43.4,2
68268.0,89100.0,6768.0,10009.0,137,97,146,106,79182.0,75913.0,58519.0,56106.0,43.5,0
350142.0,502843.0,84210.0,130537.0,595,443,0,62,222909.0,198501.0,115819.0,118213.0,43.5,3
59721.0,97455.0,5959.0,9002.0,275,272,0,0,31831.0,30930.0,17638.0,32295.0,43.5,-1
125918.0,175889.0,16437.0,26423.0,151,228,24,126,198762.0,171629.0,59162.0,65137.0,43.5,0
4505.0,8651.0,782.0,2744.0,2250,4179,2591,5662,6592.0,11838.0,2353.0,2310.0,43.6,2
1746.0,10249.0,511.0,2726.0,2099,4495,2364,5894,5491.0,13045.0,150.0,258.0,43.6,2
2928.0,17112.0,1017.0,4543.0,2382,4092,2973,5138,7817.0,13697.0,0.0,305.0,43.6,2
46242.0,69519.0,9277.0,18940.0,439,220,0,60,38903.0,35308.0,30254.0,26541.0,43.6,0
17912.0,32061.0,3427.0,6054.0,622,289,130,183,23475.0,21542.0,11376.0,16998.0,43.7,0
21885.0,29083.0,2626.0,5229.0,67,167,2,17,30669.0,27339.0,19091.0,17095.0,43.7,0
10183.0,11286.0,0.0,854.0,2488,2792,3358,3600,6823.0,7206.0,2464.0,1809.0,43.8,2
44079.0,62716.0,19609.0,27874.0,62,91,522,197,45346.0,41403.0,33888.0,35536.0,43.8,0
98085.0,147354.0,28153.0,39409.0,7925,7730,7780,7862,163788.0,123109.0,76644.0,55024.0,43.8,1
853.0,3667.0,2252.0,7950.0,1631,4064,1827,4748,4204.0,10710.0,369.0,662.0,43.9,2
4808.0,11333.0,1476.0,3522.0,946,3011,1299,3815,2596.0,7914.0,255.0,399.0,43.9,2
73236.0,102392.0,7863.0,11115.0,95,118,206,159,76029.0,70021.0,40870.0,56711.0,44.0,0
4527.0,16608.0,2214.0,4957.0,3235,3855,4255,4786,9279.0,10320.0,415.0,975.0,44.0,2
14553.0,30341.0,8773.0,15920.0,222,149,292,122,22097.0,23537.0,7586.0,16231.0,44.0,0
5753.0,20965.0,396.0,1482.0,3159,4397,4000,5373,9841.0,12071.0,1308.0,2242.0,44.1,2
6822.0,16997.0,14897.0,23936.0,3594,6391,4186,8445,11372.0,20095.0,2326.0,3125.0,44.1,2
8184.0,13346.0,9858.0,20354.0,3291,6399,3637,8223,8989.0,19468.0,0.0,1229.0,44.1,2
4330.0,7050.0,641.0,3167.0,2494,2758,3621,3729,6801.0,6885.0,903.0,1124.0,44.1,2
36813.0,53820.0,4917.0,7436.0,191,158,124,83,50644.0,45196.0,49414.0,40261.0,44.1,0
18833.0,47009.0,3984.0,7284.0,104,175,270,99,19052.0,19100.0,5915.0,12823.0,44.1,0
9658.0,21782.0,1773.0,4413.0,6113,6439,7123,7512,16669.0,18601.0,0.0,390.0,44.2,2
9216.0,15305.0,1227.0,2885.0,4267,4683,5955,6632,15460.0,15763.0,2114.0,3593.0,44.2,2
6748.0,13609.0,1613.0,2470.0,4844,4964,6443,6832,14911.0,15531.0,1280.0,1446.0,44.3,2
3731.0,16324.0,0.0,339.0,28,0,181,48,4376.0,10681.0,33258.0,71185.0,44.3,0
155944.0,242289.0,8701.0,11661.0,95,105,263,140,231300.0,207405.0,66266.0,83060.0,44.3,0
30152.0,41428.0,2454.0,4561.0,179,132,95,165,29487.0,28189.0,8697.0,18611.0,44.4,0
8103.0,15417.0,2804.0,5604.0,4900,5403,6951,7242,14932.0,15175.0,3162.0,2770.0,44.4,2
12981.0,13389.0,1141.0,2074.0,3714,3199,4880,5035,12981.0,12303.0,2967.0,2842.0,44.5,2
12014.0,20835.0,157.0,1191.0,2355,2195,3400,3304,10804.0,10308.0,3314.0,2976.0,44.5,2
978.0,3157.0,753.0,2350.0,236,206,61,0,9758.0,14936.0,1906.0,2266.0,44.5,-1
2122060.0,2176120.0,272852.0,314657.0,4619,3455,488,303,1634100.0,1211860.0,629021.0,522631.0,44.5,1
22482.0,44937.0,923.0,2446.0,4551,4681,7084,7436,21062.0,21807.0,4738.0,7446.0,44.5,2
12443.0,26805.0,1459.0,5085.0,7256,7012,8720,8891,21659.0,21731.0,5038.0,3941.0,44.6,2
15366.0,21168.0,2590.0,4038.0,6806,6433,7900,7499,17283.0,16210.0,2564.0,3033.0,44.6,2
7646.0,16687.0,1706.0,3179.0,5254,5861,6620,6849,17855.0,17555.0,74.0,2567.0,44.7,2
7930.0,15117.0,980.0,2786.0,2435,2638,3007,3262,7825.0,8329.0,0.0,599.0,44.7,2
44289.0,56417.0,19397.0,31986.0,218,140,0,80,41419.0,39336.0,36746.0,31457.0,44.7,0
11182.0,31559.0,6550.0,14220.0,364,213,197,72,17024.0,19263.0,7552.0,13436.0,44.9,0
18108.0,28524.0,1333.0,4336.0,6168,6829,8532,8979,20664.0,21766.0,2256.0,2486.0,44.9,2
5829.0,19418.0,1405.0,3976.0,2583,2908,4000,4555,12219.0,14018.0,0.0,1024.0,44.9,2
2174.0,8029.0,758.0,3478.0,2724,3726,3958,5487,10093.0,13179.0,0.0,1916.0,45.0,2
23992.0,39798.0,9365.0,15836.0,203,165,0,0,35997.0,36196.0,18624.0,30581.0,45.0,-1
3925.0,9177.0,472.0,1739.0,2380,3497,2979,4159,7589.0,9634.0,1360.0,2434.0,45.0,2
182209.0,287972.0,19330.0,27060.0,668,298,440,208,143816.0,131722.0,92483.0,71475.0,45.0,0
106509.0,149817.0,7872.0,9821.0,382,249,254,133,93085.0,78557.0,49879.0,43550.0,45.0,0
17846.0,27827.0,5146.0,8855.0,500,229,0,0,20539.0,20318.0,7161.0,15669.0,45.0,-1
3949.0,5615.0,453.0,1519.0,1588,1814,2477,2553,7660.0,8118.0,1609.0,1927.0,45.1,2
57034.0,79596.0,7918.0,10081.0,142,155,87,160,39490.0,38135.0,19903.0,28715.0,45.1,0
8073.0,13695.0,178.0,1011.0,1526,1347,2231,2302,7267.0,7272.0,1991.0,1644.0,45.1,2
32898.0,47951.0,11729.0,20144.0,394,200,121,110,46524.0,46460.0,18080.0,29335.0,45.1,0
130227.0,198040.0,13109.0,23035.0,216,163,95,143,99312.0,91594.0,76143.0,71668.0,45.1,0
9970.0,14394.0,3927.0,4927.0,6270,6404,9097,9527,27011.0,26550.0,4215.0,3635.0,45.1,2
22120.0,32358.0,2089.0,3355.0,7144,6617,9626,9356,24765.0,23343.0,6614.0,4476.0,45.2,2
3979.0,8426.0,669.0,3208.0,704,1992,781,2271,2365.0,5768.0,1597.0,1443.0,45.3,2
2021.0,10612.0,41.0,791.0,67,0,86,0,3786.0,5331.0,1313.0,1974.0,45.3,-1
453734.0,599348.0,71295.0,105741.0,843,650,264,131,543960.0,455266.0,189464.0,186890.0,45.3,3
10142.0,18075.0,1059.0,2240.0,3659,3767,4627,4703,15037.0,14784.0,4054.0,4510.0,45.3,2
95503.0,140171.0,10891.0,19357.0,237,248,272,108,89211.0,81875.0,67583.0,69375.0,45.3,0
6360.0,18235.0,1486.0,4270.0,2857,2854,4296,4615,11325.0,11790.0,34.0,1139.0,45.4,2
4978.0,14446.0,0.0,1074.0,94,1,333,171,7885.0,11068.0,18092.0,17229.0,45.4,0
986.0,6114.0,0.0,137.0,136,0,158,44,9473.0,19497.0,10581.0,20416.0,45.4,0
2897.0,10296.0,264.0,1124.0,257,264,84,0,3214.0,6259.0,49250.0,70203.0,45.4,-1
847873.0,960994.0,82375.0,111046.0,3546,2879,171,203,1269450.0,1044810.0,1029830.0,917354.0,45.4,1
5364.0,9909.0,3079.0,5541.0,6600,6820,7679,8361,18048.0,19535.0,3560.0,3836.0,45.4,2
1341.0,8536.0,0.0,686.0,194,113,165,47,902.0,4114.0,20956.0,61361.0,45.4,0
466819.0,588685.0,34355.0,48824.0,1371,950,551,168,956966.0,764373.0,304210.0,293200.0,45.4,3
53118.0,74975.0,8308.0,13292.0,418,141,405,287,67237.0,65937.0,60509.0,47680.0,45.4,0
3575.0,9506.0,775.0,2727.0,1239,2672,1720,3341,3920.0,8063.0,1667.0,1435.0,45.5,2
3727.0,12972.0,456.0,2555.0,1905,3106,2344,3704,5459.0,8695.0,799.0,1479.0,45.5,2
30076.0,44878.0,7044.0,10644.0,272,127,67,87,35503.0,33633.0,13711.0,19981.0,45.6,0
16968.0,29311.0,1908.0,3416.0,8332,8839,11865,12770,29610.0,29499.0,3318.0,5224.0,45.8,2
109290.0,178934.0,22229.0,36315.0,291,194,40,52,119346.0,109034.0,33252.0,46587.0,45.9,0
125050.0,187803.0,6346.0,9306.0,291,135,0,3,111945.0,98219.0,49320.0,41498.0,45.9,0
49077.0,83588.0,18564.0,29418.0,460,328,400,228,40024.0,41525.0,21286.0,29608.0,46.0,0
7491.0,19952.0,619.0,2547.0,1093,3225,1618,4227,5534.0,12426.0,3571.0,3704.0,46.0,2
8256.0,15783.0,1366.0,3438.0,3964,5493,5319,7236,13158.0,17177.0,0.0,157.0,46.0,2
8123.0,21587.0,2377.0,5608.0,5810,6167,7543,8111,20877.0,22497.0,874.0,1370.0,46.1,2
5540.0,17074.0,1253.0,1986.0,2998,3167,3027,3261,8737.0,10032.0,640.0,640.0,46.1,2
43416.0,59902.0,7058.0,9520.0,40,115,320,166,52048.0,48984.0,32187.0,34834.0,46.1,0
27698.0,42802.0,3822.0,5688.0,7506,7030,10205,10070,25445.0,23693.0,7157.0,5044.0,46.1,2
23718.0,38131.0,8951.0,15048.0,293,194,0,0,25993.0,24438.0,9185.0,17631.0,46.2,-1
41581.0,68109.0,4286.0,7520.0,0,80,0,0,45028.0,41920.0,23066.0,40659.0,46.2,-1
507408.0,410220.0,630841.0,626421.0,3182,2172,664,297,115632.0,98667.0,76984.0,59976.0,46.2,1
156550.0,229531.0,18058.0,28963.0,89,152,193,81,109574.0,97737.0,43412.0,39441.0,46.2,0
1919.0,5427.0,0.0,813.0,780,1684,1214,2719,2392.0,5893.0,594.0,760.0,46.2,2
136082.0,203761.0,39604.0,58572.0,116,132,294,113,145675.0,127480.0,70392.0,61315.0,46.3,0
66787.0,103929.0,16592.0,22867.0,343,236,203,117,78821.0,70551.0,47640.0,52059.0,46.3,0
9955.0,18120.0,1357.0,2885.0,3035,3035,4624,4692,13669.0,12193.0,2886.0,3137.0,46.3,2
28648.0,49526.0,2736.0,5469.0,499,365,119,79,41334.0,39449.0,30688.0,33511.0,46.4,0
52090.0,75365.0,30920.0,53756.0,387,306,0,0,44251.0,39611.0,15529.0,31138.0,46.4,-1
6720.0,16281.0,2142.0,4537.0,4210,4291,5313,5654,12692.0,13763.0,156.0,1532.0,46.5,2
1664.0,8738.0,818.0,3147.0,2522,3871,3308,5214,7431.0,11561.0,991.0,1910.0,46.5,2
54700.0,85564.0,14882.0,22350.0,194,173,187,99,71500.0,65055.0,51474.0,50712.0,46.5,0
1743.0,5713.0,1208.0,3874.0,1861,2693,2427,3673,6422.0,9767.0,491.0,806.0,46.5,2
12844.0,27448.0,3076.0,5904.0,4403,5041,6656,7086,16957.0,17746.0,1632.0,3276.0,46.5,2
28403.0,44549.0,19108.0,32622.0,118,86,266,115,28749.0,28702.0,22428.0,23333.0,46.6,0
41629.0,62552.0,5312.0,7537.0,435,239,24,127,46118.0,44134.0,36936.0,31521.0,46.6,0
8708.0,18092.0,2188.0,5207.0,5006,5356,5894,6337,15303.0,15893.0,361.0,1581.0,46.6,2
31224.0,47361.0,4993.0,9714.0,361,190,0,8,31421.0,29884.0,6486.0,12005.0,46.6,0
30777.0,44859.0,2470.0,3963.0,589,346,218,118,27687.0,26417.0,13203.0,19112.0,46.6,0
2433.0,10833.0,1423.0,5145.0,1671,2391,2259,3252,5747.0,8286.0,31.0,396.0,46.7,2
3026.0,7755.0,1433.0,3668.0,2989,3656,4018,4786,7986.0,9396.0,919.0,1925.0,46.7,2
12849.0,24646.0,2665.0,3799.0,6974,6983,8429,8590,22128.0,22544.0,5995.0,4721.0,46.7,2
3753.0,9803.0,765.0,1920.0,835,2655,919,3130,2737.0,7449.0,0.0,170.0,46.7,2
136639.0,192890.0,24867.0,37950.0,324,207,0,95,193782.0,163450.0,86548.0,64069.0,46.8,0
2314.0,7931.0,645.0,2604.0,623,1178,700,1589,2543.0,5934.0,3321.0,4841.0,46.8,2
7341.0,18229.0,2130.0,4548.0,5139,5912,6812,7855,19518.0,22000.0,103.0,1089.0,46.8,2
8823.0,19943.0,1908.0,3271.0,2829,3053,4106,4733,11624.0,13065.0,1819.0,3962.0,46.9,2
84215.0,119967.0,11548.0,18238.0,387,292,389,170,102885.0,94354.0,40478.0,50243.0,46.9,0
11895.0,17989.0,4830.0,6884.0,9643,9557,11224,11001,27406.0,25695.0,5048.0,5112.0,47.0,2
4936.0,9057.0,423.0,2761.0,2612,2558,3528,3819,10144.0,10461.0,947.0,2531.0,47.0,2
69233.0,116997.0,18169.0,26755.0,1087,840,2205,2295,18141.0,15681.0,9770.0,10261.0,47.0,3
36718.0,48291.0,6375.0,9383.0,360,311,117,131,53541.0,50784.0,12087.0,28509.0,47.0,0
2459.0,8757.0,233.0,2832.0,620,959,750,1764,1938.0,4439.0,1965.0,2688.0,47.1,2
1172.0,7980.0,369.0,1940.0,1890,3879,2320,4954,6034.0,12582.0,404.0,613.0,47.1,2
27400.0,43149.0,1962.0,3024.0,391,231,95,82,22941.0,21938.0,13130.0,19642.0,47.1,0
2154.0,5815.0,322.0,1382.0,1754,3111,1684,3838,4152.0,9460.0,2707.0,2719.0,47.1,2
2939.0,9217.0,760.0,2480.0,2857,4137,2784,4701,7131.0,11547.0,823.0,1303.0,47.1,2
6708.0,15382.0,872.0,1690.0,3428,3252,4551,4666,10643.0,10470.0,2017.0,2214.0,47.1,2
7543.0,14521.0,2339.0,4112.0,3884,3541,3951,3935,11236.0,10859.0,936.0,1774.0,47.1,2
30224.0,68390.0,3532.0,5917.0,240,130,248,110,35794.0,34347.0,13347.0,25021.0,47.1,0
10887.0,10002.0,2688.0,3786.0,1774,3935,1772,4098,6312.0,12600.0,3412.0,3219.0,47.2,2
1910.0,11973.0,175.0,985.0,1220,3721,1406,4050,3843.0,11127.0,577.0,987.0,47.2,2
15668.0,30119.0,8471.0,15804.0,140,57,239,136,19119.0,18957.0,8185.0,13875.0,47.3,0
32088.0,52234.0,6107.0,8952.0,382,200,0,33,47534.0,44613.0,33678.0,32183.0,47.3,0
6711.0,13843.0,1893.0,3178.0,4644,4979,6501,6913,18465.0,18330.0,2316.0,3095.0,47.4,2
3543.0,11818.0,1481.0,4603.0,2640,3460,3285,4310,8729.0,11394.0,1669.0,2218.0,47.4,2
47167.0,73179.0,2907.0,5766.0,212,161,485,240,62924.0,55138.0,44376.0,44567.0,47.4,0
8594.0,28255.0,892.0,2574.0,4921,5873,6024,6708,13353.0,15372.0,1894.0,2552.0,47.4,2
8200.0,14768.0,2207.0,4614.0,8221,8561,8238,8405,18035.0,17938.0,1453.0,1143.0,47.5,2
1927.0,7573.0,240.0,1708.0,104,140,140,21,4503.0,5237.0,331.0,476.0,47.5,0
351816.0,479950.0,93996.0,142665.0,702,544,0,96,356464.0,304959.0,177743.0,152991.0,47.5,3
36535.0,49664.0,8915.0,8962.0,523,294,440,140,39216.0,37861.0,24944.0,32498.0,47.6,0
8728.0,19674.0,1275.0,2844.0,6175,6853,8269,9284,21581.0,23967.0,1865.0,2685.0,47.6,2
3521.0,11490.0,1601.0,4370.0,3132,3826,4739,6181,11764.0,15085.0,972.0,1910.0,47.6,2
44677.0,62371.0,35580.0,60226.0,145,175,231,105,41217.0,37122.0,28726.0,29341.0,47.7,0
9998.0,12431.0,1562.0,3406.0,9812,9674,9283,9458,19513.0,17879.0,3064.0,2248.0,47.7,2
22160.0,34893.0,7951.0,11183.0,311,168,20,49,25923.0,24211.0,23057.0,20050.0,47.7,0
13660.0,20819.0,5474.0,9117.0,387,292,59,130,20894.0,21230.0,3744.0,9965.0,47.7,0
6021.0,13328.0,1616.0,4921.0,2857,3179,3935,4049,11109.0,11441.0,872.0,2107.0,47.9,2
26150.0,40173.0,5910.0,10251.0,13583,13724,16252,16599,39330.0,38633.0,3963.0,6920.0,47.9,2
10433.0,16792.0,5496.0,8732.0,4595,4655,6586,6555,17998.0,18298.0,3356.0,4991.0,48.0,2
2177.0,13730.0,573.0,2404.0,1111,2854,1385,3759,3080.0,8156.0,465.0,659.0,48.1,2
35341.0,57434.0,21880.0,36047.0,17,174,185,80,39532.0,39117.0,20239.0,27899.0,48.1,0
40783.0,69813.0,4493.0,9554.0,0,81,67,37,45742.0,41557.0,26115.0,31060.0,48.1,0
7402.0,14070.0,2597.0,4325.0,4097,4728,5389,5800,14167.0,14887.0,831.0,1842.0,48.1,2
9504.0,8866.0,851.0,2532.0,3723,3217,4066,4043,9152.0,8874.0,3156.0,2259.0,48.1,2
1014780.0,1010640.0,7164350.0,9297710.0,6759,4871,11595,8854,323989.0,261191.0,196709.0,134186.0,48.2,1
16847.0,38132.0,14717.0,22938.0,273,160,171,154,27716.0,25873.0,9849.0,12495.0,48.2,0
6403.0,17100.0,1579.0,3916.0,3108,3182,4428,4668,12182.0,12450.0,1755.0,1691.0,48.3,2
10297.0,16317.0,4789.0,8964.0,6930,7094,8958,9076,22593.0,21441.0,1103.0,2572.0,48.4,2
5815.0,11644.0,2030.0,3001.0,1960,2567,2569,3205,6915.0,9552.0,2298.0,2549.0,48.4,2
3798.0,14856.0,564.0,1663.0,3087,3669,3414,4165,7582.0,9062.0,0.0,831.0,48.4,2
11250.0,14854.0,3134.0,6686.0,5715,5597,8241,8094,19544.0,18606.0,2911.0,2533.0,48.5,2
5116.0,14187.0,1932.0,4357.0,6782,7619,8531,9768,17426.0,19223.0,948.0,2102.0,48.5,2
14959.0,17372.0,4574.0,6393.0,6904,6625,8614,8302,23303.0,21566.0,4499.0,4788.0,48.6,2
15112.0,41469.0,6380.0,12827.0,171,207,122,72,26528.0,27272.0,8458.0,18836.0,48.6,0
3798.0,8693.0,650.0,2881.0,2489,2610,3222,3496,10097.0,10336.0,1272.0,1580.0,48.8,2
7111.0,12968.0,1187.0,2446.0,1812,1710,2623,2692,7699.0,7518.0,1304.0,2097.0,48.8,2
14101.0,19099.0,1162.0,2551.0,5661,5896,7505,7345,18435.0,18877.0,2622.0,3391.0,48.8,2
23258.0,33065.0,7590.0,13843.0,133,103,364,165,36102.0,33828.0,28210.0,26157.0,49.0,0
20518.0,39394.0,13593.0,22178.0,127,126,216,142,20632.0,19557.0,9722.0,14056.0,49.0,0
11952.0,16816.0,1398.0,3920.0,4157,4968,4987,5551,11433.0,12765.0,3660.0,2972.0,49.1,2
30108.0,39477.0,9046.0,15326.0,394,185,453,234,36802.0,35380.0,30885.0,22951.0,49.1,0
8095.0,14517.0,4658.0,6474.0,3277,3381,4537,4520,12667.0,12399.0,4683.0,4272.0,49.1,2
114981.0,162517.0,3352.0,6077.0,231,255,695,284,121643.0,103384.0,43003.0,49301.0,49.1,0
4018.0,9575.0,477.0,1559.0,6099,7244,7726,8504,18759.0,20589.0,959.0,1232.0,49.2,2
36262.0,56119.0,10397.0,15283.0,302,221,177,109,44713.0,40419.0,40033.0,32791.0,49.2,0
28862.0,57101.0,9101.0,15722.0,46,109,172,113,41199.0,39654.0,9612.0,20660.0,49.2,0
37934.0,61593.0,10374.0,16488.0,0,11,0,0,52101.0,51581.0,37144.0,39542.0,49.3,-1
1413.0,7126.0,1306.0,4217.0,1635,3044,2527,4720,6589.0,12238.0,150.0,465.0,49.3,2
12937.0,29192.0,2111.0,3943.0,4662,4926,6084,6645,14351.0,14786.0,1619.0,2741.0,49.4,2
285870.0,403573.0,25919.0,39529.0,278,161,270,124,308641.0,272176.0,125526.0,121751.0,49.4,3
1739.0,7945.0,1477.0,5807.0,1739,2919,2354,4246,6384.0,11701.0,486.0,1246.0,49.4,2
2078.0,13083.0,635.0,4453.0,1115,2815,1495,4005,4479.0,11326.0,0.0,212.0,49.4,2
1825.0,11451.0,127.0,2419.0,393,1021,686,1909,1707.0,4630.0,1242.0,1911.0,49.4,2
1718.0,11562.0,382.0,2740.0,970,1591,1603,2810,4448.0,8167.0,618.0,1369.0,49.4,2
6173.0,20680.0,2904.0,5125.0,4151,4435,5440,5766,15505.0,16595.0,2164.0,2772.0,49.5,2
7011.0,19736.0,2250.0,5585.0,2915,3012,4139,4673,11073.0,12388.0,1561.0,2365.0,49.5,2
3184.0,8970.0,2650.0,5783.0,1655,2557,2416,3702,6737.0,10613.0,378.0,1357.0,49.5,2
32610.0,57846.0,4341.0,8932.0,369,249,282,119,53424.0,51099.0,14769.0,31023.0,49.5,0
9788.0,13311.0,2013.0,4096.0,3336,3183,4937,4746,12066.0,11842.0,2830.0,3279.0,49.6,2
5006.0,11534.0,4198.0,9196.0,5855,6040,7369,8246,18709.0,20121.0,1036.0,1843.0,49.6,2
10384.0,19012.0,1764.0,3232.0,1556,1583,2773,2748,8288.0,8845.0,2506.0,3413.0,49.6,2
35680.0,59487.0,16451.0,28766.0,302,181,316,145,31727.0,33395.0,10065.0,22535.0,49.7,0
2523.0,15005.0,921.0,4220.0,1900,3913,1943,3791,4762.0,9696.0,0.0,364.0,49.7,2
249580.0,363056.0,42331.0,63596.0,324,616,226,141,158290.0,144119.0,67067.0,75333.0,49.7,3
3647.0,5142.0,2890.0,3775.0,3358,3445,4975,4903,13581.0,13164.0,2502.0,2237.0,49.8,2
8824.0,20825.0,1752.0,5149.0,4477,4879,6673,7002,17160.0,17828.0,1632.0,3369.0,49.9,2
7210.0,16700.0,2219.0,4794.0,3059,3388,3867,4270,9569.0,10692.0,646.0,966.0,49.9,2
4987.0,11917.0,350.0,1828.0,2628,3232,3933,4538,9606.0,10602.0,535.0,2126.0,49.9,2
119599.0,165199.0,19402.0,33083.0,620,319,0,58,182487.0,160213.0,62794.0,61499.0,49.9,0
8899.0,14665.0,2077.0,4958.0,5639,6031,7748,8310,17616.0,19192.0,1166.0,1483.0,50.0,2
25939.0,35605.0,11162.0,17248.0,113,178,2,12,34818.0,33642.0,12937.0,25261.0,50.0,0
2668.0,16181.0,1584.0,5875.0,1677,2947,2177,3889,5622.0,10406.0,150.0,1251.0,50.0,2
7155.0,15091.0,1102.0,3542.0,4315,4803,5214,6024,14188.0,15613.0,1892.0,2427.0,50.0,2
1236.0,4599.0,259.0,1262.0,168,82,272,300,5573.0,8688.0,2561.0,3171.0,50.1,0
780.0,5066.0,188.0,841.0,119,0,156,81,3246.0,9015.0,55970.0,108124.0,50.1,0
521942.0,656190.0,107258.0,159340.0,614,623,534,277,974099.0,821219.0,447307.0,421458.0,50.1,3
1303.0,3499.0,0.0,342.0,0,0,96,98,11645.0,11225.0,4892.0,4732.0,50.1,0
1090.0,6010.0,37.0,561.0,330,353,52,0,2149.0,4677.0,24693.0,42978.0,50.1,-1
662620.0,826512.0,60638.0,66213.0,1982,1446,137,220,945768.0,773706.0,647712.0,595182.0,50.1,3
6830.0,14007.0,2646.0,4620.0,4167,4755,6001,6433,15235.0,17197.0,2703.0,3964.0,50.2,2
884.0,4432.0,926.0,3541.0,1187,1899,1808,2932,5253.0,8512.0,700.0,1442.0,50.2,2
28826.0,45538.0,8361.0,15782.0,240,136,415,192,33633.0,33907.0,12119.0,20252.0,50.2,0
15758.0,25240.0,14566.0,26264.0,3197,3445,4799,5008,13300.0,13789.0,1812.0,2388.0,50.2,3
45744.0,74260.0,7384.0,14044.0,261,229,155,95,49320.0,46581.0,31115.0,37202.0,50.3,0
7471.0,17053.0,1692.0,3828.0,3243,3828,4760,5602,14095.0,16128.0,2832.0,3239.0,50.4,2
9172.0,17366.0,7854.0,12790.0,61,16,149,69,17747.0,18707.0,7006.0,13264.0,50.5,0
60744.0,96953.0,20852.0,31101.0,212,187,297,140,59768.0,52937.0,41393.0,37486.0,50.5,0
51286.0,77523.0,23801.0,37874.0,472,254,219,178,59645.0,55929.0,31654.0,41399.0,50.5,0
66063.0,82341.0,11509.0,18807.0,302,205,478,265,53939.0,50358.0,65459.0,46994.0,50.5,0
26272.0,46786.0,10695.0,19803.0,160,126,0,46,35922.0,33402.0,24564.0,26420.0,50.6,0
153623.0,225069.0,11811.0,18225.0,385,188,474,158,137469.0,120197.0,33716.0,43920.0,50.6,0
942.0,4757.0,715.0,3903.0,1722,3542,2165,4755,4851.0,10145.0,530.0,922.0,50.6,2
953.0,3614.0,916.0,5026.0,454,766,627,1514,2168.0,4924.0,1353.0,1603.0,50.7,2
3069.0,7115.0,2830.0,6950.0,1662,1951,2593,3149,7783.0,9443.0,276.0,950.0,50.7,2
5109.0,16700.0,1222.0,4083.0,1502,1762,2385,2836,6660.0,7596.0,483.0,1496.0,50.7,2
16653.0,32959.0,3628.0,6254.0,2145,2363,5816,6157,16525.0,18501.0,1889.0,5465.0,50.7,2
91328.0,132293.0,7195.0,13698.0,343,181,159,82,91877.0,85340.0,27110.0,43240.0,50.7,0
8285.0,17351.0,1917.0,3597.0,5812,6302,7335,8089,18715.0,19003.0,1223.0,4483.0,50.8,2
22561.0,44453.0,3405.0,6394.0,635,369,0,0,33850.0,33244.0,26388.0,28597.0,50.8,-1
7868.0,18840.0,1426.0,2562.0,2513,2619,3557,3906,9964.0,10317.0,2291.0,2193.0,50.9,2
4596.0,12755.0,1153.0,4582.0,494,990,725,1587,2080.0,4300.0,755.0,855.0,50.9,2
23154.0,31564.0,2648.0,5306.0,11783,12125,14064,14124,29903.0,28842.0,5430.0,5235.0,50.9,2
4345.0,10967.0,1950.0,5061.0,1471,2227,1928,3223,5185.0,8434.0,554.0,1405.0,51.0,2
2139.0,11838.0,1292.0,5030.0,807,1990,1037,2844,2516.0,6867.0,53.0,818.0,51.0,2
14877.0,26947.0,7123.0,12195.0,228,242,84,86,22992.0,22208.0,11243.0,16713.0,51.0,0
2153.0,12000.0,575.0,3260.0,1152,1772,1625,2499,4675.0,7474.0,0.0,0.0,51.0,2
31969.0,56939.0,5506.0,9486.0,194,142,336,175,48585.0,45957.0,25458.0,37360.0,51.0,0
2768.0,14884.0,1002.0,3638.0,1498,2590,2402,3990,6017.0,10174.0,322.0,739.0,51.0,2
1930.0,10172.0,815.0,5335.0,740,2005,907,2985,2540.0,7893.0,1749.0,2402.0,51.1,2
2807.0,12835.0,1122.0,5220.0,1839,3763,2234,5008,6280.0,13537.0,217.0,655.0,51.1,2
53194.0,77827.0,5022.0,7675.0,186,171,247,118,57654.0,53891.0,33961.0,44364.0,51.1,0
32570.0,46196.0,5992.0,8051.0,333,369,330,204,37496.0,36306.0,27323.0,25442.0,51.4,0
48323.0,67765.0,4885.0,5890.0,367,207,48,153,34111.0,32409.0,23668.0,26361.0,51.4,0
1575.0,4531.0,2028.0,6214.0,1345,3054,1704,3598,5173.0,10342.0,1059.0,2549.0,51.5,2
16042.0,31464.0,9013.0,16466.0,394,325,70,43,20019.0,19700.0,12707.0,16227.0,51.5,0
37359.0,58894.0,11899.0,20031.0,52,74,450,197,46756.0,44545.0,19134.0,36432.0,51.6,0
63015.0,98061.0,8345.0,12738.0,227,110,0,150,60595.0,54520.0,62051.0,45257.0,51.6,0
26229.0,39482.0,1465.0,2893.0,276,310,130,154,33381.0,33131.0,14743.0,24682.0,51.6,0
5879.0,12974.0,1038.0,4161.0,2166,2701,2538,3318,6929.0,8590.0,956.0,1796.0,51.7,2
40072.0,65122.0,10443.0,19127.0,328,146,144,43,53131.0,50696.0,14121.0,35541.0,51.7,0
9514.0,11751.0,1562.0,3615.0,4385,4633,6203,6442,19035.0,19091.0,5305.0,3591.0,51.7,2
48722.0,67026.0,6354.0,8751.0,553,178,414,159,53742.0,49153.0,53558.0,37737.0,51.7,0
5626.0,13601.0,1543.0,3538.0,3186,3183,4628,4917,10417.0,10274.0,869.0,1505.0,51.7,2
20050.0,34127.0,4143.0,6848.0,85,101,109,123,21735.0,21686.0,16557.0,17134.0,51.9,0
5483.0,13566.0,1685.0,3253.0,2023,2402,2711,3263,7492.0,9422.0,1055.0,2388.0,51.9,2
1460.0,8103.0,1031.0,4236.0,442,1308,636,1772,1442.0,4685.0,512.0,1090.0,51.9,2
297132.0,410199.0,28129.0,36791.0,596,756,0,30,387487.0,318740.0,140267.0,105145.0,51.9,3
11731.0,20283.0,1318.0,5030.0,6271,7307,7472,8465,17804.0,18600.0,3580.0,3302.0,51.9,2
108462.0,158121.0,12982.0,22706.0,73,244,118,79,170777.0,145692.0,83172.0,63011.0,52.0,0
21408.0,41721.0,2595.0,4570.0,3892,3745,5708,5718,18199.0,17965.0,4142.0,5373.0,52.0,2
29259.0,48678.0,6249.0,7746.0,145,100,35,11,28458.0,25894.0,21251.0,17686.0,52.0,0
17643.0,30832.0,14510.0,21623.0,8768,7452,11188,10085,29572.0,25863.0,6439.0,6907.0,52.0,2
11209.0,9554.0,3160.0,4723.0,1724,2016,3538,3816,8370.0,9326.0,30.0,1168.0,52.1,2
7787.0,14433.0,1876.0,4024.0,2576,3350,3611,4322,9551.0,10411.0,1985.0,2121.0,52.2,2
1955.0,12991.0,101.0,1378.0,137,28,99,0,5231.0,10759.0,26920.0,61149.0,52.3,-1
374464.0,492888.0,51924.0,74181.0,850,679,27,94,622053.0,500313.0,194187.0,202838.0,52.3,3
134141.0,191964.0,16873.0,27528.0,1172,515,0,21,243419.0,201040.0,90980.0,86409.0,52.3,3
12014.0,17102.0,2181.0,2834.0,2815,3119,3163,4063,7922.0,10058.0,2807.0,2234.0,52.3,2
10218.0,13653.0,1.0,3008.0,305,1227,695,1623,1704.0,4534.0,63.0,406.0,52.3,2
14529.0,25372.0,4097.0,6662.0,15242,16347,16304,16886,31584.0,33196.0,1450.0,2743.0,52.4,1
16637.0,37261.0,2373.0,5228.0,4566,4073,6876,6917,20061.0,19541.0,4379.0,5127.0,52.4,2
31460.0,42041.0,4339.0,7298.0,0,130,254,119,32550.0,29100.0,24008.0,20937.0,52.5,0
1989.0,5077.0,1919.0,3675.0,3594,4032,4716,5299,12272.0,14313.0,392.0,2849.0,52.5,2
43729.0,71556.0,6205.0,10604.0,191,169,414,181,47669.0,43997.0,28672.0,33067.0,52.6,0
16511.0,21312.0,3403.0,4542.0,4735,4761,5620,5398,14016.0,12978.0,2867.0,2356.0,52.6,2
34651.0,59038.0,4648.0,9501.0,115,184,257,122,31942.0,30831.0,13103.0,23583.0,52.7,0
5624.0,10770.0,947.0,3420.0,493,1170,699,1734,1708.0,4696.0,1348.0,1646.0,52.8,2
3745.0,8794.0,690.0,3184.0,904,1515,1327,2324,3719.0,6561.0,0.0,260.0,52.8,2
2635.0,5825.0,460.0,2195.0,1209,2882,1734,4214,4074.0,11077.0,0.0,114.0,52.8,2
102768.0,139979.0,13092.0,17692.0,536,449,0,32,172621.0,149659.0,54890.0,65780.0,52.8,0
1682.0,6309.0,858.0,2964.0,5003,7179,6315,9078,13964.0,19886.0,1687.0,2374.0,52.9,2
429484.0,551960.0,51249.0,74456.0,1985,1657,22307,20896,198352.0,170760.0,138518.0,132429.0,53.1,3
289489.0,404997.0,34346.0,51246.0,349,357,27,96,215309.0,193478.0,114766.0,121407.0,53.1,3
3510.0,13075.0,777.0,2446.0,1934,2515,2414,3317,6848.0,8687.0,734.0,1253.0,53.1,2
12154.0,15497.0,2670.0,3593.0,5093,4995,6962,6911,19218.0,18298.0,3353.0,3116.0,53.1,2
42446.0,50894.0,7434.0,9977.0,251,204,42,90,38457.0,36752.0,25654.0,24682.0,53.2,0
6727.0,12602.0,1953.0,3428.0,2440,2515,3364,3559,10140.0,10643.0,1690.0,1495.0,53.2,2
15545.0,29638.0,2310.0,4391.0,133,97,340,194,20488.0,20662.0,14573.0,16547.0,53.3,0
1520.0,10270.0,34.0,1571.0,154,89,115,0,1405.0,4494.0,524.0,1545.0,53.3,-1
2982.0,8156.0,1555.0,3395.0,1520,2112,2176,3145,5589.0,8035.0,1059.0,1716.0,53.3,2
9245.0,8804.0,6160.0,8520.0,2706,2489,3026,3380,9233.0,9396.0,1827.0,1889.0,53.4,2
6088.0,19423.0,389.0,2130.0,2787,3419,3857,4825,9548.0,11991.0,0.0,297.0,53.4,2
56610.0,85862.0,5937.0,9378.0,67,230,156,134,61054.0,59746.0,27574.0,44937.0,53.4,0
1917.0,11825.0,1103.0,5084.0,758,2614,1194,3916,3250.0,9543.0,1270.0,2091.0,53.4,2
2422.0,10625.0,1162.0,5036.0,2400,4001,3190,5192,7156.0,12120.0,697.0,1762.0,53.4,2
2416.0,9737.0,2614.0,7476.0,2368,3027,3245,3965,7896.0,9707.0,0.0,445.0,53.4,2
23470.0,35026.0,6431.0,10220.0,201,107,313,182,19353.0,18813.0,12533.0,15000.0,53.4,0
1952.0,9623.0,480.0,2907.0,209,113,155,25,3308.0,6831.0,2956.0,5838.0,53.4,0
1791.0,10298.0,3601.0,11712.0,136,17,141,25,12513.0,21703.0,2985.0,4717.0,53.4,0
2531.0,12999.0,1143.0,6635.0,145,25,156,43,5574.0,10194.0,2345.0,3732.0,53.4,0
1042.0,4630.0,1908.0,11216.0,225,240,165,63,4456.0,10121.0,103639.0,217498.0,53.4,3
1461370.0,1284950.0,2803700.0,3174900.0,15309,9535,16719,8454,1831790.0,1215040.0,1206800.0,827577.0,53.4,1
4257.0,12261.0,1369.0,4524.0,3307,4131,4284,5535,9146.0,11399.0,694.0,1103.0,53.5,2
71494.0,111180.0,27015.0,41728.0,364,310,270,129,71909.0,63190.0,50457.0,52612.0,53.6,0
8781.0,22402.0,1464.0,2830.0,2999,3009,3886,4033,9307.0,10213.0,763.0,2550.0,53.6,2
40882.0,53951.0,3482.0,5847.0,469,219,393,189,55077.0,53895.0,20216.0,38168.0,53.6,0
30728.0,59451.0,8943.0,12824.0,312,83,239,152,35245.0,32673.0,19316.0,24413.0,53.8,0
832.0,3379.0,365.0,2622.0,168,69,89,29,4064.0,7379.0,4676.0,7003.0,53.9,0
2106.0,9484.0,216.0,917.0,260,149,278,168,14487.0,14848.0,6769.0,7763.0,53.9,0
504.0,3071.0,317.0,1823.0,145,126,162,139,2751.0,5460.0,10416.0,22734.0,53.9,0
1840.0,10222.0,0.0,1355.0,215,180,210,163,2926.0,8089.0,40224.0,75027.0,53.9,0
1072160.0,1220340.0,121246.0,152897.0,3775,2731,1015,499,1477320.0,922187.0,545023.0,349507.0,53.9,3
9495.0,13668.0,3762.0,7055.0,1858,2054,3326,3341,9258.0,8623.0,2823.0,2322.0,54.0,2
9939.0,18325.0,1764.0,4832.0,6750,6274,7562,7768,19294.0,18744.0,1010.0,1054.0,54.1,2
13025.0,33339.0,2243.0,5181.0,12782,13208,15756,16491,32704.0,34535.0,3812.0,6740.0,54.1,2
222134.0,347388.0,12822.0,18748.0,400,466,782,259,51598.0,43832.0,27880.0,25565.0,54.1,3
55911.0,88205.0,7056.0,12108.0,314,219,8,53,60055.0,56778.0,21216.0,42356.0,54.1,0
116266.0,168096.0,14606.0,24203.0,545,255,305,147,124653.0,110157.0,56572.0,53733.0,54.1,0
246591.0,330957.0,17289.0,26061.0,702,600,0,139,167798.0,147873.0,156866.0,134566.0,54.2,0
184808.0,274145.0,42749.0,71709.0,517,305,226,166,176843.0,152840.0,67707.0,68566.0,54.2,0
6974.0,14926.0,3232.0,7166.0,3724,4221,5152,5729,13757.0,14936.0,1807.0,4073.0,54.2,2
8827.0,21673.0,2513.0,4775.0,4777,5366,6288,6604,17687.0,19319.0,1365.0,1833.0,54.3,2
4656.0,20874.0,1088.0,3323.0,2785,3455,3695,4648,9382.0,12185.0,0.0,26.0,54.3,2
48879.0,68046.0,8122.0,14368.0,218,125,216,194,33470.0,32257.0,26531.0,24645.0,54.3,0
53047.0,77763.0,9945.0,16743.0,53,93,379,135,75204.0,71919.0,42429.0,52666.0,54.4,0
21046.0,38552.0,4979.0,8897.0,5139,5720,8017,8449,22673.0,24484.0,982.0,4710.0,54.5,2
12765.0,20509.0,2398.0,3988.0,14946,15817,15909,16326,29998.0,31368.0,1906.0,3493.0,54.5,2
33996.0,56905.0,6933.0,11366.0,305,141,636,244,39295.0,37006.0,11756.0,25672.0,54.6,0
7707.0,11468.0,1459.0,2543.0,4314,4183,4931,4895,12762.0,12417.0,1383.0,2605.0,54.7,2
13678.0,22645.0,2283.0,3694.0,5084,4727,6765,6413,17786.0,16866.0,3253.0,4818.0,54.7,2
17410.0,29656.0,4057.0,5444.0,4855,5034,7057,6502,20384.0,18657.0,3175.0,3910.0,54.8,2
965.0,5890.0,956.0,4769.0,1623,3835,2032,4275,5167.0,10738.0,203.0,258.0,54.8,2
6298.0,13998.0,1757.0,4365.0,2856,3223,3725,4428,9680.0,11502.0,536.0,948.0,54.9,2
31630.0,41224.0,2755.0,3264.0,9664,8894,12384,12195,30792.0,30749.0,7963.0,4858.0,54.9,2
6001.0,12141.0,1567.0,3230.0,4317,4527,5369,5878,14827.0,15566.0,609.0,1536.0,55.0,2
29308.0,54001.0,21141.0,33888.0,305,176,93,53,31122.0,30224.0,11281.0,24577.0,55.0,0
35440.0,49337.0,17608.0,28971.0,569,239,11,64,36867.0,32744.0,18615.0,26549.0,55.1,0
8231.0,22949.0,1491.0,2899.0,6286,7484,8887,10384,11616.0,11701.0,1914.0,2634.0,55.1,2
1592.0,6992.0,0.0,117.0,960,3504,1381,4850,1967.0,5277.0,335.0,440.0,55.1,2
1395.0,5384.0,1572.0,4894.0,1758,3891,2476,5192,6126.0,12675.0,1220.0,1803.0,55.1,2
3223.0,7142.0,830.0,2302.0,2089,2152,2953,2949,8116.0,8127.0,1055.0,1256.0,55.2,2
30281.0,44351.0,1323.0,2584.0,590,188,111,142,34472.0,31893.0,14624.0,25170.0,55.3,0
4927.0,10828.0,1586.0,3750.0,1194,1253,1868,2005,5644.0,6143.0,1269.0,1655.0,55.3,2
44109.0,69074.0,9904.0,16423.0,355,261,286,162,53785.0,52212.0,34005.0,39897.0,55.3,0
52469.0,78991.0,10404.0,16874.0,154,131,479,186,35902.0,33975.0,17730.0,23736.0,55.3,0
171029.0,250109.0,4200.0,6639.0,255,210,57,130,156883.0,138790.0,60588.0,61112.0,55.4,0
2476.0,7586.0,1706.0,3896.0,994,1648,1401,2141,4834.0,6790.0,1264.0,1461.0,55.4,2
4276.0,9394.0,1268.0,2518.0,317,899,509,1451,1843.0,4344.0,0.0,473.0,55.4,2
3205.0,7473.0,1114.0,2814.0,2673,4392,3526,5936,8686.0,14563.0,2534.0,3175.0,55.4,2
31091.0,30209.0,6749.0,10321.0,9948,10478,13932,13377,35856.0,33628.0,7348.0,6160.0,55.4,2
4262.0,23334.0,1038.0,6727.0,104,0,158,101,2574.0,6006.0,13659.0,21158.0,55.4,0
16225.0,36095.0,9478.0,17672.0,302,276,163,104,30953.0,30618.0,4311.0,13195.0,55.4,0
1881400.0,1176570.0,4144590.0,3083080.0,4589,2094,1653,664,231109.0,176187.0,179904.0,114009.0,55.5,1
10721.0,17931.0,1764.0,3582.0,7633,8276,9008,9724,22500.0,22126.0,2654.0,4332.0,55.5,2
28077.0,38233.0,15164.0,23238.0,303,178,335,196,33921.0,32706.0,25698.0,25712.0,55.6,0
68415.0,100906.0,26266.0,37465.0,942,669,2691,2076,94452.0,79454.0,129947.0,110832.0,55.6,3
51214.0,73772.0,16571.0,23624.0,224,220,117,60,62720.0,57448.0,49007.0,47163.0,55.7,0
508.0,2040.0,0.0,2053.0,647,1405,698,2178,2128.0,6042.0,1611.0,2975.0,55.7,2
4175.0,12848.0,890.0,4198.0,2714,3404,3842,5284,9523.0,13066.0,263.0,1521.0,55.7,2
4316.0,10383.0,1883.0,5469.0,5438,6511,5566,6507,12392.0,15059.0,906.0,1069.0,55.7,2
7089.0,15226.0,2998.0,4891.0,3144,3255,3670,3796,9638.0,10565.0,2085.0,1716.0,55.7,2
14975.0,23989.0,2863.0,5582.0,4892,4370,5345,5229,16024.0,15920.0,5764.0,4574.0,55.9,2
12498.0,15607.0,1728.0,2189.0,5049,4465,6573,6555,15571.0,14534.0,5766.0,3561.0,55.9,2
18034.0,36477.0,11921.0,22125.0,10451,11961,11036,11990,26858.0,27706.0,1912.0,3111.0,55.9,1
4773.0,17213.0,296.0,2250.0,741,1942,996,2508,1985.0,5221.0,1597.0,2096.0,55.9,2
6331.0,18115.0,2197.0,4775.0,5700,7139,6450,7889,12701.0,15597.0,0.0,315.0,55.9,2
3596.0,18230.0,1776.0,6259.0,2458,3769,2872,4384,8397.0,13477.0,760.0,1218.0,56.0,2
8845.0,17735.0,2056.0,5232.0,4960,5137,6260,6636,15074.0,15804.0,1787.0,2680.0,56.1,2
5702.0,14274.0,1524.0,3777.0,5843,6851,7264,8539,18452.0,21517.0,1915.0,3178.0,56.2,2
47578.0,59916.0,3422.0,5007.0,0,120,196,169,46472.0,42336.0,44589.0,32472.0,56.2,0
12044.0,20886.0,1572.0,3630.0,5639,5813,5840,6376,16022.0,16478.0,240.0,2832.0,56.2,2
41209.0,65796.0,6685.0,9269.0,167,165,222,126,32434.0,29584.0,15631.0,22733.0,56.2,0
12055.0,32012.0,1903.0,3857.0,4504,4716,6027,6443,15561.0,15970.0,3493.0,4388.0,56.2,2
52480.0,77499.0,5353.0,8186.0,934,346,127,59,47291.0,41175.0,48846.0,41800.0,56.3,0
10668.0,24700.0,2449.0,5045.0,4795,4876,7450,7709,19431.0,19994.0,1871.0,3376.0,56.4,2
7851.0,22069.0,1702.0,4025.0,7686,8562,10308,11232,24740.0,26611.0,1673.0,4983.0,56.5,2
8920.0,21186.0,518.0,3871.0,3129,4557,4040,5364,9662.0,12848.0,722.0,909.0,56.5,2
4912.0,18357.0,884.0,2500.0,1819,2976,2063,3874,5814.0,10419.0,1064.0,1948.0,56.6,2
2771.0,10757.0,0.0,315.0,979,2482,1115,3043,3257.0,8756.0,460.0,767.0,56.6,2
5136.0,12122.0,945.0,2286.0,2338,2139,3021,3119,9458.0,9079.0,1880.0,1504.0,56.6,2
4460.0,12140.0,1845.0,4429.0,2588,2994,3659,4511,9507.0,11485.0,916.0,2314.0,56.6,2
4295.0,10910.0,1251.0,3115.0,2918,3185,3863,4280,9232.0,10801.0,586.0,1606.0,56.6,2
17575.0,28082.0,2974.0,6031.0,5824,5986,8588,8593,21312.0,21627.0,6058.0,5877.0,56.7,2
407234.0,528711.0,18768.0,25720.0,1094,743,0,127,618935.0,499111.0,216763.0,173308.0,56.7,3
7039.0,16203.0,8158.0,11783.0,101,89,77,75,6835.0,4773.0,858.0,1187.0,56.7,0
2329000.0,2145670.0,2113440.0,2383910.0,4996,3075,1330,904,355464.0,290735.0,154568.0,144668.0,56.7,1
810.0,5045.0,0.0,227.0,1072,2680,1483,3779,4061.0,10935.0,776.0,1910.0,56.7,2
12851.0,14728.0,3427.0,7690.0,7189,7700,8174,8561,19653.0,19787.0,5808.0,4451.0,56.8,2
12716.0,19057.0,2355.0,4304.0,2604,2388,3570,3631,11122.0,11180.0,1723.0,1933.0,56.8,2
15669.0,34295.0,10091.0,19305.0,174,170,279,136,33278.0,35403.0,3007.0,8643.0,56.8,0
106860.0,182638.0,6740.0,11117.0,125,93,332,117,99759.0,92304.0,31572.0,49128.0,56.8,0
8497.0,12678.0,1876.0,3056.0,2263,2146,3522,3411,11389.0,11361.0,1273.0,1625.0,56.9,2
6517.0,15025.0,600.0,1368.0,15738,16105,27322,29200,25852.0,28406.0,4428.0,8743.0,57.0,1
17580.0,32462.0,6340.0,9052.0,4928,4878,7158,7629,21156.0,22224.0,3070.0,4122.0,57.0,2
45962.0,62654.0,3275.0,5148.0,408,257,0,74,37197.0,34335.0,22562.0,23365.0,57.0,0
9945.0,18774.0,2073.0,3326.0,4195,4291,5685,5870,15728.0,15016.0,2254.0,3542.0,57.0,2
2876.0,11346.0,944.0,3081.0,2889,5237,4155,7183,10130.0,16591.0,255.0,1510.0,57.1,2
1813.0,10218.0,789.0,5332.0,1314,1990,1691,2673,4231.0,6742.0,0.0,0.0,57.1,2
696911.0,820157.0,1026060.0,1191310.0,2240,1619,456,310,464061.0,371404.0,201273.0,144850.0,57.3,1
5509.0,13673.0,3402.0,7509.0,6313,6981,8519,9473,22193.0,24320.0,3081.0,3494.0,57.4,2
33166.0,56340.0,11880.0,18123.0,167,234,0,83,42186.0,41030.0,11920.0,23748.0,57.4,0
29300.0,52983.0,17869.0,31012.0,454,335,0,15,37870.0,36448.0,19590.0,25038.0,57.4,0
4543.0,17664.0,1400.0,3409.0,3808,4644,4507,5460,10655.0,12400.0,1316.0,1773.0,57.4,2
28104.0,43100.0,2806.0,4558.0,43,67,108,70,43269.0,39474.0,32676.0,29903.0,57.4,0
24631.0,43277.0,1982.0,3664.0,212,130,125,79,31153.0,30000.0,26513.0,24742.0,57.4,0
588771.0,815260.0,273829.0,407532.0,776,618,297,200,313329.0,270921.0,172814.0,151416.0,57.4,3
6641.0,15547.0,2166.0,4186.0,7853,8072,9617,9761,21875.0,22285.0,2739.0,4484.0,57.5,2
6022.0,15761.0,925.0,2597.0,3756,5814,4543,7122,11261.0,16688.0,1056.0,2294.0,57.5,2
1679.0,8489.0,118.0,757.0,1619,4798,2061,5987,4194.0,12722.0,373.0,629.0,57.5,2
4604.0,20478.0,925.0,3725.0,2630,4036,3232,4909,8157.0,12982.0,34.0,611.0,57.5,2
3278.0,10972.0,1579.0,4213.0,128,66,159,18,3712.0,4775.0,0.0,280.0,57.7,0
596494.0,639823.0,518551.0,557021.0,738,685,0,258,331395.0,263498.0,217960.0,146888.0,57.7,3
13976.0,30910.0,3532.0,4755.0,3071,3232,3993,4208,10857.0,11311.0,527.0,1434.0,57.7,2
38655.0,61095.0,5937.0,9944.0,92,107,81,114,43054.0,40115.0,34912.0,31384.0,57.9,0
31736.0,49450.0,35081.0,56583.0,98,156,0,55,36720.0,34728.0,32305.0,27987.0,57.9,0
20301.0,34298.0,2320.0,3591.0,251,542,235,118,24568.0,23512.0,12368.0,17741.0,58.0,0
36878.0,64316.0,6641.0,11075.0,79,64,0,12,45797.0,42121.0,17750.0,30506.0,58.1,0
8825.0,15423.0,235.0,1791.0,1353,2789,1368,3178,4209.0,8428.0,2364.0,1963.0,58.2,2
1014.0,6958.0,65.0,1676.0,1780,3268,2034,3795,5370.0,10057.0,228.0,543.0,58.2,2
12186.0,11961.0,3695.0,5461.0,5239,6319,6653,7890,15695.0,17900.0,3651.0,4441.0,58.2,2
7358.0,11015.0,0.0,2178.0,780,2049,739,2835,2131.0,5911.0,38.0,153.0,58.2,2
8547.0,14091.0,3096.0,5283.0,4361,4258,5576,5514,15866.0,15393.0,4186.0,3077.0,58.3,2
31941.0,49252.0,9096.0,17700.0,200,211,190,104,31047.0,27984.0,18655.0,17710.0,58.3,0
33565.0,47358.0,12075.0,18664.0,106,120,38,123,43636.0,42473.0,18317.0,32014.0,58.3,0
8676.0,26618.0,5704.0,12463.0,5226,6559,6577,8489,19116.0,23944.0,1086.0,2855.0,58.4,2
32528.0,56864.0,7085.0,11826.0,2649,2645,6645,6605,18567.0,18705.0,5296.0,6308.0,58.5,3
47515.0,79957.0,21024.0,34970.0,420,188,0,37,71934.0,64166.0,55868.0,45562.0,58.6,0
13354.0,31584.0,4778.0,9586.0,3974,4191,5884,6534,16756.0,18147.0,3204.0,5444.0,58.6,2
11167.0,13095.0,2516.0,4753.0,1523,1844,2578,2471,7237.0,6631.0,1644.0,1598.0,58.6,2
1862.0,10864.0,561.0,2026.0,1031,2199,1415,3514,3528.0,9365.0,431.0,596.0,58.7,2
2602.0,6563.0,1853.0,4357.0,5912,6402,6662,7113,18376.0,19192.0,661.0,2279.0,58.8,2
6894.0,11983.0,4221.0,7689.0,4417,4512,7012,7230,17903.0,17345.0,3577.0,4222.0,58.9,2
6706.0,17918.0,3100.0,8134.0,3506,4167,4779,5812,12430.0,15333.0,556.0,1234.0,58.9,2
35444.0,58808.0,5084.0,6127.0,485,248,212,112,31206.0,27907.0,21914.0,23760.0,58.9,0
15082.0,27482.0,3501.0,5294.0,7571,7648,9049,9020,23032.0,23102.0,2044.0,3403.0,58.9,2
27569.0,57783.0,4394.0,7270.0,165,225,264,125,25781.0,25054.0,8308.0,17365.0,58.9,0
12129.0,23509.0,2408.0,4444.0,6225,5820,8184,7764,19637.0,20219.0,3286.0,5450.0,58.9,2
6336.0,11134.0,3845.0,6874.0,5292,5717,6864,7330,18870.0,19173.0,2145.0,3164.0,59.0,2
18724.0,37076.0,5590.0,8506.0,183,134,134,29,23725.0,22721.0,8153.0,15848.0,59.1,0
1937.0,6716.0,1081.0,3637.0,107,0,235,117,8020.0,9489.0,4484.0,6506.0,59.1,0
2488.0,8106.0,923.0,2968.0,28,0,203,126,4447.0,6609.0,1216.0,1559.0,59.1,0
3313.0,13832.0,0.0,579.0,174,136,223,341,2577.0,6210.0,91323.0,141880.0,59.1,3
1070860.0,1211240.0,121020.0,148090.0,7642,5610,85303,67180,823500.0,603025.0,625646.0,436079.0,59.1,3
88835.0,125365.0,9911.0,15442.0,517,284,286,171,159017.0,130908.0,80177.0,61377.0,59.1,0
53360.0,93702.0,6852.0,10804.0,774,309,26,48,35908.0,31758.0,24330.0,27380.0,59.1,0
23700.0,33732.0,3151.0,5504.0,10639,11237,11610,12582,27972.0,27443.0,1651.0,2998.0,59.2,2
1962.0,5480.0,2509.0,5742.0,2588,2892,4131,4938,10550.0,12609.0,384.0,1067.0,59.2,2
1762.0,9435.0,624.0,1978.0,648,1662,756,1819,1921.0,4464.0,1000.0,1709.0,59.2,2
2591.0,15535.0,375.0,3159.0,180,125,89,0,12080.0,22486.0,11143.0,20994.0,59.3,-1
913053.0,899269.0,333109.0,497415.0,2130,1607,696,315,2355800.0,1573940.0,955510.0,650480.0,59.3,1
10067.0,13649.0,2185.0,4271.0,2492,2554,3716,3162,8581.0,8770.0,1669.0,2070.0,59.3,2
31342.0,65555.0,45423.0,72713.0,8519,8832,9295,9171,25615.0,24893.0,4095.0,6810.0,59.4,1
8548.0,22904.0,1795.0,4495.0,3660,4231,4324,5199,11927.0,13851.0,1822.0,2378.0,59.4,2
48958.0,68130.0,98191.0,119461.0,6329,6051,9602,9777,25919.0,24608.0,8633.0,8276.0,59.5,1
1905.0,8018.0,0.0,300.0,168,39,169,75,33458.0,48392.0,10091.0,15712.0,59.5,0
3562.0,9690.0,0.0,708.0,306,230,0,31,80221.0,64178.0,17247.0,14797.0,59.5,0
4193.0,13118.0,173.0,1772.0,158,67,114,5,55754.0,49451.0,21271.0,17698.0,59.5,0
708165.0,379709.0,452572.0,251077.0,14098,5079,2464,458,13705600.0,2487630.0,6550900.0,1189560.0,59.5,4
20865.0,32007.0,3798.0,4073.0,5558,5064,7272,7133,19376.0,17991.0,3972.0,4386.0,59.6,2
17323.0,32157.0,2576.0,4542.0,293,115,150,144,28287.0,27538.0,14504.0,23702.0,59.6,0
21836.0,32689.0,2212.0,2375.0,185,141,127,121,31955.0,30451.0,27735.0,21649.0,59.7,0
4114.0,9228.0,1610.0,4337.0,2854,3360,3198,3479,8299.0,9382.0,21.0,738.0,59.7,2
8942.0,21208.0,1311.0,3972.0,5109,5627,6945,8139,20087.0,22778.0,4340.0,5105.0,59.7,2
5689.0,16230.0,2693.0,4711.0,4327,4622,4652,4806,11980.0,12248.0,1825.0,1529.0,59.8,2
5202.0,13527.0,1134.0,2250.0,4517,5266,5278,6261,12667.0,14524.0,807.0,1940.0,59.8,2
5796.0,18268.0,1345.0,3247.0,2672,3010,3127,3867,7637.0,8742.0,1670.0,2402.0,59.8,2
13634.0,22251.0,1555.0,3875.0,4677,4771,6190,6131,17023.0,16907.0,3218.0,2994.0,59.9,2
3040.0,15058.0,1730.0,4990.0,3065,4753,3073,4964,7413.0,11759.0,276.0,378.0,60.0,2
2905.0,15584.0,647.0,3398.0,1434,3851,1379,4046,3648.0,9626.0,0.0,93.0,60.0,2
18988.0,25053.0,552.0,2806.0,3994,4185,5439,5440,17227.0,16685.0,4913.0,4627.0,60.1,2
53974.0,83733.0,25818.0,42633.0,13,141,171,169,73668.0,72913.0,39371.0,50386.0,60.1,0
24041.0,22461.0,3783.0,5831.0,4812,4539,6446,5804,15426.0,13353.0,3852.0,2920.0,60.1,2
9181.0,12958.0,678.0,2651.0,1691,2788,2120,3331,7523.0,10252.0,3914.0,2935.0,60.2,2
152951.0,231238.0,28444.0,42622.0,0,119,0,75,127998.0,109368.0,38493.0,45322.0,60.2,0
13242.0,11172.0,4119.0,5842.0,1546,1435,2424,2321,7471.0,6928.0,1806.0,2200.0,60.4,2
10783.0,13140.0,3735.0,5846.0,7379,7296,10458,10700,27369.0,27074.0,5088.0,5415.0,60.4,2
104196.0,147686.0,23878.0,36422.0,457,290,389,166,61796.0,55359.0,39960.0,43474.0,60.5,0
29787.0,46318.0,9691.0,15675.0,527,338,199,100,43655.0,40934.0,11062.0,23668.0,60.6,0
12389.0,25092.0,6897.0,10202.0,131,117,556,284,20627.0,19541.0,9643.0,15445.0,60.7,0
12168.0,17760.0,1017.0,2960.0,4085,3897,5470,5380,12167.0,12619.0,3897.0,4266.0,60.7,2
19992.0,33630.0,1464.0,2308.0,8214,8381,9863,10058,22972.0,22891.0,4440.0,3959.0,60.7,2
1625.0,10072.0,564.0,2361.0,1930,3704,2721,5093,6971.0,12723.0,551.0,862.0,60.8,2
9409.0,18713.0,1718.0,4186.0,5809,6025,8019,8363,22377.0,22970.0,1052.0,3104.0,60.8,2
47597.0,76302.0,12352.0,20574.0,483,232,109,67,46722.0,41423.0,38876.0,33000.0,60.9,0
9432.0,13852.0,2396.0,5389.0,4121,3974,5601,5469,15117.0,13947.0,4220.0,3468.0,60.9,2
54221.0,73042.0,3388.0,6571.0,198,217,0,96,59678.0,55691.0,44311.0,47588.0,60.9,0
13152.0,21651.0,6356.0,8928.0,8406,8794,9775,9915,22562.0,21130.0,2779.0,4023.0,61.0,2
15530.0,37822.0,8471.0,15075.0,523,445,149,197,83089.0,79037.0,44770.0,32080.0,61.0,0
13321.0,32356.0,18921.0,22565.0,1229,696,308,131,130226.0,96618.0,52686.0,32412.0,61.0,3
3902.0,11048.0,5750.0,13798.0,668,655,317,225,72956.0,100860.0,5708.0,12525.0,61.0,0
9729.0,19034.0,0.0,1567.0,3355,3416,3828,3711,10578.0,9798.0,2652.0,2262.0,61.0,2
817.0,4623.0,0.0,0.0,215,187,241,167,2719.0,4100.0,685.0,949.0,61.0,0
161405.0,220072.0,18888.0,28479.0,554,222,267,96,280214.0,227148.0,157461.0,108528.0,61.0,3
36765.0,63244.0,21556.0,38133.0,9066,9363,12375,13008,32829.0,33427.0,5263.0,8350.0,61.1,1
3050.0,18033.0,753.0,4078.0,2290,5559,2484,6085,5339.0,12942.0,0.0,381.0,61.1,2
2092.0,12216.0,921.0,3435.0,2266,5565,2676,6257,5011.0,12792.0,343.0,833.0,61.1,2
85192.0,134729.0,11833.0,16862.0,563,304,55,52,151073.0,135914.0,47936.0,50277.0,61.1,0
6891.0,16672.0,690.0,1575.0,4154,4665,4764,5118,10745.0,10734.0,1134.0,1596.0,61.2,2
103175.0,158406.0,9183.0,16084.0,142,352,564,259,186219.0,157664.0,90253.0,68336.0,61.2,0
6424.0,18666.0,851.0,2240.0,2968,3192,4368,4649,12824.0,14437.0,2879.0,3058.0,61.4,2
14278.0,21585.0,40193.0,69816.0,5679,5923,7076,7679,17921.0,17893.0,3090.0,4227.0,61.5,1
19455.0,33063.0,5844.0,8714.0,294,152,137,67,21776.0,21353.0,8618.0,16111.0,61.5,0
1160410.0,1037500.0,1348580.0,1631510.0,2589,1779,478,386,368606.0,270558.0,152441.0,146650.0,61.6,1
6427.0,14100.0,1237.0,2623.0,2232,3420,3056,3757,8499.0,11105.0,2824.0,2615.0,61.6,2
9707.0,26175.0,1163.0,3054.0,526,1897,818,2303,2068.0,6084.0,307.0,480.0,61.6,2
4245.0,9681.0,2763.0,6229.0,3651,4776,4935,6128,14059.0,16541.0,652.0,1725.0,61.7,2
8737.0,13922.0,2001.0,3628.0,7424,8020,8347,8936,17111.0,18480.0,652.0,1892.0,61.8,2
5179.0,6264.0,777.0,1159.0,2963,2784,4044,3976,10687.0,10157.0,640.0,1294.0,61.8,2
49847.0,79849.0,15340.0,23956.0,451,341,244,121,74473.0,72790.0,35896.0,48069.0,61.8,0
6263.0,13857.0,2815.0,4851.0,3635,3792,5749,6447,14540.0,15783.0,2411.0,3419.0,61.8,2
18944.0,38313.0,4028.0,6153.0,173,54,0,0,24972.0,24414.0,12326.0,16567.0,61.8,-1
45172.0,70470.0,12963.0,21456.0,435,217,601,237,40165.0,37150.0,15304.0,28700.0,61.9,0
8879.0,12711.0,4497.0,6510.0,2950,3105,3547,3562,10689.0,10706.0,2756.0,3390.0,61.9,2
37832.0,60247.0,15339.0,23230.0,160,156,149,38,59130.0,56855.0,25289.0,38492.0,61.9,0
10610.0,25399.0,5923.0,11762.0,1303,1335,3260,3619,10264.0,12171.0,1322.0,2437.0,61.9,2
9529.0,19650.0,3189.0,4418.0,8897,9154,10754,11553,25698.0,25903.0,743.0,1841.0,61.9,2
4876.0,14963.0,1659.0,4249.0,3724,4582,4908,5581,11119.0,12827.0,1406.0,2198.0,61.9,2
8066.0,15833.0,1019.0,3174.0,6596,6322,7795,7972,19888.0,19585.0,2771.0,2821.0,62.0,2
35592.0,55968.0,8603.0,14597.0,0,16,298,206,40631.0,39589.0,20079.0,34119.0,62.0,0
52454.0,92643.0,2267.0,6809.0,309,181,86,115,64590.0,59545.0,53013.0,41920.0,62.0,0
35689.0,52086.0,26927.0,41768.0,468,183,250,77,44840.0,42899.0,22107.0,29562.0,62.2,0
4516.0,11027.0,827.0,2246.0,2139,2343,3128,3666,8789.0,9928.0,1027.0,1486.0,62.2,2
191415.0,262276.0,34638.0,51244.0,761,269,424,166,244577.0,204733.0,125658.0,105887.0,62.2,0
7617.0,8869.0,1613.0,2797.0,6358,6180,8431,8364,20971.0,20308.0,1112.0,2849.0,62.2,2
80489.0,125635.0,2171.0,5045.0,0,29,1,48,111951.0,96628.0,36509.0,43650.0,62.2,0
3361.0,20417.0,458.0,1853.0,1815,3306,2114,3832,5601.0,10453.0,1077.0,2035.0,62.3,2
11649.0,22473.0,3925.0,6992.0,4357,4984,5402,5776,16227.0,16657.0,852.0,3744.0,62.3,2
30052.0,41138.0,6689.0,10339.0,80,176,0,74,41067.0,39448.0,10611.0,21211.0,62.4,0
4640.0,10000.0,1448.0,3652.0,4041,4472,5186,5884,12580.0,14028.0,1035.0,2478.0,62.4,2
15281.0,25463.0,4799.0,8622.0,4279,4385,6314,6159,18234.0,18746.0,4566.0,4722.0,62.4,2
102116.0,150330.0,9756.0,13723.0,198,355,0,143,108588.0,87982.0,45618.0,41715.0,62.4,0
49486.0,83284.0,15689.0,22661.0,168,167,0,21,38031.0,32651.0,26438.0,24645.0,62.4,0
3519.0,9769.0,6231.0,11527.0,290,171,275,145,7000.0,4738.0,1910.0,1553.0,62.4,0
5328.0,17582.0,5954.0,36787.0,328,230,165,159,3892.0,6235.0,47629.0,84916.0,62.4,0
655029.0,688791.0,2272530.0,2634260.0,6838,4658,6333,4876,367886.0,307618.0,151182.0,164610.0,62.4,1
45281.0,73273.0,3553.0,6483.0,128,103,345,191,43618.0,40556.0,14036.0,26238.0,62.5,0
1982.0,11671.0,1163.0,4497.0,1294,2416,1903,3350,4593.0,7992.0,694.0,1540.0,62.5,2
23326.0,38398.0,2607.0,5317.0,5932,5978,9375,9483,26574.0,24768.0,5871.0,8298.0,62.5,2
44640.0,70227.0,6780.0,8762.0,0,54,299,153,51388.0,46752.0,25807.0,28822.0,62.5,0
29258.0,51420.0,5774.0,8991.0,201,207,24,59,38962.0,39737.0,11290.0,23464.0,62.6,0
12545.0,24685.0,3596.0,6773.0,12605,12721,15162,15280,38037.0,36833.0,4074.0,4742.0,62.6,2
1425510.0,1685530.0,1314380.0,1497780.0,2586,1467,475,402,204007.0,168853.0,130251.0,95482.0,62.6,1
32871.0,50373.0,5431.0,9269.0,154,111,70,104,36355.0,33328.0,25950.0,28571.0,62.6,0
10936.0,22432.0,3645.0,6607.0,3460,3677,4786,5087,12917.0,13414.0,1774.0,3881.0,62.6,2
32156.0,51144.0,5517.0,10472.0,291,194,247,119,35043.0,33631.0,36306.0,30658.0,62.7,0
210521.0,289721.0,12396.0,17139.0,560,220,269,170,293722.0,253512.0,120195.0,107326.0,62.7,3
7880.0,20297.0,1129.0,2765.0,3754,4466,4290,5304,10465.0,12526.0,457.0,1597.0,62.7,2
4502.0,9635.0,1441.0,3445.0,3428,3650,4770,4987,12368.0,13491.0,1564.0,3335.0,62.7,2
11203.0,14577.0,3764.0,7103.0,942,1245,1959,2218,6247.0,5887.0,3013.0,2992.0,62.8,2
5200.0,12042.0,944.0,2012.0,4542,5101,5955,6602,15923.0,18158.0,1410.0,3208.0,62.8,2
11442.0,9625.0,2911.0,4748.0,3849,3677,4306,4349,10212.0,9533.0,1877.0,1552.0,62.8,2
23105.0,47991.0,8208.0,14794.0,297,219,45,23,31573.0,32482.0,18723.0,23338.0,62.9,0
2538.0,7704.0,1213.0,4753.0,2989,3736,4050,5058,8274.0,10188.0,0.0,106.0,62.9,2
2964.0,14833.0,1036.0,4402.0,731,900,1300,2018,3790.0,5951.0,635.0,1079.0,63.0,2
6578.0,10905.0,1840.0,4593.0,4553,4431,6032,6605,15007.0,16776.0,1026.0,966.0,63.0,2
10066.0,25957.0,386.0,1151.0,122,110,232,129,21610.0,19216.0,6442.0,12386.0,63.1,0
58209.0,86957.0,10852.0,13718.0,698,347,51,96,63428.0,55838.0,51701.0,45621.0,63.2,0
7211.0,15179.0,1532.0,3518.0,3343,3526,4379,4641,10155.0,10287.0,968.0,2502.0,63.2,2
8411.0,18932.0,4311.0,10200.0,5310,5704,7671,8402,19891.0,21065.0,1286.0,1856.0,63.3,2
11327.0,24865.0,470.0,2156.0,4101,3855,5614,5581,15133.0,14280.0,2783.0,4250.0,63.3,2
44695.0,72757.0,9240.0,16069.0,554,316,286,154,38694.0,36654.0,24705.0,27277.0,63.3,0
2274.0,3803.0,1599.0,5407.0,571,1219,730,2085,2191.0,6109.0,2137.0,2097.0,63.4,2
26457.0,41611.0,2226.0,3306.0,5650,5163,8592,8664,24586.0,24553.0,5368.0,7454.0,63.4,2
161581.0,220629.0,13936.0,20218.0,0,155,0,71,255348.0,197881.0,110884.0,77434.0,63.4,0
17711.0,32959.0,2168.0,3746.0,5905,5750,8547,8765,23523.0,22954.0,2888.0,4654.0,63.5,2
51905.0,78941.0,12460.0,19532.0,86,141,0,0,46234.0,44419.0,38201.0,35348.0,63.6,-1
26937.0,45364.0,8771.0,13816.0,4,10,506,211,25169.0,25531.0,5939.0,14036.0,63.6,0
6719.0,13844.0,1867.0,10019.0,322,261,23,27,1658.0,4169.0,25452.0,27523.0,63.6,0
39180.0,64255.0,36857.0,59375.0,506,272,98,92,37490.0,34240.0,12884.0,24244.0,63.6,0
2021.0,9142.0,276.0,2164.0,179,80,351,345,7919.0,6811.0,3394.0,3613.0,63.6,0
877501.0,1037970.0,123370.0,178513.0,7352,6623,55437,48077,610454.0,493170.0,427558.0,368015.0,63.6,3
4147.0,11321.0,0.0,803.0,16,37,307,217,5136.0,5108.0,241.0,901.0,63.7,0
452859.0,587121.0,53247.0,76196.0,936,846,525,166,562597.0,456784.0,204226.0,202113.0,63.7,3
13256.0,20869.0,1992.0,4645.0,2684,2625,3465,3389,9585.0,10186.0,2230.0,3027.0,63.7,2
33536.0,54686.0,7008.0,9393.0,58,320,119,119,29748.0,27987.0,8670.0,17294.0,63.8,0
2775.0,15157.0,1773.0,5927.0,1105,1918,1758,3420,4642.0,8538.0,0.0,0.0,63.8,2
13240.0,30965.0,2286.0,5753.0,8258,8829,11281,12312,27660.0,28929.0,3952.0,6082.0,63.9,2
23981.0,38978.0,5079.0,8449.0,191,182,0,29,34574.0,30200.0,27019.0,27275.0,63.9,0
108450.0,153261.0,18253.0,28609.0,0,174,359,159,153685.0,134270.0,70784.0,56970.0,64.0,0
6045.0,16550.0,787.0,2375.0,2159,2336,3033,3254,9665.0,11349.0,1407.0,3897.0,64.0,2
37570.0,62995.0,4154.0,7332.0,445,393,199,84,44356.0,43509.0,14007.0,28511.0,64.0,0
12376.0,31095.0,3294.0,6537.0,5981,6661,8881,10105,22946.0,25137.0,3487.0,3914.0,64.0,2
164915.0,257684.0,4955.0,6432.0,532,218,0,41,75815.0,67345.0,51143.0,52013.0,64.0,0
22735.0,29580.0,3160.0,5061.0,10279,10456,11865,12167,28626.0,27536.0,5319.0,5114.0,64.0,2
8742.0,18353.0,7146.0,14165.0,339,211,197,145,19339.0,20985.0,4541.0,8824.0,64.1,0
169887.0,231913.0,13567.0,21097.0,493,200,73,154,130831.0,113448.0,66718.0,54809.0,64.1,0
6551.0,12900.0,2770.0,4344.0,5103,5172,6283,6270,16255.0,16995.0,1799.0,2851.0,64.2,2
31824.0,48085.0,1373.0,4871.0,417,274,109,74,34784.0,32288.0,19544.0,24104.0,64.2,0
22116.0,27779.0,7224.0,10424.0,255,151,239,133,23500.0,22565.0,9294.0,16320.0,64.2,0
6142.0,8941.0,779.0,3179.0,1501,3205,1625,3918,3997.0,8402.0,1287.0,1078.0,64.2,2
8060.0,14140.0,2749.0,3942.0,4928,4890,6001,5929,15898.0,15129.0,2707.0,2483.0,64.2,2
6985.0,18122.0,3312.0,7485.0,2978,3219,4074,4646,11958.0,13526.0,1267.0,2729.0,64.3,2
1064.0,7089.0,612.0,3107.0,300,834,376,1349,1225.0,4107.0,372.0,527.0,64.3,2
74015.0,98625.0,7739.0,10169.0,0,250,10,118,47337.0,42855.0,41202.0,37744.0,64.3,0
11360.0,16021.0,1944.0,3667.0,2806,3210,4006,4535,9547.0,10182.0,60.0,979.0,64.4,2
4011.0,11282.0,2083.0,4270.0,2008,1973,2635,2869,6619.0,6462.0,697.0,1216.0,64.4,2
82186.0,124132.0,27583.0,44293.0,548,291,218,147,69559.0,65893.0,32824.0,46207.0,64.5,0
10286.0,19420.0,3031.0,5081.0,2682,3106,4712,5004,14226.0,15048.0,1761.0,3695.0,64.5,2
27719.0,40260.0,6797.0,10227.0,553,301,83,79,44793.0,41370.0,19749.0,28593.0,64.5,0
7374.0,22976.0,2523.0,5607.0,3101,3156,4409,4675,10036.0,9855.0,2440.0,3114.0,64.6,2
7219.0,20499.0,2037.0,4143.0,2407,2422,3128,3463,9146.0,10602.0,1143.0,1850.0,64.6,2
37985.0,53065.0,3786.0,5097.0,352,158,96,59,33221.0,31402.0,12216.0,20732.0,64.6,0
12962.0,26104.0,1534.0,4735.0,3389,3602,4521,5101,12688.0,13981.0,1603.0,2499.0,64.7,2
4125.0,17125.0,1141.0,2814.0,1932,2661,2345,3016,5994.0,8282.0,813.0,1741.0,64.7,2
57523.0,82120.0,4360.0,8725.0,209,223,270,129,76137.0,71894.0,61313.0,57278.0,64.7,0
1438.0,6923.0,1079.0,3649.0,2512,3713,3649,5434,8268.0,12328.0,0.0,414.0,64.8,2
762.0,5564.0,339.0,2595.0,116,29,40,0,2575.0,4693.0,12201.0,36370.0,64.8,-1
525230.0,631920.0,23899.0,34201.0,1149,1238,39,161,1089530.0,856620.0,479939.0,404169.0,64.8,3
74392.0,122725.0,14728.0,21759.0,92,251,196,170,73001.0,66605.0,41823.0,52552.0,64.9,0
14410.0,16336.0,2351.0,2801.0,3561,3083,5768,5378,15209.0,14232.0,4604.0,3468.0,64.9,2
43934.0,55884.0,10507.0,14837.0,218,139,387,225,49802.0,47808.0,42891.0,34379.0,65.0,0
20592.0,29703.0,3615.0,4302.0,149,125,141,79,25161.0,25013.0,6689.0,13797.0,65.0,0
26801.0,44939.0,2176.0,4468.0,435,203,179,197,31153.0,28675.0,6667.0,12608.0,65.1,0
1268800.0,1161670.0,1798950.0,1694580.0,7961,4443,5104,3936,113842.0,93895.0,126145.0,78580.0,65.1,1
176792.0,260033.0,42924.0,64669.0,254,330,373,149,79399.0,72704.0,70880.0,56052.0,65.1,3
25428.0,47721.0,5970.0,6785.0,264,142,200,108,33523.0,31133.0,19646.0,22020.0,65.1,0
25967.0,36992.0,1728.0,2764.0,7053,7277,10685,10269,25186.0,23911.0,3259.0,6202.0,65.1,2
493.0,2110.0,0.0,257.0,391,626,472,1570,1679.0,4891.0,301.0,481.0,65.1,2
21036.0,45416.0,10759.0,17850.0,743,398,0,0,33251.0,30433.0,11575.0,19656.0,65.1,-1
7582.0,13048.0,2559.0,5144.0,4022,4183,5199,5074,14428.0,15178.0,135.0,1611.0,65.1,2
5602.0,12414.0,2078.0,4908.0,4363,4807,5202,5827,15901.0,18420.0,0.0,1956.0,65.2,2
40086.0,77729.0,11844.0,20764.0,170,222,326,158,56336.0,54463.0,16499.0,30050.0,65.2,0
133107.0,195658.0,14913.0,22812.0,266,322,30,69,128014.0,111288.0,48552.0,52235.0,65.3,0
3716.0,8611.0,791.0,2361.0,5058,5031,6378,6851,14488.0,15757.0,171.0,1053.0,65.3,2
14336.0,30455.0,2034.0,5420.0,6452,7195,8338,8913,22288.0,23592.0,2353.0,3343.0,65.4,2
22267.0,51762.0,4971.0,7997.0,127,104,0,0,31272.0,29881.0,27874.0,25561.0,65.4,-1
6288.0,19423.0,607.0,1434.0,1872,2594,2511,3190,6298.0,7926.0,1033.0,1894.0,65.5,2
33616.0,46318.0,6236.0,10438.0,97,128,57,90,37769.0,35419.0,27305.0,26887.0,65.5,0
8699.0,15722.0,2195.0,4748.0,3271,3362,5154,5346,16324.0,16304.0,893.0,1024.0,65.6,2
3425.0,16142.0,937.0,3080.0,1090,2687,1226,3279,3535.0,9191.0,789.0,2073.0,65.6,2
4112.0,23927.0,897.0,3869.0,2138,3819,2604,4933,5738.0,11103.0,354.0,618.0,65.6,2
24444.0,46937.0,4203.0,6260.0,403,333,359,99,35571.0,33282.0,11654.0,22390.0,65.6,0
33126.0,62937.0,12254.0,18172.0,201,208,244,103,27980.0,23245.0,20255.0,18309.0,65.6,0
58589.0,77418.0,11420.0,19495.0,465,239,419,155,64770.0,60954.0,61885.0,45383.0,65.7,0
162406.0,241462.0,46686.0,68754.0,139,130,54,79,165586.0,147501.0,39791.0,69732.0,65.7,0
39712.0,59491.0,33261.0,54204.0,236,221,0,0,49497.0,47590.0,18763.0,31780.0,65.7,-1
6090.0,19884.0,1229.0,3611.0,2008,2073,2562,2851,6432.0,7044.0,1456.0,2073.0,65.8,2
1492.0,7863.0,492.0,1928.0,3608,6249,3744,6367,8693.0,15011.0,1067.0,1914.0,65.8,2
712.0,4217.0,223.0,1742.0,1465,4934,1628,5152,3737.0,12321.0,249.0,1127.0,65.8,2
76185.0,98912.0,7216.0,11744.0,122,162,0,20,60931.0,57538.0,53162.0,42874.0,66.0,0
7908.0,24318.0,1448.0,4846.0,4675,4799,6375,6944,15805.0,16854.0,2000.0,3141.0,66.0,2
23498.0,41628.0,5329.0,5990.0,322,145,128,30,32362.0,31235.0,21779.0,26019.0,66.0,0
50917.0,78950.0,4947.0,7519.0,177,122,244,129,61017.0,58724.0,23295.0,36588.0,66.1,0
69819.0,119240.0,32053.0,47444.0,5797,5377,7934,7373,19776.0,19273.0,3330.0,3479.0,66.1,1
6055.0,10231.0,231.0,2619.0,3081,3628,3670,4332,9190.0,10346.0,539.0,889.0,66.2,2
3155.0,11292.0,1587.0,6180.0,1431,1969,1684,2190,4796.0,6397.0,682.0,793.0,66.2,2
29169.0,48903.0,2870.0,5386.0,145,275,89,113,30899.0,30614.0,10877.0,22386.0,66.2,0
2393.0,10450.0,947.0,2098.0,3953,5177,4985,6719,12628.0,15760.0,2636.0,2756.0,66.2,2
3905.0,15533.0,351.0,2156.0,38,15,20,0,5941.0,6323.0,5781.0,5607.0,66.3,-1
1874.0,11199.0,502.0,2385.0,185,115,81,18,3260.0,6133.0,2551.0,4519.0,66.3,0
257479.0,312277.0,39820.0,58771.0,321,319,187,167,522237.0,440608.0,163677.0,149547.0,66.3,3
4796.0,12026.0,1855.0,5135.0,2259,2441,2878,3255,7749.0,8024.0,1383.0,1222.0,66.3,2
82502.0,116498.0,31267.0,49156.0,399,131,570,206,58368.0,53827.0,60390.0,43596.0,66.3,0
6485.0,19605.0,1122.0,3471.0,801,1566,1071,2432,3203.0,6767.0,1837.0,1588.0,66.3,2
3715.0,17669.0,1100.0,3197.0,1625,2086,2420,3209,6854.0,8790.0,538.0,804.0,66.3,2
8714.0,25632.0,223.0,2635.0,4640,5467,6721,8062,15435.0,17791.0,1398.0,1939.0,66.4,2
36191.0,66305.0,4569.0,7146.0,88,97,282,105,29983.0,27982.0,14738.0,17136.0,66.5,0
50411.0,82859.0,7322.0,10779.0,284,233,166,114,39264.0,34554.0,24673.0,22365.0,66.5,0
6461.0,15922.0,708.0,1949.0,3680,3998,5443,6574,15027.0,17833.0,2292.0,4860.0,66.5,2
38283.0,43780.0,20255.0,30614.0,330,281,0,62,39656.0,38226.0,32527.0,27064.0,66.6,0
6341.0,11461.0,1915.0,5436.0,2089,2384,3157,3393,9338.0,10226.0,1032.0,2439.0,66.6,2
3584.0,12606.0,932.0,4374.0,2636,3445,3248,4482,9662.0,14025.0,296.0,1161.0,66.6,2
3777.0,11916.0,600.0,1913.0,1076,1256,1622,2216,4972.0,6840.0,1211.0,2148.0,66.7,2
253226.0,378497.0,110372.0,169101.0,10958,11033,13733,13771,38805.0,35513.0,6321.0,6974.0,66.7,1
2068.0,10222.0,616.0,2631.0,2077,3469,2629,3918,5571.0,8019.0,0.0,965.0,66.7,2
1543.0,6261.0,719.0,2731.0,1072,3126,1214,3171,2759.0,6945.0,0.0,0.0,66.7,2
33623.0,44759.0,10445.0,18191.0,0,3,0,55,35025.0,32583.0,30040.0,24472.0,66.7,0
20438.0,25943.0,9499.0,16399.0,342,178,424,162,20872.0,20405.0,7175.0,11953.0,66.9,0
160905.0,223582.0,4699.0,6801.0,195,337,569,246,178585.0,161184.0,76587.0,79016.0,67.0,0
6655.0,18363.0,2428.0,5318.0,2322,2555,3955,4441,10189.0,11483.0,1418.0,2446.0,67.0,2
8441.0,16532.0,813.0,3381.0,3101,3299,4526,4306,11508.0,11187.0,3878.0,2822.0,67.1,2
929361.0,797212.0,2099710.0,1485890.0,2504,1076,499,282,389528.0,312819.0,195508.0,149900.0,67.3,1
26678.0,48897.0,14226.0,24150.0,0,0,250,109,52231.0,50616.0,36638.0,42019.0,67.3,0
60167.0,97291.0,13189.0,21462.0,55008,52110,60076,57497,43072.0,35591.0,9366.0,12074.0,67.3,1
72615.0,96611.0,6797.0,9502.0,536,456,0,6,74780.0,67188.0,48441.0,42970.0,67.4,0
3040.0,9875.0,777.0,1724.0,2461,3091,3190,4078,7446.0,9265.0,1527.0,1732.0,67.4,2
84789.0,141099.0,2386.0,4752.0,302,318,122,173,132120.0,119730.0,28982.0,50756.0,67.5,0
12881.0,28840.0,4686.0,8012.0,206,124,218,149,23025.0,24613.0,10255.0,16870.0,67.6,0
16929.0,31827.0,10122.0,17657.0,0,0,0,0,25222.0,23539.0,11902.0,17824.0,67.6,-1
5246.0,13607.0,980.0,2797.0,970,2576,1381,3537,3334.0,7487.0,2462.0,2860.0,67.7,2
3645.0,12783.0,1184.0,3179.0,2694,4215,3510,5556,7579.0,11205.0,237.0,405.0,67.7,2
56209.0,81795.0,9320.0,13509.0,58,128,0,166,46240.0,45243.0,36411.0,36172.0,67.7,0
10929.0,19809.0,3858.0,6983.0,3416,3401,4799,5150,14757.0,15619.0,4542.0,4752.0,67.8,2
8773.0,28660.0,4411.0,11208.0,3201,4072,4535,5609,13003.0,15964.0,1628.0,2021.0,67.8,2
20550.0,41886.0,2652.0,5550.0,8670,9552,12083,12306,30560.0,30172.0,7088.0,5275.0,67.8,2
524193.0,649732.0,540848.0,732563.0,1443,1010,842,320,303720.0,255686.0,142321.0,117128.0,67.9,3
38325.0,49226.0,16705.0,24540.0,148,184,333,152,50709.0,45709.0,43446.0,36230.0,67.9,0
1141.0,6476.0,178.0,1264.0,124,0,179,159,3818.0,6896.0,840.0,1338.0,68.0,0
960911.0,972763.0,186488.0,233601.0,7406,5804,70730,54899,622068.0,450684.0,494182.0,362212.0,68.0,3
44934.0,74798.0,7659.0,13247.0,231,88,226,66,53168.0,47142.0,26110.0,34999.0,68.1,0
40338.0,61675.0,13375.0,18260.0,224,191,136,129,30177.0,29774.0,13630.0,22864.0,68.1,0
1970.0,8900.0,473.0,2120.0,2100,2590,3326,4542,7956.0,10556.0,94.0,244.0,68.1,2
16738.0,40825.0,2339.0,3249.0,8336,8393,10496,10820,27456.0,28775.0,4445.0,4466.0,68.1,2
47756.0,69208.0,21793.0,34994.0,0,166,51,79,50132.0,47128.0,39216.0,34975.0,68.1,0
7584.0,20074.0,1599.0,3076.0,6941,7764,9146,10071,24725.0,26173.0,1872.0,2707.0,68.1,2
752.0,4226.0,5115.0,19052.0,197,111,98,27,11716.0,22005.0,5697.0,11355.0,68.1,0
1794260.0,1285020.0,6087470.0,6886600.0,8843,4531,2745,1287,2408860.0,1117000.0,1462590.0,768245.0,68.1,1
16346.0,30809.0,6713.0,9371.0,56,76,376,192,15679.0,14794.0,10614.0,13804.0,68.2,0
2648.0,10428.0,345.0,2361.0,216,130,117,75,3803.0,5663.0,492.0,1581.0,68.2,0
1600.0,6693.0,32.0,710.0,215,140,185,77,6702.0,9270.0,1188.0,1692.0,68.2,0
3478.0,8361.0,815.0,1868.0,191,106,127,35,4234.0,4314.0,2362.0,1879.0,68.2,0
603420.0,746899.0,83688.0,118793.0,2090,1850,357,192,1066650.0,857740.0,399143.0,371125.0,68.2,3
27155.0,39232.0,8064.0,15086.0,195,107,292,138,35177.0,35236.0,9091.0,19107.0,68.2,0
1711.0,10472.0,501.0,2020.0,1447,2602,1915,3717,4993.0,9823.0,158.0,216.0,68.3,2
10855.0,15178.0,1071.0,3993.0,6452,6876,8465,8262,16854.0,16289.0,1485.0,2525.0,68.3,2
2128.0,6457.0,859.0,3503.0,1217,2037,1726,2758,5559.0,9561.0,419.0,1873.0,68.3,2
132546.0,190503.0,15921.0,26955.0,158,369,225,157,167987.0,151173.0,72823.0,61134.0,68.4,0
26757.0,44310.0,11423.0,17016.0,318,346,226,105,38965.0,36870.0,24496.0,29240.0,68.4,0
22313.0,39818.0,5525.0,9148.0,325,176,278,109,36286.0,35070.0,18138.0,30109.0,68.4,0
56832.0,88291.0,16264.0,25366.0,279,152,485,211,69098.0,66248.0,30163.0,48697.0,68.4,0
409687.0,557599.0,20457.0,26582.0,952,482,0,120,559903.0,434919.0,219945.0,153321.0,68.5,3
66196.0,109838.0,11706.0,18737.0,454,232,256,117,39972.0,36168.0,23355.0,35794.0,68.5,0
2937.0,14625.0,0.0,1208.0,58,0,203,79,3053.0,4247.0,2201.0,3067.0,68.5,0
3260.0,8134.0,156.0,990.0,70,0,169,74,6212.0,5739.0,1346.0,1724.0,68.5,0
3975.0,9556.0,202.0,2249.0,85,9,193,184,2799.0,5056.0,37865.0,45141.0,68.5,0
492999.0,689124.0,46988.0,69184.0,164,491,706,279,445019.0,382977.0,167794.0,170616.0,68.5,3
16559.0,32552.0,4128.0,8082.0,378,303,169,111,26799.0,24196.0,7303.0,15851.0,68.6,0
68195.0,110719.0,4804.0,7227.0,176,240,288,124,114093.0,104669.0,18940.0,37480.0,68.6,0
9881.0,21890.0,2688.0,4959.0,3656,3669,5326,5855,14996.0,15573.0,1663.0,4519.0,68.6,2
38044.0,52602.0,2130.0,3853.0,361,198,136,130,41066.0,36288.0,19319.0,24242.0,68.6,0
4923.0,12748.0,1649.0,5368.0,3523,3757,4672,5377,13586.0,15785.0,749.0,1680.0,68.7,2
41929.0,65437.0,8812.0,13944.0,170,191,92,46,33424.0,31498.0,21902.0,25997.0,68.7,0
1330.0,8133.0,937.0,3992.0,1034,3335,1602,4966,3416.0,10530.0,1660.0,3871.0,68.7,2
1840.0,10854.0,463.0,2533.0,1863,4779,2600,6772,6725.0,16125.0,88.0,479.0,68.7,2
37970.0,55575.0,9063.0,15180.0,133,98,155,104,32017.0,30768.0,17142.0,20871.0,68.8,0
133775.0,199193.0,11538.0,18601.0,299,312,485,209,100248.0,87663.0,64821.0,68998.0,68.8,0
40843.0,62395.0,4040.0,8244.0,251,244,115,106,50098.0,47455.0,44849.0,33233.0,68.8,0
9783.0,31512.0,2840.0,7836.0,68,27,0,5,21633.0,22028.0,2476.0,8157.0,68.9,0
39303.0,65408.0,5343.0,8194.0,76,126,0,0,51814.0,47648.0,35923.0,38912.0,68.9,-1
12614.0,28574.0,4809.0,10355.0,77,0,40,13,16915.0,17547.0,4718.0,9068.0,69.0,0
9119.0,26292.0,1551.0,3127.0,4987,5068,5894,6149,14672.0,14752.0,1088.0,2302.0,69.1,2
7929.0,16773.0,1404.0,3859.0,4690,5100,5133,5703,13004.0,13462.0,941.0,2267.0,69.1,2
2721.0,13277.0,732.0,2192.0,3306,5690,4934,8551,10412.0,17542.0,1217.0,2090.0,69.3,2
899.0,4165.0,576.0,1907.0,2592,4025,3544,5623,8270.0,12926.0,138.0,1013.0,69.3,2
137138.0,188963.0,5577.0,9038.0,62,182,182,120,251043.0,208361.0,98321.0,74483.0,69.3,3
16907.0,28396.0,1385.0,3324.0,4133,4446,6752,6728,18576.0,18844.0,1418.0,4373.0,69.3,2
2695.0,15115.0,684.0,2145.0,2066,3534,2236,3812,5173.0,9164.0,463.0,605.0,69.3,2
1830.0,7784.0,1925.0,6888.0,2769,4313,3804,5938,9184.0,13816.0,205.0,398.0,69.3,2
27326.0,47433.0,9885.0,17976.0,209,222,0,0,35840.0,34857.0,19546.0,25991.0,69.4,-1
9291.0,12357.0,2343.0,5706.0,6935,7686,9674,9892,24066.0,24679.0,2985.0,3158.0,69.5,2
2826.0,13062.0,348.0,1273.0,1146,1575,1697,2366,4465.0,6183.0,145.0,635.0,69.5,2
3159.0,10469.0,0.0,509.0,94,79,201,133,10667.0,18283.0,5679.0,6642.0,69.6,0
1234.0,2828.0,24.0,2256.0,148,37,143,62,11377.0,14742.0,6978.0,8531.0,69.6,0
6149.0,11501.0,851.0,2489.0,352,210,179,117,6296.0,4448.0,10050.0,9400.0,69.6,0
540528.0,481688.0,144317.0,176251.0,3979,3046,869,513,2964930.0,1900480.0,1395350.0,1016450.0,69.6,1
5409.0,10516.0,1338.0,2349.0,3484,3715,5034,5339,13340.0,14750.0,1427.0,1891.0,69.6,2
5337.0,13425.0,5235.0,8415.0,2563,2695,3378,3748,9128.0,10134.0,559.0,1054.0,69.6,2
10567.0,21692.0,3517.0,5540.0,7378,7889,8269,8987,22855.0,24494.0,3928.0,6163.0,69.7,2
13620.0,26170.0,4442.0,7211.0,6509,6980,8145,8743,18511.0,19381.0,1211.0,1948.0,69.7,2
118194.0,184561.0,9190.0,14969.0,792,290,193,79,215886.0,184824.0,69085.0,90118.0,69.7,0
30641.0,61138.0,4720.0,9750.0,139,113,84,28,41918.0,43012.0,10083.0,27345.0,69.7,0
10580.0,21084.0,2942.0,5573.0,4176,4717,5922,6440,16617.0,18867.0,3884.0,4289.0,69.7,2
28234.0,50513.0,2346.0,5520.0,7274,7467,10406,10589,25768.0,28319.0,2906.0,3083.0,69.8,2
34971.0,64349.0,5781.0,8570.0,128,270,134,129,30848.0,29543.0,22452.0,22463.0,69.8,0
40474.0,55844.0,5855.0,7710.0,185,116,218,85,46382.0,42105.0,19058.0,29034.0,69.8,0
927.0,3813.0,18.0,2121.0,614,1595,832,1973,2140.0,5194.0,2421.0,3456.0,69.9,2
13869.0,24025.0,49.0,3213.0,4025,4058,5644,6261,13052.0,13944.0,0.0,1226.0,69.9,2
10120.0,15264.0,2590.0,4032.0,3043,3067,4355,4509,11056.0,10722.0,3055.0,2080.0,69.9,2
99149.0,143315.0,28563.0,46115.0,74,137,49,110,143183.0,124262.0,50685.0,49810.0,70.0,0
1241.0,3659.0,77.0,1571.0,143,97,95,27,3652.0,4112.0,2931.0,3061.0,70.2,0
218283.0,322898.0,49610.0,77971.0,653,324,248,104,239414.0,199199.0,75963.0,77027.0,70.2,3
36910.0,68343.0,5980.0,9029.0,236,108,194,132,39256.0,35002.0,23313.0,31224.0,70.2,0
7737.0,15157.0,1452.0,3792.0,5431,6015,6308,6692,14681.0,15240.0,942.0,2691.0,70.2,2
34468.0,57004.0,4990.0,7839.0,494,326,0,0,37321.0,34432.0,20841.0,25758.0,70.2,-1
28629.0,56052.0,16875.0,27542.0,264,204,7,124,41689.0,39624.0,19906.0,30693.0,70.3,0
4671.0,8077.0,1623.0,3668.0,3152,3270,4273,4515,10625.0,10743.0,699.0,1744.0,70.3,2
20464.0,30346.0,5432.0,9554.0,9745,9843,12103,12495,33031.0,33226.0,2975.0,5228.0,70.3,2
36112.0,59762.0,2566.0,4944.0,194,167,362,150,34855.0,32563.0,21730.0,25078.0,70.3,0
2533.0,9693.0,1189.0,3737.0,1852,3026,2484,3756,5864.0,9739.0,582.0,1379.0,70.3,2
38110.0,63202.0,19288.0,32694.0,4405,4738,5641,5292,16154.0,15407.0,2512.0,3152.0,70.4,3
22964.0,37843.0,9859.0,16438.0,231,117,245,60,31788.0,31459.0,26942.0,22385.0,70.5,0
26221.0,42449.0,3089.0,4738.0,474,265,152,111,23393.0,21408.0,22784.0,19409.0,70.5,0
19313.0,31395.0,6735.0,10463.0,49,128,0,84,24950.0,23571.0,20792.0,16113.0,70.6,0
2718.0,11006.0,2099.0,6966.0,3276,3957,4057,5186,9470.0,11543.0,600.0,579.0,70.6,2
25386.0,34079.0,6133.0,10670.0,127,161,0,49,29305.0,28715.0,21954.0,21397.0,70.7,0
2361.0,15573.0,758.0,3073.0,152,37,103,0,1568.0,4676.0,10962.0,28709.0,70.7,-1
43406.0,66255.0,4912.0,8982.0,113,113,175,157,41597.0,40429.0,19667.0,29892.0,70.7,0
14036.0,26838.0,3134.0,4621.0,4345,4493,5871,6196,16873.0,16473.0,3405.0,3227.0,70.7,2
29611.0,46255.0,2797.0,7015.0,0,0,58,79,37235.0,35102.0,28237.0,25487.0,70.7,0
4281.0,12843.0,865.0,2631.0,2105,2626,2430,2905,6438.0,7713.0,314.0,599.0,70.7,2
1201.0,4893.0,358.0,1779.0,122,32,128,57,3164.0,5319.0,1997.0,2849.0,70.8,0
315338.0,406462.0,43976.0,60667.0,801,415,0,126,376731.0,280554.0,136845.0,116388.0,70.8,3
11090.0,12806.0,2231.0,4133.0,3407,3464,4725,4841,12867.0,13397.0,1383.0,2910.0,70.8,2
47328.0,66438.0,2763.0,5127.0,2,86,335,150,46299.0,43396.0,35191.0,40275.0,70.9,0
42622.0,62935.0,14721.0,22627.0,118,90,32,13,52267.0,50452.0,50193.0,46580.0,70.9,0
12337.0,24851.0,2482.0,4363.0,3475,3773,5083,5177,14692.0,15776.0,3899.0,3538.0,71.0,2
30716.0,56416.0,4969.0,12906.0,53,104,484,163,36414.0,37263.0,9831.0,17957.0,71.0,0
65110.0,89108.0,24369.0,37335.0,370,236,359,183,91907.0,81056.0,65144.0,55806.0,71.0,0
34787.0,54225.0,5743.0,9750.0,291,221,0,0,44019.0,42305.0,33889.0,31195.0,71.1,-1
4739.0,8610.0,1213.0,2477.0,155,86,172,75,16349.0,24405.0,78039.0,57943.0,71.2,0
2366.0,12722.0,115.0,2523.0,68,0,213,154,39921.0,59301.0,27501.0,41714.0,71.2,0
2465.0,7467.0,607.0,2088.0,115,101,190,53,4530.0,4818.0,16163.0,15490.0,71.2,0
1726.0,7758.0,0.0,514.0,41,44,134,73,5595.0,11752.0,39827.0,69117.0,71.2,0
707544.0,541553.0,204130.0,235213.0,8708,7035,1518,854,5787400.0,3518300.0,2695060.0,1774380.0,71.2,1
2418.0,9398.0,341.0,2274.0,224,202,114,39,10963.0,14082.0,15517.0,16365.0,71.2,0
7944.0,19664.0,2961.0,5290.0,6008,6062,7553,8102,18008.0,18173.0,827.0,2859.0,71.2,2
4911.0,11685.0,1769.0,3605.0,4577,4964,5634,6132,14256.0,14743.0,1970.0,1910.0,71.2,2
49267.0,78796.0,46460.0,74940.0,388,132,49,70,67353.0,64628.0,27565.0,47312.0,71.2,0
26222.0,31918.0,3086.0,5333.0,22,97,92,38,30368.0,29694.0,30555.0,25159.0,71.3,0
540717.0,519211.0,719920.0,744047.0,1477,889,591,239,220880.0,183685.0,146162.0,113789.0,71.5,1
52996.0,83917.0,6085.0,8086.0,595,322,0,4,38955.0,33827.0,22939.0,27839.0,71.6,0
66723.0,98600.0,6411.0,12798.0,391,331,196,106,40379.0,40232.0,20300.0,35606.0,71.6,0
37189.0,74473.0,5698.0,9830.0,441,332,52,56,42477.0,39834.0,17598.0,26758.0,71.6,0
27538.0,43154.0,6483.0,9670.0,352,126,49,72,42736.0,42899.0,15342.0,30825.0,71.6,0
809.0,4999.0,1311.0,5094.0,1438,3176,1322,2750,3345.0,7000.0,51.0,626.0,71.6,2
9909.0,19354.0,2561.0,3803.0,11811,12388,13381,13764,31749.0,32063.0,2804.0,4822.0,71.7,2
252292.0,361918.0,93200.0,148313.0,1024,399,0,53,288379.0,252768.0,131571.0,115638.0,71.8,3
1162.0,5027.0,0.0,1349.0,152,28,83,0,2404.0,4676.0,1156.0,1848.0,71.8,-1
1637.0,9768.0,147.0,1182.0,200,189,128,318,1810.0,5103.0,55516.0,101860.0,71.8,0
368094.0,404699.0,55209.0,73234.0,5519,4362,68366,56974,584531.0,450582.0,399846.0,329306.0,71.8,3
21965.0,31811.0,30159.0,26817.0,6697,6288,9188,9320,26851.0,24461.0,4784.0,5442.0,71.8,1
1319.0,7941.0,24.0,1285.0,174,69,108,58,1343.0,4560.0,15012.0,40881.0,71.8,0
44485.0,79390.0,7279.0,10049.0,491,266,317,132,62564.0,60132.0,28821.0,46285.0,71.8,0
26829.0,39200.0,6601.0,11627.0,74,152,99,36,28774.0,26881.0,7681.0,17343.0,71.9,0
12721.0,18550.0,3280.0,6190.0,5513,5288,7742,7724,21133.0,20448.0,3566.0,4588.0,72.0,2
489.0,2931.0,581.0,2519.0,219,184,130,0,5108.0,9818.0,5501.0,10955.0,72.1,-1
3270.0,20771.0,317.0,1429.0,191,179,54,0,6685.0,10774.0,5086.0,8560.0,72.1,-1
1452.0,5990.0,339.0,1722.0,183,172,83,18,4105.0,6957.0,5351.0,6729.0,72.1,0
4534.0,12161.0,44.0,1721.0,204,254,275,118,5185.0,8632.0,48722.0,71958.0,72.1,0
827265.0,953686.0,119070.0,174435.0,1457,1165,14,77,1086580.0,849039.0,398488.0,341800.0,72.1,3
54157.0,74825.0,8011.0,13938.0,293,225,0,116,57766.0,52866.0,49639.0,39075.0,72.1,0
17741.0,24808.0,5753.0,8653.0,251,101,313,127,29783.0,27492.0,5834.0,13961.0,72.2,0
1701.0,10781.0,0.0,0.0,104,0,121,16,3506.0,6620.0,627.0,1052.0,72.2,0
1992.0,7830.0,391.0,1244.0,207,112,93,9,5777.0,7174.0,456.0,1115.0,72.2,0
439235.0,554061.0,50767.0,75359.0,1798,940,4,130,748747.0,623878.0,285554.0,254962.0,72.2,3
1395.0,6185.0,1040.0,4016.0,919,2125,1018,2484,3203.0,8338.0,1340.0,2349.0,72.2,2
2508.0,14638.0,437.0,3268.0,1033,2282,1235,2818,3717.0,9451.0,235.0,453.0,72.2,2
16828.0,33381.0,1831.0,3762.0,8444,9041,10075,10952,26743.0,27023.0,4302.0,4530.0,72.3,2
30547.0,52849.0,16763.0,27469.0,514,277,370,152,31488.0,31070.0,11947.0,23673.0,72.3,0
34157.0,60010.0,5304.0,10380.0,121,142,313,182,54550.0,51582.0,21431.0,33888.0,72.4,0
35648.0,52478.0,4560.0,8532.0,8,20,0,0,42744.0,44207.0,16453.0,28407.0,72.6,-1
4161.0,11731.0,1876.0,4695.0,3684,4137,4540,5080,9269.0,10560.0,852.0,1897.0,72.6,2
1414.0,6921.0,293.0,1474.0,270,241,139,39,3229.0,4552.0,325.0,442.0,72.6,0
4488.0,12891.0,0.0,358.0,203,79,254,131,4255.0,4017.0,231.0,656.0,72.6,0
380145.0,523351.0,44383.0,65740.0,774,843,92,149,378161.0,305472.0,156465.0,131366.0,72.6,3
43710.0,66426.0,3410.0,5269.0,653,437,0,3,56415.0,53236.0,40645.0,36946.0,72.6,0
2634.0,12362.0,190.0,1180.0,826,2097,1480,3170,3954.0,7836.0,1121.0,2117.0,72.6,2
3465.0,12902.0,1186.0,3617.0,1559,3993,1293,3346,2921.0,7349.0,1368.0,1845.0,72.7,2
3681.0,11259.0,906.0,2373.0,4524,6474,4021,5607,7697.0,11703.0,437.0,441.0,72.7,2
54793.0,90123.0,12652.0,19878.0,475,220,79,63,62125.0,57643.0,32583.0,40445.0,72.7,0
1594.0,7132.0,75.0,1243.0,77,0,163,43,3404.0,4274.0,653.0,1532.0,72.7,0
323522.0,458742.0,24102.0,36267.0,936,748,0,0,509139.0,434917.0,129716.0,132245.0,72.7,-1
6747.0,26749.0,1280.0,2896.0,6990,8800,7725,9597,17344.0,21449.0,1217.0,1993.0,72.7,2
1953.0,10850.0,763.0,3155.0,660,1816,739,2461,1623.0,5289.0,395.0,487.0,72.7,2
13088.0,21158.0,3364.0,5669.0,5007,5061,7536,7865,19921.0,19426.0,6400.0,4510.0,72.7,2
2462.0,15839.0,149.0,3204.0,185,122,95,0,3053.0,9937.0,9577.0,22007.0,72.7,-1
10283.0,26898.0,3812.0,7434.0,164,67,118,59,22951.0,24884.0,3788.0,8545.0,72.7,0
10630.0,31078.0,1819.0,4991.0,1296,1235,2209,2442,6352.0,7258.0,1030.0,1634.0,72.8,2
3406.0,6355.0,873.0,2140.0,1924,2587,2505,3082,6747.0,8669.0,218.0,1084.0,72.8,2
15250.0,29514.0,5384.0,10123.0,4608,5197,5474,5918,16857.0,18403.0,925.0,3223.0,72.8,2
19615.0,35060.0,5027.0,9975.0,162,103,30,78,22704.0,23425.0,4173.0,8835.0,72.8,0
4876.0,8596.0,3302.0,4246.0,4152,4297,5509,5268,14191.0,12982.0,2598.0,1831.0,72.9,2
5393.0,17737.0,1647.0,4383.0,3434,4451,4578,5659,11165.0,13623.0,598.0,1312.0,72.9,2
292488.0,424242.0,33795.0,50925.0,647,438,42,191,230390.0,197062.0,103338.0,114468.0,72.9,3
2819.0,14585.0,906.0,4567.0,755,1983,1147,2704,3712.0,7799.0,205.0,850.0,72.9,2
12557.0,32219.0,969.0,3274.0,225,274,0,0,19659.0,21396.0,1787.0,6469.0,72.9,-1
131595.0,197324.0,15133.0,23261.0,119,258,152,126,181267.0,168950.0,37214.0,65311.0,73.0,0
27240.0,42217.0,4998.0,8659.0,242,112,332,176,36444.0,33530.0,24369.0,24728.0,73.0,0
5926.0,19221.0,1913.0,4783.0,2609,3055,3206,3860,9816.0,11721.0,2347.0,1981.0,73.0,2
20824.0,45619.0,2157.0,3348.0,3633,3658,5230,5462,16741.0,16804.0,3416.0,5778.0,73.1,2
1520.0,5903.0,671.0,3296.0,189,125,128,107,2165.0,4245.0,16955.0,29536.0,73.1,0
225950.0,326737.0,14468.0,22525.0,737,464,187,88,188593.0,170069.0,68945.0,84865.0,73.1,0
6718.0,17017.0,1651.0,3366.0,3536,4037,4994,5711,13211.0,14836.0,665.0,2389.0,73.2,2
30308.0,43281.0,6929.0,11487.0,515,201,329,135,30560.0,30136.0,27005.0,23662.0,73.2,0
11762.0,12347.0,2904.0,4193.0,4151,4696,5824,6142,15525.0,16720.0,679.0,2806.0,73.2,2
3041.0,13304.0,70.0,559.0,1540,2784,2010,3562,4355.0,8060.0,405.0,669.0,73.3,2
40330.0,63123.0,6140.0,9983.0,151,231,299,146,59805.0,58653.0,47306.0,41159.0,73.3,0
30868.0,40111.0,4349.0,5959.0,183,132,0,18,44408.0,39440.0,33914.0,28055.0,73.3,0
18794.0,45995.0,4480.0,8721.0,490,498,0,0,22511.0,22432.0,6689.0,12042.0,73.4,-1
14666.0,17760.0,4722.0,6974.0,6087,6208,8960,9362,26296.0,25446.0,6388.0,6324.0,73.4,2
16109.0,31590.0,2042.0,4963.0,4649,4884,6872,7021,21680.0,21737.0,2052.0,3575.0,73.4,2
51981.0,69255.0,2427.0,3823.0,221,139,21,92,51123.0,46922.0,43251.0,43965.0,73.5,0
6955.0,13677.0,1345.0,3720.0,2504,2714,3235,3523,7511.0,8724.0,72.0,436.0,73.6,2
3806.0,6787.0,1077.0,2687.0,3644,3627,3980,3994,9991.0,9724.0,1348.0,1434.0,73.7,2
28091.0,36748.0,2887.0,4567.0,293,361,117,112,24990.0,23914.0,26086.0,19584.0,73.7,0
50349.0,65251.0,8970.0,14368.0,0,53,257,190,49176.0,42906.0,35861.0,32325.0,73.7,0
23190.0,39812.0,5508.0,8381.0,228,160,443,185,29869.0,30850.0,8998.0,14407.0,73.8,0
63741.0,75364.0,7499.0,9910.0,397,264,0,79,49631.0,49278.0,29739.0,40289.0,73.8,0
803953.0,1039220.0,80353.0,87145.0,50719,47425,112532,107143,189839.0,178370.0,92509.0,71167.0,73.9,1
89585.0,121935.0,3060.0,6485.0,351,221,367,173,92635.0,86215.0,104951.0,77376.0,73.9,0
30918.0,39103.0,3069.0,5114.0,26,175,428,216,29330.0,28486.0,9547.0,19933.0,73.9,0
7603.0,17792.0,959.0,2336.0,3470,3755,4826,5331,13592.0,14529.0,843.0,2076.0,73.9,2
68148.0,95840.0,25931.0,39849.0,293,314,324,152,73382.0,66121.0,52622.0,47043.0,73.9,0
1194.0,3941.0,1004.0,2772.0,1884,2884,2435,3969,6154.0,10483.0,342.0,534.0,74.0,2
66214.0,108720.0,16329.0,26038.0,255,238,203,117,41337.0,39187.0,33153.0,28872.0,74.1,0
77681.0,113755.0,9301.0,14850.0,0,29,395,144,49586.0,47382.0,41401.0,35036.0,74.2,0
5051.0,16270.0,3244.0,8655.0,3232,4938,4035,5632,8165.0,11291.0,188.0,1160.0,74.2,2
9176.0,19411.0,1840.0,3907.0,3212,3374,4504,5019,13219.0,14360.0,2973.0,3007.0,74.2,2
191319.0,293825.0,13699.0,21806.0,399,234,437,175,208417.0,175054.0,106392.0,88901.0,74.2,0
4431.0,13271.0,520.0,1547.0,4634,5206,6920,7768,17351.0,19044.0,1315.0,2753.0,74.2,2
1553.0,4843.0,1079.0,3103.0,1157,1287,1729,2042,5586.0,6603.0,0.0,2268.0,74.2,2
23538.0,42712.0,10246.0,18388.0,2400,2479,6447,6396,16487.0,15679.0,6119.0,6985.0,74.4,3
8404.0,21376.0,1402.0,4009.0,3225,3452,4511,5188,15522.0,16485.0,2041.0,4037.0,74.4,2
80392.0,124540.0,3925.0,6460.0,322,151,225,95,127604.0,104025.0,41907.0,35827.0,74.4,0
21768.0,36093.0,5530.0,7929.0,258,169,254,173,31087.0,29061.0,12978.0,21785.0,74.5,0
16113.0,27139.0,1970.0,3501.0,9938,9888,11625,12248,21431.0,21697.0,0.0,2605.0,74.6,2
29232.0,46123.0,4299.0,7885.0,237,145,0,0,41098.0,39288.0,11927.0,23400.0,74.6,-1
7142.0,22566.0,2537.0,5108.0,2708,4207,3302,5461,8345.0,13324.0,1748.0,2024.0,74.7,2
1639.0,6353.0,353.0,2182.0,529,1255,579,1663,1195.0,4131.0,9.0,118.0,74.7,2
8915.0,13790.0,712.0,1883.0,3364,3624,5437,5240,11554.0,11772.0,2923.0,2504.0,74.7,2
4143.0,11332.0,2741.0,5748.0,3258,3763,4148,4777,10918.0,12013.0,518.0,827.0,74.7,2
3013.0,18320.0,640.0,3764.0,571,1424,670,1778,1972.0,4932.0,687.0,1245.0,74.7,2
2526.0,6495.0,1960.0,4156.0,4175,5437,4976,6171,10486.0,13389.0,1356.0,2014.0,74.7,2
268663.0,320053.0,33644.0,42717.0,879,563,109,141,232719.0,155140.0,146343.0,88576.0,74.8,3
14224.0,30726.0,5571.0,11177.0,462,458,84,4,22566.0,24184.0,9421.0,17114.0,74.8,0
601.0,2928.0,197.0,1230.0,155,41,17,0,2321.0,4083.0,261.0,574.0,74.8,-1
3989.0,14655.0,302.0,1906.0,177,128,68,42,3984.0,3973.0,602.0,669.0,74.8,0
3054.0,18522.0,326.0,2401.0,137,37,220,229,2549.0,5065.0,16005.0,43011.0,74.8,0
236040.0,338216.0,30618.0,48001.0,764,311,254,131,292149.0,252828.0,87068.0,99557.0,74.8,0
56811.0,88402.0,10187.0,15719.0,0,88,362,219,45242.0,40057.0,22726.0,32615.0,74.9,0
13653.0,22682.0,1666.0,5885.0,7052,7324,9535,10181,22146.0,22985.0,858.0,2010.0,75.0,2
53682.0,78338.0,2296.0,4477.0,215,338,466,255,54911.0,50723.0,40812.0,39240.0,75.0,0
41620.0,64518.0,12542.0,20838.0,0,120,554,185,54186.0,51570.0,29591.0,43654.0,75.0,0
5554.0,16754.0,1053.0,3943.0,2377,2804,3191,3220,7845.0,7552.0,1205.0,1546.0,75.0,2
30795.0,53661.0,9973.0,16286.0,285,257,23,125,43983.0,41705.0,19124.0,33906.0,75.1,0
7527.0,12392.0,2624.0,3885.0,4284,4257,5367,5225,13988.0,13156.0,1237.0,2168.0,75.1,2
37270.0,59129.0,8812.0,15800.0,505,216,200,85,40262.0,38512.0,29602.0,30602.0,75.1,0
56613.0,88083.0,4481.0,7877.0,122,208,152,108,53263.0,48816.0,43325.0,35193.0,75.2,0
11539.0,16967.0,3146.0,5589.0,4278,4212,7044,6917,20124.0,19463.0,6166.0,4772.0,75.2,2
13869.0,23583.0,3637.0,4582.0,3164,3346,3987,4125,12442.0,12894.0,1118.0,1403.0,75.3,2
40275.0,59697.0,18269.0,29828.0,405,212,76,64,35062.0,33332.0,27615.0,26694.0,75.3,0
1967.0,10961.0,983.0,3913.0,840,2396,1437,4078,3815.0,10646.0,1188.0,3280.0,75.3,2
32526.0,49844.0,7791.0,10939.0,372,174,386,198,39225.0,35381.0,24559.0,27656.0,75.3,0
8078.0,15163.0,3237.0,7577.0,5262,5353,6656,6931,20119.0,19640.0,2163.0,4573.0,75.4,2
3946.0,9994.0,2198.0,5350.0,1827,2493,2448,3059,6857.0,9350.0,2792.0,2258.0,75.4,2
1313.0,4212.0,102.0,2170.0,348,612,519,1259,1364.0,4348.0,363.0,602.0,75.4,2
25731.0,44337.0,3711.0,4876.0,281,218,190,116,29410.0,27278.0,10059.0,16519.0,75.4,0
38319.0,64158.0,6950.0,9086.0,14,62,184,164,45247.0,42803.0,15655.0,28552.0,75.4,0
50682.0,71600.0,7154.0,11140.0,0,42,178,136,48759.0,42409.0,42597.0,31044.0,75.5,0
51720.0,82381.0,13368.0,22234.0,375,178,0,17,53786.0,51683.0,25537.0,43395.0,75.5,0
38432.0,60992.0,22665.0,36516.0,269,197,220,119,49085.0,47583.0,40426.0,41230.0,75.5,0
3058.0,7523.0,302.0,4386.0,487,1209,860,2019,2488.0,5594.0,1372.0,1700.0,75.5,2
3941.0,10305.0,743.0,2433.0,635,1498,873,2438,2521.0,6463.0,459.0,958.0,75.5,2
36751.0,51098.0,1798.0,3081.0,133,98,0,0,46398.0,47252.0,11671.0,28982.0,75.5,-1
788.0,3756.0,593.0,2895.0,1402,4207,1617,5065,4231.0,12757.0,1429.0,4073.0,75.6,2
1751.0,11981.0,1064.0,4113.0,4551,8655,5396,10499,12849.0,25111.0,0.0,0.0,75.6,2
19852.0,29881.0,4174.0,6264.0,0,0,269,141,30368.0,27260.0,9781.0,19993.0,75.6,0
168093.0,244869.0,15167.0,22842.0,309,262,340,132,211991.0,181580.0,64789.0,70969.0,75.7,0
1624.0,10017.0,432.0,2856.0,1767,3670,1982,4207,5733.0,11470.0,647.0,1705.0,75.7,2
9012.0,12904.0,962.0,2045.0,3964,4569,5339,5584,12673.0,13849.0,3942.0,4073.0,75.7,2
20811.0,25504.0,2252.0,3589.0,58,97,513,206,24308.0,23474.0,16044.0,13836.0,75.7,0
6555.0,17379.0,1227.0,4429.0,1658,2549,2047,3106,5380.0,7961.0,1348.0,2245.0,75.7,2
1362.0,7662.0,5238.0,16338.0,186,119,150,71,17203.0,34508.0,8238.0,13476.0,75.8,0
3680060.0,1798040.0,6481100.0,3486400.0,16915,5220,4906,1673,5640630.0,2577800.0,4589070.0,1875560.0,75.8,1
6568.0,19483.0,2269.0,5114.0,3602,3772,4758,5290,12466.0,13719.0,1264.0,2093.0,75.8,2
2322.0,6390.0,990.0,3929.0,2947,3844,3911,5168,10951.0,14625.0,852.0,2580.0,75.8,2
18970.0,24401.0,4348.0,6918.0,2678,2510,3378,3770,11744.0,12198.0,4858.0,3797.0,75.9,2
47880.0,73236.0,14801.0,22833.0,113,112,323,199,48968.0,44973.0,26280.0,34110.0,75.9,0
7588.0,19905.0,1283.0,4002.0,1792,2058,2664,3643,7657.0,9152.0,1675.0,2402.0,75.9,2
25945.0,34826.0,1265.0,2668.0,151,109,275,111,38086.0,37056.0,9574.0,22205.0,75.9,0
41640.0,65299.0,21108.0,33622.0,324,245,216,90,43636.0,42969.0,25719.0,31194.0,75.9,0
39471.0,51339.0,7551.0,10675.0,314,179,70,96,35220.0,33333.0,26131.0,23117.0,75.9,0
4834.0,15411.0,995.0,4151.0,122,40,171,114,5999.0,5598.0,1290.0,1719.0,75.9,0
858689.0,1017910.0,239819.0,330615.0,974,722,272,142,476161.0,388470.0,204984.0,194710.0,75.9,3
2310.0,9969.0,896.0,3237.0,2818,4178,3832,5804,8734.0,13163.0,813.0,1200.0,76.0,2
48936.0,65071.0,20044.0,18865.0,185,168,133,78,52573.0,47607.0,37381.0,38367.0,76.0,0
483856.0,686618.0,29981.0,47009.0,1914,1710,18450,17827,203360.0,184699.0,156412.0,143391.0,76.1,3
259929.0,322680.0,61813.0,89601.0,481,596,0,87,159720.0,144166.0,66607.0,77371.0,76.2,3
10557.0,21055.0,3369.0,5151.0,6032,5910,9220,9306,21448.0,21545.0,3513.0,4871.0,76.2,2
6492.0,18482.0,1050.0,3816.0,8267,9855,8695,10130,17635.0,19387.0,1818.0,1822.0,76.2,2
3672.0,7496.0,2645.0,3872.0,6125,6374,6108,6112,14272.0,14484.0,1184.0,1593.0,76.3,2
59183.0,91915.0,11713.0,18381.0,403,204,165,113,40379.0,38904.0,21380.0,32511.0,76.3,0
152370.0,212288.0,24795.0,35962.0,666,297,0,102,206290.0,179743.0,107389.0,84887.0,76.3,0
27742.0,38903.0,15201.0,26364.0,342,292,62,79,24041.0,24143.0,6871.0,15150.0,76.3,0
2287.0,12810.0,932.0,5140.0,2229,6675,2538,7625,6823.0,18356.0,1933.0,2829.0,76.3,2
1518.0,8869.0,551.0,4817.0,4207,8244,4893,9405,11798.0,22376.0,381.0,1774.0,76.3,2
51422.0,79879.0,4169.0,8039.0,122,160,326,185,67495.0,66201.0,31616.0,51069.0,76.3,0
27425.0,39200.0,7156.0,9319.0,0,87,0,50,38617.0,36997.0,35102.0,27739.0,76.4,0
3896.0,13705.0,954.0,2724.0,3747,4924,5331,6947,12646.0,16686.0,1863.0,2284.0,76.5,2
4065.0,11387.0,2554.0,6178.0,2416,3163,3005,3662,8694.0,10385.0,522.0,606.0,76.6,2
25626.0,45758.0,6395.0,10372.0,376,211,207,123,41936.0,39975.0,28822.0,27277.0,76.6,0
2334.0,7111.0,1148.0,2576.0,113,61,270,152,10710.0,15668.0,39209.0,39986.0,76.6,0
8008.0,8597.0,6018.0,8543.0,83,92,238,123,69553.0,40186.0,69805.0,32810.0,76.6,0
3974.0,14236.0,0.0,0.0,0,0,196,183,2245.0,5183.0,27446.0,34473.0,76.6,0
1575610.0,1177800.0,1330740.0,1121060.0,3810,2283,1221,571,3614460.0,2016310.0,2744990.0,1292130.0,76.6,1
49462.0,72600.0,11408.0,14274.0,571,233,204,99,47818.0,45310.0,34585.0,36372.0,76.7,0
27141.0,41628.0,12858.0,22125.0,59,129,273,129,29799.0,30099.0,21764.0,22098.0,76.7,0
915.0,4462.0,641.0,2272.0,1031,1551,1406,2606,4234.0,7507.0,0.0,38.0,76.8,2
2853.0,11190.0,906.0,2745.0,5710,9391,5723,10037,12556.0,21234.0,1524.0,2386.0,76.8,2
7541.0,19711.0,3563.0,5411.0,4191,4416,5672,5996,12702.0,13747.0,1488.0,2052.0,76.9,2
64658.0,100032.0,5329.0,7479.0,263,310,191,151,75504.0,71288.0,68408.0,52331.0,76.9,0
41990.0,67584.0,3857.0,4982.0,237,150,109,53,41635.0,38589.0,15426.0,29797.0,76.9,0
3381.0,9649.0,125.0,3114.0,471,804,698,1463,1880.0,4911.0,2222.0,2445.0,76.9,2
5954.0,20339.0,2027.0,4156.0,4308,5318,5088,5683,14135.0,15166.0,1904.0,1780.0,76.9,2
2994.0,9171.0,1117.0,2227.0,3575,4078,5165,5728,12880.0,13771.0,726.0,2193.0,77.0,2
622.0,2726.0,442.0,2443.0,1179,1793,1745,2757,4564.0,7362.0,767.0,1346.0,77.0,2
1557.0,3881.0,1052.0,3567.0,2015,2275,2617,3220,6673.0,8624.0,323.0,741.0,77.1,2
13055.0,23338.0,5257.0,7204.0,355,247,212,55,27943.0,26666.0,7928.0,17422.0,77.1,0
26366.0,30985.0,1982.0,2805.0,0,53,24,72,31723.0,30587.0,17198.0,24443.0,77.2,0
3766.0,18054.0,1714.0,5212.0,2679,4976,2770,5389,8154.0,15258.0,167.0,906.0,77.2,2
8092.0,23785.0,1903.0,5252.0,281,188,228,171,15630.0,21548.0,5383.0,11945.0,77.2,0
3407.0,20216.0,712.0,3535.0,127,47,174,93,2518.0,9943.0,942.0,3465.0,77.2,0
27167.0,44843.0,11257.0,20465.0,218,179,223,123,46004.0,46655.0,9904.0,26261.0,77.3,0
8655.0,21612.0,1646.0,3565.0,5662,5800,7946,8404,20945.0,22863.0,1412.0,4740.0,77.3,2
8001.0,14636.0,1474.0,3240.0,2326,2568,3184,3338,9357.0,9946.0,1366.0,3047.0,77.4,2
27804.0,42403.0,5008.0,8490.0,118,60,231,99,28777.0,26639.0,9986.0,17712.0,77.4,0
24857.0,44106.0,6471.0,10446.0,74,150,122,49,40659.0,38595.0,26517.0,30715.0,77.4,0
6978.0,18215.0,2705.0,5079.0,2616,2716,3534,4223,9550.0,10742.0,2824.0,3459.0,77.4,2
27547.0,40575.0,3211.0,3804.0,8266,8087,10820,10754,29459.0,29137.0,6672.0,6024.0,77.4,2
6680.0,9700.0,1788.0,4362.0,5031,5315,6083,6252,12503.0,12489.0,871.0,2315.0,77.4,2
14250.0,30908.0,3096.0,6268.0,2243,2349,5171,5623,15741.0,16756.0,1790.0,3587.0,77.5,2
4539.0,9031.0,0.0,1615.0,191,230,237,148,3312.0,4035.0,32833.0,34984.0,77.6,0
187111.0,281562.0,26618.0,39104.0,657,379,57,73,317429.0,273820.0,114193.0,117368.0,77.6,3
4401.0,14723.0,714.0,2336.0,2367,2504,2651,2892,8197.0,8878.0,1245.0,1718.0,77.7,2
6564.0,13574.0,1340.0,2437.0,3366,3386,4959,4988,13108.0,13174.0,1880.0,2923.0,77.7,2
81643.0,128041.0,41708.0,68659.0,562,300,529,219,88732.0,82644.0,79301.0,72993.0,77.8,0
3339.0,9787.0,10277.0,18266.0,151,64,220,245,31996.0,33163.0,55887.0,50867.0,77.8,0
828.0,4402.0,2401.0,10828.0,188,193,244,188,4934.0,9459.0,12826.0,20932.0,77.8,0
8821.0,15819.0,4011.0,4397.0,74,107,286,127,6274.0,6024.0,68325.0,57552.0,77.8,0
1860820.0,1083820.0,7127050.0,5299720.0,11943,4183,3493,1306,3201360.0,1786790.0,2175770.0,1058170.0,77.8,1
4378.0,9780.0,3084.0,5060.0,2030,2193,2894,3257,7722.0,9065.0,2062.0,2619.0,77.8,2
111764.0,160346.0,9882.0,14078.0,466,272,0,0,158749.0,143750.0,88614.0,70274.0,77.9,-1
815984.0,1098820.0,538789.0,737839.0,1507,1327,522,335,492647.0,406986.0,151538.0,138765.0,77.9,1
555060.0,714974.0,63455.0,88652.0,3294,2732,51968,48988,322316.0,282933.0,201342.0,201750.0,78.0,3
116281.0,159003.0,10886.0,17001.0,278,133,0,39,197278.0,171480.0,57643.0,73753.0,78.0,0
5821.0,12816.0,1462.0,3316.0,2775,3587,3569,4732,9090.0,12713.0,2850.0,3011.0,78.0,2
3776.0,12329.0,1598.0,4031.0,2622,3836,3440,4767,9076.0,12104.0,924.0,1927.0,78.0,2
5476.0,17395.0,1215.0,2430.0,74,114,179,40,4306.0,5781.0,4417.0,4332.0,78.1,0
4259.0,9183.0,2530.0,3289.0,228,78,19,9,38943.0,24954.0,5816.0,4540.0,78.1,0
2369.0,10569.0,0.0,49.0,82,0,114,96,2762.0,4574.0,3362.0,4439.0,78.1,0
782920.0,751391.0,278833.0,377428.0,3889,2762,406,365,2515040.0,1749800.0,1006890.0,825003.0,78.1,1
2111.0,13368.0,0.0,746.0,118,7,177,65,12445.0,22235.0,2541.0,4382.0,78.1,0
3428.0,10298.0,0.0,1251.0,167,104,250,134,11356.0,16325.0,4723.0,5225.0,78.1,0
752.0,4809.0,204.0,1344.0,162,100,122,27,2248.0,4610.0,2579.0,5417.0,78.1,0
901308.0,951482.0,99530.0,129630.0,4418,3758,686,344,1450790.0,1067590.0,1248710.0,939426.0,78.1,1
5347.0,12970.0,1642.0,4368.0,3724,3584,4921,4867,11093.0,11101.0,1331.0,1181.0,78.1,2
4432.0,9331.0,1759.0,3587.0,3582,3645,4783,5386,12952.0,14030.0,1017.0,2727.0,78.2,2
1845.0,6362.0,1838.0,5300.0,2214,4086,2692,5168,7609.0,13102.0,962.0,1583.0,78.2,2
92435.0,142177.0,12220.0,19718.0,448,185,216,164,76023.0,68578.0,42758.0,44665.0,78.4,0
12833.0,18716.0,5393.0,9444.0,281,186,130,102,26009.0,24876.0,15888.0,16403.0,78.4,0
53586.0,74387.0,10134.0,16209.0,296,243,352,171,49394.0,48018.0,33821.0,36397.0,78.5,0
2444.0,9235.0,1326.0,4021.0,1761,2121,2440,3277,7027.0,9435.0,0.0,860.0,78.5,2
362869.0,480301.0,30204.0,46948.0,1586,1279,0,88,358969.0,297441.0,188085.0,172697.0,78.5,3
13555.0,22309.0,4717.0,5819.0,13870,13508,13315,12943,30209.0,27445.0,3856.0,4196.0,78.5,1
163963.0,234133.0,8117.0,12196.0,801,292,184,116,194056.0,168733.0,88222.0,83082.0,78.5,0
17629.0,28044.0,4076.0,8119.0,6548,6714,7965,8600,20569.0,22199.0,880.0,3493.0,78.6,2
1492.0,7729.0,367.0,1772.0,493,916,671,1266,1722.0,3998.0,1492.0,2739.0,78.6,2
5174.0,16457.0,1586.0,4493.0,7218,8848,9320,11849,21050.0,26235.0,1769.0,3093.0,78.6,2
20655.0,32123.0,4809.0,9594.0,357,128,128,153,15064.0,14696.0,7706.0,11474.0,78.6,0
15678.0,22156.0,8498.0,15755.0,287,118,90,49,22485.0,22229.0,6417.0,11261.0,78.7,0
7058.0,9093.0,2420.0,4288.0,4441,4922,6346,6638,16164.0,16180.0,1173.0,3292.0,78.8,2
23790.0,39040.0,2973.0,6719.0,287,199,0,75,29182.0,26930.0,9942.0,16949.0,78.8,0
21552.0,40195.0,11947.0,21509.0,26,23,90,94,14126.0,14849.0,2937.0,5308.0,78.9,0
23256.0,32286.0,3342.0,4461.0,6006,5885,8813,8911,22421.0,22392.0,4205.0,6968.0,79.0,2
30728.0,51164.0,7945.0,12670.0,311,201,26,77,37385.0,35344.0,11526.0,24386.0,79.1,0
3359.0,12878.0,2161.0,6216.0,1507,1950,3583,4627,10772.0,14681.0,357.0,2234.0,79.1,2
11447.0,18381.0,1435.0,2338.0,2688,3064,4264,4294,11156.0,10827.0,991.0,966.0,79.1,2
13226.0,15342.0,1833.0,2600.0,4527,5768,5816,6941,13084.0,15977.0,3335.0,2495.0,79.1,2
1026.0,7001.0,533.0,3531.0,1603,2849,1975,3536,4799.0,8849.0,147.0,697.0,79.1,2
33152.0,36579.0,5384.0,8304.0,0,53,177,60,42165.0,38365.0,38185.0,29938.0,79.2,0
2031.0,9879.0,732.0,2821.0,2775,4042,4014,6030,10164.0,15534.0,0.0,585.0,79.2,2
1273.0,8492.0,204.0,1700.0,388,1079,475,1489,1359.0,4962.0,314.0,626.0,79.2,2
1823.0,11812.0,727.0,3274.0,3114,7151,3636,8250,8186.0,17829.0,0.0,67.0,79.2,2
38771.0,71609.0,4215.0,6694.0,88,147,418,187,31948.0,28982.0,17001.0,21981.0,79.2,0
2283.0,5317.0,2368.0,5459.0,3363,3927,3744,4035,10291.0,10519.0,1009.0,1845.0,79.3,2
261004.0,388014.0,14027.0,21782.0,580,259,307,155,187737.0,159266.0,96705.0,87508.0,79.3,3
54599.0,89692.0,13042.0,22498.0,511,367,317,159,53661.0,47341.0,21498.0,40657.0,79.3,0
29539.0,41575.0,4013.0,5073.0,225,159,0,35,33969.0,31530.0,11443.0,21124.0,79.4,0
11501.0,22828.0,2101.0,4833.0,2869,2764,3905,3815,9126.0,8863.0,3513.0,1894.0,79.4,2
14494.0,17339.0,2904.0,5601.0,4361,4176,6403,6259,17560.0,17349.0,4262.0,5635.0,79.4,2
16340.0,16362.0,1544.0,3837.0,8248,7840,10319,9642,25753.0,22935.0,5609.0,4938.0,79.5,2
29473.0,30737.0,7473.0,10249.0,337,179,242,123,27743.0,25455.0,21894.0,21906.0,79.5,0
3895.0,12402.0,1266.0,3007.0,2637,4789,3430,5979,8610.0,14116.0,2351.0,3506.0,79.5,2
25932.0,38009.0,5093.0,8261.0,421,196,143,120,32035.0,29745.0,29487.0,22671.0,79.5,0
7581.0,22584.0,1477.0,3940.0,3328,3820,4477,4996,12275.0,12985.0,1810.0,2365.0,79.6,2
7696.0,12330.0,135.0,1820.0,1632,2432,2206,3146,5389.0,7678.0,1830.0,1633.0,79.6,2
6202.0,13627.0,3143.0,6720.0,2645,3004,3418,3718,9303.0,10471.0,1041.0,1497.0,79.6,2
29047.0,46969.0,7305.0,11112.0,227,153,109,152,39135.0,37904.0,19246.0,27202.0,79.6,0
99813.0,129997.0,24943.0,36380.0,17782,17923,24390,23870,70361.0,66972.0,20698.0,14173.0,79.7,1
2844.0,11031.0,39.0,906.0,161,106,83,130,2491.0,4020.0,16187.0,37613.0,79.7,0
422554.0,602534.0,36188.0,53979.0,493,314,342,156,486221.0,416623.0,174664.0,188338.0,79.7,3
2911.0,7680.0,1186.0,3509.0,1712,2250,2012,2749,6117.0,7799.0,285.0,1127.0,79.7,2
1922.0,12607.0,779.0,3416.0,1333,3082,1968,4182,4845.0,11185.0,449.0,925.0,79.7,2
81821.0,118846.0,10029.0,14418.0,3919,3641,8224,8361,27252.0,25299.0,14576.0,16178.0,79.7,3
4735.0,10558.0,3724.0,7305.0,1706,2678,2527,3900,6780.0,10173.0,1371.0,1546.0,79.7,2
1910.0,4206.0,1244.0,5013.0,572,1718,902,2614,1804.0,6045.0,647.0,923.0,79.7,2
77774.0,118265.0,9676.0,14297.0,97,116,0,38,140575.0,117735.0,52417.0,50780.0,79.8,0
7469.0,27047.0,1623.0,5419.0,4732,5931,6430,7852,18866.0,22947.0,357.0,2713.0,79.8,2
30809.0,51738.0,28917.0,47144.0,228,287,259,159,30495.0,27885.0,15474.0,24763.0,79.8,0
248675.0,307183.0,248937.0,366419.0,20161,18491,36103,32380,39166.0,35515.0,15079.0,15793.0,79.9,1
52080.0,54843.0,5843.0,7056.0,361,223,263,109,32750.0,29180.0,31236.0,27176.0,79.9,0
48112.0,65822.0,13826.0,22477.0,704,250,0,84,55510.0,52704.0,51281.0,42307.0,79.9,0
25044.0,36779.0,10472.0,17023.0,324,204,93,102,24930.0,22343.0,18576.0,14172.0,79.9,0
2492.0,7685.0,1453.0,3361.0,2035,2488,2617,3329,6441.0,8193.0,0.0,1009.0,80.2,2
313687.0,418621.0,756515.0,1117660.0,9999,9553,12431,11805,33454.0,30215.0,5913.0,5347.0,80.2,1
12445.0,26981.0,4593.0,6673.0,6628,7069,9643,10082,27370.0,28135.0,4439.0,4705.0,80.3,2
39050.0,66320.0,8608.0,15185.0,171,144,321,124,37857.0,34589.0,21320.0,31715.0,80.3,0
4449.0,20243.0,1191.0,3415.0,4611,6090,6517,8685,15734.0,20874.0,0.0,740.0,80.3,2
28130.0,34090.0,9384.0,16370.0,237,126,0,0,28102.0,26809.0,6547.0,17462.0,80.4,-1
3662.0,13463.0,920.0,2414.0,3361,5887,3618,7068,8783.0,16232.0,1313.0,2371.0,80.4,2
3311.0,12960.0,686.0,2074.0,2407,2888,3043,3836,9163.0,11347.0,104.0,1215.0,80.4,2
9339.0,21373.0,3064.0,4627.0,3102,3046,4505,4680,12236.0,13017.0,2703.0,3427.0,80.6,2
4159.0,22799.0,2758.0,10861.0,2821,4711,3279,5394,8505.0,14198.0,0.0,179.0,80.6,2
2377.0,6556.0,1311.0,4119.0,481,1140,736,1992,1893.0,6139.0,118.0,259.0,80.6,2
4043.0,14134.0,1749.0,4043.0,192,161,169,56,5706.0,7412.0,564.0,1140.0,80.7,0
3630.0,9438.0,844.0,3279.0,4976,6308,6658,8453,15540.0,19684.0,1634.0,2279.0,80.7,2
1389.0,5819.0,748.0,4649.0,1139,2211,1423,3011,4198.0,9172.0,1093.0,2676.0,80.7,2
3076.0,10910.0,2389.0,6560.0,2127,3718,2394,3778,6065.0,10460.0,893.0,1982.0,80.8,2
2542.0,7895.0,82.0,3081.0,716,2165,753,2179,1605.0,5072.0,217.0,157.0,80.8,2
788.0,3927.0,320.0,1372.0,119,0,231,127,3907.0,6580.0,751.0,936.0,80.8,0
1184.0,3744.0,199.0,655.0,121,82,182,102,7538.0,7874.0,944.0,1809.0,80.8,0
510269.0,658802.0,57671.0,86621.0,1368,1209,251,171,788016.0,654452.0,274526.0,276124.0,80.8,3
8616.0,17447.0,2065.0,4719.0,2992,3398,4305,4456,12041.0,12322.0,1602.0,2772.0,80.8,2
5631.0,8845.0,2525.0,4931.0,2998,3055,4630,4655,11096.0,11038.0,2598.0,2600.0,80.9,2
48530.0,57835.0,4861.0,7052.0,411,207,0,8,54300.0,51069.0,40256.0,35394.0,80.9,0
7671.0,21556.0,1297.0,2637.0,2953,3373,3125,3501,7234.0,7775.0,752.0,1089.0,80.9,2
8816.0,19041.0,1316.0,3208.0,1513,4135,2328,5912,5792.0,14592.0,2759.0,2429.0,81.0,2
2509.0,9420.0,681.0,3897.0,2956,5582,4097,7615,9232.0,17443.0,0.0,370.0,81.0,2
2218.0,13907.0,231.0,1024.0,2754,5015,3283,6093,8011.0,14912.0,965.0,1776.0,81.1,2
8017.0,24696.0,1189.0,3415.0,4868,5682,6166,7212,14885.0,17186.0,3.0,471.0,81.1,2
8464.0,18280.0,3812.0,8815.0,6874,7857,7297,8111,19036.0,20203.0,839.0,1711.0,81.1,2
3234.0,12661.0,585.0,3494.0,6415,8244,6566,8269,16647.0,20067.0,1450.0,2872.0,81.1,2
71904.0,100276.0,39875.0,59063.0,6922,6795,8809,8472,25072.0,22616.0,5793.0,5314.0,81.1,1
1172.0,5919.0,664.0,2599.0,1232,1856,1807,3032,3895.0,6170.0,294.0,297.0,81.1,2
8398.0,17206.0,6572.0,11853.0,3256,3548,5730,5852,17085.0,18033.0,2549.0,3326.0,81.3,2
3102.0,10135.0,169.0,1103.0,4471,4950,4908,5465,12805.0,13932.0,1558.0,2003.0,81.4,2
83833.0,137361.0,6929.0,10774.0,330,396,38,46,58540.0,53035.0,27548.0,38688.0,81.4,0
20240.0,33443.0,6047.0,7780.0,6476,6372,8888,9026,23442.0,23833.0,4737.0,6531.0,81.4,2
23899.0,43679.0,3203.0,4955.0,158,86,114,118,32571.0,30298.0,12402.0,20401.0,81.5,0
2969.0,14039.0,1409.0,4119.0,1520,2095,1849,2670,5241.0,7433.0,650.0,1373.0,81.6,2
94521.0,137568.0,20377.0,32457.0,680,378,380,183,32526.0,30130.0,22369.0,22101.0,81.6,0
69119.0,96035.0,5268.0,6311.0,35,169,544,207,69703.0,66036.0,25998.0,46417.0,81.6,0
9989.0,12233.0,1950.0,3731.0,2829,2743,3845,3750,9566.0,8968.0,0.0,461.0,81.7,2
1895.0,10192.0,2004.0,5776.0,264,189,84,0,12094.0,22132.0,6141.0,9266.0,81.7,-1
1649.0,7475.0,2300.0,7243.0,137,77,144,59,19754.0,28658.0,5469.0,7741.0,81.7,0
6791.0,14051.0,1974.0,2403.0,281,185,229,128,4959.0,6363.0,24561.0,17874.0,81.7,0
1197380.0,1179300.0,2132070.0,2569690.0,3748,3275,614,334,2560700.0,1860920.0,1078440.0,799248.0,81.7,1
24883.0,35322.0,17817.0,28357.0,553,346,319,153,26309.0,26669.0,10892.0,17622.0,81.8,0
19996.0,43685.0,3857.0,7612.0,23,71,0,0,31303.0,30610.0,7739.0,19428.0,81.8,-1
2740.0,7794.0,999.0,1868.0,176,34,174,119,4503.0,7303.0,4469.0,4875.0,81.8,0
514922.0,613612.0,96755.0,137760.0,913,954,661,289,1090300.0,874614.0,536073.0,550291.0,81.8,3
978.0,4414.0,0.0,0.0,233,217,206,132,2664.0,4828.0,2316.0,3380.0,81.8,0
669.0,3347.0,0.0,0.0,95,71,139,118,2535.0,4335.0,1424.0,2276.0,81.8,0
1615.0,10242.0,571.0,3861.0,1061,1850,1577,2906,4621.0,9375.0,779.0,1441.0,81.8,2
7634.0,18050.0,1040.0,3351.0,5016,5389,5932,6302,14115.0,16028.0,0.0,967.0,81.9,2
2801.0,8572.0,966.0,2057.0,1254,1140,1893,2275,6315.0,7291.0,834.0,1248.0,81.9,2
12441.0,26747.0,1831.0,4541.0,3567,3393,5530,5644,14892.0,15693.0,3492.0,4241.0,82.0,2
2218.0,8279.0,1081.0,5046.0,1936,4110,2758,5785,6888.0,14983.0,643.0,1122.0,82.0,2
2412.0,9869.0,12.0,1862.0,28,0,162,79,2213.0,8403.0,13761.0,36139.0,82.0,0
132783.0,201587.0,9176.0,14799.0,50,173,381,174,152134.0,137433.0,30843.0,52578.0,82.0,0
59197.0,77493.0,11241.0,16047.0,436,210,0,18,76195.0,69514.0,36607.0,52659.0,82.1,0
21219.0,33037.0,1203.0,2447.0,1731,1584,3892,4037,11924.0,12030.0,1831.0,2987.0,82.1,2
20611.0,26340.0,1716.0,2243.0,4018,4029,5140,5481,16228.0,15382.0,4832.0,3750.0,82.1,2
5779.0,9664.0,645.0,2025.0,4655,5077,5910,6561,13919.0,14535.0,1635.0,2993.0,82.2,2
19346.0,30369.0,4978.0,10591.0,154,192,155,154,31322.0,30159.0,13489.0,22934.0,82.2,0
12435.0,22396.0,2679.0,4594.0,4749,4811,6418,6701,18045.0,18692.0,1021.0,4523.0,82.3,2
3737.0,11814.0,1541.0,3539.0,2791,2920,3771,4258,10804.0,11882.0,1526.0,2898.0,82.3,2
12317.0,20622.0,2743.0,4467.0,1736,1570,4627,4629,11766.0,11700.0,4864.0,4588.0,82.3,2
35569.0,56396.0,5031.0,8730.0,213,366,229,104,37454.0,35537.0,12747.0,25559.0,82.3,0
55112.0,96908.0,4018.0,8066.0,308,259,0,0,55424.0,49890.0,30584.0,41136.0,82.4,-1
16818.0,32734.0,3731.0,7144.0,324,254,228,100,26571.0,23971.0,12336.0,17697.0,82.4,0
34024.0,60977.0,2878.0,6254.0,264,136,174,99,32140.0,30129.0,19156.0,30145.0,82.4,0
3541.0,13024.0,1308.0,3823.0,1541,2872,1448,3293,3624.0,7930.0,1159.0,1486.0,82.4,2
19461.0,34752.0,3453.0,7677.0,58,71,270,143,19763.0,21438.0,15672.0,17068.0,82.5,0
29925.0,44254.0,2773.0,4459.0,432,306,111,63,37116.0,32711.0,19714.0,30594.0,82.5,0
9783.0,16989.0,1411.0,4364.0,5748,6654,7878,8288,20493.0,21766.0,568.0,1360.0,82.5,2
5598.0,14681.0,2476.0,5174.0,6116,6767,6893,7577,12871.0,14308.0,638.0,1774.0,82.5,2
4304.0,16173.0,1338.0,3412.0,2542,4654,3068,6401,7677.0,14553.0,1853.0,2555.0,82.5,2
30308.0,51342.0,6237.0,11948.0,44,145,0,15,32468.0,32374.0,13157.0,24222.0,82.5,0
7692.0,17552.0,3134.0,6779.0,2542,3902,3231,5207,8647.0,12831.0,3209.0,2591.0,82.6,2
3407.0,18077.0,1119.0,4935.0,1688,3733,1732,4784,4368.0,11497.0,10.0,7.0,82.6,2
148516.0,235663.0,20155.0,33452.0,230,132,131,155,132498.0,111169.0,35443.0,39900.0,82.6,0
16644.0,20776.0,1398.0,2227.0,3843,3890,5424,5137,12868.0,12748.0,2341.0,3086.0,82.6,2
6424.0,18713.0,1465.0,3980.0,1510,2494,1908,3084,5414.0,8765.0,2900.0,3790.0,82.6,2
1280.0,7689.0,472.0,2225.0,701,1872,910,2382,2117.0,5711.0,293.0,297.0,82.6,2
35865.0,52702.0,4790.0,7374.0,32,120,0,4,34676.0,33490.0,29868.0,28442.0,82.7,0
14293.0,32166.0,1960.0,3437.0,260,146,133,57,27090.0,29491.0,7376.0,14263.0,82.7,0
47245.0,73962.0,15594.0,22613.0,1794,1655,4482,4617,12873.0,12405.0,5100.0,4356.0,82.7,3
13893.0,23456.0,5750.0,10814.0,6436,6792,9178,9988,22636.0,24266.0,6642.0,6396.0,82.7,2
23230.0,37394.0,3786.0,6403.0,148,132,188,151,29968.0,28129.0,20769.0,26464.0,82.7,0
74205.0,113356.0,12235.0,17810.0,390,317,419,165,71500.0,62800.0,38885.0,45188.0,82.8,0
44449.0,83952.0,6701.0,13268.0,291,179,17,79,35302.0,33840.0,17797.0,28195.0,82.8,0
52900.0,77026.0,9626.0,13310.0,167,122,38,240,40727.0,37156.0,56157.0,38448.0,82.8,0
5652.0,15774.0,1498.0,3738.0,5767,6502,6056,7075,12972.0,14625.0,1939.0,1990.0,82.8,2
1809860.0,1181910.0,5918590.0,4925750.0,10567,5471,2973,1645,221732.0,175523.0,159870.0,100733.0,82.9,1
5728.0,12457.0,1352.0,3062.0,4605,5288,6926,7896,17712.0,20602.0,789.0,1460.0,82.9,2
36253.0,40687.0,10697.0,15063.0,231,198,351,175,34248.0,32111.0,25544.0,19223.0,82.9,0
63795.0,97054.0,3656.0,6763.0,170,91,278,212,66813.0,63816.0,28135.0,42017.0,82.9,0
34861.0,51385.0,3948.0,6758.0,409,193,141,72,41915.0,36038.0,29037.0,28325.0,83.0,0
47881.0,72256.0,11495.0,17844.0,466,242,307,124,47729.0,43173.0,34306.0,38300.0,83.1,0
27096.0,36547.0,7533.0,11489.0,47,125,329,234,28475.0,25598.0,20366.0,16319.0,83.1,0
4345750.0,2769460.0,6318670.0,5207910.0,6948,2658,1602,837,301739.0,251851.0,131682.0,103810.0,83.2,1
2549.0,10501.0,875.0,3073.0,1845,2546,1984,2707,5209.0,7141.0,316.0,779.0,83.2,2
5041.0,13171.0,1026.0,2378.0,604,1387,854,1802,2158.0,5320.0,153.0,741.0,83.2,2
28263.0,41208.0,5978.0,8591.0,11994,12062,15042,15199,34009.0,32920.0,4401.0,7801.0,83.2,2
3979.0,13155.0,1857.0,4828.0,1806,2953,2142,3745,6468.0,10553.0,1830.0,2165.0,83.3,2
831.0,5470.0,418.0,3303.0,1140,2755,1400,3540,3494.0,9306.0,191.0,599.0,83.3,2
1592.0,10366.0,243.0,2770.0,191,117,137,24,1720.0,4388.0,12215.0,27794.0,83.3,0
28144.0,43100.0,5800.0,7219.0,89,156,162,70,40012.0,40179.0,10825.0,25080.0,83.3,0
3148.0,10794.0,1222.0,2828.0,2887,3345,3468,4154,7252.0,9144.0,0.0,752.0,83.3,2
4410.0,11279.0,1764.0,4657.0,6720,7360,8584,9170,21683.0,22433.0,249.0,2634.0,83.4,2
10269.0,19532.0,2111.0,4673.0,4788,5245,5673,6062,15889.0,16589.0,65.0,2569.0,83.4,2
68533.0,112716.0,7295.0,12999.0,315,155,316,231,51813.0,47001.0,37739.0,35289.0,83.4,0
3852.0,19162.0,619.0,3321.0,2770,8072,2815,7565,6204.0,15083.0,716.0,2329.0,83.4,2
1158.0,3830.0,537.0,1954.0,3762,9329,3738,9080,7357.0,17436.0,282.0,916.0,83.4,2
9181.0,18351.0,1852.0,4347.0,9018,10015,11074,12602,29647.0,32988.0,0.0,2518.0,83.4,2
5124.0,14384.0,2693.0,6116.0,3704,4101,4655,4907,10707.0,12193.0,1343.0,1993.0,83.5,2
2534.0,10271.0,741.0,2588.0,858,1698,929,1815,3497.0,7582.0,711.0,1908.0,83.5,2
18927.0,31953.0,2004.0,3002.0,334,231,237,98,28404.0,26648.0,16122.0,18076.0,83.6,0
8695.0,18973.0,2142.0,3626.0,3515,3330,4674,4835,12797.0,12890.0,1150.0,2536.0,83.6,2
6601.0,19783.0,1143.0,2798.0,1937,2267,2950,3489,9483.0,11461.0,661.0,990.0,83.6,2
2752.0,6931.0,521.0,1626.0,1233,2058,1278,2513,3774.0,5724.0,1121.0,1353.0,83.6,2
16863.0,25023.0,3522.0,6053.0,4056,4382,6026,6376,17005.0,18244.0,6216.0,4787.0,83.6,2
65034.0,96667.0,11064.0,18963.0,207,245,0,96,78376.0,75028.0,39466.0,58123.0,83.7,0
61761.0,82144.0,6560.0,11105.0,439,276,0,0,55448.0,50363.0,26758.0,38040.0,83.7,-1
64475.0,105412.0,26428.0,41760.0,0,65,269,159,75603.0,71124.0,48142.0,56751.0,83.7,0
20973.0,32365.0,2621.0,4761.0,3958,3744,6425,5854,17715.0,17852.0,2547.0,4099.0,83.8,2
5006.0,13658.0,1483.0,3482.0,3122,3116,4106,4179,8876.0,8866.0,1806.0,2007.0,83.8,2
582.0,2479.0,952.0,7004.0,206,78,74,8,2176.0,5328.0,29091.0,59238.0,83.9,0
298905.0,416877.0,144545.0,204478.0,325,257,65,141,210218.0,188543.0,83188.0,108844.0,83.9,3
8926.0,21187.0,1637.0,4505.0,3542,4026,4515,4796,14080.0,15058.0,1448.0,1778.0,83.9,2
26992.0,44659.0,2732.0,4000.0,263,133,351,134,40512.0,38708.0,28092.0,28718.0,84.0,0
21570.0,37464.0,4538.0,8876.0,5323,5442,7587,7531,20183.0,20404.0,3335.0,4809.0,84.0,2
7419.0,16292.0,3845.0,9179.0,3802,4417,4824,5600,13086.0,14531.0,2801.0,3968.0,84.2,2
1305.0,7838.0,0.0,1988.0,813,1912,1056,2875,3192.0,9979.0,1169.0,2996.0,84.3,2
4682.0,23605.0,600.0,2710.0,2586,3806,3472,5110,10322.0,15251.0,405.0,1360.0,84.3,2
2851.0,11797.0,1217.0,3056.0,2497,4755,2584,5247,7123.0,11792.0,1407.0,1897.0,84.4,2
3795.0,10329.0,580.0,2333.0,891,2638,996,2882,1813.0,5257.0,182.0,583.0,84.4,2
3927.0,9620.0,3421.0,6419.0,1336,1323,3560,3622,10705.0,11431.0,1912.0,4515.0,84.4,2
7538.0,17554.0,2077.0,3998.0,4960,5110,6185,6587,15496.0,17102.0,2484.0,3047.0,84.4,2
24602.0,44115.0,4457.0,8775.0,74,51,199,198,37787.0,36267.0,10433.0,25534.0,84.5,0
3286.0,11877.0,624.0,1256.0,2902,3858,3288,4398,8103.0,9830.0,1225.0,1436.0,84.7,2
28838.0,43758.0,5566.0,7662.0,331,234,301,191,35839.0,34464.0,15541.0,29777.0,84.7,0
13566.0,25917.0,3615.0,6310.0,225,130,278,160,23299.0,23999.0,4384.0,10926.0,84.7,0
39587.0,56596.0,4073.0,6213.0,191,108,0,42,52658.0,48157.0,31604.0,36650.0,84.7,0
8875.0,18455.0,2042.0,3479.0,4481,4597,5893,5968,16403.0,15366.0,1564.0,3321.0,84.7,2
65315.0,89559.0,20665.0,33083.0,245,216,343,123,81883.0,74855.0,45916.0,53726.0,84.7,0
26682.0,41531.0,5281.0,7598.0,325,141,163,73,36550.0,35601.0,17712.0,23167.0,84.8,0
1450.0,5749.0,854.0,3841.0,3493,5370,4024,5902,9090.0,13245.0,974.0,1566.0,84.8,2
110831.0,164567.0,3458.0,5739.0,67,232,398,195,119739.0,102548.0,51728.0,48702.0,84.8,0
6910.0,18965.0,993.0,2535.0,2820,2993,4551,5155,14300.0,16035.0,174.0,2070.0,84.8,2
4561.0,10510.0,738.0,2851.0,4423,5411,5436,6771,13276.0,17627.0,1401.0,1475.0,84.9,2
3210.0,8379.0,839.0,2961.0,1839,3618,2337,5058,6568.0,11967.0,2265.0,1700.0,84.9,2
1021320.0,1155970.0,1449070.0,1757960.0,3044,1947,1286,922,408671.0,333381.0,186844.0,185494.0,84.9,1
44904.0,72958.0,3249.0,5794.0,15520,15906,21674,21640,52459.0,49804.0,10918.0,11277.0,85.0,1
1236.0,6885.0,587.0,2683.0,2476,4868,2994,6328,7012.0,16167.0,399.0,871.0,85.0,2
3286.0,7612.0,1362.0,3401.0,782,2039,954,2478,2565.0,7262.0,2076.0,2683.0,85.0,2
3033.0,7070.0,705.0,2065.0,898,2203,962,3005,2855.0,8120.0,471.0,1313.0,85.0,2
23506.0,30566.0,5944.0,10469.0,481,266,314,142,29410.0,29052.0,10868.0,20546.0,85.1,0
1103.0,5904.0,1194.0,4089.0,1475,2873,1725,3236,4642.0,8578.0,6.0,587.0,85.2,2
4445.0,8854.0,3479.0,6779.0,4136,4727,4605,5161,9690.0,10738.0,173.0,2109.0,85.2,2
2587.0,8598.0,472.0,1695.0,3077,4167,3238,4421,6928.0,9059.0,471.0,1312.0,85.3,2
33081.0,47658.0,5087.0,9091.0,119,126,253,148,35466.0,31598.0,26081.0,25093.0,85.3,0
30928.0,52152.0,4457.0,8938.0,101,180,74,71,42782.0,40400.0,15442.0,29036.0,85.3,0
21118.0,37276.0,10024.0,17255.0,349,166,222,115,40619.0,39486.0,15009.0,25150.0,85.4,0
9804.0,11810.0,966.0,2890.0,2443,2246,3270,3088,20490.0,17297.0,4209.0,8098.0,85.4,3
861.0,5184.0,0.0,966.0,115,0,169,67,1343.0,4068.0,12289.0,30562.0,85.4,0
35247.0,68709.0,14448.0,22921.0,511,240,0,47,47589.0,44530.0,19278.0,31880.0,85.4,0
13601.0,20998.0,2542.0,3463.0,5330,5459,7325,7477,17927.0,16884.0,2897.0,4779.0,85.5,2
14979.0,30468.0,2780.0,4754.0,5710,6103,7963,8113,21951.0,22492.0,2759.0,5414.0,85.5,2
1883.0,9754.0,465.0,2873.0,2047,3857,2689,5380,6002.0,12390.0,0.0,1061.0,85.5,2
6260.0,17377.0,1876.0,4908.0,3413,3822,4717,5364,13490.0,14858.0,629.0,2278.0,85.5,2
38684.0,60860.0,4816.0,7300.0,541,262,55,114,42104.0,39309.0,14672.0,28107.0,85.6,0
9231.0,18370.0,3388.0,7198.0,4367,4617,6181,6741,16574.0,18244.0,1728.0,3726.0,85.6,2
22450.0,27741.0,3270.0,5268.0,10940,12206,14948,15413,35312.0,34045.0,6756.0,5752.0,85.6,2
7157.0,16930.0,2746.0,5336.0,3591,4476,5547,7645,15037.0,21015.0,2934.0,5122.0,85.6,2
29519.0,53287.0,11916.0,19166.0,167,128,45,42,34790.0,33253.0,10854.0,21452.0,85.7,0
38796.0,58988.0,7044.0,11934.0,200,89,149,84,41316.0,37767.0,23562.0,29763.0,85.8,0
38084.0,57427.0,3036.0,6274.0,342,131,127,116,34793.0,33064.0,24190.0,26814.0,85.8,0
1606.0,10418.0,1568.0,6159.0,1413,2692,1463,2654,4738.0,9075.0,288.0,875.0,85.8,2
12111.0,26363.0,3436.0,6821.0,6845,7077,8597,8936,21735.0,21428.0,678.0,2658.0,85.9,2
53560.0,83683.0,14987.0,22845.0,254,169,0,0,48527.0,43105.0,39573.0,33254.0,85.9,-1
15554.0,18266.0,2008.0,3536.0,3328,3516,4131,4219,11263.0,10697.0,702.0,1360.0,85.9,2
6914.0,24952.0,1273.0,3035.0,4515,5635,5711,6543,14546.0,16532.0,857.0,2540.0,85.9,2
8259.0,16646.0,1968.0,3562.0,4912,4919,6302,6234,19800.0,20025.0,2292.0,3888.0,86.0,2
11568.0,22778.0,4596.0,8471.0,4683,4627,5960,5612,15303.0,14864.0,3718.0,3887.0,86.0,2
9993.0,21171.0,3651.0,5942.0,1637,1735,3686,3789,9782.0,9646.0,4060.0,4793.0,86.0,2
11263.0,24119.0,1414.0,3421.0,2462,2565,3371,3678,8720.0,9379.0,529.0,1791.0,86.1,2
11013.0,15143.0,1891.0,3067.0,4348,4686,6348,6252,15759.0,15370.0,1964.0,2423.0,86.1,2
13822.0,34585.0,2298.0,5211.0,9191,9537,11816,12137,28736.0,28010.0,1360.0,4566.0,86.2,2
5921.0,18851.0,3196.0,8320.0,3430,4189,5328,6130,14982.0,17245.0,731.0,1396.0,86.2,2
5702.0,18981.0,1462.0,3284.0,5057,5756,6681,7765,16286.0,19668.0,1454.0,2805.0,86.2,2
1977.0,7094.0,808.0,2929.0,4364,6247,5009,7258,10198.0,14870.0,1476.0,2307.0,86.2,2
4360.0,8353.0,1719.0,4957.0,4260,5086,5734,6429,11630.0,12857.0,816.0,1519.0,86.3,2
4980.0,10777.0,1495.0,2785.0,2884,3173,4091,4646,11862.0,12827.0,0.0,835.0,86.3,2
14842.0,21734.0,1534.0,3372.0,6210,7084,7643,7937,19119.0,19947.0,3733.0,3670.0,86.3,2
6961.0,22602.0,2106.0,3964.0,3349,3599,4049,4484,11735.0,12660.0,2379.0,1979.0,86.3,2
6996.0,16002.0,942.0,1931.0,2217,2191,2836,2894,8444.0,8431.0,922.0,1715.0,86.3,2
8526.0,15200.0,3460.0,6730.0,5425,5788,7050,7352,17789.0,17515.0,1204.0,2362.0,86.3,2
12249.0,29783.0,4717.0,6942.0,227,177,2,74,27633.0,25833.0,18018.0,20294.0,86.4,0
139315.0,194799.0,5614.0,9657.0,559,326,0,20,160817.0,145990.0,61699.0,65126.0,86.4,0
3284.0,10027.0,1359.0,3820.0,2491,3027,3696,4168,10331.0,11739.0,1071.0,2539.0,86.4,2
36494.0,46173.0,12160.0,18076.0,95,180,64,90,38926.0,34917.0,20119.0,30653.0,86.4,0
3471.0,7171.0,2449.0,5340.0,4373,5171,5819,6569,13852.0,15585.0,1103.0,2051.0,86.5,2
1500.0,7949.0,1924.0,6285.0,122,0,200,102,4441.0,8255.0,6295.0,11156.0,86.5,0
8854.0,14679.0,1994.0,2940.0,170,175,415,227,4932.0,5774.0,28044.0,20630.0,86.5,0
7997780.0,4526640.0,2787610.0,1692490.0,37656,19709,42923,24375,2469420.0,1141450.0,1224510.0,546956.0,86.5,1
7514.0,11285.0,932.0,1858.0,2667,2399,3955,3727,8933.0,8217.0,3060.0,2912.0,86.5,2
63928.0,98663.0,12326.0,19994.0,290,242,0,9,68907.0,66635.0,22188.0,44813.0,86.6,0
1459.0,8520.0,629.0,2604.0,83,0,117,0,649.0,4189.0,18103.0,35264.0,86.7,-1
647097.0,876410.0,168877.0,244407.0,581,711,386,208,380145.0,331929.0,182921.0,160867.0,86.7,3
7607.0,17590.0,1790.0,3842.0,2435,2988,3618,4446,8989.0,10707.0,1135.0,2527.0,86.7,2
5592.0,14781.0,2054.0,4041.0,4016,4609,5487,6073,13571.0,15749.0,1105.0,1330.0,86.7,2
1690.0,11570.0,70.0,1193.0,3179,7505,3517,8444,7367.0,15897.0,565.0,998.0,86.7,2
3744.0,12311.0,127.0,1410.0,2419,6892,3077,7918,5626.0,14281.0,980.0,1459.0,86.7,2
23443.0,36153.0,4317.0,6046.0,7364,7857,10723,10885,25839.0,25312.0,4898.0,6309.0,86.7,2
9920.0,23674.0,3007.0,6111.0,4448,4892,5797,6215,17153.0,18291.0,2157.0,4311.0,86.9,2
4751.0,16255.0,1716.0,4550.0,3040,4036,3812,5179,10522.0,14767.0,1561.0,3392.0,86.9,2
3812.0,10371.0,1364.0,3253.0,2554,3643,3757,4798,10457.0,13532.0,2061.0,2979.0,87.0,2
215758.0,306114.0,10755.0,17942.0,237,151,357,184,207960.0,175222.0,75544.0,73420.0,87.1,0
5742.0,13603.0,2272.0,5420.0,3639,4026,4909,5822,12466.0,14300.0,752.0,1991.0,87.1,2
34675.0,54388.0,10817.0,18523.0,92,111,179,119,29129.0,27553.0,9688.0,18732.0,87.1,0
1320370.0,1244430.0,1820400.0,2055320.0,3061,2324,1232,480,163034.0,136667.0,86195.0,76286.0,87.1,1
12040.0,18292.0,2839.0,4763.0,2195,2324,2907,2882,8607.0,8584.0,539.0,723.0,87.2,2
8235.0,19328.0,1908.0,4690.0,2918,3318,3945,4267,10380.0,11702.0,1330.0,1662.0,87.2,2
9646.0,17251.0,1632.0,2059.0,3970,4248,5161,5517,13288.0,14189.0,1360.0,1625.0,87.2,2
773160.0,983117.0,58220.0,80134.0,3090,2871,45490,39857,324309.0,264473.0,220184.0,182988.0,87.2,3
76380.0,114452.0,8167.0,13788.0,0,122,190,114,74360.0,70943.0,58020.0,56469.0,87.2,0
3988.0,14980.0,607.0,1533.0,4958,8705,5376,8844,10781.0,17663.0,576.0,1883.0,87.3,2
7377.0,13424.0,1256.0,4214.0,2078,2447,2961,3553,7134.0,8052.0,1862.0,2349.0,87.4,2
15577.0,28384.0,4689.0,5996.0,4336,4641,6204,6179,16815.0,16669.0,6128.0,6043.0,87.4,2
10968.0,22149.0,756.0,3316.0,6009,6777,7107,8229,20705.0,22834.0,3406.0,3662.0,87.4,2
10890.0,20946.0,2667.0,4698.0,6250,6713,8025,8150,22133.0,21820.0,5051.0,4785.0,87.5,2
32934.0,57223.0,7231.0,12358.0,320,225,266,141,48855.0,43957.0,27145.0,32592.0,87.6,0
15663.0,34089.0,4404.0,6876.0,312,169,156,117,25109.0,27379.0,6970.0,15121.0,87.6,0
18124.0,39369.0,7206.0,12293.0,113,209,257,139,22414.0,22205.0,10238.0,16651.0,87.6,0
10052.0,21046.0,2140.0,4439.0,3904,4257,5159,5586,14689.0,14812.0,0.0,1639.0,87.7,2
5304.0,12326.0,705.0,2391.0,4258,4888,5326,5897,13214.0,14251.0,1421.0,1667.0,87.7,2
37268.0,56811.0,7187.0,12272.0,9178,9313,14813,14857,39845.0,39066.0,12891.0,10084.0,87.7,2
182100.0,258232.0,10335.0,13642.0,269,306,155,128,20502.0,20348.0,21531.0,16607.0,87.7,3
8780.0,12880.0,2097.0,2858.0,3488,3625,4213,4308,11473.0,11115.0,2496.0,1682.0,87.8,2
31042.0,44811.0,489.0,2470.0,331,228,139,96,35741.0,30641.0,29961.0,21971.0,87.8,0
196683.0,284783.0,12292.0,20018.0,131,308,0,55,244675.0,204043.0,108767.0,89219.0,87.9,0
11248.0,20375.0,1314.0,2685.0,2204,2186,3345,3708,9527.0,9657.0,598.0,2500.0,87.9,2
472808.0,652145.0,327379.0,452781.0,823,567,0,155,389735.0,327035.0,101374.0,93487.0,87.9,3
166258.0,222203.0,22037.0,33996.0,983,495,557,286,212514.0,180096.0,68192.0,68799.0,88.1,0
28109.0,49612.0,14731.0,26532.0,22,145,144,96,36728.0,36693.0,14550.0,26617.0,88.2,0
39641.0,64311.0,10944.0,17452.0,396,274,111,89,41288.0,39906.0,17428.0,30721.0,88.2,0
9973.0,14890.0,1423.0,3201.0,5221,5454,7507,7622,18828.0,18472.0,855.0,3551.0,88.2,2
113626.0,173961.0,10632.0,17530.0,629,339,229,88,133632.0,113742.0,52949.0,53397.0,88.2,0
14208.0,27288.0,2724.0,4729.0,6009,6077,7723,8011,19663.0,19623.0,340.0,2716.0,88.3,2
2375.0,7189.0,705.0,2489.0,2144,2677,2442,2797,5756.0,6969.0,165.0,1343.0,88.4,2
4639.0,15814.0,1445.0,4033.0,4257,5517,6610,9502,16956.0,22789.0,2814.0,3191.0,88.4,2
1212.0,7080.0,724.0,3548.0,1094,3299,1208,4941,3462.0,12538.0,635.0,1066.0,88.4,2
14195.0,18192.0,8055.0,10552.0,177,173,307,166,20640.0,19271.0,8507.0,13403.0,88.4,0
395892.0,484833.0,49196.0,70394.0,2563,2165,34168,31461,320850.0,278860.0,232860.0,212371.0,88.5,3
5555.0,12618.0,1859.0,3548.0,3837,4283,4567,4832,11180.0,11133.0,1330.0,1687.0,88.5,2
17382.0,30757.0,5647.0,9398.0,282,153,112,75,27969.0,27899.0,19248.0,22111.0,88.5,0
17755.0,29206.0,1196.0,2738.0,6383,6736,8844,9244,23193.0,24765.0,2134.0,2465.0,88.5,2
2348.0,11587.0,485.0,1721.0,1211,1625,1887,2526,4789.0,6280.0,510.0,1250.0,88.6,2
71368.0,102750.0,9137.0,13190.0,16,117,36,165,76739.0,73922.0,59846.0,59380.0,88.7,0
13193.0,22954.0,2753.0,3709.0,6108,5844,8193,8093,20254.0,19679.0,3335.0,3276.0,88.7,2
475383.0,659519.0,88184.0,132754.0,901,537,244,150,269847.0,233146.0,143172.0,129521.0,88.7,3
3573.0,8163.0,641.0,2580.0,2084,3468,2487,4625,7036.0,13381.0,2736.0,3036.0,88.8,2
3299.0,22104.0,592.0,3956.0,910,2661,1388,4086,3154.0,10403.0,459.0,663.0,88.8,2
2941.0,9700.0,353.0,1512.0,2474,4250,2960,5502,7305.0,14883.0,498.0,2094.0,88.8,2
16415.0,20360.0,983.0,3817.0,2664,2719,3888,3988,12004.0,11468.0,2868.0,2735.0,88.8,2
33573.0,32296.0,10007.0,16197.0,0,151,16,85,34642.0,31547.0,25225.0,21120.0,88.8,0
34981.0,63035.0,7494.0,8614.0,0,61,73,63,35303.0,31421.0,15695.0,19431.0,88.8,0
9162.0,21845.0,659.0,1830.0,5130,4594,5429,5652,14744.0,15028.0,579.0,2755.0,88.8,2
41612.0,58791.0,7801.0,12037.0,497,328,288,162,36775.0,34352.0,33520.0,27647.0,88.8,0
7029.0,16035.0,48.0,1438.0,137,228,86,16,4058.0,4685.0,869.0,746.0,88.9,0
5524.0,19441.0,104.0,651.0,11,68,83,39,5025.0,5594.0,507.0,536.0,88.9,0
380537.0,497790.0,20550.0,26896.0,1966,1482,0,47,542634.0,456149.0,172201.0,145119.0,88.9,3
3814.0,11036.0,2468.0,4475.0,6676,7288,8689,9965,21760.0,24091.0,687.0,3646.0,88.9,2
1881.0,8274.0,652.0,2136.0,1535,3218,2209,4750,5065.0,10201.0,2856.0,2980.0,88.9,2
7513.0,17580.0,0.0,1948.0,3756,3940,4805,5171,10576.0,12355.0,185.0,1140.0,89.0,2
18232.0,18750.0,1771.0,4928.0,7179,7444,10049,10223,26761.0,25890.0,9921.0,7277.0,89.0,2
7889.0,15581.0,2166.0,5167.0,2483,2666,4104,4280,10897.0,11569.0,1334.0,1972.0,89.1,2
7427.0,21776.0,1924.0,4929.0,4779,5227,6495,7129,16969.0,18142.0,1722.0,2919.0,89.1,2
15621.0,23541.0,6186.0,10035.0,305,243,14,167,17663.0,16629.0,13956.0,14293.0,89.2,0
5770.0,14247.0,1156.0,3358.0,505,1264,820,1843,1800.0,4371.0,1685.0,1681.0,89.2,2
7248.0,20534.0,1550.0,4099.0,2048,2447,2609,3269,5740.0,7123.0,266.0,916.0,89.2,2
1798.0,3881.0,1622.0,3230.0,1131,2430,595,1758,2202.0,4170.0,2627.0,2688.0,89.2,2
2722.0,7859.0,1690.0,5106.0,6929,8899,6381,9020,13090.0,18153.0,602.0,1284.0,89.2,2
42101.0,66507.0,2734.0,6259.0,65,102,0,0,51795.0,46261.0,42479.0,38867.0,89.2,-1
2821.0,7476.0,1915.0,4858.0,1662,1923,2161,2565,5928.0,6833.0,0.0,442.0,89.2,2
3580.0,10806.0,2090.0,5216.0,1296,1655,2783,3539,6668.0,9324.0,1378.0,2451.0,89.3,2
1739.0,9751.0,453.0,2741.0,349,606,585,1520,1486.0,4765.0,775.0,1515.0,89.3,2
20568.0,26159.0,3273.0,5998.0,14564,15007,17234,17150,41970.0,41927.0,5311.0,6799.0,89.3,2
10221.0,23941.0,8502.0,12214.0,7053,7786,8917,9456,22137.0,23081.0,3768.0,4994.0,89.5,2
115982.0,169863.0,23746.0,35951.0,719,599,0,68,76041.0,71709.0,71564.0,58519.0,89.5,0
1721.0,10162.0,0.0,770.0,474,996,570,1749,1747.0,4147.0,500.0,914.0,89.5,2
3399.0,17368.0,116.0,1041.0,1751,2618,2462,3640,4549.0,6289.0,202.0,496.0,89.5,2
9047.0,13612.0,449.0,968.0,1899,1719,2426,2398,6592.0,5834.0,2295.0,1511.0,89.6,2
3316.0,7110.0,470.0,2778.0,648,1369,1118,2541,3367.0,6748.0,2058.0,1521.0,89.6,2
1956.0,7581.0,2253.0,5919.0,2446,4733,2506,5379,5366.0,10537.0,1380.0,1756.0,89.6,2
59733.0,78848.0,5953.0,7372.0,708,303,51,90,63566.0,59857.0,60109.0,44938.0,89.7,0
19223.0,34689.0,2193.0,4715.0,294,251,124,119,28015.0,28501.0,2351.0,8535.0,89.7,0
3320.0,9098.0,2212.0,5008.0,3004,3397,3894,4303,8048.0,8647.0,1039.0,1429.0,89.8,2
10671.0,18273.0,3373.0,6706.0,7080,7179,8243,8050,17601.0,16770.0,2253.0,2330.0,89.8,2
34219.0,59032.0,3010.0,6218.0,231,123,117,84,39552.0,37086.0,28518.0,33243.0,89.8,0
32229.0,48844.0,5281.0,8640.0,173,231,17,39,33380.0,32079.0,10754.0,23420.0,89.8,0
14268.0,21369.0,2513.0,4579.0,5662,5369,6778,6517,19826.0,18411.0,4389.0,4549.0,89.8,2
39026.0,64079.0,3601.0,6742.0,324,255,76,93,42137.0,39118.0,23247.0,27970.0,89.9,0
3038.0,13425.0,1098.0,2923.0,2881,3900,3550,4693,9578.0,13203.0,100.0,616.0,89.9,2
396337.0,533183.0,30425.0,42114.0,478,1037,0,22,449696.0,357822.0,208128.0,143875.0,89.9,3
1200.0,4283.0,0.0,0.0,225,133,158,203,4141.0,7100.0,20322.0,52706.0,90.0,0
738413.0,912021.0,29955.0,42101.0,1840,1320,550,275,1193510.0,970190.0,490353.0,467050.0,90.0,3
2907.0,10719.0,726.0,2596.0,1262,2103,1619,2771,3987.0,6846.0,951.0,1274.0,90.0,2
62350.0,106344.0,7315.0,11838.0,112,211,147,64,65343.0,60272.0,39517.0,56225.0,90.1,0
1256.0,5885.0,530.0,2248.0,3167,4752,3626,5492,7648.0,11607.0,0.0,204.0,90.1,2
56944.0,89510.0,9683.0,14442.0,480,273,310,209,32538.0,31542.0,10129.0,22249.0,90.1,0
58518.0,85119.0,42975.0,68145.0,128,129,89,176,27167.0,26049.0,18699.0,20587.0,90.1,0
1166.0,4214.0,420.0,2037.0,97,43,158,88,5907.0,7360.0,1073.0,1699.0,90.1,0
637.0,4520.0,365.0,1557.0,134,11,149,66,1846.0,3979.0,784.0,1454.0,90.1,0
569668.0,780619.0,56047.0,83494.0,1133,747,605,265,640535.0,527192.0,356907.0,294150.0,90.1,3
3960.0,12976.0,1687.0,4372.0,3131,3633,3731,4379,10054.0,11596.0,445.0,1797.0,90.1,2
10549.0,18580.0,950.0,2074.0,2718,2992,3517,3296,9677.0,9773.0,495.0,1288.0,90.2,2
2211.0,11188.0,312.0,2621.0,4246,6249,4751,7122,8552.0,12491.0,662.0,1155.0,90.2,2
7733.0,10724.0,1359.0,3611.0,1012,3027,1606,4015,4910.0,11147.0,2572.0,2695.0,90.2,2
1858.0,11601.0,204.0,2782.0,880,2937,1049,3419,3174.0,10001.0,182.0,576.0,90.2,2
1079.0,4667.0,559.0,2393.0,1137,3554,1065,3825,2057.0,7070.0,243.0,666.0,90.2,2
35415.0,46274.0,4090.0,6109.0,152,143,0,49,31184.0,29849.0,24473.0,21088.0,90.3,0
10667.0,26488.0,877.0,4197.0,9959,11355,11234,12411,20985.0,22771.0,2234.0,2482.0,90.3,2
5534.0,17298.0,643.0,1456.0,3614,5137,4350,6593,10406.0,15408.0,1468.0,1659.0,90.4,2
33771.0,40818.0,8630.0,14123.0,0,75,200,126,41258.0,37772.0,33961.0,28566.0,90.4,0
42618.0,73213.0,40963.0,68394.0,4058,3918,5360,5515,17934.0,18085.0,3194.0,4067.0,90.4,3
315900.0,397929.0,45093.0,68093.0,871,580,7002,5937,222851.0,190684.0,192167.0,156691.0,90.5,3
27421.0,40875.0,6979.0,11401.0,162,140,100,40,27414.0,26505.0,20493.0,20032.0,90.5,0
7710.0,17670.0,837.0,1868.0,2654,3683,3585,4484,9285.0,12080.0,1910.0,2305.0,90.6,2
2698.0,7076.0,724.0,2747.0,951,2653,1251,3227,2993.0,7938.0,95.0,497.0,90.6,2
51093.0,83391.0,18133.0,30030.0,693,498,239,123,35794.0,32741.0,20000.0,24278.0,90.6,0
5906.0,15049.0,2430.0,4739.0,3865,4173,4453,5173,10736.0,12453.0,1386.0,1807.0,90.7,2
19491.0,26793.0,4614.0,6987.0,7203,7901,10097,10946,23253.0,24920.0,2619.0,5568.0,90.7,2
26219.0,46123.0,2028.0,2766.0,311,256,143,30,30418.0,30418.0,15655.0,23725.0,90.8,0
40513.0,60865.0,13241.0,19999.0,436,290,351,159,40825.0,37359.0,18109.0,31502.0,90.8,0
48449.0,68746.0,9645.0,15953.0,236,146,128,101,53465.0,50915.0,20032.0,39521.0,90.9,0
4765.0,11471.0,1781.0,2750.0,1860,2017,2487,3017,7998.0,8284.0,2239.0,2213.0,90.9,2
46766.0,89069.0,58724.0,91369.0,2407,2277,6011,6001,14290.0,13939.0,4065.0,5841.0,90.9,3
10441.0,14644.0,3079.0,4498.0,3384,3129,4659,4846,14564.0,14518.0,3624.0,3061.0,91.1,2
32727.0,45421.0,7741.0,12235.0,0,228,109,157,43659.0,39684.0,38743.0,32491.0,91.1,0
7677.0,22424.0,1682.0,4573.0,4367,5082,5688,6565,15515.0,17214.0,1567.0,3741.0,91.2,2
24958.0,42518.0,15424.0,24840.0,346,186,291,165,30120.0,27885.0,26089.0,23962.0,91.2,0
41387.0,61829.0,6919.0,12472.0,291,182,150,119,70860.0,68499.0,33161.0,51741.0,91.2,0
41878.0,70462.0,6699.0,9641.0,260,274,106,158,46473.0,44262.0,30365.0,40175.0,91.2,0
10945.0,23381.0,1486.0,3151.0,4246,4568,5350,5820,15016.0,16498.0,253.0,712.0,91.2,2
261639.0,349778.0,37793.0,52402.0,707,447,3635,3229,147305.0,123946.0,151102.0,116703.0,91.3,3
2232.0,13102.0,870.0,3182.0,1048,2408,1287,3260,3143.0,8187.0,94.0,229.0,91.5,2
11110.0,13916.0,2640.0,3675.0,6585,6639,8481,8561,22637.0,21869.0,3893.0,3936.0,91.5,2
39927.0,61987.0,14137.0,22066.0,634,290,247,107,54353.0,51376.0,16660.0,33229.0,91.5,0
6112.0,19992.0,1083.0,4329.0,6011,7694,7037,8753,14709.0,17998.0,0.0,2369.0,91.6,2
195100.0,279634.0,18554.0,30275.0,823,306,602,206,206930.0,174169.0,93789.0,77978.0,91.6,0
7721.0,11593.0,4006.0,6294.0,6011,5461,5919,6022,15562.0,15544.0,770.0,2930.0,91.9,2
11264.0,22167.0,3246.0,5617.0,5486,5788,7205,7201,17205.0,17366.0,2297.0,3348.0,91.9,2
2146.0,13519.0,1278.0,5389.0,1739,4265,2285,5526,6113.0,12993.0,188.0,337.0,91.9,2
23255.0,50265.0,5923.0,9774.0,11802,11178,15789,15157,44269.0,42590.0,10321.0,9131.0,91.9,2
147469.0,218530.0,16590.0,22900.0,337,319,259,128,133306.0,119853.0,40110.0,61936.0,92.0,0
33432.0,55999.0,6715.0,10935.0,367,272,112,97,39851.0,36392.0,13737.0,24873.0,92.0,0
11352.0,29957.0,2236.0,5668.0,7775,8518,9838,10366,23842.0,23996.0,2926.0,3321.0,92.1,2
11530.0,24561.0,2832.0,4185.0,251,126,71,94,20516.0,20381.0,7428.0,10567.0,92.1,0
36324.0,59658.0,3120.0,4358.0,139,141,109,74,49435.0,45272.0,32705.0,33412.0,92.1,0
533823.0,706953.0,185645.0,273611.0,1185,1020,165,257,78961.0,69737.0,58990.0,50722.0,92.2,3
14407.0,28641.0,4917.0,9577.0,333,249,286,191,21044.0,22747.0,6278.0,15135.0,92.2,0
37457.0,58127.0,5031.0,7757.0,149,185,196,118,46534.0,45218.0,23685.0,32616.0,92.2,0
5042.0,11574.0,1726.0,3796.0,2649,2579,3427,3626,8714.0,9256.0,912.0,1195.0,92.2,2
11920.0,24771.0,2839.0,5172.0,5703,5897,8190,8629,21806.0,21586.0,1549.0,2507.0,92.3,2
44644.0,59627.0,2887.0,4759.0,218,235,193,110,34970.0,31641.0,26967.0,26541.0,92.3,0
275719.0,395236.0,161553.0,236904.0,15626,15039,15099,14247,120069.0,109937.0,57361.0,65020.0,92.3,1
6536.0,16585.0,2126.0,6192.0,1828,2142,2600,2676,7888.0,8285.0,627.0,689.0,92.4,2
1712.0,6494.0,353.0,1889.0,980,2606,1491,3703,3929.0,10819.0,0.0,0.0,92.4,2
67229.0,88611.0,6804.0,11167.0,511,303,210,290,68879.0,64430.0,48798.0,52136.0,92.5,0
114927.0,180967.0,17460.0,25751.0,243,316,269,99,150474.0,121852.0,46140.0,40211.0,92.5,0
261903.0,383384.0,31696.0,44802.0,493,358,251,99,41226.0,37671.0,32100.0,33530.0,92.6,3
59902.0,84574.0,1807.0,3682.0,366,119,346,176,52918.0,50804.0,43557.0,43308.0,92.6,0
188588.0,266830.0,20150.0,31115.0,423,258,158,124,246168.0,214424.0,140846.0,100112.0,92.7,0
17034.0,31853.0,8131.0,12295.0,260,114,23,39,24268.0,22381.0,7476.0,14247.0,92.7,0
60868.0,74882.0,8944.0,14316.0,303,212,493,190,53204.0,50960.0,36503.0,35513.0,92.7,0
3069.0,19212.0,375.0,3923.0,782,1353,1071,2288,2685.0,6083.0,136.0,154.0,92.8,2
24081.0,37123.0,20464.0,34094.0,361,250,0,0,37047.0,35120.0,15134.0,21377.0,92.8,-1
4718.0,14595.0,1682.0,4074.0,4160,5464,5408,7042,14775.0,18750.0,820.0,1372.0,92.9,2
1615.0,9149.0,230.0,809.0,109,58,121,25,2708.0,4393.0,896.0,1560.0,92.9,0
441128.0,638445.0,146365.0,211693.0,254,377,0,61,247510.0,209694.0,121285.0,113714.0,92.9,3
26388.0,38301.0,3850.0,7040.0,7831,7919,10381,10759,30857.0,30466.0,3794.0,7549.0,92.9,2
16673.0,26567.0,8296.0,14085.0,89,104,73,37,27974.0,26309.0,10941.0,18681.0,92.9,0
28159.0,39352.0,1302.0,2616.0,557,217,338,195,24643.0,24412.0,12989.0,19371.0,92.9,0
385301.0,491417.0,367029.0,520412.0,927,909,538,249,100865.0,86878.0,85301.0,69351.0,92.9,3
5281.0,13877.0,1718.0,3555.0,5834,6543,6797,7330,17181.0,19058.0,246.0,1443.0,93.1,2
19396.0,18616.0,1510.0,2622.0,1767,1921,3165,2724,8986.0,9049.0,1500.0,1497.0,93.1,2
52713.0,78118.0,11983.0,17559.0,575,302,194,91,60756.0,57329.0,45775.0,42280.0,93.1,0
12039.0,24680.0,1151.0,1702.0,6139,6568,8140,8655,19644.0,20735.0,2275.0,2772.0,93.1,2
111212.0,161701.0,6332.0,10031.0,423,280,215,136,73903.0,64788.0,40776.0,41740.0,93.1,0
145656.0,212981.0,21348.0,34694.0,161,203,0,148,165498.0,145457.0,91389.0,69691.0,93.2,0
25361.0,51177.0,11919.0,20670.0,148,57,0,0,34923.0,34514.0,8817.0,19153.0,93.3,-1
2652.0,10984.0,547.0,2326.0,227,173,115,24,4207.0,4086.0,521.0,992.0,93.4,0
204313.0,296615.0,28185.0,42897.0,506,232,21,56,267956.0,225850.0,114632.0,97765.0,93.4,0
60730.0,88988.0,8896.0,13566.0,0,233,253,181,51789.0,50458.0,31916.0,44776.0,93.4,0
3169.0,8962.0,0.0,611.0,113,93,93,50,7409.0,7223.0,2023.0,1952.0,93.5,0
10836.0,16559.0,0.0,1128.0,0,101,191,103,4360.0,4579.0,2336.0,1338.0,93.5,0
311304.0,432756.0,27918.0,40925.0,628,507,0,69,440111.0,357028.0,111100.0,107733.0,93.5,3
1786.0,9559.0,650.0,3127.0,1166,2719,1156,3197,2500.0,7214.0,930.0,1799.0,93.5,2
5278.0,11519.0,1419.0,3714.0,2545,3537,2941,4500,6434.0,10209.0,0.0,15.0,93.5,2
110942.0,144962.0,21705.0,32542.0,444,241,0,52,214338.0,186449.0,105162.0,82164.0,93.6,3
1564.0,7874.0,1484.0,5674.0,1800,2645,2202,3375,7137.0,10995.0,375.0,522.0,93.6,2
1486.0,4306.0,2842.0,7721.0,2133,2427,2901,3624,6441.0,8094.0,813.0,881.0,93.6,2
49859.0,86519.0,5549.0,9414.0,465,255,215,125,57652.0,57118.0,25146.0,42381.0,93.8,0
3514.0,8784.0,944.0,2267.0,708,1058,796,1709,2140.0,6334.0,3736.0,3684.0,93.8,2
16815.0,22429.0,2202.0,3170.0,4637,5120,6070,6523,18832.0,18962.0,971.0,1151.0,93.8,2
5100.0,15283.0,1100.0,2494.0,6800,7888,8139,9378,18134.0,20017.0,2008.0,3884.0,93.8,2
2233.0,12878.0,552.0,1946.0,3155,5493,3668,6399,7586.0,13247.0,0.0,917.0,93.9,2
25458.0,46552.0,2760.0,7124.0,194,253,193,115,28804.0,28238.0,7628.0,16281.0,93.9,0
4295.0,15248.0,559.0,2100.0,2432,2652,3256,3602,9399.0,10005.0,393.0,474.0,93.9,2
524305.0,688298.0,69377.0,103491.0,1694,1208,370,176,520943.0,435818.0,208612.0,180420.0,94.0,3
5477.0,13836.0,2796.0,6552.0,2343,3661,2975,5110,7813.0,11699.0,1799.0,2222.0,94.0,2
4126.0,8946.0,1144.0,3908.0,506,920,548,1455,1881.0,4133.0,3020.0,3361.0,94.0,2
7961.0,19764.0,1138.0,3754.0,1740,2236,2566,2969,7282.0,8445.0,322.0,744.0,94.0,2
1649.0,10167.0,121.0,1082.0,180,89,225,147,5080.0,8278.0,618.0,1398.0,94.1,0
9866.0,16973.0,274.0,1264.0,174,87,433,155,11619.0,8472.0,1968.0,1710.0,94.1,0
4157.0,9106.0,0.0,1003.0,122,104,283,162,3509.0,5101.0,31635.0,62125.0,94.1,0
497654.0,633367.0,108020.0,159926.0,1592,1339,383,258,943133.0,779186.0,253602.0,256129.0,94.1,3
631931.0,659751.0,1417400.0,1864520.0,5241,3772,1909,1668,62882.0,48058.0,38116.0,24900.0,94.1,1
19820.0,36208.0,8215.0,12940.0,128,84,351,249,22979.0,21047.0,4623.0,11352.0,94.2,0
41392.0,48537.0,3094.0,5294.0,151,255,156,201,37352.0,36026.0,22364.0,25167.0,94.2,0
5465.0,12682.0,1668.0,4537.0,3146,3554,4570,5194,11661.0,12838.0,0.0,692.0,94.3,2
34771.0,45266.0,24342.0,38247.0,0,41,0,24,48809.0,43285.0,39657.0,33632.0,94.3,0
21790.0,32237.0,9399.0,15594.0,119,145,74,66,26225.0,25666.0,21361.0,17243.0,94.3,0
3609.0,9961.0,1398.0,3281.0,101,94,165,58,7169.0,5090.0,851.0,1641.0,94.4,0
854538.0,740433.0,343482.0,385040.0,1629,844,386,170,616610.0,517414.0,358050.0,256919.0,94.4,3
3794.0,9201.0,406.0,1446.0,447,1018,681,1462,1731.0,4793.0,1301.0,1109.0,94.4,2
945.0,5900.0,257.0,1210.0,897,2376,1363,3779,2812.0,7591.0,0.0,15.0,94.4,2
70316.0,125266.0,10232.0,17105.0,303,345,365,139,120272.0,105760.0,32731.0,45669.0,94.5,0
10334.0,16754.0,2554.0,4308.0,8559,8779,11174,11143,24777.0,24635.0,4908.0,4572.0,94.5,2
1783.0,6608.0,0.0,506.0,230,103,139,23,6802.0,7575.0,1012.0,1697.0,94.5,0
4444.0,8066.0,0.0,278.0,388,260,196,115,4593.0,7862.0,44738.0,56647.0,94.5,0
400979.0,496807.0,27063.0,40104.0,1716,1158,0,36,623690.0,504779.0,256807.0,231855.0,94.5,3
12065.0,25232.0,1591.0,3107.0,5857,5924,7692,8200,21681.0,21628.0,3347.0,5934.0,94.6,2
11270.0,16177.0,1373.0,3589.0,11144,12490,13776,14783,30885.0,32187.0,2984.0,4553.0,94.6,2
9744.0,12912.0,1071.0,1835.0,457,175,177,100,21492.0,9501.0,4361.0,3186.0,94.6,0
5462.0,16796.0,0.0,1495.0,140,196,247,160,4981.0,4900.0,19324.0,29655.0,94.6,0
677499.0,843754.0,53269.0,82460.0,3191,2627,504,239,1080590.0,851796.0,526316.0,374952.0,94.6,3
54188.0,75083.0,3561.0,6406.0,0,113,475,262,75331.0,71681.0,37462.0,56167.0,94.6,0
2139.0,7861.0,0.0,371.0,29,0,197,147,3715.0,6109.0,2146.0,2854.0,94.6,0
590675.0,675076.0,90019.0,106788.0,816,548,0,159,857174.0,481096.0,485607.0,249911.0,94.6,3
92634.0,153426.0,9660.0,15225.0,143,189,722,233,143506.0,125007.0,51454.0,50399.0,94.6,0
3974.0,8051.0,1136.0,2852.0,3052,2977,4226,4361,12446.0,11757.0,1491.0,2251.0,94.7,2
9112.0,14641.0,324.0,1799.0,1600,1333,2544,2324,7512.0,7419.0,2446.0,2887.0,94.8,2
3842.0,11780.0,1472.0,3522.0,3401,3629,4062,4372,10643.0,11286.0,822.0,2061.0,94.8,2
12453.0,14676.0,2253.0,2092.0,3101,2927,4245,3722,10505.0,11026.0,1415.0,1833.0,94.8,2
3884.0,9566.0,748.0,1979.0,4649,4949,7196,7605,17520.0,18320.0,2011.0,1799.0,94.9,2
147135.0,206215.0,10697.0,17006.0,539,324,95,56,155225.0,139452.0,56444.0,58479.0,94.9,0
2359.0,14392.0,674.0,2898.0,1197,1849,1647,2757,4747.0,8189.0,641.0,943.0,94.9,2
15409.0,33828.0,2576.0,4240.0,3723,3541,4955,4950,14402.0,14375.0,2368.0,2841.0,95.2,2
7542.0,19099.0,12721.0,21445.0,207,106,289,220,5093.0,5024.0,1339.0,2053.0,95.2,0
2876.0,16249.0,1150.0,4270.0,1745,3623,2244,4883,4910.0,10224.0,728.0,1144.0,95.2,2
5973.0,13103.0,3597.0,6215.0,1484,1340,2097,2088,5684.0,6423.0,1520.0,1821.0,95.2,2
31370.0,55651.0,6675.0,11130.0,439,265,283,173,46865.0,41439.0,29090.0,33683.0,95.3,0
21890.0,39011.0,9537.0,16315.0,55,111,477,248,20952.0,20413.0,14410.0,17216.0,95.3,0
11852.0,21287.0,2676.0,3051.0,7521,7713,9216,9083,21192.0,19797.0,3443.0,4282.0,95.4,2
1193660.0,1468090.0,118373.0,153432.0,6433,4994,65591,55064,609365.0,475287.0,439541.0,342352.0,95.4,3
69138.0,112443.0,20214.0,34576.0,0,102,0,46,48052.0,45080.0,21048.0,35751.0,95.4,0
52943.0,85437.0,3460.0,6973.0,216,147,168,157,41736.0,39447.0,17552.0,30831.0,95.6,0
4542.0,12617.0,2327.0,5520.0,3200,3979,4415,5029,11566.0,13095.0,3093.0,3242.0,95.6,2
15650.0,25534.0,7420.0,11691.0,309,172,270,95,21189.0,21324.0,14650.0,17871.0,95.6,0
5983.0,11685.0,1009.0,2717.0,3025,2852,2822,2882,9258.0,9284.0,1839.0,1748.0,95.7,2
29631.0,59423.0,5008.0,8968.0,254,178,87,72,24220.0,23596.0,14524.0,18861.0,95.7,0
51138.0,76222.0,3558.0,6337.0,397,210,288,189,49200.0,44617.0,34198.0,34382.0,95.7,0
33440.0,54713.0,6596.0,11930.0,272,280,368,197,40465.0,40559.0,18016.0,30453.0,95.7,0
36877.0,55372.0,13303.0,20402.0,227,162,169,140,43124.0,39316.0,27690.0,31326.0,95.7,0
17622.0,44934.0,3645.0,7014.0,213,287,229,83,22152.0,20575.0,2698.0,6079.0,95.7,0
32091.0,50909.0,7582.0,11080.0,167,118,254,123,31226.0,30280.0,26980.0,20304.0,95.8,0
12161.0,22509.0,1759.0,3519.0,4442,4616,5841,6726,14324.0,15515.0,6021.0,4425.0,95.8,2
13929.0,22044.0,7173.0,11303.0,328,204,403,211,18132.0,17529.0,13034.0,14600.0,95.8,0
48634.0,79091.0,13351.0,22703.0,429,272,320,107,56500.0,52107.0,36278.0,35430.0,95.8,0
1852.0,6560.0,987.0,2947.0,1311,1764,1577,2119,4426.0,5718.0,538.0,605.0,95.8,2
59412.0,91700.0,19723.0,31953.0,604,202,340,176,54183.0,50491.0,41705.0,40203.0,95.9,0
21684.0,30988.0,3488.0,5015.0,5431,5323,7324,6914,21831.0,20822.0,4832.0,5140.0,96.0,2
5824.0,19701.0,954.0,2941.0,3349,3945,4552,5435,12815.0,15321.0,1068.0,2097.0,96.1,2
14607.0,19846.0,3136.0,5981.0,4520,4884,5575,5785,15932.0,14136.0,1559.0,2169.0,96.1,2
11845.0,19652.0,1893.0,3614.0,5169,5880,6674,7255,15889.0,17590.0,4521.0,2950.0,96.1,2
25783.0,39896.0,7463.0,10961.0,0,39,380,218,36570.0,34760.0,26767.0,23946.0,96.1,0
9424.0,15717.0,1203.0,2326.0,6400,9199,7050,9933,13297.0,18069.0,953.0,2065.0,96.1,2
1183.0,4120.0,1510.0,4121.0,933,2182,1377,3104,3840.0,7774.0,510.0,1592.0,96.2,2
2455.0,7995.0,696.0,3756.0,1040,2274,1198,2982,3189.0,7408.0,586.0,837.0,96.2,2
7944.0,18060.0,2276.0,5507.0,3517,4113,5158,5762,13324.0,15108.0,1366.0,2834.0,96.2,2
12121.0,19440.0,2562.0,4957.0,0,0,90,0,29206.0,29097.0,12203.0,20164.0,96.2,-1
41949.0,78042.0,8045.0,13271.0,361,128,144,141,45563.0,44397.0,16532.0,30895.0,96.3,0
31711.0,46756.0,9125.0,16738.0,194,171,261,122,48954.0,44976.0,20604.0,34596.0,96.3,0
1435.0,6437.0,1553.0,5283.0,704,1645,812,2033,1858.0,5866.0,744.0,1051.0,96.3,2
4883.0,15749.0,2343.0,5707.0,1785,1948,2416,2541,8107.0,8585.0,1004.0,1650.0,96.3,2
3371.0,16721.0,1965.0,5771.0,3881,6745,4619,7850,13158.0,23004.0,364.0,1536.0,96.3,2
1804.0,6798.0,681.0,1346.0,514,1461,809,2156,1278.0,4572.0,69.0,189.0,96.3,2
54761.0,88947.0,12554.0,22742.0,38,146,114,38,44754.0,41527.0,31352.0,27662.0,96.3,0
5368.0,12823.0,2018.0,2906.0,2202,2146,3337,3319,8709.0,9144.0,2283.0,2923.0,96.4,2
6216.0,10028.0,2494.0,4167.0,3069,2860,4381,4275,10874.0,10250.0,1343.0,1637.0,96.5,2
66228.0,109294.0,10611.0,16558.0,257,152,295,140,88086.0,85109.0,73430.0,68141.0,96.5,0
5326.0,9496.0,1278.0,2137.0,4210,4794,4934,5248,11451.0,11295.0,0.0,821.0,96.6,2
31905.0,52527.0,3381.0,4601.0,224,94,441,183,40514.0,39560.0,14652.0,29692.0,96.6,0
4919.0,12825.0,1620.0,3293.0,3977,4275,5350,5857,13250.0,14430.0,2208.0,2780.0,96.6,2
27558.0,46612.0,9607.0,15017.0,215,139,112,30,43880.0,42470.0,18782.0,31818.0,96.6,0
34110.0,62314.0,3740.0,6731.0,459,257,197,108,36922.0,35583.0,31943.0,28280.0,96.7,0
6295.0,21464.0,4135.0,9292.0,5661,6492,6864,7919,17705.0,19828.0,603.0,1904.0,96.8,2
488453.0,704279.0,83584.0,111435.0,1718,1182,1,67,260911.0,210504.0,84333.0,77248.0,96.8,3
14616.0,21151.0,3237.0,5732.0,8421,8475,11570,11399,27923.0,27327.0,1847.0,3357.0,96.8,2
22597.0,43516.0,8126.0,13246.0,0,33,263,169,33856.0,33492.0,16227.0,28354.0,96.8,0
1816.0,11052.0,671.0,3479.0,1443,2639,1823,3407,4395.0,7967.0,392.0,1005.0,97.0,2
32196.0,46492.0,3639.0,5618.0,5,16,376,187,35244.0,32531.0,22039.0,31638.0,97.0,0
42935.0,70815.0,17527.0,29482.0,107,109,212,169,29931.0,27871.0,15400.0,22661.0,97.1,0
1151.0,4508.0,1057.0,2871.0,109,10,127,44,4645.0,4940.0,580.0,1316.0,97.1,0
199244.0,258543.0,15406.0,24771.0,451,359,46,51,332079.0,277615.0,69830.0,85931.0,97.1,3
22192.0,38984.0,15783.0,27192.0,275,172,275,164,27243.0,27683.0,8692.0,17791.0,97.1,0
543147.0,473938.0,11875700.0,13104300.0,164459,105459,35858,22316,62955.0,42376.0,18345.0,12617.0,97.1,1
4990.0,13887.0,2773.0,4604.0,1601,1756,2338,2499,7033.0,6850.0,0.0,1237.0,97.2,2
2492.0,15464.0,25.0,2218.0,103,0,160,65,3180.0,5891.0,0.0,413.0,97.2,0
550742.0,735008.0,58450.0,83770.0,1396,1257,263,106,712811.0,575988.0,207588.0,195889.0,97.2,3
37913.0,66500.0,10290.0,17211.0,0,196,177,138,53593.0,55708.0,14392.0,33469.0,97.2,0
33152.0,59528.0,3079.0,4843.0,291,189,0,66,44489.0,42112.0,35624.0,29046.0,97.3,0
5059.0,9361.0,822.0,2429.0,3647,3695,4634,4943,11121.0,11522.0,2882.0,3274.0,97.3,2
67298.0,113632.0,46800.0,75465.0,148,240,266,168,29518.0,28354.0,15090.0,19494.0,97.3,0
7193.0,14885.0,1913.0,4612.0,2818,2642,4404,4433,12716.0,12433.0,1321.0,2002.0,97.3,2
79703.0,116122.0,23109.0,36698.0,246,191,478,195,54451.0,51126.0,29380.0,38306.0,97.3,0
4302.0,17634.0,896.0,3697.0,3560,6027,4723,7434,10653.0,16275.0,1232.0,2268.0,97.4,2
10021.0,18267.0,1282.0,3504.0,6439,7083,7950,8274,20863.0,20970.0,2975.0,3890.0,97.4,2
5027.0,25983.0,1409.0,4898.0,3034,5027,3620,6073,9215.0,16097.0,1264.0,1608.0,97.5,2
2819.0,17930.0,423.0,2430.0,623,2331,636,2381,1580.0,6830.0,231.0,300.0,97.5,2
92391.0,141613.0,24855.0,38393.0,257,189,244,81,55875.0,52996.0,45346.0,46818.0,97.5,0
4165.0,16540.0,1148.0,2436.0,2473,4532,3378,5629,7527.0,12604.0,1237.0,1783.0,97.5,2
4107.0,11602.0,1493.0,4300.0,7825,8522,8887,9843,22850.0,23639.0,1755.0,2772.0,97.5,2
36012.0,50159.0,5093.0,9927.0,77,36,144,141,39351.0,40368.0,15708.0,30794.0,97.6,0
214866.0,357291.0,49948.0,72812.0,7904,7466,10065,10110,44986.0,39213.0,16865.0,12351.0,97.6,1
162558.0,218312.0,16181.0,25057.0,547,353,0,49,364659.0,322937.0,156169.0,142180.0,97.6,3
3518.0,11598.0,1805.0,4759.0,3153,4302,4242,6180,10411.0,13831.0,190.0,2078.0,97.7,2
50816.0,74968.0,8696.0,13699.0,284,437,359,212,60971.0,58757.0,26619.0,42558.0,97.7,0
56288.0,66097.0,18099.0,27459.0,451,386,0,97,59330.0,48628.0,42398.0,40310.0,97.7,0
25106.0,41211.0,19905.0,32922.0,496,332,355,180,35999.0,33190.0,28130.0,27692.0,97.8,0
6039.0,8345.0,899.0,2986.0,3473,3302,5211,5699,15115.0,14609.0,1956.0,4092.0,97.9,2
1944.0,7867.0,1016.0,3810.0,1114,2552,1450,3459,3385.0,9090.0,127.0,27.0,97.9,2
6744.0,25797.0,1114.0,3860.0,3744,4519,4198,4811,12367.0,14197.0,1685.0,2426.0,97.9,2
148232.0,219411.0,15030.0,23209.0,439,189,0,30,183107.0,147650.0,70196.0,58894.0,97.9,0
622576.0,739049.0,154961.0,229024.0,1028,879,0,75,734314.0,561062.0,363821.0,293981.0,97.9,3
16743.0,36238.0,1278.0,3110.0,333,220,229,129,28060.0,28983.0,7838.0,18967.0,98.0,0
17413.0,33458.0,602.0,1938.0,6606,6623,8392,8619,22804.0,21288.0,1883.0,5594.0,98.0,2
208367.0,288624.0,76041.0,112973.0,539,317,133,88,145584.0,126166.0,61373.0,60214.0,98.0,3
739.0,4322.0,617.0,3781.0,1635,4716,1994,5847,4689.0,14780.0,956.0,2756.0,98.1,2
1227.0,5149.0,34.0,4091.0,4234,6334,4303,7228,10653.0,18152.0,224.0,1332.0,98.1,2
27779.0,40499.0,8531.0,16457.0,423,157,493,319,32492.0,32634.0,6578.0,14881.0,98.1,0
37157.0,57107.0,25289.0,37315.0,375,191,556,198,33898.0,30347.0,14576.0,21808.0,98.1,0
38299.0,68119.0,16705.0,25405.0,158,128,140,155,42644.0,40016.0,36019.0,32517.0,98.1,0
14850.0,18356.0,2066.0,3677.0,4170,3821,5323,5278,15679.0,13441.0,4133.0,2882.0,98.2,2
5601.0,7241.0,2640.0,4061.0,160,209,368,154,9471.0,4733.0,737.0,587.0,98.2,0
837728.0,1030080.0,567590.0,794019.0,1632,1251,99,174,304077.0,261635.0,168600.0,133921.0,98.2,1
62312.0,95017.0,13282.0,19970.0,361,241,136,102,59073.0,53904.0,42514.0,44839.0,98.3,0
5160.0,15655.0,3786.0,6665.0,1309,1552,2660,3078,7955.0,9212.0,3016.0,3219.0,98.4,2
32303.0,54028.0,9216.0,15820.0,481,327,57,131,41137.0,40612.0,6689.0,19219.0,98.4,0
10230.0,19209.0,1189.0,3563.0,4749,5067,4993,5526,12276.0,12808.0,141.0,1785.0,98.5,2
3977.0,14747.0,1919.0,4501.0,2841,3703,3450,4547,8391.0,11265.0,1714.0,2374.0,98.5,2
5756.0,15652.0,726.0,1611.0,1151,1297,2016,2366,6771.0,7417.0,744.0,1887.0,98.5,2
183333.0,262800.0,5728.0,7881.0,349,230,431,172,191468.0,167902.0,60290.0,72618.0,98.5,0
1416.0,6331.0,1443.0,3714.0,2660,3141,3512,4318,9681.0,12141.0,1050.0,1863.0,98.6,2
14460.0,23440.0,3572.0,6127.0,252,98,256,199,22946.0,23044.0,5895.0,14743.0,98.6,0
6587.0,15478.0,612.0,2296.0,3529,4333,4144,5193,11298.0,13542.0,1991.0,1915.0,98.6,2
12726.0,10212.0,1792.0,2980.0,5161,5711,6289,6405,16184.0,16743.0,2259.0,1633.0,98.6,2
3770.0,11602.0,3177.0,6017.0,3291,3623,4467,4893,12133.0,13770.0,773.0,1291.0,98.7,2
3612.0,11553.0,1174.0,2615.0,2853,3787,3864,5485,8153.0,12537.0,554.0,1805.0,98.7,2
3982.0,8234.0,485.0,1382.0,1952,2582,2533,3309,6517.0,8884.0,0.0,1174.0,98.7,2
581263.0,738770.0,556743.0,648191.0,1565,1199,938,252,457250.0,384459.0,196497.0,172443.0,98.8,3
6669.0,18687.0,3731.0,6714.0,3723,4157,4937,5510,12745.0,13874.0,1088.0,1494.0,98.8,2
1529.0,6469.0,750.0,3000.0,909,1587,1478,2692,4283.0,7300.0,827.0,1389.0,98.9,2
3827.0,15798.0,1780.0,4317.0,4782,5881,5282,6224,13467.0,16909.0,185.0,1362.0,98.9,2
18589.0,30447.0,2483.0,4665.0,6355,6742,8348,8544,20678.0,20323.0,4387.0,4058.0,98.9,2
5754.0,12516.0,2480.0,5413.0,4602,4695,6687,7215,19260.0,19411.0,2002.0,2426.0,98.9,2
3656.0,12855.0,1031.0,2444.0,2275,2284,2732,2899,6036.0,5985.0,1687.0,1218.0,98.9,2
23367.0,37378.0,4095.0,6086.0,399,188,193,81,28413.0,27082.0,33196.0,24084.0,98.9,0
115670.0,197133.0,22845.0,36307.0,148,111,504,197,82907.0,82175.0,32962.0,45633.0,99.0,0
5149.0,12878.0,3352.0,5038.0,2262,2601,3449,3869,8591.0,8926.0,0.0,464.0,99.0,2
224610.0,314682.0,27780.0,42853.0,545,325,320,137,216519.0,188370.0,63860.0,83331.0,99.1,0
14850.0,20044.0,2420.0,3448.0,3934,3736,5613,5714,14547.0,14566.0,3434.0,3350.0,99.4,2
7555.0,17550.0,2353.0,3360.0,1336,1569,2859,2756,8070.0,7759.0,3174.0,3102.0,99.5,2
33767.0,36175.0,5427.0,9133.0,306,227,35,87,36163.0,32902.0,18503.0,26801.0,99.5,0
47066.0,74394.0,4583.0,8861.0,388,210,0,0,29668.0,28475.0,14039.0,21595.0,99.6,-1
1320.0,5403.0,520.0,2959.0,575,1625,930,2837,2885.0,8223.0,2053.0,3819.0,99.7,2
695444.0,667122.0,434984.0,532354.0,2174,1163,1060,384,697695.0,562315.0,406741.0,312713.0,99.7,3
16791.0,24905.0,4593.0,10014.0,4266,4412,6469,6483,17739.0,17788.0,2028.0,3038.0,99.7,2
3002.0,11730.0,772.0,2470.0,4027,6219,4501,7008,9590.0,14396.0,0.0,0.0,99.7,2
8058.0,14420.0,1180.0,2436.0,2865,2589,4141,4343,11577.0,12094.0,1503.0,2852.0,99.8,2
5425.0,16413.0,2856.0,6515.0,4833,5404,5854,6504,12559.0,13849.0,360.0,1946.0,99.8,2
16397.0,18682.0,2610.0,3895.0,3518,3661,5211,4960,12787.0,12456.0,3900.0,2609.0,99.8,2
52678.0,64604.0,4821.0,7743.0,303,227,147,102,43341.0,39628.0,38634.0,27182.0,99.9,0
5904.0,17825.0,2552.0,4545.0,3241,3413,3617,3991,11026.0,11864.0,2020.0,2519.0,99.9,2
4809.0,12048.0,2137.0,3538.0,2702,2686,3156,3561,9914.0,9667.0,1520.0,2191.0,99.9,2
28707.0,47366.0,6538.0,10058.0,255,144,58,8,39706.0,35885.0,30051.0,32303.0,99.9,0
1511.0,4332.0,1592.0,4551.0,1253,1700,1780,2622,5240.0,7822.0,0.0,399.0,100.0,2
2163.0,6803.0,2420.0,5522.0,154,252,242,179,8045.0,8505.0,866.0,1162.0,100.0,0
1570.0,9613.0,588.0,2567.0,173,75,174,54,1964.0,4882.0,5500.0,14317.0,100.0,0
625874.0,707186.0,1012260.0,1446800.0,1958,1621,613,391,614589.0,520366.0,244187.0,236927.0,100.0,1
5246.0,17576.0,1455.0,4865.0,2217,2888,2803,3508,8906.0,12479.0,924.0,1075.0,100.1,2
9474.0,10466.0,1953.0,4117.0,3849,3760,4278,4309,11118.0,11326.0,2938.0,3044.0,100.1,2
25068.0,42802.0,8828.0,16417.0,221,204,223,157,38818.0,38345.0,11493.0,25208.0,100.1,0
48143.0,73204.0,6773.0,10055.0,0,195,105,172,36685.0,31861.0,27162.0,24563.0,100.1,0
38134.0,61516.0,2634.0,4992.0,496,171,327,176,36200.0,36029.0,16359.0,26593.0,100.2,0
44852.0,57706.0,7067.0,11367.0,227,470,261,140,47920.0,44492.0,37582.0,33556.0,100.2,0
4597.0,9840.0,2289.0,3936.0,4009,3712,5511,5678,13751.0,13208.0,755.0,1857.0,100.2,2
4506.0,11110.0,3148.0,7187.0,2428,2519,3136,3383,7573.0,8149.0,1711.0,1503.0,100.3,2
8149.0,18988.0,2452.0,4284.0,3352,3353,4963,5252,14738.0,15194.0,931.0,2317.0,100.3,2
8947.0,15546.0,1728.0,3506.0,6099,6117,7606,8311,21156.0,22462.0,48.0,4674.0,100.4,2
3583.0,9537.0,787.0,2218.0,2275,2447,2828,3284,7623.0,8571.0,557.0,1142.0,100.5,2
3444.0,6759.0,1852.0,4343.0,4847,5716,6093,7013,15408.0,16506.0,3084.0,2493.0,100.7,2
2433.0,8278.0,911.0,3856.0,1649,2717,2202,3394,5432.0,8800.0,909.0,1270.0,100.7,2
81667.0,132165.0,18246.0,25474.0,469,381,55,81,91141.0,82066.0,80428.0,68043.0,100.8,0
4369.0,24511.0,1325.0,4763.0,3488,7413,4473,9694,11250.0,25769.0,709.0,1057.0,100.8,2
3648.0,19393.0,520.0,3626.0,3055,7281,4235,9652,11550.0,26114.0,507.0,1030.0,100.8,2
258675.0,385583.0,26301.0,38375.0,472,405,0,83,219522.0,189768.0,121528.0,107221.0,100.9,3
26250.0,36490.0,30752.0,46574.0,41,98,578,227,34609.0,31462.0,23630.0,24016.0,100.9,0
452004.0,654017.0,985466.0,1497550.0,1269,690,194,103,266338.0,219200.0,131092.0,116614.0,100.9,1
11055.0,17875.0,1318.0,2637.0,6231,6168,7698,8070,20055.0,21445.0,2208.0,4188.0,100.9,2
6348.0,13793.0,144.0,1500.0,143,41,108,41,5016.0,4517.0,2727.0,2372.0,101.0,0
386895.0,512961.0,47783.0,71504.0,1224,1017,282,91,228205.0,203408.0,201059.0,191530.0,101.0,3
2955.0,8817.0,624.0,2340.0,954,2010,760,1971,2561.0,5384.0,1892.0,1947.0,101.1,2
1999.0,6136.0,387.0,2416.0,3875,8244,4142,8932,7808.0,17814.0,267.0,1385.0,101.1,2
5437.0,12529.0,2310.0,4436.0,4804,5489,5651,6116,14540.0,16613.0,1296.0,1734.0,101.2,2
8453.0,21747.0,1452.0,4516.0,4568,5253,5679,6161,15558.0,16656.0,267.0,2244.0,101.2,2
11604.0,13444.0,2399.0,4503.0,1682,1220,2197,2105,7758.0,7283.0,1983.0,2323.0,101.3,2
4707.0,9929.0,1908.0,4620.0,3712,4558,4824,6112,12063.0,14613.0,2062.0,3016.0,101.3,2
23513.0,40629.0,14271.0,23329.0,264,125,29,13,32911.0,32895.0,14831.0,21970.0,101.3,0
478650.0,500846.0,3546060.0,3819360.0,1713,1106,302,190,373030.0,311783.0,178167.0,144151.0,101.3,1
9195.0,13242.0,1479.0,2921.0,3008,3343,3845,3943,8563.0,8918.0,2211.0,1488.0,101.3,2
8512.0,20545.0,4571.0,5989.0,4725,5001,5434,5641,18406.0,18511.0,2274.0,3600.0,101.3,2
5569.0,11470.0,1189.0,3785.0,3624,4077,4918,5594,12448.0,14149.0,1781.0,2380.0,101.4,2
28792.0,43370.0,10216.0,13292.0,134,167,81,78,29832.0,27865.0,18422.0,17733.0,101.4,0
4196.0,12040.0,540.0,2987.0,2392,2701,3526,3816,9017.0,9628.0,1181.0,1307.0,101.4,2
4607.0,12820.0,1306.0,3151.0,3816,3969,5461,5764,13121.0,12801.0,45.0,1061.0,101.4,2
2968.0,6665.0,1362.0,3017.0,5531,5954,6220,6738,11687.0,12797.0,942.0,1537.0,101.5,2
21796.0,35142.0,3299.0,5754.0,11,19,42,9,26250.0,26320.0,9661.0,19517.0,101.5,0
2276.0,6959.0,506.0,2057.0,192,127,16,26,1781.0,5213.0,14910.0,23833.0,101.5,0
101476.0,159258.0,18921.0,27835.0,228,291,0,0,124172.0,105458.0,34751.0,42127.0,101.5,-1
42472.0,71352.0,2101.0,4753.0,97,205,212,159,37580.0,37069.0,9024.0,21219.0,101.6,0
904.0,5379.0,214.0,1344.0,563,1752,810,1999,2305.0,6523.0,1730.0,3781.0,101.6,2
9211.0,20865.0,950.0,4676.0,5438,5873,6263,6879,15636.0,17004.0,396.0,1383.0,101.6,2
6967.0,23208.0,1119.0,2541.0,4415,5297,5508,6489,12766.0,14690.0,1392.0,1210.0,101.6,2
2867.0,7474.0,398.0,877.0,4046,4638,4154,4592,10566.0,11280.0,1809.0,2186.0,101.6,2
1233.0,5555.0,1261.0,5296.0,239,166,225,150,2194.0,5740.0,21811.0,47790.0,101.7,0
56690.0,89593.0,9789.0,16705.0,487,256,223,102,71824.0,70210.0,19723.0,44219.0,101.7,0
10106.0,23286.0,2566.0,5015.0,5281,5687,6639,6960,14046.0,13112.0,3897.0,3165.0,101.7,2
30879.0,55654.0,4608.0,6997.0,500,364,619,254,26502.0,26538.0,7321.0,18402.0,101.8,0
25482.0,48269.0,16401.0,27472.0,167,187,276,139,38693.0,36482.0,15660.0,22148.0,101.8,0
28190.0,39062.0,8884.0,15215.0,397,187,0,38,32705.0,30125.0,32895.0,23212.0,101.9,0
31862.0,51023.0,3007.0,6038.0,8037,7849,12285,12406,34537.0,32475.0,9788.0,9641.0,101.9,2
37063.0,70469.0,8550.0,16109.0,170,150,43,13,46677.0,44863.0,18282.0,32857.0,101.9,0
27082.0,32082.0,4404.0,5576.0,28,89,244,200,33438.0,31724.0,7555.0,19166.0,101.9,0
5415.0,14100.0,1175.0,2833.0,3427,4010,4523,5045,14075.0,15339.0,1216.0,1384.0,101.9,2
22101.0,32691.0,5559.0,8829.0,352,345,0,45,26170.0,25404.0,21127.0,21179.0,102.1,0
3548.0,15981.0,1062.0,3883.0,1181,2266,1660,3067,3874.0,7198.0,746.0,1203.0,102.2,2
7733.0,15552.0,2415.0,3350.0,3814,4071,5862,6266,12575.0,13057.0,889.0,1657.0,102.3,2
146895.0,204852.0,5779.0,5950.0,195,275,213,111,154211.0,138169.0,67954.0,61383.0,102.3,0
8544.0,21206.0,1271.0,4280.0,8411,9365,10908,12141,23544.0,25761.0,3052.0,3850.0,102.5,2
386051.0,469690.0,325539.0,432082.0,867,716,529,203,468969.0,376643.0,171885.0,154418.0,102.6,3
5889.0,10581.0,410.0,2853.0,2394,2716,3677,4054,9461.0,9827.0,989.0,1335.0,102.6,2
30773.0,58956.0,4644.0,7735.0,3194,3212,4341,4244,13584.0,13945.0,3081.0,2931.0,102.7,3
1607.0,6481.0,1848.0,4836.0,901,1222,1518,2275,4158.0,6157.0,994.0,1883.0,102.8,2
251369.0,346024.0,499139.0,697089.0,45722,41736,44997,42116,30297.0,29145.0,8270.0,5760.0,102.9,1
15564.0,31034.0,2660.0,4698.0,4934,4918,6753,6843,18622.0,18292.0,4647.0,6335.0,102.9,2
57796.0,78095.0,5654.0,11794.0,252,224,283,175,42581.0,40625.0,19106.0,31856.0,102.9,0
15593.0,20078.0,3422.0,5334.0,5405,5897,8434,9062,21057.0,21856.0,2949.0,3026.0,102.9,2
5803.0,14100.0,2605.0,5594.0,4565,5333,6073,6751,13743.0,16005.0,346.0,1710.0,102.9,2
6840.0,14532.0,2089.0,4390.0,4729,5180,5708,6383,17074.0,18770.0,1029.0,1594.0,103.1,2
14088.0,31607.0,3644.0,6869.0,8330,8545,11592,12253,29234.0,30770.0,5117.0,6016.0,103.1,2
2106.0,14612.0,868.0,3673.0,1018,2794,1543,4010,3052.0,7443.0,931.0,1583.0,103.1,2
2193.0,7991.0,545.0,3114.0,1019,2860,1211,3544,3210.0,8161.0,171.0,1051.0,103.1,2
26751.0,40397.0,5841.0,11068.0,14,207,150,132,25019.0,25400.0,21107.0,19589.0,103.3,0
23764.0,28585.0,2506.0,4021.0,13295,13937,14999,14972,35071.0,34507.0,2447.0,4782.0,103.4,2
12946.0,24233.0,1374.0,3913.0,6782,7730,9169,9846,21912.0,22208.0,421.0,1323.0,103.4,2
105083.0,162435.0,12997.0,20490.0,372,304,0,0,199996.0,172773.0,74596.0,72687.0,103.4,-1
3302.0,9788.0,2099.0,4432.0,3461,3915,4723,5610,10556.0,12262.0,1316.0,1916.0,103.4,2
2134.0,13274.0,0.0,891.0,456,1322,567,1666,1602.0,5346.0,5705.0,12106.0,103.4,2
38350.0,70445.0,2442.0,5984.0,13079,13162,17204,17179,42372.0,41675.0,1857.0,10307.0,103.4,1
205177.0,283442.0,8206.0,13305.0,547,393,430,196,106607.0,94408.0,115055.0,101531.0,103.6,0
3990.0,7712.0,2391.0,4119.0,2563,2781,4065,3908,10680.0,10196.0,1187.0,2073.0,103.6,2
47327.0,61090.0,6510.0,9689.0,445,182,430,137,43217.0,39923.0,31899.0,28195.0,103.6,0
31859.0,56877.0,22224.0,32996.0,846,390,0,0,44257.0,40308.0,34712.0,28881.0,103.6,-1
10600.0,17643.0,2566.0,6133.0,5878,6483,7748,8220,20640.0,20278.0,4766.0,4247.0,103.7,2
23705.0,43882.0,2437.0,4859.0,0,144,280,229,29563.0,27024.0,11523.0,18126.0,103.7,0
1363.0,4541.0,1831.0,5175.0,1945,3521,2117,4142,5679.0,10967.0,1445.0,1901.0,103.8,2
47683.0,72515.0,17290.0,24685.0,224,168,216,131,53681.0,48479.0,32671.0,33541.0,103.8,0
1522.0,7975.0,1337.0,5314.0,602,1450,693,1832,2013.0,5291.0,814.0,1588.0,103.8,2
3515.0,11740.0,2123.0,5239.0,1128,1702,1678,2477,4330.0,6315.0,301.0,1493.0,103.8,2
1446.0,6400.0,810.0,3427.0,2024,3302,2972,4701,6576.0,10174.0,0.0,70.0,103.8,2
2116.0,10064.0,2641.0,8892.0,3804,5734,4578,6858,11150.0,16823.0,408.0,1262.0,103.9,2
1952.0,5848.0,0.0,1049.0,124,118,162,72,4534.0,7550.0,1202.0,1824.0,103.9,0
535863.0,621369.0,38776.0,54496.0,816,982,531,370,923855.0,730004.0,465062.0,407784.0,103.9,3
36562.0,66232.0,25576.0,38084.0,435,306,298,121,43383.0,40896.0,19217.0,31676.0,104.0,0
6456.0,19013.0,1187.0,3712.0,3004,3243,4439,5146,12004.0,14130.0,494.0,1248.0,104.0,2
5958.0,10546.0,1035.0,2738.0,1764,3427,2644,5149,5990.0,11862.0,3533.0,2608.0,104.1,2
279871.0,391815.0,38643.0,55828.0,654,499,0,13,255120.0,205758.0,101184.0,77756.0,104.2,3
45380.0,64483.0,2767.0,3834.0,430,200,0,0,39918.0,35497.0,24707.0,22107.0,104.2,-1
5459.0,10192.0,3412.0,6299.0,1274,1063,1622,1777,5369.0,6294.0,1397.0,1181.0,104.3,2
9607.0,18713.0,3283.0,6263.0,4003,4202,5029,5386,13629.0,14387.0,921.0,3246.0,104.4,2
11509.0,22194.0,3786.0,7667.0,11953,11343,12508,12753,26527.0,27207.0,1850.0,4566.0,104.4,2
11688.0,19681.0,3041.0,5126.0,4937,4792,5857,6366,14686.0,14794.0,2015.0,2980.0,104.4,2
10018.0,29952.0,2595.0,7118.0,4363,4973,4583,5182,12047.0,13371.0,313.0,2029.0,104.4,2
21380.0,32658.0,12868.0,21692.0,0,22,46,81,34871.0,31093.0,21168.0,24574.0,104.4,0
2716.0,7175.0,0.0,514.0,167,65,209,123,3278.0,4668.0,4347.0,4011.0,104.6,0
2835.0,12218.0,696.0,1777.0,210,176,222,155,3817.0,5294.0,13277.0,16509.0,104.6,0
397.0,2283.0,331.0,1436.0,101,0,130,1,4879.0,11480.0,37241.0,72610.0,104.6,0
540719.0,628971.0,40054.0,53441.0,1818,1227,239,217,1077590.0,868766.0,314182.0,301671.0,104.6,3
3299.0,10932.0,1127.0,2850.0,3129,4122,3785,5022,9590.0,12892.0,883.0,1247.0,104.6,2
45620.0,74477.0,8871.0,14834.0,0,71,171,52,45745.0,43669.0,38029.0,33476.0,104.8,0
4329.0,12655.0,1139.0,3686.0,2154,2465,3526,3858,11184.0,11654.0,22.0,1743.0,104.8,2
347441.0,465649.0,193731.0,280374.0,296,432,680,189,193668.0,164457.0,138885.0,106611.0,104.9,3
322532.0,454812.0,107536.0,150797.0,0,239,507,203,194603.0,163865.0,103499.0,89683.0,104.9,3
9865.0,17513.0,3192.0,4979.0,3262,3418,4675,4815,14164.0,13951.0,3884.0,3770.0,104.9,2
32311.0,54119.0,36100.0,63332.0,405,301,0,0,37664.0,35329.0,11836.0,22986.0,105.0,-1
38335.0,49711.0,6787.0,9494.0,885,323,0,128,54970.0,54005.0,35455.0,44611.0,105.0,0
36970.0,56720.0,7202.0,10591.0,59,248,294,147,37985.0,32584.0,32624.0,27460.0,105.1,0
2785.0,9680.0,1345.0,3655.0,2045,3421,2683,4647,6591.0,10902.0,916.0,2026.0,105.1,2
1628.0,10352.0,391.0,2451.0,650,2004,662,2200,1372.0,4985.0,18.0,168.0,105.1,2
114240.0,177883.0,13337.0,20259.0,0,119,112,71,97729.0,85081.0,46597.0,49853.0,105.2,0
92029.0,148039.0,29660.0,44281.0,360,275,295,137,69549.0,64462.0,42284.0,46357.0,105.3,0
16389.0,27200.0,8977.0,15896.0,155,169,45,145,35997.0,34590.0,10089.0,20949.0,105.3,0
82932.0,130584.0,10405.0,16394.0,311,164,103,153,77220.0,71835.0,52529.0,59245.0,105.4,0
16852.0,15937.0,3886.0,4998.0,7995,7479,9648,9591,27108.0,25922.0,3409.0,3057.0,105.5,2
3480.0,17330.0,1038.0,3301.0,1893,3260,2920,4845,7458.0,12430.0,477.0,887.0,105.5,2
1058.0,7071.0,41.0,1299.0,876,2740,1199,3736,3297.0,9820.0,0.0,0.0,105.5,2
6748.0,19594.0,1984.0,5914.0,3240,4231,4227,5511,11967.0,14555.0,1988.0,2114.0,105.5,2
56362.0,86901.0,10862.0,14401.0,373,258,545,199,33495.0,31302.0,31405.0,27242.0,105.6,0
7363.0,17941.0,2052.0,2518.0,4964,5624,5837,6182,19149.0,18375.0,3659.0,3707.0,105.6,2
1786.0,5472.0,2034.0,4289.0,2317,2673,2982,3512,7128.0,8317.0,65.0,209.0,105.6,2
53844.0,87144.0,33525.0,53311.0,291,230,335,237,36012.0,32622.0,24901.0,27234.0,105.6,0
30076.0,40472.0,7410.0,12486.0,101,100,254,118,35959.0,33389.0,28257.0,24077.0,105.7,0
3361.0,5905.0,2089.0,5295.0,3282,3781,3463,3904,8723.0,10075.0,545.0,1272.0,105.8,2
8005.0,20875.0,2452.0,4935.0,6817,7637,7719,8528,18020.0,19877.0,638.0,1539.0,105.9,2
34143.0,55497.0,7544.0,13288.0,477,187,29,89,42733.0,41846.0,15188.0,28404.0,105.9,0
3546.0,7852.0,267.0,2892.0,776,1386,850,1857,2234.0,5692.0,1839.0,1969.0,105.9,2
3594.0,18887.0,961.0,5000.0,1006,1782,1284,2571,3475.0,8048.0,94.0,13.0,105.9,2
6018.0,19283.0,2822.0,6068.0,1537,1455,2039,2210,7551.0,8405.0,0.0,1321.0,105.9,2
21239.0,45022.0,5262.0,9127.0,499,316,234,149,29782.0,28648.0,6830.0,16280.0,105.9,0
53316.0,71132.0,18954.0,29037.0,518,280,497,229,39539.0,37580.0,31995.0,32379.0,106.0,0
32027.0,51859.0,4629.0,5704.0,423,313,177,135,31172.0,28127.0,12568.0,22565.0,106.1,0
2314.0,8228.0,1290.0,5806.0,541,1021,926,2336,2586.0,6611.0,2911.0,3867.0,106.1,2
6937.0,21765.0,3127.0,8412.0,4871,5844,6781,8154,16076.0,18839.0,0.0,1940.0,106.1,2
12851.0,18476.0,4988.0,7157.0,8773,9031,9548,9576,24213.0,23350.0,2189.0,4072.0,106.1,2
19396.0,23914.0,12532.0,21602.0,360,274,0,80,9770.0,9001.0,1502.0,1213.0,106.2,0
451319.0,604454.0,55949.0,81982.0,1275,1404,283,116,526826.0,439350.0,241504.0,211620.0,106.2,3
19768.0,31031.0,3288.0,5640.0,0,72,0,60,21070.0,19698.0,7535.0,12048.0,106.2,0
369533.0,531344.0,17383.0,26685.0,355,598,547,247,201998.0,177725.0,110171.0,113428.0,106.2,3
2307.0,8196.0,1368.0,4872.0,3560,4486,3763,4674,9377.0,11542.0,793.0,793.0,106.3,2
44036.0,67675.0,8986.0,12701.0,457,184,380,113,47357.0,45844.0,33083.0,42432.0,106.3,0
442190.0,451601.0,1251690.0,1470490.0,1623,1259,616,257,39549.0,33377.0,17781.0,15151.0,106.3,1
4250.0,22057.0,1325.0,4795.0,1655,2513,2348,3688,6388.0,9745.0,208.0,840.0,106.4,2
538632.0,696239.0,29988.0,42903.0,726,919,8822,7871,216714.0,191912.0,176233.0,152682.0,106.4,3
8477.0,17482.0,2133.0,4389.0,7617,8861,10139,11122,25885.0,26877.0,1941.0,4285.0,106.4,2
3787.0,10668.0,484.0,1923.0,3092,4677,3428,5237,6969.0,11547.0,407.0,476.0,106.5,2
22259.0,36073.0,1311.0,3138.0,34,125,119,107,31958.0,32233.0,4702.0,15295.0,106.5,0
6762.0,16855.0,1972.0,4273.0,2313,2861,3362,3794,9362.0,11013.0,875.0,1997.0,106.5,2
1615.0,6088.0,133.0,3575.0,225,725,545,1516,1554.0,4508.0,272.0,165.0,106.5,2
6136.0,14498.0,386.0,2098.0,2078,3626,2724,5194,7446.0,15028.0,4478.0,3273.0,106.5,2
2533.0,15391.0,389.0,2597.0,1238,3340,1955,4996,5413.0,14649.0,413.0,1146.0,106.5,2
19015.0,31653.0,1543.0,4223.0,3304,3553,5350,5274,14354.0,14352.0,3642.0,3777.0,106.6,2
13275.0,17182.0,14520.0,22936.0,379,177,0,100,16872.0,16816.0,7385.0,11465.0,106.7,0
7552.0,13171.0,904.0,3393.0,1706,2340,2616,3726,7234.0,10573.0,869.0,913.0,106.7,2
8940.0,17675.0,3805.0,5581.0,9162,10074,10653,11169,26204.0,27861.0,1047.0,5559.0,106.8,2
1484.0,6826.0,1122.0,4059.0,1655,3118,2085,3878,5025.0,9387.0,519.0,1033.0,106.8,2
28555.0,45123.0,3125.0,5177.0,218,346,299,209,35592.0,31767.0,36490.0,30658.0,106.9,0
3285.0,8636.0,1620.0,3407.0,2228,4407,3318,6271,8483.0,16470.0,4357.0,5676.0,106.9,2
10775.0,18947.0,1950.0,3894.0,3384,2913,4530,4621,12365.0,12429.0,4116.0,3667.0,106.9,2
1941.0,11719.0,164.0,1085.0,1013,2846,1589,4460,4620.0,11030.0,0.0,1223.0,106.9,2
2605.0,9643.0,0.0,781.0,1502,3431,2039,4922,4843.0,10885.0,469.0,652.0,106.9,2
1432.0,7815.0,997.0,3491.0,1335,3270,1899,4198,4318.0,9597.0,459.0,1397.0,107.0,2
2404.0,12463.0,794.0,3631.0,1685,3673,1703,4132,4197.0,9730.0,264.0,401.0,107.0,2
919836.0,813935.0,1658890.0,1684060.0,2062,1340,43,246,142694.0,117740.0,75681.0,57026.0,107.0,1
41313.0,65229.0,17172.0,26462.0,165,177,146,115,35312.0,33023.0,20148.0,22843.0,107.0,0
93504.0,131221.0,29002.0,48164.0,728,238,160,128,68645.0,68016.0,61068.0,52617.0,107.0,0
1730.0,11466.0,458.0,3809.0,2407,6303,2893,7366,5028.0,13796.0,261.0,544.0,107.0,2
114506.0,187852.0,23190.0,35626.0,140,240,512,214,242025.0,195941.0,66319.0,80762.0,107.1,0
7997.0,16870.0,1199.0,3920.0,8206,10108,7493,8669,13025.0,14786.0,0.0,755.0,107.1,2
20883.0,42572.0,8967.0,13282.0,200,211,16,14,41224.0,41364.0,22471.0,29133.0,107.1,0
2864.0,13106.0,793.0,2202.0,1861,3997,2142,4702,5104.0,11320.0,956.0,1679.0,107.1,2
51338.0,79938.0,6414.0,9206.0,414,246,444,141,42751.0,40757.0,21867.0,27239.0,107.1,0
12417.0,26411.0,17077.0,31919.0,35,16,79,26,17863.0,18034.0,8148.0,14160.0,107.2,0
6661.0,13323.0,1479.0,2819.0,625,2240,1396,3029,3697.0,9583.0,3543.0,2898.0,107.2,2
2907.0,16218.0,271.0,1724.0,1803,3091,2511,4097,6925.0,12109.0,1074.0,1691.0,107.2,2
8027.0,18363.0,2943.0,6279.0,6077,6285,8541,9203,21692.0,22382.0,1394.0,3173.0,107.2,2
2998.0,11544.0,1836.0,6055.0,3219,4197,4050,5491,10655.0,15083.0,199.0,329.0,107.2,2
3123.0,17797.0,629.0,2761.0,3216,6047,3946,7388,8958.0,16911.0,162.0,459.0,107.3,2
68842.0,99876.0,31488.0,50201.0,765,294,190,89,39961.0,34438.0,36610.0,30295.0,107.4,0
19990.0,29674.0,2785.0,5030.0,4964,4891,6525,6023,17602.0,17144.0,4953.0,4609.0,107.4,2
181313.0,267799.0,21626.0,34012.0,333,220,212,216,215360.0,185817.0,82278.0,86709.0,107.4,0
56681.0,105710.0,159665.0,249685.0,11850,11875,16875,16743,16311.0,14690.0,2426.0,3280.0,107.5,1
50949.0,83747.0,4605.0,6545.0,227,274,62,83,51789.0,51229.0,25953.0,41397.0,107.5,0
5662.0,10493.0,1179.0,2497.0,2874,3305,3627,3951,10156.0,11200.0,772.0,1161.0,107.5,2
11260.0,21994.0,1666.0,4003.0,3475,3655,5203,5596,17298.0,19363.0,2224.0,4132.0,107.6,2
12374.0,33304.0,5151.0,11209.0,100,109,137,60,18862.0,18034.0,5821.0,11425.0,107.6,0
28690.0,48323.0,7376.0,9908.0,106,119,286,111,30940.0,30461.0,13314.0,22430.0,107.6,0
11500.0,17566.0,1491.0,2944.0,3210,3277,4376,3965,11908.0,11212.0,1444.0,2547.0,107.6,2
1805.0,7089.0,674.0,2096.0,2086,3353,2391,4235,6076.0,10324.0,600.0,1425.0,107.7,2
6241.0,13889.0,1134.0,3448.0,5760,6706,6866,7398,15522.0,16705.0,703.0,952.0,107.7,2
1614.0,9793.0,0.0,306.0,98,0,130,66,3235.0,5809.0,1380.0,2539.0,107.7,0
1529.0,10069.0,345.0,1603.0,83,0,144,22,3052.0,5486.0,9.0,708.0,107.7,0
3451.0,10169.0,0.0,2241.0,107,28,190,142,4496.0,9388.0,42935.0,61143.0,107.7,0
534022.0,651739.0,83482.0,124294.0,1105,1257,468,208,725424.0,583621.0,281862.0,249411.0,107.7,3
21186.0,34123.0,535.0,2437.0,312,166,210,139,24704.0,23310.0,17042.0,15304.0,107.8,0
13019.0,17996.0,1471.0,4138.0,3312,3638,4659,4627,10208.0,9957.0,3219.0,2208.0,107.8,2
5854.0,13832.0,1292.0,2727.0,3035,3173,3842,4159,11026.0,12234.0,690.0,1743.0,107.8,2
64233.0,90737.0,5822.0,8293.0,267,139,510,199,65291.0,63125.0,54670.0,51349.0,107.8,0
4607.0,14858.0,2198.0,4186.0,3671,4029,5203,5625,13065.0,14426.0,2155.0,2778.0,107.9,2
23969.0,30322.0,3786.0,4521.0,4263,4513,7176,7174,22757.0,22552.0,5399.0,5785.0,107.9,2
281082.0,410584.0,10867.0,15441.0,436,371,0,0,280474.0,243069.0,132352.0,118462.0,108.0,-1
1467.0,8235.0,654.0,2866.0,442,981,554,1184,1658.0,4104.0,1337.0,2118.0,108.0,2
1522.0,7621.0,698.0,3042.0,2252,3489,2915,4747,7839.0,12720.0,875.0,1365.0,108.0,2
4010.0,12370.0,999.0,4289.0,2963,3884,4008,5248,10363.0,12664.0,193.0,529.0,108.0,2
13844.0,15238.0,4772.0,6290.0,4453,4671,6858,6751,18148.0,17239.0,6403.0,5081.0,108.0,2
3465.0,11573.0,386.0,2969.0,939,1580,1650,2520,4228.0,6323.0,1132.0,1269.0,108.1,2
2495.0,5886.0,2073.0,4097.0,4312,4999,4921,5781,13876.0,16107.0,922.0,1417.0,108.2,2
79943.0,122519.0,11243.0,19729.0,361,255,247,137,81857.0,73831.0,35625.0,37979.0,108.2,0
918.0,5304.0,65.0,2572.0,432,1511,513,1837,1478.0,4425.0,316.0,540.0,108.3,2
9456.0,16865.0,10318.0,14707.0,10585,11443,10997,11969,26370.0,29355.0,1120.0,3250.0,108.4,2
68257.0,92925.0,4535.0,5383.0,494,243,0,85,53246.0,49576.0,44527.0,41589.0,108.4,0
4175.0,9303.0,3522.0,6594.0,2886,3385,4180,4426,10766.0,11057.0,1617.0,1348.0,108.4,2
6334.0,8991.0,2224.0,5339.0,7710,7437,8055,8276,17826.0,17533.0,3583.0,2887.0,108.4,2
34229.0,60073.0,4864.0,7766.0,5933,5844,9451,9393,30626.0,30382.0,4148.0,8637.0,108.4,2
9130.0,15441.0,1045.0,3848.0,2869,2869,3493,3593,7983.0,7900.0,1406.0,2168.0,108.4,2
8944.0,21504.0,3261.0,5960.0,2368,2502,2702,2741,8746.0,9205.0,1234.0,2365.0,108.5,2
29410.0,52849.0,12376.0,19656.0,541,288,232,127,28927.0,28631.0,18036.0,24357.0,108.5,0
45265.0,64273.0,8433.0,15394.0,47,157,79,165,43335.0,43973.0,10907.0,29259.0,108.5,0
10404.0,30552.0,11983.0,24988.0,282,186,239,191,19366.0,20348.0,3197.0,6991.0,108.5,0
18941.0,35303.0,2276.0,4413.0,3530,3737,5187,5664,16601.0,17823.0,2034.0,4217.0,108.5,2
5699.0,16603.0,2655.0,6031.0,10543,11616,10714,11762,21634.0,22783.0,2110.0,2693.0,108.6,2
3841.0,9927.0,207.0,1640.0,943,2274,787,2238,1634.0,5006.0,109.0,243.0,108.6,2
116362.0,185637.0,25356.0,38380.0,215,265,131,115,109341.0,98400.0,69705.0,75765.0,108.6,0
47418.0,76422.0,12285.0,19689.0,174,158,159,84,82521.0,77688.0,28451.0,54200.0,108.6,0
7647.0,17260.0,1639.0,3698.0,3306,3836,4655,5493,11106.0,12386.0,2242.0,3118.0,108.7,2
17594.0,27088.0,4433.0,6301.0,4804,4388,6898,7255,21298.0,22587.0,7251.0,5416.0,108.7,2
12380.0,23758.0,666.0,2959.0,5108,5643,7659,8361,19539.0,21025.0,2785.0,5245.0,108.8,2
53101.0,69561.0,8349.0,12455.0,0,57,209,162,50817.0,46926.0,23296.0,34194.0,108.8,0
3525.0,10653.0,751.0,2692.0,174,52,144,31,2077.0,5294.0,30063.0,53223.0,108.9,0
53066.0,79623.0,7588.0,12610.0,136,93,288,190,63965.0,62269.0,29692.0,53471.0,108.9,0
6551.0,14684.0,2040.0,5558.0,5138,6137,6696,8138,15997.0,19157.0,331.0,1804.0,109.0,2
14041.0,25695.0,863.0,3102.0,2844,2881,4343,4169,12340.0,12256.0,665.0,2240.0,109.0,2
652.0,2538.0,873.0,3072.0,417,1326,842,1852,2126.0,5436.0,1337.0,2618.0,109.1,2
53861.0,77426.0,30029.0,47608.0,164,189,143,162,51373.0,48741.0,36770.0,34231.0,109.1,0
2129.0,13935.0,1122.0,4816.0,1167,3140,1350,4062,3978.0,11285.0,1272.0,2914.0,109.2,2
3314.0,20175.0,760.0,4727.0,2092,3817,2799,5197,7940.0,14317.0,491.0,962.0,109.2,2
8405.0,21169.0,4389.0,6536.0,2648,2737,4155,4381,11403.0,12437.0,810.0,1378.0,109.2,2
1394.0,8094.0,0.0,1441.0,70,0,140,13,5734.0,11270.0,405.0,778.0,109.3,0
1922.0,7976.0,0.0,267.0,8,0,134,56,7042.0,15035.0,75803.0,102343.0,109.3,0
1161620.0,1544660.0,44554.0,64962.0,1383,1088,256,179,1353650.0,1099250.0,541972.0,495143.0,109.3,1
29757.0,37563.0,5566.0,10073.0,11,165,185,150,27126.0,25434.0,19048.0,18389.0,109.3,0
26063.0,49010.0,1644.0,3381.0,16,26,321,146,27565.0,25157.0,10448.0,18848.0,109.3,0
19462.0,36857.0,2537.0,5027.0,6132,5719,7856,8060,23352.0,24725.0,4913.0,5830.0,109.3,2
4408.0,8421.0,2109.0,3135.0,1281,1384,1614,2432,4855.0,6905.0,507.0,1033.0,109.4,2
1761.0,10974.0,247.0,2497.0,622,1248,649,1794,1813.0,5363.0,3.0,81.0,109.4,2
4286.0,8710.0,2652.0,3574.0,3111,3464,3987,4114,11155.0,11054.0,1869.0,2341.0,109.5,2
52060.0,79796.0,10611.0,16658.0,432,276,1,0,52740.0,49970.0,29705.0,39109.0,109.6,-1
48255.0,80572.0,26069.0,27888.0,488,228,428,192,50928.0,45238.0,17365.0,32660.0,109.7,0
10925.0,23045.0,3786.0,6885.0,4608,5101,4794,5261,10378.0,11188.0,0.0,972.0,109.7,2
505.0,2506.0,211.0,2313.0,529,1378,743,1848,2145.0,5944.0,1514.0,2385.0,109.7,2
2400.0,9252.0,1294.0,3261.0,2815,3562,3667,4771,9541.0,12275.0,86.0,506.0,109.7,2
17417.0,37359.0,4221.0,7059.0,9066,9336,11237,11346,26358.0,25553.0,4963.0,5251.0,109.8,2
19985.0,23789.0,3802.0,7541.0,7034,7388,9437,10059,25957.0,25152.0,2453.0,4688.0,109.9,2
7516.0,24082.0,1237.0,3094.0,1972,2381,2514,3261,6299.0,8356.0,0.0,516.0,109.9,2
127711.0,193465.0,8218.0,13490.0,328,176,39,62,146679.0,130132.0,72446.0,67049.0,109.9,0
3295.0,10253.0,1189.0,2987.0,2391,3065,3166,4145,7338.0,9064.0,1269.0,1951.0,110.0,2
9116.0,15928.0,3361.0,6587.0,4915,5110,6033,6386,16161.0,15302.0,2178.0,2986.0,110.0,2
9822.0,11080.0,2521.0,3368.0,2257,2115,3348,3424,7780.0,7894.0,0.0,1727.0,110.1,2
48387.0,77576.0,2710.0,4762.0,104,181,343,119,45408.0,43737.0,28205.0,34055.0,110.1,0
46602.0,76604.0,20782.0,31015.0,379,186,0,99,64409.0,55874.0,56667.0,47291.0,110.2,0
3813.0,12598.0,720.0,2540.0,1380,1797,2050,3037,7354.0,10349.0,615.0,1826.0,110.3,2
26327.0,52022.0,3848.0,6115.0,14,92,0,23,29734.0,27383.0,20648.0,24993.0,110.3,0
9478.0,20052.0,2279.0,4674.0,3699,3839,5136,5376,13862.0,14012.0,583.0,2671.0,110.4,2
40308.0,69137.0,4727.0,8804.0,291,193,273,223,38820.0,35200.0,14901.0,25817.0,110.4,0
36141.0,49719.0,4885.0,6952.0,523,204,0,99,32788.0,28333.0,22732.0,20177.0,110.4,0
236912.0,328349.0,21486.0,33330.0,0,124,4981,4833,146474.0,125000.0,145930.0,102508.0,110.5,3
10767.0,15863.0,1208.0,3071.0,680,1979,807,2364,3558.0,8468.0,2973.0,3016.0,110.5,2
4858.0,12254.0,920.0,2189.0,441,1322,352,1504,1223.0,4069.0,57.0,196.0,110.5,2
15304.0,20109.0,1160.0,2369.0,12662,12637,14644,14618,30729.0,29228.0,4808.0,5018.0,110.5,2
59956.0,85704.0,31898.0,49363.0,0,98,414,146,73141.0,70917.0,59307.0,55687.0,110.5,0
7404.0,14638.0,1565.0,3635.0,2981,3431,4442,4680,9641.0,9050.0,1357.0,1640.0,110.5,2
6325.0,14011.0,1663.0,4357.0,3325,3465,4715,5105,12914.0,13888.0,1920.0,2387.0,110.6,2
10011.0,19332.0,2119.0,3492.0,2317,2740,3070,3939,8098.0,9024.0,2318.0,2063.0,110.7,2
50665.0,67547.0,13902.0,22009.0,249,182,0,0,59287.0,57241.0,44315.0,43283.0,110.7,-1
7399.0,15904.0,1859.0,3926.0,2936,3172,4417,4737,12526.0,13057.0,1655.0,2972.0,110.7,2
29229.0,43930.0,2068.0,4229.0,311,140,38,8,30458.0,27381.0,29549.0,27514.0,110.9,0
16773.0,31821.0,0.0,1423.0,9242,9978,12936,13101,35120.0,33415.0,4200.0,6774.0,110.9,2
35066.0,62965.0,12590.0,20539.0,484,282,168,92,39381.0,35236.0,20195.0,27044.0,110.9,0
10140.0,16333.0,2978.0,4405.0,6352,6628,8655,8795,22038.0,21334.0,2918.0,3765.0,111.1,2
22976.0,31386.0,17974.0,32258.0,312,248,175,108,27315.0,25340.0,24521.0,22205.0,111.1,0
25734.0,40520.0,2319.0,4008.0,4243,4106,6157,6202,22173.0,21329.0,7104.0,5990.0,111.1,2
140305.0,225070.0,27063.0,45264.0,0,0,664,257,54122.0,52041.0,49080.0,53670.0,111.2,3
1913.0,7691.0,6.0,979.0,212,194,171,104,2128.0,5318.0,13046.0,21046.0,111.2,0
40585.0,60474.0,7092.0,12468.0,447,203,206,133,35976.0,32406.0,7069.0,17079.0,111.2,0
1528.0,7584.0,978.0,3306.0,2711,4255,3099,4769,8399.0,13071.0,0.0,805.0,111.3,2
5542.0,10413.0,2025.0,4029.0,3600,3513,4757,4847,12911.0,13899.0,1071.0,2554.0,111.4,2
18650.0,31632.0,2015.0,4141.0,5834,5616,7909,8282,23710.0,22937.0,2479.0,4051.0,111.4,2
1910.0,6647.0,453.0,1482.0,1221,1819,1982,3247,4858.0,8914.0,866.0,2029.0,111.4,2
3224.0,6324.0,0.0,811.0,725,1269,879,1923,1908.0,5676.0,0.0,201.0,111.4,2
1992.0,8668.0,2267.0,5854.0,2214,4008,2206,4138,5129.0,9818.0,901.0,1668.0,111.5,2
58349.0,82180.0,11610.0,16220.0,494,280,321,124,56059.0,50662.0,29073.0,39172.0,111.6,0
6675.0,15060.0,645.0,2415.0,3941,4642,4979,5354,9582.0,10331.0,1134.0,1868.0,111.6,2
719.0,3929.0,851.0,2850.0,927,1384,1302,2234,3793.0,5862.0,209.0,1167.0,111.6,2
3598.0,10105.0,1611.0,3567.0,2860,3080,3493,4110,10378.0,12615.0,1073.0,1447.0,111.7,2
5745.0,9396.0,791.0,2246.0,2391,2266,2983,2820,7194.0,6427.0,1318.0,1599.0,111.7,2
6452.0,13414.0,235.0,1907.0,1562,1978,2031,2657,5395.0,6427.0,0.0,95.0,111.7,2
8968.0,11246.0,1759.0,3329.0,2769,3963,3304,4665,10014.0,13358.0,4051.0,3591.0,111.8,2
11031.0,22529.0,1079.0,3067.0,4828,5200,6839,7526,18773.0,20145.0,1020.0,2083.0,111.8,2
1381.0,6557.0,899.0,4061.0,1556,2143,1857,2677,6028.0,8784.0,421.0,723.0,111.9,2
12879.0,15824.0,2324.0,2660.0,3989,3946,5773,5752,15226.0,14173.0,3026.0,3610.0,111.9,2
14489.0,27155.0,2049.0,5526.0,7908,8153,9768,9932,24245.0,23051.0,1056.0,3033.0,111.9,2
26985.0,32199.0,8835.0,15046.0,284,203,14,76,18838.0,16769.0,17483.0,12507.0,112.0,0
8364.0,16397.0,1883.0,3943.0,3346,3237,4366,4384,12791.0,13507.0,1977.0,2555.0,112.1,2
8494.0,21021.0,1891.0,3771.0,3183,3574,5032,5595,13938.0,16019.0,1146.0,1759.0,112.1,2
19019.0,43710.0,5424.0,11019.0,8643,8494,11155,11571,30817.0,29860.0,2879.0,4683.0,112.1,2
4603.0,13182.0,944.0,2400.0,4091,4800,4823,5874,11569.0,13192.0,1004.0,2299.0,112.2,2
2875.0,8650.0,1038.0,2164.0,3753,4297,5317,6313,12837.0,15442.0,1074.0,1676.0,112.3,2
3895.0,10925.0,2413.0,6442.0,2589,3072,3491,4158,10531.0,12190.0,959.0,1809.0,112.3,2
27778.0,46177.0,28503.0,44321.0,363,196,76,53,47391.0,45881.0,23135.0,31169.0,112.4,0
9405.0,19665.0,2749.0,6133.0,3877,4368,5799,6282,16258.0,17341.0,1818.0,4300.0,112.4,2
6572.0,15088.0,1290.0,3128.0,3575,4117,4153,4619,10283.0,11250.0,224.0,916.0,112.4,2
2935.0,8925.0,1050.0,2876.0,2929,3396,3964,4965,10255.0,13224.0,516.0,1381.0,112.5,2
5513.0,14380.0,2933.0,5853.0,7910,9266,9361,11002,22423.0,26058.0,986.0,2748.0,112.6,2
10460.0,20359.0,1862.0,3268.0,1730,1446,3134,3377,8854.0,9855.0,1509.0,2416.0,112.6,2
7980.0,18414.0,1719.0,4183.0,3451,3604,5214,5563,13034.0,14379.0,1281.0,4026.0,112.6,2
66593.0,92077.0,11734.0,20417.0,418,178,32,89,83617.0,74014.0,57605.0,51304.0,112.6,0
26040.0,40343.0,34052.0,60568.0,157,79,153,74,36237.0,37742.0,11853.0,23742.0,112.7,0
6137.0,12579.0,3359.0,4951.0,3357,3480,4638,4741,11405.0,12984.0,2444.0,2790.0,112.7,2
6614.0,16433.0,1160.0,2441.0,4847,5780,6345,7218,17573.0,19454.0,2623.0,2830.0,112.8,2
50540.0,67158.0,8354.0,12170.0,73,137,125,177,49889.0,45890.0,34541.0,35083.0,112.8,0
8308.0,15416.0,2646.0,4120.0,5194,5402,6854,7067,18450.0,18980.0,2797.0,3559.0,112.9,2
15419.0,16768.0,2207.0,3585.0,7968,7451,9156,9192,23569.0,20065.0,2821.0,3061.0,112.9,2
6492.0,14891.0,1033.0,4309.0,5453,5895,6264,7175,17360.0,20069.0,595.0,719.0,112.9,2
36088.0,47369.0,9113.0,12802.0,290,219,586,287,47015.0,47768.0,16998.0,35341.0,112.9,0
30705.0,48740.0,2595.0,3748.0,92,86,251,147,38633.0,37953.0,30642.0,32395.0,113.0,0
7695.0,19442.0,1869.0,4174.0,7384,7873,8231,9008,20865.0,21294.0,1158.0,3120.0,113.0,2
4915.0,11029.0,1151.0,3606.0,92,88,166,162,8283.0,6352.0,779.0,1646.0,113.1,0
467029.0,614765.0,63977.0,91855.0,1233,1017,51,94,494733.0,416281.0,150191.0,157054.0,113.1,3
3012.0,12136.0,1781.0,4713.0,1945,3503,2972,5515,7509.0,13776.0,2000.0,3294.0,113.1,2
2576.0,9172.0,496.0,1972.0,868,2672,1510,4177,4068.0,11813.0,574.0,1350.0,113.1,2
34746.0,62633.0,4978.0,8359.0,134,128,0,16,38030.0,35781.0,17607.0,26419.0,113.2,0
4653.0,13197.0,1277.0,3728.0,2417,2826,3027,3538,8578.0,10059.0,247.0,1528.0,113.2,2
7523.0,18240.0,2348.0,4437.0,2051,2144,2983,2966,9297.0,8752.0,2379.0,2445.0,113.2,2
726.0,4365.0,300.0,2081.0,291,370,399,844,1232.0,3966.0,2216.0,4729.0,113.2,2
6111.0,14439.0,4140.0,8686.0,4859,5320,6163,6823,18493.0,18940.0,439.0,1466.0,113.2,2
6000.0,16048.0,700.0,2202.0,4632,4852,5432,5846,12444.0,13143.0,0.0,2138.0,113.2,2
12165.0,26051.0,2253.0,5358.0,6779,7321,8260,9059,19409.0,19982.0,1839.0,3482.0,113.2,2
81157.0,126638.0,19505.0,31090.0,411,334,0,58,58141.0,51308.0,43336.0,42603.0,113.2,0
3353.0,14712.0,1031.0,2838.0,3056,5415,3433,6063,7643.0,12549.0,0.0,915.0,113.2,2
1363.0,9056.0,25.0,2217.0,1341,4259,1346,4428,2723.0,9086.0,402.0,685.0,113.2,2
39899.0,76819.0,5595.0,8233.0,275,180,76,112,54732.0,51155.0,21415.0,34704.0,113.3,0
2117.0,13593.0,0.0,891.0,2216,4230,2764,5299,7018.0,13346.0,410.0,529.0,113.3,2
3483.0,15038.0,343.0,1500.0,704,1665,753,2302,1649.0,5085.0,45.0,132.0,113.3,2
4108.0,12154.0,842.0,3364.0,2761,3945,3336,5292,8592.0,13076.0,334.0,693.0,113.3,2
21393.0,38641.0,2267.0,4785.0,7831,8721,10837,11151,30905.0,31250.0,5313.0,7906.0,113.4,2
2149.0,12601.0,108.0,859.0,955,2128,1235,2916,3642.0,9180.0,0.0,1071.0,113.5,2
10664.0,26842.0,3682.0,6540.0,3053,3073,4359,4441,14657.0,15023.0,3885.0,5382.0,113.5,2
13145.0,23356.0,4972.0,10205.0,6262,6600,7792,7890,37318.0,33572.0,3835.0,9976.0,113.5,1
9466.0,10018.0,3074.0,5611.0,2018,2458,3526,3075,9032.0,8953.0,2817.0,2738.0,113.5,2
1511.0,8855.0,463.0,2094.0,891,2475,1134,3473,2978.0,8679.0,1058.0,2197.0,113.5,2
1258.0,7249.0,981.0,3596.0,3028,4983,3949,6550,7822.0,12774.0,0.0,537.0,113.5,2
1499.0,8930.0,127.0,2869.0,779,2394,766,2904,1549.0,5123.0,585.0,1129.0,113.5,2
40970.0,60320.0,15308.0,25402.0,145,165,58,115,49562.0,45421.0,48573.0,35828.0,113.5,0
2760.0,9315.0,0.0,0.0,3914,4968,5492,6611,13735.0,16654.0,989.0,1653.0,113.6,2
6094.0,25543.0,1905.0,4705.0,3336,4939,3636,5414,9058.0,13712.0,1103.0,1995.0,113.7,2
18200.0,32486.0,3130.0,5657.0,162,149,302,199,19961.0,20970.0,8300.0,14144.0,113.7,0
5429.0,13053.0,2530.0,5784.0,3470,3819,4808,5120,12003.0,12048.0,0.0,2581.0,113.8,2
3045.0,7312.0,1555.0,4876.0,1284,1632,1640,2586,4436.0,7933.0,928.0,1432.0,113.8,2
2207.0,12344.0,0.0,251.0,104,11,185,92,1554.0,4610.0,21621.0,41461.0,113.8,0
38446.0,64090.0,2686.0,5141.0,312,158,4,51,50725.0,48447.0,22177.0,39701.0,113.8,0
39116.0,59561.0,7291.0,13268.0,637,317,313,201,41658.0,38871.0,21125.0,32252.0,113.8,0
2548.0,6471.0,2313.0,4062.0,2332,2273,2809,3032,8697.0,8914.0,1044.0,2022.0,113.8,2
2376.0,8610.0,0.0,393.0,201,106,71,0,1199.0,4772.0,15056.0,22779.0,113.9,-1
317383.0,444636.0,48732.0,74383.0,849,692,152,190,352515.0,299978.0,107953.0,116834.0,113.9,3
2436.0,8883.0,248.0,1343.0,160,93,68,0,3862.0,9522.0,32796.0,59599.0,113.9,-1
135398.0,213654.0,10596.0,17465.0,538,274,0,50,197424.0,159466.0,56216.0,72412.0,113.9,0
7046.0,22255.0,1979.0,3626.0,2738,3204,3515,3753,9806.0,10604.0,1299.0,1697.0,114.0,2
13415.0,22816.0,2274.0,4309.0,3739,3675,5364,5298,14385.0,12930.0,3983.0,3178.0,114.0,2
146561.0,220404.0,9957.0,14644.0,535,208,209,92,180937.0,150161.0,65088.0,62987.0,114.0,0
469960.0,659185.0,42608.0,62428.0,2697,2775,6962,6867,49037.0,49493.0,35967.0,35678.0,114.1,3
23304.0,33874.0,4600.0,6319.0,222,142,65,79,32875.0,29889.0,19491.0,20447.0,114.1,0
7171.0,17240.0,3227.0,6460.0,3443,4168,4053,4757,9893.0,10224.0,1284.0,1791.0,114.2,2
7215.0,16577.0,506.0,2972.0,3968,4671,5404,5881,12915.0,15374.0,918.0,1113.0,114.2,2
19653.0,35375.0,2739.0,5120.0,397,375,269,80,20414.0,21570.0,3604.0,8419.0,114.2,0
2359.0,9091.0,0.0,886.0,626,1032,608,1356,1947.0,5086.0,3183.0,4693.0,114.2,2
14956.0,28103.0,1637.0,3836.0,12019,13183,14649,15919,33177.0,34757.0,1155.0,3249.0,114.2,2
3191.0,11940.0,0.0,368.0,131,18,279,118,3028.0,4613.0,3277.0,2768.0,114.2,0
4010.0,10935.0,1191.0,2788.0,35,1,370,377,4309.0,4827.0,104648.0,141855.0,114.2,3
1050580.0,997690.0,211788.0,258312.0,9223,6871,91169,68720,928757.0,658079.0,725859.0,486777.0,114.2,3
24221.0,43126.0,2708.0,4971.0,231,135,343,166,25715.0,24333.0,6845.0,11770.0,114.3,0
5177.0,23745.0,2694.0,5849.0,2850,3891,3787,5086,9269.0,12126.0,261.0,1701.0,114.3,2
4862.0,13285.0,2042.0,3844.0,4173,3918,5931,6408,14577.0,15335.0,3730.0,3703.0,114.3,2
12913.0,24513.0,4938.0,8523.0,91,6,59,39,18282.0,17967.0,14263.0,14150.0,114.3,0
3794.0,11596.0,1584.0,3627.0,4364,5717,4975,6402,11858.0,14832.0,533.0,896.0,114.4,2
30399.0,50343.0,3833.0,8016.0,0,102,244,121,37516.0,34259.0,25780.0,22857.0,114.4,0
163365.0,234787.0,10704.0,14175.0,454,255,238,120,188022.0,160020.0,67554.0,67732.0,114.4,0
32648.0,51503.0,3376.0,4064.0,23833,22183,23010,22365,44176.0,39227.0,2470.0,5686.0,114.5,1
49924.0,74953.0,6538.0,11160.0,529,308,89,67,47314.0,45532.0,26954.0,40476.0,114.5,0
1453.0,6708.0,1455.0,4164.0,2847,6317,3901,8397,8764.0,17847.0,2347.0,3331.0,114.5,2
32558.0,55256.0,8308.0,14791.0,115,198,379,172,45981.0,46341.0,20979.0,28462.0,114.5,0
246907.0,356640.0,29919.0,49488.0,408,308,143,131,160548.0,148437.0,177670.0,131650.0,114.6,3
2352730.0,1924530.0,3888820.0,4177740.0,7173,3494,3414,1974,228327.0,185003.0,139882.0,108448.0,114.6,1
4912.0,20533.0,1232.0,4571.0,1003,1043,1605,1738,5232.0,5476.0,1237.0,1852.0,114.7,2
9277.0,13320.0,3675.0,5820.0,4061,4069,5152,5415,13166.0,13211.0,4151.0,3895.0,114.8,2
34304.0,60609.0,15201.0,24015.0,352,277,0,15,42809.0,39630.0,36214.0,33394.0,114.8,0
42996.0,53602.0,8344.0,13493.0,234,262,396,174,38774.0,36117.0,21720.0,27695.0,114.8,0
23608.0,41664.0,1675.0,4406.0,334,176,244,143,35139.0,34183.0,25242.0,24765.0,114.8,0
3360.0,13895.0,786.0,2755.0,1176,2577,1442,3236,4130.0,9378.0,828.0,2145.0,114.9,2
13050.0,22670.0,3760.0,6063.0,4726,4733,7138,7152,19171.0,18389.0,3519.0,4355.0,115.0,2
6604.0,15469.0,1977.0,3063.0,2017,2950,3190,4597,9308.0,13215.0,2779.0,2749.0,115.0,2
2930.0,4787.0,12563.0,23392.0,261,91,169,169,15373.0,11823.0,4931.0,2916.0,115.0,0
4866.0,13995.0,25205.0,34389.0,363,219,308,180,19088.0,13948.0,4475.0,4071.0,115.0,0
4761.0,8279.0,7499.0,16367.0,282,160,288,166,7255.0,6864.0,6286.0,4685.0,115.0,0
3182890.0,1468710.0,9867210.0,7418810.0,14095,4785,4161,1237,1923710.0,623675.0,1180690.0,371179.0,115.0,1
52253.0,84731.0,1508.0,3522.0,16,155,197,160,68904.0,66091.0,41148.0,51755.0,115.0,0
45225.0,67848.0,12513.0,19078.0,783,266,0,90,59085.0,51651.0,52146.0,42752.0,115.0,0
11551.0,18643.0,2101.0,4058.0,4339,4299,6353,6887,16678.0,17871.0,1459.0,2562.0,115.1,2
10334.0,18865.0,1538.0,3393.0,2911,3166,4546,4759,13426.0,14737.0,997.0,2520.0,115.1,2
20939.0,39534.0,6756.0,13135.0,370,252,194,114,37164.0,34382.0,21095.0,24366.0,115.1,0
25864.0,51630.0,6028.0,9792.0,236,99,147,97,38885.0,35879.0,25073.0,23767.0,115.1,0
5948.0,13882.0,2423.0,4554.0,4877,5614,6929,7516,17098.0,17399.0,1606.0,2897.0,115.1,2
20170.0,39355.0,4057.0,8088.0,317,324,1,31,23948.0,25524.0,6575.0,15132.0,115.2,0
4561.0,12637.0,2052.0,4689.0,6965,8448,6892,8419,15577.0,17975.0,1050.0,1776.0,115.2,2
2764.0,8819.0,925.0,2766.0,1822,2445,2585,3420,6435.0,8335.0,287.0,652.0,115.2,2
46954.0,62844.0,9221.0,15499.0,119,158,332,154,42391.0,40202.0,22247.0,29965.0,115.2,0
1755.0,4196.0,104.0,1473.0,131,96,251,222,2262.0,4522.0,13414.0,14431.0,115.2,0
13512.0,24315.0,1879.0,4416.0,188,169,247,146,23371.0,24879.0,3227.0,6597.0,115.2,0
4159.0,13069.0,2784.0,6818.0,2512,3064,3418,4570,9490.0,12636.0,9.0,686.0,115.2,2
37119.0,59149.0,1412.0,2962.0,267,184,156,155,43889.0,42044.0,21291.0,31071.0,115.3,0
38300.0,56381.0,9085.0,13570.0,0,35,0,44,40788.0,35725.0,36980.0,29528.0,115.3,0
5164.0,11978.0,1601.0,3469.0,3662,4110,4447,4854,9261.0,9464.0,1296.0,1629.0,115.3,2
113098.0,180042.0,7070.0,10612.0,272,261,73,150,150786.0,123845.0,46699.0,47810.0,115.3,0
2278.0,5342.0,496.0,1595.0,3043,4412,2995,4177,6708.0,8497.0,1903.0,1371.0,115.5,2
43772.0,66409.0,15400.0,23281.0,0,11,0,66,51944.0,47753.0,18697.0,31854.0,115.6,0
2879.0,14176.0,2466.0,7949.0,2953,5249,3589,6702,8495.0,15289.0,851.0,1916.0,115.6,2
16238.0,28555.0,6814.0,12541.0,88,150,13,0,25225.0,25245.0,4878.0,10370.0,115.8,-1
7503.0,18940.0,729.0,2208.0,4924,5969,6049,6923,11667.0,13411.0,1381.0,2926.0,115.8,2
2984.0,12700.0,933.0,2652.0,1934,3226,2467,4545,5946.0,10697.0,1000.0,1354.0,115.9,2
5491.0,10911.0,1354.0,3620.0,4061,4611,5398,5927,11861.0,12697.0,934.0,2349.0,115.9,2
5518.0,14096.0,1843.0,4894.0,5473,6453,6636,7361,15537.0,17976.0,1935.0,2999.0,116.0,2
61039.0,82778.0,7173.0,9725.0,222,165,241,114,62819.0,55283.0,51868.0,45528.0,116.1,0
53315.0,79878.0,6982.0,10034.0,0,43,276,120,46815.0,43089.0,24050.0,38204.0,116.1,0
5570.0,9997.0,2427.0,4755.0,2461,2440,2973,3021,8296.0,9439.0,408.0,1342.0,116.2,2
623.0,2373.0,4878.0,17752.0,146,15,190,105,5988.0,11318.0,7016.0,9929.0,116.3,0
1570650.0,968315.0,3477530.0,2807210.0,5839,2863,1504,743,1898400.0,1181260.0,1286310.0,744189.0,116.3,1
26803.0,46948.0,6550.0,11374.0,13,0,155,40,25473.0,23458.0,11225.0,18160.0,116.3,0
164548.0,229840.0,14307.0,22146.0,164,213,39,52,248263.0,216593.0,119261.0,106126.0,116.4,3
3875.0,7028.0,3064.0,5311.0,2935,2977,3531,3562,8887.0,8630.0,1070.0,1306.0,116.4,2
22072.0,30550.0,12457.0,20157.0,209,117,332,130,29154.0,27923.0,19965.0,22670.0,116.5,0
46335.0,76003.0,6291.0,9346.0,186,146,156,104,52554.0,52162.0,14678.0,33305.0,116.5,0
3658.0,9981.0,1532.0,4643.0,2253,2485,3086,3646,7989.0,9757.0,775.0,1321.0,116.6,2
25163.0,34340.0,5968.0,9557.0,165,150,156,61,29916.0,28624.0,11598.0,21857.0,116.7,0
5736.0,12817.0,2162.0,4104.0,3985,4489,4772,5437,12918.0,14027.0,827.0,1493.0,116.8,2
2972.0,10809.0,1668.0,3485.0,2246,2993,2939,3587,7949.0,10589.0,448.0,989.0,116.8,2
78620.0,114494.0,12223.0,19711.0,191,138,0,45,130470.0,110446.0,45800.0,52466.0,116.8,0
6124.0,19975.0,1601.0,4957.0,3521,3935,4445,4998,11532.0,12715.0,2429.0,2164.0,116.9,2
6016.0,13854.0,2629.0,5008.0,9924,10230,11011,11147,21832.0,21097.0,3592.0,3763.0,116.9,2
25722.0,33924.0,4734.0,6887.0,580,394,267,102,28847.0,26069.0,16801.0,19709.0,116.9,0
39349.0,51186.0,7204.0,10072.0,0,135,0,22,31343.0,29253.0,27291.0,21275.0,117.0,0
5795.0,13177.0,1326.0,2308.0,6827,7250,7884,8364,17310.0,17473.0,758.0,3791.0,117.0,2
24437.0,34571.0,7681.0,13842.0,363,186,310,164,32850.0,31682.0,18507.0,23399.0,117.1,0
1402.0,9176.0,0.0,527.0,578,1950,677,2140,1757.0,6361.0,564.0,1055.0,117.1,2
18229.0,29828.0,2011.0,4534.0,4499,4584,6572,6972,18774.0,19700.0,4585.0,4164.0,117.1,2
1292.0,3583.0,1103.0,3472.0,2770,3740,3136,4273,7743.0,9985.0,0.0,1198.0,117.1,2
19247.0,35094.0,8011.0,12589.0,357,207,172,113,25718.0,25953.0,19366.0,24408.0,117.2,0
3316.0,11359.0,1249.0,4267.0,3605,4851,4352,5837,9946.0,13478.0,410.0,1488.0,117.2,2
6860.0,15585.0,1481.0,3340.0,3638,4024,4741,5405,9816.0,11288.0,250.0,598.0,117.2,2
2128.0,9590.0,1139.0,4016.0,2259,3202,3210,4588,6984.0,9889.0,632.0,1414.0,117.3,2
2328.0,6980.0,1045.0,3154.0,2824,3237,3886,4712,10458.0,12739.0,1315.0,1806.0,117.3,2
32776.0,56289.0,4660.0,5039.0,346,218,311,136,40720.0,37252.0,16449.0,30678.0,117.3,0
53841.0,76721.0,5745.0,8624.0,308,225,0,39,60185.0,54323.0,50705.0,44629.0,117.4,0
6555.0,11301.0,324.0,3031.0,1315,2814,1444,3119,4003.0,7791.0,2433.0,1722.0,117.4,2
1421.0,6643.0,0.0,90.0,689,1936,923,2758,2510.0,6113.0,279.0,815.0,117.4,2
3817.0,9429.0,662.0,2337.0,4871,4697,5426,5754,14516.0,15585.0,0.0,1008.0,117.4,2
25905.0,38528.0,3421.0,4561.0,83,117,179,164,30067.0,29767.0,11532.0,19664.0,117.4,0
5595.0,11206.0,2463.0,4105.0,1682,1775,2206,2135,5271.0,5381.0,171.0,888.0,117.4,2
5743.0,9959.0,387.0,2369.0,928,1338,443,1583,2614.0,4629.0,2008.0,1709.0,117.4,2
1345.0,8061.0,815.0,3081.0,1154,1847,1529,2528,4178.0,7035.0,60.0,181.0,117.4,2
30993.0,39883.0,8196.0,14770.0,85,113,436,249,47460.0,43362.0,43651.0,36552.0,117.5,0
45022.0,58973.0,10829.0,16736.0,445,285,19,184,42277.0,37458.0,30757.0,34161.0,117.5,0
29857.0,53149.0,5400.0,9439.0,290,171,197,160,35868.0,34417.0,11295.0,22696.0,117.6,0
9058.0,26002.0,4885.0,7376.0,1284,1434,3779,3583,8566.0,8185.0,3625.0,3180.0,117.6,2
24520.0,43591.0,3869.0,5530.0,357,183,0,75,32801.0,31714.0,10240.0,17351.0,117.7,0
8938.0,11762.0,2878.0,6087.0,2509,2313,3712,4059,10393.0,11181.0,2529.0,1923.0,117.7,2
4740.0,13364.0,1198.0,3707.0,2694,3555,3509,4456,8468.0,10732.0,1400.0,2086.0,117.7,2
1186.0,4683.0,1053.0,4516.0,1914,4073,2762,5541,5999.0,13061.0,889.0,1864.0,117.8,2
40861.0,59382.0,23849.0,37968.0,442,133,621,221,37561.0,34500.0,27030.0,24402.0,117.8,0
10872.0,18752.0,2808.0,4216.0,4538,4539,5537,5576,17159.0,16883.0,4083.0,4934.0,117.8,2
12498.0,24194.0,3790.0,7234.0,8110,8587,10182,10664,24516.0,25152.0,1201.0,1795.0,117.8,2
9206.0,20698.0,1900.0,2827.0,4323,4855,5048,5629,13592.0,15012.0,3374.0,3652.0,117.8,2
3899.0,11086.0,825.0,1709.0,813,2640,1066,3180,2306.0,7668.0,693.0,2126.0,117.8,2
3698.0,9296.0,1541.0,2707.0,2847,2791,3939,4066,8779.0,8658.0,294.0,1179.0,117.9,2
5741.0,13228.0,1641.0,4890.0,3306,3424,4646,4992,12384.0,12517.0,1196.0,2135.0,118.1,2
17001.0,22798.0,2415.0,5197.0,6981,6888,10237,10304,27996.0,27551.0,3146.0,4860.0,118.1,2
28590.0,46626.0,7968.0,15017.0,554,229,26,38,40026.0,40604.0,10076.0,25897.0,118.1,0
2763.0,10953.0,1193.0,6261.0,3304,7330,3588,9181,7944.0,17675.0,3823.0,3898.0,118.1,2
34568.0,46955.0,5618.0,8846.0,406,160,114,119,34997.0,32937.0,30961.0,24086.0,118.2,0
53459.0,85338.0,6799.0,11849.0,197,111,83,93,77674.0,70508.0,66576.0,54751.0,118.2,0
11067.0,21332.0,2887.0,5421.0,1760,1904,3152,3236,8104.0,8561.0,1582.0,2088.0,118.2,2
45536.0,66593.0,11869.0,19022.0,0,62,93,79,58256.0,50878.0,30247.0,36454.0,118.3,0
19788.0,32269.0,4555.0,7392.0,420,260,160,49,27386.0,25744.0,14751.0,18302.0,118.4,0
4887.0,13826.0,2962.0,6342.0,4375,5137,5051,5967,11156.0,13154.0,304.0,422.0,118.4,2
846.0,5224.0,556.0,3984.0,2313,4226,2893,5380,7290.0,13975.0,114.0,1350.0,118.4,2
12345.0,24371.0,5891.0,6745.0,3509,3258,5233,5346,16701.0,17042.0,2658.0,4135.0,118.5,2
16606.0,35377.0,1340.0,2969.0,5956,6982,8835,9153,24547.0,24658.0,1346.0,4425.0,118.5,2
36069.0,54557.0,4902.0,5573.0,441,211,0,0,33170.0,30902.0,26101.0,24168.0,118.6,-1
32260.0,52810.0,3069.0,5236.0,236,61,301,114,31594.0,27290.0,22645.0,22408.0,118.7,0
5161.0,10318.0,3070.0,4738.0,4224,4219,5331,5487,16133.0,16672.0,1685.0,1624.0,118.7,2
7603.0,16310.0,3908.0,6916.0,167,111,125,39,16570.0,17234.0,5468.0,11141.0,118.7,0
61506.0,83820.0,7837.0,13168.0,186,250,0,77,39583.0,37034.0,26773.0,26713.0,118.7,0
130406.0,177450.0,5262.0,8960.0,366,219,131,90,173301.0,152502.0,63318.0,63907.0,118.8,0
336703.0,458691.0,45826.0,66024.0,1719,1059,86,154,464696.0,396488.0,168014.0,153216.0,118.8,3
72617.0,100123.0,4686.0,8431.0,447,221,65,169,63055.0,60581.0,41889.0,43599.0,118.8,0
8448.0,12770.0,1023.0,1666.0,3901,3949,4691,4373,13228.0,12358.0,883.0,1182.0,118.9,2
5677.0,23692.0,4366.0,9870.0,2615,4571,4060,6605,11180.0,19302.0,1105.0,4826.0,118.9,2
2035.0,8562.0,1761.0,7737.0,1185,3423,1789,5175,4925.0,15075.0,393.0,1266.0,118.9,2
24350.0,38902.0,4670.0,4828.0,294,259,122,110,30749.0,30013.0,9442.0,18509.0,119.0,0
13149.0,26172.0,7467.0,14649.0,183,143,203,80,23279.0,23901.0,8928.0,17101.0,119.1,0
12660.0,23876.0,320.0,2548.0,3297,3259,4264,4526,12640.0,12776.0,3799.0,3249.0,119.1,2
3083.0,9718.0,1182.0,3535.0,4175,5566,4706,6637,10958.0,15941.0,982.0,1331.0,119.2,2
3349.0,12065.0,866.0,2993.0,1126,2303,1198,2582,3260.0,6292.0,238.0,627.0,119.4,2
4244.0,10352.0,1562.0,3776.0,2752,3125,3620,4304,9285.0,10861.0,1216.0,2265.0,119.5,2
2559.0,15985.0,528.0,1994.0,2030,3647,2656,4933,6910.0,12928.0,377.0,590.0,119.5,2
2067.0,12490.0,738.0,3316.0,822,2385,880,2895,2022.0,6908.0,72.0,158.0,119.5,2
30859.0,39351.0,6045.0,7349.0,279,138,490,215,32193.0,28633.0,26312.0,20349.0,119.5,0
4449.0,9867.0,2693.0,4674.0,2299,2440,3150,3420,9424.0,10761.0,0.0,957.0,119.5,2
31761.0,40111.0,9293.0,13951.0,210,256,139,112,38244.0,34379.0,27785.0,27557.0,119.5,0
18140.0,32408.0,10656.0,12041.0,10539,10913,12868,12772,28814.0,27933.0,1614.0,4235.0,119.6,2
63798.0,86891.0,105461.0,162065.0,3908,4004,5426,5431,16583.0,16546.0,4536.0,3789.0,119.6,3
10218.0,13667.0,2229.0,2443.0,3869,4145,5711,5562,15977.0,15116.0,2490.0,3155.0,119.6,2
39338.0,64645.0,6577.0,10596.0,0,39,0,43,54001.0,46367.0,20730.0,30797.0,119.6,0
1626.0,5381.0,1218.0,3319.0,1365,1666,1903,2660,6601.0,8906.0,785.0,999.0,119.6,2
131494.0,180479.0,8855.0,14708.0,471,271,0,21,246428.0,209262.0,63217.0,74954.0,119.7,0
3594.0,13644.0,1740.0,3843.0,2413,2744,2571,2706,6469.0,7289.0,451.0,887.0,119.7,2
5488.0,11830.0,3845.0,6885.0,4511,4849,6137,6659,15428.0,15509.0,816.0,1210.0,119.7,2
4010.0,8285.0,484.0,1563.0,2872,3199,3133,3403,8795.0,9386.0,942.0,892.0,119.7,2
25196.0,47373.0,1170.0,2961.0,6850,6804,9391,9843,28289.0,29277.0,2760.0,7645.0,119.7,2
44066.0,66975.0,3887.0,5811.0,508,293,0,70,63266.0,62284.0,50237.0,41542.0,119.8,0
4281.0,9581.0,511.0,1472.0,2746,3329,3575,4360,7268.0,8623.0,519.0,655.0,119.8,2
19818.0,30597.0,5295.0,8330.0,322,274,24,76,34054.0,32589.0,13598.0,22520.0,119.9,0
7523.0,15341.0,1591.0,3165.0,7253,8166,7710,8609,16697.0,17760.0,3115.0,3339.0,119.9,2
6981.0,15366.0,1165.0,3445.0,2598,3023,3541,3806,8089.0,8438.0,1156.0,1258.0,119.9,2
584023.0,792933.0,131251.0,187073.0,1097,1004,320,138,347319.0,317276.0,179190.0,187703.0,120.0,3
1358.0,5401.0,990.0,4093.0,834,2619,938,2958,2561.0,6742.0,1228.0,1529.0,120.0,2
16676.0,20713.0,3328.0,7814.0,4233,4037,5034,5309,13771.0,13526.0,1640.0,2124.0,120.0,2
14338.0,13098.0,3409.0,5019.0,2560,2453,3522,3377,9800.0,9115.0,3650.0,2691.0,120.1,2
13041.0,22018.0,2557.0,4288.0,0,156,39,4,26136.0,24538.0,12771.0,17910.0,120.1,0
57023.0,77026.0,12863.0,18816.0,357,207,90,118,66430.0,62026.0,37270.0,40802.0,120.2,0
55515.0,88117.0,6392.0,9190.0,122,94,425,230,47391.0,42775.0,36673.0,31231.0,120.2,0
274191.0,382975.0,56344.0,82698.0,1206,1031,52,137,361772.0,301616.0,102286.0,102442.0,120.2,3
4988.0,17876.0,1134.0,3170.0,2597,2840,3987,4608,11251.0,11986.0,843.0,1865.0,120.3,2
820.0,4087.0,0.0,853.0,61,0,159,48,5181.0,11520.0,5492.0,7793.0,120.4,0
8286.0,11545.0,1728.0,3683.0,0,21,177,120,62776.0,31825.0,14483.0,10389.0,120.4,0
1770.0,6494.0,283.0,1613.0,195,141,225,151,6344.0,10211.0,37842.0,73857.0,120.4,0
602826.0,502731.0,147855.0,160960.0,2624,2142,597,467,3076950.0,1882800.0,1633300.0,1012450.0,120.4,1
8073.0,17742.0,2337.0,3218.0,1698,1970,4690,5056,13438.0,14817.0,2800.0,4573.0,120.4,2
6729.0,15088.0,1462.0,4523.0,5102,5859,6494,7557,17536.0,19638.0,1699.0,1945.0,120.4,2
6948.0,17934.0,1845.0,4094.0,2240,2348,2931,3117,7980.0,8528.0,641.0,909.0,120.5,2
4784.0,20233.0,2308.0,5611.0,2222,2492,3734,4481,10204.0,12640.0,197.0,1212.0,120.5,2
2916.0,16905.0,1230.0,4736.0,1218,1987,1785,3098,4453.0,7728.0,301.0,1118.0,120.5,2
105046.0,164001.0,9089.0,14765.0,497,322,169,111,222027.0,190468.0,72212.0,83668.0,120.5,0
15581.0,24379.0,10477.0,19142.0,209,65,103,34,22685.0,20596.0,12090.0,15635.0,120.6,0
5229.0,15043.0,1467.0,3288.0,5452,6132,6728,7551,17234.0,18675.0,0.0,2312.0,120.6,2
67987.0,110837.0,8567.0,11645.0,240,209,121,126,86571.0,80515.0,51413.0,64118.0,120.7,0
17518.0,31897.0,1670.0,4300.0,5597,5968,9473,9643,21773.0,21902.0,4223.0,3420.0,120.7,2
9213.0,15504.0,1538.0,2758.0,3545,3287,4965,4719,15463.0,13308.0,2701.0,3103.0,120.7,2
212018.0,297129.0,37123.0,56996.0,269,417,0,61,229062.0,196800.0,126285.0,90501.0,120.7,0
36262.0,50600.0,7911.0,11512.0,542,223,357,140,67089.0,62866.0,48587.0,45312.0,120.8,0
29701.0,43220.0,6670.0,11632.0,364,190,228,122,44759.0,42586.0,34364.0,31640.0,120.8,0
25712.0,37656.0,4572.0,6974.0,0,43,285,143,31630.0,29577.0,14635.0,22534.0,120.8,0
102373.0,160778.0,7199.0,11641.0,157,394,0,0,168141.0,136855.0,56955.0,50056.0,120.9,-1
1780.0,7568.0,1572.0,8513.0,750,1787,690,1809,1662.0,5298.0,903.0,1608.0,121.0,2
1910.0,11725.0,2300.0,9787.0,2174,3933,2538,4661,6514.0,12028.0,231.0,426.0,121.0,2
5603.0,12480.0,1903.0,4462.0,3560,3580,5238,5396,15058.0,15409.0,1248.0,2467.0,121.1,2
43832.0,74271.0,14130.0,17562.0,444,170,58,95,40899.0,36614.0,22714.0,26858.0,121.1,0
2826.0,6819.0,199.0,1726.0,325,256,185,78,3143.0,4065.0,1523.0,2218.0,121.1,0
7298.0,14580.0,1641.0,3412.0,293,324,174,78,9976.0,7321.0,1638.0,1248.0,121.1,0
787.0,3330.0,0.0,1433.0,314,296,74,0,1201.0,4072.0,10568.0,17796.0,121.1,-1
1966.0,11459.0,1342.0,7876.0,213,137,156,62,2086.0,5322.0,41200.0,71354.0,121.1,0
707577.0,822595.0,612574.0,696376.0,2392,1222,358,196,548909.0,470217.0,291062.0,259484.0,121.1,1
349586.0,496323.0,47031.0,66559.0,811,404,0,59,228855.0,193616.0,143698.0,106131.0,121.1,3
20427.0,28523.0,5460.0,8266.0,7059,7228,8772,9313,22949.0,22691.0,1772.0,4325.0,121.2,2
16663.0,26195.0,3747.0,5590.0,3482,3358,4794,5104,12976.0,14213.0,3569.0,3436.0,121.2,2
15998.0,23092.0,1275.0,3271.0,9600,9741,11411,11468,17367.0,17243.0,3323.0,5022.0,121.2,2
1816.0,6688.0,810.0,2550.0,1220,1914,1696,3085,4508.0,7913.0,424.0,1337.0,121.3,2
34611.0,47599.0,5132.0,7227.0,0,112,421,253,43144.0,41420.0,12973.0,25277.0,121.3,0
192223.0,296923.0,74764.0,114794.0,252,167,125,120,105941.0,92790.0,50699.0,45375.0,121.3,3
5426.0,15707.0,2195.0,4881.0,1522,2065,1877,2783,4778.0,6477.0,624.0,1016.0,121.7,2
41655.0,58630.0,7959.0,11568.0,0,198,411,217,46763.0,42709.0,40434.0,39066.0,121.7,0
13856.0,29566.0,2370.0,6218.0,3117,3554,4439,4837,12299.0,13680.0,1030.0,1544.0,121.7,2
4917.0,15634.0,1618.0,4921.0,1846,2303,2367,2922,7619.0,9456.0,871.0,1175.0,121.8,2
30357.0,44262.0,6064.0,12949.0,281,248,225,117,30138.0,28306.0,30019.0,23273.0,121.8,0
11141.0,20235.0,0.0,1621.0,315,239,253,207,2519.0,5361.0,1001.0,1064.0,121.8,0
3177.0,8144.0,1464.0,2953.0,2871,3504,3453,3932,8533.0,10416.0,1602.0,2134.0,121.8,2
109778.0,163548.0,38861.0,59497.0,408,213,307,153,142312.0,122678.0,40575.0,52297.0,121.8,0
10521.0,21220.0,3680.0,6759.0,3775,3663,4927,5208,14793.0,15177.0,3370.0,4864.0,121.8,2
10677.0,21617.0,3439.0,6348.0,3321,3602,4611,4980,15166.0,16389.0,827.0,2891.0,121.8,2
610275.0,744532.0,303035.0,358724.0,1395,1261,359,123,219476.0,183407.0,112382.0,89855.0,121.9,3
97522.0,153361.0,5350.0,7754.0,50,222,200,78,160354.0,137671.0,68682.0,63127.0,121.9,0
169109.0,251926.0,16748.0,24952.0,662,489,292,198,121815.0,109750.0,76370.0,72431.0,121.9,0
26424.0,48576.0,5456.0,9418.0,109,89,117,102,37432.0,39463.0,10980.0,24043.0,121.9,0
1205.0,5853.0,221.0,1577.0,314,310,105,0,26042.0,41663.0,6354.0,8947.0,122.0,-1
2869.0,7227.0,710.0,1682.0,282,219,58,39,29470.0,30829.0,8413.0,6311.0,122.0,0
3023.0,10427.0,0.0,844.0,176,207,64,0,5346.0,5773.0,7884.0,9121.0,122.0,-1
3440.0,10150.0,976.0,2465.0,183,84,140,69,6909.0,7887.0,41112.0,44671.0,122.0,0
1033830.0,793429.0,201521.0,231204.0,5006,2581,1147,548,5762000.0,2912190.0,2619440.0,1422030.0,122.0,1
954.0,2452.0,393.0,2158.0,234,175,212,126,18166.0,19177.0,2555.0,3664.0,122.0,0
2409.0,12928.0,329.0,1389.0,200,138,109,0,8949.0,16011.0,2248.0,3379.0,122.0,-1
1690.0,8328.0,97.0,1112.0,233,142,232,153,3580.0,6708.0,3475.0,5513.0,122.0,0
621650.0,656511.0,77608.0,89922.0,2103,1781,595,319,1504320.0,1186360.0,1387210.0,886468.0,122.0,1
1565.0,6200.0,133.0,765.0,112,77,115,29,2979.0,5339.0,3498.0,6700.0,122.0,0
9441.0,15317.0,2554.0,4418.0,3063,3421,3989,3613,10647.0,10625.0,3534.0,2382.0,122.0,2
4146.0,18754.0,2571.0,5827.0,1619,1963,2272,2935,6110.0,9230.0,931.0,1911.0,122.1,2
1588.0,4709.0,660.0,4109.0,348,797,523,1274,1370.0,4037.0,0.0,88.0,122.1,2
41987.0,57181.0,4099.0,5672.0,648,273,96,68,40243.0,39682.0,38070.0,28902.0,122.1,0
8688.0,16255.0,3647.0,5029.0,9550,9164,11908,12125,27151.0,25727.0,3215.0,3344.0,122.2,2
10114.0,16393.0,2645.0,4773.0,6368,6319,8259,7910,24763.0,22422.0,4074.0,3124.0,122.3,2
19073.0,31727.0,2180.0,4374.0,15820,16672,16094,17102,27491.0,27896.0,3571.0,4245.0,122.3,1
44742.0,74910.0,8756.0,15690.0,173,127,225,177,49626.0,46994.0,14950.0,31499.0,122.3,0
18330.0,25908.0,3052.0,4451.0,2066,1679,3664,4035,9811.0,9019.0,2947.0,3437.0,122.3,2
3677.0,13213.0,4303.0,10919.0,189,57,73,28,4811.0,6764.0,1384.0,1535.0,122.4,0
1025020.0,900858.0,3232440.0,3601730.0,4079,2518,4441,3608,497605.0,391469.0,208602.0,193859.0,122.4,1
927.0,6141.0,1847.0,9427.0,2564,4760,2979,5637,7094.0,13463.0,0.0,0.0,122.4,2
14550.0,22676.0,2712.0,5179.0,9212,9640,10842,11454,24021.0,23382.0,2579.0,3200.0,122.4,2
45965.0,71869.0,4536.0,8109.0,384,181,146,104,53060.0,52178.0,15170.0,28012.0,122.4,0
3350.0,8097.0,866.0,2488.0,2349,2407,3263,3077,7619.0,7545.0,916.0,1409.0,122.5,2
31263.0,48450.0,12281.0,20295.0,195,143,121,92,47740.0,44717.0,23276.0,31336.0,122.5,0
5403.0,14644.0,514.0,2300.0,3671,5117,4567,6125,11921.0,15324.0,291.0,368.0,122.6,2
6129.0,14772.0,470.0,1928.0,2631,3286,4098,4579,11815.0,13670.0,2462.0,2511.0,122.7,2
97759.0,151256.0,11231.0,17746.0,499,256,11,51,86375.0,76226.0,60713.0,65947.0,122.7,0
11863.0,19053.0,1223.0,3062.0,13709,13785,16943,17131,35917.0,35689.0,2505.0,3617.0,122.8,2
16343.0,15104.0,382.0,4101.0,5043,4771,6675,7116,19316.0,19097.0,711.0,3186.0,122.8,2
4638.0,8925.0,1853.0,3962.0,11834,12582,14039,15341,32178.0,30133.0,5095.0,9073.0,122.8,2
2742.0,8889.0,1153.0,3109.0,2096,2255,3229,3681,7421.0,8032.0,661.0,1199.0,122.9,2
56708.0,91928.0,5764.0,9249.0,370,319,266,113,48363.0,43545.0,42067.0,37546.0,122.9,0
12830.0,24318.0,3002.0,6535.0,2308,2164,5194,5406,13464.0,13819.0,3225.0,4323.0,122.9,2
50813.0,90389.0,6335.0,8677.0,131,238,228,92,55287.0,53241.0,32009.0,47793.0,123.0,0
3479.0,7306.0,430.0,1569.0,2941,3138,4062,4431,9884.0,9671.0,202.0,1807.0,123.0,2
43286.0,77531.0,2461.0,5938.0,320,364,273,148,56256.0,55517.0,27317.0,46109.0,123.1,0
29042.0,32273.0,9058.0,13824.0,82,206,93,102,27490.0,26432.0,25444.0,20567.0,123.1,0
8763.0,16968.0,1548.0,5314.0,0,1,0,8,4015.0,4483.0,4382.0,2284.0,123.2,0
3081.0,12186.0,2775.0,8066.0,64,0,70,32,7086.0,7431.0,2125.0,2951.0,123.2,0
1006750.0,883063.0,1780640.0,1934890.0,2334,1490,981,597,623511.0,393913.0,335937.0,195224.0,123.2,1
21068.0,26938.0,1241.0,2676.0,206,118,4,21,19208.0,18395.0,13623.0,14215.0,123.2,0
4463.0,8966.0,2761.0,4701.0,3075,3064,4352,4455,13646.0,13523.0,1801.0,2418.0,123.2,2
1675.0,5566.0,377.0,3055.0,1661,2177,1997,2725,6891.0,8440.0,1363.0,1678.0,123.2,2
12779.0,22053.0,3668.0,5493.0,3620,4180,4906,4797,16034.0,15818.0,3023.0,2978.0,123.3,2
3461.0,18782.0,1019.0,4650.0,2619,4248,3766,6037,9055.0,14755.0,141.0,55.0,123.3,2
6195.0,14675.0,2042.0,3650.0,2154,2348,3169,3636,8496.0,8717.0,1591.0,3376.0,123.4,2
29496.0,44150.0,15279.0,22820.0,194,223,0,24,28844.0,27278.0,23945.0,20845.0,123.4,0
8928.0,22849.0,1567.0,3438.0,5996,6327,6961,7273,17287.0,18460.0,2569.0,4062.0,123.4,2
10880.0,21718.0,2514.0,5617.0,3807,4064,5145,5262,14377.0,14714.0,483.0,2798.0,123.4,2
18326.0,24738.0,1785.0,2880.0,3241,3075,4757,4832,14080.0,14016.0,6242.0,4732.0,123.4,2
33425.0,57479.0,15754.0,25114.0,647,462,301,183,56214.0,51122.0,39373.0,39411.0,123.4,0
14025.0,28992.0,5661.0,10528.0,0,25,158,66,19945.0,20385.0,5264.0,11283.0,123.4,0
7556.0,19722.0,2284.0,3623.0,3841,4146,4631,5176,12933.0,14265.0,2056.0,2476.0,123.4,2
1883.0,7452.0,1783.0,6778.0,823,2386,1132,3091,2856.0,9090.0,1515.0,2157.0,123.5,2
1628.0,9494.0,1409.0,6575.0,1718,3837,2530,5271,6691.0,15148.0,322.0,1377.0,123.5,2
34521.0,71323.0,9150.0,16347.0,284,166,209,125,45222.0,42805.0,17747.0,35579.0,123.5,0
102364.0,171247.0,12843.0,20283.0,127,211,136,150,157429.0,134322.0,52467.0,50262.0,123.5,0
2905.0,11429.0,2104.0,5533.0,1493,1736,3152,4094,8117.0,10677.0,941.0,1740.0,123.5,2
2106500.0,1652570.0,391703.0,355735.0,2425,1587,229,282,118749.0,108050.0,92477.0,76380.0,123.5,1
31496.0,46246.0,611.0,2605.0,266,127,218,113,39684.0,37552.0,8831.0,23515.0,123.6,0
22856.0,41605.0,4430.0,8963.0,0,116,70,119,32282.0,29154.0,25239.0,23983.0,123.6,0
39202.0,61472.0,4234.0,6309.0,91,156,424,220,53640.0,50509.0,28062.0,40192.0,123.7,0
4087.0,12955.0,1481.0,3900.0,5505,8960,5692,9444,11242.0,17078.0,1809.0,2405.0,123.7,2
1466.0,6793.0,549.0,2653.0,1597,5498,1906,6512,3135.0,10656.0,164.0,401.0,123.7,2
11794.0,19976.0,1606.0,5459.0,3330,3588,5399,5711,15580.0,16066.0,1453.0,4324.0,123.7,2
13415.0,29784.0,2684.0,7310.0,6787,7316,9525,9927,22180.0,21515.0,1898.0,3573.0,123.8,2
1984.0,6549.0,283.0,1436.0,574,1157,662,1588,1515.0,4091.0,1421.0,1829.0,123.8,2
2818.0,15317.0,288.0,1288.0,1791,2664,2339,3580,5775.0,8764.0,0.0,147.0,123.8,2
13882.0,22651.0,2626.0,5490.0,4216,4319,5044,5419,14154.0,15097.0,4329.0,3080.0,123.9,2
166065.0,262211.0,24960.0,38261.0,456,276,228,127,148632.0,128439.0,36154.0,60243.0,123.9,0
62607.0,88175.0,9449.0,17278.0,296,297,332,176,84196.0,80452.0,54940.0,60430.0,123.9,0
43267.0,71601.0,17273.0,28698.0,620,250,0,0,67299.0,61118.0,50451.0,44258.0,124.0,-1
5480.0,11292.0,2998.0,5048.0,1772,2438,2830,3917,8220.0,12550.0,2766.0,2078.0,124.1,2
3038.0,7466.0,1625.0,3666.0,1576,1937,2176,2749,6216.0,7801.0,705.0,765.0,124.1,2
36792.0,52987.0,7245.0,9054.0,596,234,73,192,43550.0,40946.0,26559.0,25313.0,124.2,0
4995.0,11144.0,1151.0,3820.0,2467,2861,3314,4195,8474.0,10315.0,1372.0,2645.0,124.2,2
26979.0,36416.0,5135.0,8690.0,213,154,387,268,28671.0,26721.0,16361.0,20110.0,124.2,0
22835.0,37504.0,2621.0,5221.0,3858,3580,5565,5318,16974.0,17165.0,2088.0,3233.0,124.2,2
7361.0,17408.0,825.0,1953.0,3409,3630,4018,4598,8958.0,9381.0,0.0,353.0,124.2,2
22667.0,37814.0,499.0,2999.0,3065,2984,4388,4197,12833.0,13293.0,3984.0,3481.0,124.2,2
48604.0,82661.0,5434.0,8659.0,466,191,316,171,56019.0,51865.0,28783.0,35557.0,124.2,0
3896.0,11036.0,7343.0,12143.0,145,95,235,106,8657.0,7194.0,2306.0,2211.0,124.3,0
1527250.0,1568570.0,1771840.0,1940860.0,3132,2142,1044,500,451913.0,373386.0,200752.0,159951.0,124.3,1
6147.0,12558.0,1050.0,3290.0,7384,8504,7246,7459,16506.0,16441.0,1658.0,2200.0,124.3,2
4065.0,14326.0,1445.0,5731.0,2115,2563,2915,3561,7310.0,8645.0,0.0,2054.0,124.3,2
5161.0,9707.0,849.0,4347.0,1801,4239,2063,4385,4867.0,10073.0,1915.0,1629.0,124.3,2
126545.0,194718.0,22249.0,33526.0,411,236,64,102,118011.0,103534.0,44280.0,46231.0,124.3,0
63803.0,103678.0,7350.0,12357.0,222,178,81,133,65960.0,64296.0,35642.0,48972.0,124.3,0
54312.0,66881.0,13061.0,15886.0,471,315,0,89,54273.0,46009.0,31287.0,38595.0,124.4,0
52120.0,67320.0,16188.0,26706.0,450,298,291,178,61758.0,60451.0,36449.0,43340.0,124.4,0
10472.0,22296.0,1287.0,2074.0,6709,7210,9866,10027,23680.0,24442.0,2102.0,4349.0,124.4,2
12912.0,16226.0,1107.0,3269.0,4459,5696,5816,7762,13966.0,17501.0,3896.0,2278.0,124.4,2
239424.0,368668.0,74570.0,100714.0,657,497,0,117,248377.0,216638.0,88637.0,107256.0,124.5,3
5616.0,16542.0,2679.0,6253.0,5819,6094,6687,7366,17949.0,19536.0,769.0,2548.0,124.5,2
1324.0,8110.0,48.0,3620.0,710,2029,917,2684,2257.0,7524.0,1971.0,3572.0,124.5,2
9165.0,15941.0,1139.0,5161.0,2512,3281,3496,4585,8378.0,11795.0,674.0,1027.0,124.5,2
8577.0,21595.0,2380.0,5200.0,2346,2715,3305,4174,9730.0,12489.0,1771.0,2932.0,124.5,2
1662.0,6159.0,1907.0,6087.0,1822,2597,2348,3245,5700.0,7932.0,632.0,1047.0,124.5,2
6636.0,11435.0,2943.0,5030.0,4387,4408,5579,5755,14142.0,14137.0,249.0,2460.0,124.5,2
19645.0,31940.0,7163.0,12500.0,177,86,283,221,23947.0,23711.0,9072.0,13993.0,124.6,0
6799.0,22977.0,2068.0,4636.0,151,65,43,52,16662.0,16953.0,8033.0,11351.0,124.6,0
8435.0,22743.0,1582.0,4490.0,3730,4003,4798,5240,13481.0,13790.0,1447.0,1786.0,124.6,2
1808.0,5526.0,2772.0,5181.0,1622,1856,2272,2691,6230.0,7569.0,538.0,1460.0,124.6,2
25004.0,33141.0,3043.0,4844.0,0,0,201,134,22433.0,21408.0,6470.0,12236.0,124.6,0
8681.0,20547.0,1843.0,3771.0,3167,3823,4912,5663,15003.0,18192.0,3972.0,4778.0,124.6,2
1841.0,9619.0,896.0,3309.0,4593,8902,5535,10742,12469.0,22397.0,1942.0,3573.0,124.6,2
65027.0,91986.0,11015.0,17079.0,209,240,0,155,52482.0,47464.0,55881.0,41428.0,124.6,0
5889.0,9878.0,2183.0,4761.0,3609,3558,4952,5150,12225.0,12535.0,2040.0,2729.0,124.7,2
5038.0,13489.0,1057.0,2985.0,2974,3381,4514,5048,10900.0,11925.0,1327.0,1547.0,124.7,2
13591.0,22661.0,1115.0,2826.0,8448,8897,10770,11485,25172.0,26707.0,3140.0,4474.0,124.8,2
5815.0,9059.0,1280.0,3063.0,6567,6770,7678,8016,16268.0,15147.0,770.0,1952.0,124.8,2
4287.0,13427.0,5192.0,11838.0,182,89,111,0,11300.0,15225.0,3507.0,7340.0,124.8,-1
1844.0,6884.0,1227.0,3943.0,1884,2525,2051,2615,5848.0,8074.0,0.0,0.0,124.8,2
6684.0,15301.0,1867.0,3636.0,2326,2211,3294,3647,8082.0,8900.0,1891.0,1925.0,124.9,2
165234.0,220335.0,9605.0,17163.0,660,248,573,206,179691.0,153840.0,95624.0,78926.0,124.9,0
87386.0,119256.0,4090.0,4339.0,334,181,0,81,59855.0,53563.0,55615.0,43430.0,124.9,0
231892.0,351046.0,18634.0,29074.0,414,270,251,164,61650.0,55498.0,28507.0,24611.0,125.0,3
6404.0,15889.0,2382.0,5550.0,5242,5884,5948,7092,15728.0,17827.0,2418.0,3099.0,125.0,2
24617.0,42991.0,3412.0,6472.0,188,93,177,109,34432.0,34171.0,10483.0,21806.0,125.0,0
4983.0,15681.0,1843.0,3873.0,2516,2660,3152,3448,9946.0,12025.0,2058.0,2305.0,125.0,2
3528.0,7985.0,0.0,694.0,776,1638,681,1324,1736.0,4936.0,3049.0,3516.0,125.0,2
19580.0,33624.0,1907.0,5539.0,6265,6246,6779,7683,18859.0,20825.0,0.0,1864.0,125.0,2
45423.0,81690.0,23976.0,40096.0,180,112,324,197,52334.0,49892.0,23363.0,36901.0,125.1,0
20053.0,29046.0,7588.0,13606.0,79,118,340,134,23554.0,23255.0,15616.0,17216.0,125.1,0
1651.0,6651.0,940.0,3207.0,1151,2260,1744,3253,4323.0,7393.0,0.0,833.0,125.1,2
12046.0,27011.0,1189.0,3137.0,5822,5706,7769,8027,21863.0,21220.0,2716.0,3380.0,125.1,2
3027.0,12647.0,1301.0,4381.0,2631,3200,3564,3938,8686.0,10157.0,855.0,1645.0,125.2,2
14587.0,29823.0,1604.0,2615.0,5715,6431,7262,7594,20430.0,21495.0,930.0,3810.0,125.2,2
15958.0,21103.0,1960.0,4309.0,5392,5368,7256,7249,20770.0,21113.0,3464.0,5300.0,125.3,2
24752.0,44554.0,9382.0,14603.0,257,227,0,0,50125.0,48792.0,28828.0,35501.0,125.3,-1
988.0,6325.0,386.0,2651.0,438,744,507,1334,1432.0,4071.0,1026.0,2385.0,125.3,2
2786.0,9840.0,1634.0,6291.0,162,47,119,78,19044.0,28877.0,5445.0,12819.0,125.3,0
14755.0,19923.0,4693.0,8767.0,5197,5015,6873,7169,18603.0,18780.0,2146.0,2860.0,125.4,2
1122.0,5224.0,1031.0,2513.0,5653,7526,6315,8085,12745.0,16565.0,83.0,1998.0,125.4,2
47604.0,64873.0,5614.0,9039.0,279,236,103,48,43232.0,45011.0,23789.0,35434.0,125.4,0
938.0,5815.0,231.0,1508.0,397,707,384,770,1543.0,4009.0,1765.0,3043.0,125.5,2
8228.0,19319.0,1362.0,3875.0,2592,2647,4412,4762,12464.0,13044.0,0.0,1579.0,125.5,2
26288.0,39789.0,2355.0,4185.0,530,270,59,108,35817.0,35033.0,28442.0,23982.0,125.6,0
51614.0,81029.0,4727.0,6481.0,155,159,0,122,47408.0,45193.0,47304.0,33995.0,125.6,0
487544.0,609201.0,381400.0,466593.0,952,976,894,298,238686.0,202944.0,132962.0,110797.0,125.6,3
6237.0,13044.0,1259.0,2211.0,1707,2283,2298,4182,5608.0,9385.0,1252.0,2046.0,125.6,2
36151.0,57989.0,34147.0,52758.0,282,155,272,105,42951.0,41641.0,26394.0,32349.0,125.6,0
207787.0,316873.0,63687.0,98993.0,647,362,538,205,137577.0,125826.0,61807.0,63872.0,125.6,3
16883.0,34162.0,8064.0,13891.0,191,86,59,19,23353.0,22239.0,8375.0,17028.0,125.8,0
197816.0,269310.0,4777.0,9171.0,750,344,260,102,226795.0,196955.0,83439.0,84840.0,125.8,0
39091.0,63824.0,9485.0,16863.0,195,113,100,116,45309.0,44459.0,16941.0,34736.0,125.9,0
534.0,2982.0,358.0,2340.0,782,2250,1093,3091,2750.0,8015.0,714.0,2517.0,126.0,2
50138.0,73148.0,20820.0,33354.0,762,339,0,0,66692.0,63709.0,48412.0,47204.0,126.0,-1
41167.0,70191.0,6086.0,9375.0,133,175,256,162,42780.0,40823.0,18878.0,28137.0,126.0,0
35444.0,60785.0,2337.0,4126.0,0,93,0,0,34957.0,33205.0,14440.0,24792.0,126.1,-1
31299.0,47067.0,8627.0,12757.0,2721,2405,5931,6303,16616.0,16310.0,5070.0,6313.0,126.2,3
4542.0,9874.0,1011.0,2881.0,2672,2455,3572,3648,10036.0,10177.0,1096.0,2168.0,126.2,2
1355.0,7509.0,169.0,680.0,188,81,43,0,2945.0,6507.0,2081.0,3795.0,126.2,-1
537947.0,678374.0,62443.0,95896.0,1230,1115,475,249,867485.0,722550.0,349616.0,279127.0,126.2,3
20091.0,32676.0,5328.0,9108.0,583,318,35,148,32081.0,30473.0,22486.0,24166.0,126.4,0
8746.0,27960.0,1910.0,3818.0,4079,4408,6327,6946,16030.0,16850.0,3051.0,4123.0,126.4,2
24476.0,40859.0,2233.0,2248.0,52,116,0,47,23612.0,21450.0,17133.0,20670.0,126.4,0
36874.0,49053.0,4792.0,6768.0,173,256,160,181,36951.0,34786.0,35460.0,28215.0,126.5,0
39382.0,53895.0,619.0,1849.0,0,115,169,68,44245.0,39346.0,31004.0,31410.0,126.5,0
2285.0,12790.0,545.0,2401.0,1137,2319,1978,3726,5123.0,9423.0,837.0,1346.0,126.5,2
8293.0,10636.0,3688.0,6168.0,2450,2531,2828,2824,7943.0,7146.0,925.0,1042.0,126.5,2
3350.0,11909.0,1587.0,4997.0,2127,2293,3156,4068,10136.0,12524.0,807.0,1490.0,126.5,2
7871.0,14170.0,1498.0,3118.0,2350,1906,3517,3434,8789.0,8071.0,1327.0,2282.0,126.5,2
125118.0,183600.0,19688.0,28097.0,2441,2598,4570,4276,47204.0,42236.0,39101.0,30497.0,126.6,3
20662.0,40054.0,13547.0,23407.0,305,139,273,146,27617.0,26625.0,15144.0,17953.0,126.6,0
60272.0,101143.0,7376.0,12549.0,580,271,30,37,39499.0,38508.0,31033.0,34237.0,126.7,0
23177.0,43549.0,16242.0,27551.0,393,185,256,116,27188.0,25547.0,15322.0,17911.0,126.7,0
11559.0,20311.0,1007.0,3725.0,5048,5458,7270,7865,19339.0,19882.0,1996.0,3239.0,126.8,2
76434.0,114502.0,8218.0,12755.0,186,132,237,181,68543.0,61508.0,64627.0,54543.0,126.8,0
35415.0,46548.0,4917.0,6085.0,345,163,431,164,30450.0,28407.0,24267.0,23279.0,126.9,0
525477.0,739432.0,39422.0,58733.0,2319,2101,16085,15747,230271.0,206041.0,147312.0,139330.0,126.9,3
3679.0,10669.0,0.0,1359.0,151,49,201,109,5687.0,6315.0,2490.0,2951.0,127.0,0
2304.0,8681.0,0.0,1416.0,154,53,133,43,7285.0,6512.0,1985.0,2621.0,127.0,0
1064.0,5678.0,0.0,0.0,182,91,32,0,4000.0,10038.0,44203.0,76997.0,127.0,-1
500446.0,636573.0,73502.0,108716.0,1332,998,130,117,893175.0,742832.0,323122.0,298583.0,127.0,3
1183.0,7822.0,0.0,221.0,218,149,62,0,1991.0,5525.0,659.0,1398.0,127.0,-1
1180.0,4424.0,0.0,106.0,188,229,225,117,3741.0,4250.0,1796.0,1984.0,127.0,0
20856.0,46107.0,5475.0,8379.0,162,130,26,0,26151.0,24735.0,11731.0,19564.0,127.0,-1
56079.0,87752.0,6248.0,8381.0,0,229,226,89,51566.0,47231.0,35432.0,43299.0,127.1,0
8279.0,27844.0,1246.0,3274.0,5540,6593,6523,6878,16687.0,17311.0,2850.0,2237.0,127.2,2
47774.0,84570.0,1711.0,3627.0,245,240,149,134,48351.0,45107.0,27565.0,40110.0,127.2,0
21584.0,39545.0,10158.0,18694.0,0,0,38,0,34457.0,33514.0,15167.0,27536.0,127.3,-1
94197.0,132415.0,4717.0,5960.0,327,268,96,152,97313.0,89641.0,105150.0,81123.0,127.4,0
7356.0,14358.0,2092.0,4442.0,3421,3690,4305,4925,10986.0,12209.0,0.0,102.0,127.4,2
1085.0,3176.0,0.0,2760.0,200,124,136,88,4979.0,6042.0,983.0,1181.0,127.4,0
5466.0,9150.0,0.0,235.0,327,166,213,123,6889.0,7346.0,719.0,932.0,127.4,0
2959.0,9310.0,0.0,686.0,0,0,115,42,2463.0,4160.0,18731.0,43744.0,127.4,0
468357.0,640694.0,26407.0,36509.0,1118,906,241,104,611860.0,497436.0,242922.0,206895.0,127.4,3
40182.0,49143.0,2957.0,3559.0,560,214,313,101,27250.0,25942.0,12539.0,15415.0,127.4,0
51320.0,73484.0,4505.0,7326.0,421,295,0,52,28168.0,23941.0,23837.0,22344.0,127.5,0
2328.0,10233.0,0.0,739.0,213,147,150,64,3272.0,4602.0,519.0,1112.0,127.6,0
413190.0,542438.0,19554.0,27720.0,1706,913,153,90,533797.0,438635.0,185584.0,159050.0,127.6,3
267342.0,398902.0,31395.0,45630.0,140,172,433,156,179928.0,158180.0,99191.0,81827.0,127.6,3
1443.0,6996.0,0.0,616.0,43,0,182,111,2344.0,4158.0,560.0,1103.0,127.6,0
1894.0,9842.0,257.0,2025.0,212,161,228,160,4328.0,7194.0,38605.0,87128.0,127.6,0
377437.0,496957.0,43030.0,61524.0,1160,997,222,160,587396.0,500608.0,203164.0,210448.0,127.6,3
21847.0,37809.0,2691.0,4387.0,2645,2946,8105,7865,23128.0,23483.0,8639.0,7086.0,127.7,3
5430.0,12420.0,1713.0,3669.0,6005,7087,7480,8871,17564.0,20925.0,985.0,1697.0,127.7,2
3751.0,8739.0,2538.0,5379.0,1396,1751,1786,2107,5801.0,7331.0,1547.0,1244.0,127.7,2
3634.0,8287.0,1180.0,3607.0,3484,3991,5051,5726,13833.0,15083.0,1345.0,2607.0,127.8,2
17101.0,19184.0,2066.0,3938.0,300,283,57,122,17662.0,15579.0,11535.0,10994.0,127.8,0
52130.0,71489.0,44448.0,67977.0,145,210,203,88,60941.0,55878.0,33929.0,45339.0,127.9,0
15553.0,35289.0,7006.0,11688.0,17,109,42,70,17367.0,17014.0,3546.0,8270.0,127.9,0
25709.0,36411.0,1505.0,2124.0,240,190,0,9,35155.0,32336.0,23916.0,23374.0,127.9,0
135812.0,180227.0,5154.0,8999.0,131,181,316,202,110531.0,105025.0,72613.0,68230.0,127.9,0
7613.0,15214.0,1615.0,3261.0,2319,2935,2467,3476,7142.0,9938.0,1967.0,2215.0,127.9,2
20721.0,36844.0,1138.0,4360.0,149,93,196,138,22455.0,20614.0,5114.0,11344.0,127.9,0
15198.0,27723.0,4279.0,9745.0,43,98,140,68,18822.0,19974.0,4908.0,7934.0,128.0,0
3625.0,7791.0,51.0,1246.0,167,176,354,184,8558.0,6652.0,5624.0,4375.0,128.0,0
954885.0,1030690.0,244361.0,336063.0,5621,4318,75773,58547,571169.0,412291.0,378487.0,276669.0,128.0,3
147772.0,221183.0,16585.0,26463.0,378,185,245,143,231487.0,198241.0,107817.0,91955.0,128.0,0
18036.0,25029.0,7525.0,11390.0,496,241,384,197,35078.0,32397.0,19641.0,22387.0,128.0,0
85916.0,130455.0,4495.0,8226.0,0,52,386,143,134126.0,114586.0,50662.0,53745.0,128.1,0
9308.0,16160.0,2542.0,4463.0,2069,1985,3263,3336,9511.0,9433.0,1182.0,1449.0,128.2,2
4755.0,10416.0,2789.0,5140.0,3285,3276,4251,4222,11936.0,12479.0,825.0,892.0,128.3,2
119897.0,191120.0,14899.0,20816.0,629,369,0,102,196917.0,167423.0,79445.0,77873.0,128.3,0
10455.0,22492.0,2140.0,3407.0,4255,4006,5557,5655,14871.0,15165.0,1976.0,4613.0,128.3,2
12847.0,18638.0,2164.0,3049.0,9984,10393,10375,10259,24160.0,23323.0,5705.0,3703.0,128.3,2
19152.0,31332.0,8673.0,17295.0,248,142,64,74,37355.0,37854.0,9343.0,22109.0,128.3,0
17758.0,22338.0,3431.0,4787.0,3886,3954,5597,5803,16484.0,17055.0,2668.0,3434.0,128.6,2
9923.0,23594.0,1040.0,1656.0,5066,6081,7084,8771,19584.0,24672.0,4489.0,3619.0,128.6,2
3828.0,16098.0,242.0,1430.0,1203,3247,1596,5221,4003.0,14192.0,667.0,1230.0,128.6,2
12673.0,24634.0,3407.0,5022.0,7538,7439,9595,9551,22830.0,23362.0,2481.0,5226.0,128.7,2
6341.0,11653.0,0.0,1176.0,369,187,122,21,7162.0,9997.0,64802.0,75316.0,128.7,0
660613.0,841202.0,42096.0,59723.0,2100,1694,0,75,977987.0,822674.0,363640.0,334253.0,128.7,3
16062.0,35136.0,3918.0,8251.0,10730,10661,12861,13623,29039.0,29435.0,1140.0,4705.0,128.8,2
18312.0,16535.0,4394.0,7564.0,6950,6410,9327,9606,20215.0,20617.0,4042.0,3163.0,128.8,2
54801.0,76407.0,15370.0,24129.0,366,195,0,0,55040.0,52075.0,37884.0,40331.0,128.8,-1
12556.0,20726.0,2767.0,5473.0,6180,6657,9031,9151,22849.0,23415.0,1457.0,3264.0,128.9,2
2946.0,6336.0,1802.0,3006.0,4303,4558,6197,6756,14185.0,14920.0,843.0,3045.0,128.9,2
6583.0,11177.0,2040.0,4124.0,6474,6531,7760,8017,20943.0,20998.0,4565.0,4147.0,129.0,2
43064.0,64811.0,38268.0,60744.0,294,205,0,33,51680.0,46490.0,34844.0,37494.0,129.1,0
7029.0,15809.0,3494.0,6374.0,2106,2297,3196,4045,8595.0,10593.0,557.0,1453.0,129.1,2
2510.0,11796.0,794.0,2064.0,5,0,98,0,5811.0,7854.0,544.0,596.0,129.2,-1
607720.0,762648.0,86897.0,107451.0,945,616,0,59,789505.0,566631.0,265401.0,220247.0,129.2,3
859.0,3290.0,2571.0,8835.0,1967,2912,2414,3643,6237.0,9286.0,588.0,1176.0,129.2,2
9114.0,17095.0,1732.0,4009.0,3273,3689,4028,4616,10643.0,11478.0,2955.0,2223.0,129.3,2
27058.0,38973.0,5559.0,9775.0,0,137,52,88,23849.0,22362.0,11652.0,17082.0,129.3,0
16182.0,24282.0,3707.0,6768.0,4821,5291,6958,7206,19918.0,21614.0,1967.0,2581.0,129.4,2
28062.0,25414.0,1258.0,2353.0,0,228,0,66,16403.0,14362.0,3247.0,7559.0,129.4,0
11400.0,23545.0,3972.0,7370.0,4991,4957,6528,6465,21494.0,22543.0,3347.0,6452.0,129.4,2
25339.0,43116.0,6210.0,10482.0,200,260,131,72,36919.0,33987.0,13606.0,22542.0,129.5,0
18674.0,32811.0,2588.0,2949.0,12839,12731,14597,14198,38832.0,36242.0,2950.0,5731.0,129.5,2
44866.0,56302.0,12021.0,18416.0,328,163,155,119,44115.0,41162.0,37488.0,31770.0,129.5,0
3116.0,10332.0,1271.0,3843.0,1783,2195,2315,2786,6913.0,8562.0,408.0,721.0,129.6,2
7905.0,23713.0,4221.0,6887.0,3789,4052,5614,5716,14922.0,14144.0,2395.0,2893.0,129.6,2
6180.0,15854.0,1932.0,5370.0,4242,4943,5158,5538,13788.0,14500.0,238.0,1330.0,129.6,2
32792.0,54720.0,1098.0,1781.0,195,208,267,140,30191.0,28256.0,15562.0,22832.0,129.6,0
42488.0,62870.0,1848.0,4122.0,291,256,197,111,37465.0,34952.0,33149.0,33577.0,129.7,0
2490.0,6784.0,688.0,2305.0,3413,3945,4782,5700,10334.0,12105.0,88.0,402.0,129.7,2
5138.0,17556.0,2392.0,6426.0,3757,4238,4055,4622,12457.0,14566.0,460.0,1029.0,129.8,2
23353.0,43893.0,5252.0,7802.0,6504,6557,8696,8568,23077.0,23425.0,6047.0,6479.0,129.9,2
1018.0,5039.0,1172.0,3486.0,2615,4003,3380,5282,8227.0,12555.0,1128.0,1702.0,129.9,2
126494.0,186213.0,10019.0,11266.0,789,786,311,114,63338.0,56119.0,56106.0,52973.0,130.0,0
71010.0,94346.0,9322.0,17104.0,580,311,0,90,82520.0,76999.0,69517.0,60292.0,130.1,0
33848.0,48470.0,15490.0,22000.0,234,211,283,161,47146.0,43633.0,41559.0,38363.0,130.1,0
164605.0,245894.0,46355.0,74052.0,131,145,0,108,105459.0,94594.0,93646.0,76365.0,130.2,3
15686.0,38533.0,5221.0,8203.0,6602,6486,9125,9550,31419.0,30362.0,3426.0,6448.0,130.3,2
24562.0,37537.0,2204.0,4730.0,216,212,96,74,23670.0,22725.0,14793.0,18672.0,130.3,0
12039.0,13931.0,1979.0,4770.0,2915,3097,4782,4940,11779.0,11107.0,1682.0,2625.0,130.4,2
31112.0,51876.0,17156.0,31028.0,0,0,140,153,31624.0,29513.0,9053.0,18979.0,130.4,0
9222.0,20183.0,2652.0,4207.0,5636,5700,7712,7908,19064.0,20498.0,2067.0,2282.0,130.4,2
2452.0,9524.0,262.0,2051.0,230,128,152,46,2145.0,5115.0,33672.0,57951.0,130.4,0
70243.0,112344.0,15665.0,26000.0,532,410,0,77,64905.0,64917.0,23643.0,48461.0,130.4,0
3036.0,6833.0,1074.0,3244.0,1637,1757,2587,2659,7008.0,7283.0,101.0,1000.0,130.5,2
26584.0,51629.0,8148.0,14597.0,8948,9324,11657,12112,29822.0,30885.0,5365.0,6918.0,130.5,2
4773.0,17180.0,2571.0,5306.0,6809,7941,8557,9954,16524.0,17931.0,0.0,2257.0,130.6,2
5051.0,14475.0,1091.0,3350.0,2219,2585,3137,3849,8749.0,10525.0,1047.0,1533.0,130.6,2
7593.0,9902.0,3925.0,5727.0,8214,8261,8279,8713,19126.0,19349.0,1348.0,3197.0,130.6,2
12798.0,12295.0,1376.0,3303.0,5939,6582,6070,6153,13106.0,12760.0,2493.0,2602.0,130.7,2
9654.0,23380.0,1167.0,4046.0,3309,3449,4633,4960,13383.0,14427.0,685.0,2517.0,130.7,2
23797.0,33767.0,3024.0,4699.0,293,249,55,113,28273.0,24672.0,13972.0,16337.0,130.7,0
14731.0,15574.0,2708.0,3383.0,4924,4914,5724,5861,13633.0,13408.0,1558.0,1974.0,130.7,2
24272.0,33690.0,24122.0,41303.0,203,53,105,130,39378.0,38491.0,18521.0,31832.0,130.7,0
121431.0,184687.0,18645.0,26208.0,0,137,0,47,186756.0,148745.0,90194.0,73330.0,130.8,0
4987.0,13004.0,561.0,1922.0,3223,3577,3711,4428,8187.0,8943.0,361.0,1677.0,130.8,2
22539.0,43934.0,7188.0,12198.0,97,72,329,191,32782.0,30379.0,11418.0,19129.0,130.8,0
43673.0,77520.0,1670.0,3119.0,0,16,0,28,46990.0,44544.0,14646.0,34156.0,130.9,0
2725.0,12142.0,2638.0,7812.0,3777,4949,3835,5274,8817.0,11958.0,0.0,0.0,130.9,2
46878.0,75102.0,3709.0,4876.0,334,174,188,129,44584.0,41869.0,24678.0,31179.0,130.9,0
6410.0,14791.0,2241.0,5938.0,5606,8097,6683,9466,14491.0,19786.0,1565.0,2371.0,130.9,2
2170.0,10896.0,0.0,862.0,1244,4300,1119,4310,2945.0,9373.0,332.0,335.0,130.9,2
27914.0,55959.0,3817.0,7590.0,294,169,143,56,31874.0,32772.0,10637.0,20246.0,130.9,0
6014.0,13789.0,473.0,1290.0,6020,6308,6896,7334,14789.0,15387.0,866.0,2319.0,130.9,2
403439.0,580389.0,50859.0,74427.0,820,460,26,112,229559.0,204141.0,130116.0,102881.0,131.1,3
5875.0,16429.0,2016.0,4039.0,4134,4503,6102,6798,14612.0,15744.0,1004.0,1135.0,131.1,2
5290.0,19253.0,1258.0,2788.0,1671,2059,2552,3147,6983.0,8162.0,614.0,1382.0,131.1,2
19157.0,30226.0,4011.0,6716.0,7645,7880,10493,10455,24353.0,24698.0,3330.0,4630.0,131.1,2
15739.0,24256.0,6691.0,10580.0,11313,11822,13967,14256,34072.0,34423.0,2462.0,4995.0,131.1,2
1290.0,4948.0,2291.0,5882.0,2084,3095,2983,4276,7857.0,11326.0,1530.0,2108.0,131.2,2
1743.0,11866.0,533.0,2614.0,831,2037,973,2518,2602.0,7053.0,299.0,750.0,131.2,2
73847.0,108738.0,4238.0,5303.0,462,190,403,221,47953.0,44261.0,43958.0,34809.0,131.3,0
9427.0,18610.0,4275.0,8232.0,5061,5061,6949,7321,17534.0,17227.0,4820.0,4015.0,131.3,2
5299.0,11407.0,3678.0,5719.0,1848,1992,3086,3427,9780.0,11398.0,3048.0,2241.0,131.4,2
22234.0,36084.0,6710.0,12591.0,297,200,0,0,21890.0,19913.0,16507.0,17259.0,131.4,-1
4420.0,14756.0,1874.0,4804.0,4587,4910,5928,5972,15061.0,15639.0,304.0,1134.0,131.5,2
84124.0,137417.0,46391.0,70469.0,0,43,326,139,84794.0,73383.0,41726.0,46281.0,131.5,0
2192.0,7880.0,0.0,2168.0,750,1481,629,1280,1756.0,4366.0,2541.0,2618.0,131.6,2
4940.0,16601.0,1405.0,3672.0,2486,3193,3361,4399,10606.0,13443.0,1330.0,1822.0,131.6,2
44684.0,79401.0,11657.0,18651.0,427,240,83,136,47669.0,44434.0,35975.0,33672.0,131.6,0
4021.0,10070.0,0.0,655.0,650,1831,469,1546,1584.0,4501.0,159.0,342.0,131.6,2
131785.0,193004.0,5717.0,9434.0,705,326,379,162,181563.0,156781.0,45876.0,46098.0,131.7,0
1305.0,6795.0,1033.0,4851.0,3702,5925,4499,7235,8467.0,13691.0,68.0,1019.0,131.7,2
7345.0,17728.0,2446.0,5386.0,2275,2250,3384,3415,9902.0,11304.0,627.0,1820.0,131.7,2
4840.0,13550.0,880.0,2843.0,3065,3647,3708,4677,8632.0,10323.0,1103.0,2243.0,131.7,2
4596.0,12608.0,3956.0,10575.0,3176,3786,4723,6147,12887.0,16275.0,2400.0,3244.0,131.7,2
555257.0,744582.0,919054.0,1325410.0,1161,675,61,127,173600.0,152026.0,104169.0,93772.0,131.8,1
42303.0,60801.0,9094.0,12569.0,155,169,59,74,32427.0,29124.0,19606.0,20459.0,131.8,0
4747.0,9058.0,2473.0,5574.0,2522,4873,2686,5599,6931.0,11434.0,1307.0,1691.0,131.8,2
6956.0,19380.0,2341.0,5423.0,3367,3996,4343,5724,12772.0,16067.0,1187.0,2528.0,131.8,2
2770.0,8993.0,223.0,2306.0,616,1588,725,2128,1719.0,5756.0,276.0,575.0,131.8,2
9629.0,19339.0,3033.0,4604.0,2884,2868,4128,3917,11980.0,11597.0,4171.0,3303.0,131.9,2
513998.0,709708.0,42280.0,61147.0,1296,1749,19983,17609,223526.0,186704.0,195286.0,146223.0,131.9,3
485356.0,704600.0,130797.0,197901.0,604,420,355,143,211712.0,185162.0,124088.0,121837.0,131.9,3
28549.0,50329.0,7511.0,11485.0,0,67,21,109,42254.0,38997.0,15623.0,28498.0,131.9,0
5989.0,8120.0,1064.0,2543.0,1706,3589,1927,4174,4661.0,9855.0,2224.0,2816.0,132.0,2
67218.0,106546.0,24426.0,37954.0,462,227,424,183,58053.0,49481.0,44368.0,35314.0,132.0,0
42561.0,63334.0,22476.0,33285.0,436,172,64,135,44219.0,39690.0,24176.0,31433.0,132.0,0
8281.0,13491.0,1857.0,3722.0,4032,4399,5797,6304,18347.0,20015.0,1956.0,2464.0,132.1,2
6573.0,18388.0,1270.0,4194.0,2956,3231,4319,4950,14537.0,17530.0,848.0,1948.0,132.1,2
20543.0,34472.0,2573.0,5746.0,439,215,139,66,29573.0,29593.0,11329.0,20749.0,132.2,0
8020.0,17574.0,1160.0,4229.0,3769,3558,3968,4557,12250.0,13201.0,424.0,1364.0,132.2,2
1707.0,7635.0,350.0,1692.0,128,33,144,35,11443.0,20037.0,3641.0,4941.0,132.2,0
1928.0,6283.0,0.0,2271.0,246,147,156,180,27360.0,29280.0,5475.0,5337.0,132.2,0
694.0,3367.0,0.0,0.0,200,172,95,17,4030.0,5590.0,4124.0,5302.0,132.2,0
644794.0,640331.0,122985.0,141170.0,2394,1457,578,342,2291480.0,1735120.0,1115780.0,955629.0,132.2,1
134980.0,185713.0,18147.0,26910.0,198,159,440,190,214967.0,172587.0,73893.0,66766.0,132.2,0
967731.0,907457.0,1316320.0,1493400.0,2266,1735,193,204,404396.0,320859.0,149370.0,138363.0,132.3,1
8368.0,18555.0,1524.0,3828.0,8359,8925,10442,10399,26339.0,25670.0,2272.0,4415.0,132.3,2
6359.0,16890.0,1235.0,3161.0,2554,2968,3124,3402,8419.0,9404.0,0.0,741.0,132.4,2
1511.0,9240.0,647.0,3721.0,1432,2419,2184,3714,5235.0,9242.0,554.0,884.0,132.5,2
9987.0,20013.0,1665.0,4023.0,3131,3253,4666,4854,11830.0,12698.0,399.0,1151.0,132.5,2
8931.0,22889.0,1311.0,3625.0,4291,4674,5594,6249,14817.0,15957.0,1649.0,2825.0,132.5,2
2864.0,14592.0,245.0,1576.0,794,2148,721,2419,2165.0,5983.0,966.0,2308.0,132.5,2
2104.0,9188.0,801.0,2243.0,2213,3415,3127,4582,8828.0,12591.0,1048.0,1558.0,132.5,2
32944.0,54747.0,4045.0,6814.0,98,63,172,76,36605.0,35194.0,6372.0,17527.0,132.5,0
50281.0,83538.0,4655.0,8312.0,436,215,77,64,50175.0,48410.0,16268.0,31135.0,132.5,0
10621.0,14581.0,7072.0,13469.0,6869,7274,9173,9715,25669.0,26318.0,4594.0,4691.0,132.5,2
31658.0,50932.0,7784.0,11043.0,672,470,187,147,36790.0,32987.0,24236.0,26653.0,132.5,0
9536.0,27401.0,3822.0,7303.0,6911,7337,8633,9823,20097.0,22904.0,4042.0,5113.0,132.6,2
4789.0,15904.0,806.0,1694.0,1139,2083,1413,2459,4078.0,6185.0,484.0,1360.0,132.6,2
6166.0,16811.0,1105.0,2686.0,4481,4375,5752,5958,16403.0,16789.0,2344.0,2892.0,132.6,2
62983.0,84044.0,16786.0,25975.0,276,157,0,58,89754.0,83033.0,49016.0,58024.0,132.6,0
2258.0,8042.0,423.0,2114.0,2715,3719,3856,5288,8878.0,12283.0,47.0,467.0,132.6,2
896.0,5755.0,156.0,822.0,6467,12498,11385,22444,4997.0,9352.0,190.0,475.0,132.6,1
619.0,3587.0,231.0,1225.0,160,95,184,93,2294.0,4016.0,60.0,0.0,132.7,0
356599.0,440828.0,192363.0,280317.0,1217,797,403,161,287784.0,250857.0,138109.0,132421.0,132.7,3
23729.0,33281.0,6619.0,10507.0,62,145,84,121,27320.0,25240.0,15870.0,21810.0,132.7,0
16153.0,26306.0,2925.0,6370.0,5489,5127,7678,7354,21683.0,19053.0,6027.0,5091.0,132.7,2
18117.0,29897.0,3026.0,5287.0,290,245,270,107,24254.0,23630.0,4343.0,11901.0,132.7,0
47637.0,66431.0,3139.0,4281.0,444,202,124,109,36892.0,32354.0,32600.0,24656.0,132.8,0
154162.0,204032.0,35306.0,53099.0,611,427,430,159,201132.0,166719.0,95989.0,73599.0,132.8,0
48776.0,75016.0,6383.0,10955.0,475,300,0,73,38107.0,38382.0,20103.0,30071.0,132.9,0
21208.0,43531.0,1980.0,3668.0,41,103,178,76,24383.0,22116.0,9623.0,16690.0,132.9,0
7492.0,12660.0,2779.0,5026.0,6063,5988,8013,7755,19974.0,19168.0,798.0,2829.0,133.0,2
1899.0,11776.0,15.0,256.0,1127,2377,1679,3313,3609.0,6690.0,560.0,1061.0,133.0,2
24664.0,47051.0,12252.0,20513.0,222,220,29,53,31371.0,31276.0,10588.0,18841.0,133.0,0
2505.0,14457.0,648.0,3609.0,2029,3542,2836,4942,6202.0,10623.0,241.0,1234.0,133.1,2
29003.0,41681.0,2487.0,4717.0,693,355,396,185,33375.0,30445.0,28895.0,26161.0,133.1,0
6418.0,16979.0,770.0,1807.0,5706,5576,6405,6642,14391.0,15669.0,890.0,1734.0,133.1,2
8724.0,16308.0,1201.0,4142.0,1722,1303,2192,2017,5157.0,5225.0,0.0,329.0,133.2,2
22597.0,33250.0,1960.0,5709.0,154,139,0,0,21491.0,21039.0,25853.0,19911.0,133.2,-1
8056.0,23542.0,1136.0,2106.0,1117,1269,3662,3813,9826.0,11038.0,2364.0,3120.0,133.2,2
37564.0,61847.0,11531.0,17975.0,106,195,0,83,40718.0,34902.0,26776.0,26552.0,133.2,0
1129.0,7222.0,216.0,1751.0,626,1611,705,2155,2052.0,5711.0,1952.0,4222.0,133.2,2
4954.0,25595.0,1287.0,3791.0,4445,7100,6115,9583,14395.0,22532.0,0.0,9.0,133.2,2
1976.0,10139.0,844.0,2944.0,2639,4183,2916,4515,6827.0,10579.0,51.0,264.0,133.3,2
48552.0,79621.0,23243.0,36183.0,499,325,27,66,53770.0,49543.0,42974.0,36925.0,133.3,0
10312.0,17845.0,3218.0,5752.0,6883,7510,9254,9855,23614.0,25593.0,1450.0,3836.0,133.4,2
15603.0,21533.0,6294.0,12331.0,4937,5386,7166,7635,21887.0,22173.0,6666.0,4287.0,133.4,2
144593.0,225487.0,14467.0,22566.0,31,215,40,100,194914.0,167884.0,64077.0,79416.0,133.4,0
2635.0,6296.0,1932.0,6333.0,5153,6573,5388,6807,13765.0,17366.0,1079.0,1927.0,133.4,2
3888.0,10935.0,997.0,2962.0,1734,3163,2281,3778,5957.0,8371.0,799.0,1032.0,133.4,2
5227.0,28126.0,1249.0,3696.0,4025,7349,5089,9689,11418.0,19909.0,1115.0,1976.0,133.5,2
2546.0,14486.0,120.0,3012.0,2865,7027,3422,9277,7020.0,18301.0,0.0,0.0,133.5,2
15548.0,22308.0,2270.0,4898.0,5643,6340,7002,7617,15718.0,16809.0,3989.0,3046.0,133.5,2
1096500.0,1151240.0,2758080.0,3471930.0,3253,2648,1129,639,290977.0,217750.0,147149.0,120990.0,133.6,1
5161.0,17458.0,1484.0,4122.0,3415,3801,5073,5666,13734.0,15747.0,2295.0,2200.0,133.6,2
6216.0,11869.0,1069.0,2178.0,4897,5218,6195,6771,15388.0,15776.0,1003.0,2026.0,133.7,2
40940.0,66774.0,13699.0,19478.0,539,276,159,116,61795.0,56510.0,30228.0,37723.0,133.8,0
36905.0,52534.0,2398.0,2941.0,0,123,0,20,42838.0,42429.0,15432.0,30632.0,133.8,0
56771.0,101487.0,6455.0,11414.0,215,158,0,72,49460.0,46195.0,24138.0,34835.0,133.9,0
5457.0,13031.0,1601.0,3707.0,1447,1736,1590,2262,4706.0,6899.0,2093.0,2711.0,133.9,2
12004.0,17119.0,1762.0,3549.0,3735,4266,5063,5467,12710.0,13528.0,246.0,2472.0,133.9,2
5149.0,17268.0,1501.0,5095.0,3569,5104,4214,5843,11719.0,16126.0,1474.0,2270.0,133.9,2
26467.0,45874.0,13993.0,21715.0,154,134,115,50,36419.0,33796.0,20862.0,27407.0,133.9,0
9277.0,16301.0,3050.0,4824.0,4640,4909,6283,6310,15851.0,15988.0,3755.0,3598.0,134.0,2
55397.0,86999.0,10941.0,18162.0,0,32,386,132,51680.0,46869.0,33661.0,36091.0,134.0,0
16170.0,22892.0,4078.0,5085.0,7902,7218,9305,9541,21745.0,22265.0,2125.0,3819.0,134.1,2
15417.0,22064.0,2159.0,4215.0,9194,9936,10842,10927,25908.0,25839.0,4802.0,3191.0,134.2,2
3902.0,8938.0,1951.0,3750.0,6400,6588,7227,8035,19119.0,20541.0,1693.0,2778.0,134.2,2
9364.0,15234.0,2731.0,5264.0,4504,5547,4990,5909,12378.0,14530.0,383.0,1230.0,134.2,2
3910.0,17034.0,696.0,2098.0,4707,6137,5740,7448,12439.0,15383.0,542.0,1623.0,134.2,2
2933.0,16248.0,415.0,3008.0,4182,6798,4912,8191,10995.0,18242.0,810.0,1411.0,134.3,2
40667.0,66546.0,4339.0,6371.0,339,213,399,218,38943.0,35683.0,15245.0,27957.0,134.3,0
4169.0,8758.0,2238.0,7269.0,3629,4376,5455,6068,13654.0,14516.0,1652.0,2014.0,134.4,2
9449.0,19760.0,2478.0,4300.0,5120,5464,6791,7902,16639.0,18388.0,2344.0,3006.0,134.4,2
4394.0,12550.0,1337.0,3038.0,2681,2824,4069,4537,9664.0,11689.0,738.0,1793.0,134.5,2
17253.0,29483.0,13353.0,21973.0,349,246,560,205,21156.0,20165.0,14998.0,15106.0,134.5,0
8799.0,20477.0,978.0,1399.0,3119,3562,3926,4425,10442.0,11880.0,2348.0,2684.0,134.6,2
19744.0,33968.0,1687.0,4879.0,328,226,27,52,28302.0,26771.0,15193.0,18938.0,134.6,0
548.0,3387.0,2476.0,9165.0,2504,5997,2661,6202,5926.0,14055.0,440.0,1269.0,134.6,2
6706.0,13994.0,1857.0,4931.0,248,131,98,96,19874.0,20948.0,3042.0,6596.0,134.6,0
4166.0,14515.0,1733.0,4598.0,3360,4102,4153,4995,10745.0,12932.0,2178.0,2325.0,134.7,2
570.0,3638.0,278.0,1866.0,608,2139,617,2232,1473.0,5680.0,299.0,719.0,134.7,2
2208.0,11570.0,2150.0,7390.0,1623,3768,1848,4920,5053.0,12298.0,968.0,2112.0,134.7,2
19127.0,28381.0,3235.0,6180.0,6954,6646,8054,8176,20974.0,20088.0,6707.0,4458.0,134.9,2
1256.0,5096.0,578.0,2294.0,1807,4438,2092,5305,4147.0,10996.0,112.0,680.0,134.9,2
8669.0,11699.0,2260.0,4438.0,6522,6870,8929,9213,23322.0,23451.0,889.0,3011.0,134.9,2
7093.0,17618.0,4397.0,9091.0,1721,1926,2256,2372,5904.0,6574.0,589.0,1334.0,135.1,2
66868.0,119521.0,21637.0,36191.0,317,266,239,153,62169.0,55915.0,25166.0,31511.0,135.1,0
2052.0,4660.0,1707.0,4634.0,764,946,1464,1747,4857.0,6103.0,1281.0,2140.0,135.1,2
5139.0,15728.0,925.0,2907.0,2189,2471,3181,3726,8669.0,10462.0,620.0,1252.0,135.1,2
12105.0,25034.0,681.0,2936.0,4376,4567,5252,5512,14694.0,15894.0,3286.0,3453.0,135.2,2
13042.0,35835.0,11444.0,25604.0,0,0,70,0,14121.0,15830.0,4525.0,11181.0,135.3,-1
1844.0,8648.0,643.0,1892.0,1929,3640,2751,4684,6870.0,11020.0,320.0,1623.0,135.4,2
16687.0,26487.0,3328.0,5208.0,325,256,119,78,22090.0,21288.0,8121.0,15528.0,135.4,0
18620.0,33081.0,3282.0,4616.0,168,121,0,0,21949.0,20675.0,7958.0,15118.0,135.4,-1
53766.0,74365.0,8038.0,12790.0,278,255,177,147,67208.0,60716.0,37988.0,42209.0,135.5,0
814.0,4518.0,731.0,3729.0,1155,3260,1362,3758,2893.0,8364.0,79.0,1362.0,135.6,2
5379.0,7192.0,0.0,3223.0,1911,3839,2426,4955,5880.0,10872.0,237.0,578.0,135.6,2
2019.0,12182.0,808.0,3516.0,3512,6520,3930,7360,8526.0,15903.0,781.0,1614.0,135.6,2
10458.0,16874.0,2875.0,6111.0,7053,7038,9649,9685,24231.0,24529.0,4211.0,4594.0,135.6,2
54138.0,76436.0,7820.0,14012.0,0,41,275,160,48891.0,46046.0,42789.0,29293.0,135.6,0
9058.0,20005.0,2202.0,5304.0,7234,7979,8131,9021,20190.0,22309.0,554.0,3029.0,135.6,2
17051.0,16539.0,3129.0,2761.0,10012,9915,10713,10298,20749.0,19123.0,4604.0,4174.0,135.7,2
177724.0,167974.0,301605.0,405357.0,3023,2677,6948,6533,20118.0,18151.0,7654.0,7928.0,135.8,3
22375.0,41563.0,2586.0,4666.0,284,173,219,94,28577.0,28252.0,10223.0,21188.0,135.8,0
16888.0,28125.0,6837.0,10464.0,130,145,396,171,23627.0,22813.0,11696.0,16026.0,135.8,0
55435.0,92593.0,20186.0,32592.0,240,161,244,93,61447.0,58365.0,23877.0,39343.0,135.9,0
25731.0,50431.0,9738.0,18164.0,124,136,58,56,37808.0,37882.0,11468.0,23368.0,135.9,0
16202.0,29392.0,3558.0,4721.0,4468,4609,5841,6180,17197.0,16906.0,3156.0,5226.0,135.9,2
22690.0,43995.0,4426.0,7062.0,183,191,0,112,28798.0,28554.0,12493.0,21504.0,135.9,0
10373.0,20089.0,2272.0,3688.0,5583,5709,6953,6888,18378.0,17471.0,3367.0,3357.0,135.9,2
35968.0,68371.0,11380.0,19106.0,382,340,90,113,50246.0,46099.0,30345.0,35402.0,135.9,0
2951.0,12479.0,1780.0,4728.0,2395,2690,3155,3842,8736.0,10592.0,1663.0,1933.0,136.0,2
103162.0,141636.0,24987.0,40106.0,930,348,251,159,69077.0,59671.0,66373.0,55582.0,136.0,0
24104.0,42845.0,1968.0,3104.0,0,41,0,0,29222.0,29162.0,11208.0,21427.0,136.0,-1
7200.0,11197.0,2337.0,3281.0,2800,2806,4060,4182,12037.0,11902.0,1924.0,2852.0,136.1,2
1640.0,6655.0,295.0,1496.0,626,1290,563,1582,1920.0,4977.0,332.0,470.0,136.2,2
43472.0,74900.0,4081.0,7725.0,258,148,109,79,47084.0,43669.0,22734.0,36234.0,136.4,0
56284.0,73286.0,13471.0,19488.0,349,243,436,233,54983.0,52040.0,38678.0,45273.0,136.4,0
6662.0,8389.0,1383.0,1772.0,2796,3257,3716,4398,9986.0,11784.0,3755.0,3002.0,136.5,2
6026.0,14416.0,2324.0,4558.0,3002,3438,4192,4418,12788.0,13864.0,793.0,1592.0,136.5,2
5605.0,7811.0,1019.0,2744.0,1060,3042,1571,3680,4550.0,10298.0,3677.0,2986.0,136.5,2
6808.0,14443.0,466.0,2557.0,4696,6868,5383,8053,12773.0,19497.0,159.0,1540.0,136.5,2
16447.0,27293.0,9212.0,16788.0,243,121,119,47,26323.0,24463.0,20978.0,18769.0,136.8,0
2937.0,6712.0,451.0,2535.0,2956,3419,3348,3876,7416.0,7747.0,586.0,809.0,136.8,2
52961.0,96282.0,14473.0,23121.0,152,119,118,84,53724.0,51415.0,23174.0,33997.0,136.8,0
2089.0,9040.0,1266.0,3637.0,3588,4935,5126,7213,11329.0,16645.0,47.0,233.0,136.9,2
38232.0,61075.0,3723.0,5634.0,118,110,155,120,37892.0,35655.0,19178.0,31081.0,136.9,0
3771.0,14707.0,1275.0,3942.0,1021,1320,1678,2582,3783.0,6520.0,644.0,2012.0,137.0,2
21783.0,21413.0,5434.0,7294.0,0,0,0,0,17527.0,14857.0,12782.0,11410.0,137.0,-1
33145.0,54176.0,6989.0,11926.0,236,141,111,89,50017.0,49214.0,17437.0,31111.0,137.2,0
14895.0,28168.0,2281.0,3872.0,183,56,304,158,29614.0,28095.0,24873.0,22627.0,137.2,0
976.0,4090.0,144.0,1745.0,774,2560,1126,3351,2299.0,7076.0,0.0,128.0,137.3,2
5452.0,11551.0,952.0,3464.0,1190,1203,2862,3036,8362.0,9645.0,1339.0,2500.0,137.4,2
2883.0,11645.0,564.0,1408.0,2057,2803,2679,3574,6648.0,8952.0,360.0,1772.0,137.5,2
7205.0,11042.0,5208.0,7925.0,143,99,215,146,6995.0,7612.0,2604.0,4710.0,137.5,0
4488.0,13722.0,564.0,3030.0,1943,2245,2667,3344,6665.0,7972.0,387.0,970.0,137.5,2
2455.0,4519.0,1031.0,2627.0,2525,3620,3073,4062,7418.0,9304.0,1679.0,1446.0,137.6,2
606.0,3261.0,329.0,1563.0,79,0,197,129,7219.0,13587.0,1939.0,3739.0,137.6,0
1170.0,4892.0,0.0,0.0,49,0,212,191,10523.0,14565.0,1608.0,2371.0,137.6,0
705126.0,782355.0,58450.0,80967.0,2811,2073,1053,349,1603170.0,1224430.0,541625.0,480121.0,137.6,1
4542.0,10206.0,1352.0,2810.0,2794,3693,4109,5593,9212.0,12199.0,1368.0,2467.0,137.6,2
3072.0,9881.0,0.0,1555.0,560,1753,690,1959,1446.0,4561.0,0.0,268.0,137.6,2
1723.0,5026.0,2749.0,7142.0,4955,6983,5130,7748,12180.0,18075.0,1999.0,2285.0,137.6,2
67232.0,127136.0,9557.0,14955.0,249,224,98,146,89689.0,77138.0,42445.0,36038.0,137.7,0
40975.0,66765.0,15256.0,24861.0,161,143,0,65,37639.0,35174.0,24704.0,26680.0,137.7,0
2407.0,6373.0,1886.0,5078.0,1469,1778,1903,2315,5446.0,7056.0,0.0,792.0,137.7,2
42197.0,66165.0,3312.0,5668.0,581,326,443,176,27811.0,25845.0,17937.0,22634.0,137.8,0
42251.0,73033.0,5141.0,11896.0,70,36,242,164,40902.0,42564.0,16727.0,32111.0,137.9,0
904.0,5752.0,29.0,487.0,1090,2842,1457,4159,3689.0,10953.0,155.0,240.0,137.9,2
3129.0,10588.0,956.0,2790.0,2148,2353,3184,3893,10264.0,12309.0,626.0,3145.0,138.0,2
1175.0,3102.0,1280.0,3200.0,3976,4562,4305,4695,9377.0,10430.0,449.0,907.0,138.0,2
25257.0,35241.0,4988.0,7333.0,5662,5420,8134,8499,20905.0,21694.0,4544.0,5320.0,138.0,2
1172.0,3011.0,207.0,1445.0,85,100,219,119,10652.0,10782.0,1453.0,1438.0,138.0,0
1437.0,6570.0,896.0,2975.0,171,126,179,59,6891.0,12276.0,1009.0,1596.0,138.0,0
2244.0,5972.0,0.0,472.0,151,88,193,182,7540.0,11222.0,69986.0,88591.0,138.0,0
1321410.0,1690340.0,52634.0,72556.0,10205,8548,1074,923,1049300.0,850160.0,443321.0,372563.0,138.0,1
1719.0,10682.0,142.0,1893.0,949,2095,1189,2797,2942.0,6912.0,0.0,0.0,138.0,2
39671.0,61812.0,8002.0,13979.0,168,121,65,25,42172.0,41431.0,34163.0,32979.0,138.0,0
2132.0,11048.0,1723.0,6983.0,76,14,177,95,3333.0,6796.0,2668.0,4574.0,138.0,0
1208.0,3750.0,4167.0,11611.0,258,141,220,148,8927.0,11757.0,7493.0,7748.0,138.0,0
2075650.0,1613410.0,3271610.0,2508590.0,8036,3707,2016,966,2530460.0,1623500.0,1620070.0,927964.0,138.0,1
12272.0,15111.0,1550.0,4339.0,6117,6358,7729,7824,22415.0,22314.0,6143.0,3629.0,138.1,2
29053.0,48207.0,2567.0,5151.0,0,20,257,135,30786.0,29725.0,7215.0,19257.0,138.1,0
6819.0,21988.0,2753.0,6232.0,4678,6284,4957,6654,12368.0,16243.0,630.0,1217.0,138.2,2
892.0,4543.0,999.0,3586.0,2015,3783,2803,5702,7489.0,15514.0,326.0,1026.0,138.2,2
541951.0,596351.0,680719.0,693807.0,1534,758,818,301,144490.0,120189.0,77700.0,65483.0,138.3,1
27842.0,34043.0,7183.0,11203.0,309,202,730,278,22207.0,20449.0,16137.0,15940.0,138.3,0
29250.0,49046.0,2746.0,4543.0,246,274,0,28,40580.0,38326.0,25920.0,27932.0,138.3,0
23937.0,34237.0,12990.0,18548.0,0,99,0,40,27895.0,25524.0,20442.0,17136.0,138.3,0
5518.0,12477.0,2195.0,4225.0,7230,7720,9463,9952,22880.0,22348.0,1394.0,3578.0,138.3,2
87358.0,143293.0,9030.0,14254.0,0,115,0,54,153117.0,127222.0,65851.0,55798.0,138.4,0
73506.0,102947.0,10350.0,15825.0,611,200,109,142,79089.0,71693.0,68389.0,61209.0,138.5,0
2201.0,7547.0,964.0,2781.0,853,2227,1338,3307,6061.0,13046.0,3189.0,4485.0,138.6,2
2452.0,9161.0,319.0,2090.0,508,1651,984,2237,2478.0,6942.0,186.0,922.0,138.6,2
13415.0,17038.0,2214.0,5596.0,2700,2430,3834,3738,11361.0,10778.0,2167.0,3660.0,138.7,2
4581.0,14305.0,2590.0,5021.0,4113,4954,4941,6110,13340.0,15885.0,2207.0,2926.0,138.7,2
114896.0,181656.0,24572.0,39763.0,240,234,220,129,81231.0,71530.0,54317.0,58841.0,138.8,0
12291.0,20008.0,2168.0,5793.0,8545,8157,10960,10760,28065.0,27735.0,4527.0,5365.0,138.8,2
36813.0,62440.0,37525.0,65413.0,89,8,163,103,43977.0,44227.0,14564.0,25379.0,138.8,0
7164.0,18249.0,2169.0,4735.0,3146,3247,3658,3845,10566.0,11290.0,722.0,1548.0,138.9,2
2074.0,13004.0,952.0,5103.0,1291,3889,1532,4595,3528.0,10052.0,1058.0,1797.0,138.9,2
2350.0,6973.0,1668.0,5190.0,2963,5021,3655,5927,6574.0,11592.0,241.0,1179.0,138.9,2
22961.0,32235.0,6478.0,9488.0,133,177,336,149,25824.0,26503.0,12755.0,21093.0,139.0,0
12951.0,14162.0,1895.0,3637.0,1999,1833,2961,2900,9323.0,8158.0,3149.0,2354.0,139.1,2
56396.0,83284.0,2485.0,5740.0,0,69,187,115,67177.0,63939.0,34619.0,53821.0,139.1,0
3134.0,6799.0,242.0,1899.0,1697,1615,2557,2741,5699.0,6230.0,0.0,0.0,139.1,2
2407.0,7434.0,2799.0,6339.0,2352,3249,2915,4180,8622.0,11635.0,1727.0,3125.0,139.2,2
438475.0,365143.0,162511.0,147777.0,1217,461,873,215,219504.0,186631.0,145682.0,108122.0,139.2,3
4697.0,15389.0,3000.0,5827.0,3771,4438,4744,5426,11396.0,13523.0,548.0,2798.0,139.2,2
7442.0,16971.0,1836.0,3990.0,3814,4014,4690,5055,12488.0,13377.0,0.0,1179.0,139.3,2
3080.0,11016.0,727.0,2768.0,1854,3157,2214,3808,5497.0,9747.0,697.0,763.0,139.3,2
23755.0,37864.0,3331.0,6290.0,322,177,90,99,29369.0,27318.0,18872.0,20490.0,139.4,0
7811.0,13932.0,1768.0,4192.0,4777,5167,6690,7116,15618.0,16323.0,2503.0,2385.0,139.4,2
2077.0,12522.0,1129.0,4177.0,1761,2886,2499,4455,5602.0,10055.0,448.0,589.0,139.4,2
3462.0,11605.0,1436.0,3980.0,837,1826,929,2460,1733.0,5584.0,152.0,689.0,139.4,2
10833.0,20452.0,16080.0,29715.0,189,93,225,115,20632.0,21321.0,5317.0,14658.0,139.5,0
10463.0,26236.0,744.0,2092.0,1764,1665,3999,4204,9807.0,10763.0,4235.0,5267.0,139.5,2
9363.0,20128.0,1968.0,3304.0,4154,4694,5458,6344,12910.0,13838.0,662.0,1237.0,139.5,2
13217.0,21260.0,3503.0,5611.0,5138,5457,6907,7230,16889.0,16911.0,2601.0,3758.0,139.5,2
49167.0,72490.0,14013.0,23324.0,0,0,433,192,51193.0,49357.0,37298.0,38835.0,139.6,0
8798.0,27911.0,2386.0,5343.0,0,0,226,138,13808.0,15903.0,3081.0,9167.0,139.6,0
5587.0,12811.0,1651.0,3918.0,3730,4097,5369,5880,13978.0,14452.0,2009.0,2587.0,139.6,2
5447.0,8686.0,859.0,2773.0,5357,5486,5752,5440,12430.0,12508.0,743.0,2018.0,139.7,2
1561.0,6037.0,0.0,521.0,897,2038,1298,3197,3154.0,8909.0,1074.0,1802.0,139.7,2
32655.0,55595.0,746.0,3472.0,79,197,452,234,33365.0,32076.0,7117.0,18032.0,139.8,0
10632.0,25566.0,4469.0,8508.0,4976,5441,6634,7307,18845.0,20723.0,1214.0,1602.0,139.8,2
5190.0,13364.0,1644.0,3685.0,4773,5797,4583,5767,9584.0,11041.0,1251.0,1304.0,139.8,2
6882.0,10661.0,1428.0,2324.0,3940,4180,5585,6109,13120.0,14339.0,322.0,738.0,139.9,2
6280.0,19214.0,676.0,1670.0,6057,7670,8568,10923,19052.0,23232.0,1564.0,3491.0,140.0,2
2540.0,16100.0,211.0,1465.0,1085,3812,1397,5604,3140.0,11188.0,449.0,1111.0,140.0,2
20212.0,38283.0,4682.0,9103.0,375,425,220,110,29311.0,29597.0,7402.0,18777.0,140.0,0
17417.0,21806.0,2904.0,4297.0,4634,4571,6539,6361,18253.0,17319.0,4987.0,4604.0,140.1,2
5680.0,17699.0,1766.0,4218.0,1724,2148,2559,3347,6478.0,8678.0,1260.0,1530.0,140.2,2
4434.0,8574.0,1471.0,3444.0,180,96,237,172,3167.0,3969.0,1663.0,1352.0,140.3,0
781632.0,946025.0,443013.0,610894.0,1432,1003,572,330,383969.0,325392.0,212690.0,192704.0,140.3,1
11077.0,20170.0,2274.0,3715.0,2009,1986,4584,4490,12090.0,11559.0,4557.0,3940.0,140.3,2
3360.0,11517.0,930.0,2904.0,3720,4896,5208,6707,12549.0,16747.0,1689.0,1861.0,140.4,2
3632.0,11274.0,1270.0,3761.0,484,1047,736,1719,1549.0,4454.0,2134.0,2658.0,140.4,2
3151.0,18202.0,1675.0,5204.0,1302,1966,2099,3435,6592.0,11152.0,1.0,23.0,140.4,2
1887.0,7066.0,1306.0,4007.0,1737,2035,2304,2865,6175.0,7493.0,471.0,2030.0,140.5,2
6790.0,15656.0,1155.0,3298.0,5484,5846,6801,7257,16712.0,17723.0,351.0,1820.0,140.5,2
90063.0,139288.0,23925.0,37349.0,162,294,0,14,54698.0,48229.0,31446.0,41944.0,140.5,0
17079.0,24003.0,3786.0,7047.0,97,133,160,121,24703.0,23882.0,8960.0,14035.0,140.5,0
4958.0,11388.0,607.0,1287.0,2857,3313,3700,4026,9797.0,10677.0,2205.0,2181.0,140.5,2
21846.0,31159.0,7569.0,11021.0,553,318,219,172,27130.0,24030.0,16216.0,18749.0,140.5,0
13353.0,23433.0,2609.0,4438.0,2932,3184,5140,5211,15765.0,16377.0,2266.0,3618.0,140.5,2
7391.0,16048.0,1702.0,2896.0,4489,5191,5723,6540,15818.0,17692.0,755.0,1906.0,140.6,2
1482.0,5354.0,1438.0,3834.0,119,56,206,128,3611.0,4103.0,842.0,1013.0,140.6,0
859521.0,1105310.0,607057.0,838992.0,1336,862,744,485,217174.0,196860.0,126522.0,124416.0,140.6,1
21082.0,38907.0,8970.0,14456.0,149,81,172,82,31649.0,31655.0,12648.0,22737.0,140.6,0
1356.0,8950.0,1069.0,4379.0,142,65,121,0,4124.0,7249.0,685.0,2074.0,140.7,-1
390827.0,516420.0,63790.0,98844.0,1369,960,0,61,611098.0,501647.0,275710.0,238144.0,140.7,3
13107.0,16978.0,3690.0,5605.0,6021,6323,7808,7875,16576.0,16590.0,3008.0,2918.0,140.8,2
7665.0,21712.0,945.0,2612.0,3470,3692,4695,5146,12405.0,14177.0,1974.0,2603.0,140.9,2
5706.0,13847.0,928.0,1959.0,4855,5792,5691,6643,16873.0,19344.0,1237.0,3115.0,140.9,2
7103.0,20236.0,2044.0,4890.0,3871,4260,3913,4500,10408.0,11110.0,421.0,1477.0,140.9,2
5524.0,12747.0,2161.0,4743.0,3581,4517,4327,5417,10369.0,12649.0,1812.0,3109.0,140.9,2
7732.0,19611.0,2020.0,4331.0,3869,3844,5511,6047,14303.0,14684.0,1579.0,3152.0,140.9,2
286825.0,405391.0,34525.0,50776.0,995,704,412,178,147597.0,137657.0,101181.0,124170.0,141.0,3
20819.0,30992.0,5304.0,9979.0,385,232,115,131,22322.0,21023.0,5068.0,11027.0,141.0,0
2642.0,7935.0,1309.0,3516.0,5956,7566,7460,8329,16546.0,18215.0,789.0,2112.0,141.2,2
26430.0,48052.0,13244.0,24047.0,320,259,95,67,41434.0,39725.0,25672.0,30586.0,141.2,0
34897.0,69992.0,6763.0,9440.0,453,291,226,135,39663.0,36278.0,22571.0,31513.0,141.2,0
54085.0,86369.0,15145.0,22276.0,548,348,95,69,46700.0,43524.0,26186.0,31091.0,141.3,0
41297.0,63610.0,6294.0,10597.0,219,158,393,215,50595.0,47182.0,28520.0,35328.0,141.3,0
7108.0,16136.0,1726.0,4490.0,4065,4355,4998,5564,11084.0,12522.0,1351.0,1949.0,141.3,2
7125.0,15096.0,2077.0,5259.0,2329,2671,3367,3856,11553.0,12955.0,1356.0,2871.0,141.3,2
64285.0,82582.0,26910.0,43700.0,465,389,305,183,60960.0,54435.0,50618.0,42809.0,141.4,0
42147.0,59852.0,20943.0,34751.0,0,142,333,133,53270.0,47727.0,42713.0,33798.0,141.5,0
2826.0,10425.0,719.0,2243.0,2977,3795,3681,4753,9474.0,12257.0,2006.0,2730.0,141.5,2
2366.0,8695.0,423.0,2152.0,692,2024,892,2688,2308.0,7256.0,0.0,83.0,141.5,2
2228.0,6224.0,1378.0,4174.0,2326,2857,2893,3650,9322.0,11055.0,615.0,1547.0,141.6,2
5066.0,14649.0,1450.0,2884.0,1489,2406,1993,3254,4129.0,7458.0,1880.0,1574.0,141.6,2
2555.0,13257.0,387.0,3278.0,1752,2705,2579,3999,6971.0,10873.0,272.0,381.0,141.6,2
2086.0,7570.0,0.0,814.0,462,1415,756,2108,1963.0,5764.0,293.0,368.0,141.6,2
57506.0,83405.0,10663.0,16171.0,185,324,332,126,46904.0,43610.0,24064.0,33348.0,141.7,0
21975.0,40966.0,3716.0,8584.0,355,214,219,185,21825.0,20002.0,9804.0,15901.0,141.8,0
300002.0,415473.0,18499.0,27071.0,586,520,2528,2475,155120.0,143369.0,140258.0,123493.0,141.8,3
28689.0,43964.0,1936.0,4803.0,276,159,0,30,35999.0,33688.0,11991.0,19340.0,141.8,0
26245.0,41286.0,3160.0,5188.0,351,227,390,279,27270.0,27253.0,12031.0,20849.0,141.9,0
3575.0,21370.0,602.0,2653.0,2554,4554,3074,5822,7925.0,14917.0,287.0,1060.0,141.9,2
2490.0,8747.0,437.0,1393.0,1194,3045,1479,4280,3262.0,9547.0,471.0,1120.0,141.9,2
9445.0,20131.0,2332.0,3192.0,5462,5656,7053,7348,21104.0,20901.0,3569.0,4903.0,142.1,2
7768.0,15184.0,9602.0,15665.0,559,337,141,51,7884.0,6921.0,1477.0,1716.0,142.1,0
28320.0,34105.0,3580.0,6176.0,420,226,279,132,26684.0,25222.0,18487.0,17912.0,142.1,0
485694.0,612157.0,37637.0,50758.0,532,848,8320,7003,253016.0,209588.0,230982.0,180327.0,142.2,3
36882.0,54355.0,8999.0,10398.0,427,202,267,150,40197.0,39190.0,17122.0,34813.0,142.2,0
24675.0,38154.0,1361.0,2615.0,6766,6977,9730,9604,28728.0,28229.0,9250.0,6325.0,142.3,2
24930.0,35763.0,4475.0,7062.0,100,86,199,173,29970.0,28459.0,21513.0,21631.0,142.3,0
74194.0,113968.0,4507.0,8006.0,293,240,17,98,41076.0,36865.0,31910.0,25906.0,142.3,0
3052.0,11152.0,897.0,3002.0,2899,3776,3828,4941,10133.0,12902.0,331.0,544.0,142.4,2
7717.0,13600.0,2430.0,4070.0,5570,5773,6320,6595,12896.0,13277.0,969.0,1961.0,142.5,2
6808.0,12795.0,3769.0,7021.0,4355,4544,5995,6235,17693.0,17568.0,5044.0,4327.0,142.5,2
8936.0,23298.0,1991.0,3610.0,9343,10870,10719,12216,26604.0,30082.0,2882.0,3447.0,142.6,2
45667.0,61366.0,5226.0,8773.0,121,159,59,37,49662.0,44625.0,38486.0,32349.0,142.7,0
7834.0,14030.0,2689.0,3987.0,6347,6591,7510,6969,17101.0,16152.0,3606.0,3418.0,142.7,2
156149.0,211021.0,14223.0,20542.0,299,217,335,222,143784.0,119320.0,52564.0,52677.0,142.8,0
43750.0,55986.0,7364.0,10618.0,556,385,0,43,42687.0,39627.0,35061.0,33554.0,142.8,0
1700.0,7260.0,743.0,3859.0,811,2126,1005,2521,2923.0,8117.0,802.0,849.0,142.8,2
20737.0,31430.0,2803.0,4418.0,7397,6892,9096,8927,22967.0,22091.0,7114.0,5849.0,142.8,2
34599.0,53237.0,14163.0,19714.0,228,204,8,142,31255.0,27286.0,29818.0,24505.0,142.9,0
54796.0,80809.0,7772.0,11558.0,0,168,234,113,49175.0,46176.0,26726.0,33322.0,142.9,0
8128.0,19347.0,902.0,2460.0,3840,4048,6121,6564,18196.0,18608.0,2476.0,2960.0,142.9,2
604481.0,823032.0,46872.0,68823.0,1940,2389,25774,24351,237665.0,204073.0,219038.0,171253.0,143.0,3
5777.0,16242.0,3014.0,7472.0,3937,6863,5012,8155,12430.0,19066.0,2047.0,3463.0,143.1,2
4503.0,18327.0,2483.0,7858.0,2545,6315,3140,7539,6540.0,16786.0,45.0,82.0,143.1,2
1693.0,6926.0,1694.0,5141.0,1963,3075,2306,4080,5673.0,9308.0,0.0,944.0,143.1,2
67154.0,104689.0,10603.0,19111.0,101,251,0,23,57956.0,56301.0,37229.0,36150.0,143.1,0
19817.0,41778.0,1625.0,5213.0,8492,9094,11120,11633,26715.0,26416.0,5229.0,7061.0,143.1,2
10391.0,21153.0,1105.0,3097.0,3523,3899,4530,4555,12707.0,13111.0,1862.0,2546.0,143.1,2
8132.0,14126.0,3645.0,6127.0,2718,2572,4678,4470,13223.0,11800.0,1980.0,2501.0,143.2,2
39133.0,60507.0,6445.0,9380.0,303,179,212,131,46112.0,44930.0,20412.0,34158.0,143.3,0
426823.0,562775.0,20104.0,29701.0,2331,1940,20974,18816,248468.0,206740.0,222866.0,160291.0,143.3,3
14183.0,29031.0,4447.0,7763.0,118,187,23,57,20897.0,22227.0,6584.0,13016.0,143.3,0
1696.0,5353.0,377.0,1088.0,227,146,313,279,8514.0,9574.0,13100.0,16392.0,143.4,0
797696.0,903253.0,104215.0,140362.0,8534,6894,63690,53223,691226.0,532800.0,501325.0,390103.0,143.4,3
1344.0,7778.0,355.0,3541.0,1573,4495,2020,5574,4812.0,13739.0,445.0,2851.0,143.4,2
2339.0,11611.0,1019.0,4001.0,3908,5930,4289,6698,9788.0,15989.0,574.0,1425.0,143.4,2
42701.0,71456.0,34676.0,54659.0,97,233,197,95,62342.0,56122.0,40215.0,45521.0,143.4,0
2050.0,11009.0,1459.0,4620.0,1952,3549,2757,4917,7051.0,12602.0,212.0,194.0,143.4,2
56604.0,90430.0,7003.0,12595.0,598,314,304,183,50271.0,47418.0,24179.0,36921.0,143.5,0
2271.0,9078.0,2337.0,8117.0,249,175,84,0,6216.0,11597.0,6906.0,10250.0,143.5,-1
1579.0,6124.0,7396.0,15819.0,80,125,74,0,19177.0,20133.0,7756.0,7683.0,143.5,-1
2350490.0,1529520.0,4593070.0,4280660.0,9712,4115,2676,1179,1768630.0,1205240.0,1237800.0,744642.0,143.5,1
22947.0,46822.0,3319.0,6030.0,568,356,92,126,30727.0,29824.0,21668.0,21190.0,143.5,0
3023.0,10003.0,2233.0,6200.0,3259,4861,3455,5222,8203.0,11491.0,373.0,815.0,143.5,2
24556.0,45524.0,2485.0,4638.0,406,244,131,83,24142.0,21713.0,8405.0,16613.0,143.5,0
12865.0,16931.0,1225.0,2547.0,4773,4621,6367,6267,18398.0,18988.0,4767.0,4366.0,143.6,2
64037.0,98293.0,27306.0,42978.0,592,331,79,79,94899.0,88717.0,62329.0,63799.0,143.6,0
1208.0,7441.0,839.0,3067.0,1137,2117,1704,3291,4837.0,9184.0,264.0,524.0,143.7,2
9938.0,16054.0,2289.0,5161.0,3385,3735,5931,6053,13987.0,14338.0,263.0,2107.0,143.7,2
967.0,3835.0,587.0,2555.0,882,2128,1600,3988,4305.0,9727.0,1514.0,2484.0,143.7,2
2114.0,6990.0,731.0,1909.0,1797,2701,2369,4491,5987.0,10920.0,351.0,767.0,143.7,2
667.0,3288.0,312.0,1770.0,1477,2294,2120,3454,6497.0,10780.0,0.0,0.0,143.7,2
11281.0,16887.0,3400.0,5629.0,2718,2242,3554,3899,11300.0,11399.0,1646.0,2576.0,143.8,2
5541.0,9909.0,1975.0,3186.0,3533,3733,4106,4601,9860.0,10407.0,1153.0,2840.0,143.8,2
4840.0,9568.0,1053.0,2939.0,4819,5146,5828,6405,11884.0,12576.0,1319.0,2042.0,143.8,2
50617.0,82717.0,4011.0,8190.0,330,248,0,30,30310.0,28760.0,30231.0,24741.0,143.9,0
50482.0,84159.0,50640.0,85699.0,3188,2650,7076,7090,18353.0,18691.0,5691.0,5946.0,144.1,3
49655.0,81171.0,14535.0,21026.0,312,272,134,71,66827.0,59481.0,58688.0,49444.0,144.1,0
25343.0,35887.0,8119.0,12906.0,221,72,143,90,21772.0,19105.0,12844.0,13594.0,144.2,0
3780.0,9969.0,468.0,1980.0,288,286,106,48,11187.0,8365.0,1526.0,2034.0,144.2,0
444300.0,538691.0,74573.0,100614.0,1688,1291,248,164,745853.0,610814.0,306666.0,266897.0,144.2,3
2200.0,11957.0,0.0,774.0,1321,2051,1782,2861,4655.0,7387.0,244.0,577.0,144.2,2
2930.0,10698.0,0.0,1063.0,1330,1951,1280,2705,2833.0,6386.0,266.0,218.0,144.2,2
6632.0,13959.0,1781.0,4317.0,3107,3555,3958,4248,9544.0,9542.0,521.0,1010.0,144.3,2
31333.0,50951.0,19599.0,32497.0,336,162,149,79,47651.0,45685.0,23705.0,31334.0,144.3,0
6355.0,10893.0,2684.0,5126.0,5263,5577,6645,7481,15713.0,16077.0,1711.0,3133.0,144.3,2
3309.0,9379.0,1247.0,2698.0,3330,4206,3784,4255,8745.0,10019.0,0.0,943.0,144.3,2
4085.0,5045.0,1206.0,2195.0,3452,4027,4833,5191,11977.0,11629.0,2839.0,2951.0,144.3,2
1593.0,7283.0,1119.0,3523.0,2947,4534,4000,6119,9712.0,14753.0,855.0,1469.0,144.4,2
33401.0,53389.0,3695.0,6406.0,330,228,54,59,38984.0,38602.0,22121.0,33011.0,144.4,0
30757.0,40219.0,4990.0,8277.0,148,224,494,215,27863.0,26235.0,22274.0,21666.0,144.5,0
4462.0,12828.0,1229.0,4737.0,2697,3295,3616,4181,8757.0,10387.0,0.0,419.0,144.6,2
6612.0,18266.0,1194.0,2552.0,4155,4573,5175,5358,11782.0,11957.0,372.0,1919.0,144.6,2
47622.0,77450.0,8593.0,14704.0,309,231,8,88,45852.0,43376.0,34579.0,29603.0,144.7,0
33634.0,55309.0,7731.0,12263.0,198,248,292,208,55831.0,52008.0,53716.0,42267.0,144.7,0
2384.0,12375.0,2028.0,7357.0,1133,2637,1494,3779,3643.0,8330.0,776.0,1311.0,144.8,2
1157.0,6079.0,1471.0,7044.0,1803,2942,2231,3982,5244.0,8840.0,852.0,1333.0,144.8,2
4054.0,8344.0,13195.0,22342.0,4388,4700,5335,5717,12281.0,12355.0,334.0,1454.0,145.0,2
11730.0,29896.0,4145.0,7379.0,7976,7954,10902,11579,26761.0,27107.0,4027.0,4868.0,145.0,2
351697.0,454326.0,57083.0,87968.0,529,584,4897,4560,178497.0,148336.0,140496.0,123205.0,145.0,3
34025.0,58966.0,5532.0,10899.0,179,156,0,8,32844.0,30986.0,17513.0,23445.0,145.0,0
2113.0,10297.0,717.0,2552.0,964,2673,1232,3329,2924.0,7168.0,1001.0,2642.0,145.0,2
12297.0,24632.0,2437.0,4122.0,3874,4124,5559,5838,16014.0,17817.0,1658.0,3527.0,145.1,2
10340.0,21217.0,1378.0,3301.0,5034,5173,7063,7163,18478.0,19434.0,2680.0,3907.0,145.1,2
3814.0,15157.0,980.0,2160.0,2247,2259,2897,3276,6984.0,8007.0,1094.0,1957.0,145.1,2
21624.0,38302.0,3532.0,4822.0,502,291,51,10,24956.0,23514.0,11740.0,21012.0,145.1,0
2569.0,14851.0,320.0,1989.0,154,29,235,201,2228.0,5219.0,9773.0,17163.0,145.2,0
26087.0,47983.0,5606.0,10260.0,248,284,266,143,30023.0,28682.0,6833.0,11694.0,145.2,0
37304.0,52757.0,26103.0,39884.0,160,218,535,198,36277.0,32303.0,30643.0,25988.0,145.2,0
26915.0,38287.0,3542.0,5246.0,2872,2608,7324,7334,20127.0,20006.0,6482.0,6968.0,145.3,3
43757.0,70030.0,4629.0,8624.0,454,327,2,48,44177.0,43697.0,39722.0,42735.0,145.4,0
23369.0,40305.0,2058.0,3935.0,11375,11765,13910,14251,34321.0,32601.0,3937.0,5551.0,145.5,2
329044.0,439854.0,49270.0,71825.0,426,444,0,90,172636.0,146919.0,95881.0,88922.0,145.5,3
2950.0,6744.0,1411.0,2776.0,2790,3195,3942,4915,11619.0,14117.0,193.0,3409.0,145.5,2
4376.0,12807.0,1979.0,4454.0,2883,3616,4183,4999,10921.0,12759.0,1164.0,1419.0,145.6,2
44853.0,77642.0,3064.0,5395.0,325,299,285,185,71373.0,67113.0,43344.0,56641.0,145.6,0
4218.0,7903.0,1349.0,4143.0,922,2787,1483,3746,4189.0,9451.0,2249.0,2307.0,145.6,2
3486.0,11279.0,2729.0,5114.0,4919,5780,5473,6291,13848.0,16014.0,1678.0,1827.0,145.7,2
25953.0,33636.0,12103.0,20542.0,155,175,329,207,37639.0,35740.0,22214.0,25778.0,145.7,0
1277.0,7903.0,868.0,4522.0,1371,2261,1804,2986,5203.0,8978.0,63.0,642.0,145.7,2
5628.0,17293.0,1271.0,2755.0,3651,4398,4804,6176,10613.0,12648.0,1798.0,2256.0,145.7,2
7812.0,18999.0,681.0,2798.0,5915,6502,7858,8639,22346.0,24683.0,1886.0,3016.0,145.8,2
12011.0,17502.0,1641.0,3881.0,4439,4571,5947,5784,16176.0,14894.0,4627.0,3364.0,145.8,2
12105.0,19166.0,1704.0,3942.0,3943,3982,5651,6054,17270.0,17334.0,2759.0,2673.0,145.9,2
27432.0,52005.0,5831.0,10993.0,216,153,0,13,35717.0,35821.0,19194.0,25449.0,146.0,0
45409.0,72894.0,33479.0,51662.0,255,110,0,0,46800.0,43513.0,24681.0,36329.0,146.0,-1
4952.0,9882.0,2454.0,4129.0,3210,3116,3904,4379,9848.0,10541.0,1366.0,2522.0,146.0,2
30375.0,51236.0,14331.0,22425.0,429,302,346,179,37855.0,36164.0,14887.0,30685.0,146.0,0
8085.0,12398.0,4464.0,7297.0,5443,6136,7340,8007,17455.0,18088.0,3425.0,3419.0,146.1,2
23133.0,38204.0,4838.0,6515.0,330,161,286,177,23735.0,22386.0,15941.0,17848.0,146.2,0
43167.0,68442.0,21740.0,33415.0,222,300,225,208,45929.0,45628.0,20569.0,33370.0,146.3,0
2361.0,9673.0,1050.0,4429.0,3056,4764,3576,5581,7967.0,12813.0,0.0,786.0,146.3,2
270110.0,397879.0,23654.0,34790.0,977,522,472,267,120892.0,108706.0,81657.0,63661.0,146.3,3
5860.0,10340.0,1489.0,2856.0,2047,1821,2097,2056,6514.0,6944.0,1565.0,1346.0,146.4,2
2075.0,11739.0,811.0,3258.0,1996,3866,2290,4459,5747.0,10852.0,433.0,949.0,146.4,2
1017.0,5828.0,611.0,3432.0,723,2151,973,2860,2023.0,6957.0,582.0,850.0,146.4,2
2698.0,10890.0,1297.0,3791.0,1060,2945,1303,3652,3263.0,7319.0,1047.0,1497.0,146.4,2
4114.0,14178.0,1175.0,3445.0,4124,5070,4720,5855,10027.0,12464.0,1685.0,1896.0,146.5,2
7915.0,15433.0,4370.0,8547.0,1991,2095,3558,3686,9903.0,9913.0,1251.0,2076.0,146.5,2
3446.0,9505.0,592.0,2025.0,3361,4290,3848,4844,10380.0,12669.0,2344.0,3395.0,146.6,2
1355.0,8239.0,2138.0,8316.0,115,0,160,63,2575.0,4170.0,804.0,1770.0,146.7,0
1069990.0,1377170.0,755363.0,1069420.0,3597,3236,3219,2795,391331.0,344629.0,166143.0,153086.0,146.7,1
89654.0,132500.0,37297.0,58522.0,302,209,114,51,14175.0,14795.0,11546.0,12521.0,146.8,3
18121.0,27858.0,4286.0,8102.0,596,314,266,174,24438.0,23141.0,11456.0,16430.0,146.8,0
9086.0,10475.0,2295.0,4334.0,7137,7281,8039,7504,21078.0,19805.0,1258.0,2427.0,146.9,2
9617.0,20310.0,2267.0,4557.0,4849,5039,6090,6210,12852.0,12953.0,2844.0,3043.0,146.9,2
3104.0,16091.0,477.0,1749.0,104,0,152,64,7335.0,10067.0,285.0,777.0,146.9,0
4054.0,18762.0,0.0,432.0,46,0,222,178,3707.0,6495.0,27466.0,66172.0,146.9,0
502483.0,599412.0,52624.0,68176.0,1795,1370,339,281,1140440.0,935035.0,349425.0,327317.0,146.9,3
7559.0,15777.0,2341.0,5750.0,2766,3078,3836,4022,10850.0,10862.0,1728.0,3058.0,147.0,2
12879.0,23663.0,5221.0,9348.0,320,162,0,76,19976.0,20080.0,3647.0,11313.0,147.0,0
5610.0,13836.0,2025.0,6037.0,4027,3982,5271,5861,13648.0,14640.0,1316.0,1468.0,147.0,2
31367.0,51642.0,5541.0,9666.0,285,144,269,131,39432.0,38721.0,12104.0,25137.0,147.0,0
48955.0,72907.0,3165.0,5475.0,130,74,387,195,49847.0,48012.0,36576.0,37001.0,147.1,0
2451.0,9276.0,918.0,2853.0,3497,6232,4258,7345,10822.0,18752.0,1717.0,2572.0,147.2,2
4834.0,14473.0,2777.0,5207.0,4466,4868,5502,6174,14217.0,15054.0,773.0,2569.0,147.2,2
5645.0,12030.0,358.0,1771.0,3843,4045,4595,4859,12257.0,11799.0,0.0,2095.0,147.3,2
3044.0,9575.0,801.0,2430.0,1438,2718,2012,4197,5724.0,11385.0,761.0,1442.0,147.3,2
5393.0,9761.0,171.0,1017.0,1172,2445,1516,3851,3960.0,9925.0,348.0,410.0,147.3,2
11523.0,18814.0,4322.0,5926.0,6655,6729,8963,9349,23590.0,24021.0,1231.0,4324.0,147.3,2
3561.0,8369.0,549.0,3094.0,927,2245,1094,2875,3426.0,7003.0,1655.0,2243.0,147.4,2
1373.0,5870.0,200.0,1829.0,716,2078,810,2844,2371.0,6764.0,109.0,367.0,147.4,2
6120.0,19641.0,1289.0,3017.0,4145,4499,5354,6086,13316.0,15330.0,2313.0,2489.0,147.5,2
7810.0,15943.0,1500.0,3553.0,5449,5936,7741,8279,18162.0,19788.0,2754.0,4787.0,147.5,2
14798.0,27907.0,3239.0,5692.0,8181,7845,10119,10360,26034.0,26043.0,4834.0,4735.0,147.5,2
2014.0,7301.0,475.0,1390.0,1647,1928,2574,3121,7561.0,9311.0,451.0,943.0,147.5,2
5741.0,16008.0,1792.0,3921.0,4118,4455,5386,5715,14754.0,16316.0,594.0,2060.0,147.6,2
19843.0,30373.0,628.0,2757.0,4400,4353,6090,6129,18319.0,18021.0,5737.0,5294.0,147.7,2
11138.0,12578.0,1709.0,2830.0,4453,4210,6604,6114,20050.0,19488.0,5255.0,4207.0,147.7,2
34973.0,56050.0,3561.0,6131.0,491,210,112,98,38860.0,36589.0,10450.0,23137.0,147.8,0
6167.0,15220.0,1666.0,3437.0,3943,5092,4397,5945,8675.0,11226.0,1056.0,1201.0,147.8,2
4901.0,14390.0,835.0,3247.0,1274,1561,2104,2620,5218.0,7201.0,752.0,1725.0,147.9,2
7484.0,11062.0,1261.0,3493.0,3518,3576,5094,5291,14626.0,15687.0,1115.0,2785.0,147.9,2
49221.0,79145.0,11924.0,20424.0,41,128,137,86,57783.0,51586.0,54252.0,46594.0,148.0,0
11317.0,13487.0,4184.0,4275.0,4681,4499,6844,7183,16176.0,16220.0,4078.0,4156.0,148.0,2
12254.0,28542.0,1280.0,3324.0,9843,10554,12602,13671,30020.0,31776.0,2782.0,4411.0,148.0,2
30705.0,52386.0,14214.0,24755.0,212,109,0,91,43760.0,39891.0,23722.0,31961.0,148.1,0
63302.0,111230.0,12417.0,20716.0,468,271,389,151,43544.0,39327.0,23781.0,30673.0,148.1,0
23306.0,29854.0,12690.0,18628.0,641,231,354,175,27363.0,26384.0,23253.0,19901.0,148.1,0
7934.0,15612.0,2689.0,6155.0,3657,3815,4274,4670,12504.0,13179.0,0.0,1050.0,148.1,2
1730.0,5586.0,767.0,2968.0,176,118,13,0,3127.0,4156.0,945.0,1038.0,148.2,-1
1646.0,5621.0,533.0,3119.0,227,144,84,0,1489.0,4111.0,18018.0,24939.0,148.2,-1
530322.0,697447.0,427131.0,588799.0,1134,704,182,187,293949.0,257056.0,132024.0,114700.0,148.2,3
36906.0,54213.0,2828.0,5720.0,364,227,45,90,47058.0,43094.0,36294.0,31213.0,148.2,0
25690.0,56578.0,17812.0,33158.0,701,399,194,111,40757.0,40597.0,13893.0,26067.0,148.2,0
92290.0,151267.0,24153.0,36000.0,523,352,206,161,218648.0,182000.0,60289.0,66769.0,148.2,0
15333.0,31961.0,10120.0,16888.0,4385,4623,5528,5739,15601.0,14991.0,3005.0,2787.0,148.2,2
38500.0,57135.0,3821.0,6856.0,174,155,188,60,49966.0,46593.0,34754.0,34852.0,148.2,0
2594.0,8325.0,494.0,1319.0,2389,3828,2759,4704,7453.0,12060.0,1272.0,1908.0,148.3,2
5134.0,14317.0,1191.0,3693.0,5434,7055,6829,8360,14069.0,16358.0,2052.0,3355.0,148.3,2
14370.0,29869.0,1855.0,3068.0,5281,5389,6794,6881,17116.0,15540.0,3720.0,3739.0,148.3,2
17885.0,29414.0,6272.0,9882.0,6515,6595,9154,8910,28893.0,27701.0,6179.0,6249.0,148.4,2
5078.0,11774.0,2023.0,4597.0,3668,4782,4555,6022,12608.0,16065.0,0.0,670.0,148.5,2
7365.0,10276.0,6572.0,9244.0,4209,4371,5787,5961,17234.0,17563.0,3209.0,4181.0,148.5,2
24167.0,34919.0,2676.0,4268.0,7518,7664,10078,10126,23383.0,22825.0,7888.0,6417.0,148.5,2
26433.0,40536.0,8373.0,12314.0,412,222,95,105,30104.0,30075.0,8799.0,20129.0,148.5,0
22730.0,49275.0,9065.0,17877.0,112,93,349,175,36373.0,37198.0,11531.0,24049.0,148.5,0
67970.0,103431.0,18452.0,30924.0,403,227,0,39,54656.0,52509.0,31537.0,38708.0,148.5,0
4473.0,13799.0,1349.0,2762.0,3675,4275,5655,6090,14046.0,15317.0,2456.0,4342.0,148.6,2
8009.0,16045.0,1289.0,3815.0,4587,4570,5932,6125,14827.0,16196.0,1169.0,3102.0,148.6,2
2150.0,12333.0,1217.0,3930.0,2651,5073,3459,6272,8514.0,15168.0,361.0,2049.0,148.6,2
6483.0,16979.0,985.0,1896.0,3313,3873,3920,4307,8461.0,9568.0,483.0,915.0,148.7,2
4428.0,14202.0,1283.0,2525.0,2802,3295,2925,3120,6185.0,6664.0,9.0,676.0,148.8,2
2523.0,9336.0,726.0,6584.0,37,0,77,0,1744.0,4462.0,21241.0,34532.0,148.8,-1
41187.0,61381.0,27954.0,48582.0,0,51,149,120,42456.0,41984.0,13887.0,28823.0,148.8,0
4402.0,14676.0,1594.0,3472.0,4678,5150,6005,6634,15573.0,16950.0,1421.0,1939.0,148.8,2
2128.0,7002.0,7815.0,17311.0,116,43,203,95,4846.0,5292.0,477.0,887.0,148.9,0
2414320.0,2023750.0,4943210.0,4720820.0,6672,3333,1735,931,435398.0,299161.0,256568.0,167262.0,148.9,1
36195.0,55122.0,6711.0,10162.0,149,163,65,129,33834.0,32520.0,32057.0,25889.0,148.9,0
7453.0,12164.0,2538.0,5094.0,3648,3503,4284,4474,13192.0,14073.0,2902.0,3878.0,148.9,2
10049.0,18535.0,1489.0,2776.0,4656,4580,6680,6622,16142.0,16286.0,3873.0,3422.0,148.9,2
812.0,4839.0,767.0,3302.0,811,2080,743,2122,2612.0,6925.0,722.0,1328.0,149.0,2
26877.0,49203.0,10695.0,17817.0,213,117,307,139,36726.0,33756.0,25247.0,25316.0,149.0,0
2038.0,11362.0,324.0,1878.0,231,189,160,58,1944.0,4382.0,827.0,1146.0,149.0,0
2565.0,7351.0,533.0,1557.0,74,0,153,55,7891.0,7333.0,288.0,575.0,149.0,0
663491.0,898626.0,35915.0,46924.0,1845,1872,136,159,713677.0,569918.0,259439.0,241330.0,149.0,3
25935.0,41151.0,2890.0,4057.0,308,212,32,28,26382.0,24712.0,9833.0,19461.0,149.1,0
9668.0,18514.0,2143.0,4572.0,3503,3315,5152,5528,14873.0,16660.0,1571.0,4415.0,149.1,2
6539.0,16456.0,2001.0,3797.0,5206,5056,7469,7944,17311.0,17736.0,94.0,2688.0,149.2,2
14867.0,26581.0,2741.0,5261.0,4776,4951,6648,6958,17959.0,17850.0,1202.0,3192.0,149.2,2
5669.0,11408.0,2938.0,5169.0,4656,4958,6203,6624,16832.0,17092.0,1666.0,2394.0,149.3,2
4100.0,11549.0,2377.0,4555.0,3173,3374,3618,3741,9587.0,10016.0,129.0,185.0,149.3,2
6244.0,12597.0,3663.0,7694.0,2320,1987,2790,2894,8070.0,7790.0,674.0,1365.0,149.3,2
12628.0,19094.0,2949.0,5192.0,7138,7322,7984,7997,19458.0,20257.0,2011.0,3676.0,149.4,2
6144.0,18869.0,4408.0,8007.0,1371,1630,3187,3217,10665.0,11919.0,2573.0,5894.0,149.5,2
26489.0,48088.0,8416.0,13353.0,151,133,409,189,37349.0,36487.0,26557.0,33457.0,149.6,0
2064.0,11033.0,724.0,3733.0,1139,2339,1919,3493,4721.0,8895.0,612.0,1613.0,149.6,2
753.0,3420.0,1356.0,5165.0,106,0,119,0,13615.0,23256.0,5032.0,8667.0,149.6,-1
684.0,2863.0,2283.0,12436.0,260,246,144,54,8767.0,15462.0,123685.0,274238.0,149.6,3
2038000.0,1787770.0,3111740.0,2800160.0,8502,5178,2988,1615,3910560.0,2479350.0,2968560.0,1803610.0,149.6,1
11756.0,24353.0,1927.0,4094.0,7793,8037,9494,9803,20927.0,20697.0,1556.0,3119.0,149.8,2
3377.0,7727.0,219.0,1891.0,4610,4595,5729,6117,14905.0,16351.0,494.0,2875.0,149.8,2
89433.0,144260.0,18545.0,28848.0,3805,3908,6127,6589,27048.0,25559.0,8060.0,6721.0,149.9,3
30038.0,43542.0,7489.0,11320.0,218,273,627,279,25158.0,23645.0,16999.0,20914.0,149.9,0
25112.0,35934.0,4042.0,7077.0,311,187,259,144,26940.0,28011.0,11394.0,17807.0,149.9,0
6471.0,16341.0,1822.0,3436.0,4450,4722,6579,6772,17323.0,18991.0,1570.0,3216.0,150.0,2
47350.0,82881.0,7669.0,12663.0,357,268,0,29,54121.0,53057.0,20847.0,33515.0,150.2,0
37273.0,63075.0,6256.0,8967.0,46,99,307,151,31272.0,28091.0,22160.0,21792.0,150.2,0
14453.0,24128.0,2420.0,3629.0,4375,4193,6253,6213,16474.0,16475.0,3899.0,4619.0,150.3,2
31497.0,45080.0,14013.0,13793.0,162,110,220,116,41558.0,38091.0,27314.0,36688.0,150.3,0
3206.0,5986.0,2298.0,4892.0,4252,4773,5034,5436,11869.0,11733.0,2114.0,1772.0,150.3,2
16573.0,15786.0,3127.0,3010.0,2975,3095,4453,4074,12358.0,11791.0,4761.0,3507.0,150.3,2
39005.0,64686.0,82854.0,141341.0,212,203,74,33,53758.0,53200.0,16694.0,34104.0,150.4,3
51911.0,82981.0,12778.0,20019.0,64,128,159,97,48477.0,44077.0,38876.0,34728.0,150.4,0
1934.0,8178.0,916.0,2730.0,44,55,188,60,5774.0,7425.0,4618.0,4319.0,150.4,0
1172050.0,1566690.0,185403.0,217043.0,1688,1448,967,431,829579.0,701935.0,529561.0,435662.0,150.4,1
6507.0,15831.0,1579.0,4097.0,2634,2748,3525,3676,8999.0,9174.0,1055.0,2745.0,150.4,2
6392.0,8372.0,693.0,2047.0,4521,4521,5250,5042,16907.0,14668.0,2931.0,4210.0,150.4,2
41429.0,59893.0,8599.0,13768.0,388,243,196,140,45725.0,45535.0,12534.0,28385.0,150.5,0
15772.0,28760.0,2794.0,5260.0,6148,6611,8099,8391,18468.0,18185.0,1169.0,5019.0,150.5,2
23190.0,33668.0,2725.0,4915.0,509,451,346,210,34782.0,33026.0,16659.0,26573.0,150.5,0
122002.0,182466.0,6016.0,9904.0,168,228,86,181,107638.0,95751.0,35568.0,43294.0,150.5,0
38253.0,52976.0,5480.0,9283.0,258,138,460,159,38432.0,37539.0,16116.0,27768.0,150.6,0
56413.0,65642.0,19093.0,27052.0,162,145,95,157,63446.0,56715.0,48751.0,41246.0,150.6,0
4712.0,12175.0,1680.0,3309.0,1453,1676,2569,3121,7881.0,9714.0,2516.0,2809.0,150.6,2
29370.0,47516.0,8544.0,13519.0,157,34,317,115,38656.0,36348.0,11046.0,23968.0,150.7,0
44095.0,61863.0,14365.0,23786.0,62,176,184,137,44510.0,40542.0,33877.0,32953.0,150.7,0
7585.0,12726.0,1249.0,3428.0,5537,6139,6798,7580,14536.0,15558.0,0.0,1168.0,150.7,2
36849.0,47086.0,13967.0,21251.0,182,219,8,50,33458.0,33356.0,19193.0,24647.0,150.8,0
9478.0,16982.0,738.0,2524.0,5404,5647,6983,7523,17200.0,16454.0,2991.0,3632.0,150.8,2
1254.0,8058.0,235.0,2463.0,1094,2871,974,2839,2711.0,7475.0,1663.0,3917.0,150.9,2
1377.0,5107.0,1144.0,2802.0,9546,11695,10922,13172,21532.0,26017.0,1094.0,904.0,150.9,2
16673.0,28981.0,2023.0,3443.0,327,158,42,49,22998.0,21378.0,16102.0,15764.0,150.9,0
175756.0,265165.0,47459.0,68860.0,475,310,449,159,256273.0,213626.0,115924.0,97860.0,150.9,0
1438.0,3527.0,973.0,3015.0,1184,2485,1933,3547,4360.0,8745.0,0.0,56.0,151.0,2
1618.0,5646.0,2519.0,6570.0,2296,2944,3103,4278,8224.0,11207.0,316.0,1154.0,151.1,2
5286.0,5682.0,578.0,2714.0,789,1595,1142,2604,3605.0,8311.0,3966.0,3183.0,151.2,2
2139.0,10876.0,703.0,3238.0,1206,2227,1580,3358,5234.0,10775.0,0.0,410.0,151.2,2
22332.0,42835.0,3843.0,7123.0,388,301,48,40,24637.0,23959.0,10080.0,15727.0,151.2,0
34833.0,51625.0,5789.0,11060.0,148,182,150,174,42625.0,39109.0,18459.0,30640.0,151.3,0
13359.0,21856.0,1721.0,5759.0,4013,3812,5986,6310,17391.0,17499.0,5380.0,5156.0,151.3,2
11521.0,18511.0,2815.0,4523.0,4454,4435,5699,5890,14069.0,14184.0,3831.0,3976.0,151.3,2
25992.0,46638.0,2707.0,5841.0,4632,4553,7461,7392,19447.0,19646.0,3654.0,5307.0,151.4,2
19674.0,35601.0,765.0,3168.0,276,231,419,190,20914.0,19835.0,8399.0,12557.0,151.5,0
8145.0,16303.0,3795.0,6974.0,1955,2186,2638,2718,7904.0,7737.0,1263.0,1514.0,151.5,2
73758.0,107370.0,8278.0,11831.0,197,114,288,151,27966.0,26998.0,13998.0,17756.0,151.5,0
6961.0,14484.0,971.0,2102.0,3162,3072,4723,4616,11887.0,10674.0,2347.0,1931.0,151.6,2
11134.0,16819.0,3819.0,5030.0,4770,4569,6712,6980,18492.0,18496.0,3834.0,3833.0,151.6,2
9305.0,19835.0,1848.0,5314.0,13048,13700,15119,16201,32690.0,33936.0,1208.0,2455.0,151.6,2
52757.0,88048.0,13943.0,21392.0,83,211,146,89,70713.0,65189.0,49560.0,48127.0,151.7,0
32569.0,42273.0,5072.0,7258.0,210,120,30,116,29853.0,29208.0,23550.0,18864.0,151.8,0
3192.0,12466.0,1138.0,4253.0,2163,2951,2206,2867,5842.0,7935.0,437.0,422.0,151.8,2
52996.0,79906.0,7422.0,11994.0,109,83,0,0,47587.0,45694.0,33628.0,43079.0,151.8,-1
36066.0,51513.0,5623.0,10551.0,200,115,68,77,36244.0,36692.0,14077.0,21626.0,151.9,0
2462.0,9514.0,276.0,1167.0,3707,4614,5298,6975,13627.0,17461.0,0.0,491.0,152.0,2
29485.0,45459.0,7321.0,11897.0,106,187,0,33,36947.0,34420.0,32115.0,24257.0,152.0,0
20624.0,41363.0,3355.0,5824.0,1921,2240,5830,6253,15667.0,15320.0,2789.0,4752.0,152.0,3
3350.0,14294.0,1625.0,5014.0,1481,3124,1917,4053,5703.0,13116.0,1651.0,3592.0,152.1,2
8365.0,13761.0,1754.0,2633.0,2400,2474,3245,3230,9918.0,9565.0,1956.0,2808.0,152.1,2
41665.0,58529.0,10254.0,15901.0,607,287,373,126,44942.0,40964.0,26507.0,31516.0,152.1,0
4951.0,13486.0,1182.0,2448.0,2625,3229,3771,4904,9814.0,12533.0,1318.0,2016.0,152.2,2
117757.0,167922.0,15038.0,22056.0,541,240,52,47,159060.0,138685.0,47018.0,60496.0,152.3,0
44243.0,74248.0,5856.0,9393.0,391,245,95,86,56559.0,54678.0,35674.0,44116.0,152.3,0
119919.0,177100.0,7159.0,11262.0,376,302,158,125,127919.0,112731.0,48586.0,51840.0,152.4,0
11123.0,27955.0,2748.0,5554.0,4985,5206,5376,5663,14626.0,15132.0,2114.0,3465.0,152.4,2
2452.0,8822.0,327.0,960.0,1583,3773,1906,4663,4687.0,10411.0,901.0,1481.0,152.4,2
7912.0,17934.0,2576.0,3927.0,5289,5198,7035,7287,19505.0,19470.0,91.0,2213.0,152.5,2
6440.0,17712.0,1689.0,4902.0,2207,2709,3501,4155,9536.0,10618.0,308.0,2197.0,152.6,2
386350.0,521512.0,492420.0,653329.0,729,555,638,240,253613.0,214830.0,160041.0,132298.0,152.6,3
10844.0,21944.0,993.0,2930.0,5091,4987,7034,6916,21497.0,21948.0,3257.0,3211.0,152.6,2
77231.0,116362.0,11514.0,16391.0,497,233,0,80,56852.0,54323.0,49404.0,42972.0,152.7,0
5725.0,8477.0,1450.0,3483.0,3647,4332,4856,5326,13248.0,14872.0,1616.0,1432.0,152.7,2
348166.0,514268.0,37087.0,53913.0,924,596,0,27,283455.0,245476.0,105395.0,127815.0,152.9,3
1691.0,10237.0,1448.0,5529.0,1565,3159,2309,4767,6256.0,12387.0,0.0,0.0,152.9,2
21886.0,32908.0,1879.0,3332.0,1923,1590,4106,4000,10693.0,10094.0,6090.0,5337.0,152.9,2
1308.0,4476.0,1349.0,3575.0,3229,3658,3434,3894,8798.0,9868.0,1611.0,1577.0,153.0,2
1141.0,5779.0,611.0,2726.0,200,225,109,0,2386.0,4372.0,1398.0,2278.0,153.0,-1
694.0,3562.0,396.0,1953.0,180,102,55,0,3401.0,5861.0,29266.0,63568.0,153.0,-1
549079.0,621275.0,1702120.0,2426630.0,1736,1187,0,126,1341550.0,930841.0,638595.0,472150.0,153.0,1
23801.0,33106.0,5238.0,8700.0,267,177,0,1,28913.0,26930.0,19996.0,19969.0,153.0,0
4405.0,7843.0,4428.0,5696.0,4172,4264,5348,5377,14990.0,15233.0,1533.0,2013.0,153.0,2
3368.0,10034.0,1141.0,3461.0,5106,7798,5838,9095,12779.0,20043.0,1982.0,2623.0,153.0,2
34608.0,53866.0,15505.0,26375.0,0,149,185,105,33759.0,33244.0,7923.0,15710.0,153.1,0
5644.0,10390.0,1036.0,2208.0,2292,2431,2754,2941,8178.0,8361.0,2893.0,2685.0,153.1,2
8218.0,17246.0,2094.0,4595.0,3777,3879,5632,5940,13074.0,12532.0,2478.0,3438.0,153.3,2
9536.0,19713.0,1483.0,4619.0,5902,6368,8032,8462,24337.0,25652.0,3206.0,5055.0,153.3,2
7739.0,16139.0,2902.0,4711.0,4744,4363,5370,4891,12269.0,11781.0,1062.0,1499.0,153.4,2
65009.0,107323.0,6564.0,10795.0,97,247,184,67,49958.0,44923.0,34020.0,42590.0,153.5,0
22216.0,30543.0,6794.0,9170.0,381,257,316,163,32400.0,31550.0,12425.0,22667.0,153.5,0
40490.0,61621.0,4368.0,6210.0,517,253,149,172,42649.0,39182.0,22078.0,32123.0,153.5,0
2405.0,9799.0,2118.0,6057.0,2383,3967,2991,5317,7523.0,13653.0,427.0,1571.0,153.6,2
19290.0,25036.0,7400.0,10419.0,388,294,71,96,26253.0,25753.0,20725.0,19168.0,153.6,0
2364.0,8753.0,712.0,2820.0,2714,3850,4199,6066,10616.0,15395.0,0.0,435.0,153.6,2
10505.0,12839.0,1495.0,3007.0,3108,3049,4807,4751,13935.0,13017.0,6175.0,4578.0,153.8,2
2747.0,16291.0,135.0,2293.0,910,1617,1317,2503,2608.0,5076.0,65.0,358.0,153.8,2
32470.0,57417.0,21934.0,37751.0,230,212,121,35,40693.0,38014.0,20715.0,30232.0,153.8,0
4324.0,13543.0,1268.0,4224.0,2613,3179,3460,4311,10760.0,13673.0,671.0,2361.0,153.9,2
66971.0,98044.0,27803.0,42480.0,200,162,434,196,63897.0,56543.0,36548.0,45282.0,153.9,0
2875.0,17146.0,1695.0,6316.0,5646,12064,5357,11269,9190.0,20303.0,0.0,1076.0,153.9,1
1826.0,10206.0,853.0,4236.0,740,989,1128,1783,3069.0,4825.0,559.0,790.0,154.0,2
16536.0,28805.0,2873.0,4780.0,201,152,0,19,26528.0,26967.0,6973.0,13637.0,154.0,0
15011.0,25996.0,14551.0,24296.0,396,322,158,86,7332.0,6982.0,833.0,1507.0,154.1,0
32818.0,41369.0,8999.0,13881.0,162,190,348,120,30357.0,26172.0,26455.0,19753.0,154.1,0
5013.0,17070.0,1119.0,5215.0,3639,4434,4289,5240,10119.0,12439.0,576.0,831.0,154.1,2
68742.0,105933.0,17229.0,28222.0,351,215,261,133,80815.0,78381.0,37182.0,58743.0,154.1,0
1790.0,10736.0,319.0,1216.0,1066,2129,1096,2468,2899.0,6998.0,1006.0,1587.0,154.2,2
3282.0,9535.0,593.0,4523.0,967,2110,1078,3239,2457.0,7152.0,293.0,706.0,154.2,2
33424.0,49600.0,17685.0,30174.0,366,271,163,107,39382.0,40010.0,18889.0,32554.0,154.2,0
36493.0,54117.0,3752.0,5560.0,0,0,213,111,42721.0,39940.0,38360.0,32535.0,154.2,0
2073.0,5163.0,1254.0,3629.0,3229,3478,3517,3886,8837.0,9521.0,326.0,678.0,154.2,2
35965.0,55804.0,8361.0,13011.0,0,92,0,14,35997.0,33477.0,37333.0,27564.0,154.3,0
73476.0,105717.0,40625.0,65296.0,367,268,313,125,90312.0,85646.0,49653.0,66943.0,154.4,0
243387.0,324278.0,202086.0,275099.0,284,289,251,138,160131.0,141049.0,89190.0,77845.0,154.4,3
7578.0,17456.0,1309.0,2956.0,5191,5203,6694,7225,15238.0,15923.0,0.0,1705.0,154.5,2
8768.0,18447.0,192.0,1306.0,4240,4785,6646,7268,17518.0,19096.0,176.0,3709.0,154.5,2
8177.0,23941.0,2353.0,4897.0,3994,4452,5459,6045,16423.0,18305.0,1897.0,2598.0,154.5,2
430216.0,579801.0,180032.0,247905.0,1235,796,509,281,407967.0,346717.0,238270.0,198236.0,154.6,3
16390.0,26022.0,1438.0,3934.0,4305,4271,6574,6653,18588.0,17677.0,5573.0,5587.0,154.6,2
56359.0,83021.0,4473.0,6045.0,46,252,89,93,49876.0,45259.0,38319.0,36534.0,154.7,0
34324.0,52535.0,5977.0,8805.0,370,333,43,113,50132.0,43747.0,37901.0,30273.0,154.7,0
3393.0,12667.0,906.0,3589.0,714,1783,856,2148,2475.0,6052.0,1926.0,2449.0,154.7,2
4456.0,13985.0,1047.0,3831.0,2048,3376,3122,4656,8018.0,12073.0,430.0,714.0,154.7,2
6040.0,12578.0,1309.0,4124.0,3760,3727,4726,4706,11917.0,11267.0,1240.0,1669.0,154.7,2
13840.0,25012.0,1666.0,2261.0,8895,8356,11848,11333,30067.0,27505.0,5710.0,5526.0,154.8,2
1650.0,5807.0,0.0,156.0,61,0,95,15,3123.0,4715.0,1231.0,1297.0,154.9,0
692936.0,860211.0,63553.0,91507.0,1952,1627,33,159,1017650.0,785160.0,384202.0,337421.0,154.9,3
3914.0,14280.0,674.0,1549.0,2796,4462,4104,7016,10042.0,17308.0,1497.0,2760.0,154.9,2
1025.0,3751.0,0.0,294.0,644,1778,679,2567,1769.0,6550.0,53.0,929.0,154.9,2
27045.0,41106.0,10022.0,14531.0,3005,2601,7000,7077,17861.0,16948.0,6125.0,6448.0,154.9,3
185053.0,274670.0,28549.0,44786.0,720,421,61,128,218825.0,188365.0,85603.0,80946.0,155.0,0
1766.0,6708.0,87.0,1346.0,3378,4107,4123,4982,9979.0,11746.0,296.0,836.0,155.0,2
16914.0,28908.0,2761.0,5331.0,5757,5546,7976,8294,20152.0,21272.0,4908.0,3605.0,155.0,2
1861.0,12142.0,1941.0,7758.0,2126,5989,2369,6749,5086.0,13938.0,0.0,149.0,155.0,2
7293.0,12175.0,698.0,2501.0,3636,4537,5167,5901,11522.0,12624.0,1468.0,1066.0,155.1,2
166990.0,239244.0,93862.0,138359.0,4646,4928,8295,8030,22288.0,21811.0,5477.0,5375.0,155.1,3
4725.0,10386.0,1677.0,5793.0,7472,8253,7763,8582,18407.0,19758.0,240.0,756.0,155.1,2
8933.0,17700.0,1762.0,3778.0,3859,4327,5985,6234,15830.0,16159.0,5396.0,3707.0,155.2,2
3162.0,9866.0,847.0,3123.0,31,110,90,16,2018.0,4935.0,20401.0,36096.0,155.2,0
100654.0,137666.0,47648.0,65574.0,390,218,178,69,118282.0,106482.0,31096.0,44567.0,155.2,0
3979.0,8911.0,1871.0,3558.0,8233,9000,9678,11112,16250.0,18413.0,278.0,884.0,155.2,2
34758.0,50779.0,4451.0,7568.0,0,47,158,102,47686.0,44929.0,26872.0,33458.0,155.3,0
210142.0,306115.0,52143.0,81876.0,569,584,102,104,116684.0,102221.0,102219.0,86750.0,155.3,3
29879.0,49926.0,7484.0,9290.0,10044,10380,14417,14712,35825.0,36092.0,3624.0,5023.0,155.3,2
16350.0,30343.0,3505.0,4343.0,5857,5831,8314,8499,22883.0,22173.0,4011.0,3828.0,155.3,2
9062.0,19436.0,1239.0,3324.0,4272,4329,5017,5152,14413.0,16377.0,266.0,1418.0,155.4,2
2161.0,8064.0,1867.0,4784.0,3132,3844,4199,4724,10146.0,11030.0,1798.0,2031.0,155.5,2
1049.0,5197.0,377.0,2741.0,82,22,178,200,3285.0,5410.0,661.0,1048.0,155.6,0
409459.0,536189.0,32521.0,47194.0,660,765,209,199,670843.0,563391.0,235026.0,238844.0,155.6,3
70070.0,104169.0,9823.0,15164.0,607,305,169,130,69268.0,66783.0,34028.0,50067.0,155.6,0
5134.0,12898.0,672.0,2938.0,1920,2085,2546,2824,6872.0,7478.0,842.0,1442.0,155.6,2
3569.0,10360.0,2904.0,6674.0,5139,5601,5887,6259,15348.0,16526.0,535.0,1758.0,155.6,2
5263040.0,2875020.0,2129900.0,13616700.0,25920,7240,7147,2116,2912680.0,2035670.0,2559840.0,1527320.0,155.6,1
2328.0,7806.0,0.0,2692.0,967,2504,1420,3818,4074.0,10473.0,506.0,1740.0,155.6,2
28625.0,35014.0,19393.0,31430.0,170,234,0,63,43335.0,40162.0,31051.0,27829.0,155.7,0
11178.0,31581.0,2873.0,5962.0,6264,7299,8543,9574,24364.0,26827.0,852.0,3110.0,155.7,2
56097.0,102888.0,30377.0,52629.0,216,130,317,176,58068.0,54933.0,46509.0,43982.0,155.8,0
52272.0,86292.0,4293.0,9345.0,194,210,418,176,48889.0,47853.0,41193.0,39293.0,155.8,0
1568.0,8780.0,944.0,3730.0,526,1159,674,1592,1600.0,4132.0,1164.0,1813.0,155.9,2
1578.0,7594.0,1253.0,4208.0,1647,2364,2323,3409,5772.0,8521.0,186.0,494.0,155.9,2
15491.0,27179.0,3405.0,7162.0,14917,14138,22792,22952,19780.0,18255.0,2041.0,2601.0,155.9,1
5174.0,11032.0,502.0,3487.0,1277,2389,1662,3523,4034.0,8390.0,304.0,407.0,156.0,2
26025.0,41292.0,4663.0,8589.0,418,234,357,151,28314.0,29713.0,7890.0,18101.0,156.0,0
61021.0,89616.0,11765.0,18688.0,130,83,95,46,34427.0,31650.0,22031.0,24622.0,156.1,0
119022.0,179379.0,7537.0,11427.0,411,330,320,214,177431.0,149840.0,75067.0,70418.0,156.1,0
37516.0,59984.0,11118.0,17627.0,0,3,23,48,29116.0,26306.0,25728.0,21521.0,156.3,0
5463.0,14165.0,2586.0,5225.0,4179,4900,5130,5869,12395.0,13291.0,2931.0,3020.0,156.3,2
9856.0,27807.0,1208.0,3924.0,5688,6364,7166,8288,16863.0,20409.0,1044.0,2645.0,156.6,2
3232.0,19769.0,526.0,2296.0,689,2644,779,2905,1571.0,6595.0,0.0,619.0,156.6,2
19491.0,40086.0,5398.0,9049.0,195,145,105,25,20952.0,20851.0,10024.0,15390.0,156.6,0
27910.0,46380.0,7533.0,13477.0,0,46,0,0,30726.0,28746.0,11082.0,17806.0,156.6,-1
8242.0,14177.0,2449.0,5814.0,5147,6401,5825,7258,12531.0,16101.0,179.0,831.0,156.6,2
7307.0,15440.0,969.0,3658.0,2476,3583,2795,3889,8103.0,10772.0,294.0,383.0,156.7,2
408437.0,489519.0,42244.0,59805.0,2425,1886,21776,19447,276468.0,229070.0,183717.0,153665.0,156.8,3
7456.0,12251.0,2612.0,6603.0,11366,11488,12817,13827,22822.0,23490.0,1097.0,2661.0,156.8,2
20026.0,33177.0,2525.0,5978.0,328,185,196,142,26484.0,25657.0,13540.0,19059.0,156.9,0
154612.0,233145.0,37024.0,49489.0,201,310,0,41,106595.0,102591.0,76444.0,80236.0,156.9,0
6844.0,21170.0,1996.0,5231.0,2566,2683,3879,4314,8757.0,9068.0,0.0,1058.0,156.9,2
30281.0,45905.0,11996.0,19979.0,309,334,118,96,44022.0,41852.0,17688.0,32685.0,156.9,0
69546.0,115325.0,10702.0,16492.0,224,234,239,171,66770.0,63482.0,31095.0,49227.0,157.0,0
5023.0,13099.0,781.0,1821.0,2325,2508,3863,4379,13189.0,13929.0,592.0,2020.0,157.1,2
4029.0,8211.0,1872.0,4914.0,1990,2241,2714,2940,6829.0,7563.0,1.0,942.0,157.1,2
14979.0,24778.0,5443.0,7992.0,337,218,147,34,23065.0,23287.0,15085.0,20483.0,157.2,0
42854.0,74922.0,6727.0,9542.0,5221,5360,14203,14418,19551.0,20528.0,4458.0,4798.0,157.2,3
21402.0,37247.0,3757.0,7548.0,6283,6494,9075,9136,23757.0,24926.0,6135.0,5548.0,157.2,2
33773.0,51388.0,4710.0,6489.0,303,116,210,83,36320.0,34498.0,21639.0,26496.0,157.2,0
6547.0,14413.0,2061.0,3853.0,9100,9914,10448,11383,20918.0,22543.0,0.0,1601.0,157.3,2
23614.0,34873.0,1373.0,2941.0,252,183,335,186,20143.0,19219.0,7198.0,13285.0,157.4,0
1606.0,10172.0,70.0,646.0,186,207,121,13,4078.0,8406.0,3963.0,7056.0,157.4,0
1800.0,7417.0,0.0,1103.0,222,161,99,44,3043.0,3990.0,6594.0,11379.0,157.4,0
875881.0,998161.0,179649.0,245164.0,5106,3641,340,368,1111060.0,857227.0,990387.0,837037.0,157.4,1
2329.0,15141.0,0.0,262.0,429,972,525,1172,1702.0,4027.0,2652.0,4851.0,157.4,2
14262.0,24998.0,1563.0,3930.0,10963,10705,13809,14647,32748.0,34429.0,2172.0,4390.0,157.4,2
710.0,3576.0,0.0,993.0,764,1614,785,1762,1942.0,4422.0,1692.0,2573.0,157.4,2
9241.0,18277.0,3300.0,7114.0,13008,13135,13104,13646,26690.0,26018.0,2266.0,2194.0,157.4,2
2703.0,7966.0,1194.0,3382.0,1571,2597,2247,3957,7145.0,12095.0,1980.0,3232.0,157.5,2
2486.0,9152.0,921.0,3470.0,288,651,784,1944,1714.0,4882.0,643.0,1008.0,157.5,2
137022.0,200267.0,11327.0,17063.0,174,252,0,34,185173.0,157025.0,58151.0,53267.0,157.5,0
37129.0,73206.0,3886.0,6391.0,164,60,219,132,41476.0,37298.0,24144.0,27048.0,157.6,0
14216.0,22074.0,1313.0,2389.0,3276,2861,4706,4395,14056.0,13286.0,2122.0,4058.0,157.6,2
80871.0,137907.0,28515.0,44037.0,412,297,456,192,130270.0,119756.0,51156.0,47819.0,157.7,0
6840.0,14285.0,1574.0,2851.0,4774,5108,7293,7815,17534.0,17639.0,980.0,1552.0,157.7,2
931.0,5421.0,975.0,3555.0,1152,2427,1668,3035,4515.0,9326.0,0.0,338.0,157.7,2
8759.0,16810.0,1019.0,3803.0,4154,4329,6106,6318,14950.0,15653.0,0.0,1393.0,157.8,2
64977.0,89068.0,5122.0,8000.0,484,292,0,0,78777.0,72030.0,54997.0,52169.0,157.9,-1
13473.0,20676.0,2372.0,3582.0,2739,2646,4395,4500,12658.0,12834.0,3546.0,5113.0,157.9,2
6291.0,15197.0,2380.0,5965.0,3949,4421,5650,6035,15124.0,16924.0,0.0,2358.0,158.0,2
4901.0,13963.0,4679.0,8863.0,5600,6765,6340,7735,16349.0,19179.0,3037.0,2458.0,158.0,2
10776.0,23599.0,3242.0,5648.0,4783,4821,6269,6493,18508.0,18837.0,4171.0,3760.0,158.0,2
5470.0,9641.0,942.0,1994.0,6015,6400,6351,6739,13806.0,13780.0,985.0,1251.0,158.0,2
5653.0,14636.0,1950.0,4855.0,12166,14208,12321,14187,20862.0,23474.0,0.0,1865.0,158.1,2
45139.0,73379.0,10666.0,17588.0,124,183,298,179,58953.0,55261.0,42643.0,41426.0,158.1,0
32837.0,56263.0,5075.0,9772.0,366,126,295,197,44201.0,42432.0,10816.0,25791.0,158.1,0
2818.0,16045.0,2058.0,7263.0,1772,3884,2056,4214,5761.0,11421.0,649.0,1838.0,158.1,2
5475.0,13846.0,619.0,1773.0,2848,3890,4175,6087,10708.0,14578.0,2655.0,4989.0,158.1,2
432.0,2048.0,616.0,2391.0,678,2088,731,2717,1831.0,6850.0,190.0,326.0,158.1,2
9064.0,16239.0,4838.0,8576.0,9033,9579,11188,12047,26772.0,28551.0,1173.0,3136.0,158.1,2
11296.0,12504.0,1817.0,3255.0,3137,3147,4060,4073,9202.0,9547.0,957.0,1441.0,158.1,2
104691.0,150092.0,26761.0,37846.0,442,420,878,280,64005.0,55152.0,61973.0,43972.0,158.1,0
5131.0,17574.0,872.0,2746.0,2960,3347,4619,5386,11290.0,12705.0,901.0,1424.0,158.1,2
7726.0,16527.0,1342.0,2613.0,12993,14184,17534,19128,7148.0,7435.0,560.0,1183.0,158.2,1
13214.0,13955.0,4669.0,8013.0,4815,4970,6797,6954,18850.0,17987.0,3004.0,4768.0,158.2,2
369526.0,498630.0,248670.0,312227.0,10956,8896,15227,12407,43680.0,34425.0,13068.0,10735.0,158.3,1
135450.0,210430.0,8330.0,11608.0,426,395,119,114,198214.0,170627.0,71675.0,71129.0,158.3,0
18196.0,28296.0,2799.0,3801.0,9504,8907,11433,11113,27607.0,27275.0,5228.0,5382.0,158.3,2
85085.0,137940.0,11272.0,17892.0,328,252,472,240,99090.0,88088.0,58261.0,50057.0,158.3,0
1881.0,6871.0,0.0,889.0,98,28,171,61,2732.0,4845.0,2266.0,4887.0,158.3,0
387051.0,521010.0,56067.0,73492.0,1371,1069,305,140,607118.0,497466.0,194473.0,191718.0,158.3,3
2777.0,5841.0,686.0,3515.0,499,1382,436,1444,2235.0,4615.0,1606.0,1325.0,158.3,2
3748.0,11161.0,1249.0,2494.0,1209,2771,1356,3186,3293.0,7350.0,2125.0,2530.0,158.4,2
3106.0,5318.0,357.0,1979.0,2630,4905,3727,6676,7162.0,11871.0,167.0,205.0,158.4,2
66795.0,95643.0,21336.0,33833.0,0,93,0,84,29265.0,25618.0,34994.0,22763.0,158.4,0
5157.0,14539.0,2032.0,4866.0,8374,9609,8146,8764,17626.0,18347.0,854.0,2345.0,158.4,2
27845.0,48603.0,5134.0,8449.0,215,150,30,0,42714.0,43139.0,17776.0,30053.0,158.4,-1
150917.0,237109.0,6670.0,10480.0,496,310,212,103,183761.0,156906.0,68912.0,72377.0,158.4,0
365215.0,499342.0,209876.0,330970.0,13396,13006,18324,17860,49925.0,48556.0,11616.0,12091.0,158.4,1
1632.0,10570.0,108.0,994.0,101,0,130,60,1004.0,4003.0,20899.0,63841.0,158.5,0
189705.0,279960.0,18962.0,31642.0,376,522,493,172,117888.0,113049.0,83766.0,103121.0,158.5,0
2743.0,4348.0,571.0,2711.0,3889,3768,4732,4811,12186.0,12389.0,2494.0,2357.0,158.5,2
3475.0,6875.0,1855.0,3531.0,3058,3421,3880,4235,10312.0,10900.0,244.0,959.0,158.5,2
26114.0,41833.0,4689.0,8317.0,174,84,185,56,32042.0,32051.0,25587.0,24751.0,158.6,0
34924.0,50613.0,11330.0,17592.0,266,205,0,134,49480.0,43620.0,32717.0,32507.0,158.6,0
1334.0,8853.0,260.0,1557.0,553,1718,686,1876,1620.0,5210.0,880.0,1602.0,158.6,2
14819.0,14602.0,2511.0,3865.0,6280,6007,8667,8542,24769.0,23313.0,2838.0,3812.0,158.6,2
3770.0,20579.0,1805.0,5766.0,4577,7702,5303,8614,13386.0,22266.0,924.0,1633.0,158.6,2
2218.0,8977.0,1505.0,4757.0,2175,6602,2356,7204,7338.0,19531.0,411.0,1561.0,158.6,2
18560.0,34949.0,6292.0,12766.0,541,206,336,135,33835.0,30929.0,20263.0,23287.0,158.6,0
13567.0,27446.0,2040.0,4612.0,230,162,102,66,21522.0,21522.0,3276.0,10741.0,158.7,0
4981.0,12236.0,1000.0,3391.0,1815,1939,2298,2398,6900.0,8097.0,0.0,1218.0,158.7,2
38304.0,54450.0,14887.0,23724.0,481,280,297,114,51789.0,48663.0,38797.0,43047.0,158.7,0
9600.0,15285.0,3230.0,4966.0,5510,5453,6696,6864,17746.0,18038.0,4019.0,4004.0,158.8,2
12922.0,23047.0,1471.0,2510.0,6770,7236,9680,9787,24606.0,24868.0,3931.0,4755.0,158.8,2
29995.0,45356.0,3671.0,6220.0,354,296,67,84,43609.0,41664.0,23922.0,23527.0,158.9,0
7995.0,16132.0,1936.0,4190.0,3469,3283,5417,5747,15620.0,15495.0,4062.0,2709.0,158.9,2
32125.0,60586.0,20952.0,33163.0,227,137,316,132,32067.0,32377.0,11809.0,21768.0,159.0,0
347021.0,444258.0,26834.0,41510.0,2685,2528,37500,37889,277225.0,254617.0,225225.0,205775.0,159.0,3
2922.0,11450.0,1227.0,3534.0,3004,4195,3610,4844,8999.0,12376.0,646.0,1076.0,159.1,2
6704.0,15860.0,1630.0,4032.0,4379,4713,5089,5378,11386.0,12039.0,218.0,2601.0,159.1,2
31607.0,58511.0,2504.0,5809.0,0,82,87,56,29745.0,27410.0,21146.0,24470.0,159.2,0
4972.0,12734.0,3379.0,5754.0,2748,3188,4211,4722,11155.0,11947.0,1123.0,3279.0,159.2,2
15398.0,39525.0,11485.0,18283.0,2417,2465,5353,5393,16122.0,17120.0,130.0,4881.0,159.2,3
7284.0,15114.0,2104.0,3049.0,7277,7159,9967,10424,25028.0,24544.0,2322.0,3890.0,159.2,2
35627.0,47435.0,14343.0,20965.0,325,160,74,126,34645.0,32716.0,17352.0,24354.0,159.2,0
42694.0,71246.0,16243.0,26189.0,605,333,550,171,60219.0,52478.0,45591.0,38212.0,159.2,0
27464.0,34254.0,2473.0,3903.0,143,128,276,110,37438.0,33846.0,19255.0,22537.0,159.3,0
6961.0,12789.0,1635.0,4503.0,3711,4352,4933,5802,14605.0,17001.0,2522.0,2924.0,159.3,2
129788.0,196115.0,39842.0,64756.0,0,48,297,106,177118.0,159580.0,66981.0,64987.0,159.3,0
9356.0,25297.0,4341.0,6210.0,4143,4489,5399,5824,17228.0,18433.0,3698.0,4406.0,159.3,2
3877.0,10421.0,264.0,963.0,3701,5006,4717,6282,12356.0,15710.0,1489.0,2609.0,159.3,2
2336.0,6568.0,1242.0,3503.0,2343,2724,2909,3500,7505.0,9405.0,0.0,976.0,159.4,2
8548.0,17872.0,1038.0,2868.0,6953,7534,8828,9542,20445.0,21525.0,0.0,2089.0,159.5,2
6458.0,16215.0,1556.0,3736.0,1446,1450,1919,2206,5690.0,6148.0,1281.0,1733.0,159.5,2
26172.0,45997.0,6143.0,10321.0,581,257,417,192,39378.0,35686.0,18284.0,25114.0,159.5,0
1790.0,6886.0,822.0,3463.0,913,2244,943,2418,2577.0,7152.0,2725.0,3378.0,159.6,2
4420.0,17353.0,1519.0,5189.0,7116,9678,7479,10029,16403.0,21542.0,1651.0,1829.0,159.6,2
3889.0,13041.0,2375.0,5044.0,2162,2288,2765,3179,7471.0,7513.0,828.0,1785.0,159.6,2
3748.0,10214.0,3869.0,8039.0,2974,3536,4319,5384,10477.0,11668.0,2534.0,3160.0,159.7,2
1452.0,9203.0,291.0,3913.0,475,1553,744,2815,2238.0,7378.0,57.0,783.0,159.7,2
29629.0,42260.0,13464.0,19045.0,433,262,278,149,34623.0,32903.0,21592.0,29965.0,159.7,0
12304.0,16349.0,2210.0,3900.0,6881,7285,8206,8635,16916.0,17144.0,2274.0,1914.0,159.8,2
8035.0,20033.0,1105.0,3396.0,3110,4364,4681,6268,12976.0,17370.0,1287.0,3728.0,159.8,2
2810.0,8526.0,0.0,2432.0,444,1196,662,1603,2658.0,6192.0,2221.0,2418.0,159.9,2
7169.0,25311.0,1393.0,4698.0,3853,4573,5557,6601,16311.0,19130.0,1365.0,1451.0,159.9,2
9323.0,17438.0,1871.0,4466.0,4493,4461,4941,5011,15663.0,15684.0,1226.0,2315.0,159.9,2
44038.0,54288.0,2976.0,5017.0,466,245,362,165,55982.0,48993.0,41941.0,31557.0,159.9,0
19380.0,33137.0,2386.0,5367.0,10931,10492,13010,12944,31169.0,29227.0,4490.0,5970.0,159.9,2
1506.0,8493.0,0.0,627.0,336,390,242,177,4481.0,6682.0,0.0,97.0,160.0,0
615.0,2549.0,0.0,0.0,103,22,191,90,2617.0,4150.0,491.0,1146.0,160.0,0
492246.0,646516.0,21232.0,28157.0,497,385,0,73,479260.0,361304.0,214428.0,192836.0,160.0,3
3857.0,9144.0,0.0,797.0,19,11,174,92,4352.0,6397.0,4042.0,4007.0,160.0,0
806.0,4094.0,703.0,2965.0,161,64,206,254,15823.0,23675.0,3335.0,5168.0,160.0,0
1865.0,10163.0,0.0,1130.0,234,192,119,72,7637.0,14294.0,2304.0,3364.0,160.0,0
635407.0,510267.0,127785.0,135914.0,3256,2303,974,516,3117900.0,1811110.0,1366780.0,840743.0,160.0,1
13355.0,19102.0,2569.0,4025.0,3587,3762,5372,5648,16881.0,16396.0,1786.0,3384.0,160.0,2
15890.0,25385.0,4509.0,7456.0,31,19,0,0,18641.0,18899.0,5783.0,11081.0,160.0,-1
25159.0,55723.0,11739.0,20444.0,333,155,283,124,25901.0,24729.0,7903.0,17300.0,160.1,0
13283.0,28077.0,1198.0,2805.0,2243,2160,5445,5704,12115.0,12135.0,1301.0,2241.0,160.1,2
9248.0,20520.0,1108.0,2541.0,5918,6599,8477,9510,20708.0,22639.0,874.0,3228.0,160.1,2
3541.0,10605.0,1599.0,3859.0,2124,2274,3250,3659,9593.0,10846.0,247.0,1078.0,160.1,2
24774.0,42780.0,1965.0,5547.0,204,104,0,41,26457.0,23672.0,12028.0,19352.0,160.2,0
16408.0,26632.0,3069.0,6902.0,4973,4968,8114,8427,23056.0,22846.0,4261.0,8320.0,160.2,2
5290.0,16195.0,1685.0,3339.0,1661,1605,2528,2815,7219.0,8070.0,1208.0,1562.0,160.2,2
25633.0,47969.0,4907.0,8472.0,216,199,336,173,28264.0,27770.0,7674.0,17458.0,160.3,0
5186.0,12396.0,4042.0,7123.0,1632,1607,2439,2550,7108.0,7238.0,1000.0,1526.0,160.6,2
3801.0,10084.0,1155.0,2572.0,6558,7386,8225,9540,17527.0,20756.0,1371.0,1620.0,160.6,2
11673.0,14019.0,2089.0,3435.0,4658,4504,5853,5499,15546.0,13637.0,2148.0,3221.0,160.6,2
105611.0,170108.0,9799.0,13248.0,3403,3479,7625,7308,20103.0,17316.0,10365.0,11865.0,160.6,3
6963.0,16179.0,1977.0,3411.0,4427,5074,5852,6989,14413.0,15724.0,168.0,2953.0,160.7,2
1930.0,4738.0,1405.0,2636.0,1647,2461,1917,3609,5397.0,8950.0,1166.0,1952.0,160.8,2
10862.0,20311.0,3716.0,8744.0,228,182,39,163,23133.0,24427.0,4585.0,10005.0,160.8,0
15275.0,28099.0,2039.0,3523.0,8771,9085,12488,12256,30174.0,29557.0,2049.0,3960.0,160.9,2
6891.0,9534.0,1416.0,2126.0,2515,2923,3627,4085,9627.0,11427.0,711.0,2025.0,160.9,2
1578.0,5515.0,719.0,2064.0,2015,2547,2420,3101,6622.0,8586.0,723.0,1094.0,160.9,2
6323.0,15549.0,1424.0,2513.0,3040,3128,4548,4951,11938.0,12485.0,2668.0,2905.0,160.9,2
59388.0,99152.0,1090.0,2357.0,448,243,0,0,48592.0,41008.0,35490.0,28785.0,161.0,-1
5876.0,12676.0,2102.0,4001.0,5341,6766,6396,8252,14379.0,18395.0,685.0,2340.0,161.0,2
4487.0,14840.0,1647.0,3556.0,1918,2026,2363,2610,7216.0,8006.0,918.0,1130.0,161.0,2
123229.0,181505.0,19680.0,30908.0,556,218,169,118,47438.0,46377.0,30929.0,37011.0,161.0,0
19780.0,44149.0,4905.0,6968.0,10549,11225,13277,13483,34341.0,34306.0,5919.0,6097.0,161.0,2
16519.0,34468.0,2113.0,4218.0,266,259,35,0,22818.0,24121.0,5076.0,13382.0,161.0,-1
13775.0,21560.0,1637.0,2779.0,4414,4490,6536,6696,18197.0,17451.0,2724.0,5245.0,161.1,2
8277.0,12332.0,2023.0,3947.0,3850,3926,5300,5292,12205.0,12975.0,1377.0,1937.0,161.1,2
30026.0,55074.0,19809.0,35958.0,2065,2116,4119,4298,14133.0,13880.0,2639.0,5199.0,161.1,3
46570.0,67312.0,16657.0,26247.0,333,431,326,152,54445.0,51496.0,21271.0,34782.0,161.1,0
81805.0,137989.0,6800.0,11877.0,5280,5185,7709,7439,17776.0,16304.0,6812.0,3963.0,161.1,3
27512.0,41448.0,6528.0,11798.0,171,174,210,100,30973.0,30433.0,14044.0,22941.0,161.2,0
4888.0,12035.0,1431.0,3607.0,1671,2093,2566,2750,6061.0,6045.0,1106.0,815.0,161.2,2
1575.0,5383.0,671.0,3027.0,198,146,191,89,4719.0,6651.0,1587.0,2061.0,161.2,0
2872.0,11533.0,436.0,1267.0,134,35,112,23,9394.0,9244.0,1254.0,2107.0,161.2,0
1147.0,7136.0,101.0,1148.0,185,147,102,0,2055.0,4160.0,8781.0,24400.0,161.2,-1
2355.0,13169.0,0.0,0.0,116,32,105,10,1936.0,7300.0,44239.0,81330.0,161.2,0
328219.0,377075.0,55341.0,76916.0,1867,1473,87,62,898242.0,733057.0,414062.0,357790.0,161.2,3
10909.0,27082.0,2883.0,4086.0,3940,3787,5647,5767,15182.0,16227.0,4282.0,4532.0,161.3,2
5684.0,12521.0,1644.0,4811.0,3445,3633,4391,4709,11511.0,12153.0,220.0,1548.0,161.5,2
2761.0,8369.0,1529.0,4064.0,3934,5306,5034,7040,12432.0,17242.0,1848.0,3256.0,161.6,2
2801.0,5382.0,832.0,2131.0,1149,3506,1353,4432,3293.0,10576.0,889.0,2813.0,161.6,2
30059.0,49359.0,5491.0,9934.0,405,185,144,125,33707.0,30330.0,23235.0,25411.0,161.6,0
25639.0,26924.0,2880.0,4725.0,9634,8965,11385,11335,29733.0,27965.0,4851.0,4697.0,161.7,2
1471.0,4320.0,859.0,2636.0,2124,2740,2540,3429,6925.0,8278.0,1576.0,2291.0,161.7,2
4571.0,16094.0,1649.0,3740.0,2084,2106,3204,3382,10880.0,11804.0,2605.0,3543.0,161.7,2
34876.0,54152.0,2083.0,4215.0,578,250,0,0,35769.0,33428.0,24713.0,22869.0,161.8,-1
8757.0,26095.0,2293.0,4703.0,4394,4928,6825,7830,17474.0,19794.0,1725.0,3405.0,161.8,2
5838.0,14287.0,1749.0,2740.0,4486,4409,5597,5897,11960.0,12742.0,1343.0,2657.0,161.8,2
5933.0,17057.0,2032.0,3285.0,1390,2036,1833,2597,5338.0,7147.0,1961.0,2757.0,161.9,2
2752.0,10685.0,391.0,2215.0,432,944,493,1227,1381.0,4137.0,474.0,552.0,161.9,2
300747.0,442914.0,188204.0,267039.0,185,393,137,79,191277.0,160470.0,98718.0,80211.0,161.9,3
553547.0,591556.0,1007700.0,1275350.0,2142,1425,547,301,231675.0,194883.0,140142.0,117575.0,161.9,1
1312.0,8419.0,518.0,2269.0,1149,3351,1494,4072,3467.0,9309.0,351.0,874.0,161.9,2
44255.0,71747.0,3438.0,4640.0,379,160,273,144,52990.0,49760.0,20648.0,32272.0,162.0,0
10715.0,16579.0,2991.0,4982.0,4279,4195,5054,5365,14993.0,14767.0,3838.0,4282.0,162.0,2
55942.0,86115.0,7607.0,10923.0,221,177,134,183,68535.0,64564.0,36912.0,48150.0,162.0,0
8221.0,14058.0,1146.0,3709.0,2087,2363,2942,3606,8041.0,9595.0,2833.0,2662.0,162.0,2
5207.0,10303.0,1683.0,3799.0,3618,4076,5429,5727,13044.0,12632.0,1497.0,3527.0,162.3,2
6036.0,16885.0,1874.0,4259.0,1743,1950,3760,4068,11822.0,13701.0,1112.0,3570.0,162.3,2
34234.0,61518.0,9497.0,16100.0,185,158,207,114,51616.0,49663.0,16701.0,32019.0,162.3,0
20639.0,32784.0,3474.0,4981.0,462,299,313,161,20214.0,19743.0,13279.0,15723.0,162.4,0
143531.0,212134.0,53487.0,82390.0,623,673,0,55,72610.0,64584.0,60004.0,53185.0,162.4,3
5939.0,10951.0,2447.0,5459.0,4507,4891,5954,6459,14311.0,15095.0,1310.0,2357.0,162.4,2
42470.0,59974.0,1663.0,4563.0,0,117,405,179,36876.0,32475.0,32659.0,26881.0,162.4,0
1949.0,7434.0,2109.0,5229.0,2510,3320,3604,4767,9615.0,11366.0,1573.0,2077.0,162.5,2
16804.0,22389.0,4260.0,7338.0,3730,3522,4492,4528,13666.0,13964.0,1632.0,4031.0,162.5,2
3487.0,9071.0,722.0,1604.0,254,297,128,62,6710.0,6362.0,6547.0,5426.0,162.6,0
1554.0,4968.0,295.0,1408.0,124,33,49,0,4845.0,6291.0,1936.0,2185.0,162.6,-1
930374.0,984035.0,83426.0,96488.0,4472,3432,40398,28188,635367.0,419812.0,466108.0,304931.0,162.6,3
106972.0,163361.0,11578.0,14120.0,300,165,0,102,151387.0,127249.0,75149.0,63373.0,162.6,0
573.0,3108.0,408.0,2533.0,985,2389,1134,3260,3386.0,9557.0,760.0,2762.0,162.6,2
3569.0,9420.0,0.0,637.0,145,73,427,257,5762.0,4926.0,9185.0,8136.0,162.7,0
743281.0,804588.0,65101.0,86021.0,4837,4156,71967,55773,486458.0,363029.0,383568.0,240144.0,162.7,3
2634.0,12585.0,0.0,0.0,231,160,244,166,7810.0,9755.0,757.0,1168.0,162.7,0
2832.0,9851.0,8.0,930.0,204,86,165,127,6203.0,8401.0,834.0,1371.0,162.7,0
583.0,3514.0,0.0,0.0,233,172,133,22,4543.0,12055.0,37448.0,86246.0,162.7,0
404437.0,492023.0,45629.0,67944.0,1553,1455,490,214,776033.0,647152.0,237770.0,283763.0,162.7,3
6859.0,9358.0,2051.0,5639.0,3249,3547,4349,4668,11368.0,11084.0,3069.0,1885.0,162.7,2
5513.0,17158.0,2322.0,5898.0,6836,7900,8203,9426,19030.0,21363.0,2567.0,3786.0,162.8,2
38727.0,70207.0,14855.0,20801.0,95,136,0,128,45995.0,39242.0,37722.0,34613.0,162.8,0
138841.0,202233.0,22782.0,33772.0,62,178,414,174,186103.0,155401.0,58691.0,72303.0,162.8,0
10373.0,24874.0,2791.0,5221.0,2607,2947,5642,5923,15250.0,15878.0,2909.0,5669.0,162.8,2
37063.0,56226.0,29382.0,45540.0,82,141,143,136,51628.0,47420.0,36969.0,33568.0,162.8,0
8584.0,19656.0,2755.0,5788.0,4444,4988,6124,6809,14861.0,15969.0,1497.0,2947.0,162.9,2
7025.0,13737.0,1325.0,3622.0,4370,4321,5793,5877,14169.0,14135.0,915.0,2311.0,163.0,2
11296.0,22073.0,367.0,1904.0,2592,2744,4536,4529,13920.0,13728.0,969.0,2892.0,163.0,2
55146.0,78693.0,2317.0,5509.0,246,182,340,168,47715.0,43604.0,43886.0,38472.0,163.1,0
2280.0,15217.0,195.0,1747.0,122,0,144,42,1763.0,6204.0,10945.0,35382.0,163.1,0
118289.0,183641.0,22191.0,36018.0,273,312,207,129,135194.0,119744.0,36913.0,53652.0,163.1,0
32135.0,48731.0,6934.0,8297.0,294,151,302,109,39962.0,36004.0,27317.0,28052.0,163.1,0
7854.0,11854.0,0.0,1212.0,4064,4549,4653,5550,10417.0,11945.0,2476.0,1917.0,163.1,2
5330.0,16716.0,1247.0,2702.0,5359,6418,4956,6123,12038.0,13907.0,0.0,0.0,163.1,2
3670.0,7905.0,2214.0,4120.0,3578,3821,4292,4755,13340.0,14902.0,696.0,2249.0,163.3,2
86517.0,127324.0,8043.0,13676.0,0,113,346,173,78898.0,73345.0,64986.0,58675.0,163.3,0
16538.0,22903.0,1028.0,2181.0,7285,7843,10389,10789,21448.0,20849.0,2304.0,3772.0,163.4,2
529856.0,627365.0,403710.0,467663.0,6648,5973,14807,14719,47700.0,45480.0,40265.0,28525.0,163.4,1
6672.0,15901.0,1501.0,3439.0,7122,7498,8455,8733,21141.0,20773.0,1403.0,2739.0,163.4,2
26221.0,48744.0,13543.0,22861.0,276,164,370,172,37471.0,35474.0,22179.0,26732.0,163.4,0
3433.0,15585.0,779.0,2106.0,2006,2525,3016,3953,9326.0,11975.0,1552.0,2000.0,163.5,2
1662.0,10235.0,1579.0,5792.0,656,1291,1406,3115,4472.0,10369.0,869.0,1590.0,163.6,2
7810.0,11772.0,1931.0,2417.0,2868,2776,4334,4299,11051.0,11515.0,3327.0,3261.0,163.6,2
4902.0,10178.0,2327.0,4166.0,4243,4694,6364,6970,14241.0,15040.0,1515.0,2475.0,163.6,2
5342.0,8795.0,993.0,3112.0,0,0,241,101,3808.0,4301.0,1804.0,1033.0,163.7,0
983.0,6153.0,22.0,485.0,80,0,118,0,2413.0,4289.0,10394.0,28280.0,163.7,-1
1045540.0,997834.0,1220520.0,1549510.0,2033,1117,557,257,783667.0,466059.0,449066.0,224162.0,163.7,1
27060.0,30890.0,29852.0,48776.0,252,280,108,78,38752.0,36542.0,27398.0,32104.0,163.7,0
6396.0,12989.0,1103.0,2200.0,6246,6847,7150,7975,14043.0,15226.0,1403.0,1965.0,163.7,2
7758.0,13342.0,4394.0,7251.0,1911,2129,2339,2581,7299.0,6668.0,1450.0,1773.0,163.7,2
3352.0,7604.0,0.0,0.0,577,1256,728,1797,2359.0,5471.0,2134.0,2001.0,163.8,2
3752.0,10025.0,1682.0,4318.0,3729,4177,5496,5988,15728.0,17884.0,846.0,2365.0,163.8,2
32951.0,59298.0,6011.0,11541.0,6427,6355,9667,9325,31340.0,30213.0,6915.0,7740.0,163.8,2
17411.0,41405.0,4315.0,6591.0,412,239,260,115,21998.0,22145.0,5389.0,11972.0,163.8,0
21696.0,32605.0,7791.0,13357.0,282,241,83,63,30029.0,29749.0,19958.0,25718.0,163.9,0
636.0,2527.0,0.0,114.0,186,122,83,14,5352.0,8173.0,673.0,1315.0,163.9,0
2348.0,8273.0,259.0,1804.0,113,37,0,0,4405.0,6672.0,719.0,765.0,163.9,-1
463340.0,600029.0,30070.0,39742.0,2124,1834,141,110,753966.0,616970.0,333779.0,260071.0,163.9,3
18974.0,33686.0,5529.0,9353.0,233,154,111,77,25691.0,25563.0,9641.0,16886.0,163.9,0
11816.0,16271.0,1428.0,6441.0,4925,5482,6394,7386,17847.0,21107.0,1178.0,1310.0,163.9,2
88712.0,118853.0,17577.0,25670.0,91,168,0,50,63684.0,59099.0,45194.0,47176.0,163.9,0
8666.0,25564.0,6346.0,12416.0,3108,3724,4394,4989,14105.0,15598.0,671.0,2008.0,164.0,2
37984.0,58591.0,11543.0,16847.0,245,207,0,83,46994.0,42752.0,24391.0,33848.0,164.0,0
3769.0,10520.0,454.0,1986.0,3867,4974,4050,5075,9610.0,12369.0,763.0,1069.0,164.1,2
18780.0,30296.0,11358.0,21433.0,219,120,326,271,24848.0,25810.0,9942.0,21057.0,164.1,0
47195.0,68732.0,3427.0,5159.0,734,308,285,141,50793.0,42957.0,36503.0,36123.0,164.1,0
5833.0,12164.0,1364.0,2808.0,3689,3758,4688,5004,13208.0,13918.0,1086.0,1665.0,164.1,2
3511.0,14433.0,552.0,3099.0,1945,3420,2452,4776,5836.0,11160.0,0.0,658.0,164.2,2
4714.0,13679.0,827.0,2044.0,2814,3212,3741,4634,10406.0,12752.0,0.0,672.0,164.3,2
2681.0,8256.0,1335.0,3357.0,2050,4106,2432,5116,6376.0,11379.0,1196.0,2497.0,164.3,2
6842.0,12365.0,1680.0,3023.0,4350,4562,5272,5689,13266.0,14460.0,421.0,1067.0,164.3,2
5871.0,10859.0,1460.0,3998.0,2097,2459,3144,3409,9635.0,10013.0,1053.0,2434.0,164.3,2
48686.0,60163.0,13395.0,17648.0,191,178,402,207,55614.0,52500.0,36302.0,36996.0,164.4,0
2071.0,8599.0,1045.0,4132.0,2071,3011,2296,3572,4913.0,7356.0,489.0,1053.0,164.4,2
47916.0,73339.0,2662.0,3242.0,412,185,259,141,38656.0,33414.0,31087.0,28684.0,164.4,0
580495.0,697599.0,712331.0,975670.0,1013,628,234,309,451397.0,389284.0,228185.0,186434.0,164.4,1
18458.0,27551.0,6323.0,11098.0,100,97,313,161,27620.0,27685.0,10900.0,19445.0,164.5,0
39489.0,63575.0,5841.0,8972.0,254,185,70,67,51215.0,49059.0,25733.0,37110.0,164.5,0
6973.0,12293.0,2755.0,4669.0,8982,10120,9252,9388,19455.0,19889.0,1356.0,3497.0,164.5,2
36348.0,62598.0,20814.0,34489.0,0,0,501,229,40055.0,36465.0,21309.0,25612.0,164.5,0
36512.0,62241.0,11689.0,18781.0,148,186,398,161,42849.0,40433.0,20569.0,33107.0,164.5,0
3052.0,6717.0,1239.0,4088.0,6386,8458,7145,9414,14991.0,19476.0,63.0,875.0,164.6,2
3938.0,6191.0,2095.0,3954.0,2033,2223,2749,2756,8082.0,8217.0,60.0,898.0,164.6,2
14620.0,22070.0,2233.0,4578.0,4367,4897,5885,6322,16376.0,16541.0,1226.0,3126.0,164.8,2
5113.0,17562.0,1347.0,3249.0,2374,2805,3557,4017,8755.0,9166.0,115.0,2115.0,164.8,2
37506.0,51891.0,8908.0,12130.0,728,578,324,161,47769.0,44453.0,31679.0,36639.0,164.8,0
3662.0,10137.0,1079.0,2566.0,1671,2306,2493,3466,6184.0,9556.0,1039.0,1892.0,164.9,2
8099.0,10562.0,1235.0,3913.0,5686,6252,6279,6960,15457.0,15940.0,997.0,2607.0,164.9,2
9287.0,29108.0,2557.0,5499.0,9147,10619,9833,11125,19452.0,20876.0,620.0,803.0,164.9,2
8487.0,23314.0,1555.0,3881.0,3931,3939,5461,6009,14572.0,16724.0,2427.0,3063.0,164.9,2
11830.0,21018.0,3669.0,6331.0,6702,7048,8797,9082,22130.0,21914.0,3361.0,4416.0,165.0,2
11153.0,19734.0,4687.0,7626.0,9061,9190,11671,11486,29637.0,27786.0,3513.0,5156.0,165.0,2
7483.0,16524.0,2540.0,5293.0,5389,5988,6640,7384,15849.0,17285.0,366.0,1730.0,165.0,2
9669.0,17692.0,2454.0,4567.0,3766,4052,5585,6175,16792.0,18205.0,1882.0,4040.0,165.1,2
2759.0,15336.0,139.0,938.0,1724,3327,2388,4042,5811.0,9659.0,817.0,1215.0,165.1,2
23850.0,36439.0,4349.0,5619.0,518,226,411,255,28034.0,25152.0,17291.0,17463.0,165.1,0
37025.0,56231.0,12932.0,23377.0,604,243,207,135,44964.0,42889.0,30612.0,34197.0,165.2,0
8288.0,19968.0,4270.0,6956.0,5628,6101,7022,7694,17074.0,17947.0,1363.0,1239.0,165.2,2
17762.0,31722.0,9269.0,14851.0,176,105,241,147,19937.0,18116.0,16487.0,14617.0,165.3,0
65854.0,86613.0,20037.0,30451.0,263,151,147,120,79271.0,73634.0,65897.0,61303.0,165.3,0
23631.0,45505.0,3651.0,7308.0,139,121,26,45,28212.0,28062.0,8825.0,19972.0,165.3,0
8371.0,22176.0,1175.0,3421.0,7925,9310,8876,10446,18896.0,22813.0,2409.0,3549.0,165.5,2
3722.0,16302.0,547.0,1922.0,128,27,199,77,4533.0,7720.0,2544.0,3300.0,165.5,0
1053.0,5165.0,1493.0,4659.0,246,192,79,0,6435.0,11035.0,1401.0,2148.0,165.5,-1
2082790.0,1762870.0,697421.0,768170.0,6593,4718,488,377,1608600.0,1212230.0,699465.0,552465.0,165.5,1
2269.0,8307.0,1304.0,4410.0,1647,2160,2309,3139,5286.0,7167.0,389.0,631.0,165.5,2
5641.0,23667.0,2761.0,8114.0,2011,2793,2579,3531,7011.0,10210.0,1111.0,1449.0,165.5,2
13747.0,14397.0,2899.0,3288.0,6537,5972,7990,8052,18159.0,18379.0,4322.0,3979.0,165.5,2
2136.0,7698.0,441.0,1457.0,648,1346,610,1350,1673.0,4966.0,2640.0,2860.0,165.5,2
2199.0,13316.0,484.0,2354.0,2151,3875,2942,5439,7341.0,13418.0,399.0,1300.0,165.5,2
36957.0,57671.0,4663.0,6338.0,29,225,0,0,39351.0,35965.0,27334.0,30306.0,165.6,-1
7737.0,14008.0,1218.0,2237.0,4810,5599,6030,6238,15034.0,15623.0,1301.0,2008.0,165.8,2
10650.0,20111.0,1788.0,3252.0,7301,8158,9721,10799,23950.0,24634.0,1591.0,3916.0,165.8,2
9392.0,24670.0,1584.0,3797.0,4118,4930,5313,6124,15376.0,17661.0,708.0,2492.0,165.9,2
35127.0,56680.0,7475.0,10767.0,124,146,364,168,39462.0,36759.0,37269.0,24977.0,166.1,0
5985.0,14036.0,1915.0,3804.0,3071,3271,4306,4654,13321.0,14749.0,633.0,1821.0,166.1,2
11562.0,18322.0,8107.0,13963.0,4990,5239,6437,6748,19544.0,21002.0,2929.0,3380.0,166.1,2
32783.0,47376.0,3007.0,2817.0,361,163,46,94,31633.0,31773.0,13281.0,22434.0,166.2,0
1362.0,8401.0,1283.0,4904.0,158,62,206,154,2932.0,5514.0,550.0,1213.0,166.2,0
921.0,3157.0,908.0,5175.0,49,0,159,130,2023.0,4046.0,36617.0,85196.0,166.2,0
1036120.0,1206590.0,874631.0,1211510.0,2814,1995,926,584,760117.0,611631.0,387198.0,331930.0,166.2,1
140566.0,202601.0,9178.0,12711.0,0,229,0,49,57950.0,51859.0,43166.0,42977.0,166.2,0
30029.0,40809.0,2712.0,4173.0,506,375,485,184,26635.0,26554.0,18769.0,24341.0,166.2,0
705.0,2587.0,0.0,2420.0,103,87,153,30,1899.0,5163.0,23764.0,34832.0,166.2,0
38990.0,65641.0,4830.0,8522.0,322,256,203,89,41118.0,38414.0,14337.0,26996.0,166.2,0
19897.0,44293.0,6414.0,11643.0,204,191,393,158,38067.0,35669.0,29579.0,26731.0,166.2,0
1441.0,4996.0,1338.0,3756.0,924,2029,1576,3596,4655.0,10507.0,1368.0,2745.0,166.2,2
5330.0,14199.0,2040.0,4038.0,5459,6180,6832,7613,18002.0,19906.0,3624.0,2904.0,166.3,2
622.0,3656.0,219.0,1225.0,698,1469,703,2006,1970.0,5791.0,1564.0,2613.0,166.3,2
8044.0,8848.0,1330.0,3274.0,2802,2780,2708,2751,8780.0,9511.0,892.0,834.0,166.4,2
170098.0,259660.0,30939.0,47558.0,459,366,144,118,188968.0,158613.0,68509.0,62138.0,166.5,0
4312.0,12504.0,1508.0,3732.0,3467,4458,4155,5053,11569.0,14241.0,468.0,2316.0,166.5,2
1197.0,4312.0,0.0,836.0,137,185,801,3949,1254.0,6735.0,49232.0,65501.0,166.5,3
360004.0,520817.0,35309.0,50445.0,17485,16159,460326,416330,557388.0,496946.0,303807.0,254405.0,166.5,3
34140.0,49563.0,1333.0,4083.0,122,129,46,85,39477.0,38660.0,28512.0,30514.0,166.7,0
27628.0,41124.0,4773.0,7790.0,279,150,302,162,33949.0,34329.0,12172.0,20455.0,166.8,0
56667.0,83324.0,4672.0,9186.0,433,349,264,145,54137.0,50095.0,45060.0,41978.0,166.8,0
20763.0,27796.0,10113.0,15769.0,192,177,0,57,27536.0,27922.0,15298.0,23338.0,166.9,0
3241.0,9312.0,648.0,2633.0,2886,4132,4157,5783,10874.0,14652.0,2183.0,2136.0,166.9,2
298243.0,389103.0,48478.0,65010.0,1250,502,0,0,389278.0,333270.0,198125.0,156254.0,166.9,-1
26794.0,30064.0,1816.0,4444.0,0,0,0,57,30418.0,28426.0,21157.0,20021.0,166.9,0
2354.0,6659.0,1098.0,2330.0,149,75,43,0,3185.0,4664.0,3007.0,2672.0,166.9,-1
2416.0,7540.0,1237.0,3590.0,168,169,162,94,12739.0,15265.0,2175.0,2140.0,166.9,0
767.0,3698.0,3654.0,16255.0,170,115,61,0,4956.0,10230.0,93096.0,189245.0,166.9,-1
1159020.0,1104740.0,1241140.0,1299870.0,2546,1700,636,500,1479340.0,926533.0,972108.0,620733.0,166.9,1
4886.0,11299.0,1462.0,2935.0,5431,5655,5904,5897,13544.0,13047.0,1752.0,2420.0,167.0,2
1703.0,7632.0,5762.0,14388.0,296,235,172,129,3352.0,4392.0,2402.0,2917.0,167.0,0
1335.0,7948.0,3261.0,13900.0,227,200,147,56,2868.0,4844.0,927.0,2470.0,167.0,0
2222660.0,1837570.0,4143090.0,4339250.0,7859,4633,2404,1363,644206.0,492512.0,262996.0,187377.0,167.0,1
9600.0,22910.0,2724.0,5223.0,1700,1710,3460,3364,9535.0,9742.0,2962.0,4256.0,167.1,2
117291.0,182254.0,13473.0,20580.0,0,234,128,192,146293.0,113718.0,54107.0,45437.0,167.1,0
10316.0,24952.0,4972.0,9684.0,294,227,299,157,24618.0,24432.0,9515.0,17408.0,167.2,0
20769.0,29995.0,127165.0,196435.0,4949,5126,6207,6444,16438.0,15372.0,2824.0,3011.0,167.2,1
33408.0,56384.0,9331.0,13787.0,475,232,83,71,46173.0,39720.0,32465.0,34968.0,167.3,0
2117.0,14221.0,348.0,2603.0,756,1253,1166,1968,3584.0,6516.0,465.0,610.0,167.3,2
598.0,2368.0,865.0,3549.0,1082,2518,1738,3391,4525.0,8647.0,488.0,725.0,167.3,2
58385.0,88318.0,2971.0,5418.0,252,202,0,42,30308.0,27346.0,25581.0,23473.0,167.3,0
14361.0,25297.0,1529.0,3633.0,7751,8244,9509,10071,22312.0,22827.0,2745.0,3998.0,167.4,2
75150.0,107974.0,6814.0,12250.0,607,386,0,46,51544.0,46290.0,38087.0,32386.0,167.4,0
34208.0,52945.0,11083.0,17460.0,396,192,19,132,35899.0,36254.0,16292.0,26662.0,167.5,0
1165.0,2830.0,803.0,2378.0,2767,3182,3250,3748,8632.0,10871.0,267.0,793.0,167.5,2
4969.0,15514.0,10273.0,18369.0,0,21,0,0,13126.0,13186.0,5472.0,10343.0,167.6,-1
317394.0,430630.0,225004.0,352700.0,47995,45629,68854,66542,31590.0,30275.0,6762.0,7781.0,167.6,1
3393.0,11315.0,1345.0,2259.0,2666,2689,3332,3569,8002.0,8293.0,2397.0,2209.0,167.8,2
27950.0,41867.0,9562.0,13752.0,426,284,87,36,27163.0,25932.0,16780.0,17965.0,167.9,0
2422.0,12119.0,351.0,1361.0,930,1957,1273,2668,3725.0,8370.0,48.0,0.0,167.9,2
5854.0,17890.0,1079.0,4159.0,4178,5210,5440,6883,15670.0,20381.0,1340.0,2118.0,168.0,2
8005.0,12631.0,2075.0,4751.0,2462,2304,3479,3538,9788.0,10097.0,1564.0,2606.0,168.1,2
1015.0,5530.0,2602.0,8498.0,221,137,215,127,9369.0,14062.0,1920.0,3106.0,168.1,0
2474.0,10834.0,683.0,3569.0,160,34,118,0,3615.0,6135.0,1191.0,1608.0,168.1,-1
576.0,3381.0,75.0,421.0,143,8,155,58,2435.0,4387.0,12443.0,24415.0,168.1,0
1022.0,5495.0,0.0,0.0,76,0,171,79,3322.0,6303.0,44177.0,104460.0,168.1,0
909585.0,1006800.0,48796.0,62075.0,2368,1886,462,252,1541100.0,1146850.0,589993.0,523803.0,168.1,1
45208.0,89499.0,10081.0,14751.0,112,136,55,66,57342.0,53456.0,38055.0,38549.0,168.1,0
16993.0,25701.0,2749.0,4596.0,7008,7158,10308,10517,25799.0,24828.0,4218.0,5461.0,168.2,2
18857.0,20205.0,3893.0,6371.0,3968,4409,5822,5823,13346.0,12537.0,3046.0,2795.0,168.2,2
814.0,4203.0,904.0,3016.0,1635,2609,2035,3355,5517.0,9049.0,486.0,1121.0,168.3,2
122675.0,182429.0,25116.0,40282.0,560,527,0,4,79361.0,72720.0,57470.0,54454.0,168.3,0
3928.0,15226.0,781.0,2193.0,1290,2535,1530,3424,5540.0,11527.0,2695.0,4324.0,168.4,2
4403.0,12076.0,0.0,1047.0,1496,2577,1873,3588,5494.0,11647.0,938.0,1628.0,168.4,2
21174.0,42497.0,20808.0,37220.0,312,159,7,0,33153.0,31828.0,10982.0,20584.0,168.6,-1
30383.0,59490.0,9791.0,17683.0,230,132,200,88,39245.0,38108.0,12558.0,26008.0,168.6,0
13754.0,34846.0,2221.0,4204.0,3856,3940,6121,6523,17894.0,19412.0,2014.0,2535.0,168.6,2
27658.0,45660.0,5863.0,8972.0,227,167,400,196,30604.0,31069.0,8004.0,14743.0,168.6,0
6223.0,12013.0,762.0,3816.0,2694,2953,3741,4033,10695.0,11330.0,1505.0,2057.0,168.6,2
519945.0,653420.0,20480.0,28157.0,2652,2166,27394,25183,224640.0,189302.0,151878.0,140764.0,168.7,3
3097.0,7001.0,2485.0,4683.0,3034,3343,4107,4583,9495.0,9958.0,848.0,1894.0,168.7,2
49267.0,73511.0,4747.0,6289.0,861,321,539,210,47465.0,43273.0,29225.0,34054.0,168.7,0
19719.0,25004.0,2219.0,3533.0,409,242,0,0,22692.0,20987.0,13214.0,18627.0,168.8,-1
28583.0,50833.0,4310.0,6442.0,236,109,199,77,39739.0,36547.0,12473.0,23568.0,168.9,0
61144.0,80335.0,1845.0,4757.0,197,121,203,199,46319.0,41796.0,30092.0,26987.0,168.9,0
166067.0,243572.0,32320.0,54379.0,735,308,348,174,250791.0,227559.0,84231.0,104937.0,168.9,0
27465.0,44930.0,3302.0,5032.0,37,129,220,65,37360.0,34834.0,24762.0,26152.0,168.9,0
48676.0,73041.0,6356.0,9791.0,17633,18190,25647,26237,62959.0,60518.0,12151.0,10657.0,169.0,1
5281.0,12117.0,1048.0,2644.0,1767,1802,2127,2492,6457.0,6897.0,1284.0,1404.0,169.1,2
30853.0,56485.0,11507.0,19384.0,173,187,133,72,50820.0,48184.0,24038.0,39582.0,169.1,0
4913.0,13461.0,1543.0,3730.0,2546,2587,3724,3901,9925.0,10623.0,437.0,578.0,169.2,2
5881.0,14090.0,1386.0,2797.0,4840,4993,6311,6788,15607.0,15727.0,1044.0,1760.0,169.2,2
20777.0,35232.0,4016.0,6142.0,14340,14038,17360,16555,40356.0,36802.0,9264.0,7273.0,169.2,2
16066.0,26624.0,4203.0,7791.0,127,74,311,174,21971.0,21403.0,19479.0,18507.0,169.2,0
6014.0,17858.0,1850.0,4248.0,3231,3543,4375,4665,11711.0,12813.0,2155.0,1966.0,169.3,2
6817.0,14284.0,1968.0,4629.0,3817,3518,5297,5718,13836.0,14121.0,1503.0,2863.0,169.3,2
42355.0,63285.0,6540.0,9892.0,267,135,319,129,50458.0,47253.0,25110.0,37657.0,169.3,0
25640.0,36436.0,10522.0,15489.0,595,253,425,187,47052.0,44340.0,45177.0,34946.0,169.3,0
2872.0,7759.0,1215.0,3889.0,2615,3059,3806,4580,9733.0,11747.0,1029.0,1161.0,169.3,2
21652.0,39969.0,2626.0,5644.0,483,357,96,69,26749.0,28298.0,6011.0,14564.0,169.4,0
1927.0,11880.0,0.0,860.0,157,37,160,36,2593.0,4413.0,45.0,138.0,169.4,0
385592.0,527116.0,84933.0,116158.0,354,505,294,216,337973.0,277043.0,196039.0,148406.0,169.4,3
27597.0,53314.0,11021.0,17541.0,58,12,144,43,35627.0,36512.0,7168.0,16193.0,169.5,0
45525.0,75525.0,4593.0,7583.0,209,162,469,197,48009.0,46723.0,25011.0,34770.0,169.5,0
2591.0,10866.0,2550.0,7164.0,1363,2089,1546,2537,4417.0,7911.0,556.0,1824.0,169.5,2
7580.0,13100.0,2193.0,4399.0,4179,4612,6291,6861,15610.0,16502.0,3326.0,4716.0,169.6,2
119926.0,175919.0,30142.0,45584.0,471,284,346,235,112533.0,97026.0,32790.0,49184.0,169.7,0
11583.0,13031.0,2025.0,3150.0,2679,2505,3943,3635,8742.0,8031.0,3058.0,2515.0,169.8,2
4542.0,11834.0,1213.0,3455.0,1586,1944,2288,3068,6002.0,7509.0,1543.0,1266.0,169.9,2
952.0,4770.0,336.0,1898.0,1595,2512,2334,3762,5422.0,8586.0,0.0,0.0,169.9,2
1933.0,10771.0,997.0,3031.0,1544,3058,1744,3601,5596.0,9821.0,659.0,967.0,169.9,2
2602.0,8663.0,307.0,2000.0,797,2509,1079,2990,2643.0,7282.0,217.0,755.0,169.9,2
40868.0,56380.0,12814.0,20887.0,360,202,509,179,40382.0,36288.0,35525.0,28748.0,169.9,0
24732.0,41290.0,3544.0,5147.0,49,128,0,0,30051.0,29992.0,25421.0,24285.0,170.0,-1
20119.0,38983.0,3577.0,5088.0,127,110,84,57,31637.0,30807.0,13519.0,21936.0,170.0,0
2275.0,9678.0,1687.0,4459.0,2431,3828,3800,6034,9848.0,14735.0,684.0,3200.0,170.0,2
17658.0,32666.0,31447.0,52789.0,68,65,19,54,32210.0,30595.0,18539.0,25102.0,170.0,0
42024.0,54949.0,4940.0,6223.0,502,277,134,141,29617.0,28714.0,21219.0,23115.0,170.0,0
5814.0,13156.0,1783.0,3617.0,3419,3710,4587,4955,13059.0,14189.0,1197.0,1267.0,170.0,2
8127.0,16268.0,2262.0,4313.0,7635,8187,8819,9279,22612.0,23940.0,1277.0,4125.0,170.1,2
1048540.0,1185850.0,121593.0,169478.0,5129,4291,62658,53229,680087.0,533641.0,478116.0,371864.0,170.1,3
25058.0,38242.0,13620.0,22091.0,426,182,0,77,27768.0,25873.0,22585.0,20178.0,170.1,0
1565.0,9842.0,957.0,4136.0,1764,3371,1859,3841,5178.0,10749.0,83.0,810.0,170.1,2
65408.0,95826.0,13325.0,20125.0,439,356,206,87,70278.0,68256.0,55343.0,57552.0,170.2,0
10824.0,14507.0,2672.0,6184.0,2811,3278,3380,3467,9303.0,9489.0,2911.0,2230.0,170.2,2
1685.0,6969.0,2027.0,6073.0,2835,3835,3774,5316,11044.0,15662.0,819.0,2361.0,170.2,2
2674.0,16453.0,164.0,1515.0,480,1516,614,1954,1396.0,4329.0,129.0,121.0,170.2,2
48100.0,64896.0,27372.0,43148.0,231,150,155,107,41236.0,39771.0,24380.0,31378.0,170.3,0
51262.0,80053.0,4272.0,7469.0,415,256,187,141,54266.0,50014.0,33495.0,39743.0,170.4,0
1736.0,7454.0,1033.0,4193.0,1830,2445,2372,3258,5889.0,8102.0,475.0,1028.0,170.5,2
4033.0,11495.0,2075.0,5856.0,2642,3221,3624,4079,9826.0,10417.0,2192.0,2521.0,170.5,2
9673.0,24097.0,2604.0,6869.0,0,0,177,115,15894.0,15306.0,2351.0,4774.0,170.7,0
50639.0,71108.0,4528.0,7316.0,165,136,122,78,49715.0,49088.0,21624.0,40838.0,170.7,0
5710.0,15767.0,3424.0,5950.0,2585,3157,3629,4289,9332.0,10822.0,2406.0,3208.0,170.7,2
20148.0,37129.0,1637.0,5308.0,7298,6890,10243,10088,25734.0,24043.0,6511.0,5560.0,170.8,2
6000.0,10065.0,3369.0,6247.0,4279,4341,5604,5831,16002.0,16018.0,2614.0,3282.0,170.8,2
7920.0,16876.0,1941.0,3532.0,4332,4409,5170,5713,14047.0,14854.0,1093.0,2330.0,170.9,2
8322.0,18191.0,2097.0,5508.0,3229,3468,4619,4955,11417.0,11536.0,2199.0,3334.0,170.9,2
1618.0,6678.0,1373.0,3850.0,1692,2486,2477,3773,6181.0,9318.0,0.0,1443.0,170.9,2
11131.0,21813.0,1749.0,3437.0,6714,7330,9514,10263,24065.0,24159.0,1590.0,3770.0,170.9,2
9963.0,21934.0,1438.0,2546.0,3373,2966,5101,5060,13737.0,13209.0,3558.0,2354.0,170.9,2
2954.0,14097.0,1388.0,4329.0,2172,2987,3137,4492,7833.0,11369.0,325.0,372.0,171.0,2
43172.0,76905.0,4562.0,6125.0,584,306,42,53,58126.0,51201.0,36436.0,36387.0,171.0,0
6677.0,14150.0,1562.0,4597.0,5703,5967,7417,7533,19942.0,19779.0,0.0,2608.0,171.0,2
10003.0,21934.0,1464.0,3141.0,5797,6688,7592,7796,18299.0,19967.0,2167.0,3010.0,171.0,2
8666.0,13943.0,2279.0,4751.0,3488,3495,4575,4473,12291.0,11186.0,2575.0,2973.0,171.1,2
40954.0,59979.0,13802.0,24416.0,167,209,229,121,53871.0,54770.0,21792.0,37209.0,171.1,0
7329.0,17247.0,1150.0,4729.0,2103,2482,2912,3512,8046.0,9224.0,3005.0,2533.0,171.1,2
6384.0,11180.0,2679.0,5374.0,6036,6406,7147,7576,14864.0,14859.0,769.0,2124.0,171.2,2
10717.0,11135.0,3350.0,2970.0,5193,5003,5639,5834,14441.0,13639.0,1169.0,1860.0,171.2,2
20244.0,34078.0,9945.0,16263.0,593,303,42,9,29990.0,28205.0,12499.0,20999.0,171.2,0
50205.0,72167.0,18669.0,29404.0,466,187,158,102,44862.0,44365.0,25452.0,32200.0,171.3,0
24734.0,40047.0,14664.0,28092.0,68,175,0,30,37545.0,34315.0,27673.0,25522.0,171.4,0
3972.0,5241.0,744.0,3467.0,2498,3867,3103,4254,7387.0,9457.0,1602.0,1418.0,171.4,2
10053.0,25580.0,2070.0,4384.0,2684,3009,3920,4475,11903.0,13696.0,3232.0,6107.0,171.5,2
2717.0,10299.0,482.0,2909.0,450,1275,712,2166,2023.0,5636.0,0.0,565.0,171.5,2
7711.0,10242.0,1974.0,3728.0,2560,2342,3285,3440,9797.0,9433.0,1033.0,1961.0,171.6,2
10952.0,21317.0,6478.0,12175.0,3982,4023,6212,6249,16571.0,16368.0,3747.0,4337.0,171.6,2
48226.0,74224.0,6794.0,9896.0,417,232,340,125,61768.0,58855.0,30674.0,44455.0,171.6,0
8867.0,20305.0,2020.0,4454.0,2962,3035,4470,4833,12352.0,14395.0,2187.0,3351.0,171.6,2
3521.0,13512.0,1223.0,2745.0,2202,2863,3712,4639,9061.0,11605.0,1657.0,2100.0,171.6,2
7778.0,13109.0,3484.0,4124.0,4629,4826,6905,6964,18440.0,16470.0,2823.0,2771.0,171.7,2
6543.0,14677.0,1857.0,4157.0,1354,1339,2035,2211,6685.0,6923.0,693.0,1327.0,171.7,2
6245.0,13513.0,2772.0,5311.0,4611,4874,5540,5685,14021.0,14280.0,240.0,1683.0,171.7,2
9655.0,17179.0,5237.0,8232.0,8357,8817,10015,10774,25826.0,25880.0,2763.0,3733.0,171.9,2
3503.0,10369.0,1639.0,4752.0,1106,2713,1336,3083,3957.0,7460.0,1143.0,1845.0,171.9,2
494.0,1955.0,537.0,2210.0,672,2554,838,2641,2253.0,5934.0,234.0,366.0,171.9,2
30017.0,46382.0,14158.0,22611.0,252,99,280,157,37033.0,34937.0,29777.0,26858.0,172.0,0
12629.0,26990.0,2914.0,4145.0,7200,8153,9915,10429,24748.0,25363.0,2681.0,5077.0,172.0,2
46143.0,78524.0,5680.0,8983.0,95,130,114,65,36337.0,34695.0,17171.0,23836.0,172.0,0
3379.0,10636.0,1725.0,2953.0,3530,3755,4854,5178,13611.0,14415.0,304.0,1490.0,172.0,2
10997.0,22378.0,1338.0,2738.0,136,91,150,43,22053.0,22379.0,3210.0,8591.0,172.1,0
17094.0,33552.0,7420.0,13525.0,381,274,275,176,26682.0,25402.0,22585.0,20502.0,172.2,0
2731.0,9208.0,2052.0,4127.0,1878,2332,2701,3178,6734.0,8020.0,0.0,0.0,172.2,2
113463.0,162420.0,4828.0,7670.0,106,127,0,50,143726.0,126859.0,63252.0,47133.0,172.2,0
30173.0,49271.0,2698.0,5003.0,222,101,276,143,30808.0,28819.0,17616.0,28262.0,172.2,0
6925.0,11897.0,2616.0,3390.0,6198,6287,7158,7445,15869.0,15468.0,2324.0,2372.0,172.2,2
108359.0,170256.0,13222.0,18800.0,366,231,0,63,174966.0,145329.0,63089.0,70387.0,172.3,0
35346.0,64403.0,6026.0,10565.0,155,192,20,126,55507.0,53688.0,17958.0,37103.0,172.4,0
4753.0,10574.0,2173.0,4212.0,2727,3227,3569,4137,9276.0,10571.0,1714.0,1819.0,172.4,2
49757.0,74752.0,4665.0,6285.0,3982,3773,335,245,53359.0,49114.0,48812.0,42540.0,172.4,3
108941.0,165434.0,15318.0,22171.0,373,209,368,130,166661.0,145780.0,47006.0,55981.0,172.4,0
33654.0,55342.0,4765.0,8080.0,480,365,193,144,35530.0,35972.0,14393.0,26245.0,172.5,0
220219.0,255432.0,466074.0,585965.0,1140,677,522,337,21439.0,20529.0,15745.0,18262.0,172.5,3
267294.0,300547.0,404514.0,506959.0,5924,5438,7672,7315,23461.0,21511.0,5653.0,4512.0,172.6,1
38701.0,66439.0,449.0,3690.0,272,196,45,199,39807.0,37680.0,36756.0,31449.0,172.7,0
4352.0,10620.0,945.0,2674.0,4450,5441,5061,6392,12736.0,14546.0,2332.0,3063.0,172.7,2
21789.0,36627.0,5570.0,7824.0,360,197,0,72,22489.0,21294.0,14673.0,18159.0,172.8,0
448678.0,597168.0,310007.0,416366.0,740,583,206,227,189864.0,164297.0,103928.0,91284.0,172.8,3
358624.0,494660.0,164071.0,256101.0,734,593,403,207,170289.0,149164.0,79313.0,78030.0,172.8,3
10757.0,17258.0,2078.0,4650.0,4390,4384,6065,6198,15951.0,16541.0,4700.0,4192.0,172.8,2
50664.0,81967.0,8088.0,13703.0,171,141,403,180,48219.0,48007.0,36536.0,40059.0,172.8,0
58012.0,84667.0,52517.0,87309.0,518,278,0,31,58901.0,54747.0,45629.0,42538.0,172.9,3
45305.0,59620.0,8217.0,11663.0,89,177,20,39,33202.0,32084.0,16809.0,25983.0,173.0,0
685.0,2788.0,393.0,2024.0,1193,2667,1583,3786,4287.0,10602.0,872.0,1649.0,173.0,2
5009.0,9421.0,355.0,1421.0,2570,2807,4274,4666,11933.0,12048.0,1986.0,2905.0,173.0,2
2764.0,12029.0,1308.0,2956.0,2648,2914,3516,4113,9121.0,10495.0,699.0,1444.0,173.1,2
9816.0,19585.0,2765.0,5633.0,5289,5301,7154,6762,17642.0,17674.0,1746.0,2907.0,173.1,2
26154.0,41900.0,9200.0,14049.0,145,190,11,21,41968.0,39128.0,30051.0,27256.0,173.2,0
72957.0,111784.0,5546.0,10078.0,367,477,245,88,54701.0,52658.0,34838.0,33762.0,173.2,0
5648.0,11918.0,1562.0,2805.0,221,290,181,77,8807.0,5202.0,1950.0,1113.0,173.2,0
505522.0,661806.0,487440.0,672236.0,1200,908,381,199,424911.0,367817.0,212964.0,189542.0,173.2,3
10580.0,14822.0,2636.0,3808.0,4412,4113,6188,6300,13043.0,12381.0,4192.0,2555.0,173.3,2
39799.0,56068.0,6624.0,9484.0,556,283,124,88,35305.0,32872.0,25327.0,22281.0,173.5,0
37571.0,56008.0,19098.0,27965.0,468,304,487,217,47175.0,43216.0,35188.0,31560.0,173.5,0
26028.0,47629.0,6694.0,12148.0,151,83,79,119,41471.0,40396.0,10501.0,24936.0,173.5,0
238343.0,334428.0,64169.0,93536.0,1013,535,133,76,176544.0,137660.0,118361.0,82287.0,173.5,3
3812.0,11755.0,291.0,1369.0,1637,3055,1855,3494,4897.0,8329.0,693.0,975.0,173.6,2
15676.0,15282.0,2700.0,3223.0,1921,1874,3043,3004,8036.0,8232.0,2744.0,3002.0,173.6,2
8130.0,16942.0,2382.0,4111.0,2292,2704,3497,3746,9502.0,9496.0,0.0,1427.0,173.6,2
6585.0,16043.0,310.0,2158.0,6724,7404,7908,8307,18373.0,19465.0,512.0,4115.0,173.6,2
1625.0,6877.0,1108.0,3000.0,3593,5510,4112,6341,7965.0,11294.0,343.0,682.0,173.7,2
4969.0,13409.0,1476.0,4351.0,2371,2512,3491,3932,10659.0,11938.0,1612.0,2241.0,173.7,2
2404.0,10543.0,1083.0,5047.0,174,109,358,394,10014.0,16526.0,8627.0,13031.0,173.7,0
1492.0,9647.0,2142.0,8024.0,234,176,355,447,11729.0,21722.0,9580.0,17580.0,173.7,0
448.0,1966.0,166.0,720.0,242,161,197,136,2016.0,4045.0,4966.0,9182.0,173.7,0
3780.0,15714.0,104.0,575.0,297,239,362,437,4423.0,6044.0,60577.0,61945.0,173.7,0
1684440.0,1603440.0,613293.0,660982.0,23475,13224,278476,170044,1982430.0,1080740.0,1919740.0,878866.0,173.7,3
27915.0,48606.0,6423.0,10191.0,189,141,191,67,45714.0,40876.0,29693.0,29631.0,173.8,0
6906.0,14448.0,1558.0,3128.0,3991,4476,4832,5106,14920.0,15378.0,1641.0,2045.0,173.8,2
17088.0,39525.0,3790.0,8334.0,197,146,228,102,24348.0,24252.0,8209.0,15264.0,173.8,0
2336.0,14238.0,511.0,2665.0,1066,2241,999,2257,3459.0,8459.0,0.0,199.0,173.9,2
112053.0,147190.0,16523.0,23210.0,339,145,417,163,98810.0,89816.0,54674.0,47818.0,173.9,0
26905.0,34062.0,8296.0,11773.0,357,178,592,170,33640.0,31538.0,21838.0,23575.0,173.9,0
5181.0,17033.0,1332.0,4261.0,7644,8105,8894,9455,23114.0,24115.0,2347.0,3023.0,173.9,2
2576.0,8736.0,1249.0,4074.0,2292,3405,3476,5031,8839.0,12351.0,752.0,1408.0,174.0,2
4093.0,11336.0,1507.0,3214.0,2220,2675,2885,3406,7446.0,8575.0,196.0,387.0,174.1,2
2380.0,12370.0,1601.0,5024.0,1571,2264,2304,3642,5876.0,9313.0,0.0,211.0,174.1,2
20977.0,34216.0,5472.0,9515.0,64,68,93,123,27244.0,28295.0,6704.0,14343.0,174.1,0
32907.0,53124.0,5710.0,7273.0,267,184,87,108,42513.0,38901.0,17005.0,26357.0,174.2,0
28756.0,45619.0,193.0,755.0,346,186,0,8,28616.0,26781.0,12384.0,20104.0,174.2,0
23822.0,41826.0,4116.0,7495.0,288,222,90,2,41533.0,39944.0,14384.0,25289.0,174.3,0
963.0,4077.0,878.0,2526.0,2743,3596,3368,4745,8570.0,11821.0,177.0,913.0,174.3,2
24648.0,44517.0,1967.0,3174.0,13304,13856,15731,16213,36277.0,36089.0,3446.0,3460.0,174.3,2
9432.0,24315.0,2349.0,5052.0,4006,4658,5298,5925,14800.0,15606.0,1488.0,3203.0,174.3,2
482.0,2911.0,168.0,1130.0,200,199,329,327,12257.0,20542.0,19883.0,34072.0,174.4,0
1467420.0,1141060.0,356047.0,294811.0,18388,7435,293992,124495,2691480.0,1120080.0,2020960.0,734243.0,174.4,3
3199.0,10676.0,2145.0,4897.0,2235,2490,3118,3525,7813.0,9171.0,1289.0,1821.0,174.5,2
31216.0,40885.0,7006.0,13001.0,418,262,0,0,36450.0,33762.0,22384.0,21724.0,174.5,-1
34597.0,53233.0,7199.0,9458.0,0,138,193,171,36533.0,33841.0,37851.0,28242.0,174.5,0
1312.0,7770.0,774.0,3874.0,1857,2971,2250,3818,5755.0,10095.0,83.0,206.0,174.7,2
1769.0,7284.0,382.0,2663.0,4424,6541,5174,7666,9841.0,14265.0,241.0,1010.0,174.9,2
7865.0,18251.0,1287.0,2705.0,3226,3279,4274,4743,10905.0,11830.0,676.0,2310.0,174.9,2
14012.0,28523.0,4509.0,5642.0,225,106,362,191,22220.0,21307.0,10634.0,16157.0,175.1,0
26327.0,40626.0,15694.0,26842.0,336,257,149,178,33628.0,31843.0,19880.0,23180.0,175.2,0
43454.0,62096.0,3076.0,3724.0,212,250,376,173,40774.0,37463.0,31670.0,29665.0,175.3,0
2397.0,10441.0,331.0,1917.0,2754,7242,3335,8457,6466.0,15498.0,1362.0,3074.0,175.4,2
963.0,5565.0,1035.0,4261.0,4568,8265,5177,9393,9669.0,17363.0,793.0,1597.0,175.4,2
7751.0,17016.0,458.0,3674.0,1440,1550,3193,3574,8915.0,10766.0,2047.0,4284.0,175.4,2
1094.0,6631.0,647.0,3685.0,225,432,617,1785,1584.0,5584.0,329.0,462.0,175.4,2
695.0,3920.0,163.0,1581.0,590,1614,883,2731,2688.0,7681.0,2952.0,5308.0,175.5,2
4316.0,18953.0,1026.0,2970.0,4880,6712,6223,8441,15490.0,21397.0,1418.0,1717.0,175.5,2
3457.0,9216.0,2099.0,5084.0,2945,3081,3381,3741,7543.0,7921.0,649.0,747.0,175.5,2
49967.0,74953.0,33742.0,54698.0,284,264,0,0,52610.0,50430.0,22927.0,37853.0,175.5,-1
5997.0,9651.0,2046.0,5292.0,2589,2969,2970,3349,7774.0,9210.0,258.0,494.0,175.6,2
4827.0,13379.0,2288.0,5034.0,3146,3640,4110,4506,11464.0,12308.0,1605.0,2629.0,175.6,2
107586.0,174271.0,17397.0,24541.0,148,115,479,149,105813.0,93658.0,29072.0,39050.0,175.6,0
1231.0,4811.0,2157.0,5935.0,3325,4453,3980,5521,9659.0,13139.0,845.0,1424.0,175.6,2
35799.0,51823.0,10225.0,13736.0,789,365,199,128,35268.0,32926.0,18734.0,25770.0,175.7,0
1398.0,5571.0,1828.0,4548.0,1964,3290,2536,4110,7826.0,11860.0,1170.0,2722.0,175.7,2
1940.0,7666.0,551.0,2377.0,1336,2896,1618,3728,4203.0,9728.0,1121.0,1798.0,175.8,2
7707.0,26336.0,1364.0,3028.0,2829,3607,4409,4990,13364.0,15366.0,782.0,1723.0,175.9,2
3896.0,9971.0,1368.0,2738.0,6286,7655,7327,8732,15731.0,17620.0,2126.0,3667.0,175.9,2
26610.0,28877.0,3283.0,4873.0,74,155,29,74,21619.0,18944.0,17411.0,15347.0,176.0,0
5958.0,12483.0,1484.0,3285.0,2417,2516,2838,2970,7910.0,8971.0,0.0,489.0,176.0,2
2447.0,5641.0,1035.0,2298.0,1350,1734,1953,2675,6463.0,8864.0,782.0,1245.0,176.0,2
4736.0,13517.0,588.0,1793.0,6204,7463,7009,8203,16494.0,19246.0,1535.0,2460.0,176.0,2
18521.0,34116.0,3774.0,5348.0,415,277,188,148,23637.0,21509.0,7330.0,13344.0,176.0,0
6848.0,14489.0,3506.0,5144.0,5164,5195,7182,7277,17141.0,17175.0,2810.0,3023.0,176.0,2
12270.0,21066.0,1641.0,2375.0,4486,4643,5566,6029,16697.0,16620.0,4644.0,3447.0,176.0,2
4765.0,10673.0,353.0,1925.0,1320,3278,1456,3747,3268.0,8194.0,2719.0,2647.0,176.1,2
2237.0,13486.0,688.0,2414.0,2012,3896,2446,4790,5904.0,11248.0,130.0,321.0,176.1,2
3975.0,10038.0,2025.0,4611.0,3016,3341,3547,4293,10263.0,12404.0,413.0,2924.0,176.1,2
16044.0,27896.0,5196.0,9165.0,50,20,196,149,19584.0,18471.0,6771.0,13226.0,176.2,0
19182.0,28628.0,3446.0,6128.0,59,121,98,90,28162.0,26603.0,22509.0,18126.0,176.2,0
3410.0,13967.0,894.0,2984.0,1715,2224,2212,2781,4950.0,6179.0,0.0,122.0,176.2,2
5724.0,21217.0,1151.0,2887.0,2884,3082,4581,4901,12648.0,13877.0,687.0,1387.0,176.3,2
4888.0,15424.0,1308.0,2781.0,4366,5277,5168,6841,10775.0,13923.0,860.0,1524.0,176.3,2
31829.0,37112.0,2636.0,4912.0,2866,2627,6522,6439,21374.0,21205.0,7519.0,8765.0,176.3,2
1600.0,8724.0,453.0,2072.0,580,1282,573,1373,1688.0,4589.0,1761.0,2601.0,176.4,2
8687.0,19526.0,1898.0,3761.0,4457,4822,5117,5734,13695.0,14735.0,871.0,2016.0,176.4,2
23111.0,44542.0,16617.0,26716.0,417,257,23,20,32980.0,32610.0,23001.0,22548.0,176.5,0
29722.0,53904.0,5295.0,8233.0,390,210,0,136,36268.0,35964.0,13524.0,25956.0,176.5,0
667897.0,809961.0,620770.0,794200.0,5437,4776,6219,5954,305815.0,261003.0,132009.0,117692.0,176.5,1
64466.0,96164.0,23010.0,36882.0,186,120,182,113,79664.0,77614.0,35411.0,65033.0,176.6,0
11972.0,22417.0,1447.0,2568.0,7079,7496,9315,9834,22565.0,23709.0,2704.0,3026.0,176.6,2
22013.0,34872.0,7739.0,12909.0,35,80,136,56,29939.0,28142.0,20227.0,21773.0,176.6,0
51757.0,68713.0,5367.0,8056.0,194,122,403,188,59401.0,57115.0,51857.0,43005.0,176.6,0
51513.0,77842.0,19724.0,31948.0,487,238,100,75,63937.0,58334.0,55702.0,54951.0,176.7,0
32839.0,47720.0,4593.0,7096.0,450,282,187,154,26684.0,25424.0,13583.0,19093.0,176.7,0
19451.0,29631.0,2406.0,4009.0,7158,6755,9623,9524,22331.0,22672.0,2835.0,3367.0,176.7,2
68217.0,91688.0,7388.0,13991.0,143,112,153,97,29970.0,27804.0,27104.0,20391.0,176.8,0
5225.0,9981.0,2008.0,5704.0,4302,4301,5452,5792,13373.0,14100.0,1567.0,2784.0,176.8,2
16637.0,32794.0,3608.0,5867.0,5142,5300,7131,7365,22722.0,22874.0,5203.0,6173.0,176.8,2
27157.0,40092.0,3810.0,9091.0,167,123,463,208,28758.0,27541.0,10118.0,20098.0,176.8,0
8242.0,22041.0,1562.0,2983.0,4523,4781,6200,6520,15262.0,16284.0,1780.0,4132.0,176.9,2
13890.0,20812.0,772.0,2049.0,4035,4282,6051,6080,17113.0,16709.0,2009.0,4673.0,176.9,2
48237.0,74329.0,2725.0,4390.0,188,196,0,39,36398.0,33919.0,27294.0,28612.0,176.9,0
156770.0,228008.0,23394.0,38224.0,233,232,370,250,155994.0,136708.0,51982.0,54368.0,176.9,0
115706.0,168782.0,16053.0,23953.0,336,240,136,107,119624.0,107116.0,39598.0,52323.0,177.0,0
537744.0,721240.0,37120.0,54207.0,2371,2010,23845,21793,259025.0,214941.0,204869.0,173937.0,177.0,3
1158.0,6222.0,314.0,3068.0,692,1263,659,1632,1584.0,5327.0,1413.0,2158.0,177.0,2
6282.0,13997.0,930.0,3500.0,3546,3958,4501,4905,11335.0,12466.0,629.0,2036.0,177.0,2
12213.0,13697.0,3003.0,3163.0,3170,3368,4109,3955,11446.0,11326.0,2953.0,2863.0,177.1,2
1733.0,10936.0,0.0,296.0,216,167,134,33,1979.0,4175.0,4804.0,8750.0,177.2,0
4683.0,8695.0,0.0,2507.0,130,132,212,92,70508.0,78464.0,21945.0,13406.0,177.2,0
2498.0,10896.0,276.0,1434.0,177,68,106,39,56163.0,73131.0,9342.0,11636.0,177.2,0
1776.0,8464.0,85.0,1465.0,204,149,105,24,10316.0,17063.0,10982.0,17190.0,177.2,0
1105.0,6313.0,367.0,2066.0,127,96,168,68,5960.0,11139.0,9373.0,15582.0,177.2,0
2002.0,7562.0,281.0,2033.0,118,28,244,147,6673.0,8206.0,15292.0,23204.0,177.2,0
1359740.0,1171760.0,249839.0,255888.0,7526,4569,1966,879,9517220.0,5566040.0,4865300.0,3217240.0,177.2,4
32774.0,50601.0,1642.0,3775.0,424,193,497,138,50329.0,46097.0,34935.0,30000.0,177.3,0
59065.0,100256.0,8205.0,13570.0,424,270,193,92,40792.0,40364.0,22081.0,33441.0,177.3,0
113603.0,172159.0,6316.0,9670.0,438,329,242,162,153930.0,132522.0,58137.0,57483.0,177.3,0
2113.0,13424.0,1179.0,5458.0,1861,3383,2053,3732,4700.0,8708.0,0.0,39.0,177.3,2
5184.0,7678.0,2830.0,5867.0,5250,6038,7436,7984,19860.0,20822.0,1039.0,1935.0,177.3,2
38031.0,63798.0,6171.0,12567.0,384,252,0,33,36405.0,35450.0,17347.0,28336.0,177.4,0
10174.0,14601.0,2384.0,6930.0,3952,4275,4810,4709,12032.0,11643.0,3429.0,3024.0,177.5,2
39762.0,58809.0,31495.0,51603.0,382,215,39,23,19652.0,18848.0,2718.0,4787.0,177.5,0
3733.0,8578.0,2004.0,3764.0,2841,2972,3244,3559,10662.0,11539.0,0.0,824.0,177.6,2
10204.0,20601.0,1678.0,3678.0,2951,3382,3760,4102,10992.0,12046.0,1207.0,1386.0,177.7,2
31651.0,48333.0,17982.0,26130.0,0,113,399,140,35679.0,33452.0,15111.0,22444.0,177.8,0
1269.0,3337.0,846.0,2543.0,937,2082,841,1869,1787.0,5423.0,2595.0,2426.0,177.8,2
1976.0,5033.0,1426.0,3247.0,5040,6257,5689,6932,13228.0,15955.0,0.0,1294.0,177.8,2
10850.0,25559.0,2386.0,4301.0,4209,4260,5920,5988,15061.0,14126.0,2845.0,2969.0,177.8,2
16268.0,34667.0,3424.0,4987.0,10138,10405,13019,13222,33429.0,30559.0,4959.0,5625.0,177.8,2
32696.0,49272.0,2974.0,5917.0,5043,5352,8006,7834,25266.0,24632.0,9234.0,8482.0,177.8,2
6381.0,15525.0,1900.0,4538.0,6113,6370,8311,9110,19425.0,21369.0,0.0,912.0,177.8,2
16961.0,31052.0,3314.0,5054.0,146,174,156,92,28932.0,27828.0,13423.0,19251.0,177.8,0
6249.0,14472.0,3330.0,7491.0,1330,1750,1769,2772,4451.0,6273.0,1573.0,2404.0,177.9,2
1453.0,6048.0,0.0,3231.0,477,957,449,1481,1874.0,4015.0,684.0,1089.0,177.9,2
1395.0,8486.0,453.0,2806.0,1335,3140,1851,4194,4697.0,11770.0,0.0,0.0,178.0,2
9472.0,11044.0,2293.0,3561.0,3518,3873,5420,5994,13084.0,14932.0,0.0,1452.0,178.0,2
28256.0,44126.0,3649.0,5388.0,98,85,199,110,27017.0,25608.0,17390.0,21996.0,178.1,0
16397.0,34112.0,6519.0,11181.0,290,201,332,160,24608.0,25315.0,18170.0,19102.0,178.1,0
55539.0,104969.0,6758.0,10957.0,518,263,84,79,59466.0,56431.0,24251.0,47105.0,178.1,0
5387.0,16537.0,1484.0,4762.0,7309,8415,8309,9609,20826.0,23347.0,1418.0,1795.0,178.2,2
11180.0,18871.0,3276.0,5407.0,4027,4143,5448,5702,18193.0,18738.0,861.0,4066.0,178.2,2
55311.0,69494.0,5309.0,6213.0,0,69,364,159,54029.0,53184.0,38207.0,37590.0,178.3,0
2278.0,8719.0,623.0,1905.0,1538,3232,1744,3022,4210.0,7905.0,132.0,334.0,178.3,2
4624.0,13594.0,1469.0,2937.0,3345,4680,3986,5620,10610.0,14581.0,2742.0,2720.0,178.3,2
1820.0,10932.0,120.0,3546.0,862,2471,879,2148,2438.0,5632.0,2804.0,4825.0,178.4,2
14079.0,30965.0,5094.0,8924.0,12087,12003,13040,13463,32742.0,34140.0,72.0,2164.0,178.4,2
4718.0,13483.0,2337.0,5042.0,7781,10530,8950,12041,18748.0,26733.0,0.0,1355.0,178.4,2
50755.0,74877.0,4105.0,7784.0,0,42,0,49,58679.0,53875.0,40892.0,39989.0,178.4,0
150120.0,226215.0,13692.0,21493.0,686,263,437,234,180724.0,155236.0,68302.0,69605.0,178.5,0
12054.0,20085.0,1639.0,2484.0,9488,10526,12232,12816,21236.0,21518.0,863.0,2126.0,178.5,2
13549.0,30406.0,3106.0,6282.0,5133,5164,6611,6996,16858.0,17880.0,2560.0,4810.0,178.5,2
6409.0,13119.0,2731.0,4578.0,4566,5384,5991,6406,16848.0,18196.0,2281.0,3649.0,178.6,2
3338.0,10037.0,1481.0,4448.0,2118,2486,2647,3154,6642.0,7640.0,0.0,77.0,178.6,2
38504.0,62879.0,19716.0,33857.0,228,120,54,63,30535.0,29942.0,27060.0,23606.0,178.6,0
7459.0,24117.0,2102.0,4981.0,3307,3594,4826,5666,11689.0,13124.0,275.0,1240.0,178.7,2
7257.0,9141.0,1963.0,2324.0,4502,4368,6033,6201,19101.0,18127.0,2297.0,2785.0,178.8,2
17201.0,34921.0,2422.0,4388.0,378,434,212,126,28835.0,26225.0,12656.0,20264.0,178.9,0
43296.0,71393.0,17836.0,26883.0,322,279,501,259,50759.0,49400.0,36160.0,39272.0,179.1,0
39583.0,58229.0,13107.0,19538.0,554,269,179,181,48721.0,45637.0,47564.0,36911.0,179.1,0
175052.0,255993.0,22735.0,34996.0,424,244,371,178,272380.0,231068.0,102762.0,106165.0,179.2,0
7338.0,16407.0,2246.0,3596.0,3219,3264,4671,4632,11566.0,13002.0,802.0,2778.0,179.2,2
22570.0,36815.0,5837.0,9955.0,426,241,0,36,32118.0,29184.0,24708.0,19508.0,179.3,0
31281.0,51244.0,2363.0,4019.0,16701,15925,21025,20931,50780.0,50059.0,10000.0,7666.0,179.3,2
29984.0,45442.0,6976.0,10176.0,50,167,196,171,27558.0,24862.0,10030.0,18344.0,179.3,0
4812.0,8483.0,1364.0,3318.0,2491,2863,3005,3877,7154.0,9824.0,2040.0,2383.0,179.4,2
8426.0,12470.0,0.0,1488.0,1914,2056,2799,3293,7888.0,9183.0,42.0,443.0,179.4,2
17490.0,24242.0,4552.0,8394.0,218,229,229,151,23214.0,22999.0,10634.0,13792.0,179.5,0
10429.0,14798.0,13078.0,21534.0,290,132,190,128,16537.0,15755.0,11532.0,11910.0,179.6,0
66408.0,93494.0,8270.0,12293.0,343,221,323,118,42920.0,36997.0,29982.0,27966.0,179.6,0
92061.0,140900.0,28266.0,44439.0,647,302,333,147,67142.0,61552.0,32570.0,43101.0,179.6,0
14697.0,17579.0,3457.0,5018.0,3650,3979,5225,5418,13910.0,14481.0,1156.0,2748.0,179.6,2
2842.0,7545.0,0.0,49.0,70,42,76,0,4971.0,5642.0,1211.0,1525.0,179.7,-1
2267.0,11596.0,305.0,1639.0,104,5,156,48,4796.0,6204.0,924.0,1849.0,179.7,0
408770.0,517261.0,72938.0,102055.0,1120,1299,295,123,786955.0,652229.0,351878.0,281452.0,179.7,3
44541.0,64067.0,5276.0,8942.0,379,243,348,124,38074.0,35703.0,31090.0,29617.0,179.7,0
5376.0,17459.0,1608.0,3207.0,3170,4232,3640,4918,8171.0,10774.0,2444.0,2330.0,179.7,2
2473.0,10326.0,1177.0,3023.0,3698,4796,4025,5137,9962.0,12984.0,272.0,1445.0,179.7,2
14774.0,27040.0,738.0,1616.0,8182,8645,11248,11010,28854.0,27045.0,7000.0,7091.0,179.8,2
2185.0,8030.0,1603.0,5006.0,5112,7554,6062,8631,12546.0,16521.0,1910.0,2813.0,179.8,2
4186.0,15293.0,712.0,1576.0,1151,1441,1596,2050,4604.0,5745.0,82.0,939.0,179.8,2
53103.0,80958.0,9542.0,16285.0,134,165,0,51,52714.0,51765.0,32504.0,39201.0,179.8,0
4746.0,10806.0,690.0,1819.0,222,151,59,52,11031.0,7927.0,1464.0,2384.0,179.8,0
1079.0,5880.0,508.0,2393.0,112,14,147,83,2149.0,4033.0,7744.0,17156.0,179.8,0
564906.0,743966.0,61263.0,92739.0,1194,1032,133,91,750519.0,612096.0,314869.0,274802.0,179.8,3
6733.0,21909.0,1041.0,2419.0,3406,4224,3834,4337,10653.0,12298.0,854.0,1779.0,179.8,2
8543.0,17428.0,1320.0,3440.0,3680,4156,5268,6029,12411.0,14180.0,650.0,861.0,179.9,2
63188.0,103604.0,2494.0,3907.0,161,114,220,108,91244.0,83077.0,19792.0,31639.0,179.9,0
4451.0,11975.0,1345.0,3625.0,6739,7627,8011,9014,16549.0,18929.0,532.0,1048.0,179.9,2
3662.0,12743.0,1707.0,4310.0,4234,5155,4763,5761,10705.0,12686.0,828.0,1747.0,179.9,2
60897.0,87738.0,13119.0,21573.0,598,251,580,210,65445.0,59128.0,45209.0,45866.0,180.0,0
10219.0,18368.0,1258.0,2083.0,6775,6859,10741,11212,24491.0,24613.0,3992.0,5933.0,180.0,2
1331.0,5044.0,68.0,1453.0,1181,2544,1627,3128,4259.0,7161.0,627.0,1170.0,180.0,2
8173.0,10058.0,1189.0,2829.0,5166,5249,6113,6915,12984.0,13436.0,3327.0,2224.0,180.1,2
10584.0,14323.0,2410.0,3739.0,7319,7136,8964,9270,23556.0,23601.0,4129.0,4061.0,180.1,2
10393.0,12352.0,2650.0,6918.0,4323,4382,5670,5262,15419.0,14670.0,4571.0,2809.0,180.1,2
3819.0,9721.0,5079.0,10415.0,2887,3482,4504,5493,10649.0,12642.0,2294.0,3075.0,180.1,2
29990.0,45130.0,8464.0,13316.0,154,50,49,54,25830.0,25067.0,17853.0,16032.0,180.1,0
30096.0,53876.0,4785.0,7784.0,387,279,371,251,34747.0,34772.0,10436.0,25565.0,180.1,0
21005.0,24860.0,3204.0,4850.0,6479,6468,9217,9039,23528.0,20974.0,7341.0,4261.0,180.1,2
1287.0,3551.0,587.0,2005.0,1682,1825,2474,2724,6663.0,7421.0,789.0,1084.0,180.1,2
4043.0,9176.0,1822.0,4616.0,1580,1671,2887,2985,7953.0,8496.0,1056.0,2346.0,180.2,2
13634.0,24141.0,2118.0,4495.0,8152,8138,11336,11174,28157.0,26167.0,5322.0,4187.0,180.3,2
3565.0,16379.0,717.0,2035.0,164,97,134,49,4232.0,4757.0,83.0,670.0,180.3,0
283866.0,385340.0,63081.0,93451.0,1019,711,680,269,334795.0,267072.0,167136.0,134216.0,180.3,3
1861.0,5202.0,0.0,1458.0,88,28,169,79,6122.0,5391.0,644.0,1449.0,180.3,0
411394.0,569488.0,22606.0,32605.0,971,864,225,137,440530.0,350682.0,153634.0,156334.0,180.3,3
3880.0,7107.0,1749.0,4870.0,2720,2999,3918,4110,9946.0,10286.0,77.0,2031.0,180.3,2
104811.0,169506.0,11991.0,18632.0,533,229,0,33,168977.0,148348.0,66283.0,63426.0,180.4,0
1376.0,5366.0,75.0,1114.0,44,0,165,94,2353.0,5699.0,19032.0,31972.0,180.4,0
43115.0,71347.0,3786.0,6421.0,0,50,128,176,48172.0,43261.0,12919.0,24977.0,180.4,0
5209.0,15439.0,2174.0,5399.0,3864,4776,4858,5826,10365.0,12142.0,1693.0,2278.0,180.4,2
24383.0,34849.0,3903.0,5827.0,74,122,119,97,32430.0,28623.0,14758.0,19858.0,180.5,0
11159.0,15894.0,1795.0,4029.0,4136,4188,5674,5731,15873.0,16206.0,2890.0,1936.0,180.6,2
42640.0,57049.0,9435.0,15637.0,0,49,0,53,33619.0,32103.0,16877.0,27116.0,180.6,0
142508.0,198926.0,17021.0,25574.0,10,118,392,147,145462.0,132959.0,51331.0,50193.0,180.6,0
58773.0,83851.0,15421.0,23074.0,438,286,219,159,64884.0,62030.0,45442.0,53505.0,180.8,0
8501.0,17504.0,3829.0,6726.0,10949,12025,14005,15613,27820.0,29723.0,1497.0,3379.0,180.8,2
5468.0,16200.0,726.0,2532.0,904,2375,914,2319,2046.0,4777.0,2388.0,2466.0,180.9,2
3167.0,11688.0,1637.0,4738.0,6259,7328,7240,8692,13694.0,16595.0,0.0,1373.0,180.9,2
4022.0,11568.0,823.0,1981.0,2302,2594,2972,3440,7474.0,8426.0,0.0,866.0,180.9,2
3338.0,9957.0,969.0,3746.0,5810,6674,7192,8146,15025.0,17340.0,387.0,2735.0,180.9,2
2452.0,10794.0,1579.0,3550.0,1963,2397,2313,2901,6472.0,7976.0,0.0,1696.0,181.0,2
2255.0,10234.0,1012.0,3773.0,1444,3488,2010,5109,4837.0,11227.0,1631.0,2751.0,181.0,2
3898.0,16598.0,647.0,3964.0,2691,4375,3678,6153,8082.0,13027.0,0.0,0.0,181.0,2
17205.0,25520.0,1793.0,2858.0,5206,4942,8058,7813,23816.0,21762.0,5602.0,5716.0,181.0,2
1069.0,6868.0,185.0,1878.0,218,133,124,18,1384.0,4108.0,16400.0,31003.0,181.0,0
22421.0,34488.0,7551.0,13705.0,695,547,55,104,37101.0,35924.0,9583.0,23351.0,181.0,0
8982.0,16355.0,2147.0,3646.0,6803,7279,9498,10047,23398.0,23476.0,4972.0,4818.0,181.1,2
640887.0,858686.0,65768.0,98116.0,1312,1259,755,254,554917.0,413080.0,222233.0,191545.0,181.2,3
110517.0,179661.0,27415.0,43026.0,252,149,149,82,131504.0,117835.0,54378.0,63906.0,181.2,0
12856.0,24839.0,2011.0,3278.0,6141,5998,8689,9017,19708.0,20300.0,2731.0,5059.0,181.3,2
2192.0,10815.0,1292.0,5330.0,2477,3458,3296,4501,8372.0,11562.0,92.0,1154.0,181.3,2
8026.0,22268.0,36718.0,70403.0,5804,5972,6610,6799,18970.0,19186.0,1556.0,2951.0,181.4,1
4286.0,10279.0,2480.0,7020.0,2826,3243,3661,4435,9341.0,11028.0,609.0,444.0,181.4,2
14966.0,25628.0,3415.0,3744.0,5890,5630,7871,7652,20655.0,20632.0,3264.0,4053.0,181.4,2
24820.0,47635.0,15723.0,24781.0,174,98,0,77,29413.0,27349.0,13585.0,17675.0,181.4,0
7442.0,13033.0,2126.0,2814.0,2338,2207,3288,3071,9452.0,9152.0,1809.0,2484.0,181.4,2
13075.0,27516.0,15287.0,24660.0,180,106,188,87,20684.0,18930.0,13133.0,16954.0,181.5,0
257937.0,358768.0,31613.0,47722.0,804,451,199,203,349744.0,284758.0,103908.0,91999.0,181.5,3
68613.0,100579.0,6843.0,10021.0,275,281,348,107,73853.0,70665.0,54423.0,59266.0,181.5,0
11753.0,21579.0,2758.0,4382.0,3907,4133,5963,5953,14577.0,14322.0,971.0,2318.0,181.7,2
3927.0,10810.0,1141.0,3316.0,2923,4034,3503,5791,9279.0,15394.0,1874.0,2455.0,181.7,2
1107.0,6813.0,444.0,1826.0,1015,2463,1221,4206,2939.0,10293.0,208.0,223.0,181.7,2
49026.0,79748.0,5340.0,7094.0,246,137,0,89,60453.0,55606.0,33582.0,39773.0,181.8,0
4678.0,17780.0,940.0,3331.0,1914,2343,2440,3235,6156.0,8020.0,281.0,419.0,181.8,2
5167.0,14239.0,772.0,1807.0,3762,4454,4832,5479,10369.0,11369.0,0.0,262.0,181.9,2
5815.0,15331.0,2121.0,4700.0,3494,4364,4581,5350,10026.0,11423.0,636.0,2102.0,181.9,2
6147.0,18750.0,957.0,2538.0,1945,2205,2512,2729,8962.0,9970.0,1780.0,2563.0,181.9,2
3472.0,7777.0,1433.0,2929.0,2444,2840,3425,3737,8924.0,9566.0,1266.0,1504.0,181.9,2
51483.0,79406.0,2562.0,4602.0,698,364,414,198,52274.0,50246.0,30239.0,38409.0,181.9,0
8566.0,14773.0,2511.0,4713.0,5852,6757,8107,8721,18998.0,20370.0,0.0,3138.0,182.0,2
9643.0,25982.0,1534.0,4455.0,4916,5483,6349,6753,15729.0,16806.0,311.0,495.0,182.0,2
40060.0,58126.0,13248.0,21066.0,381,228,158,124,52335.0,49778.0,38263.0,39432.0,182.1,0
32463.0,54525.0,8278.0,13917.0,76,138,0,130,45089.0,40615.0,32117.0,28009.0,182.1,0
41976.0,57579.0,10632.0,17435.0,266,117,0,140,43958.0,41361.0,31770.0,29154.0,182.2,0
12492.0,20872.0,3086.0,4462.0,3530,3494,5077,5289,14700.0,15563.0,1980.0,3841.0,182.2,2
18017.0,30360.0,2392.0,4887.0,5085,5027,7344,7687,17836.0,18395.0,3409.0,3487.0,182.3,2
7034.0,11111.0,1507.0,3114.0,4523,4805,5777,6347,14706.0,16718.0,2944.0,3209.0,182.4,2
598.0,3069.0,1810.0,12099.0,133,37,143,28,2139.0,5248.0,12454.0,20772.0,182.4,0
14717.0,35425.0,13387.0,26100.0,198,172,119,22,23288.0,23781.0,6459.0,13124.0,182.4,0
1146.0,4247.0,2583.0,5036.0,1773,1823,2356,2492,7024.0,7259.0,945.0,2293.0,182.5,2
5875.0,12764.0,1888.0,4257.0,5540,6120,7059,7981,18654.0,21633.0,2011.0,3535.0,182.5,2
2635.0,14793.0,521.0,5548.0,1824,3021,2367,4003,5303.0,9286.0,446.0,647.0,182.5,2
10919.0,11103.0,2138.0,3072.0,6066,6034,7062,7647,17506.0,17752.0,3773.0,4007.0,182.5,2
2818.0,8430.0,295.0,1098.0,185,882,633,1576,1600.0,4886.0,270.0,1393.0,182.5,2
19558.0,41563.0,3299.0,7147.0,8584,9047,11900,12661,29403.0,31351.0,3428.0,5347.0,182.6,2
10711.0,11201.0,4641.0,6488.0,3585,3699,3506,3868,8421.0,8447.0,1067.0,797.0,182.6,2
3458.0,13874.0,163.0,977.0,1779,3437,2274,4358,6096.0,11603.0,1315.0,1530.0,182.6,2
20664.0,39428.0,4741.0,7394.0,121,129,127,178,35392.0,35574.0,13159.0,27636.0,182.7,0
9017.0,13317.0,2476.0,5609.0,7602,8038,9067,9957,22466.0,24637.0,570.0,993.0,182.7,2
339017.0,430781.0,357935.0,497417.0,800,566,121,138,293704.0,240367.0,165596.0,144676.0,182.7,3
20190.0,28604.0,4727.0,5785.0,0,6,0,60,23719.0,21573.0,14942.0,13239.0,182.8,0
53116.0,72028.0,22677.0,33577.0,423,302,114,109,56856.0,49666.0,41472.0,33987.0,182.8,0
976.0,3627.0,1991.0,6276.0,1942,3151,2470,4100,6471.0,10550.0,673.0,1449.0,182.8,2
37179.0,63736.0,17160.0,26536.0,328,339,39,51,42032.0,40181.0,18051.0,29739.0,182.9,0
6719.0,17492.0,2646.0,5835.0,3137,3913,4571,5287,11619.0,12311.0,974.0,1501.0,182.9,2
6253.0,19156.0,2739.0,6164.0,3597,3430,4454,4567,11960.0,11534.0,3084.0,2910.0,182.9,2
30985.0,47292.0,5692.0,9566.0,0,122,87,105,40748.0,38288.0,31335.0,27134.0,182.9,0
29297.0,47464.0,3860.0,7527.0,0,135,46,13,32892.0,30026.0,24985.0,21419.0,183.0,0
148250.0,208138.0,7750.0,9370.0,157,202,294,157,166311.0,149930.0,54758.0,69814.0,183.0,0
28949.0,43357.0,3985.0,4501.0,177,146,406,237,32797.0,30521.0,24970.0,26367.0,183.1,0
5560.0,9694.0,1999.0,3471.0,4354,4651,5196,5493,10837.0,11226.0,945.0,1734.0,183.1,2
47518.0,60002.0,9162.0,12667.0,340,253,0,81,44982.0,42279.0,41416.0,30056.0,183.1,0
1321.0,8348.0,0.0,663.0,554,1694,613,1677,1775.0,4617.0,1433.0,3125.0,183.1,2
4787.0,17087.0,339.0,1431.0,4909,5272,5486,5875,13963.0,15369.0,1538.0,1344.0,183.1,2
8339.0,14839.0,1618.0,3741.0,2540,2651,4120,4215,10587.0,10486.0,1029.0,2243.0,183.1,2
107155.0,176467.0,36620.0,52970.0,533,256,0,94,193576.0,160569.0,63484.0,78388.0,183.2,0
3000.0,13696.0,137.0,1616.0,986,2272,1431,2978,4246.0,8808.0,1550.0,2631.0,183.2,2
1180.0,4504.0,717.0,2641.0,1870,2991,2067,3386,6502.0,10619.0,1389.0,1955.0,183.2,2
3936.0,9260.0,1193.0,2930.0,1070,2195,1318,3152,3922.0,8955.0,3107.0,2821.0,183.2,2
1991.0,13327.0,538.0,3234.0,1547,2819,2086,3890,5589.0,10747.0,170.0,505.0,183.2,2
5278.0,13169.0,1052.0,2183.0,4900,6148,5177,6165,9829.0,10730.0,1432.0,1280.0,183.2,2
2581.0,7507.0,293.0,2167.0,764,2611,923,2948,1818.0,4519.0,0.0,66.0,183.2,2
8635.0,25269.0,1747.0,5537.0,4031,4469,4614,5160,12927.0,14497.0,603.0,2152.0,183.2,2
413822.0,502880.0,40409.0,57325.0,1940,1412,736,315,758071.0,582349.0,315048.0,253205.0,183.3,3
18349.0,35608.0,2361.0,4161.0,7328,7573,9327,9156,23729.0,24765.0,2280.0,4021.0,183.3,2
884.0,3707.0,139.0,1115.0,192,93,321,309,4635.0,6447.0,2412.0,3166.0,183.3,0
1195340.0,1488530.0,93382.0,123795.0,5429,4492,73378,62087,630853.0,490294.0,486662.0,372196.0,183.3,3
28629.0,50711.0,5015.0,8110.0,192,137,345,236,30856.0,29551.0,19161.0,21691.0,183.4,0
28143.0,43022.0,8514.0,13904.0,8423,8335,11544,11662,30865.0,29165.0,5503.0,5905.0,183.4,2
21882.0,25809.0,4775.0,5737.0,3282,3043,4094,4623,14175.0,14229.0,4737.0,3318.0,183.5,2
33961.0,60119.0,5027.0,9206.0,282,156,0,34,33359.0,31558.0,12644.0,25751.0,183.5,0
2055.0,5865.0,841.0,2397.0,1471,1485,2818,3111,9045.0,11500.0,1228.0,1235.0,183.6,2
16839.0,30676.0,3592.0,6083.0,5049,5318,8339,8384,23467.0,23369.0,2985.0,3940.0,183.6,2
148802.0,215370.0,13346.0,15453.0,880,379,87,102,218115.0,172675.0,91120.0,65645.0,183.7,0
78898.0,131606.0,6521.0,11696.0,206,162,24,47,107132.0,94400.0,43687.0,44898.0,183.7,0
24522.0,40509.0,12094.0,18850.0,94,73,327,159,25280.0,21971.0,9120.0,16803.0,183.8,0
1777.0,7103.0,317.0,1510.0,2168,3099,3247,4730,8160.0,12076.0,370.0,1619.0,183.8,2
32333.0,40871.0,6569.0,6442.0,134,166,0,23,42249.0,37833.0,40245.0,29231.0,183.8,0
9082.0,16497.0,2331.0,5518.0,4822,4934,5887,5925,13259.0,13656.0,2765.0,3215.0,183.9,2
8515.0,13451.0,1550.0,2787.0,2127,2333,2825,2868,7140.0,7214.0,448.0,1479.0,184.0,2
29054.0,49698.0,1433.0,3233.0,308,179,127,72,35566.0,34260.0,25693.0,27576.0,184.4,0
27933.0,43084.0,3524.0,5581.0,29,44,36,15,38046.0,36817.0,19666.0,21556.0,184.4,0
3390.0,13464.0,1615.0,4017.0,4122,4811,5180,5994,12590.0,14305.0,0.0,87.0,184.5,2
8275.0,29649.0,2219.0,5727.0,3858,3958,5494,6010,17021.0,19565.0,1574.0,2196.0,184.5,2
4654.0,15083.0,937.0,3232.0,1016,1890,1454,2909,3720.0,6937.0,1498.0,2232.0,184.5,2
2770.0,7361.0,770.0,2955.0,789,1633,1180,2813,2929.0,6937.0,83.0,130.0,184.5,2
111887.0,174398.0,17807.0,25815.0,514,276,219,103,178681.0,145761.0,68845.0,61330.0,184.6,0
170709.0,247857.0,22287.0,33484.0,388,251,379,205,171088.0,146112.0,56904.0,62768.0,184.6,0
23669.0,33594.0,5159.0,8347.0,9052,9154,13650,14051,35913.0,36254.0,3485.0,6362.0,184.6,2
307500.0,407915.0,62492.0,87901.0,502,344,335,149,164268.0,140886.0,89358.0,89540.0,184.6,3
48398.0,68294.0,10761.0,14470.0,583,208,291,136,48363.0,44247.0,29044.0,41200.0,184.7,0
80869.0,113169.0,18914.0,31376.0,186,170,261,126,77430.0,69096.0,60279.0,58581.0,184.7,0
6720.0,21081.0,0.0,1450.0,1890,2962,1924,3128,5895.0,8551.0,0.0,273.0,184.7,2
7327.0,19227.0,2629.0,5402.0,2797,2833,3567,3761,10532.0,11836.0,1561.0,1766.0,184.8,2
22939.0,32542.0,4119.0,6329.0,381,176,156,65,23179.0,21326.0,18325.0,22033.0,184.8,0
5060.0,7489.0,2689.0,3713.0,4424,4626,4864,4658,12569.0,11079.0,1460.0,1516.0,184.8,2
7690.0,10903.0,1311.0,4634.0,1897,2333,2979,3831,8956.0,10324.0,562.0,622.0,184.8,2
10968.0,20057.0,1601.0,4434.0,4028,4625,5932,6418,16860.0,18611.0,1991.0,3452.0,184.9,2
12143.0,24608.0,6234.0,12449.0,6721,7106,9885,10449,27950.0,28338.0,1489.0,2983.0,184.9,2
56229.0,92748.0,6737.0,10562.0,378,236,49,104,63993.0,59855.0,34627.0,44614.0,185.1,0
6414.0,11244.0,681.0,1592.0,2886,2979,3651,3808,8758.0,9805.0,848.0,1411.0,185.1,2
4791.0,17355.0,1177.0,2868.0,4237,5960,6160,8871,13377.0,20119.0,921.0,2136.0,185.1,2
20011.0,28659.0,2638.0,5752.0,7442,8072,9554,9968,25314.0,25769.0,2002.0,4007.0,185.1,2
3597.0,11868.0,1507.0,3161.0,3324,3975,5038,5683,14126.0,16195.0,366.0,567.0,185.1,2
9870.0,21151.0,2198.0,5324.0,3351,3754,4533,4955,12986.0,13726.0,1020.0,3538.0,185.2,2
43569.0,67143.0,6215.0,11612.0,231,168,150,129,36928.0,34455.0,17888.0,28965.0,185.3,0
11033.0,23971.0,2846.0,5136.0,7330,7636,8292,8212,21828.0,21131.0,1803.0,2761.0,185.3,2
26789.0,43073.0,885.0,2238.0,462,226,144,62,30687.0,26630.0,19127.0,24872.0,185.3,0
61499.0,89715.0,13239.0,19433.0,403,216,0,90,58212.0,51902.0,62250.0,41553.0,185.3,0
14561.0,28392.0,2257.0,4689.0,206,123,269,227,26546.0,26063.0,7412.0,11816.0,185.4,0
6679.0,14132.0,1749.0,6132.0,5287,6189,7179,8311,14655.0,16460.0,2119.0,2455.0,185.4,2
98432.0,147222.0,24819.0,42253.0,589,343,463,212,102352.0,95474.0,40743.0,44209.0,185.5,0
791.0,2603.0,0.0,2317.0,1428,2556,1832,3093,4525.0,7946.0,95.0,740.0,185.6,2
9165.0,17910.0,1297.0,3445.0,7095,7572,8347,8611,18274.0,19241.0,1505.0,2100.0,185.6,2
2035.0,5608.0,2013.0,6073.0,1401,1699,2061,2428,5869.0,6922.0,185.0,280.0,185.6,2
42204.0,73219.0,2427.0,5055.0,186,193,219,108,44316.0,42599.0,15851.0,30512.0,185.7,0
7941.0,18083.0,1658.0,3137.0,4901,5084,6017,6724,15320.0,15698.0,560.0,1527.0,185.7,2
18981.0,32779.0,4348.0,5274.0,8562,8354,11781,11545,30187.0,28436.0,7212.0,6471.0,185.7,2
1051.0,6368.0,611.0,3935.0,998,2819,1119,3260,2840.0,8339.0,1103.0,2625.0,185.7,2
83946.0,130862.0,16094.0,25134.0,660,287,456,209,65716.0,59608.0,54547.0,41490.0,185.7,0
483141.0,677378.0,115122.0,168075.0,554,785,54,53,233626.0,211068.0,138236.0,139066.0,185.8,3
21351.0,32272.0,2463.0,4362.0,10599,10840,14301,14805,35445.0,34935.0,4241.0,6827.0,185.8,2
24943.0,32986.0,10556.0,15938.0,0,0,0,88,38872.0,35604.0,30639.0,30982.0,185.9,0
33692.0,55346.0,6864.0,12004.0,3330,3067,6835,6851,17283.0,16415.0,4486.0,7421.0,185.9,3
58518.0,96544.0,12934.0,19443.0,266,215,119,52,33581.0,30214.0,14419.0,23207.0,186.0,0
263346.0,371464.0,26608.0,39944.0,933,445,0,74,231880.0,190434.0,134006.0,109976.0,186.0,3
7785.0,18209.0,2154.0,4319.0,4759,5094,5730,6149,15957.0,16684.0,1502.0,2629.0,186.0,2
1579.0,9210.0,489.0,2303.0,1603,2762,1953,3648,5302.0,9485.0,185.0,569.0,186.0,2
1855.0,11332.0,48.0,267.0,610,1868,878,2719,1983.0,6551.0,190.0,164.0,186.0,2
11683.0,24123.0,2116.0,3873.0,3475,3656,5576,6086,16099.0,17829.0,570.0,2358.0,186.1,2
636069.0,616498.0,906698.0,718001.0,2743,1648,695,314,332106.0,275653.0,184061.0,166402.0,186.1,1
1625.0,6585.0,501.0,2515.0,142,44,108,0,3145.0,7318.0,28615.0,50854.0,186.1,-1
54617.0,81318.0,3175.0,5136.0,343,356,51,79,62928.0,61596.0,22887.0,47563.0,186.1,0
1675.0,10640.0,17.0,1183.0,107,0,115,0,3473.0,6946.0,1012.0,1968.0,186.2,-1
1308.0,5371.0,926.0,2292.0,146,121,4,0,8418.0,9424.0,85.0,253.0,186.2,-1
2021.0,7451.0,0.0,0.0,230,137,64,0,2645.0,4037.0,27040.0,52426.0,186.2,-1
625278.0,769292.0,67094.0,93390.0,1460,1281,160,144,764392.0,591199.0,330433.0,261748.0,186.2,3
4647.0,13355.0,1919.0,4765.0,3366,4047,4211,4834,10563.0,12938.0,1357.0,1708.0,186.2,2
41439.0,65400.0,3206.0,4923.0,0,29,179,87,44133.0,38991.0,38038.0,29198.0,186.2,0
6578.0,16723.0,894.0,1809.0,3235,4189,4278,5369,10519.0,13097.0,769.0,2196.0,186.3,2
8246.0,17273.0,3460.0,7379.0,6497,6940,8145,8506,21103.0,22806.0,1758.0,3434.0,186.3,2
3321.0,12420.0,1029.0,3572.0,2105,3410,3149,4969,7674.0,11385.0,2809.0,2204.0,186.3,2
9819.0,18895.0,2353.0,5044.0,4018,3771,4921,4609,12562.0,11744.0,1132.0,2639.0,186.4,2
8171.0,10398.0,1759.0,4117.0,11159,11276,11418,10971,19517.0,17750.0,2792.0,2715.0,186.5,2
32537.0,38725.0,3563.0,5381.0,354,367,98,75,37123.0,35342.0,19964.0,31198.0,186.5,0
30052.0,48100.0,4126.0,6803.0,315,198,30,81,25840.0,24020.0,23558.0,20228.0,186.5,0
5486.0,14246.0,686.0,2378.0,3129,3365,3740,4169,10862.0,12355.0,863.0,2179.0,186.5,2
5696.0,11259.0,641.0,2573.0,1927,2895,3037,3906,7953.0,9723.0,4171.0,3003.0,186.5,2
7269.0,9669.0,2313.0,3637.0,1873,1734,2184,2307,6247.0,5567.0,0.0,613.0,186.6,2
6057.0,16420.0,3366.0,7086.0,1390,1459,3128,3464,8894.0,9983.0,1948.0,3786.0,186.8,2
5602.0,13531.0,950.0,2606.0,1552,1793,2152,2508,6299.0,7223.0,79.0,1250.0,186.9,2
13638.0,24389.0,3604.0,6642.0,3564,3907,5369,5758,14962.0,15783.0,2268.0,4123.0,186.9,2
18007.0,29605.0,18761.0,32266.0,0,0,71,84,22193.0,20048.0,18267.0,14875.0,186.9,0
1317.0,7411.0,78.0,398.0,143,23,200,126,3453.0,5793.0,830.0,1243.0,186.9,0
510303.0,635591.0,32193.0,45892.0,1979,1112,706,204,717849.0,567332.0,338006.0,236460.0,186.9,3
27955.0,42766.0,3361.0,6212.0,92,126,0,0,29163.0,30639.0,13998.0,21496.0,187.0,-1
4064.0,12497.0,1193.0,3355.0,2557,2860,3844,4530,12026.0,13620.0,281.0,922.0,187.0,2
21817.0,41727.0,6370.0,10506.0,83,46,106,81,25732.0,25470.0,9728.0,17497.0,187.1,0
2208.0,9509.0,1445.0,4555.0,1558,2652,1868,3639,4148.0,8194.0,1006.0,1416.0,187.1,2
4996.0,12422.0,2482.0,5306.0,2745,3153,4270,4920,9612.0,10811.0,2467.0,2699.0,187.1,2
760.0,4578.0,2380.0,9076.0,1280,2494,1678,3081,4574.0,8540.0,171.0,354.0,187.2,2
10136.0,21631.0,1138.0,3993.0,4652,5222,7011,7556,17713.0,18521.0,1643.0,2254.0,187.3,2
54278.0,81262.0,4287.0,7721.0,444,284,96,60,45677.0,40810.0,40677.0,31947.0,187.4,0
2095.0,6741.0,1131.0,2907.0,3081,3538,4679,5431,10644.0,11933.0,428.0,1410.0,187.4,2
2093.0,12366.0,66.0,1385.0,104,0,127,62,3216.0,5259.0,194.0,366.0,187.4,0
359334.0,502147.0,27492.0,40316.0,1075,914,0,72,513585.0,435293.0,175888.0,137562.0,187.4,3
4484.0,9457.0,1098.0,1715.0,1287,2342,1906,3234,4704.0,8362.0,2193.0,1852.0,187.4,2
9966.0,32236.0,3457.0,6813.0,3704,4287,5268,6375,12890.0,15348.0,781.0,3757.0,187.5,2
11961.0,21689.0,1096.0,2952.0,5464,5378,7237,7278,19388.0,18129.0,2955.0,5534.0,187.5,2
8063.0,18434.0,2234.0,4048.0,5833,6294,7442,7438,19440.0,19152.0,2630.0,2592.0,187.6,2
9457.0,22958.0,1757.0,4783.0,4523,4352,5572,5788,14126.0,13861.0,246.0,2273.0,187.6,2
1780.0,3192.0,121.0,1010.0,520,1260,948,1759,2503.0,5617.0,3566.0,4784.0,187.6,2
6187.0,19423.0,2180.0,4279.0,6930,7709,9590,10870,25512.0,28002.0,1445.0,3670.0,187.6,2
1184.0,2935.0,2509.0,5882.0,2531,3026,3433,4116,9945.0,11776.0,1353.0,1987.0,187.7,2
37060.0,71980.0,3441.0,6128.0,67,161,291,145,50148.0,47182.0,27203.0,39356.0,187.7,0
37976.0,60721.0,4974.0,8243.0,219,90,371,157,46704.0,41949.0,27440.0,34668.0,187.7,0
14967.0,35660.0,2238.0,3411.0,4744,4355,6495,6193,17595.0,16166.0,4978.0,5461.0,187.8,2
15854.0,29547.0,3886.0,6592.0,0,0,0,0,31323.0,30485.0,14364.0,20567.0,187.8,-1
5118.0,11062.0,2310.0,3231.0,3176,3413,4318,4866,11651.0,13365.0,1123.0,2105.0,188.0,2
871.0,3180.0,580.0,2317.0,2084,3128,2623,4322,7437.0,12089.0,228.0,960.0,188.0,2
133322.0,196535.0,5171.0,6086.0,0,152,260,133,189700.0,159431.0,72542.0,62098.0,188.1,0
57926.0,17550.0,0.0,588.0,2047,3294,6086,6158,16246.0,16660.0,5165.0,3999.0,188.1,2
18984.0,29444.0,12319.0,14392.0,127,211,210,111,14534.0,13757.0,5457.0,9115.0,188.1,0
3292.0,8127.0,1074.0,3653.0,2184,2417,3074,3221,6747.0,7574.0,50.0,1820.0,188.1,2
57669.0,85916.0,9173.0,15931.0,239,134,150,147,58371.0,55915.0,33838.0,41324.0,188.2,0
3708.0,13421.0,1091.0,2953.0,3330,3947,3807,4589,7576.0,9497.0,308.0,1958.0,188.2,2
5825.0,18103.0,2648.0,5552.0,3578,4211,4892,5761,12796.0,14791.0,2110.0,2098.0,188.3,2
10512.0,16870.0,2906.0,4143.0,1446,1093,2487,2196,8042.0,8671.0,834.0,1878.0,188.3,2
4572.0,16537.0,1199.0,2612.0,2935,3272,3339,3824,9205.0,10462.0,413.0,454.0,188.4,2
348410.0,519196.0,115551.0,172088.0,563,441,389,155,202394.0,175035.0,123039.0,106216.0,188.4,3
15209.0,36013.0,11579.0,21804.0,233,115,286,133,25090.0,26337.0,6566.0,12305.0,188.4,0
5098.0,12426.0,413.0,1277.0,1574,1867,2664,2980,7276.0,8291.0,1664.0,2340.0,188.4,2
31912.0,51768.0,11394.0,19666.0,64,101,0,76,32840.0,31436.0,24286.0,27968.0,188.5,0
4913.0,14919.0,1958.0,6453.0,1573,3818,1552,4043,4062.0,11657.0,1681.0,2320.0,188.5,2
2214.0,12795.0,1757.0,6845.0,3575,6394,3709,6711,9158.0,16953.0,0.0,56.0,188.5,2
17421.0,35177.0,4348.0,8622.0,8511,8299,10887,11068,31492.0,30399.0,3809.0,4054.0,188.5,2
43703.0,61247.0,19707.0,30768.0,139,180,212,102,61283.0,57570.0,21799.0,40111.0,188.5,0
18598.0,26184.0,10022.0,7267.0,6382,6690,9206,9479,24137.0,22534.0,5127.0,4822.0,188.5,2
14835.0,18858.0,2384.0,4507.0,6314,6621,8530,8419,23868.0,23483.0,3952.0,4353.0,188.6,2
1910.0,8707.0,499.0,4021.0,1419,2251,2161,3556,6324.0,10094.0,399.0,1156.0,188.8,2
21711.0,25223.0,3005.0,4010.0,8004,7028,10349,10033,28910.0,26165.0,6106.0,4361.0,188.8,2
5606.0,20399.0,1483.0,3744.0,3113,3131,4786,5230,15087.0,16356.0,2763.0,3719.0,188.8,2
41841.0,53360.0,3678.0,5514.0,11,149,340,129,45594.0,42615.0,24073.0,33951.0,188.8,0
5380.0,9326.0,1677.0,2925.0,4142,4402,6015,6548,14716.0,15965.0,1778.0,2484.0,188.9,2
1822.0,7611.0,1354.0,4281.0,1031,1772,1110,2204,3572.0,7613.0,1083.0,1428.0,189.0,2
37324.0,48975.0,5443.0,8885.0,526,196,488,165,33705.0,29728.0,26261.0,27427.0,189.1,0
2502.0,6590.0,1168.0,3099.0,2337,2359,2811,3009,7508.0,7003.0,734.0,1418.0,189.1,2
29312.0,48632.0,9022.0,14553.0,459,270,613,226,31050.0,28741.0,15926.0,24535.0,189.1,0
30788.0,52017.0,2487.0,4085.0,545,322,99,83,40043.0,37250.0,31612.0,32895.0,189.1,0
684.0,3333.0,1745.0,7130.0,204,130,115,0,13244.0,22233.0,1311.0,2011.0,189.1,-1
1592.0,6189.0,219.0,2278.0,127,76,49,0,3780.0,6183.0,1932.0,3363.0,189.1,-1
1250340.0,1204930.0,1045020.0,1294070.0,11097,7919,1302,570,2246710.0,1547710.0,989375.0,736450.0,189.1,1
55738.0,81660.0,2499.0,5631.0,91,158,393,238,55204.0,51926.0,47211.0,44519.0,189.2,0
11110.0,18497.0,3155.0,5698.0,4604,4779,5942,6244,15457.0,16822.0,1547.0,2753.0,189.2,2
29135.0,45355.0,12863.0,22025.0,171,81,188,97,40768.0,38533.0,32159.0,27939.0,189.2,0
39830.0,69222.0,2210.0,3825.0,195,97,182,74,45794.0,44759.0,14386.0,33471.0,189.3,0
7327.0,11749.0,2370.0,3865.0,4477,4345,6219,6314,16534.0,15152.0,33.0,2331.0,189.5,2
37668.0,37404.0,13720.0,23524.0,23,166,0,58,38412.0,38208.0,32431.0,26000.0,189.5,0
14727.0,20903.0,1987.0,2695.0,4617,5004,5996,5874,17477.0,15821.0,4901.0,4389.0,189.6,2
4399.0,15907.0,724.0,3272.0,0,0,163,57,4722.0,5439.0,719.0,916.0,189.6,0
370631.0,509242.0,53994.0,80446.0,960,801,242,176,438670.0,384804.0,262093.0,211583.0,189.6,3
5695.0,17428.0,7868.0,12606.0,234,184,210,91,14936.0,11347.0,827.0,903.0,189.6,0
4069.0,8799.0,4105.0,10273.0,330,205,102,4,5533.0,6151.0,816.0,1111.0,189.6,0
680851.0,668733.0,1322160.0,1719700.0,2304,1794,712,414,999346.0,810821.0,420019.0,388608.0,189.6,1
11920.0,19347.0,1877.0,5246.0,4070,3903,5531,5283,14648.0,14853.0,214.0,1507.0,189.6,2
1992.0,8429.0,436.0,2007.0,1075,2386,1037,2805,2905.0,7484.0,1068.0,1891.0,189.7,2
2994.0,11852.0,1910.0,5581.0,1985,2993,2228,3340,5462.0,7795.0,331.0,785.0,189.8,2
5380.0,11152.0,3141.0,4411.0,9438,9508,9810,10142,19850.0,20279.0,1720.0,2824.0,189.8,2
535639.0,641810.0,150194.0,228165.0,6036,5237,80752,70888,626338.0,514890.0,384716.0,388266.0,189.9,3
13384.0,26807.0,3258.0,5287.0,8930,9140,10929,10838,26837.0,25746.0,5477.0,5017.0,190.0,2
7291.0,19387.0,2612.0,5708.0,7989,9282,9437,10629,20047.0,23371.0,1766.0,2639.0,190.0,2
4187.0,15730.0,399.0,2248.0,146,40,158,107,6949.0,11013.0,2953.0,3477.0,190.0,0
771689.0,849041.0,54577.0,66949.0,6401,4675,856,497,1937580.0,1421480.0,882423.0,729906.0,190.0,1
371227.0,437328.0,102752.0,86231.0,755,821,261,131,553201.0,456127.0,203663.0,212422.0,190.0,3
960.0,5448.0,923.0,3586.0,1722,2946,2423,4622,6443.0,12562.0,638.0,903.0,190.0,2
53244.0,79633.0,4119.0,5902.0,26,96,0,0,46163.0,42747.0,32155.0,30522.0,190.0,-1
14820.0,15036.0,1241.0,1504.0,0,133,327,160,23145.0,9235.0,10144.0,4334.0,190.1,0
490849.0,611444.0,104984.0,149646.0,1535,1232,459,199,757529.0,627845.0,290723.0,272540.0,190.1,3
36639.0,58203.0,20804.0,33190.0,13,68,49,106,52443.0,49485.0,35666.0,35847.0,190.1,0
8157.0,24333.0,1117.0,3278.0,2021,2083,4884,5117,13808.0,14597.0,3209.0,4002.0,190.1,2
2946.0,11247.0,961.0,2595.0,9839,16700,9615,16108,19314.0,29288.0,877.0,2249.0,190.1,1
3242.0,6527.0,0.0,207.0,1704,6612,1903,6762,3151.0,11340.0,0.0,682.0,190.1,2
21049.0,41991.0,5044.0,8178.0,19,30,147,226,32099.0,32083.0,13056.0,22527.0,190.2,0
28806.0,50066.0,2708.0,4407.0,107,129,218,174,26209.0,22074.0,13547.0,18220.0,190.2,0
53765.0,77381.0,9059.0,14690.0,243,215,219,116,52773.0,50499.0,37541.0,42153.0,190.6,0
4929.0,10459.0,2538.0,4856.0,3161,3453,3649,3727,10641.0,11335.0,1631.0,3436.0,190.6,2
20644.0,39401.0,3893.0,5730.0,10679,10911,15154,16483,31357.0,33224.0,2698.0,5477.0,190.7,2
28391.0,40732.0,9027.0,15152.0,186,331,0,40,34741.0,33174.0,30900.0,26238.0,190.8,0
4360.0,12473.0,2119.0,4307.0,2009,1868,2360,2421,8251.0,7983.0,1704.0,1714.0,190.8,2
38358.0,40314.0,3554.0,3787.0,167,122,194,87,32514.0,28587.0,15543.0,20201.0,190.8,0
69761.0,101799.0,21992.0,31880.0,145,171,235,78,47719.0,42549.0,27311.0,33796.0,190.9,0
11891.0,14456.0,2897.0,6059.0,1208,1116,2323,2278,6756.0,6120.0,3666.0,2949.0,190.9,2
1477.0,5118.0,245.0,1337.0,41,0,77,28,2941.0,4701.0,1067.0,1083.0,191.0,0
515971.0,676188.0,80471.0,120403.0,1734,1517,506,236,753693.0,618243.0,309840.0,271633.0,191.0,3
644.0,2762.0,214.0,2361.0,1179,1881,1486,2923,3584.0,7650.0,0.0,0.0,191.1,2
2261.0,7845.0,573.0,1904.0,2893,3842,3525,5005,8800.0,12221.0,855.0,1602.0,191.1,2
24910.0,45545.0,4528.0,7416.0,25,86,0,0,25775.0,25958.0,15471.0,18418.0,191.1,-1
133661.0,192272.0,13746.0,21556.0,0,71,278,133,122876.0,108603.0,38357.0,38698.0,191.2,0
1619.0,9329.0,0.0,740.0,593,1581,613,1561,2634.0,6139.0,1684.0,3936.0,191.2,2
6483.0,16707.0,1148.0,2786.0,6270,7056,6904,8006,16931.0,19667.0,206.0,1136.0,191.2,2
10445.0,17622.0,2135.0,4444.0,2527,2672,3828,3925,10042.0,10593.0,171.0,2411.0,191.2,2
8138.0,17416.0,1503.0,3232.0,5396,5699,6937,7323,18288.0,19276.0,1536.0,3057.0,191.3,2
9238.0,15342.0,2095.0,3359.0,4614,4964,5645,6399,16635.0,17611.0,3799.0,2416.0,191.4,2
25644.0,35589.0,5051.0,9103.0,746,404,364,202,20199.0,17993.0,19150.0,16958.0,191.4,0
3935.0,11520.0,918.0,2067.0,2672,4530,3276,5616,8122.0,13164.0,535.0,979.0,191.4,2
14124.0,21842.0,1912.0,4370.0,4091,3601,5928,6019,15679.0,15351.0,3925.0,4164.0,191.5,2
22976.0,34799.0,4629.0,8072.0,412,334,199,97,26826.0,25722.0,15176.0,20426.0,191.5,0
536580.0,640642.0,243698.0,351197.0,1178,758,522,196,201554.0,169197.0,102968.0,87579.0,191.5,3
16286.0,26010.0,1508.0,6052.0,2180,2437,4523,4769,13075.0,13920.0,4842.0,4268.0,191.6,2
29646.0,52586.0,4631.0,7302.0,213,217,147,91,35405.0,33979.0,12422.0,22756.0,191.7,0
8544.0,20585.0,1896.0,4675.0,4734,5230,5765,6307,14722.0,15865.0,1536.0,2666.0,191.7,2
47406.0,79404.0,23278.0,37069.0,231,169,210,113,55004.0,52391.0,32456.0,47828.0,191.7,0
10648.0,19246.0,1810.0,4293.0,6835,6483,7760,7880,18999.0,18271.0,1023.0,2832.0,191.7,2
7003.0,19599.0,2538.0,6044.0,3687,4313,5127,6006,13558.0,16127.0,285.0,1402.0,191.7,2
69906.0,107817.0,7769.0,11541.0,227,254,0,85,37367.0,36045.0,20961.0,25829.0,191.8,0
1987.0,5239.0,0.0,1349.0,122,4,32,0,6341.0,11559.0,2274.0,2678.0,191.8,-1
1958.0,8875.0,0.0,494.0,133,6,89,0,15104.0,19928.0,3589.0,5263.0,191.8,-1
2555.0,5663.0,375.0,1976.0,16,0,45,16,15358.0,16991.0,3416.0,3175.0,191.8,0
904.0,5908.0,291.0,1613.0,160,52,166,68,3305.0,5695.0,13062.0,28448.0,191.8,0
452291.0,553895.0,99455.0,118052.0,3811,2684,572,346,1614280.0,1131890.0,529935.0,522922.0,191.8,1
3485.0,8138.0,902.0,3266.0,1489,1890,1994,2670,5120.0,6928.0,69.0,619.0,191.8,2
9982.0,22170.0,1059.0,2057.0,1890,1891,4739,4651,12324.0,12573.0,2829.0,3892.0,191.9,2
17950.0,32252.0,14688.0,26603.0,343,274,355,186,26635.0,26022.0,14054.0,19880.0,191.9,0
3638.0,8404.0,1721.0,4143.0,5123,6389,6898,8039,17950.0,20704.0,1540.0,2359.0,191.9,2
59873.0,87527.0,9535.0,14741.0,375,442,0,91,82526.0,75616.0,50950.0,52564.0,192.0,0
39108.0,55987.0,21408.0,33158.0,0,65,71,53,48783.0,44584.0,41085.0,37178.0,192.0,0
13886.0,25621.0,732.0,1166.0,6287,6877,8789,9226,22751.0,23907.0,2316.0,5245.0,192.0,2
2034.0,5458.0,216.0,1704.0,142,108,209,103,7995.0,8582.0,0.0,1191.0,192.1,0
6091.0,8292.0,0.0,1159.0,0,2,43,16,10026.0,8800.0,764.0,1124.0,192.1,0
503505.0,611531.0,77428.0,107392.0,1701,1826,187,161,685917.0,551199.0,264939.0,248591.0,192.1,3
65103.0,101817.0,13301.0,18837.0,136,151,340,189,78621.0,71764.0,56099.0,60838.0,192.1,0
1124200.0,1068490.0,2190400.0,2167610.0,3385,1611,13,331,625237.0,377979.0,321804.0,168297.0,192.1,1
4678.0,12217.0,769.0,2346.0,7422,8906,8907,10927,18083.0,21437.0,0.0,2800.0,192.1,2
2678.0,9727.0,2387.0,5822.0,225,117,99,6,8989.0,9720.0,2408.0,3859.0,192.2,0
999092.0,749329.0,1871290.0,1319290.0,11879,7429,10362,8122,1082020.0,557663.0,621623.0,285259.0,192.2,1
6744.0,17141.0,2688.0,5859.0,3529,3888,4962,5526,12293.0,13810.0,0.0,503.0,192.2,2
27719.0,45019.0,1898.0,2622.0,234,276,203,172,34995.0,31242.0,25181.0,24582.0,192.2,0
7625.0,21664.0,2925.0,3654.0,5248,5668,7856,8217,21328.0,20989.0,5121.0,5514.0,192.2,2
57401.0,83157.0,7120.0,9845.0,596,305,111,135,60568.0,54303.0,38379.0,43278.0,192.3,0
6364.0,16274.0,1812.0,3461.0,1990,2058,3033,3398,9868.0,10689.0,2061.0,2022.0,192.3,2
9482.0,18914.0,2344.0,3476.0,6114,6134,7962,8662,21261.0,22235.0,1783.0,1938.0,192.4,2
14548.0,22561.0,3656.0,7294.0,4661,5299,7243,7617,18952.0,19215.0,4358.0,3532.0,192.4,2
46009.0,55922.0,5372.0,7071.0,435,287,166,83,56210.0,49727.0,33284.0,36678.0,192.4,0
27103.0,48209.0,18799.0,29218.0,267,203,0,33,39373.0,36425.0,26809.0,24815.0,192.4,0
3634.0,14845.0,2408.0,6110.0,4625,5654,5838,7323,14016.0,17010.0,1255.0,2691.0,192.5,2
2739.0,9759.0,727.0,3025.0,1700,3561,2391,4697,6379.0,12584.0,898.0,2650.0,192.5,2
1497.0,8624.0,506.0,1940.0,1447,3550,1698,4420,4614.0,11953.0,559.0,787.0,192.5,2
6493.0,12745.0,717.0,3220.0,3923,4032,4988,4897,12732.0,12128.0,2620.0,1654.0,192.6,2
1252.0,6592.0,207.0,1372.0,119,73,81,0,2648.0,4672.0,895.0,1489.0,192.6,-1
1589.0,9651.0,3.0,238.0,167,148,168,53,4633.0,8264.0,495.0,1713.0,192.6,0
503380.0,642412.0,55961.0,80036.0,1526,1598,282,194,775499.0,641634.0,299157.0,273923.0,192.6,3
4053.0,10796.0,1457.0,4174.0,3663,4431,4278,4813,9082.0,10149.0,545.0,694.0,192.7,2
21110.0,44364.0,1398.0,3313.0,7146,6851,10793,10538,24308.0,23797.0,2087.0,4127.0,192.7,2
61647.0,85178.0,39182.0,56662.0,55729,52008,60437,57307,20939.0,18573.0,6675.0,6255.0,192.7,1
213705.0,306253.0,14539.0,22781.0,466,277,352,138,151612.0,131926.0,66383.0,60171.0,192.7,3
3770.0,7834.0,738.0,2763.0,2087,2356,3100,3696,8733.0,10045.0,567.0,2078.0,192.8,2
34766.0,48383.0,10331.0,17052.0,237,194,109,79,51367.0,49387.0,17206.0,34440.0,192.8,0
31421.0,46251.0,1574.0,2669.0,0,31,0,52,35481.0,30444.0,26592.0,22672.0,192.8,0
9921.0,13164.0,1234.0,2211.0,5893,6433,7995,7914,19041.0,18288.0,2979.0,5529.0,192.9,2
7255.0,17949.0,1359.0,3382.0,3792,4294,5009,5386,14518.0,14674.0,2379.0,3506.0,192.9,2
102567.0,146346.0,4648.0,7136.0,459,334,0,50,134521.0,114275.0,59018.0,51606.0,193.0,0
3020.0,10301.0,0.0,1120.0,363,205,465,404,25192.0,22890.0,7960.0,7841.0,193.0,0
1578.0,10720.0,547.0,3401.0,201,151,218,148,2725.0,4514.0,4743.0,10012.0,193.0,0
893511.0,586555.0,464804.0,396439.0,17011,7457,306326,133758,2563060.0,1075110.0,2034120.0,955906.0,193.0,3
33795.0,54728.0,10869.0,19782.0,424,242,0,36,44713.0,43436.0,27825.0,34130.0,193.1,0
53732.0,81134.0,5032.0,7338.0,204,207,0,97,52190.0,48062.0,53859.0,38282.0,193.2,0
569103.0,666495.0,114504.0,155472.0,2290,1633,81,202,837908.0,681571.0,699377.0,524108.0,193.2,3
19083.0,28293.0,3716.0,6214.0,245,143,358,150,27382.0,27165.0,9349.0,22500.0,193.2,0
9574.0,27700.0,1707.0,2988.0,4405,4457,5996,5974,13583.0,13644.0,1506.0,2162.0,193.2,2
32880.0,61364.0,3797.0,5570.0,249,243,33,15,42735.0,41454.0,25052.0,37436.0,193.2,0
36666.0,61882.0,4480.0,7191.0,128,111,301,154,59872.0,56980.0,29116.0,37732.0,193.2,0
570701.0,633870.0,408994.0,495073.0,2006,1261,310,197,115540.0,105672.0,71811.0,76580.0,193.3,3
672431.0,901768.0,56692.0,80695.0,2169,1918,31145,29879,286055.0,252752.0,210270.0,194531.0,193.3,3
34251.0,53003.0,4959.0,8952.0,306,111,141,85,36231.0,34574.0,24716.0,28753.0,193.3,0
20080.0,41394.0,669.0,2779.0,183,202,112,117,23319.0,23251.0,5007.0,10613.0,193.4,0
2120.0,11646.0,290.0,2263.0,1761,3600,1914,4537,4439.0,9802.0,918.0,1510.0,193.5,2
7973.0,9874.0,175.0,2595.0,1226,2826,1598,3724,3533.0,8479.0,0.0,256.0,193.5,2
4920.0,16958.0,1508.0,4088.0,3319,4047,4196,5109,11420.0,13399.0,15.0,1822.0,193.5,2
262032.0,374399.0,29550.0,44250.0,463,371,93,84,134784.0,122606.0,108517.0,110418.0,193.5,3
2818.0,8876.0,1797.0,6251.0,6169,14190,5973,13072,10823.0,22402.0,1623.0,2029.0,193.6,1
2182.0,6496.0,1555.0,6134.0,7774,14428,7062,13435,12728.0,22680.0,1050.0,1236.0,193.6,1
40542.0,79165.0,38026.0,60146.0,360,279,51,118,48336.0,44852.0,28365.0,39985.0,193.6,0
5103.0,13214.0,1644.0,3742.0,2385,2601,3292,3494,10328.0,10827.0,1771.0,2768.0,193.6,2
10537.0,14211.0,1160.0,2123.0,4779,5122,6472,7199,16491.0,15624.0,456.0,1404.0,193.6,2
596804.0,695257.0,307335.0,364611.0,1450,1615,2077,1990,267427.0,227872.0,158333.0,126884.0,193.6,3
182162.0,275908.0,15783.0,25987.0,915,552,239,158,109799.0,99227.0,72771.0,77996.0,193.6,0
6895.0,17226.0,1920.0,4835.0,4661,5079,6165,6913,14891.0,16794.0,1430.0,3364.0,193.7,2
26897.0,39222.0,18650.0,28524.0,2032,2186,5461,5637,13695.0,13962.0,5479.0,4417.0,193.8,3
92999.0,147367.0,3383.0,3772.0,55,147,76,75,97569.0,84059.0,73071.0,52065.0,193.8,0
20575.0,31726.0,4598.0,8370.0,203,142,345,189,30666.0,30491.0,8557.0,17135.0,193.8,0
15977.0,31669.0,11394.0,16652.0,104,108,225,141,26408.0,24414.0,20816.0,19381.0,193.9,0
33821.0,60489.0,9715.0,17000.0,390,168,298,168,38509.0,37442.0,23316.0,27893.0,193.9,0
7882.0,13386.0,1867.0,2971.0,8883,9203,9817,10548,19391.0,20020.0,2052.0,3600.0,193.9,2
11048.0,21332.0,2761.0,4337.0,7023,6346,9211,9226,25157.0,23180.0,7189.0,6102.0,193.9,2
1067.0,4140.0,223.0,1486.0,553,1359,614,1212,1692.0,4291.0,2061.0,2895.0,194.1,2
2795.0,10186.0,947.0,4030.0,4130,9871,4707,10734,8882.0,19413.0,366.0,1265.0,194.1,2
15237.0,24540.0,1699.0,3030.0,5936,6465,8336,8628,20115.0,20648.0,3111.0,4400.0,194.2,2
39693.0,56109.0,6909.0,9903.0,684,293,52,78,44753.0,41717.0,34766.0,30175.0,194.2,0
10253.0,14685.0,4059.0,7229.0,3570,3882,4295,5114,11603.0,12092.0,3007.0,2933.0,194.3,2
17294.0,26854.0,4464.0,7673.0,31,6,174,82,25392.0,24373.0,8648.0,15947.0,194.5,0
5863.0,18967.0,1680.0,4078.0,4170,4627,5000,5507,12130.0,13397.0,392.0,1352.0,194.5,2
1787.0,9588.0,1090.0,4048.0,5511,9311,6089,9860,9698.0,15621.0,732.0,1355.0,194.5,2
2034.0,12329.0,0.0,25.0,1848,6233,1833,6240,2515.0,9090.0,30.0,35.0,194.5,2
19123.0,35602.0,2531.0,5284.0,125,87,209,156,29526.0,28459.0,3841.0,10960.0,194.5,0
20691.0,36025.0,4475.0,7398.0,0,128,402,154,31706.0,28513.0,18357.0,24042.0,194.6,0
7927.0,20737.0,1786.0,3606.0,4133,4476,4710,4948,11306.0,11267.0,895.0,2482.0,194.6,2
23819.0,36637.0,3809.0,7278.0,9307,9647,12074,11322,31248.0,29150.0,8483.0,6989.0,194.6,2
68056.0,106728.0,2658.0,4744.0,539,309,137,112,59625.0,54649.0,44159.0,43876.0,194.7,0
7995.0,24365.0,2998.0,7236.0,3532,4052,4388,4923,13021.0,14887.0,805.0,970.0,194.7,2
13900.0,27522.0,4377.0,8061.0,116,176,67,22,31425.0,28562.0,11123.0,18014.0,194.7,0
13272.0,11582.0,2174.0,3189.0,4209,4569,5925,5764,14177.0,13709.0,2342.0,2719.0,194.7,2
30464.0,50842.0,5546.0,10818.0,0,15,46,111,29838.0,27502.0,21362.0,21565.0,194.7,0
54657.0,87223.0,4339.0,6909.0,209,105,332,166,44233.0,39704.0,28165.0,32507.0,194.7,0
7312.0,17693.0,3148.0,4872.0,8661,9163,10600,11578,20859.0,20944.0,3186.0,4004.0,194.8,2
61618.0,83830.0,15581.0,20883.0,0,115,0,58,46052.0,42446.0,38786.0,30632.0,194.8,0
51490.0,74964.0,2967.0,4316.0,207,157,125,97,55745.0,50411.0,34122.0,45980.0,194.8,0
11540.0,15716.0,1464.0,4436.0,3505,3731,5007,5781,12717.0,14360.0,5112.0,4461.0,194.9,2
8342.0,15604.0,964.0,2151.0,2299,2047,2920,2975,9905.0,10036.0,1112.0,1614.0,194.9,2
7319.0,15657.0,18295.0,34562.0,98,71,216,106,9890.0,10202.0,863.0,1944.0,194.9,0
24210.0,43390.0,3594.0,5623.0,415,262,349,160,30410.0,29794.0,16829.0,20066.0,195.0,0
7596.0,20771.0,2384.0,4998.0,4107,3883,5610,5947,16591.0,17060.0,3776.0,3847.0,195.0,2
2623.0,6556.0,243.0,3392.0,1090,2281,718,1927,2195.0,5019.0,2023.0,1954.0,195.0,2
4740.0,12274.0,1275.0,3635.0,2989,3307,4905,5716,12367.0,14428.0,281.0,1751.0,195.0,2
5592.0,11051.0,2591.0,4151.0,4737,5139,5710,6084,15336.0,15014.0,3115.0,3679.0,195.1,2
5286.0,12550.0,1745.0,3935.0,2572,2922,3716,4410,11969.0,14122.0,1714.0,3481.0,195.1,2
497.0,2172.0,41.0,1339.0,2189,3307,2669,4092,6693.0,10333.0,205.0,793.0,195.1,2
11917.0,13563.0,3669.0,7103.0,3982,5133,4993,6249,13373.0,17549.0,4911.0,3843.0,195.1,2
1496.0,9871.0,734.0,3954.0,590,2167,898,3283,1809.0,7456.0,103.0,205.0,195.1,2
30393.0,43183.0,3015.0,4873.0,560,250,13,101,41832.0,40196.0,20506.0,25986.0,195.2,0
2394.0,7996.0,1294.0,3776.0,1559,1999,2596,3888,6901.0,10106.0,328.0,1151.0,195.2,2
3697.0,5381.0,0.0,813.0,5202,5179,6471,6547,15324.0,14362.0,488.0,2057.0,195.3,2
31179.0,60193.0,2464.0,4744.0,239,242,86,117,41634.0,37162.0,16742.0,30830.0,195.3,0
9364.0,22836.0,2051.0,3257.0,4963,5359,6503,6883,16438.0,16656.0,3055.0,3863.0,195.3,2
3633.0,12486.0,969.0,2716.0,1807,2023,2517,3042,7274.0,8569.0,425.0,789.0,195.4,2
4032.0,12723.0,1677.0,3891.0,3375,4031,4341,4709,10844.0,11367.0,1568.0,1220.0,195.4,2
5850.0,16720.0,1659.0,3284.0,3291,4185,3926,4735,10081.0,11567.0,858.0,2214.0,195.5,2
6472.0,9331.0,0.0,1218.0,801,1470,730,2271,2023.0,5887.0,4.0,551.0,195.5,2
5778.0,9313.0,1316.0,3174.0,5049,4786,5964,5740,14623.0,14292.0,2882.0,2706.0,195.5,2
2573.0,8593.0,2334.0,5887.0,2014,3366,2465,4130,6455.0,11021.0,1135.0,1255.0,195.5,2
16563.0,35354.0,8390.0,15215.0,252,180,256,129,24652.0,27315.0,5203.0,11756.0,195.5,0
79520.0,116505.0,38383.0,58327.0,249,256,45,123,92417.0,81985.0,71646.0,62651.0,195.6,0
7363.0,9815.0,1948.0,4350.0,4139,4285,5866,5458,13220.0,11989.0,4197.0,3154.0,195.7,2
16852.0,39956.0,4251.0,8024.0,35,22,237,105,25731.0,26644.0,9421.0,17718.0,195.7,0
8107.0,18601.0,1951.0,3352.0,1194,1179,3030,3231,9606.0,10784.0,2937.0,3522.0,195.7,2
3047.0,8580.0,1242.0,2919.0,1456,2368,1867,3302,4110.0,7265.0,1074.0,1453.0,195.7,2
51783.0,64638.0,4251.0,5598.0,491,236,0,122,45575.0,43246.0,45641.0,33334.0,195.8,0
6504.0,21305.0,1857.0,4963.0,2791,2831,4230,4927,12988.0,14961.0,1085.0,2460.0,195.9,2
48491.0,67281.0,6260.0,10747.0,77,172,232,115,60771.0,58011.0,21992.0,39269.0,195.9,0
5002.0,19288.0,46.0,710.0,5636,6516,6851,7954,15932.0,18181.0,217.0,316.0,196.0,2
23086.0,42346.0,9816.0,15878.0,170,87,196,199,30955.0,29903.0,11961.0,21623.0,196.0,0
23179.0,42696.0,3522.0,6869.0,243,177,0,79,37189.0,35244.0,12818.0,22673.0,196.2,0
76986.0,121115.0,17035.0,26245.0,381,240,54,111,82860.0,76948.0,54443.0,60673.0,196.2,0
4536.0,18823.0,3395.0,9299.0,6358,8745,7056,9779,14127.0,17871.0,959.0,1791.0,196.2,2
30507.0,46667.0,10761.0,20503.0,453,288,295,110,34026.0,33193.0,10305.0,21884.0,196.3,0
33321.0,51466.0,17967.0,27522.0,222,230,165,107,34756.0,34196.0,17998.0,25211.0,196.3,0
10869.0,21309.0,2669.0,4032.0,9755,10096,10949,11028,25703.0,27579.0,1824.0,3634.0,196.4,2
5806.0,19037.0,3211.0,6280.0,3961,4406,5433,6229,12661.0,14695.0,1086.0,1469.0,196.5,2
40495.0,72553.0,47198.0,78868.0,177,131,162,96,52788.0,48693.0,26128.0,39098.0,196.5,0
39780.0,58541.0,50301.0,86135.0,279,179,364,164,56572.0,55109.0,22534.0,44337.0,196.6,0
20076.0,30714.0,5247.0,10203.0,2601,2665,5320,5517,15263.0,14899.0,6090.0,6839.0,196.7,2
1380.0,7421.0,820.0,4178.0,904,3034,980,3336,2026.0,6980.0,147.0,275.0,196.7,2
5563.0,13107.0,1532.0,3298.0,2041,2388,3109,3573,6554.0,7464.0,288.0,1488.0,196.7,2
63468.0,90022.0,11475.0,20681.0,659,317,40,68,51307.0,46526.0,37251.0,37918.0,196.7,0
43510.0,63144.0,6220.0,9273.0,213,110,238,139,54378.0,53267.0,20449.0,40953.0,196.8,0
8989.0,11557.0,3683.0,6982.0,1692,1976,4429,4520,12232.0,12611.0,4230.0,4021.0,196.9,2
2407.0,6750.0,2246.0,5649.0,1776,2111,2241,2743,6062.0,7587.0,398.0,555.0,196.9,2
7255.0,19302.0,1045.0,2494.0,1999,2077,3182,3392,8172.0,8351.0,456.0,1381.0,197.0,2
22116.0,41156.0,6086.0,11949.0,225,98,71,91,30533.0,30188.0,12520.0,21625.0,197.0,0
76580.0,117128.0,5288.0,6773.0,536,314,345,266,48379.0,38602.0,27195.0,28034.0,197.0,0
137347.0,190528.0,14870.0,23975.0,222,489,698,216,160310.0,135790.0,74044.0,60370.0,197.0,0
206583.0,312536.0,25894.0,39897.0,602,373,11,135,223462.0,183448.0,96577.0,80913.0,197.1,0
950.0,4431.0,0.0,49.0,218,115,118,52,2334.0,4509.0,1608.0,2257.0,197.1,0
1578.0,4707.0,0.0,1039.0,221,102,215,117,10215.0,10369.0,635.0,1430.0,197.1,0
2788.0,7215.0,648.0,2626.0,218,82,102,0,5521.0,4780.0,18553.0,25228.0,197.1,-1
654030.0,696998.0,93637.0,131662.0,1887,1404,228,234,1411220.0,995355.0,481485.0,352576.0,197.1,3
49224.0,70014.0,45790.0,70916.0,595,228,70,130,54252.0,51413.0,28895.0,33664.0,197.1,0
5434.0,18378.0,291.0,1918.0,1908,2093,3089,3691,7058.0,8083.0,0.0,0.0,197.3,2
676.0,4076.0,0.0,357.0,634,2872,962,4497,1831.0,7091.0,8083.0,17081.0,197.3,3
24383.0,44068.0,511.0,3043.0,61046,60328,77276,76171,63952.0,55273.0,6711.0,13442.0,197.3,1
2213.0,8700.0,1865.0,5324.0,2729,3694,3749,5428,9567.0,13231.0,822.0,1683.0,197.3,2
46483.0,69306.0,3596.0,5011.0,375,280,301,93,31739.0,30206.0,23594.0,21605.0,197.3,0
3404.0,13168.0,188.0,1644.0,5504,6758,6457,7994,15469.0,18853.0,82.0,1125.0,197.3,2
3389.0,6577.0,415.0,1344.0,339,261,106,79,8734.0,6839.0,1207.0,1554.0,197.4,0
4025.0,10536.0,0.0,1080.0,173,194,99,25,3192.0,6506.0,25385.0,38003.0,197.4,0
437316.0,600930.0,62329.0,95495.0,1294,1008,17,134,552127.0,470909.0,157987.0,151456.0,197.4,3
2795.0,6708.0,1398.0,5041.0,2,30,127,79,17460.0,15905.0,0.0,922.0,197.4,0
1575.0,9082.0,882.0,3444.0,160,55,177,75,8557.0,15136.0,1044.0,1699.0,197.4,0
920774.0,945474.0,466540.0,470509.0,3804,2505,648,195,1324700.0,1029670.0,613952.0,436817.0,197.4,1
1657.0,8961.0,284.0,1087.0,1348,1706,1829,2484,4820.0,6861.0,399.0,1064.0,197.5,2
51957.0,87699.0,4864.0,7032.0,257,267,42,74,53032.0,49865.0,42818.0,38708.0,197.5,0
35387.0,56396.0,8160.0,13058.0,366,171,79,186,45639.0,43503.0,10156.0,24928.0,197.6,0
14677.0,18251.0,2677.0,3794.0,3902,3468,5274,5216,12488.0,12192.0,4521.0,3762.0,197.6,2
53364.0,90249.0,5130.0,8451.0,397,214,499,250,62575.0,60084.0,23754.0,48149.0,197.7,0
29927.0,52969.0,15485.0,26888.0,595,471,46,77,28292.0,27309.0,15930.0,23370.0,197.7,0
2354.0,12402.0,362.0,1543.0,786,1818,744,2201,2512.0,7325.0,1619.0,2862.0,197.7,2
4452.0,11272.0,2255.0,5566.0,4903,5362,6466,7299,17332.0,20545.0,263.0,2099.0,197.7,2
5447.0,10726.0,2360.0,4637.0,2604,2674,3534,3769,10233.0,10736.0,1996.0,2383.0,197.9,2
8089.0,19211.0,1455.0,3231.0,11031,11405,11936,12413,24392.0,24321.0,2069.0,2445.0,198.0,2
92405.0,145783.0,14939.0,24019.0,233,112,0,14,97264.0,94845.0,83819.0,85972.0,198.1,0
15251.0,35450.0,2555.0,4624.0,6166,6157,8644,8523,24180.0,22866.0,2850.0,5592.0,198.1,2
21409.0,29756.0,1975.0,3729.0,10102,10411,14243,14699,34235.0,33534.0,2745.0,6502.0,198.2,2
952.0,6157.0,0.0,267.0,242,212,127,10,3686.0,6971.0,2076.0,3794.0,198.2,0
2300.0,10284.0,0.0,46.0,160,97,127,24,5176.0,7063.0,988.0,953.0,198.2,0
844778.0,971487.0,54639.0,70164.0,6434,5100,41548,33737,614990.0,471804.0,442040.0,358980.0,198.2,3
20528.0,32296.0,2686.0,4846.0,300,155,406,173,25401.0,25002.0,10652.0,17780.0,198.2,0
2623.0,5911.0,0.0,135.0,2613,6158,3346,7888,7205.0,16322.0,2076.0,1755.0,198.3,2
1894.0,7401.0,190.0,893.0,1226,2853,1359,3362,4246.0,10415.0,0.0,0.0,198.3,2
5908.0,17808.0,2804.0,6785.0,2271,2722,2742,3403,7625.0,9019.0,162.0,685.0,198.3,2
42346.0,61653.0,8050.0,11870.0,317,223,179,158,46982.0,47255.0,19302.0,32110.0,198.3,0
4363.0,6755.0,1103.0,1865.0,3946,3595,4953,5111,14867.0,14940.0,1983.0,2370.0,198.4,2
29948.0,46342.0,10700.0,16558.0,396,218,314,159,34540.0,33802.0,10172.0,20608.0,198.4,0
14593.0,29156.0,6469.0,11193.0,195,108,239,113,25812.0,26357.0,6480.0,11221.0,198.4,0
17230.0,45434.0,2063.0,5127.0,2428,2744,6037,6585,16586.0,17992.0,4293.0,5749.0,198.5,2
285343.0,408458.0,22941.0,33136.0,491,462,339,161,246943.0,217352.0,132437.0,122112.0,198.6,3
99896.0,146960.0,5664.0,9893.0,58,30,0,26,81642.0,72202.0,69152.0,65748.0,198.6,0
36844.0,68196.0,2310.0,3939.0,466,248,288,159,43113.0,39853.0,12022.0,27587.0,198.6,0
2055.0,9738.0,1072.0,3179.0,2444,5876,3618,7842,9547.0,20878.0,1053.0,3059.0,198.7,2
2562.0,15517.0,487.0,2637.0,2350,6067,2708,7422,7324.0,20206.0,0.0,1013.0,198.7,2
32423.0,59306.0,3348.0,5558.0,0,8,163,107,35649.0,31828.0,20441.0,26221.0,198.7,0
4169.0,13874.0,885.0,1977.0,2821,3315,3592,4107,9775.0,11086.0,1520.0,1970.0,198.8,2
10491.0,19862.0,2634.0,4899.0,7675,8020,10268,10526,27738.0,26379.0,3154.0,5125.0,198.8,2
1621.0,10136.0,719.0,2974.0,937,2044,1387,3472,3467.0,8659.0,431.0,1083.0,198.8,2
35261.0,44493.0,22825.0,36097.0,589,263,294,189,35046.0,33526.0,28033.0,29009.0,198.9,0
30885.0,44330.0,4734.0,6576.0,173,159,0,174,41095.0,36236.0,30228.0,30219.0,198.9,0
4699.0,12212.0,204.0,2005.0,266,883,576,1157,1843.0,4034.0,2225.0,2152.0,199.0,2
2675.0,11561.0,118.0,1204.0,3174,4210,3718,4855,9345.0,11827.0,472.0,1479.0,199.0,2
5955.0,15633.0,1950.0,4665.0,2727,3210,3433,4201,9002.0,11335.0,694.0,1613.0,199.0,2
94995.0,137352.0,10091.0,15018.0,261,151,87,94,89925.0,83230.0,86723.0,68519.0,199.0,0
7779.0,17030.0,1471.0,3411.0,2833,3138,4706,5332,13155.0,15122.0,380.0,1587.0,199.1,2
112346.0,175476.0,11348.0,15832.0,855,348,0,157,52052.0,46092.0,35879.0,32365.0,199.1,0
97542.0,143135.0,5400.0,8820.0,0,123,253,129,93830.0,80811.0,48587.0,37654.0,199.2,0
14620.0,23868.0,4198.0,7163.0,3684,3452,4713,4734,15041.0,14331.0,3330.0,3091.0,199.2,2
15804.0,39334.0,2355.0,5739.0,2364,2186,3156,3023,9556.0,9600.0,2994.0,3567.0,199.3,2
399415.0,567697.0,105561.0,152884.0,998,580,204,218,188395.0,162657.0,140677.0,91490.0,199.3,3
12205.0,19395.0,4092.0,7734.0,5164,4786,7052,7330,20871.0,20519.0,5936.0,4576.0,199.4,2
62825.0,88095.0,13375.0,20059.0,426,297,0,71,57383.0,51233.0,36851.0,41309.0,199.4,0
29768.0,62752.0,5309.0,9098.0,56,81,220,104,35972.0,33787.0,19617.0,28120.0,199.4,0
2474.0,13035.0,96.0,640.0,1139,3058,2088,4720,5622.0,11098.0,348.0,954.0,199.5,2
1159.0,5105.0,518.0,2901.0,985,1607,1055,2673,3530.0,8392.0,854.0,2048.0,199.5,2
453460.0,617991.0,28844.0,41533.0,1263,1527,15371,14386,156306.0,138634.0,129786.0,107547.0,199.6,3
41471.0,73651.0,11873.0,20705.0,0,143,74,67,41601.0,40642.0,23842.0,29774.0,199.6,0
13765.0,26052.0,6505.0,10870.0,8,37,45,39,15374.0,14968.0,5784.0,10282.0,199.7,0
19432.0,36804.0,3683.0,4238.0,7855,8051,9424,9143,25630.0,24130.0,5638.0,4816.0,199.7,2
4802.0,13241.0,1354.0,3015.0,4430,5403,5001,5737,12078.0,13406.0,0.0,831.0,199.7,2
2979.0,8057.0,2696.0,5533.0,2287,2566,2894,3440,7545.0,8501.0,24.0,684.0,199.7,2
225742.0,292204.0,14037.0,20690.0,753,387,706,198,271361.0,234148.0,143737.0,98082.0,199.8,3
28492.0,46697.0,5194.0,8403.0,13002,12877,16837,16990,39353.0,39623.0,6202.0,8956.0,199.8,2
32199.0,50364.0,5333.0,6786.0,185,110,21,51,36527.0,31425.0,23129.0,25440.0,199.8,0
4257.0,9341.0,2310.0,5565.0,5941,6288,6528,7283,18097.0,19602.0,1179.0,1769.0,199.8,2
26115.0,42931.0,5326.0,10189.0,177,189,169,127,37073.0,35957.0,15284.0,27783.0,199.8,0
53450.0,81441.0,3548.0,5074.0,284,172,292,197,67204.0,63551.0,44878.0,47976.0,199.9,0
11881.0,17208.0,2591.0,5675.0,6627,6749,8859,9053,18336.0,18933.0,0.0,1571.0,199.9,2
4936.0,20946.0,1992.0,3715.0,8743,9260,12527,12970,26198.0,25064.0,4507.0,6772.0,199.9,2
3515.0,14614.0,410.0,2369.0,1508,3199,2531,4381,7472.0,12358.0,2096.0,2670.0,199.9,2
5045.0,15631.0,0.0,1088.0,1149,3009,1365,3834,4145.0,10473.0,595.0,968.0,199.9,2
20702.0,32287.0,3730.0,6664.0,5320,5464,7738,7650,19072.0,19137.0,2450.0,5093.0,199.9,2
144801.0,199025.0,25703.0,38045.0,611,251,285,160,117705.0,106159.0,39878.0,41344.0,200.0,0
909.0,3390.0,236.0,1397.0,1544,1947,2013,2548,5265.0,6597.0,1226.0,1855.0,200.0,2
31331.0,47953.0,21044.0,33608.0,1013,609,323,123,39748.0,35988.0,24567.0,27467.0,200.0,0
169250.0,252423.0,32629.0,46454.0,934,403,292,169,125277.0,110562.0,69013.0,61959.0,200.0,0
67711.0,93438.0,12788.0,21084.0,0,68,538,246,53030.0,47884.0,27607.0,32901.0,200.0,0
11734.0,29374.0,2004.0,4311.0,8205,8246,11019,10747,29736.0,29306.0,5126.0,6226.0,200.1,2
4105.0,11889.0,3254.0,7085.0,2652,3063,3826,4408,11562.0,12352.0,453.0,2073.0,200.1,2
2713.0,7929.0,413.0,2340.0,1055,2532,1442,3116,3525.0,7678.0,500.0,659.0,200.2,2
14076.0,32269.0,3652.0,7495.0,5227,5504,7498,7968,23655.0,24028.0,1497.0,4057.0,200.2,2
3601.0,10723.0,147.0,2281.0,140,49,112,103,9622.0,7624.0,1863.0,2176.0,200.2,0
2226.0,6706.0,102.0,798.0,164,123,20,0,6583.0,9905.0,70152.0,86057.0,200.2,-1
484219.0,633552.0,24553.0,36123.0,1066,1337,59,69,818839.0,676681.0,310013.0,287328.0,200.2,3
6500.0,16208.0,3977.0,7956.0,340,375,92,34,14462.0,14753.0,3806.0,4121.0,200.3,0
8742.0,18720.0,3434.0,6256.0,2373,2450,3405,3680,10430.0,12755.0,960.0,1805.0,200.3,2
8008.0,16738.0,2693.0,5268.0,4430,5064,6343,7328,18785.0,21392.0,609.0,1941.0,200.4,2
611673.0,847038.0,31903.0,45054.0,1900,1644,18052,16898,216717.0,188519.0,226508.0,161422.0,200.4,3
126349.0,200674.0,8699.0,10784.0,151,115,43,56,160260.0,144735.0,40017.0,60240.0,200.5,0
9086.0,15078.0,7454.0,13313.0,5496,5913,5954,5936,13007.0,13156.0,1389.0,1547.0,200.5,2
16020.0,23087.0,9561.0,14747.0,76,74,141,91,29113.0,28856.0,10295.0,21077.0,200.5,0
5473.0,15816.0,0.0,1373.0,0,36,158,79,5706.0,7292.0,1536.0,1827.0,200.5,0
6368.0,15130.0,0.0,0.0,65,16,0,0,3646.0,4908.0,23784.0,23071.0,200.5,-1
739.0,4227.0,102.0,1185.0,112,0,112,0,3265.0,10779.0,48593.0,84397.0,200.5,-1
553651.0,709859.0,69444.0,92282.0,1025,826,0,36,743973.0,610349.0,333485.0,323610.0,200.5,3
31773.0,33724.0,8663.0,14532.0,14,51,377,179,28931.0,25933.0,22344.0,21987.0,200.6,0
6788.0,20595.0,2719.0,6921.0,5124,6422,6171,7649,14207.0,17968.0,548.0,1095.0,200.6,2
6350.0,12277.0,1707.0,2875.0,5344,6551,6390,7591,12636.0,14157.0,1959.0,2304.0,200.6,2
2968.0,13790.0,691.0,2386.0,3146,4442,3987,5667,11571.0,16056.0,1669.0,2365.0,200.7,2
1999.0,9244.0,659.0,3598.0,3188,5032,3475,5265,6966.0,10448.0,504.0,1385.0,200.7,2
6913.0,11175.0,3033.0,5633.0,3974,4420,5140,5342,12007.0,13274.0,2161.0,2546.0,200.8,2
50210.0,75736.0,8912.0,12603.0,97,149,118,78,55180.0,52369.0,27550.0,38251.0,200.8,0
4456.0,13079.0,1780.0,3704.0,11,6,149,87,4997.0,4507.0,1412.0,1906.0,200.8,0
643548.0,710397.0,781481.0,881963.0,3110,1983,1321,525,375788.0,305443.0,186413.0,138013.0,200.8,1
10682.0,17343.0,3014.0,4087.0,4912,5118,5931,6406,15567.0,15578.0,626.0,3145.0,200.8,2
37936.0,61463.0,5196.0,8811.0,255,295,7,84,45099.0,40576.0,18147.0,29796.0,200.9,0
6206.0,14607.0,1673.0,3807.0,2615,2605,3733,3844,9638.0,9885.0,962.0,1412.0,200.9,2
3723.0,8758.0,115.0,1724.0,4408,4768,4533,5077,9437.0,10699.0,2008.0,2024.0,200.9,2
8020.0,19960.0,3479.0,5415.0,5547,5921,7391,7648,19231.0,19175.0,1882.0,3158.0,200.9,2
1173.0,6853.0,1230.0,4150.0,1209,3025,1557,3835,4490.0,11105.0,325.0,601.0,201.1,2
7272.0,10385.0,3127.0,4006.0,4299,4679,5528,5692,13851.0,14629.0,1152.0,1331.0,201.1,2
13610.0,19997.0,4042.0,5831.0,6196,6260,7751,7780,22906.0,22415.0,0.0,3673.0,201.1,2
3526.0,14914.0,1517.0,3499.0,2065,2720,2847,3540,8458.0,10599.0,1073.0,1364.0,201.1,2
1783.0,3673.0,0.0,518.0,598,1840,662,1891,2167.0,5542.0,83.0,325.0,201.1,2
4548.0,9559.0,899.0,2597.0,2829,3294,3738,4321,11247.0,12884.0,863.0,1258.0,201.2,2
330236.0,445715.0,24939.0,34391.0,2199,1851,17583,16485,190384.0,162599.0,153006.0,126689.0,201.2,3
40304.0,71051.0,25803.0,40435.0,1123,963,263,128,53971.0,49799.0,22404.0,36938.0,201.2,3
1539.0,9877.0,818.0,5482.0,314,844,623,1763,1603.0,5100.0,1641.0,4159.0,201.3,2
2025.0,5279.0,336.0,1315.0,92,0,220,157,8684.0,9763.0,2567.0,2413.0,201.3,0
537151.0,521925.0,196395.0,275902.0,8510,6904,67028,53976,846740.0,637643.0,742721.0,474226.0,201.3,3
379003.0,515573.0,48786.0,70581.0,1317,1048,499,183,519204.0,417703.0,199221.0,163525.0,201.4,3
26549.0,44806.0,2166.0,2836.0,309,282,0,24,21991.0,20776.0,8230.0,15005.0,201.5,0
16691.0,24652.0,2228.0,4251.0,7274,7432,9621,10311,26201.0,25352.0,2920.0,5369.0,201.5,2
5882.0,11001.0,563.0,2610.0,2325,5276,3092,6799,8018.0,17405.0,4185.0,3874.0,201.5,2
388228.0,531311.0,137614.0,178598.0,719,585,0,70,301715.0,256332.0,144993.0,119957.0,201.6,3
8171.0,24612.0,2459.0,5132.0,2829,2903,4218,4462,10283.0,11238.0,0.0,1725.0,201.6,2
35908.0,57172.0,13311.0,15970.0,526,439,103,109,51703.0,48096.0,40381.0,39216.0,201.6,0
3950.0,14873.0,2398.0,6631.0,3985,5141,4460,5463,11497.0,14372.0,393.0,628.0,201.6,2
29814.0,27300.0,4142.0,3897.0,4366,3888,4887,4857,14506.0,14328.0,3768.0,3486.0,201.8,2
12711.0,29045.0,1392.0,3536.0,3446,3374,5218,5754,14454.0,14995.0,827.0,2391.0,201.8,2
6887.0,8411.0,2643.0,3924.0,3010,2980,4444,4235,10850.0,11056.0,1670.0,1317.0,201.9,2
23534.0,39805.0,3240.0,6149.0,322,146,245,140,24195.0,24764.0,9910.0,17501.0,202.0,0
15960.0,27983.0,1064.0,3421.0,203,234,128,143,18231.0,16731.0,13284.0,12105.0,202.0,0
7854.0,18434.0,789.0,2288.0,6325,7251,7676,8385,16423.0,17876.0,1795.0,2652.0,202.0,2
8569.0,15699.0,3065.0,6353.0,1211,1360,3361,3475,9239.0,9181.0,2120.0,3261.0,202.1,2
5505.0,11976.0,4341.0,7353.0,2545,2778,2695,2782,9090.0,9374.0,1993.0,2435.0,202.1,2
55185.0,76108.0,2476.0,4886.0,317,188,351,172,67046.0,62430.0,46726.0,41376.0,202.2,0
36051.0,55776.0,33488.0,54270.0,122,211,147,115,41231.0,38887.0,36980.0,34741.0,202.3,0
2790.0,9527.0,2125.0,6301.0,3225,4859,4502,6922,12393.0,18318.0,80.0,1614.0,202.3,2
6596.0,10822.0,0.0,2005.0,278,152,40,39,5169.0,5154.0,741.0,921.0,202.3,0
1319.0,6280.0,588.0,2045.0,161,96,59,0,6065.0,8053.0,573.0,994.0,202.3,-1
420359.0,551699.0,41083.0,59661.0,643,683,0,9,524855.0,436967.0,180323.0,176263.0,202.3,3
9847.0,19240.0,20536.0,34891.0,2799,3011,4148,4417,12429.0,12497.0,1869.0,2493.0,202.4,3
13379.0,35039.0,2056.0,4582.0,13021,12879,16316,16443,40169.0,42034.0,3444.0,7147.0,202.4,2
236249.0,331101.0,47091.0,67716.0,325,192,0,17,158441.0,144069.0,83248.0,79979.0,202.4,3
10700.0,19614.0,3460.0,5402.0,10608,10715,12017,12218,25723.0,24675.0,4737.0,5055.0,202.5,2
49112.0,70927.0,4933.0,6941.0,719,415,103,123,27367.0,25428.0,26426.0,27115.0,202.5,0
2811.0,5008.0,801.0,3136.0,2271,4432,2951,5134,5830.0,9958.0,608.0,850.0,202.6,2
33516.0,68517.0,18542.0,30765.0,149,69,184,93,42283.0,38810.0,22527.0,31309.0,202.6,0
6647.0,19769.0,1994.0,4699.0,1987,2130,3203,3451,8622.0,9538.0,1114.0,1995.0,202.6,2
1288170.0,895426.0,3328490.0,2640460.0,3433,1530,995,508,368733.0,301661.0,226200.0,155396.0,202.6,1
12912.0,23127.0,1826.0,2995.0,7850,8526,10177,10466,32536.0,30645.0,7012.0,10299.0,202.7,2
3079.0,8555.0,2597.0,4938.0,3381,3816,4963,5669,13102.0,15003.0,1886.0,2822.0,202.8,2
7902.0,11030.0,1563.0,3358.0,2263,2383,3130,3065,7533.0,7152.0,1346.0,1313.0,202.8,2
54686.0,86089.0,14951.0,22804.0,290,244,229,123,48827.0,47301.0,32138.0,41347.0,202.8,0
3216.0,12575.0,1064.0,3527.0,6102,8148,6070,7867,11969.0,15099.0,577.0,1507.0,202.8,2
20004.0,26713.0,3692.0,6901.0,7155,7605,10417,10429,27281.0,28513.0,5121.0,6555.0,202.8,2
87433.0,132375.0,4150.0,6659.0,562,205,0,25,56603.0,52864.0,50545.0,47295.0,202.8,0
5731.0,16409.0,1407.0,3492.0,4190,4960,5244,5783,14083.0,14780.0,740.0,2644.0,202.9,2
6461.0,10363.0,2143.0,4422.0,5843,6093,6317,6446,13720.0,14085.0,751.0,1325.0,202.9,2
5289.0,16991.0,2585.0,5775.0,3959,5126,5246,6794,12765.0,16351.0,1666.0,2291.0,202.9,2
144631.0,212260.0,12910.0,19298.0,873,539,0,34,71496.0,65501.0,53349.0,49053.0,202.9,0
6706.0,16189.0,1671.0,3423.0,2344,2385,3589,3742,9362.0,9335.0,1283.0,2072.0,203.1,2
5463.0,15306.0,944.0,2544.0,1897,2461,2598,3520,7356.0,8821.0,1327.0,1465.0,203.1,2
12937.0,29557.0,5053.0,8404.0,3771,4064,6430,6866,18440.0,17976.0,5699.0,5346.0,203.3,2
39684.0,69594.0,10879.0,13717.0,252,70,68,148,54261.0,48067.0,34684.0,38602.0,203.3,0
14007.0,17918.0,897.0,3147.0,4309,4308,6064,6056,20141.0,19761.0,6181.0,4470.0,203.3,2
47575.0,80986.0,16487.0,26966.0,506,340,140,98,65488.0,57990.0,49665.0,45386.0,203.4,0
10024.0,14685.0,2246.0,5431.0,5099,5371,7090,7372,18323.0,18427.0,2759.0,3197.0,203.4,2
34829.0,47233.0,3355.0,5151.0,378,230,345,126,38776.0,35328.0,36145.0,32155.0,203.4,0
24534.0,23629.0,2504.0,3225.0,22,136,0,105,20345.0,19892.0,14533.0,12884.0,203.4,0
3335.0,15208.0,0.0,628.0,158,183,153,39,4524.0,6741.0,820.0,1196.0,203.4,0
1316.0,8042.0,453.0,2746.0,115,39,106,0,5256.0,9851.0,983.0,2364.0,203.4,-1
569819.0,718118.0,45983.0,58981.0,1146,991,35,63,954819.0,748315.0,417727.0,294729.0,203.4,3
8107.0,12522.0,2137.0,4135.0,3366,2812,4172,4130,11251.0,10733.0,1181.0,1167.0,203.5,2
203530.0,294982.0,29330.0,45665.0,488,270,278,142,235527.0,206040.0,79433.0,95301.0,203.6,0
8799.0,17628.0,2200.0,5579.0,4242,4638,6430,6503,18379.0,19075.0,3677.0,4889.0,203.6,2
7387.0,10121.0,1141.0,3111.0,3630,3255,3709,3919,9968.0,9953.0,719.0,2329.0,203.6,2
49192.0,78778.0,15852.0,26713.0,0,21,182,133,57870.0,54053.0,31407.0,40334.0,203.7,0
9432.0,15413.0,1869.0,4667.0,5308,5036,7081,7420,19144.0,18838.0,1812.0,3009.0,203.9,2
76179.0,119035.0,12599.0,20420.0,0,293,169,111,53135.0,50434.0,53557.0,44791.0,203.9,0
11343.0,18509.0,4473.0,5379.0,4517,4631,5876,5887,14914.0,14194.0,269.0,1489.0,203.9,2
11095.0,21758.0,3022.0,7796.0,5689,6454,7949,8352,20779.0,21805.0,2496.0,5019.0,204.0,2
3005.0,9131.0,1210.0,3242.0,2023,2466,2855,3728,8274.0,10994.0,197.0,230.0,204.1,2
48652.0,88137.0,19324.0,32660.0,0,0,228,133,51498.0,50818.0,14375.0,33765.0,204.2,0
122043.0,176389.0,41494.0,61332.0,441,312,373,173,181450.0,161123.0,61274.0,72143.0,204.2,0
31438.0,49498.0,12642.0,18029.0,219,86,310,180,49082.0,45645.0,23767.0,31719.0,204.3,0
34051.0,46403.0,4360.0,5656.0,553,239,624,261,47232.0,43001.0,34543.0,28437.0,204.3,0
6323.0,13780.0,2346.0,4189.0,3707,4246,4672,5037,12037.0,13200.0,884.0,1588.0,204.4,2
9356.0,14177.0,2638.0,5319.0,3635,3872,4741,4836,10967.0,9570.0,1260.0,1698.0,204.4,2
5730.0,12845.0,1859.0,3491.0,3238,3583,4303,4969,11424.0,13235.0,2803.0,2718.0,204.4,2
62010.0,95006.0,5877.0,8291.0,0,131,16,59,64304.0,61353.0,24920.0,42190.0,204.6,0
7636.0,20630.0,1431.0,3166.0,6439,6582,8464,8645,22037.0,21582.0,2364.0,4774.0,204.6,2
32880.0,51714.0,5031.0,6662.0,483,263,222,124,52979.0,50141.0,23494.0,35342.0,204.6,0
8785.0,15634.0,1079.0,4233.0,3325,3431,4687,5072,14166.0,14682.0,982.0,3116.0,204.6,2
38845.0,53843.0,4890.0,7141.0,128,161,0,63,49320.0,44238.0,44929.0,31220.0,204.7,0
53759.0,83787.0,27391.0,43343.0,140,131,241,81,51657.0,46830.0,44574.0,39546.0,204.7,0
6411.0,13475.0,1591.0,4293.0,2534,3063,2653,3675,7640.0,9393.0,2135.0,1721.0,204.7,2
18248.0,36182.0,4157.0,7305.0,3093,3121,4695,4841,13600.0,14491.0,2967.0,4543.0,204.8,2
4123.0,10907.0,1776.0,4243.0,1774,1563,2007,1972,5231.0,5109.0,1424.0,1327.0,204.9,2
6535.0,18122.0,1721.0,3940.0,1923,2109,2272,2432,6895.0,7189.0,825.0,2131.0,204.9,2
41762.0,57806.0,4473.0,7257.0,46,39,380,186,46374.0,44935.0,29193.0,31189.0,204.9,0
25698.0,42695.0,4363.0,9004.0,160,113,402,185,35438.0,33478.0,16067.0,24060.0,204.9,0
86032.0,130026.0,9126.0,14853.0,656,221,425,237,43087.0,41388.0,28740.0,37049.0,204.9,0
2964.0,18243.0,823.0,3528.0,2522,4839,3359,6764,7427.0,14799.0,833.0,1563.0,205.0,2
1240.0,7119.0,0.0,847.0,898,2691,1046,3480,2393.0,8083.0,191.0,557.0,205.0,2
5299.0,8097.0,3108.0,5573.0,6274,6820,7369,7512,14953.0,14968.0,1500.0,1868.0,205.0,2
17664.0,28600.0,3237.0,5853.0,5574,5590,8541,8680,22498.0,22085.0,4685.0,5034.0,205.0,2
3479.0,18262.0,1570.0,5136.0,1446,2175,1988,3045,5477.0,8431.0,335.0,522.0,205.0,2
116694.0,173524.0,8895.0,13360.0,342,225,42,64,139871.0,116932.0,36223.0,34404.0,205.2,0
6159.0,14235.0,2367.0,3812.0,1770,1674,2236,2228,6278.0,5994.0,33.0,887.0,205.2,2
6230.0,17930.0,2070.0,6190.0,4170,4844,5546,6315,15741.0,18219.0,1286.0,1790.0,205.2,2
15212.0,26730.0,4303.0,8377.0,1517,1673,3428,3607,10118.0,10440.0,4466.0,4016.0,205.3,2
162087.0,259795.0,148026.0,219726.0,960,825,0,160,98676.0,89295.0,63927.0,58217.0,205.3,3
5864.0,21027.0,4263.0,11112.0,186,86,213,153,18094.0,23506.0,3733.0,8327.0,205.4,0
29198.0,59181.0,2075.0,3495.0,354,234,245,136,31014.0,29128.0,6807.0,16536.0,205.4,0
58424.0,90433.0,17654.0,29987.0,306,304,131,95,49950.0,48624.0,25110.0,41872.0,205.4,0
15154.0,20531.0,1541.0,5124.0,0,109,244,88,15120.0,14189.0,16766.0,10491.0,205.4,0
23626.0,39815.0,3335.0,6372.0,12694,12915,16141,16577,45497.0,43758.0,7794.0,9193.0,205.5,2
24318.0,41500.0,23137.0,36809.0,0,71,398,240,26885.0,25367.0,24509.0,20958.0,205.5,0
2904.0,9028.0,1967.0,4323.0,2546,2690,3198,3645,7375.0,8242.0,623.0,1409.0,205.6,2
3356.0,8916.0,1704.0,4460.0,4994,5215,6665,7292,16920.0,18265.0,2225.0,2423.0,205.6,2
27279.0,53047.0,4272.0,8014.0,225,144,220,115,31436.0,33213.0,13989.0,25156.0,205.6,0
11490.0,16535.0,1543.0,2785.0,4412,4579,6847,6783,20748.0,20978.0,5859.0,4158.0,205.6,2
7054.0,19380.0,2054.0,4403.0,6268,6209,7733,8451,20769.0,22658.0,343.0,2730.0,205.7,2
9453.0,18703.0,1943.0,2914.0,6928,7347,8787,9297,20380.0,19400.0,3163.0,4029.0,205.7,2
123705.0,179684.0,24562.0,37982.0,109,177,364,205,127103.0,118808.0,47087.0,54066.0,205.8,0
10761.0,21247.0,3361.0,6556.0,3478,3620,5410,6026,14855.0,15736.0,3077.0,3703.0,205.9,2
2203.0,7924.0,1421.0,4566.0,1120,2039,1221,2554,3682.0,7960.0,772.0,1235.0,206.0,2
196241.0,303916.0,8685.0,14016.0,838,450,59,67,153994.0,143980.0,95691.0,95950.0,206.1,0
29221.0,42107.0,13531.0,24174.0,194,79,160,96,31650.0,30378.0,14722.0,25735.0,206.1,0
791818.0,943616.0,745830.0,808191.0,1432,963,501,189,379923.0,320477.0,196364.0,159206.0,206.1,1
24208.0,45189.0,8718.0,15231.0,322,152,27,9,36315.0,34664.0,25467.0,24883.0,206.2,0
19648.0,29516.0,13349.0,21260.0,174,53,0,0,31422.0,30476.0,16131.0,17531.0,206.3,-1
6317.0,9205.0,0.0,1809.0,140,82,64,78,2389.0,4138.0,21663.0,24110.0,206.3,0
29825.0,48940.0,4813.0,8014.0,219,92,77,51,30205.0,30205.0,9109.0,19750.0,206.3,0
1726.0,6110.0,1366.0,4315.0,619,1593,1074,2475,3247.0,7398.0,428.0,921.0,206.3,2
2864.0,8365.0,2284.0,4372.0,2818,3293,3759,4329,9035.0,10654.0,1033.0,1836.0,206.3,2
16421.0,36300.0,9942.0,17475.0,312,175,219,75,22180.0,21541.0,11268.0,17695.0,206.4,0
80105.0,121879.0,12527.0,16250.0,198,178,379,141,78272.0,71655.0,59016.0,54447.0,206.4,0
43441.0,68733.0,26278.0,41535.0,180,136,0,0,67840.0,61278.0,48651.0,51165.0,206.5,-1
38372.0,54665.0,51393.0,81814.0,37,83,194,79,35845.0,31773.0,25506.0,24519.0,206.5,0
22909.0,35961.0,2591.0,3491.0,360,200,256,165,33079.0,29210.0,19191.0,20995.0,206.5,0
15887.0,31508.0,3635.0,6391.0,13971,14889,17048,18139,41360.0,42908.0,1775.0,6185.0,206.6,2
257856.0,389561.0,9568.0,13332.0,569,527,414,213,123110.0,105834.0,77519.0,69955.0,206.6,3
7911.0,19260.0,3572.0,6036.0,4121,3906,5752,5864,16477.0,16893.0,3701.0,4534.0,206.6,2
234884.0,374007.0,54423.0,77580.0,520,576,232,176,106919.0,97178.0,83448.0,62743.0,206.7,3
7060.0,21326.0,2152.0,4165.0,3573,4202,5429,6872,12565.0,15294.0,3058.0,2646.0,206.8,2
2537.0,13085.0,470.0,3734.0,816,2560,1333,4606,2942.0,9570.0,702.0,969.0,206.8,2
28826.0,47508.0,2157.0,4348.0,185,195,90,67,32177.0,30161.0,22296.0,25973.0,206.8,0
1787.0,7776.0,715.0,2861.0,3400,4707,4210,5776,9757.0,13432.0,0.0,780.0,206.9,2
5012.0,15444.0,2612.0,6452.0,3271,3953,4775,5566,12321.0,14633.0,1143.0,2116.0,206.9,2
5128.0,15459.0,774.0,2400.0,2845,3078,3889,3961,10118.0,10864.0,927.0,2099.0,206.9,2
7481.0,13342.0,1950.0,3411.0,3733,3947,5650,5732,12720.0,13245.0,1337.0,1759.0,206.9,2
17755.0,30915.0,3282.0,5858.0,5079,5182,7085,7173,20806.0,20717.0,5694.0,6597.0,206.9,2
6034.0,19832.0,2628.0,6609.0,2660,2929,3575,4152,9530.0,10940.0,901.0,1980.0,207.0,2
8888.0,16919.0,1587.0,5690.0,1208,1877,1988,3238,6218.0,9729.0,2917.0,2290.0,207.1,2
5756.0,19261.0,3199.0,7063.0,3859,4252,4979,5464,12809.0,13097.0,1426.0,1986.0,207.1,2
8184.0,16959.0,2020.0,4087.0,6133,6479,7959,8610,22038.0,22546.0,1585.0,4408.0,207.1,2
3566.0,11432.0,1795.0,4489.0,3490,4413,4158,5074,9513.0,11441.0,687.0,1527.0,207.1,2
8565.0,18401.0,2540.0,4834.0,4400,4924,6026,6857,15618.0,16486.0,568.0,2515.0,207.2,2
13756.0,29208.0,1958.0,3967.0,3886,3946,5505,5727,14815.0,14496.0,643.0,2575.0,207.2,2
49956.0,78601.0,13263.0,21147.0,177,168,241,165,73795.0,64301.0,61555.0,55461.0,207.2,0
6891.0,21776.0,2420.0,6442.0,3961,4457,5288,5979,13420.0,15747.0,218.0,1726.0,207.2,2
1398.0,8649.0,0.0,771.0,912,2822,1161,3707,3317.0,9959.0,1053.0,2394.0,207.2,2
5545.0,15549.0,666.0,1872.0,6187,7857,6915,8600,17968.0,21882.0,0.0,84.0,207.2,2
28434.0,47597.0,10496.0,17200.0,197,192,93,79,37882.0,34512.0,25976.0,28056.0,207.3,0
11440.0,15030.0,5645.0,9877.0,3436,2898,4255,4122,12454.0,12254.0,2380.0,2362.0,207.3,2
3572.0,7054.0,1915.0,4236.0,1927,1746,2480,2755,6625.0,7097.0,734.0,1227.0,207.4,2
24407.0,31618.0,2547.0,2928.0,8560,8139,10211,9663,28063.0,26543.0,1971.0,5139.0,207.5,2
23863.0,43645.0,14793.0,24072.0,5,44,81,82,28039.0,25881.0,18180.0,18788.0,207.6,0
24393.0,45589.0,12300.0,20355.0,37,80,147,44,28752.0,27291.0,15696.0,21231.0,207.6,0
14608.0,14517.0,3235.0,5145.0,5583,5647,7147,7146,19403.0,17921.0,5234.0,5007.0,207.6,2
15965.0,33332.0,6610.0,12303.0,331,326,174,67,24546.0,26134.0,3742.0,14414.0,207.6,0
16240.0,17427.0,9904.0,8745.0,9506,6243,12892,8847,31286.0,21297.0,6233.0,3723.0,207.6,2
14384.0,28779.0,2308.0,4265.0,275,136,241,136,18196.0,17421.0,13513.0,12639.0,207.6,0
8791.0,13709.0,1922.0,3096.0,4909,4726,6618,6638,18168.0,17156.0,5182.0,4284.0,207.7,2
32196.0,51067.0,4547.0,9205.0,0,93,0,0,25222.0,23299.0,9548.0,18132.0,207.7,-1
2947.0,10538.0,654.0,5285.0,1009,2286,1135,3286,3395.0,9364.0,2262.0,3141.0,207.8,2
2440.0,13602.0,1302.0,7191.0,1939,3521,2363,4649,6409.0,12858.0,576.0,903.0,207.8,2
1826.0,8962.0,763.0,3080.0,2782,4284,3399,5314,7725.0,11901.0,101.0,1031.0,207.8,2
3597.0,9954.0,0.0,340.0,3478,5676,4015,6728,10705.0,15760.0,1109.0,1460.0,207.8,2
52408.0,69484.0,3297.0,5241.0,186,185,439,110,35710.0,34854.0,20661.0,30290.0,207.8,0
21739.0,40233.0,690.0,1370.0,2938,2934,6334,6216,16802.0,17000.0,5556.0,7062.0,207.9,2
28209.0,47452.0,11669.0,19657.0,98,184,172,156,35700.0,33253.0,29365.0,27913.0,207.9,0
2456.0,7202.0,1247.0,4175.0,1262,3253,2003,4514,4376.0,11398.0,1936.0,2664.0,207.9,2
2760.0,10674.0,1285.0,4143.0,2136,3930,3166,5584,7685.0,14615.0,819.0,1298.0,207.9,2
143679.0,222312.0,17004.0,26466.0,477,393,152,82,104145.0,88014.0,41510.0,45442.0,208.0,0
7419.0,17194.0,2897.0,6140.0,5163,5314,6867,7644,17632.0,19188.0,1746.0,3819.0,208.0,2
5272.0,10069.0,1259.0,3020.0,3792,3814,4687,5041,9773.0,10403.0,0.0,1054.0,208.0,2
2342300.0,1411500.0,5379620.0,3926500.0,9344,3515,2322,1146,1073500.0,757155.0,790112.0,515862.0,208.0,1
44178.0,64420.0,6658.0,9860.0,500,313,654,265,46818.0,44629.0,19774.0,31365.0,208.0,0
25923.0,46899.0,30776.0,49594.0,608,443,239,141,41261.0,36830.0,31671.0,27669.0,208.1,0
2537.0,6475.0,2137.0,4193.0,2895,3607,3716,5192,10100.0,13668.0,1508.0,1964.0,208.1,2
5526.0,11952.0,2135.0,4284.0,2877,3045,3744,4086,9813.0,11018.0,785.0,1839.0,208.1,2
97112.0,133131.0,14376.0,20581.0,17,171,488,164,103879.0,92648.0,53276.0,44531.0,208.2,0
2573.0,9219.0,580.0,1834.0,1626,2908,2222,4754,5453.0,11730.0,165.0,341.0,208.2,2
30321.0,52395.0,5122.0,7236.0,224,207,141,87,21354.0,21372.0,8854.0,17104.0,208.2,0
7374.0,18471.0,1114.0,2187.0,2537,2970,3468,3956,9692.0,11758.0,3204.0,2813.0,208.2,2
15403.0,41103.0,6574.0,12668.0,337,248,215,130,22790.0,22606.0,10850.0,17275.0,208.3,0
23769.0,37460.0,6701.0,9293.0,185,192,253,179,24053.0,21271.0,15450.0,18837.0,208.3,0
20716.0,44032.0,5906.0,8326.0,209,129,231,121,35383.0,30641.0,21508.0,22115.0,208.3,0
153694.0,217325.0,21113.0,33632.0,451,356,599,167,114597.0,102577.0,98409.0,96158.0,208.3,0
3693.0,9619.0,949.0,2812.0,2906,3125,3314,3930,8570.0,10121.0,1760.0,1356.0,208.6,2
18017.0,20917.0,3321.0,6425.0,5745,5464,7960,7867,23512.0,22211.0,8797.0,7512.0,208.6,2
5698.0,13664.0,1673.0,4151.0,2703,3553,4243,5392,9946.0,11910.0,551.0,871.0,208.6,2
1470.0,8967.0,152.0,964.0,337,995,630,2028,1207.0,4420.0,269.0,561.0,208.7,2
45830.0,60111.0,8587.0,8746.0,526,284,0,20,34127.0,31365.0,26072.0,27633.0,208.7,0
34266.0,48078.0,7111.0,10556.0,318,253,219,163,49721.0,48544.0,14910.0,33028.0,208.8,0
4348.0,11410.0,1852.0,3130.0,3741,4225,4555,5283,11933.0,12611.0,2093.0,2386.0,208.8,2
20921.0,28655.0,4021.0,5842.0,243,151,253,138,29857.0,28091.0,19535.0,19810.0,208.8,0
1509.0,5540.0,363.0,1652.0,2676,3558,3640,4885,9554.0,12773.0,1456.0,1955.0,209.0,2
1942.0,4751.0,0.0,242.0,145,73,210,86,4567.0,6664.0,1844.0,2635.0,209.0,0
1966.0,8997.0,257.0,1596.0,95,0,158,75,3824.0,7583.0,1477.0,2652.0,209.0,0
1514.0,6139.0,0.0,656.0,73,0,163,53,4454.0,7001.0,22059.0,53473.0,209.0,0
658507.0,759665.0,54727.0,73590.0,1480,1696,510,193,1430120.0,1130640.0,491894.0,441593.0,209.0,3
2128.0,12765.0,896.0,3741.0,966,2737,1289,3605,2559.0,7430.0,605.0,1016.0,209.0,2
1639.0,5439.0,669.0,3443.0,1840,3229,2300,4134,4494.0,8581.0,68.0,783.0,209.0,2
22898.0,43082.0,9514.0,14964.0,536,227,175,69,50719.0,49099.0,36924.0,38087.0,209.1,0
3446.0,5875.0,1465.0,4214.0,874,1296,889,2067,2370.0,4941.0,1865.0,1550.0,209.2,2
7660.0,16255.0,987.0,2604.0,4309,4572,6258,7126,17284.0,19050.0,1388.0,2485.0,209.2,2
9664.0,12899.0,2200.0,5080.0,3573,3607,5129,5474,14892.0,16134.0,1803.0,2810.0,209.3,2
28213.0,41033.0,13507.0,24092.0,0,81,326,181,30187.0,30412.0,9395.0,18341.0,209.3,0
3508.0,14541.0,1898.0,6196.0,3321,4789,3482,4912,10927.0,15106.0,1401.0,2211.0,209.5,2
1549.0,6132.0,0.0,409.0,186,118,64,11,5920.0,9989.0,2315.0,2964.0,209.5,0
1718.0,4470.0,0.0,1597.0,157,144,83,10,6614.0,9753.0,29108.0,40297.0,209.5,0
635425.0,632695.0,164555.0,207128.0,4789,3731,759,472,2932010.0,2090330.0,1170880.0,992522.0,209.5,1
403.0,2407.0,0.0,953.0,170,61,117,84,1741.0,4160.0,3064.0,5383.0,209.5,0
1042.0,5098.0,0.0,0.0,170,60,153,32,7613.0,11036.0,1223.0,1740.0,209.5,0
10546.0,25106.0,3443.0,5685.0,6482,6676,7653,7729,21529.0,20177.0,6315.0,4980.0,209.5,2
22751.0,28588.0,4899.0,7222.0,8531,9289,11150,12145,36185.0,34227.0,9652.0,6988.0,209.5,2
27116.0,45618.0,9511.0,15305.0,756,493,228,142,51052.0,49754.0,22712.0,33932.0,209.6,0
25931.0,37898.0,2674.0,5779.0,4969,4609,7302,6993,21285.0,19040.0,4667.0,4798.0,209.6,2
49135.0,81784.0,10323.0,18036.0,391,320,171,118,55201.0,50536.0,39227.0,35408.0,209.7,0
82367.0,124848.0,18616.0,29751.0,122,291,163,147,54801.0,50677.0,36308.0,36119.0,209.7,0
17824.0,14597.0,3170.0,3721.0,4145,3833,4925,5050,13865.0,12835.0,3484.0,3821.0,209.7,2
13318.0,23164.0,3748.0,5198.0,5046,5248,7643,7427,19832.0,18272.0,2937.0,3774.0,209.7,2
109405.0,170680.0,13498.0,20829.0,438,268,324,117,175967.0,154098.0,83386.0,72430.0,209.8,0
56728.0,78821.0,5177.0,6410.0,749,385,0,0,67414.0,60676.0,50930.0,41309.0,209.8,-1
8268.0,12870.0,2289.0,3785.0,6965,7527,7549,8359,20649.0,21545.0,2873.0,2898.0,209.8,2
9812.0,14344.0,3668.0,6734.0,2259,2075,3317,3395,8638.0,9123.0,2221.0,3505.0,209.9,2
2358.0,10233.0,595.0,2262.0,2391,3602,3162,4669,7900.0,11978.0,127.0,1897.0,209.9,2
41254.0,68738.0,11839.0,18766.0,204,247,119,64,47636.0,46517.0,35017.0,34081.0,209.9,0
19545.0,25183.0,4457.0,7413.0,37,219,86,57,16465.0,15837.0,12309.0,13162.0,209.9,0
27480.0,41883.0,6847.0,11771.0,107,183,165,151,28139.0,26733.0,17609.0,20610.0,210.0,0
3018.0,9497.0,489.0,1788.0,595,1320,799,2094,2114.0,6021.0,139.0,278.0,210.1,2
30037.0,61126.0,19373.0,32500.0,2868,2494,6056,5744,18359.0,18540.0,2449.0,6862.0,210.1,3
13677.0,33109.0,3563.0,7055.0,131,106,0,12,17120.0,16468.0,3952.0,8858.0,210.2,0
23633.0,45791.0,10752.0,18299.0,32,30,196,62,27508.0,28762.0,8133.0,17078.0,210.4,0
4732.0,10018.0,2834.0,4700.0,5960,6281,7183,7875,20005.0,20716.0,1854.0,4145.0,210.4,2
128213.0,179084.0,23573.0,37441.0,509,199,124,84,163136.0,139693.0,37165.0,55848.0,210.4,0
39658.0,77997.0,8287.0,12812.0,556,361,427,192,50335.0,44548.0,17292.0,29522.0,210.4,0
6852.0,11203.0,3127.0,6562.0,5200,5095,5974,6277,15031.0,15602.0,2748.0,2682.0,210.4,2
37129.0,55207.0,9652.0,18503.0,291,278,166,133,45728.0,41931.0,31014.0,29338.0,210.5,0
6203.0,16479.0,760.0,2550.0,3958,4464,5377,6121,13731.0,15987.0,624.0,1432.0,210.6,2
21700.0,37272.0,1900.0,4585.0,285,221,177,121,25592.0,23488.0,5818.0,13457.0,210.6,0
11422.0,16324.0,1565.0,2914.0,5873,6104,7101,6880,18530.0,17676.0,2251.0,3653.0,210.7,2
9040.0,10766.0,2217.0,3982.0,4535,4308,4968,5012,12538.0,11612.0,2970.0,2190.0,210.7,2
8098.0,17036.0,1665.0,3185.0,6675,6579,7991,8301,20356.0,21155.0,1239.0,2613.0,210.7,2
6594.0,11237.0,6169.0,10789.0,3899,3914,5386,5559,15657.0,15318.0,1029.0,2453.0,210.7,2
20391.0,42270.0,1172.0,2698.0,5843,6113,7719,7724,19983.0,19970.0,5463.0,6783.0,210.7,2
140166.0,211866.0,12189.0,17221.0,384,416,0,44,251383.0,214346.0,86603.0,105983.0,210.8,3
2991.0,14453.0,1392.0,3884.0,1481,2296,2177,3647,6953.0,11073.0,126.0,633.0,210.8,2
6126.0,12942.0,2168.0,3721.0,589,1440,673,2110,2037.0,5567.0,0.0,194.0,210.8,2
2512.0,12919.0,1100.0,3891.0,1134,2627,1245,2783,3848.0,8747.0,909.0,2596.0,210.9,2
2276.0,14275.0,470.0,2670.0,1058,2699,1252,2867,4006.0,9282.0,611.0,1109.0,210.9,2
7079.0,12523.0,140.0,1193.0,1526,1674,2934,3195,9090.0,9615.0,1988.0,3710.0,211.1,2
55421.0,77154.0,4665.0,6877.0,1114,505,580,262,59935.0,54957.0,52861.0,37124.0,211.2,0
8307.0,18262.0,2324.0,4055.0,5351,5596,6517,6657,18952.0,19402.0,3913.0,3029.0,211.3,2
28580.0,41434.0,13490.0,20591.0,109,115,0,116,42526.0,36141.0,32588.0,28517.0,211.5,0
63850.0,78787.0,5240.0,6658.0,372,203,80,105,66910.0,63964.0,52356.0,53821.0,211.5,0
220637.0,309319.0,26592.0,44123.0,705,482,588,222,249466.0,218256.0,74214.0,90081.0,211.5,0
30793.0,39607.0,20524.0,34221.0,201,219,443,239,45988.0,44655.0,42614.0,37155.0,211.5,0
1901.0,11132.0,1405.0,5948.0,176,85,92,0,14732.0,31688.0,23989.0,41838.0,211.6,-1
784.0,4176.0,5345.0,17194.0,278,264,134,52,37386.0,57654.0,21162.0,35603.0,211.6,0
731.0,3332.0,854.0,3795.0,227,141,133,62,3496.0,7120.0,15445.0,24436.0,211.6,0
1908.0,6676.0,1129.0,3518.0,180,151,100,16,4058.0,4958.0,12916.0,14923.0,211.6,0
2591.0,10112.0,2087.0,3042.0,92,106,267,129,9297.0,8375.0,92988.0,93245.0,211.6,0
2677420.0,2366700.0,3671800.0,3295360.0,9322,5011,2480,1249,5223990.0,2769830.0,3318920.0,1679550.0,211.6,1
181814.0,277344.0,39487.0,62353.0,444,194,0,68,220296.0,189690.0,93832.0,87578.0,211.7,0
6698.0,13194.0,2176.0,4169.0,3176,3343,5674,5996,14425.0,15097.0,1009.0,3385.0,211.8,2
1520.0,5642.0,928.0,2875.0,2485,4177,3311,5314,8279.0,13350.0,246.0,664.0,211.9,2
1089.0,6942.0,159.0,1605.0,532,2073,610,2270,1836.0,5683.0,448.0,747.0,211.9,2
1439.0,8312.0,274.0,2522.0,1462,4351,1665,5149,3988.0,11610.0,1894.0,4290.0,211.9,2
2994.0,12763.0,1098.0,3052.0,7603,9679,8980,11550,21346.0,27754.0,1892.0,2861.0,211.9,2
6683.0,20202.0,2185.0,6343.0,2397,3597,3924,5304,9692.0,12846.0,1699.0,2239.0,211.9,2
2926.0,5728.0,643.0,1836.0,3216,3422,4388,4899,11547.0,11789.0,1585.0,1636.0,211.9,2
7304.0,13817.0,1953.0,3168.0,1821,1946,3213,3462,9622.0,10194.0,2467.0,2834.0,211.9,2
8577.0,13019.0,1570.0,2971.0,2993,3096,4261,4417,11659.0,11388.0,691.0,3691.0,212.0,2
13120.0,26936.0,3422.0,5708.0,3690,3799,5374,5809,15617.0,15512.0,2488.0,4704.0,212.0,2
2540.0,10294.0,1500.0,5135.0,1996,2657,2591,3562,7427.0,10600.0,0.0,678.0,212.0,2
112505.0,149331.0,2509.0,4689.0,203,180,535,158,188426.0,153840.0,55965.0,73155.0,212.1,0
8786.0,20385.0,1937.0,3448.0,6074,6962,7776,8800,21800.0,24694.0,925.0,3525.0,212.1,2
13817.0,23143.0,3043.0,5477.0,5685,5922,9077,8889,21320.0,21237.0,5590.0,4011.0,212.1,2
1845.0,7144.0,787.0,3016.0,1477,2104,1758,2455,4685.0,6877.0,263.0,335.0,212.1,2
3873.0,22841.0,1127.0,4497.0,1700,3316,2489,4923,6407.0,12407.0,296.0,459.0,212.3,2
700107.0,834697.0,46134.0,61611.0,5683,4370,38546,34063,502919.0,413160.0,336121.0,296089.0,212.3,3
25105.0,33645.0,1876.0,3166.0,128,73,406,149,29240.0,26202.0,19558.0,18989.0,212.3,0
14597.0,28495.0,3158.0,4252.0,3538,3213,5247,5222,16620.0,16527.0,5714.0,4126.0,212.5,2
2326.0,10147.0,499.0,2679.0,376,1303,826,2174,2497.0,6561.0,1009.0,2481.0,212.5,2
3515.0,13898.0,1519.0,3894.0,4001,4880,4861,5970,12120.0,14586.0,36.0,3056.0,212.6,2
40115.0,49474.0,18531.0,25098.0,0,116,665,233,41879.0,38306.0,40601.0,34177.0,212.6,0
25026.0,35227.0,2631.0,5547.0,7470,6564,9362,8886,22026.0,20198.0,6599.0,5138.0,212.6,2
98628.0,141625.0,28414.0,42815.0,254,260,437,173,175299.0,150143.0,64501.0,60662.0,212.6,0
38116.0,50396.0,5491.0,7881.0,278,108,158,146,45828.0,41800.0,39043.0,34596.0,212.7,0
18137.0,35189.0,4411.0,7527.0,139,79,181,119,19903.0,19726.0,4697.0,8643.0,212.8,0
34496.0,63393.0,5709.0,9883.0,143,58,0,0,32747.0,30568.0,18355.0,24371.0,212.9,-1
4309.0,17112.0,1592.0,3136.0,3526,3791,4769,5494,12639.0,14532.0,1996.0,2580.0,212.9,2
8483.0,15875.0,2628.0,4423.0,6850,7447,10084,10568,23621.0,24341.0,865.0,3154.0,213.0,2
10314.0,13087.0,2325.0,3345.0,4613,4627,6153,6011,15050.0,15115.0,1903.0,1711.0,213.0,2
19818.0,32333.0,6922.0,10649.0,284,167,165,82,26895.0,27045.0,7073.0,17240.0,213.1,0
67865.0,82604.0,5994.0,11090.0,357,145,705,195,75042.0,71620.0,72317.0,50084.0,213.1,0
126115.0,198092.0,10798.0,14462.0,177,199,52,77,189731.0,159807.0,76920.0,69848.0,213.1,0
34157.0,51387.0,6473.0,8039.0,421,232,229,131,34929.0,32475.0,31759.0,25815.0,213.2,0
22849.0,42004.0,10077.0,17410.0,325,288,139,79,23281.0,21598.0,6233.0,14745.0,213.2,0
23457.0,39698.0,3712.0,6325.0,15847,15951,19653,20606,45158.0,45587.0,1419.0,5500.0,213.2,2
73480.0,117407.0,11902.0,19508.0,330,222,234,179,69056.0,65114.0,50840.0,54661.0,213.3,0
22820.0,42351.0,4481.0,5721.0,4474,4517,6986,7218,19339.0,20980.0,1743.0,2981.0,213.4,2
40922.0,58909.0,9247.0,12687.0,276,195,0,0,49743.0,46848.0,40774.0,33859.0,213.4,-1
166653.0,249160.0,17053.0,26580.0,616,348,0,125,67623.0,62693.0,52018.0,57312.0,213.4,3
21380.0,39293.0,1898.0,3567.0,8,58,338,171,31681.0,32758.0,6593.0,13391.0,213.4,0
50008.0,67543.0,23030.0,33547.0,0,51,223,143,51475.0,48573.0,44332.0,41963.0,213.4,0
19473.0,29857.0,15503.0,27554.0,324,320,248,134,20196.0,20032.0,5626.0,11949.0,213.4,0
26865.0,41078.0,1725.0,3182.0,9187,9282,11748,11308,30239.0,26300.0,5749.0,5279.0,213.7,2
18496.0,26401.0,1629.0,3373.0,170,116,338,114,21600.0,21743.0,11754.0,14069.0,213.8,0
20815.0,34854.0,7540.0,11385.0,140,118,99,60,26366.0,25800.0,15193.0,18841.0,213.8,0
11292.0,17270.0,4275.0,8268.0,5532,5509,7003,7365,16738.0,16587.0,778.0,3490.0,213.8,2
817.0,3679.0,1035.0,2959.0,218,139,222,155,3234.0,6964.0,1602.0,2314.0,213.9,0
838.0,3672.0,2168.0,6295.0,171,59,199,94,9909.0,16480.0,2926.0,3966.0,213.9,0
2817.0,12897.0,1620.0,8044.0,219,110,61,39,4573.0,6327.0,56084.0,104069.0,213.9,0
1740620.0,1854470.0,2379010.0,2992560.0,7506,4321,2004,1043,1660870.0,1218370.0,1387200.0,889347.0,213.9,1
1704.0,7694.0,473.0,1548.0,188,98,125,15,3951.0,8050.0,31826.0,36004.0,213.9,0
1351.0,7892.0,101.0,982.0,100,1,118,0,8348.0,15676.0,11338.0,21247.0,213.9,-1
1854.0,7107.0,0.0,0.0,149,152,179,72,5237.0,8376.0,15746.0,22911.0,213.9,0
1330.0,6796.0,327.0,1281.0,236,166,131,12,2482.0,7911.0,89931.0,161733.0,213.9,3
549937.0,657595.0,62312.0,83566.0,1851,1674,24,140,1166210.0,950538.0,809385.0,682400.0,213.9,1
3400.0,10549.0,360.0,1912.0,291,131,95,0,5446.0,5208.0,1187.0,977.0,214.0,-1
551668.0,746891.0,61313.0,87707.0,1440,1319,100,160,652012.0,503098.0,280602.0,225973.0,214.0,3
43880.0,60118.0,6134.0,10549.0,653,514,117,91,40236.0,35918.0,28918.0,30065.0,214.0,0
10570.0,17267.0,1615.0,2690.0,6585,6731,9523,9586,23020.0,23341.0,3026.0,3458.0,214.0,2
25048.0,31882.0,3589.0,4233.0,5292,5274,7722,8192,21029.0,21972.0,6857.0,8421.0,214.1,2
892.0,4909.0,2502.0,10355.0,149,13,106,29,7160.0,15709.0,6459.0,10870.0,214.1,0
1689.0,7040.0,628.0,1984.0,152,59,276,206,3574.0,5180.0,7987.0,12351.0,214.1,0
1782090.0,1659440.0,4621550.0,4722790.0,14691,8111,3626,2016,3680600.0,2469830.0,3367770.0,1837200.0,214.1,1
6709.0,14527.0,5482.0,10067.0,3150,3314,5080,5459,13966.0,14145.0,1486.0,1858.0,214.1,2
8174.0,14612.0,1222.0,3532.0,4602,4659,5857,6179,12805.0,13105.0,0.0,198.0,214.1,2
9768.0,20567.0,4093.0,6036.0,3890,3832,5010,4854,15397.0,14725.0,3379.0,4028.0,214.1,2
3234.0,13755.0,1493.0,3714.0,2815,3833,3813,5296,8879.0,12584.0,1061.0,1438.0,214.1,2
82308.0,107882.0,38457.0,55624.0,640,367,0,49,69502.0,55943.0,67543.0,53365.0,214.2,0
4916.0,21933.0,1004.0,5203.0,1774,2805,2099,3647,5024.0,8440.0,1197.0,1496.0,214.2,2
17231.0,34505.0,1510.0,2205.0,0,42,14,57,23609.0,22365.0,12323.0,16050.0,214.3,0
3866.0,13551.0,1512.0,4143.0,2797,3603,3750,4959,8510.0,11133.0,332.0,316.0,214.3,2
7811.0,19717.0,423.0,1937.0,4050,4134,4880,5274,14086.0,13845.0,1102.0,2548.0,214.4,2
13071.0,19998.0,2921.0,4912.0,2651,2033,3333,3344,11227.0,10460.0,3303.0,2834.0,214.5,2
54659.0,82703.0,9108.0,13742.0,128,135,0,47,66793.0,64972.0,32053.0,49770.0,214.5,0
3893.0,10658.0,1889.0,5714.0,1245,2673,1549,3447,3464.0,7893.0,1015.0,1328.0,214.6,2
3857.0,8802.0,2228.0,5098.0,3014,3231,4243,4597,10742.0,12054.0,957.0,2298.0,214.6,2
5800.0,10201.0,3570.0,4408.0,2338,2269,3503,3371,8736.0,9121.0,2614.0,2657.0,214.6,2
5531.0,14031.0,1424.0,2524.0,3273,3891,4312,4863,11742.0,14242.0,3759.0,3667.0,214.7,2
7557.0,14158.0,1950.0,3951.0,2811,2811,3339,3557,10806.0,10794.0,413.0,1633.0,214.7,2
3780.0,10348.0,798.0,1878.0,2657,3122,3857,4740,8939.0,10701.0,1292.0,2270.0,214.7,2
2201.0,12069.0,743.0,3434.0,913,1746,1188,2339,3788.0,8332.0,244.0,418.0,214.7,2
7011.0,20502.0,484.0,1508.0,2566,2716,3026,3228,8859.0,9962.0,1573.0,2016.0,214.7,2
115852.0,172468.0,5242.0,7695.0,477,304,203,116,122136.0,108869.0,68647.0,60743.0,214.8,0
28118.0,41294.0,12827.0,20636.0,245,176,324,236,44193.0,43402.0,13221.0,26202.0,214.8,0
4399.0,11450.0,2185.0,5973.0,2323,2826,2464,3002,7026.0,8668.0,9.0,1414.0,214.8,2
24614.0,44143.0,10774.0,18601.0,686,646,319,159,34068.0,31858.0,12762.0,23899.0,214.8,0
2186.0,9460.0,715.0,1905.0,2450,3303,2869,3720,7268.0,9515.0,0.0,0.0,214.8,2
78498.0,81592.0,105003.0,121612.0,622,310,165,159,151315.0,76541.0,69509.0,48040.0,214.9,3
4625.0,15587.0,1560.0,9698.0,154,44,0,0,1606.0,4764.0,621.0,671.0,214.9,-1
2046.0,5711.0,834.0,1494.0,7056,8105,8906,10057,19911.0,19235.0,1315.0,4669.0,214.9,2
6664.0,14335.0,109.0,1161.0,3277,3387,5001,5231,15605.0,15277.0,1096.0,1949.0,215.1,2
11740.0,14378.0,1309.0,4051.0,6712,6603,7877,7901,19884.0,17517.0,1515.0,2442.0,215.1,2
4736.0,8685.0,849.0,3088.0,3902,4050,4846,5266,10289.0,11292.0,0.0,819.0,215.1,2
190109.0,291215.0,33302.0,48952.0,41751,40063,51063,49898,102438.0,82060.0,20163.0,21230.0,215.2,1
18952.0,28823.0,1915.0,6101.0,8233,7738,11057,10748,28086.0,28017.0,2458.0,3988.0,215.2,2
15097.0,26098.0,3630.0,5750.0,364,218,259,164,26764.0,26982.0,15351.0,21768.0,215.3,0
3935.0,9539.0,820.0,2782.0,2527,3220,3468,3796,8427.0,9128.0,212.0,989.0,215.3,2
3928.0,10456.0,777.0,3014.0,2394,3072,2988,4236,7595.0,9982.0,1327.0,1437.0,215.3,2
3814.0,11473.0,159.0,2349.0,355,1132,604,1573,1449.0,4615.0,80.0,277.0,215.3,2
7290.0,18999.0,2746.0,5171.0,4566,4768,5830,6349,15078.0,16500.0,1664.0,2676.0,215.3,2
20436.0,37690.0,2719.0,4527.0,0,33,0,0,26681.0,26858.0,7309.0,15965.0,215.4,-1
15936.0,31768.0,2202.0,3988.0,210,183,272,118,32628.0,31750.0,11032.0,20331.0,215.4,0
4927.0,18798.0,382.0,1552.0,1822,2314,2553,3312,6274.0,7649.0,425.0,2186.0,215.4,2
12503.0,22179.0,2813.0,6317.0,5121,5207,6721,7164,17750.0,19179.0,3645.0,3619.0,215.4,2
6415.0,11836.0,3476.0,6206.0,4231,4496,5360,5393,13883.0,13592.0,3043.0,2602.0,215.5,2
4074.0,10869.0,1752.0,3478.0,2628,3052,3667,4682,9610.0,11630.0,1047.0,2728.0,215.5,2
6137.0,13845.0,2399.0,5635.0,2392,2669,3131,3447,9097.0,9341.0,906.0,2330.0,215.6,2
7920.0,11066.0,2670.0,3373.0,4885,5426,7311,7388,21479.0,21403.0,3565.0,5318.0,215.6,2
3503.0,15861.0,1270.0,3187.0,2637,3699,3534,4846,10269.0,13428.0,158.0,1611.0,215.6,2
2282.0,8450.0,1774.0,5620.0,4501,6143,5638,7958,12960.0,17647.0,684.0,1149.0,215.7,2
361214.0,527694.0,136901.0,201158.0,261,616,99,144,175168.0,153621.0,113443.0,98949.0,215.8,3
2274.0,8268.0,3002.0,6572.0,3379,3894,3680,4054,8125.0,8705.0,0.0,437.0,215.8,2
4772.0,14219.0,4574.0,9089.0,6917,7283,8208,8699,19984.0,20543.0,2528.0,4297.0,215.9,2
67100.0,94818.0,14436.0,22124.0,354,338,0,0,39827.0,34814.0,33228.0,28878.0,215.9,-1
15585.0,25616.0,4061.0,5539.0,468,288,163,166,29669.0,26843.0,16353.0,19319.0,215.9,0
222182.0,307789.0,32707.0,45230.0,1783,1680,3086,2656,30264.0,28388.0,28585.0,27008.0,215.9,3
8211.0,18701.0,2871.0,5587.0,2869,3043,4160,4348,10539.0,10548.0,2757.0,2765.0,215.9,2
5272.0,12441.0,4056.0,8061.0,4372,4907,5890,6643,16346.0,17806.0,1252.0,3000.0,216.0,2
11893.0,17043.0,3242.0,5771.0,3062,3184,4488,4508,12469.0,13137.0,2053.0,3027.0,216.0,2
8871.0,17383.0,2672.0,5002.0,4894,5488,6872,7192,17774.0,18816.0,729.0,3692.0,216.0,2
2267.0,5707.0,1805.0,3800.0,1825,1815,2395,2554,6557.0,7214.0,1105.0,915.0,216.1,2
29807.0,43153.0,21329.0,33454.0,309,219,0,73,42733.0,37969.0,42093.0,31084.0,216.1,0
13822.0,16518.0,4651.0,5036.0,6358,6637,7316,7518,20380.0,19079.0,4244.0,3362.0,216.2,2
12786.0,23244.0,3216.0,5268.0,4705,4585,6119,6083,16659.0,14817.0,3390.0,3099.0,216.2,2
2063.0,10453.0,1277.0,6179.0,654,2108,1075,3026,3022.0,7736.0,1235.0,1684.0,216.3,2
1457.0,6337.0,1675.0,6310.0,1969,3189,2575,4109,6888.0,10403.0,0.0,71.0,216.3,2
13777.0,22992.0,9492.0,14833.0,6123,5999,7353,7134,20766.0,18575.0,3340.0,4362.0,216.3,2
31474.0,56316.0,8076.0,13921.0,427,246,422,172,47540.0,45836.0,20026.0,31536.0,216.4,0
4511.0,11397.0,0.0,0.0,222,117,23,0,5309.0,4981.0,1523.0,1841.0,216.4,-1
322742.0,425442.0,30820.0,38228.0,287,508,0,110,410735.0,325008.0,187586.0,149061.0,216.4,3
6658.0,13842.0,1822.0,3010.0,4385,5055,5297,6052,14189.0,15281.0,2833.0,3294.0,216.4,2
5282.0,10138.0,513.0,1507.0,245,181,156,142,4417.0,5653.0,27922.0,25625.0,216.5,0
3749.0,7240.0,2386.0,5230.0,137,32,89,8,53474.0,34604.0,40185.0,26549.0,216.5,0
1618.0,4421.0,0.0,321.0,179,65,16,0,3404.0,4761.0,14287.0,14350.0,216.5,-1
510874.0,551393.0,95323.0,125124.0,5034,4416,313,308,3548080.0,2543140.0,1503910.0,1159420.0,216.5,1
30005.0,40896.0,2466.0,4101.0,155,181,229,119,24231.0,22154.0,21713.0,17372.0,216.5,0
38852.0,59225.0,1477.0,3096.0,94,153,0,0,31272.0,27742.0,25268.0,19976.0,216.5,-1
1987.0,12325.0,1344.0,7079.0,761,1782,826,1959,2275.0,5778.0,424.0,814.0,216.6,2
5462.0,9691.0,3002.0,4592.0,2691,2722,3649,3483,8595.0,8126.0,1348.0,1209.0,216.8,2
80076.0,108137.0,15509.0,23210.0,349,332,210,98,75730.0,70192.0,61581.0,60356.0,216.8,0
15805.0,34778.0,4579.0,9335.0,267,160,305,244,30530.0,30315.0,11601.0,22756.0,216.8,0
1759.0,7511.0,937.0,2927.0,1474,2887,1876,3927,3805.0,7777.0,168.0,1880.0,216.9,2
6687.0,10897.0,1984.0,4486.0,8200,8583,9825,10195,22003.0,22579.0,3057.0,3567.0,216.9,2
23416.0,43499.0,7449.0,13661.0,17,46,384,194,33235.0,32235.0,5348.0,16793.0,216.9,0
11185.0,24670.0,4488.0,8000.0,4357,4507,5515,5842,15046.0,14858.0,1736.0,2588.0,217.0,2
5465.0,16020.0,1847.0,3487.0,3989,4456,4615,4949,11069.0,11570.0,0.0,642.0,217.0,2
869192.0,1095090.0,102371.0,110750.0,25706,23472,59133,54891,89593.0,78286.0,39049.0,35340.0,217.0,1
16027.0,23273.0,7432.0,13114.0,318,148,294,174,31202.0,28879.0,15818.0,19641.0,217.0,0
39773.0,63453.0,18197.0,28282.0,278,146,0,46,27431.0,25150.0,12621.0,22728.0,217.1,0
90371.0,146332.0,3788.0,4378.0,240,175,279,146,154052.0,129248.0,53831.0,51450.0,217.1,0
48956.0,74125.0,14082.0,22209.0,243,201,32,119,47584.0,42885.0,29290.0,31715.0,217.2,0
27350.0,37329.0,3534.0,6264.0,115,84,114,126,40765.0,38753.0,29491.0,32598.0,217.2,0
2698.0,13177.0,559.0,1822.0,2358,3789,3125,5071,8773.0,13425.0,658.0,1183.0,217.3,2
5070.0,10785.0,3323.0,6500.0,5046,5654,5563,6257,13524.0,14234.0,1214.0,2481.0,217.3,2
21265.0,37807.0,8136.0,13411.0,239,152,39,4,29875.0,29131.0,14073.0,21302.0,217.3,0
1334.0,7736.0,576.0,4387.0,206,152,93,0,1751.0,5482.0,25029.0,63631.0,217.3,-1
227917.0,348855.0,46625.0,73400.0,532,595,0,40,133997.0,120881.0,96936.0,97385.0,217.3,3
64371.0,84421.0,3985.0,4656.0,481,310,0,0,64971.0,56850.0,53960.0,47199.0,217.3,-1
38703.0,71605.0,6653.0,10176.0,490,282,0,0,31865.0,30516.0,8881.0,19393.0,217.4,-1
14943.0,34795.0,3388.0,7735.0,272,172,49,60,28524.0,31214.0,6271.0,10421.0,217.4,0
12485.0,26536.0,2281.0,3755.0,6386,6806,9353,10203,23393.0,24645.0,2815.0,5070.0,217.4,2
17500.0,38870.0,4377.0,8665.0,139,142,0,18,25648.0,24894.0,5365.0,11231.0,217.4,0
29118.0,44966.0,3443.0,5631.0,0,20,311,143,40507.0,37118.0,17384.0,22229.0,217.6,0
18392.0,27034.0,7667.0,13054.0,233,123,242,118,27173.0,26155.0,12482.0,19260.0,217.6,0
6946.0,17953.0,3251.0,7214.0,3243,3485,5607,5800,14796.0,15103.0,1917.0,3294.0,217.6,2
5796.0,15354.0,1194.0,4301.0,2441,2567,3305,3448,8746.0,8572.0,0.0,2143.0,217.6,2
9028.0,21284.0,5129.0,9484.0,5154,5507,7016,7441,17734.0,18934.0,831.0,4683.0,217.6,2
9280.0,11029.0,348.0,2552.0,1893,2076,3002,2767,8507.0,8366.0,1906.0,2228.0,217.6,2
2578.0,7815.0,1306.0,5461.0,681,1867,932,2245,2805.0,7582.0,2628.0,3273.0,217.6,2
2838.0,15430.0,1817.0,7350.0,2803,4394,3496,5518,8915.0,14919.0,798.0,1089.0,217.6,2
1938.0,9098.0,623.0,3079.0,521,1705,853,2305,1596.0,4462.0,106.0,254.0,217.6,2
3972.0,11773.0,2078.0,3943.0,2524,4422,3166,5707,8619.0,14962.0,2085.0,3133.0,217.7,2
7638.0,14438.0,719.0,3312.0,4012,4861,5395,6580,13013.0,16066.0,1670.0,3083.0,217.7,2
7592.0,23607.0,65.0,2747.0,3355,3245,4322,4437,10789.0,11529.0,287.0,1237.0,217.7,2
4363.0,8727.0,628.0,2025.0,6673,7499,7378,8705,15855.0,17253.0,1134.0,2082.0,217.8,2
53474.0,66722.0,5700.0,8220.0,505,203,0,32,41982.0,38786.0,26206.0,32777.0,217.8,0
3794.0,13687.0,1682.0,4754.0,2563,4979,3308,6591,8439.0,17385.0,1121.0,3323.0,217.8,2
892.0,3654.0,552.0,3737.0,811,2718,984,3668,2788.0,10016.0,421.0,1365.0,217.8,2
274909.0,409724.0,50312.0,75114.0,518,336,250,134,228538.0,190709.0,103526.0,98544.0,217.8,3
59054.0,90607.0,16738.0,25800.0,765,346,51,64,66480.0,57990.0,61842.0,51026.0,217.9,0
24081.0,46420.0,5470.0,11059.0,305,196,54,32,34376.0,32881.0,10713.0,23925.0,217.9,0
6023.0,14541.0,2370.0,4331.0,3715,3997,4707,5026,14068.0,15189.0,2116.0,2741.0,217.9,2
38051.0,46218.0,10553.0,18255.0,647,267,67,142,41144.0,39895.0,7277.0,18348.0,218.0,0
2189.0,8014.0,2514.0,5816.0,1528,1962,2303,2915,5814.0,7809.0,732.0,1580.0,218.0,2
127392.0,195571.0,16827.0,23451.0,0,141,269,160,79567.0,72729.0,64816.0,56338.0,218.1,0
54901.0,85786.0,7911.0,13146.0,243,229,200,136,36583.0,34071.0,30192.0,28962.0,218.1,0
18790.0,24565.0,2228.0,3103.0,2814,2659,4564,4725,11510.0,11627.0,1565.0,2617.0,218.1,2
2375.0,10108.0,437.0,1204.0,1176,2806,1668,3644,3787.0,9046.0,164.0,435.0,218.1,2
8088.0,15024.0,2894.0,6514.0,6418,6861,8562,9308,20598.0,23227.0,779.0,2637.0,218.1,2
16530.0,31218.0,2198.0,5344.0,6015,5954,7747,8235,22458.0,22051.0,2450.0,4203.0,218.2,2
156311.0,228046.0,25156.0,40352.0,526,315,171,132,97492.0,88435.0,75838.0,79459.0,218.2,0
19706.0,36483.0,4152.0,7398.0,109,180,0,0,26848.0,28347.0,6783.0,16719.0,218.3,-1
45331.0,58829.0,12556.0,18513.0,613,288,193,128,40865.0,37808.0,33771.0,31802.0,218.3,0
20276.0,33975.0,9291.0,16793.0,0,8,118,119,31088.0,30664.0,10257.0,22475.0,218.3,0
179693.0,249535.0,23376.0,35304.0,590,431,0,128,87474.0,79135.0,87988.0,59571.0,218.4,0
62894.0,83474.0,16281.0,25230.0,447,238,0,93,65406.0,58422.0,67224.0,50137.0,218.4,0
28658.0,36565.0,2107.0,3342.0,201,173,5,75,30649.0,28939.0,21575.0,22747.0,218.5,0
43825.0,71675.0,12522.0,17979.0,418,386,0,0,55495.0,51377.0,25985.0,45277.0,218.6,-1
11850.0,23196.0,1584.0,4411.0,4979,5157,6273,6505,16506.0,17437.0,1772.0,4394.0,218.6,2
31718.0,35540.0,3414.0,6101.0,686,319,294,155,27790.0,28221.0,10927.0,20134.0,218.6,0
41189.0,64604.0,1998.0,5442.0,76,152,14,67,56234.0,52881.0,54279.0,42117.0,218.6,0
28445.0,49335.0,9078.0,14989.0,188,180,64,21,40422.0,38025.0,14174.0,26591.0,218.7,0
53161.0,74911.0,24093.0,37168.0,0,41,193,128,58194.0,55830.0,44198.0,41466.0,218.7,0
932.0,5716.0,727.0,2948.0,1981,3856,2502,4797,7023.0,13555.0,516.0,736.0,218.8,2
22153.0,32189.0,3335.0,5812.0,9359,9490,13837,12991,37543.0,35608.0,6470.0,5873.0,218.8,2
30296.0,46844.0,7425.0,11533.0,255,216,2,18,37851.0,34457.0,24103.0,26391.0,219.0,0
3584.0,15564.0,387.0,3564.0,1846,4077,2613,5019,5619.0,11369.0,1711.0,2365.0,219.0,2
2456.0,9019.0,238.0,3266.0,1197,3723,1516,4168,3000.0,8973.0,232.0,499.0,219.0,2
14260.0,22589.0,7255.0,11844.0,8489,9147,10290,10788,33877.0,34523.0,6413.0,5988.0,219.0,2
4398.0,11342.0,1385.0,4220.0,3596,4021,4652,5101,10613.0,11554.0,0.0,889.0,219.1,2
39301.0,61155.0,25296.0,40706.0,252,131,131,64,42741.0,41641.0,25107.0,34767.0,219.1,0
24922.0,52743.0,8083.0,14712.0,88,135,159,116,38039.0,36025.0,19609.0,30709.0,219.2,0
6573.0,14564.0,2780.0,4894.0,1604,1682,3206,3391,9016.0,9721.0,1464.0,2675.0,219.3,2
673.0,3750.0,75.0,802.0,77,0,96,0,2463.0,4963.0,995.0,2497.0,219.4,-1
1665.0,9353.0,230.0,1074.0,142,106,144,31,2381.0,4399.0,12131.0,32812.0,219.4,0
1484.0,9614.0,1.0,511.0,221,166,160,46,6039.0,13985.0,49075.0,121574.0,219.4,0
431813.0,529555.0,51269.0,75881.0,1586,1220,165,93,825420.0,664155.0,300209.0,303403.0,219.4,3
1223110.0,1016110.0,10277600.0,9841720.0,4975,3350,1262,886,353307.0,260319.0,215293.0,147425.0,219.4,1
359618.0,517841.0,270720.0,407881.0,1060,517,39,69,231256.0,201353.0,126507.0,125581.0,219.4,3
20891.0,42926.0,7712.0,12486.0,299,170,178,80,25324.0,24411.0,16315.0,15308.0,219.6,0
35035.0,54203.0,5293.0,10168.0,234,137,206,130,42844.0,42181.0,12098.0,26052.0,219.6,0
29754.0,40436.0,1819.0,2481.0,297,230,503,178,41322.0,39076.0,18548.0,28775.0,219.6,0
252453.0,353355.0,47047.0,75623.0,625,334,4533,4280,144269.0,133215.0,129112.0,114013.0,219.7,3
4146.0,15077.0,1800.0,4642.0,3506,4421,4328,5301,12633.0,15985.0,1240.0,2855.0,219.7,2
4796.0,10202.0,614.0,1929.0,5921,6554,5821,6021,11716.0,11426.0,618.0,965.0,219.7,2
6591.0,10890.0,1551.0,3458.0,3058,3003,4309,4475,9597.0,9324.0,33.0,1745.0,219.8,2
42625.0,68857.0,3237.0,4231.0,0,0,122,178,49777.0,44903.0,27851.0,33029.0,219.8,0
25788.0,44143.0,1287.0,2612.0,198,74,0,117,34973.0,33607.0,11082.0,21249.0,219.8,0
28805.0,54941.0,5262.0,9016.0,604,353,32,54,39582.0,39143.0,18682.0,35499.0,219.8,0
39477.0,64961.0,3331.0,5566.0,478,266,456,205,36104.0,33665.0,19155.0,20651.0,219.9,0
35322.0,52013.0,8339.0,12494.0,198,110,61,86,40153.0,38970.0,15302.0,26683.0,219.9,0
4261.0,14114.0,1114.0,2416.0,333,868,501,1382,1890.0,4721.0,3592.0,4281.0,219.9,2
3317.0,9792.0,2506.0,6913.0,3451,4504,4448,5674,12698.0,16215.0,609.0,1558.0,219.9,2
4179.0,7139.0,806.0,2103.0,4124,4687,4637,5171,9572.0,10254.0,114.0,512.0,220.0,2
2444.0,7777.0,2652.0,7322.0,254,175,98,5,6528.0,6756.0,953.0,1299.0,220.1,0
1239260.0,1320630.0,181278.0,236498.0,3025,2288,693,658,704510.0,510038.0,480099.0,335771.0,220.1,3
8834.0,21834.0,4020.0,7888.0,4240,4428,6071,6811,18504.0,19712.0,4834.0,4870.0,220.1,2
3162.0,5348.0,0.0,3392.0,477,2035,842,2840,2390.0,8436.0,118.0,319.0,220.1,2
5868.0,13053.0,1127.0,3236.0,2394,2831,3106,3537,9507.0,11172.0,95.0,1355.0,220.3,2
9043.0,17585.0,56.0,1636.0,4018,4123,5091,5297,12191.0,13074.0,2125.0,1835.0,220.4,2
10589.0,11842.0,1088.0,2209.0,3276,2677,4280,3761,12235.0,11360.0,3145.0,2623.0,220.4,2
30346.0,42281.0,3268.0,6104.0,936,389,247,160,33890.0,31850.0,8162.0,19116.0,220.4,0
911.0,4140.0,0.0,394.0,195,840,453,1213,1223.0,4463.0,263.0,220.0,220.5,2
9112.0,21050.0,2437.0,4430.0,8991,10396,9536,10749,19143.0,21448.0,1354.0,2181.0,220.5,2
27792.0,50306.0,7509.0,11866.0,0,86,178,133,30998.0,31561.0,17463.0,24967.0,220.5,0
3665.0,19349.0,1119.0,4229.0,2404,4388,2757,4883,7113.0,12471.0,726.0,1161.0,220.6,2
102835.0,141932.0,28899.0,46733.0,577,233,162,107,51215.0,44636.0,54578.0,37442.0,220.6,0
1089.0,6125.0,624.0,2526.0,1541,2617,1927,3236,4402.0,7455.0,200.0,1101.0,220.6,2
63494.0,91994.0,29251.0,48785.0,415,205,447,191,67848.0,70205.0,37503.0,53129.0,220.7,0
26718.0,35106.0,4900.0,7575.0,397,220,38,37,35648.0,33977.0,17636.0,24199.0,220.7,0
1915.0,6107.0,0.0,1618.0,203,208,162,120,7446.0,11523.0,3218.0,4158.0,220.7,0
888.0,3277.0,751.0,2954.0,188,67,159,49,9766.0,12439.0,3352.0,5490.0,220.7,0
2089.0,8954.0,358.0,1785.0,206,89,122,22,920.0,4876.0,3782.0,7021.0,220.7,0
4241.0,14405.0,401.0,1302.0,284,206,147,26,4007.0,7538.0,46176.0,83826.0,220.7,0
692520.0,862663.0,80950.0,99626.0,1606,1039,384,199,1048000.0,865264.0,432715.0,360825.0,220.7,3
2147.0,8978.0,2315.0,6691.0,1804,2470,2502,3515,6895.0,9724.0,129.0,262.0,220.8,2
6986.0,19216.0,1778.0,4420.0,3698,4179,4353,4773,9359.0,10277.0,972.0,1422.0,220.8,2
10332.0,14532.0,1998.0,3863.0,6056,5774,7935,7798,19653.0,18492.0,6748.0,4917.0,220.8,2
22098.0,32299.0,0.0,2603.0,320,154,283,131,26453.0,24444.0,26952.0,20368.0,220.8,0
151020.0,213592.0,20531.0,31439.0,113,158,324,149,171484.0,150662.0,86711.0,77529.0,220.8,0
105891.0,155125.0,7063.0,13322.0,538,305,253,194,160409.0,143089.0,53726.0,51402.0,220.9,0
7210.0,17241.0,1555.0,2164.0,747,1602,709,2120,2438.0,6271.0,2446.0,2227.0,221.0,2
1503.0,8975.0,748.0,3950.0,1685,3424,1952,4398,5599.0,12109.0,817.0,1270.0,221.0,2
2898.0,8992.0,296.0,834.0,966,2409,1442,3034,4284.0,9181.0,3162.0,3834.0,221.0,2
1218.0,5092.0,666.0,3287.0,1668,2710,2195,3380,6139.0,9707.0,377.0,863.0,221.0,2
1175.0,6924.0,458.0,1781.0,157,93,38,0,2376.0,5884.0,1565.0,2742.0,221.0,-1
701.0,2703.0,54.0,986.0,118,0,43,0,7301.0,10478.0,2765.0,4023.0,221.0,-1
2689.0,10561.0,0.0,924.0,212,99,84,0,5388.0,8156.0,2038.0,2542.0,221.0,-1
442.0,2324.0,339.0,2043.0,228,188,149,90,2285.0,4431.0,9899.0,17285.0,221.0,0
666773.0,763815.0,36785.0,48328.0,1658,1558,57,270,1081290.0,855460.0,502336.0,417262.0,221.0,3
6271.0,17987.0,1242.0,4091.0,6283,7356,7782,9301,17518.0,20346.0,934.0,2858.0,221.0,2
53506.0,88155.0,45268.0,71774.0,382,216,84,64,66149.0,64392.0,35051.0,46961.0,221.1,0
33557.0,52583.0,16755.0,24531.0,330,232,0,43,43844.0,39667.0,33384.0,31250.0,221.2,0
12287.0,20181.0,2861.0,5834.0,4074,4428,5530,5484,12600.0,12667.0,19.0,1090.0,221.3,2
10402.0,24191.0,7200.0,10713.0,3946,3862,4303,4501,9307.0,8648.0,1184.0,1364.0,221.4,2
1240.0,8046.0,530.0,2808.0,1155,1954,1799,3349,3959.0,7130.0,325.0,1033.0,221.5,2
3101.0,11045.0,0.0,694.0,279,257,158,43,4439.0,4746.0,2421.0,3635.0,221.6,0
2061.0,8839.0,279.0,2289.0,227,232,127,23,4405.0,10056.0,28536.0,55683.0,221.6,0
462807.0,631790.0,67256.0,98293.0,1477,1072,381,178,486349.0,404783.0,154651.0,158390.0,221.6,3
49160.0,70559.0,19323.0,31707.0,46,310,0,26,57081.0,54218.0,46355.0,43722.0,221.7,0
9835.0,17914.0,1275.0,3187.0,5861,6225,7183,7536,16807.0,16410.0,2502.0,3029.0,221.7,2
34245.0,55940.0,14552.0,21942.0,119,166,531,265,41906.0,40883.0,19614.0,33807.0,221.8,0
58788.0,87789.0,10953.0,17761.0,334,211,106,55,64282.0,58612.0,58084.0,48835.0,221.8,0
55990.0,92215.0,5645.0,7437.0,287,181,203,70,55244.0,51571.0,22477.0,35168.0,221.8,0
342264.0,488676.0,362002.0,540395.0,269,346,450,171,304773.0,246677.0,147023.0,116171.0,221.9,3
10990.0,22159.0,1678.0,3926.0,4862,5353,6787,7479,19018.0,20999.0,2090.0,4477.0,221.9,2
8462.0,9336.0,2918.0,3628.0,3005,2914,4011,4065,11653.0,11087.0,2398.0,2009.0,221.9,2
109353.0,161598.0,10151.0,16304.0,444,207,92,87,165700.0,149043.0,68340.0,70846.0,222.0,0
2625.0,14549.0,1165.0,4404.0,1344,3049,1723,4588,5073.0,12448.0,1413.0,2685.0,222.0,2
6321.0,13865.0,1438.0,2770.0,3125,3339,4227,4498,12864.0,12771.0,868.0,1745.0,222.0,2
1973.0,6108.0,2164.0,4867.0,2356,3058,2590,3670,6792.0,10526.0,202.0,1234.0,222.0,2
1614.0,10727.0,2576.0,9843.0,212,134,191,86,2643.0,5050.0,252.0,291.0,222.0,0
1674730.0,1173960.0,3591490.0,2862430.0,7587,3970,2358,1162,655827.0,540319.0,256729.0,214674.0,222.0,1
20418.0,32822.0,5776.0,10853.0,224,181,146,103,30049.0,30694.0,11064.0,21279.0,222.1,0
4144.0,21531.0,1318.0,3897.0,2784,4400,3497,5333,8205.0,12239.0,360.0,374.0,222.1,2
1642.0,8258.0,0.0,1944.0,388,801,547,1428,1776.0,4491.0,0.0,0.0,222.1,2
3740.0,9822.0,1608.0,3842.0,1595,1670,2170,2431,5592.0,6291.0,605.0,1085.0,222.1,2
705844.0,964561.0,99903.0,146749.0,2563,2302,26185,24043,243173.0,200149.0,196948.0,168214.0,222.1,3
1208.0,3225.0,806.0,1921.0,976,2159,1120,2325,3593.0,6993.0,1213.0,1586.0,222.1,2
4535.0,14504.0,0.0,170.0,100,91,302,153,4766.0,5490.0,1673.0,1875.0,222.2,0
754134.0,866397.0,88721.0,121341.0,5217,3720,59884,49821,575856.0,456000.0,402131.0,319423.0,222.2,3
43247.0,71173.0,7981.0,13097.0,340,216,209,75,57891.0,53734.0,32103.0,49065.0,222.2,0
8721.0,18507.0,3769.0,7428.0,3561,4368,5648,6702,15793.0,18486.0,3087.0,3663.0,222.2,2
35509.0,65502.0,55412.0,87123.0,5217,4833,8474,7912,23867.0,22583.0,8151.0,6660.0,222.2,1
32372.0,54179.0,4039.0,8116.0,438,191,188,145,39373.0,36760.0,30630.0,33553.0,222.3,0
4633.0,12737.0,3026.0,6186.0,2338,2678,2915,3234,8736.0,9605.0,556.0,1150.0,222.3,2
2304.0,8910.0,15.0,905.0,88,36,267,136,4669.0,5879.0,954.0,1020.0,222.3,0
450809.0,604515.0,16413.0,25855.0,1640,1330,417,220,723104.0,594024.0,253391.0,223215.0,222.3,3
3688.0,14407.0,581.0,2227.0,3345,4004,4251,5262,11975.0,14453.0,671.0,1725.0,222.3,2
2560.0,6203.0,4620.0,6712.0,104,34,223,153,10918.0,7703.0,40116.0,27024.0,222.4,0
19306.0,11644.0,32695.0,29780.0,257,99,573,170,88410.0,47997.0,610706.0,310843.0,222.4,3
8432980.0,2788400.0,705857.0,5675920.0,106092,10533,28079,2792,11813500.0,8488250.0,14625000.0,5117100.0,222.4,4
4302.0,12592.0,2034.0,5758.0,2340,3318,2868,4396,7307.0,11414.0,688.0,1322.0,222.5,2
73772.0,100833.0,8699.0,13777.0,387,267,367,199,82292.0,80734.0,41019.0,68994.0,222.6,0
2278.0,14224.0,585.0,2430.0,2214,3900,3014,5434,7036.0,12798.0,130.0,549.0,222.6,2
33334.0,50325.0,62798.0,89932.0,6190,6076,8060,8022,22938.0,22024.0,5498.0,5319.0,222.6,1
4778.0,13672.0,3268.0,6626.0,3702,4634,4324,5140,10016.0,12220.0,936.0,1447.0,222.7,2
22120.0,35443.0,1898.0,2443.0,468,281,117,59,35802.0,33372.0,21966.0,25185.0,222.8,0
6339.0,10600.0,3731.0,4762.0,1792,1819,2515,2595,5892.0,5456.0,1629.0,1557.0,222.8,2
10636.0,27672.0,2657.0,4257.0,5121,4717,7884,7573,20301.0,19610.0,3768.0,3605.0,222.8,2
4633.0,11076.0,465.0,1329.0,2395,2576,3226,3521,8862.0,10137.0,1523.0,1673.0,222.8,2
247136.0,382178.0,19065.0,28454.0,828,698,301,131,122010.0,109587.0,58589.0,65679.0,222.9,3
39636.0,59062.0,2818.0,4183.0,41,58,213,109,48296.0,45333.0,31895.0,38318.0,222.9,0
3913.0,8250.0,2475.0,4634.0,4079,4784,4660,5394,10076.0,11060.0,547.0,919.0,223.0,2
3917.0,8106.0,1059.0,2044.0,0,0,368,193,3914.0,9359.0,27351.0,41412.0,223.0,0
95254.0,154115.0,7520.0,10670.0,46,87,443,239,130892.0,107034.0,31540.0,44920.0,223.0,0
5304.0,12513.0,2257.0,3580.0,2688,2712,4406,4834,11579.0,12112.0,848.0,1267.0,223.0,2
35124.0,52078.0,5968.0,9589.0,387,205,635,202,30443.0,28153.0,28188.0,20779.0,223.0,0
14155.0,32669.0,2066.0,5138.0,4439,4372,6081,5741,16564.0,17098.0,4743.0,4146.0,223.1,2
2843.0,5832.0,2016.0,4257.0,3309,3850,4245,4945,10239.0,12403.0,2043.0,2877.0,223.1,2
26445.0,38567.0,3824.0,8386.0,441,217,0,8,45306.0,42401.0,25943.0,33843.0,223.1,0
41045.0,58097.0,9626.0,14805.0,0,90,87,90,43167.0,38617.0,37761.0,29496.0,223.1,0
7219.0,17094.0,3412.0,6335.0,3680,4203,5348,5512,14052.0,14178.0,1429.0,3282.0,223.1,2
1510.0,5241.0,830.0,3773.0,1369,5257,1922,6393,5289.0,15775.0,633.0,2165.0,223.1,2
20991.0,32504.0,9614.0,15267.0,0,199,0,10,26718.0,24842.0,19352.0,18392.0,223.2,0
5742.0,22729.0,2489.0,5895.0,2355,4419,3330,5362,9436.0,14620.0,2367.0,4273.0,223.3,2
1924.0,6229.0,739.0,4091.0,1363,3860,1738,4734,4761.0,12592.0,627.0,781.0,223.3,2
1424.0,9074.0,525.0,3063.0,165,74,86,0,3602.0,5980.0,2409.0,4005.0,223.3,-1
2001.0,7779.0,868.0,2584.0,148,89,80,0,3102.0,4489.0,2587.0,4085.0,223.3,-1
631035.0,720457.0,382406.0,554627.0,2121,1833,244,286,428453.0,360350.0,128781.0,124440.0,223.3,3
33375.0,53703.0,14386.0,22604.0,65,131,178,94,35722.0,34944.0,21228.0,29946.0,223.3,0
45125.0,82467.0,10089.0,15776.0,41,4,83,156,54893.0,55776.0,29674.0,41487.0,223.4,0
18232.0,32627.0,1503.0,3264.0,497,299,317,214,27916.0,29395.0,5416.0,11607.0,223.4,0
20254.0,35894.0,3319.0,5911.0,2779,2453,4328,4413,15712.0,16110.0,3446.0,3014.0,223.4,2
42103.0,69652.0,19484.0,31063.0,80,128,137,102,44162.0,43823.0,19099.0,31307.0,223.5,0
3421.0,10640.0,1005.0,2413.0,5260,6206,6261,7494,12220.0,14576.0,1468.0,2380.0,223.6,2
2215.0,7332.0,2010.0,5138.0,1976,2697,2660,4096,7236.0,11932.0,899.0,3019.0,223.6,2
18221.0,31191.0,2724.0,4299.0,2987,3006,7073,6987,17493.0,16451.0,3061.0,4971.0,223.6,2
3176.0,11327.0,1474.0,3113.0,1963,3180,2781,4273,8218.0,11878.0,868.0,2570.0,223.6,2
9834.0,14702.0,3548.0,5978.0,5344,4916,6828,6580,16488.0,15213.0,3111.0,3087.0,223.6,2
18686.0,35139.0,3874.0,7409.0,128,143,193,203,21568.0,20872.0,4566.0,10293.0,223.7,0
4118.0,20989.0,1668.0,3653.0,1634,2156,2269,2880,7403.0,9229.0,320.0,772.0,223.7,2
52537.0,86313.0,11231.0,18039.0,279,126,231,154,53985.0,48230.0,52357.0,35748.0,223.8,0
23884.0,52701.0,2684.0,5163.0,248,139,0,53,30353.0,27049.0,8615.0,20917.0,223.8,0
125330.0,181848.0,85207.0,85067.0,3659,3748,10619,10361,28882.0,27131.0,9574.0,9465.0,223.9,3
19037.0,40788.0,7516.0,14605.0,483,400,219,127,23938.0,24372.0,8340.0,17287.0,223.9,0
5150.0,12444.0,2463.0,4866.0,4412,4734,5841,6773,14633.0,16484.0,1086.0,1846.0,224.0,2
9181.0,16736.0,2863.0,4500.0,4454,4542,6068,6061,15382.0,15314.0,1269.0,2809.0,224.0,2
1388.0,6367.0,1680.0,4156.0,1722,2255,2733,3532,6838.0,9101.0,380.0,851.0,224.1,2
1998.0,7944.0,1733.0,4656.0,1069,1731,1467,2699,3966.0,7292.0,614.0,1300.0,224.1,2
2657.0,15518.0,482.0,2559.0,518,1293,819,2237,2102.0,5921.0,431.0,917.0,224.1,2
2540.0,5320.0,3002.0,6010.0,4580,5029,5607,6042,12325.0,13404.0,2152.0,2703.0,224.1,2
9543.0,18562.0,1155.0,4069.0,2841,2890,3894,4038,9653.0,10732.0,269.0,1389.0,224.1,2
10240.0,20303.0,2959.0,5655.0,4221,4214,5535,5792,14546.0,14348.0,2544.0,3257.0,224.2,2
31750.0,50347.0,2607.0,5457.0,518,229,0,30,36824.0,32802.0,34964.0,25594.0,224.2,0
14418.0,24181.0,4545.0,8241.0,4157,4579,6507,6582,18236.0,18581.0,2861.0,5205.0,224.2,2
4527.0,14987.0,987.0,3793.0,2764,5005,2975,5066,5916.0,9709.0,0.0,0.0,224.3,2
11740.0,21262.0,3774.0,7809.0,5495,5758,6870,7251,18209.0,18208.0,893.0,2635.0,224.3,2
13222.0,25968.0,3115.0,3598.0,5481,5260,7400,7536,20650.0,20603.0,2303.0,3900.0,224.4,2
6744.0,11873.0,1682.0,4313.0,2159,2270,3629,3811,9630.0,10111.0,1631.0,1204.0,224.4,2
15491.0,26109.0,1927.0,4756.0,355,187,194,75,27003.0,25065.0,8141.0,16437.0,224.4,0
5669.0,17440.0,980.0,3478.0,2259,2790,3064,3905,7838.0,9918.0,1190.0,1391.0,224.5,2
12111.0,24126.0,1436.0,2927.0,12637,13081,14787,15472,25610.0,26140.0,1240.0,3125.0,224.5,2
7039.0,20625.0,803.0,2375.0,2400,2570,4139,4468,10110.0,10433.0,1146.0,2191.0,224.5,2
10079.0,26017.0,2849.0,5381.0,4361,4343,6614,6677,15969.0,16643.0,1149.0,2972.0,224.6,2
1651.0,4796.0,1934.0,3682.0,2868,4292,3061,4557,6703.0,9622.0,1231.0,1855.0,224.6,2
609.0,3653.0,588.0,2433.0,828,2793,910,3144,1951.0,5985.0,247.0,409.0,224.6,2
11103.0,26548.0,2363.0,5748.0,2851,3143,3169,3442,9769.0,10530.0,1015.0,2650.0,224.6,2
3025.0,5868.0,1024.0,2892.0,3034,5510,3292,5814,7274.0,12836.0,1535.0,1669.0,224.6,2
7834.0,14887.0,2190.0,3577.0,4753,5287,6032,5921,13750.0,12140.0,808.0,1917.0,224.8,2
8814.0,14492.0,887.0,2523.0,3111,3574,4488,5018,12492.0,13582.0,4863.0,3124.0,224.8,2
16804.0,25478.0,2320.0,5383.0,5298,5439,8133,8242,24959.0,25358.0,6000.0,6261.0,224.9,2
6051.0,15844.0,549.0,1574.0,2826,3799,3646,4817,9965.0,12013.0,2471.0,2029.0,224.9,2
8063.0,12838.0,3388.0,4903.0,3887,3994,5243,5314,15195.0,16097.0,1673.0,2897.0,224.9,2
34043.0,38293.0,4207.0,7198.0,200,226,307,140,31354.0,28261.0,23056.0,20407.0,224.9,0
38741.0,66269.0,3846.0,6650.0,0,83,371,182,48601.0,46785.0,22259.0,33145.0,225.0,0
4628.0,14552.0,1632.0,3342.0,1457,2169,2241,3120,6697.0,9934.0,1204.0,1677.0,225.0,2
12033.0,17550.0,3270.0,4197.0,3095,2707,4341,4493,11412.0,11977.0,2427.0,3275.0,225.0,2
28069.0,24734.0,4160.0,4422.0,5939,5494,7814,7110,17058.0,14667.0,2595.0,2496.0,225.0,2
39292.0,51248.0,9029.0,13774.0,278,275,343,164,38132.0,36360.0,21654.0,22297.0,225.2,0
18995.0,30761.0,1778.0,3213.0,8417,8641,12062,12865,29569.0,30662.0,4819.0,7202.0,225.2,2
4304.0,9545.0,1992.0,3328.0,4224,4756,4772,5052,11581.0,12199.0,1561.0,2024.0,225.3,2
13379.0,24290.0,5879.0,10170.0,50,108,0,58,24741.0,25538.0,15991.0,18984.0,225.3,0
3612.0,7552.0,2049.0,3996.0,3156,3186,4055,4080,10391.0,10287.0,2006.0,3158.0,225.4,2
2250.0,14304.0,120.0,1022.0,471,1205,683,1835,1569.0,4321.0,703.0,1184.0,225.5,2
39353.0,53945.0,1180.0,4434.0,0,124,292,233,44449.0,41374.0,34503.0,30762.0,225.6,0
31777.0,55338.0,9375.0,14038.0,157,174,0,38,41794.0,38129.0,19561.0,33493.0,225.6,0
34924.0,52694.0,3189.0,4969.0,384,197,201,142,43665.0,42946.0,22349.0,30927.0,225.6,0
42854.0,62183.0,34724.0,55064.0,327,207,275,133,50367.0,47872.0,27840.0,33522.0,225.6,0
4320.0,7383.0,2926.0,4931.0,3506,3894,5322,5435,15459.0,15875.0,3201.0,3454.0,225.6,2
5620.0,18987.0,815.0,2709.0,1626,1841,2623,3134,7532.0,9433.0,560.0,1762.0,225.6,2
4949.0,16392.0,916.0,3353.0,6721,8336,6725,8724,14938.0,18348.0,0.0,1458.0,225.7,2
689675.0,799454.0,97180.0,123182.0,1743,1860,146,195,1303070.0,1010750.0,560642.0,481984.0,225.8,3
431443.0,555080.0,45605.0,72617.0,1297,1260,387,170,517539.0,410414.0,234538.0,200163.0,225.8,3
20181.0,33929.0,2382.0,4107.0,151,185,0,4,18680.0,18268.0,9229.0,14327.0,225.8,0
148364.0,227673.0,24838.0,35539.0,536,354,0,84,188636.0,166066.0,66444.0,59243.0,225.9,0
3523.0,9084.0,3288.0,6520.0,2706,3124,3416,3711,9545.0,10676.0,951.0,2304.0,225.9,2
240539.0,326762.0,47828.0,77827.0,634,308,51,148,394222.0,342866.0,163907.0,154304.0,226.0,3
3695.0,10986.0,1948.0,5200.0,2287,3515,2912,4926,8245.0,12985.0,3796.0,3707.0,226.0,2
1324.0,7333.0,255.0,1832.0,690,2042,813,2275,3004.0,8698.0,1235.0,2290.0,226.0,2
11246.0,30488.0,4380.0,7354.0,4806,5142,6634,6818,20127.0,20888.0,3510.0,4389.0,226.0,2
8777.0,11807.0,1441.0,2533.0,2356,2578,2838,3559,7255.0,8828.0,2506.0,1415.0,226.1,2
5870.0,6393.0,0.0,945.0,1072,1802,1068,2580,2423.0,5924.0,457.0,665.0,226.1,2
129074.0,191415.0,38140.0,57397.0,758,662,0,51,90259.0,84608.0,81832.0,71261.0,226.1,0
23183.0,34571.0,10067.0,14095.0,0,107,272,136,32047.0,29372.0,23498.0,20367.0,226.2,0
3924.0,13835.0,592.0,2572.0,4035,5263,4499,5716,10491.0,13301.0,1067.0,1431.0,226.2,2
10011.0,18483.0,2377.0,4239.0,4581,4689,6280,6579,16366.0,17001.0,1349.0,2332.0,226.2,2
3931.0,13884.0,1373.0,6408.0,1224,3222,1640,4201,3905.0,9455.0,2275.0,2779.0,226.3,2
14349.0,22277.0,3735.0,6643.0,6578,6236,7270,7595,20607.0,19612.0,4194.0,4505.0,226.3,2
384525.0,549287.0,58620.0,83004.0,657,585,359,154,233759.0,212044.0,151345.0,129693.0,226.4,3
6682.0,18292.0,1556.0,4059.0,5351,5700,6775,7683,15537.0,17239.0,1571.0,2042.0,226.4,2
41830.0,67651.0,3439.0,6635.0,493,394,383,210,34216.0,34394.0,20186.0,30535.0,226.5,0
5597.0,14399.0,1438.0,3130.0,995,1194,1890,2006,4596.0,4807.0,1799.0,2047.0,226.6,2
574312.0,697884.0,773372.0,1123840.0,23731,21572,29952,28117,85911.0,77049.0,18478.0,15542.0,226.6,1
35250.0,52969.0,6715.0,10356.0,296,230,0,22,37477.0,36478.0,19994.0,28087.0,226.6,0
30828.0,42112.0,16453.0,26933.0,0,151,242,113,34837.0,32593.0,31787.0,23416.0,226.7,0
5261.0,7890.0,3745.0,6370.0,2343,2563,3136,3329,9082.0,9676.0,0.0,1422.0,226.7,2
787.0,2570.0,648.0,2595.0,3047,4828,3257,5383,8397.0,13445.0,2546.0,3205.0,226.7,2
2334.0,12397.0,413.0,2562.0,1755,3165,2418,4237,5804.0,10331.0,559.0,1012.0,226.7,2
39359.0,53189.0,5139.0,5883.0,0,97,0,114,37576.0,36342.0,20224.0,28709.0,226.8,0
51108.0,64870.0,21877.0,32447.0,10,239,414,174,46697.0,39784.0,34038.0,32149.0,226.8,0
53757.0,93256.0,14982.0,24265.0,76,159,359,237,60693.0,56185.0,45513.0,45233.0,226.9,0
2355.0,5622.0,355.0,2703.0,2999,3406,3737,4201,9658.0,9795.0,215.0,736.0,226.9,2
1592.0,6283.0,930.0,3760.0,2935,3353,3416,3717,8072.0,8709.0,729.0,1517.0,226.9,2
6464.0,13760.0,1666.0,3384.0,3213,3031,3624,3845,8964.0,9109.0,1096.0,1079.0,226.9,2
24911.0,47500.0,4995.0,8535.0,157,137,275,96,30547.0,29766.0,15614.0,27241.0,226.9,0
8121.0,20103.0,1270.0,4015.0,2163,2322,3408,3427,9354.0,9549.0,1644.0,3885.0,227.0,2
8028.0,8788.0,894.0,2136.0,5861,6290,7041,6937,16280.0,16548.0,1489.0,1652.0,227.0,2
21408.0,44590.0,1752.0,3049.0,328,272,201,139,35089.0,36506.0,12840.0,25438.0,227.0,0
2208.0,13109.0,0.0,831.0,381,1086,539,1510,1202.0,3987.0,307.0,430.0,227.1,2
12062.0,27193.0,1943.0,4162.0,6060,5882,6867,6928,20718.0,20921.0,2800.0,4719.0,227.1,2
14421.0,24386.0,3704.0,5370.0,7156,7220,9716,9482,24938.0,25522.0,3703.0,4785.0,227.1,2
3790.0,9399.0,2307.0,5895.0,2247,2585,3481,4075,8884.0,11098.0,653.0,1608.0,227.1,2
15218.0,31412.0,11099.0,19135.0,1755,1763,4615,4943,10775.0,11259.0,3618.0,4893.0,227.2,3
14794.0,26219.0,2797.0,5215.0,315,230,294,131,18378.0,18741.0,6328.0,14258.0,227.3,0
3108.0,8477.0,2022.0,4567.0,3808,4291,4867,5286,11874.0,13303.0,0.0,3421.0,227.3,2
5516.0,10992.0,2614.0,4760.0,2733,3028,3800,3911,10033.0,10674.0,1412.0,1333.0,227.3,2
131222.0,194607.0,9774.0,14301.0,9459,10446,33692,33531,48549.0,47358.0,16003.0,16609.0,227.4,1
2430.0,10492.0,557.0,2513.0,5812,6716,7398,8765,16067.0,18281.0,0.0,1305.0,227.4,2
141708.0,210306.0,5171.0,7807.0,355,319,139,111,220472.0,184414.0,81296.0,71422.0,227.5,0
1473.0,7180.0,966.0,3393.0,921,1230,1416,2145,3984.0,6009.0,0.0,0.0,227.5,2
44918.0,54861.0,14142.0,20299.0,367,227,185,177,34250.0,30877.0,20049.0,28220.0,227.5,0
5447.0,8856.0,2058.0,4863.0,4873,5745,5430,6071,10516.0,11001.0,2186.0,1367.0,227.5,2
11458.0,19975.0,2061.0,3581.0,2446,2614,5329,5609,15138.0,15830.0,5358.0,6289.0,227.6,2
2763.0,9253.0,449.0,1603.0,1586,2961,2615,4817,6197.0,11214.0,255.0,748.0,227.6,2
529.0,2928.0,0.0,0.0,593,1696,721,2702,1559.0,5361.0,109.0,0.0,227.6,2
2034.0,8879.0,1053.0,4736.0,1570,3308,2013,4065,5116.0,10542.0,255.0,312.0,227.6,2
4151.0,12485.0,3424.0,9713.0,3852,4875,5032,6326,11955.0,14414.0,1643.0,3504.0,227.6,2
24405.0,48916.0,6109.0,10100.0,49,124,289,163,25268.0,24569.0,8771.0,16542.0,227.6,0
47627.0,67277.0,6279.0,9300.0,240,135,87,104,49021.0,45010.0,31139.0,36350.0,227.7,0
2178.0,9396.0,940.0,3906.0,814,2475,1049,2875,2760.0,7801.0,1789.0,2467.0,227.7,2
2276.0,10957.0,399.0,3382.0,1969,3919,2300,4562,5528.0,11625.0,145.0,253.0,227.7,2
30389.0,46445.0,14298.0,24277.0,0,73,0,0,28116.0,25694.0,15634.0,20922.0,227.7,-1
25547.0,44873.0,6502.0,9898.0,162,101,0,51,30428.0,26949.0,23804.0,23307.0,227.7,0
114871.0,188161.0,4456.0,7228.0,0,64,0,30,25364.0,20294.0,5047.0,6850.0,227.8,3
4265.0,8969.0,906.0,1505.0,5464,5553,6854,6720,18567.0,18059.0,4151.0,4645.0,227.8,2
5998.0,11958.0,2732.0,5612.0,2002,2260,2579,2828,6765.0,6951.0,383.0,1849.0,227.8,2
69912.0,112431.0,16217.0,25566.0,342,284,139,96,61542.0,53980.0,53368.0,42894.0,227.8,0
73265.0,108219.0,6697.0,11592.0,0,114,89,62,63171.0,58276.0,51445.0,45747.0,227.8,0
29603.0,39845.0,1788.0,2851.0,352,276,26,55,42082.0,40582.0,27553.0,28246.0,227.9,0
73268.0,117943.0,2358.0,5065.0,125,208,156,123,51012.0,43290.0,48215.0,35203.0,227.9,0
5864.0,12221.0,2142.0,4168.0,5987,9125,7088,10377,15395.0,21580.0,1436.0,2393.0,227.9,2
3500.0,9105.0,659.0,3303.0,2776,8094,2920,8451,5622.0,16436.0,448.0,807.0,227.9,2
46845.0,73452.0,4447.0,5681.0,88,108,311,79,51924.0,48137.0,44609.0,42032.0,228.0,0
32278.0,53320.0,7058.0,13694.0,103,233,263,81,29304.0,27946.0,23422.0,21288.0,228.0,0
56452.0,70497.0,14868.0,23166.0,0,147,534,240,72990.0,68403.0,61132.0,51077.0,228.1,0
5617.0,10952.0,2301.0,4197.0,2787,3163,3785,3849,8547.0,8887.0,481.0,2506.0,228.2,2
51566.0,79075.0,4332.0,5582.0,631,247,1,21,48916.0,45044.0,36030.0,36810.0,228.3,0
5871.0,16061.0,1400.0,4231.0,807,1584,870,2208,3077.0,6870.0,1952.0,2042.0,228.3,2
3094.0,15675.0,875.0,4063.0,1217,2269,1409,2677,4209.0,8072.0,421.0,1546.0,228.3,2
3284.0,9986.0,1431.0,4473.0,1976,2783,2511,3678,7357.0,10764.0,3333.0,4312.0,228.3,2
4446.0,16053.0,1179.0,3927.0,2181,3019,2900,4202,9183.0,13364.0,71.0,624.0,228.4,2
1380.0,6895.0,230.0,1767.0,1613,2306,2517,3582,6604.0,9709.0,418.0,911.0,228.4,2
15754.0,17591.0,3541.0,5475.0,9658,9431,10915,10622,29132.0,28805.0,3881.0,4375.0,228.4,2
2987.0,11424.0,1090.0,3088.0,2226,4941,2713,5550,6375.0,12482.0,1017.0,2270.0,228.5,2
11437.0,19784.0,1591.0,3009.0,7080,7300,8982,9482,22852.0,24357.0,3295.0,4582.0,228.5,2
2613.0,8188.0,2016.0,4363.0,1707,1943,2809,3088,5904.0,6500.0,1502.0,1961.0,228.5,2
1438.0,7786.0,557.0,2833.0,1810,4840,2296,6381,5139.0,13310.0,1219.0,2769.0,228.5,2
3478.0,10459.0,801.0,2932.0,4082,6106,4387,7366,9766.0,15387.0,674.0,989.0,228.5,2
7161.0,20390.0,3165.0,5867.0,9166,10850,11548,13871,27295.0,32117.0,1892.0,3335.0,228.6,2
4629.0,13796.0,1021.0,3373.0,1190,1286,1565,1799,5613.0,6672.0,428.0,1730.0,228.6,2
31931.0,50940.0,5093.0,10173.0,354,209,149,101,43980.0,41889.0,46190.0,37646.0,228.6,0
166014.0,255941.0,23532.0,39457.0,158,185,111,115,253726.0,209650.0,111266.0,98048.0,228.6,0
40447.0,56655.0,18521.0,18910.0,481,262,0,74,30193.0,28068.0,25613.0,23908.0,228.6,0
35110.0,39962.0,6584.0,5905.0,436,253,273,215,23139.0,21507.0,26104.0,18950.0,228.7,0
52670.0,88467.0,7309.0,13034.0,118,53,111,47,50378.0,47916.0,42530.0,39717.0,228.7,0
22884.0,40277.0,3887.0,5857.0,300,180,352,180,35174.0,32998.0,10983.0,17605.0,228.7,0
7762.0,22021.0,1659.0,3787.0,5929,7011,7308,8242,19004.0,20858.0,1143.0,1463.0,228.9,2
9431.0,19832.0,2149.0,5005.0,5289,6307,6864,8202,18157.0,21177.0,1690.0,2709.0,228.9,2
3378.0,11941.0,973.0,2541.0,3337,3894,3973,4727,9076.0,10203.0,907.0,2244.0,228.9,2
19511.0,28460.0,6207.0,9409.0,282,185,0,4,20856.0,20532.0,14526.0,16145.0,228.9,0
73300.0,135355.0,4112.0,6874.0,324,260,238,107,56248.0,54336.0,23307.0,38242.0,229.1,0
12195.0,20605.0,7303.0,13769.0,409,364,35,0,22050.0,22585.0,6120.0,13109.0,229.1,-1
50115.0,65564.0,8532.0,12513.0,442,163,0,1,63282.0,57415.0,49942.0,36383.0,229.1,0
54042.0,76346.0,19726.0,29911.0,281,182,26,159,68840.0,62692.0,41787.0,41302.0,229.1,0
2509.0,10866.0,3007.0,7644.0,41,95,127,99,2788.0,4433.0,959.0,1128.0,229.2,0
1478980.0,1472690.0,2586240.0,2748080.0,4518,3674,2146,1068,580370.0,471277.0,247547.0,192854.0,229.2,1
346608.0,441258.0,256550.0,316489.0,702,315,251,162,190529.0,159113.0,123232.0,97711.0,229.2,3
39309.0,59639.0,3517.0,4503.0,897,309,93,79,41279.0,38261.0,40977.0,30294.0,229.2,0
3104.0,9962.0,2358.0,5286.0,2416,2826,3130,3444,7712.0,8224.0,486.0,987.0,229.2,2
63120.0,90825.0,5731.0,12148.0,88,152,0,69,47831.0,44081.0,36680.0,32112.0,229.3,0
56347.0,75890.0,12081.0,20399.0,746,254,520,180,42603.0,41937.0,16111.0,33379.0,229.4,0
2293.0,6423.0,1591.0,3629.0,2745,3242,3220,3940,8194.0,9548.0,896.0,1590.0,229.4,2
12168.0,25838.0,3815.0,8736.0,168,61,270,170,24111.0,24960.0,4910.0,9922.0,229.4,0
2851.0,11039.0,456.0,2114.0,6521,8013,7030,8810,13614.0,16496.0,792.0,838.0,229.4,2
1359.0,5630.0,448.0,1708.0,1232,3017,1302,3398,3146.0,8507.0,896.0,1051.0,229.5,2
43067.0,63615.0,25037.0,33032.0,294,170,387,220,14669.0,14065.0,3511.0,3146.0,229.5,0
2535.0,13680.0,200.0,937.0,142,0,166,46,6863.0,10333.0,2873.0,4210.0,229.7,0
3153.0,7090.0,660.0,2398.0,137,110,190,52,14899.0,11707.0,4010.0,3613.0,229.7,0
1064400.0,1111920.0,99225.0,118093.0,9464,7387,68541,53580,956235.0,701623.0,796431.0,586731.0,229.7,3
27838.0,57647.0,10824.0,17366.0,213,207,212,112,52084.0,49711.0,22730.0,37392.0,229.7,0
4924.0,25795.0,1568.0,4637.0,858,1492,1925,3192,5253.0,8586.0,944.0,1705.0,229.7,2
2989.0,11475.0,0.0,3225.0,846,1428,1274,2777,3237.0,7730.0,527.0,1116.0,229.7,2
3395.0,8774.0,1762.0,4691.0,91,74,166,70,8011.0,12119.0,3978.0,3327.0,229.8,0
3429.0,8127.0,1718.0,4420.0,228,159,152,35,7598.0,11578.0,3239.0,3120.0,229.8,0
1873.0,7820.0,1081.0,4476.0,161,92,133,14,3259.0,5350.0,25566.0,41125.0,229.8,0
1738960.0,1492820.0,2727120.0,2365980.0,7334,3449,1261,649,1517770.0,1022360.0,1160350.0,651409.0,229.8,1
37333.0,56173.0,4941.0,9166.0,234,306,0,28,44393.0,43908.0,11195.0,24425.0,229.8,0
31470.0,57474.0,8393.0,11541.0,200,144,231,202,40512.0,36420.0,11198.0,24306.0,229.9,0
20439.0,14654.0,1709.0,3590.0,5908,5422,7767,7817,19711.0,19790.0,4156.0,3676.0,229.9,2
43965.0,70915.0,8332.0,12401.0,417,196,174,126,53536.0,49039.0,41548.0,39231.0,229.9,0
31472.0,40345.0,3124.0,5785.0,291,152,361,223,28663.0,28729.0,21694.0,24884.0,229.9,0
8096.0,22731.0,2221.0,4604.0,5887,6702,7953,9175,19665.0,22781.0,0.0,1440.0,229.9,2
591628.0,754444.0,683179.0,979268.0,1751,1413,143,128,427259.0,372073.0,190188.0,184894.0,230.0,1
14712.0,28047.0,2164.0,4202.0,7897,8029,11055,11290,26441.0,26903.0,5012.0,6573.0,230.0,2
7254.0,18119.0,2193.0,4086.0,8649,9653,10559,12184,20922.0,24187.0,1626.0,3058.0,230.0,2
3546.0,10487.0,744.0,2765.0,2501,3091,3083,3650,7952.0,9859.0,60.0,373.0,230.0,2
6137.0,13409.0,2020.0,3672.0,6939,7069,8231,8879,18114.0,18335.0,766.0,2630.0,230.0,2
13280.0,18611.0,2075.0,4836.0,6367,6378,8834,9055,20973.0,22015.0,5390.0,5392.0,230.1,2
2340.0,8872.0,1895.0,5560.0,1209,1298,1895,2407,5802.0,7542.0,415.0,362.0,230.1,2
8910.0,11073.0,4037.0,8567.0,8400,9149,9425,10788,19339.0,21486.0,2427.0,3028.0,230.1,2
29167.0,51111.0,26793.0,44646.0,258,204,0,117,37046.0,33781.0,10035.0,19435.0,230.1,0
36404.0,51021.0,10064.0,18950.0,442,309,0,24,43141.0,42186.0,14358.0,27473.0,230.2,0
6719.0,13905.0,3149.0,4610.0,8789,9470,8958,9518,18036.0,18370.0,519.0,1803.0,230.3,2
6666.0,12162.0,1714.0,3129.0,4792,5147,5919,6380,15141.0,16986.0,1366.0,2617.0,230.3,2
7331.0,14021.0,2959.0,4473.0,5179,5767,6951,7754,18295.0,19417.0,4198.0,3151.0,230.3,2
8723.0,15975.0,552.0,2843.0,2749,2943,3942,3968,11192.0,11632.0,0.0,1277.0,230.3,2
45916.0,68107.0,26309.0,41229.0,209,254,118,100,40236.0,39517.0,28001.0,31525.0,230.3,0
5558.0,14603.0,839.0,3004.0,2957,3603,4308,5017,11679.0,12865.0,1920.0,2730.0,230.3,2
1284160.0,1076760.0,2106040.0,2331700.0,3407,1769,1113,540,192433.0,164378.0,134295.0,96280.0,230.4,1
5268.0,13641.0,1196.0,3775.0,971,932,1804,2252,5372.0,6747.0,784.0,2164.0,230.4,2
1355.0,5436.0,484.0,2513.0,825,1942,902,2688,2174.0,6294.0,214.0,423.0,230.5,2
47841.0,70872.0,8869.0,13610.0,399,243,1,69,30746.0,29301.0,8939.0,15910.0,230.5,0
6158.0,13656.0,4119.0,6144.0,6048,6746,7801,8083,18450.0,18184.0,1445.0,2482.0,230.5,2
27354.0,52986.0,6052.0,10724.0,145,166,297,133,46245.0,44869.0,16727.0,28896.0,230.6,0
25942.0,44554.0,4603.0,8886.0,273,134,242,105,33341.0,31623.0,20269.0,26071.0,230.6,0
26173.0,32140.0,6188.0,9513.0,19,132,39,140,32088.0,30320.0,12064.0,21582.0,230.7,0
52576.0,85615.0,9106.0,13415.0,337,174,0,48,43266.0,40520.0,30805.0,28911.0,230.7,0
179170.0,262223.0,17345.0,25185.0,945,307,0,57,204218.0,171902.0,75713.0,76137.0,230.7,0
5357.0,11715.0,1896.0,2903.0,1504,1653,2380,2403,6879.0,7422.0,0.0,438.0,230.8,2
6026.0,14538.0,1362.0,3248.0,1810,2178,3203,3260,10560.0,11046.0,1748.0,3037.0,230.9,2
29010.0,52125.0,7348.0,12425.0,276,128,0,66,23313.0,23278.0,6619.0,15713.0,230.9,0
53170.0,68877.0,13421.0,21979.0,436,210,431,240,59719.0,54581.0,59570.0,45213.0,231.0,0
153017.0,217365.0,9015.0,12824.0,394,228,86,76,222997.0,192574.0,60720.0,63802.0,231.0,0
8720.0,16538.0,1689.0,4126.0,5799,5922,6747,6946,16187.0,17334.0,2812.0,2529.0,231.0,2
2020.0,7678.0,1400.0,4225.0,2682,4265,3397,4838,9129.0,13688.0,1708.0,2099.0,231.0,2
33710.0,32846.0,1361.0,3769.0,0,191,485,136,27750.0,24979.0,22221.0,18399.0,231.1,0
4929.0,12792.0,320.0,1069.0,0,0,301,141,4974.0,7715.0,19354.0,14386.0,231.1,0
3417.0,17872.0,260.0,1743.0,64,0,200,111,1856.0,4766.0,10932.0,19314.0,231.1,0
457627.0,605006.0,106675.0,159625.0,26,172,522,186,636483.0,548705.0,302184.0,261253.0,231.1,3
46847.0,73277.0,9561.0,14479.0,369,251,134,82,42313.0,39878.0,24150.0,35506.0,231.1,0
17161.0,30319.0,3304.0,5974.0,7243,7151,8941,9005,21607.0,22341.0,5029.0,4325.0,231.1,2
17608.0,32997.0,4270.0,5374.0,426,217,137,111,21090.0,18866.0,15032.0,16460.0,231.2,0
12017.0,15235.0,3766.0,6215.0,5782,6360,7875,7991,20616.0,21104.0,2982.0,4330.0,231.3,2
47641.0,73599.0,25767.0,42265.0,320,248,0,34,48065.0,41714.0,49127.0,37808.0,231.3,0
106814.0,171778.0,6679.0,11105.0,342,157,0,21,153562.0,133456.0,66177.0,56111.0,231.5,0
23424.0,27565.0,6184.0,8991.0,8789,9065,11606,12019,30502.0,31243.0,9151.0,5730.0,231.5,2
13416.0,20793.0,1986.0,3129.0,4521,4540,5705,5545,15039.0,14263.0,1778.0,2533.0,231.5,2
30719.0,59658.0,5492.0,7111.0,165,145,0,31,35664.0,34010.0,22211.0,25028.0,231.5,0
14853.0,27666.0,3625.0,6827.0,222,109,0,30,14466.0,13239.0,8192.0,10501.0,231.7,0
23308.0,32394.0,9865.0,15479.0,491,195,245,129,23204.0,21601.0,19895.0,17289.0,231.7,0
1522.0,7899.0,1586.0,5681.0,844,1720,1314,2667,3448.0,7683.0,576.0,1307.0,231.7,2
3661.0,9775.0,1120.0,3940.0,1972,2570,3137,3934,8755.0,11497.0,110.0,487.0,231.7,2
3479.0,11439.0,920.0,4134.0,3853,4535,5089,6330,11877.0,14719.0,665.0,1402.0,231.8,2
1581.0,8035.0,1038.0,3724.0,1317,2126,1849,3019,4695.0,7672.0,644.0,961.0,231.8,2
6927.0,14809.0,5606.0,10210.0,4273,4419,5227,5523,11924.0,11729.0,1223.0,1903.0,231.9,2
310244.0,410482.0,41703.0,59862.0,732,303,569,247,351027.0,283087.0,145645.0,117946.0,231.9,3
36123.0,63325.0,4188.0,7183.0,19,135,152,109,45420.0,44643.0,45399.0,38786.0,231.9,0
78622.0,131305.0,3769.0,6151.0,101,99,30,72,18983.0,17662.0,7809.0,14762.0,232.0,0
4893.0,6863.0,233.0,3471.0,571,1562,1002,2182,2080.0,5757.0,2633.0,2472.0,232.1,2
3691.0,18774.0,1017.0,4563.0,2564,3826,3573,5365,8004.0,11770.0,1012.0,1382.0,232.1,2
67319.0,99391.0,4833.0,6417.0,0,109,117,109,60017.0,56296.0,45641.0,44217.0,232.1,0
5971.0,15581.0,1766.0,3894.0,768,610,2113,2163,5746.0,5321.0,0.0,1637.0,232.2,2
7025.0,16893.0,1975.0,4780.0,3707,4287,5139,5620,13778.0,15585.0,2371.0,2598.0,232.2,2
15663.0,33756.0,2782.0,4356.0,7191,7693,9412,10173,24555.0,26380.0,3872.0,4236.0,232.5,2
2423.0,14413.0,343.0,2478.0,355,904,526,1344,1330.0,3856.0,200.0,360.0,232.5,2
15484.0,28561.0,4150.0,7856.0,6962,7024,9143,9111,24932.0,24698.0,3762.0,5291.0,232.5,2
2849.0,8151.0,1701.0,4182.0,1513,1874,2414,3184,5641.0,6908.0,1163.0,1087.0,232.6,2
160671.0,256341.0,21961.0,32826.0,4,140,158,94,101432.0,88675.0,55056.0,64838.0,232.6,3
4143.0,11756.0,1481.0,4749.0,2253,2904,3114,4110,7635.0,10045.0,1923.0,2044.0,232.6,2
9726.0,24637.0,1524.0,4687.0,7695,8170,9472,10449,22741.0,23447.0,1311.0,4092.0,232.6,2
4277.0,10601.0,847.0,3534.0,2648,4389,3635,5937,8641.0,14214.0,2547.0,2798.0,232.6,2
8263.0,17479.0,1297.0,3643.0,6166,7388,7078,8482,16727.0,20452.0,2149.0,3676.0,232.7,2
5892.0,19395.0,8421.0,10980.0,789,1837,1019,2534,3126.0,6729.0,2037.0,1799.0,232.7,2
2610.0,12343.0,3426.0,10067.0,1308,2136,1827,3287,5256.0,8218.0,139.0,124.0,232.7,2
273495.0,344929.0,74038.0,102484.0,632,596,0,21,209027.0,167380.0,103355.0,91451.0,232.7,3
9126.0,17976.0,2200.0,5330.0,5054,4707,7152,7660,18113.0,19246.0,2240.0,3354.0,232.7,2
12055.0,26943.0,4344.0,8772.0,6615,7294,8044,8766,21720.0,24240.0,1958.0,2634.0,232.7,2
5052.0,15176.0,672.0,1714.0,1381,1658,2534,3145,7249.0,8070.0,498.0,1692.0,232.7,2
14027.0,14330.0,736.0,2128.0,5354,4916,6560,6294,16832.0,14881.0,2190.0,1877.0,232.8,2
87806.0,117572.0,72407.0,51125.0,167,165,248,183,102306.0,92529.0,77472.0,72199.0,232.8,0
258693.0,370622.0,48255.0,72307.0,67,240,51,50,353870.0,289746.0,135209.0,115371.0,232.8,3
16411.0,30128.0,11542.0,19512.0,165,184,247,110,24333.0,22344.0,12931.0,14576.0,232.9,0
16574.0,27518.0,7273.0,10786.0,352,169,444,203,23028.0,21396.0,21545.0,19628.0,232.9,0
1334.0,5619.0,928.0,2044.0,2394,3524,3004,4447,8141.0,12012.0,156.0,1055.0,233.0,2
86712.0,133386.0,34835.0,57210.0,474,181,288,193,103937.0,94734.0,33102.0,39415.0,233.0,0
1478.0,4848.0,1620.0,4883.0,2416,3293,2721,3746,7205.0,10240.0,682.0,1492.0,233.0,2
21617.0,43641.0,894.0,4501.0,414,134,362,115,26651.0,24941.0,18379.0,19482.0,233.0,0
5831.0,11804.0,2370.0,4517.0,3751,4630,4552,5731,12085.0,15895.0,1985.0,3321.0,233.1,2
24221.0,28052.0,1429.0,3003.0,242,196,177,133,25391.0,24329.0,16177.0,19048.0,233.1,0
20035.0,30761.0,4071.0,6581.0,107,130,136,162,29209.0,27834.0,5659.0,15200.0,233.2,0
47033.0,87648.0,6770.0,13312.0,6126,6394,6522,6809,13704.0,12272.0,1570.0,1947.0,233.2,1
1017.0,6511.0,442.0,3268.0,951,1680,1382,2631,3435.0,6952.0,246.0,502.0,233.2,2
10922.0,16873.0,3180.0,5753.0,4584,4949,5881,5687,14960.0,15923.0,489.0,2311.0,233.3,2
81859.0,117417.0,8381.0,12494.0,237,266,257,116,72833.0,67528.0,56582.0,57555.0,233.3,0
2531.0,14867.0,743.0,3319.0,885,2186,1365,3359,4905.0,12244.0,994.0,2941.0,233.4,2
2736.0,14683.0,731.0,3358.0,1454,2494,2051,3725,6665.0,12996.0,0.0,0.0,233.4,2
3798.0,10614.0,1366.0,3122.0,2243,2678,2917,3518,6210.0,7051.0,147.0,1181.0,233.4,2
4345.0,7393.0,351.0,976.0,255,159,319,269,1967.0,4849.0,16998.0,26704.0,233.4,0
34202.0,58564.0,7123.0,10312.0,279,152,269,220,43701.0,41546.0,13851.0,26941.0,233.4,0
606.0,2751.0,983.0,4251.0,849,1507,1131,2305,2405.0,4984.0,570.0,1020.0,233.6,2
384314.0,531003.0,154673.0,239376.0,1084,901,90,72,172513.0,146168.0,88005.0,82461.0,233.6,3
6725.0,9614.0,1036.0,2430.0,3285,3636,4265,4245,8418.0,8746.0,278.0,1271.0,233.6,2
7893.0,18859.0,1455.0,3030.0,2693,3139,3601,4157,10505.0,12371.0,665.0,1236.0,233.6,2
16124.0,29233.0,1138.0,3262.0,6693,6223,9847,9761,26582.0,26131.0,2886.0,5023.0,233.6,2
551589.0,730590.0,118720.0,152358.0,1218,817,578,239,203730.0,158738.0,147724.0,94723.0,233.7,3
1342.0,8597.0,1028.0,4194.0,170,71,84,0,1776.0,4419.0,2335.0,4346.0,233.7,-1
616.0,2969.0,5462.0,18339.0,127,39,112,0,21097.0,35759.0,4858.0,8547.0,233.7,-1
2501920.0,1703450.0,5532420.0,4419960.0,10472,5178,3168,1360,2989000.0,1715900.0,2285710.0,1123530.0,233.7,1
18487.0,31508.0,4871.0,8106.0,0,113,125,172,23417.0,21219.0,7292.0,15288.0,233.7,0
39702.0,54660.0,8086.0,11226.0,0,58,263,143,35880.0,32303.0,32145.0,29445.0,233.9,0
8234.0,13038.0,2126.0,5263.0,4167,3850,5256,5579,14988.0,15219.0,2248.0,2751.0,233.9,2
3686.0,7799.0,722.0,2483.0,1303,1359,2080,2152,5401.0,6003.0,782.0,1106.0,234.0,2
6997.0,15832.0,1865.0,2842.0,3497,3814,4736,4732,13229.0,13167.0,1328.0,2302.0,234.0,2
7523.0,17596.0,1556.0,4160.0,5766,6458,7495,7881,20042.0,20128.0,2582.0,2527.0,234.0,2
16440.0,23688.0,3759.0,6418.0,6314,6326,8929,9483,22477.0,21723.0,3203.0,4202.0,234.0,2
3431.0,14820.0,1441.0,4309.0,7859,10738,12608,17370,5903.0,7817.0,141.0,170.0,234.1,1
5348.0,6828.0,3199.0,4748.0,8728,9540,9289,9356,18925.0,18490.0,2128.0,2580.0,234.1,2
20842.0,30911.0,3100.0,4962.0,113,174,431,219,27635.0,25771.0,21420.0,20128.0,234.1,0
85877.0,132031.0,5044.0,9828.0,275,228,137,99,93313.0,74324.0,26926.0,29102.0,234.2,0
56319.0,86086.0,8145.0,13992.0,438,162,289,233,58333.0,51677.0,44571.0,41420.0,234.3,0
4074.0,13540.0,2624.0,6583.0,2684,3292,2822,3220,7635.0,7726.0,384.0,1118.0,234.3,2
3310.0,10850.0,2325.0,4602.0,3150,3486,4428,4529,10776.0,11753.0,950.0,1476.0,234.3,2
11886.0,14710.0,3654.0,5356.0,2148,2527,4002,3824,11705.0,10408.0,3870.0,3533.0,234.4,2
44889.0,57989.0,18343.0,21667.0,0,121,431,174,48311.0,45736.0,43943.0,38067.0,234.4,0
4776.0,13369.0,2483.0,3845.0,4681,4937,6393,6860,15376.0,16183.0,2370.0,3505.0,234.4,2
1586.0,10052.0,614.0,2694.0,1227,2297,1637,3242,3765.0,7231.0,861.0,1445.0,234.5,2
4646.0,13466.0,2392.0,5666.0,3484,3798,4577,5380,13731.0,15873.0,0.0,2883.0,234.5,2
33554.0,51844.0,3376.0,6781.0,17548,18101,22067,22399,50184.0,48317.0,6932.0,7455.0,234.5,1
2623.0,16520.0,4030.0,14301.0,103,0,263,217,3947.0,7431.0,1032.0,1975.0,234.5,0
1956690.0,1036860.0,4550840.0,2599940.0,9443,3021,2585,905,746121.0,603696.0,448097.0,306902.0,234.5,1
35183.0,49325.0,7817.0,11609.0,424,159,136,113,52906.0,48719.0,37994.0,40266.0,234.5,0
7374.0,14145.0,260.0,1709.0,5523,6054,6216,6678,15147.0,15363.0,1810.0,3764.0,234.6,2
9079.0,25817.0,2089.0,4286.0,8330,9338,10145,11238,28937.0,31427.0,2283.0,5835.0,234.6,2
22873.0,41855.0,2190.0,5348.0,515,246,295,151,28785.0,28181.0,7026.0,12111.0,234.7,0
45123.0,70463.0,14944.0,24914.0,448,411,131,109,35401.0,34450.0,10368.0,21722.0,234.7,0
14627.0,26552.0,7039.0,12750.0,300,147,238,161,15564.0,15860.0,4648.0,7217.0,234.8,0
104647.0,144864.0,7439.0,10881.0,0,193,250,175,191154.0,161221.0,83480.0,80478.0,234.8,0
3731.0,9254.0,1577.0,3304.0,3409,3906,4403,4813,10553.0,11198.0,769.0,1848.0,234.9,2
1053.0,6201.0,530.0,3606.0,80,0,109,12,2358.0,5323.0,18404.0,32773.0,235.0,0
25420.0,44052.0,10429.0,18916.0,22,0,117,42,40425.0,40849.0,11096.0,26679.0,235.0,0
658532.0,790275.0,942473.0,1193170.0,2588,1816,567,452,170696.0,149137.0,91486.0,84362.0,235.0,1
8250.0,13692.0,837.0,2428.0,231,107,728,299,17540.0,8878.0,4854.0,3489.0,235.0,0
6212.0,14809.0,1435.0,6757.0,37,11,781,708,10612.0,18688.0,191813.0,263102.0,235.0,3
946802.0,925399.0,168393.0,216201.0,7381,5501,87012,65534,785167.0,553924.0,569703.0,452370.0,235.0,3
16663.0,30187.0,2398.0,4807.0,6751,7228,8502,8783,24442.0,26401.0,4861.0,4048.0,235.0,2
2639.0,9009.0,427.0,1349.0,1396,1826,1859,2535,5336.0,6821.0,830.0,1287.0,235.2,2
8666.0,17986.0,2307.0,4133.0,7641,9142,8688,10309,21538.0,23129.0,1964.0,1888.0,235.2,2
873.0,3990.0,583.0,2641.0,1323,4891,1324,5155,3941.0,12885.0,168.0,560.0,235.2,2
2567.0,8520.0,1069.0,2494.0,2068,2996,2497,3418,5431.0,7406.0,501.0,954.0,235.2,2
703.0,3426.0,0.0,0.0,251,204,199,154,2562.0,4592.0,1763.0,3006.0,235.2,0
647.0,3058.0,288.0,2234.0,143,97,190,105,2498.0,4375.0,1090.0,1678.0,235.2,0
223859.0,313738.0,35628.0,57073.0,14238,13739,1728,1414,296525.0,251212.0,103301.0,99895.0,235.2,1
2937.0,13060.0,1582.0,4693.0,5667,7768,6797,9406,15397.0,21183.0,191.0,941.0,235.2,2
16023.0,25499.0,5369.0,8189.0,215,179,79,87,20729.0,18543.0,5168.0,10764.0,235.3,0
29467.0,35154.0,19328.0,33472.0,0,124,222,114,21544.0,19754.0,4375.0,12885.0,235.3,0
39935.0,57749.0,5590.0,8579.0,219,172,338,113,38799.0,34896.0,25534.0,30735.0,235.3,0
144514.0,199041.0,8529.0,12077.0,714,491,199,90,203359.0,177715.0,107870.0,84372.0,235.3,0
4248.0,14243.0,513.0,2489.0,1622,1884,2505,2937,6925.0,7875.0,477.0,1477.0,235.3,2
103792.0,157232.0,7322.0,9539.0,352,197,0,97,177886.0,148595.0,64478.0,57455.0,235.4,0
1039440.0,1054320.0,286240.0,342167.0,9749,7303,99552,73156,999797.0,676691.0,866267.0,498769.0,235.4,3
120648.0,190625.0,15637.0,24556.0,258,165,340,147,147819.0,123537.0,63898.0,50324.0,235.4,0
6219.0,13368.0,1007.0,2019.0,2600,2817,3005,3153,8600.0,8785.0,1014.0,1444.0,235.5,2
3461.0,14420.0,4691.0,10672.0,50,5,194,122,4479.0,4604.0,1879.0,1817.0,235.5,0
1092470.0,903574.0,2141570.0,2060710.0,2561,1378,703,395,297971.0,249317.0,149098.0,120915.0,235.5,1
18499.0,30132.0,6780.0,10205.0,7037,7157,8376,8685,22402.0,22358.0,5036.0,3996.0,235.5,2
27483.0,41635.0,3448.0,5274.0,68,49,330,165,32840.0,31556.0,26530.0,23361.0,235.6,0
5369.0,14364.0,822.0,1978.0,5473,6516,6665,7476,15941.0,18335.0,1316.0,2343.0,235.6,2
1701.0,6859.0,654.0,1915.0,302,249,275,373,2344.0,6690.0,69140.0,122858.0,235.6,0
1017150.0,1134520.0,226871.0,335784.0,8664,6819,94213,77685,769520.0,601859.0,503836.0,412733.0,235.6,3
22785.0,33505.0,7056.0,13443.0,188,201,169,166,25814.0,25862.0,11585.0,15759.0,235.6,0
2510.0,7548.0,894.0,2726.0,2196,2388,3013,3227,6826.0,7382.0,74.0,2504.0,235.7,2
2229.0,11800.0,20.0,726.0,64,0,156,117,7175.0,10468.0,1704.0,2461.0,235.8,0
1867.0,7313.0,0.0,297.0,20,0,190,122,2921.0,5392.0,28035.0,68624.0,235.8,0
588045.0,752700.0,45454.0,64588.0,1309,1278,610,223,991210.0,791821.0,338460.0,318506.0,235.8,3
5297.0,18841.0,2434.0,6795.0,2178,2775,3021,3750,8768.0,11070.0,954.0,1177.0,235.8,2
1069.0,5307.0,441.0,2810.0,31,0,131,12,1222.0,4106.0,25707.0,51191.0,235.9,0
479591.0,626417.0,56187.0,85384.0,1283,866,0,137,734582.0,604881.0,228200.0,243579.0,235.9,3
6903.0,17602.0,3379.0,6887.0,7192,8566,10087,11589,23716.0,27008.0,1228.0,3012.0,235.9,2
14034.0,25067.0,1040.0,2803.0,171,239,190,103,16678.0,15919.0,4046.0,9824.0,235.9,0
53594.0,85770.0,9621.0,18582.0,171,142,187,96,64439.0,60480.0,53955.0,48555.0,235.9,0
4732.0,11774.0,530.0,1013.0,2802,3127,3832,4313,10215.0,11488.0,909.0,2293.0,236.0,2
5282.0,19708.0,2155.0,5236.0,3846,4410,5091,5834,13004.0,14619.0,1108.0,2649.0,236.0,2
11249.0,25266.0,1682.0,3038.0,5855,6549,7335,8101,16598.0,16520.0,729.0,3685.0,236.0,2
109728.0,173951.0,14271.0,23492.0,104,193,0,109,77373.0,72180.0,27586.0,49299.0,236.0,0
8656.0,12811.0,3651.0,5704.0,3614,3697,4817,4930,15093.0,16100.0,4556.0,3467.0,236.1,2
3959.0,9240.0,1677.0,3938.0,7387,8423,7656,8581,16382.0,18256.0,1377.0,3049.0,236.1,2
12121.0,22922.0,3700.0,6871.0,4788,4843,6058,6425,16537.0,16689.0,738.0,1438.0,236.1,2
10819.0,14561.0,3070.0,5650.0,4874,4352,6075,5800,15716.0,15333.0,3540.0,3103.0,236.2,2
1455.0,7709.0,6.0,526.0,717,1645,823,1996,1935.0,4520.0,1576.0,3093.0,236.3,2
1040.0,5126.0,538.0,3423.0,5034,7804,6412,9999,13769.0,21217.0,0.0,374.0,236.3,2
1226.0,6719.0,298.0,1465.0,533,1794,601,2026,1648.0,4103.0,112.0,134.0,236.3,2
92573.0,132051.0,10980.0,19417.0,119,151,330,147,21636.0,20421.0,15996.0,14848.0,236.4,0
14019.0,24500.0,4027.0,7548.0,201,173,335,199,20313.0,21250.0,3496.0,10360.0,236.4,0
10873.0,16952.0,2394.0,4161.0,3011,3333,4337,4481,11773.0,11228.0,1170.0,2478.0,236.4,2
18798.0,35881.0,4559.0,7159.0,0,92,0,0,28023.0,27622.0,10359.0,18410.0,236.5,-1
7940.0,11052.0,3015.0,4600.0,5541,5796,6516,6717,14791.0,13974.0,1520.0,2307.0,236.6,2
6921.0,16431.0,1637.0,3105.0,2892,2634,4038,4379,10656.0,11391.0,1654.0,2382.0,236.6,2
5639.0,8698.0,1196.0,2064.0,1955,1950,2881,2839,8441.0,8807.0,1707.0,2582.0,236.6,2
37629.0,57912.0,4253.0,6453.0,198,166,326,145,50480.0,48484.0,54477.0,43652.0,236.6,0
8152.0,18039.0,1256.0,4653.0,4898,5439,5885,6506,15919.0,17572.0,2079.0,3550.0,236.7,2
1909.0,8288.0,2519.0,7166.0,1175,1691,1401,2133,3678.0,5463.0,226.0,370.0,236.7,2
20730.0,32629.0,7935.0,13178.0,390,160,156,222,25894.0,22680.0,12656.0,15385.0,236.7,0
28508.0,33129.0,3027.0,4761.0,491,295,122,120,27342.0,25612.0,17615.0,13839.0,236.8,0
29302.0,45774.0,17187.0,27534.0,460,166,127,144,30823.0,29447.0,26489.0,24941.0,236.8,0
6542.0,14975.0,1996.0,4173.0,2284,2685,3020,3397,8478.0,7908.0,2245.0,1426.0,236.9,2
35688.0,58824.0,3918.0,6419.0,1,47,539,253,32408.0,31549.0,12917.0,26392.0,236.9,0
9413.0,17360.0,2458.0,5147.0,3464,3464,4663,5274,12313.0,13217.0,941.0,3261.0,236.9,2
29301.0,45129.0,5317.0,8492.0,254,131,339,155,32766.0,30374.0,25310.0,24104.0,237.0,0
9263.0,21256.0,1040.0,2983.0,6509,7419,6896,7775,17394.0,18173.0,1289.0,3967.0,237.0,2
5174.0,10794.0,1381.0,2325.0,3807,4255,4859,5191,12920.0,13659.0,1281.0,2484.0,237.1,2
11074.0,23904.0,1769.0,2906.0,9129,9565,12386,13137,30437.0,31596.0,2675.0,5998.0,237.1,2
28525.0,42758.0,2815.0,4965.0,418,249,51,26,35336.0,33797.0,14866.0,25840.0,237.1,0
13400.0,33904.0,5426.0,8702.0,4468,4464,5477,5900,15552.0,16297.0,2731.0,3330.0,237.1,2
3485.0,16293.0,327.0,1106.0,5087,6913,6712,9433,12035.0,16388.0,0.0,290.0,237.1,2
62375.0,87056.0,11655.0,20275.0,113,85,80,98,54352.0,51384.0,49387.0,44531.0,237.2,0
2833.0,14419.0,756.0,2794.0,1434,2240,1843,2827,4651.0,7643.0,840.0,1476.0,237.2,2
1524.0,9782.0,669.0,3054.0,505,1249,654,1834,1520.0,4725.0,0.0,233.0,237.2,2
28370.0,44082.0,8526.0,15310.0,0,46,11,51,39628.0,38117.0,38064.0,29156.0,237.3,0
4040.0,7120.0,2525.0,5260.0,2797,2835,4758,4966,12165.0,12273.0,2494.0,3958.0,237.4,2
6284.0,18434.0,4305.0,8982.0,288,253,74,0,13214.0,18666.0,7896.0,11181.0,237.4,-1
3699.0,13890.0,1301.0,5274.0,270,183,84,30,5993.0,16125.0,322.0,393.0,237.4,0
15690.0,21023.0,2435.0,2979.0,7179,6876,8841,8144,21448.0,20011.0,5051.0,3454.0,237.4,2
7875.0,11270.0,2832.0,3154.0,1519,1846,2319,2329,7095.0,6537.0,510.0,982.0,237.4,2
1410610.0,1703160.0,1206550.0,1550310.0,2048,1966,771,563,377632.0,305590.0,209157.0,171313.0,237.4,1
8335.0,26491.0,2894.0,6362.0,2651,2800,3575,3770,9843.0,10036.0,1416.0,2794.0,237.5,2
4726.0,15332.0,1704.0,3461.0,907,1303,1562,2304,3931.0,5871.0,1027.0,944.0,237.5,2
34179.0,38192.0,3479.0,3938.0,0,142,400,175,28030.0,25975.0,18405.0,21026.0,237.5,0
9180.0,18700.0,4895.0,6683.0,4492,4497,5528,5476,15977.0,15700.0,2599.0,4388.0,237.5,2
36059.0,69419.0,23233.0,38743.0,3802,3453,5418,5425,13028.0,13146.0,2029.0,1747.0,237.5,3
28313.0,53260.0,6624.0,12200.0,242,172,58,138,35793.0,33264.0,15208.0,28738.0,237.5,0
2808.0,8778.0,544.0,2292.0,526,1155,744,1863,2126.0,5647.0,1781.0,2396.0,237.6,2
2408.0,7938.0,460.0,1967.0,1842,2488,2108,3044,5863.0,8101.0,0.0,0.0,237.6,2
26003.0,42409.0,4128.0,8593.0,0,192,14,16,40171.0,39818.0,12242.0,24880.0,237.7,0
3421.0,22163.0,793.0,3643.0,1561,3667,1775,4667,4553.0,11093.0,1670.0,3259.0,237.7,2
3819.0,14905.0,1040.0,3067.0,1402,3201,1716,4569,4533.0,10654.0,679.0,2608.0,237.7,2
9449.0,15219.0,2185.0,3840.0,5009,5795,6746,6869,16238.0,16338.0,3119.0,2834.0,237.7,2
42413.0,76006.0,6725.0,9362.0,521,174,482,176,60293.0,56684.0,35280.0,42423.0,237.7,0
19730.0,26200.0,4368.0,7620.0,10993,11242,12879,13195,34775.0,35142.0,2412.0,4063.0,237.7,2
10142.0,25565.0,2549.0,7281.0,5822,5701,7473,8135,19023.0,20733.0,749.0,2362.0,237.8,2
38095.0,49981.0,6474.0,11090.0,168,126,19,66,35376.0,34564.0,30552.0,26252.0,237.8,0
10333.0,20396.0,2911.0,5983.0,6122,6456,8783,8901,21890.0,22611.0,1660.0,2507.0,237.8,2
11396.0,13816.0,4406.0,6732.0,6754,7654,8922,9005,23587.0,22465.0,2602.0,4459.0,237.9,2
43720.0,66626.0,12172.0,17711.0,157,129,48,52,35399.0,33543.0,25598.0,25324.0,238.0,0
13599.0,20664.0,3568.0,4325.0,4299,4048,6260,6186,15582.0,15920.0,2630.0,2777.0,238.0,2
2717.0,8768.0,307.0,851.0,165,59,156,22,8993.0,12056.0,7846.0,9974.0,238.0,0
2438.0,9635.0,145.0,2642.0,89,0,95,0,11142.0,15801.0,4053.0,8585.0,238.0,-1
1266.0,3711.0,0.0,1961.0,23,0,244,124,3559.0,4308.0,4191.0,3888.0,238.0,0
780.0,3871.0,17.0,931.0,180,95,172,124,2935.0,8992.0,13414.0,20262.0,238.0,0
1124450.0,1147160.0,134236.0,143125.0,4894,4011,1107,506,1806890.0,919632.0,775076.0,414725.0,238.0,1
3731.0,8756.0,1596.0,3007.0,1815,2041,2623,2810,5901.0,6373.0,3172.0,2646.0,238.1,2
4121.0,9991.0,2217.0,4289.0,8317,8950,9342,9750,19471.0,20041.0,1264.0,1816.0,238.1,2
7945.0,20163.0,1989.0,3619.0,2634,2572,3736,4075,11717.0,11275.0,3967.0,3216.0,238.1,2
32875.0,50683.0,2609.0,4157.0,15577,16102,20358,21162,52371.0,51569.0,5427.0,9615.0,238.1,2
263030.0,376570.0,120822.0,173020.0,1187,497,635,292,246430.0,219710.0,120769.0,104527.0,238.2,3
29460.0,50191.0,3755.0,4570.0,397,239,73,75,39472.0,39019.0,15730.0,29803.0,238.2,0
36002.0,47225.0,19616.0,31031.0,835,257,160,78,33980.0,30566.0,26711.0,28257.0,238.2,0
7374.0,16244.0,1910.0,4773.0,1419,1485,3236,3756,8563.0,9988.0,1757.0,2204.0,238.2,2
407383.0,578212.0,18406.0,28200.0,3621,2957,516,412,623626.0,508266.0,218431.0,213236.0,238.2,3
1937.0,9349.0,1526.0,4445.0,1299,2964,1862,3886,5166.0,11049.0,1071.0,2635.0,238.3,2
8629.0,13619.0,3431.0,5580.0,5015,5608,6409,7345,18030.0,19741.0,1143.0,1402.0,238.3,2
317231.0,426644.0,73782.0,113461.0,788,676,0,0,209630.0,189190.0,213066.0,180005.0,238.3,-1
3356.0,11831.0,1810.0,4781.0,1918,2481,2727,3678,6404.0,8697.0,658.0,1333.0,238.4,2
20216.0,30168.0,3235.0,5946.0,98,163,294,210,31388.0,29091.0,13566.0,24576.0,238.4,0
47931.0,74987.0,4250.0,6906.0,485,324,379,187,54686.0,48953.0,43094.0,36290.0,238.4,0
7128.0,14238.0,1649.0,3827.0,3708,4217,4597,4943,12503.0,13099.0,2069.0,2963.0,238.4,2
140848.0,207338.0,11445.0,16399.0,0,80,0,120,211700.0,183175.0,95467.0,84381.0,238.5,0
16016.0,27427.0,4454.0,7318.0,182,105,393,197,18071.0,17592.0,5603.0,11550.0,238.6,0
1118.0,6816.0,774.0,3709.0,2266,4224,2729,5158,7172.0,13917.0,792.0,1365.0,238.6,2
1995.0,9047.0,789.0,2221.0,557,1638,636,2041,1813.0,5243.0,138.0,408.0,238.6,2
311887.0,430712.0,69401.0,102539.0,683,627,0,51,177078.0,162091.0,116216.0,100498.0,238.7,3
25041.0,38722.0,1072.0,4938.0,191,205,150,158,29323.0,28130.0,19012.0,20359.0,238.7,0
38181.0,61417.0,2598.0,5626.0,243,218,0,52,30473.0,26447.0,8998.0,15911.0,238.7,0
43774.0,71878.0,2966.0,4467.0,37,175,77,32,48117.0,46747.0,26408.0,42480.0,238.8,0
4441.0,8855.0,775.0,3138.0,2023,2446,2776,3853,7182.0,10453.0,3545.0,3227.0,238.8,2
19550.0,21726.0,2751.0,4746.0,6495,6791,8591,8818,23883.0,23845.0,589.0,3212.0,238.9,2
5177.0,11635.0,1658.0,3627.0,2549,2621,3283,3636,9705.0,10293.0,469.0,2387.0,238.9,2
1531.0,8771.0,1077.0,4215.0,861,1990,736,1997,1859.0,5287.0,910.0,1773.0,238.9,2
1148.0,4111.0,949.0,3377.0,2746,3655,3371,4824,9847.0,14176.0,352.0,531.0,238.9,2
33866.0,60204.0,5968.0,9555.0,488,274,96,76,49477.0,46657.0,21958.0,31773.0,238.9,0
6266.0,20116.0,2341.0,5981.0,4279,4929,5663,6458,14570.0,16842.0,1622.0,2084.0,239.0,2
14654.0,16880.0,3378.0,4643.0,6190,6404,7172,7021,17242.0,17527.0,668.0,1169.0,239.0,2
4566.0,14828.0,1098.0,3448.0,2613,3456,3054,3730,9020.0,10789.0,813.0,3064.0,239.0,2
102718.0,154993.0,4155.0,7333.0,429,215,276,158,100291.0,93708.0,93353.0,80452.0,239.0,0
24186.0,40143.0,9514.0,15667.0,52,25,119,39,30527.0,29558.0,14174.0,20965.0,239.1,0
6747.0,12058.0,3712.0,6578.0,1561,1749,2831,3076,8579.0,9692.0,392.0,2324.0,239.1,2
8609.0,15222.0,1402.0,2203.0,1830,2172,3029,3120,8128.0,7708.0,1602.0,2514.0,239.1,2
13387.0,27988.0,2552.0,4854.0,281,359,143,82,27441.0,26158.0,10771.0,16896.0,239.2,0
20195.0,31327.0,9557.0,14302.0,7,46,163,115,29095.0,28635.0,8598.0,19007.0,239.2,0
4589.0,8868.0,2152.0,4213.0,3677,4005,4855,5157,10988.0,11731.0,2085.0,2083.0,239.3,2
8137.0,16786.0,889.0,1955.0,3892,4021,4666,5423,18919.0,20683.0,1965.0,2861.0,239.4,2
12085.0,19106.0,2023.0,3563.0,6878,7771,9002,9172,23640.0,25412.0,4185.0,4837.0,239.4,2
22875.0,45524.0,8392.0,14947.0,146,150,348,174,34497.0,33267.0,16909.0,19650.0,239.5,0
40713.0,62232.0,23085.0,37958.0,70,102,364,137,51245.0,46920.0,22606.0,34080.0,239.6,0
3026.0,6955.0,1683.0,3571.0,2643,2985,4268,5011,11415.0,12846.0,849.0,1996.0,239.6,2
206776.0,294157.0,72769.0,105095.0,385,220,175,94,110774.0,101267.0,73909.0,62607.0,239.6,3
3282.0,6204.0,2183.0,4400.0,4897,5384,5951,6551,15627.0,17560.0,390.0,2620.0,239.6,2
3916.0,9324.0,604.0,2455.0,3542,3585,4205,4235,8674.0,9730.0,193.0,862.0,239.7,2
42721.0,62058.0,19093.0,32409.0,526,350,0,0,52952.0,51909.0,26186.0,43537.0,239.7,-1
23516.0,33305.0,161.0,4593.0,7415,8113,8591,9452,23312.0,25322.0,2333.0,2901.0,239.7,2
7236.0,14108.0,3347.0,5886.0,1226,1177,2648,2769,8354.0,8546.0,3937.0,4174.0,239.8,2
195977.0,264593.0,40802.0,61300.0,692,306,455,191,304725.0,276134.0,155130.0,137036.0,239.8,3
12752.0,20652.0,3706.0,5445.0,5532,5579,7057,6998,18533.0,18081.0,4034.0,3775.0,239.8,2
6827.0,10102.0,2351.0,3843.0,1440,1181,2380,2321,7265.0,8209.0,2739.0,3130.0,239.8,2
22708.0,39905.0,4327.0,6933.0,206,112,153,47,31455.0,30238.0,8744.0,18620.0,239.8,0
43997.0,69978.0,2710.0,3226.0,179,190,700,251,47215.0,42065.0,46880.0,37704.0,239.9,0
29526.0,40523.0,58165.0,77341.0,7424,6762,9930,9358,21085.0,18772.0,5255.0,4064.0,239.9,1
51613.0,81137.0,28340.0,46525.0,269,176,361,171,54452.0,52114.0,12885.0,30130.0,239.9,0
32424.0,51287.0,10460.0,17085.0,0,158,412,168,21727.0,20485.0,14831.0,16350.0,240.0,0
37114.0,59556.0,4905.0,8437.0,331,180,181,114,42832.0,39800.0,34491.0,35901.0,240.0,0
18865.0,32416.0,5451.0,8879.0,6564,6707,9330,9401,24424.0,24002.0,5901.0,4274.0,240.1,2
8956.0,9602.0,1774.0,3274.0,4465,4159,5108,5378,14071.0,13708.0,3682.0,2980.0,240.1,2
46864.0,74139.0,5928.0,10156.0,328,323,387,177,61946.0,57306.0,32360.0,43599.0,240.2,0
9003.0,21844.0,1580.0,4256.0,9274,10287,11929,12990,25256.0,28328.0,2114.0,3150.0,240.3,2
22688.0,42693.0,4672.0,7008.0,170,139,67,75,41162.0,40439.0,12317.0,26781.0,240.3,0
106125.0,154406.0,9073.0,13514.0,251,307,87,117,121044.0,106582.0,45858.0,54198.0,240.3,0
4603.0,8240.0,2281.0,3947.0,2619,2391,3817,3968,12805.0,12471.0,2017.0,1634.0,240.3,2
5421.0,10907.0,3659.0,4979.0,2866,3089,4457,4518,11980.0,12967.0,1825.0,1988.0,240.3,2
25508.0,41629.0,16501.0,27351.0,221,219,226,174,26374.0,23346.0,17296.0,15233.0,240.4,0
7767.0,15688.0,2022.0,3499.0,3859,3669,5069,5141,13426.0,12684.0,275.0,2176.0,240.4,2
131335.0,204521.0,15483.0,22061.0,527,302,257,119,154889.0,134684.0,63204.0,62440.0,240.4,0
1064.0,3042.0,1392.0,3577.0,1991,2996,2511,3543,6761.0,9513.0,0.0,1500.0,240.6,2
113716.0,163304.0,7623.0,12679.0,394,217,689,256,149613.0,125923.0,79486.0,58700.0,240.6,0
487656.0,647677.0,405281.0,619617.0,26109,26446,37907,36969,65050.0,60450.0,17709.0,14671.0,240.7,1
3221.0,8970.0,1283.0,2558.0,2011,2245,2606,3302,5432.0,6534.0,716.0,1443.0,240.7,2
7624.0,17149.0,1065.0,2849.0,4789,4753,5961,6243,14182.0,15417.0,53.0,1302.0,240.9,2
34983.0,58090.0,15012.0,23829.0,106,178,0,40,34460.0,31833.0,15383.0,25838.0,240.9,0
55353.0,84014.0,6514.0,10465.0,527,357,0,63,63681.0,62732.0,40638.0,55228.0,240.9,0
3025.0,5535.0,978.0,3093.0,4604,4637,5418,5759,11884.0,12272.0,842.0,1027.0,241.0,2
23073.0,30249.0,5395.0,8346.0,626,315,449,199,35040.0,31674.0,22226.0,21928.0,241.0,0
109164.0,165671.0,3270.0,6506.0,113,276,292,131,120464.0,106348.0,41913.0,46303.0,241.0,0
5673.0,12246.0,2145.0,4672.0,5476,6173,6929,7752,16815.0,18030.0,2395.0,2859.0,241.0,2
15751.0,21901.0,1179.0,3006.0,459,280,86,91,18910.0,19884.0,15070.0,13588.0,241.0,0
1477.0,8396.0,666.0,2718.0,1848,3465,2347,4471,5681.0,11697.0,562.0,980.0,241.2,2
60446.0,93896.0,25571.0,37531.0,284,248,80,77,68670.0,62899.0,57745.0,48673.0,241.3,0
6281.0,14076.0,1982.0,4525.0,6721,7639,8471,9347,20477.0,21043.0,2266.0,2815.0,241.3,2
3519.0,14105.0,846.0,3539.0,2208,2998,2638,3718,7083.0,9548.0,229.0,678.0,241.5,2
3393.0,7460.0,61.0,3011.0,4629,5394,5250,6267,13762.0,16936.0,0.0,680.0,241.6,2
3905.0,14338.0,2065.0,3205.0,8006,8836,8439,9035,16926.0,17283.0,1433.0,1180.0,241.6,2
91723.0,121280.0,9827.0,14351.0,103,133,71,144,116828.0,106529.0,41915.0,45020.0,241.6,0
1818.0,5741.0,1230.0,3646.0,5353,6558,6103,7567,12976.0,15828.0,0.0,1157.0,241.6,2
9763.0,17974.0,1368.0,2158.0,4979,5012,7147,7648,20940.0,21441.0,1080.0,4779.0,241.6,2
4150.0,15194.0,585.0,2377.0,2718,3568,3755,5006,9557.0,12662.0,632.0,1058.0,241.7,2
20008.0,35368.0,2741.0,3984.0,8828,8231,11257,10637,26049.0,23209.0,5322.0,4007.0,241.7,2
22861.0,40181.0,1144.0,3749.0,242,176,182,64,33013.0,31312.0,13284.0,21949.0,241.7,0
67854.0,105408.0,20662.0,32596.0,231,315,16,84,45322.0,42048.0,31501.0,33330.0,241.8,0
3123.0,16632.0,262.0,2863.0,209,208,216,125,2850.0,4984.0,2368.0,4181.0,241.8,0
166301.0,223546.0,23449.0,35683.0,322,272,474,198,283947.0,251898.0,104768.0,92455.0,241.8,3
7494.0,13171.0,1797.0,4620.0,4101,4181,6103,6771,14874.0,15850.0,22.0,634.0,241.9,2
62842.0,89596.0,9930.0,16245.0,330,148,166,126,60854.0,57338.0,46450.0,49362.0,241.9,0
25068.0,33957.0,12204.0,21616.0,314,183,109,141,22532.0,22015.0,8025.0,17537.0,241.9,0
15640.0,28956.0,1362.0,2614.0,6286,6317,8115,8183,20810.0,21312.0,1910.0,3789.0,242.0,2
8047.0,19134.0,0.0,585.0,215,140,65,82,23165.0,16271.0,8969.0,5146.0,242.0,0
933.0,4165.0,405.0,1696.0,189,99,196,135,3049.0,4344.0,32974.0,52063.0,242.0,0
763629.0,815124.0,35997.0,42598.0,3744,2853,304,359,1158000.0,891198.0,957703.0,804430.0,242.0,1
20793.0,30194.0,5038.0,8692.0,312,233,384,194,26076.0,25290.0,11183.0,20524.0,242.1,0
12963.0,19875.0,2998.0,6194.0,3774,3805,5379,5435,14571.0,15221.0,758.0,2881.0,242.1,2
4625.0,17102.0,1706.0,3657.0,2346,2585,3450,4045,9347.0,10644.0,335.0,1327.0,242.1,2
1360.0,4626.0,0.0,1406.0,139,41,156,48,4960.0,6060.0,0.0,430.0,242.1,0
1310.0,5751.0,255.0,1043.0,121,110,100,60,1146.0,5015.0,25354.0,46540.0,242.1,0
385992.0,520631.0,40589.0,60662.0,698,641,159,93,572880.0,481804.0,205174.0,216482.0,242.1,3
8035.0,11663.0,4463.0,4807.0,3698,3981,5118,5210,13275.0,13209.0,1491.0,2381.0,242.2,2
12794.0,32593.0,3711.0,6702.0,94,108,327,162,32726.0,32308.0,8937.0,15851.0,242.2,0
3047.0,11628.0,1170.0,3286.0,1474,2002,1905,2545,5974.0,8006.0,39.0,585.0,242.2,2
758289.0,990208.0,164035.0,243404.0,3141,2776,23916,21858,229605.0,186386.0,165526.0,148139.0,242.2,3
24344.0,40336.0,3448.0,6045.0,49,114,0,2,34145.0,31269.0,15006.0,22146.0,242.3,0
4442.0,11057.0,1426.0,4341.0,1703,1779,3806,4348,9880.0,11513.0,1269.0,1361.0,242.3,2
22246.0,26816.0,1591.0,2594.0,4146,4454,6548,6766,18888.0,18426.0,6486.0,5439.0,242.3,2
1319.0,8929.0,571.0,2715.0,562,1364,566,1710,2086.0,6155.0,1283.0,2169.0,242.3,2
2451.0,15048.0,727.0,3059.0,1496,2655,2135,3936,5706.0,10578.0,0.0,0.0,242.3,2
43957.0,64859.0,33596.0,53272.0,372,176,0,39,52561.0,49498.0,41532.0,43405.0,242.4,0
7983.0,13160.0,2125.0,3556.0,3164,3226,4034,4365,10744.0,10948.0,1841.0,1944.0,242.4,2
32710.0,48488.0,2646.0,4551.0,109,136,0,0,33356.0,30441.0,24150.0,22046.0,242.4,-1
54214.0,81305.0,11715.0,19080.0,221,281,182,115,52195.0,49399.0,40980.0,33653.0,242.5,0
5681.0,17282.0,1841.0,3786.0,4384,4846,5721,6193,16722.0,17340.0,2259.0,2662.0,242.6,2
2463.0,6783.0,1000.0,3277.0,1327,1544,1881,2334,5013.0,5669.0,892.0,886.0,242.7,2
133833.0,216699.0,11514.0,21064.0,260,154,0,59,101879.0,85427.0,55665.0,50254.0,242.8,0
16831.0,29666.0,3069.0,5560.0,15968,15572,17133,17221,35661.0,35261.0,4959.0,4761.0,242.8,2
2449.0,10025.0,2380.0,5747.0,2311,2927,2651,3210,7416.0,9268.0,965.0,901.0,243.0,2
71053.0,117837.0,29758.0,45510.0,714,241,146,56,67436.0,64217.0,33121.0,52225.0,243.0,0
2017.0,8564.0,1620.0,4917.0,1407,1824,2016,2578,5488.0,7187.0,319.0,1134.0,243.1,2
1733400.0,1770360.0,191783.0,222968.0,1344,946,4400,4139,320227.0,276256.0,273753.0,238649.0,243.1,1
7574.0,16929.0,1299.0,2375.0,3370,3342,5041,5269,14049.0,13766.0,2478.0,2057.0,243.2,2
25884.0,42753.0,7635.0,11394.0,318,212,27,93,26580.0,26065.0,14962.0,19678.0,243.3,0
4104.0,11211.0,1041.0,2127.0,4029,3791,4735,4968,10612.0,9980.0,1103.0,2341.0,243.3,2
2844.0,15295.0,1136.0,3423.0,1550,3252,2205,4297,6523.0,12668.0,661.0,1561.0,243.3,2
47364.0,77064.0,9156.0,14848.0,278,162,471,153,59907.0,54684.0,51354.0,42511.0,243.3,0
4661.0,6885.0,2217.0,3458.0,2827,2850,3945,4136,12915.0,12668.0,2208.0,2897.0,243.3,2
14424.0,22610.0,6296.0,9792.0,409,214,207,159,17694.0,16454.0,13776.0,12488.0,243.3,0
17499.0,34392.0,3572.0,7228.0,258,253,238,122,22256.0,23794.0,7826.0,12418.0,243.4,0
19099.0,36115.0,2834.0,6042.0,264,169,288,167,21787.0,22011.0,9395.0,15931.0,243.4,0
1576.0,9042.0,820.0,3112.0,840,2544,1077,3405,3346.0,8780.0,653.0,2048.0,243.4,2
224577.0,326936.0,77833.0,113691.0,472,208,412,238,207003.0,169876.0,82117.0,72470.0,243.5,3
62606.0,96217.0,21187.0,32318.0,134,128,365,131,81357.0,71185.0,64918.0,52903.0,243.5,0
737.0,4640.0,817.0,3856.0,666,1346,1062,2322,2738.0,6797.0,202.0,631.0,243.6,2
6472.0,10408.0,988.0,2007.0,3005,2678,4214,4285,10965.0,11514.0,2242.0,1833.0,243.6,2
8060.0,15064.0,3362.0,6543.0,5218,5296,7229,7536,17418.0,17904.0,3508.0,3125.0,243.6,2
40568.0,76222.0,5439.0,8290.0,0,56,121,69,42897.0,40185.0,24109.0,30190.0,243.7,0
12643.0,13037.0,1802.0,3142.0,5036,4732,6024,6038,14081.0,12984.0,2403.0,1964.0,243.7,2
5480.0,19749.0,1920.0,4533.0,4157,4931,5418,6736,14024.0,17250.0,3621.0,2923.0,243.7,2
1024.0,4989.0,0.0,0.0,139,21,144,75,2976.0,5650.0,2110.0,3947.0,243.7,0
1597.0,5961.0,0.0,0.0,62,0,144,39,6789.0,12421.0,3948.0,5415.0,243.7,0
1859.0,7620.0,0.0,0.0,121,67,201,119,3191.0,5077.0,5845.0,7302.0,243.7,0
1370980.0,1228970.0,676742.0,916776.0,5319,3439,1614,877,4271920.0,2801230.0,1902270.0,1213560.0,243.7,1
155221.0,204515.0,8095.0,11682.0,92,223,0,134,149091.0,130454.0,48885.0,52068.0,243.8,0
3406.0,11545.0,1023.0,3718.0,2965,3943,3493,4693,9816.0,13880.0,711.0,1367.0,243.8,2
2614.0,9060.0,221.0,1611.0,393,1369,812,2039,1211.0,4328.0,284.0,441.0,243.8,2
63207.0,98329.0,6328.0,10882.0,281,268,403,215,61142.0,57607.0,34561.0,42591.0,243.8,0
4140.0,10299.0,133.0,1810.0,2488,2596,3043,3297,8217.0,8954.0,560.0,993.0,243.9,2
5534.0,17592.0,2370.0,5636.0,3478,3422,4606,5194,11809.0,12803.0,1670.0,2320.0,243.9,2
4974.0,12397.0,1261.0,2599.0,2779,3261,4134,4716,10312.0,11666.0,311.0,684.0,243.9,2
11131.0,23795.0,3218.0,5507.0,4768,4961,7035,7520,17864.0,18330.0,0.0,2833.0,243.9,2
2350.0,10757.0,762.0,2982.0,1791,3722,2236,4710,5762.0,10523.0,735.0,1417.0,243.9,2
22619.0,35046.0,2717.0,5405.0,3715,3628,5253,5352,16628.0,16475.0,3355.0,3349.0,243.9,2
4532.0,11702.0,1562.0,5109.0,2833,3174,3971,4796,10667.0,12996.0,1035.0,1723.0,244.0,2
7341.0,13132.0,3640.0,7433.0,210,234,228,158,20382.0,21257.0,5296.0,8955.0,244.0,0
6490.0,12982.0,1732.0,5523.0,2592,2808,3144,3394,8301.0,8568.0,340.0,1742.0,244.0,2
1291.0,7038.0,945.0,4795.0,631,1537,674,1505,2066.0,4935.0,1486.0,2422.0,244.1,2
1010.0,4050.0,2523.0,6385.0,3123,3934,3512,4579,10162.0,13359.0,65.0,878.0,244.1,2
27095.0,37900.0,2377.0,6329.0,418,418,5,6,28076.0,25930.0,26140.0,24412.0,244.1,0
8216.0,23982.0,3134.0,6054.0,4806,5312,7002,7969,16141.0,17651.0,1135.0,2442.0,244.1,2
6478.0,11176.0,587.0,2324.0,2237,2225,3007,2960,8190.0,8047.0,959.0,1347.0,244.1,2
36176.0,57922.0,16621.0,27165.0,355,327,213,184,43474.0,38526.0,31197.0,29821.0,244.1,0
6221.0,17511.0,3254.0,5558.0,2311,2515,3592,4046,8567.0,9107.0,1407.0,2604.0,244.2,2
14386.0,14983.0,2537.0,2679.0,5049,5387,6733,6893,16835.0,17539.0,4113.0,3499.0,244.3,2
42280.0,59468.0,18700.0,31372.0,0,236,0,38,46222.0,42820.0,37453.0,37954.0,244.3,0
37542.0,62177.0,13843.0,23279.0,369,309,0,6,35790.0,35026.0,11952.0,24673.0,244.4,0
10495.0,13931.0,2090.0,5644.0,3066,2793,4957,4835,12186.0,11644.0,2388.0,1906.0,244.4,2
18704.0,28267.0,6795.0,11382.0,95,75,16,182,23901.0,22810.0,16499.0,15489.0,244.4,0
27120.0,41471.0,6378.0,11410.0,239,136,46,111,31977.0,31373.0,13895.0,24287.0,244.5,0
31118.0,50047.0,6258.0,9875.0,400,251,0,40,40860.0,37762.0,38040.0,33977.0,244.5,0
101152.0,163510.0,108798.0,152686.0,44605,43580,55050,52552,81182.0,61998.0,31951.0,32277.0,244.5,1
9737.0,21783.0,1467.0,4152.0,5504,5857,7087,7819,16696.0,17835.0,527.0,2755.0,244.7,2
23017.0,33663.0,3759.0,5268.0,3259,3366,7041,7572,17753.0,18802.0,1638.0,5785.0,244.7,2
10442.0,14041.0,1623.0,2626.0,4248,4053,5173,5314,13544.0,13613.0,2274.0,2586.0,244.8,2
2127.0,6216.0,581.0,2533.0,177,193,108,18,3028.0,8477.0,18942.0,37675.0,244.8,0
79196.0,132327.0,14839.0,19668.0,210,144,204,83,129436.0,109457.0,35787.0,46733.0,244.8,0
15905.0,35627.0,3915.0,6749.0,182,149,204,131,30017.0,30294.0,14953.0,20307.0,244.8,0
1800.0,6479.0,260.0,2313.0,125,17,362,184,2410.0,5715.0,868.0,2256.0,244.8,0
14566.0,16368.0,3549.0,5777.0,4604,4397,5989,6033,15943.0,14574.0,2368.0,2155.0,244.8,2
3711.0,12891.0,2317.0,5296.0,2881,3163,3515,4102,10020.0,11997.0,0.0,196.0,245.0,2
175703.0,250332.0,23125.0,34931.0,19,52,0,27,182779.0,156874.0,56873.0,61465.0,245.0,0
2006.0,8657.0,1026.0,3732.0,1917,4235,2176,5243,5784.0,13576.0,1678.0,2723.0,245.1,2
4883.0,18533.0,1009.0,3490.0,1948,4587,2326,5435,5657.0,13647.0,10.0,448.0,245.1,2
7679.0,23569.0,4964.0,9050.0,4095,4671,3676,4022,5724.0,6285.0,246.0,1712.0,245.1,2
55839.0,93006.0,8103.0,10827.0,192,229,177,135,58068.0,54335.0,49966.0,46709.0,245.2,0
1362.0,7895.0,731.0,2832.0,785,2357,1161,3258,3140.0,9255.0,632.0,2035.0,245.2,2
6973.0,11312.0,1397.0,3011.0,2841,3863,3718,4995,8391.0,12722.0,430.0,521.0,245.2,2
1770.0,11712.0,1186.0,6356.0,671,2287,866,2806,2191.0,6033.0,1070.0,3330.0,245.2,2
6379.0,23706.0,2216.0,6767.0,3144,4352,4211,5767,9587.0,13232.0,185.0,504.0,245.2,2
7203.0,12665.0,3010.0,5783.0,5141,5976,6051,6636,16660.0,18527.0,580.0,1694.0,245.3,2
12622.0,26701.0,2983.0,4716.0,4780,5153,6728,7359,15391.0,15768.0,1625.0,2579.0,245.3,2
5178.0,15509.0,1108.0,3776.0,4143,5273,5193,6512,12204.0,15212.0,1573.0,1896.0,245.3,2
12042.0,26774.0,1263.0,2051.0,2488,2662,3719,3573,11223.0,11813.0,4240.0,2782.0,245.3,2
2779.0,7897.0,1972.0,3349.0,5885,6629,7075,7693,17150.0,18429.0,177.0,1419.0,245.5,2
7463.0,21883.0,5417.0,10692.0,3384,3474,4616,4962,14086.0,15039.0,986.0,3237.0,245.5,2
39690.0,54412.0,10057.0,13145.0,483,285,667,247,41769.0,38524.0,38257.0,29071.0,245.5,0
12869.0,25263.0,1733.0,2754.0,9142,9961,11538,12142,27651.0,28371.0,1848.0,3813.0,245.6,2
11040.0,15137.0,2332.0,3396.0,1894,2038,2777,2903,6361.0,6676.0,649.0,1225.0,245.6,2
6819.0,15946.0,484.0,2782.0,1936,1889,3160,3196,8953.0,8919.0,611.0,1608.0,245.6,2
6094.0,21195.0,3719.0,8046.0,11989,13303,10597,11880,24621.0,26452.0,909.0,3466.0,245.7,1
4593.0,9683.0,420.0,2206.0,747,2334,864,2212,2149.0,4842.0,360.0,520.0,245.7,2
3673.0,13056.0,853.0,3176.0,2081,3393,2433,3835,6332.0,9944.0,580.0,974.0,245.7,2
122923.0,197234.0,6670.0,7854.0,215,134,324,161,138783.0,120919.0,48943.0,58492.0,245.7,0
128224.0,195833.0,18985.0,24371.0,252,208,340,149,149291.0,128701.0,59702.0,56161.0,245.8,0
1761.0,9086.0,535.0,2421.0,767,1979,1053,2682,2781.0,7226.0,7386.0,11725.0,245.8,2
636.0,2553.0,1565.0,4957.0,10783,17737,16338,26326,19539.0,28567.0,547.0,1592.0,245.8,1
1265.0,6368.0,823.0,2587.0,1830,7676,2973,11192,3478.0,11610.0,60.0,370.0,245.8,1
41067.0,62183.0,19834.0,30439.0,317,127,220,210,49061.0,46387.0,33109.0,37539.0,245.9,0
1831.0,10291.0,389.0,2119.0,357,1084,452,1582,1417.0,4172.0,472.0,666.0,245.9,2
1843.0,9948.0,923.0,2887.0,1529,2479,2097,3465,5050.0,8437.0,185.0,590.0,246.0,2
2060.0,9666.0,667.0,2623.0,734,1852,891,2671,1639.0,5515.0,484.0,448.0,246.0,2
4933.0,8200.0,1562.0,3460.0,2851,2638,4022,3830,10535.0,10168.0,1625.0,1557.0,246.0,2
5759.0,19800.0,1865.0,4622.0,6286,7642,6648,7715,13852.0,16493.0,0.0,2025.0,246.0,2
4050.0,7795.0,803.0,2935.0,1323,3065,1502,3804,2813.0,6919.0,2210.0,2854.0,246.0,2
5590.0,15344.0,2483.0,4900.0,6935,9593,7098,10004,13648.0,18976.0,0.0,691.0,246.0,2
47252.0,76311.0,27209.0,42970.0,139,316,58,99,52819.0,51381.0,28281.0,44702.0,246.1,0
2455.0,5542.0,1632.0,4699.0,2509,2694,3520,4240,8078.0,9902.0,947.0,1913.0,246.1,2
6014.0,13478.0,2106.0,4513.0,3916,4372,5439,6252,11637.0,12933.0,1427.0,2115.0,246.1,2
50105.0,79826.0,4787.0,9273.0,197,216,335,199,31306.0,31000.0,8521.0,19265.0,246.2,0
15166.0,23013.0,5544.0,8887.0,10714,11611,12582,13521,31368.0,32778.0,3972.0,6097.0,246.2,2
10696.0,31471.0,3618.0,7299.0,9275,10261,10717,11330,24096.0,23253.0,2830.0,4430.0,246.2,2
10562.0,10532.0,2210.0,5570.0,4598,4098,6355,6281,17315.0,16811.0,3244.0,2533.0,246.3,2
14602.0,27563.0,4416.0,8428.0,8205,8865,11152,11812,28129.0,30373.0,3075.0,3811.0,246.3,2
70470.0,100628.0,59948.0,96175.0,249,180,248,217,47985.0,41172.0,45042.0,33090.0,246.3,0
5699.0,15677.0,3007.0,5137.0,2733,3191,3744,4273,12282.0,12007.0,2318.0,2666.0,246.4,2
77565.0,118479.0,7147.0,10914.0,539,457,43,60,33933.0,31049.0,20506.0,25112.0,246.4,0
1032110.0,1066560.0,1850180.0,1911640.0,2800,1925,1044,615,284783.0,214930.0,168600.0,139936.0,246.5,1
29089.0,41265.0,7818.0,13409.0,230,165,330,154,39134.0,37976.0,21607.0,28139.0,246.5,0
741.0,3382.0,1019.0,3096.0,659,1010,898,1917,3200.0,6280.0,747.0,1379.0,246.6,2
2383.0,12347.0,619.0,1765.0,2712,4044,3317,4919,8477.0,12695.0,483.0,1465.0,246.7,2
3989.0,10371.0,789.0,1721.0,949,3007,1128,3192,2880.0,8579.0,398.0,940.0,246.7,2
468476.0,604002.0,43164.0,61658.0,782,725,818,192,682420.0,568767.0,279117.0,208877.0,246.7,3
59922.0,99723.0,19458.0,30356.0,385,314,203,112,49506.0,43331.0,40753.0,38243.0,246.8,0
5425.0,9329.0,1256.0,3042.0,1087,2380,1211,2706,3510.0,7826.0,2105.0,1680.0,246.8,2
3414.0,12267.0,358.0,4071.0,785,1972,961,2689,2429.0,6302.0,361.0,677.0,246.8,2
3246.0,9688.0,801.0,1991.0,1167,1316,2530,2773,8615.0,9652.0,1024.0,1643.0,246.9,2
2522.0,11628.0,1678.0,5192.0,3016,4174,3828,5404,10477.0,14897.0,501.0,1224.0,246.9,2
290121.0,417648.0,153694.0,225616.0,373,377,26,66,241991.0,207090.0,158312.0,119935.0,247.0,3
6410.0,20705.0,2056.0,3860.0,6368,7043,7796,8485,17210.0,18575.0,533.0,2591.0,247.0,2
31066.0,19880.0,6019.0,6605.0,4620,4170,6408,7172,17961.0,16956.0,5935.0,3560.0,247.0,2
32739.0,44963.0,16633.0,27977.0,474,318,30,66,48923.0,44790.0,30973.0,27065.0,247.0,0
71785.0,117142.0,6821.0,9210.0,291,193,510,204,38145.0,34734.0,28789.0,32974.0,247.0,0
55954.0,77023.0,24938.0,39500.0,472,195,11,87,73779.0,70772.0,53554.0,49091.0,247.0,0
10436.0,18344.0,2904.0,4346.0,3680,3842,4943,5245,13532.0,13620.0,1895.0,3067.0,247.1,2
5655.0,7725.0,1903.0,3715.0,2192,2286,3936,4009,10649.0,10960.0,2041.0,2512.0,247.1,2
7488.0,19252.0,1024.0,2825.0,2310,2389,3352,3306,9826.0,10090.0,3507.0,2891.0,247.1,2
61381.0,105668.0,10397.0,16956.0,300,165,64,69,85331.0,72495.0,17837.0,28156.0,247.1,0
3687.0,9160.0,1069.0,3183.0,3612,3856,4669,5036,11785.0,12863.0,250.0,2598.0,247.2,2
8572.0,15281.0,1816.0,3416.0,2304,2244,3225,3178,9303.0,8156.0,2684.0,1711.0,247.2,2
1866.0,12038.0,866.0,3395.0,1671,2960,2313,4283,6310.0,11853.0,950.0,1537.0,247.3,2
12262.0,17960.0,949.0,1500.0,2109,2277,3333,3342,9354.0,8713.0,2342.0,1981.0,247.4,2
3686.0,11857.0,1213.0,3714.0,4309,5433,4555,5752,8773.0,11038.0,30.0,964.0,247.4,2
365960.0,554853.0,37856.0,59378.0,628,410,0,13,57633.0,50655.0,28571.0,27794.0,247.4,3
11715.0,22538.0,1847.0,5475.0,5680,6415,8007,8702,19366.0,20127.0,863.0,3330.0,247.5,2
18408.0,30936.0,4241.0,6020.0,221,259,193,99,21190.0,20646.0,4271.0,9668.0,247.5,0
13901.0,36107.0,3172.0,5874.0,7666,7637,10136,10562,28005.0,29115.0,7689.0,7079.0,247.5,2
40603.0,64120.0,12992.0,23302.0,408,223,0,0,40727.0,37556.0,32293.0,29069.0,247.5,-1
21803.0,44958.0,6076.0,11548.0,396,311,39,5,27030.0,28446.0,6587.0,18531.0,247.6,0
3756.0,13514.0,1029.0,2833.0,1903,2281,2575,3112,7856.0,9289.0,492.0,1346.0,247.6,2
2986.0,10409.0,1678.0,5722.0,2583,3217,3557,4604,8183.0,10473.0,457.0,2022.0,247.6,2
9547.0,13188.0,1690.0,2403.0,8308,7813,8809,9230,19362.0,19212.0,2894.0,3124.0,247.6,2
50087.0,69385.0,20888.0,32407.0,293,176,298,171,56956.0,53520.0,42027.0,40798.0,247.7,0
17416.0,26397.0,5453.0,8178.0,71,143,89,111,27250.0,28265.0,6415.0,13819.0,247.7,0
55403.0,72305.0,34423.0,55291.0,305,254,253,148,64915.0,58316.0,16728.0,16808.0,247.7,0
5652.0,18465.0,1220.0,3684.0,3400,4007,4014,4512,9436.0,10063.0,554.0,900.0,247.7,2
16131.0,28253.0,2068.0,4279.0,4378,4644,6389,6350,18435.0,18586.0,3935.0,6003.0,247.8,2
3213.0,9721.0,1144.0,3138.0,1182,1323,2784,3303,7200.0,8464.0,922.0,2148.0,247.8,2
2566.0,8489.0,911.0,3347.0,2280,3859,3210,4998,7853.0,12123.0,457.0,967.0,247.9,2
1607.0,4377.0,300.0,1828.0,346,504,272,219,5981.0,8604.0,3346.0,3105.0,247.9,0
2091.0,7834.0,0.0,0.0,314,353,266,118,11161.0,10883.0,1503.0,1680.0,247.9,0
1280.0,5916.0,276.0,1139.0,360,744,158,486,2787.0,4999.0,77431.0,121218.0,247.9,3
720292.0,871855.0,98293.0,139744.0,64635,59899,76836,72164,808453.0,662316.0,622832.0,474830.0,247.9,1
8946.0,18305.0,4921.0,8199.0,5172,5948,5884,6082,15482.0,15363.0,1187.0,2523.0,248.0,2
139376.0,232486.0,18787.0,31122.0,221,188,134,82,36685.0,36842.0,25940.0,32001.0,248.0,3
6461.0,9802.0,3124.0,5923.0,1000,935,2181,2384,5851.0,6260.0,3378.0,3491.0,248.1,2
83035.0,134004.0,6474.0,9724.0,25,146,0,46,125916.0,104931.0,39979.0,39778.0,248.1,0
5897.0,15259.0,944.0,1883.0,4282,4852,6406,7084,17043.0,19332.0,1322.0,3252.0,248.2,2
150100.0,223615.0,28223.0,40614.0,0,170,89,67,223286.0,184133.0,95870.0,95052.0,248.2,0
2012.0,8942.0,0.0,394.0,249,211,100,0,2291.0,4117.0,813.0,1111.0,248.2,-1
297969.0,419575.0,22507.0,31260.0,566,601,102,75,411137.0,349975.0,138994.0,128536.0,248.2,3
1154.0,6187.0,0.0,0.0,116,71,149,26,3151.0,6207.0,375.0,706.0,248.3,0
407717.0,555884.0,28154.0,41213.0,771,743,510,179,541349.0,455599.0,125055.0,141570.0,248.3,3
2341370.0,1366410.0,6452870.0,3870970.0,23056,8718,7297,2640,331160.0,222127.0,209458.0,121860.0,248.4,1
517272.0,680423.0,163939.0,247857.0,668,331,452,161,464007.0,389001.0,192004.0,189502.0,248.4,3
5559.0,14591.0,2720.0,5941.0,3037,2949,5014,5713,14035.0,16258.0,275.0,1243.0,248.4,2
4281.0,9032.0,4911.0,9577.0,2769,2913,4482,4565,14880.0,15336.0,2696.0,3816.0,248.4,2
4216.0,8691.0,746.0,3261.0,1571,1855,2073,2522,5231.0,5727.0,1836.0,1491.0,248.4,2
14016.0,14008.0,3613.0,5342.0,1641,2097,5044,5216,14555.0,14688.0,5238.0,5831.0,248.4,2
61320.0,100098.0,7103.0,11703.0,3639,3350,5231,5106,13507.0,12083.0,2318.0,3231.0,248.5,3
3916.0,7218.0,1436.0,3128.0,2426,2671,3796,4035,10010.0,9871.0,939.0,3416.0,248.5,2
8475.0,16015.0,2143.0,5256.0,10334,10253,11361,11721,23012.0,23411.0,1876.0,3539.0,248.6,2
7229.0,9704.0,6061.0,7388.0,5274,5605,5648,5884,13640.0,14012.0,2342.0,2998.0,248.6,2
4812.0,13808.0,506.0,2927.0,2132,2575,3280,3785,9598.0,11580.0,1430.0,1825.0,248.7,2
4204.0,12887.0,1550.0,4646.0,2349,2465,3339,3638,7829.0,8733.0,211.0,1287.0,248.7,2
1944.0,10161.0,1088.0,3772.0,2773,4902,2912,5003,7375.0,12384.0,0.0,1263.0,248.7,2
32082.0,38276.0,5108.0,10168.0,37,71,247,132,31788.0,30333.0,11981.0,23129.0,248.7,0
8631.0,10576.0,272.0,1262.0,1423,1521,1902,1961,7179.0,7032.0,92.0,1127.0,248.7,2
35157.0,56261.0,9454.0,15135.0,0,199,396,233,48968.0,46991.0,24658.0,37028.0,248.8,0
10609.0,22400.0,1776.0,4198.0,2751,2939,4763,4850,11248.0,11634.0,3171.0,2927.0,248.8,2
6831.0,17682.0,1900.0,4371.0,3295,3639,3757,4004,11260.0,12701.0,1392.0,2053.0,248.9,2
33738.0,54539.0,9858.0,17306.0,640,295,196,187,39026.0,35870.0,22601.0,34215.0,248.9,0
5184.0,14547.0,1889.0,4346.0,2168,2839,3275,4075,8154.0,10233.0,950.0,1323.0,248.9,2
16775.0,14982.0,2715.0,5754.0,6527,6526,7230,7376,19444.0,19695.0,4309.0,4110.0,249.0,2
30634.0,58081.0,569.0,2455.0,0,8,0,63,41147.0,35400.0,27947.0,26674.0,249.0,0
59584.0,84396.0,4330.0,8391.0,231,252,155,219,59770.0,54039.0,48560.0,42299.0,249.0,0
63040.0,95962.0,4993.0,7987.0,255,251,326,129,39659.0,36734.0,28629.0,28091.0,249.0,0
74818.0,119761.0,9954.0,17083.0,0,85,128,195,85158.0,77071.0,56617.0,53735.0,249.0,0
118680.0,181340.0,37292.0,57559.0,556,305,131,138,185449.0,160235.0,88905.0,71589.0,249.1,0
5498.0,7743.0,4059.0,5264.0,1934,1729,2824,2697,8076.0,7595.0,1199.0,1619.0,249.1,2
1421.0,6401.0,3960.0,9537.0,240,102,83,0,25077.0,29250.0,1950.0,2563.0,249.1,-1
975.0,6003.0,375.0,2771.0,215,151,105,0,4179.0,9494.0,2391.0,4633.0,249.1,-1
1176660.0,1037060.0,2112600.0,2439120.0,11557,8042,1592,892,1970780.0,1103340.0,774233.0,464156.0,249.1,1
2883.0,16703.0,1179.0,4842.0,1924,5010,2058,5132,5073.0,11830.0,1480.0,2223.0,249.1,2
1952.0,10843.0,781.0,3753.0,2459,5475,2701,5674,6400.0,13087.0,738.0,1774.0,249.1,2
14726.0,20759.0,9420.0,14807.0,6011,5979,8544,8381,23957.0,22593.0,6438.0,4760.0,249.2,2
18013.0,22744.0,3834.0,6302.0,3937,4320,6725,6633,18104.0,18220.0,4782.0,6896.0,249.2,2
11648.0,32359.0,1553.0,2597.0,4897,4615,7294,6925,20684.0,18970.0,3685.0,5629.0,249.3,2
11744.0,22481.0,2995.0,5120.0,9272,9999,10485,10777,27235.0,27936.0,2871.0,4306.0,249.3,2
42589.0,75474.0,13715.0,21329.0,239,186,0,83,53119.0,50429.0,29265.0,42072.0,249.3,0
15994.0,23167.0,3680.0,8063.0,7218,7707,9579,10023,28290.0,29045.0,1316.0,3300.0,249.3,2
15543.0,28210.0,2162.0,3320.0,2407,2351,3402,2972,10338.0,10769.0,2254.0,2547.0,249.4,2
5997.0,14427.0,2638.0,5655.0,3959,4376,5550,6282,16827.0,18277.0,1429.0,2163.0,249.4,2
7708.0,13264.0,2731.0,4228.0,2752,2754,4076,4124,10022.0,9408.0,1605.0,1861.0,249.5,2
65043.0,112474.0,41095.0,68714.0,218,211,71,53,64556.0,60892.0,27212.0,42753.0,249.5,0
6628.0,12655.0,1872.0,3977.0,1250,1342,3532,3653,8933.0,8973.0,772.0,1370.0,249.6,2
18104.0,22499.0,6591.0,10128.0,5830,5859,8279,8143,24569.0,23111.0,7119.0,6812.0,249.6,2
32580.0,45132.0,9348.0,11898.0,2120,1769,4549,4285,14115.0,13616.0,3703.0,4421.0,249.6,3
17974.0,32840.0,4626.0,7128.0,3669,3361,4486,4373,14604.0,14086.0,5209.0,4144.0,249.8,2
66651.0,94670.0,39616.0,64939.0,439,228,199,160,73845.0,68800.0,35403.0,48511.0,249.8,0
1427.0,8881.0,1536.0,6115.0,966,2843,1145,2987,2902.0,8212.0,919.0,1543.0,249.8,2
321946.0,429431.0,264982.0,352831.0,1058,782,171,272,50382.0,45408.0,30613.0,36489.0,249.9,3
33807.0,51802.0,9355.0,14511.0,186,185,491,232,55927.0,53012.0,25955.0,38266.0,249.9,0
74640.0,128450.0,9713.0,16750.0,483,187,0,127,67464.0,61470.0,57681.0,53943.0,250.0,0
408976.0,548342.0,136713.0,208220.0,843,810,276,241,213091.0,184361.0,211084.0,166088.0,250.0,3
6442.0,11084.0,1206.0,2661.0,3732,4213,4388,4507,9977.0,9922.0,6.0,1605.0,250.4,2
55048.0,83425.0,9166.0,16062.0,284,212,259,104,27231.0,25439.0,14293.0,19001.0,250.4,0
760.0,3891.0,367.0,2850.0,526,1582,512,1471,1593.0,4080.0,1398.0,3171.0,250.4,2
1783.0,6105.0,1354.0,4261.0,2693,3837,3416,4940,9964.0,14346.0,0.0,0.0,250.4,2
1166.0,5458.0,1682.0,5865.0,183,78,143,44,3278.0,5237.0,1132.0,1647.0,250.4,0
1529410.0,1122780.0,4012060.0,3600060.0,9736,4080,1810,865,528075.0,416872.0,179640.0,168036.0,250.4,1
5933.0,13407.0,3824.0,7401.0,11409,11238,11911,12549,25022.0,24704.0,2306.0,2543.0,250.5,2
1741600.0,1440360.0,3022400.0,2891800.0,5290,2864,1741,797,368858.0,299273.0,141731.0,115984.0,250.5,1
15456.0,22354.0,3436.0,4887.0,5166,4790,7142,6919,19689.0,19709.0,6546.0,5353.0,250.5,2
3134.0,12455.0,772.0,2360.0,1108,2239,1213,2706,2834.0,6169.0,1880.0,1871.0,250.5,2
1011.0,6597.0,643.0,3284.0,375,1100,576,1779,1549.0,4617.0,355.0,523.0,250.5,2
3783.0,7313.0,2389.0,4737.0,3826,4215,4095,4516,12016.0,12500.0,1939.0,1819.0,250.6,2
27849.0,44298.0,16942.0,27539.0,142,181,100,88,33540.0,33140.0,31206.0,26992.0,250.6,0
5218.0,17726.0,1797.0,5437.0,4713,6100,6280,8632,16496.0,22005.0,720.0,1167.0,250.7,2
9108.0,17082.0,1744.0,4281.0,3171,3164,4062,4080,11605.0,12078.0,1807.0,3667.0,250.8,2
13260.0,17602.0,7238.0,9076.0,17806,17628,17073,16902,40721.0,37249.0,3864.0,4006.0,250.8,1
9010.0,16908.0,3805.0,5143.0,9894,10163,13086,13703,31178.0,31622.0,4124.0,4658.0,250.9,2
18448.0,34997.0,2349.0,3498.0,10798,10767,14496,14674,39410.0,38437.0,2467.0,9298.0,251.0,2
5500.0,9279.0,1834.0,2200.0,104,140,0,72,7613.0,5677.0,2747.0,2006.0,251.0,0
351255.0,475622.0,21602.0,31074.0,526,282,149,115,440835.0,367044.0,218353.0,172835.0,251.0,3
40973.0,67187.0,23144.0,36875.0,104,137,0,9,47019.0,45294.0,38950.0,35075.0,251.0,0
4847.0,15512.0,1026.0,2300.0,3976,4763,4578,5563,12044.0,14248.0,1071.0,1391.0,251.1,2
4696.0,9214.0,1620.0,4685.0,6299,7180,7890,8441,15231.0,16132.0,976.0,1479.0,251.1,2
4949.0,9234.0,4485.0,6739.0,56,9,182,83,6776.0,4093.0,6196.0,4126.0,251.1,0
639076.0,771098.0,752404.0,916081.0,2447,1634,1019,585,298995.0,254004.0,136084.0,114307.0,251.1,1
1619.0,10099.0,1150.0,5426.0,2265,4130,2615,4795,6082.0,11083.0,366.0,539.0,251.2,2
19634.0,33285.0,10776.0,19173.0,423,351,163,120,32076.0,32729.0,11570.0,19663.0,251.3,0
521352.0,660558.0,171128.0,240656.0,698,653,433,223,347034.0,295097.0,163854.0,146900.0,251.3,3
64504.0,100403.0,13909.0,18547.0,320,180,0,54,51865.0,49803.0,46071.0,40010.0,251.4,0
13366.0,25944.0,2756.0,5886.0,5510,5968,8712,9814,21320.0,22464.0,1536.0,3113.0,251.4,2
4234.0,11800.0,1421.0,3895.0,3735,4600,5291,6554,13769.0,16671.0,342.0,3178.0,251.4,2
1766.0,11570.0,8.0,2071.0,222,155,140,31,2592.0,4246.0,45.0,359.0,251.4,0
5355.0,17236.0,576.0,2329.0,167,129,141,56,3691.0,7240.0,29424.0,53151.0,251.4,0
121504.0,182307.0,29471.0,44753.0,372,283,185,100,220010.0,187813.0,57713.0,70933.0,251.4,0
77748.0,118063.0,61758.0,85275.0,164,148,428,128,87356.0,80728.0,85776.0,63775.0,251.4,0
8598.0,29736.0,638.0,2511.0,3648,3814,4815,5674,12312.0,14096.0,74.0,2302.0,251.5,2
145960.0,228912.0,8308.0,14083.0,300,190,392,162,167860.0,147697.0,52178.0,60526.0,251.5,0
46616.0,71930.0,24138.0,39111.0,0,133,125,59,37408.0,34039.0,37401.0,28235.0,251.6,0
61406.0,84547.0,13890.0,19302.0,625,375,194,149,51388.0,48217.0,25167.0,34714.0,251.6,0
1861.0,6894.0,3031.0,8553.0,2557,4270,3147,5055,5883.0,10235.0,121.0,917.0,251.7,2
33307.0,58948.0,22531.0,37499.0,287,350,0,0,63869.0,61118.0,23532.0,42755.0,251.7,-1
19741.0,25984.0,3874.0,4824.0,3856,4430,5672,5926,16749.0,16631.0,4851.0,4743.0,251.7,2
29283.0,42992.0,11044.0,16118.0,530,492,0,40,26935.0,23684.0,25421.0,19654.0,251.7,0
31406.0,46645.0,3373.0,5856.0,0,31,26,25,40984.0,39486.0,14983.0,26607.0,251.7,0
6424.0,15718.0,1239.0,2724.0,3769,4183,5218,6191,13961.0,16229.0,758.0,2862.0,251.8,2
2352.0,10938.0,200.0,1561.0,5836,14303,7594,17782,17789.0,31668.0,2921.0,9486.0,251.9,1
32409.0,56519.0,1620.0,5135.0,8414,8313,12748,12881,32233.0,32397.0,5956.0,6146.0,251.9,2
3228.0,14107.0,492.0,1977.0,1733,2731,2353,3650,4786.0,6909.0,0.0,116.0,251.9,2
6676.0,14007.0,5099.0,8436.0,4572,4583,6661,6840,16250.0,16699.0,3572.0,4786.0,252.0,2
558.0,2370.0,3.0,921.0,174,85,166,144,1300.0,4068.0,14722.0,24378.0,252.0,0
277564.0,370261.0,30683.0,47730.0,385,322,297,139,247442.0,215110.0,121320.0,114646.0,252.0,3
6808.0,13881.0,1903.0,3274.0,4245,4709,5797,6451,14176.0,15266.0,378.0,1446.0,252.0,2
7205.0,11670.0,2425.0,4379.0,6162,6695,8036,7803,20221.0,20468.0,2289.0,4073.0,252.0,2
31762.0,44645.0,9312.0,16374.0,23,149,177,90,39317.0,37592.0,14299.0,25419.0,252.1,0
14316.0,23140.0,3678.0,5111.0,5748,5730,6715,6763,16678.0,15679.0,5734.0,3754.0,252.1,2
6271.0,14129.0,1687.0,4589.0,2516,2688,3434,3921,9912.0,10763.0,1164.0,2210.0,252.2,2
796.0,3626.0,0.0,993.0,521,1349,610,1648,1544.0,4481.0,0.0,310.0,252.2,2
117218.0,172157.0,10383.0,16251.0,188,137,122,89,191063.0,156558.0,76601.0,75031.0,252.2,0
56426.0,78795.0,23709.0,37214.0,58,173,219,107,50142.0,48933.0,24193.0,38975.0,252.2,0
8177.0,10134.0,3730.0,3776.0,279,157,417,248,9609.0,4411.0,2335.0,1033.0,252.3,0
227895.0,312952.0,22478.0,33295.0,1148,364,677,224,318349.0,262980.0,148148.0,109008.0,252.3,3
2793.0,8698.0,1544.0,2809.0,3727,4595,4425,5485,10711.0,13756.0,507.0,1946.0,252.3,2
4825.0,10141.0,2228.0,4168.0,2464,2583,3206,3406,9556.0,9748.0,1400.0,1956.0,252.3,2
1129240.0,980927.0,4453830.0,5083580.0,2866,2050,1540,750,291266.0,251951.0,138657.0,121091.0,252.4,1
22343.0,33900.0,0.0,2633.0,7240,7337,10378,10795,28481.0,28722.0,4164.0,5935.0,252.4,2
9355.0,18490.0,3050.0,4950.0,2639,2301,3807,3612,10628.0,9402.0,2535.0,2842.0,252.4,2
11737.0,16048.0,3640.0,4984.0,6602,6298,7259,6989,16657.0,15871.0,3317.0,2688.0,252.4,2
19315.0,36592.0,5487.0,8766.0,8366,8482,10932,11613,29227.0,30693.0,3432.0,5059.0,252.5,2
29165.0,46789.0,3053.0,5514.0,315,283,206,187,35917.0,32413.0,21923.0,25513.0,252.5,0
10488.0,19784.0,2253.0,2329.0,3259,3156,4799,5373,13762.0,14713.0,370.0,3671.0,252.6,2
23542.0,40305.0,7096.0,12578.0,239,108,209,88,46268.0,44068.0,25573.0,33988.0,252.6,0
28154.0,42332.0,4650.0,6983.0,364,160,0,0,35643.0,30674.0,16963.0,21374.0,252.6,-1
46450.0,68692.0,4277.0,6124.0,459,208,0,115,46324.0,46191.0,26773.0,37569.0,252.6,0
10630.0,15243.0,2971.0,5833.0,4961,5019,5995,5893,14928.0,14323.0,3928.0,3847.0,252.8,2
5167.0,8418.0,2430.0,3623.0,4009,4212,5478,5956,14700.0,15850.0,1678.0,2587.0,252.9,2
4312.0,15527.0,940.0,2588.0,3968,4652,4653,5738,9917.0,11670.0,0.0,2345.0,252.9,2
77009.0,125684.0,43033.0,60317.0,2383,2383,6832,6568,18185.0,17830.0,10637.0,8188.0,253.0,3
5195.0,16670.0,2447.0,6889.0,2938,3110,3850,4195,10575.0,11786.0,966.0,2248.0,253.0,2
7244.0,15262.0,760.0,2602.0,3932,3940,4458,4458,11822.0,11458.0,972.0,2115.0,253.0,2
2111.0,7086.0,616.0,2468.0,2619,3380,3367,4371,8288.0,10555.0,1348.0,2032.0,253.1,2
9775.0,16082.0,2997.0,6840.0,1709,1611,4666,4686,11849.0,12066.0,3055.0,3301.0,253.1,2
4194.0,13943.0,2339.0,5396.0,3226,3280,4931,5325,13411.0,14882.0,836.0,1370.0,253.1,2
12474.0,22287.0,2219.0,5229.0,5440,4936,7723,7592,21613.0,21327.0,4078.0,4625.0,253.1,2
17222.0,34610.0,11600.0,20674.0,1451,1479,3598,3803,10149.0,10861.0,1647.0,4033.0,253.2,3
25097.0,27385.0,6244.0,9620.0,412,294,2,26,28870.0,26106.0,20338.0,20849.0,253.2,0
22156.0,36431.0,2758.0,4666.0,7114,7252,9674,9732,28341.0,27456.0,1991.0,5668.0,253.3,2
36474.0,57312.0,4978.0,7037.0,493,310,279,122,56979.0,52965.0,27671.0,38148.0,253.3,0
40315.0,51294.0,22222.0,35071.0,86,100,124,114,36317.0,32705.0,29338.0,23941.0,253.4,0
2922.0,8380.0,0.0,516.0,47,7,181,77,2927.0,4804.0,1169.0,1375.0,253.4,0
2433.0,6597.0,267.0,1288.0,103,124,87,15,6317.0,6134.0,0.0,132.0,253.4,0
432418.0,568907.0,63457.0,94211.0,1082,921,141,190,519895.0,419617.0,234617.0,193605.0,253.4,3
52533.0,76694.0,5848.0,8824.0,192,197,210,141,55004.0,51717.0,41018.0,48393.0,253.4,0
4129.0,12219.0,2422.0,4841.0,1169,1959,2022,3443,5237.0,8447.0,2386.0,2156.0,253.4,2
44677.0,75729.0,6953.0,11375.0,445,194,175,132,44220.0,43272.0,28953.0,33669.0,253.5,0
4678.0,16111.0,2995.0,5443.0,3920,4474,5317,6460,15383.0,17823.0,1155.0,1625.0,253.5,2
5001.0,10702.0,1659.0,3194.0,2761,2930,3797,3944,9270.0,9485.0,1380.0,2494.0,253.5,2
4733.0,19961.0,1126.0,3408.0,2189,2768,2787,3530,8995.0,11198.0,177.0,181.0,253.5,2
27982.0,57701.0,7782.0,13666.0,119,32,83,51,37292.0,36076.0,11011.0,24546.0,253.6,0
26500.0,39860.0,7091.0,11905.0,569,288,86,52,34988.0,33212.0,16266.0,22621.0,253.6,0
17009.0,30547.0,2065.0,5652.0,4018,4051,5647,5555,16497.0,16442.0,2218.0,4217.0,253.6,2
244677.0,343829.0,23085.0,37096.0,631,544,588,238,162889.0,150122.0,147526.0,140728.0,253.7,3
29406.0,49522.0,10858.0,17453.0,354,147,0,68,34152.0,32646.0,9240.0,19951.0,253.7,0
16289.0,24951.0,3117.0,5750.0,7415,7005,9036,9199,25691.0,25340.0,2912.0,4974.0,253.7,2
37826.0,55797.0,3017.0,3892.0,160,196,291,130,41229.0,39335.0,17700.0,30712.0,253.8,0
2838.0,8938.0,666.0,2951.0,605,914,706,1318,2355.0,4630.0,1137.0,1973.0,253.8,2
13035.0,20460.0,3494.0,6650.0,5289,5680,6964,7124,16595.0,15956.0,430.0,3688.0,253.8,2
2052.0,12540.0,233.0,1377.0,1028,1851,1283,2168,4149.0,7504.0,963.0,1635.0,253.9,2
933.0,5553.0,889.0,3684.0,1710,3191,2127,4176,5042.0,10220.0,857.0,1402.0,253.9,2
1880.0,11737.0,0.0,88.0,149,28,103,0,2757.0,5784.0,14095.0,29300.0,253.9,-1
691701.0,709014.0,126175.0,187357.0,3195,2387,181,209,1595270.0,1194330.0,784758.0,632916.0,253.9,1
9130.0,14358.0,3000.0,4334.0,5073,4574,6514,6647,16187.0,14942.0,3517.0,3863.0,253.9,2
3990.0,10992.0,384.0,2304.0,961,2252,1167,3202,3197.0,8276.0,2852.0,3121.0,254.0,2
1732.0,10084.0,128.0,1194.0,1970,3280,2701,4813,6660.0,11980.0,0.0,166.0,254.0,2
3037.0,11376.0,0.0,869.0,1387,2433,1835,3452,4280.0,8674.0,320.0,369.0,254.0,2
6066.0,10506.0,4681.0,9433.0,5106,6069,6438,7400,15803.0,17669.0,2459.0,3135.0,254.0,2
31661.0,44169.0,5196.0,7162.0,266,123,49,73,47158.0,43246.0,26964.0,34351.0,254.0,0
10056.0,11045.0,1036.0,2975.0,3226,3181,5470,5267,14064.0,12961.0,2911.0,2973.0,254.1,2
2886.0,14073.0,993.0,3001.0,2809,4232,3857,5743,8853.0,13564.0,971.0,1815.0,254.2,2
43383.0,69837.0,11854.0,18577.0,270,173,11,42,42116.0,37240.0,23868.0,31493.0,254.2,0
1488.0,7516.0,1464.0,5407.0,1730,2801,2490,3883,6055.0,9578.0,746.0,2184.0,254.3,2
242068.0,345044.0,27279.0,42457.0,536,460,226,134,152859.0,135595.0,87509.0,70837.0,254.3,3
1902.0,7680.0,0.0,850.0,136,53,125,18,4521.0,4051.0,1360.0,2227.0,254.3,0
483047.0,642388.0,166725.0,243679.0,1635,1184,0,31,447247.0,341240.0,197085.0,160947.0,254.3,3
33716.0,49943.0,8455.0,13007.0,145,120,156,81,29449.0,26345.0,27846.0,22972.0,254.4,0
4747.0,13977.0,964.0,1929.0,982,1090,2094,2753,5256.0,7418.0,2195.0,2996.0,254.4,2
1825.0,11713.0,377.0,1897.0,1363,3245,1811,4422,4728.0,10924.0,661.0,1240.0,254.4,2
77629.0,120296.0,16650.0,24777.0,158,214,0,0,42736.0,38140.0,28556.0,33815.0,254.5,-1
5985.0,13899.0,1122.0,2671.0,1698,3967,2233,5070,5639.0,11875.0,2537.0,2557.0,254.5,2
1025.0,6062.0,782.0,2933.0,1969,4347,2487,5401,6268.0,12985.0,411.0,537.0,254.5,2
5394.0,9534.0,2573.0,5060.0,4825,4755,4912,5351,10199.0,11110.0,281.0,578.0,254.5,2
6582.0,10397.0,1459.0,3175.0,6006,5598,6198,6017,12466.0,11220.0,348.0,1544.0,254.5,2
20326.0,24615.0,791.0,2097.0,10473,10529,13899,13572,34377.0,32392.0,2844.0,6090.0,254.6,2
46264.0,72076.0,4847.0,7860.0,8030,8225,12059,12336,38040.0,38710.0,4253.0,7525.0,254.6,1
958.0,3844.0,295.0,1140.0,40,0,247,169,3639.0,5482.0,1058.0,1424.0,254.6,0
730.0,3262.0,391.0,2369.0,152,95,179,76,2608.0,4466.0,39.0,590.0,254.6,0
843250.0,1052880.0,376040.0,525097.0,1613,1599,696,367,483506.0,414844.0,256185.0,193576.0,254.6,3
24290.0,43863.0,7077.0,11781.0,47,161,228,115,34179.0,32044.0,14833.0,22249.0,254.6,0
3309.0,8087.0,1009.0,2057.0,3378,3689,4549,4944,9724.0,10652.0,1567.0,2940.0,254.7,2
31618.0,52645.0,13504.0,18252.0,145,76,332,171,29734.0,28296.0,16957.0,24613.0,254.7,0
12624.0,10311.0,1297.0,1513.0,2971,3264,4694,4493,13707.0,12972.0,2370.0,2489.0,254.7,2
9939.0,20848.0,866.0,1960.0,9072,9974,11936,13014,26932.0,29225.0,3568.0,6283.0,254.8,2
1141.0,4570.0,307.0,2263.0,502,1033,586,1598,2003.0,4632.0,0.0,191.0,254.8,2
4207.0,5338.0,2150.0,2972.0,6232,6110,6570,6872,15968.0,17163.0,3172.0,3534.0,254.8,2
970.0,3024.0,1239.0,3430.0,1224,2535,1337,2886,3917.0,8040.0,782.0,758.0,254.8,2
16418.0,31816.0,4979.0,5325.0,3490,3963,4229,4244,12444.0,13037.0,4030.0,3628.0,254.8,2
3105.0,10481.0,1220.0,4015.0,1145,1392,1655,2013,3870.0,5300.0,630.0,939.0,254.8,2
21972.0,41541.0,7803.0,13136.0,88,147,0,106,29100.0,28816.0,14115.0,20396.0,255.0,0
21878.0,24526.0,2518.0,4542.0,4330,4083,6440,6155,18560.0,16448.0,4142.0,3711.0,255.0,2
56281.0,74564.0,40558.0,68166.0,0,51,0,40,49950.0,46759.0,35279.0,34332.0,255.2,0
4532.0,10087.0,1211.0,3344.0,5730,6950,6228,7741,13967.0,16521.0,1521.0,2377.0,255.2,2
9019.0,22469.0,1229.0,3501.0,3331,3444,5319,5655,16349.0,17325.0,662.0,2517.0,255.2,2
31865.0,50453.0,6076.0,9621.0,305,166,436,160,41693.0,38722.0,36455.0,25361.0,255.3,0
3300.0,10695.0,935.0,2952.0,1927,2477,3046,4191,7188.0,10318.0,0.0,303.0,255.3,2
2301.0,12457.0,1146.0,5279.0,1287,2663,1927,4193,5197.0,10367.0,363.0,1253.0,255.3,2
7193.0,14130.0,1543.0,2916.0,8030,7767,8922,9377,23833.0,22426.0,1827.0,4424.0,255.4,2
28578.0,43709.0,26752.0,41603.0,64,89,71,100,41298.0,36498.0,20856.0,27729.0,255.5,0
36982.0,57305.0,7133.0,10886.0,155,160,304,135,32801.0,33370.0,14944.0,24540.0,255.5,0
6113.0,11905.0,1893.0,3969.0,2380,2485,3659,3846,10331.0,10633.0,1698.0,2832.0,255.5,2
45994.0,77929.0,11787.0,18477.0,517,370,286,154,48693.0,47433.0,32263.0,39338.0,255.7,0
13605.0,29572.0,1002.0,2499.0,125,115,46,71,22448.0,20858.0,9317.0,15713.0,255.7,0
6176.0,18884.0,1886.0,4856.0,2198,2636,2778,3270,8268.0,9744.0,583.0,2293.0,255.7,2
29404.0,43498.0,5293.0,11181.0,2,68,8,17,39678.0,38812.0,14456.0,28786.0,255.9,0
21386.0,33919.0,1534.0,4458.0,8421,8599,11152,11852,35855.0,37217.0,3610.0,6161.0,255.9,2
4881.0,15554.0,2435.0,4839.0,4589,4887,5439,6253,15203.0,17805.0,1126.0,2998.0,255.9,2
10962.0,25802.0,4960.0,8082.0,9926,10406,11923,12153,26509.0,26898.0,4132.0,5448.0,256.1,2
43758.0,68719.0,15888.0,24867.0,189,162,118,65,52078.0,48877.0,35507.0,36598.0,256.1,0
986.0,4948.0,193.0,1282.0,79,46,201,119,1828.0,6133.0,38651.0,66386.0,256.1,0
389173.0,470102.0,48147.0,68587.0,835,619,690,245,799982.0,648802.0,273568.0,260024.0,256.1,3
8368.0,14521.0,1598.0,3224.0,8758,8564,9893,9991,20098.0,19679.0,3203.0,3046.0,256.1,2
5671.0,9497.0,521.0,3010.0,1484,3437,1715,5010,4752.0,10468.0,3051.0,2194.0,256.1,2
32204.0,46799.0,8054.0,12779.0,385,308,130,71,39067.0,37155.0,25079.0,28849.0,256.2,0
5915.0,8656.0,2507.0,4080.0,3523,3447,4278,4085,11322.0,10638.0,2452.0,2221.0,256.2,2
1039.0,3825.0,956.0,2948.0,1465,2258,1726,2322,5034.0,7063.0,781.0,963.0,256.2,2
22489.0,30813.0,15160.0,14938.0,6936,6867,9866,10381,28608.0,28969.0,5517.0,7092.0,256.3,2
2861.0,10654.0,7705.0,20930.0,188,153,118,0,5219.0,6870.0,685.0,801.0,256.3,-1
1931740.0,1207990.0,5207990.0,4126250.0,8385,3761,2215,1127,579054.0,465511.0,469238.0,349381.0,256.3,1
9043.0,14250.0,3936.0,7027.0,4927,5080,5951,6425,15518.0,15946.0,1460.0,3472.0,256.3,2
1650.0,10286.0,305.0,1353.0,110,17,196,134,3053.0,5285.0,1147.0,2043.0,256.3,0
1153230.0,1419600.0,109068.0,140466.0,5064,4124,72249,60835,538770.0,421568.0,420214.0,278435.0,256.3,3
833347.0,1059650.0,65649.0,91805.0,3744,3655,36597,33760,376709.0,327000.0,288235.0,273539.0,256.4,3
98872.0,156453.0,22038.0,36017.0,2,83,267,107,141503.0,129747.0,44093.0,55548.0,256.4,0
8786.0,29355.0,2109.0,5058.0,8471,10261,10284,12363,24171.0,27471.0,1036.0,1880.0,256.5,2
37725.0,70507.0,9502.0,18551.0,194,66,0,8,48801.0,48062.0,22416.0,32989.0,256.5,0
7858.0,11127.0,2523.0,3805.0,2980,2897,4710,4820,12381.0,12043.0,2449.0,3077.0,256.5,2
2997.0,11010.0,1941.0,5665.0,4560,5810,4960,6362,11899.0,15044.0,495.0,1015.0,256.5,2
8318.0,17302.0,4471.0,9254.0,5293,6138,7113,7978,17407.0,19373.0,1591.0,2487.0,256.6,2
244005.0,368705.0,31823.0,50591.0,862,391,456,260,185016.0,153460.0,75883.0,68221.0,256.6,3
3615.0,9210.0,2355.0,5047.0,3436,4328,3716,4466,7601.0,10274.0,684.0,1470.0,256.6,2
43175.0,68674.0,25355.0,41211.0,387,203,144,173,29539.0,27818.0,12727.0,24692.0,256.6,0
76739.0,119138.0,13663.0,20536.0,152,217,264,173,66143.0,61771.0,47800.0,57319.0,256.7,0
5479.0,13028.0,1218.0,3511.0,3309,3457,3954,4048,8652.0,8941.0,1606.0,2900.0,256.7,2
32122.0,58445.0,6277.0,8966.0,243,236,5,182,36806.0,35580.0,17951.0,26427.0,256.8,0
77083.0,104447.0,5618.0,11442.0,189,185,133,87,53252.0,49878.0,42990.0,34827.0,256.8,0
72906.0,92314.0,3314.0,5585.0,578,310,548,167,51110.0,45555.0,58695.0,41927.0,256.8,0
6203.0,18522.0,1520.0,2949.0,3439,3930,4698,5439,12259.0,14282.0,2730.0,2856.0,256.9,2
411.0,2413.0,587.0,2976.0,737,1958,875,2352,2094.0,5519.0,827.0,1341.0,256.9,2
3589.0,6695.0,1414.0,3076.0,2032,2499,2300,2900,5358.0,7474.0,1135.0,901.0,256.9,2
6313.0,16469.0,2401.0,5398.0,2805,3419,3977,4926,11692.0,13709.0,1026.0,2796.0,256.9,2
16332.0,28688.0,6552.0,10104.0,137,155,0,0,25987.0,26225.0,18714.0,22744.0,257.0,-1
64011.0,94231.0,13224.0,21875.0,385,156,305,161,59883.0,53726.0,49387.0,49859.0,257.0,0
14178.0,20698.0,2459.0,6053.0,21738,24156,22833,24043,40930.0,41864.0,2239.0,4562.0,257.0,1
14510.0,12715.0,1150.0,2762.0,4115,3952,5171,5150,13568.0,13084.0,1445.0,2643.0,257.0,2
9145.0,22928.0,1428.0,4660.0,4498,5343,4991,5631,13549.0,14973.0,3090.0,2815.0,257.1,2
16106.0,33045.0,2940.0,6354.0,194,176,81,43,28731.0,27083.0,9586.0,19861.0,257.1,0
5524.0,9884.0,954.0,3649.0,3935,4146,4836,4888,12593.0,12839.0,787.0,2104.0,257.1,2
35098.0,60952.0,6631.0,9462.0,429,184,307,191,36195.0,34644.0,16494.0,25062.0,257.1,0
21498.0,43487.0,2145.0,4244.0,493,328,491,186,24074.0,22260.0,18133.0,20522.0,257.2,0
7690.0,11229.0,1989.0,5101.0,5604,5950,7438,7357,17568.0,16742.0,2897.0,2130.0,257.2,2
93637.0,139640.0,21595.0,35225.0,602,277,598,263,118026.0,105084.0,45848.0,40137.0,257.2,0
41300.0,67476.0,4847.0,9506.0,128,126,0,56,43815.0,41508.0,17969.0,32889.0,257.3,0
3371.0,12522.0,1982.0,4133.0,3174,3841,4444,5427,10689.0,12418.0,1614.0,2821.0,257.3,2
942.0,4742.0,1627.0,6022.0,1096,2192,1438,3017,4206.0,7907.0,0.0,1252.0,257.3,2
1949.0,12033.0,624.0,3528.0,988,2123,1005,2711,2970.0,7397.0,150.0,845.0,257.3,2
2057.0,4486.0,1780.0,4708.0,1333,2199,2091,2696,6315.0,8472.0,2192.0,2135.0,257.4,2
6475.0,10835.0,626.0,2282.0,2198,3150,2603,4043,7202.0,10746.0,445.0,416.0,257.5,2
26482.0,47768.0,4744.0,7574.0,535,333,0,102,25195.0,22218.0,21463.0,18170.0,257.6,0
1030.0,5535.0,731.0,3143.0,637,1352,646,1628,2273.0,5772.0,855.0,1624.0,257.7,2
1251.0,6687.0,408.0,1389.0,1003,1606,1012,1870,3392.0,6197.0,259.0,798.0,257.7,2
105201.0,166432.0,23561.0,39369.0,212,169,0,0,179474.0,153235.0,62913.0,75241.0,257.7,-1
16646.0,29667.0,5745.0,10839.0,61,24,0,67,21732.0,20661.0,16776.0,15878.0,257.7,0
4593.0,9716.0,1620.0,4624.0,3808,4125,4398,4711,10994.0,11499.0,360.0,1014.0,257.7,2
14835.0,22348.0,2006.0,2645.0,5558,5866,8011,7955,20064.0,21065.0,3298.0,4771.0,257.8,2
23267.0,40749.0,8469.0,13089.0,251,152,87,47,30095.0,28195.0,25982.0,21667.0,257.8,0
20089.0,35780.0,2080.0,4844.0,4387,4253,6784,7152,21931.0,23752.0,2903.0,5633.0,257.9,2
125793.0,191357.0,11209.0,17493.0,420,189,342,176,174941.0,150094.0,73881.0,67357.0,257.9,0
5272.0,12937.0,2092.0,4598.0,4293,5233,5124,6177,11224.0,13695.0,2707.0,2743.0,257.9,2
30049.0,58388.0,6399.0,10284.0,343,227,155,169,28858.0,26160.0,12545.0,18638.0,257.9,0
25785.0,38106.0,7146.0,12021.0,68,165,0,159,31772.0,29217.0,24888.0,20455.0,257.9,0
3245.0,11097.0,858.0,3057.0,1437,1634,2111,2392,6759.0,8005.0,326.0,349.0,258.0,2
1718.0,9057.0,0.0,749.0,200,183,166,56,2174.0,4977.0,25376.0,38305.0,258.0,0
47763.0,72459.0,4404.0,8039.0,382,216,204,98,49409.0,49081.0,11996.0,27138.0,258.0,0
4280.0,10731.0,1261.0,2744.0,3017,3351,3459,3849,9520.0,10244.0,1059.0,1274.0,258.0,2
16211.0,30296.0,1007.0,2961.0,6841,6590,8951,9113,23148.0,22877.0,3739.0,4052.0,258.1,2
3705.0,9426.0,1526.0,3906.0,2325,2566,3327,3593,9532.0,10279.0,1366.0,1461.0,258.1,2
41644.0,55623.0,6828.0,9276.0,260,325,254,135,35111.0,34392.0,18974.0,30143.0,258.2,0
2175.0,12504.0,597.0,2187.0,1782,4522,2822,6760,6758.0,15808.0,301.0,975.0,258.2,2
806.0,3828.0,506.0,1996.0,985,2910,1101,3354,2251.0,8665.0,515.0,1664.0,258.2,2
27308.0,29847.0,6941.0,8199.0,43,96,90,54,23963.0,23948.0,16386.0,18708.0,258.3,0
81798.0,119304.0,22080.0,32860.0,412,423,134,56,50918.0,47644.0,48043.0,40968.0,258.3,0
19766.0,31287.0,4284.0,7336.0,403,219,181,146,28159.0,27568.0,11325.0,15926.0,258.3,0
6129.0,11275.0,2080.0,3845.0,1997,1652,2581,2698,6789.0,7054.0,2201.0,1495.0,258.5,2
33310.0,51097.0,16988.0,26822.0,4490,4447,6320,6551,19504.0,18516.0,7187.0,5878.0,258.5,3
849.0,3044.0,0.0,707.0,11,0,254,209,5259.0,6419.0,104.0,1025.0,258.6,0
396453.0,538905.0,31191.0,39855.0,1619,1386,346,127,477639.0,388187.0,182550.0,157299.0,258.6,3
4110.0,11979.0,2192.0,4919.0,2389,2985,2925,3486,7234.0,8458.0,764.0,2065.0,258.6,2
8296.0,24872.0,1678.0,4183.0,2917,2962,4748,5550,13232.0,15403.0,881.0,2403.0,258.6,2
23302.0,35133.0,1479.0,3192.0,9090,9516,11695,11581,29026.0,26753.0,5869.0,4073.0,258.7,2
2585.0,10647.0,1029.0,4066.0,1070,2294,983,2697,2606.0,6462.0,2087.0,2376.0,258.7,2
6404.0,14301.0,3201.0,4921.0,6787,7493,8004,9279,15175.0,16973.0,0.0,1233.0,258.7,2
17454.0,32527.0,1776.0,4501.0,412,206,285,154,23791.0,23419.0,12356.0,19271.0,258.7,0
6176.0,8945.0,2629.0,4168.0,6500,6197,7941,8303,19446.0,19249.0,3589.0,2872.0,258.8,2
30035.0,49490.0,6243.0,9238.0,287,179,134,79,41440.0,39066.0,17116.0,28167.0,258.9,0
128880.0,191400.0,138249.0,201815.0,118,331,215,86,163978.0,134068.0,105501.0,83403.0,258.9,3
12420.0,23058.0,3105.0,5999.0,5863,5504,7189,7236,17506.0,16056.0,2008.0,4579.0,258.9,2
21969.0,46411.0,5235.0,10340.0,328,194,1,0,24927.0,26287.0,5910.0,15274.0,259.1,-1
57894.0,95835.0,16319.0,25318.0,258,195,0,80,51376.0,49622.0,25423.0,38788.0,259.3,0
3145.0,8747.0,1574.0,4402.0,2412,3032,3441,4281,7070.0,9173.0,0.0,236.0,259.3,2
7510.0,11653.0,2001.0,4841.0,4239,4457,5086,5283,13581.0,13285.0,1473.0,2537.0,259.3,2
571165.0,804159.0,36404.0,53517.0,900,730,7278,7111,238248.0,210497.0,220917.0,178718.0,259.5,3
2016.0,12235.0,0.0,0.0,192,152,149,38,3031.0,6493.0,744.0,1469.0,259.6,0
2835.0,10515.0,0.0,3007.0,55,0,273,188,9563.0,9979.0,1447.0,2167.0,259.6,0
1755.0,9859.0,506.0,3294.0,151,120,131,0,5938.0,9679.0,513.0,1653.0,259.6,-1
3769.0,14005.0,655.0,3134.0,113,68,70,54,4851.0,12299.0,65836.0,95602.0,259.6,0
533654.0,672730.0,43669.0,48787.0,2045,1484,421,147,940646.0,747078.0,380027.0,336786.0,259.6,3
29765.0,23162.0,9262.0,7876.0,5274,5414,7012,7029,21300.0,18801.0,5830.0,4094.0,259.6,2
11537.0,16299.0,4148.0,8100.0,7258,7335,8996,9246,23217.0,22770.0,3806.0,5070.0,259.7,2
2673.0,8565.0,2094.0,5270.0,1798,2182,2208,2672,6184.0,7704.0,384.0,870.0,259.7,2
4599.0,9870.0,1855.0,3022.0,3859,4258,4798,5577,13399.0,15139.0,1105.0,2788.0,259.8,2
7399.0,18814.0,2130.0,4943.0,10467,11745,10934,11937,23677.0,25159.0,1491.0,2913.0,259.8,2
167326.0,241299.0,5489.0,10068.0,225,355,259,145,212187.0,178336.0,84338.0,73638.0,259.9,0
41149.0,63631.0,17481.0,26554.0,7617,7156,9485,9055,26542.0,26865.0,5644.0,4748.0,259.9,1
45058.0,67754.0,2296.0,3034.0,5861,5754,8031,7762,25259.0,25045.0,6740.0,6598.0,259.9,1
13136.0,20964.0,2815.0,4934.0,4462,4484,6504,6871,16741.0,17521.0,2450.0,3828.0,259.9,2
2842.0,5174.0,1062.0,2483.0,3505,4086,4918,5665,12088.0,14080.0,1430.0,1757.0,259.9,2
51932.0,71204.0,3870.0,6691.0,154,196,475,180,47465.0,44441.0,21478.0,33015.0,259.9,0
28869.0,40455.0,7168.0,9700.0,373,323,0,0,35148.0,32878.0,14799.0,22707.0,260.0,-1
193740.0,279804.0,16525.0,23536.0,0,88,251,125,230888.0,198730.0,79316.0,79499.0,260.0,0
4352.0,8985.0,1397.0,2492.0,1749,5425,2000,5308,5459.0,11853.0,3332.0,2562.0,260.0,2
1669.0,7487.0,987.0,3268.0,5516,8714,6152,9335,13117.0,19697.0,0.0,975.0,260.0,2
39718.0,57303.0,2708.0,5318.0,165,118,86,93,47766.0,44873.0,20386.0,29709.0,260.0,0
11758.0,22948.0,2904.0,3880.0,5510,5232,7632,7715,17027.0,15395.0,1967.0,2418.0,260.2,2
5824.0,11467.0,1749.0,8066.0,47,139,0,34,2392.0,4975.0,25376.0,28506.0,260.2,0
23729.0,38166.0,15220.0,25281.0,207,138,0,18,37012.0,35537.0,12738.0,25618.0,260.2,0
58034.0,93645.0,11318.0,20355.0,566,377,414,155,60857.0,55630.0,33316.0,48473.0,260.2,0
16084.0,27033.0,7461.0,11765.0,19,83,278,135,21513.0,19558.0,7710.0,13298.0,260.2,0
42863.0,64322.0,4428.0,6404.0,5061,4380,11565,9856,30443.0,26441.0,9560.0,9732.0,260.3,3
401387.0,567236.0,179115.0,271281.0,882,522,578,167,194892.0,171345.0,128690.0,103460.0,260.4,3
3487.0,18210.0,1354.0,4421.0,2494,5553,3245,6661,7128.0,15676.0,983.0,1574.0,260.4,2
1571.0,9706.0,353.0,3583.0,1969,5350,2304,6211,5802.0,15260.0,106.0,331.0,260.4,2
5691.0,17620.0,528.0,1726.0,5241,5623,6630,7127,15840.0,16223.0,545.0,2086.0,260.5,2
72229.0,116031.0,14647.0,23158.0,503,236,357,171,52091.0,48268.0,26750.0,43269.0,260.5,0
37873.0,65250.0,10240.0,15137.0,43,196,76,68,41233.0,36612.0,27413.0,24364.0,260.5,0
40781.0,65191.0,7279.0,12899.0,349,165,526,219,51646.0,47512.0,27995.0,35394.0,260.5,0
3124.0,11832.0,1230.0,3706.0,1275,1658,2022,2469,5249.0,5982.0,834.0,1018.0,260.5,2
4607.0,11961.0,68.0,917.0,50,63,210,105,7480.0,6985.0,1792.0,1881.0,260.5,0
380939.0,497482.0,35233.0,49989.0,678,475,1011,226,525716.0,432545.0,294283.0,201023.0,260.5,3
40762.0,68815.0,25463.0,40579.0,273,169,210,81,50172.0,46646.0,36725.0,33536.0,260.6,0
1908.0,10834.0,767.0,5180.0,161,75,160,71,1506.0,4128.0,279.0,770.0,260.6,0
836711.0,1059130.0,131367.0,182077.0,364,718,522,250,298086.0,246157.0,156883.0,125185.0,260.7,3
14780.0,28099.0,5209.0,9248.0,43,111,238,124,27465.0,28194.0,24210.0,22573.0,260.7,0
10788.0,19047.0,3532.0,4814.0,5716,5947,7754,7781,19863.0,19304.0,5336.0,5267.0,260.7,2
4166.0,12526.0,719.0,1778.0,3066,3628,4161,4675,9701.0,10269.0,1412.0,1621.0,260.8,2
6863.0,14107.0,2629.0,5720.0,1991,3042,3348,4750,8120.0,11413.0,2406.0,2431.0,260.8,2
13315.0,21447.0,11598.0,20918.0,128,41,128,54,32707.0,34489.0,5506.0,16308.0,260.8,0
36754.0,57645.0,4636.0,7028.0,0,104,390,183,30103.0,27737.0,19450.0,19602.0,260.9,0
2785.0,11289.0,1558.0,4842.0,2108,2673,2723,3573,8138.0,11419.0,0.0,1303.0,261.0,2
4542.0,11045.0,2822.0,7744.0,3668,7516,4662,8920,12309.0,21059.0,3206.0,2767.0,261.0,2
1169.0,4379.0,333.0,1579.0,1437,5110,1617,5681,4241.0,14275.0,229.0,652.0,261.0,2
10840.0,29836.0,2116.0,4585.0,3825,4094,5074,5635,15710.0,16874.0,1594.0,2138.0,261.1,2
1805.0,6604.0,109.0,1460.0,110,111,36,0,19495.0,18157.0,2744.0,6038.0,261.1,-1
1409.0,7970.0,209.0,1169.0,116,14,62,0,5614.0,9379.0,916.0,1519.0,261.1,-1
1147.0,6407.0,73.0,595.0,104,0,108,0,2655.0,5535.0,9107.0,20175.0,261.1,-1
830307.0,898682.0,58403.0,66541.0,4221,3561,209,398,1823520.0,1207500.0,722800.0,430400.0,261.1,1
13183.0,13040.0,3405.0,4871.0,4695,4532,4835,4920,9671.0,10543.0,1716.0,1497.0,261.1,2
5099.0,15875.0,1824.0,5986.0,1604,1933,2773,3419,7573.0,9570.0,1491.0,2483.0,261.2,2
7905.0,17276.0,1623.0,4498.0,3696,4266,5604,5802,18008.0,19113.0,1649.0,4195.0,261.2,2
4039.0,7778.0,683.0,2925.0,3089,3467,3977,4476,11065.0,12192.0,1882.0,2767.0,261.2,2
5918.0,16896.0,2753.0,5063.0,2874,3515,4259,4675,12557.0,13646.0,3218.0,2788.0,261.2,2
56881.0,88559.0,8083.0,12423.0,297,225,434,208,52345.0,49747.0,45197.0,40909.0,261.3,0
26786.0,41492.0,28867.0,44865.0,372,167,305,139,28176.0,25582.0,9100.0,14287.0,261.3,0
2287.0,12249.0,674.0,2535.0,1574,3371,1640,3841,4456.0,10880.0,1235.0,2085.0,261.4,2
23543.0,43536.0,3822.0,4801.0,119,187,0,25,35032.0,31152.0,21396.0,25928.0,261.4,0
6830.0,19561.0,1623.0,3750.0,4689,4958,5849,6174,14030.0,14586.0,1091.0,2595.0,261.4,2
40753.0,63394.0,8532.0,13468.0,508,282,0,27,39132.0,37654.0,12324.0,27864.0,261.5,0
3221.0,18440.0,0.0,423.0,3119,7299,3752,8251,8360.0,16641.0,956.0,1531.0,261.5,2
2215.0,14590.0,264.0,1406.0,2503,6912,2641,7588,4860.0,13774.0,0.0,0.0,261.5,2
59535.0,78965.0,8414.0,13290.0,672,295,199,129,48058.0,44917.0,38211.0,42773.0,261.5,0
46534.0,79815.0,30748.0,46923.0,2990,2627,8472,7834,24171.0,22027.0,7589.0,7730.0,261.5,3
36686.0,52801.0,7599.0,12710.0,131,88,0,16,39916.0,40346.0,20444.0,36288.0,261.6,0
1798.0,8090.0,477.0,4287.0,776,1960,1224,2892,2561.0,7082.0,0.0,386.0,261.6,2
24547.0,35011.0,2997.0,4083.0,348,137,449,219,31024.0,30476.0,13819.0,23209.0,261.6,0
38788.0,61725.0,16748.0,28864.0,349,166,254,181,39604.0,38783.0,14553.0,25046.0,261.7,0
134132.0,196210.0,9973.0,15190.0,402,178,462,216,61416.0,52594.0,44096.0,37014.0,261.8,0
9496.0,20255.0,2164.0,3318.0,3331,4079,4494,5378,10964.0,13814.0,4293.0,3387.0,261.9,2
1114.0,5755.0,8.0,1596.0,508,1402,632,1778,1190.0,4334.0,224.0,418.0,261.9,2
5825.0,14508.0,379.0,2251.0,210,189,77,95,8684.0,9086.0,2949.0,2597.0,261.9,0
1007.0,5104.0,151.0,1774.0,149,45,125,27,5664.0,8640.0,1318.0,2459.0,261.9,0
934253.0,1001390.0,329806.0,357141.0,894,772,0,103,672115.0,418480.0,458500.0,290747.0,261.9,3
3202.0,5494.0,1484.0,2864.0,3481,4123,4475,4934,9675.0,11159.0,533.0,771.0,261.9,2
13925.0,21577.0,1491.0,2492.0,4082,4436,5702,5949,14828.0,15329.0,538.0,1352.0,261.9,2
2734.0,15378.0,0.0,1109.0,64,0,212,141,5352.0,7965.0,878.0,1413.0,262.0,0
528098.0,696644.0,20960.0,31859.0,1281,1063,749,238,801025.0,608835.0,288790.0,244321.0,262.0,3
21208.0,36240.0,6270.0,9513.0,364,134,74,2,30298.0,30370.0,24777.0,23208.0,262.1,0
34521.0,51814.0,3151.0,5819.0,0,106,222,128,37367.0,34445.0,27796.0,32647.0,262.1,0
7129.0,11314.0,11291.0,16404.0,43,91,95,158,29410.0,26773.0,103754.0,48656.0,262.1,0
2926.0,12040.0,7324.0,14160.0,0,0,187,126,16475.0,18939.0,42278.0,28623.0,262.1,0
1998340.0,1518370.0,4402880.0,4117590.0,8170,4802,2296,1372,2546050.0,1762790.0,1829340.0,1124700.0,262.1,1
9765.0,16336.0,1900.0,3452.0,3143,3293,4713,4700,12960.0,12628.0,702.0,3993.0,262.2,2
72405.0,106604.0,37467.0,59706.0,346,167,218,139,55451.0,51134.0,34963.0,36198.0,262.3,0
37074.0,63802.0,9827.0,18244.0,215,171,0,0,48460.0,44198.0,22870.0,32593.0,262.4,-1
54469.0,89428.0,30130.0,49192.0,0,84,174,103,69731.0,66541.0,36016.0,46167.0,262.4,0
220694.0,337044.0,65469.0,96750.0,35991,34970,36732,34538,196913.0,163047.0,106588.0,82720.0,262.4,1
35379.0,51247.0,22009.0,36762.0,58,39,46,70,53526.0,48667.0,34611.0,32248.0,262.5,0
10261.0,27977.0,4217.0,7800.0,3699,4351,4712,5334,13032.0,14188.0,1644.0,3000.0,262.5,2
1931.0,12773.0,938.0,3802.0,2002,5927,2133,5970,4283.0,12953.0,705.0,2251.0,262.5,2
1076.0,4775.0,0.0,1738.0,3775,7140,4161,7452,9211.0,17073.0,1090.0,2759.0,262.5,2
2171.0,9086.0,698.0,3238.0,1620,2380,2233,3444,5485.0,8279.0,649.0,1054.0,262.5,2
3439.0,11708.0,2842.0,6815.0,140,136,49,39,4475.0,3990.0,1979.0,1926.0,262.5,0
2161.0,7489.0,1217.0,6825.0,263,189,185,95,2695.0,5126.0,23775.0,34906.0,262.5,0
628126.0,653027.0,975487.0,1198500.0,8128,6691,9671,9858,482058.0,386153.0,194607.0,165009.0,262.5,1
24102.0,27211.0,1920.0,4701.0,119,158,458,140,28255.0,25482.0,13142.0,18904.0,262.6,0
9819.0,19899.0,3760.0,4729.0,5158,4991,6674,6764,16978.0,18011.0,1325.0,4174.0,262.7,2
67455.0,101463.0,16877.0,24903.0,106,90,79,64,69978.0,65884.0,32396.0,46084.0,262.7,0
5684.0,9444.0,1283.0,2798.0,7862,8563,8753,8992,19924.0,19889.0,2192.0,2002.0,262.7,2
6367.0,17499.0,1208.0,5648.0,1437,4069,1874,5224,5299.0,12778.0,2406.0,2620.0,262.7,2
6873.0,12469.0,2840.0,6301.0,5888,8203,6934,9466,15031.0,21422.0,156.0,214.0,262.7,2
967.0,2815.0,1045.0,4129.0,267,250,276,171,5320.0,5671.0,995.0,1537.0,262.9,0
1802250.0,1595950.0,818697.0,907405.0,6757,4610,640,692,657350.0,516298.0,243039.0,176143.0,262.9,1
42058.0,57309.0,10682.0,15479.0,414,201,193,84,54081.0,48780.0,26191.0,32152.0,263.0,0
17046.0,19778.0,1740.0,5907.0,8789,9639,11428,11649,28348.0,28246.0,1866.0,5033.0,263.0,2
60349.0,91593.0,7503.0,13134.0,0,93,329,105,70869.0,67381.0,54726.0,49996.0,263.0,0
41218.0,69207.0,15200.0,24500.0,240,210,298,95,64767.0,59925.0,39280.0,41195.0,263.1,0
7387.0,15453.0,2059.0,5168.0,6775,7610,7233,7746,18910.0,20254.0,717.0,1329.0,263.1,2
27472.0,47401.0,3429.0,5685.0,512,283,108,95,26456.0,24805.0,19720.0,18479.0,263.1,0
68279.0,116201.0,4941.0,7388.0,324,195,182,209,58737.0,54585.0,20062.0,34626.0,263.2,0
20265.0,34927.0,5374.0,8591.0,65,105,310,119,21116.0,19793.0,10220.0,14729.0,263.2,0
5626.0,14478.0,3718.0,6996.0,4272,4271,5405,5989,13691.0,14722.0,1711.0,2328.0,263.2,2
1155.0,6183.0,1479.0,5775.0,1007,1659,1684,2763,4651.0,7867.0,191.0,755.0,263.2,2
69900.0,95889.0,19498.0,32248.0,453,229,321,163,161810.0,134811.0,61821.0,53515.0,263.2,0
2864.0,8805.0,3146.0,6195.0,1028,1340,1605,1917,5062.0,5415.0,536.0,938.0,263.3,2
26204.0,32539.0,1244.0,4326.0,391,189,165,140,23910.0,20500.0,17992.0,18045.0,263.4,0
2944.0,9319.0,810.0,3143.0,2841,3612,3605,4865,9295.0,12953.0,0.0,839.0,263.4,2
723.0,2929.0,796.0,2921.0,1256,3152,1286,3655,3280.0,9116.0,571.0,1016.0,263.4,2
2696.0,9250.0,1280.0,3516.0,1589,3496,2038,4924,4490.0,10753.0,845.0,1217.0,263.4,2
6488.0,12075.0,2892.0,4889.0,1725,1644,1958,2174,4786.0,5231.0,852.0,522.0,263.4,2
14392.0,39437.0,2907.0,7090.0,16896,17826,19635,20632,45982.0,46360.0,1813.0,6701.0,263.4,2
30074.0,46112.0,4499.0,9100.0,415,239,160,80,32201.0,31531.0,12225.0,24807.0,263.5,0
23697.0,31038.0,3733.0,5970.0,2794,2604,7552,7303,19326.0,18541.0,7656.0,8496.0,263.5,3
10099.0,14483.0,1555.0,3288.0,231,156,305,166,13771.0,13042.0,8595.0,8286.0,263.5,0
28125.0,47153.0,6682.0,9593.0,370,195,488,307,32943.0,33907.0,6205.0,14705.0,263.5,0
33020.0,50045.0,3766.0,9669.0,240,126,0,27,25845.0,23645.0,15053.0,17360.0,263.6,0
6382.0,14113.0,1323.0,3876.0,2189,2138,2670,2890,7816.0,9026.0,1737.0,2467.0,263.6,2
3393.0,7438.0,1270.0,3084.0,1963,2169,2887,2744,8274.0,8169.0,633.0,973.0,263.7,2
5143.0,12989.0,1879.0,4515.0,10199,10975,10912,11866,20952.0,22167.0,621.0,1334.0,263.7,2
20596.0,36972.0,3283.0,6912.0,0,0,89,77,25553.0,23783.0,15027.0,16397.0,263.7,0
22798.0,36176.0,7236.0,10540.0,47,130,36,73,32825.0,29810.0,15845.0,21696.0,263.7,0
46616.0,80839.0,3240.0,5429.0,325,140,13,38,54304.0,50153.0,25014.0,38633.0,263.8,0
7367.0,19902.0,2068.0,3800.0,1553,1570,2802,3097,9119.0,10159.0,2839.0,4379.0,263.8,2
2426.0,5821.0,702.0,4406.0,186,143,225,124,1807.0,5018.0,21645.0,25491.0,264.0,0
25167.0,38912.0,6931.0,11116.0,189,65,374,146,31841.0,31037.0,8876.0,17180.0,264.0,0
7110.0,11264.0,3268.0,5356.0,3221,3196,4760,4974,14398.0,15225.0,2880.0,3567.0,264.0,2
41004.0,57257.0,14666.0,20805.0,668,363,144,81,58252.0,52708.0,36483.0,41810.0,264.0,0
3408.0,9505.0,1338.0,2818.0,3499,3986,4755,5500,13106.0,14435.0,1725.0,2357.0,264.2,2
7212.0,12751.0,4167.0,6143.0,3111,3221,4753,4955,12337.0,12611.0,2766.0,2487.0,264.4,2
7891.0,21665.0,1510.0,3812.0,2361,3011,2638,3262,8743.0,10946.0,2867.0,2333.0,264.4,2
1754.0,10501.0,121.0,1217.0,560,1967,779,2244,1836.0,6542.0,0.0,429.0,264.4,2
95639.0,140217.0,19566.0,26208.0,780,359,229,141,38851.0,37591.0,18042.0,26352.0,264.4,0
71142.0,109796.0,10230.0,17559.0,46,193,348,173,55424.0,50148.0,44169.0,47786.0,264.5,0
3214.0,14071.0,413.0,1668.0,194,120,291,183,1368.0,3863.0,14424.0,21824.0,264.5,0
37589.0,64116.0,1817.0,4754.0,653,360,567,243,28188.0,27815.0,6841.0,15552.0,264.5,0
4613.0,6660.0,981.0,2856.0,2410,2440,3561,3769,8746.0,9122.0,0.0,499.0,264.5,2
12388.0,17703.0,4021.0,5247.0,4538,4946,5885,5734,15913.0,15063.0,1825.0,3774.0,264.5,2
2711.0,10858.0,2121.0,4178.0,2682,3628,3422,5034,8857.0,13359.0,1816.0,2468.0,264.6,2
37186.0,57766.0,26184.0,41043.0,272,213,481,230,47753.0,49340.0,19714.0,41631.0,264.7,0
33993.0,55882.0,2104.0,4375.0,14,113,0,10,40183.0,39785.0,23187.0,30909.0,264.7,0
455345.0,583584.0,39930.0,57931.0,1531,1504,21337,19468,219346.0,185390.0,182966.0,143741.0,264.7,3
270300.0,404847.0,37262.0,52830.0,242,397,0,131,168360.0,146479.0,116950.0,93872.0,264.7,3
75920.0,111127.0,11068.0,15586.0,468,314,0,31,55232.0,50505.0,41551.0,38600.0,264.8,0
3500.0,10597.0,973.0,2134.0,5694,6479,6728,7673,16860.0,18971.0,1201.0,1809.0,264.9,2
23730.0,48829.0,3596.0,6966.0,0,70,71,111,43497.0,40029.0,31895.0,28334.0,264.9,0
22024.0,36204.0,2669.0,3880.0,3947,4127,6964,7061,21915.0,22331.0,3411.0,5138.0,264.9,2
6662.0,9678.0,3027.0,5276.0,1286,1171,1694,1801,6613.0,6232.0,3283.0,2057.0,265.0,2
4965.0,9361.0,1028.0,3193.0,1743,4116,2004,4929,4951.0,10966.0,1900.0,1681.0,265.0,2
1319.0,8272.0,260.0,3027.0,2368,4616,3121,5869,6992.0,12895.0,153.0,140.0,265.0,2
4536.0,12352.0,521.0,2027.0,3618,3931,3828,4000,9598.0,9919.0,0.0,167.0,265.1,2
14820.0,30557.0,2248.0,4302.0,2290,2353,4135,4539,12662.0,13294.0,6512.0,6556.0,265.1,2
37606.0,49524.0,7434.0,11223.0,260,196,152,121,35450.0,32325.0,20173.0,28359.0,265.1,0
4836.0,10506.0,1548.0,3342.0,4693,5587,6036,7006,13327.0,15416.0,816.0,1687.0,265.2,2
14499.0,23649.0,4123.0,6633.0,9021,9059,11358,11250,25897.0,25540.0,2227.0,3430.0,265.2,2
54265.0,77638.0,15799.0,24566.0,221,187,225,127,70614.0,68739.0,22901.0,46775.0,265.4,0
9208.0,10688.0,2325.0,2921.0,6122,5714,7578,7617,17595.0,18149.0,3052.0,2863.0,265.4,2
45128.0,65786.0,17210.0,27310.0,209,69,146,41,39175.0,36131.0,21932.0,28153.0,265.4,0
2961.0,9823.0,2185.0,5816.0,1815,3222,2603,4785,6375.0,11591.0,24.0,869.0,265.5,2
6769.0,21589.0,2612.0,7363.0,9450,12424,9823,12583,23753.0,29745.0,775.0,3939.0,265.5,2
3712.0,11799.0,1069.0,2389.0,1770,1659,2733,2952,7576.0,8520.0,0.0,968.0,265.5,2
313350.0,435509.0,36102.0,47793.0,619,380,0,194,397833.0,330822.0,170845.0,130450.0,265.5,3
4560.0,11422.0,588.0,1805.0,3762,4220,5178,5990,11677.0,12602.0,817.0,1281.0,265.6,2
105581.0,155644.0,12180.0,21519.0,550,180,232,145,99099.0,92240.0,72381.0,72527.0,265.6,0
13912.0,24878.0,2840.0,5249.0,4309,4481,6610,6381,14327.0,14841.0,834.0,1841.0,265.6,2
15879.0,30732.0,2676.0,5818.0,38,22,449,222,27955.0,29233.0,25037.0,22864.0,265.7,0
47658.0,74458.0,13243.0,21291.0,432,329,71,27,64187.0,59287.0,27910.0,44870.0,265.7,0
20586.0,27177.0,7044.0,11566.0,4,19,46,77,21649.0,21502.0,6940.0,14823.0,265.8,0
142390.0,216060.0,13334.0,22431.0,299,210,447,162,144901.0,126362.0,62513.0,61659.0,265.8,0
4028.0,8044.0,1218.0,3208.0,1534,1720,2675,3051,7157.0,8050.0,0.0,28.0,265.9,2
25004.0,47713.0,5134.0,10661.0,403,246,139,87,37570.0,36603.0,9448.0,21039.0,265.9,0
5209.0,13556.0,894.0,1996.0,2361,3013,3512,4061,8360.0,10177.0,1316.0,1674.0,266.0,2
2592.0,6647.0,1948.0,4835.0,3280,3982,4261,5196,10708.0,12518.0,392.0,1293.0,266.0,2
2328.0,7431.0,593.0,2135.0,26,0,188,93,2648.0,4128.0,1090.0,1303.0,266.0,0
3115.0,6917.0,350.0,1198.0,162,78,264,163,5747.0,4724.0,570.0,1010.0,266.0,0
874.0,5735.0,1076.0,8410.0,160,37,121,3,1952.0,4312.0,19726.0,40498.0,266.0,0
432127.0,574629.0,122086.0,152191.0,1143,658,162,138,322731.0,269012.0,151313.0,144475.0,266.0,3
38834.0,61070.0,6694.0,12484.0,254,158,20,3,41545.0,40638.0,20281.0,35144.0,266.1,0
2114.0,8265.0,2785.0,8664.0,2444,5910,2970,7689,6853.0,17937.0,1254.0,2796.0,266.2,2
1093.0,4150.0,1146.0,6624.0,2817,6513,3399,8544,7435.0,18899.0,44.0,292.0,266.2,2
4579.0,7749.0,698.0,2947.0,3406,3566,4052,4677,9854.0,11548.0,814.0,1178.0,266.2,2
54724.0,87565.0,6921.0,10072.0,297,226,124,150,49416.0,44992.0,41203.0,35798.0,266.4,0
3551.0,7364.0,1474.0,2476.0,1704,1535,2300,2293,6521.0,6496.0,948.0,1975.0,266.4,2
1425.0,5346.0,190.0,1777.0,191,110,209,138,1930.0,3981.0,4963.0,12586.0,266.4,0
425045.0,560541.0,29032.0,43022.0,1881,1253,500,220,582677.0,492231.0,207307.0,191460.0,266.4,3
6834.0,14829.0,1045.0,2390.0,3279,3727,4766,5125,11423.0,11827.0,539.0,1339.0,266.5,2
1703.0,10886.0,0.0,770.0,106,4,103,0,4687.0,9461.0,1465.0,3137.0,266.5,-1
626.0,2791.0,68.0,1469.0,142,35,52,0,5920.0,9346.0,31966.0,73199.0,266.5,-1
593506.0,504072.0,148989.0,191621.0,4931,3799,11,200,2459210.0,1480590.0,1232690.0,753104.0,266.5,1
2846.0,8229.0,2197.0,4838.0,3170,4085,4595,6312,12352.0,16112.0,2084.0,3037.0,266.5,2
2213.0,8969.0,379.0,1285.0,641,1699,658,1976,1406.0,4908.0,0.0,432.0,266.5,2
2973.0,7115.0,2523.0,5604.0,2696,3065,3316,3566,10032.0,11111.0,887.0,1568.0,266.5,2
31551.0,44633.0,9647.0,14011.0,0,90,308,145,27446.0,26213.0,22402.0,19581.0,266.6,0
33861.0,65941.0,14897.0,22968.0,179,260,73,79,47905.0,44231.0,22686.0,32585.0,266.6,0
50646.0,73232.0,13298.0,20755.0,95,192,213,86,59595.0,52002.0,39583.0,38852.0,266.6,0
4668.0,7963.0,2420.0,4714.0,1550,1767,2347,2356,8194.0,7829.0,1123.0,789.0,266.6,2
397872.0,518980.0,39674.0,56008.0,1477,1324,469,125,669887.0,569198.0,190697.0,196100.0,266.6,3
2854.0,8607.0,6505.0,17491.0,59,77,83,0,5580.0,9651.0,59250.0,49029.0,266.6,-1
1014.0,3933.0,11401.0,35482.0,174,52,152,92,8786.0,15445.0,21341.0,31336.0,266.6,0
2712140.0,1614140.0,11776800.0,10091400.0,13238,6754,4128,1918,2366540.0,1448270.0,1551560.0,912606.0,266.6,1
5457.0,15732.0,1637.0,3858.0,6818,7449,7846,8899,17330.0,19190.0,1714.0,3513.0,266.7,2
109103.0,168432.0,35673.0,55354.0,88,136,640,237,150840.0,134447.0,54121.0,54621.0,266.7,0
12740.0,25833.0,5477.0,10313.0,308,143,188,69,17666.0,17837.0,5742.0,10493.0,266.7,0
18616.0,37727.0,2361.0,5735.0,257,145,184,81,26076.0,26142.0,11284.0,22041.0,266.8,0
24141.0,36760.0,2416.0,3643.0,415,242,0,84,29910.0,25947.0,15938.0,16702.0,266.8,0
421498.0,562276.0,37803.0,54795.0,1611,1198,662,275,545061.0,451995.0,192232.0,182657.0,266.8,3
24626.0,42206.0,1103.0,3253.0,291,172,158,110,39839.0,37609.0,14555.0,27869.0,266.9,0
688.0,3854.0,173.0,654.0,3532,7371,4122,8938,8240.0,18035.0,466.0,1124.0,267.0,2
9079.0,18740.0,1374.0,3285.0,2213,2431,2776,3361,7725.0,8854.0,1851.0,1396.0,267.1,2
24062.0,37055.0,6464.0,8133.0,327,240,139,165,33566.0,31558.0,23792.0,24900.0,267.1,0
6966.0,14906.0,5015.0,9053.0,4085,4173,5216,5648,12497.0,12605.0,903.0,1704.0,267.1,2
7151.0,16638.0,2803.0,5619.0,4376,5053,5717,6358,15574.0,17462.0,2066.0,2706.0,267.1,2
34394.0,37279.0,5250.0,8697.0,616,322,190,137,30862.0,29127.0,10064.0,20667.0,267.1,0
2495.0,13802.0,760.0,4016.0,532,1639,794,2331,2180.0,6566.0,1132.0,2883.0,267.2,2
2003.0,6376.0,758.0,3075.0,1800,2621,2339,4049,6296.0,10743.0,0.0,837.0,267.2,2
12826.0,23003.0,1884.0,3877.0,5991,5893,6561,6772,18094.0,17176.0,1348.0,3928.0,267.2,2
25127.0,47241.0,7630.0,10691.0,314,273,314,194,26645.0,25768.0,6178.0,17192.0,267.2,0
6765.0,18379.0,1749.0,5024.0,6585,8101,7932,9399,16268.0,18220.0,995.0,1715.0,267.3,2
19791.0,29104.0,2597.0,4546.0,5100,5117,8234,7751,24701.0,24308.0,6423.0,6858.0,267.3,2
1708.0,6199.0,741.0,2241.0,1157,1457,1458,2078,4145.0,5835.0,0.0,74.0,267.3,2
484513.0,622941.0,65577.0,97997.0,1248,966,254,165,856192.0,684604.0,330823.0,269207.0,267.3,3
2752.0,10260.0,123.0,1688.0,116,16,90,0,2265.0,4381.0,898.0,1701.0,267.3,-1
1387.0,7049.0,453.0,3250.0,834,1760,870,2359,2893.0,7586.0,197.0,352.0,267.3,2
3636.0,12323.0,2260.0,5894.0,2464,3110,3112,4100,8023.0,10746.0,0.0,1438.0,267.4,2
1381.0,6124.0,310.0,1923.0,391,878,468,1385,1368.0,4204.0,629.0,1289.0,267.4,2
7153.0,14497.0,1222.0,2841.0,5033,5203,6977,7259,18134.0,18618.0,3349.0,3858.0,267.4,2
3317.0,8439.0,0.0,0.0,186,64,114,54,2347.0,8300.0,22417.0,40401.0,267.5,0
106779.0,168867.0,7763.0,13778.0,133,91,0,6,154015.0,136323.0,38385.0,53581.0,267.5,0
511101.0,684658.0,34777.0,53035.0,767,1029,345,134,421508.0,334190.0,180846.0,160044.0,267.5,3
6197.0,11427.0,3422.0,5580.0,1933,1919,2836,2855,7677.0,7770.0,1760.0,2089.0,267.6,2
6619.0,16728.0,1786.0,3526.0,3611,3873,4690,5265,11031.0,11847.0,1128.0,2879.0,267.6,2
38193.0,53410.0,6986.0,11084.0,243,219,139,93,47527.0,45834.0,17068.0,29970.0,267.6,0
2580.0,12193.0,575.0,2170.0,1709,2349,2129,2874,5167.0,6839.0,454.0,855.0,267.8,2
31657.0,55341.0,16976.0,28517.0,249,183,405,270,39222.0,37992.0,19260.0,29969.0,267.8,0
250971.0,358998.0,22643.0,35501.0,1031,989,248,157,234613.0,200863.0,98300.0,95363.0,267.8,3
4851.0,11158.0,1967.0,4128.0,5256,5718,6740,7222,16247.0,16156.0,2689.0,3724.0,267.9,2
4202.0,8888.0,1096.0,3345.0,3711,4275,5502,6156,13124.0,13641.0,288.0,3402.0,267.9,2
37724.0,62667.0,3975.0,7028.0,270,260,225,249,40327.0,37939.0,14228.0,26936.0,267.9,0
1625.0,8915.0,623.0,2435.0,1224,1809,2029,3110,4562.0,6871.0,249.0,422.0,268.0,2
2373.0,6757.0,1704.0,3621.0,4471,4962,4972,5272,10174.0,11586.0,0.0,1857.0,268.0,2
106814.0,173190.0,17246.0,27607.0,315,164,24,39,42002.0,38227.0,17881.0,27844.0,268.0,0
4592.0,9671.0,1411.0,2774.0,4046,4747,5291,6501,14472.0,18230.0,284.0,1012.0,268.0,2
15553.0,17889.0,3781.0,8578.0,7158,8090,10049,10121,27654.0,26952.0,3530.0,4412.0,268.0,2
120542.0,185613.0,33258.0,50639.0,0,47,162,119,137339.0,120838.0,53210.0,48848.0,268.0,0
68878.0,106089.0,13773.0,20457.0,14688,15370,21019,21536,62110.0,62571.0,10695.0,10869.0,268.1,1
11479.0,27149.0,4725.0,10088.0,140,79,269,128,21828.0,22416.0,5365.0,10502.0,268.1,0
2497.0,10976.0,0.0,0.0,76,0,109,0,2754.0,4599.0,304.0,788.0,268.2,-1
170043.0,254515.0,27258.0,43564.0,604,374,86,117,296192.0,255386.0,146182.0,128189.0,268.2,3
26595.0,39134.0,2375.0,4075.0,3517,3471,8221,8115,22562.0,20931.0,7818.0,6371.0,268.2,2
125186.0,197472.0,10407.0,12993.0,221,143,0,13,207435.0,174685.0,81200.0,71105.0,268.2,0
3205.0,10939.0,484.0,1851.0,14,51,119,50,5241.0,7333.0,1693.0,2106.0,268.3,0
4003.0,10742.0,1402.0,2390.0,0,42,139,63,5256.0,4648.0,1086.0,1124.0,268.3,0
1046.0,5830.0,44.0,524.0,127,0,220,185,757.0,4083.0,31571.0,68301.0,268.3,0
606427.0,751151.0,289002.0,443987.0,734,676,507,186,582237.0,470950.0,276545.0,247259.0,268.3,3
529104.0,707308.0,89157.0,127141.0,2516,2314,30552,26848,253339.0,206803.0,162586.0,153026.0,268.4,3
61018.0,105261.0,7460.0,11949.0,80,71,172,91,76584.0,73375.0,30472.0,57897.0,268.4,0
7534.0,16381.0,4694.0,8995.0,5308,6296,7054,7752,19831.0,21067.0,2411.0,2706.0,268.4,2
8338.0,18137.0,1651.0,2638.0,5609,6156,7546,8264,18866.0,20112.0,3584.0,3422.0,268.4,2
25776.0,47638.0,8993.0,15960.0,314,173,71,62,26750.0,26101.0,7684.0,14289.0,268.4,0
1054.0,3162.0,1709.0,3760.0,2356,2456,3671,4013,8449.0,9466.0,576.0,1176.0,268.5,2
6521.0,10536.0,3314.0,4149.0,1543,1510,2208,2166,6580.0,5525.0,801.0,812.0,268.6,2
21624.0,36697.0,6572.0,9522.0,121,52,232,104,35115.0,34805.0,22770.0,30150.0,268.6,0
673.0,3901.0,846.0,4329.0,826,2185,914,2662,2355.0,6455.0,386.0,697.0,268.6,2
487588.0,623501.0,124769.0,173875.0,725,288,0,54,278219.0,235863.0,138762.0,120469.0,268.7,3
3228.0,11722.0,1210.0,3359.0,574,1243,703,1499,1781.0,4116.0,2865.0,4035.0,268.7,2
5983.0,11480.0,3084.0,4779.0,6811,7190,8571,9142,16687.0,17118.0,1392.0,2621.0,268.7,2
3525.0,9120.0,825.0,4905.0,3334,4688,3913,5790,8828.0,12995.0,595.0,838.0,268.7,2
4406.0,10381.0,3046.0,7614.0,4930,5127,6500,7192,17687.0,19549.0,0.0,1287.0,268.7,2
72248.0,97475.0,7219.0,9300.0,450,180,84,185,59459.0,54758.0,48805.0,39531.0,268.7,0
25684.0,42647.0,39787.0,61019.0,291,174,130,107,36352.0,33893.0,17578.0,22243.0,268.7,0
10782.0,11879.0,1900.0,4939.0,2388,2548,2547,3051,7347.0,8230.0,2327.0,1596.0,268.7,2
5434.0,13763.0,870.0,3690.0,3874,4651,5175,5832,13707.0,15490.0,0.0,421.0,268.7,2
5802.0,13862.0,3373.0,7210.0,4834,5146,6352,6977,16289.0,16639.0,1681.0,2363.0,268.7,2
34388.0,70549.0,40696.0,64518.0,5190,5249,7003,6827,22000.0,20860.0,3370.0,4224.0,268.8,1
921.0,3133.0,0.0,0.0,189,175,93,93,2424.0,5404.0,37103.0,51953.0,268.8,0
460820.0,590684.0,33012.0,51225.0,1721,1714,280,269,592001.0,485968.0,261120.0,223945.0,268.8,3
2916.0,8370.0,4174.0,8820.0,3002,3730,3476,4657,9664.0,11855.0,1322.0,2804.0,268.8,2
7315.0,9164.0,2432.0,5475.0,2572,2635,3655,3733,10288.0,10455.0,3791.0,1989.0,268.8,2
1140.0,4229.0,0.0,0.0,154,29,80,22,3646.0,6242.0,681.0,1043.0,268.9,0
544086.0,726612.0,99257.0,137637.0,2371,1590,267,209,702488.0,550146.0,241011.0,219278.0,268.9,3
32538.0,61474.0,27730.0,45729.0,490,277,253,102,37524.0,36305.0,12932.0,24927.0,268.9,0
18365.0,28160.0,8407.0,11367.0,67,136,174,105,21112.0,18931.0,7992.0,16126.0,268.9,0
8292.0,11424.0,2557.0,3661.0,5064,5449,7264,7848,16957.0,17412.0,232.0,2956.0,268.9,2
9513.0,12030.0,5841.0,6211.0,3881,4456,5137,5225,14254.0,13905.0,3067.0,2335.0,269.0,2
61496.0,91802.0,5517.0,9617.0,487,256,77,106,71261.0,70393.0,37269.0,58481.0,269.0,0
55012.0,79757.0,11270.0,19115.0,4103,3991,261,254,53190.0,49268.0,53919.0,45170.0,269.0,3
37865.0,61101.0,6256.0,9543.0,714,303,150,95,46941.0,44725.0,19619.0,31456.0,269.1,0
4560.0,8650.0,1661.0,2945.0,13553,15670,16310,18330,30850.0,27646.0,4887.0,9785.0,269.1,2
1571.0,5941.0,161.0,1622.0,85,0,115,43,1889.0,6205.0,27820.0,44712.0,269.1,0
405990.0,526936.0,58891.0,86663.0,1635,1043,317,173,478136.0,398785.0,182369.0,183766.0,269.1,3
7135.0,19735.0,4023.0,6753.0,3919,4088,5407,6002,15787.0,16721.0,1228.0,2702.0,269.1,2
21357.0,32956.0,21793.0,36531.0,0,46,482,236,31343.0,31060.0,10305.0,19512.0,269.2,0
91819.0,146804.0,5329.0,7855.0,614,228,210,107,123429.0,103033.0,32703.0,37042.0,269.2,0
11744.0,26767.0,2482.0,4255.0,4219,4605,6446,6845,16864.0,19270.0,833.0,1173.0,269.3,2
2553.0,10656.0,1026.0,3985.0,2039,2838,2645,3755,5762.0,7950.0,89.0,479.0,269.4,2
1664.0,9600.0,2202.0,9476.0,1471,2434,2183,3736,5031.0,8676.0,0.0,598.0,269.5,2
44317.0,69754.0,11524.0,19300.0,499,226,319,131,39566.0,37850.0,30450.0,29278.0,269.5,0
3662.0,9774.0,1323.0,3412.0,2208,2379,3147,3381,7687.0,7798.0,933.0,1695.0,269.5,2
117082.0,180176.0,33960.0,56596.0,331,294,472,256,159527.0,140828.0,41530.0,56904.0,269.5,0
157672.0,231913.0,25466.0,40453.0,200,223,172,96,189752.0,165251.0,80970.0,70880.0,269.6,0
24680.0,40490.0,2320.0,4778.0,4777,4867,6326,5941,19334.0,17819.0,5863.0,4661.0,269.6,2
5016.0,12908.0,3656.0,7785.0,2103,2343,3121,3603,9137.0,11027.0,2497.0,3096.0,269.6,2
32952.0,56230.0,3894.0,6870.0,131,143,213,130,35509.0,32955.0,14212.0,27867.0,269.7,0
751.0,3102.0,492.0,1864.0,2089,4320,2203,4702,5633.0,10627.0,1272.0,2270.0,269.9,2
281135.0,339147.0,54116.0,73053.0,472,178,557,258,39298.0,35305.0,38132.0,25848.0,269.9,3
49263.0,70167.0,8157.0,11294.0,0,85,55,45,44106.0,41372.0,25406.0,30847.0,269.9,0
929.0,5249.0,1270.0,6446.0,1131,1782,1415,2238,4124.0,7125.0,174.0,286.0,270.0,2
10880.0,20034.0,1884.0,4368.0,3538,3226,5682,5803,14064.0,13686.0,478.0,3543.0,270.0,2
9770.0,17743.0,1471.0,2793.0,3593,3886,5540,5840,14237.0,14962.0,833.0,2687.0,270.0,2
267121.0,380001.0,68368.0,108450.0,511,390,226,147,140130.0,125200.0,127018.0,105460.0,270.2,3
2667.0,7647.0,1555.0,5335.0,1634,2425,2367,3733,7108.0,11823.0,603.0,1395.0,270.2,2
27917.0,39934.0,2586.0,3492.0,119,127,0,17,34194.0,33847.0,17902.0,29339.0,270.3,0
8207.0,13571.0,2305.0,3445.0,4613,4740,6361,6248,15863.0,15644.0,2468.0,2994.0,270.3,2
864.0,3286.0,386.0,2102.0,128,30,108,0,1306.0,4031.0,25242.0,54099.0,270.3,-1
113148.0,172645.0,16743.0,24507.0,559,310,153,89,80744.0,74226.0,40578.0,59536.0,270.3,0
10818.0,15435.0,3077.0,3731.0,4991,5283,6623,6780,16500.0,16147.0,3063.0,3271.0,270.3,2
2283.0,14444.0,612.0,3970.0,834,2255,886,2701,2136.0,5921.0,761.0,1680.0,270.4,2
5972.0,15195.0,77.0,3653.0,2506,3423,3021,4446,6611.0,8880.0,437.0,964.0,270.4,2
11239.0,16694.0,1522.0,2090.0,2785,3031,4104,4250,11893.0,11840.0,1654.0,3105.0,270.5,2
3357.0,18170.0,732.0,2698.0,2853,4964,3478,6285,7388.0,12472.0,0.0,988.0,270.6,2
19638.0,16105.0,2760.0,5377.0,11206,11460,13909,13742,27838.0,27817.0,740.0,6012.0,270.7,2
2754.0,7653.0,1035.0,4144.0,1564,1845,2077,2603,5934.0,7361.0,960.0,991.0,270.7,2
72939.0,121229.0,17598.0,25884.0,36222,34337,38028,36069,52933.0,44095.0,22878.0,18616.0,270.7,1
45862.0,64931.0,11116.0,18362.0,185,91,0,26,38562.0,38924.0,13258.0,28688.0,270.8,0
18312.0,25152.0,7599.0,11487.0,7316,7173,10965,10836,26110.0,24859.0,2388.0,3647.0,270.8,2
15674.0,29908.0,2028.0,3651.0,8779,9299,11303,11464,26502.0,25888.0,4279.0,5164.0,270.8,2
243125.0,352814.0,19810.0,31829.0,545,649,307,150,270328.0,238235.0,105129.0,97973.0,270.9,0
28112.0,45612.0,8534.0,16793.0,203,283,0,46,32304.0,31372.0,15531.0,22395.0,270.9,0
104683.0,160712.0,13759.0,22353.0,0,106,54,38,107224.0,93857.0,41986.0,42341.0,270.9,0
7154.0,15608.0,2140.0,4620.0,4529,4810,6220,6698,17086.0,18361.0,2444.0,2383.0,270.9,2
12146.0,21377.0,2094.0,4481.0,177,194,207,86,19452.0,18419.0,6895.0,11056.0,271.0,0
3669.0,11516.0,379.0,1602.0,2604,3341,2935,3650,7938.0,9669.0,0.0,282.0,271.2,2
10291.0,14679.0,1543.0,2121.0,5371,4867,6842,6722,19381.0,18349.0,4427.0,2663.0,271.2,2
2843.0,9538.0,1850.0,7761.0,859,2133,926,2164,3056.0,8237.0,696.0,1094.0,271.2,2
311064.0,451215.0,41221.0,59090.0,565,262,0,88,187138.0,169897.0,98344.0,96210.0,271.3,3
55426.0,75983.0,7176.0,11860.0,206,239,0,86,53656.0,50479.0,60410.0,44582.0,271.3,0
141097.0,182357.0,25502.0,38118.0,0,189,509,140,195071.0,163061.0,74540.0,75127.0,271.4,0
13973.0,26641.0,1556.0,4033.0,7568,8144,10040,9781,22587.0,21131.0,3181.0,3225.0,271.5,2
5247.0,17030.0,2106.0,5204.0,8176,10205,10229,12243,23565.0,28157.0,1661.0,2027.0,271.5,2
9623.0,14590.0,2212.0,3154.0,6235,6741,8098,7880,19228.0,18938.0,2037.0,2817.0,271.5,2
498803.0,612598.0,124117.0,171810.0,897,800,465,141,202536.0,166623.0,135554.0,98453.0,271.5,3
21314.0,27289.0,2310.0,4046.0,469,290,187,87,25419.0,25740.0,10666.0,21120.0,271.5,0
8971.0,21090.0,1258.0,2955.0,7481,8244,9886,9972,24432.0,23881.0,2114.0,3964.0,271.6,2
1342.0,6639.0,4179.0,13318.0,116,0,152,77,3642.0,6507.0,2421.0,3625.0,271.6,0
1499.0,9209.0,4564.0,16770.0,137,47,162,49,5802.0,10492.0,1609.0,3824.0,271.6,0
2215.0,8729.0,5336.0,14991.0,77,17,160,39,7967.0,10425.0,2043.0,3054.0,271.6,0
1646700.0,1381450.0,3719320.0,3399440.0,6014,3728,2367,1144,1002180.0,771197.0,457486.0,319958.0,271.6,1
4893.0,9772.0,2679.0,4632.0,5854,6582,6469,7009,13973.0,14899.0,703.0,1032.0,271.6,2
3906.0,12075.0,2631.0,4802.0,3149,2999,4349,4483,10899.0,11750.0,91.0,1302.0,271.6,2
812.0,3458.0,1332.0,4483.0,1272,3604,1886,5710,2627.0,7179.0,501.0,614.0,271.7,2
2139.0,7872.0,1977.0,6757.0,1553,2700,2072,3693,6213.0,11011.0,986.0,1712.0,271.7,2
1283.0,7775.0,374.0,1941.0,560,1762,721,2283,2056.0,6661.0,42.0,257.0,271.7,2
6456.0,10821.0,1948.0,4251.0,3804,4406,4583,5212,10699.0,12656.0,2680.0,2247.0,271.7,2
42197.0,68389.0,3845.0,6672.0,616,310,196,147,44114.0,42214.0,21218.0,32138.0,271.8,0
8879.0,16817.0,1797.0,2877.0,7461,7438,9432,9761,21165.0,20907.0,2151.0,4068.0,271.8,2
69077.0,103888.0,9509.0,15111.0,194,113,199,126,87398.0,78167.0,35501.0,43429.0,271.8,0
33408.0,51863.0,4687.0,5964.0,376,265,112,149,57959.0,52046.0,47708.0,42830.0,271.8,0
16005.0,26067.0,2358.0,3300.0,9612,9668,13891,13602,31054.0,30161.0,4940.0,4176.0,271.8,2
11703.0,28237.0,2523.0,5163.0,9538,10645,11001,12438,24834.0,25409.0,212.0,1116.0,271.9,2
45049.0,68942.0,6740.0,10377.0,100,86,278,159,52202.0,50062.0,26010.0,34273.0,271.9,0
7013.0,11992.0,1735.0,4494.0,3952,3960,4949,4909,13183.0,13296.0,2762.0,1970.0,271.9,2
5567.0,14437.0,1215.0,4278.0,3412,3712,4390,5079,10628.0,12431.0,1308.0,1724.0,272.0,2
17863.0,36829.0,2713.0,4453.0,15173,15613,17109,17067,42004.0,42596.0,3710.0,6378.0,272.1,2
4498.0,10771.0,569.0,2828.0,3997,4325,5389,5989,12902.0,13621.0,1781.0,1890.0,272.2,2
185492.0,270355.0,92611.0,139016.0,1546,1335,462,252,86304.0,75876.0,72779.0,60276.0,272.2,3
22993.0,39498.0,5316.0,8059.0,336,203,42,77,29718.0,29200.0,12820.0,24771.0,272.3,0
4183.0,10739.0,2392.0,5002.0,2431,2375,3416,3717,9538.0,10252.0,1556.0,2095.0,272.4,2
10391.0,12484.0,753.0,2440.0,3310,3326,4195,4099,10363.0,9598.0,2021.0,1622.0,272.4,2
6734.0,11989.0,1812.0,3834.0,1571,2027,3121,3105,7996.0,8286.0,1661.0,1739.0,272.4,2
44792.0,77077.0,11088.0,18973.0,459,195,225,91,49852.0,46153.0,22761.0,36617.0,272.6,0
2106.0,9565.0,563.0,3566.0,3834,10693,3823,10753,8458.0,22237.0,1710.0,2429.0,272.6,2
3127.0,10154.0,818.0,3778.0,7239,13293,7425,13285,13745.0,25638.0,0.0,929.0,272.6,2
280228.0,415495.0,25557.0,43051.0,324,351,0,45,128658.0,111380.0,70330.0,67824.0,272.6,3
4944.0,11999.0,4282.0,8841.0,3696,4274,4562,5195,11517.0,12223.0,1841.0,2390.0,272.8,2
19791.0,34319.0,6619.0,10856.0,239,182,149,131,28946.0,29293.0,3637.0,10806.0,272.8,0
8771.0,17995.0,6322.0,13421.0,2302,2488,4745,5488,17739.0,20041.0,3229.0,4833.0,272.8,2
1060.0,5457.0,556.0,2012.0,2554,5892,2931,7263,7836.0,17412.0,1041.0,2031.0,272.8,2
27148.0,46522.0,17519.0,28290.0,293,198,73,93,34735.0,33151.0,18351.0,28028.0,272.9,0
7991.0,15401.0,374.0,2487.0,4203,4355,5016,5137,11864.0,12011.0,1273.0,1356.0,273.0,2
14737.0,32655.0,11684.0,18972.0,1655,1533,2872,2828,7511.0,7274.0,2646.0,3107.0,273.0,3
6698.0,15042.0,2272.0,4192.0,2422,2507,3503,3812,8607.0,9450.0,92.0,1524.0,273.1,2
50334.0,84280.0,8781.0,13001.0,248,216,73,56,64514.0,57159.0,52737.0,48713.0,273.2,0
1353.0,5787.0,743.0,3027.0,1495,3069,1898,3649,5169.0,10528.0,1657.0,2226.0,273.2,2
1509.0,7131.0,0.0,796.0,195,99,119,68,2418.0,5900.0,20204.0,51888.0,273.2,0
125546.0,182517.0,35072.0,54869.0,348,308,24,51,244558.0,217026.0,89542.0,97777.0,273.2,3
45130.0,62552.0,17826.0,25994.0,308,154,248,118,60262.0,58481.0,37190.0,40393.0,273.3,0
2114.0,7255.0,2174.0,5449.0,2557,4346,2857,5055,6126.0,9094.0,0.0,1632.0,273.3,2
23139.0,32234.0,1900.0,6975.0,5145,5476,8513,8911,24954.0,25441.0,3206.0,4538.0,273.3,2
13161.0,24396.0,2380.0,4164.0,1443,1324,3023,2831,8015.0,7951.0,2988.0,2370.0,273.3,2
6226.0,15272.0,2949.0,4728.0,3340,3189,4213,4487,11378.0,13230.0,471.0,1319.0,273.4,2
10089.0,18946.0,1563.0,3557.0,5091,5251,7103,7661,20212.0,20741.0,3070.0,5472.0,273.5,2
145940.0,223806.0,12144.0,16467.0,294,200,297,175,84675.0,74693.0,66827.0,61601.0,273.6,0
7201.0,12524.0,2387.0,3913.0,7891,7778,8982,9535,17563.0,17771.0,1377.0,1782.0,273.6,2
52828.0,81839.0,2229.0,4437.0,177,179,159,170,37012.0,34226.0,15629.0,23393.0,273.6,0
17737.0,25219.0,5055.0,8244.0,4990,5166,5866,5818,17006.0,16576.0,4325.0,3871.0,273.6,2
5067.0,7431.0,3917.0,6420.0,261,126,16,0,20970.0,20098.0,2554.0,7097.0,273.8,-1
54925.0,76832.0,5520.0,9458.0,110,182,150,95,54156.0,52810.0,21315.0,40189.0,273.8,0
54217.0,89579.0,46194.0,72210.0,430,316,0,13,46086.0,43493.0,29526.0,33594.0,273.8,0
53236.0,75194.0,12402.0,19102.0,578,263,19,40,47846.0,47279.0,33447.0,39085.0,273.8,0
20272.0,20218.0,3628.0,5825.0,4225,4325,5550,5605,16379.0,15728.0,2737.0,3996.0,273.9,2
1978.0,11924.0,1102.0,4233.0,1912,4568,2604,5990,5774.0,13608.0,199.0,1498.0,273.9,2
2125.0,9875.0,73.0,2285.0,1108,3371,1223,4020,2880.0,9484.0,138.0,295.0,273.9,2
1741.0,4712.0,1544.0,4490.0,2024,2514,2364,3121,6273.0,8172.0,679.0,1734.0,274.0,2
48334.0,60962.0,24155.0,36199.0,502,262,26,79,68272.0,64727.0,31398.0,46484.0,274.0,0
16839.0,30052.0,3551.0,5647.0,569,291,143,53,24146.0,24546.0,6252.0,11960.0,274.1,0
143478.0,212512.0,25808.0,40582.0,538,361,0,150,74951.0,65774.0,57926.0,49081.0,274.1,0
46608.0,70326.0,70133.0,112134.0,2642,2637,3500,3593,11787.0,12006.0,4846.0,3900.0,274.1,3
64430.0,99853.0,12958.0,19018.0,366,155,125,107,71656.0,64475.0,44490.0,42361.0,274.2,0
6057.0,12787.0,1718.0,4293.0,3555,3913,4984,5460,14271.0,15183.0,273.0,841.0,274.2,2
145450.0,201888.0,12989.0,20808.0,0,94,0,55,303255.0,242150.0,98522.0,94042.0,274.2,3
1556.0,7987.0,1172.0,3678.0,1477,2729,2121,3750,6017.0,10273.0,1395.0,2332.0,274.3,2
4144.0,10018.0,947.0,3046.0,1256,2619,1448,3454,3824.0,9249.0,702.0,1788.0,274.3,2
31290.0,61178.0,4167.0,7853.0,3564,3145,472,372,33247.0,32742.0,11923.0,23682.0,274.3,3
33536.0,45626.0,3900.0,5736.0,357,213,327,201,38844.0,35532.0,23956.0,26014.0,274.4,0
119248.0,167593.0,20207.0,31748.0,529,364,406,165,174168.0,154447.0,49545.0,67101.0,274.4,0
2538.0,5617.0,1666.0,4752.0,1348,1908,2350,3125,5944.0,8649.0,0.0,653.0,274.4,2
8222.0,20618.0,1809.0,5412.0,3548,3759,4780,5242,12874.0,13259.0,469.0,1817.0,274.4,2
1389.0,4056.0,1352.0,4391.0,1175,2226,1464,3141,3987.0,8131.0,2205.0,1866.0,274.5,2
694.0,4118.0,106.0,2722.0,1212,2622,1271,3220,3349.0,8167.0,0.0,0.0,274.5,2
5031.0,11621.0,1347.0,2856.0,3871,4304,4975,5730,11622.0,13539.0,1646.0,1826.0,274.5,2
1625.0,6077.0,139.0,1306.0,189,109,228,169,5258.0,8479.0,679.0,945.0,274.6,0
1995.0,9702.0,937.0,2677.0,98,48,201,159,4940.0,7236.0,1538.0,2263.0,274.6,0
2645.0,8836.0,0.0,472.0,176,84,109,0,3509.0,5565.0,20418.0,54601.0,274.6,-1
431324.0,563613.0,20203.0,26059.0,1109,809,228,153,923901.0,757494.0,278281.0,268901.0,274.6,3
1528.0,9021.0,77.0,621.0,148,24,182,69,2365.0,4783.0,1137.0,3031.0,274.6,0
3357.0,17646.0,540.0,3089.0,5006,7815,6506,10345,9196.0,14331.0,1080.0,1629.0,274.6,2
1457.0,5129.0,755.0,3287.0,1088,3227,1227,3918,1791.0,4868.0,323.0,886.0,274.6,2
19759.0,31313.0,3422.0,5284.0,258,170,38,63,31369.0,29999.0,27769.0,21464.0,274.6,0
11500.0,28603.0,2875.0,6060.0,6259,6154,7979,8407,19456.0,18766.0,1102.0,3616.0,274.7,2
15564.0,32162.0,3110.0,6821.0,2781,2857,4065,4293,12257.0,12607.0,1448.0,3914.0,274.7,2
11846.0,19493.0,1888.0,2636.0,2877,3265,3942,4216,12102.0,12853.0,860.0,3511.0,274.7,2
26507.0,45491.0,3015.0,6025.0,6480,6297,8821,8719,23972.0,23518.0,8828.0,7929.0,274.8,2
33849.0,45305.0,18861.0,27169.0,285,259,229,133,36030.0,34863.0,27437.0,25526.0,274.9,0
38950.0,60806.0,4061.0,5790.0,260,130,0,48,37351.0,35868.0,29438.0,25490.0,275.0,0
14407.0,28566.0,1373.0,3721.0,5964,5859,8190,8401,22208.0,22668.0,1211.0,4281.0,275.1,2
15111.0,20606.0,1960.0,5676.0,4460,4660,5121,5532,13652.0,14480.0,4408.0,4291.0,275.1,2
27349.0,36803.0,6025.0,8368.0,0,23,40,48,25490.0,25652.0,4861.0,14729.0,275.2,0
16015.0,17145.0,4013.0,6966.0,5078,5193,6570,6543,18135.0,18427.0,252.0,2621.0,275.2,2
18266.0,34598.0,9461.0,16263.0,372,178,278,120,25709.0,24921.0,12159.0,18562.0,275.4,0
12297.0,22586.0,370.0,1733.0,7061,7562,9684,10619,26528.0,26891.0,4401.0,5068.0,275.4,2
36379.0,62650.0,7027.0,10385.0,160,346,134,73,41930.0,40767.0,27075.0,30139.0,275.4,0
8107.0,13856.0,2315.0,5483.0,3309,3452,4027,3740,9896.0,8682.0,497.0,1935.0,275.4,2
5827.0,14413.0,1670.0,4423.0,2344,2668,3264,3935,8333.0,9939.0,1941.0,2651.0,275.4,2
42173.0,72565.0,13977.0,21741.0,0,22,0,0,48826.0,46516.0,29970.0,41848.0,275.4,-1
4193.0,7082.0,1711.0,3091.0,4118,4610,5159,5271,12444.0,12938.0,2408.0,2148.0,275.5,2
7742.0,16393.0,465.0,2162.0,4587,4763,5739,5696,14827.0,14249.0,1187.0,2961.0,275.5,2
29222.0,40430.0,4473.0,7878.0,10777,11073,15491,15437,34961.0,32486.0,11721.0,7652.0,275.6,2
1861.0,4959.0,4172.0,28919.0,197,117,201,90,3031.0,4711.0,26765.0,30422.0,275.6,0
22171.0,36762.0,61562.0,109995.0,305,198,99,78,36743.0,37496.0,9600.0,18582.0,275.6,3
47594.0,74280.0,4638.0,7554.0,37,294,323,174,42486.0,39761.0,24290.0,29510.0,275.7,0
3766.0,13950.0,1369.0,4775.0,4360,5587,4886,6296,9502.0,11554.0,0.0,0.0,275.7,2
11004.0,15375.0,2973.0,4344.0,4918,4677,6493,6484,19415.0,17873.0,4732.0,4503.0,275.7,2
39819.0,58649.0,9595.0,17506.0,221,236,219,119,47141.0,44104.0,31203.0,30108.0,275.7,0
7103.0,14925.0,875.0,2713.0,3161,3196,4242,4676,10964.0,11319.0,1541.0,1883.0,275.7,2
11598.0,22049.0,3026.0,5207.0,1715,1786,3556,3589,11266.0,11280.0,509.0,3090.0,275.7,2
2296.0,6001.0,281.0,1412.0,767,1125,728,1823,1769.0,4769.0,1994.0,1949.0,275.8,2
3321.0,15088.0,1059.0,2639.0,5287,7099,5843,7717,11611.0,15021.0,732.0,883.0,275.8,2
9446.0,10945.0,1680.0,4955.0,3288,3871,4235,4471,10097.0,10138.0,1494.0,1154.0,275.8,2
9367.0,15957.0,1180.0,2772.0,7216,7455,9336,9347,21779.0,21592.0,3586.0,4174.0,275.8,2
36397.0,52554.0,5316.0,7601.0,361,230,390,141,47411.0,44629.0,18633.0,32397.0,275.9,0
12650.0,24908.0,2545.0,4689.0,8631,9494,10965,11712,24164.0,25170.0,1994.0,5178.0,276.0,2
525301.0,712842.0,84759.0,117533.0,8961,8439,1128,880,636178.0,508151.0,361410.0,307665.0,276.0,1
7498.0,18521.0,2528.0,6540.0,7690,9102,8920,10704,21560.0,24849.0,1903.0,2319.0,276.0,2
3388.0,7083.0,286.0,1886.0,515,1590,788,1781,1404.0,4501.0,48.0,142.0,276.0,2
2153.0,10835.0,1616.0,5642.0,1121,2250,1546,3204,4873.0,9033.0,337.0,965.0,276.0,2
6655.0,11031.0,2804.0,5524.0,3508,3703,5490,5903,14067.0,15518.0,2693.0,3872.0,276.0,2
673.0,4050.0,1265.0,6763.0,795,1841,1246,3072,2976.0,7585.0,147.0,1111.0,276.1,2
1714.0,6652.0,629.0,2403.0,616,1664,700,1900,2071.0,5138.0,1330.0,1805.0,276.1,2
3174.0,10508.0,1501.0,4471.0,2213,5102,2828,6783,6770.0,14119.0,1039.0,2310.0,276.2,2
2792.0,16902.0,221.0,1406.0,2601,5404,3515,7408,6574.0,14444.0,10.0,86.0,276.2,2
511.0,3098.0,188.0,972.0,79,0,201,133,2921.0,4955.0,0.0,0.0,276.3,0
446634.0,574786.0,351198.0,498744.0,1628,1392,793,318,405281.0,319393.0,214893.0,144432.0,276.3,3
2613.0,13707.0,1344.0,4722.0,726,1849,892,2168,2578.0,5873.0,92.0,1619.0,276.3,2
10630.0,23308.0,2797.0,5138.0,2729,2630,4119,4317,12498.0,12436.0,2023.0,3843.0,276.3,2
5781.0,7882.0,2135.0,2960.0,2915,2881,3536,3484,8983.0,9422.0,921.0,1879.0,276.3,2
17400.0,25198.0,4933.0,6521.0,11831,12094,15412,15864,32390.0,32218.0,1240.0,6053.0,276.3,2
33863.0,48545.0,54334.0,87050.0,681,287,0,20,50622.0,47386.0,34975.0,34781.0,276.4,3
34942.0,55198.0,5625.0,8100.0,515,269,501,296,43797.0,41461.0,13185.0,26335.0,276.5,0
13358.0,25722.0,2077.0,3311.0,5905,6408,8338,8303,20776.0,21365.0,653.0,4346.0,276.5,2
91072.0,128624.0,12242.0,17424.0,167,288,0,18,104777.0,91966.0,21387.0,40758.0,276.5,0
8386.0,22328.0,1716.0,3935.0,3264,3346,5653,6271,14423.0,16512.0,3589.0,3976.0,276.6,2
37970.0,61739.0,9199.0,14222.0,157,265,203,84,41382.0,37464.0,17356.0,29094.0,276.6,0
32643.0,59945.0,9719.0,16102.0,176,162,23,92,49786.0,47445.0,32063.0,34997.0,276.7,0
4011.0,12455.0,1259.0,3244.0,3958,5048,4875,6031,11926.0,14605.0,863.0,1950.0,276.8,2
10498.0,22472.0,4493.0,7342.0,4874,4830,6209,6242,17246.0,16803.0,2329.0,3383.0,276.8,2
1538.0,6465.0,1495.0,3557.0,5010,6869,6133,8628,11119.0,15274.0,197.0,2506.0,276.8,2
7854.0,12859.0,4344.0,7346.0,2619,2841,3463,3556,9669.0,10181.0,1155.0,2134.0,276.9,2
10907.0,23850.0,2591.0,5772.0,5253,5360,6491,6654,16765.0,15917.0,2306.0,3105.0,277.0,2
1376.0,6231.0,2004.0,6628.0,2588,3409,3250,4345,8225.0,11172.0,0.0,509.0,277.1,2
10808.0,25673.0,3482.0,4641.0,4583,4720,6258,6477,17826.0,18332.0,2490.0,3633.0,277.1,2
3381.0,12238.0,1354.0,3409.0,4474,5362,5805,6784,13737.0,14918.0,0.0,1598.0,277.1,2
4947.0,18171.0,547.0,1162.0,3564,4124,4813,5519,10508.0,11430.0,457.0,729.0,277.2,2
76822.0,112387.0,18010.0,26023.0,330,220,8,90,83372.0,79717.0,56912.0,58058.0,277.2,0
11458.0,25554.0,2373.0,4095.0,3508,3831,5197,5162,14176.0,13686.0,1033.0,2502.0,277.3,2
7128.0,17914.0,2200.0,5406.0,3440,3607,4237,4275,10653.0,11075.0,1220.0,1470.0,277.3,2
26640.0,46295.0,3158.0,4326.0,15269,14361,19143,18125,47287.0,43701.0,5187.0,6844.0,277.3,2
7420.0,16814.0,1488.0,3809.0,1381,1792,2536,2739,7646.0,8641.0,2482.0,2715.0,277.3,2
8192.0,19530.0,3105.0,6438.0,5948,6687,7940,8766,22142.0,24219.0,153.0,1657.0,277.6,2
2506.0,6153.0,1311.0,5978.0,53,144,428,279,4050.0,6105.0,17261.0,18598.0,277.6,0
1782.0,4602.0,10218.0,20593.0,293,255,127,50,24651.0,23395.0,22433.0,18596.0,277.6,0
1601000.0,1150430.0,3581610.0,3647710.0,7110,4666,2126,1093,1864420.0,1331590.0,1256450.0,869719.0,277.6,1
24850.0,35605.0,5022.0,8230.0,124,104,181,197,33887.0,32297.0,26534.0,23104.0,277.6,0
16455.0,21889.0,2624.0,6601.0,569,435,185,174,23577.0,22125.0,9893.0,16439.0,277.6,0
48642.0,68815.0,24723.0,38751.0,921,844,323,157,50884.0,46594.0,35703.0,35289.0,277.7,3
2111.0,5099.0,3505.0,8107.0,710,794,1145,1506,3581.0,5029.0,1305.0,1596.0,277.7,2
10573.0,15523.0,1156.0,4121.0,4499,5249,6368,7106,15928.0,18490.0,2462.0,2648.0,277.7,2
216696.0,323317.0,24393.0,38158.0,578,284,317,111,196396.0,171624.0,65272.0,77681.0,277.8,0
5802.0,26348.0,1512.0,5150.0,2255,3385,2689,4402,6236.0,9673.0,253.0,901.0,277.8,2
36986.0,62134.0,13184.0,21315.0,10,11,245,178,34682.0,33001.0,16888.0,26464.0,277.8,0
12376.0,24805.0,2039.0,4259.0,4705,4867,6403,6863,21446.0,22094.0,1742.0,4336.0,277.9,2
11695.0,18289.0,3009.0,5255.0,4517,4598,6760,6737,19246.0,17705.0,4233.0,4271.0,277.9,2
1467.0,8877.0,1196.0,4835.0,1604,4054,1982,5343,5910.0,15300.0,1027.0,1856.0,277.9,2
2005.0,12118.0,329.0,2447.0,722,2356,929,3354,2664.0,9452.0,214.0,442.0,277.9,2
12391.0,30244.0,3621.0,8019.0,207,117,96,3,15706.0,16592.0,2377.0,8021.0,278.0,0
16301.0,25244.0,3987.0,8135.0,6268,6394,8452,8640,21048.0,21781.0,2392.0,4529.0,278.0,2
5466.0,11885.0,2504.0,4185.0,3802,4131,5055,5198,12293.0,12861.0,114.0,2484.0,278.1,2
3528.0,11405.0,969.0,2781.0,1800,2646,2590,3987,6966.0,10192.0,808.0,2340.0,278.2,2
72398.0,111212.0,23844.0,37206.0,382,166,162,65,64855.0,56599.0,42457.0,44008.0,278.2,0
12130.0,23445.0,4033.0,8550.0,4323,4529,6544,6785,18431.0,18541.0,1543.0,2421.0,278.2,2
5527.0,11574.0,490.0,1777.0,945,2099,844,2347,2673.0,5928.0,3206.0,3338.0,278.3,2
1151.0,4501.0,286.0,1036.0,1320,4036,1672,4607,4083.0,10925.0,31.0,80.0,278.3,2
29736.0,44199.0,8898.0,13387.0,596,520,247,133,37462.0,34316.0,24126.0,30905.0,278.3,0
448780.0,560761.0,817173.0,884253.0,1466,1181,924,259,278015.0,230576.0,137930.0,121112.0,278.3,1
37154.0,52097.0,6828.0,8529.0,0,55,298,154,48167.0,44475.0,29511.0,34193.0,278.5,0
23434.0,37619.0,14606.0,23870.0,189,187,48,135,36118.0,33894.0,21308.0,23984.0,278.5,0
168407.0,246578.0,9971.0,12938.0,916,450,45,93,256552.0,220860.0,92144.0,101273.0,278.5,3
23751.0,46167.0,4253.0,6712.0,276,156,212,73,22988.0,22021.0,11598.0,14571.0,278.5,0
47205.0,61033.0,7188.0,11012.0,635,232,144,65,30650.0,29179.0,23574.0,26914.0,278.6,0
162788.0,246457.0,67954.0,104752.0,330,219,384,151,170566.0,137687.0,79211.0,63530.0,278.7,3
963.0,5425.0,0.0,0.0,109,0,58,0,3120.0,5626.0,636.0,921.0,278.7,-1
473479.0,600332.0,74527.0,120023.0,1668,1187,0,55,718172.0,579697.0,311769.0,268939.0,278.7,3
627.0,3141.0,0.0,645.0,177,72,216,144,4829.0,6377.0,3942.0,5501.0,278.8,0
2886.0,12357.0,127.0,892.0,49,0,225,106,3117.0,6034.0,33824.0,48088.0,278.8,0
461449.0,591856.0,34729.0,51557.0,862,826,607,205,584775.0,478128.0,213455.0,195376.0,278.8,3
4507.0,19056.0,909.0,4188.0,8973,10348,8184,9092,17099.0,19307.0,2018.0,2078.0,278.9,2
13553.0,19746.0,2250.0,4732.0,14416,14149,14016,13507,26007.0,24843.0,2195.0,2858.0,278.9,1
40395.0,61435.0,5276.0,8987.0,118,102,386,183,48676.0,46512.0,16435.0,32228.0,279.0,0
4542.0,11857.0,2727.0,5279.0,3098,3661,4270,4557,11290.0,12497.0,1874.0,2873.0,279.0,2
9223.0,21697.0,3467.0,6250.0,7617,8733,7899,8577,17832.0,18265.0,1153.0,2817.0,279.0,2
9644.0,15212.0,1603.0,3488.0,2917,2782,4008,3914,9493.0,8895.0,1689.0,2393.0,279.1,2
6517.0,10325.0,1429.0,3639.0,12453,12797,12122,12310,24874.0,25374.0,2757.0,3651.0,279.1,1
25253.0,38534.0,782.0,4300.0,15551,15630,19443,18521,46325.0,42971.0,8106.0,7463.0,279.1,2
9364.0,13684.0,1402.0,3349.0,4813,4678,5888,5794,14473.0,13474.0,2066.0,2170.0,279.1,2
1888.0,9685.0,1004.0,3399.0,1649,4579,2255,5850,4721.0,12361.0,1050.0,2709.0,279.1,2
2257.0,12161.0,611.0,2570.0,2796,5235,3585,6537,7825.0,14110.0,855.0,1355.0,279.1,2
135332.0,192583.0,5860.0,9555.0,683,417,368,177,145209.0,125118.0,66397.0,58289.0,279.1,0
43627.0,70403.0,2650.0,6008.0,441,245,0,20,33639.0,32154.0,18211.0,24116.0,279.2,0
3147.0,9224.0,614.0,1581.0,1866,2344,3039,4205,8871.0,11224.0,1199.0,2050.0,279.4,2
2800.0,8758.0,1139.0,2778.0,411,407,193,151,6172.0,5915.0,877.0,1001.0,279.5,0
2311.0,6700.0,18461.0,132166.0,222,182,206,96,4851.0,9373.0,59852.0,80714.0,279.5,0
450345.0,606652.0,1339120.0,1792760.0,1118,754,200,232,425390.0,356547.0,169565.0,156086.0,279.5,1
5962.0,21901.0,1292.0,3881.0,4293,5696,6182,8213,14657.0,20884.0,0.0,481.0,279.5,2
6838.0,10942.0,3015.0,4594.0,6868,6632,8395,8460,14352.0,14780.0,7019.0,5769.0,279.5,2
5286.0,13595.0,4111.0,8419.0,2290,2513,3040,3264,7888.0,8487.0,1071.0,1408.0,279.5,2
26444.0,46498.0,10254.0,16222.0,593,345,96,53,32640.0,29823.0,22408.0,25117.0,279.6,0
290796.0,403974.0,74584.0,114782.0,130,115,196,79,238128.0,208306.0,125476.0,105228.0,279.6,3
24946.0,45286.0,17764.0,31590.0,0,114,453,212,26684.0,26351.0,8305.0,16555.0,279.6,0
24293.0,35182.0,1491.0,4027.0,228,186,0,106,28236.0,26880.0,13749.0,21272.0,279.7,0
5403.0,12097.0,319.0,1765.0,6012,6696,6992,7744,16497.0,17039.0,1901.0,2373.0,279.9,2
7564.0,14945.0,3130.0,7434.0,3469,3572,4946,5318,13155.0,14009.0,3419.0,2944.0,279.9,2
67733.0,109056.0,12343.0,22215.0,592,288,256,156,37451.0,33618.0,18300.0,28043.0,280.0,0
5989.0,11863.0,3982.0,10561.0,8148,8873,7628,8232,15240.0,16199.0,1550.0,2748.0,280.1,2
10595.0,22323.0,1163.0,3360.0,4149,4159,5595,5804,15397.0,14698.0,4341.0,4242.0,280.2,2
9245.0,26657.0,2222.0,5164.0,2769,3135,4375,4901,14879.0,15327.0,2976.0,4673.0,280.2,2
88231.0,137555.0,11619.0,19320.0,237,185,169,178,121093.0,103224.0,53469.0,46284.0,280.2,0
7307.0,19781.0,3223.0,6054.0,3678,4147,4808,4836,15294.0,16788.0,3239.0,3688.0,280.3,2
5584.0,11500.0,2241.0,4933.0,4255,4556,5941,6478,15780.0,16635.0,2208.0,2808.0,280.3,2
11634.0,21636.0,4658.0,8915.0,4847,5108,6835,7610,18518.0,20417.0,2909.0,4916.0,280.4,2
17206.0,28981.0,2373.0,5482.0,251,159,95,80,25611.0,26755.0,4144.0,10441.0,280.4,0
51042.0,83386.0,5096.0,10744.0,599,291,0,0,44707.0,40702.0,21595.0,31990.0,280.4,-1
7050.0,15112.0,2746.0,5889.0,723,707,2190,1915,4697.0,4549.0,1369.0,1684.0,280.4,2
34886.0,73194.0,12192.0,20049.0,414,198,147,78,42357.0,41303.0,21485.0,30447.0,280.5,0
11834.0,40319.0,3875.0,8767.0,593,633,185,52,20989.0,22573.0,3115.0,6703.0,280.5,0
2499.0,5243.0,1349.0,3587.0,4357,4509,5638,6096,13121.0,14988.0,1211.0,2306.0,280.6,2
166320.0,245668.0,15491.0,22338.0,276,338,26,102,195031.0,164079.0,69781.0,56285.0,280.6,0
8836.0,19783.0,1958.0,4085.0,4468,5041,6244,6622,14965.0,15966.0,1296.0,2605.0,280.6,2
52886.0,86028.0,1953.0,4479.0,324,216,194,83,57555.0,50987.0,31182.0,36128.0,280.6,0
37668.0,56136.0,9758.0,15033.0,586,290,177,58,53749.0,48646.0,39067.0,36993.0,280.7,0
8601.0,22340.0,1093.0,2729.0,5510,5869,7237,7351,17552.0,17083.0,592.0,3635.0,280.9,2
25234.0,43204.0,3640.0,7084.0,412,193,114,61,28937.0,27345.0,15461.0,22413.0,280.9,0
10355.0,14070.0,2150.0,4839.0,3446,3939,5038,5088,13639.0,13205.0,2329.0,2711.0,281.0,2
37764.0,54661.0,7597.0,12891.0,252,179,283,167,39656.0,37973.0,30242.0,33183.0,281.0,0
13790.0,21587.0,2906.0,3919.0,5167,5107,7283,7611,21640.0,20968.0,2572.0,5716.0,281.1,2
3848.0,8307.0,3512.0,5921.0,2598,2868,3267,3511,9060.0,9801.0,1488.0,1553.0,281.1,2
41530.0,63948.0,14520.0,24626.0,595,342,181,93,62927.0,59714.0,37802.0,48309.0,281.1,0
8252.0,17552.0,3747.0,6840.0,3283,3906,4593,4999,13540.0,14929.0,3821.0,4187.0,281.2,2
3364.0,7442.0,1383.0,3928.0,3013,3625,3936,4664,10596.0,13167.0,559.0,654.0,281.2,2
14098.0,30307.0,3158.0,5033.0,236,163,0,0,18536.0,18207.0,6809.0,11540.0,281.3,-1
11227.0,22986.0,2513.0,5153.0,2440,2485,3295,3517,9841.0,10032.0,2234.0,1961.0,281.3,2
6863.0,9993.0,2231.0,4047.0,4714,4913,5451,5840,15692.0,15959.0,916.0,1112.0,281.3,2
3723.0,9491.0,1623.0,3540.0,2802,3510,3579,4405,10529.0,13081.0,1380.0,1966.0,281.4,2
2788.0,8641.0,1306.0,3101.0,2895,3195,4299,5086,9703.0,11287.0,931.0,1002.0,281.4,2
5663.0,12305.0,1908.0,5545.0,4903,5551,6487,7176,14641.0,15925.0,1961.0,1563.0,281.5,2
11856.0,16871.0,3127.0,4974.0,6736,7071,7912,7861,22130.0,21712.0,5155.0,4608.0,281.5,2
2078.0,10097.0,111.0,702.0,107,30,197,129,5654.0,10253.0,789.0,1532.0,281.5,0
843276.0,814289.0,70318.0,80422.0,35416,28646,4312,2868,1596440.0,1100250.0,685388.0,470394.0,281.5,1
11156.0,26530.0,1256.0,3261.0,4889,5812,6642,7272,19547.0,22073.0,1330.0,3780.0,281.5,2
38842.0,60699.0,12017.0,20232.0,248,153,90,117,48030.0,47260.0,21761.0,38371.0,281.5,0
33206.0,51738.0,13924.0,23035.0,242,162,33,32,50869.0,47957.0,24196.0,38725.0,281.6,0
19369.0,29414.0,2497.0,5048.0,31,85,109,131,28342.0,27246.0,20418.0,18995.0,281.6,0
781790.0,762930.0,1749160.0,2498050.0,1108,848,386,187,349666.0,277331.0,119617.0,101526.0,281.6,1
44749.0,62768.0,16090.0,26523.0,334,216,171,98,53644.0,54010.0,27370.0,36506.0,281.7,0
10057.0,16798.0,2214.0,6517.0,2569,2354,3618,3669,10630.0,9365.0,2885.0,2765.0,281.7,2
1330.0,7786.0,22.0,1320.0,210,131,95,6,2532.0,6643.0,22492.0,56711.0,281.7,0
58058.0,79410.0,12475.0,18358.0,311,155,0,0,70158.0,67424.0,25637.0,53980.0,281.7,-1
4674.0,20586.0,853.0,3117.0,2628,3419,3457,4311,9646.0,12057.0,1235.0,1478.0,281.7,2
14245.0,25275.0,1513.0,3101.0,7105,6987,8755,9032,19626.0,19848.0,954.0,3215.0,281.8,2
13883.0,13993.0,0.0,2223.0,5999,6527,8729,9145,20496.0,21378.0,2800.0,3088.0,281.8,2
24835.0,32803.0,4718.0,6097.0,367,224,89,81,33082.0,31316.0,17741.0,25183.0,282.0,0
44554.0,67633.0,12582.0,20396.0,195,282,1,67,52008.0,52239.0,21472.0,41228.0,282.0,0
6323.0,14844.0,3484.0,6386.0,9468,9920,10309,10755,21634.0,22348.0,1971.0,2994.0,282.2,2
44328.0,57063.0,2279.0,4121.0,86,80,314,198,40952.0,39150.0,21540.0,32140.0,282.3,0
2578.0,9953.0,1520.0,4403.0,4770,6115,5363,6846,10701.0,13465.0,792.0,1862.0,282.3,2
33511.0,53868.0,21849.0,36452.0,494,240,109,44,43924.0,45131.0,21590.0,32620.0,282.4,0
4653.0,14119.0,885.0,2924.0,5229,5576,6046,6306,13455.0,13650.0,1672.0,1903.0,282.4,2
67836.0,98527.0,25916.0,40488.0,70,285,45,70,57617.0,56161.0,58410.0,45507.0,282.5,0
18954.0,29795.0,2174.0,4261.0,9319,9142,10694,10721,24102.0,24179.0,3752.0,4165.0,282.5,2
1335.0,6440.0,823.0,4199.0,1070,1585,1517,2420,4182.0,7613.0,0.0,559.0,282.5,2
23132.0,39709.0,29596.0,49018.0,337,227,86,56,37123.0,35036.0,26601.0,27759.0,282.5,0
25903.0,41687.0,6814.0,10526.0,143,145,242,92,28000.0,27768.0,6797.0,18895.0,282.5,0
61331.0,103451.0,6481.0,10605.0,230,284,0,0,33961.0,31615.0,21257.0,25133.0,282.5,-1
29800.0,50000.0,2646.0,3206.0,560,353,184,136,39267.0,37436.0,21384.0,30621.0,282.5,0
6100.0,13615.0,465.0,1433.0,3853,3692,4922,5065,12414.0,12697.0,1541.0,2069.0,282.6,2
5275.0,13802.0,4408.0,9193.0,3832,4260,4426,5006,11318.0,12126.0,1643.0,2705.0,282.6,2
1883.0,10775.0,506.0,2062.0,1127,1759,1933,3322,4300.0,7139.0,211.0,204.0,282.6,2
17289.0,28727.0,5551.0,8678.0,370,187,86,91,24222.0,22980.0,16280.0,17148.0,282.6,0
17869.0,32850.0,1203.0,2242.0,293,224,311,163,32363.0,33825.0,4475.0,11633.0,282.6,0
2662.0,8612.0,1251.0,5469.0,2742,3040,3738,4460,10085.0,12499.0,728.0,1149.0,282.7,2
12945.0,17675.0,3151.0,4918.0,6021,6212,8524,9086,18870.0,19593.0,2864.0,3247.0,282.7,2
8229.0,18283.0,1567.0,2938.0,3735,3775,5999,6393,18108.0,19390.0,3919.0,4283.0,282.7,2
5056.0,10515.0,647.0,2438.0,2711,3133,3869,4110,10633.0,10909.0,381.0,1115.0,282.8,2
51499.0,75023.0,9750.0,14960.0,488,291,49,134,52792.0,47269.0,47173.0,41184.0,282.9,0
53421.0,77124.0,6413.0,9895.0,400,169,250,62,68694.0,63853.0,49293.0,49675.0,282.9,0
32431.0,63531.0,25326.0,40952.0,176,145,368,191,41304.0,37217.0,21803.0,29261.0,282.9,0
5114.0,14593.0,3388.0,9046.0,2409,2857,3662,4252,10014.0,11729.0,0.0,256.0,283.0,2
37750.0,58110.0,8076.0,11583.0,337,173,283,108,49551.0,45349.0,13217.0,28280.0,283.0,0
4635.0,16260.0,647.0,2945.0,2412,2704,3089,3620,8104.0,9691.0,1625.0,2023.0,283.0,2
13777.0,23794.0,4590.0,6662.0,5090,5376,6630,6907,19860.0,20019.0,4299.0,4831.0,283.0,2
6585.0,12111.0,2885.0,4974.0,3276,3410,3779,3889,11395.0,11247.0,1146.0,2381.0,283.1,2
4401.0,9361.0,48.0,1339.0,2026,2557,2250,2941,6122.0,7584.0,307.0,821.0,283.2,2
3965.0,19451.0,2305.0,7431.0,1170,1442,1924,2581,6625.0,9627.0,355.0,536.0,283.2,2
3900.0,9474.0,1205.0,3534.0,2089,2321,2328,2649,6503.0,6836.0,737.0,836.0,283.3,2
74776.0,110740.0,6455.0,9595.0,0,117,143,127,66225.0,57672.0,56842.0,45918.0,283.3,0
2966.0,14007.0,823.0,3376.0,968,2900,1377,3557,4228.0,9401.0,760.0,1319.0,283.3,2
21896.0,42777.0,9619.0,18761.0,327,275,43,25,31522.0,32172.0,11436.0,21761.0,283.4,0
10242.0,18761.0,6098.0,10310.0,67,84,2,0,26565.0,23821.0,10453.0,16323.0,283.4,-1
336539.0,471504.0,104807.0,150319.0,885,554,196,130,209997.0,191752.0,118709.0,112638.0,283.4,3
41338.0,54224.0,4941.0,7218.0,0,61,0,111,41882.0,36411.0,37555.0,26323.0,283.4,0
44995.0,73256.0,22280.0,33075.0,158,160,187,165,15019.0,15002.0,8574.0,10930.0,283.4,0
5189.0,20069.0,1344.0,3944.0,2661,3124,3238,3813,8798.0,10368.0,939.0,1406.0,283.5,2
5340.0,15387.0,1500.0,4777.0,1908,2133,3090,3468,9567.0,11216.0,857.0,2292.0,283.5,2
6849.0,15213.0,1102.0,3810.0,4504,4722,6015,6776,14445.0,15142.0,2680.0,4450.0,283.5,2
31806.0,50959.0,17103.0,28858.0,308,241,174,100,47354.0,45415.0,32652.0,34319.0,283.6,0
5540470.0,2536470.0,1001140.0,16777200.0,38821,10139,11778,2925,9069810.0,3044990.0,7306240.0,2271580.0,283.6,1
84368.0,119681.0,43931.0,43352.0,275,222,117,140,93058.0,86042.0,81765.0,72535.0,283.6,0
4942.0,13400.0,1404.0,3482.0,3354,3798,4125,4607,9408.0,10323.0,0.0,1866.0,283.6,2
7455.0,19897.0,1536.0,3766.0,5867,6734,6813,7544,18779.0,20333.0,0.0,2259.0,283.6,2
6375.0,18125.0,2959.0,4446.0,6171,6029,7312,7472,19610.0,19068.0,2306.0,3404.0,283.7,2
8156.0,22084.0,1632.0,4863.0,7425,7878,8266,8567,17989.0,17062.0,1164.0,2049.0,283.8,2
2276.0,13031.0,113.0,1314.0,435,1815,607,1999,1464.0,4320.0,0.0,0.0,283.8,2
2308.0,6810.0,1177.0,4674.0,152,130,0,0,2439.0,5042.0,35230.0,60931.0,283.8,-1
263486.0,414603.0,68679.0,105467.0,251,320,349,140,203542.0,177985.0,88453.0,99646.0,283.8,3
32577.0,60996.0,1256.0,2745.0,445,206,58,44,45609.0,42528.0,26334.0,31891.0,283.8,0
39062.0,67845.0,8574.0,14133.0,125,186,222,96,41995.0,39297.0,27212.0,37144.0,283.8,0
4488.0,7555.0,2799.0,6450.0,6344,6617,7944,8708,19311.0,19854.0,2242.0,2272.0,283.9,2
52965.0,90907.0,6600.0,10504.0,116,216,0,0,64360.0,59282.0,44674.0,47662.0,283.9,-1
6392.0,13510.0,2051.0,4717.0,3908,4261,4368,4812,11476.0,12533.0,3267.0,3344.0,283.9,2
117323.0,177981.0,31735.0,46635.0,586,397,616,223,178416.0,150553.0,63439.0,54617.0,284.0,0
121564.0,174498.0,32678.0,51324.0,562,426,456,205,194791.0,171667.0,62294.0,71333.0,284.1,0
24042.0,38211.0,4758.0,5627.0,308,142,49,69,31678.0,31233.0,12244.0,22942.0,284.1,0
3726.0,9234.0,1443.0,3382.0,2201,2517,2667,3011,7762.0,8383.0,1675.0,2387.0,284.2,2
25185.0,53703.0,2969.0,6083.0,230,111,253,101,37065.0,34863.0,19232.0,26223.0,284.2,0
44927.0,64653.0,10098.0,16958.0,127,89,23,132,69061.0,64256.0,40159.0,45500.0,284.2,0
5110.0,14567.0,2159.0,4807.0,3721,4484,4638,5593,10794.0,13558.0,0.0,414.0,284.3,2
647309.0,709062.0,815069.0,1181530.0,1872,1049,924,277,273620.0,145456.0,141091.0,79273.0,284.3,1
7430.0,18933.0,4559.0,10406.0,7496,8016,8260,9349,17746.0,20090.0,2931.0,3134.0,284.3,2
140270.0,218806.0,6950.0,13005.0,0,145,143,212,161770.0,130456.0,37156.0,41272.0,284.3,0
2128.0,5568.0,2059.0,5073.0,1828,2122,2446,2874,6061.0,7299.0,1464.0,1427.0,284.3,2
3820.0,7270.0,1958.0,5142.0,548,1649,1173,2786,2848.0,6894.0,1527.0,1526.0,284.4,2
1406.0,5190.0,847.0,2715.0,608,1749,1037,2668,2774.0,6755.0,314.0,549.0,284.4,2
10667.0,23885.0,806.0,2568.0,7986,8156,9539,9998,21374.0,22808.0,5621.0,4199.0,284.4,2
5296.0,21828.0,1016.0,2764.0,3381,4480,3970,5095,10738.0,13446.0,840.0,2816.0,284.5,2
31977.0,54056.0,9375.0,15818.0,191,238,0,1,51595.0,47675.0,22168.0,42154.0,284.5,0
32293.0,47099.0,33350.0,55218.0,385,201,212,203,30144.0,27734.0,33765.0,23687.0,284.5,0
4887.0,13825.0,1431.0,3234.0,747,1362,1135,2194,2359.0,5489.0,2803.0,2437.0,284.6,2
3931.0,8879.0,1361.0,5863.0,2652,4015,3629,5478,8117.0,13069.0,884.0,1993.0,284.6,2
5437.0,10925.0,2387.0,6501.0,1469,1946,2132,3454,6114.0,9908.0,1576.0,1444.0,284.6,2
1025.0,3150.0,966.0,4168.0,529,1300,602,1806,1710.0,5050.0,0.0,273.0,284.6,2
60379.0,86010.0,25156.0,40202.0,328,174,0,99,76566.0,74258.0,40764.0,55133.0,284.6,0
10664.0,15792.0,969.0,2665.0,4539,4862,6071,6564,15207.0,15778.0,282.0,1486.0,284.7,2
3407.0,7254.0,2116.0,4724.0,3349,3400,4081,4679,10155.0,11079.0,396.0,959.0,284.8,2
3165.0,8678.0,1083.0,3520.0,251,176,263,219,2195.0,4037.0,15970.0,22126.0,284.8,0
22444.0,33358.0,7655.0,13222.0,430,181,329,157,33349.0,32742.0,11070.0,20517.0,284.8,0
39792.0,67643.0,5432.0,10025.0,119,149,133,89,33875.0,33853.0,15807.0,26335.0,284.9,0
3428.0,9271.0,2506.0,5053.0,3358,4607,4824,5870,10603.0,12986.0,1526.0,2755.0,284.9,2
1420.0,6646.0,271.0,1981.0,139,76,285,174,3722.0,7559.0,30605.0,62475.0,285.0,0
112074.0,163490.0,11564.0,16748.0,287,226,472,243,234503.0,202001.0,63364.0,82764.0,285.0,0
443213.0,624719.0,336823.0,498128.0,599,787,17,128,170563.0,156960.0,91278.0,80802.0,285.1,3
25680.0,47028.0,4948.0,8514.0,155,151,0,55,27918.0,26428.0,21872.0,20861.0,285.1,0
1787.0,10361.0,547.0,3190.0,1565,2831,1874,3940,4718.0,10117.0,644.0,1322.0,285.1,2
5590.0,13559.0,1114.0,2155.0,2909,3138,3784,4038,10661.0,11028.0,477.0,2125.0,285.2,2
5684.0,9760.0,736.0,1967.0,3128,3637,4199,4075,10263.0,10328.0,1774.0,1909.0,285.2,2
8062.0,22004.0,1477.0,3604.0,2347,2730,3551,3968,10149.0,11505.0,489.0,667.0,285.2,2
8853.0,11679.0,1180.0,2582.0,3902,3095,4530,4238,10894.0,9610.0,2721.0,1931.0,285.2,2
10106.0,16126.0,2822.0,4633.0,2793,2885,4199,3954,10856.0,10692.0,2598.0,2647.0,285.3,2
10182.0,16029.0,2555.0,4230.0,16312,18113,18991,20406,33090.0,33234.0,1638.0,3723.0,285.3,1
1867.0,7729.0,66.0,1844.0,1395,3700,1924,4880,5210.0,12667.0,261.0,465.0,285.3,2
4913.0,9356.0,995.0,2542.0,2518,2856,3023,3226,8004.0,8076.0,778.0,2203.0,285.3,2
1790040.0,1772080.0,3595550.0,4642480.0,4456,3180,1974,908,454979.0,370340.0,233126.0,161327.0,285.3,1
30705.0,50070.0,1237.0,2313.0,328,217,323,159,30446.0,28657.0,21467.0,21837.0,285.4,0
440472.0,599376.0,208828.0,309650.0,997,756,449,273,222928.0,198976.0,135411.0,122184.0,285.4,3
1859.0,10632.0,0.0,344.0,142,20,185,73,2198.0,4431.0,1743.0,2994.0,285.5,0
915.0,3878.0,609.0,2348.0,177,70,209,209,16056.0,25888.0,3235.0,4717.0,285.5,0
1367.0,5079.0,0.0,1347.0,118,91,187,177,4189.0,4707.0,4446.0,4922.0,285.5,0
598557.0,605767.0,183906.0,176216.0,9431,4514,1131,480,3124440.0,2120540.0,1183550.0,962794.0,285.5,1
3925.0,5943.0,171.0,4381.0,4125,4204,4783,4993,12649.0,13114.0,335.0,1303.0,285.5,2
6260.0,12441.0,1515.0,3110.0,4556,4740,5808,6092,14503.0,14872.0,2321.0,2859.0,285.5,2
2208.0,9559.0,1692.0,4699.0,853,996,1242,1671,3743.0,5629.0,54.0,418.0,285.6,2
9578.0,18846.0,1263.0,3556.0,4710,5149,6662,7180,17190.0,17859.0,4142.0,4407.0,285.6,2
32013.0,58317.0,9509.0,14718.0,206,82,295,146,28212.0,27648.0,12972.0,21268.0,285.7,0
11745.0,27437.0,2015.0,2993.0,4847,4659,6270,6146,16608.0,15435.0,4125.0,4170.0,285.7,2
949.0,5451.0,336.0,2633.0,861,1987,1148,2873,3334.0,8908.0,615.0,895.0,285.8,2
1958.0,5032.0,1275.0,4491.0,1728,2036,2506,2783,6401.0,6402.0,311.0,314.0,285.9,2
27265.0,42983.0,2983.0,4047.0,0,80,226,119,35627.0,32663.0,39689.0,27880.0,285.9,0
3350.0,9895.0,1781.0,3874.0,3874,4479,4593,5341,12195.0,13595.0,33.0,3261.0,286.0,2
1679.0,5814.0,46.0,503.0,351,888,534,1372,1204.0,3975.0,176.0,224.0,286.0,2
2206.0,7215.0,992.0,3654.0,2202,2742,3447,4329,9007.0,11845.0,892.0,1151.0,286.0,2
4859.0,14197.0,1258.0,3661.0,2183,2891,3327,4162,8122.0,10303.0,1173.0,2169.0,286.2,2
2201.0,8530.0,68.0,877.0,2618,4724,3296,6013,7811.0,14621.0,2356.0,3261.0,286.2,2
2785.0,17148.0,415.0,1550.0,1187,3789,1698,5078,4019.0,12218.0,0.0,323.0,286.2,2
4309.0,9023.0,708.0,2089.0,2890,3345,4286,5273,11835.0,13764.0,2347.0,2458.0,286.3,2
28270.0,50422.0,13083.0,22723.0,505,247,245,140,39967.0,39062.0,18153.0,32207.0,286.3,0
3626.0,8138.0,1148.0,2787.0,2634,2850,3810,4213,9937.0,10627.0,1588.0,2742.0,286.3,2
13829.0,21933.0,3536.0,6283.0,7212,7845,9772,10514,28129.0,27863.0,4642.0,4518.0,286.4,2
1402.0,8533.0,712.0,3430.0,1324,3870,1419,4083,4515.0,13155.0,842.0,2033.0,286.4,2
2037.0,13021.0,473.0,3630.0,2069,4608,2446,5205,7055.0,15796.0,0.0,0.0,286.4,2
32587.0,56615.0,7889.0,11271.0,2157,2178,5530,4966,13136.0,12683.0,5421.0,6057.0,286.5,3
2517.0,13115.0,1374.0,4997.0,2178,3518,2571,4102,6676.0,10625.0,469.0,1088.0,286.5,2
45705.0,57673.0,8395.0,11997.0,666,394,801,221,67785.0,63849.0,59262.0,46971.0,286.5,0
7539.0,12156.0,1591.0,3280.0,6960,7814,7722,8427,16515.0,18199.0,150.0,1544.0,286.5,2
29944.0,60065.0,5769.0,8489.0,251,222,330,158,38755.0,36603.0,16320.0,27049.0,286.5,0
6217.0,21661.0,2538.0,7644.0,6279,8563,6757,9069,13957.0,18556.0,608.0,1273.0,286.5,2
39194.0,62233.0,5347.0,8893.0,121,190,117,107,46096.0,38630.0,28965.0,28988.0,286.7,0
10588.0,12845.0,2161.0,3333.0,3505,3481,5584,5979,14309.0,14516.0,4306.0,3568.0,286.7,2
14848.0,28452.0,5772.0,12431.0,122,46,0,0,27281.0,29210.0,6693.0,13547.0,286.8,-1
6810.0,15464.0,0.0,1466.0,460,269,42,32,9286.0,5507.0,1023.0,1123.0,286.9,0
394487.0,546220.0,49867.0,74013.0,1281,1113,185,202,431363.0,375429.0,129430.0,137693.0,286.9,3
9951.0,13274.0,1440.0,2583.0,4511,4533,6665,6897,17141.0,16055.0,3908.0,4220.0,286.9,2
233476.0,363307.0,28259.0,42202.0,324,255,0,3,36713.0,34259.0,30005.0,31758.0,286.9,3
4577.0,14395.0,1859.0,4687.0,3270,3765,3659,4206,9434.0,10215.0,469.0,1429.0,286.9,2
32237.0,48772.0,4380.0,7160.0,435,193,339,159,36321.0,33496.0,13784.0,26598.0,286.9,0
7900.0,10503.0,2461.0,3684.0,3986,3942,4865,4757,13855.0,13611.0,3099.0,3295.0,287.0,2
11261.0,22984.0,3522.0,7266.0,3140,3275,5682,5983,16543.0,16768.0,413.0,4499.0,287.0,2
43268.0,56635.0,4852.0,6662.0,515,270,79,138,33226.0,29442.0,22290.0,20706.0,287.0,0
161354.0,231563.0,8888.0,12952.0,127,154,879,255,211398.0,162731.0,109639.0,79748.0,287.2,0
2031.0,13665.0,0.0,630.0,198,195,100,0,2271.0,4385.0,224.0,332.0,287.4,-1
648.0,3536.0,228.0,1888.0,142,107,125,68,2487.0,4290.0,305.0,1105.0,287.4,0
179290.0,250476.0,59813.0,95415.0,693,296,17,47,361148.0,304804.0,157198.0,130122.0,287.4,3
4797.0,18254.0,1215.0,2900.0,3038,5168,4038,6970,9573.0,15505.0,1889.0,4013.0,287.4,2
2185.0,5268.0,832.0,3519.0,3817,4674,5209,6522,11038.0,13423.0,355.0,1179.0,287.5,2
668325.0,808142.0,825591.0,1143130.0,1193,828,537,261,310236.0,260884.0,152205.0,132762.0,287.5,1
14974.0,29331.0,3469.0,4629.0,7153,7086,9397,9514,22211.0,19953.0,2900.0,4048.0,287.5,2
8570.0,15747.0,2174.0,4408.0,3611,3230,4975,4938,12130.0,12348.0,1716.0,2708.0,287.6,2
3733.0,16315.0,1040.0,2792.0,3324,4259,3990,5172,8554.0,10835.0,779.0,1089.0,287.6,2
1503.0,8644.0,0.0,1296.0,566,1494,545,1976,1404.0,4875.0,176.0,270.0,287.6,2
3131.0,9324.0,51.0,1953.0,71,11,194,104,3543.0,5515.0,4142.0,4433.0,287.6,0
806.0,3124.0,308.0,1742.0,230,166,162,82,11764.0,15122.0,2920.0,6002.0,287.6,0
3776.0,9427.0,0.0,1623.0,157,35,210,109,5290.0,5730.0,4528.0,4429.0,287.6,0
860637.0,1013440.0,70891.0,100509.0,2537,2361,755,435,1196780.0,940879.0,879808.0,715662.0,287.6,1
3320.0,7629.0,854.0,2990.0,149,69,225,124,5653.0,4573.0,890.0,1523.0,287.6,0
1854.0,9296.0,520.0,2366.0,218,266,89,4,2623.0,4306.0,161.0,920.0,287.6,0
408565.0,535826.0,272695.0,376416.0,651,586,450,182,359470.0,296748.0,187804.0,149690.0,287.6,3
38009.0,56788.0,3457.0,7047.0,352,141,0,31,48147.0,44107.0,35513.0,30913.0,287.6,0
334573.0,497104.0,184258.0,276958.0,957,696,0,30,173019.0,151157.0,101757.0,92180.0,287.7,3
4557.0,7975.0,1778.0,4731.0,2036,2518,3152,3816,9079.0,10777.0,258.0,413.0,287.7,2
8775.0,21234.0,1754.0,3651.0,6392,6761,8494,8917,18305.0,19299.0,1430.0,3957.0,287.7,2
790492.0,923853.0,1054800.0,1319130.0,2634,1890,553,477,395639.0,335632.0,209040.0,179593.0,287.7,1
9141.0,11868.0,1249.0,3027.0,2569,3210,3119,4173,8086.0,10222.0,597.0,779.0,287.7,2
54846.0,70121.0,56031.0,93714.0,145,165,0,47,48697.0,45071.0,24885.0,30678.0,287.8,3
49949.0,68706.0,3838.0,6153.0,623,344,247,118,51791.0,47522.0,37786.0,32637.0,287.8,0
44505.0,73654.0,513.0,3647.0,457,266,499,206,39068.0,33280.0,21948.0,26853.0,287.8,0
2958.0,17246.0,461.0,2441.0,1794,3112,2351,4256,6503.0,11514.0,57.0,408.0,287.8,2
18534.0,31804.0,18796.0,31288.0,124,126,130,76,30566.0,31005.0,7902.0,17704.0,287.9,0
8541.0,15728.0,2068.0,5241.0,4824,5300,6299,6562,14990.0,16019.0,1321.0,1897.0,288.1,2
10095.0,18425.0,1400.0,3517.0,3194,3541,5499,6069,14867.0,14865.0,0.0,1605.0,288.1,2
1971.0,4290.0,293.0,1542.0,342,912,463,1612,2426.0,5150.0,2821.0,3004.0,288.2,2
1710.0,10623.0,374.0,3088.0,1126,2179,1526,3120,4584.0,9492.0,453.0,670.0,288.2,2
46908.0,69469.0,9260.0,12758.0,346,349,0,72,49030.0,42576.0,47309.0,38590.0,288.2,0
4647.0,16038.0,1369.0,2717.0,2767,3525,4214,5459,13090.0,16058.0,2287.0,3309.0,288.2,2
787.0,3949.0,429.0,1739.0,442,1145,632,1927,2004.0,5546.0,1.0,158.0,288.2,2
451815.0,588420.0,41640.0,61392.0,2126,1890,18141,15834,223151.0,177460.0,165333.0,126004.0,288.3,3
5131.0,12589.0,1223.0,2555.0,4309,4934,5734,6178,14444.0,15055.0,0.0,1177.0,288.3,2
40107.0,60665.0,15225.0,26394.0,305,177,257,101,35621.0,31323.0,13490.0,26667.0,288.3,0
1004.0,3435.0,636.0,2797.0,1134,2941,1207,3009,3784.0,8308.0,1091.0,1653.0,288.3,2
2333.0,13787.0,847.0,2912.0,1725,3175,2029,3521,4861.0,9246.0,985.0,1870.0,288.3,2
3160.0,10128.0,791.0,2065.0,2042,2674,2787,3304,6292.0,7464.0,720.0,1252.0,288.3,2
2208.0,10241.0,13.0,191.0,963,1790,1523,3056,3939.0,8620.0,0.0,98.0,288.4,2
33386.0,45766.0,8611.0,14706.0,167,212,188,117,32054.0,29106.0,31290.0,25029.0,288.4,0
29460.0,45771.0,18034.0,28509.0,59,90,38,39,47399.0,47780.0,13431.0,26619.0,288.5,0
9655.0,21508.0,5015.0,9283.0,2350,2621,3655,3999,9797.0,9935.0,1118.0,3565.0,288.5,2
10208.0,20242.0,4404.0,7443.0,2699,2900,3716,3841,11405.0,12375.0,3084.0,4079.0,288.5,2
4748.0,11942.0,2188.0,5826.0,1656,2168,2555,3468,6758.0,9127.0,1626.0,1887.0,288.5,2
2864.0,14428.0,1761.0,5621.0,3564,5167,4539,7218,10631.0,15808.0,1112.0,1343.0,288.6,2
48528.0,74455.0,8043.0,11946.0,0,0,0,43,50730.0,48555.0,26916.0,38676.0,288.6,0
1507.0,8573.0,969.0,3621.0,1194,1907,1600,2753,4472.0,7914.0,290.0,916.0,288.7,2
1402.0,6137.0,317.0,1897.0,1622,2003,2300,2961,5669.0,7137.0,953.0,1237.0,288.8,2
24135.0,44715.0,3704.0,5435.0,405,323,453,304,24821.0,24302.0,20816.0,18278.0,288.8,0
2788.0,11805.0,0.0,782.0,1982,2678,2578,3467,6483.0,8868.0,469.0,741.0,288.9,2
21235.0,36910.0,3122.0,4388.0,171,116,40,78,21193.0,18506.0,10327.0,16418.0,288.9,0
1615.0,6920.0,1079.0,2420.0,74,16,172,97,4567.0,4414.0,1100.0,1037.0,288.9,0
651380.0,744730.0,757291.0,932352.0,2489,1369,706,340,403185.0,334570.0,151054.0,158081.0,288.9,1
7688.0,11436.0,1517.0,3970.0,5464,5845,6763,6549,19572.0,19134.0,1353.0,3057.0,288.9,2
10297.0,15052.0,4893.0,7259.0,7173,7870,7972,7810,20159.0,19608.0,2891.0,3921.0,289.0,2
48466.0,83438.0,14983.0,26318.0,0,0,0,35,38551.0,35322.0,21995.0,29534.0,289.0,0
1836.0,7054.0,1405.0,4832.0,2325,3246,3225,4483,8555.0,12336.0,27.0,519.0,289.0,2
3850.0,10992.0,2020.0,3887.0,3321,3963,4173,4905,7894.0,8915.0,1435.0,1892.0,289.0,2
3055.0,5427.0,1623.0,3469.0,3182,3413,4318,4423,12405.0,12304.0,1546.0,2768.0,289.1,2
30099.0,50647.0,12041.0,18488.0,207,119,430,259,31054.0,30424.0,10421.0,22833.0,289.1,0
61438.0,94134.0,9454.0,13481.0,610,336,11,58,40234.0,36394.0,23714.0,34355.0,289.1,0
8658.0,24670.0,3632.0,8467.0,6026,6956,7454,8790,20461.0,23148.0,1730.0,3570.0,289.1,2
4089.0,13874.0,2219.0,4071.0,4053,4384,5661,6520,17224.0,20022.0,638.0,1355.0,289.1,2
84366.0,135757.0,39018.0,58362.0,0,113,0,64,153636.0,128348.0,59720.0,53844.0,289.1,0
8403.0,15647.0,1579.0,2984.0,3134,3402,4748,4710,15126.0,14514.0,2488.0,4795.0,289.1,2
41300.0,71362.0,15115.0,23272.0,287,206,218,159,30307.0,27820.0,18332.0,25149.0,289.1,0
22184.0,31557.0,10944.0,19043.0,154,108,77,128,28783.0,29001.0,12096.0,22714.0,289.2,0
76351.0,104963.0,5989.0,8048.0,0,132,316,173,79016.0,74010.0,57649.0,60123.0,289.3,0
5817.0,10454.0,2492.0,4484.0,5679,5868,6937,7095,13250.0,12408.0,2821.0,2269.0,289.3,2
2034.0,7729.0,938.0,3190.0,2930,3858,3848,5118,8317.0,11341.0,221.0,745.0,289.3,2
51556.0,84585.0,39003.0,59089.0,225,167,143,111,45918.0,40420.0,32518.0,32427.0,289.4,0
180948.0,282164.0,25882.0,43044.0,686,357,40,72,114012.0,97044.0,107773.0,85260.0,289.4,0
6008.0,13717.0,1093.0,3192.0,5896,6709,8203,9157,20465.0,21981.0,988.0,3497.0,289.4,2
3977.0,10626.0,1191.0,3471.0,4599,5087,5080,5811,12634.0,14141.0,734.0,761.0,289.4,2
15801.0,17924.0,1038.0,2425.0,2697,3050,4409,4720,14544.0,15656.0,814.0,3113.0,289.4,2
13723.0,19332.0,1697.0,2665.0,7231,7057,9175,8922,23944.0,23411.0,5659.0,4514.0,289.4,2
2786.0,11031.0,1308.0,2708.0,4062,5027,5342,6282,14214.0,16729.0,1172.0,2390.0,289.5,2
15132.0,32799.0,10858.0,22357.0,174,134,159,72,22350.0,23219.0,5358.0,12506.0,289.5,0
11016.0,17697.0,3149.0,5428.0,5990,5830,8426,8630,21948.0,21871.0,3067.0,3399.0,289.5,2
12863.0,29420.0,2008.0,4117.0,12390,13476,15112,16384,31570.0,33561.0,4848.0,3947.0,289.5,2
5820.0,11822.0,2799.0,6343.0,4800,4733,6251,6590,15219.0,15628.0,2607.0,3178.0,289.5,2
3087.0,9514.0,1998.0,5096.0,3164,5274,3730,5585,8582.0,12538.0,1495.0,1471.0,289.6,2
1019.0,5795.0,666.0,2319.0,76,0,117,0,3189.0,4744.0,1030.0,1752.0,289.6,-1
634852.0,769558.0,452383.0,528456.0,2266,1738,943,447,447882.0,355902.0,205740.0,162706.0,289.6,3
4076.0,10019.0,1620.0,3456.0,2706,3220,3999,4713,10917.0,12773.0,1950.0,2579.0,289.6,2
4269.0,13614.0,1965.0,4573.0,3968,5147,5484,7011,16431.0,20521.0,822.0,3222.0,289.8,2
11419.0,19932.0,2732.0,5875.0,5513,5631,7030,7345,17289.0,17841.0,3916.0,4257.0,289.8,2
7640.0,13815.0,1805.0,4838.0,2640,3032,3677,4005,8859.0,9996.0,0.0,178.0,289.8,2
22569.0,30500.0,3201.0,5649.0,5973,5783,9384,9483,25592.0,23233.0,5704.0,5033.0,289.9,2
60641.0,97609.0,4566.0,8052.0,333,244,406,211,65402.0,59357.0,22183.0,48967.0,289.9,0
5775.0,9375.0,2190.0,5008.0,5680,6083,7804,8439,23958.0,26635.0,2505.0,3602.0,289.9,2
55573.0,94301.0,18588.0,32476.0,288,231,100,69,59453.0,59652.0,19553.0,41832.0,290.0,0
38559.0,55724.0,23370.0,30693.0,429,297,11,64,45535.0,40691.0,35051.0,26273.0,290.1,0
7559.0,11203.0,3196.0,5703.0,2385,2402,3090,3030,7959.0,8663.0,570.0,1169.0,290.1,2
41907.0,72074.0,2773.0,3754.0,0,21,237,183,48750.0,44026.0,39773.0,36053.0,290.1,0
4981.0,15748.0,765.0,2881.0,2172,2636,2871,3658,8214.0,10562.0,319.0,980.0,290.1,2
37726.0,58120.0,3194.0,6388.0,285,228,242,82,46487.0,42767.0,19296.0,29367.0,290.2,0
3282.0,6597.0,2034.0,4729.0,2453,2667,2789,3082,7770.0,9016.0,419.0,907.0,290.2,2
22198.0,34172.0,4953.0,6973.0,195,86,234,129,25627.0,23758.0,13925.0,19886.0,290.2,0
7912.0,17233.0,1507.0,3272.0,2742,2859,4303,4733,12387.0,14711.0,504.0,2221.0,290.2,2
11213.0,25113.0,3275.0,5751.0,5405,5874,7164,7230,20217.0,18836.0,2152.0,5199.0,290.3,2
2807.0,10017.0,526.0,1595.0,2124,4219,2929,5440,7234.0,13116.0,782.0,2232.0,290.3,2
2923.0,13479.0,784.0,2826.0,273,159,52,0,2871.0,5240.0,13051.0,21145.0,290.3,-1
24896.0,32589.0,6074.0,9861.0,475,251,0,0,36287.0,35978.0,9624.0,18334.0,290.3,-1
10998.0,16802.0,2921.0,6389.0,5425,5445,6833,7115,19671.0,18840.0,5371.0,3917.0,290.4,2
8012.0,11620.0,1714.0,3305.0,5541,5204,6273,6044,17768.0,16426.0,3402.0,2755.0,290.4,2
96656.0,129597.0,8996.0,13051.0,417,346,39,63,50276.0,44384.0,54200.0,36780.0,290.5,0
15934.0,22625.0,2303.0,3038.0,4728,4732,8535,8398,25126.0,24733.0,2517.0,4633.0,290.5,2
7251.0,17266.0,990.0,2998.0,6459,7314,7925,8630,16546.0,17946.0,1872.0,3782.0,290.6,2
5053.0,13700.0,1203.0,2562.0,1923,1985,2849,2964,9340.0,10440.0,653.0,1343.0,290.7,2
2971.0,11400.0,436.0,1035.0,113,128,156,39,9887.0,9571.0,2573.0,2995.0,290.7,0
1449.0,9351.0,243.0,1037.0,176,183,139,54,2522.0,5004.0,1038.0,1828.0,290.7,0
499989.0,558387.0,87799.0,113276.0,320,457,591,212,823593.0,558612.0,326373.0,220328.0,290.7,3
27937.0,41330.0,14559.0,22282.0,4,80,297,187,38577.0,37009.0,21706.0,26695.0,290.7,0
12474.0,24326.0,2149.0,4265.0,9538,10586,11898,13065,29376.0,31619.0,2195.0,4356.0,290.7,2
5010.0,14075.0,1455.0,3963.0,3672,4663,4820,5891,12353.0,15224.0,816.0,2804.0,290.8,2
5069.0,17238.0,1889.0,4888.0,3345,4017,4755,5904,10613.0,12537.0,1245.0,1993.0,290.9,2
68720.0,104897.0,9283.0,13432.0,109,182,203,94,70423.0,64475.0,58072.0,54158.0,290.9,0
8987.0,17404.0,2331.0,4832.0,2749,2471,3873,3827,11698.0,10791.0,1953.0,2735.0,290.9,2
19648.0,26477.0,4847.0,6642.0,5190,5569,8511,8514,22467.0,23346.0,6949.0,5492.0,290.9,2
20321.0,41656.0,6064.0,10185.0,201,173,61,19,34886.0,35796.0,10386.0,22310.0,291.0,0
224039.0,319370.0,11269.0,17097.0,599,289,215,77,265994.0,227867.0,105938.0,111404.0,291.1,0
7537.0,21969.0,2298.0,4389.0,4943,5329,6206,6476,17273.0,16840.0,3612.0,3090.0,291.1,2
3680.0,8380.0,1421.0,4015.0,3931,5340,4647,6928,10897.0,15304.0,1924.0,3017.0,291.2,2
8336.0,15807.0,94.0,1741.0,6385,6440,7896,8129,18597.0,18695.0,787.0,3822.0,291.3,2
5858.0,12836.0,1610.0,3107.0,3171,3375,4340,4584,11939.0,13371.0,1543.0,1794.0,291.4,2
41676.0,69793.0,4159.0,6243.0,183,105,84,45,44939.0,46570.0,21121.0,35901.0,291.4,0
19925.0,46576.0,4267.0,7794.0,2570,2335,4204,4333,11059.0,11354.0,1242.0,3098.0,291.4,3
49684.0,65553.0,5256.0,6997.0,191,139,225,124,51450.0,47097.0,42039.0,39090.0,291.5,0
51941.0,74593.0,13775.0,23285.0,0,47,45,70,65639.0,62409.0,36027.0,44602.0,291.5,0
80317.0,117592.0,3836.0,4047.0,270,213,0,16,62240.0,56352.0,62152.0,48250.0,291.6,0
9730.0,18938.0,1925.0,4902.0,4824,5128,6135,6208,17077.0,17528.0,1588.0,3382.0,291.6,2
22383.0,40722.0,9296.0,13661.0,388,200,0,44,31806.0,28002.0,19685.0,19561.0,291.6,0
162943.0,242524.0,7137.0,11395.0,533,289,222,148,213915.0,182725.0,96439.0,81390.0,291.7,0
2177.0,7822.0,2301.0,6592.0,2658,3448,3280,4276,8765.0,10924.0,1029.0,1883.0,291.7,2
20490.0,40399.0,16017.0,28227.0,128,123,125,59,35001.0,33322.0,17785.0,24318.0,291.8,0
30981.0,54849.0,7767.0,13224.0,218,163,316,178,43242.0,41678.0,23516.0,33424.0,291.8,0
2828.0,9863.0,279.0,2459.0,825,1677,690,1677,2343.0,5509.0,2823.0,3381.0,291.9,2
11830.0,25930.0,3185.0,5809.0,10273,11099,11183,11976,24574.0,23966.0,0.0,2459.0,291.9,2
119620.0,175627.0,14219.0,23058.0,176,120,0,40,187158.0,160291.0,83923.0,76354.0,292.0,0
49518.0,80993.0,5424.0,10796.0,450,234,199,154,56379.0,53191.0,44116.0,38492.0,292.0,0
325301.0,486896.0,141907.0,219362.0,565,450,146,122,138418.0,120367.0,85592.0,71537.0,292.0,3
32084.0,34684.0,3113.0,4180.0,385,229,604,244,36786.0,34900.0,34356.0,28811.0,292.0,0
57217.0,78762.0,10275.0,17139.0,14,402,106,110,67364.0,64345.0,44225.0,49882.0,292.1,0
10911.0,19268.0,5080.0,9562.0,275,180,115,38,22875.0,24154.0,5033.0,13201.0,292.1,0
1772.0,8532.0,1005.0,3553.0,1339,1874,2221,3064,6255.0,9148.0,632.0,832.0,292.2,2
8192.0,10951.0,2593.0,5449.0,10006,11194,11234,12802,26244.0,27630.0,3887.0,3655.0,292.2,2
2637.0,8977.0,1857.0,5396.0,1330,1622,1884,2409,4490.0,6026.0,726.0,1471.0,292.2,2
8472.0,15530.0,2077.0,3956.0,4148,4100,5552,5781,15167.0,16954.0,1608.0,1714.0,292.3,2
39571.0,44996.0,11947.0,18654.0,161,242,33,132,33997.0,31949.0,24549.0,23809.0,292.3,0
3000.0,10092.0,1903.0,3750.0,2761,3023,4131,4428,9847.0,10713.0,1904.0,2429.0,292.3,2
29211.0,51497.0,3944.0,6960.0,7304,7186,10000,10127,28564.0,28588.0,8037.0,5793.0,292.3,2
33291.0,62923.0,5175.0,8305.0,451,360,160,92,27965.0,28081.0,6704.0,18261.0,292.4,0
1521.0,10156.0,944.0,4698.0,650,2131,992,2766,2466.0,7382.0,542.0,1724.0,292.4,2
103720.0,160743.0,4497.0,7801.0,98,358,165,152,74669.0,64558.0,47607.0,43468.0,292.4,0
23973.0,33764.0,12189.0,21019.0,139,211,594,238,23540.0,18862.0,20476.0,14649.0,292.4,0
26337.0,47331.0,4562.0,8155.0,86,156,0,0,40200.0,37811.0,18588.0,30755.0,292.6,-1
58730.0,89196.0,12051.0,18356.0,5,283,0,60,55917.0,49684.0,40159.0,35602.0,292.7,0
4464.0,10619.0,0.0,36.0,3210,3129,3766,4001,9129.0,9608.0,0.0,1321.0,292.7,2
52619.0,70576.0,13485.0,21731.0,155,185,491,182,58343.0,53822.0,49185.0,42679.0,292.7,0
2127.0,8926.0,1215.0,3935.0,2290,3087,3178,4559,8945.0,12398.0,413.0,473.0,292.7,2
6313.0,13433.0,1689.0,4641.0,3757,4350,4570,5286,10461.0,11313.0,345.0,2173.0,292.8,2
1154.0,7686.0,1009.0,4023.0,1534,3343,1993,4550,4889.0,10424.0,892.0,1564.0,292.8,2
32218.0,46253.0,6419.0,8450.0,0,61,118,94,32492.0,30427.0,17191.0,23169.0,292.8,0
7064.0,12781.0,1088.0,2813.0,4833,5024,6831,7098,17758.0,17289.0,250.0,2753.0,292.9,2
2946.0,9981.0,2964.0,8883.0,149,326,112,50,18848.0,22265.0,18142.0,20464.0,292.9,0
1150610.0,1034560.0,844131.0,905068.0,2609,1769,1226,668,1858980.0,1303450.0,1165220.0,802218.0,292.9,1
23741.0,47111.0,4390.0,6673.0,152,262,519,231,23728.0,21012.0,11946.0,17291.0,293.0,0
5403.0,20467.0,302.0,2937.0,3215,6285,4161,8159,11501.0,21942.0,3222.0,3891.0,293.0,2
2504.0,7697.0,629.0,3447.0,2095,5670,2613,7195,7267.0,19169.0,0.0,109.0,293.0,2
5189.0,9216.0,2622.0,6794.0,6669,7134,8609,9592,22612.0,24783.0,0.0,299.0,293.1,2
48311.0,76727.0,36679.0,58731.0,471,251,346,201,59101.0,54133.0,28664.0,38292.0,293.2,0
4784.0,10951.0,2914.0,5537.0,8237,8333,9747,10247,7758.0,7016.0,2243.0,2270.0,293.3,2
805.0,2447.0,1834.0,5214.0,1606,1994,2199,3159,5326.0,7825.0,801.0,1034.0,293.3,2
381123.0,522541.0,26551.0,39853.0,921,775,441,183,432877.0,368867.0,162058.0,165903.0,293.3,3
12635.0,30455.0,5499.0,9026.0,5099,5233,7082,7638,19407.0,19181.0,1220.0,4010.0,293.3,2
22884.0,41947.0,7748.0,12791.0,110,223,245,118,26326.0,23951.0,18875.0,16880.0,293.3,0
26633.0,50556.0,7865.0,13891.0,245,144,29,0,28733.0,28017.0,8692.0,15654.0,293.4,-1
9738.0,10235.0,1810.0,3176.0,7757,7893,7881,8023,19033.0,17557.0,2450.0,3017.0,293.5,2
119886.0,185597.0,21880.0,32286.0,418,244,539,270,136153.0,113547.0,66607.0,56806.0,293.5,0
35566.0,47216.0,5953.0,7267.0,379,206,133,219,44662.0,39489.0,43303.0,32948.0,293.5,0
23055.0,39356.0,2559.0,6055.0,243,124,27,25,30177.0,30612.0,9906.0,20321.0,293.5,0
34913.0,49907.0,1783.0,3081.0,447,220,278,140,44011.0,42949.0,24932.0,33900.0,293.6,0
1820.0,5735.0,377.0,2399.0,1386,2067,1669,2932,4311.0,7612.0,212.0,493.0,293.6,2
1446.0,4487.0,684.0,1822.0,154,98,203,91,5938.0,6331.0,2795.0,2574.0,293.6,0
805475.0,905298.0,172302.0,255931.0,5371,4713,42088,36133,579747.0,456056.0,584111.0,375706.0,293.6,3
2179.0,11045.0,1385.0,4803.0,1828,2580,2793,4100,7468.0,10450.0,0.0,457.0,293.6,2
2610.0,8675.0,68.0,593.0,0,0,84,0,2303.0,4848.0,17096.0,23528.0,293.6,-1
28766.0,46845.0,2240.0,4408.0,225,136,0,50,40404.0,36173.0,8673.0,19082.0,293.6,0
42220.0,67517.0,25132.0,42581.0,221,259,0,0,43405.0,38404.0,28276.0,26142.0,293.6,-1
5272.0,11548.0,1426.0,2551.0,3458,3909,4034,4335,9076.0,9439.0,1692.0,1854.0,293.7,2
10792.0,25997.0,2743.0,4332.0,6133,5989,7392,7591,20896.0,20593.0,5542.0,4833.0,293.8,2
15327.0,23928.0,2933.0,5127.0,9453,9582,20870,20650,39860.0,39009.0,9484.0,7360.0,293.9,1
7129.0,19176.0,559.0,2978.0,5253,5856,6773,7657,18159.0,20300.0,0.0,1694.0,293.9,2
20351.0,33955.0,10726.0,15963.0,284,183,213,84,26703.0,24577.0,12557.0,15022.0,294.0,0
24020.0,55540.0,5771.0,11384.0,119,23,292,157,36604.0,33795.0,8790.0,21308.0,294.0,0
25137.0,33656.0,7915.0,12280.0,337,104,452,189,37084.0,33011.0,19492.0,23190.0,294.1,0
1520.0,7514.0,1148.0,3476.0,858,1984,1306,2717,2447.0,5644.0,690.0,1534.0,294.1,2
1989.0,11919.0,679.0,3706.0,994,2097,1337,2787,3027.0,6093.0,226.0,320.0,294.1,2
37380.0,61127.0,2190.0,5922.0,210,214,0,0,42199.0,37493.0,34309.0,26170.0,294.1,-1
27562.0,40218.0,3088.0,4804.0,8067,7624,11054,10591,28259.0,27199.0,5860.0,5875.0,294.2,2
9489.0,23085.0,4186.0,8720.0,177,115,301,167,16898.0,17409.0,3282.0,8041.0,294.2,0
64922.0,98904.0,16332.0,22917.0,182,208,177,73,74958.0,71660.0,64665.0,59912.0,294.2,0
4051.0,13753.0,1170.0,3928.0,4142,4340,5335,5863,12728.0,13072.0,1456.0,3078.0,294.3,2
228932.0,324735.0,52416.0,74659.0,0,155,599,169,234927.0,199452.0,108999.0,87317.0,294.3,3
5246.0,8624.0,399.0,2476.0,185,196,19,72,7685.0,4047.0,5938.0,2955.0,294.3,0
310575.0,421713.0,76336.0,119076.0,898,604,0,38,228599.0,210996.0,220923.0,181610.0,294.3,3
6679.0,12803.0,1550.0,4253.0,4047,4297,5445,5780,13395.0,15144.0,1690.0,1982.0,294.6,2
27570.0,48668.0,8697.0,12820.0,168,63,38,47,32784.0,30651.0,11716.0,23610.0,294.6,0
6361.0,11546.0,363.0,1303.0,3819,3764,4836,4686,10770.0,10471.0,1272.0,2517.0,294.6,2
26266.0,39608.0,5501.0,8207.0,76,58,421,186,31526.0,30652.0,18767.0,24452.0,294.7,0
1062.0,6310.0,896.0,4327.0,1197,1993,1533,2897,3823.0,7116.0,185.0,815.0,294.8,2
1722.0,7445.0,231.0,1138.0,165,67,239,207,8137.0,14513.0,2766.0,3919.0,294.8,0
1611.0,7845.0,0.0,0.0,191,83,301,439,3318.0,5470.0,32977.0,80103.0,294.8,0
972976.0,867489.0,291994.0,362901.0,11595,7538,145186,101006,1143180.0,753982.0,830827.0,569478.0,294.8,3
25693.0,40003.0,1323.0,3500.0,272,157,109,79,28318.0,26502.0,15859.0,20481.0,294.9,0
9168.0,18635.0,2463.0,3646.0,4720,4975,5010,5197,12213.0,11511.0,3262.0,3129.0,294.9,2
7532.0,11108.0,1483.0,3295.0,2223,2614,3490,4015,8144.0,9381.0,0.0,209.0,295.0,2
4351.0,5460.0,1829.0,3480.0,2373,2161,3680,3955,11155.0,11304.0,3799.0,2592.0,295.1,2
24856.0,42254.0,674.0,2443.0,212,159,49,46,25175.0,25640.0,14661.0,24185.0,295.1,0
7276.0,7764.0,4675.0,8674.0,5643,5282,6633,6337,19711.0,16940.0,2675.0,2004.0,295.2,2
5858.0,10033.0,765.0,1763.0,1487,2887,1895,3861,4911.0,9246.0,1862.0,2046.0,295.2,2
7318.0,13317.0,575.0,2800.0,1311,2894,1475,3676,4833.0,9712.0,322.0,354.0,295.2,2
11943.0,21938.0,3158.0,5445.0,204,103,108,85,19798.0,19519.0,8919.0,13564.0,295.4,0
2383.0,9414.0,1290.0,3831.0,8043,10032,9011,11372,18191.0,21850.0,1904.0,2306.0,295.4,2
127840.0,190768.0,25610.0,41007.0,303,312,0,93,80900.0,72203.0,80089.0,67653.0,295.4,0
2068.0,6786.0,605.0,1739.0,3689,4343,4656,5710,10933.0,13518.0,513.0,630.0,295.4,2
940.0,2915.0,460.0,1853.0,952,1470,1349,2280,3830.0,6596.0,325.0,500.0,295.4,2
13727.0,27054.0,2233.0,3765.0,333,194,0,0,17423.0,17427.0,6091.0,12436.0,295.5,-1
35711.0,60261.0,4679.0,7888.0,9200,8845,12715,12827,36615.0,35947.0,5098.0,10119.0,295.6,2
3137.0,10182.0,0.0,707.0,143,153,119,95,4124.0,5346.0,2479.0,2386.0,295.6,0
738.0,2418.0,0.0,776.0,128,114,220,112,7748.0,9011.0,1536.0,2282.0,295.6,0
918224.0,891333.0,82142.0,85803.0,6003,3947,80365,56971,803543.0,552053.0,568859.0,396747.0,295.6,3
138502.0,184466.0,13555.0,10663.0,174,233,245,132,188968.0,162238.0,71698.0,59535.0,295.6,0
6870.0,16882.0,1158.0,2877.0,7568,7881,8352,9047,17804.0,18368.0,1064.0,2994.0,295.7,2
61363.0,91824.0,3860.0,5257.0,617,265,35,103,36392.0,31437.0,37936.0,26583.0,295.7,0
57078.0,91622.0,4608.0,7774.0,487,244,0,71,69746.0,63084.0,55404.0,51953.0,295.7,0
144880.0,206895.0,16925.0,25403.0,76,226,223,153,190455.0,155979.0,54810.0,52354.0,295.9,0
2953.0,7216.0,1867.0,3929.0,4128,4481,5755,6393,14127.0,15625.0,0.0,1927.0,296.0,2
15532.0,17743.0,5017.0,8838.0,4121,3842,5421,5181,16338.0,16602.0,1637.0,2829.0,296.0,2
61876.0,100160.0,4533.0,7699.0,207,141,182,144,40285.0,37162.0,23459.0,25583.0,296.0,0
68588.0,95945.0,18145.0,26961.0,361,214,149,137,62166.0,60706.0,35516.0,45652.0,296.0,0
5529.0,10709.0,1953.0,4121.0,7372,8081,8872,9828,20026.0,21775.0,1074.0,2458.0,296.0,2
17104.0,32410.0,10610.0,18298.0,397,183,43,9,16085.0,15380.0,4895.0,11734.0,296.1,0
67359.0,100183.0,17277.0,27293.0,441,279,0,0,82147.0,80465.0,36471.0,62300.0,296.1,-1
12288.0,21680.0,640.0,3103.0,3075,3574,3787,4181,9726.0,9621.0,4084.0,3668.0,296.1,2
97164.0,158762.0,4772.0,7414.0,523,279,0,72,145000.0,128163.0,42140.0,51928.0,296.2,0
40183.0,79900.0,5271.0,9471.0,299,469,462,194,48551.0,45355.0,22788.0,40582.0,296.2,0
12299.0,17337.0,2746.0,3836.0,1223,1103,2610,2437,7141.0,7283.0,3900.0,3087.0,296.2,2
38609.0,61842.0,10115.0,17067.0,327,213,166,133,58624.0,56781.0,39688.0,37730.0,296.2,0
9985.0,17696.0,3433.0,7861.0,5265,5676,6936,7632,16716.0,17002.0,4208.0,3467.0,296.3,2
20662.0,34476.0,6286.0,11577.0,260,186,83,39,29603.0,26978.0,11801.0,18439.0,296.3,0
132003.0,209222.0,14518.0,23741.0,647,497,84,101,192063.0,167055.0,63052.0,85813.0,296.3,0
19864.0,28215.0,3196.0,4733.0,372,227,520,276,24318.0,24337.0,7444.0,13684.0,296.3,0
49080.0,81210.0,6085.0,9705.0,463,474,238,155,56370.0,50276.0,46077.0,38449.0,296.4,0
1136.0,6054.0,1472.0,5192.0,728,1649,1087,2290,2800.0,6265.0,521.0,998.0,296.4,2
11040.0,14637.0,2784.0,5354.0,2791,2333,3550,3528,10443.0,9707.0,2224.0,2451.0,296.4,2
2732.0,8283.0,1090.0,3837.0,2732,3820,3866,5878,9508.0,14751.0,112.0,2108.0,296.4,2
1851.0,9658.0,765.0,3800.0,1371,2701,1760,3424,4167.0,8521.0,460.0,1094.0,296.4,2
109531.0,184140.0,6260.0,8958.0,580,245,160,73,18504.0,17287.0,15302.0,15370.0,296.5,3
17984.0,29686.0,5915.0,10527.0,423,177,346,117,20449.0,19881.0,7161.0,12623.0,296.5,0
3781.0,8352.0,1160.0,3300.0,2518,2795,3411,3775,10328.0,11038.0,0.0,855.0,296.5,2
7814.0,14832.0,2854.0,6179.0,3116,3186,4447,4470,11929.0,12463.0,0.0,2919.0,296.5,2
12128.0,20651.0,2792.0,5176.0,3244,2983,5802,5442,17552.0,17357.0,8191.0,6857.0,296.6,2
5933.0,13621.0,2760.0,4731.0,4007,3908,4978,5209,13012.0,13553.0,0.0,509.0,296.6,2
43898.0,58539.0,17005.0,27664.0,266,210,314,106,51032.0,45855.0,40688.0,39198.0,296.6,0
15534.0,34954.0,3180.0,7244.0,497,218,321,152,18865.0,18298.0,3440.0,8594.0,296.7,0
14727.0,24675.0,3421.0,5849.0,4058,4384,5745,6185,18342.0,19511.0,1359.0,3682.0,296.8,2
5380.0,22286.0,990.0,3742.0,1342,2635,2363,4543,15965.0,22275.0,3568.0,7455.0,296.8,2
1913.0,7645.0,480.0,1687.0,1036,2508,1033,3208,5166.0,15010.0,446.0,637.0,296.8,2
25748.0,45326.0,10941.0,18481.0,363,197,232,113,27847.0,27368.0,22609.0,21579.0,296.8,0
5458.0,6126.0,2006.0,3950.0,1411,1186,3077,3174,8718.0,8699.0,240.0,2172.0,296.8,2
7632.0,13173.0,2782.0,4662.0,3074,3300,4115,4195,12151.0,12159.0,3374.0,3445.0,296.8,2
6151.0,25476.0,3192.0,8142.0,4282,6513,5857,8535,15979.0,23100.0,1167.0,3270.0,296.8,2
136463.0,199598.0,45064.0,70103.0,0,151,61,129,232950.0,193108.0,121355.0,95634.0,296.8,3
9750.0,21544.0,1685.0,4240.0,2739,3048,4185,4675,13830.0,14667.0,1836.0,3799.0,296.9,2
26830.0,49787.0,38170.0,67322.0,194,152,326,191,30264.0,29057.0,10442.0,18856.0,297.0,0
35372.0,51120.0,3225.0,4216.0,136,237,250,139,43063.0,41254.0,35365.0,29807.0,297.0,0
6424.0,16821.0,2859.0,6236.0,4788,5303,5683,6732,13288.0,15642.0,2111.0,2847.0,297.0,2
3201.0,8056.0,157.0,2058.0,19,16,48,0,11298.0,9856.0,2017.0,1823.0,297.0,-1
1305.0,8033.0,0.0,520.0,88,0,143,14,4645.0,8349.0,456.0,673.0,297.0,0
740390.0,735441.0,152465.0,191931.0,1045,608,771,269,954075.0,513774.0,384030.0,233735.0,297.0,3
3025.0,13724.0,2758.0,9051.0,1324,2278,2009,3314,5983.0,10572.0,713.0,886.0,297.1,2
16038.0,29974.0,2954.0,6373.0,240,315,0,0,21735.0,22004.0,6538.0,13659.0,297.1,-1
8198.0,14607.0,1560.0,2441.0,3409,3279,4722,4493,13845.0,12318.0,2452.0,2610.0,297.1,2
25650.0,48185.0,5010.0,6721.0,152,91,122,43,28715.0,27915.0,7572.0,15026.0,297.2,0
47512.0,69083.0,21477.0,33075.0,462,171,368,184,57342.0,51779.0,41857.0,35387.0,297.3,0
9927.0,11063.0,3738.0,3875.0,6610,5907,8772,9018,20726.0,20165.0,3891.0,3648.0,297.4,2
1874.0,11436.0,913.0,3685.0,871,1813,1276,2669,3864.0,9778.0,364.0,621.0,297.5,2
17180.0,26567.0,1143.0,2216.0,5905,5629,7325,7433,18600.0,17899.0,1737.0,3284.0,297.5,2
57055.0,94106.0,2040.0,5377.0,782,421,203,99,53431.0,47803.0,51295.0,42200.0,297.5,0
5263.0,10292.0,2669.0,4850.0,4200,4436,5688,6098,15182.0,15391.0,2519.0,3064.0,297.5,2
6023.0,19453.0,1838.0,5124.0,3594,4257,5910,6665,14081.0,16357.0,1170.0,1230.0,297.5,2
39489.0,66360.0,9211.0,12391.0,281,160,253,73,47166.0,42264.0,31803.0,29815.0,297.6,0
2921.0,7887.0,3208.0,7612.0,2331,2929,2857,3692,7922.0,9580.0,1368.0,2197.0,297.6,2
8088.0,13339.0,856.0,2453.0,2350,2314,3279,3320,10251.0,10721.0,2049.0,2103.0,297.7,2
40374.0,59331.0,1936.0,5158.0,0,159,460,253,42050.0,39802.0,21235.0,28789.0,297.8,0
29751.0,43660.0,1816.0,3686.0,58,133,228,134,21723.0,22052.0,9299.0,15503.0,298.0,0
39277.0,78920.0,4902.0,7961.0,1510,1639,4963,5225,11957.0,12307.0,2485.0,3776.0,298.0,3
12103.0,18489.0,3254.0,6353.0,5384,5521,7625,7331,19911.0,19763.0,1958.0,3693.0,298.0,2
21427.0,37187.0,659.0,1907.0,6060,6520,7349,7533,21215.0,20515.0,3983.0,4919.0,298.0,2
41065.0,57636.0,11521.0,18689.0,468,399,200,81,41840.0,39213.0,17796.0,28985.0,298.1,0
5401.0,11937.0,2274.0,4804.0,5263,5930,6674,7533,13843.0,15126.0,2596.0,2517.0,298.1,2
5357.0,8879.0,1488.0,3688.0,3397,3317,4859,5210,13272.0,13279.0,266.0,2131.0,298.1,2
30730.0,39441.0,5125.0,5938.0,958,476,0,57,38906.0,36290.0,27452.0,27539.0,298.3,0
16071.0,34919.0,6780.0,13208.0,121,41,103,102,23475.0,23425.0,9985.0,17678.0,298.4,0
41985.0,70241.0,9789.0,18323.0,409,240,244,146,49102.0,48259.0,28701.0,40677.0,298.4,0
8376.0,29130.0,303.0,2053.0,10739,15549,10722,15483,22474.0,29955.0,2724.0,4468.0,298.5,2
38232.0,64183.0,9631.0,15864.0,86,97,185,128,43434.0,39995.0,21896.0,36139.0,298.5,0
6680.0,11084.0,1289.0,2961.0,1967,2075,2850,2609,7499.0,7025.0,1105.0,2376.0,298.5,2
1703.0,5465.0,1041.0,4317.0,5558,7100,5470,6795,9456.0,11188.0,1134.0,1645.0,298.5,2
2607.0,10772.0,538.0,1438.0,2163,2619,3920,4632,8548.0,9873.0,0.0,650.0,298.5,2
19016.0,29966.0,2403.0,4376.0,5458,5763,7580,7375,21622.0,20681.0,5485.0,5391.0,298.6,2
24339.0,38878.0,12908.0,20715.0,246,219,95,96,29904.0,27787.0,18902.0,20171.0,298.6,0
4395.0,13722.0,2609.0,4654.0,2558,2960,3579,3899,11529.0,12394.0,3115.0,2939.0,298.6,2
76240.0,116912.0,13531.0,22583.0,572,317,396,158,67423.0,62472.0,49099.0,48687.0,298.6,0
23003.0,36966.0,17513.0,29957.0,154,216,115,62,42791.0,42728.0,11009.0,28305.0,298.8,0
8453.0,12884.0,2640.0,4935.0,2240,2237,3356,2973,7721.0,8540.0,3353.0,2589.0,298.8,2
2334.0,6975.0,484.0,1686.0,2,61,200,85,6284.0,5059.0,831.0,789.0,298.9,0
271243.0,402017.0,37750.0,58977.0,720,268,427,155,319187.0,275298.0,152254.0,149584.0,298.9,3
3485.0,8902.0,295.0,1787.0,324,175,260,147,11557.0,9657.0,5153.0,4504.0,298.9,0
683.0,3583.0,296.0,1074.0,164,127,141,61,7211.0,9664.0,2018.0,2606.0,298.9,0
485230.0,647521.0,76446.0,121136.0,831,493,662,255,681929.0,569142.0,314217.0,245201.0,298.9,3
6231.0,17524.0,2226.0,5624.0,4133,4338,5749,6163,13171.0,14098.0,1181.0,1429.0,298.9,2
11299.0,18223.0,3345.0,5452.0,25,161,196,79,20217.0,20404.0,3869.0,10385.0,298.9,0
38885.0,63525.0,17699.0,28495.0,0,47,0,18,36648.0,33734.0,19816.0,28218.0,299.0,0
4977.0,10241.0,3477.0,6223.0,2589,2719,4068,4167,9054.0,8723.0,831.0,1466.0,299.0,2
11024.0,21065.0,2307.0,3599.0,2761,2822,3929,4025,11383.0,11064.0,3685.0,3568.0,299.0,2
15516.0,22971.0,6929.0,9825.0,275,192,0,0,24240.0,23135.0,11921.0,16839.0,299.0,-1
10408.0,17218.0,2089.0,4260.0,5621,6147,7968,8871,19302.0,20254.0,4413.0,3348.0,299.1,2
5002.0,9813.0,1208.0,3161.0,2489,2940,3594,3908,8353.0,8995.0,585.0,1029.0,299.1,2
2742.0,7870.0,1613.0,3998.0,1148,1889,1210,2145,3578.0,5956.0,0.0,455.0,299.2,2
5057.0,10752.0,1550.0,3248.0,1861,2543,2656,3716,7461.0,10832.0,1023.0,1309.0,299.3,2
36912.0,46692.0,2346.0,4027.0,58,103,184,99,38483.0,35588.0,26461.0,27688.0,299.3,0
26937.0,22578.0,6648.0,11172.0,0,59,197,95,25722.0,25521.0,22987.0,16778.0,299.4,0
20460.0,36846.0,20275.0,33041.0,104,121,174,73,25238.0,24959.0,8595.0,15768.0,299.4,0
42137.0,69792.0,17857.0,25078.0,197,196,163,119,50542.0,44566.0,26749.0,32103.0,299.5,0
1770.0,5233.0,617.0,2705.0,80,0,259,194,4218.0,5365.0,1321.0,1491.0,299.5,0
604257.0,671387.0,126887.0,172103.0,2908,2281,40838,32242,474800.0,366146.0,314811.0,267414.0,299.5,3
106975.0,171160.0,6607.0,10482.0,12744,12258,16667,16660,18512.0,18942.0,17367.0,17302.0,299.5,1
310774.0,450473.0,40811.0,60921.0,668,513,640,266,248377.0,222503.0,140834.0,130940.0,299.5,3
97532.0,152063.0,1374.0,4296.0,607,291,526,237,130661.0,105683.0,64641.0,47335.0,299.5,0
89463.0,127229.0,4888.0,6973.0,463,296,351,146,87310.0,79272.0,50732.0,64221.0,299.6,0
43387.0,73962.0,26936.0,43787.0,625,361,71,82,50718.0,47098.0,39961.0,37629.0,299.6,0
171693.0,231870.0,105401.0,146495.0,8934,9388,10483,10395,29712.0,27986.0,6778.0,4844.0,299.6,1
9802.0,14344.0,2511.0,5950.0,5960,5627,8131,8687,20163.0,20512.0,1757.0,4231.0,299.6,2
120560.0,180693.0,29411.0,49506.0,257,252,298,104,103705.0,93037.0,87029.0,83377.0,299.7,0
6198.0,15830.0,1629.0,3837.0,2299,2668,3405,3649,8690.0,10191.0,1611.0,2591.0,299.8,2
42457.0,56749.0,6263.0,7223.0,366,301,396,239,25593.0,24523.0,25807.0,21922.0,299.9,0
9466.0,20127.0,1975.0,5820.0,2216,2305,3223,3622,9368.0,9162.0,1438.0,2077.0,299.9,2
101078.0,170819.0,11226.0,17619.0,494,364,408,152,194119.0,165135.0,73951.0,74627.0,300.0,0
3900.0,14747.0,3457.0,9085.0,125,119,185,82,4323.0,4871.0,0.0,764.0,300.0,0
44049.0,64193.0,2670.0,4729.0,257,164,64,56,46780.0,46621.0,20417.0,30015.0,300.1,0
102353.0,162941.0,34861.0,55526.0,334,242,0,60,152276.0,125142.0,59351.0,52649.0,300.1,0
5182.0,11963.0,1548.0,3853.0,3448,3859,4371,5020,11898.0,12936.0,2324.0,2352.0,300.1,2
13019.0,26494.0,2006.0,4267.0,5278,4948,7319,7006,18978.0,18349.0,2803.0,3878.0,300.1,2
5477.0,16307.0,2526.0,4189.0,3415,3823,3914,4575,10458.0,12713.0,1929.0,2618.0,300.2,2
7266.0,11048.0,3282.0,5533.0,3318,2916,3583,3578,10246.0,9066.0,2266.0,2169.0,300.2,2
59966.0,79885.0,48245.0,75516.0,233,133,359,105,75886.0,73288.0,60650.0,54258.0,300.2,0
75116.0,113061.0,3386.0,5032.0,577,233,79,131,97618.0,85560.0,36534.0,32337.0,300.3,0
4209.0,10439.0,1991.0,5033.0,1801,1930,3166,3416,8745.0,9696.0,0.0,891.0,300.4,2
2707.0,10700.0,1065.0,3431.0,4092,5442,4483,5769,9544.0,12323.0,1.0,462.0,300.5,2
45392.0,72257.0,7897.0,12876.0,22,88,219,115,39977.0,36505.0,41627.0,32850.0,300.5,0
4926.0,12130.0,614.0,2072.0,3720,4002,4921,5143,12017.0,12552.0,1716.0,2845.0,300.5,2
53407.0,77561.0,1910.0,3319.0,0,30,115,98,36984.0,34788.0,22559.0,27678.0,300.5,0
2905.0,14508.0,1826.0,4616.0,963,1580,1603,2376,3574.0,5292.0,183.0,1242.0,300.6,2
21623.0,35995.0,5983.0,10541.0,384,271,187,110,29178.0,27552.0,24111.0,23770.0,300.7,0
6075.0,11623.0,2691.0,5809.0,6430,6892,8025,8431,16410.0,15905.0,0.0,1448.0,300.7,2
57590.0,90035.0,3295.0,5149.0,195,109,118,157,52209.0,46928.0,30239.0,30044.0,300.8,0
4315.0,13632.0,1929.0,4757.0,2266,2824,3169,3763,7754.0,9449.0,317.0,682.0,300.8,2
2795.0,11605.0,61.0,1415.0,5757,7886,6374,8661,12623.0,17029.0,0.0,70.0,300.9,2
33896.0,60394.0,3366.0,6578.0,0,42,266,199,36824.0,34621.0,37661.0,31685.0,300.9,0
20193.0,40191.0,7015.0,12520.0,390,414,282,210,30736.0,27832.0,20909.0,21599.0,300.9,0
16748.0,21260.0,1821.0,3745.0,7361,8241,9710,9589,22901.0,21979.0,4165.0,4549.0,300.9,2
7025.0,12539.0,2684.0,4832.0,5878,6205,7090,7404,19342.0,21109.0,68.0,3697.0,300.9,2
25568.0,38082.0,19494.0,33264.0,349,189,194,104,32093.0,31282.0,8689.0,18667.0,301.0,0
1381.0,7830.0,2063.0,7283.0,1810,2898,2057,3411,4494.0,7240.0,925.0,1266.0,301.0,2
2093.0,7105.0,904.0,4235.0,515,1625,588,2035,1981.0,5194.0,139.0,636.0,301.0,2
2763.0,13107.0,992.0,2975.0,2298,4661,2380,4927,5937.0,11898.0,1190.0,2155.0,301.0,2
8005.0,12846.0,796.0,2289.0,4711,5518,5521,6093,15256.0,15966.0,38.0,1547.0,301.0,2
167527.0,116947.0,70311.0,66151.0,9497,8301,12885,12823,37033.0,34547.0,11538.0,8885.0,301.1,1
7487.0,15912.0,1809.0,4473.0,2400,3891,2312,3708,6327.0,8762.0,2356.0,2074.0,301.1,2
6320.0,10536.0,1187.0,4696.0,4895,6813,4826,6953,10892.0,15149.0,2531.0,2933.0,301.1,2
3110.0,10268.0,405.0,4426.0,1894,5222,1835,5574,3784.0,12127.0,606.0,1483.0,301.1,2
30381.0,41361.0,8417.0,14395.0,814,443,266,211,32017.0,30243.0,26212.0,23068.0,301.1,0
1721.0,10640.0,557.0,2841.0,556,1653,715,2332,1464.0,4952.0,366.0,691.0,301.2,2
9105.0,20920.0,2087.0,4910.0,5837,6358,7220,7939,18066.0,19232.0,2408.0,3235.0,301.3,2
129385.0,188305.0,51093.0,82233.0,737,609,140,159,96838.0,90664.0,53514.0,73308.0,301.3,3
10918.0,20124.0,3819.0,6848.0,92,17,83,94,15867.0,16425.0,6917.0,14956.0,301.3,0
24846.0,44739.0,4222.0,7217.0,315,158,368,174,39071.0,38031.0,14317.0,28045.0,301.4,0
4146.0,13643.0,1354.0,4484.0,2800,3296,3820,4678,10593.0,12612.0,541.0,1357.0,301.4,2
4513990.0,1984050.0,6064070.0,4033530.0,29989,8825,6709,2154,6450630.0,6934040.0,15676900.0,4364030.0,301.4,4
11185.0,14233.0,1055.0,2385.0,294,192,182,84,22859.0,21292.0,13683.0,15639.0,301.5,0
28435.0,52318.0,5740.0,8617.0,644,372,2,199,39472.0,33907.0,26337.0,26600.0,301.5,0
6259.0,15063.0,865.0,2552.0,3741,4666,5326,6673,13966.0,15908.0,1663.0,2480.0,301.5,2
8841.0,13644.0,4991.0,6917.0,3297,2952,4463,4679,12821.0,12777.0,2783.0,2650.0,301.5,2
4633.0,11622.0,0.0,1667.0,47,0,336,231,5647.0,5009.0,6628.0,4716.0,301.6,0
762935.0,859190.0,108096.0,138295.0,4996,4272,37212,31578,506681.0,408948.0,338103.0,289955.0,301.6,3
4161.0,10112.0,171.0,790.0,17,45,90,53,13075.0,18912.0,6173.0,6220.0,301.6,0
1215.0,7047.0,0.0,540.0,161,71,184,63,3467.0,6362.0,112514.0,229046.0,301.6,3
767593.0,826166.0,120852.0,156993.0,2977,2404,708,540,1711780.0,1304400.0,1191450.0,892122.0,301.6,1
83899.0,135096.0,16808.0,26827.0,435,202,128,77,111676.0,93961.0,32129.0,31197.0,301.6,0
38986.0,54479.0,13013.0,18695.0,0,23,194,105,38443.0,36278.0,24570.0,22054.0,301.6,0
5752.0,17479.0,4502.0,10729.0,3472,3744,4643,5083,12011.0,13462.0,1360.0,3178.0,301.6,2
33159.0,53951.0,5063.0,7687.0,0,252,280,115,44701.0,44741.0,11757.0,28734.0,301.6,0
94521.0,145182.0,10975.0,15500.0,536,318,259,126,57533.0,52984.0,32212.0,37090.0,301.6,0
6043.0,22134.0,2082.0,4941.0,4919,5374,6542,7148,16349.0,17292.0,267.0,1619.0,301.7,2
813185.0,666794.0,1399440.0,1611300.0,2127,1187,715,356,290832.0,245051.0,148791.0,103239.0,301.7,1
12830.0,19655.0,8663.0,9902.0,5024,5906,6754,7299,14209.0,15017.0,1646.0,1699.0,301.7,2
194028.0,273473.0,78640.0,125607.0,203,169,621,165,187793.0,160553.0,91220.0,80248.0,301.7,3
50750.0,78602.0,13068.0,21065.0,249,214,95,99,70888.0,61324.0,38567.0,52731.0,301.8,0
2172.0,8859.0,1102.0,2846.0,2184,2943,2742,3676,7239.0,10092.0,972.0,1404.0,301.8,2
1101.0,6706.0,0.0,1383.0,608,1840,652,2149,1806.0,6237.0,238.0,278.0,301.8,2
3479.0,9848.0,3494.0,6847.0,101,78,87,28,5404.0,5463.0,5132.0,4729.0,301.8,0
873908.0,1118600.0,948252.0,1366080.0,2124,1597,0,253,400079.0,329837.0,147883.0,130266.0,301.8,1
116556.0,172179.0,9224.0,14102.0,611,193,0,31,85109.0,77017.0,63867.0,58367.0,301.9,0
2659.0,11770.0,1950.0,5343.0,5209,7113,6020,8200,13201.0,17931.0,0.0,458.0,302.0,2
2255.0,9068.0,578.0,2376.0,690,1756,703,2103,1396.0,3991.0,112.0,422.0,302.0,2
15377.0,25103.0,4830.0,8075.0,7556,7532,11210,11873,27870.0,28648.0,2215.0,3145.0,302.0,2
16394.0,34809.0,11252.0,20026.0,322,157,163,86,34463.0,35541.0,19565.0,27311.0,302.0,0
9957.0,11643.0,3240.0,5033.0,4568,4822,5730,5764,15759.0,16000.0,2402.0,3146.0,302.1,2
36986.0,48933.0,6145.0,10052.0,315,310,76,86,40678.0,35899.0,29867.0,22864.0,302.1,0
21721.0,36255.0,6459.0,10875.0,357,194,257,229,30563.0,29413.0,13048.0,21255.0,302.1,0
7760.0,16179.0,1699.0,4014.0,3805,4167,4589,5171,11606.0,12967.0,468.0,967.0,302.2,2
26674.0,35703.0,3759.0,6007.0,224,128,254,168,33230.0,31828.0,13673.0,20984.0,302.3,0
120645.0,169159.0,14645.0,24630.0,521,231,23,149,148401.0,131761.0,51730.0,58523.0,302.4,0
4340.0,13535.0,1761.0,4070.0,2534,3195,3378,4712,9165.0,12264.0,21.0,2221.0,302.4,2
15665.0,30266.0,8356.0,14221.0,29,38,171,116,22540.0,22077.0,6079.0,14990.0,302.5,0
2624.0,9164.0,3414.0,8476.0,113,30,131,3,5351.0,5367.0,924.0,1264.0,302.5,0
800866.0,868658.0,1660010.0,2366220.0,2711,1862,516,463,464699.0,379366.0,191241.0,159203.0,302.5,1
307370.0,404033.0,152695.0,210220.0,1193,749,989,306,314985.0,266149.0,105737.0,100820.0,302.5,3
12184.0,23340.0,4718.0,8851.0,5338,5595,6844,7312,17795.0,18537.0,1292.0,3048.0,302.5,2
13793.0,22509.0,2597.0,4010.0,7007,7062,9795,9700,22458.0,22364.0,4946.0,4605.0,302.5,2
26329.0,29299.0,3963.0,6790.0,429,230,23,59,22566.0,20607.0,19954.0,17726.0,302.6,0
735.0,3887.0,526.0,2430.0,2056,3512,2143,3658,4476.0,7501.0,255.0,597.0,302.7,2
2673.0,7708.0,1728.0,4204.0,2598,3165,3614,4428,9212.0,11373.0,0.0,388.0,302.7,2
9593.0,21858.0,3889.0,8324.0,4746,4977,6156,6268,14089.0,15173.0,959.0,2084.0,302.7,2
4631.0,14331.0,1390.0,4287.0,7491,8896,8379,9786,19508.0,22477.0,564.0,2170.0,302.7,2
180113.0,259449.0,14259.0,21140.0,285,153,320,164,219984.0,185341.0,81682.0,89460.0,302.7,0
20073.0,33149.0,14609.0,25434.0,340,245,174,119,27398.0,28135.0,5813.0,13788.0,302.7,0
43704.0,61767.0,5041.0,6835.0,509,388,67,91,46762.0,43193.0,38902.0,35155.0,302.7,0
9639.0,21871.0,2579.0,4692.0,4388,5120,5812,6051,16602.0,16771.0,2520.0,3041.0,302.8,2
38786.0,66222.0,1551.0,4015.0,6815,6606,10229,9496,31405.0,30839.0,14542.0,9030.0,302.9,2
1804.0,5438.0,751.0,2987.0,239,188,112,0,1735.0,5128.0,16669.0,33403.0,302.9,-1
54702.0,91919.0,29377.0,45382.0,511,260,0,0,52113.0,47831.0,31223.0,41722.0,302.9,-1
7530.0,18022.0,1579.0,2099.0,2394,2160,3298,3304,9720.0,9450.0,2294.0,1986.0,302.9,2
1790.0,11980.0,585.0,3453.0,1926,3440,2999,5572,7554.0,14226.0,547.0,1782.0,302.9,2
4686.0,10161.0,1627.0,3453.0,3430,3755,4758,5400,12010.0,12538.0,954.0,2275.0,302.9,2
13334.0,18238.0,2150.0,4971.0,4028,4386,5950,6228,16135.0,16368.0,1901.0,3841.0,303.0,2
11530.0,24009.0,3398.0,5372.0,6349,7210,7473,7836,18459.0,18993.0,3232.0,3006.0,303.0,2
3199.0,12361.0,1301.0,3184.0,864,878,1593,2037,4414.0,5642.0,1067.0,1852.0,303.0,2
2215.0,11647.0,245.0,1351.0,1120,1931,1557,2915,4435.0,8651.0,384.0,584.0,303.1,2
1425.0,9066.0,152.0,962.0,328,830,500,1416,1421.0,4906.0,252.0,465.0,303.1,2
46997.0,70734.0,12898.0,18342.0,342,164,5,135,47416.0,42720.0,52558.0,37411.0,303.1,0
22968.0,43193.0,8024.0,14430.0,656,302,295,136,25976.0,24349.0,23617.0,24363.0,303.1,0
232085.0,332046.0,19843.0,29816.0,1416,1257,119,115,219066.0,188716.0,82174.0,74231.0,303.2,3
6371.0,9744.0,2216.0,6390.0,218,205,0,0,14420.0,13936.0,13211.0,10671.0,303.2,-1
3464.0,6474.0,1910.0,3861.0,1078,1063,1693,1658,5608.0,5463.0,992.0,1664.0,303.3,2
5608.0,13322.0,14082.0,28188.0,2827,3209,3930,4397,11929.0,12675.0,738.0,2102.0,303.4,2
68728.0,111544.0,15170.0,23762.0,312,242,228,102,73462.0,69224.0,38401.0,51608.0,303.4,0
13761.0,27413.0,8754.0,14052.0,14,0,0,39,17672.0,17824.0,6102.0,11858.0,303.4,0
123495.0,184168.0,24749.0,35826.0,148,252,269,142,168364.0,139584.0,65839.0,59539.0,303.4,0
3809.0,8977.0,3855.0,6144.0,4835,5060,6056,6615,15184.0,15423.0,2551.0,3122.0,303.4,2
2052.0,4856.0,3201.0,5872.0,6582,7169,7476,8539,17367.0,19689.0,202.0,2592.0,303.5,2
4506.0,8211.0,1915.0,4125.0,3548,3520,4968,5154,13170.0,13240.0,2661.0,2194.0,303.6,2
256933.0,322792.0,187509.0,286972.0,919,685,194,102,198074.0,169964.0,79879.0,82029.0,303.6,3
11780.0,19395.0,1764.0,4146.0,2992,3350,4473,4441,14186.0,14746.0,2806.0,3729.0,303.6,2
52839.0,94846.0,5335.0,7824.0,4246,3974,10918,10991,21328.0,21410.0,6666.0,6206.0,303.7,3
6950.0,15011.0,2858.0,4882.0,3578,3581,5085,5408,14860.0,16015.0,1242.0,2223.0,303.7,2
44116.0,70583.0,6509.0,11206.0,160,344,0,0,46346.0,41472.0,27053.0,31965.0,303.8,-1
11309.0,16548.0,2265.0,3425.0,5627,5737,6383,6793,17132.0,16192.0,3403.0,2568.0,303.8,2
40722.0,65480.0,4210.0,7191.0,382,213,90,56,45550.0,42614.0,31513.0,32399.0,304.0,0
17434.0,33227.0,3790.0,8122.0,100,48,316,209,25527.0,26639.0,6940.0,10911.0,304.0,0
23504.0,31860.0,1594.0,3292.0,46,168,70,54,25112.0,23422.0,21271.0,16935.0,304.0,0
6357.0,16160.0,1562.0,4157.0,7183,7853,8800,9402,18822.0,20368.0,1349.0,3375.0,304.1,2
27459.0,37224.0,6026.0,6977.0,0,161,261,129,34926.0,31212.0,24290.0,23803.0,304.1,0
25860.0,51086.0,1441.0,2523.0,384,263,0,0,35458.0,31644.0,18282.0,23055.0,304.1,-1
19013.0,31474.0,3395.0,6778.0,239,228,83,26,18841.0,18577.0,10033.0,13176.0,304.2,0
6251.0,6408.0,3500.0,3940.0,1540,1399,2142,1876,6823.0,6032.0,2310.0,1872.0,304.2,2
8250.0,14420.0,1986.0,4484.0,5674,6019,7606,8405,19329.0,19797.0,2327.0,3789.0,304.2,2
8630.0,15095.0,980.0,1850.0,8188,10642,9165,12143,20498.0,25168.0,2087.0,2713.0,304.3,2
1186.0,6836.0,0.0,400.0,897,3327,1012,3433,2429.0,8379.0,228.0,459.0,304.3,2
2372.0,6282.0,235.0,1416.0,79,73,273,137,5336.0,5075.0,1594.0,2279.0,304.3,0
448.0,2026.0,0.0,44.0,68,17,105,8,3185.0,4253.0,591.0,1339.0,304.3,0
421368.0,472684.0,168477.0,201672.0,1084,688,279,273,509088.0,432051.0,168471.0,154524.0,304.3,3
2071.0,8341.0,1714.0,4897.0,1574,2527,1694,2977,4645.0,7777.0,456.0,1583.0,304.4,2
32217.0,56541.0,10498.0,18484.0,177,114,228,117,51227.0,48938.0,19967.0,33462.0,304.5,0
2716.0,9542.0,1562.0,4232.0,2337,3241,2762,3864,7199.0,10361.0,465.0,984.0,304.5,2
67800.0,110979.0,21388.0,33358.0,526,365,193,77,93326.0,88559.0,64775.0,70107.0,304.5,0
188183.0,270301.0,64396.0,98513.0,227,303,0,150,174393.0,146053.0,58630.0,49097.0,304.5,3
6148.0,13377.0,1088.0,2975.0,1253,2489,1248,2984,4929.0,9282.0,2376.0,2165.0,304.6,2
74715.0,116222.0,33877.0,52566.0,602,356,400,250,112337.0,101184.0,32285.0,39163.0,304.6,0
6700.0,14913.0,2171.0,4140.0,2933,3068,4176,4027,11392.0,10974.0,1850.0,2722.0,304.6,2
11307.0,31193.0,3038.0,5331.0,4347,4569,5623,5792,16730.0,17249.0,1868.0,3425.0,304.7,2
15179.0,23641.0,4658.0,6086.0,3889,3613,5625,5511,17071.0,15866.0,7072.0,5166.0,304.8,2
11130.0,13225.0,4339.0,7325.0,3083,3584,5057,5195,15145.0,14893.0,4370.0,3253.0,304.9,2
8685.0,19114.0,3561.0,6212.0,5310,5697,7079,7993,18471.0,20026.0,801.0,2914.0,304.9,2
51057.0,80836.0,8165.0,10409.0,276,178,181,108,52859.0,47756.0,38163.0,36440.0,304.9,0
4647.0,11291.0,2008.0,5941.0,2118,2174,2404,2644,7586.0,7634.0,38.0,491.0,305.0,2
143298.0,228833.0,13787.0,22333.0,550,245,0,1,185333.0,156113.0,62055.0,77161.0,305.0,0
26963.0,42121.0,5645.0,9142.0,373,174,204,70,32519.0,30872.0,27782.0,26311.0,305.1,0
55145.0,88985.0,6356.0,9107.0,149,109,399,157,53437.0,47088.0,39639.0,38360.0,305.1,0
29192.0,50538.0,23717.0,38997.0,176,128,231,90,30970.0,30283.0,12811.0,24596.0,305.2,0
28665.0,57615.0,2863.0,5992.0,0,70,52,14,36735.0,35119.0,13623.0,26664.0,305.2,0
13303.0,22023.0,3575.0,5058.0,5906,6004,7739,7825,21655.0,20601.0,3808.0,3994.0,305.2,2
19267.0,37329.0,3704.0,6704.0,3508,3803,5686,6073,18801.0,18116.0,3295.0,5417.0,305.2,2
8454.0,14948.0,1668.0,3922.0,5366,5462,6630,6717,16972.0,16172.0,2987.0,3629.0,305.3,2
100168.0,157273.0,3294.0,5016.0,161,319,19,25,127251.0,110667.0,58314.0,47633.0,305.3,0
95327.0,149791.0,7544.0,11837.0,276,321,0,71,156982.0,138282.0,60349.0,67866.0,305.3,0
347785.0,419169.0,709923.0,955011.0,7958,7581,10447,10087,33090.0,31436.0,10068.0,8224.0,305.3,1
4875.0,9327.0,4323.0,9491.0,5876,7069,7147,7805,16926.0,17498.0,0.0,1773.0,305.5,2
41472.0,72522.0,8376.0,14566.0,366,188,98,47,36191.0,33879.0,16937.0,27825.0,305.5,0
36670.0,50225.0,7889.0,10621.0,10,41,93,76,49715.0,47054.0,44527.0,38420.0,305.6,0
5944.0,13823.0,1337.0,3912.0,2752,2531,3617,3739,10280.0,11423.0,1807.0,2516.0,305.6,2
1073.0,3879.0,798.0,2316.0,1173,1753,2253,3923,5929.0,10373.0,688.0,1360.0,305.7,2
1708.0,11698.0,164.0,1182.0,798,1916,878,2300,2164.0,5029.0,495.0,1940.0,305.8,2
1067.0,7128.0,585.0,2354.0,729,2055,878,2414,2154.0,6020.0,522.0,945.0,305.8,2
4532.0,10614.0,2004.0,3710.0,2389,2601,3534,4037,10471.0,10998.0,419.0,771.0,305.8,2
11820.0,27589.0,1883.0,3136.0,4921,5063,5566,5499,17422.0,17158.0,4226.0,4259.0,305.9,2
288257.0,422228.0,51683.0,81514.0,767,689,617,256,209433.0,182805.0,128862.0,110537.0,305.9,3
1787.0,10695.0,0.0,575.0,770,1217,1141,1986,2685.0,4787.0,0.0,0.0,305.9,2
22630.0,41334.0,4423.0,6399.0,8387,8920,12238,12304,31477.0,32226.0,3308.0,4887.0,305.9,2
3331.0,14116.0,394.0,1533.0,2540,3139,3118,3817,8576.0,10386.0,329.0,1528.0,305.9,2
7598.0,15763.0,1634.0,3575.0,8058,8386,9083,9797,21727.0,23010.0,2792.0,3589.0,306.0,2
4653.0,14040.0,290.0,922.0,589,1878,708,1904,2275.0,5142.0,162.0,121.0,306.0,2
3580.0,9062.0,1501.0,4007.0,2325,2731,3588,3728,10997.0,12567.0,1834.0,3824.0,306.0,2
1694.0,10424.0,499.0,1880.0,148,26,137,0,3611.0,6021.0,1286.0,2026.0,306.0,-1
3404.0,7850.0,587.0,2986.0,242,231,125,54,4549.0,5268.0,1205.0,1581.0,306.0,0
1590.0,7546.0,1184.0,4590.0,234,181,185,115,1642.0,4156.0,27975.0,71059.0,306.0,0
858187.0,967610.0,682978.0,858270.0,11242,9232,11029,10641,575617.0,473185.0,316638.0,278405.0,306.0,1
24713.0,46046.0,9904.0,17080.0,160,96,38,41,29654.0,28647.0,9094.0,17675.0,306.0,0
8145.0,14044.0,4708.0,7655.0,5622,5296,6757,7018,13680.0,13443.0,276.0,1396.0,306.0,2
5673.0,10600.0,4233.0,7371.0,2691,2792,4158,4355,11642.0,11935.0,1258.0,1498.0,306.1,2
7300.0,11585.0,3433.0,6507.0,4169,3829,5104,5286,13219.0,12272.0,1641.0,2799.0,306.1,2
32307.0,49914.0,8438.0,11209.0,296,241,228,93,43927.0,42345.0,13641.0,27991.0,306.3,0
7866.0,11097.0,2576.0,4451.0,2135,1923,2682,2698,7691.0,7011.0,2180.0,1336.0,306.3,2
18506.0,29379.0,7697.0,12992.0,128,175,248,212,24265.0,23850.0,16177.0,17004.0,306.3,0
33317.0,47240.0,5997.0,10609.0,91,101,178,51,27456.0,25869.0,15862.0,19442.0,306.3,0
1649.0,9326.0,293.0,2106.0,206,129,163,47,6376.0,11500.0,1003.0,1644.0,306.4,0
1547.0,8744.0,0.0,0.0,209,181,200,90,3494.0,6810.0,1346.0,1943.0,306.4,0
800152.0,819275.0,106189.0,127529.0,1522,956,633,194,1256100.0,923497.0,429781.0,365461.0,306.4,3
17626.0,27498.0,5012.0,6341.0,9882,9973,12693,13079,30171.0,30120.0,3026.0,3613.0,306.4,2
50283.0,75815.0,19386.0,28959.0,302,215,68,43,56846.0,49985.0,48896.0,45257.0,306.4,0
1812.0,9384.0,1174.0,3397.0,3929,6844,4665,7825,10209.0,16285.0,372.0,1122.0,306.4,2
1568.0,9255.0,882.0,2880.0,2012,5796,2219,6540,5377.0,13860.0,595.0,796.0,306.4,2
6711.0,9281.0,1596.0,3485.0,3195,3499,4597,4714,12921.0,12927.0,855.0,1910.0,306.4,2
9784.0,11929.0,1290.0,3264.0,6993,7290,7940,8623,20894.0,20039.0,2032.0,2793.0,306.5,2
6630.0,11355.0,2308.0,4213.0,1887,2078,3029,2936,8073.0,9096.0,699.0,1552.0,306.6,2
6457.0,15915.0,1692.0,4110.0,1737,1738,3212,3305,9450.0,10141.0,1704.0,1949.0,306.6,2
2441.0,12928.0,1115.0,3499.0,1242,2291,1741,3326,5098.0,10236.0,170.0,1262.0,306.7,2
2174.0,12403.0,415.0,2191.0,794,2048,1273,3146,3401.0,9369.0,123.0,54.0,306.7,2
13995.0,28542.0,1477.0,3381.0,7167,7596,9492,9704,21908.0,22884.0,2011.0,4270.0,306.7,2
683.0,3987.0,367.0,2446.0,841,2369,1077,2986,3027.0,8766.0,825.0,1952.0,306.7,2
13765.0,25548.0,738.0,2070.0,453,287,152,11,26118.0,25926.0,10945.0,22441.0,306.8,0
9676.0,23537.0,2319.0,6174.0,6313,7038,7492,8908,20671.0,22839.0,3327.0,4626.0,307.0,2
2707.0,10611.0,1029.0,3515.0,515,1863,671,2037,1806.0,5691.0,214.0,333.0,307.0,2
8629.0,19063.0,2792.0,4727.0,3650,3779,5982,6407,16190.0,18287.0,2601.0,3182.0,307.1,2
4955.0,8970.0,756.0,1864.0,4753,4281,5593,5766,12534.0,12300.0,2455.0,3328.0,307.2,2
6565.0,17574.0,1744.0,3536.0,3113,4193,4003,5274,10945.0,14568.0,1333.0,2854.0,307.2,2
110607.0,176477.0,9492.0,16361.0,469,218,52,112,99617.0,78940.0,35455.0,31687.0,307.2,0
430674.0,615041.0,60802.0,88723.0,1807,1634,17349,16825,193269.0,174532.0,140887.0,136413.0,307.2,3
26913.0,43949.0,2087.0,2896.0,315,234,0,70,30995.0,30062.0,22384.0,25854.0,307.3,0
4590.0,13137.0,2868.0,6453.0,6011,8087,7052,9183,18006.0,23347.0,0.0,1780.0,307.4,2
918.0,5264.0,818.0,3646.0,1022,3904,1118,4310,2583.0,10199.0,147.0,101.0,307.4,2
18760.0,35418.0,999.0,1886.0,2981,2987,4098,3810,11732.0,10823.0,3627.0,3747.0,307.5,2
56948.0,95871.0,33239.0,53926.0,5507,5070,8181,7916,18788.0,18469.0,4648.0,4091.0,307.6,1
49132.0,84189.0,9926.0,15525.0,5601,5066,6498,6397,13418.0,14409.0,3767.0,3648.0,307.6,1
5666.0,20112.0,1598.0,3476.0,2349,2577,2890,3574,7364.0,8153.0,1777.0,2251.0,307.6,2
65400.0,108669.0,8170.0,11024.0,37,165,144,78,79722.0,74678.0,69707.0,60258.0,307.7,0
28768.0,47982.0,5868.0,9958.0,348,185,193,60,30144.0,27680.0,25113.0,22812.0,307.7,0
3359.0,8441.0,626.0,2088.0,924,2056,1265,2483,3265.0,6659.0,1603.0,2111.0,307.8,2
2865.0,16724.0,166.0,2258.0,898,2121,1104,2496,3383.0,7268.0,465.0,587.0,307.8,2
6080.0,12160.0,2171.0,5577.0,3315,3100,5036,5165,12154.0,12360.0,754.0,1624.0,307.8,2
1018.0,4213.0,1122.0,4634.0,1598,2929,2237,3994,6342.0,10118.0,142.0,183.0,307.8,2
27881.0,42969.0,7726.0,14231.0,0,24,0,82,43866.0,40247.0,21040.0,25497.0,307.8,0
52221.0,78545.0,17132.0,28703.0,77,277,504,176,59329.0,55471.0,33929.0,47274.0,307.8,0
15031.0,14972.0,2538.0,4456.0,2717,2078,3239,2931,8538.0,8624.0,1068.0,2278.0,307.9,2
5336.0,13377.0,1513.0,3638.0,1109,1432,1429,2028,3408.0,4745.0,212.0,507.0,307.9,2
60881.0,89388.0,5539.0,7680.0,0,128,209,146,62487.0,60893.0,33106.0,45938.0,307.9,0
4754.0,12272.0,1958.0,5866.0,4789,5394,6392,7027,15269.0,17376.0,0.0,1781.0,307.9,2
27874.0,50796.0,1994.0,6068.0,4988,4981,6866,6630,20335.0,20061.0,2975.0,5379.0,307.9,2
19721.0,35888.0,3561.0,6974.0,6670,6377,9233,9177,24985.0,24149.0,3229.0,7510.0,308.0,2
88397.0,140444.0,14055.0,22219.0,740,334,294,158,80759.0,74998.0,28913.0,42940.0,308.0,0
70241.0,105157.0,15090.0,24048.0,695,453,365,251,64763.0,60088.0,25224.0,40884.0,308.0,0
8394.0,21036.0,2324.0,4868.0,3904,4163,5265,5486,17141.0,18152.0,3382.0,4589.0,308.2,2
6708.0,11764.0,1999.0,3191.0,3970,4147,5626,5852,13632.0,14323.0,1173.0,2584.0,308.3,2
89417.0,121068.0,7844.0,10366.0,273,354,108,69,94634.0,87162.0,75026.0,68632.0,308.3,0
159713.0,253496.0,17036.0,20583.0,317,164,0,5,24896.0,22924.0,27790.0,24865.0,308.3,3
47997.0,72193.0,4828.0,7699.0,355,238,352,116,62705.0,57195.0,34704.0,34406.0,308.3,0
2292.0,14417.0,66.0,986.0,1419,2682,1567,3239,4243.0,8855.0,200.0,691.0,308.4,2
5412.0,10945.0,1144.0,2411.0,2932,3204,4295,4634,12467.0,12316.0,751.0,1303.0,308.4,2
5249.0,17878.0,1814.0,5594.0,4215,5673,5868,7855,14646.0,18628.0,668.0,2868.0,308.4,2
17952.0,22765.0,3336.0,4896.0,6957,7492,8544,9239,25789.0,26320.0,3610.0,3623.0,308.4,2
79185.0,120255.0,11164.0,17594.0,218,331,0,57,46891.0,44367.0,42761.0,43224.0,308.5,0
11742.0,18605.0,4269.0,7259.0,3279,2853,4994,4915,13640.0,14142.0,2335.0,2759.0,308.5,2
9389.0,16058.0,1261.0,1757.0,2180,2061,2929,2893,9536.0,9347.0,2555.0,2602.0,308.5,2
17945.0,29783.0,7921.0,12108.0,309,182,267,122,24052.0,22778.0,15158.0,16332.0,308.6,0
4954.0,9920.0,1658.0,4370.0,3395,3461,4053,4531,9847.0,11091.0,671.0,1443.0,308.6,2
5396.0,19535.0,1385.0,2642.0,4094,4605,5287,5998,13711.0,15075.0,0.0,2249.0,308.6,2
2222.0,11002.0,973.0,3293.0,2690,4475,2916,5178,6745.0,10959.0,443.0,627.0,308.7,2
3846.0,11569.0,1258.0,3517.0,5519,6220,6715,7532,15289.0,17100.0,720.0,1800.0,308.7,2
5626.0,10778.0,0.0,392.0,580,1771,850,2075,1239.0,4646.0,413.0,365.0,308.7,2
2340.0,9913.0,595.0,3597.0,617,1768,841,2334,2010.0,5576.0,281.0,674.0,308.7,2
54886.0,77027.0,50454.0,81477.0,41,186,73,81,61012.0,55855.0,38026.0,41108.0,308.7,0
734810.0,900511.0,106790.0,98485.0,7518,7320,18640,17782,72947.0,70173.0,51197.0,43399.0,308.8,1
44992.0,66443.0,5446.0,8812.0,388,273,206,116,44969.0,40213.0,24724.0,28172.0,308.8,0
966266.0,1072790.0,722586.0,876050.0,1855,1529,355,422,347997.0,297327.0,157754.0,136481.0,308.8,1
5261.0,16449.0,1436.0,2272.0,2835,3083,3689,4005,9359.0,10518.0,124.0,1643.0,308.8,2
49786.0,76186.0,8752.0,14487.0,0,176,35,84,53776.0,48715.0,30478.0,43569.0,308.9,0
4999.0,15562.0,1831.0,5475.0,3503,4102,5262,6412,13268.0,16148.0,2330.0,3269.0,308.9,2
31661.0,48913.0,16839.0,25912.0,529,486,196,197,40330.0,37199.0,20465.0,27115.0,309.0,0
21624.0,43156.0,2899.0,4067.0,12365,12657,17553,17410,42636.0,40487.0,4466.0,6485.0,309.0,2
24753.0,43063.0,3460.0,6363.0,526,220,52,156,27881.0,25821.0,21905.0,18848.0,309.0,0
7883.0,22894.0,2011.0,4580.0,3026,3128,4972,5407,13561.0,15796.0,332.0,2241.0,309.0,2
939.0,4801.0,398.0,1533.0,261,166,162,162,1914.0,6116.0,11436.0,31797.0,309.0,0
93466.0,136375.0,33857.0,54061.0,535,259,292,156,125571.0,109767.0,39590.0,47367.0,309.0,0
269820.0,366762.0,212162.0,306625.0,858,566,507,292,137434.0,122629.0,89166.0,73268.0,309.1,3
4711.0,10901.0,1285.0,3699.0,3671,4878,3926,5266,7595.0,9683.0,281.0,1634.0,309.1,2
5676.0,12202.0,1220.0,4031.0,4740,5589,5928,7211,14429.0,17063.0,2503.0,3687.0,309.2,2
3500.0,10155.0,1189.0,4614.0,2727,3469,3089,3792,8462.0,10421.0,346.0,1033.0,309.2,2
5067.0,13595.0,1098.0,2784.0,3712,4251,5072,5680,13247.0,13129.0,1083.0,1311.0,309.3,2
5015.0,10611.0,4118.0,7876.0,52,109,286,234,14740.0,16480.0,7380.0,13594.0,309.3,0
15933.0,25736.0,2921.0,5094.0,7431,7721,9832,10209,22263.0,22475.0,3034.0,4437.0,309.3,2
16710.0,31862.0,1376.0,2882.0,10,11,103,51,28733.0,27890.0,11973.0,20584.0,309.5,0
41446.0,67388.0,20346.0,35889.0,394,315,124,73,49052.0,46875.0,33508.0,41019.0,309.5,0
813.0,3232.0,183.0,1444.0,143,41,155,67,1608.0,3977.0,13256.0,26959.0,309.5,0
37051.0,49874.0,3146.0,7720.0,554,228,402,137,33807.0,33173.0,9906.0,20535.0,309.5,0
12291.0,22159.0,4523.0,7432.0,5749,6502,6725,7266,17824.0,19150.0,3452.0,3007.0,309.6,2
110999.0,171391.0,18988.0,26309.0,491,259,0,60,154164.0,141043.0,53688.0,56158.0,309.6,0
7640.0,17330.0,2307.0,4542.0,4749,5315,5754,6257,12952.0,13161.0,1118.0,2252.0,309.6,2
7785.0,18753.0,2082.0,3858.0,5592,6036,6623,7168,17216.0,18582.0,2633.0,2751.0,309.7,2
1994.0,10543.0,1189.0,4966.0,1620,3074,2341,4349,5672.0,10316.0,843.0,1215.0,309.7,2
1697.0,10298.0,391.0,4767.0,1067,2806,1164,3521,2756.0,8313.0,224.0,746.0,309.7,2
44548.0,69585.0,23309.0,39215.0,61,90,59,56,37247.0,33694.0,14857.0,22742.0,309.7,0
913.0,3881.0,473.0,1523.0,260,181,106,49,6987.0,11527.0,4372.0,6933.0,309.7,0
985.0,6129.0,0.0,26.0,201,128,156,33,3012.0,6312.0,6339.0,16199.0,309.7,0
661338.0,761557.0,52560.0,71705.0,2226,1829,155,182,1081560.0,864308.0,333898.0,280963.0,309.7,3
162209.0,245496.0,21640.0,33457.0,415,293,0,53,187645.0,162362.0,88958.0,71193.0,309.8,0
40840.0,68394.0,6184.0,7001.0,357,234,27,142,42980.0,38521.0,30224.0,33072.0,309.8,0
5146.0,11277.0,4222.0,7187.0,3569,4048,5259,5886,15735.0,16126.0,228.0,3474.0,309.9,2
43757.0,70582.0,11698.0,22583.0,143,176,352,191,39756.0,35755.0,23278.0,24582.0,309.9,0
3916.0,11657.0,995.0,3154.0,1761,3139,2550,4126,5817.0,10344.0,253.0,1755.0,309.9,2
17747.0,31830.0,12002.0,18915.0,433,161,179,109,24413.0,22585.0,25955.0,22242.0,309.9,0
25686.0,49816.0,53180.0,88865.0,191,203,0,53,38949.0,37952.0,17162.0,26222.0,310.0,3
2195.0,7823.0,1680.0,3244.0,1828,1888,2642,2878,7418.0,7874.0,790.0,1119.0,310.0,2
32559.0,45920.0,3845.0,5933.0,103,105,278,134,40921.0,39187.0,26078.0,30903.0,310.0,0
1707.0,6441.0,1917.0,6182.0,651,748,1362,1849,4484.0,6445.0,6.0,227.0,310.0,2
3762.0,11302.0,2107.0,4873.0,3226,4085,3412,4177,9548.0,11878.0,910.0,1790.0,310.0,2
4139.0,15703.0,1141.0,3214.0,1713,1868,2269,2772,8231.0,9624.0,2587.0,2725.0,310.0,2
2972.0,10016.0,1932.0,3911.0,11254,14313,11853,15052,25163.0,31464.0,2177.0,2838.0,310.1,2
950.0,4150.0,181.0,1842.0,1754,5900,1892,6316,3209.0,11816.0,0.0,742.0,310.1,2
7124.0,22792.0,1242.0,3269.0,2977,4775,4120,6887,9637.0,15369.0,2551.0,3242.0,310.1,2
5703.0,12904.0,877.0,2867.0,1591,4231,2439,6393,5471.0,13762.0,442.0,1003.0,310.1,2
30350.0,36382.0,4689.0,6535.0,5,192,459,194,36305.0,33633.0,11614.0,25534.0,310.1,0
35857.0,57160.0,8510.0,13897.0,140,228,289,166,53104.0,50580.0,23878.0,35186.0,310.1,0
12581.0,12872.0,3784.0,5997.0,3351,3272,5863,5494,13044.0,12123.0,4679.0,3692.0,310.2,2
19437.0,14218.0,1740.0,3738.0,6144,6009,8531,8044,21224.0,20693.0,5025.0,4756.0,310.2,2
30296.0,38712.0,3621.0,6827.0,100,110,51,95,37221.0,35134.0,29155.0,22416.0,310.2,0
27900.0,43904.0,3565.0,4106.0,0,134,301,149,23340.0,19272.0,19238.0,18065.0,310.3,0
830.0,3960.0,793.0,3321.0,548,1499,763,2168,1446.0,4506.0,1509.0,1974.0,310.3,2
3648.0,12871.0,2058.0,5280.0,2580,2923,3949,4690,10273.0,12232.0,2701.0,2756.0,310.3,2
2774.0,11340.0,101.0,738.0,100,0,0,0,23164.0,28542.0,6432.0,11033.0,310.3,-1
622367.0,631464.0,46213.0,58730.0,5407,4452,531,390,1788930.0,1310900.0,1658570.0,1270100.0,310.3,1
21045.0,36170.0,8205.0,11759.0,3520,3632,5516,5643,17224.0,18277.0,1345.0,5138.0,310.4,2
5279.0,8273.0,2260.0,4407.0,1825,1926,2612,2608,6997.0,7212.0,655.0,1184.0,310.5,2
2445.0,14781.0,823.0,3201.0,3632,6734,4264,8108,8952.0,16238.0,144.0,1386.0,310.5,2
1696.0,5773.0,326.0,1814.0,620,2530,1090,3441,2339.0,6124.0,966.0,1594.0,310.5,2
4596.0,8973.0,1426.0,3684.0,1649,2076,1971,2658,5332.0,6336.0,1717.0,1302.0,310.5,2
277848.0,405470.0,10872.0,17052.0,306,173,70,83,325179.0,284640.0,126592.0,119451.0,310.5,3
179794.0,282247.0,48032.0,75252.0,556,303,0,92,227004.0,189631.0,102459.0,89156.0,310.5,0
1576.0,5263.0,350.0,1083.0,94,50,147,56,4321.0,5344.0,921.0,1655.0,310.5,0
420466.0,517753.0,25634.0,38911.0,1200,967,121,141,892212.0,741027.0,297386.0,299864.0,310.5,3
54109.0,95268.0,6886.0,11214.0,529,320,0,0,20714.0,20072.0,7786.0,14639.0,310.6,-1
7473.0,19713.0,2327.0,4269.0,5042,4856,6493,6765,16355.0,16980.0,3005.0,3017.0,310.6,2
5883.0,11505.0,0.0,1660.0,372,266,355,171,5372.0,4516.0,7589.0,5426.0,310.6,0
456970.0,627240.0,33644.0,46493.0,1375,995,247,109,464088.0,385406.0,138663.0,134613.0,310.6,3
28400.0,43332.0,9695.0,14087.0,397,264,250,143,36280.0,34714.0,27027.0,23010.0,310.7,0
230987.0,318739.0,333584.0,477132.0,3976,3674,9807,9535,26092.0,26435.0,10705.0,10901.0,310.8,1
69928.0,93594.0,15086.0,23250.0,343,184,570,196,60691.0,57003.0,49020.0,43570.0,310.9,0
29618.0,53770.0,6014.0,10743.0,272,180,68,108,35830.0,34935.0,10111.0,22146.0,310.9,0
1844.0,7986.0,708.0,2161.0,2083,4395,2623,5675,5724.0,11818.0,941.0,1670.0,311.0,2
23349.0,28947.0,2042.0,4207.0,103,163,343,146,27105.0,24525.0,20163.0,18567.0,311.0,0
945.0,3492.0,1821.0,6068.0,1484,2597,1958,4020,4827.0,10189.0,731.0,2193.0,311.0,2
31931.0,54492.0,6449.0,9400.0,623,265,2,159,38620.0,32965.0,31326.0,28958.0,311.1,0
8024.0,9090.0,2835.0,4720.0,5073,4660,6693,6690,18011.0,18287.0,4293.0,4656.0,311.1,2
14810.0,33204.0,3517.0,5911.0,7850,8795,10682,11413,27398.0,25867.0,2344.0,6287.0,311.2,2
10003.0,18219.0,2871.0,5332.0,1920,2025,4984,5224,13065.0,14188.0,2827.0,4968.0,311.3,2
19107.0,28661.0,705.0,2354.0,12667,12866,16281,16406,38074.0,38889.0,4753.0,7708.0,311.4,2
12800.0,25129.0,2780.0,4383.0,8031,8422,10419,10774,28878.0,30235.0,4223.0,5651.0,311.4,2
7006.0,14323.0,1129.0,2645.0,5474,5629,6769,6882,15999.0,15127.0,4024.0,2971.0,311.4,2
1994.0,6678.0,5602.0,15629.0,165,92,166,81,4374.0,4943.0,2245.0,3302.0,311.5,0
1193700.0,826102.0,3856560.0,3600110.0,6443,2898,1252,527,518391.0,410741.0,209201.0,147010.0,311.5,1
12509.0,24164.0,3541.0,4836.0,6157,6561,8881,9399,23359.0,23974.0,4867.0,4152.0,311.5,2
11109.0,21854.0,3239.0,5148.0,7517,7675,9547,10202,22818.0,22367.0,2587.0,3999.0,311.5,2
40962.0,71762.0,116940.0,194469.0,397,198,125,77,48494.0,47345.0,20677.0,34241.0,311.5,3
86790.0,120020.0,10972.0,16770.0,436,159,447,167,58124.0,55020.0,26446.0,37926.0,311.5,0
282669.0,394524.0,45339.0,70430.0,382,622,0,104,312727.0,263322.0,115321.0,108765.0,311.6,3
9722.0,16130.0,1754.0,3488.0,2697,2880,3269,3537,8218.0,7901.0,764.0,1572.0,311.6,2
11963.0,16526.0,3330.0,4073.0,3222,2742,4546,4652,13867.0,13216.0,3186.0,2562.0,311.6,2
3460.0,16924.0,1519.0,4198.0,2818,4162,3450,5047,8913.0,13201.0,72.0,325.0,311.6,2
39485.0,63692.0,6885.0,11037.0,358,207,108,114,56800.0,56649.0,34665.0,45884.0,311.7,0
13195.0,22067.0,1266.0,2548.0,9011,9098,12896,13483,31235.0,32280.0,1543.0,4526.0,311.7,2
16339.0,32184.0,2930.0,5595.0,173,150,174,179,20616.0,20216.0,11254.0,15885.0,311.7,0
325071.0,445236.0,7714.0,12701.0,834,264,760,246,366063.0,297501.0,168536.0,144572.0,311.8,3
37778.0,68487.0,6891.0,12392.0,20592,21107,21688,21046,31409.0,27767.0,9416.0,12083.0,311.9,1
26273.0,28965.0,14226.0,17675.0,0,213,0,26,31266.0,26587.0,25113.0,18191.0,312.0,0
9466.0,12335.0,2574.0,5389.0,4272,3958,5792,5638,15207.0,15294.0,3323.0,4030.0,312.0,2
40071.0,69773.0,4868.0,7818.0,152,184,452,181,42633.0,40220.0,21215.0,30960.0,312.0,0
4746.0,10423.0,781.0,3675.0,5100,5624,5999,6591,11470.0,11311.0,983.0,1929.0,312.1,2
15262.0,23103.0,3464.0,5611.0,110,61,174,95,16122.0,15429.0,12238.0,12216.0,312.1,0
174671.0,263759.0,104853.0,163176.0,816,676,313,199,118101.0,102071.0,53543.0,49722.0,312.1,3
7879.0,9933.0,1208.0,3047.0,2005,2696,2799,3604,6977.0,9325.0,364.0,1096.0,312.1,2
4281.0,15937.0,499.0,1160.0,2287,2521,2898,3451,7299.0,8310.0,1196.0,2014.0,312.1,2
52877.0,72024.0,8589.0,14359.0,2208,2356,6569,6733,18274.0,18502.0,9024.0,9072.0,312.2,3
3410.0,6809.0,904.0,2948.0,1842,2018,2433,2540,6276.0,6764.0,0.0,544.0,312.2,2
18022.0,24611.0,5161.0,8741.0,5173,5247,6610,6529,16184.0,15307.0,2478.0,1997.0,312.2,2
6547.0,17278.0,1320.0,3429.0,6172,6805,7694,8954,18400.0,19934.0,1388.0,2568.0,312.2,2
18940.0,28477.0,17349.0,29712.0,77,86,174,145,21427.0,20348.0,8157.0,17753.0,312.3,0
7871.0,18042.0,4708.0,7976.0,5214,5409,6166,6674,15172.0,15742.0,2023.0,1724.0,312.3,2
6415.0,19704.0,1136.0,2419.0,1692,1735,2366,2452,7165.0,7063.0,1217.0,2044.0,312.3,2
2523.0,7719.0,813.0,2614.0,1875,2592,2009,3122,6724.0,9874.0,1132.0,1397.0,312.4,2
1425.0,7151.0,1108.0,4166.0,1597,2419,2170,3409,5185.0,8121.0,193.0,1214.0,312.4,2
12226.0,25541.0,3089.0,5090.0,5580,5411,6776,6921,17478.0,16943.0,3618.0,4349.0,312.5,2
385861.0,548609.0,120864.0,174404.0,880,832,317,196,249143.0,199825.0,141354.0,111631.0,312.6,3
5915.0,17284.0,3699.0,6488.0,2947,3476,4656,5404,14136.0,16901.0,103.0,1197.0,312.7,2
3523.0,7964.0,827.0,2478.0,3503,5789,3796,5895,9001.0,13534.0,2018.0,2281.0,312.7,2
29787.0,44161.0,2863.0,5324.0,198,103,0,41,34803.0,30893.0,29509.0,23206.0,312.7,0
13443.0,19984.0,2234.0,3059.0,5398,5557,7072,6881,19921.0,20162.0,2921.0,4953.0,312.7,2
2680.0,14393.0,434.0,2129.0,2579,4003,3008,4670,6971.0,10699.0,0.0,0.0,312.8,2
7855.0,15534.0,1150.0,4642.0,3476,3861,4315,4694,10739.0,10922.0,1249.0,1295.0,312.8,2
7976.0,14274.0,1883.0,3408.0,1780,1605,3466,3264,9172.0,8831.0,1806.0,2193.0,312.9,2
37230.0,63201.0,3390.0,6759.0,378,273,133,112,32513.0,32598.0,10885.0,19365.0,312.9,0
4020.0,13065.0,866.0,2727.0,5619,6829,6273,7499,17752.0,20610.0,614.0,2515.0,312.9,2
48341.0,71575.0,21887.0,33756.0,154,189,313,110,44048.0,37710.0,32404.0,27183.0,313.0,0
2393.0,5956.0,0.0,996.0,583,1668,728,2589,2189.0,6678.0,460.0,1065.0,313.1,2
7135.0,12595.0,1903.0,3000.0,2263,2022,3362,3268,10199.0,9185.0,2465.0,2125.0,313.1,2
21589.0,33603.0,5462.0,8965.0,354,183,338,110,25997.0,24108.0,8124.0,18789.0,313.2,0
26782.0,46588.0,9236.0,14032.0,148,113,321,128,33270.0,32956.0,16139.0,27482.0,313.2,0
41328.0,61402.0,21359.0,35601.0,209,237,32,13,47633.0,47747.0,20778.0,32628.0,313.3,0
30800.0,48748.0,7911.0,14015.0,173,157,114,137,48311.0,45147.0,33562.0,40973.0,313.3,0
10986.0,23718.0,2329.0,5687.0,7650,8212,9950,10827,22421.0,24006.0,2073.0,2994.0,313.3,2
33777.0,46202.0,4468.0,6889.0,493,373,0,0,23782.0,21625.0,15836.0,13398.0,313.5,-1
10898.0,16448.0,9811.0,17839.0,8182,7783,9839,9856,24420.0,22076.0,2648.0,3836.0,313.6,2
43020.0,58809.0,14099.0,23270.0,0,126,455,124,47808.0,45679.0,25298.0,33280.0,313.6,0
6119.0,11902.0,1896.0,3908.0,5561,6010,6918,7610,17239.0,19243.0,633.0,1124.0,313.6,2
19023.0,41844.0,3731.0,8701.0,10232,10652,13493,14290,37829.0,40424.0,3443.0,6385.0,313.7,2
10865.0,22436.0,2336.0,3415.0,8062,8075,10224,10253,26619.0,28878.0,3049.0,5227.0,313.7,2
6104.0,13256.0,1798.0,3463.0,3096,3281,4564,4893,10819.0,10787.0,594.0,1955.0,313.7,2
26478.0,43753.0,29694.0,50999.0,224,205,21,99,40770.0,40488.0,14912.0,27313.0,313.8,0
251718.0,381336.0,23039.0,35081.0,460,600,614,211,131830.0,117631.0,74643.0,64489.0,313.8,3
3382.0,11679.0,3259.0,6813.0,4243,4825,4455,4855,10310.0,12219.0,164.0,584.0,313.8,2
46878.0,77172.0,4248.0,7336.0,339,158,232,218,55117.0,52542.0,31092.0,39553.0,313.8,0
15261.0,25616.0,13591.0,24963.0,182,123,0,0,29813.0,30725.0,15678.0,21067.0,313.9,-1
20763.0,43085.0,9444.0,17208.0,267,154,42,100,27119.0,25098.0,13443.0,20057.0,313.9,0
183052.0,258855.0,13332.0,17659.0,0,183,52,118,128267.0,119052.0,51792.0,60441.0,314.0,0
140936.0,214450.0,21166.0,32045.0,375,343,0,52,184239.0,155581.0,81457.0,77072.0,314.1,0
196354.0,277112.0,18648.0,29386.0,242,340,308,142,185026.0,154879.0,70546.0,57923.0,314.1,0
6379.0,16439.0,2226.0,4574.0,8381,9702,9854,10913,22818.0,25543.0,810.0,2059.0,314.1,2
8759.0,14265.0,2459.0,4836.0,5825,6138,8756,9539,24453.0,26244.0,1248.0,4316.0,314.1,2
194757.0,292377.0,16532.0,22450.0,358,304,0,121,233617.0,197730.0,105509.0,99642.0,314.2,0
34251.0,52611.0,2222.0,3689.0,4518,4221,10511,10878,30742.0,30095.0,9884.0,11084.0,314.2,3
18065.0,36214.0,1950.0,4257.0,7653,7066,9630,9647,24898.0,24026.0,5042.0,3652.0,314.4,2
532.0,2738.0,575.0,2620.0,203,114,178,78,2873.0,4674.0,212.0,563.0,314.4,0
5777.0,11097.0,1404.0,2535.0,2832,2574,3835,3962,10708.0,10542.0,1667.0,1926.0,314.4,2
56809.0,96851.0,3651.0,6459.0,25,99,348,138,55978.0,49760.0,32255.0,28608.0,314.5,0
1639.0,10698.0,0.0,374.0,183,114,146,73,844.0,4086.0,18573.0,44341.0,314.5,0
342782.0,418871.0,36830.0,48362.0,1024,631,361,193,224092.0,160176.0,125882.0,95543.0,314.5,3
10478.0,17695.0,3091.0,4106.0,5106,5140,7191,6907,20693.0,18799.0,2730.0,3291.0,314.5,2
24279.0,39912.0,2473.0,4621.0,320,155,174,122,23470.0,21997.0,12773.0,18429.0,314.5,0
59548.0,84400.0,14798.0,19497.0,617,281,124,117,49273.0,46223.0,27206.0,32112.0,314.6,0
50625.0,64375.0,4698.0,4914.0,233,155,771,227,45725.0,41325.0,43097.0,32582.0,314.7,0
41453.0,63557.0,4631.0,7429.0,186,194,181,140,39688.0,39250.0,22683.0,35744.0,314.7,0
26036.0,44034.0,17404.0,29450.0,263,174,147,108,31878.0,30192.0,11216.0,19777.0,314.8,0
22205.0,36050.0,3439.0,6765.0,8039,7800,10109,9868,27102.0,25900.0,7108.0,5965.0,314.9,2
1874.0,6868.0,1713.0,4990.0,1057,2272,1595,3385,4321.0,9399.0,1926.0,2287.0,314.9,2
4114.0,14586.0,2162.0,4458.0,3780,4314,5183,5852,13528.0,15622.0,1655.0,2216.0,314.9,2
39407.0,61231.0,1847.0,3435.0,9957,9710,897,820,36158.0,31061.0,20277.0,30063.0,315.0,1
24200.0,38907.0,7873.0,13449.0,122,150,98,29,28070.0,27484.0,8045.0,15905.0,315.0,0
23611.0,37005.0,9736.0,14975.0,409,187,0,70,28657.0,25600.0,18752.0,14849.0,315.1,0
4787.0,12199.0,3191.0,5122.0,4720,4899,6128,6617,15012.0,16601.0,954.0,2725.0,315.1,2
543.0,2939.0,389.0,2015.0,2260,5499,2257,5550,4515.0,11535.0,649.0,1138.0,315.2,2
2731.0,10211.0,0.0,940.0,2506,2991,4101,4576,8615.0,10255.0,0.0,1011.0,315.2,2
6098.0,19311.0,4984.0,9884.0,4758,5704,6053,7357,13605.0,16472.0,1503.0,2632.0,315.4,2
174342.0,261710.0,10889.0,16491.0,439,330,430,248,133454.0,121110.0,64384.0,82739.0,315.4,0
2605.0,14845.0,870.0,3216.0,1413,3160,2246,4677,6997.0,14434.0,960.0,1850.0,315.4,2
5017.0,15997.0,367.0,2324.0,1178,3027,1684,4229,4036.0,11460.0,253.0,495.0,315.4,2
18739.0,39893.0,6119.0,12132.0,139,51,57,66,23569.0,25028.0,7827.0,15297.0,315.6,0
8972.0,17678.0,2837.0,4427.0,5271,5517,7094,7447,22396.0,22727.0,4531.0,6016.0,315.6,2
2754.0,5393.0,2380.0,3732.0,3760,4364,4745,4879,11045.0,10889.0,1448.0,1534.0,315.6,2
6156.0,16855.0,2310.0,5011.0,1864,2011,3035,3630,7601.0,8769.0,1380.0,2630.0,315.7,2
1109.0,2885.0,703.0,1985.0,578,1235,847,1895,1834.0,4731.0,1348.0,1650.0,315.7,2
12353.0,24052.0,6323.0,12857.0,6229,6006,7829,8263,19560.0,20338.0,5165.0,4743.0,315.7,2
9733.0,14740.0,3295.0,6528.0,2522,2427,4678,4926,13050.0,12997.0,1892.0,4051.0,315.7,2
11166.0,16444.0,2937.0,5264.0,0,39,134,53,17441.0,16866.0,7884.0,13512.0,315.9,0
5628.0,16558.0,475.0,2073.0,3194,3822,4158,5115,10936.0,13094.0,2132.0,3916.0,316.0,2
3255.0,13412.0,230.0,1962.0,651,2082,834,2475,1881.0,5773.0,293.0,425.0,316.0,2
1650.0,6998.0,1189.0,4938.0,1752,3261,2439,5389,6745.0,13991.0,1844.0,2695.0,316.0,2
2674.0,10370.0,1687.0,4550.0,2038,2478,2275,2874,5987.0,7718.0,0.0,407.0,316.1,2
44911.0,69403.0,8660.0,14535.0,264,173,459,211,43343.0,40508.0,19728.0,33728.0,316.1,0
25738.0,42196.0,3460.0,6865.0,388,264,102,104,41721.0,39491.0,11427.0,22793.0,316.1,0
39747.0,64514.0,16266.0,25088.0,358,198,156,81,56769.0,51388.0,34979.0,43480.0,316.2,0
403905.0,558273.0,191270.0,264707.0,716,869,140,87,164017.0,148847.0,92793.0,85340.0,316.2,3
29197.0,46370.0,22313.0,24679.0,376,199,92,114,32227.0,28396.0,26645.0,23165.0,316.3,0
9366.0,19429.0,3609.0,6674.0,3714,4230,4955,5357,14311.0,15197.0,0.0,3354.0,316.3,2
4685.0,11984.0,1714.0,3190.0,4756,5492,6940,8132,18363.0,21334.0,1763.0,3261.0,316.3,2
5829.0,15023.0,731.0,3024.0,3065,3221,4062,4397,10403.0,10919.0,501.0,2215.0,316.3,2
13760.0,13373.0,2204.0,2765.0,6127,6359,8502,8857,21687.0,20028.0,2070.0,3617.0,316.4,2
351950.0,456811.0,30202.0,41459.0,1679,834,7346,6338,233987.0,196175.0,205161.0,158863.0,316.4,3
197836.0,283528.0,14144.0,22814.0,628,323,269,184,289385.0,247723.0,98444.0,97498.0,316.4,0
4299.0,10698.0,1500.0,2452.0,4436,4421,5417,5625,11801.0,12013.0,2123.0,2282.0,316.5,2
10796.0,20190.0,693.0,3015.0,3976,4615,5439,5964,16622.0,18826.0,2395.0,2434.0,316.6,2
2702.0,11365.0,1944.0,4919.0,1677,2206,2391,2971,6259.0,7694.0,834.0,1264.0,316.6,2
21350.0,32843.0,42.0,2231.0,9459,9366,12538,12033,31536.0,28807.0,3603.0,6023.0,316.6,2
2699.0,11885.0,758.0,3212.0,4306,5247,4707,5565,11785.0,13968.0,1137.0,1315.0,316.6,2
28331.0,48229.0,4904.0,7189.0,334,184,146,296,32014.0,31114.0,16627.0,20668.0,316.6,0
25731.0,43481.0,2123.0,3312.0,0,56,302,149,40705.0,40181.0,12247.0,24813.0,316.6,0
10720.0,26359.0,3333.0,6525.0,279,148,179,70,17844.0,18463.0,5352.0,10975.0,316.7,0
5621.0,12038.0,1369.0,3850.0,2495,3040,3080,3232,7372.0,7710.0,235.0,631.0,316.7,2
6630.0,15688.0,1460.0,3985.0,4767,5155,7157,7654,17379.0,17322.0,0.0,2417.0,316.8,2
4298.0,10139.0,823.0,4592.0,800,2295,1598,3731,4192.0,11051.0,3149.0,3017.0,316.8,2
3393.0,12916.0,423.0,5093.0,2090,3710,3276,5911,8524.0,16221.0,1270.0,1339.0,316.8,2
38303.0,63984.0,22260.0,35452.0,568,263,137,142,59761.0,58039.0,39692.0,39640.0,316.8,0
7259.0,10517.0,2422.0,5271.0,6820,6643,7710,7752,20502.0,18587.0,2686.0,2738.0,316.9,2
4764.0,9126.0,2116.0,3436.0,9984,11254,10829,11860,19579.0,21709.0,399.0,1622.0,316.9,2
6733.0,8800.0,420.0,2025.0,207,128,458,176,3293.0,6214.0,22115.0,28732.0,316.9,0
96146.0,153750.0,11087.0,16245.0,97,120,213,79,163791.0,141195.0,41311.0,56603.0,316.9,0
14909.0,19750.0,2102.0,4048.0,6633,6665,8639,8796,18795.0,18605.0,0.0,2659.0,317.0,2
46979.0,79610.0,27725.0,44071.0,1241,908,396,165,57066.0,48723.0,39630.0,31363.0,317.0,3
17647.0,31531.0,1579.0,3401.0,100,129,241,91,27889.0,27080.0,16677.0,24208.0,317.0,0
114704.0,174925.0,17447.0,25906.0,559,413,272,159,84943.0,78304.0,72835.0,70167.0,317.0,0
132694.0,197414.0,4921.0,6775.0,46,105,292,154,167327.0,146797.0,65573.0,67995.0,317.1,0
9301.0,16200.0,1256.0,2785.0,7165,7804,8686,9844,21471.0,23866.0,1765.0,4831.0,317.1,2
20499.0,32676.0,10007.0,16720.0,198,76,450,234,32822.0,33006.0,12989.0,24197.0,317.1,0
2290.0,4752.0,595.0,4479.0,928,1796,967,2130,2771.0,5684.0,1944.0,1807.0,317.1,2
9326.0,19871.0,1520.0,3161.0,2259,2331,3829,3886,10897.0,10866.0,2993.0,2855.0,317.2,2
5171.0,15141.0,2784.0,5732.0,5517,6715,7201,8778,17668.0,21124.0,121.0,960.0,317.2,2
7753.0,17568.0,4560.0,8564.0,1674,1347,2679,2545,7842.0,8040.0,1641.0,1974.0,317.2,2
1714.0,5977.0,580.0,2532.0,457,908,539,1521,1865.0,5488.0,1979.0,2864.0,317.3,2
3727.0,13806.0,712.0,1660.0,2670,3157,2983,3747,9319.0,11459.0,881.0,2062.0,317.3,2
35379.0,59099.0,5340.0,7886.0,254,196,0,0,47362.0,45389.0,22945.0,34999.0,317.3,-1
31162.0,48282.0,2291.0,5145.0,680,280,231,115,32375.0,31849.0,14716.0,20018.0,317.4,0
35958.0,48109.0,11609.0,18868.0,0,123,30,132,31622.0,27820.0,33426.0,23569.0,317.4,0
88909.0,131502.0,5561.0,11780.0,281,215,36,193,82771.0,76311.0,76697.0,72904.0,317.5,0
3069.0,5908.0,583.0,1715.0,40,0,29,0,1498.0,5041.0,34304.0,53112.0,317.5,-1
46595.0,81775.0,9779.0,16958.0,180,76,0,26,65029.0,65061.0,22673.0,44251.0,317.5,0
