FSC-A,FSC-H,SSC-A,SSC-H,FL1-A,FL1-H,FL2-A,FL2-H,FL3-A,FL3-H,FL4-A,FL4-H,Time,Cluster,Label
3.616276542834644,3.823984316063803,0.18921094586282938,0.2813382067683036,0.31402022049372535,0.2502837787306088,2.720866742674568,2.849577913347164,0.9656985659213475,1.3059016973556885,1.2232572706644464,1.804810708363142,22.3,1,Crypto
1.0569662838941392,1.5412535600695385,-0.0790263813667473,-0.10049441585223935,-0.10548620231267092,-0.2049368694303478,0.06466867671713579,0.04891225993395324,0.08528354491227166,0.16506324125552968,0.32075134004685274,0.43502644547815195,26.3,1,Crypto
12.364751594567545,9.36961012704108,2.0954956314108943,1.8066294334148618,1.537089672554698,1.186677561927646,0.5585350178939343,0.4106566999510902,0.36660176777724335,0.2951567483023527,0.19351724341816054,0.1496971422229858,28.3,1,Crypto
0.479864022142117,0.7543957872267006,0.1289283024176521,0.24407651935190788,1.7482649396284262,1.8963962457964614,0.9035105918266828,1.0808754545528196,-0.015715268398039127,0.037265675445730014,-0.09755897581128195,-0.11961450923236366,29.3,1,Crypto
2.573653326171825,1.844624197270191,7.693362826241489,10.14591199140564,1.9216541560280676,1.4797536186660945,1.0380044225241942,0.7872182925045064,-0.02118299648023143,-0.058578286175405024,-0.051187700749901664,-0.10028823945441981,31.6,1,Crypto
12.205730688088163,8.871102659539476,14.039196475744811,17.11098125462423,2.0923008364916864,1.452982810132746,0.7176725843637096,0.7136249427472767,0.6388777654349244,0.5977786542868911,1.0918775354744026,1.0881377823962541,32.6,1,Crypto
3.0494435040812164,3.185417603742723,0.2949388519180143,0.4489996368884337,0.4151893239114422,0.30756629480633263,1.5749513927037728,1.54907061581247,1.2677243034658818,1.5882434912025565,1.6811611375568767,2.3553548879593014,35.3,1,Crypto
3.6590423594315262,4.592425222470948,0.280379093593274,0.4906658109246825,0.5558712598888899,0.5465162190079237,1.6946075643074026,1.8117505284495894,1.0378195854090135,1.4297055892339319,1.506337438787089,2.3251668276477044,37.3,1,Crypto
6.481211977905543,4.345243101631948,14.127958561718202,15.469037132503976,5.356426477383586,4.836859769985609,2.5390319650166275,2.5317925180146985,0.09121855900677467,0.09813971374845962,0.19903921734942961,0.16289056428464926,43.8,1,Crypto
1.3790549660528058,1.7146589432759145,-0.07988238410723786,-0.10096584408372208,-0.10314996799679994,-0.1662419453057262,0.23320832419689547,0.24328107054580927,0.33169983830104666,0.5053849236256133,0.49096369161048276,0.7807893391476958,44.3,1,Crypto
0.570148972222703,0.8848573177207273,-0.015702743200848333,0.0022042039695691663,0.03428155501943592,-0.0029283229428971195,-0.029939763445832372,-0.04008018490629776,0.09718247739069896,0.1687788745969143,0.01848148089047016,0.08293366480827062,44.3,1,Crypto
3.7056866206142107,4.904669647726772,0.5748877361616299,0.7767042169079328,0.37181662596027243,0.39115200703927666,0.30666208208739876,0.34749355122393016,0.9823811582989967,1.3500301092048992,0.879352227039843,1.2195383549519005,47.1,1,Crypto
3.2935141622195774,3.904626970775543,0.28007319471604164,0.47476655708347604,0.2704443717324798,0.2579993829367267,1.5226155902067893,1.6694879581767936,1.0497522395584322,1.5509607757022688,1.4509472168454958,2.390739859387907,54.2,1,Crypto
2.803159933652042,3.808012408163578,-0.06040510853757737,-0.06701223591453093,-0.11127600039982942,-0.18447882797473214,0.29994106324041764,0.32609597142833663,0.5014571387630145,0.8470504688481931,0.9217483461687735,1.627245473546927,55.5,1,Crypto
1.3424319694090692,1.971780253096155,0.11283904970675003,0.20522813920212163,1.224643726658215,1.3971031311854072,0.7011087619594011,0.8375339403920528,-0.04497845274630093,-0.013384052063869853,0.0691813514808046,0.15453281465255628,58.4,1,Crypto
4.325100888197346,5.319401999674175,0.025881510051150844,0.04797315055752202,0.1960911752447602,0.1966252585698797,1.8496317203353096,2.057956990532779,1.037065665193275,1.514208864965036,1.5006990376946183,2.383679285042524,59.3,1,Crypto
0.8345428671291263,1.0784643415637334,-0.043218218678959176,-0.0487827796719955,-0.1809567282558071,-0.1985071992585829,0.017474637272487468,-0.0014929175761688005,0.008337917782036795,0.06257579462377842,0.15311701848125497,0.32939696928315376,62.4,1,Crypto
1.894017902124947,2.6672047721042387,-0.03279709222265673,-0.016968108735931745,-0.15373451970565838,-0.20131287351535304,0.17804455202112754,0.1845048733248588,0.20623113530483647,0.35853315191662705,0.5067562044048803,0.8257225058829067,67.5,1,Crypto
1.327470249523189,1.4769151819229938,1.003958467187821,1.2741148786343928,0.24830093343422452,0.21287478864034015,0.2741955210997963,0.33146774878287893,0.5725448299038698,0.7885144991446341,0.47188626962504404,0.7116613903242941,67.8,1,Crypto
0.89461431282478,1.2381060196440035,-0.015443114742020866,-0.001715385040758756,-0.15546130159130214,-0.18775211460763067,0.06687228945385089,0.059879638699477135,0.08596761309524198,0.17784468293099553,0.24069103426925084,0.4589338786104257,68.8,1,Crypto
2.322410586549707,2.598745933111142,1.1740716604534172,1.5917632210074628,1.060294721306944,1.2001214177413362,0.3707504858468628,0.4444541324734189,0.16751865700660093,0.3109208072178416,0.14579458166426335,0.20485172181866418,74.7,1,Crypto
1.0630108561557268,1.5230871083814264,0.6244202190640699,0.9871821059491295,0.5794367538576752,0.6821238080851475,0.6019094619282764,0.7035528602075098,-0.0692628732417471,-0.04358515798721024,-0.0747642008931967,-0.09990237085647445,75.1,1,Crypto
1.533607941797036,2.2976108166570723,-0.0067879759215052436,0.03330230399377916,-0.17750316448451958,-0.18436192488070005,0.038335504513390385,0.03490087400085538,0.10876587137627729,0.21124746837752448,0.33836510629147315,0.5914099572582178,75.1,1,Crypto
4.254414013351892,3.7950318182480873,0.605922334017313,0.8216973273206455,0.46059352996336933,0.27869123058040657,3.5342569306750558,3.1644088311346317,1.6310704910176637,1.8892477064806417,2.083304710459609,2.3198385570079907,79.3,1,Crypto
2.7325104864986103,3.5497665084769308,1.492134516568665,2.018602423418761,1.4140818570538394,1.5311909800402137,0.6888419843916871,0.7883821775979906,-0.04714145707132679,-0.020288726719798835,-0.09852365800409402,-0.14793069634541736,84.5,1,Crypto
3.901405379121374,2.4441489739457665,0.3822716960784532,0.3222581772610055,0.8498304820684808,0.3551458540773931,5.778012146077313,3.5958073175156673,3.445378285846755,2.930859373779244,4.8874154649806,4.000271671149497,87.0,1,Crypto
0.8566158484992271,1.1707216875677977,0.044405100885910445,0.1035451104847074,0.7913230487666686,0.9169821239956153,0.89726702240599,1.0596121691910896,-0.02927138013661987,0.02121515046764006,-0.06882225755902234,-0.09787450822471908,94.3,1,Crypto
0.9680053384188391,1.2897506465859223,-0.015733590146451596,0.0013610209041171805,-0.1616574012986121,-0.1959353311898769,0.07884525199000292,0.07129466557787954,0.11005211225552429,0.22530958186226574,0.27111178824603155,0.48986083623723736,108.6,1,Crypto
5.786928290893471,4.847074255783258,1.1866469319443476,1.43158537732767,0.5522145453075266,0.2742489130071871,3.241653886118236,2.5952690204208735,2.1683313793265073,2.23540824124433,2.867088201554917,3.192492706216661,112.0,1,Crypto
1.1595743015730393,1.7354069433618111,-0.0191318953204111,0.008216934327680454,-0.1619621275137257,-0.2061059003706687,-0.0271852475249385,-0.042900368017432466,0.02799283458850781,0.09799226798094436,0.22039944331699693,0.40402559811981886,115.0,1,Crypto
3.513584312848694,3.2930595212390505,0.13011848040217802,0.15002254635768858,0.23854969455058916,0.12274250314159912,2.1952316512101273,2.0000313247262973,1.0392431216630116,1.2501924736522079,1.473729517424881,2.0240743816679623,119.0,1,Crypto
4.38970576308919,3.9881061416280588,3.590102122095408,4.883399051497943,0.9689784321779004,1.146112188298511,0.35150560127955094,0.4317409260676688,0.7199759754786832,0.9619022962701528,0.6496954934570691,0.8897931130821736,125.6,1,Crypto
1.0761760468245407,1.5006954769523198,-0.07942739165958973,-0.09642127593222848,-0.15586760321145363,-0.18868733935988738,0.12258696481379759,0.13960576760314264,0.07871986252285579,0.1842606801860168,0.3178281866781162,0.4968146809704228,126.1,1,Crypto
3.2411247503114833,2.6350879424781875,0.19504101858184614,0.1827827676323263,0.6417024771458886,0.31212551547358414,4.110758749478671,2.934496760360221,2.318954040191587,2.218355085047136,3.080029321279482,2.869660259229274,131.2,1,Crypto
0.6730610898992835,0.9454121566811012,-0.009687588808211993,0.002193428467135275,0.29593979839698475,0.2347356672243409,0.1272145515608993,0.15630304221351166,0.06194333120458733,0.08963419933093636,0.07173859091433661,0.10827784272012819,134.0,1,Crypto
1.6536479070352823,2.367786134919948,-0.08266632094793237,-0.09557539899116801,-0.12051936225827543,-0.18915495173601574,0.1296385255712859,0.15102079448154507,0.137597900074005,0.280980890939814,0.34012398804819516,0.6420162133802424,134.1,1,Crypto
5.259899602605668,4.046885312378317,0.16989304617878573,0.16007070237729212,0.6494222079287666,0.3440400601443446,6.203713399931725,4.317998018022593,2.732598508717968,2.4468159827077125,3.4612825349723524,3.5162857197138266,135.6,1,Crypto
3.084574071505567,3.770441090035683,0.7916183759701577,1.2130635757195736,1.7618760439035006,1.9996216778267966,0.7878209231491402,0.9492669093665328,-0.02105774455940588,0.028477907701820397,-0.07818632780993952,-0.09757073932846423,135.6,1,Crypto
0.446080851630566,0.6323572982421997,0.48074285818047036,0.7739807086677667,0.6987878547771705,0.8324611870104146,0.6801009872027172,0.767879894028154,-0.07362982963514562,-0.05291636870281896,-0.09817437652048965,-0.14310323388601592,137.6,1,Crypto
0.7892319674747333,1.1274909961445834,-0.10285821742406846,-0.12678933566654235,-0.19995132899788848,-0.22235543044112915,0.014903755746319853,0.0079524576055681,0.03794072753099865,0.09607126026703122,0.21344707854810993,0.2927312425081761,146.6,1,Crypto
3.9310200404339506,4.882815269756111,0.14485303808533678,0.23546419903162033,0.5674508560632068,0.5966676463476901,1.3225642805920037,1.5085136967856758,-0.07572057323661828,-0.053683086693898326,-0.08788720520576092,-0.10670843612661696,149.7,1,Crypto
0.8048627073555105,1.146827567653208,-0.03279195106505619,-0.02296198196478372,-0.1497730789091815,-0.18038721968360902,0.05596440640711116,0.04694260823728773,0.056981428187267445,0.132671512500534,0.22275709333132643,0.4215374644904027,153.1,1,Crypto
0.9954725859016414,1.408001043388842,-0.034164640144401404,-0.021100513919329017,-0.1356540976089178,-0.197338168318262,0.1307036050606982,0.11458223809323302,0.20407053967059574,0.3270682251288701,0.38002939754999454,0.7101425458430198,153.4,1,Crypto
7.998109550950853,4.930940431245671,13.40148728697335,13.431632071059912,1.6054499201451833,0.8174975909743072,0.4358672422167939,0.31423329643705566,0.5404538425738926,0.2575328011686726,1.3772363494662734,0.8675276739837098,156.4,1,Crypto
4.070382051678665,4.842111490785753,0.14267575784150643,0.2566973265776029,30.65022596288837,32.627764701858126,1.0743640326799933,1.1830287539116993,2.010976427717054,2.902987910982645,1.205872200629329,2.0404779020657244,157.2,1,Crypto
1.9292280033948448,2.6666766246366143,-0.031151921790482692,-0.01203562249681805,0.03743039257560984,-0.020580690141742637,0.7838911471019983,0.9633678249222064,0.19149235639076834,0.3570544815052597,0.3888487550110049,0.7026796829593533,160.3,1,Crypto
1.9742348030515573,2.53746716788049,0.5169160430578971,0.7828489471708592,0.6104172523942251,0.725962468347181,0.318377956470934,0.3554169228218801,0.6496662914614174,0.9046090837499366,0.4422139759702727,0.7737205548321436,175.9,1,Crypto
14.615980485088697,7.701529198476253,37.142607618432905,31.26708206710011,1.7945833243256943,0.8640250223990787,0.12416622060844341,-0.019040723601007024,0.19954220099459505,0.16246819574726107,0.31461396540637593,0.27515369637623993,178.2,1,Crypto
0.8413547070771693,1.1154528762790776,0.2300934311023543,0.28255314466772485,1.8124605956123592,1.625297970736046,1.745180476615014,1.7435737208581898,0.10611631151265986,0.1713949837862565,0.0174377945525571,0.04748301361831242,178.8,1,Crypto
2.0963052205820087,2.3360790748808467,0.06341967227152198,0.10227898894872518,0.03316422556401937,-0.040804925409294125,1.381437467541242,1.2871964697785323,0.7013495696374528,0.8368514344723517,1.002507214913584,1.4556899368944567,184.2,1,Crypto
3.956971466389853,4.862599970133249,0.08586596635549656,0.15503046111383953,0.33321797204588244,0.2892125090432946,1.76501299124545,1.8892384167888623,1.112570895234016,1.6081865844430492,1.6168808702349722,2.627540028973818,197.7,1,Crypto
3.9085447113746112,4.20983701812206,0.23468705541844026,0.33240870055373095,0.48161963880620806,0.46585308412578186,1.7244665168898923,1.8057520437370171,1.502615011447921,2.0089273296046724,2.390734787724956,3.1772385816425657,200.6,1,Crypto
1.6614469023604113,2.1256032030417367,0.012360265561720438,0.047232334765192,-0.01528724263904383,-0.02467229843286577,0.9643670302389648,1.0577320471169998,0.3371097578043964,0.5164517816616874,0.46697553829008254,0.8266009726909951,200.7,1,Crypto
2.7495634786762313,3.7096221773414966,0.1780135046088448,0.315965283839613,0.04677532983909373,0.014724044255948398,1.872182024007694,2.218259779754579,0.407641041373892,0.665734302166568,0.6336576520015684,1.0882280920681138,204.0,1,Crypto
0.8765648083470672,1.2371271256307341,-0.048899197827560165,-0.04289127371626549,-0.12945799790160784,-0.18354360322247543,0.08009396587414147,0.08866341235756636,0.1214885761032111,0.23378981986250066,0.3093290039104098,0.5370353248285991,208.9,1,Crypto
1.7481200801608536,2.169384806909628,0.12804402331035855,0.24040476689755946,0.02635867342648219,-0.018710240637229206,1.0911482163579733,1.1643170627933768,0.3709879936969227,0.5257661414324373,0.5462125377134741,0.8199098470032193,210.0,1,Crypto
3.562722194012358,3.5421265821780206,0.009859092389055841,-0.008530890330194937,0.3044721324201657,0.15769652825719388,2.785836591528718,2.5628592970484685,0.9407324859337161,1.1620536065677989,1.272135887804558,1.7673486144817665,211.9,1,Crypto
1.4151867242387506,1.8823503172420448,0.15002761321028418,0.26936123581303356,-0.10497832528748158,-0.17968580111941648,0.16254580910623134,0.15048361674609081,0.2672336381284498,0.41990850582890854,0.5703628574369763,0.9409412272353554,214.9,1,Crypto
1.2511317931823807,1.9919955527190167,-0.03184340748775584,-0.022358553828485814,-0.09116407020233148,-0.19371417240326722,0.06738646575908441,0.05898434247372008,0.04894603572815136,0.13607119062581446,0.26704515382978067,0.4761748159654309,221.1,1,Crypto
3.683707208474165,3.653328942085402,0.1488811350653629,0.1810964015014223,0.20929597789968307,0.1040380080964648,2.372842837789364,2.118702839450395,1.0098643201570647,1.1748856010778415,1.2581147311055827,1.6173196196125454,224.4,1,Crypto
1.123723251077261,1.5977653391053401,-0.08527031727260785,-0.09781131574620044,-0.15251561484520396,-0.2097298962856635,0.07950633581101745,0.06457994388470166,0.11973504921165339,0.21215320666368964,0.2846464457357009,0.5569116626078694,225.8,1,Crypto
5.4657051241128185,4.529912595484036,3.583752792458736,4.067989843569311,0.7714142693792464,0.7417443860415132,0.7522693043301366,0.8847160514894494,0.890655804511347,1.2098597371324615,0.6368635570475085,0.9701933509476809,231.1,1,Crypto
1.0730367991561776,1.653006832421597,-0.07518850721794129,-0.08205753118785152,-0.18004254961046628,-0.22668084492031645,0.02478328618259254,0.007997222416855954,0.050304537330951554,0.11323816034202244,0.21240339221019686,0.4112914217194282,237.5,1,Crypto
3.811868982881232,4.288194069137701,3.740121100879278,5.418133359779793,2.7117076564126075,2.9463029332986577,1.5791382569035315,1.842235364936617,-0.04599010287604576,-0.04355145609749246,-0.08193278753288641,-0.13977819596755064,241.3,1,Crypto
1.313743643474042,1.9993850642703466,-0.036665813317066004,-0.012283459052797546,-0.2031001665540624,-0.2139384076708187,0.05618476768078267,0.06583335860076153,0.04885691416910241,0.14659460569018945,0.25891188499727885,0.4426699277055376,245.5,1,Crypto
3.0413450872199097,3.138699317835024,0.13380726098056825,0.19817557285913986,0.17049417317521737,0.12776933618497896,2.1205291794354855,2.0823090478733706,0.9381455520305114,1.2111024943158044,1.387195029861898,1.743662850544057,246.3,1,Crypto
1.3299404771966552,1.729706593107797,-0.043413582667779844,-0.03680042096550849,-0.11879258037263167,-0.16904761956249634,0.11116490546182434,0.12134172459769878,0.1970516147227947,0.33067011459245726,0.41533593418433634,0.7307906208181808,248.0,1,Crypto
6.451644101207994,5.97608052773844,4.0828306665315335,4.840862755640157,4.079725211462618,2.6470310125765084,0.46135569620479855,0.2568000435547408,0.44597053783729557,0.3883003460098511,0.5646537684252049,0.4807231394390846,248.2,1,Crypto
0.5969705920181222,0.9026185528173001,-0.07131721554473175,-0.07717892246090727,0.7845174966291314,0.8574784491332818,0.3908400886299154,0.48353381272771423,0.12097311627519826,0.23786774851835135,0.3039525639306425,0.5502205369200935,248.2,1,Crypto
2.102172011306491,2.8127458233980214,0.05039712006934433,0.11829677331670443,0.06709041084666739,0.03506518261753198,1.086851171521379,1.240820125284317,0.43162437552119987,0.6563693895612416,0.4906352006913786,0.8540058531152842,249.9,1,Crypto
5.629685199785144,5.231756838021002,0.47960923292955043,0.6271294676230891,0.6834499686164525,0.5093410351057192,4.360942248853725,3.569888491780001,1.3818288033379584,1.451569690188338,1.7806481468035216,1.8770502358806136,250.7,1,Crypto
1.1674902584357376,1.7017876252502773,0.31533125354057157,0.5700866516136776,1.6631447502066925,1.939884196776399,0.6771261100081518,0.8065566909808587,-0.06882449151885768,-0.047397684261533436,-0.12140991140598041,-0.15996651261324477,252.8,1,Crypto
1.2254938241471638,1.6926679754429368,-0.03201563626737406,-0.026369734609501812,-0.15251561484520396,-0.21347079529469035,0.0455339727866597,0.03928782550706493,0.10195891121756563,0.17506006429306445,0.36592507859301804,0.5281192972250107,254.1,1,Crypto
1.3589188677448545,1.921415017864602,-0.03869142941168029,-0.03080115998543957,-0.08557742292524873,-0.18447882797473214,0.05750693532281173,0.04103365314729118,0.14204193457252692,0.2628239978543631,0.39342267920106216,0.6483789402612562,256.6,1,Crypto
1.710299397372406,2.389822632707031,0.058741218855027054,0.12832607220704867,0.2277827016165751,0.14542170338382449,1.41765017018126,1.6003710895483492,0.3309579615392338,0.5105160363351444,0.3690935606228577,0.6547827169931153,258.2,1,Crypto
0.8702769560873352,1.2442115864895569,-0.0990074903812611,-0.12495480637717236,-0.13626355003914503,-0.18459573106876423,0.03682970247663507,0.032886457492902005,0.04465134005830603,0.1216046544644599,0.14184853252211396,0.2526009083218594,260.6,1,Crypto
7.4098865862067305,4.3798003367980565,9.679314889967582,9.60702911468674,1.8722885091796635,0.762436233685193,0.2072056939036573,0.16906101343054966,0.4197423038782683,0.5555543992067349,0.26824269034499565,0.3997153637810676,262.5,1,Crypto
1.1579274831240618,1.5623384818158161,0.9194506891288811,1.4996218996952593,1.9625890442583285,2.1861990159020115,1.0627583389332937,1.2724688468648286,-0.048427697950573785,-0.022180245280208913,-0.11179219626816006,-0.15227377056484484,262.9,1,Crypto
3.993879849185259,2.58370283627467,2.998020707028772,2.895884566322796,0.5584106450148365,0.5334230724763296,0.13478028862362113,0.12192366714444086,0.7298082512634889,1.012804787952636,0.6216656543978183,0.8556724770596015,264.0,1,Crypto
1.3206163034216212,1.7431925655138591,-0.013695121157835947,0.011096687353137876,-0.157899111312211,-0.18307599084634707,0.1252313000978557,0.14743960957851684,0.17918394647887287,0.3159550269944341,0.3822872528547228,0.7066450985510045,264.6,1,Crypto
4.100534736064061,2.757458800127659,0.44305560238968344,0.548357850955736,1.4717766871153486,0.6977888226854475,6.001972653885458,3.474091795623996,3.1800369089593965,2.4115680187991355,3.991300553890385,3.3403542689612524,265.2,1,Crypto
1.351760821645606,1.4854383893315517,0.5786125048432239,0.7721003834930528,0.7171730030890248,0.49975498139508784,0.33989990753285143,0.2533531530855761,0.15223069659352845,0.1664745078874615,0.32327531457718434,0.29910217935935896,265.2,1,Crypto
0.7046032773510045,0.6531462752867911,-0.04524897593117401,-0.03518409560042481,0.22138345109918942,0.13829061464786702,2.181863067274056,2.3769062709587288,0.529653273093474,0.7611949047921635,0.8085270900132566,1.2937975351309585,265.5,1,Crypto
4.193341376894644,4.203690474317811,0.5739134867963268,0.8060539916622439,0.35109524333254727,0.2541415808336677,2.953788608945354,2.921604494709319,1.281516466901403,1.6596957101404524,1.6695225795496311,2.496853723822879,270.2,1,Crypto
4.783538652392938,5.708273337689628,0.37800196469120145,0.604013321026784,0.41904918930288115,0.3729151243702707,2.597941878844811,2.710851763166109,1.3264120544450075,1.7867728980575346,1.6373720506064287,2.31379601896357,274.5,1,Crypto
5.272952510198416,6.161888270443167,0.4651985681752259,0.8028132593052512,0.29086102814509135,0.20726344012679984,3.1980590808102227,3.2474475560735985,1.0623304228382597,1.4135918732126211,1.322540532378989,1.8980595495432127,275.1,1,Crypto
1.0519182239326432,1.307461798732979,-0.03621596202701841,-0.023780920149759452,-0.11940203280285888,-0.18108863824780155,0.07480529530602524,0.06323699954606608,0.17938627650482183,0.2861457055390629,0.3670311366244319,0.6550536460086939,277.0,1,Crypto
2.4006110705686208,2.3904190751058136,0.12649653487259485,0.1855224391261431,0.1623681407721879,0.05318516219250585,2.2435642239020783,1.992868954920241,0.8006068995101314,0.9343341504810135,0.9802488365596056,1.2680428587106485,282.2,1,Crypto
9.249176941408388,10.149356121052632,0.1302470093421916,0.13552680170849646,0.8055436054719702,0.5424246107168005,6.833616100721735,6.191718724098241,3.158527300248393,3.67587334788036,4.3362991812077025,4.932694403188853,288.6,1,Crypto
1.9695329492412668,2.3928185036871756,0.02096142222743035,0.04292752154285247,-0.04057951849347305,-0.11211581276886874,0.22916836751291778,0.20805116406226926,0.39047911953000647,0.5613216350846889,0.74166463458042,1.0113253014946217,289.2,1,Crypto
4.078602108539044,3.2091296038408905,3.7984989454334537,4.392655731902453,3.2139980343248666,3.0959388936597323,1.3784258634677313,1.4468725516423024,1.3213730733225644,1.6374608883991508,0.7484340423817046,1.0758392470830171,291.2,1,Crypto
1.283586280627143,1.625119735531951,-0.008338034938069222,0.02601806434846871,-0.10345469421191356,-0.17863367327312768,0.17117662565836547,0.1983819648240931,0.20368996652654886,0.3898211437833657,0.43814318344112174,0.8196717578683169,291.5,1,Crypto
1.5127466819561546,1.8323857456066206,0.4865755014782874,0.7157525873906272,1.5665465400156797,1.7849875971838802,1.125414394413893,1.3551942181247802,0.010982660264083998,0.08295279969438762,-0.042879791175597703,-0.05207108465158874,293.9,1,Crypto
4.538340485032408,4.349022087822708,0.5170805601011145,0.6890374229814025,0.5350483018561268,0.3998028359976513,3.6772713972878655,3.3968277313411623,1.5725079919593634,1.9031202468357205,1.9414839537775344,2.650281646342087,302.5,1,Crypto
3.9683494847646066,4.021001533469314,0.10608870977723592,0.13019831575493726,0.23215044403320345,0.11233812777274316,2.7946510424755786,2.7772379783059944,1.1267291796688736,1.498916632505596,1.3696311609720782,2.182149147302852,306.1,1,Crypto
0.7670279891825548,0.8996909767683136,-0.049755200568050724,-0.04326841630145168,-0.12549655710513097,-0.1782829639910314,0.11494777399318526,0.13271198666481335,0.2013390843202847,0.3594094010492892,0.5384327084774768,0.776577624450973,309.4,1,Crypto
2.205383550519249,2.0825728434165867,0.15607361454852378,0.22016298557549485,0.2893373970695233,0.14366815697334315,1.8016664164328111,1.5129454131031732,0.9100770783116626,1.0252702744119977,1.0508785422798894,1.177823496522957,311.8,1,Crypto
1.3972541812986072,2.5380044213389357,0.0550087384370322,0.16326563884894088,-0.11168230201998089,-0.14391345434559707,-0.11646829024084518,-0.14912726520350672,1.0957967726065327,2.1512251334655446,0.6026048648639798,1.4853197192345584,18.1,2,Nano1
1.0122308350045879,1.9901834605456161,-0.033640242069145926,0.020067293129352296,-0.16693932236058126,-0.15022622142332992,-0.11048180897276917,-0.1470680838842655,0.8995896386333079,1.7950298610383892,0.3721830385075964,0.9802751943152743,18.2,2,Nano1
1.5997801012923107,2.3587803099978712,0.019051482178828297,0.09555776930558554,-0.06140247652623606,-0.12520895930046277,-0.12098569635111113,-0.14809767454388612,1.5613653883874596,2.65588144283571,0.8939056221900251,1.9524506019131693,20.1,2,Nano1
3.3303383327079334,4.6395487249701866,1.804680910578529,2.9366159655229045,0.029913812602807583,-0.029932937664309798,-0.10420151267313114,-0.1462175524697963,0.6283590127763632,1.0193092526681664,0.4202217168418975,0.8306484879843368,20.9,2,Nano1
1.824121687273462,2.52235577611286,0.22759482850848997,0.445947475824034,-0.03895431201286716,-0.09960718170743516,-0.10607458349933897,-0.14554608030047853,1.9418879499278376,3.020615931570106,1.1395045606315986,2.303484296431243,20.9,2,Nano1
4.216588652101942,6.331623939348636,0.12697209195064516,0.24098125627777264,-0.10731455960335255,-0.1112974911106441,-0.1045320545836384,-0.14814243935517396,1.6556222761902566,2.507386704002982,1.0395684751917478,1.8763852282969204,21.4,2,Nano1
1.9904737429276955,2.65350480891388,0.008072540122866843,0.043716827096134996,-0.09695386828948997,-0.1226370912317568,-0.10508295776781718,-0.14832149860032537,1.3085540209642261,1.8667348441491687,0.9537949222894745,1.4082527292576854,23.8,2,Nano1
4.309123942165363,4.9610812608635415,0.09629223396939955,0.1387836973191401,0.18146431691930714,0.13443281254480807,-0.09825175828400037,-0.14165154171843533,3.3537276014734436,4.4832231797507145,2.553994774519699,3.769514039608007,25.2,2,Nano1
3.5498751387257332,3.380955097639804,0.1804864014147064,0.22753881699149336,-0.11564374281645776,-0.14636841932027098,-0.1019611730574708,-0.14644137652623557,2.7273957366221375,2.760900743932509,1.9216123322281857,2.0749105169547204,25.3,2,Nano1
2.0212626980774693,2.5000324396149116,0.11989528851349651,0.21506886679987278,-0.05378432114839593,-0.12053283553917918,-0.10152045051012777,-0.14518796181017568,2.1177031077143487,2.944028387186464,1.1485359818505114,1.9533126487809196,26.4,2,Nano1
2.1921060767743685,2.9436262294698192,0.49458542501993474,0.7764051967153923,-0.14235807434141712,-0.17769844852087097,-0.10449532770469315,-0.1445164896408579,0.7935831571807601,1.2756711022788452,0.645445902073216,1.1364452468709447,27.7,2,Nano1
2.359028904731941,2.7675618969436795,0.05529150210506211,0.11563522421553331,-0.07095056459979568,-0.10638756116129634,-0.10732329738347753,-0.14496413775373643,2.5408908091313225,3.518586628567508,1.2006080296978632,1.9757258673424263,27.8,2,Nano1
1.8774514699436144,2.1974175996524115,-0.006448659519869347,0.0024035507645961537,-0.03844643498767781,-0.10568614259710381,-0.11426467750413008,-0.1487691467132039,2.075466714797502,2.9514638666054482,1.057477467452272,1.891368423855437,28.5,2,Nano1
3.9578463386908727,4.952476099537593,0.2127882946189236,0.26959021523975374,0.07166130407337147,-0.014384826158041894,-0.11180397661479823,-0.13851800492828564,2.26914231475558,2.9150194856118903,1.8028732602542998,2.498068799407899,29.7,2,Nano1
5.429025985931048,6.859225047523684,0.1509067511599772,0.24067954220962368,-0.07765454133229499,-0.12088354482127545,-0.11059198960960492,-0.14236777869904096,2.8886094108693317,3.9139898369450785,1.7500901751010391,2.864093899454658,30.2,2,Nano1
2.117531400420107,2.7140596478742545,0.11880022194458066,0.22110314816285184,-0.0904530423670664,-0.12848224593336127,-0.11198761100952448,-0.14147248247328392,1.7814691436397285,2.605488692235208,1.0764675690668097,1.9318682066993609,31.5,2,Nano1
2.996160506026092,3.01031395324821,0.23498781313807207,0.34096444948624055,-0.05469849979373675,-0.10299737143436576,-0.10155717738907302,-0.13390722936563684,1.5337690180624917,2.1349049933697124,0.8854771273416197,1.3608976213226047,32.8,2,Nano1
1.915351686577609,2.5425118867953844,0.02374535906812486,0.07147990911705566,-0.1186910049675938,-0.1546685389965493,-0.09637868745779254,-0.14375548784896441,1.225191641582467,1.7356850459816038,0.5988251402378325,1.10399123479269,35.0,2,Nano1
5.134048988180973,4.916507435794213,2.3431400518714924,3.0817889220635037,0.14428771867544735,0.004319668887092431,-0.09017184491604502,-0.1332805220076069,3.415799563005644,4.065151237801725,3.7835612334037854,4.865200238429092,35.1,2,Nano1
1.7889864413876087,2.3678589828465166,-0.04913054991958464,-0.05470391825941871,-0.08496797049502151,-0.15291499258606797,-0.11499921508303512,-0.1464861413375234,1.466034224494505,2.075328477821117,0.6612841541095141,1.3295683751575096,40.2,2,Nano1
4.45403460875237,4.24753582012145,0.03200976991099915,0.043552500684018156,0.5929462827277118,0.447733104550808,-0.09814157764716462,-0.12710297804988324,5.611417561261843,6.532003183056354,3.9516612636141892,5.315779821246898,43.0,2,Nano1
0.7824622336802154,0.6697738145261359,0.018904959187212796,0.03210352934800876,0.09746145695299004,0.019984683487392428,-0.08840895472667294,-0.13319099238503118,4.105889472938726,5.316628785109122,3.8276039652411367,5.5332947709057105,47.9,2,Nano1
5.409002170699164,5.565673521431064,4.217451878301775,4.852500298268759,0.3507905171174337,0.2145114319567894,-0.12098569635111113,-0.13807035681540714,5.698973471300473,6.971854971235454,4.040574191756002,5.479035078058458,48.6,2,Nano1
2.323650378847943,3.0225706168934225,0.07764011419462635,0.12427987104312252,-0.17699528745933024,-0.17313922785361946,-0.09538706172627075,-0.14290495643449522,1.778070480941943,2.600054262518217,1.1336125146522247,1.9392407599111678,51.5,2,Nano1
1.3664137630723028,1.8687914969094137,-0.013602580321026157,-0.003684608110552372,-0.10680668257816321,-0.17454206498200453,-0.11158361534112672,-0.14796338011002255,0.8249033634595031,1.2040335229475014,0.5736311341764172,1.044977969217558,52.5,2,Nano1
1.6457787347876118,2.2560966045036372,0.005270609230570427,-0.010157991197712508,-0.09482078478369474,-0.1413415862768911,-0.11889226425123178,-0.1496196781276731,0.7531605084250987,1.1779988131405208,0.4093524097211615,0.6842975597508503,52.9,2,Nano1
2.8338459626487547,2.7159992239191504,1.753559809977521,2.2758459930230455,-0.09024989155699066,-0.12684560261691202,-0.12179368768790666,-0.14747096718585617,0.9235175728925582,1.31503912220542,0.5582502745591248,0.9992484353759491,54.6,2,Nano1
1.6022783997347934,2.088701175239193,0.2874867439760259,0.4266162244576332,-0.09471920937865687,-0.19207752908681797,-0.1031731600626641,-0.14406884152797939,0.6765593240771341,1.045794725250122,0.642493641914179,1.1075297319355504,54.6,2,Nano1
3.1106564943835475,2.708136200845123,0.2670480719350637,0.38676302870588664,-0.03062512879976195,-0.10217904977614113,-0.09494633917892774,-0.13417581823336394,6.061144217749123,7.224829780929497,5.903990906785321,8.089641392413,55.9,2,Nano1
2.0089115597101386,2.635566006996296,0.6124079043303992,0.9713097908640077,-0.13433361734342553,-0.1547854420905814,-0.10614803725722947,-0.14675473020525054,0.9604644808453106,1.4654001031812696,0.559227431090637,1.0254957100064022,58.6,2,Nano1
1.953850746283959,2.532499849887575,-0.043704058072210575,-0.05161134906089194,-0.10406414664214077,-0.19535081571971646,-0.11661519775662618,-0.1481872041664618,0.9908019412837299,1.3296952314964372,1.1269054785444408,1.580678522748075,59.3,2,Nano1
1.4014273689590842,1.8785622250604637,0.12596185448213829,0.22042967926073365,-0.08344433941945349,-0.16109820916831424,-0.11110616591483845,-0.14308401567964663,0.7958738221173967,1.1666876164039928,0.454946117670232,0.7248630223561267,61.0,2,Nano1
2.063864768521755,2.6231682004933563,0.6447843443198242,0.9445407489426135,-0.12630916034543394,-0.142510617217212,-0.09916993025763167,-0.14205442502002602,0.7884622805716232,1.1229552017589661,0.5532813296435626,0.8775192076794437,65.1,2,Nano1
1.5972209828502917,2.0661001060212008,-0.000541469436844429,0.019065171403000417,-0.10822873824869336,-0.14531629147398217,-0.09516670045259924,-0.14236777869904096,1.0352639644860153,1.4146534827387311,0.7966348871191079,1.3119908290255733,66.3,2,Nano1
3.89529998686025,3.5301476512528516,0.3156397229966042,0.43477327980008884,0.38938917103182363,0.26057125100543266,-0.10328334069949985,-0.14277066200063165,6.374274019812999,7.101017463578824,4.932032016398158,6.542751653041262,66.4,2,Nano1
1.4084684535207632,1.8950668334237235,0.01947819825967344,0.06998480815435326,-0.12915327168649424,-0.15805872872347992,-0.1122814260410865,-0.14711284869555336,1.1836585863748714,1.6093366614296682,0.7122251952480516,1.1431199526183824,68.6,2,Nano1
3.233424002677913,3.714880887040687,0.17647629848628218,0.26697446202392666,-0.0214833423463538,-0.10556923950307172,-0.1031731600626641,-0.14666520058267482,2.5079158322832114,3.509061631986022,4.408109790991602,5.881996833895774,70.8,2,Nano1
6.155216780392058,4.992269279425839,4.523145109230113,5.054783417708982,0.4442398897522725,0.22281155163306776,-0.09325690274744616,-0.14147248247328392,5.444784332748159,5.942809896065366,3.710341023346769,4.180932064719444,71.6,2,Nano1
1.792247329055044,2.166266005053398,-0.044467519975891344,-0.03448907569343883,-0.06729385001843242,-0.14274442340527618,-0.10827819623605407,-0.14617278765850844,1.3170952384882146,1.8765294558483967,0.7893166084150163,1.4608375881904512,72.1,2,Nano1
2.7132586174146835,2.96407828485403,0.03286063149388916,0.07893655680130837,-0.03499287121639029,-0.11094678182854784,-0.11011454018331665,-0.13815988643798283,3.3675534865799563,4.467046272686183,2.3063084634022992,3.3739248369824986,72.9,2,Nano1
2.3548416816869553,2.7805470398545804,0.0910945236352497,0.1418223890054974,-0.11940203280285888,-0.19675365284810156,-0.11389740871467757,-0.14890344114706747,0.851391736023322,1.2475595135180066,0.7408039052101092,1.3116624302188113,74.6,2,Nano1
4.5497091464841555,4.920878311388345,1.9057740630568236,2.775037306526706,-0.01406833777858941,-0.0845266825772956,-0.10420151267313114,-0.1351606440816967,1.9876795704435017,2.8401043975054927,1.2196605030059016,2.2358177222979325,76.7,2,Nano1
2.06961927617017,2.5493368269158054,-0.02349416754447258,-0.030809241612264986,-0.09471920937865687,-0.0991395693313068,-0.11856172234072453,-0.1512312113340358,1.0125716885995246,1.296553635695221,0.8510521106420889,1.1524300587900853,77.0,2,Nano1
2.252430159391172,2.755300680303056,0.16671066962404907,0.27625486349511547,-0.06759857623354602,-0.13432740063496573,-0.1098574520306999,-0.14823196897774968,1.121682972474075,1.579211384758193,0.8321451712855522,1.4355919299206221,79.5,2,Nano1
1.8560989716449412,2.1148126039187223,0.4481427778354216,0.7583912505215347,-0.12366819981444935,-0.14753745026059187,-0.11532975699354238,-0.14603849322464488,2.4877310035040168,3.632115656818045,2.066984117326905,3.503387856578249,81.2,2,Nano1
2.0151432704318375,2.5834751865041428,0.2252838781670455,0.3516564417762691,-0.09197667344263442,-0.14087397390076276,-0.10232844184692332,-0.14012953813464835,1.0544010127736883,1.5160624688995135,0.48418596758339794,0.9296278883424045,83.3,2,Nano1
1.4197716165114718,1.8328592571293183,-0.018664049978761605,-0.004349995385845153,-0.18339453797671593,-0.16296865867282767,-0.10890255317812335,-0.14908250039221888,1.2354478469454515,1.758648671088052,0.6107339755835816,1.166165338882906,83.4,2,Nano1
1.6478466147718391,1.8878230177255313,0.23048158850119538,0.36412369809228123,-0.05337801952824446,-0.1047509178448471,-0.11892899113017703,-0.1494406188825217,1.9872315539574719,2.7284921642326543,1.3545829503867899,1.8950300705508332,83.4,2,Nano1
2.1466875725054115,1.6237310719317322,0.029989294973985402,0.016225826511670087,0.3200131693909596,0.13022430115965286,-0.10835164999394457,-0.14312878049093447,4.100060441238767,3.8430431463529495,2.110457187696949,2.14016335985833,85.7,2,Nano1
2.5028307759427904,2.5609560712035404,0.07999733495447572,0.1490527511386384,-0.018740806410331354,-0.0800843650040762,-0.11878208361439603,-0.14500890256502427,2.8553213042191565,3.8090295141552857,5.428801764567374,8.017968352837192,86.4,2,Nano1
2.04773343326018,2.1663616179570195,1.4645085062021423,1.8703934690674129,-0.08009235105320384,-0.15303189568010006,-0.1078742005676563,-0.14241254351032884,1.0183525464837808,1.538693287844999,0.7174228363731167,1.2536097311534584,86.5,2,Nano1
2.2285653272655077,2.5701394629466288,0.2280421092197373,0.35159178876166575,-0.03357081554586013,-0.07833081859359486,-0.10938000260441162,-0.14330783973608588,2.6902537247157916,3.6659228649411872,4.8690366059623695,6.965154618238888,88.5,2,Nano1
1.4747528960921044,1.8578552019332621,-0.01727850800541503,0.0033598766056039974,-0.09603968964414916,-0.15197976783381126,-0.10118990859962051,-0.14590419879078134,1.1699459097352587,1.6654587332821917,0.7077718563320958,1.101552873652482,88.7,2,Nano1
1.4236266687897599,1.8641474415906483,0.10906286944915056,0.196130921272309,-0.07115371540987142,-0.14999241523526574,-0.12208750271946868,-0.14617278765850844,0.8665616705879242,1.20306880635433,0.5167190429134051,0.863471948720199,95.5,2,Nano1
1.821904096521146,1.7874385749136272,0.13931344077075075,0.23306395586447107,0.2780625271103199,0.13069191353578122,-0.10174081178379929,-0.14187536577487458,3.194200010775824,3.7654571834864186,2.423504875490266,3.5222215281460496,96.2,2,Nano1
2.2614549116300284,2.157756456631072,1.9797913090318537,2.773259348625114,-0.08141283131869612,-0.14344584196946872,-0.11672537839346195,-0.14581466916820562,0.9873334265531762,1.3918457288722275,0.8466320366293335,1.2502025935333025,102.5,2,Nano1
4.034727496566004,4.442176373922652,0.0675043219851541,0.07188399045832658,0.17343985992131555,0.0994787874292133,-0.11540321075143288,-0.14585943397949347,3.7482470651660766,4.95585005568035,3.0493466061899976,4.7115670666556575,102.8,2,Nano1
1.4194768734367968,1.8657683079568057,0.19296142033242614,0.3561525201668102,-0.10833031365373123,-0.19219443218085006,-0.1080211080834373,-0.14899297076964316,0.7303237110915017,1.0392691968535182,0.43881263961803013,0.8397533449018133,103.3,2,Nano1
3.6865563915293564,4.688994255128808,-0.06127396417206928,-0.06158407656345824,-0.09827434855498227,-0.18225766918812245,-0.09979428719970095,-0.1407562454926783,2.0035769296252064,2.698838714017228,1.6847329565380214,2.826672855424128,108.1,2,Nano1
4.490854100779224,2.3482219136407956,0.42872719615696764,0.2827767363432281,0.25906792636823855,-0.008305865268373238,-0.06303068137550408,-0.12974410191586655,8.864547161811306,6.653119349229605,8.982033981048838,7.529663957092602,108.9,2,Nano1
1.8071108012493657,2.35795166483315,-0.04308197800254476,-0.052338695475179595,-0.07399782675093174,-0.14286132649930827,-0.11147343470429096,-0.14675473020525054,1.2825714734652798,1.7657092169839257,0.8256377245969708,1.4930945609846489,110.5,2,Nano1
3.1074611051771512,2.8750125886327638,0.160405039826982,0.23714787128691583,0.038954023651177866,-0.05927561426636427,-0.0930732683527199,-0.14044289181366332,4.138286363998412,4.8378934416681405,2.799169585445467,3.8934024894589725,112.4,2,Nano1
2.3083377743493543,2.7678760536270075,-0.02755568204890225,-0.023562716225473155,-0.06973165973934126,-0.09621699198050455,-0.10078591293122274,-0.14657567096009913,2.429007122163114,3.366292001669101,1.6354510024466047,2.3690901680521224,115.1,2,Nano1
1.5153946911667262,2.084252898723081,0.07393333956463422,0.12822909268514365,-0.11320593309554891,-0.13666546251560754,-0.12208750271946868,-0.14953014850509738,0.8551420675757331,1.2325621725935971,0.42654204844997656,0.8708198720214988,116.1,2,Nano1
5.467015093333596,6.62893453965784,0.4761055340247798,0.6747329435004119,0.728549448453266,0.6142031104525035,-0.08899658478979697,-0.13046033889647218,4.996358369284837,6.263356994643546,4.222990604681285,6.290007721387055,116.4,2,Nano1
4.494784008441556,5.301964027251751,0.2981083755787496,0.4350238102316768,-0.08679632778570315,-0.15876014728767246,-0.11239160667792225,-0.14500890256502427,2.310282753365203,2.849827392689071,1.744414350992468,2.439917580700517,116.8,2,Nano1
1.512798145032685,1.9532632207614302,0.04485495217595803,0.11613897895431773,-0.04261102659423041,-0.09621699198050455,-0.10464223522047417,-0.14572513954562993,0.9677339096347627,1.3502618096967087,0.48702595869413345,0.8915582566685193,117.9,2,Nano1
3.9941418430294147,3.625596647039715,4.367265210781623,5.726151096852573,-0.06353556003203129,-0.16121511226234633,-0.09928011089446742,-0.14066671587010257,0.783854455099714,1.066146453903443,0.4099844428819694,0.6520405869566526,120.4,2,Nano1
1.4777611468383898,1.7604575241106817,-0.014391748012709642,0.008914648110274908,-0.13413046653334978,-0.16776168552814336,-0.1031731600626641,-0.14209918983131387,1.2126303191381353,1.7272806372332337,0.637620333595318,1.204858928289639,120.5,2,Nano1
1.640347040982888,2.024895497555683,0.12498246395923468,0.2150769484266982,-0.04047794308843518,-0.1047509178448471,-0.11801081915654575,-0.1504702095421423,1.5671558810348563,2.219033335577706,0.9900328762134281,1.7327189603087134,121.9,2,Nano1
2.188405413725672,2.5119886055630274,0.014133964933908076,0.053864656513252035,-0.03296136311563292,-0.08195481450858964,-0.09663577561040931,-0.14151724728457177,2.000587744360889,2.7154242564945874,1.1553220221033964,1.9981965556951164,122.9,2,Nano1
1.9435347386703363,2.476584513250556,0.014421869759538535,0.047226947013975056,-0.134739918963577,-0.17571109592232542,-0.10475241585730992,-0.14679949501653838,0.8892057726587127,1.2643851819596055,1.4263187141384877,1.9068852674749415,124.4,2,Nano1
1.3322329233330157,1.7368730078840098,0.028706576152649706,0.07792635344813108,-0.08324118860937775,-0.16191653082653887,-0.1021815343311423,-0.14071148068139042,1.1483857185177684,1.6625098179318865,0.6598288145944959,1.203200514315491,125.0,2,Nano1
1.9390106663971511,2.362113102638397,0.052823746456801046,0.09481695351325552,-0.042306300379116805,-0.12637799024078367,-0.12208750271946868,-0.14644137652623557,1.8080659072888772,2.4164379418633537,1.258613704653589,1.71675877830008,127.2,2,Nano1
1.978225530713426,2.4278492503759814,0.040919396032741695,0.08057982092247679,-0.16927555667645225,-0.1671771700579829,-0.12208750271946868,-0.1497987373728245,1.5677291494417116,2.16878803074472,1.0964223528741595,1.5699070418862813,127.4,2,Nano1
3.5363777772902223,4.199592778448312,0.047466660237034324,0.08636895960508482,0.31209028779800585,0.20632821537454313,-0.09700304439986182,-0.13833894568313423,2.93324245111736,3.9817390607502343,2.6180754524224006,4.172984813595804,130.7,2,Nano1
1.8602487669979042,2.2132483646949095,-0.02745285889689137,-0.016722966055560718,-0.056120555464266905,-0.11457077774354262,-0.10148372363118252,-0.14218871945388956,2.0005154836373356,2.8617915635388806,0.9460358836179774,1.7049035813759716,131.8,2,Nano1
1.5916115075084625,2.092521138388648,0.0011833889381380428,0.021637822609091938,-0.1457100627076668,-0.189505661018112,-0.09928011089446742,-0.1453670210553271,1.3922777039637515,1.9900879732524368,0.754533994006081,1.3642472891515771,133.0,2,Nano1
2.3397536433405004,2.9077668376162924,0.020652952771397715,0.05864089796707431,-0.025241632332754928,-0.05284594409459935,-0.1134934130462798,-0.1502911502969909,2.0924696630495707,2.9279104584289386,1.4664736104142901,2.5382073435643844,133.9,2,Nano1
1.619055362683751,1.9759462438968123,0.08895837265222371,0.16082498754766453,-0.08354591482449135,-0.11609051796595977,-0.112207972283196,-0.14912726520350672,1.7545953805502925,2.588852596923272,0.9279065113737506,1.7354036205539927,135.3,2,Nano1
3.13448389881719,3.3714803141904404,0.03549290418536763,0.08159541202687103,0.1569846443051809,0.07551365315263495,-0.09432198223685846,-0.13735411983480147,3.188852717232887,3.8077446296097954,1.5899238243039349,2.4610993037366664,136.3,2,Nano1
3.875963905469274,4.614234070487504,2.282677467910296,3.609842418836342,0.07054397461795492,-0.003279032224993388,-0.09094310937389531,-0.12795350946435244,1.2082296410737452,1.7473711762412418,0.9101804760808287,1.4830537674679007,137.4,2,Nano1
1.9925743721424423,2.5118975456548163,0.07149386028317614,0.13947332947490912,-0.11076812337464007,-0.11176510348677246,-0.11033490145698815,-0.1477395560535833,1.4546989256597926,2.0261574207228845,0.8455592435011201,1.3066953982665361,139.1,2,Nano1
1.1284952818100933,1.6605648048031174,-0.03566842874256049,-0.02942997730072691,-0.13555252220387995,-0.1926620445569784,-0.12208750271946868,-0.15073879840986942,0.7654472401199283,1.1252342920511307,0.3014784867551116,0.6153420203009987,142.6,2,Nano1
1.6180354580761456,2.0161537463674186,0.03130800189852491,0.0926106693899163,-0.05459692438869888,-0.12427373454820605,-0.1045320545836384,-0.14326307492479803,1.5177391808876062,2.105900304531353,0.725768168963521,1.2380107878322633,143.1,2,Nano1
1.6395797732964326,2.1098498389212184,-0.00264934405306742,0.021761740887081688,-0.1690724058663765,-0.19301275383907468,-0.11551339138826865,-0.1496196781276731,1.3818360294103138,2.004272256087405,0.629711602859419,1.1021111516239774,145.1,2,Nano1
2.586860622994164,3.123861105792027,0.31852134183170905,0.5120740403852158,-0.14916362647895431,-0.16437149580121274,-0.1054502265572697,-0.14590419879078134,1.0663264408507518,1.452614448769589,0.7109486545877356,1.1995142377095875,145.7,2,Nano1
1.6198928072927479,1.9777355710931601,0.06430138080001525,0.13783275922934918,-0.10365784502198928,-0.14858957810688067,-0.09637868745779254,-0.1400847733233605,1.0494367010655834,1.4741625945078909,0.7957533671842968,1.431963123105902,146.4,2,Nano1
1.602891278191657,2.1317360878597533,-0.02840654363179226,-0.020262718605093977,-0.10802558743861762,-0.17524348354619707,-0.11286905610421052,-0.1429944860570709,1.06334929904036,1.542901811323506,0.8095707763511697,1.2667785233046147,147.7,2,Nano1
3.8291465412109864,3.1544891059188265,0.9065309600787143,1.2715341458014757,0.47735347179461757,0.28605612550442816,-0.11319959801471778,-0.14084577511525398,5.906698964608078,6.039323682744643,4.235839173542445,4.765982748936121,148.4,2,Nano1
7.160945649643979,6.264011957501903,5.0420678516410105,6.267889481716453,0.10233707639480771,-0.01695669422674786,-0.12208750271946868,-0.14684425982782623,6.184493272854439,6.658806543119479,6.032518176525929,6.6030620939031035,149.2,2,Nano1
3.762866777101148,4.204874253124555,0.3032315391276915,0.4730047624355348,0.12590257036359317,0.10789581019952375,-0.10247534936270432,-0.1382941808718464,4.915209576734591,6.424578409580949,3.4653034301467027,5.229115376142405,150.8,2,Nano1
2.232691730310957,2.546163389114649,0.12312136490783779,0.2042017725952935,-0.06292610760180409,-0.12754702118110456,-0.11195088413057923,-0.1461280228472206,2.3854339058605336,3.2543596004439435,1.5073353858831013,2.5067221079660778,152.6,2,Nano1
4.860358990268533,3.7998124634291695,3.9133009946535986,4.193928528265414,0.24687887776369435,0.15395562924816703,-0.100822639810168,-0.13654835323162012,6.818051210061065,7.538215227942649,4.763919511849054,5.829017896394894,153.2,2,Nano1
1.9905111706197176,2.4442719048218513,-0.011355894449588481,-0.01312394824264106,-0.1209256638784269,-0.17711393305071052,-0.11117961967272895,-0.1450984321876,1.55990813046247,2.132229905873364,0.9350875723521405,1.5557776832253463,158.4,2,Nano1
2.0628635777601603,2.7386321641050166,0.026416190441607406,0.06345754755502367,-0.014169913183627278,-0.02455539533883368,-0.09329362962639141,-0.13945806596533056,0.8046631347922512,1.1759935507023132,0.5217378851837678,0.8993002585379335,160.2,2,Nano1
1.4307800364275056,1.8162681418532578,-0.04832338817629925,-0.05070890073205355,-0.09532866180888408,-0.13689926870367172,-0.11970025558802733,-0.14693378945040195,1.220270686308494,1.8571929966228238,0.6521529381809998,1.2589051619124956,160.7,2,Nano1
1.6591123500705256,2.129687239925004,0.08966014066469795,0.19110684326250724,-0.10091530908596684,-0.13970494296044186,-0.11048180897276917,-0.1484110282229011,1.0689446877341628,1.551259879973514,0.6340734632915735,1.1559028761715935,160.7,2,Nano1
1.9464260278790522,2.4639727159633202,-0.015458538214822497,0.002468203779199501,-0.13382574031823619,-0.1513952523636508,-0.10816801559921832,-0.14568037473434206,1.2194083750074256,1.6981959064067946,0.7747756876035343,1.2914823235432864,165.2,2,Nano1
2.0918887529233876,2.714665196263858,0.766079675589456,1.273239369061639,-0.053987471958471665,-0.11164820039274037,-0.11488903444619936,-0.14590419879078134,1.0355939551235749,1.4987312721121482,0.9187836116710364,1.5405235586512511,165.4,2,Nano1
8.556109654387038,7.142740071738908,11.089817183464799,13.998477376594758,0.09167165886583153,-0.03916828209284487,-0.10640512540984624,-0.1390551826637399,1.696538706556865,1.8127739059747974,1.2777659726712287,1.447685215979633,166.2,2,Nano1
1.4879508359914377,2.0961862996941445,-0.005664632985786406,0.016241989765320923,-0.17821419231978464,-0.21943285309032692,-0.11507266884092562,-0.1480081449213104,0.9039084212110042,1.3352139159377225,0.5362746478823498,1.1381529206661072,166.7,2,Nano1
2.9409874095238457,3.205232239769456,0.17332991003474932,0.24464762098090412,0.12437893928802514,-0.038233057340588156,-0.11962680183013683,-0.1461280228472206,2.390684851772066,3.0454247351386026,5.427512749568358,6.5055769081158035,168.9,2,Nano1
1.7591706062304122,2.1918492862653034,0.26786808657235045,0.49096213724161447,-0.08953886372172559,-0.15572066684283814,-0.11330977865155355,-0.146307082092372,1.4584396224490634,2.1876990036126056,0.783852848064348,1.4894411242594217,170.8,2,Nano1
5.430148816691715,5.391157207344513,0.921340064547081,1.4216449763324055,-0.023616425852149035,-0.09715221673276128,-0.08749078275304166,-0.13959236039919412,3.308492388529139,4.081960055298465,3.494950775124074,4.968325673722529,170.9,2,Nano1
2.670226128512143,2.6955016385808346,0.08287381263198003,0.04713804911889545,0.0058404416088327854,-0.08850138777438665,-0.09825175828400037,-0.14608325803593275,2.71617123756354,3.589352171502404,2.0808555819614782,2.9243797104059928,172.7,2,Nano1
1.2959374189944737,1.5205374309515158,-0.005402433948158668,0.013133257313143312,-0.05276856709801725,-0.1102453632643553,-0.0997575603207557,-0.1384732401169978,2.529883092243385,3.63824940074668,1.8788253504866501,3.040682147820756,173.3,2,Nano1
5.1240370805650315,4.072095247966556,5.180493520035654,6.006852935255439,0.20777234682411505,0.14553860647785657,-0.11419122374623958,-0.1392342419088913,5.18756024380661,5.973057342087069,3.1706470757103156,3.905413675816293,173.9,2,Nano1
2.2587928670349484,2.9506332894066625,0.03315367747712016,0.09351850546997163,-0.1616574012986121,-0.19032398267633663,-0.11338323240944405,-0.14769479124229543,1.5245991322435903,2.1454705357962345,1.1524903472184609,1.897460221720872,174.8,2,Nano1
1.7043156451103547,2.112039829713695,-0.015486814581625489,0.006013344079949704,-0.07968604943305235,-0.1706842628789456,-0.11048180897276917,-0.14491937294244858,1.373562176563472,1.838593766234827,0.8636012953744459,1.336522219890695,175.5,2,Nano1
2.439961610268476,2.7724290490375623,0.2520333211626753,0.38993910804827603,-0.09421133235346753,-0.18938875792407991,-0.1169824665460787,-0.14626231728108416,2.834678824190792,3.493327062224036,2.2814762131631885,3.1132090242941444,176.8,2,Nano1
2.542377811025762,2.421989545282598,0.23322953723868609,0.3236886252091045,0.6278882220607385,0.29634359777925207,-0.10236516872586857,-0.14165154171843533,5.058020853383569,6.512119068122867,3.3702863922676136,4.950460778634676,179.3,2,Nano1
1.8909207606101086,2.4611589647995977,0.05502930306743437,0.11077008486663144,-0.11340908390562465,-0.14180919865301947,-0.11995734374064408,-0.14823196897774968,1.1539353420866543,1.6086963255250306,0.609736028487569,1.1101651323598156,180.7,2,Nano1
1.712231601973053,2.13934414319079,0.0061446060226628876,0.037504749942996726,-0.1591180161726654,-0.1671771700579829,-0.10107972796278475,-0.1440240767166915,1.6415193916434567,2.420490594101916,0.8261907536126777,1.423588953533471,182.3,2,Nano1
1.996770952110433,2.6463019701743833,0.018190338280737198,0.026147370377675404,-0.16389206020944522,-0.19476630024955602,-0.1100778133043714,-0.146307082092372,1.472289594463427,2.073348491800198,1.1870026842888928,1.7988995298414259,184.3,2,Nano1
3.3070817005776303,3.256385143207035,0.2870368926859783,0.43989972508301256,0.2808050630463424,0.19896332045052148,-0.09285290707904839,-0.1316689888012442,5.1698563665360755,6.449854826869279,4.2845306756020545,6.252709826909061,185.7,2,Nano1
3.2835116115266407,2.166320640998325,5.7975095494649285,6.259403773549764,0.10020399288901248,-0.06360102874555158,-0.08095339830078686,-0.12889357050139735,0.8034539720181275,1.0757093651108616,0.7147034305364826,0.9248825255846935,186.5,2,Nano1
2.319271338881344,2.7417555189566567,0.08329281697642435,0.15008719937229195,-0.07430255296604533,-0.12532586239449486,-0.10684584795718925,-0.14456125445214577,2.2512216553143856,3.1300796693734365,1.404455356510014,2.3884574876809115,186.7,2,Nano1
2.1555111508996485,2.7764311320034394,-0.026745949726816588,-0.019443780420118247,-0.10284524178168634,-0.14438106672172543,-0.11558684514615915,-0.14554608030047853,1.473050740751521,1.9957077633628757,0.7485255208655058,1.3264567964634397,187.1,2,Nano1
1.5081009696838972,2.1852064659613046,0.005807860199827263,0.015212929282884313,-0.0917735226325587,-0.16027988751008962,-0.10769056617293005,-0.14827673378903752,0.7196291240056278,1.0541654321087743,0.31702982900130616,0.6912185646033595,188.2,2,Nano1
1.7010266866739026,2.2649612865679867,-0.018543232775148827,-0.004355383137062099,-0.08293646239426415,-0.1571235039712232,-0.0942118016000227,-0.14474031369729717,1.4087796445325178,1.9884829207546277,0.8967539295265607,1.4434406614022341,188.9,2,Nano1
1.4735084253323658,1.7659575425666314,-0.03751410432115574,-0.050135105227448844,-0.11503429038623054,-0.16542362364750154,-0.10809456184132782,-0.14294972124578306,1.2549823292126672,1.81939632730434,0.47149540701243914,0.8516167517960906,189.0,2,Nano1
1.8394576840795642,2.226342779495664,-0.006127337169835355,0.00874224007133265,-0.025241632332754928,-0.059626323548460536,-0.11764355036709323,-0.1445164896408579,1.713062325342697,2.3456092078852366,1.1110505940565425,1.8230943119296166,189.2,2,Nano1
2.235859048748337,1.2797067387102392,0.031804123606977396,-0.033363035689097195,-0.012036829677832043,-0.1325738542244844,-0.11521957635670663,-0.14635184690365985,4.262454373970664,2.885239653310022,3.634655052340022,2.8415575313406154,189.8,2,Nano1
1.2000617074180695,1.8116286395299028,-0.026584003262399455,-0.013501090827827252,-0.17719843826940596,-0.2276160696725732,-0.11753336973025748,-0.14751573199714402,0.9423149957795313,1.2961028729202457,0.5081907533553983,0.823957362296561,191.6,2,Nano1
2.2974790652014097,2.7305505972512822,0.0020085447330253354,0.011861748025944151,-0.08892941129149838,-0.1606305967921859,-0.1100043595464809,-0.1470680838842655,2.1969056781102285,2.9741115364957924,1.155371919458197,1.9603978530368098,193.3,2,Nano1
7.463735678103691,7.125620808995223,6.970104774996976,8.426842210614808,0.1594224540260897,0.014022625691755861,-0.07739089104309746,-0.12195502475178019,1.1143557351057802,1.5079361007413152,0.7619936485487744,1.152856977238876,193.3,2,Nano1
3.1498479663923087,3.000474930166002,0.10370578322938383,0.08822503989932258,-0.05378432114839593,-0.1247413469243344,-0.1169824665460787,-0.1484110282229011,3.4277707562076247,3.4902138501613567,3.038747576407765,3.2090604260178037,195.6,2,Nano1
2.869116883918189,2.863361473377155,0.0038413674176192287,0.0106090958680043,0.010411334835536861,0.019517071111264068,-0.11308941737788203,-0.14192013058616246,4.378481009089255,5.352226406123521,2.518580126949956,3.6520539963994074,196.4,2,Nano1
1.673372300730989,2.2243849914691256,0.009260147528592479,0.05796204131373916,-0.12275402116910854,-0.1674109762460471,-0.10464223522047417,-0.14590419879078134,1.1354414142386047,1.6560896079406506,0.42813044757779645,0.8475363966220728,197.8,2,Nano1
1.1530150985461463,1.557484988708165,0.05087010656859437,0.11807048776559273,-0.12854381925626704,-0.18424502178666796,-0.11070217024644068,-0.14675473020525054,0.7684581036013117,1.1580220180103102,0.21854908307647378,0.44143843218018003,198.8,2,Nano1
1.922055921911088,2.3755535450903538,-0.028349990898186277,-0.030203119600358604,-0.14073286786081124,-0.1995593271048717,-0.10467896209941942,-0.14317354530222232,1.2316469328865531,1.7014439260283452,1.0407327468037624,1.4443930179418438,199.2,2,Nano1
2.0891612098672687,2.5164050111112655,0.04749750718263759,0.09525336136182812,-0.05977727004563017,-0.14847267501284858,-0.11779045788287423,-0.1494406188825217,1.972451827300057,2.7726584907077974,1.1144768790861852,1.9500204507431307,203.3,2,Nano1
2.0701713346274975,2.5620487901020734,0.08670911620198576,0.18308178782486675,-0.10162633692123192,-0.13000198615577843,-0.10919636820968537,-0.14836626341161321,1.4128623754132736,1.9960110803703357,0.8510022132872882,1.5523951755156975,203.4,2,Nano1
2.9676265693206565,3.1244029122458827,0.09955172788814437,0.17172710213515394,0.019248395073831408,-0.05506710288120905,-0.1075803855360943,-0.1469785542616898,3.6958821274978564,4.840715974932004,2.4742380109838007,4.054161915339142,204.2,2,Nano1
1.6518794485872328,2.224603535248832,0.1975550446485121,0.37232385544447244,-0.14449115784721236,-0.19453249406149184,-0.0999779215944272,-0.14541178586661496,0.7191522032301767,1.0763623392241433,0.5561379532058983,0.8704750532743987,206.1,2,Nano1
1.994590789050139,2.5201293613570988,0.026768359737244663,0.06175232429486039,-0.05987884545066803,-0.1080242044777456,-0.12208750271946868,-0.15127597614532365,1.8922665110638535,2.5800437654982886,1.1404650847115105,1.8871895490393904,209.4,2,Nano1
2.4970669113713693,2.7223825234847476,0.5457964958789524,0.7523812140390318,0.20960070411479667,0.13934274249415582,-0.09465252414736572,-0.1334595812527583,3.0393211932934605,3.857446491471083,5.267134335013351,7.535140007195358,210.4,2,Nano1
2.2199990642539236,2.205052972955911,4.922407408488351,7.230357359111614,-0.0010666859337422618,-0.11527219630773515,-0.10093282044700375,-0.1454565506779028,1.7601594562638891,2.34888671666029,0.9901867263907299,1.6137154427083324,210.5,2,Nano1
3.475604562369152,3.2837577516152883,0.23026565988197253,0.23112705930197913,0.00187900081235592,-0.10404949928065456,-0.10023500974704397,-0.14294972124578306,3.5441586949439827,4.137441791246351,2.4082653917115753,3.2899696820337923,211.1,2,Nano1
5.314263325267935,3.874358657286177,12.062369966759684,14.846536356898081,0.02412401451564909,-0.06395173802764785,-0.10776401993082055,-0.1428154268119195,3.050955169785526,4.010048648113164,2.2047340814798284,3.3582930537806273,213.5,2,Nano1
2.204438501295688,2.6008357580045867,0.11367705839563869,0.21777621178638795,-0.04017321687332157,-0.08078578356826874,-0.0964154143367378,-0.1410248343604054,1.714777313181693,2.347012049044739,0.9866440141998856,1.6876626440209666,215.0,2,Nano1
2.337433126435123,2.9558692341288,0.11123757911418061,0.19186382230848809,-0.10182948773130766,-0.09645079816856873,-0.11959007495119157,-0.14984350218411235,1.5755188554407469,2.067775041788121,1.1451055387079685,1.5411064665332537,215.3,2,Nano1
3.155087843275419,2.8213600907147907,0.010684248183943134,0.0007522050166023278,-0.06749700082850815,-0.16355317414298812,-0.09167764695280034,-0.1411143639829811,3.7542928790366945,4.327225557719567,2.5624939572874053,3.4733147358490184,218.6,2,Nano1
3.6370161626764532,4.017454750044492,0.2493059370555868,0.3724666308517215,0.0754195940597726,-0.0023438074727366717,-0.10486259649414567,-0.14236777869904096,2.218728416623296,2.316730901133319,1.4833597069014015,1.6237151863742356,218.8,2,Nano1
5.132458311270029,4.67752070669421,0.2756492286007736,0.23374820026902315,0.1642980734679074,-0.011462248807239655,-0.10677239419929875,-0.1382941808718464,3.6999769018325375,3.0968159042219936,2.557192363339839,2.0970938563514934,224.0,2,Nano1
6.5475057773998895,5.238176561549884,1.5671697117486028,1.692322903596144,0.18908247229714728,-0.021515914893999354,-0.0805494026323891,-0.1325195202157134,5.784771037065975,6.678901294863702,5.773218256078684,6.724988360883666,224.9,2,Nano1
4.026217375092452,4.08116026182897,0.3400010982867814,0.3494043617675858,0.00309790567281034,-0.0879168723042262,-0.10721311674664177,-0.1434868989812373,4.578546865700222,5.849624170995721,3.4953915350914793,4.513928454776115,225.6,2,Nano1
1.5181269126843477,1.8664831282362626,0.02912558049709403,0.04920425171059409,-0.05764418653983493,-0.11515529321370306,-0.11790063851971,-0.1494406188825217,0.9828074965679606,1.3863775972655186,0.6777253325163198,1.194177757099705,227.2,2,Nano1
3.2427575333759524,3.938901920226197,0.07383308699142362,0.10141694875401389,-0.01102107562745336,-0.07914914025181949,-0.10118990859962051,-0.14523272662146355,2.126256368692263,2.9939408858584877,1.8653239579001812,2.6614225758614882,230.3,2,Nano1
2.303701419000103,2.8109200722383894,0.023503724660899297,0.052094780238485405,-0.0356023236466175,-0.09563247651034411,-0.10578076846777697,-0.14576990435691778,1.896635876148037,2.5374698533123103,1.363934546299007,1.9069098973854486,231.3,2,Nano1
2.2044899643722187,2.666175795141453,0.08695589176681187,0.15419535967521295,-0.020366012890937247,-0.06395173802764785,-0.10497277713098142,-0.1444269600182822,2.2568579917515357,3.0668085841645305,1.3248441269256177,2.228338439473928,231.9,2,Nano1
3.8282248842949396,4.604354070446601,0.1701706686892151,0.2726962538163229,0.08821809509454401,0.06078386330459167,-0.1068825748361345,-0.1410248343604054,1.6702671161637055,2.2002571702686913,0.8579088388142746,1.3328934130759749,233.0,2,Nano1
2.4132054889340955,2.0352216911468206,1.7465087123283751,2.345999901618894,0.09431261939681611,-0.022918752022384428,-0.10930654884652112,-0.14057718624752688,0.7181501878635723,1.0466920380638578,0.5575683440435162,0.9101127892505725,236.8,2,Nano1
3.7220518789509236,3.122008036659931,3.1283233464145566,3.435844993285084,0.06333212086026627,-0.1236892190780456,-0.09145728567912884,-0.14227824907646527,1.8433243230012697,1.6476220081490598,1.7559198493869121,1.4958038511404355,238.9,2,Nano1
1.7474931663194815,2.3143658397679125,0.12364576298309327,0.2260706547848757,-0.023006973421921824,-0.11316794061515754,-0.1181209997933815,-0.1504702095421423,1.372071196967491,1.9954592119262071,0.840673460843559,1.4912391077264435,239.5,2,Nano1
1.8129869488968533,2.277359093070926,0.06264335747383985,0.1201824862426354,-0.08496797049502151,-0.14636841932027098,-0.10967381763597363,-0.14742620237456833,1.3774714817077003,1.9410685746579344,0.6657000700093694,1.191575196556116,240.5,2,Nano1
1.7324565910495568,2.082003718990267,0.05105518824221395,0.08992487540826892,-0.14388170541698514,-0.1693983288445926,-0.10791092744660155,-0.14532225624403924,1.6088816315052603,2.307749347523532,1.1572181215858202,1.782660208847045,240.8,2,Nano1
2.2182025350368573,2.836644496308022,0.03645430065666933,0.08392292055259153,-0.08253016077411267,-0.09867195695517844,-0.10427496643102165,-0.14362119341510085,1.7616191228796638,2.522228173687447,0.9120973661277527,1.5757114907957999,242.2,2,Nano1
0.9670368968877643,1.3246812273756958,-0.035509052856943626,-0.030728425344010803,-0.13463834355853913,-0.18027031658957693,-0.11275887546737477,-0.14939585407123385,0.7023564023856274,1.0320275033004114,0.3999426002283437,0.7218417533339162,244.0,2,Nano1
3.9392167049868156,3.935824095328662,0.17441726486726436,0.2585614884986661,0.28730588896876597,0.19709287094600805,-0.11330977865155355,-0.14268113237805594,5.727660978551095,6.455836912294184,3.539151515251627,4.550438192117881,245.1,2,Nano1
2.6053077966996128,2.9322164229709697,0.288026565524083,0.4468984139138249,0.3342337260962611,0.34848237771756396,-0.0794843231429768,-0.11407641796511812,0.7081300341975283,1.0612133397960037,0.3991400844386337,0.8008545062408541,246.4,2,Nano1
4.739514329651809,4.3701024565735755,2.7451785762340237,3.443064579915791,0.09410946858674038,-0.053313556470727705,-0.09685613688408082,-0.1360111754961659,1.8411974490380205,2.3732110555640937,1.081852325272377,1.5555642240009508,250.2,2,Nano1
1.7295653018408408,2.129509673103992,0.08055772113293501,0.15540760369902573,-0.08750735562096822,-0.1413415862768911,-0.10152045051012777,-0.14559084511176637,1.3591100318528315,1.9219975178138888,1.0159587101452525,1.5330278558869084,250.5,2,Nano1
1.474027734559174,1.845379994508343,-0.028843542027838488,-0.015949823755929026,-0.05439377357862314,-0.14975860904720156,-0.12113260386689213,-0.149037735580931,0.9196419894193215,1.2668412071727884,0.5498051472591191,0.8340966754553378,251.6,2,Nano1
3.749940187968976,4.467764208129968,0.8035407204458189,1.206450111100773,-0.08953886372172559,-0.14905719048300903,-0.12208750271946868,-0.14953014850509738,0.9552857956573311,1.3652717888297625,0.6473170528782394,1.039411609442942,251.6,2,Nano1
2.6768134023080528,3.03297876440195,0.686846725228674,1.0012441366253575,0.03458628123454953,-0.0321540964509195,-0.1144850387778016,-0.14769479124229543,2.359203263210721,2.9909919705081824,1.248858771790067,1.9972852490063517,251.9,2,Nano1
4.053923224111896,3.4606325173245067,0.1682478757466117,0.24561472232434584,0.6110267048244523,0.4506556819016102,-0.1100043595464809,-0.1374436494573772,6.791555611424891,6.980575335199928,5.252414615347167,5.890781501976657,252.4,2,Nano1
2.6572200055344237,2.795175814108692,0.10793695593463144,0.09452332107193198,0.12752777684419905,0.09655621007841106,-0.1053767727993792,-0.1376227087025286,3.423483286610135,4.540390010184489,2.329045024739784,3.878205834676061,256.7,2,Nano1
1.888188539092487,2.467646983259638,0.08298948867799226,0.15947535586781963,0.022397232630005325,-0.007604446704180701,-0.10177753866274454,-0.13811512162669498,1.3317593479879446,1.9067179235630929,0.9002592187013045,1.508512884962125,256.9,2,Nano1
3.527605661972516,3.27112774234641,5.962566414230389,6.7937878780025125,-0.029710950154421135,-0.08931970943261128,-0.09593796491044952,-0.14129342322813251,2.03841141575942,2.6830367404758064,1.6470562955506498,2.4357058660037945,257.5,2,Nano1
4.019644136681051,4.4177267885679745,1.9925310975660016,2.848256845564997,0.07684164973030276,0.0292200279159275,0.016556465298856175,0.013189940526246858,0.9662019822954347,1.4349841477109784,0.9872095175542926,1.656415497557562,260.1,2,Nano1
3.7276519973697475,3.697420149641211,0.2598298866639001,0.3809604206452362,0.32285728073201986,0.17628412020829612,-0.0997575603207557,-0.14187536577487458,3.7306395355269464,4.050280278963758,2.8158145113843753,3.417503358639816,260.6,2,Nano1
1.7331770741209844,2.1507585026850498,0.01777904567269369,0.05640767508765036,-0.06048829788089524,-0.08324074854294262,-0.112207972283196,-0.14814243935517396,1.5431725468875483,2.1160867006985504,1.0364166256135083,1.5726081220718988,260.9,2,Nano1
1.26113902233682,1.312652213501011,0.07292824325372789,0.12088289390083833,0.3356557817667913,0.21416072267469313,-0.09142055880018359,-0.13542923294942383,3.630365738142953,4.185551238818474,2.671153763591565,3.4782160880399413,261.3,2,Nano1
2.413004315089476,2.398291204170662,0.09586808846735469,0.160628334628246,-0.06069144869097098,-0.10101001883582023,-0.11558684514615915,-0.14115912879426895,4.322623469782631,5.380830885021482,2.3983025532030506,3.523937411911381,261.7,2,Nano1
1.7603402216061064,2.2762208442182876,0.04770058290785907,0.08993834478631128,-0.1497730789091815,-0.19909171472874335,-0.10890255317812335,-0.1444269600182822,1.4632521866377066,2.060617602959309,1.0763012445508076,1.9395116889267465,261.9,2,Nano1
2.84462045948965,3.293578562715854,0.24439870212586765,0.41045297080679644,-0.04108739551866239,-0.120299029351115,-0.09986774095759145,-0.14514319699888784,2.370668631347829,3.2571947719164513,1.3395139492370014,2.425147844366396,263.0,2,Nano1
1.9096860696977462,2.3918623746509593,-0.024113677035338118,-0.013676192742377984,-0.08293646239426415,-0.18447882797473214,-0.1102981745780429,-0.13713029577836222,1.548510205667345,2.2072629505937735,0.6407555507219572,1.1389821276531813,268.0,2,Nano1
4.645102976525774,5.152033888382194,3.3558709818146286,4.694800820148762,0.18664466257623843,0.0950364698559939,-0.08635224950573886,-0.13332528681889474,0.9607703845750191,1.3952411942612932,0.8030259066464879,1.310775753440554,268.1,2,Nano1
1.6547052393349098,1.920044566246025,-0.023368209183259256,-0.018102230367098793,-0.0436267806446091,-0.16752787934007918,-0.118194453551272,-0.1497987373728245,1.5944391215577602,2.210077058385208,1.22512842146947,1.7062992763047102,268.7,2,Nano1
1.1410382370990377,1.5141768963629714,0.01917486996124135,0.08607802103936976,-0.14875732485880283,-0.18319289394037916,-0.11881881049334128,-0.15015685586312733,0.7545744099159565,1.1158609539733746,0.312780237617453,0.5968285375697908,270.3,2,Nano1
1.8516170055252812,2.4357350384270617,0.04209672112326624,0.08382055327946955,-0.0990869517952852,-0.12392302526610978,-0.10247534936270432,-0.1446060192634336,1.170899751286161,1.5207933716686461,0.785541041901769,1.227658015449091,272.2,2,Nano1
0.9610110384721878,1.1444509040488988,-0.040495975729471195,-0.04049641830033317,-0.14296752677164434,-0.19079159505246499,-0.12208750271946868,-0.14997779661797592,0.8460396250988148,1.2076649015645915,0.8073461859496419,1.1835130058501089,273.7,2,Nano1
2.2630081608489503,3.1444133270752697,-0.010636132385512337,-0.006561667260401321,0.007567223494476547,-0.10603685187920008,-0.10442187394680265,-0.1485900874680525,0.8723666153800315,1.218045083597666,0.36486475980350475,0.6150054115240676,277.2,2,Nano1
1.8063716043319271,2.232940069845557,0.023647677073714526,0.06452701617158738,-0.11960518361293462,-0.1260272809586874,-0.12208750271946868,-0.15011209105183948,1.4358461028847622,2.056173166252777,0.8579753686206755,1.5100727792942445,281.3,2,Nano1
1.8213333242178071,2.245911553770227,-0.0017445003153716968,0.02525839142687938,-0.12488710467490377,-0.1737237433237799,-0.09127365128440257,-0.14142771766199608,1.2911102822984832,1.862821212205692,0.790655520768833,1.4387773983462135,282.7,2,Nano1
2.491354509876479,3.1839060092664186,0.4561964012166736,0.6943632150593532,-0.11848785415751807,-0.15665589159509485,-0.12208750271946868,-0.1494406188825217,0.9409757637030118,1.3240164630789921,0.8085270900132566,1.2671315520218838,282.7,2,Nano1
1.7313103679813766,2.1656285856959205,-0.038904787452102865,-0.03647446201688328,-0.10436887285725437,-0.1302357923438426,-0.10860873814656133,-0.1485900874680525,1.4351475825570812,2.0651757835436375,0.9209666209435637,1.7150428945347485,284.1,2,Nano1
0.8748945975905759,0.753257538374062,0.14686837186474996,0.22052127103142172,0.2716632765929342,0.1419146105628618,-0.10449532770469315,-0.14397931190540367,3.8418006152596225,4.457778253013795,2.6981232838613023,3.5113679475825657,286.6,2,Nano1
4.329072902013204,4.8581380346309055,3.352786287254302,4.103010226479457,0.027882304502050214,-0.09154086821922097,-0.09454234351052997,-0.1361902347413173,1.3961556961277732,1.9800279591716812,0.734071920424925,1.3328441532549606,287.6,2,Nano1
2.338003898738462,2.7213262285494992,0.037968371570029504,0.061404814341367395,-0.05530795222396396,-0.08920280633857919,-0.12021443189326085,-0.14465078407472146,2.144059002284987,2.8380654331775674,1.594876136767897,2.4543999680787216,289.0,2,Nano1
2.2330192226161514,3.1988671521855006,0.19118257980263795,0.30812879969456564,0.043423341472844074,-0.04489653370041726,-0.10489932337309092,-0.14675473020525054,1.0375811250212879,1.507409508714475,0.5848954620226582,1.0951983567416372,293.6,2,Nano1
5.823279936770047,5.161413058927936,0.5390538676858391,0.4551578365294025,0.8266712897198468,0.5873153988251228,-0.09597469178939477,-0.13713029577836222,5.5325811118653,4.835702818836485,3.8848819704393533,3.6930053276026293,294.4,2,Nano1
1.7326998710477013,2.1343586132162327,0.20386067444557915,0.35539554112082933,-0.03682122850707192,-0.10977775088822694,-0.10137354299434677,-0.14362119341510085,1.7825000632957542,2.633912023475936,0.9258149805850244,1.6498967812433363,294.6,2,Nano1
1.8242480057340371,2.435093066074174,0.08439559528174101,0.17603460923310194,-0.14652266594796973,-0.1505769307054262,-0.10478914273625517,-0.14626231728108416,1.106587707323811,1.661789440039169,0.6673716313951903,1.0598544351638768,299.0,2,Nano1
1.6101522504439667,1.989131718605778,-0.008813592016119531,0.025385003580477603,-0.07613091025672697,-0.16448839889524483,-0.1214631457773994,-0.14832149860032537,1.2709399056639994,1.774775025318007,0.7588210084060346,1.118777391067149,299.2,2,Nano1
1.8748923515015956,2.427389397839516,0.07337809454377547,0.15143413717652834,-0.13494306977365272,-0.15455163590251722,-0.10199789993641604,-0.1459489636020692,1.2235320536315284,1.7723358510496832,0.7421386594510259,1.2662202453331193,299.6,2,Nano1
5.75885752187681,4.701014163012672,12.935955466244101,15.32645029654751,0.03316422556401937,-0.03764854187042771,-0.12208750271946868,-0.14653090614881126,2.8571037354001354,3.62302878480289,2.162911781931105,3.0746960542311306,299.7,2,Nano1
1.5466842416972972,2.158120696263916,-0.0403031823194508,-0.02839014131585641,-0.12173826711872986,-0.19137611052262543,-0.11393413559362282,-0.14912726520350672,0.6215665047623622,1.0226120378605084,0.8003522400517544,1.5310738829866746,300.5,2,Nano1
1.8586534116254574,2.419835978453406,0.09463421064322415,0.161916007169096,-0.17120548937217173,-0.18518024653892468,-0.11959007495119157,-0.14666520058267482,1.1165910001543593,1.5633799220632685,0.6142642134357257,1.0857568910472297,301.5,2,Nano1
3.3260856112019095,3.274078083372449,0.19291257933522096,0.2701936433760517,0.6526726208899783,0.47719268424689454,-0.09942701841024842,-0.13462346634624248,4.674774062565236,5.994163150522825,3.2603833102063384,4.923696275883573,302.9,2,Nano1
2.3562031139842636,2.97261970424423,0.036485147602272595,0.07130211332689645,-0.1405297170507355,-0.19137611052262543,-0.10078591293122274,-0.14478507850858502,1.6137110565293993,2.2334914462666315,1.185418443273973,2.109926039725719,304.4,2,Nano1
2.8804621530624224,2.7260203668177807,2.7066970115939526,3.72788804799962,-0.10223578935145913,-0.1393542336783456,-0.10034519038387972,-0.1467099653939627,1.9113361160095437,2.6441068451155623,1.4255952024938785,2.4724865323611387,308.1,2,Nano1
8.803038852503596,5.482854534913079,16.322898681906402,16.20379170471493,0.7248927338719028,0.1573458189750976,-0.05351841972868391,-0.1057949278768654,0.7478782495333597,0.8921899373889369,0.7080753985737996,0.8040728145471218,311.2,2,Nano1
1.7708106184493209,2.184600917571701,0.1419354311470281,0.2654200957978379,-0.058964666805327214,-0.15794182562944784,-0.12208750271946868,-0.1502911502969909,1.0929737870063878,1.4956938893013338,0.8308021008188354,1.3710040946007054,313.3,2,Nano1
7.791976537138509,4.9386805234436135,1.8545012983065996,2.2804552141891423,0.2191487921883563,0.02395938868448347,-0.08389154861640699,-0.12083590446958387,10.808071582498235,10.830552834472007,15.369269625689766,14.119207683966753,29.4,3,Nano2
5.2040855568775415,4.896246606217246,0.4247967811713519,0.33386339338230625,0.12783250305931265,-0.04209085944364711,-0.08954748797397574,-0.1320718721028349,13.048539403173121,11.906317154263359,13.86083100893789,13.952052691324893,51.8,3,Nano2
2.16440958467793,1.5893422975958145,0.16315041798567245,0.17991109623369428,0.4641486691396947,0.22059039284645804,-0.08642570326362936,-0.1314899295560928,10.374194111376957,10.021075570813219,6.71665249197149,7.488917875143606,54.9,3,Nano2
3.6447169103100236,3.2863666179855358,0.20898897915212167,0.2737091510451087,0.5640988676969572,0.35876984999238787,-0.09490961229998249,-0.13404152379950038,8.616259315682504,9.544741487014628,6.637856252515504,8.127735653997393,64.3,3,Nano2
3.850910744121904,3.0555434096566576,0.3256341333720615,0.42398700186376376,0.27156170118789635,0.16015149323186775,-0.08334064543222822,-0.1299679259723058,8.760250850816185,9.779264512088188,6.278553716822008,7.7863733043384595,72.6,3,Nano2
3.839485941132123,3.4212354480369793,0.06592855718058739,0.0820641463827453,0.1967006276749874,0.0661614056300678,-0.08543407753210756,-0.12620768182412617,7.26404439583143,8.725996203683453,5.15677801864597,7.610556793168252,74.6,3,Nano2
4.224181795120948,3.357593678188249,0.5677672328848766,0.7044948812228193,0.5686697609236612,0.3217115691842155,-0.06853971321729183,-0.12088066928087172,12.847148766630346,13.619468463342114,11.917037971550565,13.07769086832106,101.6,3,Nano2
13.576239200711589,10.772069303354161,0.8010138414851516,0.7737948312507821,1.1192084562289077,0.9467924129737981,-0.014404293651990937,-0.047466378768793435,6.795939428653785,7.686545670063003,3.1231614263917216,4.340328635551551,102.0,3,Nano2
8.216921195435722,6.4520961979119065,1.494990429615767,1.4430639812953727,0.8464784937022312,0.4674897274422311,-0.05755837641266159,-0.11264394400390684,20.529740286451855,19.042018264207684,16.07735467143963,15.793549000242825,117.8,3,Nano2
3.0491581179295473,3.4359780471763544,0.8827916648582029,0.9313515339635308,0.6705498921766432,0.4588388984838565,-0.06659318863319348,-0.1121067662684526,9.953564439573766,10.771532400103755,8.894006730954736,10.272672460363413,128.7,3,Nano2
7.05717737351239,5.73932476638961,1.0172637830580287,0.902351963038321,0.645156040917176,0.3186720887393812,-0.05249006711821686,-0.11644895296337432,17.543614059431473,16.762801589956766,14.183334245465925,14.015023162521507,133.7,3,Nano2
5.361047940295702,5.140332690177069,3.0676576867281384,3.359042599687524,0.5497767355866177,0.2734305913489625,-0.056199481891687275,-0.11255441438133114,7.307424916871202,7.103165959048332,10.800834144660598,9.760041923007927,143.7,3,Nano2
5.797361260044664,5.447432230618966,0.5388379390666163,0.6668075614602849,0.0795841856663252,-0.059626323548460536,-0.07412219881697006,-0.12925168899170017,14.789059364491253,14.131400168155105,13.556831374815086,12.728931335539814,172.4,3,Nano2
11.963807443779578,10.937343036757287,7.448849370759622,8.258124781256157,0.27897670575566075,0.20808176178502447,-0.10816801559921832,-0.12576003371124767,12.5369575673243,14.945427186925793,12.827914183435965,17.48045157087754,183.4,3,Nano2
2.9156067558712815,2.671493693780981,0.20908409056773175,0.24814157764509334,0.17161150263063393,-0.004331160071282193,-0.07680326097997343,-0.1281773335207917,8.93639840793104,9.713335190327793,8.079640319479546,9.799203480714295,189.3,3,Nano2
6.1188183499004545,3.935846860305715,1.1960860972989462,1.3389672400327668,0.25439545773649663,0.003384444134835715,-0.06743790684893428,-0.1285354520110945,7.144404724535177,7.3298954221246575,11.252155718832245,10.589823607993818,191.3,3,Nano2
11.162480557583972,9.927488654696315,1.6178358199019627,1.8297913758965108,6.1601926574482375,4.805997353161137,0.1146906858405685,0.02644032466745123,4.199732065926485,4.997261252671065,3.8002768472619946,4.589517650122559,237.4,3,Nano2
5.316087925254018,4.536651028691656,0.35198513665364917,0.45660714160676086,0.28303972195717547,0.13548494039109688,-0.09189800822647184,-0.12226837843079515,10.865422510091626,12.99783710749777,11.23173938449299,15.622124823113058,246.1,3,Nano2
3.0910209914563938,2.1716157746607996,0.3802743563506419,0.377808586183323,0.3035579537748249,0.1374722929896424,-0.06541792850694543,-0.12029872673412964,12.604810386740757,12.369970902055638,12.701008577726377,14.296132541109781,249.8,3,Nano2
7.741776645213714,3.840598196316916,35.707453474241085,20.71802681685714,1.9432897173011334,0.44820071692693636,0.1309974200922602,-0.07172890648680955,36.919411777724314,20.640541020883862,46.23818501083806,27.138906776853116,255.0,3,Nano2
5.022093404419525,4.566336558768471,4.256807439733938,4.518540539086386,0.6245362336944889,0.4969493071383177,-0.09696631752091657,-0.13439964228980322,7.30217397095967,8.319888432584273,5.278194915327489,6.788681309455157,266.8,3,Nano2
5.080433819359151,6.054073339121238,0.34872307215610404,0.5255649694324476,4.846416368688448,5.006836868708267,0.06940644410107326,0.04770361002918122,3.217781093562019,4.339063346482935,2.169352698813286,3.554265041715852,310.3,3,Nano2
-0.2445442784863345,-0.2751366409986886,-0.112382211879076,-0.14086214184520424,-0.1828866609515266,-0.23439644912643437,-0.11742318909342173,-0.14997779661797592,-0.1377853086964637,-0.11547971422765199,-0.07298452857197443,0.005661425577171358,17.3,4,PEuk1
-0.20094569574195784,-0.14515317502277014,-0.09783787702713737,-0.10912020555056925,-0.21234352841250842,-0.252165719419312,-0.1087189187833971,-0.147829085676159,-0.14079376348706202,-0.13386830780491252,-0.11786719921513608,-0.08087166000461639,18.0,4,PEuk1
-0.2625469983490195,-0.2588414704243143,-0.10800708676101316,-0.1349248400041302,-0.21234352841250842,-0.22995413155321498,-0.11162034222007197,-0.14729190794070476,-0.15496650006663007,-0.16390090427966406,-0.11573408729740939,-0.07422979413785488,18.2,4,PEuk1
0.08996571896220418,0.3961615553288673,-0.06290371113144169,-0.04963673823988138,-0.2081789368059558,-0.24433321211916198,-0.1168355590302977,-0.1496196781276731,-0.04880827109462065,0.033655360509713454,-0.0646641446589703,0.009167082839355738,18.4,4,PEuk1
-0.14011166082135157,0.045234881064973954,-0.10783999913899547,-0.12873161998025123,-0.20909311545129664,-0.25134739776108733,-0.11694573966713345,-0.1508283280324451,-0.15469431800791303,-0.16686667057482818,-0.10704363133630064,-0.07893410704472056,18.5,4,PEuk1
-0.22472631556057213,-0.2482512030993647,-0.10791968708180391,-0.13033716984290103,-0.1919268719998969,-0.23603309244288362,-0.11635810960400943,-0.14854532265676465,-0.13895111503645535,-0.12946178572431355,-0.09125111854190301,-0.03923069130719443,19.0,4,PEuk1
-0.2337557462609313,-0.21478213383637906,-0.10788112839979982,-0.13262157635888594,-0.16724404857569486,-0.21803001596194185,-0.11841481482494352,-0.15158932982433862,-0.12384862381383609,-0.09893208637622487,-0.1060581585789883,-0.020635108874296017,19.0,4,PEuk1
-0.28452641048906474,-0.32616206056477215,-0.10205105568078307,-0.11975562645281987,-0.16094637346334703,-0.21113273341404856,-0.11779045788287423,-0.1513207409566115,-0.1702929995322643,-0.2004253272613018,-0.11032854052734174,-0.10978717494001074,19.2,4,PEuk1
-0.2280386663045381,-0.2504411938918414,-0.04917939091678981,-0.022975451342826084,-0.19822454711224471,-0.24503463068335452,-0.11239160667792225,-0.15006732624055164,-0.13866207214224255,-0.14418108605855143,-0.07896389492224926,-0.05843381153260254,20.4,4,PEuk1
-0.05850525682841646,0.049428189838094584,-0.08116253234977329,-0.08603638546156583,-0.17577638259887582,-0.24176134405045602,-0.11613774833033792,-0.15015685586312733,-0.05562486601647273,-0.013653667181612046,0.07226251313974316,0.2098105438007704,20.4,4,PEuk1
0.5175116018549616,0.8928250596891976,-0.0018473234673825746,0.048872905010751935,-0.1598290440079305,-0.20821015606324633,-0.11962680183013683,-0.14908250039221888,0.08815229563733379,0.2297919331947297,0.3606900144518525,0.633921182793559,20.8,4,PEuk1
-0.15743132530463114,-0.1035342439748921,-0.10865744319748195,-0.1323791275541234,-0.19141899497470755,-0.24152753786239184,-0.11970025558802733,-0.1510521520888844,-0.14631207407574157,-0.16650016252414737,-0.052609775361719464,-0.04281023830090026,20.8,4,PEuk1
-0.24367408464681803,-0.23513857631696794,-0.09594850160893749,-0.11134534680316778,-0.1821756331162615,-0.23159077486966423,-0.1170559203039692,-0.15055973916471801,-0.12847331012124102,-0.13116373115506116,-0.09717642942447716,-0.05211213450243399,20.9,4,PEuk1
-0.30899944261009,-0.29753282542320586,-0.10171173927914717,-0.11824974998768356,-0.1937552292905785,-0.2497107544446381,-0.1144115850199111,-0.1477395560535833,-0.17009307819710043,-0.19203355672157604,-0.15981008403796096,-0.17404661145316563,21.1,4,PEuk1
-0.28333340280585667,-0.3350950375602799,-0.1036705203249544,-0.12605660150103773,-0.19111426875959392,-0.24456701830722616,-0.12208750271946868,-0.15230556680494425,-0.16700754530137868,-0.20446112855500526,-0.1325245471878195,-0.1537926150461191,21.1,4,PEuk1
-0.026630898609998357,0.009771599812165487,-0.061567010155300285,-0.06147362766351085,-0.2110230481470161,-0.2463205647177075,-0.12208750271946868,-0.149037735580931,-0.0009692634116156546,0.08663051840983974,0.14405649047204158,0.23165727442061265,21.2,4,PEuk1
-0.09054336119943174,-0.017045543156000115,-0.06603210553137265,-0.05334081720153148,-0.19141899497470755,-0.23264290271595303,-0.11889226425123178,-0.1512312113340358,-0.060976976940979914,-0.025866389468090462,0.11610149744499176,0.20261860993268255,21.6,4,PEuk1
-0.2891721227613221,-0.3370801435592817,-0.09352701637908131,-0.10457563739907565,-0.19040324092432886,-0.23463025531449855,-0.11382395495678707,-0.1452774914327514,-0.16535759211358056,-0.19504987585131683,-0.12938933006118028,-0.15911267571566357,21.7,4,PEuk1
-0.07399564286411033,-0.02158487958032288,-0.06180864456252585,-0.05205853241189842,-0.12214456873888133,-0.14777125644865605,-0.10754365865714904,-0.14738143756328048,-0.027004802107834427,0.03483913938605027,0.05592944566833878,0.22798741775504727,21.8,4,PEuk1
-0.22631231401001345,-0.20775686191789358,-0.04051911093867364,-0.006109096158177891,-0.20157653547849436,-0.25204881632527987,-0.11496248820408987,-0.1519026835033536,-0.12855279691714955,-0.1368256486276472,-0.09313474368562659,-0.03957551005429453,22.1,4,PEuk1
-0.26296338142276665,-0.2617599404824797,-0.10580667130798037,-0.13241145406142507,-0.19162214578478326,-0.23708522028917245,-0.10677239419929875,-0.14599372841335703,-0.16729177081402127,-0.19766598504065905,-0.13167213404330882,-0.16172344622942147,22.6,4,PEuk1
-0.1856330912433695,-0.17485691708122728,-0.10997100896442091,-0.13998393839684212,-0.2011702338583429,-0.23673451100707615,-0.11628465584611893,-0.1514102705791872,-0.12140621135773785,-0.13216636237416493,-0.035016799681599306,-0.012942366825896102,22.7,4,PEuk1
-0.19251510811395411,-0.21399446563035315,-0.09413624355474577,-0.10811269607300042,-0.1741511761182699,-0.22890200370692618,-0.1181209997933815,-0.14921679482608244,-0.1163864997615754,-0.12034963729187037,-0.08131322871077865,-0.01749069029954984,22.9,4,PEuk1
0.42919160560554187,0.7237085981595637,-0.06980057405257131,-0.05919730277435134,-0.19162214578478326,-0.23895566979368588,-0.11415449686729433,-0.15055973916471801,-0.014655444452592162,0.037514226882398596,0.1191493942007299,0.31355993682705613,23.0,4,PEuk1
-0.22681758785231335,-0.23739230904519237,-0.10357026775174379,-0.1287343138558597,-0.1950757095560708,-0.23907257288771797,-0.1190391717670128,-0.15212650755979285,-0.13860426356339997,-0.15053810500656659,-0.08090573364657355,-0.0645420293383758,23.0,4,PEuk1
-0.275174165945014,-0.2824123276647546,-0.10512289734710804,-0.13179186267147633,-0.1796362479903148,-0.23042174392934334,-0.11125307343061945,-0.14899297076964316,-0.1508644996595933,-0.16699726539748455,-0.1297427696576847,-0.1233582556294505,23.1,4,PEuk1
-0.2936540888809822,-0.3058921249969838,-0.07755858087179203,-0.06511574748616608,-0.19020009011425312,-0.24281347189674482,-0.11962680183013683,-0.1530218037855499,-0.17671697785614396,-0.2159408347401221,-0.16710757217755226,-0.19113976934512789,23.4,4,PEuk1
-0.28480243971772856,-0.3063155535701654,-0.09861419182481948,-0.11272461111470586,-0.17760473988955744,-0.24561914615351496,-0.11775373100392898,-0.14814243935517396,-0.1581869196463178,-0.18407991074818134,-0.15697425104012547,-0.17713356023672847,24.0,4,PEuk1
-0.03558079546481031,0.03194924045697612,-0.0756280761927878,-0.07988626744742244,-0.17476062854849714,-0.22340755828741796,-0.11914935240384855,-0.14930632444865813,-0.05038355486808046,-0.013084947792624606,0.03947579292283288,0.11120059210031001,24.4,4,PEuk1
-0.16548763601241273,-0.17804856686402593,-0.10469361068746262,-0.13109414888888188,-0.18278508554648873,-0.24035850692207095,-0.11147343470429096,-0.1496196781276731,-0.07373340333890521,-0.053455598938303345,-0.013664889939832113,0.0390842141353742,24.9,4,PEuk1
-0.2786081566880521,-0.3097894890684184,-0.10951858709557305,-0.13660581838381722,-0.184105565811981,-0.23696831719514036,-0.10625821789406523,-0.14474031369729717,-0.15695848734591336,-0.18932055459929523,-0.15107388883495163,-0.12706916214586114,25.0,4,PEuk1
-0.34265161619956325,-0.3949350562411968,-0.11507617846176099,-0.14481405736283384,-0.2043190714145168,-0.2578939710268844,-0.1168355590302977,-0.15015685586312733,-0.19307198828701874,-0.21846847646895515,-0.14304457282495114,-0.13306244036926768,25.2,4,PEuk1
-0.3442797208025296,-0.4030894710214998,-0.11546433586060205,-0.14448271066299168,-0.19284105064523768,-0.24503463068335452,-0.1168355590302977,-0.14854532265676465,-0.18802818978300523,-0.21585236727961293,-0.16137769260128057,-0.2050802986921749,25.2,4,PEuk1
-0.32348863788418963,-0.3947757014018274,-0.11561857058861837,-0.1458889137306145,-0.19913872575758554,-0.23205838724579259,-0.10996763266753565,-0.14814243935517396,-0.15583603744005362,-0.22270648910096527,-0.17834279323349286,-0.2664990855268385,25.3,4,PEuk1
0.13483684323533612,0.28554197883403687,-0.10110251210348273,-0.12118068664970197,-0.1582038375273246,-0.2341626429383702,-0.11775373100392898,-0.15006732624055164,-0.07606742470967365,-0.07268252702229351,0.03265232965384749,0.10329439082751479,25.7,4,PEuk1
0.023372497931679708,0.13166894593893927,-0.10560873674035944,-0.12683782542749486,-0.20269386493391092,-0.2452684368714187,-0.11580720641983065,-0.14684425982782623,0.0015044620246889692,0.04409873358600873,-0.040068906855162525,-0.011160803299212237,25.8,4,PEuk1
-0.19294552657220956,-0.1838672949987145,-0.08940380798344512,-0.1029646997852089,-0.17059603694194453,-0.23065555011740752,-0.1156970257829949,-0.15006732624055164,-0.11070198950872348,-0.11248445877898482,-0.025124649092375516,0.020521471583151984,25.9,4,PEuk1
-0.3464318130938069,-0.4099736000822581,-0.11467002701131802,-0.13902222480461732,-0.1889811852537987,-0.23556548006675526,-0.1148523075672541,-0.14984350218411235,-0.19496040186254243,-0.20695928113033527,-0.03997742837136138,0.22724031046966373,26.4,4,PEuk1
-0.19251510811395411,-0.1974944102625039,-0.07775908601821324,-0.08321050994827787,-0.16754877479080849,-0.22025117474855155,-0.11657847087768093,-0.150873092843733,-0.11631183034723709,-0.11052132370292447,-0.06278051951524674,-0.023081679984672938,27.1,4,PEuk1
-0.0703745136609611,0.08310214389455516,-0.08944493724424947,-0.10378094409457617,-0.18684810174800345,-0.2386049605115896,-0.10989417890964515,-0.14608325803593275,-0.04763523868227367,-0.017339811369493596,0.0008261335168492259,0.15006659088059304,27.5,4,PEuk1
-0.3430679992733104,-0.405529876561557,-0.113289626195572,-0.14065201954774337,-0.1962946144165252,-0.24830791731625304,-0.11290578298315578,-0.14765002643100758,-0.19118357471149505,-0.22309406083271965,-0.15837137697454295,-0.19949751897722084,27.8,4,PEuk1
-0.08355373971428326,-0.05470792119210637,-0.08749386793484307,-0.10302665892420378,-0.21234352841250842,-0.2388387666996538,-0.11694573966713345,-0.14921679482608244,-0.09024256998002682,-0.0897441086919167,-0.04568235927023277,0.008157256508562579,28.2,4,PEuk1
-0.20982073721272537,-0.20087273285713528,-0.10492753335828738,-0.13465275856767445,-0.208788389236183,-0.23848805741755752,-0.12208750271946868,-0.15221603718236856,-0.12241063541512735,-0.13398205168271002,-0.11276935279967229,-0.06880300385611278,28.3,4,PEuk1
-0.1080875918348446,-0.09672751583611322,-0.11277808101431788,-0.14079210107938395,-0.1867465263429656,-0.22831748823676573,-0.12208750271946868,-0.15364851114357983,-0.1398158350283087,-0.17864126829497554,-0.08637781022304203,-0.11050965231488714,28.4,4,PEuk1
-0.20262994188295747,-0.20928666837583987,-0.0974394373130952,-0.12028362607208053,-0.21234352841250842,-0.2506459791968948,-0.11198761100952448,-0.14769479124229543,-0.12923927379090497,-0.1426855647023252,-0.11224127246136568,-0.06302318485710154,28.6,4,PEuk1
-0.13719697930512165,-0.07249192126573198,-0.1038993018381786,-0.12847839567305477,-0.19588831279637375,-0.23720212338320454,-0.10798438120449205,-0.1485900874680525,-0.14526188489343503,-0.17566286379116722,-0.12139743706728026,-0.12624816512895612,28.7,4,PEuk1
-0.1995047295991026,-0.19568231808910322,-0.057803682791702164,-0.045795271622199166,-0.2075694843757286,-0.24643746781173959,-0.12113260386689213,-0.15400662963388265,-0.12278879986838911,-0.1304222895812701,-0.12442870137141819,-0.0816762370811833,28.8,4,PEuk1
-0.20688266338898156,-0.2506051017266213,-0.09384319757151477,-0.1111055918740137,-0.1919268719998969,-0.235214770784659,-0.10813128872027307,-0.14899297076964316,-0.1117425439278896,-0.12225379406092461,-0.025648571317782073,-0.03166930878149931,29.3,4,PEuk1
-0.19222504350078196,-0.16630639170020603,-0.05083998482176548,-0.036803114841116966,-0.18857488363364722,-0.24176134405045602,-0.11970025558802733,-0.15069403359858155,-0.08700288087405826,-0.07667620095384975,0.020635383372697116,0.07098815821230277,29.4,4,PEuk1
-0.13029624858852593,-0.0860780595708264,-0.045783656321630575,-0.03303168898925504,-0.21234352841250842,-0.2476064987520605,-0.12208750271946868,-0.15163409463562647,-0.05617886489704728,-0.03753566878286977,0.007608015656834093,0.06104588433758314,29.5,4,PEuk1
-0.27516480902200846,-0.32353042921747166,-0.10954429288357577,-0.13695063446170175,-0.1919268719998969,-0.226096329450156,-0.11393413559362282,-0.15145503539047506,-0.1742697480184755,-0.21637474657023845,-0.1586873935549469,-0.1789890134949338,29.7,4,PEuk1
-0.14817264999063592,-0.09613107343733059,-0.09478402941241429,-0.11982566721864016,-0.1934505030754649,-0.23603309244288362,-0.11639483648295468,-0.14921679482608244,-0.14588814449756277,-0.1800314712458337,-0.09915569116490193,-0.12089526457873548,29.8,4,PEuk1
-0.26592484755402435,-0.32023406054023024,-0.10187111516476403,-0.1258626424572277,-0.19964660278277488,-0.24211205333255229,-0.12135296514056365,-0.15078356322115727,-0.1573318344176049,-0.19457383665905326,-0.1312147416243031,-0.17932562227186483,30.2,4,PEuk1
0.05947150688710522,0.15308168335477676,-0.08950148997785545,-0.10454600476738243,-0.21234352841250842,-0.2409430223922314,-0.10361388261000712,-0.14760526161971974,-0.09000410959230126,-0.10616114172068744,0.04546763361180786,0.039543972464841,30.5,4,PEuk1
-0.2322258893495233,-0.21319313843809556,-0.10868314898548467,-0.1338742285168258,-0.19172372118982114,-0.23159077486966423,-0.11393413559362282,-0.1502911502969909,-0.12098709916112928,-0.12274247146183233,-0.10820790294831521,-0.012260939301864946,30.9,4,PEuk1
-0.26257974757953895,-0.2880170650151471,-0.0703789542826325,-0.0662821956246348,-0.19080954254448032,-0.24246276261464855,-0.11870862985650553,-0.15069403359858155,-0.14782473188878859,-0.18017470427713425,-0.09395805003983689,-0.11526322504276713,31.5,4,PEuk1
-0.26531664755866335,-0.28572690832363823,-0.0905605684435675,-0.09903702914805557,-0.1967009160366767,-0.22738226348450902,-0.11048180897276917,-0.14518796181017568,-0.14095273707887906,-0.1617271323928676,-0.08424054019241528,-0.1113388593019612,31.7,4,PEuk1
-0.17343634210563047,-0.20112314760471578,-0.10632335764683504,-0.13645765522535122,-0.15180458700993887,-0.22352446138145005,-0.10699275547297027,-0.14926155963737028,-0.1346877323468164,-0.15092146400210626,-0.08490999636932366,-0.08791581440966134,31.8,4,PEuk1
-0.0014186695715343708,0.13224262336066914,-0.10008456289857504,-0.11285391714391255,-0.1530234918703933,-0.21440602004694706,-0.11566029890404965,-0.14970920775024882,-0.04461714912853492,-0.027968544839236626,-0.10241149356564266,-0.10089577724692951,31.9,4,PEuk1
-0.20471185725169314,-0.18496001389724753,-0.10082488959305336,-0.12074158492552091,-0.20452222222459254,-0.24339798736690527,-0.11268542170948427,-0.14796338011002255,-0.11465946846865387,-0.12116690811752638,-0.07929654395425341,-0.044838100932655625,32.0,4,PEuk1
-0.28615451509203105,-0.31088220796695143,-0.10457022290504957,-0.12862386495591233,-0.20249071412383518,-0.24503463068335452,-0.11499921508303512,-0.15078356322115727,-0.14438512144765617,-0.16423371044062707,-0.1408823541169241,-0.12233200935831924,32.2,4,PEuk1
-0.21226289411717483,-0.23770646572852064,-0.02763794057051095,0.0033302439739107967,-0.18948906227898804,-0.2319414841517605,-0.11077562400433118,-0.14809767454388612,-0.11243624687400035,-0.11315007110091085,-0.08024043558256523,-0.028467420415569787,32.3,4,PEuk1
-0.17976162205738466,-0.1802203456748604,-0.05715846751283391,-0.053071429640684196,-0.1889811852537987,-0.23696831719514036,-0.10710293610980602,-0.1471576135068412,-0.10093715706590076,-0.10107215637330354,-0.0196733630804073,0.004413510111475747,32.5,4,PEuk1
-0.17411939748503588,-0.20377754392906902,-0.10219757867239856,-0.11799113792927018,-0.1898953638991395,-0.24105992548626348,-0.1097839982728094,-0.14679949501653838,-0.12894300482433685,-0.14502784603771052,-0.10570471898248388,-0.03354939195021178,32.7,4,PEuk1
-0.22147478481614227,-0.2474225579346438,-0.10521029702631729,-0.13303912707819923,-0.18684810174800345,-0.24222895642658437,-0.1155501182672139,-0.1513207409566115,-0.13027019344693067,-0.14806944158473961,-0.08829885838286607,-0.07061740726347285,33.5,4,PEuk1
-0.18822963737741058,-0.21047955317340514,-0.07775137428181242,-0.07754798341926805,-0.18857488363364722,-0.23275980580998512,-0.11338323240944405,-0.14953014850509738,-0.12958130788239014,-0.1466918768425256,-0.12963465872228333,-0.07722643324955815,33.7,4,PEuk1
-0.15701026376938124,-0.13145321183241188,-0.07025556650021944,-0.07072439650300645,-0.19080954254448032,-0.24561914615351496,-0.11914935240384855,-0.1508283280324451,-0.03645650474859328,0.0045579914746301745,0.05799186966676459,0.16216808690977286,33.8,4,PEuk1
0.2632606114865583,0.5033436202887291,-0.0874373152012371,-0.10760355358299907,-0.1815661806860343,-0.22843439133079782,-0.1213896920195089,-0.15243986123880782,0.007005911777872767,0.0581987616966825,0.10919903003090538,0.2675266340891924,34.0,4,PEuk1
-0.24987772459950003,-0.2581539681173206,-0.08926756730703071,-0.10284347538282763,-0.20299859114902452,-0.2498276575386702,-0.1166886515145167,-0.15279797972911063,-0.13961591369314483,-0.1520504773076517,-0.1330609437519262,-0.1253122285296844,34.1,4,PEuk1
-0.15587807608570928,-0.1446978754817147,-0.0977787537147311,-0.12092476846689705,-0.20482694843970617,-0.24667127399980376,-0.11048180897276917,-0.1494406188825217,-0.09561635912159996,-0.0939062920720618,-0.03511659439120055,0.017270323396208157,34.1,4,PEuk1
-0.2563667507038514,-0.28270371937103006,-0.10515888545031185,-0.13271316812957404,-0.1870512525580792,-0.24550224305948287,-0.12208750271946868,-0.15405139444517052,-0.14248225572742185,-0.16581348652114772,-0.0964529177798681,-0.09716845079018077,34.2,4,PEuk1
-0.2585422353026426,-0.29274762724671316,-0.10777830524778895,-0.13296908631237894,-0.16480623885478604,-0.21522434170517168,-0.1166886515145167,-0.14930632444865813,-0.14431767810567317,-0.17049804919191833,-0.11774661394103457,-0.12177373138682383,34.6,4,PEuk1
-0.18723312507731915,-0.16256838246814084,-0.09010557599591937,-0.11059914325962082,-0.14703054297315907,-0.2318245810577284,-0.12208750271946868,-0.1530218037855499,-0.10773689115225708,-0.11951130278514073,-0.02944908650842963,-0.03682517004766276,35.5,4,PEuk1
-0.14427081309732012,-0.1328600874142732,-0.06282402318863327,-0.05059575795649769,-0.18369926419182955,-0.23229219343385676,-0.10926982196757587,-0.14482984331987286,-0.0794805395521699,-0.05516596984148039,-0.052401869716716856,0.0741243668168799,35.6,4,PEuk1
-0.15748746684266446,-0.1762410276860358,-0.08095174488815099,-0.09321825783375431,-0.17821419231978464,-0.228668197518862,-0.12208750271946868,-0.1489482059583553,-0.06718658178498509,-0.056973233677596026,0.02739647494818172,0.10604473083414657,36.1,4,PEuk1
-0.15505466686122055,-0.1419524192491504,-0.08980224769748728,-0.11083620431316643,-0.15891486536258967,-0.2308893563054717,-0.11338323240944405,-0.14921679482608244,-0.09363159791467202,-0.09786205137768554,-0.005876744478034652,0.01630154691626025,36.2,4,PEuk1
-0.20007550190244136,-0.1778391290751404,-0.08414954491568928,-0.08622226287855046,-0.21234352841250842,-0.25298404107753664,-0.12091224259322063,-0.15015685586312733,-0.13235371097604798,-0.14932904971294145,-0.035939900745410855,-0.04992007246729762,36.3,4,PEuk1
-0.12281071018408309,-0.0742675894758482,-0.10883738371350099,-0.1351619010576758,-0.19080954254448032,-0.23579928625481944,-0.11867190297756028,-0.1502911502969909,-0.08727506293277532,-0.08842130952049405,-0.03008111966923754,0.022532914274569254,36.5,4,PEuk1
-0.029756110893853237,0.03324229115357358,-0.09387404451711803,-0.1141469774359795,-0.19609146360644947,-0.24842482041028513,-0.12208750271946868,-0.14993303180668807,-0.038908551967831946,-0.009807439017571067,0.033047350379352435,0.16608424268040975,36.5,4,PEuk1
-0.10663259030748104,-0.13022845606697273,-0.0723942880620457,-0.07630341288815362,-0.14256122515149286,-0.2241089768516105,-0.12208750271946868,-0.1537828055774434,-0.056947237257496335,-0.02928713127444454,0.023911976337938116,0.10137325780795708,36.7,4,PEuk1
-0.0676376136818367,0.01733867818450695,-0.042390492305271615,-0.02359504273277483,-0.20035763061803996,-0.2362668986309478,-0.11033490145698815,-0.14926155963737028,-0.02229099424138053,0.0018618402972082407,0.03668569916689796,0.1286303587692033,37.5,4,PEuk1
-0.2831883704992706,-0.308587498280032,-0.1075546648921653,-0.13029406783316544,-0.1889811852537987,-0.2376697357593329,-0.1169090127881882,-0.15060450397600586,-0.1635920217680973,-0.19071497028636814,-0.1550033055255008,-0.14239717645147762,37.5,4,PEuk1
-0.16669467908012914,-0.206117783570094,-0.10781429335099275,-0.13528581933566555,-0.21234352841250842,-0.2477234018460926,-0.12006752437747983,-0.14926155963737028,-0.11746559323330322,-0.1304012259001965,-0.0495119812511807,-0.0643285701139805,37.6,4,PEuk1
0.042582260862081105,0.13257043903022905,-0.10136214056231019,-0.12084664607425134,-0.16033692103311983,-0.22820058514273364,-0.12208750271946868,-0.14926155963737028,-0.11684896839231589,-0.13230538266925077,-0.05522522837585219,-0.037884256199470216,38.1,4,PEuk1
-0.1526078314952683,-0.14691973724206528,-0.10626166375562851,-0.13496524813825728,-0.17140864018224747,-0.23007103464724707,-0.10629494477301048,-0.14653090614881126,-0.12550580307398954,-0.14471610355782108,-0.04859719641316925,-0.05457512555314901,38.8,4,PEuk1
-0.24417935848911793,-0.26184644739528024,-0.09313371782263971,-0.11510330327698734,-0.21234352841250842,-0.24105992548626348,-0.1203980662879871,-0.14890344114706747,-0.14888696452502068,-0.18497722356191706,-0.10577956501468481,-0.16288105202325753,38.9,4,PEuk1
-0.19294552657220956,-0.16346076956860953,-0.0680782862563891,-0.06459044174251388,-0.18461344283717035,-0.22422587994564258,-0.12208750271946868,-0.15306656859683776,-0.08622005636889857,-0.06936710362130748,-0.05697163579387404,0.07250700269357703,39.1,4,PEuk1
-0.22314967403413635,-0.2711436640236324,-0.08495156550137413,-0.09927678407720965,-0.18887960984876082,-0.23743592957126872,-0.12208750271946868,-0.15145503539047506,-0.12830951914785377,-0.14219267456520276,-0.10930148664102889,-0.0715779737732517,39.5,4,PEuk1
0.11994997873350047,0.2345393242450061,-0.09881726755004097,-0.11663611849820836,-0.17719843826940596,-0.23661760791304406,-0.11830463418810776,-0.1506492687872937,-0.07614209412401196,-0.06296795731114511,0.0009467187909507349,0.10508416432436771,39.7,4,PEuk1
0.3149014695542083,0.5871096298521096,-0.08057644038331128,-0.10200298619298412,-0.10213421394642126,-0.21136653960211274,-0.11566029890404965,-0.14890344114706747,-0.02926415406426455,0.00892238619308193,0.005770129755011094,0.08535560600814039,39.7,4,PEuk1
-0.19770820038203632,-0.18528782956680748,-0.07978984327042807,-0.08243197989742923,-0.19202844740493474,-0.24000779763997468,-0.12135296514056365,-0.1532008630307013,-0.10258951894448398,-0.10226857345828452,-0.04980304915418434,-0.02460873443611625,40.0,4,PEuk1
-0.2744256121045697,-0.3274824292338329,-0.11065478292529325,-0.13708532824212538,-0.19141899497470755,-0.22913580989499036,-0.1157704795408854,-0.14908250039221888,-0.16055707137886283,-0.19813359876049316,-0.12484867077432345,-0.16814364290161862,40.1,4,PEuk1
-0.20159132342934102,-0.19151177429303537,-0.1044031352830319,-0.12465578618463188,-0.19070796713944246,-0.23696831719514036,-0.11771700412498373,-0.1497987373728245,-0.12382935428755523,-0.13621480187651255,-0.0758037291182097,-0.076709205128908,40.2,4,PEuk1
-0.22624681554897458,-0.28978362723444223,-0.11227938872706512,-0.1411153661524007,-0.18308981176160233,-0.23334432128014557,-0.11892899113017703,-0.1496196781276731,-0.15209774934156794,-0.1862031298004011,-0.12513973867732708,-0.13768465357444287,40.4,4,PEuk1
0.10020219273027973,0.18579495537961035,-0.07192644272039621,-0.0725912522996781,-0.19263789983516194,-0.24024160382803886,-0.12208750271946868,-0.15266368529524707,-0.13191292056237344,-0.1516629055758973,-0.0792466465994528,-0.07378645574872618,40.6,4,PEuk1
-0.2596416737557951,-0.23950489891568963,-0.10471160473906453,-0.1287639464875529,-0.1754716563837622,-0.23030484083531125,-0.10838837687288982,-0.1446060192634336,-0.14586405758971172,-0.17384717448262216,-0.0850014748531248,-0.09488607908318486,40.8,4,PEuk1
-0.2813076289751543,-0.3107592770908665,-0.11146451524737891,-0.1354690028770417,-0.1790267955600876,-0.2388387666996538,-0.11198761100952448,-0.14787385048744683,-0.15888784866478387,-0.19005778343687152,-0.1486996063690219,-0.14845613443623656,40.9,4,PEuk1
-0.1820259974247286,-0.17675551616742846,-0.09714125017226366,-0.11968827956260804,-0.17597953340895153,-0.22820058514273364,-0.10813128872027307,-0.15006732624055164,-0.11664904705715204,-0.12759975631740653,-0.08118016909797698,-0.04251467937481446,41.4,4,PEuk1
-0.1532347453366404,-0.16763586636008793,-0.10785285203299684,-0.1356791251745026,-0.17242439423262615,-0.20680731893486126,-0.11162034222007197,-0.14720237831812905,-0.13201890295691815,-0.15860549485775877,-0.03508748760090019,-0.035798923776531495,42.6,4,PEuk1
-0.18116983896972044,-0.17151501844988032,-0.05058806809933883,-0.0427215595529317,-0.20553797627497122,-0.2506459791968948,-0.11066544336749543,-0.14908250039221888,-0.10364452550836073,-0.09759243625994335,-0.06389905188536073,-0.010183816849095279,42.6,4,PEuk1
-0.18995598967193522,-0.23749702793963512,-0.09635465305938046,-0.11584142519370888,-0.21234352841250842,-0.23708522028917245,-0.11437485814096585,-0.14890344114706747,-0.0886985991867734,-0.0844444865337967,-0.011648205183306875,0.002541636912932331,42.8,4,PEuk1
-0.10948645182417487,-0.11597302743652681,-0.08294908461596229,-0.09099850433237273,-0.16094637346334703,-0.2238751706635463,-0.11973698246697258,-0.15109691690017224,-0.08224330788268733,-0.08410325490040424,-0.02371920693215793,-0.001193899513985451,43.0,4,PEuk1
-0.05586660454085036,-0.02140731275931126,-0.07137119769953747,-0.07400284311851785,-0.13616197463410715,-0.2263301356382202,-0.11308941737788203,-0.14814243935517396,-0.05460598981437258,-0.039587271319439274,0.07757242331310961,0.11982927074798164,43.0,4,PEuk1
-0.10012952881862133,-0.10620685228088754,-0.09498196398003524,-0.12013546291361453,-0.1873559787731928,-0.22913580989499036,-0.12021443189326085,-0.1513207409566115,-0.0801621990443551,-0.07734602601199052,0.01483897399002458,0.062244539982264445,43.2,4,PEuk1
0.12002951257904768,0.19450483560000098,-0.0342751750328131,-0.019594637454192723,-0.21234352841250842,-0.24667127399980376,-0.10207135369430655,-0.14827673378903752,0.0445694445716124,0.11793957395765195,0.2056131938444119,0.2858923373573574,43.6,4,PEuk1
-0.10691329799764764,-0.026201616926625076,-0.0376554861551707,-0.015990231890056116,-0.18806700660845788,-0.23685141410110824,-0.12208750271946868,-0.15297703897426204,-0.12856243168028997,-0.1492279440437881,-0.09197878829941211,-0.08540356353793202,43.8,4,PEuk1
-0.1332202870277614,-0.16602865898016222,-0.07778222122741568,-0.08538985531553236,-0.1937552292905785,-0.2409430223922314,-0.1159908408145569,-0.15176838906949003,-0.1039191162578629,-0.09982518645374588,-0.07359161305538202,-0.03448532854948349,44.8,4,PEuk1
0.024022804080565677,0.15080518564949955,-0.0955166443704918,-0.11764093410016871,-0.21234352841250842,-0.24596985543561123,-0.11914935240384855,-0.15073879840986942,-0.11933714597333116,-0.13992622248168243,-0.08181636037168495,-0.11187250736294946,45.0,4,PEuk1
-0.2519409261222246,-0.25154301878119556,-0.1094774578347687,-0.13343243291703627,-0.1822772085212994,-0.23696831719514036,-0.11367704744100605,-0.14948538369380954,-0.15147630711901042,-0.1882505196007559,-0.11029111751124128,-0.15470392173488368,45.1,4,PEuk1
-0.176107743623716,-0.18859785723028052,-0.10563444252836215,-0.13342704516581932,-0.20452222222459254,-0.2429303749907769,-0.12208750271946868,-0.150873092843733,-0.11703443758276912,-0.132120022275803,-0.08688925810974843,-0.0878911844991542,45.9,4,PEuk1
0.40509285040473875,0.6327443028520967,-0.055441320874252256,-0.06373917705023648,-0.1726275450427019,-0.23954018526384632,-0.11059198960960492,-0.1480081449213104,0.014689635382363272,0.05961845380104373,-0.00139429877177856,0.0860780833830168,45.9,4,PEuk1
2.660780314738037,3.4138960194351653,0.8945417805542459,1.449720547923909,-0.1738464499031563,-0.21931594999629483,-0.11117961967272895,-0.1450984321876,-0.10353131704146072,-0.100853094090138,-0.12105231369657594,-0.17463772930533725,46.2,4,PEuk1
-0.12037791020263917,-0.1204987048746179,-0.05612509483512459,-0.048852820437815796,-0.18918433606387444,-0.22317375209935378,-0.11727628157764072,-0.14957491331638526,-0.05730372349369213,-0.03411492697651569,0.02780397001238682,0.07013432131472157,46.2,4,PEuk1
-0.2530824707289021,-0.25895529530957817,-0.10786313434819793,-0.13164908726422728,-0.17120548937217173,-0.2250442016038672,-0.11529303011459713,-0.1519026835033536,-0.1440744003363774,-0.16896040047354488,-0.09063155971979527,-0.08670894879481099,46.3,4,PEuk1
-0.0959282703891278,-0.02623804088990951,-0.07797758521623635,-0.08316202018732537,-0.18715282796311705,-0.2376697357593329,-0.11088580464116693,-0.14751573199714402,-0.02129620494713145,0.03147316315048758,0.0006722833395473006,0.15784143263068345,46.5,4,PEuk1
-0.11550295331674579,-0.08880985681715907,-0.10595319429959588,-0.12981186409924883,-0.1937552292905785,-0.24059231311013513,-0.1135668668041703,-0.1445164896408579,-0.0653993332224359,-0.05431920986232131,-0.015165968696750897,0.06617711569323943,46.6,4,PEuk1
-0.13722972853564108,-0.12725990305929125,-0.09790471207594444,-0.10889930775067448,-0.20543640086993337,-0.2504121730088306,-0.11151016158323622,-0.1489482059583553,-0.11468114668571983,-0.11166297521711407,-0.08673124981954645,0.02107153958447834,46.8,4,PEuk1
0.5095956449922633,0.7413878793387466,-0.09596135450293884,-0.10509286151590241,-0.1527187656552797,-0.22001736856048737,-0.10526659216254344,-0.1504702095421423,0.015597711808348515,0.048353597162877716,0.3684532112362497,0.4948278681895127,46.9,4,PEuk1
-0.1555318699345038,-0.14970161743791402,-0.10252661275883337,-0.12625594829606474,-0.1889811852537987,-0.2388387666996538,-0.10636839853090099,-0.1468890246391141,-0.06867997007175126,-0.06782945490293403,0.03791234247241332,0.06167805204059999,47.1,4,PEuk1
-0.2721659151987285,-0.28431547974636634,-0.09675566335222287,-0.11415505906280492,-0.16958028289156585,-0.23731902647723663,-0.1100778133043714,-0.14827673378903752,-0.15568188122980678,-0.17803884701627032,-0.14880771730442327,-0.1342446760736109,47.1,4,PEuk1
0.11291825109482699,0.2752886331694683,-0.08527031727260785,-0.1014103335591201,-0.17110391396713387,-0.23205838724579259,-0.12208750271946868,-0.15230556680494425,-0.01539491252361993,-0.007747411008572121,-0.09545081257095557,-0.060798282941288966,47.2,4,PEuk1
-0.28836274892134167,-0.2934260235628858,-0.10301759330968532,-0.12022436080869413,-0.18552762148251117,-0.2439825028370657,-0.1214631457773994,-0.15114168171146009,-0.1571102348653751,-0.18425684566919964,-0.10866945348022099,-0.11857184302089431,47.2,4,PEuk1
-0.0819349920343225,0.011834106733146645,-0.11071390623769951,-0.13813593972942978,-0.21000729409663743,-0.2476064987520605,-0.1122814260410865,-0.14760526161971974,-0.02764310516588771,0.006988740270524638,0.04782528362613737,0.13955782906420897,47.6,4,PEuk1
-0.25028007228873883,-0.27704434607571093,-0.07038666601903332,-0.07536055642518813,-0.18319138716664018,-0.2440994059310978,-0.11856172234072453,-0.15369327595486768,-0.1421113173465154,-0.16513523599057753,-0.0944944466039436,-0.11607601208950309,47.8,4,PEuk1
-0.0686060552129115,-0.07284705490775523,-0.0827819969939446,-0.09917980455530462,-0.21234352841250842,-0.23813734813546125,-0.1122814260410865,-0.1480081449213104,-0.07074662676537286,-0.05849403145111059,-0.06006111367861271,-0.00048784207944714493,47.8,4,PEuk1
-0.27105244136106765,-0.3075129913631412,-0.10509976213790559,-0.12645798896670019,-0.19050481632936672,-0.24655437090577167,-0.11543993763037813,-0.15109691690017224,-0.15713673046401125,-0.1814385251415508,-0.13160144612400795,-0.12146175252039994,47.8,4,PEuk1
-0.22546551247801086,-0.22588688964272133,-0.07979498442802861,-0.09253131955359375,-0.20035763061803996,-0.23685141410110824,-0.11499921508303512,-0.1512312113340358,-0.1295716731192497,-0.14882352136717483,-0.08609505854583849,-0.08468929613322466,47.8,4,PEuk1
-0.3394047639166362,-0.3784076829008842,-0.11561857058861837,-0.14678597430823592,-0.1898953638991395,-0.24246276261464855,-0.11738646221447648,-0.15239509642751997,-0.18211726259635327,-0.2040061530438153,-0.1802388927159166,-0.24906110888777613,47.9,4,PEuk1
-0.18833256353047167,-0.1728035161510672,-0.09655258762700139,-0.1146022424138114,-0.1876607049883064,-0.2397739914519105,-0.10846183063078033,-0.14738143756328048,-0.11628533474860092,-0.13177879064241052,-0.06088442003282301,-0.013615584379758208,48.1,4,PEuk1
-0.22158238943070616,-0.2677334704611271,-0.10084545422345553,-0.12197537995420145,-0.1575943850970974,-0.22913580989499036,-0.112501787314758,-0.14814243935517396,-0.12470611773333408,-0.14191884671124583,-0.07043560536424254,-0.11822702427379421,48.4,4,PEuk1
-0.038107164676309764,0.042093314231691395,-0.11024606089605002,-0.13330312688782958,-0.15373451970565838,-0.21054821794388812,-0.11742318909342173,-0.15136550576789934,-0.12392329322817439,-0.13522059612983822,-0.0755001868765059,-0.04321252683918371,48.6,4,PEuk1
0.10421163423815942,0.21553967439676247,-0.07098818145829695,-0.08092340955668446,-0.2066553057303878,-0.23007103464724707,-0.11543993763037813,-0.150873092843733,-0.10686735377883355,-0.12835804883605645,-0.036156122616213565,-0.06427110032279715,49.4,4,PEuk1
-0.23367153395388132,-0.20909999556400713,-0.10538766696353605,-0.12665194801051022,-0.1575943850970974,-0.23439644912643437,-0.11962680183013683,-0.15297703897426204,-0.12368724153123394,-0.13019480182567514,-0.08604516119103786,-0.05090526888758363,49.7,4,PEuk1
-0.26223821988983625,-0.29897157197294105,-0.10480157499707404,-0.1268243560494525,-0.19385680469561636,-0.2263301356382202,-0.11338323240944405,-0.14939585407123385,-0.16192520774480346,-0.20212305995583468,-0.12108973671267641,-0.13815262187407873,49.9,4,PEuk1
-0.23048082320898755,-0.22504458549176876,-0.10051127897942018,-0.12444027613595406,-0.14682739216308333,-0.21253557054243363,-0.11984716310380833,-0.1531113334081256,-0.12405336253057016,-0.1291037031460622,-0.09649865702176867,-0.002696324054921614,50.1,4,PEuk1
-0.15666405761817576,-0.17129192167476315,-0.09147569449646431,-0.10736649252945346,-0.15251561484520396,-0.2296034222711187,-0.10592767598355797,-0.14433743039570648,-0.11412714780514527,-0.1223886016197957,-0.04793189834916092,-0.08417206801257451,50.2,4,PEuk1
-0.2283989078402519,-0.2204733780995721,-0.06542801951330875,-0.05720383482408147,-0.20970256788152383,-0.25111359157302315,-0.11661519775662618,-0.15158932982433862,-0.13091331388655417,-0.1476565934356969,-0.0918415705737104,-0.07439399354123588,50.2,4,PEuk1
-0.23433119702577285,-0.2537056916012089,-0.09913858990007496,-0.12156860473732206,-0.18369926419182955,-0.23802044504142916,-0.1144115850199111,-0.15024638548570304,-0.12912124794243474,-0.1452005682225141,-0.08101800269487495,-0.0946972497692967,50.5,4,PEuk1
-0.2643762767966052,-0.2930344659575781,-0.10207676146878579,-0.11835211726080554,-0.19913872575758554,-0.23579928625481944,-0.11786391164076475,-0.15015685586312733,-0.1427881594571304,-0.16891406037518295,-0.11159260684895757,-0.13385880747566553,50.6,4,PEuk1
-0.22008996021132035,-0.20410535959862894,-0.10341860360252775,-0.1308921082182464,-0.17973782339535269,-0.23930637907578214,-0.1168355590302977,-0.14921679482608244,-0.13611367729159962,-0.1553785389172819,-0.0680197417693123,-0.07514110082661944,51.1,4,PEuk1
-0.15725354376752562,-0.1514909446342619,-0.10771661135658242,-0.13195618908359316,-0.1723228188275883,-0.23252599962192094,-0.12208750271946868,-0.15284274454039848,-0.10124306079560931,-0.10314482259094665,-0.02173994519173316,0.010488888036572799,51.1,4,PEuk1
-0.09483351039747803,-0.09887652966989491,-0.07289812150689899,-0.07511271986920864,-0.2094994170714481,-0.24269656880271273,-0.11290578298315578,-0.15096262246630868,-0.0688365349727832,-0.06494373059584962,0.05519761779792962,0.08084012241516285,51.4,4,PEuk1
-0.2221765540415588,-0.24163114777241856,-0.10839267358105395,-0.13690753245196619,-0.18948906227898804,-0.24012470073400677,-0.12149987265634465,-0.1525293908613835,-0.1391389929176937,-0.16908256982377182,-0.11246165244506844,-0.13081290854294797,51.4,4,PEuk1
-0.0026631403312729904,0.11316101959503551,-0.054700994179773935,-0.04509755783960471,-0.16958028289156585,-0.21417221385888288,-0.12205077584052343,-0.14975397256153666,-0.09108079437324397,-0.09135337392594041,0.005724390513110522,0.0742228864589085,52.7,4,PEuk1
-0.21629104947106562,-0.1904919033210712,-0.10535682001793278,-0.1280823959586093,-0.1751669301686486,-0.23100625939950378,-0.1169824665460787,-0.15015685586312733,-0.11454626000175384,-0.11495312220081177,-0.08380393833790982,0.002845405809187184,53.2,4,PEuk1
-0.2465840877015452,-0.2806867424041545,-0.10333634508091905,-0.12361056244854443,-0.18776228039334428,-0.2440994059310978,-0.10306297942582834,-0.14438219520699436,-0.15789546806131988,-0.1860261948793828,-0.11998367868126257,-0.12186404105868338,53.3,4,PEuk1
-0.07089382288776933,0.004708668915628959,-0.09905890195726653,-0.115038650262384,-0.18278508554648873,-0.22130330259484035,-0.1087923725412876,-0.1480081449213104,-0.07357924712865839,-0.06271940587447652,-0.01337382203682847,0.07588130043305662,53.4,4,PEuk1
-0.15956938221140013,-0.14600003216913326,-0.10333891565971931,-0.12468003106510814,-0.1892859114689123,-0.24047541001610304,-0.12120605762478263,-0.15221603718236856,-0.10554498253780996,-0.11421589336323547,-0.04853898283256852,-0.013336445394010505,53.8,4,PEuk1
-0.18658281892843318,-0.14543090774281398,-0.10363453222175059,-0.1285672935681344,-0.17608110881398942,-0.21908214380823066,-0.11319959801471778,-0.14644137652623557,-0.12179401057414004,-0.12822324127718535,-0.09758808260158232,-0.05095452870859793,54.6,4,PEuk1
-0.3360783777881619,-0.34150110210293,-0.11532038344778682,-0.14509152655050653,-0.20035763061803996,-0.2578939710268844,-0.1166886515145167,-0.15051497435343014,-0.18707675692288805,-0.17810203805949112,-0.1458554571453863,-0.13509030300102307,54.9,4,PEuk1
-0.3476622484690372,-0.4178639411287489,-0.11561857058861837,-0.14746483096157106,-0.19842769792232046,-0.25707564936865973,-0.11507266884092562,-0.14576990435691778,-0.19927918444023882,-0.2334953065468677,-0.17574397267096034,-0.23065435576876586,54.9,4,PEuk1
0.08301820363058068,0.19008387705635263,-0.021455698555856932,0.01391986899081737,-0.1742527515233078,-0.23591618934885153,-0.11727628157764072,-0.1494406188825217,0.051386039493464486,0.14253774071541236,0.20861535135824946,0.3143727238737921,55.1,4,PEuk1
-0.24379572464589022,-0.24868373766336738,-0.08423437401609825,-0.09221074835618549,-0.19263789983516194,-0.22831748823676573,-0.1191126255249033,-0.1530218037855499,-0.14516553726203074,-0.1637576712483635,-0.11906473573035106,-0.10417155534438048,55.2,4,PEuk1
0.001828182711392704,0.06433469681224979,-0.0938303446775134,-0.10549424898156487,-0.195685161986298,-0.23942328216981423,-0.1190391717670128,-0.14957491331638526,0.0011431584069229578,0.06196494787264376,0.10398059834134009,0.2203028856768164,55.3,4,PEuk1
-0.22989133705963768,-0.27883822626746935,-0.056320458823945256,-0.04973910551300335,-0.21234352841250842,-0.2540361689238254,-0.10967381763597363,-0.14693378945040195,-0.13276077971873101,-0.15721107917068586,-0.10350507725835635,-0.14733957849324575,55.6,4,PEuk1
0.004401336537919924,0.11688536984086904,-0.07231974127683781,-0.07194202827803615,-0.15403924592077198,-0.19418178477939557,-0.12208750271946868,-0.14899297076964316,-0.12023799632696108,-0.14020426307185407,-0.009606571749381327,-0.03209622723028992,55.6,4,PEuk1
-0.30986963644960647,-0.3514220791025281,-0.10028506804499625,-0.11121873464956956,-0.18065200204069348,-0.24164444095642393,-0.12190386832474243,-0.15400662963388265,-0.17249213421906673,-0.20710672689785053,-0.1682926343540671,-0.1742026008863776,55.6,4,PEuk1
0.24213735780152124,0.39061145392340146,-0.090092723101918,-0.10762510458786685,-0.13169265681244094,-0.19780578069439037,-0.10754365865714904,-0.14160677690714749,0.002019921852701812,0.01997239328429714,-0.0835710840155069,-0.09147894146302908,55.7,4,PEuk1
-0.3396901500683056,-0.3758124755168682,-0.11561857058861837,-0.147817728666281,-0.20482694843970617,-0.2578939710268844,-0.11694573966713345,-0.15400662963388265,-0.19186764289446537,-0.2040440676697478,-0.16915752183727792,-0.22181221789669894,55.9,4,PEuk1
-0.3439756208048491,-0.4105745954764513,-0.11547461817580314,-0.14616638291828718,-0.20299859114902452,-0.24386559974303362,-0.11727628157764072,-0.15248462605009566,-0.1642640464971421,-0.1697776712992009,-0.1759726688804632,-0.25195101838728173,55.9,4,PEuk1
-0.3450844161810072,-0.40080386732540146,-0.11524583666257894,-0.1436287520951058,-0.2063505795152742,-0.2578939710268844,-0.1144850387778016,-0.14850055784547678,-0.20044017339866027,-0.23122042899091796,-0.17776065742748556,-0.24575249090964896,55.9,4,PEuk1
-0.33712167470328114,-0.39690195025855635,-0.11561857058861837,-0.14617715842072107,-0.18857488363364722,-0.23907257288771797,-0.11286905610421052,-0.14429266558441864,-0.18131757725569783,-0.1915996448914597,0.3602575707102471,1.4712642503051447,55.9,4,PEuk1
-0.191490525044846,-0.2273984841190254,-0.10371164958575875,-0.1284757017974463,-0.19202844740493474,-0.24643746781173959,-0.10258552999954007,-0.1419648953974503,-0.13197313783200113,-0.15208417919736947,-0.08842775988276769,-0.0589510396532527,56.1,4,PEuk1
-0.24004359852066326,-0.26200124923923906,-0.0940334204027349,-0.1126222438415839,-0.1677519256008842,-0.21732859739774932,-0.1100043595464809,-0.1450984321876,-0.12376913701792756,-0.13035067306561984,-0.08770424823815863,-0.04096299501286399,56.7,4,PEuk1
-0.15481606532457895,-0.11039560805859762,-0.07047149511944228,-0.07642733116614336,-0.163282607779218,-0.23451335222046646,-0.10313643318371885,-0.14836626341161321,-0.10131050413759231,-0.11766191158687787,-0.004217657430913891,-0.010093507177235728,56.9,4,PEuk1
-0.05987136758722727,0.002486807155278396,-0.07829376640866981,-0.08309197942150506,-0.17851891853489826,-0.2307724532114396,-0.11452176565674685,-0.14635184690365985,-0.019236774325865184,0.03918247042342842,0.02054390488889597,0.17816931876925143,56.9,4,PEuk1
-0.08123322280890598,-0.08998908262849266,-0.1071510840205226,-0.13187806669094745,-0.1876607049883064,-0.23252599962192094,-0.11823118043021726,-0.15006732624055164,-0.09749754662476832,-0.10092049786957355,-0.040800734725571684,-0.0033613316386146698,57.0,4,PEuk1
-0.2472671430809506,-0.28345496361377154,-0.08617516101030356,-0.10093082370081194,-0.1335210141031226,-0.22796677895466946,-0.12208750271946868,-0.1510521520888844,-0.14618923084570112,-0.17686770634857765,-0.08097226345297438,-0.09399940230492745,58.3,4,PEuk1
-0.19741813576886416,-0.19853704621152085,-0.09342419322707043,-0.10906094028718286,-0.20939784166641023,-0.24503463068335452,-0.10500950400992667,-0.14496413775373643,-0.14086361551983012,-0.171033066691188,-0.11091067633334903,-0.11700373871860574,58.7,4,PEuk1
-0.24234540158002943,-0.29135896364649405,-0.05597086010710827,-0.04920571814252573,-0.19995132899788848,-0.2386049605115896,-0.11679883215135245,-0.15266368529524707,-0.1486123737755185,-0.17763863707587174,-0.0954133895548551,-0.11692984898708429,58.7,4,PEuk1
-0.21111199258749175,-0.1989422628030602,-0.10304072851888776,-0.12552860188177706,-0.21234352841250842,-0.2578939710268844,-0.1159908408145569,-0.15230556680494425,-0.1120628998023088,-0.10776619421849642,-0.07370388210368344,-0.031127450750342008,59.1,4,PEuk1
0.42008731952113826,0.683077667115776,0.03171929450656842,0.09591066701029548,-0.1988339995424719,-0.22142020568887244,-0.11984716310380833,-0.1521712723710807,0.080010920783673,0.17045133087415884,0.2158255191269397,0.4914535704500331,59.5,4,PEuk1
0.3368107047717118,0.5940119708945101,-0.030470718408410626,0.0007872253995124742,-0.18806700660845788,-0.24503463068335452,-0.112061064767415,-0.149037735580931,0.09649600051694354,0.18603424213241468,0.007021721737926756,0.09579868806317209,59.5,4,PEuk1
-0.04769801075700213,0.003142438494398234,-0.07510881927513287,-0.08680683388558906,-0.1533282180855069,-0.22247233353516124,-0.12168350705107091,-0.15100738727759652,-0.027799670066919652,0.021156172160633955,0.02103040409820206,0.17479502102977187,59.5,4,PEuk1
-0.23469143856148664,-0.2709205672485152,-0.10689659671929568,-0.13554981914529587,-0.16785350100592208,-0.2331105150920814,-0.10592767598355797,-0.14738143756328048,-0.14620850037198196,-0.1720188469654329,-0.1080873176742137,-0.1363464284368877,59.6,4,PEuk1
-0.2599457737534756,-0.285667719383301,-0.10496866261909173,-0.12837333452432434,-0.1940599555056921,-0.2452684368714187,-0.1213162382616184,-0.15091785765502083,-0.1388258631156298,-0.15510049832711026,-0.11956786739125737,-0.08872039148622825,59.7,4,PEuk1
-0.03252576010349708,0.037622272738526946,-0.1015086635539257,-0.1313770058277715,-0.17059603694194453,-0.22036807784258364,-0.11999407061958933,-0.15239509642751997,-0.11948889349279287,-0.1416787207470067,-0.05153282412060598,-0.04316326701816941,60.2,4,PEuk1
-0.13594315162237747,-0.10821472325694205,-0.07682596591371452,-0.08044928744959325,-0.1815661806860343,-0.2452684368714187,-0.10890255317812335,-0.14765002643100758,-0.08384990463635353,-0.07950715969014278,-0.03781520966333433,0.006293593280188213,60.3,4,PEuk1
-0.1293137716729428,-0.089515571105795,-0.09283810126060844,-0.10736110477823652,-0.18806700660845788,-0.23334432128014557,-0.11117961967272895,-0.14908250039221888,-0.08951514536292458,-0.0881011415681752,-0.06025654498491515,-0.001333469006859302,60.5,4,PEuk1
-0.25931418145060076,-0.2624383367986523,-0.11354925465439945,-0.13999202002366753,-0.19101269335455606,-0.24351489046093736,-0.11624792896717367,-0.1504702095421423,-0.15086690835037841,-0.1754859288701489,-0.13898625463450037,-0.09917989348159804,61.0,4,PEuk1
0.13330698632392812,0.23577318600126634,-0.08640394252352777,-0.10162045585658099,-0.13260683545778176,-0.21452292314097915,-0.12208750271946868,-0.15033591510827873,0.11813808722112762,0.17654716017686123,0.042282519130368006,0.08876274362829617,61.0,4,PEuk1
-0.17272989441871117,-0.18502830882840587,-0.04918453207439035,-0.036401727375454516,-0.20299859114902452,-0.24491772758932243,-0.11867190297756028,-0.15194744831464144,-0.1045261063357098,-0.10666245733023932,-0.06946260694563035,-0.02896822859588184,61.3,4,PEuk1
-0.15202302380742122,-0.1316808616029396,-0.09789957091834389,-0.11659571036408127,-0.1821756331162615,-0.23708522028917245,-0.11628465584611893,-0.1497987373728245,-0.062482408681671625,-0.05408750937051161,0.024190569902241603,0.05612811220632214,61.5,4,PEuk1
0.05622465460417815,0.15230767413498253,0.0038927789936246677,0.05125698492425036,-0.18471501824220823,-0.23217529033982467,-0.1214631457773994,-0.14948538369380954,0.02895871959333561,0.08726664157826272,0.19352140153106057,0.3225252242516588,61.6,4,PEuk1
0.019409841038827785,0.07235252173023615,-0.09031379287874139,-0.10325025059970702,-0.17730001367444384,-0.22726536039047693,-0.1146319462935826,-0.14988826699540023,-0.025822134932347016,0.015334170711888468,0.11861715574952324,0.2553594582986602,61.6,4,PEuk1
-0.1441538515597507,-0.06136440048233695,-0.08091575678494718,-0.09139181017120976,-0.17567480719383793,-0.23544857697272317,-0.12087551571427538,-0.15176838906949003,-0.14841967851270996,-0.17941641175848433,-0.12647033480534373,-0.10821907063772217,61.7,4,PEuk1
0.005126498070850323,0.12006791363284659,-0.09751912525590364,-0.11316101896327845,-0.10761928581846615,-0.21265247363646572,-0.11319959801471778,-0.14867961709062819,-0.08024409453104873,-0.09129439561893431,0.01592008334403811,0.04725313445357902,61.9,4,PEuk1
-0.21551910332310747,-0.1473386128198363,-0.10168603349114445,-0.11739848529540617,-0.2014749600734565,-0.2504121730088306,-0.11845154170388877,-0.15158932982433862,-0.12133635932496975,-0.13084777593895702,-0.09918063984230224,-0.07986183367382323,62.2,4,PEuk1
-0.28448430433553973,-0.3471513694074281,-0.10217444346319612,-0.12263807335388575,-0.19842769792232046,-0.24152753786239184,-0.11529303011459713,-0.15096262246630868,-0.17167077066134534,-0.21792082076104133,-0.12825832335236612,-0.18366869649129233,62.2,4,PEuk1
-0.11499767947444589,-0.0934129351772296,-0.07555867056518045,-0.08704389493913467,-0.15393767051573412,-0.2319414841517605,-0.12208750271946868,-0.15369327595486768,-0.08338502731482793,-0.08877517936253068,-0.008471406927667121,0.006236123489004863,62.2,4,PEuk1
-0.22500234478923598,-0.17354110140757703,-0.07739406382857462,-0.07948757385736846,-0.19822454711224471,-0.2528671379835045,-0.11940644055646531,-0.1489482059583553,-0.12275748688818273,-0.1395512889585722,-0.08960034772058235,-0.0360780627622792,62.3,4,PEuk1
-0.05771927529594996,0.006129203483721942,-0.047282303762189115,-0.031366873863218854,-0.16602514371524044,-0.22457658922773885,-0.11764355036709323,-0.15055973916471801,-0.03756450250974238,0.011412113295982497,0.025338209062655964,0.21570530238214836,62.4,4,PEuk1
-0.11333682564096013,-0.049499294442432104,-0.0892778496222318,-0.10260641432928203,-0.19873242413743405,-0.24141063476835975,-0.11382395495678707,-0.15024638548570304,-0.03309156372179916,0.012705423313902082,-0.03495858610099858,0.1087540209899331,62.5,4,PEuk1
-0.31442645795331103,-0.3330006596714249,-0.11291946284833283,-0.13826524575863647,-0.1953804357711844,-0.24748959565802842,-0.11657847087768093,-0.15199221312592928,-0.18159939407755532,-0.21818201040635407,-0.1802472089417167,-0.23843740748902534,62.7,4,PEuk1
-0.17721186053837132,-0.1628825391514691,-0.10022080357498946,-0.1237721949850528,-0.18806700660845788,-0.23696831719514036,-0.12208750271946868,-0.15203697793721713,-0.11335636675391111,-0.11696681011144879,-0.05795295043828633,0.00811620665771733,62.8,4,PEuk1
-0.11407602255839887,-0.04861601333278454,-0.07981554905843079,-0.08507736574494952,-0.1962946144165252,-0.23357812746820975,-0.10849855750972558,-0.14581466916820562,-0.0605072822378841,-0.04655934975480381,0.006805499867124051,0.06711305229251113,63.0,4,PEuk1
-0.013910161783948332,0.0762043558475652,-0.09809750548596483,-0.11760591371725856,-0.17090076315705813,-0.23825425122949334,-0.11679883215135245,-0.14997779661797592,-0.14392506150770076,-0.17559546001173168,-0.132965307155225,-0.14995034900700369,63.8,4,PEuk1
3.4886106853468712,4.221128446740234,0.36731863919727126,0.5788767677241243,-0.0779592675474086,-0.15957846894589708,-0.1144115850199111,-0.14581466916820562,-0.09239834823269735,-0.09380518640290848,-0.006695892719344903,0.05871425280957292,64.0,4,PEuk1
1.2676514407486854,1.7719447315315104,0.13725440715173293,0.24022697110740024,-0.17638583502910302,-0.23124006558756796,-0.1179740922776005,-0.152081742748505,-0.13952438344331075,-0.1725033116301259,-0.10302273616195032,-0.14502436690557363,64.1,4,PEuk1
-0.16190393450128573,-0.14010845610787584,-0.04875781599354521,-0.03292662784052461,-0.20482694843970617,-0.24456701830722616,-0.11749664285131223,-0.14917203001479457,-0.09043767393362047,-0.08515643895408469,-0.020704575079620206,0.03157209143069338,64.2,4,PEuk1
-0.21998703405825928,-0.26060347964819885,-0.08529602306061057,-0.09631352090788957,-0.17597953340895153,-0.22492729850983512,-0.12054497380376811,-0.15073879840986942,-0.13394826427578865,-0.1588624717668568,-0.08646513059394312,-0.09061689459527882,64.3,4,PEuk1
-0.3354421070237843,-0.3992604018812235,-0.11404794694165221,-0.14067626442821962,-0.18745755417823068,-0.23591618934885153,-0.11951662119330106,-0.15109691690017224,-0.12101118606898034,-0.14456865779030584,-0.11399599610518764,-0.17237998750884848,64.3,4,PEuk1
-0.14070114697070144,-0.15018878794684334,-0.07619360352884763,-0.07602055594926398,-0.16064164724823343,-0.22095259331274408,-0.10636839853090099,-0.1487691467132039,-0.07772701266061219,-0.07433391961846444,0.009000983478351524,0.03516805836473731,64.3,4,PEuk1
-0.24945198460274734,-0.27615651197065283,-0.0848898716101676,-0.09806992780461384,-0.19324735226538917,-0.24000779763997468,-0.12208750271946868,-0.1537828055774434,-0.1398591914624406,-0.17069604779401026,-0.09119706307420233,-0.12684749295129677,64.6,4,PEuk1
-0.06434397678388186,-0.005567441725992393,-0.03529312423772079,-0.01263366288189901,-0.1622668537288393,-0.20084526113922468,-0.11962680183013683,-0.1508283280324451,-0.04633454565831603,-0.011463044349956724,0.004876135481499907,0.12973049477185603,64.7,4,PEuk1
0.12565770176688812,0.3248115642500688,-0.09313885898024026,-0.1083524510021545,-0.1479447216184999,-0.22457658922773885,-0.11217124540425075,-0.14724714312941692,0.09740166825214368,0.1264661520562488,-0.016633782550469264,-0.01395219315668926,64.9,4,PEuk1
-0.2067329526208927,-0.18726382957498808,-0.10618711697042062,-0.13354288181698365,-0.1793315217752012,-0.23030484083531125,-0.12208750271946868,-0.15373804076615555,-0.12597549777708533,-0.14135855279468784,-0.07532138802180367,-0.07314607807554027,64.9,4,PEuk1
-0.17340359287511103,-0.18634867749746664,-0.10377334347696528,-0.1283383141414142,-0.13992026462050827,-0.2084439622513105,-0.11992061686169883,-0.15270845010653494,-0.09993995908086657,-0.11192416486242682,-0.02643861276879196,0.0049307382321259014,65.2,4,PEuk1
-0.21420913410232997,-0.24242336897385502,-0.10830013274424416,-0.13475781971640488,-0.19253632443012408,-0.24059231311013513,-0.11621120208822842,-0.149037735580931,-0.13516224443148245,-0.15376506094704345,-0.08198684300058708,-0.06693113065756937,65.3,4,PEuk1
-0.03224505241333048,0.006170180442416931,-0.0963238061137772,-0.11794264816831766,-0.20421749600947894,-0.24550224305948287,-0.1137137743199513,-0.1473366727519926,-0.03325294600440131,0.005063519820396788,0.08222119353536779,0.17593620688326983,66.3,4,PEuk1
-0.17093804366314766,-0.15741439166339324,-0.1080662100734194,-0.13348631042920572,-0.18471501824220823,-0.2388387666996538,-0.11275887546737477,-0.1477395560535833,-0.10965661770798717,-0.12562398303270203,-0.08645265625524297,-0.037834996378455915,66.4,4,PEuk1
-0.3392082685335196,-0.38890689031762277,-0.11408393504485602,-0.14165683514970373,-0.19974817818781274,-0.25473758748801795,-0.1159908408145569,-0.1510521520888844,-0.1969837021220321,-0.22704560740212867,-0.16610546696863973,-0.2216069686424727,66.4,4,PEuk1
-0.3428948961977077,-0.38611590413095287,-0.11560571769461701,-0.144946057267649,-0.20096708304826716,-0.256140424616403,-0.11338323240944405,-0.14585943397949347,-0.18642159302933903,-0.18880238804488444,-0.182351214069143,-0.257895036789674,66.4,4,PEuk1
-0.3268009886281556,-0.3687143556718138,-0.11561857058861837,-0.1474028718225762,-0.1889811852537987,-0.24596985543561123,-0.11239160667792225,-0.14881391152449175,-0.174619008182316,-0.19637688775895418,0.19720133144760663,0.8660580893234497,66.4,4,PEuk1
-0.1777732759187045,-0.17535774657638825,-0.09135487729285152,-0.10478037194531957,-0.19720879306186603,-0.24070921620416721,-0.11694573966713345,-0.14912726520350672,-0.0988777264446345,-0.08453716673052059,-0.0964279691024678,0.004856848500604451,66.7,4,PEuk1
-0.13201792242154775,-0.12869864960902644,-0.08661730056395034,-0.09391597161634878,-0.17364329909308057,-0.22679774801434857,-0.11558684514615915,-0.15078356322115727,-0.029517066596700756,-0.004406711190297756,0.059534529552683894,0.15590387967078764,66.8,4,PEuk1
-0.25555737686387103,-0.32623035549593044,-0.100462437982215,-0.12171676789578806,-0.17242439423262615,-0.23439644912643437,-0.12208750271946868,-0.15297703897426204,-0.14926753766906753,-0.1810972935081583,-0.12204194456678832,-0.1460177732960287,67.4,4,PEuk1
-0.24315009695850703,-0.2332855071848723,-0.11024863147485028,-0.13199929109332872,-0.17354172368804271,-0.22784987586063737,-0.11999407061958933,-0.15114168171146009,-0.14980467571414632,-0.17684242993128932,-0.1412981654069293,-0.15066461641171103,67.6,4,PEuk1
-0.3157223917895802,-0.3591166413463651,-0.10366537916735385,-0.12034289133546693,-0.21224195300747054,-0.23533167387869108,-0.112061064767415,-0.14590419879078134,-0.17542832828611185,-0.21460961009627003,-0.1642634229539167,-0.19049118170177293,68.1,4,PEuk1
-0.04733309075978554,0.05793318526501026,-0.06634571614500583,-0.05893869071593795,-0.19720879306186603,-0.23802044504142916,-0.10721311674664177,-0.1470680838842655,0.0002952992505653848,0.0435131632521624,0.08028767103684359,0.22348835410240783,68.9,4,PEuk1
-0.15849801452726425,-0.1403543178600458,-0.07780535643661814,-0.07946871672810915,-0.21234352841250842,-0.2578939710268844,-0.10791092744660155,-0.147829085676159,-0.0776210302660675,-0.07751874819679411,0.002543434144570716,0.02451972705547937,68.9,4,PEuk1
-0.19229054196182083,-0.20275311996169426,-0.06890087147247613,-0.07147868167337883,-0.18684810174800345,-0.23743592957126872,-0.11125307343061945,-0.14832149860032537,-0.11435356473894531,-0.1270521006094927,-0.03516649174600118,0.021580557734959444,69.1,4,PEuk1
-0.1420953284985289,-0.11726607813312426,-0.11024091973844947,-0.14039610136493844,-0.18613707391273837,-0.24152753786239184,-0.12065515444060386,-0.15078356322115727,-0.12132913325261444,-0.141295361751467,-0.015007960406548919,-0.03673486037580321,69.8,4,PEuk1
-0.04113412926860633,0.004134991493899101,-0.08345805921841613,-0.10087964006425096,-0.21234352841250842,-0.24257966570868064,-0.11532975699354238,-0.14993303180668807,-0.03873994361287447,-0.013982260606360344,0.046107982998415876,0.15845718039336223,69.8,4,PEuk1
-0.18911854506293818,-0.16852370046514606,-0.09503851671364122,-0.11147734670798295,-0.20645215492031205,-0.2439825028370657,-0.12183041456685192,-0.15096262246630868,-0.09630524468614049,-0.10332597024817969,-0.03647629730951757,0.006564522295766866,70.0,4,PEuk1
-0.3021969595850526,-0.3420383555613754,-0.10439799412543135,-0.12624517279363084,-0.17760473988955744,-0.220835690218712,-0.12050824692482286,-0.1497987373728245,-0.1714106320565538,-0.20760382977118771,-0.15126932014125408,-0.1899575336407847,70.1,4,PEuk1
-0.1649308990935823,-0.1270732302474585,-0.09878127944683716,-0.11990648348689434,-0.20523325005985762,-0.2515812039491515,-0.11786391164076475,-0.1497987373728245,-0.12373300665615096,-0.13793359825211904,-0.08894336588237413,-0.02300779025315149,70.3,4,PEuk1
0.3189202679850935,0.4943423483620631,0.17736828932997653,0.3398303278550735,-0.19131741956966966,-0.21908214380823066,-0.11264869483053902,-0.1462175524697963,-0.09175281910228875,-0.10330069383089135,-0.013182548843426076,-0.016538333759940033,70.4,4,PEuk1
-0.19943455267656093,-0.170567995404485,-0.09813863474676918,-0.1152353031818025,-0.19009851470921524,-0.22703155420241275,-0.1159173870566664,-0.14926155963737028,-0.12844922321338997,-0.13569242258588707,-0.10876924818982223,-0.03207159731978276,70.5,4,PEuk1
-0.25114558766675255,-0.2764069267182333,-0.10394814283538376,-0.13028329233073155,-0.21234352841250842,-0.2486586265983493,-0.11529303011459713,-0.15011209105183948,-0.14974204975373356,-0.18241166720715152,-0.10761745091650782,-0.13447455523834428,71.3,4,PEuk1
-0.15896586067754193,-0.11600034540899012,-0.11038744273006497,-0.1347066360798439,-0.1988339995424719,-0.2476064987520605,-0.11308941737788203,-0.147829085676159,-0.12148810684443148,-0.15288881181438133,-0.08758782107695717,-0.08601931130061077,71.4,4,PEuk1
-0.20825813107079794,-0.17713796778191504,-0.0840929921820833,-0.09582592942275599,-0.17851891853489826,-0.21113273341404856,-0.11558684514615915,-0.14997779661797592,-0.10689144068668462,-0.11575354208160892,-0.06169941016123321,-0.07250570040235436,71.6,4,PEuk1
0.40291268734444474,0.5583438048482267,-0.05611224194112323,-0.056691998458471636,-0.09319557830308885,-0.17197019691329857,-0.12208750271946868,-0.15096262246630868,0.08585922200991217,0.16901900056115343,0.334755864294228,0.4767166739965882,72.2,4,PEuk1
-0.3409626915970609,-0.4006718304584954,-0.1149193731549444,-0.1434320991756873,-0.19609146360644947,-0.2500614637267344,-0.11389740871467757,-0.15042544473085445,-0.18737061719867107,-0.20228314393199412,-0.07759171766523208,-0.0814956177374642,72.6,4,PEuk1
-0.31933884253122663,-0.3756394616912671,-0.11250045850388851,-0.1392000205947765,-0.178722069344974,-0.23802044504142916,-0.11279560234632002,-0.14711284869555336,-0.11366708786518989,-0.14379351432679702,-0.058755466227996364,-0.1748593984999016,72.6,4,PEuk1
-0.34051823775429707,-0.40167804244422795,-0.11310968567955296,-0.1417672840496511,-0.19070796713944246,-0.24257966570868064,-0.11184070349374348,-0.14738143756328048,-0.18038059654029132,-0.21446637706496946,0.151042120144129,0.8697279459890151,72.6,4,PEuk1
0.08415974823725822,0.193125277990603,-0.07040466007063521,-0.07376039431375529,-0.21234352841250842,-0.24784030494012468,-0.12208750271946868,-0.1525293908613835,0.044056393434384666,0.1124925060320167,0.13837235013767046,0.262543182196579,73.4,4,PEuk1
0.1423177031782762,0.2828693705280414,-0.09906918427246762,-0.11757089333434842,-0.16622829452531618,-0.22001736856048737,-0.12208750271946868,-0.15248462605009566,-0.0718353550002411,-0.06009487121270486,-0.04420207107781425,0.06460080142078181,73.8,4,PEuk1
-0.06624343215400923,-0.04528777368766925,-0.07881816448392527,-0.09017417839618005,-0.17181494180239895,-0.22364136447548214,-0.11011454018331665,-0.1480081449213104,-0.13174431220741598,-0.15533641155513467,-0.08196605243608682,-0.11846511340869666,73.9,4,PEuk1
-0.07858053513683155,-0.08292283375131218,-0.08695147580798569,-0.10638053405675242,-0.16358733399433162,-0.22831748823676573,-0.11286905610421052,-0.1467099653939627,-0.04920811376494837,-0.020996466403872094,0.05435352087921906,0.10519910390673441,74.1,4,PEuk1
-0.08222973510899743,-0.028150298962342373,-0.08186430036224752,-0.09610609248603716,-0.17059603694194453,-0.23369503056224183,-0.11510939571987087,-0.14765002643100758,-0.06104682897374801,-0.049112267900925204,0.004605858142996524,0.08441145943869964,74.5,4,PEuk1
0.012537181091248718,0.12850461412860395,-0.09523902186006243,-0.11452950777238263,-0.20005290440292633,-0.24222895642658437,-0.11408104310940383,-0.14912726520350672,0.049374782687900354,0.08184063733370109,-0.06722970031830242,-0.09418002164864656,74.6,4,PEuk1
-0.33985857468240555,-0.39126989493570047,-0.11453121575610334,-0.14104801926218888,-0.19172372118982114,-0.2361499955369157,-0.1155501182672139,-0.15118644652274793,-0.14695760320615017,-0.1340747318794339,-0.1700681485623893,-0.24194306475120972,74.6,4,PEuk1
-0.3421416638957606,-0.3893712958494993,-0.11561857058861837,-0.14632532157918707,-0.1943646817208057,-0.24141063476835975,-0.11823118043021726,-0.15261892048395923,-0.1616963821202183,-0.135178468767691,-0.18192708655333772,-0.26627741633227414,74.6,4,PEuk1
-0.3404106331397332,-0.39563166453901166,-0.11555687669741184,-0.14511577143098278,-0.19761509468201752,-0.24491772758932243,-0.11657847087768093,-0.15100738727759652,-0.19496040186254243,-0.22726888242150894,-0.08108037438837573,0.045159592060471244,74.6,4,PEuk1
-0.1131029025658213,-0.10705370942725068,-0.0942981900191629,-0.11261685609036695,-0.18105830366084497,-0.23544857697272317,-0.11830463418810776,-0.1496196781276731,-0.06854026600621509,-0.0716546193859014,0.07686138600720072,0.08334416331672312,74.7,4,PEuk1
-0.2439033292604541,-0.26081291743708435,-0.10472445763306588,-0.1246046025480709,-0.1844102920270946,-0.2388387666996538,-0.11848826858283402,-0.15288750935168635,-0.15053210033124856,-0.17197671960328567,-0.13366387012243375,-0.10702041499304087,75.9,4,PEuk1
-0.2218350263518561,-0.2372602721782863,-0.07523220705754592,-0.07860937040900633,-0.17110391396713387,-0.2386049605115896,-0.10996763266753565,-0.14832149860032537,-0.11965268446618015,-0.11961662119050878,-0.11654907742581959,-0.045667307919729686,76.1,4,PEuk1
-0.1679531852243761,-0.1656416543702651,-0.08393361629646644,-0.09782209124863434,-0.1549534245661128,-0.22527800779193138,-0.12208750271946868,-0.15324562784198917,-0.06865106578232999,-0.0661569986256895,-0.0018724817552845442,0.009158872869186688,76.5,4,PEuk1
-0.08179931665074197,-0.09694605961581983,-0.10503806824669906,-0.12882859950215625,-0.1674471993857706,-0.23369503056224183,-0.12050824692482286,-0.14832149860032537,-0.0753014610400097,-0.08116276502252844,0.03458169403947164,0.08725210911719096,76.9,4,PEuk1
-0.2515011507409636,-0.27120740595938014,-0.09970925839373533,-0.12314182809267017,-0.18491816905228395,-0.2439825028370657,-0.10456878146258365,-0.14657567096009913,-0.1454329019391776,-0.17247382247662285,-0.13609220805606415,-0.1313629765442743,77.2,4,PEuk1
0.21942342720554003,0.3936164308943674,-0.09456810079319146,-0.11236093790756203,-0.17841734312986038,-0.2296034222711187,-0.11731300845658597,-0.15073879840986942,0.07045323574836945,0.14661988210747776,-0.001369350094378248,0.09075776637937534,77.3,4,PEuk1
0.5470280154759802,0.8731379075339601,0.0860639009231175,0.1801562389140653,-0.11696422308195004,-0.18786901770166275,-0.100822639810168,-0.1419648953974503,-0.012615283357606751,0.009225703200541897,-0.037657201373132346,-0.022884640700615737,77.5,4,PEuk1
0.10513796961570923,0.14703530544956048,-0.06627888109619876,-0.07727859585842077,-0.18319138716664018,-0.22492729850983512,-0.11110616591483845,-0.14917203001479457,-0.06503080353231455,-0.0526341153764326,-0.004737421543420395,0.08302397448013017,78.2,4,PEuk1
-0.10383487032882054,-0.14785310130122892,-0.09665541077901227,-0.11613236375942394,-0.16358733399433162,-0.23544857697272317,-0.11290578298315578,-0.14850055784547678,-0.06055786474437134,-0.037539881519084495,0.04670675125602337,0.061637002189754736,78.3,4,PEuk1
-0.220768337129223,-0.256055037233055,-0.07486975544670757,-0.08312161205319826,-0.21234352841250842,-0.24912623897447767,-0.1169090127881882,-0.15020162067441517,-0.14127791033486847,-0.15454020441055227,-0.09073551254229656,-0.06824472588461737,78.3,4,PEuk1
0.4005547427470453,0.6583321370594126,-0.03742413406314622,-0.021356432102133935,-0.18044885123061774,-0.2350978676906269,-0.12194059520368768,-0.1527532149178228,0.09447510894823899,0.16206798580686252,0.01962080382508442,0.08377929173568278,78.4,4,PEuk1
-0.25350821072565477,-0.26802030917199204,-0.09195125157451461,-0.10817734908760378,-0.19974817818781274,-0.2463205647177075,-0.11808427291443625,-0.15284274454039848,-0.15030086601587833,-0.17927739146339852,-0.0938707296689358,-0.10101892679946525,78.7,4,PEuk1
-0.218148398687668,-0.26292550730758163,-0.1011410707854868,-0.1244160312554778,-0.19101269335455606,-0.23439644912643437,-0.12208750271946868,-0.15315609821941345,-0.12089797760208032,-0.13201891660664966,-0.06014427593661375,-0.04382006463169342,78.9,4,PEuk1
0.2197743118182483,0.4822678045332727,-0.06405533043396353,-0.06619060385394673,-0.17608110881398942,-0.22036807784258364,-0.12113260386689213,-0.14997779661797592,0.024521911167168994,0.05908343630177407,-0.03128281429735258,0.054108459544735824,79.2,4,PEuk1
-0.3101971287548009,-0.3789494893547402,-0.1066189742088663,-0.13078704706951597,-0.21234352841250842,-0.2578939710268844,-0.11510939571987087,-0.15078356322115727,-0.1770180642042823,-0.22282023297876274,-0.1523254808178673,-0.1757624952184971,79.4,4,PEuk1
-0.2506683845934693,-0.2367503366923042,-0.11494507894294712,-0.14214442663483728,-0.20452222222459254,-0.24702198328190003,-0.12076533507743963,-0.1519026835033536,-0.1619420685802992,-0.20200510334182248,-0.14420884443696572,-0.14679772046208844,79.6,4,PEuk1
-0.28815689661521954,-0.32437273336842426,-0.1095879927231804,-0.13338394315608376,-0.1600321948180062,-0.22434278303967467,-0.11764355036709323,-0.15011209105183948,-0.15809779808726884,-0.19618310189307697,-0.1192518508108534,-0.17173960983566255,79.6,4,PEuk1
-0.13367409779353073,-0.1130454513875403,-0.10301245215208478,-0.13022402706734515,-0.18034727582557988,-0.24222895642658437,-0.11628465584611893,-0.14666520058267482,-0.11115723206710866,-0.12166401099086356,-0.060896894371523166,0.01768082190466066,79.8,4,PEuk1
-0.23520139086528932,-0.3048813600158407,-0.09884811449564423,-0.11986876922837572,-0.21234352841250842,-0.24807411112818886,-0.12208750271946868,-0.15266368529524707,-0.14111411936148122,-0.16591880492651578,-0.09974198508380927,-0.11075595141995864,79.9,4,PEuk1
-0.14938904998135788,-0.1347268155326005,-0.10338261549932394,-0.12345431766325302,-0.19974817818781274,-0.25017836682076644,-0.106515306046682,-0.14572513954562993,-0.08603458717844535,-0.07795687276312517,-0.036368186374116214,0.08488763770850453,80.0,4,PEuk1
-0.09975993035990197,-0.05963881522173682,-0.06749990602632792,-0.06969264214496136,-0.19223159821501049,-0.2363838017249799,-0.10897600693601385,-0.143576428603813,-0.0035995537489522168,0.05929407311251016,0.09707397281435365,0.19834942544477652,80.2,4,PEuk1
-0.2633142660354749,-0.3317895628922174,-0.09845481593920262,-0.11520028279889236,-0.2075694843757286,-0.25017836682076644,-0.12208750271946868,-0.1513207409566115,-0.16977272232268123,-0.2156290922602327,-0.12098162577727506,-0.1694326082181595,80.6,4,PEuk1
-0.14339126233479807,-0.15917184789186725,-0.10451881132904413,-0.1304772513745416,-0.207264758160615,-0.23603309244288362,-0.11507266884092562,-0.1504702095421423,-0.12254070471752312,-0.13500153384667268,-0.0804940804694684,-0.051151567992655134,80.7,4,PEuk1
-0.17575685901100774,-0.23183310164890542,-0.10495580972509036,-0.13367757559740728,-0.17018973532179305,-0.23848805741755752,-0.10996763266753565,-0.14751573199714402,-0.15215796661119563,-0.18298459933235367,-0.06951250430043097,-0.11621558158237694,80.8,4,PEuk1
-0.1599576945161306,-0.18033417056012424,-0.08040678218249334,-0.09202756481480934,-0.1953804357711844,-0.23825425122949334,-0.11532975699354238,-0.14644137652623557,-0.10428282856641402,-0.10117747477867158,-0.09507242429705083,-0.029542926507715346,80.9,4,PEuk1
-0.06293108141004328,-0.02337875977208133,-0.09466835336640206,-0.11730958740032656,-0.19588831279637375,-0.24386559974303362,-0.112207972283196,-0.14935108925994597,-0.03473188214645685,-0.007519923252977146,0.058187300973067034,0.17140430334995418,81.2,4,PEuk1
-0.25004614921359997,-0.2668957193055851,-0.10333891565971931,-0.12749243720035375,-0.17750316448451958,-0.23708522028917245,-0.12208750271946868,-0.15342468708714058,-0.14826311361167802,-0.17645907093574964,-0.12241201661489295,-0.14574684428045004,81.6,4,PEuk1
-0.13244834087980323,-0.049449211492916006,-0.09483801156722,-0.11024893943051936,-0.17171336639736107,-0.2350978676906269,-0.11430140438307533,-0.15118644652274793,-0.06524758570297416,-0.04969783823477153,-0.06258508820894429,0.0456604002407833,81.9,4,PEuk1
-0.15735179145908396,-0.13535512889925702,-0.09680964550702859,-0.11955897353340135,-0.20767105978076647,-0.2439825028370657,-0.11621120208822842,-0.15181315388077787,-0.15966826447915844,-0.20561541827783902,-0.10820790294831521,-0.12839917731324724,82.4,4,PEuk1
-0.2379242554599054,-0.20856729510097227,-0.10619482870682144,-0.13550402325995184,-0.21234352841250842,-0.24842482041028513,-0.09872920771028865,-0.14277066200063165,-0.12843477106867932,-0.14869292654451843,-0.07998679069566206,-0.10173319420417261,82.9,4,PEuk1
-0.2513561184343775,-0.27938003272132533,-0.10388644894417723,-0.12550705087690928,-0.18684810174800345,-0.23451335222046646,-0.118194453551272,-0.15006732624055164,-0.15266620036685313,-0.17935743345147823,-0.11284004071897318,-0.14050067334242705,83.0,4,PEuk1
-0.24990579536851668,-0.2939541710305101,-0.0799980601532501,-0.08676642575146197,-0.2017796862885701,-0.2497107544446381,-0.1159173870566664,-0.15060450397600586,-0.13095667032068609,-0.13634960943538366,-0.12536843488682994,-0.06048630407486506,83.2,4,PEuk1
0.21196595957011388,0.41327626507714144,-0.0760033806976275,-0.08258014305589524,-0.21234352841250842,-0.24936004516254184,-0.11551339138826865,-0.15091785765502083,0.06800359721991589,0.10720973481875559,-0.033582250731081356,-0.02896822859588184,83.2,4,PEuk1
-0.10924785028753325,-0.08856399506498912,-0.10054212592502344,-0.12417627632632372,-0.20675688113542565,-0.2462036616236754,-0.11889226425123178,-0.14921679482608244,-0.06459964788178045,-0.042683632437259776,0.04345926508108273,0.1092630391404142,83.3,4,PEuk1
-0.09395863809645878,-0.11391052051554565,-0.10808677470382158,-0.13443994239460508,-0.17211966801751255,-0.22036807784258364,-0.10636839853090099,-0.14474031369729717,-0.1307158012421754,-0.1620346621365423,-0.09429485718474111,-0.11284949381306641,84.0,4,PEuk1
-0.17732414361443796,-0.13860596762239288,-0.08015229488126642,-0.09144299380777074,-0.1738464499031563,-0.22784987586063737,-0.12208750271946868,-0.15199221312592928,-0.08329590575577898,-0.06808221907581734,-0.027860687380609754,0.06378801437404585,84.3,4,PEuk1
-0.12370897479261622,-0.1359242533255763,-0.10134928766830884,-0.1283679467731074,-0.17059603694194453,-0.23042174392934334,-0.12208750271946868,-0.15011209105183948,-0.07902047961221452,-0.08132706173490259,0.011591487815083942,0.047893512126764924,84.3,4,PEuk1
-0.19851289576051392,-0.20492945176793928,-0.10879882503149692,-0.1320208420981965,-0.19385680469561636,-0.23743592957126872,-0.11566029890404965,-0.14765002643100758,-0.12686912205835993,-0.13619373819543895,-0.11822479692454056,-0.11039471273252044,84.4,4,PEuk1
0.06938984527299197,0.13270702889254568,-0.09304631814343046,-0.11070151053274278,-0.17730001367444384,-0.21651027573952467,-0.12208750271946868,-0.1523503316162321,-0.07436207163381807,-0.06589580898037674,0.03477296723287403,0.09400070459615012,85.2,4,PEuk1
-0.21367111102951064,-0.26605341515463254,-0.08643221889033076,-0.09920404943578087,-0.19690406684675243,-0.2476064987520605,-0.10306297942582834,-0.14626231728108416,-0.13902096706922346,-0.1662136964615463,-0.08192031319418625,-0.10921247702817723,85.8,4,PEuk1
-0.2054838033996513,-0.2255499679823403,-0.09973496418173805,-0.116423302325139,-0.1696818582966037,-0.2296034222711187,-0.11540321075143288,-0.14738143756328048,-0.13258976267298844,-0.15039908471148075,-0.08364593004770784,-0.09615862445938762,85.9,4,PEuk1
-0.1352320254739554,-0.09366790292022065,-0.08752471488044633,-0.09913670254556906,-0.195685161986298,-0.23568238316078735,-0.11400758935151332,-0.14653090614881126,-0.06671929577267438,-0.0394187618708504,0.00596556106131354,0.11954192179206488,85.9,4,PEuk1
-0.012623584870684722,0.08407193191700325,-0.05877793215700523,-0.05523461175428785,-0.18065200204069348,-0.23100625939950378,-0.11878208361439603,-0.15024638548570304,-0.002638486125694627,0.03168379996122366,0.08077832835904973,0.22144407153031437,86.1,4,PEuk1
-0.2321229631964622,-0.24477726760111165,-0.10957513982917903,-0.1354690028770417,-0.17049446153690664,-0.23030484083531125,-0.12208750271946868,-0.1532008630307013,-0.12858410989735594,-0.15732482304848336,-0.09219501017021482,-0.0940404521557727,86.1,4,PEuk1
-0.21336701103183014,-0.2808369912527028,-0.11002499111922663,-0.13362908583645478,-0.19263789983516194,-0.23743592957126872,-0.10824146935710882,-0.14702331907297764,-0.1438287138762965,-0.17380925985668966,-0.10716837472330219,-0.11861289287173957,86.2,4,PEuk1
1.3707179476548574,1.8994331560224451,-0.024399011282168304,-0.00756109511114473,-0.14296752677164434,-0.18927185483004783,-0.112207972283196,-0.14505366737631215,-0.10176333800519237,-0.11154923133931659,-0.01605164674446198,0.02089913021092829,86.8,4,PEuk1
-0.3398632531439083,-0.37256163679373233,-0.11517900161377187,-0.1444988739166425,-0.19009851470921524,-0.24234585952061646,-0.11147343470429096,-0.13981618445563337,-0.18790293786217965,-0.207932423195936,-0.18174412958573544,-0.25880634347843856,87.0,4,PEuk1
-0.16800932676240943,-0.12048049289297569,-0.06565680102653294,-0.0641728910232006,-0.18715282796311705,-0.23544857697272317,-0.11290578298315578,-0.1481872041664618,-0.05888141595793705,-0.02550409415362439,0.006805499867124051,0.11492791855705875,87.1,4,PEuk1
-0.18065052974291224,-0.18334370052650073,-0.1023775191884176,-0.12882859950215625,-0.20767105978076647,-0.25485449058205006,-0.12168350705107091,-0.15073879840986942,-0.12009829226142489,-0.12667716708638246,-0.08397442096681196,0.009511901586455842,87.5,4,PEuk1
0.15285359848252944,0.2506478220075477,-0.06667475023144064,-0.059954281820332196,-0.20645215492031205,-0.24842482041028513,-0.12113260386689213,-0.15011209105183948,-0.06270882561547166,-0.03472156099143563,0.026369421061868868,0.19960555088064116,88.2,4,PEuk1
-0.3432738515794326,-0.3922988718984858,-0.11543863007259933,-0.14348597668785676,-0.1953804357711844,-0.24269656880271273,-0.11389740871467757,-0.1477395560535833,-0.19559147884824038,-0.22485498457047337,-0.16904941090187656,-0.22698449910320048,88.5,4,PEuk1
-0.19227182811580973,-0.17354565440298758,-0.10841837936905667,-0.13206663798354054,-0.17567480719383793,-0.2329936119980493,-0.11962680183013683,-0.15243986123880782,-0.13540070481920802,-0.14900466902440787,-0.08217395808108942,-0.057891953501445235,89.4,4,PEuk1
-0.22796381092049367,-0.26591227229690534,-0.10744413000375361,-0.13393079990460374,-0.20909311545129664,-0.2419951502385202,-0.12208750271946868,-0.15306656859683776,-0.16745315309662342,-0.20854326994707065,-0.09542586389355526,-0.15173191253368754,89.8,4,PEuk1
-0.2216338525072367,-0.23615389429352157,-0.09980951096694594,-0.11452681389677416,-0.17608110881398942,-0.22925271298902244,-0.12208750271946868,-0.15266368529524707,-0.1379635518145616,-0.16707309464934952,-0.05015233063778871,-0.09032954563936206,90.3,4,PEuk1
0.0345680563078245,0.15525801516102178,0.009162465534182145,0.05822065337215255,-0.18532447067243543,-0.24141063476835975,-0.12054497380376811,-0.1494406188825217,0.04365414207327184,0.10210811126272752,0.15990305873413987,0.37005274156028967,90.3,4,PEuk1
-0.055384723006064354,0.006024484589279189,-0.011731198954428184,0.028159695457204585,-0.20523325005985762,-0.23650070481901198,-0.12208750271946868,-0.1503806799195666,-0.02593775209003214,0.006740188833856053,0.03693518594090109,0.14608475534860377,90.6,4,PEuk1
-0.2719085998160758,-0.30270047521418514,-0.11094782890852425,-0.14027487696255717,-0.21234352841250842,-0.25017836682076644,-0.12208750271946868,-0.15284274454039848,-0.1581893283371029,-0.19567336081109565,-0.1402128979400157,-0.17793813731329536,90.6,4,PEuk1
-0.20343931572293786,-0.2217937467686329,-0.10012312158057912,-0.12205080847123868,-0.16318103237418013,-0.20774254368711798,-0.11158361534112672,-0.14827673378903752,-0.14174519634717916,-0.16903622972540988,-0.11536817336220481,-0.12213497007426204,90.7,4,PEuk1
-0.1945315250216509,-0.2047200139790538,-0.10671408562447637,-0.1340627998094189,-0.1591180161726654,-0.23848805741755752,-0.12208750271946868,-0.14890344114706747,-0.11600833530831364,-0.128577111119222,-0.03799400851803656,-0.03652961112157695,91.0,4,PEuk1
-0.30120044728496115,-0.3616845307579178,-0.08592838544547746,-0.09412609391380965,-0.16724404857569486,-0.22925271298902244,-0.11947989431435581,-0.1531113334081256,-0.16941864477727053,-0.2100008766773644,-0.13352249428383198,-0.17710893032622133,91.6,4,PEuk1
-0.16592741139367376,-0.15795164512183865,-0.10027735630859543,-0.11683277141762688,-0.17059603694194453,-0.23053864702337543,-0.1054502265572697,-0.1450984321876,-0.0701516801414515,-0.0417399795251621,-0.014238709520039293,0.11115954224946477,92.1,4,PEuk1
-0.24448345848679842,-0.2478824104711098,-0.10592234735399261,-0.13016476180395875,-0.15891486536258967,-0.22223852734709706,-0.11529303011459713,-0.147829085676159,-0.14461635576302642,-0.16443170904271898,-0.12558465675763267,-0.11180682760159705,92.4,4,PEuk1
-0.016254070996839492,0.017684705835709087,-0.09559633231330023,-0.10978020507464509,-0.19324735226538917,-0.23895566979368588,-0.09274272644221264,-0.14308401567964663,-0.1179208357916884,-0.1421210580495525,-0.02966946649213239,-0.04781011013385175,92.8,4,PEuk1
-0.19636080346923662,-0.21580200480834327,-0.10877054866469392,-0.13834336815128218,-0.15617232942656722,-0.22691465110838066,-0.11011454018331665,-0.14939585407123385,-0.12694860885426845,-0.15287617360573716,-0.06575357023878393,-0.07730853295124865,92.8,4,PEuk1
-0.1931654142628401,-0.24425822612430845,-0.10839267358105395,-0.13446957502629828,-0.16592356831020258,-0.22025117474855155,-0.11459521941463735,-0.14912726520350672,-0.14677695139726715,-0.18100882604764915,-0.07520911897350227,-0.12702811229501587,93.2,4,PEuk1
-0.2676605567715545,-0.2948328991447471,-0.09163764096088144,-0.10449482113082145,-0.19720879306186603,-0.2396570883578784,-0.1191860792827938,-0.15078356322115727,-0.15492555232328326,-0.1807644873471953,-0.13459112929914535,-0.1423314966901252,93.4,4,PEuk1
-0.09779029806723295,-0.09921345133027594,-0.10341089186612692,-0.12153089047880343,-0.1967009160366767,-0.243047278084809,-0.12208750271946868,-0.15355898152100414,-0.06006167444263935,-0.03881634059214519,0.07965563787603569,0.11644676303833301,93.5,4,PEuk1
-0.17434396363716914,-0.12935883394355682,-0.10685289687969106,-0.13241145406142507,-0.20604585330016056,-0.24655437090577167,-0.12102242323005638,-0.15266368529524707,-0.10561965195214826,-0.10547025298147307,-0.048954794122573725,0.028879221215244957,94.1,4,PEuk1
-0.18935246813807702,-0.22322794032295754,-0.10358312064574515,-0.1216332577519254,-0.20421749600947894,-0.24141063476835975,-0.11499921508303512,-0.14935108925994597,-0.11108738003434057,-0.11020115575060561,-0.06222333238663976,-0.04019125781697329,94.2,4,PEuk1
0.06270432378552397,0.14962595983816596,-0.09762966014431533,-0.11544542547926338,-0.21234352841250842,-0.2525164287014083,-0.10497277713098142,-0.1436659582263887,0.005719670898625767,0.06182592757755794,0.0802793548110435,0.24012175366490326,94.4,4,PEuk1
-0.15253297611122388,-0.12613986618829484,-0.10450081727744223,-0.12795578380501108,-0.21234352841250842,-0.24573604924754705,-0.10166735802590877,-0.14447172482957005,-0.10808615131609757,-0.12266664220996734,-0.041295550160677874,-0.0777765012508845,94.6,4,PEuk1
0.10843628497516684,0.3022013890412555,-0.0796587437516142,-0.08553263072278143,-0.13778718111471305,-0.2318245810577284,-0.1148523075672541,-0.14832149860032537,0.057441488127222835,0.1184914424017805,-0.03455524914969353,0.07475653451989675,94.8,4,PEuk1
0.056762677676997476,0.11137624539409818,-0.09849851577880725,-0.11645832270804915,-0.18248035933137513,-0.23556548006675526,-0.11187743037268873,-0.1487691467132039,-0.0957729240226319,-0.10553344402469389,-0.008737526153270453,0.03272969722452944,95.3,4,PEuk1
-0.12690904246051554,-0.1179717924217602,-0.06071871915121055,-0.05439142868883587,-0.17181494180239895,-0.23486406150256273,-0.11408104310940383,-0.14724714312941692,-0.07461498416625428,-0.054757334428652375,-0.02052993433781802,0.06399326362827211,95.4,4,PEuk1
0.8629925915275118,1.1125344062209122,0.5035567450328838,0.8481404102934145,-0.1937552292905785,-0.20248190445567393,-0.11070217024644068,-0.14303925086835875,-0.09589094987110214,-0.10452660006937539,0.00028973695274251354,0.01418337461264533,95.4,4,PEuk1
-0.15000192843822166,-0.18159535028884782,-0.0769647771689292,-0.08241312276816992,-0.20736633356565287,-0.23813734813546125,-0.1019611730574708,-0.14187536577487458,-0.09513943834614882,-0.08744395471867861,-0.06969130315513322,-0.019534972871643307,95.6,4,PEuk1
-0.2353698154793893,-0.23191050257088483,-0.08921615573102527,-0.10176861901504698,-0.18166775609107216,-0.2350978676906269,-0.11529303011459713,-0.14693378945040195,-0.132286267634065,-0.14583669139093708,-0.11063208276904554,-0.07260422004438297,96.0,4,PEuk1
-0.2076405741524314,-0.22395186659323568,-0.09034463982434465,-0.10832551224606977,-0.19720879306186603,-0.2462036616236754,-0.11048180897276917,-0.14814243935517396,-0.11930342430233966,-0.14180931556966306,-0.04801921872006201,-0.0703793181285704,96.1,4,PEuk1
-0.34668445001495685,-0.41441277060754866,-0.1155877236430151,-0.14637650521574805,-0.19080954254448032,-0.2409430223922314,-0.11709264718291446,-0.15212650755979285,-0.1936669349109401,-0.2118418424031978,-0.17811409702399,-0.24935666781386193,96.2,4,PEuk1
-0.3467780192450124,-0.4123957936406731,-0.11530238939618492,-0.1460559340183398,-0.19294262605027557,-0.2440994059310978,-0.11650501711979043,-0.15243986123880782,-0.1956974612427851,-0.22377231136328987,-0.1873367914363054,-0.272812552586838,96.2,4,PEuk1
-0.3388199562287891,-0.39690195025855635,-0.11561857058861837,-0.1457191995672807,-0.19080954254448032,-0.2418782471444881,-0.11195088413057923,-0.14550131548919065,-0.19278294539280594,-0.2205874827849602,0.0805205253592465,0.5320847128166619,96.2,4,PEuk1
-0.13135358088815347,-0.14492097225683187,-0.09082019690239497,-0.10687890104431988,-0.1674471993857706,-0.2238751706635463,-0.11389740871467757,-0.14666520058267482,-0.047714725478182195,-0.01330822281200486,0.07505676500857814,0.12479630270025693,96.3,4,PEuk1
-0.21308630334166354,-0.23662285282080867,-0.07629899725965877,-0.08832887360437619,-0.20025605521300208,-0.2419951502385202,-0.12208750271946868,-0.15297703897426204,-0.12927781284346668,-0.1557113450782449,-0.07273088368507126,-0.07625765676961024,96.6,4,PEuk1
-0.1905080481292629,-0.18130395858257234,-0.1022412785120032,-0.12642835633500699,-0.18562919688754903,-0.2387218636056217,-0.11984716310380833,-0.1519026835033536,-0.12070528233927179,-0.12802524267509344,-0.11245333621926833,-0.05341751975931295,96.8,4,PEuk1
-0.19012909274753795,-0.23676399567853587,-0.08175376547383584,-0.09651286770291655,-0.21234352841250842,-0.25275023488947246,-0.11801081915654575,-0.15118644652274793,-0.1183881218039991,-0.13604207969170898,-0.06273062216044611,-0.08033801194362813,97.1,4,PEuk1
-0.21550506793859914,-0.21270596792916624,-0.10409980698459981,-0.12608623413273093,-0.16257157994395294,-0.23381193365627392,-0.1201042512564251,-0.14796338011002255,-0.11259040308424717,-0.1246129263411688,-0.0575911946159818,-0.06652884211928592,97.2,4,PEuk1
0.025426342531398707,0.1660076373253408,-0.10231068413961053,-0.12526998982336368,-0.1699865845117173,-0.2331105150920814,-0.11459521941463735,-0.14899297076964316,0.02553596998769893,0.06924876878789771,0.1527427883202503,0.3010068924385786,97.3,4,PEuk1
-0.16466890524942682,-0.1277926035223261,-0.11001984996162609,-0.13337855540486682,-0.167142473170657,-0.22247233353516124,-0.12208750271946868,-0.152081742748505,-0.08577685726443893,-0.05731867804720321,-0.041066853951175014,0.07966609668098869,97.4,4,PEuk1
-0.1940636788713732,-0.19592362684586262,-0.10270912385365269,-0.11666575112990156,-0.16033692103311983,-0.22597942635612392,-0.11404431623045858,-0.14872438190191606,-0.0991667693388473,-0.09415484350873038,-0.016475774260267285,-0.022868220760277638,97.6,4,PEuk1
-0.17987390513345128,-0.1997526959861389,-0.08939095508944377,-0.10426853557970973,-0.20828051221099367,-0.24830791731625304,-0.1091596413307401,-0.14751573199714402,-0.06442140476368255,-0.03492798506595699,-0.033366028860278646,0.0513334896275969,98.1,4,PEuk1
0.4167936826231834,0.6529960264382428,-0.029571015828315447,-0.0009072223582169163,-0.10640038095801173,-0.20049455185712842,-0.10614803725722947,-0.14617278765850844,0.02738584451066091,0.08061051835900232,0.1701029096779675,0.2925834630451332,98.2,4,PEuk1
-0.17208894519283074,-0.21266499097047126,-0.10052927303102208,-0.1303991289818959,-0.17171336639736107,-0.243047278084809,-0.12208750271946868,-0.1508283280324451,-0.10332176094315643,-0.11257292623949397,-0.027823264364509288,-0.04774443037249935,98.3,4,PEuk1
-0.10307695956537069,-0.03273971833618124,-0.061857485559731015,-0.06386309532822623,-0.18837173282357147,-0.23650070481901198,-0.10023500974704397,-0.14563560992305422,-0.07134157338929423,-0.07175151231884,0.005346002239205787,0.07130834704889573,98.3,4,PEuk1
-0.11266312718456029,-0.08740298123529774,-0.0718081960955837,-0.07877908457234012,-0.16531411587997538,-0.22469349232177094,-0.10486259649414567,-0.14626231728108416,-0.04536866065348823,-0.02973789404941977,0.08643752001602055,0.11456667986962055,98.4,4,PEuk1
-0.2625469983490195,-0.3036338392733488,-0.10209989667798823,-0.12359709307050207,-0.20970256788152383,-0.24176134405045602,-0.11694573966713345,-0.1513207409566115,-0.14702504654813314,-0.18235690163636012,-0.11122253480085294,-0.17256881682273661,98.5,4,PEuk1
-0.20412704956384603,-0.2350520694041674,-0.07142517985434317,-0.0798296960596445,-0.17079918775202027,-0.23217529033982467,-0.11731300845658597,-0.15051497435343014,-0.13050865383465624,-0.1498640672122111,-0.07533386236050382,-0.06931202200659389,99.0,4,PEuk1
-0.12849971937145963,-0.0895656540553111,-0.07839916013948095,-0.08383548908944356,-0.21234352841250842,-0.24550224305948287,-0.1021080805732518,-0.1442479007731308,-0.07052502721314304,-0.05558724346295257,0.015300524521930356,0.09342600668431661,99.5,4,PEuk1
-0.15570029454860373,-0.15826580180516692,-0.0856224865682451,-0.10127833365430493,-0.21132777436212974,-0.2476064987520605,-0.11551339138826865,-0.14970920775024882,-0.07304210908357958,-0.050405577918844785,-0.05666809355217024,0.06275355813274555,100.0,4,PEuk1
0.06327041762735995,0.100822402032433,-0.06796775136797742,-0.07933402294768552,-0.13981868921547042,-0.21312008601259408,-0.11790063851971,-0.14953014850509738,-0.07961542623613588,-0.0927056622508661,0.002443639434969467,-0.015741966653542175,100.4,4,PEuk1
-0.20484285417377088,-0.19609664067146368,-0.024311611602959058,0.002018326552584543,-0.19822454711224471,-0.24141063476835975,-0.11764355036709323,-0.15015685586312733,-0.11513879793489011,-0.13447072908361773,-0.06908421867172562,-0.06320380420082064,100.4,4,PEuk1
0.007540584206283134,0.056840466366477195,-0.09843425130880044,-0.11770558711477207,-0.15739123428702165,-0.226096329450156,-0.09410162096318694,-0.1434868989812373,-0.11611913508442855,-0.13724270951290468,-0.005968222961835797,-0.02893538871520564,101.3,4,PEuk1
-0.19625787731617553,-0.2123235163146797,-0.09659371688780574,-0.10426853557970973,-0.21234352841250842,-0.2546206843939859,-0.1133465055304988,-0.14867961709062819,-0.09603306262742344,-0.0960927021675024,-0.07471430353839607,0.0054233364422689055,101.6,4,PEuk1
-0.005278400311325202,0.08733187663096023,-0.09845481593920262,-0.11809081132678367,-0.18319138716664018,-0.2408261192981993,-0.11301596361999153,-0.1470680838842655,-0.04755093450479493,-0.029207089286364826,0.045189040047504375,0.17620713589884848,101.7,4,PEuk1
-0.34517330694955994,-0.40534320374972427,-0.11444638665569437,-0.14050924414049432,-0.19690406684675243,-0.24748959565802842,-0.11558684514615915,-0.1485900874680525,-0.1827338874373406,-0.1734132626525058,-0.18156533073103318,-0.2603169779895438,102.0,4,PEuk1
-0.24926484614263628,-0.3054641434283917,-0.10516659718671266,-0.13092712860115657,-0.21234352841250842,-0.24491772758932243,-0.11529303011459713,-0.14863485227934034,-0.15556144669055144,-0.19027263298382233,-0.10289799277494877,-0.1350985129711921,102.1,4,PEuk1
-0.22532515863292757,-0.21182268681951869,-0.09983264617614838,-0.12112680913753252,-0.18501974445732183,-0.23018793774127916,-0.1144115850199111,-0.15078356322115727,-0.14306034151584746,-0.16029480207986221,-0.10651139288509398,-0.06702144032942892,102.2,4,PEuk1
-0.28479308279472304,-0.35470478879353784,-0.07489546123471029,-0.07322700694327768,-0.21234352841250842,-0.25146430085511945,-0.11900244488806755,-0.15127597614532365,-0.1708084593602771,-0.21492135257615944,-0.11557607900720741,-0.18045038818502468,102.4,4,PEuk1
-0.2238514432595529,-0.22866421684315955,-0.09754483104390636,-0.11388567150195764,-0.1720180926124747,-0.226096329450156,-0.11151016158323622,-0.14684425982782623,-0.10325431760117344,-0.0922801758931792,-0.0957169317965589,0.023739779889419613,102.5,4,PEuk1
-0.24745896000256443,-0.23101356247500562,-0.10442884107103462,-0.12574141805484643,-0.20157653547849436,-0.25029526991479856,-0.12157332641423516,-0.15239509642751997,-0.15705483497731762,-0.17594090438133886,-0.17470860255884738,-0.1796950709294721,102.5,4,PEuk1
-0.3439615854203408,-0.41453570148363367,-0.11467516816891857,-0.14501879190907777,-0.18827015741853362,-0.24105992548626348,-0.1147054000514731,-0.14997779661797592,-0.1715792404115113,-0.2008297499379151,-0.17767333705658447,-0.26172088288845136,102.8,4,PEuk1
-0.2133529756473218,-0.20922747943550266,-0.10783228740259466,-0.1307143124280872,-0.21234352841250842,-0.2488924327864135,-0.12208750271946868,-0.1527532149178228,-0.13552836543081867,-0.16009680347777028,-0.08287667916119822,-0.07609345736622924,102.8,4,PEuk1
-0.05025712919902102,-0.011208603039669333,-0.029830644287142914,-0.0004007737438240301,-0.163282607779218,-0.22586252326209183,-0.12208750271946868,-0.15199221312592928,-0.052529698357610566,-0.023869552502312343,0.07923151036023038,0.18500822392007016,103.5,4,PEuk1
-0.13890929621513795,-0.10890222556393576,-0.058939878621422366,-0.04969869737887625,-0.20330331736413812,-0.25017836682076644,-0.11290578298315578,-0.1433973693586616,-0.0901968048551098,-0.08409061669176007,-0.03328286660227761,0.0006861836547270152,103.8,4,PEuk1
-0.22970887706102938,-0.2527176915971186,-0.09784558876353817,-0.12312835871462781,-0.1751669301686486,-0.23837115432352543,-0.09935356465235792,-0.14411360633926723,-0.14331325404828366,-0.1606233955046105,-0.1143369613629919,-0.08189790627574764,103.9,4,PEuk1
-0.18180143127259532,-0.24921188513099168,-0.10076833685944737,-0.1260188872425191,-0.21234352841250842,-0.24433321211916198,-0.11066544336749543,-0.14738143756328048,-0.14917119003766327,-0.1825211983487343,-0.10287304409754845,-0.11480346671330033,104.0,4,PEuk1
-0.10077983496750731,-0.0596114972492735,-0.09883783218044315,-0.11892591276541024,-0.186441800127852,-0.22095259331274408,-0.12208750271946868,-0.1512312113340358,-0.11583731826257106,-0.13360290542338507,-0.07932980885745383,-0.08549387320979157,104.0,4,PEuk1
0.4292430686820724,0.6651843951522971,-0.06379570197513605,-0.06440995207674621,-0.11818312794240446,-0.19792268378842245,-0.12208750271946868,-0.15266368529524707,0.08837389518956361,0.17277254852847054,0.2928254538101033,0.469138871530555,104.0,4,PEuk1
-0.23639907701000015,-0.24773671461797206,-0.09896636112045674,-0.12021358530626024,-0.20188126169360798,-0.2440994059310978,-0.11389740871467757,-0.14997779661797592,-0.13524173122739097,-0.14604311546545845,-0.09156297700940691,-0.10913858729665578,104.3,4,PEuk1
-0.14195497465344561,-0.14155630864843216,-0.09713096785706257,-0.11895285152149497,-0.1828866609515266,-0.2262132325441881,-0.12208750271946868,-0.15060450397600586,-0.07149813829032615,-0.06285842616956235,0.018751758228973545,0.08920608201742487,104.4,4,PEuk1
-0.2361745108578669,-0.27222727693134435,-0.05673432201078904,-0.04003845944689279,-0.186441800127852,-0.24059231311013513,-0.12208750271946868,-0.15203697793721713,-0.14719365490309064,-0.1730088399758925,-0.13105673333410114,-0.14490942732320694,104.4,4,PEuk1
-0.15992494528561116,-0.05925636360725025,-0.07363844820137731,-0.08068096075192191,-0.1967009160366767,-0.24164444095642393,-0.11330977865155355,-0.14590419879078134,-0.10492835769682263,-0.11050447275806559,-0.0469630580434488,-0.006251241138120294,104.6,4,PEuk1
-0.055904032232872575,0.020548539948947824,-0.1029636111548796,-0.12306101182441599,-0.16531411587997538,-0.22492729850983512,-0.11151016158323622,-0.1450984321876,-0.030270986812439168,0.011719643039657187,0.09744820297535833,0.1937518421501085,105.0,4,PEuk1
-0.1846646497122947,-0.16591483409489835,-0.08806453642850344,-0.10300780179494447,-0.1898953638991395,-0.24000779763997468,-0.11275887546737477,-0.15069403359858155,-0.11822433083061185,-0.13172823780783388,-0.0937917255238348,-0.08591258168841313,105.3,4,PEuk1
-0.05501980300884777,-0.005571994721402947,-0.09357842795508675,-0.11146118345433212,-0.18166775609107216,-0.24047541001610304,-0.11323632489366305,-0.14850055784547678,-0.05646309040968988,-0.018249762391873498,-0.01311186092412519,0.15860495985640513,105.7,4,PEuk1
-0.2170442817730127,-0.22891463159074002,-0.06971574495216233,-0.06649231792209569,-0.19131741956966966,-0.23486406150256273,-0.12043479316693236,-0.15261892048395923,-0.10977946093802761,-0.11823063097586531,-0.0709844762670494,-0.027301604651564674,105.7,4,PEuk1
-0.11414619948094053,-0.10340220710798602,-0.10116420599468925,-0.12817398772929736,-0.18461344283717035,-0.24105992548626348,-0.10500950400992667,-0.1470680838842655,-0.11931065037469499,-0.1407097914176207,-0.03950340350075545,-0.07742347253361535,106.2,4,PEuk1
-0.18829513583844948,-0.21078460386591227,-0.08551709283743396,-0.09101466758602357,-0.21234352841250842,-0.25368545964172917,-0.1147788538093636,-0.15136550576789934,-0.09954975117367927,-0.08843394772913822,-0.08303884556430025,0.014495353479069235,106.2,4,PEuk1
-0.19678654346598928,-0.16614248386542607,-0.10194566194997193,-0.12095440109859026,-0.18522289526739757,-0.2341626429383702,-0.12208750271946868,-0.15382757038873124,-0.10847876791406996,-0.10070143558640803,-0.04923338768687721,0.01399454529875718,106.3,4,PEuk1
-0.2680769398453016,-0.3055688623228344,-0.08230129875829376,-0.08591785493479304,-0.1895906376840259,-0.24561914615351496,-0.12208750271946868,-0.15212650755979285,-0.14850157399940359,-0.17672447331727711,-0.12429979987151658,-0.12195435073054293,106.3,4,PEuk1
-0.177553388228074,-0.16623354377363717,-0.09762451898671479,-0.11615930251550867,-0.21234352841250842,-0.25380236273576123,-0.1135668668041703,-0.1494406188825217,-0.11053097246298091,-0.11337334612029111,-0.08209079582308838,-0.052842821847479446,107.2,4,PEuk1
-0.22133910943256177,-0.26728727691089277,-0.10419491840020986,-0.1295370887871846,-0.1967009160366767,-0.2376697357593329,-0.11169379597796247,-0.14711284869555336,-0.1368916844151891,-0.1672963696687298,-0.0722235939112649,-0.10717640442625281,107.3,4,PEuk1
-0.12298381325968583,-0.08275892591653222,-0.10095598911186722,-0.1180881174511752,-0.17811261691474678,-0.2431641811788411,-0.12208750271946868,-0.1530218037855499,-0.06943389028748968,-0.06105958780587614,0.019304787244680464,0.11295752571648673,107.3,4,PEuk1
-0.1668631036942291,-0.11905540532947215,-0.09917457800327877,-0.11998729975514852,-0.17333857287796697,-0.23229219343385676,-0.1109225315201122,-0.14796338011002255,-0.06547641132755931,-0.055869496789338925,-0.030966797716948626,0.046415717496335905,107.7,4,PEuk1
-0.22241047711669765,-0.2114402352050321,-0.09791242381234525,-0.1103540005792498,-0.18948906227898804,-0.24386559974303362,-0.11889226425123178,-0.14899297076964316,-0.1410779889997046,-0.1622916390456403,-0.12201699588938801,-0.07443504339208112,108.1,4,PEuk1
-0.1916262004284265,-0.23929546112680414,-0.10950830478037196,-0.13412745282402225,-0.16927555667645225,-0.2263301356382202,-0.12208750271946868,-0.15315609821941345,-0.1456858144716138,-0.18418101641733464,-0.09280209465362242,-0.13528734228508024,108.8,4,PEuk1
0.01775366566684481,0.19531982177849022,-0.09841882783599881,-0.11933268798228963,-0.18278508554648873,-0.24024160382803886,-0.11382395495678707,-0.14778432086487114,0.0018561308793145534,0.055603716188413886,0.12365263047148625,0.3127799896609964,109.1,4,PEuk1
-0.1789662836019126,-0.2643278298940324,-0.08479733077335781,-0.09323172721179668,-0.18248035933137513,-0.21919904690226275,-0.12050824692482286,-0.14939585407123385,-0.13713255349369977,-0.1617018559755793,-0.06742097351170481,-0.07798996047527981,109.4,4,PEuk1
-0.25194560458372733,-0.270902355266873,-0.11400938825964814,-0.1435910378365872,-0.19050481632936672,-0.24141063476835975,-0.11892899113017703,-0.1512312113340358,-0.1532298340105681,-0.18967442444133184,-0.09333849121772914,-0.117208987972832,109.4,4,PEuk1
-0.22689712169786055,-0.23482897262905023,-0.09656544052100276,-0.11806117869509047,-0.21234352841250842,-0.2578939710268844,-0.12069188131954912,-0.15288750935168635,-0.14391542674456034,-0.17665285680162685,-0.10988778055993623,-0.11178219769108991,109.7,4,PEuk1
-0.27101501366904546,-0.2292970832052266,-0.1098527623396084,-0.13670010403011376,-0.1931457768603513,-0.2497107544446381,-0.11841481482494352,-0.15239509642751997,-0.16170119950178852,-0.19344061061729312,-0.13745606908728122,-0.11272634426053066,109.8,4,PEuk1
0.17752780444817412,0.2873950479661325,-0.094573241950792,-0.10961587866252824,-0.12123039009354052,-0.211717248884209,-0.12208750271946868,-0.15364851114357983,-0.0718690766712326,-0.07304060960054487,0.015940873908538367,0.07162032591531962,110.1,4,PEuk1
-0.2545748999482879,-0.21782353477062943,-0.10295075826087825,-0.12267848148801284,-0.18034727582557988,-0.2307724532114396,-0.12109587698794688,-0.1541409240677462,-0.15554940323662592,-0.18151435439341576,-0.14336474751825515,-0.12724157151941118,110.6,4,PEuk1
-0.25975863529336457,-0.27202694513327996,-0.10318982208930354,-0.12440256187743544,-0.20675688113542565,-0.2388387666996538,-0.11834136106705301,-0.1512312113340358,-0.1349334188068973,-0.15875294062527404,-0.09799557766578741,-0.1227178779562646,110.8,4,PEuk1
0.06742021298032294,0.17831893691547998,-0.05472155881017611,-0.042285151704359106,-0.18471501824220823,-0.23918947598175005,-0.11970025558802733,-0.15243986123880782,-0.004237856807005503,0.05615137189632772,0.12986069303126394,0.3053910165088513,110.8,4,PEuk1
-0.2746454997952002,-0.35285627265685277,-0.10191481500436866,-0.12520533680876034,-0.15434397213588558,-0.22422587994564258,-0.1159908408145569,-0.15078356322115727,-0.16566108715250402,-0.2103884484091188,-0.12370103161390908,-0.17462951933516818,110.9,4,PEuk1
-0.3003910734449807,-0.33464429101463505,-0.10692744366489894,-0.12408199068002718,-0.18796543120342002,-0.2440994059310978,-0.1144115850199111,-0.14872438190191606,-0.1788029040760464,-0.21113831545533926,-0.17241748235091872,-0.21738704397558095,110.9,4,PEuk1
-0.08758189506817406,-0.032043110038366414,-0.10734130685174273,-0.1342298200971442,-0.15180458700993887,-0.2175624035858135,-0.100969547325949,-0.14406884152797939,-0.09404107534814016,-0.09458454260263201,-0.0056106252524313225,0.07341009941217254,111.0,4,PEuk1
-0.26839507522749045,-0.30173068719173707,-0.10186597400716349,-0.12390419488986797,-0.18461344283717035,-0.2362668986309478,-0.10835164999394457,-0.14720237831812905,-0.15376697205564693,-0.18112256992544665,-0.11780898563453535,-0.16219141452905733,111.4,4,PEuk1
0.22065386258077033,0.4383131868397802,-0.09678393971902587,-0.11804501544143964,-0.16287630615906654,-0.2376697357593329,-0.11999407061958933,-0.15136550576789934,-0.1693632448892131,-0.21241477452839996,-0.12930616780317922,-0.17160004034278872,111.8,4,PEuk1
-0.019430746357224915,0.07450608855942839,-0.06411188316756951,-0.061918117138908865,-0.19020009011425312,-0.2396570883578784,-0.11602756769350216,-0.14997779661797592,-0.010613661315183048,0.03873592038466791,0.15071778733792493,0.2092030060082607,112.2,4,PEuk1
-0.16554845601194884,-0.2010821706460208,-0.05915323666184494,-0.055024489456826975,-0.1732369974729291,-0.23275980580998512,-0.10791092744660155,-0.1475604968084319,-0.09118677676778866,-0.07756508829515604,-0.015128545680650429,0.03496280911051106,112.3,4,PEuk1
-0.3331824101179431,-0.38309271517834476,-0.11407879388725548,-0.14421601697775288,-0.20767105978076647,-0.2578939710268844,-0.1166886515145167,-0.15055973916471801,-0.17289679427096466,-0.21461803556869946,-0.1770579363473768,-0.2541348704522491,112.4,4,PEuk1
-0.3395217254542056,-0.39518091799336674,-0.11561857058861837,-0.1435910378365872,-0.19964660278277488,-0.24702198328190003,-0.1147788538093636,-0.1502911502969909,-0.18061905692801689,-0.21701929521109087,-0.18242606010134396,-0.2706697503727159,112.4,4,PEuk1
-0.20970845413665873,-0.2661171570903803,-0.10639790443204292,-0.1302886800819485,-0.1828866609515266,-0.23813734813546125,-0.10442187394680265,-0.14966444293896095,-0.16016927216246063,-0.1985085322836034,-0.12592978012833697,-0.12848127701493775,113.1,4,PEuk1
-0.2697050444482679,-0.30367936922745437,-0.10780401103579167,-0.12635292781796975,-0.21234352841250842,-0.2442163090251299,-0.12054497380376811,-0.1522608019936564,-0.15684768756979844,-0.18420208009840827,-0.16204714877818893,-0.16206005500635254,113.2,4,PEuk1
-0.216178766394999,-0.21358924903881382,-0.10603031166360403,-0.12760288610030113,-0.20645215492031205,-0.23848805741755752,-0.12069188131954912,-0.1527532149178228,-0.1293572996393752,-0.1365307570926167,-0.12173424421218447,-0.046003916696660735,113.3,4,PEuk1
-0.01948220943375546,0.013887507663306693,-0.10947231667716815,-0.13446957502629828,-0.19751351927697963,-0.22948651917708662,-0.10754365865714904,-0.14751573199714402,-0.09120845498485462,-0.10383992406637574,0.04059848340584693,0.08664457132468126,113.4,4,PEuk1
-0.22429589710231668,-0.27806877004308567,-0.10142383445351671,-0.12093554396933094,-0.19466940793591933,-0.23439644912643437,-0.10500950400992667,-0.14590419879078134,-0.13762874379543175,-0.164840344455547,-0.07749192295563083,-0.12361276470469106,113.4,4,PEuk1
-0.19028816043863236,-0.17088215208781324,-0.11371377169761686,-0.14448809841420862,-0.21234352841250842,-0.2557897153343068,-0.10904946069390435,-0.1489482059583553,-0.135964338462923,-0.1549319888785214,-0.06816527572081411,-0.0768898244726271,113.8,4,PEuk1
2.1798251153295793,2.546318190958608,0.9814324851610381,1.4532198923393151,-0.14225649893637926,-0.20727493131098962,-0.12065515444060386,-0.1471576135068412,-0.002571042783711638,0.03170486364229727,0.07525219631488057,0.10932050893159755,114.0,4,PEuk1
-0.06160707680475745,0.05134955390134856,-0.0921183391965323,-0.10761702296104143,-0.1693771320814901,-0.23112316249353587,-0.10930654884652112,-0.1473366727519926,-0.03309638110336938,-0.0009986075925878424,0.07862442587682278,0.22925996313125002,114.1,4,PEuk1
3.420319182790839,4.262697294838596,0.29376152682748974,0.3928296365761674,-0.08131125591365825,-0.1560713761249344,-0.09928011089446742,-0.13815988643798283,-0.056641333527787774,-0.06945135834560191,0.057958604763564174,0.08226044725440852,114.1,4,PEuk1
-0.2008942326654273,-0.2413761800294275,-0.10805335717941805,-0.13276435176613502,-0.13098162897717588,-0.21767930667984559,-0.11496248820408987,-0.14711284869555336,-0.12477356107531708,-0.1438651308424473,-0.05335407757082877,-0.0656421653410285,114.9,4,PEuk1
0.3923674351171859,0.6020707727711916,-0.0242987587089577,0.010606401992395827,-0.1677519256008842,-0.18342670012844334,-0.10952691012019262,-0.14711284869555336,0.07425896718883811,0.1639847807845609,0.2205325029297986,0.4724721194191893,114.9,4,PEuk1
-0.20677973723592047,-0.20208382963634275,-0.09742658441909385,-0.11695668969561662,-0.15668020645175657,-0.23451335222046646,-0.11639483648295468,-0.1496196781276731,-0.11571447503253061,-0.13190938546506692,-0.09486867676494828,-0.08468929613322466,115.3,4,PEuk1
-0.2814152335897182,-0.300678945251899,-0.10514346197751022,-0.1260108056156937,-0.19324735226538917,-0.24924314206850975,-0.11841481482494352,-0.15288750935168635,-0.17226089990369647,-0.21054010691284877,-0.1414811223745316,-0.14471238803914974,115.4,4,PEuk1
-0.19287067118816514,-0.20666869601477109,-0.10881681908309881,-0.13833798040006523,-0.21234352841250842,-0.2340457398443381,-0.11297923674104628,-0.1480081449213104,-0.12056316958295049,-0.1360294414830648,-0.04094626867707351,-0.02914884793960094,115.7,4,PEuk1
-0.13940521313443227,-0.08985704576158658,-0.10527713207512436,-0.12823594686829223,-0.16988500910667945,-0.226096329450156,-0.10967381763597363,-0.149037735580931,-0.0661171230763977,-0.04158410828521739,-0.0386842552594452,0.022910572902345556,115.7,4,PEuk1
-0.2020591695796187,-0.23882194960410646,-0.11249531734628797,-0.1412716109376921,-0.208788389236183,-0.2497107544446381,-0.11345668616733455,-0.14988826699540023,-0.1257828025142768,-0.13265925251128738,-0.07728817542352828,-0.04519933962009383,116.0,4,PEuk1
-0.15705236992290622,-0.10505039144660672,-0.0978892886031428,-0.11997113650149768,-0.17049446153690664,-0.23322741818611348,-0.1169090127881882,-0.15194744831464144,-0.09190697531253558,-0.09493419970845392,-0.03846803338864249,0.01988109390996608,116.1,4,PEuk1
-0.18736880046089968,-0.18459577426440318,-0.11070362392249843,-0.13785038891493165,-0.2081789368059558,-0.2546206843939859,-0.11940644055646531,-0.152081742748505,-0.10938925303084031,-0.12729643930994658,-0.07013206312253874,-0.02808976178779348,116.3,4,PEuk1
-0.3443452192635685,-0.40927243878903274,-0.11410192909645793,-0.1409052438549398,-0.1965993406316388,-0.2452684368714187,-0.1155501182672139,-0.15199221312592928,-0.17961222417984227,-0.20185344483809248,-0.17449238068804468,-0.24745195473464232,116.4,4,PEuk1
-0.009278484896199335,0.06498577515595907,-0.05582433711549277,-0.04921649364495962,-0.15210931322505247,-0.22936961608305453,-0.10963709075702838,-0.14845579303418893,-0.030449229930537065,0.015182512208158484,0.14993606211271515,0.2711308109934054,116.7,4,PEuk1
-0.17190648519422247,-0.051361469565348865,-0.08561991598944484,-0.0794633289768922,-0.17079918775202027,-0.2230568490053217,-0.11268542170948427,-0.1468890246391141,-0.054396433716068296,-0.0064414627820083715,-0.03939945067825415,0.14253804823557414,116.8,4,PEuk1
-0.20374341572061835,-0.20653210615245443,-0.10326951003211197,-0.1309944754913684,-0.16125109967846063,-0.2329936119980493,-0.11999407061958933,-0.15114168171146009,-0.13620279885064857,-0.15997884686375807,-0.0831719051771019,-0.09097813328271702,117.0,4,PEuk1
-0.17234626057548347,-0.14106458514409226,-0.11195292521943058,-0.13913806145578164,-0.17730001367444384,-0.2341626429383702,-0.11426467750413008,-0.15181315388077787,-0.10539564370913333,-0.10299737682343138,-0.09251102675061877,-0.0068587789306299995,117.2,4,PEuk1
-0.14306844849110648,-0.10452679697439296,-0.10217958462079667,-0.11806117869509047,-0.17780789069963318,-0.2239920737575784,-0.1147788538093636,-0.15158932982433862,-0.14127791033486847,-0.17276450127543866,-0.07651892453701865,-0.09840815628570734,117.2,4,PEuk1
-0.23437330317929783,-0.2687761064101441,-0.0964420527385897,-0.11351661054359687,-0.1738464499031563,-0.23159077486966423,-0.112207972283196,-0.14765002643100758,-0.12712685197236637,-0.14477086912861248,-0.08185378338778541,-0.05000217216898812,117.3,4,PEuk1
0.002048070402023212,0.0034383831960842722,-0.09456295963559092,-0.11418469169449812,-0.1720180926124747,-0.23474715840853064,-0.1080211080834373,-0.1494406188825217,-0.022001951347167724,0.00026521327182868915,-0.06219838370923945,-0.09130653208947903,117.4,4,PEuk1
-0.2578357876157233,-0.2988714060739089,-0.10074006049264438,-0.1216736658860525,-0.15647705564168082,-0.2094960900975993,-0.11914935240384855,-0.1494406188825217,-0.1475429150669311,-0.175212101016192,-0.10168382380813357,-0.12372770428705776,117.7,4,PEuk1
0.23206463018604287,0.437539177619986,0.08222859735311176,0.15036466855996464,-0.1876607049883064,-0.22738226348450902,-0.12201404896157818,-0.1527532149178228,0.043076056284846224,0.11382373067586878,0.02839442204419421,0.08473985824546164,118.0,4,PEuk1
-0.14591763154629753,-0.09159629000841837,-0.07907008120635192,-0.08151606219054848,-0.21234352841250842,-0.24281347189674482,-0.11452176565674685,-0.15002256142926376,-0.11984297103820357,-0.1189636470772269,-0.0889891051242747,0.021843276780369045,118.4,4,PEuk1
-0.21250149565381646,-0.185374336479608,-0.04696098141215512,-0.02391292005457462,-0.18552762148251117,-0.23837115432352543,-0.12135296514056365,-0.1514102705791872,-0.11387423527270907,-0.12926378712222164,-0.08298479009659956,-0.049419264286985565,118.8,4,PEuk1
-0.03755042775747933,0.010877977696930214,-0.08727793931562024,-0.09468911391598046,-0.1488589002638407,-0.22679774801434857,-0.1021080805732518,-0.1417858361522989,-0.012458718456574813,0.037055038634993924,0.12296238373007762,0.21839817259759678,119.1,4,PEuk1
-0.05979183374168007,-0.006997082284906485,-0.10023365646899081,-0.11861611707043587,-0.19761509468201752,-0.2431641811788411,-0.12208750271946868,-0.1519026835033536,-0.03365519736551414,0.004709649978360158,-0.027328448929403094,0.22136197182862385,120.1,4,PEuk1
-0.2168805356204155,-0.24714482521459996,-0.10563444252836215,-0.13199390334211178,-0.19284105064523768,-0.23778663885336498,-0.10846183063078033,-0.1480081449213104,-0.13193459877943942,-0.157935669799618,-0.058950897534298816,-0.08699629775072774,120.4,4,PEuk1
-0.1192036163654422,-0.06972825305152544,-0.09194611041691407,-0.11653913897630334,-0.17151021558728535,-0.23030484083531125,-0.11312614425682728,-0.14948538369380954,-0.09717719075034913,-0.09633704086795626,-0.0036230472862064504,0.026194560969965586,120.6,4,PEuk1
-0.261761016816553,-0.2835915534760882,-0.10159349265433466,-0.12184607392499476,-0.2014749600734565,-0.23942328216981423,-0.1122814260410865,-0.14993303180668807,-0.14908929455096964,-0.1780725489059881,-0.09236549279911696,-0.11674922964336519,121.0,4,PEuk1
-0.17892885590989038,-0.19132054848579208,-0.10098426547867022,-0.12515684704780783,-0.19020009011425312,-0.23159077486966423,-0.1166886515145167,-0.15145503539047506,-0.09149268049749722,-0.0964971248441157,-0.029902320814535303,-0.056036500243239924,121.1,4,PEuk1
-0.17833001283753497,-0.1634516635777884,-0.09379949773191014,-0.10732608439532637,-0.1886764590386851,-0.24141063476835975,-0.12208750271946868,-0.14966444293896095,-0.10770798686283581,-0.10361664904699548,-0.08977498846238453,-0.018410206958483447,121.6,4,PEuk1
-0.2190560202192067,-0.2257411937895836,-0.08919816167942338,-0.10699473769548422,-0.19934187656766125,-0.2500614637267344,-0.11426467750413008,-0.14809767454388612,-0.12520471672585118,-0.13132381513122057,-0.10113079479242665,-0.06901646308050809,122.0,4,PEuk1
-0.26537278909669665,-0.3124757563606455,-0.10670637388807555,-0.1278614981587145,-0.17079918775202027,-0.22714845729644484,-0.10636839853090099,-0.1494406188825217,-0.15506043900724925,-0.19269916904350207,-0.11407915836318867,-0.14871064351147711,122.2,4,PEuk1
-0.15592486070073702,-0.12799748831580104,-0.08395932208446916,-0.09937645747472314,-0.21234352841250842,-0.24550224305948287,-0.12208750271946868,-0.15382757038873124,-0.07176550296747301,-0.07009590698645435,0.03343821299195733,0.0930483480565403,123.1,4,PEuk1
-0.2183121448402652,-0.1753531935809777,-0.08277171467874352,-0.09418266530158759,-0.19111426875959392,-0.2397739914519105,-0.1133465055304988,-0.15055973916471801,-0.14223175188577072,-0.16068658654783133,-0.11182961928426052,-0.10491045265959499,123.3,4,PEuk1
-0.07336872902273824,-0.08149319319239809,-0.06842274381562555,-0.08948454624041102,-0.178722069344974,-0.23369503056224183,-0.11184070349374348,-0.14796338011002255,-0.11398262635803887,-0.1305739480850001,-0.016064121083162134,-0.0242228658381709,123.6,4,PEuk1
-0.2938365488795905,-0.3140693047543396,-0.11323307346196601,-0.13764296049307925,-0.2110230481470161,-0.2504121730088306,-0.1147054000514731,-0.1494406188825217,-0.15953819517676268,-0.18290034460805923,-0.15121110656065334,-0.1225536785528836,123.7,4,PEuk1
-0.14943583459638565,-0.09355863103036734,-0.07572575818719814,-0.07379541469666544,-0.21234352841250842,-0.25707564936865973,-0.11738646221447648,-0.1494406188825217,-0.09306796427095704,-0.09977463361916923,-0.03909590843655035,0.0164411164091341,124.4,4,PEuk1
-0.08844741044618776,-0.042519552478052156,-0.0733916726365512,-0.08217336783901584,-0.1604384964381577,-0.17641251448651799,-0.10882909942023285,-0.14836626341161321,-0.13007990687490723,-0.14210841984090833,-0.10903536741542556,-0.061881999003603576,124.6,4,PEuk1
-0.25130465535784696,-0.27740403271314473,-0.075885134072815,-0.07364725153819944,-0.19609146360644947,-0.228668197518862,-0.1080211080834373,-0.14420313596184292,-0.1353910700560676,-0.14615264660704122,-0.11630374876471651,-0.09663480272919252,124.9,4,PEuk1
-0.15274818534035162,-0.12973673256263285,-0.0904320395035539,-0.10050519135467324,-0.18136302987595856,-0.24070921620416721,-0.11771700412498373,-0.15096262246630868,-0.09300052092897404,-0.07555982585694848,-0.07446897487729301,0.05351734169256422,125.7,4,PEuk1
-0.18018736205413732,-0.1468150183476225,-0.08334238317240389,-0.09490193008904982,-0.17577638259887582,-0.22481039541580303,-0.11823118043021726,-0.15257415567267138,-0.05742174934216236,-0.03881212785593047,0.01261022547559669,0.09092196578275634,125.9,4,PEuk1
-0.19660876192888377,-0.2269978205228966,-0.10672436793967746,-0.13231447453952005,-0.16602514371524044,-0.2319414841517605,-0.12208750271946868,-0.15324562784198917,-0.15091267347529544,-0.19293086953531177,-0.10745528451340579,-0.14592746362416914,126.2,4,PEuk1
0.013192165701637466,0.09797677990083649,-0.091293183401645,-0.11088738794972741,-0.16927555667645225,-0.21908214380823066,-0.11338323240944405,-0.14608325803593275,-0.0455758080610074,-0.014563618203991949,0.01058522449327135,0.18762720440399713,126.3,4,PEuk1
0.002263279631150943,0.030533258884293694,-0.10514860313511076,-0.13455577904576943,-0.2043190714145168,-0.22036807784258364,-0.1147054000514731,-0.14653090614881126,-0.05106039697869546,-0.03404331046086542,0.0954148857672329,0.13502592553089332,126.7,4,PEuk1
-0.20289661418861576,-0.15822027185106136,-0.11351583712999593,-0.13943438777271366,-0.19202844740493474,-0.2329936119980493,-0.10743347802031328,-0.1468890246391141,-0.12060893470786752,-0.13595782496741454,-0.07239407654016704,-0.04283486821140741,127.4,4,PEuk1
-0.049335472282974,-0.007047165234422583,-0.07803413794984233,-0.08467059052807013,-0.1895906376840259,-0.2361499955369157,-0.12113260386689213,-0.1519026835033536,-0.034283865660427,0.00411986690829911,0.10008444655399133,0.1962476730814997,127.9,4,PEuk1
-0.23007847551974875,-0.24523712013757767,-0.10749297100095877,-0.1306361900354415,-0.17973782339535269,-0.22796677895466946,-0.12061842756165861,-0.15337992227585273,-0.13910045386513198,-0.15964604070279506,-0.09769203542408361,-0.0776123018475035,128.2,4,PEuk1
-0.1456416023176337,-0.1564992395858718,-0.09770163635072295,-0.11881546386546285,-0.16450151263967241,-0.23486406150256273,-0.11011454018331665,-0.14854532265676465,-0.10581957328731212,-0.11686570444229546,-0.07186599620186043,-0.08078956030292589,128.3,4,PEuk1
-0.2072382264631926,-0.23318078829042954,-0.08286939667315385,-0.0928438091241766,-0.1793315217752012,-0.22258923662919333,-0.10647857916773674,-0.14599372841335703,-0.1107043981995086,-0.12513951836800902,-0.07903458284155014,-0.07952522489689218,128.5,4,PEuk1
-0.3362561593252674,-0.3966743004880286,-0.11339501992638314,-0.14209593687388478,-0.1931457768603513,-0.23837115432352543,-0.1155501182672139,-0.14988826699540023,-0.1874934604287115,-0.21856958213810848,-0.16633832129104265,-0.24126984719734762,128.7,4,PEuk1
-0.34366216388416304,-0.39315483503567006,-0.11561857058861837,-0.147817728666281,-0.1919268719998969,-0.2363838017249799,-0.11628465584611893,-0.15015685586312733,-0.17077714638007074,-0.13494255553966658,-0.17136547978720554,-0.22076134171506054,128.7,4,PEuk1
-0.2671365690832435,-0.2647603644580351,-0.11444638665569437,-0.14308997697341125,-0.1934505030754649,-0.2263301356382202,-0.12120605762478263,-0.15163409463562647,-0.16467352393061024,-0.20216097458176718,-0.15762291665253358,-0.1543508930176145,128.9,4,PEuk1
-0.07708342745594299,-0.05901505485049086,-0.09992004585535763,-0.12514337766976547,-0.1457100627076668,-0.226096329450156,-0.11180397661479823,-0.1479186152987347,-0.05607047381171748,-0.03460781711363814,0.09313623989800437,0.1564046878510997,129.9,4,PEuk1
-0.1703298436677867,-0.16037839167566417,-0.012330143814891547,0.02391145362264298,-0.15708650807190805,-0.22247233353516124,-0.11845154170388877,-0.1489482059583553,-0.1180316355678033,-0.1336323945768881,-0.08802026481856258,-0.028697299580303186,129.9,4,PEuk1
-0.11745387176340369,-0.10774121173424439,-0.10186597400716349,-0.12813627347077874,-0.21000729409663743,-0.24468392140125825,-0.12208750271946868,-0.15382757038873124,-0.08585152667877723,-0.08404427659339814,-0.04761588176875697,0.0005219842513460137,130.3,4,PEuk1
-0.19919595113991934,-0.19633794942822308,-0.0902572401451354,-0.10617310563490001,-0.203404892769176,-0.24246276261464855,-0.11639483648295468,-0.1519026835033536,-0.12740385141265365,-0.1350815758347524,-0.06942934204242994,-0.08450046681933651,130.8,4,PEuk1
-0.27216123673722575,-0.2934624475261702,-0.0981643405347719,-0.11948085114075564,-0.182581934736413,-0.22153710878290453,-0.11940644055646531,-0.150873092843733,-0.12982699434247102,-0.15161235274132062,-0.11981735416526049,-0.13893256904013848,130.9,4,PEuk1
0.08513754669133855,0.18636863280134022,-0.10315126340729946,-0.12984688448215898,-0.163282607779218,-0.20528757871244407,-0.12183041456685192,-0.1516788594469143,0.037591467367158175,0.1075004136175714,0.1507385779024252,0.3524916153686916,131.0,4,PEuk1
-0.1947935188658064,-0.20966911999032645,-0.055963148370707455,-0.04915453450596475,-0.17719843826940596,-0.23042174392934334,-0.11430140438307533,-0.14850055784547678,-0.12510114302209158,-0.14453916863680277,-0.08342555006400508,-0.07586357820149585,131.6,4,PEuk1
-0.029990033968992073,0.06258179357918633,-0.08030652960928272,-0.08384357071626898,-0.18918433606387444,-0.23802044504142916,-0.11808427291443625,-0.14827673378903752,-0.1222805661127316,-0.13357762900609674,-0.048792627719471696,-0.05238306351801264,131.7,4,PEuk1
-0.10894375028985276,-0.10941216104991787,-0.09463493584199853,-0.11997652425271463,-0.17120548937217173,-0.23463025531449855,-0.11760682348814798,-0.1514998002017629,-0.07426572400241381,-0.06877732055124643,-0.007473459831654634,0.06244157926632165,131.8,4,PEuk1
-0.17776859745720175,-0.15504228105449439,-0.09443186011677704,-0.1111055918740137,-0.21234352841250842,-0.24900933588044558,-0.11319959801471778,-0.14679949501653838,-0.136821832382421,-0.16043382237494802,-0.08849013157626846,-0.11096941064435395,132.1,4,PEuk1
-0.13395948394520013,-0.13146231782323298,-0.08983823580069109,-0.10338494438013067,-0.19263789983516194,-0.23065555011740752,-0.11753336973025748,-0.15109691690017224,-0.11764383635140112,-0.134209539438305,-0.029719363846933015,-0.04050323668339719,132.1,4,PEuk1
-0.22355202172337515,-0.23161911086460935,-0.0976425130383167,-0.12161170674705762,-0.21234352841250842,-0.2532178472656008,-0.11764355036709323,-0.15060450397600586,-0.12166634996252938,-0.13611790894357395,-0.09259418900861982,-0.06168495971954637,132.3,4,PEuk1
-0.03902882159235679,-0.011964400277821368,-0.045333805031582984,-0.03642866613153924,-0.19111426875959392,-0.23124006558756796,-0.1147788538093636,-0.14939585407123385,-0.03765362406879133,-8.023109777849615e-05,0.025051299272552376,0.12300652920340402,132.4,4,PEuk1
0.6897164128491687,1.0922781296393556,0.01193869063847584,0.051836168180072015,-0.21234352841250842,-0.23065555011740752,-0.1032466138205546,-0.14388978228282798,0.0170573784241232,0.07337303754211032,0.031167883348528918,0.1266435459882932,132.5,4,PEuk1
-0.25838316761154817,-0.28604561800237704,-0.09736489052788733,-0.11644754720561526,-0.21234352841250842,-0.24678817709383585,-0.11184070349374348,-0.149037735580931,-0.1509752994357082,-0.1809245713233547,-0.10015779637381447,-0.13658451757179016,133.4,4,PEuk1
-0.16664789446510136,-0.13756788466878647,-0.10386588431377507,-0.13157635262279851,-0.12884854547138064,-0.22118639950080826,-0.11018799394120715,-0.14720237831812905,-0.11737888036503938,-0.13245704117298074,-0.07077241250914675,-0.016078575430473228,133.6,4,PEuk1
-0.1022301580333681,-0.11982486155385585,-0.09538040369407738,-0.11253334594650428,-0.14621793973285613,-0.21908214380823066,-0.11360359368311555,-0.14863485227934034,-0.07182812892788579,-0.054378188169327414,-0.043619935271806964,0.015989568049836346,133.6,4,PEuk1
-0.1836166743356727,-0.1803888065050509,-0.1008017543838509,-0.12412239881415427,-0.19070796713944246,-0.23696831719514036,-0.11657847087768093,-0.15100738727759652,-0.1265656270194365,-0.14071821689005012,-0.06594900154508639,-0.03377927111494518,133.8,4,PEuk1
-0.21338572487784127,-0.21762320297256504,-0.03939319742415453,-0.016081823660744194,-0.1610479488683849,-0.2186145314321023,-0.1135668668041703,-0.15096262246630868,-0.11848206074461827,-0.12650023216536416,-0.10225348527544069,-0.0651988269518998,133.8,4,PEuk1
-0.07102949827134986,-0.04220084279931335,-0.08790001938528604,-0.10381865835309478,-0.1726275450427019,-0.21721169430371723,-0.11286905610421052,-0.14491937294244858,-0.03111884596879674,0.007275206333125717,0.05906050468207796,0.17045194681034437,133.9,4,PEuk1
-0.11496025178242368,-0.08843195819808304,-0.10956228693517768,-0.13752712384191493,-0.21234352841250842,-0.2542699751118896,-0.11856172234072453,-0.15297703897426204,-0.07747650881896109,-0.06731550108473798,-0.024837739302271927,0.08150512999885591,133.9,4,PEuk1
-0.2793754243745075,-0.28894132308348963,-0.09808465259196347,-0.11244444805142469,-0.19588831279637375,-0.23556548006675526,-0.11430140438307533,-0.14836626341161321,-0.15997898559043722,-0.18132056852753858,-0.14160170764863309,-0.14466312821813543,134.0,4,PEuk1
-0.16194136219330796,-0.07979037290885073,-0.09874272076483308,-0.12271888962213993,-0.19791982089713112,-0.23930637907578214,-0.118194453551272,-0.15073879840986942,-0.08135931836455317,-0.06791370962722847,-0.06922975262322745,0.011416614665675458,134.3,4,PEuk1
-0.24886717691490023,-0.2973598115976048,-0.09907689600886843,-0.12484705135283346,-0.17943309718023906,-0.24164444095642393,-0.12208750271946868,-0.1522608019936564,-0.15109573397496354,-0.18278660073026173,-0.1009436797119243,-0.1393923273696053,134.9,4,PEuk1
-0.14362050694843415,-0.12396353438204982,-0.09894065533245402,-0.11959938166752844,-0.18552762148251117,-0.23556548006675526,-0.1109959852780027,-0.14765002643100758,-0.09676048724452567,-0.09062878329700827,-0.05805690326078763,0.028304523303411454,135.6,4,PEuk1
0.5891388474624739,0.9039525804725925,-0.06064417236600266,-0.05659232506095815,-0.12143354090361624,-0.213003182918562,-0.10556040719410545,-0.1487691467132039,0.09212904412354501,0.18388153392669185,0.16223160195816902,0.2786757735787624,135.8,4,PEuk1
-0.204819461866257,-0.22490344263404158,-0.11022292568684756,-0.13559292115503144,-0.19223159821501049,-0.2376697357593329,-0.12208750271946868,-0.15284274454039848,-0.12639460997369392,-0.13631169480945116,-0.09773361655308413,-0.07579789844014344,136.0,4,PEuk1
-0.13254658857136153,-0.16056051149208636,-0.10891193049870888,-0.1325272907125894,-0.21234352841250842,-0.2477234018460926,-0.11694573966713345,-0.15176838906949003,-0.10664334553581863,-0.11061821663586308,-0.05755377159988133,-0.02209648356438693,136.3,4,PEuk1
-0.3343426685706317,-0.40715984891853546,-0.11561857058861837,-0.14396279267055642,-0.1944662571258436,-0.2487755296923814,-0.11173052285690772,-0.14747096718585617,-0.14445015609885403,-0.20755327693661105,-0.15414257615519003,-0.22410279957386392,136.3,4,PEuk1
-0.34767628385354554,-0.4170079779915647,-0.11561857058861837,-0.14666205603024618,-0.20330331736413812,-0.2578939710268844,-0.11558684514615915,-0.14997779661797592,-0.195740817676917,-0.22316989008458465,-0.18185224052113677,-0.25949598097263876,136.3,4,PEuk1
-0.021573481725496675,0.06714389498056188,-0.06423527094998256,-0.058184405545565566,-0.17364329909308057,-0.23170767796369632,-0.11162034222007197,-0.14684425982782623,-0.03057929923293283,-0.014121280901446162,0.12055483636094749,0.12012482967406744,136.9,4,PEuk1
0.45359913926552825,0.673206773065694,-0.09645747621139134,-0.11656877160799654,-0.16277473075402865,-0.21452292314097915,-0.10614803725722947,-0.14765002643100758,0.07049177480093116,0.136214423657115,0.12676705703362523,0.186625588043373,137.0,4,PEuk1
-0.18451026048270305,-0.16807750691491172,-0.08590525023627502,-0.0876446291998241,-0.1828866609515266,-0.23743592957126872,-0.1144850387778016,-0.1506492687872937,-0.11026601647661917,-0.10455187648666373,-0.055894684552760567,0.06967456298525476,137.0,4,PEuk1
-0.0415832615728729,0.06832312079189548,-0.09396658535392782,-0.11757358720995689,-0.19202844740493474,-0.23954018526384632,-0.11110616591483845,-0.149037735580931,-0.10810782953316353,-0.12822324127718535,-0.10094783782482436,-0.09761178917930947,137.8,4,PEuk1
0.16564451223112112,0.30600314020906844,0.06283100972625971,0.14577699839873545,-0.1690724058663765,-0.22679774801434857,-0.1169090127881882,-0.15261892048395923,0.08201736020766692,0.1496488394458627,-0.018712839000495283,0.0625483088785193,138.1,4,PEuk1
-0.12577685477684356,-0.15380841929823413,-0.09150654144206757,-0.11365938595084592,-0.2037096189842896,-0.2386049605115896,-0.12208750271946868,-0.15154456501305077,-0.07438856723245425,-0.06309855213380149,0.007853344317937163,0.06616890572307038,138.6,4,PEuk1
-0.2778923520781273,-0.3181715536192491,-0.10746983579175633,-0.12754092696130626,-0.19080954254448032,-0.24281347189674482,-0.11970025558802733,-0.14890344114706747,-0.14237627333287714,-0.16420843402333873,-0.10882746177042296,-0.12449944148294846,138.9,4,PEuk1
-0.15918106990666966,-0.17710609681404116,-0.09552949726449315,-0.1139287735116932,-0.15952431779281687,-0.22492729850983512,-0.12208750271946868,-0.1504702095421423,-0.11476785955398366,-0.12620112789411891,-0.06201126862873711,-0.04659503454883234,139.0,4,PEuk1
-0.23021415090332928,-0.26220158103730346,-0.08774064349966917,-0.10284347538282763,-0.21234352841250842,-0.24608675852964332,-0.12208750271946868,-0.1519026835033536,-0.1330353704682332,-0.14494780404963079,-0.10746775885210594,-0.11092015082333964,139.1,4,PEuk1
0.06131949918070204,0.21622717670375619,-0.0912006425648352,-0.10458371902590106,-0.1674471993857706,-0.2161595664574284,-0.11859844921966978,-0.15060450397600586,-0.08154719624579149,-0.08815169440275186,-0.029478193298729995,0.022721743588457403,139.7,4,PEuk1
-0.13900286544519347,-0.1031335803787633,-0.10063466676183323,-0.11494975236730438,-0.10030585665573963,-0.12988508306174634,-0.10232844184692332,-0.14030859737979975,-0.09104707270225247,-0.09682150553264927,-0.042755047788596144,0.015439500048509991,139.8,4,PEuk1
-0.2898738919867386,-0.324017599726401,-0.0896248777602685,-0.10431702534066226,-0.19690406684675243,-0.2515812039491515,-0.11198761100952448,-0.1484110282229011,-0.16241417197418012,-0.1987612964564867,-0.11558855334590756,-0.15100943515881113,139.9,4,PEuk1
-0.23913597698912456,-0.27928897281311427,-0.10009998637137667,-0.12392035814351882,-0.18400399040694315,-0.22457658922773885,-0.12098569635111113,-0.15114168171146009,-0.13787443025551263,-0.1579525207444769,-0.12280287922749784,-0.10697115517202656,140.0,4,PEuk1
-0.08305314433348614,-0.05472158017833804,-0.10003058074376933,-0.12045603411102279,-0.20584270249008485,-0.23229219343385676,-0.11749664285131223,-0.14751573199714402,-0.06023269148838193,-0.04511438123315424,0.06773017007868645,0.15833403084082648,140.4,4,PEuk1
0.07841459751184834,0.16669969262774506,-0.10847493210266265,-0.12768639624416378,-0.19009851470921524,-0.23556548006675526,-0.11602756769350216,-0.15060450397600586,-0.0037007187619266997,0.02969538846787499,0.13173600194918741,0.25111490372126133,140.6,4,PEuk1
0.10666314806561446,0.17834170189253276,-0.08280256162434678,-0.09673376550281132,-0.2084836630210694,-0.23731902647723663,-0.12208750271946868,-0.15114168171146009,0.03703265110501341,0.07763211385519403,0.03882296919752471,0.1035406899325863,141.4,4,PEuk1
-0.16052846681946936,-0.13129840998845302,-0.06832506182121521,-0.06561680834934203,-0.1821756331162615,-0.23322741818611348,-0.1045320545836384,-0.14406884152797939,-0.08369333973532159,-0.06919016870028917,-0.06308821986985058,0.00827219609092928,141.4,4,PEuk1
-0.25041574767231933,-0.29385855812688844,-0.09765279535351779,-0.11824974998768356,-0.17181494180239895,-0.2229399459112896,-0.11459521941463735,-0.15069403359858155,-0.12920073473834326,-0.14684353534625558,-0.09517221900665208,-0.08529683392573438,141.4,4,PEuk1
-0.2157764187057602,-0.17215243780735792,-0.09675566335222287,-0.1105722045035361,-0.13768560570967517,-0.21943285309032692,-0.1155501182672139,-0.14984350218411235,-0.13377483853926098,-0.15010840591266497,-0.10966740057623348,-0.06794095698836253,141.4,4,PEuk1
-0.279197642837402,-0.2497491385894371,-0.08297993156156555,-0.08610373235177765,-0.20909311545129664,-0.2578939710268844,-0.11848826858283402,-0.14836626341161321,-0.15186410633541259,-0.1766486440654121,-0.11917284666575242,-0.14760229753865536,141.7,4,PEuk1
-0.1742925005606386,-0.14721568194375131,-0.11315338551915757,-0.14170263103504777,-0.1867465263429656,-0.24000779763997468,-0.1122814260410865,-0.1473366727519926,-0.12509391694973626,-0.1448172092269744,-0.111867042300361,-0.07572400870862199,141.8,4,PEuk1
-0.24966719383187508,-0.27030591286809036,-0.10780401103579167,-0.13327349425613635,-0.17140864018224747,-0.2350978676906269,-0.10570731470988645,-0.1417858361522989,-0.14905798157076325,-0.17411678960036434,-0.10557165936968221,-0.08720154700495399,141.9,4,PEuk1
-0.2405629077474715,-0.2723820787753032,-0.0946657827876018,-0.11785375027323806,-0.19913872575758554,-0.23685141410110824,-0.11878208361439603,-0.1504702095421423,-0.1416416226434196,-0.16245593575801448,-0.08614495590063911,-0.09696320153595453,142.2,4,PEuk1
-0.1442146715592868,-0.1107370827143892,-0.08799770137969637,-0.10649367683230827,-0.17780789069963318,-0.2285512944248299,-0.11139998094640045,-0.14590419879078134,-0.10112503494713908,-0.10108900731816242,-0.00045040714346674846,0.05701478898457955,143.1,4,PEuk1
-0.25035960613428604,-0.21783719375686109,-0.10789398129380119,-0.13139316908142235,-0.18319138716664018,-0.2229399459112896,-0.12080206195638488,-0.1538723352000191,-0.16899953258066197,-0.20069072964282927,-0.15252091212416974,-0.13413794646141325,144.1,4,PEuk1
-0.009867971045549208,0.047752687527010555,-0.04656768285571351,-0.036479849768100224,-0.20828051221099367,-0.23170767796369632,-0.11169379597796247,-0.14836626341161321,-0.00889867347618705,0.04181964329384425,0.11442161983337074,0.24042552256115812,144.4,4,PEuk1
-0.12535579324159365,-0.11316382926821472,-0.08108284440696485,-0.0825747553046783,-0.1934505030754649,-0.24059231311013513,-0.12208750271946868,-0.1516788594469143,-0.08044160717542749,-0.06898795736198252,0.0362324648607923,0.10708739704561593,145.0,4,PEuk1
-0.24972801383141116,-0.29332585766385355,-0.09868359745242683,-0.12233905316134527,-0.17211966801751255,-0.24024160382803886,-0.11378722807784182,-0.14576990435691778,-0.15685732233293886,-0.1902052292043868,-0.12948496665788145,-0.14835761479420798,145.3,4,PEuk1
-0.25209531535181623,-0.2634900787384904,-0.10697114350450357,-0.12744125356379277,-0.20970256788152383,-0.2409430223922314,-0.1087189187833971,-0.147829085676159,-0.1560070544857962,-0.18753014170803847,-0.11168824344565875,-0.1478568066138959,145.7,4,PEuk1
-0.15824069914461153,-0.1387653224617623,-0.10262429475324371,-0.12596770360595813,-0.19385680469561636,-0.24386559974303362,-0.11110616591483845,-0.1469785542616898,-0.0710814347845027,-0.07354192521009675,-0.028288973009315117,0.030619734891083574,146.0,4,PEuk1
-0.177155719000338,-0.19442569135579021,-0.0740240350214181,-0.07670749422942454,-0.19558358658126013,-0.24585295234157914,-0.11727628157764072,-0.15230556680494425,-0.08056445040546793,-0.07210116942466191,-0.014018329536336535,0.06621816554408468,146.8,4,PEuk1
-0.06279072756495997,-0.025427607706830824,-0.08485645408576406,-0.10110861949097115,-0.16622829452531618,-0.23275980580998512,-0.11180397661479823,-0.14997779661797592,-0.03743202451656151,-0.0012134571395386528,0.04565890680521025,0.19017229515640263,146.9,4,PEuk1
-0.15079258843219093,-0.16002325803364092,-0.10300474041568396,-0.13381226937783092,-0.1970056422517903,-0.23205838724579259,-0.12208750271946868,-0.15078356322115727,-0.10011820219896446,-0.10151449367584932,-0.04016038533896367,-0.03664455070394366,147.5,4,PEuk1
-0.09422531040211705,-0.03926416075950574,-0.10386074315617452,-0.13262696411010289,-0.1751669301686486,-0.23463025531449855,-0.10522986528359819,-0.14747096718585617,-0.06885098711749385,-0.05027077035997369,-0.010355032071390694,0.1421029198166145,147.5,4,PEuk1
-0.19194433581061535,-0.1583750736950202,-0.104328588497824,-0.12726076389802507,-0.21234352841250842,-0.250879785384959,-0.112501787314758,-0.14917203001479457,-0.11251091628833865,-0.1298746338733563,-0.05904653413100001,-0.05166058614313623,148.2,4,PEuk1
-0.21284302334351915,-0.2592785579837275,-0.10411265987860116,-0.1269725192079185,-0.16724404857569486,-0.2328767089040172,-0.1087923725412876,-0.14684425982782623,-0.14916396396530793,-0.18062546705210947,-0.11045744202724335,-0.1425285359741824,149.2,4,PEuk1
0.30786506345403203,0.5598417403382991,-0.08297993156156555,-0.091319075529781,-0.18308981176160233,-0.22048498093661573,-0.0975539475840406,-0.1434868989812373,-0.08879494681817768,-0.09238128156233252,0.007936506575938205,0.047236714513240914,149.2,4,PEuk1
-0.30236538419915254,-0.34097750763071627,-0.10913300027553227,-0.13257847434915038,-0.21234352841250842,-0.2554390060522105,-0.1125752410726485,-0.1480081449213104,-0.16223111147451202,-0.2050888262509988,-0.12855354936826982,-0.1711074421326457,149.5,4,PEuk1
-0.23408791702762843,-0.22583680669320524,-0.10886051892270344,-0.13503798277968604,-0.20584270249008485,-0.23895566979368588,-0.12208750271946868,-0.15306656859683776,-0.12569608964601295,-0.1408656626575654,-0.08619069514253969,-0.0649361079064902,149.7,4,PEuk1
-0.08824155814006557,-0.040229395786543276,-0.09500509918923768,-0.11080657168147322,-0.18837173282357147,-0.2476064987520605,-0.1166886515145167,-0.14872438190191606,-0.06353982393633348,-0.058498244187325306,0.05185865313918784,0.10010892240192337,150.3,4,PEuk1
-0.11649946561683723,-0.12068537768645064,-0.10249319523442985,-0.12089513583520385,-0.1379903319247888,-0.18669998676134186,-0.12208750271946868,-0.1510521520888844,-0.12306339061789129,-0.14042753809123432,-0.08821153801196498,-0.047038372937961044,150.5,4,PEuk1
-0.2191729817567761,-0.26761964557586326,-0.09395373245992646,-0.11593571084000544,-0.1616574012986121,-0.22562871707402765,-0.12076533507743963,-0.14832149860032537,-0.13644848531072945,-0.15949016946285036,-0.1092224824959279,-0.11977049866557563,150.7,4,PEuk1
-0.340981405443072,-0.37767465063978495,-0.11561857058861837,-0.1465516071302988,-0.1934505030754649,-0.24643746781173959,-0.11709264718291446,-0.15297703897426204,-0.19381868243040182,-0.2120524792139339,-0.1689870392083758,-0.22179579795636084,150.8,4,PEuk1
0.1934953935571512,0.31677552735044023,-0.09747028425869847,-0.11728264864424183,-0.17354172368804271,-0.22936961608305453,-0.11540321075143288,-0.1519026835033536,-0.06730942501502553,-0.05959776833936769,0.044856391015500215,0.09851618818912766,150.9,4,PEuk1
-0.28374042895659823,-0.32851595919202875,-0.10142897561111726,-0.1173850159173638,-0.1828866609515266,-0.22668084492031645,-0.11742318909342173,-0.1519026835033536,-0.15096325598178267,-0.18472445938903376,-0.11562597636200804,-0.13394090717735604,150.9,4,PEuk1
-0.10296935495080684,-0.10825114722022648,-0.08155068974861435,-0.09088536155681688,-0.1959898882014116,-0.23603309244288362,-0.12208750271946868,-0.1512312113340358,-0.08102691903620843,-0.06290055353170956,-0.06212769578993857,0.04846821003859843,151.0,4,PEuk1
-0.2863931166286727,-0.31900019878397,-0.1131970853587622,-0.1418965900788578,-0.178722069344974,-0.2285512944248299,-0.12061842756165861,-0.14939585407123385,-0.16255146734893122,-0.19693296893929746,-0.12155128724458218,-0.13810336205306442,151.1,4,PEuk1
-0.024343130935140518,0.06896509314478365,-0.06381626660553823,-0.0642025236548938,-0.15312506727543118,-0.226096329450156,-0.12208750271946868,-0.15355898152100414,-0.05692315034964526,-0.03465415721200008,0.019587538921884,0.0795347371582839,151.3,4,PEuk1
0.2452625700853761,0.5253801180758126,-0.08804654237690154,-0.10219963911240264,-0.17394802530819417,-0.23252599962192094,-0.1155501182672139,-0.14993303180668807,0.09184481861090242,0.14440398285853412,-0.058260650792890174,-0.04649651490680374,151.3,4,PEuk1
-0.20800549414964797,-0.2550442722519119,-0.10445968801663788,-0.12859423232421913,-0.17018973532179305,-0.2386049605115896,-0.1213896920195089,-0.15248462605009566,-0.12450378770738511,-0.13750389915821742,-0.060547612887918795,-0.036324361867350705,153.1,4,PEuk1
-0.347938277697701,-0.4213925125719286,-0.11278579275071869,-0.13447496277751522,-0.19781824549209323,-0.252165719419312,-0.11635810960400943,-0.1508283280324451,-0.19292987553069743,-0.20453274507065553,-0.1754529047679567,-0.23963606313370664,153.2,4,PEuk1
-0.34177206543704125,-0.3971796829786001,-0.11169586733940338,-0.12891749739723585,-0.18806700660845788,-0.22890200370692618,-0.1157704795408854,-0.15212650755979285,-0.19019119410803106,-0.2089940327220459,0.036560955779896404,0.627361416628488,153.2,4,PEuk1
-0.20770139415196748,-0.2093048803574821,-0.1031666868801011,-0.12666002963733564,-0.1754716563837622,-0.23334432128014557,-0.106515306046682,-0.14581466916820562,-0.1263127144870003,-0.13663607549798473,-0.09676893436027206,-0.04623379586139414,153.7,4,PEuk1
-0.19502744194094523,-0.2011595715680002,-0.0908073440083936,-0.10895587913845241,-0.20391276979436534,-0.23802044504142916,-0.12208750271946868,-0.15355898152100414,-0.08310802787454065,-0.08541762859939743,-0.05367009415123273,-0.03364791159224038,153.7,4,PEuk1
-0.22327131403320857,-0.23092705556220508,-0.09967841144813207,-0.12257611421489088,-0.19690406684675243,-0.2361499955369157,-0.1181209997933815,-0.15042544473085445,-0.1278205549184771,-0.15533641155513467,-0.044871527254722626,-0.08055968113819248,153.7,4,PEuk1
-0.20634464031616223,-0.23965059476882739,-0.10766005862297644,-0.1356063905330738,-0.20035763061803996,-0.24024160382803886,-0.10732329738347753,-0.14617278765850844,-0.13298237927096085,-0.1528593226608783,-0.06420259412706453,-0.09781703843353573,153.8,4,PEuk1
-0.28464805048813696,-0.32175476100735545,-0.10357026775174379,-0.12308525670489225,-0.19385680469561636,-0.24234585952061646,-0.112501787314758,-0.14420313596184292,-0.17042547752544515,-0.2124948165164797,-0.1570657295239266,-0.1870101543500957,154.1,4,PEuk1
-0.14254446080279548,-0.05589625299426108,-0.06342810920669717,-0.056093958073390675,-0.1985292733273583,-0.2516981070431836,-0.11981043622486308,-0.15382757038873124,-0.09048825644010772,-0.0916440527247562,-0.03302090548957433,-0.02791735241424343,154.2,4,PEuk1
-0.11365963948465174,-0.07633009639682936,-0.1112922864677607,-0.13783153178567234,-0.19416153091073,-0.2418782471444881,-0.12208750271946868,-0.1514102705791872,-0.061160037440648025,-0.042333975331437866,0.028722912963298323,0.07946084742676245,154.2,4,PEuk1
-0.25131869074235524,-0.25371024459661945,-0.09727749084867808,-0.11140730594216265,-0.20452222222459254,-0.24211205333255229,-0.11415449686729433,-0.14957491331638526,-0.14363360992270285,-0.17017366850338475,-0.11863229198874566,-0.11302190318661647,154.7,4,PEuk1
0.31398449109966403,0.48918835755731543,-0.07871020017431385,-0.08466250890124472,-0.12976272411672146,-0.20727493131098962,-0.11602756769350216,-0.14760526161971974,0.08915912838550841,0.13525391980015844,-0.03095016526534842,0.044043036117480436,154.9,4,PEuk1
-0.22886675399052958,-0.2440351293491913,-0.09922341900048394,-0.12152819660319496,-0.21234352841250842,-0.2540361689238254,-0.11558684514615915,-0.14988826699540023,-0.146750455798631,-0.1781483781578531,-0.10044470616391805,-0.08004245301754233,154.9,4,PEuk1
-0.18348567741359495,-0.20050394022888038,-0.08375624635924768,-0.09593637832270337,-0.21234352841250842,-0.25052907610286274,-0.11437485814096585,-0.1506492687872937,-0.11545915380930931,-0.13310158981383316,-0.06349987304695574,-0.02340186882126589,155.4,4,PEuk1
-0.2951231257928541,-0.35162696389600306,-0.10884766602870208,-0.13791234805392652,-0.17537008097872434,-0.2362668986309478,-0.12208750271946868,-0.152081742748505,-0.17300036797472426,-0.22242002303836417,-0.14742306570870595,-0.20177989068421678,155.4,4,PEuk1
-0.14101460389138748,-0.10359798591063986,-0.07498800207152008,-0.07066782511522852,-0.17151021558728535,-0.2388387666996538,-0.1144115850199111,-0.14881391152449175,-0.0782689680872612,-0.06329233799967869,-0.031199652039351537,0.0460216389282215,155.7,4,PEuk1
-0.20124979573963833,-0.20863559003213059,-0.07157941458235949,-0.07089949841755717,-0.1898953638991395,-0.23661760791304406,-0.12087551571427538,-0.15270845010653494,-0.0885203560686755,-0.0796672436663022,0.016294313505042794,0.05678490981984615,155.7,4,PEuk1
0.024209942540676748,0.12432041134630442,-0.09707955628105713,-0.11927072884329476,-0.12549655710513097,-0.21686098502162096,-0.11970025558802733,-0.15042544473085445,-0.06789232818502136,-0.04859831408272915,0.03826578206891774,0.0918332724715209,156.0,4,PEuk1
-0.15883486375546418,-0.2124828711540491,-0.09879413234083852,-0.12138272732033743,-0.1790267955600876,-0.21241866744840154,-0.10291607191004734,-0.14711284869555336,-0.10046746236280495,-0.10477515150604397,-0.010924693538697822,-0.0008162408862091477,156.0,4,PEuk1
-0.02698646168420939,0.024131747337054164,-0.09457581252959227,-0.11121334689835262,-0.14875732485880283,-0.22165401187693662,-0.11290578298315578,-0.15069403359858155,-0.061049237664533115,-0.05123127421693025,0.05106029546237785,0.12404098544470432,156.3,4,PEuk1
-0.16832278368309544,-0.22281361774059708,-0.1015446516571295,-0.12345162378764454,-0.1947709833409572,-0.23579928625481944,-0.1078007468097658,-0.14523272662146355,-0.12919591735677305,-0.1480862925295985,-0.08330080667700353,-0.09931946297447189,156.6,4,PEuk1
0.19992827812346925,0.3219613891230617,-0.057202167352438535,-0.05293134810904361,-0.16257157994395294,-0.2241089768516105,-0.1010430010838395,-0.14679949501653838,0.057159671305365346,0.11670102951052375,0.022822550758124484,0.08935386148046778,156.7,4,PEuk1
-0.09386974732790603,-0.1025553499616229,-0.10330549813531578,-0.133311208514655,-0.21234352841250842,-0.24667127399980376,-0.11867190297756028,-0.14814243935517396,-0.0953056380103212,-0.1043749415656454,0.00621088972241661,0.027705195481070796,156.9,4,PEuk1
-0.207879175689073,-0.16104768200101569,-0.06751790007792982,-0.07009402961062382,-0.17628425962406516,-0.21265247363646572,-0.1100043595464809,-0.1459489636020692,-0.10960362651071481,-0.11515533353911842,-0.07093457891224877,-0.036537821091746005,157.0,4,PEuk1
-0.1547412099405345,-0.15821116586024025,-0.09398457940552972,-0.11533228270370753,-0.17120548937217173,-0.22095259331274408,-0.112501787314758,-0.14867961709062819,-0.11194487395383856,-0.112905732400457,-0.07935475753485415,-0.05904134932511225,157.0,4,PEuk1
-0.17219654980739463,-0.13026488003025716,-0.09602304839414537,-0.11373750834349163,-0.17079918775202027,-0.23264290271595303,-0.11602756769350216,-0.14966444293896095,-0.1567296617213282,-0.19328895211356312,-0.09693525887627415,-0.12038624642825438,158.0,4,PEuk1
-0.17925166975358198,-0.16744464055284464,-0.05562383196907156,-0.04365094663785482,-0.1476399954033863,-0.22457658922773885,-0.11841481482494352,-0.15306656859683776,-0.1013827648611455,-0.10057505349996637,-0.058173330421989085,0.023928609203307766,158.2,4,PEuk1
-0.25796210607629827,-0.21687195872982357,-0.09292293036101741,-0.10442478036500116,-0.19720879306186603,-0.24550224305948287,-0.1100043595464809,-0.14765002643100758,-0.15274086978119145,-0.1816533746885016,-0.1348905134279491,-0.14704401956715996,158.4,4,PEuk1
-0.22768310323032706,-0.2683117008782675,-0.10550591358834856,-0.13031023108681627,-0.1947709833409572,-0.24655437090577167,-0.12157332641423516,-0.15194744831464144,-0.13279931877129272,-0.15111524986798347,-0.11604594576491328,-0.12310374655420996,158.6,4,PEuk1
-0.2230186771120586,-0.2641866870363052,-0.08620086679830628,-0.10023580379382596,-0.21234352841250842,-0.24491772758932243,-0.10868219190445184,-0.14290495643449522,-0.14987934512848464,-0.1888360899346022,-0.10765071581970824,-0.1521013611912948,158.9,4,PEuk1
-0.22489941863617488,-0.23162366386001992,-0.0902572401451354,-0.09432544070883664,-0.19050481632936672,-0.2398908945459426,-0.11437485814096585,-0.15194744831464144,-0.14126586688094292,-0.16163866493235846,-0.09970872018060885,-0.10046064882796986,158.9,4,PEuk1
0.02250230409216323,0.12151121317799234,-0.09070195027758246,-0.11067726565226653,-0.1729322712578155,-0.2341626429383702,-0.12208750271946868,-0.15185791869206572,-0.024567207033306403,0.005922918008200029,-0.08444428772451783,-0.05170163599398148,159.1,4,PEuk1
-0.2658125644779577,-0.3064840144003559,-0.08926499672823045,-0.10204339432711121,-0.20584270249008485,-0.25263333179544034,-0.11881881049334128,-0.15118644652274793,-0.13737101388142534,-0.1592668944434701,-0.10482319904767284,-0.11464747728008838,159.3,4,PEuk1
-0.25919721991303135,-0.23458766387229085,-0.10950059304397115,-0.13439145263365257,-0.2063505795152742,-0.24819101422222095,-0.1146319462935826,-0.15069403359858155,-0.15882763139515618,-0.19223155532366795,-0.1306076571408955,-0.13588667010742092,160.1,4,PEuk1
-0.011725320262151584,0.052337553905438865,-0.09852165098800969,-0.11870770884112394,-0.15160143619986313,-0.22001736856048737,-0.10618476413617473,-0.14653090614881126,-0.07565312989463528,-0.06018755140942874,0.012015615330889249,0.06580766703563218,160.4,4,PEuk1
-0.2485116138406892,-0.24543289894023151,-0.10546735490634448,-0.12926770122633732,-0.18075357744573137,-0.23603309244288362,-0.11801081915654575,-0.15221603718236856,-0.14372995755410714,-0.17104991763604688,-0.1144159655080929,-0.12330078583826715,160.5,4,PEuk1
-0.17140121135192257,-0.1577877372870587,-0.09547294453088717,-0.1193165247286388,-0.20157653547849436,-0.24655437090577167,-0.12208750271946868,-0.15351421670971627,-0.12561901154088953,-0.14250020430887744,-0.07247308068526803,-0.07995214334568278,160.5,4,PEuk1
-0.21306758949565244,-0.26394537827954584,-0.09716181480266584,-0.12091129908885469,-0.17851891853489826,-0.23533167387869108,-0.12208750271946868,-0.15096262246630868,-0.14830406135502483,-0.18164916195228686,-0.061612089790332114,-0.10939309637189633,160.5,4,PEuk1
0.09196342202388985,0.23682492794110444,-0.04933105506600585,-0.041557805290071456,-0.1745574777384214,-0.20821015606324633,-0.12208750271946868,-0.1539618648225948,-0.14617718739177557,-0.1788350541608527,0.0022398919028669174,0.060430136574904376,160.7,4,PEuk1
-0.20832830799333957,-0.1926864471089584,-0.10989646217921303,-0.13594851273534986,-0.19781824549209323,-0.23848805741755752,-0.1159173870566664,-0.14984350218411235,-0.10706968380478252,-0.10405898634954128,-0.10177114417903466,0.032458768208950786,161.1,4,PEuk1
-0.26278559988566114,-0.2615596086844153,-0.10140584040191482,-0.12238215517108084,-0.182581934736413,-0.23369503056224183,-0.1156970257829949,-0.15261892048395923,-0.17444799113657342,-0.21351851141665706,-0.1528369287045737,-0.15629665594767939,161.1,4,PEuk1
-0.13659345777126344,-0.10236867714979016,-0.10642875137764618,-0.13418671808740865,-0.19913872575758554,-0.24573604924754705,-0.11992061686169883,-0.15239509642751997,-0.051084483886546524,-0.025584136141704104,-0.011540094247905523,0.07272867188814139,161.2,4,PEuk1
-0.08291279048840283,-0.06163302721155966,-0.06813226841119482,-0.06782039859707277,-0.17689371205429236,-0.2162764695514605,-0.11753336973025748,-0.1527532149178228,-0.04189773723214941,-0.02514179883915832,0.036985083295701715,0.10155387715167619,161.6,4,PEuk1
-0.16044893297392215,-0.2053574333365314,-0.10306643430689048,-0.12415472532145594,-0.2081789368059558,-0.2463205647177075,-0.1043851470678574,-0.14854532265676465,-0.11918298976308432,-0.14838118406462902,-0.03621017808391424,-0.06718563973280992,161.7,4,PEuk1
-0.047272270760249445,0.004827046796303374,-0.11113548116094411,-0.13589194134757193,-0.1741511761182699,-0.23685141410110824,-0.1156970257829949,-0.14975397256153666,-0.11459684250824109,-0.12969348621612325,-0.07518832840900201,-0.034033780190185735,161.9,4,PEuk1
-0.19693625423407815,-0.1738643640817264,-0.09218517424533937,-0.10439514773330796,-0.18430871662205675,-0.24222895642658437,-0.11760682348814798,-0.14867961709062819,-0.13737823995378065,-0.1566760616714162,-0.10144265325993054,-0.1119299771541328,162.2,4,PEuk1
-0.31320070103958353,-0.366720143681991,-0.0664202629302137,-0.09328560472396615,-0.19131741956966966,-0.2386049605115896,-0.11856172234072453,-0.15324562784198917,-0.1426460467008091,-0.21177022588754754,-0.13112742125340202,-0.2256709038761525,162.7,4,PEuk1
-0.26851203676505986,-0.2884632585653814,-0.10495580972509036,-0.13054459826475343,-0.10467359907236796,-0.13689926870367172,-0.11055526273065967,-0.14679949501653838,-0.1466516994764416,-0.1700304354720842,-0.13372624181593454,-0.13380954765465125,163.4,4,PEuk1
-0.20036556651561352,-0.14889118425483533,-0.09379949773191014,-0.11369440633375606,-0.1876607049883064,-0.25017836682076644,-0.11510939571987087,-0.1502911502969909,-0.10536914811049716,-0.09714588622118285,-0.07793268292303634,-0.0034598512806432702,163.6,4,PEuk1
-0.2001924634400108,-0.2133707052591072,-0.10522057934151838,-0.13172182190565604,-0.16409521101952096,-0.22375826756951422,-0.10728657050453227,-0.14491937294244858,-0.10460318444083322,-0.10001475958340837,-0.03529955135880285,-0.011653401509355241,164.4,4,PEuk1
-0.13099801781394244,-0.15891232715346565,-0.09534441559087357,-0.11089008182533588,-0.16348575858929373,-0.23918947598175005,-0.10989417890964515,-0.14657567096009913,-0.09330401596789749,-0.09530913323156415,-0.01263783605351926,0.035997265351811365,164.6,4,PEuk1
-0.05173552303389848,0.003297240338357085,-0.09682249840102994,-0.12477970446262163,-0.21234352841250842,-0.25052907610286274,-0.12208750271946868,-0.15163409463562647,-0.03770420657527857,-0.005552575440702078,0.07886975453792584,0.1524721121401247,164.8,4,PEuk1
-0.0940755996340282,-0.08207597660494906,-0.004698095356884156,0.03794923941839474,-0.16186055210868786,-0.21779620977387767,-0.10754365865714904,-0.14702331907297764,-0.07117296503433675,-0.05840556399060143,0.03219909534774182,0.08230970707542282,164.9,4,PEuk1
-0.2278562063059298,-0.2556634796277473,-0.0554464620318528,-0.04591380214897197,-0.2081789368059558,-0.25508829677011424,-0.1159173870566664,-0.1516788594469143,-0.09977135072590909,-0.09718380084711534,-0.08361682325740748,0.013723616283178527,165.6,4,PEuk1
-0.13641099777265514,-0.10675776472556463,-0.09762194840791452,-0.11462918116989612,-0.21234352841250842,-0.24725578946996424,-0.11543993763037813,-0.14769479124229543,-0.09391582342731461,-0.08263300996146634,0.020668648275897532,0.06715410214335639,165.7,4,PEuk1
-0.0015169172630926828,0.08696763699811587,-0.05982415772871591,-0.06171877034388188,-0.20188126169360798,-0.23112316249353587,-0.1109225315201122,-0.14836626341161321,-0.11954670207163544,-0.14137540373954674,-0.05623149169766478,-0.07762051181767256,166.3,4,PEuk1
-0.2159354863968546,-0.22836827214147348,-0.09685848650423375,-0.11541579284757018,-0.1546486983509992,-0.23369503056224183,-0.11180397661479823,-0.14930632444865813,-0.11172809178317895,-0.11991993819796874,-0.06386578698216032,-0.08459077649119606,166.4,4,PEuk1
-0.16478118832549346,-0.15090816122171094,-0.08159953074581952,-0.09246936041459888,-0.16846295343614928,-0.22492729850983512,-0.1216100532931804,-0.15172362425820218,-0.11591198767690937,-0.1266813798225972,-0.06503005859417489,-0.09074004414781457,166.4,4,PEuk1
-0.05642801992118357,-0.029279441824159872,-0.07022729013341646,-0.07121468186374849,-0.1962946144165252,-0.2287851006128941,-0.11878208361439603,-0.1504702095421423,-0.026140082115981105,0.009887102786253217,0.08340209759898257,0.12229226179869666,166.6,4,PEuk1
-0.18343889279856718,-0.18222366365550433,-0.08281798509714841,-0.08797058814844931,-0.18552762148251117,-0.24211205333255229,-0.1170559203039692,-0.15069403359858155,-0.1090953927550573,-0.1084739339025697,-0.0811884853237771,-0.03833580455876797,167.2,4,PEuk1
-0.2512064076662886,-0.2581858390851945,-0.09048088050075907,-0.09779784636815808,-0.21183565138731908,-0.25204881632527987,-0.11936971367752006,-0.15100738727759652,-0.13594747762742726,-0.15776716035102914,-0.1330692599777263,-0.08827705309709954,167.6,4,PEuk1
-0.24468463233141782,-0.2788974152078066,-0.09068395622598055,-0.1055696774986021,-0.16409521101952096,-0.22457658922773885,-0.1134934130462798,-0.14679949501653838,-0.1445031472961264,-0.1714585530488749,-0.12881966859387314,-0.08519010431353673,167.7,4,PEuk1
0.6991949758537945,0.9823460554515188,0.4767841668280516,0.721118787602705,0.0616053389746225,-0.016489081850619505,-0.1065887598045725,-0.14183060096358674,-0.14330843666671345,-0.18180503319223157,-0.13450796704114432,-0.1981100340186514,167.8,4,PEuk1
-0.2599364168304701,-0.3151164936987671,-0.10615369944601709,-0.12758402897104182,-0.17476062854849714,-0.22691465110838066,-0.1087923725412876,-0.147829085676159,-0.14746342827102257,-0.1711889379311327,-0.08299726443529973,-0.11614169185085549,168.8,4,PEuk1
-0.3285694470762052,-0.3993514617894346,-0.11561857058861837,-0.14411903745584786,-0.2040143451994032,-0.24690508018786794,-0.12208750271946868,-0.15342468708714058,-0.14077931134235136,-0.2170235079473056,-0.12474471795182214,-0.21813415126096453,168.9,4,PEuk1
-0.019093897129024987,0.02729152615197894,-0.0968533453466332,-0.10935187885289792,-0.18776228039334428,-0.24561914615351496,-0.12208750271946868,-0.15194744831464144,-0.026766341720108857,0.006335766157242763,0.07964316353733553,0.20087809625684394,168.9,4,PEuk1
-0.2605118675953116,-0.2832591848111177,-0.10671922678207692,-0.13003006802353512,-0.17211966801751255,-0.22948651917708662,-0.11253851419370325,-0.15069403359858155,-0.14930366803084413,-0.16989562791321314,-0.13141848915640567,-0.10789888180112922,169.6,4,PEuk1
-0.21135527258563613,-0.24852438282399797,-0.09197695736251733,-0.10628086065923892,-0.1497730789091815,-0.1983902961645508,-0.11037162833593342,-0.14845579303418893,-0.1271075824460855,-0.1565791687384776,-0.06732533691500361,-0.09169240068742437,169.7,4,PEuk1
-0.03496323854644377,0.02022527727479846,-0.08500554765617983,-0.09884576397985399,-0.17760473988955744,-0.22469349232177094,-0.12208750271946868,-0.15154456501305077,-0.062094609465269436,-0.05730182710234433,0.07912339942482903,0.09074134643903724,170.0,4,PEuk1
-0.20086616189641063,-0.2336634058039483,-0.10002029842856824,-0.12266231823436201,-0.1742527515233078,-0.22481039541580303,-0.1201777050143156,-0.14653090614881126,-0.10648918932557179,-0.11980619432017126,-0.05784483950288497,-0.07987825361416133,170.4,4,PEuk1
-0.246860116930209,-0.2448728805047333,-0.09591251350573368,-0.11281350900978546,-0.19588831279637375,-0.2408261192981993,-0.1168355590302977,-0.15015685586312733,-0.13677606725750396,-0.1611247111141624,-0.0964529177798681,-0.10592027899038815,170.4,4,PEuk1
-0.20986284336625036,-0.2059584287307246,-0.10036475598780467,-0.11712370998334194,-0.207264758160615,-0.25134739776108733,-0.12098569635111113,-0.15284274454039848,-0.12623081900030664,-0.13893622947122283,-0.12935606515797984,-0.07066666708448714,170.5,4,PEuk1
-0.34446685926264065,-0.41548727752443954,-0.11396054726244297,-0.14244883457859472,-0.19172372118982114,-0.24900933588044558,-0.12076533507743963,-0.15369327595486768,-0.17499717263557774,-0.20806301801859237,-0.15598462016991307,-0.18954703513233218,170.9,4,PEuk1
-0.3319098685891878,-0.3881101161207757,-0.11538721849659389,-0.14317618099288237,-0.19416153091073,-0.23930637907578214,-0.11731300845658597,-0.14908250039221888,-0.17610757908751196,-0.21138265415579313,-0.14596356808078767,-0.22045757281880568,170.9,4,PEuk1
-0.17505508978559123,-0.18493269592478423,-0.08652733030594083,-0.09760658119995651,-0.1674471993857706,-0.22890200370692618,-0.10346697509422612,-0.14505366737631215,-0.13328105692831407,-0.15521002946869303,-0.08932591226917892,-0.0709540160404039,171.1,4,PEuk1
0.010399124184479738,0.12318216249366581,-0.09134973613525098,-0.10292159777547334,-0.18532447067243543,-0.2162764695514605,-0.11338323240944405,-0.1464861413375234,-0.12244676577690396,-0.14212948352198193,-0.0888934685275735,-0.09730802028305463,172.4,4,PEuk1
-0.04770268921850491,0.04505276124855177,-0.06154387494609784,-0.06053615895176232,-0.163282607779218,-0.20423545086615527,-0.1179740922776005,-0.15118644652274793,-0.039852758755593784,-0.007899069512302105,0.03183318141253724,0.1387122021367968,172.6,4,PEuk1
-0.1914250265838071,-0.14750252065461625,-0.10850577904826592,-0.1305068840062348,-0.1934505030754649,-0.24830791731625304,-0.1155501182672139,-0.14881391152449175,-0.11058637235103837,-0.11401368202492881,-0.05929602090500313,0.004339620379954297,173.1,4,PEuk1
-0.3390304869964141,-0.38459975665923823,-0.11544377123019987,-0.14371495611457694,-0.19070796713944246,-0.2431641811788411,-0.11650501711979043,-0.15136550576789934,-0.19006835087799062,-0.23024728692531723,-0.18163601865033407,-0.2635681261764876,173.3,4,PEuk1
-0.24487644925303167,-0.2679064842867282,-0.10925638805794533,-0.13456116679698638,-0.18532447067243543,-0.23837115432352543,-0.10791092744660155,-0.1475604968084319,-0.13351469993446943,-0.14358709025227565,-0.13844154184459354,-0.13166674544052917,173.4,4,PEuk1
-0.21775540792143475,-0.23560753484425503,-0.09758081914711017,-0.11301554968042092,-0.18471501824220823,-0.2328767089040172,-0.11892899113017703,-0.1512312113340358,-0.1181737483241246,-0.13226325530710353,-0.06418596167546432,-0.08040369170498053,173.5,4,PEuk1
0.02961356557638391,0.13593965563403934,-0.0931902705562457,-0.10691122755162155,-0.1575943850970974,-0.20517067561841199,-0.11947989431435581,-0.14997779661797592,-0.06737927704779363,-0.06791370962722847,0.04555495398270895,0.07266299212678898,173.5,4,PEuk1
-0.2264667032396051,-0.2522168621019576,-0.0913291715048488,-0.10616771788368307,-0.20391276979436534,-0.24784030494012468,-0.11319959801471778,-0.149037735580931,-0.14506918963062648,-0.16947435429174096,-0.12612936954753948,-0.10578891946768335,173.6,4,PEuk1
-0.2757449382483528,-0.2723411018166082,-0.09427248423116018,-0.10550771835960723,-0.21234352841250842,-0.2575432617447881,-0.11529303011459713,-0.15042544473085445,-0.1428628288714687,-0.15528585872055803,-0.13475745381514745,-0.12082958481738308,173.9,4,PEuk1
-0.27616132132209986,-0.31295382087875373,-0.10385560199857398,-0.12985765998459287,-0.20360804357925175,-0.24830791731625304,-0.12208750271946868,-0.153290392653277,-0.14907002502468877,-0.18054542506402976,-0.14156012651963257,-0.14299650427381827,174.0,4,PEuk1
-0.0067614726077054365,0.07827596875936746,-0.09435474275276888,-0.11194338718824874,-0.19913872575758554,-0.24105992548626348,-0.11881881049334128,-0.14760526161971974,-0.026190664622468347,-0.012183422242674147,-0.0828517304837979,-0.09878581491348364,174.1,4,PEuk1
-0.17241175903652234,-0.12757861273803003,-0.069353293341324,-0.06713884806812916,-0.21031202031175106,-0.24269656880271273,-0.10163063114696352,-0.1411143639829811,-0.11904328569754813,-0.14194412312853416,-0.05087584228239776,-0.0593779581020433,174.1,4,PEuk1
-0.2517350738161024,-0.2971412678178982,-0.10365766743095303,-0.12304754244637363,-0.20492852384474403,-0.2486586265983493,-0.11859844921966978,-0.15154456501305077,-0.14748510648808855,-0.17608835014885413,-0.11215811020336464,-0.141806058599306,174.5,4,PEuk1
-0.056208132230553064,0.04988348937915003,-0.08379223446245149,-0.09027654566930202,-0.184105565811981,-0.23954018526384632,-0.1201777050143156,-0.1522608019936564,-0.026703715759696083,0.0037533588576183162,0.021213361065804348,0.1139509321069418,174.6,4,PEuk1
-0.058767250672571957,-0.015146944069798917,-0.07969216127601773,-0.09184707514904167,-0.20096708304826716,-0.24550224305948287,-0.11430140438307533,-0.14917203001479457,-0.05308128854740001,-0.03353778211509881,0.040203462680341986,0.14995165129822635,175.1,4,PEuk1
0.06592310529943439,0.18567657749893596,-0.09914887221527605,-0.1184544845339275,-0.17242439423262615,-0.23930637907578214,-0.12183041456685192,-0.1514102705791872,0.02282378416366874,0.09654729945929479,0.11037161786872006,0.2553019885074769,175.5,4,PEuk1
-0.14794340537699988,-0.1336978385698152,-0.09331365833865875,-0.1122343257539638,-0.2078742105908422,-0.23930637907578214,-0.11731300845658597,-0.15051497435343014,-0.08475557237155366,-0.06884051159446726,-0.06175762374183394,-0.004945855881241333,175.6,4,PEuk1
0.4044706150248694,0.6451557683412681,0.21311475812655814,0.3863562534890072,-0.19781824549209323,-0.22679774801434857,-0.11808427291443625,-0.1512312113340358,-0.07391646383857332,-0.08124280701060815,-0.014309397439340177,0.020472211762137687,175.7,4,PEuk1
-0.05354140917397031,-0.06971004106988322,-0.10011798042297858,-0.12362672570219528,-0.1988339995424719,-0.23837115432352543,-0.11507266884092562,-0.1489482059583553,-0.06327005056840153,-0.046365563888926604,0.0015413289356581757,0.056965529163565246,176.1,4,PEuk1
-0.19725438961626698,-0.23727393116451798,-0.10850320846946564,-0.13588924747196346,-0.19781824549209323,-0.24257966570868064,-0.1157704795408854,-0.15096262246630868,-0.13216824178559478,-0.15951123314392396,-0.0925526078796193,-0.08027233218227572,176.2,4,PEuk1
-0.07371961363544649,-0.013881211345664784,-0.10905845349032438,-0.13242492343946743,-0.20513167465481977,-0.2308893563054717,-0.11195088413057923,-0.1477395560535833,-0.05139279630704019,-0.019791623846461666,0.019708124195985513,0.17486070079112426,176.7,4,PEuk1
-0.18699920200218031,-0.1889120139136088,-0.08962230718146824,-0.10257408782198035,-0.15403924592077198,-0.23042174392934334,-0.1112898003095647,-0.14751573199714402,-0.09389414521024865,-0.08314275104344768,-0.08994962920418673,0.018222679935817967,176.8,4,PEuk1
-0.2188314540670734,-0.2147775808409685,-0.08057901096211155,-0.08305965291420339,-0.16125109967846063,-0.2229399459112896,-0.12102242323005638,-0.15346945189842842,-0.13909322779277666,-0.16251912680123531,-0.10419116588686494,-0.09698783144646167,177.1,4,PEuk1
-0.08361923817532213,-0.044887110091540464,-0.07778222122741568,-0.08562961024468645,-0.19944345197269914,-0.23790354194739707,-0.12208750271946868,-0.14787385048744683,-0.043374264683419844,-0.006108656621045352,0.0018240806128617141,0.11943519217986724,177.5,4,PEuk1
-0.03239476318141933,0.03362474276806015,-0.09897664343565783,-0.11926803496768629,-0.16805665181599783,-0.2076256405930859,-0.11639483648295468,-0.15096262246630868,-0.12032952657679513,-0.14119004334609897,-0.045869474350735115,-0.05348319952066535,178.0,4,PEuk1
-0.17945284359820138,-0.16731260368593856,-0.11028976073565464,-0.13479014622370655,-0.18887960984876082,-0.2387218636056217,-0.11742318909342173,-0.15033591510827873,-0.1258213415668385,-0.14695727922405308,-0.040122962322863207,-0.06685724092604792,178.1,4,PEuk1
-0.2695740475261902,-0.29017973783516043,-0.0864836304663362,-0.0970327856953518,-0.1822772085212994,-0.23533167387869108,-0.11959007495119157,-0.15185791869206572,-0.14655535184503735,-0.1670436054958465,-0.12655765517624484,-0.08915551990518791,178.3,4,PEuk1
-0.19449877579113145,-0.1652000138154413,-0.08554793978303722,-0.09110625935671164,-0.19162214578478326,-0.2439825028370657,-0.11830463418810776,-0.1531113334081256,-0.0927716953043889,-0.0736093289895323,-0.09577930349005968,0.0004973543408388635,178.4,4,PEuk1
0.12319215255492476,0.24156004316808102,-0.09009015252311774,-0.10896396076527783,-0.21234352841250842,-0.23720212338320454,-0.11419122374623958,-0.15069403359858155,0.03880063014128176,0.07807445115773982,-0.02114117693412567,0.010291848752515598,178.4,4,PEuk1
0.004111271924747765,0.02857547085775529,-0.10083260132945417,-0.12452917403103367,-0.16531411587997538,-0.2386049605115896,-0.10163063114696352,-0.14353166379252513,-0.0144193927556517,0.01757955911433517,0.0869364935640268,0.17604293649546748,178.6,4,PEuk1
-0.3431662469648687,-0.39829971984959656,-0.1151301606165667,-0.14581617908918573,-0.2091946908563345,-0.2578939710268844,-0.11543993763037813,-0.15096262246630868,-0.19500375829667435,-0.2238186514616518,-0.16860865093447105,-0.2315081926663471,179.3,4,PEuk1
-0.1565564530036119,-0.1441515160324482,-0.08820848884131867,-0.10347653615081874,-0.1742527515233078,-0.2318245810577284,-0.11264869483053902,-0.14724714312941692,-0.09452522219594661,-0.09193473152357201,-0.0375657228893312,0.0007436534459103656,179.4,4,PEuk1
0.06903896066028371,0.16995963734170205,-0.08097745067615371,-0.08964617877691938,-0.18369926419182955,-0.22738226348450902,-0.11382395495678707,-0.15024638548570304,0.07219953656757185,0.13207330395804348,-0.007614835670256403,-0.009469549444387921,179.4,4,PEuk1
-0.3411170808266525,-0.38658486265824,-0.11561857058861837,-0.14412173133145634,-0.20513167465481977,-0.2578939710268844,-0.1159908408145569,-0.15266368529524707,-0.19039593282476514,-0.22505298317256528,-0.1050269465797754,-0.04527322935161528,179.4,4,PEuk1
-0.23247852627067322,-0.22896016154484558,-0.09742144326149331,-0.11452681389677416,-0.1622668537288393,-0.2262132325441881,-0.11184070349374348,-0.14921679482608244,-0.15372120693072988,-0.18219260492398598,-0.13751428266788193,-0.13081290854294797,179.4,4,PEuk1
-0.1130841887198102,-0.07921214249171032,-0.09117493677683249,-0.11116216326179164,-0.19202844740493474,-0.24725578946996424,-0.11624792896717367,-0.14988826699540023,-0.12834083212806016,-0.14788408119129187,-0.06498847746517436,-0.04092194516201874,179.5,4,PEuk1
-0.11603629792806233,-0.11235339608513603,-0.10529769670552654,-0.127169172127337,-0.20675688113542565,-0.228668197518862,-0.1134934130462798,-0.14765002643100758,-0.1434650015677454,-0.18353646777648222,-0.08863566552777029,-0.10089577724692951,179.7,4,PEuk1
0.30195148811452216,0.4078536475431711,-0.051043060546986964,-0.04167094806562731,-0.1449990348724017,-0.19090849814649707,-0.09501979293681824,-0.14420313596184292,0.00018931685602068815,0.05167744603629319,0.16933781690435795,0.28229637042331346,179.8,4,PEuk1
-0.12971611936218158,-0.12400906433615537,-0.07884129969312773,-0.09202756481480934,-0.20482694843970617,-0.23848805741755752,-0.12157332641423516,-0.15185791869206572,-0.07987556484092741,-0.07533233810135351,0.037421685150207176,0.054371178590145425,179.8,4,PEuk1
0.27993464828245473,0.3385479514037115,0.7035400639576399,1.1370774264313814,-0.11340908390562465,-0.2197835623724232,-0.11286905610421052,-0.1473366727519926,0.06698231232703064,0.12275051871486421,0.0697551710610118,0.11255523717820327,179.9,4,PEuk1
-0.26261717527156114,-0.2763568437687172,-0.10399184267498839,-0.13448035052873217,-0.19020009011425312,-0.2462036616236754,-0.11984716310380833,-0.152081742748505,-0.14598930951053726,-0.1704517090935564,-0.1247488760647222,-0.17122238171501242,180.2,4,PEuk1
-0.244932590791065,-0.3013436825818399,-0.10851092020586646,-0.13797969494413834,-0.1720180926124747,-0.23568238316078735,-0.118194453551272,-0.1514102705791872,-0.16224315492843755,-0.20765859534197909,-0.12473640172602204,-0.17003193604050015,180.3,4,PEuk1
0.27030169604823734,0.44473291036866197,-0.07486461428910703,-0.0805543485983237,-0.1963961898215631,-0.2287851006128941,-0.11984716310380833,-0.14854532265676465,0.12052991717073862,0.17476938549424864,0.04474828008009886,0.06652193444033953,180.4,4,PEuk1
-0.20450132648406819,-0.20732432735389092,-0.10246491886762685,-0.12987651711385217,-0.16561884209508898,-0.21943285309032692,-0.11268542170948427,-0.1489482059583553,-0.11412714780514527,-0.11792310123219063,-0.07345855344258036,-0.04884456637515206,180.4,4,PEuk1
-0.19055951120579342,-0.08468484297519675,-0.0739700528666124,-0.07085100865660467,-0.13951396300035682,-0.2086777684393747,-0.1134934130462798,-0.1471576135068412,-0.10396006400120972,-0.0928236188648783,-0.08450250130511856,0.0070242806252336695,180.8,4,PEuk1
-0.28133102128266824,-0.3121661526727278,-0.10450081727744223,-0.12727153940045896,-0.18857488363364722,-0.24795720803415677,-0.1181209997933815,-0.15109691690017224,-0.1492241812349356,-0.1760040954245597,-0.13461191986364562,-0.15230661044552105,180.8,4,PEuk1
-0.2797590582177352,-0.29895335999129885,-0.10408952466939872,-0.1281120285903025,-0.18339453797671593,-0.23778663885336498,-0.11870862985650553,-0.1481872041664618,-0.1570789218851687,-0.18858753849793364,-0.10556334314388212,-0.1452131962194618,181.0,4,PEuk1
-0.23387738626000348,-0.2610086962397382,-0.11244390577028253,-0.142667038502881,-0.21234352841250842,-0.2578939710268844,-0.11209779164636025,-0.14720237831812905,-0.1342132202621504,-0.14331326239831874,-0.10201647284013773,-0.07259601007421392,181.0,4,PEuk1
0.06446810377207081,0.1907486143862936,-0.09461180063279608,-0.10337955662891371,-0.18278508554648873,-0.2128862798245299,-0.1166886515145167,-0.1525293908613835,0.09788099771837992,0.18652713226953713,0.017059406278652368,0.11053558451661696,181.1,4,PEuk1
-0.09394460271195045,-0.07156311020197888,-0.0992182778428834,-0.12256533871245699,-0.21234352841250842,-0.2555559091462426,-0.11856172234072453,-0.1496196781276731,-0.05290304542930211,-0.03643193189461267,0.0049842464169012595,0.06178478165279764,181.4,4,PEuk1
-0.10883614567528889,-0.0703019304732553,-0.06422755921358174,-0.05998660832763387,-0.15668020645175657,-0.23100625939950378,-0.10890255317812335,-0.14747096718585617,-0.0965581572185767,-0.0925497910109214,-0.04858888018736914,0.028189583721044752,181.4,4,PEuk1
-0.14627319462050856,-0.09921345133027594,-0.09241909691616411,-0.11332265149978682,-0.18806700660845788,-0.23018793774127916,-0.11764355036709323,-0.1521712723710807,-0.13794187359749563,-0.16144066633026652,-0.10139691401802997,-0.1277998494909066,181.5,4,PEuk1
-0.250088255367125,-0.2531456731657107,-0.07462812103948202,-0.06782578634828972,-0.18562919688754903,-0.24819101422222095,-0.1168355590302977,-0.14881391152449175,-0.14560391898492017,-0.16810521502195638,-0.12156376158328235,-0.0875135258713779,181.7,4,PEuk1
-0.2874364135437919,-0.2820754060043736,-0.10748782984335822,-0.13053921051353648,-0.18004254961046628,-0.22679774801434857,-0.11290578298315578,-0.1502911502969909,-0.15490869148778752,-0.18178396951115797,-0.15128595259285427,-0.13171600526154348,181.7,4,PEuk1
-0.08508359662569126,-0.059274575588892466,-0.0829105259339582,-0.0985278866580542,-0.21234352841250842,-0.25485449058205006,-0.12208750271946868,-0.1514102705791872,-0.05053048500597197,-0.02887849586161653,-0.009910113991085125,0.044658783880159196,181.9,4,PEuk1
-0.22852990476232965,-0.3133863554427564,-0.10585551230518554,-0.13210704611766766,-0.19588831279637375,-0.2297203253651508,-0.11999407061958933,-0.15203697793721713,-0.14559910160334996,-0.176589665758406,-0.07445650053859285,-0.12777521958039945,181.9,4,PEuk1
-0.21197282950400267,-0.2736159405315634,-0.10022337415378972,-0.13343782066825322,-0.21234352841250842,-0.23427954603240228,-0.12208750271946868,-0.1497987373728245,-0.14384316602100714,-0.1741294278090085,-0.10229090829154117,-0.1412149407471344,182.1,4,PEuk1
-0.09743473499302192,-0.02851453859518673,-0.10077604859584818,-0.11850297429488,-0.203404892769176,-0.23112316249353587,-0.1203980662879871,-0.14975397256153666,-0.07478600121199686,-0.05439925185040102,-0.020766946773120985,0.08205519800018227,182.2,4,PEuk1
-0.17388547440989705,-0.18610736874070727,-0.10247520118282794,-0.1275948044734757,-0.16561884209508898,-0.22890200370692618,-0.10207135369430655,-0.14353166379252513,-0.10115393923656037,-0.09862034389633546,-0.08359187458000716,-0.016718953103659135,182.3,4,PEuk1
-0.07282602748841613,-0.0020252112965810456,-0.10179913895835642,-0.127021008968871,-0.16216527832380145,-0.22773297276660528,-0.11360359368311555,-0.14966444293896095,-0.04667417105901608,-0.02897538879455513,0.022539799080920946,0.13582229263729118,182.6,4,PEuk1
-0.2041972264863877,-0.2007998849305664,-0.10148552834472324,-0.11832517850472081,-0.186441800127852,-0.23217529033982467,-0.1133465055304988,-0.14765002643100758,-0.12194575809360175,-0.13450443097333553,-0.08967103563988324,-0.06396733142654229,183.1,4,PEuk1
0.08874931897148222,0.13941359113229237,-0.09180472858289912,-0.11142616307142197,-0.1744559023333835,-0.2328767089040172,-0.11566029890404965,-0.14518796181017568,-0.12519508196271076,-0.14985985447599637,-0.04179868182158417,-0.05793300335229049,183.1,4,PEuk1
-0.247992304613881,-0.2750774520583514,-0.10522314992031864,-0.1295559459164439,-0.18034727582557988,-0.2398908945459426,-0.11672537839346195,-0.15194744831464144,-0.14898812953799515,-0.17082664261666664,-0.13795504263528746,-0.11107614025655159,183.5,4,PEuk1
-0.14471058847858112,-0.09317162642047021,-0.10023365646899081,-0.11774330137329068,-0.17608110881398942,-0.21803001596194185,-0.1147054000514731,-0.1484110282229011,-0.08089203235224245,-0.07538289093593017,-0.04398169109411149,-0.027728523100355278,183.7,4,PEuk1
-0.23522010471130042,-0.28726126777699507,-0.10073748991384411,-0.12301252206346347,-0.16257157994395294,-0.22714845729644484,-0.11962680183013683,-0.15337992227585273,-0.1507561085742635,-0.17100357753768494,-0.14162249821313336,-0.11387574008419767,184.1,4,PEuk1
-0.19178526811952093,-0.16445787556352093,-0.10360368527614733,-0.12861847720469538,-0.19903715035254765,-0.2451515337773866,-0.10721311674664177,-0.14827673378903752,-0.137431231151053,-0.1607202884375491,-0.09871077308459636,-0.0653137665342665,184.4,4,PEuk1
0.10243849732860703,0.19759176648835688,-0.05841548054616689,-0.05728465109233565,-0.16064164724823343,-0.21312008601259408,-0.11661519775662618,-0.15114168171146009,-0.03920000355282986,-0.030180231351965556,0.09720287431425527,0.11520705754280645,184.6,4,PEuk1
-0.24957362460181953,-0.2736887884581323,-0.10677320893688262,-0.1292784767287712,-0.21234352841250842,-0.24830791731625304,-0.11088580464116693,-0.14765002643100758,-0.14559669291256486,-0.1783084621340125,-0.09357134554013205,-0.10977075499967263,184.7,4,PEuk1
-0.16893098367845644,-0.16878322120354766,-0.10567814236796678,-0.12490092886500291,-0.11757367551217725,-0.2187314345261344,-0.10827819623605407,-0.14514319699888784,-0.12095096879935267,-0.1457271602493543,-0.06166614525803279,-0.06651242217894782,185.0,4,PEuk1
-0.16467826217243237,-0.14472974644958858,-0.05784995321010706,-0.05084898226369414,-0.21234352841250842,-0.25239952560737616,-0.11580720641983065,-0.14975397256153666,-0.09761316378245345,-0.0954944936250119,-0.024338765754265683,0.04217116291893702,185.5,4,PEuk1
0.11902364335595067,0.2772145502281328,-0.05435653662053749,-0.05290171547735041,-0.1751669301686486,-0.2160426633633963,-0.11430140438307533,-0.14899297076964316,-0.18114415151917015,-0.232294676725672,-0.16648801335544453,-0.25934820150959587,185.7,4,PEuk1
-0.16742451907456232,-0.16239536864253978,-0.1065290039508568,-0.12827635500241932,-0.21234352841250842,-0.2567249400865635,-0.12208750271946868,-0.15346945189842842,-0.09968945523921546,-0.11851288430225167,-0.02750724778410533,-0.01744964044870459,185.7,4,PEuk1
-0.19014780659354907,-0.1835167143521018,-0.10086344827505743,-0.12198346158102687,-0.21031202031175106,-0.23848805741755752,-0.11753336973025748,-0.15257415567267138,-0.11574819670352211,-0.12655921047237026,-0.03794411116323594,-0.04065101614644009,185.8,4,PEuk1
-0.1549657760926678,-0.11183890760374338,-0.09812064069516728,-0.12030787095255678,-0.1819724823061858,-0.23369503056224183,-0.11499921508303512,-0.15091785765502083,-0.09064482134113964,-0.07808746758578154,-0.06543755365837998,0.023871139412124414,185.8,4,PEuk1
-0.007570846447685816,0.07255285352830054,-0.10012826273817967,-0.12188648205912185,-0.16897083046133862,-0.23042174392934334,-0.11125307343061945,-0.14675473020525054,-0.07611559852537578,-0.060212827826717066,-0.018820949935896635,0.08961658052587738,186.0,4,PEuk1
2.986373164562283,3.985210436546946,0.1018395430203864,0.17988146360200108,-0.11605004443660923,-0.15314879877413215,-0.1144115850199111,-0.1470680838842655,-0.13001005484213912,-0.15633904277423846,-0.10230338263024132,-0.134096896610568,186.3,4,PEuk1
-0.16405602679256304,-0.1856429632088307,-0.01730421379341775,0.024792350946613587,-0.13220053383763028,-0.22153710878290453,-0.10647857916773674,-0.14585943397949347,-0.1127084289327174,-0.12124273736939138,-0.09545497068385563,-0.04084805543049729,186.5,4,PEuk1
-0.2332130447266092,-0.26419124003171574,-0.06863610185604813,-0.062082443551025705,-0.14418643163209877,-0.2276160696725732,-0.10306297942582834,-0.14294972124578306,-0.152933565044,-0.17785348662282255,-0.13652465179766957,-0.11999216786013997,186.5,4,PEuk1
-0.19707192961765868,-0.22975238274628204,-0.09613358328255707,-0.11465881380158932,-0.2020844125036837,-0.24234585952061646,-0.1181209997933815,-0.15118644652274793,-0.1054871739589674,-0.12844230356035088,-0.04503785177072471,-0.04443581239437217,186.7,4,PEuk1
-0.22583978939823302,-0.24480003257816443,-0.11520984855937513,-0.14262393649314545,-0.20584270249008485,-0.23895566979368588,-0.10996763266753565,-0.147829085676159,-0.1484726697099823,-0.17688034455722182,-0.14758939022470802,-0.10475446322638304,187.2,4,PEuk1
0.13807433859525764,0.2675621999577574,-0.07810354357744968,-0.09129483064930474,-0.184105565811981,-0.22258923662919333,-0.10442187394680265,-0.14796338011002255,0.035493497693330205,0.06362476594124414,-0.022608990787844035,-0.0363900416287031,187.4,4,PEuk1
-0.2714313967427926,-0.2765480695759605,-0.11200947795303656,-0.1413012435693853,-0.1953804357711844,-0.23790354194739707,-0.1169824665460787,-0.1530218037855499,-0.14691424677201825,-0.17267182107871476,-0.104914677531474,-0.10193023348822981,187.6,4,PEuk1
-0.17348312672065824,-0.17231634564213788,-0.10667552694247229,-0.13428639148492214,-0.17943309718023906,-0.2160426633633963,-0.12208750271946868,-0.15409615925645836,-0.154829204691879,-0.19229474636688879,-0.09348402516923096,-0.11912191102222067,188.1,4,PEuk1
0.00922483034728277,0.067990752126925,-0.05483723485618835,-0.04318221228198055,-0.2088899646412209,-0.21253557054243363,-0.10519313840465294,-0.14550131548919065,0.0040913959278936094,0.04960056708243536,0.09833388102306942,0.1960670537377806,188.5,4,PEuk1
-0.2399734215981216,-0.22906943343469888,-0.1086445903034806,-0.13099178161575992,-0.20218598790872158,-0.2375528326653008,-0.10489932337309092,-0.14572513954562993,-0.13543683518098462,-0.16253176500987948,-0.0855046065140311,-0.11443401805569307,189.2,4,PEuk1
-0.3341742439565318,-0.39711138804744184,-0.11406594099325412,-0.14329471151965517,-0.18562919688754903,-0.2387218636056217,-0.11312614425682728,-0.14693378945040195,-0.159545421249118,-0.17431478820245627,0.5836189213623422,2.021750960110121,189.3,4,PEuk1
0.4738943052645738,0.7759724324773181,-0.03723134065312583,-0.021377983107001716,-0.14073286786081124,-0.20680731893486126,-0.1192595330406843,-0.1525293908613835,0.08662759437036122,0.16652506072203815,0.07196728712383947,0.1899670459021764,189.3,4,PEuk1
0.2068243303785622,0.3150271771127873,-0.08776377870887163,-0.10231547576356696,-0.17912837096512546,-0.23357812746820975,-0.12021443189326085,-0.1464861413375234,0.04534986038598699,0.11551303789797221,0.26353154842923665,0.4588928287595805,189.7,4,PEuk1
-0.12001299020542258,-0.11615059425753842,-0.08544254605222606,-0.0965775207175199,-0.19934187656766125,-0.24234585952061646,-0.12061842756165861,-0.153290392653277,-0.039267446894812846,-0.006121294829689517,0.030876815445525275,0.11119238213014096,190.1,4,PEuk1
-0.22876850629897127,-0.18789669593705516,-0.10288649379087145,-0.12516492867463325,-0.19588831279637375,-0.24351489046093736,-0.11661519775662618,-0.14970920775024882,-0.11775704481830114,-0.12609580948875085,-0.07737549579442937,-0.05078211933504788,190.1,4,PEuk1
0.5164215203248146,0.7797923956267732,0.8856501484841053,1.556045124314722,-0.16561884209508898,-0.228668197518862,-0.12021443189326085,-0.1513207409566115,-0.14270626397043676,-0.1688845712216799,-0.07532970424760377,-0.08676641858599433,190.4,4,PEuk1
-0.1268762932299961,-0.1069307785511657,-0.10649815700525353,-0.1333219840170889,-0.20645215492031205,-0.24573604924754705,-0.12208750271946868,-0.1513207409566115,-0.11061527664045964,-0.12241809077329875,-0.047653304784857436,-0.00011839342183989173,190.6,4,PEuk1
-0.24933034460367515,-0.2552081800866919,-0.08924186151902799,-0.10492853510378558,-0.21234352841250842,-0.25298404107753664,-0.1159908408145569,-0.1519026835033536,-0.15523627343456203,-0.18300566301342727,-0.12931448402897933,-0.15618992633548173,190.7,4,PEuk1
-0.22422104171827226,-0.23364974681771664,-0.0994830474593114,-0.12278354263674329,-0.17110391396713387,-0.2239920737575784,-0.10857201126761608,-0.14809767454388612,-0.1494072417346037,-0.1825843893919551,-0.09167108794480827,-0.11348987148625232,191.0,4,PEuk1
-0.27749936131189407,-0.3417515168505105,-0.11110463421534085,-0.13730353216641167,-0.1809567282558071,-0.23568238316078735,-0.1147054000514731,-0.14850055784547678,-0.16242380673732054,-0.2111804428174865,-0.11302299768657546,-0.15448225254031933,191.1,4,PEuk1
-0.3387357439217391,-0.35884346162173186,-0.11178583759741291,-0.13204508697867276,-0.18532447067243543,-0.23065555011740752,-0.11532975699354238,-0.15109691690017224,-0.18422004965175146,-0.18106359161844054,-0.15684534954022383,-0.17002372607033112,191.3,4,PEuk1
-0.34456510695419895,-0.41635234665244486,-0.10901475365071976,-0.1321528420030117,-0.19294262605027557,-0.2498276575386702,-0.11286905610421052,-0.14662043577138698,-0.1369591277571721,-0.146186348496759,-0.15355628223628268,-0.1895388251621631,191.3,4,PEuk1
-0.056105206077491976,0.014224429323687721,-0.08266632094793237,-0.08922054643078069,-0.1604384964381577,-0.22574562016805974,-0.12208750271946868,-0.1537828055774434,-0.0398214457753874,-0.01668683725621172,0.0282738367700927,0.14547721755609405,191.3,4,PEuk1
-0.1684771729126871,-0.10483640066231066,-0.047637043636626644,-0.03564474832947366,-0.1723228188275883,-0.22317375209935378,-0.12208750271946868,-0.15221603718236856,-0.10423465475071189,-0.10442970713643679,-0.07385773228098536,-0.020216400395674464,192.0,4,PEuk1
-0.0997318595908853,-0.07137643739014614,-0.09724664390307482,-0.11578485380593095,-0.16988500910667945,-0.23474715840853064,-0.11992061686169883,-0.15033591510827873,-0.09249228717331652,-0.10622854550012298,-0.12618342501524016,-0.12111693377329984,192.1,4,PEuk1
-0.1831535066468978,-0.19915625358735625,-0.09921313668528285,-0.12012199353557217,-0.18319138716664018,-0.235214770784659,-0.11834136106705301,-0.15145503539047506,-0.08863115584479041,-0.07526493432191796,-0.07535881103790414,-0.009986777565038076,192.5,4,PEuk1
-0.19125192350820439,-0.19330110148938326,-0.10118991178269197,-0.12551782637934317,-0.19964660278277488,-0.24702198328190003,-0.11947989431435581,-0.15194744831464144,-0.09942690794363883,-0.10648552240922102,-0.06910085112332583,-0.049156545241575964,192.9,4,PEuk1
-0.1682947129140788,-0.14706998609061356,-0.08063813427451781,-0.08755573130474449,-0.1934505030754649,-0.23743592957126872,-0.10625821789406523,-0.14590419879078134,-0.08820722626661162,-0.0927267259319397,-0.03308327718307511,0.0058092050402142595,193.0,4,PEuk1
0.07693152521546812,0.19053007060658697,-0.08378709330485094,-0.09498005248169553,-0.21234352841250842,-0.2162764695514605,-0.1213896920195089,-0.15369327595486768,-0.0032262066772606717,0.06993965752711208,0.10615944950096735,0.33479091968421965,193.0,4,PEuk1
-0.18666703123548314,-0.11787162652272799,-0.09583282556292524,-0.11298052929751078,-0.18339453797671593,-0.23556548006675526,-0.12208750271946868,-0.15203697793721713,-0.06820545798708524,-0.05427286976395937,-0.025527986043680565,0.05434654867963828,193.3,4,PEuk1
-0.2102792264399975,-0.1772517926671789,-0.10886308950150371,-0.13189692382020676,-0.17303384666285337,-0.23591618934885153,-0.1156970257829949,-0.14836626341161321,-0.11164860498727043,-0.11582515859725918,-0.06171188449993336,-0.04711226266948249,193.3,4,PEuk1
-0.2481934784585004,-0.30215411576491863,-0.109716521663194,-0.1358272883329686,-0.17943309718023906,-0.23217529033982467,-0.11169379597796247,-0.14814243935517396,-0.1456472754190521,-0.169428014193379,-0.1300712605767888,-0.12958141301759046,193.6,4,PEuk1
-0.24433374771870955,-0.26766972852537935,-0.10176829201275316,-0.1243675414945253,-0.21234352841250842,-0.2540361689238254,-0.1169824665460787,-0.15051497435343014,-0.1359956514431294,-0.16238010650614948,-0.063121484773051,-0.0821524153509882,193.7,4,PEuk1
-0.2954506180980485,-0.3488678486772071,-0.09462979468439799,-0.10433049471870462,-0.19009851470921524,-0.2442163090251299,-0.11580720641983065,-0.1506492687872937,-0.17510797241169265,-0.21555747574458242,-0.14942311801363098,-0.18175577344190366,193.9,4,PEuk1
-0.12287620864512197,-0.09557560799724295,-0.09843425130880044,-0.11653644510069487,-0.1889811852537987,-0.2440994059310978,-0.11323632489366305,-0.1470680838842655,-0.10654940659519946,-0.12162188362871634,-0.03491700497199806,-0.04078237566914489,194.3,4,PEuk1
-0.009802472584510334,0.01684240168475652,-0.08284369088515113,-0.09295425802412398,-0.21234352841250842,-0.2477234018460926,-0.10798438120449205,-0.14872438190191606,-0.0417170854232664,-0.010165521595822418,0.0519917127519895,0.12796535118551025,194.5,4,PEuk1
-0.30273030419636915,-0.3511944293320004,-0.1044391233862357,-0.12830059988289558,-0.20005290440292633,-0.2519319132312478,-0.11808427291443625,-0.15127597614532365,-0.17593656204176938,-0.22100454367021766,-0.14289903887344932,-0.18954703513233218,194.5,4,PEuk1
-0.2636932214171998,-0.27912961797374486,-0.09800496464915504,-0.11674926127376421,-0.19466940793591933,-0.23930637907578214,-0.11588066017772115,-0.1525293908613835,-0.15537838619088334,-0.18377238100450663,-0.14031269264961696,-0.15871859714754916,194.6,4,PEuk1
-0.2550988876365989,-0.30232257659510914,-0.09659371688780574,-0.11392607963608473,-0.20391276979436534,-0.25146430085511945,-0.11162034222007197,-0.1494406188825217,-0.14194752637312813,-0.16706045644070538,-0.11542638694280553,-0.11330104217236417,194.6,4,PEuk1
-0.27576833055586664,-0.30961192224740675,-0.09687905113463592,-0.11868077008503922,-0.2020844125036837,-0.24842482041028513,-0.10625821789406523,-0.14496413775373643,-0.16191798167244814,-0.1971562439586777,-0.14035011566571742,-0.14308681394567782,194.8,4,PEuk1
-0.062393058337223944,-0.014951165267145076,-0.014291495439499036,0.027359614401488163,-0.18552762148251117,-0.23486406150256273,-0.12054497380376811,-0.15199221312592928,-0.0246009287042979,0.01862431769558617,0.04108498261515302,0.18853030112259264,195.1,4,PEuk1
-0.16264313141872447,-0.10613855734972923,-0.10114621194308734,-0.12800427356596358,-0.16866610424622502,-0.2263301356382202,-0.11881881049334128,-0.15020162067441517,-0.10889788011067854,-0.12023168067785815,-0.03024328607233957,-0.027597163577650477,195.3,4,PEuk1
-0.3442563284950157,-0.4121954618426087,-0.1153769361813928,-0.14415136396314954,-0.18837173282357147,-0.2363838017249799,-0.11672537839346195,-0.15360374633229198,-0.17613407468614814,-0.21473177944649693,-0.16286213890659915,-0.2391352549533946,195.6,4,PEuk1
-0.34038256237071657,-0.4106838673663046,-0.11348499018439266,-0.14008091791874713,-0.2020844125036837,-0.25473758748801795,-0.11738646221447648,-0.15248462605009566,-0.1870213570348306,-0.22361644012334517,-0.1682136302089661,-0.24832221157256162,196.4,4,PEuk1
-0.33051568706136036,-0.364880733536127,-0.11561857058861837,-0.14501071028225235,-0.21183565138731908,-0.2578939710268844,-0.11947989431435581,-0.1523503316162321,-0.16221665932980137,-0.20558171638812126,-0.17714941483117794,-0.26348602647479713,196.4,4,PEuk1
-0.16066882066455268,-0.1410919031165556,-0.0506728971997478,-0.03429511664962879,-0.186441800127852,-0.23708522028917245,-0.12208750271946868,-0.15266368529524707,-0.103740873139765,-0.10181359794709456,-0.09257339844411956,-0.015405357876611124,196.5,4,PEuk1
-0.2142418833328494,-0.20952797713259927,-0.08832416488733091,-0.10232086351478391,-0.20584270249008485,-0.24105992548626348,-0.12208750271946868,-0.15306656859683776,-0.11455348607410917,-0.12489517966755516,-0.05740823764837951,-0.025741710319445162,196.9,4,PEuk1
-0.24663555077807572,-0.2861321249151776,-0.11046198951527286,-0.14039340748932996,-0.21234352841250842,-0.2477234018460926,-0.10442187394680265,-0.1445164896408579,-0.15973329913035633,-0.1934743125070109,-0.12886540783577372,-0.13823472157576924,196.9,4,PEuk1
0.18508351977515858,0.3498803569805815,-0.06202457318174869,-0.06480325791558324,-0.17120548937217173,-0.24386559974303362,-0.11936971367752006,-0.1514998002017629,0.09817004061259273,0.1499690073981816,-0.005040963785124194,0.017221063575193856,197.2,4,PEuk1
-0.11313097333483796,-0.05003199490546697,-0.10876283692829311,-0.12961251730422182,-0.19070796713944246,-0.23907257288771797,-0.12208750271946868,-0.15266368529524707,-0.09192865352960154,-0.09476147752365033,-0.024837739302271927,0.020537891523490087,197.8,4,PEuk1
-0.18984370659586858,-0.2615596086844153,-0.09424163728555691,-0.11547775198656506,-0.21234352841250842,-0.25204881632527987,-0.11474212693041835,-0.14845579303418893,-0.11703443758276912,-0.1353891055784271,-0.06941270959082974,-0.049673773362226115,197.8,4,PEuk1
0.09168739279522603,0.16284330551500548,-0.10109737094588218,-0.12251415507589601,-0.13951396300035682,-0.21662717883355678,-0.10930654884652112,-0.14912726520350672,0.014757078724346262,0.06838515786387975,0.15201096044984114,0.2614594661342644,198.4,4,PEuk1
-0.03167428010999171,0.010563821013601957,-0.04494307705394165,-0.037304175704292904,-0.16135267508349851,-0.22773297276660528,-0.10497277713098142,-0.14590419879078134,-0.024350424862646797,0.020840216944529824,0.0035039582244827355,0.18993420602150018,198.5,4,PEuk1
0.060191989958532845,0.14351128700179136,-0.05127184206021117,-0.038150052645353365,-0.15028095593437085,-0.21721169430371723,-0.11393413559362282,-0.1467099653939627,-0.003363502052011756,0.0702556127432162,0.0444239472738948,0.2580605384842777,198.7,4,PEuk1
-0.29347162888237394,-0.3420064845935015,-0.09261189032618451,-0.10621620764463557,-0.19172372118982114,-0.24234585952061646,-0.1159173870566664,-0.15060450397600586,-0.16877552433764703,-0.2118207787221242,-0.12509815754832657,-0.1722075781352984,198.7,4,PEuk1
-0.1735907313352221,-0.1845547973057082,-0.04725145681658585,-0.03285389319909584,-0.16663459614546766,-0.23322741818611348,-0.12208750271946868,-0.1527532149178228,-0.1056341040968589,-0.106076886996393,-0.02764446550980705,0.027146917509575392,198.8,4,PEuk1
-0.16631572369840422,-0.16587841013161392,-0.08982538290668972,-0.10092004819837805,-0.18461344283717035,-0.2151074386111396,-0.11037162833593342,-0.14603849322464488,-0.09326065953376557,-0.09843498350288771,-0.04472599330322081,-0.04495304051502233,198.9,4,PEuk1
-0.1140900579429072,-0.07097122079860681,-0.035200583400911,-0.011448357614170979,-0.19202844740493474,-0.2362668986309478,-0.11566029890404965,-0.1506492687872937,-0.07220629338114753,-0.06956088948718468,0.01502193095762687,0.08386139143737328,199.0,4,PEuk1
-0.26940562291209025,-0.2822620788162063,-0.1002516505205927,-0.12485782685526735,-0.15698493266687016,-0.23007103464724707,-0.1201777050143156,-0.1527532149178228,-0.15462687466593003,-0.18249592193144595,-0.11287330562217358,-0.1386370101140527,199.7,4,PEuk1
-0.22792638322847145,-0.19575061302026156,-0.10660612131486495,-0.13022133319173668,-0.1591180161726654,-0.22375826756951422,-0.11297923674104628,-0.15118644652274793,-0.14249189049056227,-0.1633321848906766,-0.09907252890690088,-0.1239493734816221,199.7,4,PEuk1
-0.11831470867991462,-0.15261098150525831,-0.09696902139264545,-0.1209705643522411,-0.1732369974729291,-0.23556548006675526,-0.1213162382616184,-0.15154456501305077,-0.11423553889047508,-0.11793573944083478,-0.0609717404037241,-0.006210191287275044,201.0,4,PEuk1
-0.22676144631428002,-0.23924082518187748,-0.0765252081940827,-0.08309197942150506,-0.182581934736413,-0.23673451100707615,-0.1169090127881882,-0.15033591510827873,-0.13613535550866557,-0.16653386441386514,-0.08346297308010556,-0.06900825311033904,202.0,4,PEuk1
0.2031002750223519,0.30228789595405603,-0.08818278305331595,-0.10550233060839029,-0.17049446153690664,-0.2307724532114396,-0.12208750271946868,-0.15002256142926376,0.06091241154856165,0.15392897944002004,0.13754072755766006,0.302221968023598,202.2,4,PEuk1
-0.07067393519713883,0.003807175824339181,-0.10336205086892176,-0.1230502363219821,-0.1962946144165252,-0.22597942635612392,-0.11044508209382392,-0.1440240767166915,-0.1145679382188198,-0.12042967927995007,-0.06816527572081411,-0.027966612235257732,202.9,4,PEuk1
-0.11690181330607603,-0.07423116551256377,-0.041627030401590846,-0.017536516489319504,-0.1732369974729291,-0.23556548006675526,-0.12076533507743963,-0.1502911502969909,-0.08040065943208068,-0.06487211408019936,-0.04004395817776221,0.07525734270020881,203.0,4,PEuk1
-0.2090675049107783,-0.21565630895520552,-0.09666312251541308,-0.11920338195308294,-0.20767105978076647,-0.2578939710268844,-0.11507266884092562,-0.14684425982782623,-0.13837302924802974,-0.16169343050314983,-0.08135480983977918,-0.11358018115811187,203.2,4,PEuk1
-0.2574381183879873,-0.28636432768111586,-0.1005729728706267,-0.11507636452090261,-0.20391276979436534,-0.2504121730088306,-0.12208750271946868,-0.15373804076615555,-0.14698169011400122,-0.17059915486107166,-0.13319400336472786,-0.12843201719392344,203.2,4,PEuk1
-0.0685639490593865,-0.04542891654539644,-0.08000577188965091,-0.09223499323666175,-0.1402249908356219,-0.21826382215000603,-0.11169379597796247,-0.14997779661797592,-0.15442454463998107,-0.1905338226291351,-0.0976670867466833,-0.12523012882799392,203.5,4,PEuk1
-0.19448006194512035,-0.16042847462518026,-0.09342933438467098,-0.11424934470910146,-0.1867465263429656,-0.2307724532114396,-0.11518284947776138,-0.14890344114706747,-0.12300076465747851,-0.14041068714637545,-0.0745396627965939,-0.06308065464828488,203.6,4,PEuk1
-0.20889440183517557,-0.24333852105137646,-0.08486416582216488,-0.09220266672936007,-0.178722069344974,-0.2361499955369157,-0.11870862985650553,-0.1510521520888844,-0.12959335133631567,-0.14299730718221462,-0.07492220918339867,-0.07355657658399277,203.8,4,PEuk1
-0.17403050671648312,-0.1749343180032067,-0.10784514029659602,-0.1355659823989467,-0.1818709069011479,-0.22434278303967467,-0.12124278450372789,-0.15024638548570304,-0.10268586657588825,-0.11227803470446344,-0.041187439225276526,-0.05632384919915667,203.9,4,PEuk1
-0.33953576083871395,-0.4102422268114808,-0.11561857058861837,-0.1439654865461649,-0.19690406684675243,-0.25052907610286274,-0.11679883215135245,-0.15145503539047506,-0.18146209870280425,-0.21696452964029947,-0.18106635718302694,-0.26709841334917916,204.2,4,PEuk1
-0.20408026494881829,-0.24614771921968856,-0.09435217217396862,-0.10914175655543704,-0.18166775609107216,-0.2387218636056217,-0.12208750271946868,-0.15239509642751997,-0.1312168089254776,-0.15128375931657234,-0.11460308058859524,-0.08753815578188505,204.3,4,PEuk1
0.17682135676125482,0.33933561960973746,-0.0797589963248248,-0.09329368635079156,-0.17110391396713387,-0.22936961608305453,-0.10387097076262387,-0.14747096718585617,0.05765586160709733,0.10046514413898604,0.02634447238446856,0.0683034979670234,204.8,4,PEuk1
-0.24696772154477287,-0.2556862446048001,-0.08414954491568928,-0.09608454148116938,-0.18623864931777626,-0.23696831719514036,-0.11117961967272895,-0.14245730832161668,-0.1328860316395566,-0.16320580280423494,-0.07908448019635077,-0.08343317069736,204.9,4,PEuk1
0.18041909365689016,0.3950324124670498,-0.08874316923177523,-0.1089073893774999,-0.1889811852537987,-0.22165401187693662,-0.1213896920195089,-0.1523503316162321,0.020720997108270554,0.038297795818336845,-0.06902600509112489,-0.07436936363072873,205.2,4,PEuk1
0.12793143405723761,0.2957862185077843,-0.04419503862306252,-0.030970874148773354,-0.18623864931777626,-0.2408261192981993,-0.11602756769350216,-0.14953014850509738,0.03645215662580269,0.09468527005238776,-0.02071289130542031,0.03860803586556929,205.3,4,PEuk1
-0.25726501531238455,-0.25650578377869987,-0.11032574883885844,-0.13896295954123092,-0.19913872575758554,-0.2431641811788411,-0.1170559203039692,-0.15172362425820218,-0.1626550410526908,-0.1985127450198181,-0.1294891247707815,-0.15027053784359662,205.3,4,PEuk1
-0.2058019387818401,-0.23798875144397502,-0.10038275003940658,-0.12257342033928241,-0.19751351927697963,-0.24269656880271273,-0.11452176565674685,-0.15011209105183948,-0.1359282081011464,-0.15107312250583624,-0.10885241044782328,-0.08063357086971393,205.8,4,PEuk1
-0.23777454469181653,-0.27580593132404013,-0.0973571787914865,-0.11964787142848095,-0.19944345197269914,-0.23053864702337543,-0.12043479316693236,-0.15163409463562647,-0.15023583136468044,-0.18303515216693034,-0.11274440412227198,-0.1162730513735603,206.0,4,PEuk1
-0.1605425022039777,-0.1560075160815319,-0.10157806918153303,-0.1258437853279684,-0.17790946610467104,-0.2362668986309478,-0.12208750271946868,-0.15369327595486768,-0.11612876984756898,-0.13137436796579724,-0.006537884429142926,0.03374773352549165,206.1,4,PEuk1
-0.23859327545480247,-0.254634502664962,-0.08891025685379292,-0.09214878921719062,-0.1696818582966037,-0.23790354194739707,-0.10721311674664177,-0.14720237831812905,-0.13631359862676348,-0.15550492100372354,-0.10331796217785401,-0.1071271446052385,206.2,4,PEuk1
-0.13910111313675178,-0.11970193067777088,-0.0773400816737689,-0.08884879159681144,-0.1751669301686486,-0.21019750866179185,-0.1216100532931804,-0.1538723352000191,-0.08471462462820685,-0.08275096657547855,-0.0027789503674958875,0.035701706425725566,206.3,4,PEuk1
-0.02957365089524494,0.10045360940417809,-0.0547498351769791,-0.049722942259352504,-0.16480623885478604,-0.219549756184359,-0.10629494477301048,-0.14666520058267482,-0.03612410542024855,0.013678565379502811,0.07326877646155576,0.2649733333666178,206.3,4,PEuk1
-0.22391226325908897,-0.2605807146711461,-0.10315897514370027,-0.12992770075041316,-0.18623864931777626,-0.23743592957126872,-0.11507266884092562,-0.14966444293896095,-0.1569777568721942,-0.19751432653692907,-0.10727648565870355,-0.11996753794963282,206.3,4,PEuk1
-0.03756446314198766,0.030792779622695297,-0.03301816199948012,-0.015949823755929026,-0.2075694843757286,-0.24608675852964332,-0.1122814260410865,-0.14778432086487114,-0.005692706041209975,0.0365284466081537,0.1063631970330699,0.2094000452923179,206.4,4,PEuk1
-0.05803741067813878,-0.009196179068204274,-0.09915658395167687,-0.11688126117857939,-0.1497730789091815,-0.23124006558756796,-0.11180397661479823,-0.1484110282229011,-0.01822753288690546,0.025124569674901866,0.09081601289977534,0.22256883744347422,206.6,4,PEuk1
-0.14748491614972775,-0.1304697648237321,-0.06581874749095007,-0.06529354327632529,-0.1967009160366767,-0.2387218636056217,-0.118194453551272,-0.15145503539047506,-0.09976412465355378,-0.09606742575021407,-0.05557866797235661,0.019216086326273023,207.0,4,PEuk1
-0.25332107226554373,-0.2794119036891992,-0.11024606089605002,-0.1396768365774762,-0.17790946610467104,-0.22586252326209183,-0.10791092744660155,-0.14769479124229543,-0.1472225591925119,-0.18465705560959822,-0.10219942980774002,-0.1415761794345726,207.5,4,PEuk1
-0.226279564779494,-0.2747177654209176,-0.04388656916702988,-0.030644915200148143,-0.15647705564168082,-0.2296034222711187,-0.12208750271946868,-0.15382757038873124,-0.13040748882168174,-0.15618317153429376,-0.059320969582403446,-0.08437731726680077,207.7,4,PEuk1
-0.22227948019461988,-0.2348016546565869,-0.0978892886031428,-0.12063382990118199,-0.1744559023333835,-0.23474715840853064,-0.11125307343061945,-0.1462175524697963,-0.11193764788148325,-0.10333439572060912,-0.07965829977655794,-0.020347759918379265,207.9,4,PEuk1
-0.24612092001277028,-0.2500268713094809,-0.10215644941159421,-0.12291015479034151,-0.19466940793591933,-0.2487755296923814,-0.11308941737788203,-0.14939585407123385,-0.11174977000024491,-0.11786412292518451,-0.08869803722127106,-0.058630850816659745,207.9,4,PEuk1
-0.18516992355459458,-0.1515728985516519,-0.10784514029659602,-0.12817668160490583,-0.1729322712578155,-0.2262132325441881,-0.12208750271946868,-0.15351421670971627,-0.16185776440282046,-0.2069045155595439,-0.1313810661403052,-0.1748265586192254,208.0,4,PEuk1
-0.05763974145040276,-0.08625562639183802,-0.07406773486102274,-0.08882185284072672,-0.12976272411672146,-0.21943285309032692,-0.12149987265634465,-0.1494406188825217,-0.05640287314006221,-0.04163466111979405,0.07310661005845373,0.07816367214005253,208.4,4,PEuk1
0.06843543912642551,0.1847523194305934,-0.09266073132338967,-0.1080749818144818,-0.17780789069963318,-0.23813734813546125,-0.1125752410726485,-0.14765002643100758,-0.0793384267958486,-0.07973886018195248,-0.0230455926423495,0.0165724759318389,208.5,4,PEuk1
-0.27074834136338716,-0.277973157139464,-0.10650329816285407,-0.12931619098728983,-0.17608110881398942,-0.2419951502385202,-0.11290578298315578,-0.14585943397949347,-0.15502912602704286,-0.18664546710294688,-0.12010842206826412,-0.12190509090952864,208.8,4,PEuk1
-0.20137143573871052,-0.2807231663674389,-0.10335176855372068,-0.13201814822258803,-0.15312506727543118,-0.21803001596194185,-0.12208750271946868,-0.15154456501305077,-0.14711898548875232,-0.18152277986584522,-0.07766656369743302,-0.09533762744248261,209.0,4,PEuk1
-0.3335847578071819,-0.38879306543235886,-0.11561857058861837,-0.14574344444775694,-0.1988339995424719,-0.2476064987520605,-0.11540321075143288,-0.15015685586312733,-0.19475325445502323,-0.2191551524719548,-0.030471982281842433,0.207117673585322,209.4,4,PEuk1
0.5840065751939277,0.8511879166596773,0.1350025801226947,0.2652180551272024,-0.17242439423262615,-0.22925271298902244,-0.10486259649414567,-0.14657567096009913,-0.08475557237155366,-0.09085205831638851,-0.021053856563224577,-0.012482608496429298,209.5,4,PEuk1
-0.14120642081300133,-0.10523706425843946,-0.10122589988589578,-0.1239311336459527,-0.1970056422517903,-0.23053864702337543,-0.106515306046682,-0.14765002643100758,-0.1069179362853208,-0.107121645577644,0.006464534609319784,0.06580766703563218,209.5,4,PEuk1
-0.2976541734658563,-0.3373760882609677,-0.10401497788419083,-0.12943202763845416,-0.1745574777384214,-0.23042174392934334,-0.10989417890964515,-0.14747096718585617,-0.1579123288968156,-0.18648117039057274,-0.12921053120647802,-0.13090321821480752,209.8,4,PEuk1
-0.12360604863955514,-0.09633595823080554,-0.08479733077335781,-0.09610878636164563,-0.1889811852537987,-0.24737269256399633,-0.1147054000514731,-0.14917203001479457,-0.07579524265095659,-0.07693317786294779,-0.04611064489893813,0.02344422096333381,209.9,4,PEuk1
-0.25904750914494246,-0.2399283274888712,-0.10009998637137667,-0.11567440490598357,-0.21234352841250842,-0.2578939710268844,-0.11415449686729433,-0.14836626341161321,-0.15781598126541135,-0.18504884007756733,-0.1346659753313463,-0.1348029540451063,210.2,4,PEuk1
0.04115065164223141,0.12967473394911644,-0.07486204371030676,-0.0801071652473172,-0.21234352841250842,-0.24035850692207095,-0.11951662119330106,-0.1530218037855499,0.04661201435738292,0.12299485741531807,0.16844382263084676,0.28988238285951573,210.3,4,PEuk1
-0.3160311702487635,-0.3596538948048105,-0.11331533198357471,-0.14222793677869996,-0.182581934736413,-0.23813734813546125,-0.11749664285131223,-0.14993303180668807,-0.14881711249225257,-0.20260331188431296,-0.13851222976389443,-0.19629563061129132,210.4,4,PEuk1
-0.1758223574720466,-0.13168541459835015,-0.1093309348431532,-0.133556351195026,-0.19131741956966966,-0.24246276261464855,-0.11059198960960492,-0.14554608030047853,-0.11259040308424717,-0.12529538960795372,-0.06742097351170481,-0.065231666832576,210.6,4,PEuk1
-0.22362219864591681,-0.22949286200788044,-0.09729548490027998,-0.11657146548360502,-0.20238913871879732,-0.24164444095642393,-0.11635810960400943,-0.1510521520888844,-0.09508644714887649,-0.07708483636667776,-0.0743816545063919,-0.005413824180877188,210.8,4,PEuk1
-0.32966888552935775,-0.3593488441123034,-0.11449779823169981,-0.14388467027791071,-0.20980414328656172,-0.2578939710268844,-0.11962680183013683,-0.15351421670971627,-0.17196463093712835,-0.20819361284124877,-0.18170670656963495,-0.2664990855268385,211.1,4,PEuk1
-0.252581875348105,-0.3172700605279593,-0.08811337742570861,-0.09958657977218402,-0.17943309718023906,-0.24211205333255229,-0.11389740871467757,-0.14639661171494772,-0.13937504461463415,-0.16712786022014092,-0.09270645805692122,-0.10858030932516037,211.5,4,PEuk1
-0.2667622921630214,-0.28817641985451653,-0.10895305975951323,-0.13146320984724263,-0.20269386493391092,-0.24936004516254184,-0.10699275547297027,-0.14541178586661496,-0.15505803031646415,-0.18569338871841978,-0.11790462223123654,-0.1503115876944419,211.7,4,PEuk1
-0.24886249845339747,-0.3044715904288908,-0.07908036352155301,-0.0839594073674333,-0.19609146360644947,-0.2477234018460926,-0.10398115139945963,-0.14500890256502427,-0.15436914475192362,-0.18620734253661583,-0.12355965577530731,-0.14540202553334994,212.3,4,PEuk1
-0.14176783619333455,-0.1849053779523209,-0.0773863520921738,-0.08173426611483478,-0.16348575858929373,-0.23381193365627392,-0.12208750271946868,-0.1531113334081256,-0.06069275142833731,-0.044760511391117606,0.010581066380371297,0.005185247307366454,212.4,4,PEuk1
-0.1609448498932165,-0.13830091692988572,-0.09239596170696167,-0.10771130860733798,-0.21234352841250842,-0.24141063476835975,-0.12208750271946868,-0.1529322741629742,-0.07347808211568391,-0.060292869814796785,-0.03233481686106574,0.07673513733063782,212.6,4,PEuk1
-0.2804467920586434,-0.2935216364665074,-0.10621796391602388,-0.1295263132847507,-0.18562919688754903,-0.22539491088596347,-0.11610102145139267,-0.15145503539047506,-0.16559605250130613,-0.19799036572919262,-0.14804262453081368,-0.11034545291150614,212.7,4,PEuk1
-0.14538428693498098,-0.1780303548823837,-0.10176058027635235,-0.123306154504787,-0.1742527515233078,-0.2397739914519105,-0.1030262525468831,-0.14581466916820562,-0.08779534014235837,-0.08187471744281642,-0.022966588497248513,0.017056864171812857,213.2,4,PEuk1
-0.3416410685149635,-0.3958866322820027,-0.09547294453088717,-0.08462210076711761,-0.19355207848050276,-0.24538533996545078,-0.11786391164076475,-0.15172362425820218,-0.18918677005064155,-0.22026310209642663,-0.18791892724231268,-0.28203234908668123,213.5,4,PEuk1
-0.22449707094693608,-0.25015890817638703,-0.08638594847192586,-0.09463793027941948,-0.18308981176160233,-0.24339798736690527,-0.12208750271946868,-0.15306656859683776,-0.1347888973597909,-0.15173030935533285,-0.10877340630272228,-0.0934657542439392,213.7,4,PEuk1
-0.3048636826416353,-0.30159865032483096,-0.10424118881861476,-0.12677856016410846,-0.1809567282558071,-0.24105992548626348,-0.11297923674104628,-0.14572513954562993,-0.16831787308847676,-0.20151221320470003,-0.1548910364771994,-0.15495022083995516,214.1,4,PEuk1
-0.14972122074805505,-0.15238788473014114,-0.0723942880620457,-0.07064358023475226,-0.21234352841250842,-0.23661760791304406,-0.11992061686169883,-0.14997779661797592,-0.09419523155838698,-0.08805058873359854,-0.03686300180922241,0.027951494586142298,214.5,4,PEuk1
0.3240151125616174,0.5278250766112803,-0.09269671942659348,-0.11181138728343358,-0.16866610424622502,-0.2230568490053217,-0.1065887598045725,-0.14644137652623557,0.03760591951186881,0.09251992363802078,-0.0526929376197205,-0.017613839852085592,214.6,4,PEuk1
0.4782733452311729,0.7705042849892422,-0.03683290093908368,-0.0249150417809265,-0.19355207848050276,-0.24024160382803886,-0.1169090127881882,-0.14675473020525054,0.04004833196796705,0.0911507843682362,0.055014660830327335,0.15099431750969572,214.9,4,PEuk1
-0.17112050366175596,-0.13144410584159075,-0.09302318293422801,-0.10584175893505786,-0.1738464499031563,-0.23918947598175005,-0.11841481482494352,-0.15360374633229198,-0.0738706987136563,-0.06603061653924784,-0.055782415504459164,-0.02084856809869132,214.9,4,PEuk1
-0.2709635505925149,-0.29631262265317726,-0.10769604672618024,-0.1318726789397305,-0.12082408847338903,-0.158175631817512,-0.10534004592043394,-0.14899297076964316,-0.14477292066405834,-0.1611879021573832,-0.11313526673487687,-0.1123733155432615,215.8,4,PEuk1
0.2926694204930131,0.48135720545116184,-0.02844510231379634,-0.01141064335565236,-0.1965993406316388,-0.24269656880271273,-0.11588066017772115,-0.1504702095421423,0.09940329029456738,0.18914745419509404,-0.011955905537910726,0.09164444315763275,215.9,4,PEuk1
-0.28700131662403366,-0.31031308354063214,-0.09197695736251733,-0.10777326774633285,-0.19355207848050276,-0.24748959565802842,-0.1144850387778016,-0.1494406188825217,-0.15232175758458288,-0.18216732850669765,-0.11459892247569518,-0.1347865341047682,216.1,4,PEuk1
-0.223870157105564,-0.20957806008211535,-0.07097275798549532,-0.06703648079500718,-0.1821756331162615,-0.24105992548626348,-0.1157704795408854,-0.14850055784547678,-0.09465047411677216,-0.07966303093008749,-0.06967882881643306,0.04208906321724652,216.5,4,PEuk1
-0.1412719192740402,-0.16751293548400295,-0.03610542713860672,-0.011976357233431647,-0.1821756331162615,-0.22808368204870155,-0.1043116933099669,-0.1480081449213104,-0.06351573702848241,-0.047701001268993404,0.0715057365919337,0.06722799187487784,216.7,4,PEuk1
0.12469861715881889,0.28495008943066474,-0.05060606215094073,-0.04693478100458316,-0.18948906227898804,-0.23918947598175005,-0.12208750271946868,-0.15181315388077787,0.11281247189525662,0.19474618062445928,-0.012529725118117906,0.06235947956463114,217.0,4,PEuk1
0.01758056259124207,0.12910560952279712,-0.09370695689510035,-0.10982600095998912,-0.1549534245661128,-0.22270613972322542,-0.1078742005676563,-0.1440240767166915,-0.023317096515836005,0.026363114122030067,0.029379894801506542,0.22401379219322703,217.0,4,PEuk1
0.08057136826462843,0.2202611306375074,-0.03300787968427903,-0.013872845661796498,-0.14449115784721236,-0.21919904690226275,-0.11610102145139267,-0.14939585407123385,-0.09471550876797004,-0.10466562036446121,-0.0018059519488837115,0.04770468281287677,217.0,4,PEuk1
-0.09324751194803671,-0.061910759931603485,-0.08658131246074653,-0.10200029231737565,-0.16480623885478604,-0.22574562016805974,-0.12208750271946868,-0.15015685586312733,-0.07873866279035703,-0.07350822332037898,-0.04107101206407507,0.014446093658054934,218.2,4,PEuk1
-0.22572750632216637,-0.2528861524273091,-0.0857510155082587,-0.10081229317403914,-0.21092147274197826,-0.24947694825657393,-0.11187743037268873,-0.15033591510827873,-0.12437853578655957,-0.13937435403755388,-0.07881004474494732,-0.022293522848444134,218.3,4,PEuk1
-0.08726375968598522,-0.08157514710978807,-0.06590357659135905,-0.06084326077112822,-0.195685161986298,-0.2250442016038672,-0.1166886515145167,-0.15069403359858155,-0.07845684596849954,-0.05688476621708687,-0.04034750041946601,0.08961658052587738,218.5,4,PEuk1
-0.2900563519853469,-0.26236548887208344,-0.10277595890245976,-0.12096248272541568,-0.16602514371524044,-0.21463982623501124,-0.11790063851971,-0.1538723352000191,-0.1719044136675007,-0.2067697080006728,-0.15082024394804844,-0.16297957166528615,218.5,4,PEuk1
-0.3307823593670186,-0.398969010174948,-0.11561857058861837,-0.1452450774601895,-0.21234352841250842,-0.2506459791968948,-0.11253851419370325,-0.14970920775024882,-0.12090520367443565,-0.19629263303465974,-0.16045874965036908,-0.2598982695109222,218.6,4,PEuk1
-0.33518011317962876,-0.37954593175352286,-0.11496307299454903,-0.14405169056563605,-0.1744559023333835,-0.21791311286790976,-0.11657847087768093,-0.15373804076615555,-0.18672027068669225,-0.19138058260829416,0.0898139076908628,0.5439973795319536,218.6,4,PEuk1
-0.21892970175863172,-0.1999120508255083,-0.1071510840205226,-0.1308732510889871,-0.17090076315705813,-0.23696831719514036,-0.12208750271946868,-0.15369327595486768,-0.12923927379090497,-0.15308681041647326,-0.09355471308853183,-0.07271094965658062,219.7,4,PEuk1
-0.25405559072147965,-0.27897936912519655,-0.08382308140805474,-0.08529287579362735,-0.16785350100592208,-0.20692422202889335,-0.10743347802031328,-0.14554608030047853,-0.13922570578595753,-0.15657074326604817,-0.1242623768554161,-0.10475446322638304,219.8,4,PEuk1
-0.15805356068450047,-0.13857864964992955,-0.1007194958622422,-0.12015970779409078,-0.16622829452531618,-0.22691465110838066,-0.12080206195638488,-0.14997779661797592,-0.10553534777466952,-0.10726909134515926,-0.011660679522007032,0.02434731768192932,220.0,4,PEuk1
-0.11158708103892163,-0.10325195825943771,-0.09342162264827017,-0.11391799800925931,-0.13067690276206226,-0.1939479785913314,-0.1156970257829949,-0.14984350218411235,-0.10507528783471413,-0.1108962572260347,-0.027116385171500442,-0.028746559401317488,221.0,4,PEuk1
-0.1556675453180843,-0.0951203084561875,-0.06623004009899358,-0.0640435849939939,-0.19294262605027557,-0.23895566979368588,-0.10291607191004734,-0.14603849322464488,-0.0968062523694427,-0.09233072872775586,-0.0006915776916697665,0.07092247845095037,221.3,4,PEuk1
-0.22288768018998087,-0.18239212448569483,-0.10921782937594124,-0.13423790172396963,-0.18887960984876082,-0.2230568490053217,-0.1135668668041703,-0.15020162067441517,-0.13283785782385443,-0.1443917228692875,-0.09015337673628927,-0.042334060031095355,221.5,4,PEuk1
-0.26646287062684365,-0.29972281621568253,-0.10607658208200893,-0.12886631376067487,-0.1822772085212994,-0.2340457398443381,-0.12208750271946868,-0.15364851114357983,-0.1514377680664487,-0.17812310174056475,-0.12473640172602204,-0.13535302204643265,222.0,4,PEuk1
-0.25701705685273735,-0.24711295424672608,-0.08642193657512967,-0.0955269092302155,-0.17303384666285337,-0.22527800779193138,-0.11338323240944405,-0.14881391152449175,-0.1517508978685126,-0.17940377354984016,-0.10972145604393414,-0.1057478696168381,222.0,4,PEuk1
-0.25089762920710534,-0.279393691707557,-0.10291991131527499,-0.12459113317002854,-0.1402249908356219,-0.2151074386111396,-0.12208750271946868,-0.15024638548570304,-0.1561443498605473,-0.17920577494774825,-0.1577850830556356,-0.15514726012401236,222.0,4,PEuk1
-0.17541533132130505,-0.09363603195234677,-0.07210381265761497,-0.0725804767972442,-0.19020009011425312,-0.24012470073400677,-0.11845154170388877,-0.15078356322115727,-0.09077248195275031,-0.07417383564230502,-0.02774841833230835,0.050701321924580045,222.2,4,PEuk1
-0.3001665072928475,-0.3353454523078604,-0.11027176668405274,-0.1380955315953027,-0.2085852384261073,-0.24702198328190003,-0.11661519775662618,-0.15212650755979285,-0.16155908674546723,-0.19442639089153801,-0.16377276563171053,-0.17134553126754817,222.7,4,PEuk1
-0.10789109645172798,-0.025058815078575915,-0.05425114288972634,-0.047624413160352194,-0.18065200204069348,-0.23147387177563214,-0.1170559203039692,-0.14975397256153666,-0.02927138013661987,0.007595374285444573,0.0004976425977451152,0.12254677087393721,222.9,4,PEuk1
-0.29730796731465087,-0.28502574703041283,-0.11181668454301617,-0.14054426452340446,-0.21234352841250842,-0.2578939710268844,-0.1100778133043714,-0.14550131548919065,-0.1705892684988324,-0.20629366880840924,-0.1612446329884789,-0.18223195171170856,223.1,4,PEuk1
-0.23798975392094426,-0.2567653045171015,-0.10893506570791132,-0.1365573286228647,-0.21234352841250842,-0.25275023488947246,-0.12208750271946868,-0.15176838906949003,-0.16084129689150542,-0.20075813342226484,-0.12146396687368109,-0.13768465357444287,223.3,4,PEuk1
-0.2887791319950888,-0.3312432034429509,-0.10679891472488534,-0.12976337433829632,-0.20645215492031205,-0.2451515337773866,-0.11995734374064408,-0.15230556680494425,-0.17073860732750903,-0.2081262090618132,-0.13482398362154827,-0.1503444275751181,223.9,4,PEuk1
-0.3397930762213667,-0.4008311852978648,-0.11317652072836003,-0.140541570647796,-0.19751351927697963,-0.2528671379835045,-0.11558684514615915,-0.1510521520888844,-0.16912478450148752,-0.22412618120532649,-0.17688745371847464,-0.26672896469157187,224.0,4,PEuk1
-0.24677590462315904,-0.2582404750301211,-0.10124903509509822,-0.12133962531060187,-0.184105565811981,-0.243047278084809,-0.12021443189326085,-0.1494406188825217,-0.147721158185029,-0.16967235289383287,-0.10977551151163482,-0.08057610107853058,224.3,4,PEuk1
-0.13486242701523604,-0.11272218871339093,-0.10818959785583246,-0.13510532966989788,-0.1729322712578155,-0.23790354194739707,-0.11430140438307533,-0.1497987373728245,-0.13933168818050223,-0.1594185529472001,-0.11495652018509965,-0.08938539906992131,224.4,4,PEuk1
-0.2097739525976976,-0.2076339310418086,-0.09577627282931926,-0.11235016240512814,-0.16257157994395294,-0.228668197518862,-0.09608487242623054,-0.1448746081311607,-0.1302581499930051,-0.1506729125654377,-0.06973288428413374,-0.060576613746724614,224.4,4,PEuk1
-0.3398632531439083,-0.39587297329577104,-0.11178069643981237,-0.13573569656228052,-0.1867465263429656,-0.23720212338320454,-0.1144115850199111,-0.14662043577138698,-0.16650412892729138,-0.17182927383577043,-0.17961517578090877,-0.2491842584403119,224.9,4,PEuk1
-0.2475665646171283,-0.2983250466246423,-0.09719780290586964,-0.11249024393676872,-0.17780789069963318,-0.22948651917708662,-0.11253851419370325,-0.14948538369380954,-0.1466806037658629,-0.17415891696251157,-0.116981521167425,-0.10801382138349593,225.1,4,PEuk1
-0.20222759419371866,-0.16444876957269983,-0.1063259282256353,-0.1331010862171941,-0.1876607049883064,-0.2329936119980493,-0.12208750271946868,-0.15185791869206572,-0.12044514373448026,-0.1425507571434541,-0.06566209175498279,-0.05822856227837629,225.5,4,PEuk1
0.2598079068975091,0.4351488550294449,-0.07467696203668718,-0.0843958152160059,-0.1533282180855069,-0.1926620445569784,-0.11077562400433118,-0.14406884152797939,0.052775854076471077,0.0920228207646836,0.048369996416044184,0.12243183129157051,225.6,4,PEuk1
-0.21026519105548916,-0.23237946109817195,-0.07586199886361254,-0.08018528763996292,-0.18065200204069348,-0.226096329450156,-0.09244891141065062,-0.14491937294244858,-0.11450049487683682,-0.12751971432932682,-0.085097111449826,-0.04285949812191456,225.8,4,PEuk1
-0.06656624599770082,-0.011021930227836601,-0.03967596109218444,-0.02068835095123268,-0.21234352841250842,-0.2578939710268844,-0.10919636820968537,-0.14465078407472146,-0.08788446170140732,-0.07435498329953806,-0.026010327140086602,0.08026542450332935,225.8,4,PEuk1
-0.19131274350774047,-0.18061190328016807,-0.09544980932168473,-0.11056412287671068,-0.19974817818781274,-0.23463025531449855,-0.11914935240384855,-0.15270845010653494,-0.12519749065349586,-0.14896675439847537,-0.06421091035286464,-0.04990365252695952,225.9,4,PEuk1
-0.014831818699995355,0.04767528660503113,0.02626195571359109,0.09152503751970176,-0.20330331736413812,-0.2429303749907769,-0.10376079012578812,-0.1450984321876,-0.005952844646001504,0.043260399079279095,0.07441225750907007,0.24847950329699625,226.4,4,PEuk1
0.9018893204615979,1.2574790151159125,0.028493218112227135,0.08580324572730554,-0.10792401203357976,-0.2059889972766366,-0.1156970257829949,-0.14603849322464488,0.06344394556370883,0.12465888822013317,0.2987341322410772,0.4633836824420509,227.0,4,PEuk1
-0.05124428457610692,-0.0640870917378485,-0.09676851624622423,-0.11702134271021997,-0.1527187656552797,-0.22831748823676573,-0.1111428927937837,-0.14478507850858502,-0.027775583159068584,0.0010529949439816604,0.10373111156733696,0.16321896309141126,227.0,4,PEuk1
-0.24083425851463253,-0.2748088253291287,-0.07807012605304614,-0.0792559005550398,-0.15850856374243819,-0.22247233353516124,-0.11650501711979043,-0.15109691690017224,-0.13266443208732676,-0.14555865080076544,-0.12861176294887053,-0.11914654093272782,227.0,4,PEuk1
0.17707399368240476,0.32221180387064224,-0.06783665184916354,-0.06767492931421525,-0.18166775609107216,-0.23147387177563214,-0.10930654884652112,-0.14747096718585617,0.053122705549526444,0.12770048376716228,-0.005623099591131478,0.02455256693615557,227.3,4,PEuk1
-0.0803209228158645,-0.01688618831663071,-0.0978070300815341,-0.12260305297097561,-0.21234352841250842,-0.25590661842833884,-0.11198761100952448,-0.14617278765850844,-0.06926046455096199,-0.05077208596952558,0.020040773227989674,0.09097943557393968,227.5,4,PEuk1
-0.08073262742810887,-0.04388089810580793,-0.09168648195808661,-0.11108942862036286,-0.17029131072683093,-0.2276160696725732,-0.11419122374623958,-0.14729190794070476,-0.04140636431198764,-0.020381406916522717,0.0070092473992266,0.07901750903763374,227.9,4,PEuk1
-0.23205278627392056,-0.2597930464651202,-0.07687737748971996,-0.08406446851616375,-0.16247000453891505,-0.22375826756951422,-0.1144850387778016,-0.14845579303418893,-0.13995553909384487,-0.16229585178185504,-0.09607037139306332,-0.12224169968645969,228.4,4,PEuk1
-0.09980671497492974,-0.05972987512994791,-0.10889136586830671,-0.13537471723074515,-0.15180458700993887,-0.21463982623501124,-0.12208750271946868,-0.15221603718236856,-0.07713929210904615,-0.062146473749274365,0.03391639597546331,0.08687445048941465,228.4,4,PEuk1
-0.042640593872500444,-0.008886575380286574,-0.08222675197308586,-0.09082879016903894,-0.18593392310266266,-0.23159077486966423,-0.10743347802031328,-0.14769479124229543,-0.06450330025037618,-0.04637398936135605,0.04733878441683128,0.1316434178212447,229.3,4,PEuk1
-0.05885146297962194,-0.0017247135994844529,-0.09589709003293205,-0.11804501544143964,-0.19202844740493474,-0.23544857697272317,-0.12157332641423516,-0.152081742748505,-0.054150747255987404,-0.024922736555992784,0.0016411236452594246,0.09162802321729464,229.8,4,PEuk1
-0.06772650445038945,-0.005212308083969147,-0.10612028192161355,-0.13002468027231817,-0.1738464499031563,-0.23205838724579259,-0.10776401993082055,-0.1440240767166915,-0.06968680281992588,-0.057116466708896564,0.026851762158274905,0.0811110514307415,230.0,4,PEuk1
-0.13824495468174364,-0.11201192142934445,-0.08722909831841506,-0.10206494533197899,-0.18593392310266266,-0.22843439133079782,-0.12021443189326085,-0.1514998002017629,-0.07910960117126346,-0.05664464025284773,-0.0252992898341777,0.07013432131472157,230.1,4,PEuk1
0.08269538978688909,0.21441963752576607,-0.07039951891303467,-0.07768537107530016,-0.20066235683315356,-0.22691465110838066,-0.11834136106705301,-0.1503806799195666,-0.08767008822153283,-0.08960508839683087,-0.040231073258264555,-0.0009804402895901491,230.2,4,PEuk1
-0.1743767128676886,-0.16895623502914872,-0.10758808241656882,-0.13427830985809672,-0.174862203953535,-0.23334432128014557,-0.10809456184132782,-0.14867961709062819,-0.1066313020818931,-0.09057401772621688,-0.07867698513214566,-0.01391935327601306,230.4,4,PEuk1
-0.03222166010581659,-0.011463570782660382,-0.05649268760356348,-0.051791838726659614,-0.19223159821501049,-0.22095259331274408,-0.11610102145139267,-0.14711284869555336,-0.06920265597211943,-0.06365884605035949,0.04875670091574902,0.06295059741680276,230.5,4,PEuk1
-0.18051017589782892,-0.1135553868735224,-0.09037034561234737,-0.10785947176580399,-0.21234352841250842,-0.24164444095642393,-0.11613774833033792,-0.14997779661797592,-0.11863139957329488,-0.13597888864848814,-0.07799089650363708,-0.06915603257338193,230.7,4,PEuk1
-0.2779625290006689,-0.3211264476406989,-0.09992775759175845,-0.12719611088342173,-0.1919268719998969,-0.24445011521319407,-0.10919636820968537,-0.1452774914327514,-0.1574378168121496,-0.19697088356522996,-0.1279547811106623,-0.16246234354463598,230.7,4,PEuk1
-0.012880900253337445,0.030660742755789217,-0.03379447679716224,-0.010114889187976943,-0.21234352841250842,-0.23100625939950378,-0.118194453551272,-0.15060450397600586,0.006083383207176885,0.05008503174712836,0.1613251333459577,0.225319177450106,231.3,4,PEuk1
-0.215570566399638,-0.24374829063832637,-0.10060381981622997,-0.12657651949347298,-0.18654337553288985,-0.2298372284591829,-0.106515306046682,-0.14227824907646527,-0.1342132202621504,-0.15381982651783485,-0.10598747065968742,-0.11038650276235139,232.0,4,PEuk1
-0.05362562148102029,-0.028564621544702826,-0.09900234922366055,-0.12293170579520929,-0.11513586579126842,-0.2151074386111396,-0.11992061686169883,-0.14742620237456833,-0.10868109794001893,-0.12598206561095338,-0.05406511487673767,-0.0650510474888569,232.0,4,PEuk1
-0.07601205977180711,-0.030522409571241232,-0.10191481500436866,-0.12716647825172853,-0.21234352841250842,-0.2546206843939859,-0.11408104310940383,-0.14599372841335703,-0.06686622591056589,-0.05755037853901291,-0.014018329536336535,0.02556239326694873,232.0,4,PEuk1
-0.16195539757781627,-0.11711582928457596,-0.1046679048994599,-0.1282898243804617,-0.12905169628145638,-0.2085608653453426,-0.12208750271946868,-0.15351421670971627,-0.09031723939436513,-0.10121117666838936,-0.05596537247206145,-0.03808129548352742,232.3,4,PEuk1
-0.023136087867424115,0.09350118541226148,-0.10912785911793173,-0.13586230871587873,-0.2037096189842896,-0.24269656880271273,-0.11507266884092562,-0.14653090614881126,-0.04229276252090691,-0.0044699022335185825,-0.0068539010095468806,0.13319510218319516,232.3,4,PEuk1
-0.25756911531006504,-0.3038751480301082,-0.09352958695788159,-0.1099175927306772,-0.20675688113542565,-0.2362668986309478,-0.1147788538093636,-0.14970920775024882,-0.16789876089186817,-0.2133668529129271,-0.12308147279180133,-0.15409638394237396,232.4,4,PEuk1
-0.25337253534207427,-0.24072510168571823,-0.0966065697818071,-0.11134265292755931,-0.2020844125036837,-0.24795720803415677,-0.12208750271946868,-0.14970920775024882,-0.16912719319227262,-0.21092767864460318,-0.11377977423438493,-0.16396476808557214,232.8,4,PEuk1
-0.28998149660130246,-0.344679092899497,-0.101984220631976,-0.12494941862595542,-0.19751351927697963,-0.24748959565802842,-0.11672537839346195,-0.14796338011002255,-0.16824320367413845,-0.2093268388830089,-0.14813826112751488,-0.16541793280549402,232.8,4,PEuk1
-0.16963275290387295,-0.15172770039561076,-0.020931300480601458,0.017553907186647174,-0.1597274686028926,-0.2239920737575784,-0.1054502265572697,-0.14518796181017568,-0.10894846261716577,-0.11810003615320894,-0.06862266813981985,0.007434779133686173,233.0,4,PEuk1
0.06655469760230924,0.16319843915702872,-0.09081248516599415,-0.10874845071660001,-0.17537008097872434,-0.21884833762016648,-0.10938000260441162,-0.14867961709062819,0.0015381836956804636,0.0618764804121346,0.27022611019832043,0.3493636167342835,233.2,4,PEuk1
-0.24797826922937266,-0.24148089892387026,-0.09393573840832456,-0.10958355215522657,-0.17537008097872434,-0.22539491088596347,-0.1216100532931804,-0.1508283280324451,-0.1365014765080018,-0.15066027435679352,-0.09624085402196546,-0.07451714309377164,233.6,4,PEuk1
-0.13491389009176658,-0.13144410584159075,-0.06985198562857675,-0.06852888788210111,-0.20005290440292633,-0.2546206843939859,-0.1201042512564251,-0.15373804076615555,-0.10771039555362091,-0.11011268829009646,-0.04806911607486264,9.506580255541011e-05,234.1,4,PEuk1
-0.047857078448096536,0.05389923133125903,-0.06639712772101126,-0.06246228001182037,-0.20797578599588007,-0.24386559974303362,-0.11173052285690772,-0.14751573199714402,-0.02097584907271225,0.010746500974056458,0.08994696730366447,0.17512341983653387,234.4,4,PEuk1
-0.2366938200846751,-0.2319560325249904,-0.09838541031159528,-0.11114869388374927,-0.19253632443012408,-0.23685141410110824,-0.12208750271946868,-0.15194744831464144,-0.12408226681999143,-0.135254298019556,-0.11274024600937192,-0.09980385121444585,234.6,4,PEuk1
-0.24265885850071547,-0.2714987976656556,-0.1023775191884176,-0.12954517041401,-0.19202844740493474,-0.23848805741755752,-0.11760682348814798,-0.1510521520888844,-0.1423256908263899,-0.17701515211609292,-0.1072723275458035,-0.1267982331302825,234.6,4,PEuk1
-0.2393699000642634,-0.2624201248170101,-0.10172459217314854,-0.12271888962213993,-0.21234352841250842,-0.25707564936865973,-0.1155501182672139,-0.15096262246630868,-0.14780305367172264,-0.17600830816077442,-0.09375014439483428,-0.1287522060305164,234.7,4,PEuk1
-0.0042631741652226435,0.11451325923197019,-0.057109626515628745,-0.05810897702852833,-0.1145264133610412,-0.20259880754970602,-0.11404431623045858,-0.15051497435343014,0.07493099191788288,0.13705275816384463,-0.04997768989598653,0.019601954924218377,235.5,4,PEuk1
-0.1984754680684917,-0.23922261320023525,-0.10798138097301044,-0.13234141329560478,-0.17171336639736107,-0.2329936119980493,-0.0930732683527199,-0.14200966020873815,-0.12552507260027038,-0.1315807920403186,-0.03434734350469093,-0.044838100932655625,235.8,4,PEuk1
-0.1574827883811617,-0.13343376483600305,-0.10524114397192055,-0.1319615768348101,-0.14357697920187154,-0.21043131484985603,-0.1091596413307401,-0.14827673378903752,-0.11853505194189061,-0.17231795123667815,-0.08787473086706075,-0.13866164002455983,236.0,4,PEuk1
-0.28789022430956124,-0.29436849361287054,-0.10680405588248588,-0.13073855730856346,-0.19964660278277488,-0.24491772758932243,-0.10769056617293005,-0.14684425982782623,-0.16828174272670016,-0.20300773456092625,-0.12184235514758583,-0.1540224942108525,236.3,4,PEuk1
-0.11681292253752328,-0.1158637555466735,-0.0985113686728086,-0.11858648443874267,-0.1693771320814901,-0.2207187871246799,-0.1155501182672139,-0.1512312113340358,-0.05416038201912783,-0.03723656451162453,0.057596848941259646,0.13891745139102304,236.5,4,PEuk1
-0.28321644126828727,-0.33977551684232987,-0.11017922584724295,-0.13726312403228458,-0.20035763061803996,-0.24819101422222095,-0.11995734374064408,-0.15270845010653494,-0.1778731494329952,-0.2225421923885911,-0.14805509886951385,-0.1868623748870528,236.8,4,PEuk1
-0.23372767549191464,-0.2507189266118852,-0.09342933438467098,-0.11243097867338232,-0.20421749600947894,-0.24900933588044558,-0.11437485814096585,-0.14738143756328048,-0.16183849487653962,-0.19550485136250678,-0.1381005765867893,-0.11943388988864456,236.9,4,PEuk1
-0.27131911366672595,-0.2581812860897839,-0.10713823112652124,-0.1303183127136417,-0.21234352841250842,-0.25602352152237096,-0.1159173870566664,-0.14872438190191606,-0.16421587268143997,-0.20596928811987567,-0.12795893922356236,-0.16058226037592352,236.9,4,PEuk1
-0.2716699982794342,-0.2746585764805804,-0.10127988204070149,-0.12514607154537394,-0.21153092517220545,-0.23100625939950378,-0.11415449686729433,-0.14729190794070476,-0.15367785049659796,-0.18790086249493398,-0.1056589797405833,-0.10194665342856792,237.1,4,PEuk1
-0.11871705636915342,-0.09980078773823746,-0.1088193896618991,-0.13479822785053197,-0.2075694843757286,-0.24246276261464855,-0.10904946069390435,-0.14845579303418893,-0.060367578172347905,-0.025049118642434438,0.008264997495042314,0.10060152061206637,237.8,4,PEuk1
-0.036188995460171285,0.07911371991490948,-0.07539158294316278,-0.07661590245873647,-0.21234352841250842,-0.24655437090577167,-0.12050824692482286,-0.1512312113340358,-0.025354848920036307,0.012903421915994005,0.09171000717328653,0.24453050764568315,237.8,4,PEuk1
-0.1985783942215528,-0.17146038250495366,-0.09903319616926382,-0.11979334071133849,-0.20675688113542565,-0.23240909652788885,-0.11507266884092562,-0.14948538369380954,-0.11530981498063268,-0.1346392385322066,-0.06974120050993383,-0.05632384919915667,237.9,4,PEuk1
-0.22340698941678908,-0.22865966384774897,-0.09371980978910172,-0.11052371474258357,-0.17608110881398942,-0.22481039541580303,-0.12208750271946868,-0.15333515746456486,-0.12434240542478296,-0.1454322687143238,-0.12050760090666912,-0.10948340604375588,237.9,4,PEuk1
-0.09552124423838622,-0.033245100826752784,-0.08646306583593402,-0.09840666225567293,-0.18339453797671593,-0.2396570883578784,-0.12208750271946868,-0.1521712723710807,-0.07872421064564639,-0.08540499039075326,0.007508220947232845,0.02565270293880828,238.1,4,PEuk1
-0.2538450599538547,-0.23736499107272904,-0.08886655701418829,-0.10244478179277365,-0.19903715035254765,-0.24234585952061646,-0.11657847087768093,-0.14917203001479457,-0.14941928518852926,-0.18820839223860866,-0.1190106802626504,-0.1455744349069,238.2,4,PEuk1
-0.2438191169534041,-0.2705790925927236,-0.11216114210225261,-0.1391434492069986,-0.1886764590386851,-0.23381193365627392,-0.11268542170948427,-0.14867961709062819,-0.14631207407574157,-0.16775555791613447,-0.12123527066417823,-0.10525527140669509,238.5,4,PEuk1
-0.14879488537050525,-0.14131499989167276,-0.10182998590395968,-0.1269213355713575,-0.18248035933137513,-0.2398908945459426,-0.10475241585730992,-0.1475604968084319,-0.08789891384611796,-0.06847821628000118,-0.021045540337424472,0.07565963123849226,238.6,4,PEuk1
-0.12229607941877764,-0.09935914718341368,-0.10658812726326304,-0.13562794153794158,-0.17851891853489826,-0.23042174392934334,-0.12201404896157818,-0.15199221312592928,-0.12369205891280415,-0.1255987066154137,-0.08569587970743349,-0.05597082048188752,238.7,4,PEuk1
-0.10790045337473354,-0.058345764525139364,0.012308853985714999,0.07681917057304875,-0.20523325005985762,-0.24784030494012468,-0.11940644055646531,-0.15118644652274793,-0.036880434326772064,0.01878861440796032,-0.009269764604477112,0.14220964942881212,239.0,4,PEuk1
-0.18330789587648944,-0.20907723058695438,-0.10494038625228873,-0.13172182190565604,-0.1965993406316388,-0.24269656880271273,-0.11947989431435581,-0.1532008630307013,-0.11731866309541171,-0.12175247845137271,-0.08757118862535697,-0.1060762684236001,239.1,4,PEuk1
-0.10629106261777833,-0.06569429911777422,-0.08185401804704644,-0.08869254681152001,-0.21234352841250842,-0.2578939710268844,-0.12208750271946868,-0.15154456501305077,-0.07639741534723327,-0.06875625687017282,-0.04025186382276481,0.03252444797030319,239.3,4,PEuk1
-0.029990033968992073,0.05705901014618381,-0.08147614296340647,-0.08651858919548247,-0.19812297170720686,-0.2452684368714187,-0.12179368768790666,-0.1523503316162321,-0.004370334800186374,0.061813289368913775,0.0710899253019285,0.2627155915701291,239.5,4,PEuk1
-0.17687968977167415,-0.17855394935459745,-0.10899675959911785,-0.13534777847466042,-0.18532447067243543,-0.2440994059310978,-0.12208750271946868,-0.15185791869206572,-0.10561242587979294,-0.11284254135723616,-0.03959904009745665,-0.05429598656740131,239.7,4,PEuk1
-0.014162798705098279,0.06535001478880344,-0.09861419182481948,-0.12494672475034695,-0.18532447067243543,-0.23322741818611348,-0.11169379597796247,-0.1475604968084319,-0.0425360402902027,-0.02448461198966172,0.0450393479831025,0.1502061603734669,241.0,4,PEuk1
-0.12979097474622603,-0.09888108266530546,-0.07833746624827442,-0.08162112333927891,-0.16815822722103568,-0.23264290271595303,-0.11900244488806755,-0.1502911502969909,-0.08136172705533827,-0.08279309393762577,-0.010937167877397978,0.03459336045290381,241.2,4,PEuk1
-0.25615621993622645,-0.2515157008087322,-0.10708167839291526,-0.13117227128152759,-0.16988500910667945,-0.22808368204870155,-0.10732329738347753,-0.14603849322464488,-0.14423819130976465,-0.16996303169264868,-0.1172060592640278,-0.13763539375342856,241.3,4,PEuk1
-0.008211795673566233,0.08334345265131454,-0.036786630520678786,-0.020588677553719185,-0.16450151263967241,-0.22562871707402765,-0.11543993763037813,-0.1489482059583553,0.04167660693869921,0.12364783152859994,0.09772679653966182,0.32156465774188,241.3,4,PEuk1
-0.24738410461852,-0.33135702832821473,-0.09785844165753954,-0.11586567007418513,-0.15576602780641574,-0.22808368204870155,-0.11867190297756028,-0.15042544473085445,-0.13867893297773828,-0.16683296868511038,-0.05801948024468716,-0.08436910729663172,241.5,4,PEuk1
-0.16253084834265782,-0.14327278791821116,-0.09262731379898614,-0.10876192009464238,-0.14357697920187154,-0.20785944678115006,-0.12208750271946868,-0.15243986123880782,-0.11187743061185558,-0.12602419297310058,-0.04867620055827024,-0.016554753700278133,241.7,4,PEuk1
-0.17576153747251053,-0.15623061285664908,-0.09803067043715775,-0.12247105306616045,-0.15952431779281687,-0.2230568490053217,-0.1201777050143156,-0.15114168171146009,-0.1125976291566025,-0.12920480881521554,-0.04862214509056956,-0.012310199122879246,242.1,4,PEuk1
-0.1196667840542171,-0.0572029626770902,-0.05783452973730543,-0.048017718999189225,-0.1793315217752012,-0.23486406150256273,-0.1109225315201122,-0.149037735580931,-0.07534240878335652,-0.06418122534098498,-0.02766525607430731,0.004906108321618752,242.2,4,PEuk1
0.32348176795030087,0.5518512333927761,-0.06759501744193798,-0.07037149879829652,-0.208788389236183,-0.2431641811788411,-0.1056705878309412,-0.14227824907646527,0.004763420656938391,0.03712665515064419,0.0951362922029294,0.19281590555083677,242.4,4,PEuk1
-0.19520522347805075,-0.16586930414079282,-0.10750582389496013,-0.13342165741460238,-0.17537008097872434,-0.22434278303967467,-0.11360359368311555,-0.1462175524697963,-0.11685619446467121,-0.12775141482113653,-0.08729675317395352,-0.10049348870864605,242.5,4,PEuk1
-0.28995810429378854,-0.3123437194937394,-0.10953915172597523,-0.13252459683698092,-0.20970256788152383,-0.24070921620416721,-0.10776401993082055,-0.14675473020525054,-0.16391478633330162,-0.20616307398575287,-0.13862449881219582,-0.1784635754041146,243.0,4,PEuk1
-0.17689840361768527,-0.12053512883790234,-0.08691548770478189,-0.09268487046327671,-0.2017796862885701,-0.24561914615351496,-0.1179740922776005,-0.14953014850509738,-0.09354729373719327,-0.10066773369669024,-0.03965725367805738,-0.0025731745023858626,243.6,4,PEuk1
-0.17723993130738797,-0.13554180171108976,-0.10917670011513689,-0.137123042500644,-0.18491816905228395,-0.2361499955369157,-0.12208750271946868,-0.15351421670971627,-0.0934846677767805,-0.08952925914496589,-0.06850624097861839,-0.04157874277554275,244.0,4,PEuk1
-0.24819815692000316,-0.2596018206578769,-0.10840038531745476,-0.1371715322615965,-0.1819724823061858,-0.24456701830722616,-0.11286905610421052,-0.1503806799195666,-0.15353573774027668,-0.18193141527867324,-0.10098526084092482,-0.14721642894071,244.1,4,PEuk1
-0.16762101445767894,-0.17045872351463168,-0.10589921214479016,-0.12923537471903565,-0.16572041750012684,-0.23661760791304406,-0.11867190297756028,-0.15360374633229198,-0.11287221990610466,-0.12116690811752638,-0.06593652720638624,-0.04504335018688188,244.1,4,PEuk1
-0.24870343076230306,-0.3001872217475591,-0.11213286573544962,-0.13848614355853123,-0.19223159821501049,-0.24234585952061646,-0.12208750271946868,-0.14814243935517396,-0.14805114882258863,-0.1820830737824032,-0.08963361262378278,-0.07467313252698358,244.3,4,PEuk1
-0.19993514805735807,-0.1964973042675925,-0.10704311971091118,-0.1333004330122211,-0.17354172368804271,-0.24117682858029557,-0.12043479316693236,-0.14747096718585617,-0.07947572217059969,-0.07489421353502244,-0.03065493924944472,0.024889175713086624,244.7,4,PEuk1
-0.22426314787179724,-0.27439450274676824,-0.11073961202570223,-0.13491675837730477,-0.21234352841250842,-0.24702198328190003,-0.11881881049334128,-0.1502911502969909,-0.14291582006874104,-0.17578924587760889,-0.07107595475085055,-0.10539484089956895,244.8,4,PEuk1
2.8791849330721644,3.959135431830701,0.13911036504552926,0.0984644610871277,-0.0904530423670664,-0.19979313329293588,-0.10486259649414567,-0.14227824907646527,-0.03600367088099321,-0.005898019810309263,-0.08526759407872814,-0.0836958897427696,244.9,4,PEuk1
-0.21548167563108525,-0.21647129513369476,-0.09482258809441838,-0.11213465235645032,-0.1867465263429656,-0.23591618934885153,-0.11999407061958933,-0.15369327595486768,-0.13244283253509695,-0.14935011339401505,-0.06202374296743727,-0.06329411387268019,245.1,4,PEuk1
-0.17152285135099476,-0.18336191250814293,-0.09669911061861688,-0.11222355025152991,-0.16561884209508898,-0.21908214380823066,-0.12208750271946868,-0.15355898152100414,-0.12877198777859428,-0.14646860182314536,-0.0805897170661696,-0.05829424203972869,245.3,4,PEuk1
0.3372645155374812,0.5188647816433092,-0.07950707960239815,-0.08034422630086281,-0.21132777436212974,-0.24480082449529034,-0.10989417890964515,-0.14635184690365985,0.08416591238798213,0.1449432130940185,-0.05684273429397243,-0.060141485327764956,246.3,4,PEuk1
-0.09386039040490046,-0.09756981998706579,-0.10104852994867701,-0.12299097105859569,-0.18552762148251117,-0.2329936119980493,-0.11147343470429096,-0.14729190794070476,-0.13705788407936145,-0.16032429123336525,-0.06186989279013534,-0.09365458355782734,246.5,4,PEuk1
0.007133558055541556,0.052528779712682154,-0.08285140262155195,-0.09046781083750359,-0.1988339995424719,-0.23673451100707615,-0.12208750271946868,-0.1504702095421423,0.059765874734850837,0.11333926601117578,-0.08721774902885254,-0.08158592740932374,246.5,4,PEuk1
-0.20612475262553173,-0.20826224440846514,-0.05860056221978647,-0.04274311055779949,-0.17780789069963318,-0.24117682858029557,-0.10754365865714904,-0.14836626341161321,-0.12991370721073486,-0.14894569071740174,-0.08042339255016752,-0.08730006664698259,246.6,4,PEuk1
-0.00519418800427522,0.06407517607384819,-0.10649815700525353,-0.1359431249841329,-0.13951396300035682,-0.16659265458782246,-0.10926982196757587,-0.14796338011002255,-0.018119141801575655,0.022655906253074908,0.08064111063334801,0.14227532919016453,246.6,4,PEuk1
0.23775831783492218,0.4132079701459831,-0.09808979374956402,-0.11800191343170408,-0.13128635519228948,-0.211717248884209,-0.10607458349933897,-0.14585943397949347,0.0023402777271210084,0.04235044805689919,0.14058030808759808,0.23574583956479958,246.7,4,PEuk1
-0.2643482060275886,-0.2811875718993155,-0.11021007279284621,-0.13649267560826137,-0.16663459614546766,-0.22901890680095827,-0.11775373100392898,-0.1510521520888844,-0.13618834670593793,-0.1540810161631476,-0.1072723275458035,-0.1002061397527293,247.1,4,PEuk1
0.14371656316760642,0.28860614474533997,-0.08227559297029104,-0.0913379326590403,-0.182581934736413,-0.21569195408130004,-0.10456878146258365,-0.1444269600182822,-0.05858755568215402,-0.03622972055630602,0.05123909431708008,0.16301371383718502,247.3,4,PEuk1
-0.07666236592069309,0.006434254176229088,-0.08644507178433213,-0.09763082608043276,-0.17181494180239895,-0.22773297276660528,-0.12208750271946868,-0.15346945189842842,-0.04460269698382428,-0.02526818092559997,0.053039557202802616,0.13055149178876102,247.7,4,PEuk1
-0.14707788999898616,-0.16374760827947446,-0.06645882161221779,-0.06462276824981555,-0.21163250057724334,-0.2507628822909269,-0.12208750271946868,-0.1503806799195666,-0.1116317441517747,-0.1168530662336513,-0.023265972626052258,-0.049378214436140315,247.8,4,PEuk1
0.021491756407563446,0.07500691805458938,-0.06366717303512247,-0.06069240373705374,-0.19070796713944246,-0.22048498093661573,-0.12179368768790666,-0.14411360633926723,-0.0066778605723186325,0.05677906959232126,0.05605418905534034,0.2184966922396254,247.9,4,PEuk1
-0.1702222390532228,-0.24366178372552583,-0.0011147085093050715,0.04600662136333688,-0.15769596050213525,-0.18915495173601574,-0.1169824665460787,-0.15118644652274793,-0.10997697358240636,-0.115964178892345,-0.05179894334620931,-0.05476395486703716,248.0,4,PEuk1
-0.1401256962058599,-0.1414925667126844,-0.10014882736858184,-0.12106484999853764,-0.16836137803111142,-0.22586252326209183,-0.11426467750413008,-0.1508283280324451,-0.07471855787001387,-0.05285739039581286,-0.040705098128870486,0.08845897473204133,248.2,4,PEuk1
-0.17495216363253013,-0.15633533175109182,-0.07066942968706323,-0.07357182302116219,-0.15515657537618854,-0.22901890680095827,-0.10276916439426632,-0.14142771766199608,-0.09226587023951649,-0.09155979800046178,-0.023586147319356265,0.016145557483048297,248.2,4,PEuk1
-0.22496023863571096,-0.21580200480834327,-0.08417268012489172,-0.0960225823421745,-0.19233317362004834,-0.24129373167432766,-0.11319959801471778,-0.14854532265676465,-0.11143904888896615,-0.11660030206076799,-0.09675230190867186,-0.02303242016365864,248.2,4,PEuk1
-0.26891438445429866,-0.3180713877202169,-0.09061969175597376,-0.1059953098447408,-0.15393767051573412,-0.2239920737575784,-0.11195088413057923,-0.1485900874680525,-0.14377572267902416,-0.1675870484675456,-0.08197852677478698,-0.08270248335231455,248.3,4,PEuk1
-0.1498101115166078,-0.10888401358229355,-0.10570898931357003,-0.12414125594341358,-0.17658898583917876,-0.23322741818611348,-0.1201042512564251,-0.1494406188825217,-0.06169476679494172,-0.04003382135819978,-0.016721102921370357,0.0917183328891542,248.7,4,PEuk1
-0.08923807044015702,-0.07375765398986611,-0.08283083799114978,-0.10367318907023725,-0.12752806520588836,-0.1727885185715232,-0.12208750271946868,-0.15194744831464144,-0.07255314485420292,-0.07214750952302385,0.033824917491662165,0.04035675951157695,248.7,4,PEuk1
-0.15007678382226608,-0.12021186616375297,-0.07596482201562342,-0.08224071472922766,-0.14418643163209877,-0.21253557054243363,-0.11657847087768093,-0.14935108925994597,-0.08265519400694059,-0.08133548720733204,-0.03928302351705269,0.06063538582913063,249.2,4,PEuk1
-0.1598407329785612,-0.15319831791321983,-0.07008590829940149,-0.0724727217729053,-0.18369926419182955,-0.23591618934885153,-0.1041647857941859,-0.1446060192634336,-0.10953859185951693,-0.11055502559264224,-0.055782415504459164,-0.03794993596082262,249.3,4,PEuk1
-0.1999866111338886,-0.22782646568761752,-0.07796730290103526,-0.09257980931454626,-0.2011702338583429,-0.23498096459659482,-0.12157332641423516,-0.1514102705791872,-0.13754684830873812,-0.1627297636119714,-0.08816164065716435,-0.10508286203314504,249.3,4,PEuk1
-0.16978714213346457,-0.1499930091441895,-0.10582723593838254,-0.1272284373907234,-0.1876607049883064,-0.22820058514273364,-0.12183041456685192,-0.1525293908613835,-0.12663066167063436,-0.14579456402878987,-0.05302558665172467,-0.044575381887246024,249.4,4,PEuk1
-0.008431683364196741,0.05266081657958823,-0.08624970779551146,-0.09726715287328894,-0.16663459614546766,-0.22597942635612392,-0.1078007468097658,-0.14720237831812905,-0.11415364340378145,-0.12941544562595161,-0.030471982281842433,0.000431674579486463,249.4,4,PEuk1
-0.08710001353338805,-0.09306690752602746,-0.09430333117676344,-0.1140365285360321,-0.1726275450427019,-0.23264290271595303,-0.11672537839346195,-0.1513207409566115,-0.08209878643558093,-0.07171359769290751,0.0161030403116404,0.05607064241513879,249.5,4,PEuk1
-0.23034514782540702,-0.2516522906710489,-0.10263714764724507,-0.1297849253431641,-0.19263789983516194,-0.2398908945459426,-0.1213162382616184,-0.15369327595486768,-0.13666526748138905,-0.1529814920111052,-0.13301936262292569,-0.1299672816155358,249.5,4,PEuk1
-0.16355075295026317,-0.19316906462247718,-0.10354713254254135,-0.12740084542966568,-0.18491816905228395,-0.2307724532114396,-0.10207135369430655,-0.14232301388775312,-0.12449174425345959,-0.14355338836255788,-0.03992337290366071,-0.04271171865887166,249.7,4,PEuk1
-0.2053247357085569,-0.2152283273866134,-0.1049249627794871,-0.13255961721989107,-0.1970056422517903,-0.24643746781173959,-0.11914935240384855,-0.1527532149178228,-0.11282163739961742,-0.12487411598648154,-0.07187847054056058,-0.05857338102547639,249.7,4,PEuk1
-0.2503829984417999,-0.29965907427993477,-0.08330125391159954,-0.08769850671199356,-0.16754877479080849,-0.23568238316078735,-0.11169379597796247,-0.14729190794070476,-0.14033370354710661,-0.17388930184476936,-0.07700542374632474,-0.10143763527808682,249.8,4,PEuk1
-0.23002233398171543,-0.26047599577670333,-0.10097912432106967,-0.1250598675259028,-0.16561884209508898,-0.23159077486966423,-0.12208750271946868,-0.1519026835033536,-0.14312055878547514,-0.1682652989981158,-0.09790409918198627,-0.09595337520516137,249.8,4,PEuk1
-0.12451367017109383,-0.1171932302065554,-0.10027221515099488,-0.12229864502721818,-0.16511096506989964,-0.21148344269614483,-0.11173052285690772,-0.1502911502969909,-0.08055963302389772,-0.07621279997023037,0.007262892286129774,0.07477295446023485,250.2,4,PEuk1
-0.19318880657035398,-0.2329941154785968,-0.06533033751889841,-0.06838880635046053,-0.1607432226532713,-0.23065555011740752,-0.10926982196757587,-0.14760526161971974,-0.10445143692137149,-0.11262347907407064,-0.037021010099424385,-0.03292543421736397,250.4,4,PEuk1
-0.23707277546640002,-0.26741020778697777,-0.10291734073647471,-0.12495750025278084,-0.15647705564168082,-0.22784987586063737,-0.10016155598915347,-0.1421439546426017,-0.13126016535960952,-0.14491831489612775,-0.12651191593434427,-0.10776752227842441,250.7,4,PEuk1
-0.17669722977306587,-0.1681184838736067,-0.10463705795385664,-0.1288932525167596,-0.1607432226532713,-0.23065555011740752,-0.11521957635670663,-0.14890344114706747,-0.10857029816390402,-0.13129853871393224,-0.0326591496672698,0.0021311384044798275,250.7,4,PEuk1
0.6630070761298162,1.006276599329393,-0.049307919856803405,-0.04301249811864676,-0.12691861277566113,-0.23147387177563214,-0.11679883215135245,-0.147829085676159,-0.08852758214103082,-0.08792420664715689,0.0034499027567820592,0.0162933369460912,250.9,4,PEuk1
-0.2536204938017214,-0.2459929173757297,-0.10892478339271024,-0.1379527561880536,-0.19111426875959392,-0.23720212338320454,-0.12065515444060386,-0.15020162067441517,-0.11335636675391111,-0.11399683108006993,-0.06231896898334096,-0.021267276577312873,251.0,4,PEuk1
-0.1872237681543136,-0.2176368619587967,-0.10031591499059951,-0.11779717888546014,-0.21234352841250842,-0.2549713936760821,-0.1203246125300966,-0.1484110282229011,-0.11877592102040128,-0.12519428393880042,-0.11506463112050101,-0.03522422586469799,251.4,4,PEuk1
0.4160123795522197,0.62652946411669,-0.02933195199989016,-0.0029006903084867874,-0.12326189819429788,-0.19090849814649707,-0.1192595330406843,-0.150873092843733,0.09216276579453651,0.17071252051947158,0.3161774158567955,0.47151155290941044,251.5,4,PEuk1
-0.22489941863617488,-0.25353267777560784,-0.10455222885344767,-0.12938353787750165,-0.1876607049883064,-0.24374869664900153,-0.11279560234632002,-0.15114168171146009,-0.12475910893060643,-0.1333375030418576,-0.10439907153186755,-0.09225067865891978,251.9,4,PEuk1
-0.02056293404089689,0.057924079274189154,-0.07091620525188934,-0.0750669239838646,-0.18857488363364722,-0.23568238316078735,-0.12208750271946868,-0.14845579303418893,-0.13384469057202905,-0.15132167394250484,-0.07041065668684222,-0.06106921195686762,251.9,4,PEuk1
-0.3433159577329576,-0.403608512498303,-0.11521498971697568,-0.1448787103774372,-0.1919268719998969,-0.24152753786239184,-0.11430140438307533,-0.14854532265676465,-0.17649296961312902,-0.17605043552292163,-0.18100398548952618,-0.2570411998920928,252.4,4,PEuk1
-0.20465103725215703,-0.2117999218424659,-0.08725480410641778,-0.0995300083844061,-0.1828866609515266,-0.23579928625481944,-0.1201777050143156,-0.15096262246630868,-0.1259538195600194,-0.13912158986467058,-0.1098295669793355,-0.07757125199665826,252.5,4,PEuk1
-0.1902413758236046,-0.19440292637873743,-0.10647759237485135,-0.13276973951735196,-0.1947709833409572,-0.24012470073400677,-0.10596440286250322,-0.1440240767166915,-0.11266507249858548,-0.12199260441561185,-0.08402847643451263,-0.08948391871194991,252.7,4,PEuk1
-0.0828005074123362,-0.036236418811487044,-0.019245000787623066,0.00714477183550828,-0.21234352841250842,-0.2578939710268844,-0.12208750271946868,-0.15355898152100414,-0.04399811559676249,-0.024775290788477525,0.03608693090929047,0.16564911426145007,252.7,4,PEuk1
-0.19200983427165422,-0.23976441965409123,-0.045426345868392774,-0.02333643067436144,-0.17638583502910302,-0.23696831719514036,-0.12208750271946868,-0.15270845010653494,-0.12657767047336202,-0.14047387818959628,-0.046156384140838704,-0.049296114734449815,252.8,4,PEuk1
0.07658531906426264,0.14035606118227714,-0.08413669202168791,-0.10179017001991476,-0.1892859114689123,-0.22551181397999556,-0.11914935240384855,-0.1514102705791872,-0.05010173804622297,-0.043589370723424954,0.04368380317768554,0.11505927807976354,253.0,4,PEuk1
-0.16627361754487924,-0.18787848395541293,-0.08630368995031716,-0.09857098866778977,-0.19355207848050276,-0.23673451100707615,-0.11823118043021726,-0.15011209105183948,-0.10061680119148156,-0.09856136558932936,-0.07982462429256003,0.012680950071709168,253.3,4,PEuk1
-0.23681078162224453,-0.26642676077829797,-0.10496866261909173,-0.13046108812089077,-0.1895906376840259,-0.23837115432352543,-0.11499921508303512,-0.15230556680494425,-0.14141038832804934,-0.16111628564173294,-0.13509010284715162,-0.09523089783028496,253.3,4,PEuk1
-0.18076749128048164,-0.2323339311440664,-0.08623685490151009,-0.10054290561319186,-0.21234352841250842,-0.24386559974303362,-0.11558684514615915,-0.14926155963737028,-0.10890510618303385,-0.11632647420681107,-0.0349045306332979,-0.026168628768235766,253.3,4,PEuk1
-0.2627528506551417,-0.27441271472841045,-0.10553161937635128,-0.12866966084125636,-0.18806700660845788,-0.22481039541580303,-0.10677239419929875,-0.14478507850858502,-0.16005124631399043,-0.19007042164551569,-0.14185535253553627,-0.13393269720718698,253.5,4,PEuk1
-0.1632045467990577,-0.12354465880427883,-0.051770534347463926,-0.03668458431434416,-0.17079918775202027,-0.21312008601259408,-0.11389740871467757,-0.1477395560535833,-0.09850678806372805,-0.08414116952633674,-0.04547445362523017,0.027861184914282747,253.8,4,PEuk1
-0.26950387060364855,-0.30920670565586744,-0.10565757773756461,-0.12870737509977498,-0.18075357744573137,-0.24117682858029557,-0.11070217024644068,-0.1479186152987347,-0.15866865780333914,-0.19011676174387762,-0.13985114211771119,-0.11548489423733148,253.9,4,PEuk1
-0.2388271985299413,-0.2161981154090615,-0.1031666868801011,-0.12838411002675823,-0.20218598790872158,-0.25415307201785753,-0.12208750271946868,-0.1510521520888844,-0.13014494152610512,-0.1494175171734506,-0.10212042566263903,-0.11014841362744894,254.8,4,PEuk1
-0.21407345871874944,-0.21174983889294982,-0.08495670665897467,-0.09577743966180348,-0.19101269335455606,-0.22434278303967467,-0.11742318909342173,-0.15261892048395923,-0.1086016111441104,-0.11852973524711057,-0.09555892350635692,-0.054000427641315504,255.1,4,PEuk1
-0.2515713276635052,-0.2528952584181302,-0.10640561616844374,-0.1257144792987617,-0.2031001665540624,-0.24854172350431722,-0.12113260386689213,-0.15096262246630868,-0.13791778668964455,-0.15233273063403804,-0.13781782490958575,-0.08681567840700864,255.2,4,PEuk1
-0.2176056971533459,-0.21830159928873766,-0.10142126387471645,-0.12272427737335688,-0.1690724058663765,-0.2350978676906269,-0.1179740922776005,-0.15069403359858155,-0.11235916876887693,-0.115403884975787,-0.10312253087155157,-0.06296571506591818,255.2,4,PEuk1
-0.15008614074527163,-0.0816935249904625,-0.08832416488733091,-0.10099547671541528,-0.1815661806860343,-0.23439644912643437,-0.10578076846777697,-0.1464861413375234,-0.057838452847985826,-0.04001275767712617,0.022980559048326462,0.04401840620697329,255.2,4,PEuk1
-0.13114772858203128,-0.14471608746335693,-0.10678092067328344,-0.13418671808740865,-0.1449990348724017,-0.22212162425306498,-0.1179740922776005,-0.1494406188825217,-0.11673575992541588,-0.13947967244292192,-0.027577935703406217,-0.0363407818076888,255.2,4,PEuk1
-0.14697964230742785,-0.1459089722609222,-0.10685546745849132,-0.13595120661095833,-0.10375942042702715,-0.12637799024078367,-0.11984716310380833,-0.14765002643100758,-0.09851401413608338,-0.11780514461817841,-0.04459293369041914,-0.031866348065556514,255.4,4,PEuk1
-0.20015503574798857,-0.1939294148560398,-0.10389673125937832,-0.1274466413150097,-0.15850856374243819,-0.22796677895466946,-0.112061064767415,-0.1488586763357796,-0.13270778852145867,-0.1594775312542062,-0.06978278163893437,-0.08352348036921955,256.3,4,PEuk1
0.09466289431099205,0.28300140739494745,-0.09459380658119418,-0.11478811983079602,-0.14682739216308333,-0.2119510550722732,-0.12021443189326085,-0.1514998002017629,-0.07901084484907409,-0.07654139339497866,0.03788323568211295,0.10082318980663073,256.3,4,PEuk1
-0.1400414838988099,-0.13478145147752715,-0.06903711214889055,-0.07169688559766513,-0.17730001367444384,-0.22597942635612392,-0.12043479316693236,-0.1532008630307013,-0.12081608211538669,-0.12684567653497134,-0.0844900269664184,-0.011710871300538592,256.4,4,PEuk1
-0.27165128443342307,-0.31273983009445766,-0.08825732983852384,-0.09444397123560944,-0.1821756331162615,-0.24491772758932243,-0.11264869483053902,-0.14760526161971974,-0.16039568909626067,-0.19216415154423241,-0.13797999131268776,-0.1653522530441416,256.4,4,PEuk1
-0.3252056332557087,-0.3534845860235093,-0.11287062185112767,-0.14023716270403855,-0.19080954254448032,-0.2440994059310978,-0.1124283335568675,-0.14742620237456833,-0.18939632614894586,-0.20022311592299516,0.148405876565496,0.7993028218789037,256.7,4,PEuk1
-0.15611199916084811,-0.11946517491642204,-0.10031591499059951,-0.11952125927488273,-0.14347540379683368,-0.20458616014825154,-0.12043479316693236,-0.1532008630307013,-0.10916283609704028,-0.11050026002185086,-0.06522548990047733,-0.01037264616298343,256.8,4,PEuk1
-0.1263148778496629,-0.04702701793450104,-0.10847493210266265,-0.13101602649623617,-0.18319138716664018,-0.24141063476835975,-0.11749664285131223,-0.14832149860032537,-0.09850919675451317,-0.10058769170861054,-0.06518806688437687,0.01750841253111061,256.9,4,PEuk1
-0.08207066741790302,-0.029406925695655395,-0.10407667177539735,-0.13407088143624432,-0.1328099862678575,-0.23229219343385676,-0.12208750271946868,-0.15270845010653494,-0.06714322535085317,-0.05447086836605129,0.019425372518781972,0.04217937288910607,257.4,4,PEuk1
-0.267440669080924,-0.3022451756731297,-0.1056395836859627,-0.12685937643236264,-0.20249071412383518,-0.2328767089040172,-0.11518284947776138,-0.14809767454388612,-0.16121705265398206,-0.18902145032804996,-0.1419052498903369,-0.14620660260991686,257.4,4,PEuk1
-0.23971142775396612,-0.30159409732942044,-0.08490529508296923,-0.10313710782415117,-0.11290120688043531,-0.16706026696395082,-0.11959007495119157,-0.15073879840986942,-0.13852718545827658,-0.16050965162681302,-0.10412463608046411,-0.13340725911636778,257.5,4,PEuk1
-0.17384336825637203,-0.16348808754107286,-0.10509719155910532,-0.12926231347512038,-0.1729322712578155,-0.2274991665785411,-0.1113632540674552,-0.14635184690365985,-0.1022378500898584,-0.09894051184865432,-0.11099383859135006,-0.001325259036690252,257.7,4,PEuk1
-0.14948261921141343,-0.09489265868565978,-0.08621371969230765,-0.09769009134381916,-0.182581934736413,-0.24000779763997468,-0.11264869483053902,-0.1488586763357796,-0.11340213187882814,-0.11939334617112853,-0.030966797716948626,0.01890410745984912,258.1,4,PEuk1
-0.040661604656825875,0.009389148197678915,-0.09894836706885483,-0.11274346824396517,0.1492649135223029,0.12437914645804837,-0.10016155598915347,-0.14169630652972318,-0.028100756415057992,0.0009476765386136162,0.07615866492709192,0.07591414031373281,258.1,4,PEuk1
-0.04447455078158894,0.0015716550777569553,-0.05727414355884615,-0.04688898511923912,-0.18339453797671593,-0.23322741818611348,-0.11360359368311555,-0.14939585407123385,-0.03929635118423413,-0.00500913246900297,0.06974685483521169,0.1742942128494598,258.4,4,PEuk1
0.06469734838570687,0.18187027333571243,-0.10112564731268517,-0.1266923561446373,-0.17689371205429236,-0.23065555011740752,-0.11621120208822842,-0.14760526161971974,-0.016269267278613678,0.03400923035175008,0.07462016315407267,0.25085218467585174,258.6,4,PEuk1
-0.24693497231425343,-0.26568917552178817,-0.11295545095153664,-0.1396687549506508,-0.18684810174800345,-0.2419951502385202,-0.12208750271946868,-0.1523503316162321,-0.13947380093682352,-0.15900570479815734,-0.07469767108679587,-0.08613425088297748,259.0,4,PEuk1
-0.16456597909636572,-0.15910355296070894,-0.07863051223150543,-0.08339638736526249,-0.1600321948180062,-0.22445968613370676,-0.11217124540425075,-0.14966444293896095,-0.14705395083755443,-0.16902780425298045,-0.11656155176451974,-0.13192125451576972,259.7,4,PEuk1
-0.10253893649255137,-0.09704622551485204,-0.08242982769830735,-0.09615458224698967,-0.20482694843970617,-0.24129373167432766,-0.1122814260410865,-0.1494406188825217,-0.106132703089376,-0.11895943434101218,-0.05416490958633892,-0.03805666557302027,259.9,4,PEuk1
-0.21623958639453508,-0.2104522352009418,-0.10158321033913358,-0.11948354501636411,-0.16876767965126288,-0.2307724532114396,-0.1134934130462798,-0.14657567096009913,-0.10917006216939559,-0.1091732481142135,-0.09439465189434235,0.001359401208589121,259.9,4,PEuk1
0.04910403619695191,0.1157698859652832,-0.07841458361228258,-0.09090960643729314,-0.18501974445732183,-0.23439644912643437,-0.1124283335568675,-0.150873092843733,0.049182087425091815,0.08409445120857723,0.024577274401946445,0.014799122375324086,260.0,4,PEuk1
-0.2134184741083607,-0.22075566381502648,-0.10149066950232379,-0.12568215279146003,-0.18583234769762477,-0.22890200370692618,-0.11650501711979043,-0.14957491331638526,-0.1371084665858487,-0.16088879788613797,-0.1017503536145344,-0.08517368437319862,260.0,4,PEuk1
-0.18706470046321919,-0.16410729491690826,-0.09538040369407738,-0.11576330280106317,-0.19690406684675243,-0.24024160382803886,-0.11679883215135245,-0.15055973916471801,-0.11353701856279412,-0.13467294042192438,-0.0614831882904305,-0.04527322935161528,260.1,4,PEuk1
-0.12602013477498794,-0.0883272393036403,-0.10288906436967173,-0.1256552140353753,-0.17719843826940596,-0.22820058514273364,-0.12208750271946868,-0.1538723352000191,-0.09383392794062098,-0.10297210040614306,-0.033499088473080314,-0.005257834747665236,260.3,4,PEuk1
-0.0042912449342393045,0.0809303650837207,-0.08649391278153729,-0.09947613087223663,-0.16805665181599783,-0.23217529033982467,-0.12069188131954912,-0.15011209105183948,-0.016358388837662628,0.040484205913777445,0.08194675808396436,0.2079715104829032,260.3,4,PEuk1
-0.3480926669272926,-0.42539459553780595,-0.11462632717171341,-0.14423218023140372,-0.19141899497470755,-0.24351489046093736,-0.11518284947776138,-0.14814243935517396,-0.1958443913806766,-0.22915197550948957,-0.1788417667814991,-0.26196718199352287,260.6,4,PEuk1
-0.3035209641903384,-0.3614841989598534,-0.1111457634761452,-0.14084867246716187,-0.1873559787731928,-0.2388387666996538,-0.1159173870566664,-0.14957491331638526,-0.16913682795541304,-0.22490975014126474,-0.1632031041644034,-0.26030055804920565,260.6,4,PEuk1
-0.3020940334319915,-0.33445306520739176,-0.09776590082072975,-0.11885587199958994,-0.18044885123061774,-0.22574562016805974,-0.11319959801471778,-0.14908250039221888,-0.17563547569363103,-0.18842324178555947,0.2409197304787537,0.8036705260088383,260.6,4,PEuk1
-0.1625963468036967,-0.23058102791100296,-0.10140326982311454,-0.1255232141305601,-0.21234352841250842,-0.2533347503596329,-0.1098574520306999,-0.1489482059583553,-0.15612989771583663,-0.1836881262802122,-0.07723827806872766,-0.11851437322971096,260.7,4,PEuk1
-0.12823772552730414,-0.10036080617373566,-0.10753152968296284,-0.1332896575097872,-0.1988339995424719,-0.23731902647723663,-0.11037162833593342,-0.14568037473434206,-0.08068488494472327,-0.07118700566606728,-0.04223112556318959,0.038205747327285836,260.9,4,PEuk1
-0.20921253721736438,-0.2593195349424225,-0.11381916542842802,-0.1394316938971052,-0.1382950581399024,-0.22668084492031645,-0.09942701841024842,-0.14585943397949347,-0.1501876575489783,-0.17415470422629684,-0.15177245180216037,-0.17508106769446594,261.0,4,PEuk1
-0.21677760946735442,-0.2804317746611634,-0.10553676053395182,-0.13615594115720225,-0.1530234918703933,-0.206456609652765,-0.11147343470429096,-0.14993303180668807,-0.13523691384582076,-0.15973872089951893,-0.08769177389945847,-0.15570553809550777,261.1,4,PEuk1
-0.2452507261732538,-0.2609404013085799,-0.09021611088433105,-0.1004701709717631,-0.19527886036614653,-0.24538533996545078,-0.11639483648295468,-0.15100738727759652,-0.15307567780032127,-0.17599988268834496,-0.1245409704197196,-0.13334978932518443,261.2,4,PEuk1
-0.23608094162781135,-0.2570248252555031,-0.1035599854365427,-0.12591651996939715,-0.16480623885478604,-0.23112316249353587,-0.10394442452051438,-0.14406884152797939,-0.12924649986326028,-0.15250124008262692,-0.08412827114411388,-0.1005181186191532,261.3,4,PEuk1
-0.16259166834219393,-0.1474569907005107,-0.10517430892311348,-0.128952517780146,-0.13067690276206226,-0.19125920742859334,-0.11419122374623958,-0.1484110282229011,-0.10557629551801634,-0.09958506048950674,-0.053075484006525286,0.03023386629313822,261.5,4,PEuk1
0.05320236847338436,0.14518678931287538,-0.06780580490356028,-0.06843460223580457,-0.19141899497470755,-0.22703155420241275,-0.11679883215135245,-0.1506492687872937,0.0021523998458826826,0.04651684417325903,0.1275404660330349,0.21155105747660902,261.6,4,PEuk1
-0.33498361779651215,-0.4011817659444775,-0.11561857058861837,-0.1454120977479148,-0.19558358658126013,-0.2387218636056217,-0.1191126255249033,-0.1496196781276731,-0.17760819344663345,-0.2086106737265062,-0.17094135227140025,-0.2531086241811178,261.7,4,PEuk1
1.4222278088004296,1.89585905462516,0.18738840549343658,0.3431222438486273,-0.1267154619655854,-0.17641251448651799,-0.12208750271946868,-0.1519026835033536,-0.09651480078444478,-0.1051669359740131,-0.004687524188619771,0.03562781669420412,262.0,4,PEuk1
0.014955945688184306,0.12698391366147876,-0.08329868333279927,-0.09867874369212869,-0.15891486536258967,-0.23264290271595303,-0.11881881049334128,-0.1489482059583553,-0.1208570298587335,-0.14611473198110872,-0.07155413773435652,-0.034411438817962034,262.4,4,PEuk1
-0.209366926446956,-0.2403563090574633,-0.06555911903212261,-0.05987615942768649,-0.16064164724823343,-0.23100625939950378,-0.10522986528359819,-0.14541178586661496,-0.16209863348133113,-0.20334896619431872,-0.11017884846293988,-0.16260191303750984,262.5,4,PEuk1
-0.015131240236173068,0.04326798704761444,-0.0641221654827706,-0.059962363447157614,-0.1751669301686486,-0.21335389220065826,-0.10882909942023285,-0.14572513954562993,-0.02491646719714688,0.027239363254692193,0.04334283791988127,0.257461210661937,262.8,4,PEuk1
-0.18485178817240577,-0.17286725808681497,-0.10175029796115126,-0.123801827616746,-0.21061674652686466,-0.25275023488947246,-0.1213162382616184,-0.1513207409566115,-0.13812734278794886,-0.16266235983253585,-0.0633127579664534,-0.062046198406984575,263.5,4,PEuk1
-0.221250218664009,-0.2553811939122929,-0.08202624682666465,-0.09004487236697337,-0.1622668537288393,-0.196052234283909,-0.1097839982728094,-0.14778432086487114,-0.13444927195909084,-0.15692040037187008,-0.08433201867621642,-0.09106844295457657,263.6,4,PEuk1
-0.2306960324381153,-0.22310500944687256,-0.10684261456448997,-0.13396851416312236,-0.009802170766998939,-0.05366426575282397,-0.10699275547297027,-0.1432183101135102,-0.131000026754818,-0.1502727026250391,-0.07614469437601397,-0.08129036848323794,264.0,4,PEuk1
-0.1831956128004228,-0.18807881575347732,-0.10625138144042742,-0.13522386019667068,-0.16958028289156585,-0.2361499955369157,-0.12208750271946868,-0.15257415567267138,-0.11526404985571566,-0.12290255543799176,-0.08591625969113625,-0.018935645049302653,264.2,4,PEuk1
-0.022626135563621447,0.049387212879399595,-0.03479186137166776,-0.011529173882425163,-0.1821756331162615,-0.23603309244288362,-0.1124283335568675,-0.14751573199714402,-0.018954957504007695,0.016960286890771073,0.08367237493748594,0.15345730856041073,264.4,4,PEuk1
-0.19106946350959608,-0.17893184797367348,-0.09015955815072507,-0.10195449643203161,-0.1892859114689123,-0.2451515337773866,-0.11940644055646531,-0.15203697793721713,-0.08970784062573313,-0.08192105754117836,-0.013032856779024203,0.02934718951488081,264.4,4,PEuk1
-0.179607232827793,-0.17628655764014137,-0.0922828562397497,-0.10822853272416476,-0.16541569128501324,-0.23451335222046646,-0.1203246125300966,-0.14796338011002255,-0.15048874389711664,-0.1847497358063221,-0.07716759014942677,-0.11419592892079063,264.5,4,PEuk1
-0.04555059692722759,0.052519673721861046,-0.09663741672741036,-0.1126707336025364,-0.17638583502910302,-0.23778663885336498,-0.10118990859962051,-0.14406884152797939,-0.046811466433767164,-0.007397753902750214,-0.003972328769810821,0.14764464968072327,264.6,4,PEuk1
-0.032881323177708116,0.00010103756014787404,-0.07807783778944696,-0.08889458748215548,-0.20025605521300208,-0.19348036621520304,-0.1065887598045725,-0.14751573199714402,-0.03915423842791283,-0.0014620085762072374,-9.69675469623256e-05,0.17070645588558492,265.1,4,PEuk1
-0.1271944286121849,-0.08044600424797058,-0.06494218012005734,-0.05922693540604454,-0.16632986993035406,-0.22235543044112915,-0.1124283335568675,-0.14796338011002255,-0.10799702975704861,-0.11811688709806782,-0.08181636037168495,-0.07175038314680175,265.5,4,PEuk1
-0.2486145399937503,-0.28217557190340575,-0.10961883966878366,-0.13414900382889003,-0.19812297170720686,-0.24561914615351496,-0.11760682348814798,-0.1503806799195666,-0.13392658605872268,-0.14178403915237475,-0.12788409319136143,-0.047342141834215895,266.1,4,PEuk1
-0.2667155075479936,-0.26392261330249306,-0.11128714531016015,-0.1370449201079983,-0.1867465263429656,-0.24117682858029557,-0.11360359368311555,-0.14787385048744683,-0.1438961572182795,-0.1771036195766021,-0.11122253480085294,-0.12379338404841016,266.1,4,PEuk1
-0.15106393919935196,-0.15691356216823224,-0.10511004445310668,-0.13016745567956722,-0.20066235683315356,-0.23053864702337543,-0.11275887546737477,-0.14921679482608244,-0.07001438476670041,-0.04932711744787601,-0.04373220432010837,0.06260577866970264,266.3,4,PEuk1
-0.20456214648360427,-0.24726775609068494,-0.10097141258466885,-0.12606737700347162,-0.16724404857569486,-0.2340457398443381,-0.11360359368311555,-0.14832149860032537,-0.1258960109811768,-0.14158604055028282,-0.09738433506947976,-0.10164288453231307,266.6,4,PEuk1
-0.10887825182881389,-0.05796331291065279,-0.08741160941323438,-0.10368396457267115,-0.18501974445732183,-0.22925271298902244,-0.11151016158323622,-0.1494406188825217,-0.06158637570961192,-0.04706487810057042,0.017583328504058922,0.08927997174894632,266.8,4,PEuk1
-0.1582079499140921,-0.13234559893288053,-0.08486416582216488,-0.08735638450971751,-0.18136302987595856,-0.23778663885336498,-0.1170559203039692,-0.15145503539047506,-0.10804761226353586,-0.09401582321364457,-0.11010816054363899,0.0027058363163133324,267.1,4,PEuk1
-0.13918532544380177,-0.11723876016066093,-0.10744413000375361,-0.13625830843032422,0.029913812602807583,0.012269079281274518,-0.11059198960960492,-0.14223348426517743,-0.05799983513058798,-0.032316088612829495,-0.02680452670399654,0.05093120108931345,267.2,4,PEuk1
0.10190983117879326,0.2396341261094165,-0.03311841457269073,-0.009349828515170668,-0.13677142706433437,-0.22329065519338587,-0.10835164999394457,-0.14653090614881126,-0.044000524287547596,-0.02131663435619095,0.050315993253268534,0.16940107062870596,267.2,4,PEuk1
0.08762180974931302,0.19685873422725764,-0.08502354170778174,-0.10284347538282763,-0.21234352841250842,-0.24339798736690527,-0.10798438120449205,-0.14478507850858502,0.03329918038809796,0.10354044157573293,0.20670677753712557,0.3991570858095722,267.3,4,PEuk1
-0.24694432923725898,-0.2663357008700869,-0.09958844119012256,-0.12138811507155438,-0.203404892769176,-0.2463205647177075,-0.12124278450372789,-0.1529322741629742,-0.15061158712715708,-0.1852342004710151,-0.11160923930055777,-0.13021358072060732,267.7,4,PEuk1
0.31850856337284916,0.535451343923959,-0.02019354436492341,0.010134973760913086,-0.1937552292905785,-0.24900933588044558,-0.11139998094640045,-0.1477395560535833,-0.1128818546692451,-0.13071718111630065,-0.06238134067684174,-0.07378645574872618,267.7,4,PEuk1
-0.22659770016168285,-0.23410959935418263,-0.09921313668528285,-0.11988223860641808,-0.17394802530819417,-0.23685141410110824,-0.11323632489366305,-0.15055973916471801,-0.15187133240776793,-0.17353543200273275,-0.13665355329757117,-0.1124389953046139,268.2,4,PEuk1
-0.24443199541026786,-0.23121844726848056,-0.10937977584035836,-0.13214476037618628,-0.18065200204069348,-0.23825425122949334,-0.11319959801471778,-0.14827673378903752,-0.15467986586320237,-0.19058858819992647,-0.1244536500488185,-0.1281610881783448,268.3,4,PEuk1
-0.21321262180223852,-0.20001676971995105,-0.06094493008563448,-0.05618554984407875,-0.1940599555056921,-0.2329936119980493,-0.11845154170388877,-0.1522608019936564,-0.11404043493688143,-0.13094888160811033,-0.07434423149029144,-0.07356478655416182,268.5,4,PEuk1
-0.210414901823578,-0.1949857097912884,-0.09847280999080453,-0.11573905792058692,-0.20543640086993337,-0.24737269256399633,-0.11694573966713345,-0.15118644652274793,-0.11912518118424176,-0.1501547460110269,-0.09415348134613934,-0.10330950847663023,268.7,4,PEuk1
-0.18524010047713624,-0.14512130405489626,-0.10131844072270557,-0.12505717365029434,-0.2014749600734565,-0.24690508018786794,-0.1159908408145569,-0.14330783973608588,-0.09938596020029201,-0.10616535445690216,-0.04654724675344359,0.008649854718705583,268.9,4,PEuk1
-0.17410536210052754,-0.1410736911349134,-0.08816478900171405,-0.09262021744867335,-0.178722069344974,-0.23486406150256273,-0.1170559203039692,-0.1489482059583553,-0.09515389049085947,-0.08313432557101823,-0.07021522538053977,0.05890308212346106,269.5,4,PEuk1
-0.16888419906342866,-0.1696164193636791,-0.06858983143764323,-0.06730317448024599,-0.18613707391273837,-0.23229219343385676,-0.11532975699354238,-0.15145503539047506,-0.11008536466773616,-0.12169771288058133,-0.02823491754161444,-0.007999964784127959,269.8,4,PEuk1
-0.27701747977710806,-0.3158768439323297,-0.10874998403429174,-0.1366165938862511,-0.1674471993857706,-0.22597942635612392,-0.11779045788287423,-0.1461280228472206,-0.14824866146696739,-0.17340062444386165,-0.12068639976137135,-0.13821830163543114,270.1,4,PEuk1
-0.17422700209959974,-0.21035662229732016,-0.10244949539482522,-0.12783455940262978,-0.1793315217752012,-0.23498096459659482,-0.1090861875728496,-0.1467099653939627,-0.12303930371004022,-0.14266028828503688,-0.04277999646599645,-0.01703914194025209,270.8,4,PEuk1
-0.1481960422981498,-0.1211679951999694,-0.07857653007669971,-0.08473793741828195,-0.21234352841250842,-0.24351489046093736,-0.11081235088327643,-0.14899297076964316,-0.10116116530891568,-0.11329751686842612,-0.008612782766268891,-0.02350859843346354,271.0,4,PEuk1
-0.16627829600638203,-0.15003853909829507,-0.09728520258507889,-0.11946199401149633,-0.20736633356565287,-0.24152753786239184,-0.10919636820968537,-0.14514319699888784,-0.09458784815635939,-0.10730279323487704,-0.02709143649410013,-0.05444376603044421,271.3,4,PEuk1
-0.17390418825590814,-0.14628231788458765,-0.11135398035896722,-0.1375998584833437,-0.19416153091073,-0.23486406150256273,-0.1090861875728496,-0.147829085676159,-0.14842931327585038,-0.174243171686806,-0.1261085789830392,-0.14092759179121767,271.3,4,PEuk1
-0.023950140168907272,0.04502544327608845,-0.10238266034601815,-0.12956941529448626,-0.1720180926124747,-0.23065555011740752,-0.12080206195638488,-0.14675473020525054,-0.12999078531585828,-0.14665817495280783,-0.0793755480993544,-0.049123705360899765,272.1,4,PEuk1
0.6050736873409316,0.9385280276203429,0.3274129739018497,0.5662047768618682,-0.18461344283717035,-0.23100625939950378,-0.11430140438307533,-0.15015685586312733,0.03727111149273898,0.10597961584405684,0.035068193248777725,0.1333839314970833,272.2,4,PEuk1
1.3852164998519627,1.968397377506113,2.0818304345086487,3.3966760419378894,-0.02128019153627806,-0.05915871117233218,-0.11999407061958933,-0.1446060192634336,-0.06891120438712152,-0.06386527012488084,-0.013644099375331852,0.0005712440723603142,272.7,4,PEuk1
-0.09518907347168908,-0.07031103646407641,-0.016222000118503263,0.01828125360093483,-0.1892859114689123,-0.2442163090251299,-0.1214631457773994,-0.14679949501653838,-0.07323721303717323,-0.0714608335200242,0.033047350379352435,0.05731034791066535,272.7,4,PEuk1
-0.21137398643164726,-0.22709343342651825,-0.09738288457948922,-0.11788607678053974,-0.2017796862885701,-0.24503463068335452,-0.11055526273065967,-0.1488586763357796,-0.12994502019094126,-0.13803049118505764,-0.1313976985919054,-0.07864675808880382,272.8,4,PEuk1
-0.135030851629336,-0.16302823500460684,-0.09754226046510608,-0.1194754633895387,-0.1696818582966037,-0.22562871707402765,-0.1078742005676563,-0.14679949501653838,-0.09475886520210196,-0.11282147767616256,-0.014820845326046578,-0.010183816849095279,272.8,4,PEuk1
-0.2530029368833549,-0.222681580873691,-0.07587228117881363,-0.07472749565719702,-0.1931457768603513,-0.24643746781173959,-0.12087551571427538,-0.152081742748505,-0.12376191094557223,-0.1324149138108335,-0.09614521742526426,-0.04410741358761017,272.8,4,PEuk1
0.07769411444042072,0.18154701066156306,-0.10022337415378972,-0.12154435985684581,-0.1818709069011479,-0.24433321211916198,-0.12208750271946868,-0.15248462605009566,-0.1388210457340596,-0.17343011359736468,-0.11388372705688624,-0.1468223503725956,272.8,4,PEuk1
-0.007201247988966452,0.10863534215694441,-0.09127261877124282,-0.11189220355168776,-0.18166775609107216,-0.235214770784659,-0.10578076846777697,-0.14514319699888784,-0.11730421095070107,-0.13718373120589855,-0.06224412295114003,-0.03227684657400902,273.1,4,PEuk1
-0.09558206423792232,-0.06753826225904876,-0.05177567550506447,-0.04848375947945502,-0.21234352841250842,-0.24374869664900153,-0.11650501711979043,-0.14997779661797592,-0.08788446170140732,-0.09297949010482301,0.012215204750091746,0.10194795571979058,273.2,4,PEuk1
-0.12745174399483764,-0.07353000421933839,-0.10171688043674772,-0.12125072741552227,-0.19944345197269914,-0.24129373167432766,-0.10857201126761608,-0.14823196897774968,-0.08235651634958735,-0.07510906308197325,0.06366769377533561,0.10006787255107812,273.2,4,PEuk1
-0.17925634821508477,-0.1824467604306215,-0.11122545141895362,-0.136331043071753,-0.20523325005985762,-0.2276160696725732,-0.11588066017772115,-0.1489482059583553,-0.12075827353654413,-0.13133224060365004,-0.0841864847247146,-0.09771851879150713,273.3,4,PEuk1
-0.06682823984185632,0.007932189666301496,-0.08062785195931672,-0.08840160824580495,-0.20452222222459254,-0.24503463068335452,-0.12208750271946868,-0.15091785765502083,-0.050891788623737985,-0.02324606754253352,0.019442004970382183,0.14107667354548323,273.6,4,PEuk1
-0.06255680448982114,-0.06740622539214268,-0.09820804037437653,-0.1209705643522411,-0.17608110881398942,-0.23053864702337543,-0.12208750271946868,-0.15364851114357983,-0.14056012048090666,-0.17435691556460348,-0.06588247173868556,-0.07931997564266592,273.6,4,PEuk1
-0.23573941393810863,-0.2258094887207419,-0.10880139561029718,-0.1308732510889871,-0.14408485622706088,-0.21919904690226275,-0.11499921508303512,-0.1504702095421423,-0.13644125923837414,-0.1550667964373925,-0.10750933998110647,-0.09931946297447189,273.8,4,PEuk1
-0.16945029290526467,-0.15262464049148997,-0.10097398316346913,-0.12603235662056148,-0.1809567282558071,-0.23217529033982467,-0.11856172234072453,-0.1527532149178228,-0.09106634222853333,-0.08279309393762577,-0.07246060634656787,-0.015561347309823075,274.1,4,PEuk1
-0.1661800483148237,-0.16566897234272843,-0.07001650267179416,-0.07657818820021783,-0.17790946610467104,-0.23708522028917245,-0.1169090127881882,-0.14912726520350672,-0.07131507779065804,-0.046125437924687464,-0.007785318299158536,0.060290567082030525,275.7,4,PEuk1
-0.05210979995412062,0.06756732355374344,-0.07886443490233017,-0.08134904190282316,-0.2069600319455014,-0.24491772758932243,-0.10442187394680265,-0.14129342322813251,-0.16207454657348008,-0.19950695076649247,-0.14195098913223747,-0.1727330162261176,276.3,4,PEuk1
-0.2106815741292363,-0.20236156235638658,-0.07933485082277994,-0.08179353137822118,-0.18745755417823068,-0.2297203253651508,-0.11628465584611893,-0.14724714312941692,-0.0808390411549701,-0.06526389854816847,-0.0817331981136839,-0.005167525075805685,276.4,4,PEuk1
0.05559774076280606,0.18441995076562293,-0.09328281139305548,-0.1097882867014705,-0.1546486983509992,-0.2160426633633963,-0.10534004592043394,-0.14832149860032537,-0.07244957115044333,-0.08248135145773636,-0.02024302454771443,-0.0007013013038424467,277.3,4,PEuk1
-0.2728349351936256,-0.31485697296036547,-0.10248034234042848,-0.12112950301314099,-0.19466940793591933,-0.24047541001610304,-0.11077562400433118,-0.14420313596184292,-0.14147301428846212,-0.16498779022306226,-0.10276909127504714,-0.11551773411800768,277.4,4,PEuk1
-0.08549997969943839,-0.08828170934953475,-0.0860903319098946,-0.09975898781112627,-0.18979378849410164,-0.24211205333255229,-0.10717638986769652,-0.14420313596184292,-0.11480639860654537,-0.12661397604316163,-0.027681888525907517,0.012262241593087614,277.9,4,PEuk1
-0.23263291550026488,-0.3025957563197424,-0.08751957372284579,-0.10251751643420243,-0.1870512525580792,-0.23451335222046646,-0.11602756769350216,-0.15261892048395923,-0.13291252723819275,-0.14641383625235396,-0.07317995987827687,-0.07196384237119706,278.0,4,PEuk1
-0.3287519070748135,-0.3644573049629454,-0.10428745923701965,-0.11743619955392479,-0.21234352841250842,-0.2578939710268844,-0.1147788538093636,-0.15109691690017224,-0.18839912816391166,-0.2294300160996612,-0.16966896972398432,-0.20460412042237,278.5,4,PEuk1
-0.19950005113759983,-0.2587413045252821,-0.10481442789107541,-0.13541512536487224,-0.19131741956966966,-0.24012470073400677,-0.10607458349933897,-0.1469785542616898,-0.13395067296657376,-0.14784616656535937,-0.13807562790938896,-0.10931099667020583,278.9,4,PEuk1
-0.18678399277305258,-0.141251257955925,-0.06851528465243534,-0.06970072377178678,-0.19050481632936672,-0.22784987586063737,-0.12208750271946868,-0.15373804076615555,-0.10433341107290127,-0.10080254125556135,-0.024238971044664433,0.02322255176876946,279.2,4,PEuk1
-0.15634124377448416,-0.1540724930320463,-0.09728520258507889,-0.11925187171403545,-0.21234352841250842,-0.24702198328190003,-0.11415449686729433,-0.14518796181017568,-0.11807499200193522,-0.12406527063325497,-0.0538031537640344,-0.03423081947424293,279.3,4,PEuk1
1.1919539336337572,1.824135717922696,0.11880022194458066,0.21567768268738763,-0.16419678642455882,-0.17582799901635754,-0.12208750271946868,-0.14953014850509738,-0.03967210694671078,-0.025971707873458507,0.07335609683245685,0.1094108186034571,279.8,4,PEuk1
-0.2809520659009433,-0.2831817838891383,-0.10771147019898188,-0.13286941291486545,-0.16257157994395294,-0.2096129931916314,-0.11992061686169883,-0.1531113334081256,-0.1411454323416876,-0.15908574678623705,-0.11760107998953274,-0.1414940797328821,280.0,4,PEuk1
-0.10588871492853953,-0.05695710092492026,-0.09714896190866448,-0.11039171483776841,-0.18654337553288985,-0.23170767796369632,-0.12208750271946868,-0.1538723352000191,-0.07756081299643983,-0.07322596999399263,-0.025137123431075672,0.05015125392325369,280.3,4,PEuk1
-0.09182525965119258,-0.029748400351446977,-0.08007260693845798,-0.09167736098570788,-0.178722069344974,-0.2328767089040172,-0.12157332641423516,-0.1489482059583553,-0.06013393516619255,-0.05198956673558017,0.04253616401727118,0.09574942824215778,280.4,4,PEuk1
-0.05972633528064119,-0.04901667692891333,-0.08173577142223393,-0.08849320001649302,-0.17079918775202027,-0.2140553107648508,-0.11870862985650553,-0.15239509642751997,-0.03667087822846778,-0.00912076301457142,0.09997217750568992,0.1512734564954434,280.6,4,PEuk1
-0.09410367040304486,-0.022399865758812126,-0.037439557535947854,-0.024023368954522003,-0.2017796862885701,-0.2488924327864135,-0.12028788565115135,-0.15011209105183948,-0.052192481647695625,-0.04249827204381202,0.02193271459751335,0.08610271329352395,280.8,4,PEuk1
0.04308285624287822,0.12728896435398593,-0.08326269522959547,-0.09145915706142158,-0.19974817818781274,-0.23334432128014557,-0.12102242323005638,-0.15230556680494425,0.008687177945877273,0.059955472698221476,-0.03803143153413703,0.02348527081417906,280.9,4,PEuk1
-0.10628170569477279,-0.12483770950087628,-0.09775818908432893,-0.11670885313963712,-0.17577638259887582,-0.24386559974303362,-0.11790063851971,-0.14863485227934034,-0.0801573816627849,-0.06804009171367012,-0.005864270139334497,0.04034033957123886,281.1,4,PEuk1
-0.15570497301010652,-0.16383866818768553,-0.1006835077590384,-0.12138003344472896,-0.11351065931066251,-0.14286132649930827,-0.1147054000514731,-0.15033591510827873,-0.09045212607833111,-0.06887842622039976,-0.10038233447041728,0.015915678318314898,281.4,4,PEuk1
-0.0010818203433344438,0.03805025430711906,-0.09259132569578234,-0.11164436699570826,-0.18532447067243543,-0.23661760791304406,-0.11253851419370325,-0.14662043577138698,-0.1615109129297651,-0.19962069464428994,-0.12002110169736303,-0.14683877031293371,282.1,4,PEuk1
-0.18624129123873046,-0.17807133184107868,-0.10881167792549827,-0.13209357673962527,-0.1812614544709207,-0.23778663885336498,-0.1168355590302977,-0.1513207409566115,-0.10414071581009272,-0.1147846127522229,-0.06045613440411765,-0.03440322884779299,282.1,4,PEuk1
-0.28311819357672896,-0.27820080690999177,-0.10170145696394609,-0.1198714631039842,-0.19172372118982114,-0.2362668986309478,-0.11731300845658597,-0.15239509642751997,-0.16427608995106763,-0.1992626120660386,-0.11605842010361345,-0.10262808095259908,282.7,4,PEuk1
-0.14037365466550705,-0.1469561612053497,-0.08010859504166179,-0.09199254443189919,-0.21234352841250842,-0.2398908945459426,-0.12208750271946868,-0.15158932982433862,-0.07531832187550545,-0.06955246401475523,0.002543434144570716,0.005144197456521203,283.7,4,PEuk1
-0.2294422047553711,-0.25849544277311215,-0.10277852948126003,-0.1272095802614641,-0.17669056124421662,-0.22691465110838066,-0.11602756769350216,-0.1514102705791872,-0.12529142959411502,-0.13827061714929678,-0.08890594286627367,-0.08704555757174204,283.7,4,PEuk1
0.396180381241949,0.5601558970216274,-0.06697550795107245,-0.06516693112272706,-0.18430871662205675,-0.22001736856048737,-0.12208750271946868,-0.15020162067441517,0.04988060775277277,0.11433347175785011,0.18316770040993102,0.4295257654648884,283.8,4,PEuk1
-0.22752403553923264,-0.201601212122824,-0.08423694459489853,-0.09397523687973518,-0.21234352841250842,-0.24573604924754705,-0.1181209997933815,-0.14926155963737028,-0.11596257018339662,-0.1222116666987774,-0.07292215687847364,-0.03944415053158973,284.0,4,PEuk1
-0.08240751664610295,-0.09272087987482532,-0.09924912478848666,-0.11970983056747582,-0.16846295343614928,-0.22562871707402765,-0.11162034222007197,-0.1489482059583553,-0.0763733284393822,-0.06314489223216342,-0.000887008997972212,0.07120982740686713,284.1,4,PEuk1
-0.2623083968123779,-0.30210858581081307,-0.10775259945978623,-0.13071970017930415,-0.18166775609107216,-0.22340755828741796,-0.1078742005676563,-0.13869706417343705,-0.16027525455700534,-0.19219364069773545,-0.11172566646175923,-0.1406402428353009,284.4,4,PEuk1
-0.12523415324252146,-0.11737990301838812,-0.10254974796803583,-0.12950476227988292,-0.17750316448451958,-0.2308893563054717,-0.11834136106705301,-0.1514998002017629,-0.08500125883163455,-0.07321754452156318,-0.05742071198707967,0.019043676952722972,284.7,4,PEuk1
0.14391305855072306,0.292203011119678,-0.008116965161245836,0.025983043965558564,-0.1919268719998969,-0.22925271298902244,-0.09270599956326739,-0.1402638325685119,-0.05158790026063383,-0.048813163629679954,0.049139247302553805,0.1337944300055358,285.0,4,PEuk1
-0.2272152570800494,-0.2385578758702943,-0.09679165145542667,-0.11692436318831495,-0.1889811852537987,-0.23918947598175005,-0.12172023393001616,-0.1525293908613835,-0.13083864447221585,-0.14956496294096586,-0.04115417432207611,-0.04978050297442377,285.1,4,PEuk1
0.4632929114992817,0.7425762111409013,-0.023291091819251097,0.0006794703751735623,-0.17018973532179305,-0.23264290271595303,-0.10581749534672222,-0.14693378945040195,0.06977880232853956,0.14634184151730614,0.03384986616906248,0.14106025360514513,285.4,4,PEuk1
-0.23011122475026818,-0.2774950926213558,-0.10454451711704685,-0.12936468074824234,-0.20056078142811568,-0.24748959565802842,-0.118194453551272,-0.153290392653277,-0.1375396222363828,-0.15299413021974936,-0.11280677581577275,-0.06757150833075527,285.5,4,PEuk1
-0.25502871071405725,-0.27143505572990784,-0.11180640222781509,-0.1386989597316006,-0.16511096506989964,-0.22375826756951422,-0.11488903444619936,-0.15002256142926376,-0.1320020421214224,-0.14466976345945914,-0.12294009695319956,-0.09714382087967363,285.5,4,PEuk1
-0.22689712169786055,-0.24670773765518675,-0.10074520165024492,-0.11884779037276452,-0.15546130159130214,-0.22258923662919333,-0.1201042512564251,-0.15100738727759652,-0.14966015426703994,-0.17317313668826667,-0.13184261667221098,-0.09868729527145503,285.8,4,PEuk1
-0.16589466216315432,-0.12635840996800146,-0.09547551510968745,-0.113403467768041,-0.15089040836459808,-0.2207187871246799,-0.12124278450372789,-0.15297703897426204,-0.09739397292100874,-0.08642025981850121,-0.08766682522205815,-0.0029836730108383663,286.1,4,PEuk1
-0.33453448549224557,-0.3810848442022902,-0.11561857058861837,-0.14614752578902787,-0.20513167465481977,-0.24854172350431722,-0.11760682348814798,-0.14939585407123385,-0.17578481452230765,-0.2095585393748186,-0.15541495870260594,-0.21291261023344868,286.6,4,PEuk1
-0.2018579957349993,-0.2001123826235727,-0.09772734213872566,-0.11783489314397876,-0.16287630615906654,-0.22995413155321498,-0.11709264718291446,-0.15069403359858155,-0.13397235118363973,-0.15912366141216955,-0.10395831156446203,-0.12078032499636877,286.6,4,PEuk1
-0.14720420845956114,-0.14182038238224431,-0.015720737252450236,0.016204275506802302,-0.11107284958975368,-0.12649489333481576,-0.11338323240944405,-0.14738143756328048,-0.08384267856399821,-0.08742710377381972,-0.01765252021098201,-0.013549904618405807,286.6,4,PEuk1
-0.21666532639128777,-0.2834822815862349,-0.10922039995474152,-0.13388769789486815,-0.17780789069963318,-0.2298372284591829,-0.10376079012578812,-0.1473366727519926,-0.12629344496071943,-0.14073506783490902,-0.07309263950737578,-0.10516496173483554,286.9,4,PEuk1
0.026366713293456835,0.057764724434819746,-0.04571168011522296,-0.027765162174690723,-0.16033692103311983,-0.23030484083531125,-0.11801081915654575,-0.1477395560535833,-0.020299006962097257,0.0244926592426936,0.12245509395627127,0.2553430383583221,287.1,4,PEuk1
-0.12267971326200534,-0.14791684323697668,-0.07687737748971996,-0.09040585169850872,-0.1379903319247888,-0.219549756184359,-0.12208750271946868,-0.15270845010653494,-0.10072037489524115,-0.11106055393840886,-0.01470441816484512,0.0071966899987837216,287.3,4,PEuk1
-0.17501298363206624,-0.21251929511733353,-0.10019252720818646,-0.12115105401800877,-0.18827015741853362,-0.23743592957126872,-0.1102981745780429,-0.14760526161971974,-0.0978443980978237,-0.10673828658210432,-0.06859771946241953,-0.033385192546830776,287.4,4,PEuk1
-0.16797657753188996,-0.18396746089774668,-0.1097345157147959,-0.1387097352340345,-0.17120548937217173,-0.23556548006675526,-0.11507266884092562,-0.1504702095421423,-0.1072045704887485,-0.11443074291018628,-0.03535360682650352,-0.0015633481715927042,287.5,4,PEuk1
-0.1426239946483427,-0.15413623496779405,-0.07991837221044167,-0.08904275064062148,-0.1876607049883064,-0.211717248884209,-0.12208750271946868,-0.15060450397600586,-0.12384139774148076,-0.1468056207203231,-0.07266019576577037,-0.09949187234802194,288.0,4,PEuk1
-0.1578851360704005,-0.14777114738383895,-0.05812500514173616,-0.04554204731500272,-0.15881328995755178,-0.21639337264549258,-0.1124283335568675,-0.1487691467132039,-0.10354817787695647,-0.1147846127522229,-0.029598778572831507,0.017065074141981905,288.1,4,PEuk1
-0.16925379752214803,-0.19964797709169615,-0.09642148810818753,-0.11848142329001222,-0.1601337702230441,-0.21884833762016648,-0.11319959801471778,-0.14845579303418893,-0.09270425196240592,-0.09139971402430234,-0.045320603447928244,0.0021147184641417275,288.4,4,PEuk1
-0.2115845171992722,-0.23444652101456365,-0.08092089794254773,-0.08820495532638645,-0.18887960984876082,-0.2262132325441881,-0.12006752437747983,-0.15279797972911063,-0.13016902843395617,-0.15322161797534434,-0.06908421867172562,-0.07872064782032527,288.5,4,PEuk1
-0.09473526270591973,-0.09258884300791924,-0.10398413093858756,-0.13180263817391022,-0.1834961133817538,-0.2318245810577284,-0.11081235088327643,-0.14769479124229543,-0.07141624280363253,-0.05768939883409873,0.039055823519927625,0.06854158710192584,288.6,4,PEuk1
-0.3391006639189557,-0.3907827244267712,-0.1138937122136359,-0.13946402040440686,-0.20025605521300208,-0.2476064987520605,-0.10556040719410545,-0.13784653275896785,-0.18214134950420435,-0.21962276619178892,-0.18052164439312013,-0.25265707582182007,288.6,4,PEuk1
-0.2021246680406576,-0.25052770080464193,-0.09345246959387343,-0.10458371902590106,-0.20269386493391092,-0.24713888637593215,-0.11018799394120715,-0.14769479124229543,-0.1278879982604601,-0.1418725066128839,-0.0984654444234933,-0.06029747476097691,288.7,4,PEuk1
-0.2720957382761869,-0.30272779318664844,-0.10143668734751808,-0.12254917545880616,-0.16602514371524044,-0.22235543044112915,-0.1170559203039692,-0.14970920775024882,-0.1595526473214733,-0.1848255650581871,-0.1479553041599126,-0.15078776596424678,289.0,4,PEuk1
-0.027735015524653673,0.03520463217552254,-0.05560069675986911,-0.03870768489630723,-0.18501974445732183,-0.23229219343385676,-0.10960036387808313,-0.1471576135068412,-0.038530387514570184,0.010430545757952325,0.02947553139820774,0.2888068767673702,289.1,4,PEuk1
-0.2546310414863212,-0.27847853963003555,-0.10355484427894215,-0.1287935791192461,-0.19162214578478326,-0.21884833762016648,-0.1102247208201524,-0.1475604968084319,-0.1651287664889954,-0.20987870732713745,-0.12275713998559727,-0.16141967733316662,289.3,4,PEuk1
-0.22603628478134963,-0.20236611535179713,-0.07142775043314345,-0.06365297303076535,-0.19355207848050276,-0.2504121730088306,-0.11158361534112672,-0.14478507850858502,-0.11019616444385107,-0.12572508870185534,-0.04738718555925411,-0.04143096331249985,289.5,4,PEuk1
-0.21717060023358767,-0.26606252114545365,-0.1056395836859627,-0.13544206412095697,-0.15424239673084772,-0.20926228390953514,-0.112207972283196,-0.14572513954562993,-0.14079617217784712,-0.16990826612185728,-0.05678036260047165,-0.08122468872188554,289.5,4,PEuk1
-0.21956597252300936,-0.23586705558265664,-0.10856490236067216,-0.12879627299485458,-0.21234352841250842,-0.24561914615351496,-0.1203980662879871,-0.1512312113340358,-0.13352674338839496,-0.15779243676831747,-0.06759145614060694,-0.07390139533109287,289.7,4,PEuk1
0.13086950788098142,0.2405356192007063,-0.07240714095604706,-0.08044659357398477,-0.163282607779218,-0.2018973889855135,-0.12208750271946868,-0.15199221312592928,-0.04993072100048039,-0.04124287665182493,0.03920967369722955,0.13732471717822733,289.8,4,PEuk1
-0.20637738954668167,-0.19253619826041013,-0.09372495094670226,-0.10661759511029802,-0.17973782339535269,-0.2319414841517605,-0.11459521941463735,-0.14778432086487114,-0.11569761419703486,-0.11984832168231847,-0.09525953937755317,-0.04069206599728534,289.8,4,PEuk1
-0.11192860872862434,-0.08471216094766007,-0.09219031540293991,-0.110679959527875,-0.15952431779281687,-0.22270613972322542,-0.1102247208201524,-0.14174107134101105,-0.09585241081854043,-0.09532177144020831,-0.02559867396298145,0.01534919037665044,290.0,4,PEuk1
-0.05472505993417283,-0.030850225240801152,-0.1027168355900535,-0.12823325299268376,-0.16602514371524044,-0.22995413155321498,-0.12208750271946868,-0.1519026835033536,-0.13692299739539548,-0.1663906313825646,-0.07643576227901762,-0.07901620674641106,290.0,4,PEuk1
-0.23394288472104235,-0.280477304615269,-0.10157549860273277,-0.11890974951175941,-0.1950757095560708,-0.2397739914519105,-0.11727628157764072,-0.15042544473085445,-0.14142724916354507,-0.17511942081946813,-0.08468545827272085,-0.12039445639842343,290.2,4,PEuk1
0.06920738527438368,0.220561628334604,-0.10249319523442985,-0.12418435795314914,-0.16572041750012684,-0.22527800779193138,-0.11147343470429096,-0.14863485227934034,0.04368545505347823,0.1175646404345417,-0.019278342354902358,0.04583280961433335,290.5,4,PEuk1
-0.1141695917884544,-0.09308967250308023,-0.06949467517533894,-0.07185582425856503,-0.16785350100592208,-0.2263301356382202,-0.11507266884092562,-0.149037735580931,-0.03805587542990416,-0.0028817006805684745,0.027974452641288956,0.1153794669163565,290.6,4,PEuk1
-0.1899793819794491,-0.16792270507095286,-0.09370695689510035,-0.11011963340131266,-0.19141899497470755,-0.22691465110838066,-0.11345668616733455,-0.14850055784547678,-0.13658337199469542,-0.16537114921860194,-0.10283146296854792,-0.09674974231155922,290.9,4,PEuk1
0.04637649314083306,0.16580275253186585,-0.10684004398568969,-0.12970949682612684,-0.15546130159130214,-0.22948651917708662,-0.11048180897276917,-0.14988826699540023,-0.08422806908961529,-0.08086787348749792,-0.021964483288335973,0.04504465247810455,291.3,4,PEuk1
-0.2187940263750512,-0.2628071294269072,-0.10405353656619491,-0.1334890043048142,-0.21234352841250842,-0.2578939710268844,-0.12208750271946868,-0.14935108925994597,-0.12710035637373018,-0.146186348496759,-0.08441102282131742,-0.0695747410520035,291.9,4,PEuk1
-0.15903603760008359,-0.17127370969312092,-0.10256003028323692,-0.1272769271516759,-0.19416153091073,-0.23907257288771797,-0.11195088413057923,-0.14867961709062819,-0.1176751493316075,-0.1276503091519832,-0.011494355006004951,-0.012359458943893547,292.2,4,PEuk1
-0.08707662122587416,-0.010780621471077218,-0.07145602679994643,-0.07587508666640644,-0.17120548937217173,-0.23252599962192094,-0.12208750271946868,-0.1529322741629742,-0.033007259544320426,0.0059060670633411414,0.004327264578693039,0.16109258081762728,292.3,4,PEuk1
-0.27242790904288405,-0.31930524947647715,-0.10221043156639993,-0.12437831699695918,-0.1690724058663765,-0.22445968613370676,-0.12087551571427538,-0.1541409240677462,-0.15467745717241727,-0.187673374739339,-0.11313110862197681,-0.14436756929204964,292.5,4,PEuk1
-0.03975866158678996,-0.02117966298878354,-0.06461571661242281,-0.05797158937249622,-0.20279544033894878,-0.24480082449529034,-0.12208750271946868,-0.1537828055774434,-0.059847300962764846,-0.04104487804973301,0.08452894619489666,0.15440145512985148,292.7,4,PEuk1
-0.21564074332217967,-0.2112535623931994,-0.10110251210348273,-0.11522183380376014,-0.1699865845117173,-0.21826382215000603,-0.1134934130462798,-0.14988826699540023,-0.09415910119661039,-0.08308377273644157,-0.043021167014199474,0.04735986406577666,292.8,4,PEuk1
-0.095001935011578,-0.10786414261032935,-0.10296875231248015,-0.12670851939828814,-0.19497413415103293,-0.23731902647723663,-0.12208750271946868,-0.1530218037855499,-0.05968350998937759,-0.03133873381101404,0.008169360898341117,0.11034675520272881,293.3,4,PEuk1
-0.19875149729715555,-0.2228227237314182,-0.09639064116258426,-0.12259227746854172,-0.19294262605027557,-0.23065555011740752,-0.12050824692482286,-0.1494406188825217,-0.12444357043775744,-0.13949652338778082,-0.07017780236443931,-0.08524757410472007,293.6,4,PEuk1
-0.32187456866573166,-0.3974938396619284,-0.11388600047723509,-0.13994891801393197,-0.18532447067243543,-0.23486406150256273,-0.11312614425682728,-0.14406884152797939,-0.1095964004383595,-0.2093268388830089,-0.15814683887794012,-0.24168034570580013,294.4,4,PEuk1
-0.19494322963389524,-0.1922584655403663,-0.10886823065910425,-0.13494639100899797,-0.1828866609515266,-0.23439644912643437,-0.12149987265634465,-0.1531113334081256,-0.0980611802684833,-0.08365670486164373,-0.07962919298625758,0.017984590800915513,294.4,4,PEuk1
0.3179939326075437,0.5327286526684475,0.002548366281082443,0.033725242464309385,-0.17506535476361074,-0.23205838724579259,-0.1102247208201524,-0.14926155963737028,0.07238500575802506,0.15205431182446885,0.0451433008056038,0.11573249563362566,294.4,4,PEuk1
-0.2130301618036302,-0.21193651170478256,-0.09984035791254921,-0.12179489028843377,-0.1867465263429656,-0.24328108427287318,-0.1097839982728094,-0.14684425982782623,-0.12780369408298137,-0.14780403920321214,-0.06439802543336698,-0.08780087482729465,294.6,4,PEuk1
-0.19681461423500596,-0.2123007513376269,-0.08767894960846265,-0.09969164092091445,-0.20421749600947894,-0.23708522028917245,-0.11727628157764072,-0.14863485227934034,-0.11439692117307723,-0.1237240389998625,-0.07043560536424254,-0.05899208950409795,295.2,4,PEuk1
-0.2648300875623746,-0.28886847515692077,-0.10638762211684183,-0.12945357864332194,-0.18593392310266266,-0.24234585952061646,-0.11771700412498373,-0.1514998002017629,-0.15480752647481302,-0.19364282195559976,-0.11284004071897318,-0.14417873997816147,295.4,4,PEuk1
-0.22990537244414602,-0.18806515676724567,-0.09788157686674198,-0.11413081418232866,-0.19253632443012408,-0.2328767089040172,-0.11044508209382392,-0.1477395560535833,-0.12638497521055347,-0.1487013520169479,-0.07501784578009987,-0.08638054998804898,295.6,4,PEuk1
-0.053765975326103596,0.021258807232994316,-0.10112050615508462,-0.12326844024626839,-0.17577638259887582,-0.22808368204870155,-0.11037162833593342,-0.14912726520350672,-0.06316888555542705,-0.04437293965936321,0.013333737120205743,0.11216115861008888,295.7,4,PEuk1
-0.23411130933514232,-0.2551854151096391,-0.10529512612672626,-0.1279530899294026,-0.17628425962406516,-0.2196666592783911,-0.1155501182672139,-0.14863485227934034,-0.14028071234983427,-0.15457811903648477,-0.093488183282131,-0.10583817928869765,296.2,4,PEuk1
-0.21924783714082055,-0.22953839196198597,-0.07353305447056617,-0.07282561947761523,-0.16836137803111142,-0.2262132325441881,-0.12208750271946868,-0.1537828055774434,-0.13460342816933768,-0.1598903794032489,-0.08890178475337361,-0.08427058765460312,296.2,4,PEuk1
0.0007848857962734854,0.07028546181384443,-0.0959844897121413,-0.11421971207740826,-0.16866610424622502,-0.2239920737575784,-0.11264869483053902,-0.15015685586312733,0.0004759510594483904,0.05081804784848995,0.07592996871758906,0.20489277166950942,296.5,4,PEuk1
-0.2185320325308957,-0.19432552545675802,-0.07721669389135585,-0.0840294481332536,-0.18837173282357147,-0.23930637907578214,-0.10607458349933897,-0.14165154171843533,-0.12110030762802929,-0.1289057045439703,-0.0821323769520889,-0.059928026103369655,296.6,4,PEuk1
-0.11434269486405714,-0.07757761713932128,-0.09086132616319932,-0.09909898828705044,-0.20249071412383518,-0.24035850692207095,-0.1112898003095647,-0.1477395560535833,-0.0508604756435316,-0.02517128799266137,0.00860180463994653,0.07604549983643762,297.0,4,PEuk1
-0.01222123718144592,0.03881060454068165,-0.06683926727465804,-0.06696644002918689,-0.1751669301686486,-0.23439644912643437,-0.12208750271946868,-0.1516788594469143,0.01083332143540738,0.05955947549403763,0.11273342599594961,0.21814366352235623,297.1,4,PEuk1
0.01544250568447309,0.03509991328107979,-0.08263290342352883,-0.09673915325402827,-0.17912837096512546,-0.2262132325441881,-0.11749664285131223,-0.14823196897774968,-0.017964985591328825,0.014403156008434956,0.13587748239763922,0.1723074000685497,297.1,4,PEuk1
-0.2735413828805449,-0.3391972864251895,-0.09521588665085998,-0.11604885361556129,-0.19101269335455606,-0.23954018526384632,-0.11279560234632002,-0.14738143756328048,-0.16098340964782673,-0.19675603401827915,-0.10513505751517675,-0.1494413308565226,297.3,4,PEuk1
0.5158975326365036,0.8089497782359638,-0.08506210038978582,-0.09125172863956918,-0.15363294430062052,-0.2062228034647008,-0.1133465055304988,-0.15011209105183948,0.0843321120521545,0.18577726522331664,0.04702276783642732,0.17264400884548076,297.4,4,PEuk1
-0.01074752180807124,0.06499488114678019,-0.027679069831315302,0.003335631725127742,-0.16216527832380145,-0.2340457398443381,-0.10754365865714904,-0.1467099653939627,-0.02947852754413905,-0.00196753692197385,0.016622804424146903,0.1311015597900874,297.4,4,PEuk1
-0.2659295260155271,-0.3035336733743166,-0.09872472671323118,-0.12118876827652739,-0.18776228039334428,-0.23357812746820975,-0.11856172234072453,-0.1530218037855499,-0.14742007183689065,-0.17377134523075716,-0.10487309640247347,-0.10008299020019355,297.5,4,PEuk1
-0.20331299726236288,-0.2032994794109608,-0.10645188658684863,-0.1303290882160756,-0.2011702338583429,-0.24702198328190003,-0.12208750271946868,-0.15369327595486768,-0.10578826030710574,-0.0969815895088087,-0.07962087676045747,-0.035626514402981445,297.6,4,PEuk1
-0.21948643867746215,-0.21913935044427965,-0.08739618594043275,-0.09860331517509144,-0.19233317362004834,-0.24328108427287318,-0.11870862985650553,-0.15355898152100414,-0.12451101377974044,-0.13286567658580875,-0.12192551740558687,-0.057465035052654635,297.7,4,PEuk1
-0.1746761344038663,-0.23327640119405116,-0.08806710700730372,-0.10537571845479206,-0.14936677728903003,-0.2287851006128941,-0.11830463418810776,-0.14926155963737028,-0.10914838395232963,-0.11702578841845489,-0.04369062319110785,-0.017441430478535542,297.9,4,PEuk1
-0.25656792454847077,-0.24987662246093262,-0.10698399639850492,-0.1325272907125894,-0.1821756331162615,-0.23568238316078735,-0.11507266884092562,-0.1503806799195666,-0.14152359679494936,-0.16117947668495378,-0.12983009002858578,-0.08564165267283448,298.1,4,PEuk1
0.008349958046263515,0.11934398736256843,-0.10764720572897508,-0.1293081093604644,-0.1668377469555434,-0.21990046546645528,-0.11834136106705301,-0.1496196781276731,-0.057489192684145346,-0.027399825450249188,0.0019820889030636914,0.13649551019115327,298.4,4,PEuk1
-0.16670871446463748,-0.19650185726300304,-0.10710481360211771,-0.13245186219555216,-0.19964660278277488,-0.2308893563054717,-0.11345668616733455,-0.14966444293896095,-0.10224025878064351,-0.1126361172827148,-0.0727184093463711,-0.04469853143978177,298.6,4,PEuk1
-0.15680908992476184,-0.1653821336318635,-0.06689582000826402,-0.061355097136738056,-0.21234352841250842,-0.2515812039491515,-0.11077562400433118,-0.14429266558441864,-0.11249646414362802,-0.12227907047821293,-0.07186599620186043,-0.06046988413452696,298.7,4,PEuk1
-0.27879997360966596,-0.2769168622042154,-0.10256003028323692,-0.12107831937658001,-0.18684810174800345,-0.24152753786239184,-0.11459521941463735,-0.15033591510827873,-0.15306604303718085,-0.17551963075986668,-0.14563507716168356,-0.11908086117137541,298.8,4,PEuk1
-0.09823007344849397,-0.011363404883628185,-0.06432010005039153,-0.06173762747314119,-0.21234352841250842,-0.25263333179544034,-0.12021443189326085,-0.15315609821941345,-0.0739068290754329,-0.057525102121724576,-0.029004168428124064,0.07525734270020881,299.2,4,PEuk1
-0.29666701808877044,-0.35771431875991433,0.030241211696412054,0.11591808115442295,-0.1601337702230441,-0.22340755828741796,-0.11345668616733455,-0.14765002643100758,-0.155732463736294,-0.18884030267081695,-0.129447543641781,-0.17285616577865337,299.6,4,PEuk1
-0.2586451614557037,-0.2594606778001497,-0.10219243751479802,-0.11818240309747174,-0.2063505795152742,-0.253451653453665,-0.11621120208822842,-0.15033591510827873,-0.14688775117338207,-0.16463813311724035,-0.13926900631170389,-0.14064845280546995,299.9,4,PEuk1
0.3067936957698961,0.5154045051312879,-0.04614867851126919,-0.035639360578256715,-0.19284105064523768,-0.20376783849002691,-0.12208750271946868,-0.1513207409566115,-0.04273596162536655,-0.017247131172769718,0.017155042875353563,0.14733267081429938,300.3,4,PEuk1
-0.057087682993075095,0.008842788748412383,-0.07371042440778493,-0.07692300427810236,-0.17638583502910302,-0.22691465110838066,-0.12208750271946868,-0.15136550576789934,-0.0037488925776288347,0.04601131582749241,0.10183501208491323,0.2079222506618889,300.4,4,PEuk1
-0.20745343569232033,-0.24913903720442282,-0.10641589848364483,-0.13939397963858657,-0.21234352841250842,-0.2462036616236754,-0.12205077584052343,-0.1471576135068412,-0.1287792138509496,-0.14381457800787065,-0.08666887812604566,-0.07566653891743864,300.8,4,PEuk1
0.06660616067883979,0.18093235628113824,-0.07089049946388662,-0.07641655566370947,-0.17364329909308057,-0.22936961608305453,-0.12208750271946868,-0.15351421670971627,-0.07016613228616213,-0.07237921001483355,-0.019332397822603035,0.05955987973698507,300.8,4,PEuk1
-0.09970846728337142,-0.10351603199324988,-0.08605948496429133,-0.09366813506036928,-0.178722069344974,-0.22597942635612392,-0.11635810960400943,-0.14988826699540023,-0.06599909722792746,-0.04115440919131577,-0.010700155442095013,0.1273988632438458,300.9,4,PEuk1
-0.12479905632276321,-0.08811324851934424,-0.10387873720777642,-0.1300327618991436,-0.21183565138731908,-0.24328108427287318,-0.11393413559362282,-0.14988826699540023,-0.06638448775354455,-0.04391375141195853,-0.009606571749381327,0.08065950307144375,300.9,4,PEuk1
0.027938676358389827,0.10613574767655003,-0.02957615698591599,-0.006882238457809584,-0.13524779598876635,-0.20446925705421945,-0.1067356673203535,-0.1473366727519926,-0.0005356990702964411,0.048155598560785794,0.11117829177133015,0.23040935895491704,301.0,4,PEuk1
-0.04493304000886106,0.019041498468054308,-0.02004445079450764,0.010409749072977313,-0.20604585330016056,-0.2331105150920814,-0.10739675114136803,-0.14599372841335703,-0.0487914102591249,-0.022201308961282522,0.07875748548962444,0.16596930309804303,301.0,4,PEuk1
-0.13196178088351443,-0.13836921186104406,-0.07844543055788585,-0.08514201875955286,-0.21234352841250842,-0.2557897153343068,-0.12208750271946868,-0.15288750935168635,-0.13537180052978673,-0.16360180000841879,-0.08196605243608682,-0.05017458154253817,301.6,4,PEuk1
-0.15950388375036126,-0.1632649907659557,-0.10616398176121818,-0.13174876066174077,-0.20767105978076647,-0.24737269256399633,-0.1075803855360943,-0.1481872041664618,-0.11205808242073859,-0.13169032318190138,-0.054235597505639804,-0.044402972513695974,301.6,4,PEuk1
-0.2812140597450988,-0.3232253785249645,-0.09440101317117378,-0.11000110287453986,-0.195685161986298,-0.24900933588044558,-0.11551339138826865,-0.15051497435343014,-0.18189566304412344,-0.23173438280911401,-0.1708332413359989,-0.25768978753544775,302.0,4,PEuk1
-0.23559906009302534,-0.20085452087549308,-0.08038621755209116,-0.08213026582928028,-0.1738464499031563,-0.23708522028917245,-0.11066544336749543,-0.14823196897774968,-0.11741260203603086,-0.13027484381375487,-0.06305911307955023,-0.01959244266282666,302.6,4,PEuk1
-0.20902072029575053,-0.21128088036566273,-0.09652174068139813,-0.11494167074047897,-0.19751351927697963,-0.25134739776108733,-0.12208750271946868,-0.1487691467132039,-0.12655599225629607,-0.1418303792507367,-0.07290552442687344,-0.02909958811858664,302.7,4,PEuk1
-0.3188101763814129,-0.37270277965145954,-0.11561857058861837,-0.14577038320384167,-0.20360804357925175,-0.2409430223922314,-0.11981043622486308,-0.15181315388077787,-0.1536465375163916,-0.19210938597344102,-0.15389724749408695,-0.2515815697296745,302.9,4,PEuk1
-0.33301398550384315,-0.38830589492342954,-0.11561857058861837,-0.147817728666281,-0.1838008395968674,-0.22714845729644484,-0.11650501711979043,-0.15185791869206572,-0.17885589527331874,-0.17775238095366924,0.23722316811060745,1.16371055780236,302.9,4,PEuk1
-0.1864565004678582,-0.1488547602915509,-0.0338073296911636,-0.007165095396699228,-0.20299859114902452,-0.2375528326653008,-0.11646829024084518,-0.15172362425820218,-0.12167839341645491,-0.1342643050090964,-0.12377171953320996,-0.05544538239106832,303.2,4,PEuk1
-0.2377184031537832,-0.25940604185522304,-0.07182104898958505,-0.07274749708496953,-0.11513586579126842,-0.1560713761249344,-0.11613774833033792,-0.14787385048744683,-0.1320718941541905,-0.14241173684836828,-0.11010400243073894,-0.06677514122435742,303.4,4,PEuk1
-0.25738197684995395,-0.27846032764839335,-0.10392757820498158,-0.12427056197262028,-0.19964660278277488,-0.2488924327864135,-0.1144115850199111,-0.14912726520350672,-0.13935336639756818,-0.1633743122528238,-0.12062818618077063,-0.07579789844014344,303.8,4,PEuk1
-0.24542382924885656,-0.2471311662283683,-0.0867304060311623,-0.09544609296196133,-0.1962946144165252,-0.24561914615351496,-0.1213896920195089,-0.15369327595486768,-0.1242460577933787,-0.1249794343918496,-0.09520964202275255,-0.02533942178116171,304.0,4,PEuk1
-0.1661192283152876,-0.15098100914827983,-0.061857485559731015,-0.04901445297432416,-0.18979378849410164,-0.2439825028370657,-0.12080206195638488,-0.1497987373728245,-0.08898764208098621,-0.0690216592517003,-0.051661725620507595,0.016982974440291405,304.0,4,PEuk1
-0.02061439711742744,-0.0419959580058384,-0.09400771461473217,-0.11215350948570962,-0.12630916034543394,-0.21148344269614483,-0.11488903444619936,-0.14666520058267482,-0.0502896159274613,-0.03160834892875624,0.10179758906881277,0.1202315592862651,304.0,4,PEuk1
0.0391997331955735,0.18036323185481892,-0.09166077617008389,-0.11082004105951558,-0.15556287699634,-0.228668197518862,-0.1091596413307401,-0.14505366737631215,0.05753060968627178,0.09457995164701972,-0.07870609192244603,-0.0644435096963472,304.1,4,PEuk1
0.06445406838756249,0.09133395959683757,-0.06190632655693618,-0.05825444631138586,-0.21234352841250842,-0.24000779763997468,-0.11330977865155355,-0.14953014850509738,-0.031114028587226526,0.009891315522467938,0.05960937558488483,0.18533662272683216,304.2,4,PEuk1
-0.09086149658162056,-0.04773273222313698,-0.0650475738508685,-0.0576860385579981,-0.20604585330016056,-0.24713888637593215,-0.11650501711979043,-0.1502911502969909,-0.026766341720108857,0.02332994404743039,-0.013253236762726961,0.20084525637616774,304.4,4,PEuk1
0.05240235155640953,0.14533703816142368,-0.08202367624786439,-0.09356576778724732,-0.09258612587286164,-0.19324656002713886,-0.10489932337309092,-0.14277066200063165,-0.12759413798467706,-0.15171345841047396,-0.09462750621674526,-0.11485272653431462,304.5,4,PEuk1
-0.15652838223459523,-0.13520032705529816,-0.09716181480266584,-0.11730150577350114,-0.184105565811981,-0.24222895642658437,-0.10849855750972558,-0.14724714312941692,-0.1547256309881194,-0.1925306595949132,-0.10030333032531628,-0.1110433003758754,304.7,4,PEuk1
-0.23322240164961475,-0.22602347950503796,-0.10426175344901693,-0.1254666427427822,-0.19913872575758554,-0.23533167387869108,-0.11077562400433118,-0.14751573199714402,-0.1607232710430352,-0.19346588703458145,-0.1389737802958002,-0.10945056616307969,304.9,4,PEuk1
-0.28915340891531094,-0.29258827240734375,-0.09957044713852065,-0.11245791742946705,-0.19385680469561636,-0.24491772758932243,-0.11613774833033792,-0.1480081449213104,-0.16067509722733306,-0.19149432648609166,-0.14752701853120723,-0.1481852054206579,305.1,4,PEuk1
-0.04269205694903099,-0.003058741254776901,-0.07745575771978115,-0.08267442870219179,-0.20909311545129664,-0.2452684368714187,-0.11198761100952448,-0.14702331907297764,0.017828159475357357,0.07188594165831354,-0.04561167135093189,-0.03580713374670055,305.6,4,PEuk1
-0.22569475709164694,-0.23868535974178984,-0.09792013554874607,-0.11540771122074477,-0.18136302987595856,-0.23673451100707615,-0.11011454018331665,-0.1494406188825217,-0.1429664025752283,-0.16732164608601813,-0.14351859769555708,-0.11385932014385956,306.1,4,PEuk1
-0.2083236295318368,-0.2107117559393434,-0.10878854271629583,-0.13192655645189996,-0.12732491439581262,-0.16413768961314856,-0.11037162833593342,-0.1454565506779028,-0.12312119919673385,-0.14111000135801927,-0.07900131793834972,-0.09291568624261284,306.3,4,PEuk1
-0.12256275172443593,-0.05404773685757598,-0.07765112170860182,-0.08447124373304314,-0.1723228188275883,-0.2228230428172575,-0.12208750271946868,-0.15078356322115727,-0.10675655400271865,-0.11232016206661066,-0.078943104357749,-0.003328491757938469,306.3,4,PEuk1
0.5568060000167837,0.914023806320739,-0.08513407659619343,-0.09941686560885023,-0.13230210924266816,-0.21709479120968514,-0.112207972283196,-0.146307082092372,0.048700349268070466,0.12423340186244627,0.057596848941259646,0.15957373633635302,306.4,4,PEuk1
-0.30441455033736875,-0.3280105767014572,-0.10905845349032438,-0.1325461478418487,-0.18319138716664018,-0.22691465110838066,-0.11650501711979043,-0.15154456501305077,-0.1723741083705965,-0.21177865135997698,-0.1583048471681421,-0.19496561544390523,306.4,4,PEuk1
-0.2128336664205136,-0.23996475145215562,-0.08417268012489172,-0.09316438032158486,-0.1963961898215631,-0.24328108427287318,-0.12135296514056365,-0.15127597614532365,-0.14444293002649872,-0.17848960979124553,-0.09636559740896701,-0.0993851427358243,306.6,4,PEuk1
-0.27453321671913355,-0.29946329547728096,-0.10663182710286767,-0.13001390476988428,-0.17090076315705813,-0.23579928625481944,-0.11959007495119157,-0.15176838906949003,-0.16505650576544223,-0.2059777135923051,-0.11751791773153171,-0.16811080302094245,306.8,4,PEuk1
-0.23766694007725267,-0.23998296343379785,-0.10078118975344873,-0.12239023679790625,-0.1950757095560708,-0.24480082449529034,-0.11518284947776138,-0.14518796181017568,-0.14306275020663256,-0.1765517511324735,-0.09101410610660005,-0.11011557374677274,306.8,4,PEuk1
-0.02406710170647669,0.004267028360805179,-0.10397641920218675,-0.12385570512891546,-0.1947709833409572,-0.2297203253651508,-0.12208750271946868,-0.15257415567267138,-0.13308354428393535,-0.16355967264627158,-0.04724996783355239,-0.0809865995869831,306.9,4,PEuk1
-0.2149857587117909,-0.24364812473929418,-0.11147736814138028,-0.13576263531836524,-0.21061674652686466,-0.23907257288771797,-0.11889226425123178,-0.1521712723710807,-0.12367038069573819,-0.1389909950420142,-0.09330522631452871,-0.11157694843686365,307.3,4,PEuk1
-0.24350566003271806,-0.25737995889752635,-0.10990931507321439,-0.13873128623890227,-0.1889811852537987,-0.2408261192981993,-0.1216100532931804,-0.15257415567267138,-0.13159256468795427,-0.14231063117921497,-0.11418726929859004,-0.07517394070729563,307.5,4,PEuk1
-0.21711445869555435,-0.21394893567624762,-0.10944661088916544,-0.13259194372719274,-0.1950757095560708,-0.24491772758932243,-0.12208750271946868,-0.1502911502969909,-0.15876741412552853,-0.19580816836996676,-0.11812916032783936,-0.15090270554661347,307.6,4,PEuk1
-0.09595166269664168,-0.07790087981347064,-0.10232096645481162,-0.12599464236204286,-0.18918433606387444,-0.2419951502385202,-0.1214631457773994,-0.15181315388077787,-0.12433517935242765,-0.149168965736782,-0.07686404790772297,-0.05010890178118577,307.9,4,PEuk1
-0.0834040289461944,-0.06771582908006038,-0.0931157237710378,-0.10858143042887469,-0.17760473988955744,-0.23275980580998512,-0.12208750271946868,-0.1532008630307013,-0.03949627251939799,-0.0057421485703645575,0.07419187752536731,0.1261345278378121,308.2,4,PEuk1
-0.12712893015114604,-0.16937511060691973,-0.0882521886809233,-0.11041595971824467,-0.1335210141031226,-0.21908214380823066,-0.1155501182672139,-0.1481872041664618,-0.10174647716969662,-0.10795576734815891,-0.026875214623297422,0.0049307382321259014,308.3,4,PEuk1
0.06957698373310303,0.14386186764840406,-0.05611224194112323,-0.05127192073422437,-0.17303384666285337,-0.21160034579017692,-0.11914935240384855,-0.15078356322115727,-0.07569166894719699,-0.06437501120686218,-0.03540350418130415,0.10055226079105208,308.5,4,PEuk1
-0.27631103209018876,-0.2847206963379057,-0.11014837890163968,-0.135636023164767,-0.17821419231978464,-0.2375528326653008,-0.1159908408145569,-0.1519026835033536,-0.1244989703258149,-0.13827061714929678,-0.1048190409347728,-0.09780882846336668,308.6,4,PEuk1
-0.16538938832085442,-0.08584130380947758,-0.09001817631671012,-0.10439245385769949,-0.17669056124421662,-0.2230568490053217,-0.11264869483053902,-0.14836626341161321,-0.10707450118635274,-0.11186518655542071,-0.04955772049308127,-0.014223122172267913,308.8,4,PEuk1
0.0013930857916344649,0.14279646672233431,-0.058094158196132895,-0.052761633945709825,-0.1943646817208057,-0.24234585952061646,-0.12208750271946868,-0.15346945189842842,-0.0006609509911219917,0.03951948932060616,0.10071232160189918,0.2532412859950453,309.2,4,PEuk1
-0.0805220966604839,-0.05360154330734165,-0.07050491264384583,-0.07084023315417078,-0.19162214578478326,-0.22738226348450902,-0.11639483648295468,-0.15163409463562647,-0.040700617911951356,-0.009470420120393326,0.04125546524405515,0.11995242030051739,309.6,4,PEuk1
-0.2519222122762135,-0.27155343361058226,-0.10562673079196135,-0.12902525242157475,-0.1674471993857706,-0.22738226348450902,-0.12124278450372789,-0.15405139444517052,-0.12298872120355298,-0.1440757676531834,-0.06032723290421604,-0.07544486972287429,309.7,4,PEuk1
-0.2604744399032894,-0.2578307054431712,-0.10745184174015442,-0.13523732957471304,-0.21010886950167532,-0.25052907610286274,-0.11338323240944405,-0.14729190794070476,-0.14183431790622814,-0.16911205897727488,-0.11775908827973473,-0.13440066550682284,309.7,4,PEuk1
-0.34494874079742666,-0.41378445724089213,-0.1139117062652378,-0.1425485079761082,-0.19324735226538917,-0.2429303749907769,-0.11602756769350216,-0.15203697793721713,-0.183193947377296,-0.21626942816487038,-0.18380239547126118,-0.2715974770018186,310.3,4,PEuk1
-0.18646585739086374,-0.28977907423903165,-0.10332092160811741,-0.1327966782734367,-0.20035763061803996,-0.23918947598175005,-0.11011454018331665,-0.14585943397949347,-0.13651351996192734,-0.16363971463435129,-0.06010685292051328,-0.10063305820151991,310.5,4,PEuk1
-0.17537322516778003,-0.15703649304431722,-0.08112654424656948,-0.09202217706359239,-0.19101269335455606,-0.24678817709383585,-0.12208750271946868,-0.15024638548570304,-0.08836138247685846,-0.08430546623871088,-0.02461735931856917,-0.0012595792753378515,311.2,4,PEuk1
-0.17789023745627394,-0.17160607835809139,-0.09979665807294458,-0.12048836061832446,-0.17638583502910302,-0.21651027573952467,-0.11709264718291446,-0.1497987373728245,-0.11276864620234507,-0.11769982621281037,-0.06115053925842634,-0.033943470518326184,311.6,4,PEuk1
-0.18342485741405887,-0.20432390337833553,-0.09947533572291059,-0.12078738081086494,-0.21031202031175106,-0.23802044504142916,-0.11738646221447648,-0.15055973916471801,-0.0790879229541975,-0.05336713147779419,-0.060984214742424256,0.09507621068829568,311.9,4,PEuk1
0.48492143902661866,0.758693814894264,-0.07700590642973355,-0.08653205857352483,-0.1962946144165252,-0.21709479120968514,-0.1019611730574708,-0.14362119341510085,-0.11165583105962576,-0.11545443781036367,-0.03472573177859566,-0.05427956662706321,312.2,4,PEuk1
-0.10318456417993456,-0.09125936834803734,-0.04392512784903396,-0.028893896054640825,-0.17760473988955744,-0.22036807784258364,-0.12208750271946868,-0.15279797972911063,-0.06559684586681465,-0.05222547996360459,0.021649962920309813,0.09473139194119558,312.4,4,PEuk1
-0.12718039322767657,-0.12649044683490754,-0.10725390717253348,-0.13274010688565877,-0.1575943850970974,-0.2162764695514605,-0.12208750271946868,-0.1502911502969909,-0.10108408720379226,-0.09801370988141553,-0.03910838277525051,0.020455791821799584,313.0,4,PEuk1
-0.001732126492220414,0.07986496415765096,-0.03416978130200195,-0.021914064353087803,-0.17719843826940596,-0.235214770784659,-0.10522986528359819,-0.14644137652623557,0.01746444716680624,0.07335197386103672,0.1477738434046881,0.23935822643918162,313.2,4,PEuk1
-0.26206043835273074,-0.2978105581432497,-0.11461347427771204,-0.14344556855372967,-0.1738464499031563,-0.23042174392934334,-0.10938000260441162,-0.14362119341510085,-0.16893208923867897,-0.20509303898721354,-0.12261160603409545,-0.16056584043558542,313.8,4,PEuk1
0.03317387477999703,0.0953178305810727,-0.0748029203979005,-0.08301385702885936,-0.18552762148251117,-0.2341626429383702,-0.1166886515145167,-0.14765002643100758,-0.007357111373718733,0.01301295305757677,0.09672053321784924,0.20315225799367082,314.0,4,PEuk1
-0.13187289011496167,-0.11942419795772706,-0.10461906390225474,-0.12797733480987886,-0.15861013914747607,-0.22457658922773885,-0.12208750271946868,-0.15270845010653494,-0.09203463592414624,-0.09149239422102623,-0.02903743333132448,0.014799122375324086,314.3,4,PEuk1
-0.11091338258252177,-0.05595999493000884,-0.10251118928603174,-0.12594615260109035,-0.10944764310914779,-0.17769844852087097,-0.10743347802031328,-0.14474031369729717,-0.0758000600325268,-0.07395477335913948,-0.015016276632349022,0.025439243714412977,314.8,4,PEuk1
-0.07659218899815143,0.022542751938770665,-0.08642193657512967,-0.09751768330487691,-0.17577638259887582,-0.2287851006128941,-0.12208750271946868,-0.15351421670971627,-0.11639854321550093,-0.11758608233501289,-0.07735054711702906,-0.04069206599728534,315.5,4,PEuk1
-0.2942903596453599,-0.3544498210505468,-0.1039352899413824,-0.12758133509543335,-0.1619621275137257,-0.2285512944248299,-0.11801081915654575,-0.15257415567267138,-0.1647963671606507,-0.2003452852732221,-0.1508244020609485,-0.14160080934507976,315.8,4,PEuk1
-0.21866302945297345,-0.19449853928235908,-0.0920437924113244,-0.10458910677711801,-0.18776228039334428,-0.23895566979368588,-0.11959007495119157,-0.15270845010653494,-0.11800032258759692,-0.12479407399840184,-0.10201231472723768,-0.06578173483390236,316.6,4,PEuk1
0.5175116018549616,0.8928250596891976,-0.0018473234673825746,0.048872905010751935,-0.1598290440079305,-0.20821015606324633,-0.11962680183013683,-0.14908250039221888,0.08815229563733379,0.2297919331947297,0.3606900144518525,0.633921182793559,20.8,5,PEuk2
6.40476591695017,6.209922372024516,8.03707491762585,11.075541525133518,0.057237596557994166,-0.026659651031411293,-0.07243276238548849,-0.125043796730642,0.5493659984787876,0.891431644870287,0.7042249860283515,1.1668467664069373,20.8,5,PEuk2
3.3303383327079334,4.6395487249701866,1.804680910578529,2.9366159655229045,0.029913812602807583,-0.029932937664309798,-0.10420151267313114,-0.1462175524697963,0.6283590127763632,1.0193092526681664,0.4202217168418975,0.8306484879843368,20.9,5,PEuk2
0.843581654752491,1.2805308308795496,-0.07988238410723786,-0.09834200924106959,-0.16622829452531618,-0.22481039541580303,-0.12208750271946868,-0.1504702095421423,0.37782626683584075,0.5896564988649076,0.18697237371347863,0.4204044886070738,24.0,5,PEuk2
1.7379163556232975,2.3711507985283475,1.4238239555302383,2.1840548755399434,-0.09827434855498227,-0.19090849814649707,-0.11452176565674685,-0.14241254351032884,0.47510847026473185,0.7093613984062267,0.4548879040896313,0.6341264320477853,24.7,5,PEuk2
0.6532337700505155,0.9621398618194782,-0.05621763567193438,-0.05250840963851338,-0.138599784355016,-0.23065555011740752,-0.10398115139945963,-0.14590419879078134,0.10878032352098793,0.18091998036774243,0.07896539113462704,0.1395988789150542,25.7,5,PEuk2
0.9708124153205051,1.4837765460066994,-0.003615881681969669,0.032510304564888154,-0.15028095593437085,-0.21148344269614483,-0.10882909942023285,-0.14823196897774968,0.22408194271326254,0.39645620332155246,0.3510515087495319,0.6281742036752239,28.2,5,PEuk2
1.806811379713188,2.1831211940632707,0.12708776799665739,0.20391083402957844,-0.16531411587997538,-0.17232090619539484,-0.10456878146258365,-0.14657567096009913,0.5169064814586891,0.7637351847296406,0.3380407734852691,0.5696945861610803,28.8,5,PEuk2
5.349258217308705,4.739395914323645,4.260868954238368,5.117173576801211,0.06312897005019052,-0.055885424539433674,-0.1031731600626641,-0.13404152379950038,0.46016977001549986,0.6910444213446164,0.391813489508742,0.6140530549844578,29.2,5,PEuk2
1.120831961868545,1.3365599924018323,1.333452687227878,2.1264517334039694,-0.157899111312211,-0.18868733935988738,-0.11290578298315578,-0.1462175524697963,0.620186324942496,0.9577064110002899,0.31982408087014114,0.6745359052198497,29.9,5,PEuk2
1.3746525337786928,1.9693717185239716,0.027223352184892795,0.07760039449950587,-0.157899111312211,-0.21347079529469035,-0.11588066017772115,-0.14930632444865813,0.41261498784513745,0.6222420134857805,0.40503628853090745,0.6556940236818798,32.2,5,PEuk2
0.23627992400004472,0.3905522649830642,-0.10230811356081027,-0.12245758368811809,-0.16389206020944522,-0.22948651917708662,-0.09957392592602944,-0.14241254351032884,0.04115873841990126,0.0921197136976222,0.14131213595800723,0.2951367637677078,34.7,5,PEuk2
3.4704348624085837,3.6416687208389718,4.932175607929385,6.509961143893818,-0.06292610760180409,-0.15525305446670976,-0.09685613688408082,-0.14133818803942036,0.4571829934419675,0.6627390467179008,0.47866815176502886,0.6635755950441679,35.6,5,PEuk2
0.22002694873939824,0.3385616103899432,-0.07310890896852129,-0.07595320905905215,-0.21234352841250842,-0.24246276261464855,-0.10963709075702838,-0.14769479124229543,0.13132326057880192,0.22610157627063343,0.05500218649162718,0.11032212529222166,36.8,5,PEuk2
0.1762646198424244,0.2926173337020384,-0.024417005333770208,-0.007876278557336048,-0.15038253133940874,-0.22831748823676573,-0.12208750271946868,-0.15042544473085445,0.14197449123054393,0.2663247816487969,0.09157694756048486,0.13248904474865686,36.8,5,PEuk2
0.2241627087078529,0.3798163018049769,-0.09698958602304762,-0.11574444567180386,-0.1356540976089178,-0.22060188403064782,-0.10570731470988645,-0.14474031369729717,0.1849840738894099,0.3297096107355007,0.051588375800684455,0.14752150012818752,36.9,5,PEuk2
1.955193464735256,2.5663604767558685,0.34039696742202324,0.556073110698402,-0.11787840172729086,-0.2063397065587329,-0.10107972796278475,-0.14012953813464835,0.5293280998374846,0.8097719660841202,0.4273653548041869,0.6377223989818293,37.4,5,PEuk2
0.46259114227386516,0.7781760822560264,-0.08437832642891348,-0.09923368206747409,-0.1742527515233078,-0.20026074566906424,-0.12208750271946868,-0.15212650755979285,0.13142201690099128,0.23622478139460987,0.1522729215625444,0.32116236920359653,39.6,5,PEuk2
0.8470483947260486,1.2889037894395592,-0.08623685490151009,-0.09706780607826195,-0.17151021558728535,-0.23696831719514036,-0.1043116933099669,-0.14585943397949347,0.1835436767999161,0.3358475674003503,0.16782010569583897,0.3550695460017733,47.0,5,PEuk2
0.477641752928298,0.7026327824041073,-0.06413501837677195,-0.05831909932598921,-0.13402889112831193,-0.21884833762016648,-0.12120605762478263,-0.15060450397600586,0.6713710041260142,0.9752777337518944,0.37696902645555624,0.6894698409573518,48.5,5,PEuk2
0.7242574941241696,1.0958067010825352,0.022827662436427778,0.07382896864764395,-0.16836137803111142,-0.23124006558756796,-0.12135296514056365,-0.14854532265676465,0.24163648115512049,0.4136568052862615,0.07504013255697793,0.2278150083814972,49.4,5,PEuk2
0.25938684536225914,0.44418655091939546,-0.09170447600968851,-0.11165783637375062,-0.1729322712578155,-0.22340755828741796,-0.11510939571987087,-0.1496196781276731,0.15587986313296515,0.22292517316473323,0.076645164136398,0.15485300348914924,51.3,5,PEuk2
0.5999554504568938,0.8863324882337469,0.03029005269361722,0.09072226258837687,-0.17973782339535269,-0.2086777684393747,-0.09366089841584392,-0.14500890256502427,0.2631460898661237,0.3924793803348551,0.1550297504152789,0.25192769076799726,51.4,5,PEuk2
0.5475520031642912,0.8649288568087306,-0.06266978846061695,-0.0721359873218462,-0.19284105064523768,-0.23439644912643437,-0.11764355036709323,-0.14787385048744683,0.34798981408072355,0.4776946084862471,0.13460094173732326,0.20857083830524384,51.8,5,PEuk2
0.9570998446558664,1.3300264439876868,0.3535994601402199,0.6099910310019852,-0.16653302074042978,-0.21721169430371723,-0.10522986528359819,-0.14836626341161321,0.4724348234932634,0.6728875282591656,0.2632280061875329,0.5051313807516705,52.3,5,PEuk2
0.8691026622501383,1.109584065194873,-0.05951825885148355,-0.06822717381395216,-0.12854381925626704,-0.189505661018112,-0.10816801559921832,-0.147829085676159,0.6528867110411052,0.9408975935035501,0.39830430374572323,0.7705432963767213,52.5,5,PEuk2
0.6579075530917895,0.982619235176152,-0.0830210608223699,-0.09152919782724188,-0.1919268719998969,-0.22492729850983512,-0.11947989431435581,-0.15051497435343014,0.46029261324554027,0.729026451056548,0.31955380353163776,0.6250790449214921,53.6,5,PEuk2
1.7617671523644534,2.4671324947782454,0.03080673903247188,0.06354105769888632,-0.032656636900519315,-0.11866238603466575,-0.1102247208201524,-0.1454565506779028,0.6230117192334262,0.8634085235699578,0.26550249394386133,0.47590388694985225,53.8,5,PEuk2
1.6022783997347934,2.088701175239193,0.2874867439760259,0.4266162244576332,-0.09471920937865687,-0.19207752908681797,-0.1031731600626641,-0.14406884152797939,0.6765593240771341,1.045794725250122,0.642493641914179,1.1075297319355504,54.6,5,PEuk2
0.547767212393419,0.8577943130003918,-0.043544682186593714,-0.03566360545873297,-0.17140864018224747,-0.22247233353516124,-0.12208750271946868,-0.14966444293896095,0.13801942096139866,0.2369451592873273,0.12037603750624525,0.24797048514651515,55.6,5,PEuk2
0.7281546525559827,1.0696770604213632,-0.06903197099129,-0.07117696760522987,-0.16846295343614928,-0.22001736856048737,-0.09759067446298585,-0.1427258971893438,0.18260428739372445,0.3401866857015137,0.18424880976394453,0.3797569263001069,56.9,5,PEuk2
0.7143859403533107,1.094663899234486,-0.042416198093274335,-0.032193893675020006,-0.1334194386980847,-0.20037764876309633,-0.11389740871467757,-0.14939585407123385,0.12557612436553722,0.2357655931472052,0.13910833612097967,0.25808516839478485,57.0,5,PEuk2
0.4449439854853912,0.6414951600311823,-0.09418765513075121,-0.11548044586217353,-0.21234352841250842,-0.23205838724579259,-0.12208750271946868,-0.15073879840986942,0.32294665598796873,0.45908695262582105,0.23768887675541328,0.36063590577638927,59.0,5,PEuk2
2.098883052870039,2.097602281266827,1.5128919403808607,1.9327593832791667,-0.025749509357944268,-0.11632432415402395,-0.09329362962639141,-0.14294972124578306,0.4156089904910251,0.63988916548925,0.425535785128164,0.602936755375564,62.7,5,PEuk2
1.3163495465310886,1.7250716437798526,0.0411481775459659,0.09884160367231389,-0.13524779598876635,-0.21043131484985603,-0.1097839982728094,-0.14975397256153666,0.5099501824713009,0.7851106082831389,0.40036672774414905,0.7522761127505848,63.5,5,PEuk2
2.266156765440319,2.768936901557667,0.3970011126040114,0.5548420095453299,-0.06343398462699343,-0.13222314494238813,-0.10449532770469315,-0.14290495643449522,0.5320980942403574,0.6642219298654829,0.5493934940820139,0.6984351283819544,64.2,5,PEuk2
0.9954304797481165,1.4127862415653347,-0.06187547961133292,-0.06200701503398847,-0.15678178185679442,-0.2298372284591829,-0.12208750271946868,-0.15212650755979285,0.2643745221665281,0.44751035350776563,0.2888253492002532,0.43584744249505697,65.6,5,PEuk2
1.0896266236450238,1.402391753043039,0.0186941717255905,0.04323731723782684,-0.1693771320814901,-0.18669998676134186,-0.09153073943701934,-0.14330783973608588,0.6465976194011914,0.8830693634840643,0.568337856454651,0.7674645575633274,68.5,5,PEuk2
0.6762658360286856,0.9634875484610023,-0.07803413794984233,-0.08701965005865842,-0.15891486536258967,-0.2119510550722732,-0.106515306046682,-0.14496413775373643,0.05990076141881682,0.14231867843224685,0.36399987232029396,0.6067461815340033,69.2,5,PEuk2
0.17511839677424407,0.2927903475276395,-0.044560060812701134,-0.03128066984374772,-0.17211966801751255,-0.23895566979368588,-0.11382395495678707,-0.1477395560535833,0.3086366240336496,0.49198420972658335,0.12394785648738994,0.22825834677062593,69.7,5,PEuk2
1.7011062205194498,2.3350273329410087,0.11650469507593782,0.21065629855319434,-0.13006745033183506,-0.1684631040923359,-0.1041647857941859,-0.13833894568313423,0.5762975701470661,0.8877412879461907,0.41279948531530464,0.7999349895819204,72.9,5,PEuk2
1.183977156771523,1.670144307146924,-0.07765369228740208,-0.08454667225008038,-0.11472956417111693,-0.1983902961645508,-0.11808427291443625,-0.14760526161971974,0.2816255655694626,0.4045193804365299,0.3776634313098649,0.5518379010433964,73.4,5,PEuk2
0.27329591141001447,0.4764763943710475,0.008812866817345161,0.05968612170316175,-0.19751351927697963,-0.2296034222711187,-0.12208750271946868,-0.15055973916471801,0.15181640177849007,0.2540151664293799,0.038723174487923465,0.1317911972842876,73.6,5,PEuk2
1.3171823126785829,1.8276460773842333,0.6856436943501467,1.0909879086460204,-0.10071215827589111,-0.1926620445569784,-0.11543993763037813,-0.14380025266025226,0.4321374266584276,0.7077310694911294,0.47396116796216997,0.8388174083025416,73.6,5,PEuk2
0.9081537804138159,1.383537799047933,-0.06442035262360214,-0.07106113095406555,-0.1723228188275883,-0.20996370247372767,-0.12194059520368768,-0.152081742748505,0.18817799787046147,0.3202225287799473,0.23181762134053982,0.45552674099026996,76.8,5,PEuk2
0.31986063874715165,0.5371905881707908,0.01249393565933458,0.07476104960817553,-0.20005290440292633,-0.2418782471444881,-0.12208750271946868,-0.1516788594469143,0.23444413047079174,0.3991355035541155,0.07466590239597325,0.22859495554755696,78.1,5,PEuk2
1.1698903091866621,1.632131348464205,-0.04127743168475386,-0.03976907188604552,-0.0920782488476723,-0.1392373305843135,-0.11742318909342173,-0.1467099653939627,0.4536470353694308,0.597917674581977,0.46491311429165677,0.7529247003939398,80.5,5,PEuk2
0.4028050827298809,0.7836669947211551,0.018971794236019867,0.05552677776367975,-0.20025605521300208,-0.24456701830722616,-0.11055526273065967,-0.14966444293896095,0.1567855308681653,0.25808466961280113,0.08206318524516582,0.22192024980011926,80.6,5,PEuk2
0.5455449431796,0.8364817414835864,-0.08800541311609719,-0.0996081307770518,-0.1876607049883064,-0.23568238316078735,-0.12208750271946868,-0.15212650755979285,0.41544519951763786,0.6613951838654046,0.21523090898223224,0.41851619546819224,80.7,5,PEuk2
1.604781376638779,2.254585010027333,-0.05142093563062694,-0.0629848918798641,0.006348318634022127,-0.05483329669314487,-0.09652559497357355,-0.14294972124578306,0.6298162707013527,0.9260982511812325,0.6091871575847622,0.8643914653791326,81.6,5,PEuk2
2.578406643058646,2.935116681047493,1.5576842759755993,2.252134499917268,-0.0843585180647943,-0.14858957810688067,-0.11720282781975021,-0.14406884152797939,0.19671680670366484,0.3237148871019516,0.25992646454489154,0.4634657821437414,82.1,5,PEuk2
1.1624000923207165,1.6195241041723798,0.05784922801133269,0.1308879479107063,-0.16450151263967241,-0.19125920742859334,-0.12069188131954912,-0.14926155963737028,0.6720454375458441,0.9863530172603979,0.47922533889363583,0.8854089890119008,82.1,5,PEuk2
1.368233684596883,1.7467029249753967,0.26473712159361923,0.4068512591182683,-0.1870512525580792,-0.22679774801434857,-0.10904946069390435,-0.14921679482608244,0.31739221503751264,0.5254375480076889,0.19839470984992155,0.4355436735988021,82.3,5,PEuk2
0.29498993739839036,0.47715934368263063,-0.08335009490880471,-0.09514976664502932,-0.1488589002638407,-0.2186145314321023,-0.09946374528919369,-0.1434868989812373,0.06184216619161285,0.12390480843769798,0.2068606277144275,0.32375671977701637,83.4,5,PEuk2
0.444550994719158,0.7065711234342369,-0.07719869983975396,-0.09360348204576593,-0.20828051221099367,-0.24667127399980376,-0.10636839853090099,-0.1488586763357796,0.29287656022669617,0.4576883242025334,-0.004421404963016441,0.1443360317025961,83.6,5,PEuk2
1.162765012317933,1.689640233494918,0.01692047235340286,0.05562645116119325,-0.1668377469555434,-0.1727885185715232,-0.1090861875728496,-0.14899297076964316,0.5055061479727789,0.734507220871901,0.4471621303213346,0.6823107469699401,85.0,5,PEuk2
0.9179879064926527,1.4006980387503127,-0.08182060052264291,-0.08465981502563624,-0.2017796862885701,-0.23556548006675526,-0.12208750271946868,-0.14970920775024882,0.17121358867095468,0.2777918496252696,0.24557265881391194,0.38068465292920955,85.2,5,PEuk2
1.3332387925561129,1.8408770820473046,-0.04946215458481972,-0.03818776690387198,-0.2091946908563345,-0.23427954603240228,-0.11834136106705301,-0.1440240767166915,0.4721915457239676,0.7107010485225083,0.4953130777039372,0.7442303419849158,87.1,5,PEuk2
0.38243973980829365,0.6931944229180279,-0.07108072229510673,-0.07658357595143478,-0.14388170541698514,-0.22247233353516124,-0.12208750271946868,-0.1512312113340358,0.43858790058094344,0.6696226576927563,0.2090103720837544,0.4685313337380453,90.6,5,PEuk2
1.64604540709327,2.1160373596841615,0.02342917787569141,0.06767076900667512,-0.13748245489959945,-0.17454206498200453,-0.1159908408145569,-0.14975397256153666,0.543440619147425,0.8351115744156716,0.8684746036933069,1.4980123331159099,90.8,5,PEuk2
0.6794659036965849,1.0403557699773929,-0.05786537668290869,-0.05155477767311401,-0.14733526918827267,-0.1985071992585829,-0.10247534936270432,-0.13874182898472492,0.16588315596351344,0.3110008492059213,0.15700901215570368,0.407490205531158,91.2,5,PEuk2
0.10933922804520275,0.17842365580992273,-0.10419491840020986,-0.13254884171745718,-0.21234352841250842,-0.2442163090251299,-0.09667250248935456,-0.14559084511176637,0.10826727238376019,0.18514114205489365,0.11287480183455138,0.14836712705559968,93.7,5,PEuk2
0.5943927597300922,0.8821437324560368,-0.053071247220401525,-0.05135273700247855,-0.17567480719383793,-0.22913580989499036,-0.1155501182672139,-0.15024638548570304,0.25449407256602025,0.41119235460064923,0.21698147451315417,0.47034573714540534,93.7,5,PEuk2
3.2709405854686797,3.993733643955504,1.1981245662875617,1.7102668090241813,-0.10833031365373123,-0.14508248528591797,-0.11981043622486308,-0.14657567096009913,0.6423270106391972,0.9990754806288578,0.4281346056906965,0.8722730367414206,101.2,5,PEuk2
3.85371782102357,3.9509536990779344,2.0830411771235764,2.5811590789849186,0.12874668170465348,-0.021515914893999354,-0.10115318172067526,-0.12696868361601968,0.5285717709309611,0.7771021967389529,0.3760292929401445,0.5634714287729403,102.1,5,PEuk2
1.4194768734367968,1.8657683079568057,0.19296142033242614,0.3561525201668102,-0.10833031365373123,-0.19219443218085006,-0.1080211080834373,-0.14899297076964316,0.7303237110915017,1.0392691968535182,0.43881263961803013,0.8397533449018133,103.3,5,PEuk2
0.8952786543581742,1.3605633842062754,0.0941997828259782,0.18555745950905325,-0.12488710467490377,-0.20423545086615527,-0.11786391164076475,-0.14805290973259827,0.11608588267221667,0.2372021361964253,0.1079058569189892,0.2529293071286214,103.5,5,PEuk2
1.7955456444145015,2.066965175149206,0.6025291700009541,0.8729994944084014,-0.1200114852330861,-0.1473036440725277,-0.09953719904708419,-0.14089053992654185,0.444987791996972,0.6704567794632712,0.2770537315802059,0.5116829369465724,104.1,5,PEuk2
0.23643431322963634,0.5158006157320061,-0.10137242287751128,-0.12341929728034287,-0.19162214578478326,-0.23275980580998512,-0.11540321075143288,-0.1469785542616898,0.11533196245647827,0.19994469711342597,0.09066632083537347,0.16898236215008441,104.6,5,PEuk2
1.2699064591930238,1.7881306302160316,-0.08197997640825976,-0.09549458272291383,-0.2063505795152742,-0.21358769838872244,-0.10747020489925854,-0.14626231728108416,0.2643672960941728,0.4517904935019229,0.3298742397495669,0.5962538396579573,105.0,5,PEuk2
0.9924456213093449,1.4603058546652914,0.058533001972205026,0.13619757673500618,-0.1809567282558071,-0.21312008601259408,-0.1100778133043714,-0.14805290973259827,0.23856299171332426,0.4023666722308071,0.2625128107687239,0.41473960919042924,106.8,5,PEuk2
0.6794144406200543,1.0368772814837293,-0.008813592016119531,0.030137000153823618,-0.1402249908356219,-0.20785944678115006,-0.1098574520306999,-0.14854532265676465,0.39342494836019204,0.613361565545147,0.1812092292340065,0.3534439719083014,107.0,5,PEuk2
0.07185539448495532,0.24286675285091017,-0.10836439721425095,-0.13262696411010289,-0.21234352841250842,-0.22422587994564258,-0.112061064767415,-0.14657567096009913,0.1441447216279251,0.26795932330010896,0.01258943491109643,0.11260449699921758,107.1,5,PEuk2
0.5167022280149812,0.8087676584195416,-0.050516091892931214,-0.04724457669955753,-0.15119513457971168,-0.1848295372568284,-0.1201777050143156,-0.14778432086487114,0.10421344579242554,0.20720324161139156,0.37477770095722884,0.597854783840922,107.9,5,PEuk2
1.794469598268863,2.3432955726065754,0.02868344094344726,0.0785082305795612,-0.11015867094441287,-0.16858000718636798,-0.12208750271946868,-0.14827673378903752,0.3923675331055302,0.6200808798076283,0.7225040503369802,1.2343080912860216,109.0,5,PEuk2
0.3464670493134431,0.5693210767830734,-0.040179794537037745,-0.019010066447154125,-0.17303384666285337,-0.22831748823676573,-0.12208750271946868,-0.14881391152449175,0.165647104266573,0.2655496381852881,0.043184829629679296,0.14216859957796688,110.4,5,PEuk2
0.639853370152574,0.986420986343965,-0.0642224180559812,-0.06266432068245584,-0.17090076315705813,-0.22095259331274408,-0.10813128872027307,-0.1450984321876,0.48529964097651845,0.7165272627074685,0.2306907727446257,0.43658633981027145,111.3,5,PEuk2
0.7425128509080046,1.136651622910619,-0.054413089354143476,-0.04610776119278201,-0.16470466344974816,-0.20984679937969558,-0.11973698246697258,-0.149037735580931,0.1803738397267156,0.3234452719842094,0.2249525769425539,0.42881149806018104,113.4,5,PEuk2
0.8137003211342558,1.1308602127483938,-0.07431451042584884,-0.08675026249781113,-0.1382950581399024,-0.16974903812668887,-0.11635810960400943,-0.1488586763357796,0.3525422396645753,0.575265791955418,0.7161837187289011,1.2796517565296852,113.8,5,PEuk2
0.3923674351171859,0.6020707727711916,-0.0242987587089577,0.010606401992395827,-0.1677519256008842,-0.18342670012844334,-0.10952691012019262,-0.14711284869555336,0.07425896718883811,0.1639847807845609,0.2205325029297986,0.4724721194191893,114.9,5,PEuk2
0.72274167259727,1.0194028850980212,0.06329885506790921,0.13390239471658735,-0.21234352841250842,-0.2398908945459426,-0.11588066017772115,-0.1510521520888844,0.5104006076481158,0.7154403767640702,0.22666571945737535,0.3894364811294169,115.2,5,PEuk2
4.195825639952618,4.004091708514515,5.022043042786892,5.558322646444718,0.027780729097012347,-0.05880800189023591,-0.07346111499595553,-0.13341481644147046,0.21654514924666354,0.3412904225897708,0.23829180312592083,0.3611859737777156,120.3,5,PEuk2
3.9941418430294147,3.625596647039715,4.367265210781623,5.726151096852573,-0.06353556003203129,-0.16121511226234633,-0.09928011089446742,-0.14066671587010257,0.783854455099714,1.066146453903443,0.4099844428819694,0.6520405869566526,120.4,5,PEuk2
0.13520176323255273,0.133276153318865,-0.09076878532638953,-0.1187508108508595,-0.13108320438221374,-0.21709479120968514,-0.12208750271946868,-0.14751573199714402,0.16596505145020707,0.23792251408914272,0.11767742223411148,0.13516549502376718,125.3,5,PEuk2
1.0479929947318134,1.4287217255022753,0.21904765399758577,0.382070297395927,-0.13463834355853913,-0.17442516188797244,-0.10581749534672222,-0.14872438190191606,0.3042022242982681,0.49230016494268747,0.2870664674435312,0.528669365226337,128.7,5,PEuk2
0.6165686672532541,0.9097348846439967,-0.005636356618983414,0.024595698027195072,-0.1145264133610412,-0.20084526113922468,-0.10383424388367862,-0.14787385048744683,0.12330954633675179,0.2014065165799344,0.3575547973252133,0.48372798852095694,131.4,5,PEuk2
1.5031043727989315,1.697735459334884,1.0627681689804425,1.223434996812194,-0.11777682632225299,-0.18354360322247543,-0.12208750271946868,-0.14742620237456833,0.3269643522175268,0.4900421383315966,0.33512177822943257,0.5072659729956235,131.6,5,PEuk2
1.2696210730413544,1.7039821690381645,0.49443119029191845,0.7567345170223239,-0.14479588406232596,-0.1996762301989038,-0.12050824692482286,-0.15118644652274793,0.42313133181291346,0.6091867439563577,0.39754752719791375,0.6764898781200837,132.1,5,PEuk2
5.387528032401419,4.091691340213583,5.92097444924199,6.228289510271902,0.09796933397817938,-0.09189157750131725,-0.0806228563902796,-0.13314622757374334,0.39796773918090333,0.5566454978863478,0.27607241693579365,0.39424752364848026,132.4,5,PEuk2
0.6897164128491687,1.0922781296393556,0.01193869063847584,0.051836168180072015,-0.21234352841250842,-0.23065555011740752,-0.1032466138205546,-0.14388978228282798,0.0170573784241232,0.07337303754211032,0.031167883348528918,0.1266435459882932,132.5,5,PEuk2
0.6111603657560442,0.9456762304149133,0.021521808405889634,0.0629888131991494,-0.16663459614546766,-0.23661760791304406,-0.1203246125300966,-0.15051497435343014,0.30276664459034447,0.460102222053569,0.21140544511418438,0.401579027009442,132.6,5,PEuk2
2.112932472762877,2.727272440555683,0.39695741276440677,0.6318706886940012,-0.11625319524668497,-0.20318332301986647,-0.09582778427361377,-0.14308401567964663,0.3489894207565429,0.5427224046966924,0.25373919254961413,0.49215141791440237,133.5,5,PEuk2
1.1256414202933993,1.6474840489885945,-0.027195801016864175,-0.003054241218169737,-0.21234352841250842,-0.2027157106437381,-0.11459521941463735,-0.15042544473085445,0.5941266993384262,0.8658940379366437,0.3446812797866522,0.6489207982924134,136.8,5,PEuk2
0.9064274281192913,1.2876107387429616,0.025192594932677965,0.06206750774105171,-0.15373451970565838,-0.23205838724579259,-0.1148523075672541,-0.15051497435343014,0.27535574345582975,0.4049490795304315,0.16496764024640326,0.32020180269381765,138.5,5,PEuk2
2.7350181418640984,2.7333916663874684,1.9174676260192607,3.0431048683258344,0.1354506584371528,0.047924522961061825,-0.09759067446298585,-0.13623499955260518,0.6231803275883837,0.8770914907953741,0.3575048999704127,0.6611947036951433,142.6,5,PEuk2
1.3012194020311085,1.8003963998520651,-0.04698668720015784,-0.04631249573902594,-0.15221088863009036,-0.17080116597297768,-0.11521957635670663,-0.14984350218411235,0.3372542792515028,0.573070956387548,0.3524361603452492,0.7433929250276726,143.0,5,PEuk2
0.9066145665794024,1.2650734114607174,-0.06140249311208288,-0.06275860632875238,-0.19497413415103293,-0.2217709149709687,-0.12208750271946868,-0.1512312113340358,0.1858006200655611,0.3245237324551782,0.2489033072468536,0.48775908387396055,146.0,5,PEuk2
1.3629189523297285,1.7382980954475131,0.2978564588563229,0.3739886705705086,-0.08811680805119543,-0.1783998670850635,-0.10699275547297027,-0.14205442502002602,0.4784541417652451,0.6877247852074158,0.5067104651629798,0.7030245017064535,147.0,5,PEuk2
0.3320433525003823,0.5172211503000991,-0.07543014162516685,-0.08877875083099114,-0.14418643163209877,-0.2207187871246799,-0.10640512540984624,-0.1448746081311607,0.2334926976106746,0.31168331247270625,0.14096701258730293,0.22421904144745328,147.1,5,PEuk2
0.3674639845379052,0.6438945886125446,-0.030815175967647067,-0.009759297607658533,-0.1552581507812264,-0.2307724532114396,-0.1100778133043714,-0.1467099653939627,0.14056058973968627,0.21238490715549935,0.017408687762256736,0.07756434431771188,147.6,5,PEuk2
5.74126650662637,6.563325875791751,0.453695228044009,0.684088773488638,-0.06546549272775079,-0.13806829964399261,-0.08921694606346849,-0.1396818900217698,-0.003939179149652267,0.053838579714445466,0.0407398592444487,0.09944391481823031,149.5,5,PEuk2
1.18963341672838,1.701309560732169,0.10314796762972482,0.20866013672731598,-0.15617232942656722,-0.1671771700579829,-0.11540321075143288,-0.14836626341161321,0.6809431413060285,0.9485984753040614,0.5198916830561447,0.7874722548653025,151.0,5,PEuk2
0.3742150044864121,0.5116255189405277,-0.08156354264261571,-0.10115710925192366,-0.163282607779218,-0.20084526113922468,-0.1112898003095647,-0.14478507850858502,0.15439370091855428,0.22482090446135802,0.04429920388689324,0.06964993307474761,151.7,5,PEuk2
1.0620564500091605,1.5376566936952005,0.04515570989558985,0.1142990619137308,-0.15830541293236244,-0.2016635827974493,-0.11415449686729433,-0.14585943397949347,0.3139526045963802,0.5354090946279354,0.3770521887135573,0.7370137782063207,154.0,5,PEuk2
0.7943455258972684,1.1716869225948354,-0.08084120999973929,-0.08990479083533277,-0.16785350100592208,-0.22890200370692618,-0.10603785662039372,-0.14563560992305422,0.4977212593553139,0.7050981093569283,0.4785849895070278,0.6353497176029738,157.3,5,PEuk2
0.9877344105760487,1.4947219469736723,-0.006021943439024205,0.01828933522776025,-0.14388170541698514,-0.1817900568119941,-0.12208750271946868,-0.14845579303418893,0.3306833707897316,0.5184064912653183,0.2544211230652227,0.48380187825247845,158.8,5,PEuk2
0.19386499201587057,0.3449084859922561,-0.08213678171507635,-0.09193597304412127,-0.17608110881398942,-0.2075087374990538,-0.12208750271946868,-0.15163409463562647,0.11575830072544216,0.20891782525078334,-0.04171551956358313,0.007943797284167277,159.8,5,PEuk2
1.465896568467348,1.5505143527346064,4.995848844812121,7.293259354569454,-0.13189580762251668,-0.18611547129118142,-0.10897600693601385,-0.1445164896408579,0.584711127059444,0.8125186700961188,0.32270149499697715,0.4993433517824902,160.4,5,PEuk2
0.25873186075187043,0.3832720253215877,-0.004798347930094761,0.01705823407468818,-0.10954921851418566,-0.22340755828741796,-0.1102247208201524,-0.14585943397949347,0.13339955203556395,0.15278732792583044,0.042760702113873984,0.07304886072473434,160.4,5,PEuk2
0.22136966719069517,0.368074126641157,-0.10051127897942018,-0.1200600343965773,-0.17760473988955744,-0.23252599962192094,-0.1041647857941859,-0.14532225624403924,0.07534287804213613,0.1342470758448399,0.04483560045099995,0.07102920806314802,160.6,5,PEuk2
0.4140521041825562,0.6627622015938821,-0.08951948402945736,-0.10137531317620996,-0.14997622971925725,-0.2207187871246799,-0.11510939571987087,-0.1473366727519926,0.15381079774855846,0.25339168146960106,0.004859503029899698,0.10044553117885442,161.4,5,PEuk2
1.7189451942295375,2.042369893941391,1.5678226387638718,2.485348699093975,-0.11747210010713938,-0.17594490211038963,-0.11173052285690772,-0.14935108925994597,0.26914613861182457,0.44492373347192643,0.33151669434508746,0.5331766388491456,162.2,5,PEuk2
1.8479444132456013,2.58493214503552,0.23832699499962534,0.39709673553998825,-0.14225649893637926,-0.2018973889855135,-0.11437485814096585,-0.1481872041664618,0.4361430794340601,0.6844894037945094,0.3712932023469852,0.7696073597774495,162.8,5,PEuk2
0.23737936245319727,0.38977370276785944,-0.08122936739858036,-0.09847131527027628,-0.14073286786081124,-0.22212162425306498,-0.10860873814656133,-0.14657567096009913,0.19442855045781346,0.29109567059136093,0.028215623189491973,0.07849207094681454,164.0,5,PEuk2
0.8915218497714446,1.140922332605719,-0.0543745306721394,-0.06135240326112958,0.1925360360684348,0.14355125387931106,-0.09759067446298585,-0.13238522578184983,0.6957541809436498,0.9572050953907381,0.3493466824605106,0.6458092195983435,165.1,5,PEuk2
1.2637870315473918,1.760484842083145,0.35555567060722687,0.5613288620105324,-0.13931081219028107,-0.2028326137377702,-0.12208750271946868,-0.1506492687872937,0.1751879284663808,0.3345247682289277,0.1340437546087163,0.25765824994599423,165.3,5,PEuk2
0.9774698660389565,1.217886167025731,-0.04281720838611675,-0.03846523609154468,-0.1261060095353582,-0.2097298962856635,-0.11892899113017703,-0.1494406188825217,0.41387232443496313,0.5497113340769157,0.491945006254895,0.643428328249319,166.0,5,PEuk2
0.6323397609791145,0.9678493180643134,-0.034984654781688156,-0.02330679804266824,-0.18918433606387444,-0.20107906732728886,-0.10669894044140825,-0.14563560992305422,0.2326062994017553,0.3875841808533484,0.13900438329847836,0.3356529665519699,166.4,5,PEuk2
1.0747163668356743,1.5672602698546254,-0.07814981399585458,-0.08805679216792044,-0.21234352841250842,-0.23357812746820975,-0.112207972283196,-0.1503806799195666,0.30597983809767687,0.5083212007672744,0.2702011615209201,0.45570736033398906,168.3,5,PEuk2
0.49478831433597487,0.7882700730812255,-0.06350008541310478,-0.06901917324284317,-0.18075357744573137,-0.22831748823676573,-0.12208750271946868,-0.15199221312592928,0.16030221941442113,0.25051438263494613,0.056952341441751576,0.1772580120804869,169.7,5,PEuk2
1.3467361539916238,1.876308492332239,0.013825495477875444,0.05488563536886323,-0.14388170541698514,-0.19125920742859334,-0.12208750271946868,-0.14675473020525054,0.3116498962058181,0.49211901728545443,0.32911746320175744,0.5862705159323924,170.4,5,PEuk2
0.6871479374841444,1.1152161205177287,-0.07498029033511927,-0.08552724297156448,-0.1821756331162615,-0.22890200370692618,-0.10776401993082055,-0.1452774914327514,0.3253240337928691,0.5186592554382016,0.22038696897829677,0.49262759618420726,171.6,5,PEuk2
0.5035510727306758,0.7840631053218733,-0.04867298689313623,-0.03930572528138819,-0.1723228188275883,-0.21370460148275452,-0.1147054000514731,-0.14639661171494772,0.11460212914859091,0.20558976364115314,0.30844332586269874,0.5904083408975936,172.6,5,PEuk2
1.0084599950333497,1.5121917903639697,0.023709370964921053,0.05902342830347744,-0.13067690276206226,-0.19675365284810156,-0.12054497380376811,-0.14997779661797592,0.21219023630719056,0.3282393657965628,0.2559513086124418,0.383870121354801,173.6,5,PEuk2
1.214593008845694,1.7625883259628212,-0.04950328384562407,-0.05096751279046694,-0.1488589002638407,-0.21124963650808065,-0.10930654884652112,-0.14675473020525054,0.33941728357652867,0.5035481706359947,0.37659479629455156,0.6405794686006586,173.8,5,PEuk2
1.3423009724869914,1.8533932664309187,-0.01555364963043256,0.007864036622970517,-0.10944764310914779,-0.1715025845371702,-0.11059198960960492,-0.1481872041664618,0.6898312103030724,0.9905152006405431,0.49292216278640727,0.9499229346002962,176.6,5,PEuk2
2.548398990979836,3.1147323499938655,1.1962300497117613,1.7264085116701502,-0.12082408847338903,-0.18085483205973737,-0.11602756769350216,-0.1487691467132039,0.37553319320841916,0.583775519109156,0.32193640222336756,0.5560249858296119,179.0,5,PEuk2
1.4497278055137515,1.9963208983590435,-0.016042059602484227,-0.005807382090028937,-0.04657246739070728,-0.11234961895693292,-0.11518284947776138,-0.14729190794070476,0.6814248794630499,0.984339329349761,0.3798214919049919,0.7317511873279596,180.0,5,PEuk2
1.2038091550817935,1.6262124544304841,0.04722502582980876,0.1006330309519483,-0.14967150350414365,-0.20423545086615527,-0.11400758935151332,-0.14966444293896095,0.3856641466505781,0.5446139232571025,0.3623532596118733,0.49058331361211377,180.5,5,PEuk2
0.4607104007497489,0.6944556026467515,-0.05142093563062694,-0.04313102864541957,-0.13656827625425863,-0.197338168318262,-0.11110616591483845,-0.14711284869555336,0.32168931939814305,0.4730858750673415,0.18115517376630583,0.29486583475212913,184.5,5,PEuk2
2.0456983025064726,2.563974707160738,0.361956411819904,0.5783164415975619,-0.10700983338823894,-0.18190695990602618,-0.10522986528359819,-0.1487691467132039,0.40927654241697947,0.6210792982905172,0.45783184802286814,0.6816457393862471,187.1,5,PEuk2
1.5081009696838972,2.1852064659613046,0.005807860199827263,0.015212929282884313,-0.0917735226325587,-0.16027988751008962,-0.10769056617293005,-0.14827673378903752,0.7196291240056278,1.0541654321087743,0.31702982900130616,0.6912185646033595,188.2,5,PEuk2
1.0622389100077687,1.5261239563202662,-0.004181409018029496,0.03393805863737874,-0.1828866609515266,-0.23848805741755752,-0.08543407753210756,-0.1436659582263887,0.2998930764837121,0.47488471343102767,0.3593219953077354,0.6231332819914273,189.0,5,PEuk2
0.6051766134939927,0.8975009859758369,-0.019735981338475005,0.0037504885688325533,-0.15891486536258967,-0.2086777684393747,-0.11760682348814798,-0.14814243935517396,0.1306343750142614,0.25007204533240035,0.34340473912633623,0.5650066931945528,189.7,5,PEuk2
0.8531491085256695,1.2006029964472666,-0.10640304558964346,-0.13167871989592048,-0.12549655710513097,-0.20926228390953514,-0.1100043595464809,-0.14653090614881126,0.2405381181571118,0.4137747619002737,0.404358516128199,0.6771630956739457,190.9,5,PEuk2
0.3130862264911309,0.4545400624829962,-0.05063176793894345,-0.044397150181401786,-0.1793315217752012,-0.2274991665785411,-0.10269571063637582,-0.1450984321876,0.13873480212457537,0.2564754043787774,0.05693570899015137,0.17416285332675502,191.6,5,PEuk2
0.5974758658604221,0.788766349580976,-0.08755299124724933,-0.10997955186967208,-0.13108320438221374,-0.19616913737794112,-0.12208750271946868,-0.15172362425820218,0.24895167506948965,0.439615685841377,0.2168650473519527,0.3882378254847356,194.0,5,PEuk2
0.19528724431271471,0.3624511773091223,-0.05692968599960971,-0.052368328106872794,-0.1970056422517903,-0.24070921620416721,-0.10941672948335687,-0.14353166379252513,0.14037752924001817,0.23139698569253872,0.004776340771898658,0.08570042475524049,194.6,5,PEuk2
0.5705934260654668,0.7938748104316181,0.008121381120072008,0.04470278556883604,-0.16287630615906654,-0.21674408192758887,-0.10269571063637582,-0.14693378945040195,0.1959845647049924,0.3163636624072621,0.522544559086378,0.7190421535062701,195.5,5,PEuk2
1.9845882383572024,1.9417304833864957,1.5619771425720534,2.0288903343675186,-0.10822873824869336,-0.19231133527488214,-0.10361388261000712,-0.13869706417343705,0.19828004702319912,0.31223096818062007,0.1489796961457032,0.2598667319214687,197.1,5,PEuk2
1.1896193813438716,1.412904619446009,0.6825667115262212,1.1152112381174077,-0.18806700660845788,-0.2040016446780911,-0.11393413559362282,-0.14796338011002255,0.5345067850254641,0.7757119937880946,0.34790797539709256,0.6543968483951699,198.6,5,PEuk2
0.517881200313681,0.8173910317271317,-0.08310846050157915,-0.08978087255734303,-0.18014412501550414,-0.23451335222046646,-0.11878208361439603,-0.15073879840986942,0.3352671093537897,0.523512327557561,0.25040022789087235,0.34988084485493365,199.3,5,PEuk2
0.9509102400876928,1.2984058908613862,-0.0018601763613839341,0.033436997774202795,-0.21234352841250842,-0.22890200370692618,-0.09204491574225286,-0.14330783973608588,0.22651953778779058,0.3846268400306137,0.5021905964406232,0.919061656734837,199.7,5,PEuk2
1.662083173124789,2.315148954978528,3.834615577577275,5.9490693034536966,-0.11960518361293462,-0.18190695990602618,-0.1159908408145569,-0.14872438190191606,0.6515547050369411,0.9115685239766571,0.37599602803694404,0.6734932390083803,203.9,5,PEuk2
1.6518794485872328,2.224603535248832,0.1975550446485121,0.37232385544447244,-0.14449115784721236,-0.19453249406149184,-0.0999779215944272,-0.14541178586661496,0.7191522032301767,1.0763623392241433,0.5561379532058983,0.8704750532743987,206.1,5,PEuk2
1.7446346263412849,2.447272328797407,0.15296321420019474,0.2550298175759583,-0.11625319524668497,-0.2075087374990538,-0.10258552999954007,-0.14039812700237547,0.1755877711367085,0.3090629905471493,0.31095482605433017,0.44078163456665603,208.5,5,PEuk2
1.3281766972101083,1.7025115515205553,0.06356362468433721,0.10681547547339337,-0.12519183089001737,-0.16004608132202544,-0.10967381763597363,-0.14854532265676465,0.5106366593450563,0.7922427706946629,0.6205803869309048,0.9215985375170735,209.1,5,PEuk2
0.2976005189169398,0.4470185140647603,-0.012260738187284204,0.007546159301170727,-0.16287630615906654,-0.23135696868160005,-0.09454234351052997,-0.14200966020873815,0.04189338910935882,0.0771223727732127,0.26405547065464324,0.3552747952559996,209.4,5,PEuk2
0.7337968771283314,1.1026316412029562,-0.0722657591220321,-0.07642463729053489,-0.09746174531467931,-0.11164820039274037,-0.12091224259322063,-0.1454565506779028,0.17101607602657592,0.31480495000781505,0.1479651165980905,0.3941654239467898,209.5,5,PEuk2
0.7429105201357405,1.138736894808653,-0.06357720277711294,-0.07104227382480624,-0.18400399040694315,-0.21884833762016648,-0.1100043595464809,-0.14639661171494772,0.31997433155914706,0.44171784121252317,0.17656045901174833,0.3213594084876537,212.1,5,PEuk2
0.6203535426090004,0.8985345159340328,-0.0561790769899303,-0.05590269290518911,-0.18065200204069348,-0.24117682858029557,-0.1170559203039692,-0.14850055784547678,0.39129084832458744,0.5668824468881217,0.29476729253442757,0.48385934804366176,216.9,5,PEuk2
1.4496061655146792,1.968470225432682,0.014740621530772255,0.05496645163711741,-0.0782639937625222,-0.11994832006901873,-0.10596440286250322,-0.1488586763357796,0.681812678679452,0.9998843259820843,0.5877146625688935,1.0399288375635922,217.8,5,PEuk2
0.513647192653668,0.8523808014572425,-0.05466500607657013,-0.05022400312252845,-0.1745574777384214,-0.20259880754970602,-0.11878208361439603,-0.15024638548570304,0.12308312940295175,0.23612367572545653,0.15272199775575002,0.3542813888655445,219.7,5,PEuk2
0.21031914112113645,0.4968783668057419,-0.04468344859511418,-0.03436515741544908,-0.1331147124829711,-0.21101583032001647,-0.10857201126761608,-0.14863485227934034,0.15054461304395372,0.23708839231862783,0.07859116097362236,0.14629000460283,222.0,5,PEuk2
0.864999651512203,1.2295281762905188,-0.09684563361023239,-0.12323341986335824,-0.16805665181599783,-0.2160426633633963,-0.10706620923086077,-0.147829085676159,0.5042873504355149,0.7575508879664291,0.2677437167969894,0.5483897135723954,222.2,5,PEuk2
0.7958753828086763,1.171331788952812,-0.056911691948007805,-0.04983608503490836,-0.18522289526739757,-0.23252599962192094,-0.11279560234632002,-0.14814243935517396,0.4078192844919899,0.6385031752746065,0.17083889566127675,0.3373770602874704,223.9,5,PEuk2
3.269232947020166,2.432384033804894,3.7710708696345523,4.966747562824091,1.0882279576923577,0.6490402324740662,-0.051792256418257084,-0.10449674834951767,0.08005186852701981,0.10465260393641948,0.27099120297193,0.4065706888722244,224.7,5,PEuk2
0.9018893204615979,1.2574790151159125,0.028493218112227135,0.08580324572730554,-0.10792401203357976,-0.2059889972766366,-0.1156970257829949,-0.14603849322464488,0.06344394556370883,0.12465888822013317,0.2987341322410772,0.4633836824420509,227.0,5,PEuk2
1.450158223972007,1.9473033497690144,0.25695597956519606,0.4068431774914429,-0.15454712294596132,-0.20937918700356722,-0.11823118043021726,-0.14814243935517396,0.11696505480878064,0.23764026076275638,0.1705561439840732,0.3744204456902243,227.7,5,PEuk2
0.5557673815631672,0.8577078060875912,-0.07437106315945483,-0.08176659262213645,-0.21234352841250842,-0.2578939710268844,-0.10394442452051438,-0.14518796181017568,0.053122705549526444,0.13544770566603562,0.06627067245076819,0.10233382431773594,230.6,5,PEuk2
2.2231289549992814,1.950208160840948,2.465833778008472,3.2579953256137095,-0.1250902554849795,-0.15876014728767246,-0.1019611730574708,-0.1432183101135102,0.06562621941501554,0.12027764255682252,0.08648741737082118,0.1674881475793173,235.5,5,PEuk2
0.3123517080351949,0.5165017770252315,0.018578495679578262,0.07044007313218517,-0.1886764590386851,-0.24246276261464855,-0.11488903444619936,-0.1485900874680525,0.1315665383480977,0.21861133128085813,0.03589565771588808,0.10991162678376916,236.8,5,PEuk2
2.4132054889340955,2.0352216911468206,1.7465087123283751,2.345999901618894,0.09431261939681611,-0.022918752022384428,-0.10930654884652112,-0.14057718624752688,0.7181501878635723,1.0466920380638578,0.5575683440435162,0.9101127892505725,236.8,5,PEuk2
0.11164570956607171,0.25414907547826404,-0.10509205040150478,-0.13454230966772707,-0.14997622971925725,-0.22317375209935378,-0.1111428927937837,-0.14518796181017568,0.15852701430579746,0.2583079446321814,0.03525115021638001,0.14457412083749854,237.5,5,PEuk2
2.7202014542848043,3.1203598523213105,0.5562407575444572,0.773749035365438,-0.15221088863009036,-0.2062228034647008,-0.11779045788287423,-0.15100738727759652,0.2332108807888171,0.3695031170197626,0.7891586001248143,1.189112205505401,237.9,5,PEuk2
1.951647190916151,1.8827691928198158,0.5459944304465733,0.7257872740321883,-0.14286595136660646,-0.1939479785913314,-0.09898629586290542,-0.14021906775722406,0.679105310236992,0.7133213704480652,0.9502730006631305,1.1308214173051454,239.2,5,PEuk2
1.170517223028034,1.408683992700425,0.06458414446804517,0.10418625287952392,-0.1895906376840259,-0.21475672932904333,-0.09850884643661714,-0.14438219520699436,0.17162788348599303,0.2643490083640924,0.17271836269210025,0.2608190884610785,242.0,5,PEuk2
0.49207012820286156,0.7736686167995775,-0.09936737141329917,-0.1200088507600163,-0.21234352841250842,-0.243047278084809,-0.10710293610980602,-0.14765002643100758,0.3064182198205663,0.44665095531996235,0.14699627629237838,0.27186149833845086,243.1,5,PEuk2
0.9670368968877643,1.3246812273756958,-0.035509052856943626,-0.030728425344010803,-0.13463834355853913,-0.18027031658957693,-0.11275887546737477,-0.14939585407123385,0.7023564023856274,1.0320275033004114,0.3999426002283437,0.7218417533339162,244.0,5,PEuk2
0.22831250406081588,0.39612968436099344,-0.08294137287956146,-0.09375972683105735,-0.1402249908356219,-0.2196666592783911,-0.12208750271946868,-0.15270845010653494,0.2319559528897765,0.36905235424478733,0.10457936659894758,0.30640084283964447,244.7,5,PEuk2
0.8085586919427041,1.201641079400873,-0.07827320177826763,-0.09308087017772221,-0.134739918963577,-0.20891157462743887,-0.11841481482494352,-0.15297703897426204,0.23408764423459594,0.4245340901926731,0.2852202653159081,0.5846942016599348,246.0,5,PEuk2
0.3372645155374812,0.5188647816433092,-0.07950707960239815,-0.08034422630086281,-0.21132777436212974,-0.24480082449529034,-0.10989417890964515,-0.14635184690365985,0.08416591238798213,0.1449432130940185,-0.05684273429397243,-0.060141485327764956,246.3,5,PEuk2
1.0743561252999605,1.63192646367073,0.018953800184417963,0.060305713093110495,-0.04575986415040433,-0.10510162712694336,-0.1113632540674552,-0.14769479124229543,0.3644483982153579,0.5549140633020971,0.2478471465702404,0.5435047813218106,246.8,5,PEuk2
0.6210740256804281,0.9275234377130328,-0.09307716508903373,-0.11643677170318137,-0.14631951513789399,-0.22703155420241275,-0.11731300845658597,-0.14872438190191606,0.3911270573512002,0.6136775207612511,0.2641012098965438,0.4670371191672782,247.6,5,PEuk2
0.20917291805295615,0.41183751852740624,-0.1015446516571295,-0.12879627299485458,-0.17719843826940596,-0.23018793774127916,-0.11297923674104628,-0.147829085676159,0.15883532672629114,0.2599761881732112,0.01741284587515679,0.11768646853385957,250.0,5,PEuk2
1.433535650252641,1.8817493218478516,0.23519345944209383,0.35468166408458407,-0.09796962233986865,-0.151629058551715,-0.10526659216254344,-0.14192013058616246,0.4316990449355381,0.6284768630835688,0.23856623857732426,0.33328849514328346,256.2,5,PEuk2
3.170653084695157,3.7734187490341853,0.12511356347804856,0.20306765096412646,-0.06729385001843242,-0.1561882792189665,-0.11639483648295468,-0.14953014850509738,0.4955317594316519,0.756341832672804,0.1776914657205625,0.42971459477877655,257.0,5,PEuk2
0.835618913274765,1.2672588492577834,-0.04207945227043871,-0.02492312340775192,-0.13900608597516748,-0.19406488168536348,-0.09546051548416126,-0.13977141964434553,0.36767845255818604,0.5422800673941466,0.22484446600715255,0.4473167708212199,258.6,5,PEuk2
0.22910784251628794,0.3327383292598441,-0.06508870311167285,-0.06391966671600416,-0.20188126169360798,-0.24608675852964332,-0.11081235088327643,-0.1475604968084319,0.25778193548769096,0.39550412493702536,0.11998933300654041,0.2681505918220402,260.5,5,PEuk2
0.5094272203781633,0.795245262050195,-0.059567099848688715,-0.060072812347105,-0.18837173282357147,-0.22329065519338587,-0.10372406324684287,-0.1407562454926783,0.3531660905779179,0.5208751546871453,0.1818703691851148,0.30764054833517107,263.0,5,PEuk2
0.43270980865562997,0.6427836577323692,-0.06277004103382755,-0.06865550003569934,-0.16318103237418013,-0.181673153717962,-0.1076538392939848,-0.14312878049093447,0.25738209281736324,0.3754936279170969,-0.024642307995969483,0.021498458033268945,263.2,5,PEuk2
0.1612607938030193,0.2447607989417008,-0.09121349545883657,-0.10807767569009027,-0.17638583502910302,-0.24047541001610304,-0.1109225315201122,-0.149037735580931,0.16659612843590504,0.2628366360630073,0.08890328096575141,0.16344884225614467,263.4,5,PEuk2
1.7198434588380707,2.2851629272046163,3.116524389721308,5.242573486375621,-0.13077847816710014,-0.20026074566906424,-0.11382395495678707,-0.14769479124229543,0.4406906876363416,0.660615827665681,0.4487754781265548,0.7265706961512891,265.4,5,PEuk2
0.08762180974931302,0.19685873422725764,-0.08502354170778174,-0.10284347538282763,-0.21234352841250842,-0.24339798736690527,-0.10798438120449205,-0.14478507850858502,0.03329918038809796,0.10354044157573293,0.20670677753712557,0.3991570858095722,267.3,5,PEuk2
0.3491805569850536,0.5914440814829575,-0.04772444331583589,-0.035297238375980665,-0.1601337702230441,-0.21884833762016648,-0.1112898003095647,-0.14729190794070476,0.20496657264265544,0.3585078754993387,0.09330672252690651,0.2855475186102573,269.3,5,PEuk2
2.251681605550728,2.63715955538999,0.417113321137339,0.5639850233604866,-0.034789720406314555,-0.15338260496219633,-0.07265312365916,-0.13815988643798283,0.5460516399584807,0.8011063676904375,0.2991416273052823,0.5136122799362992,269.9,5,PEuk2
1.9798957414699172,2.6643682559634634,0.2544779416017339,0.4390673175199945,-0.04870555089650251,-0.1705673597849135,-0.12208750271946868,-0.14738143756328048,0.3908139275491363,0.6132056943052023,0.39295697055625634,0.6881726656706418,275.7,5,PEuk2
0.1294893617376623,0.25169045795656464,-0.037102811713112235,-0.012687540394068466,-0.1720180926124747,-0.2307724532114396,-0.11173052285690772,-0.14532225624403924,0.10683651005740678,0.18934124006097125,-0.02492090156027297,0.02800896437732565,275.8,5,PEuk2
0.625644882568641,1.0202042122902788,-0.04186866480881641,-0.040318622510173964,-0.1475384199983484,-0.23673451100707615,-0.1080211080834373,-0.1481872041664618,0.3863771191229697,0.5544380241098336,0.19350476907946038,0.3011054120806072,280.1,5,PEuk2
3.017625287400832,3.3699140837692094,1.6541323925618026,2.3093658872192724,-0.05429219817358527,-0.14391345434559707,-0.12208750271946868,-0.1494406188825217,0.397825626424582,0.6017470518011591,0.547642928551092,0.735577033426737,282.2,5,PEuk2
0.7280236556339049,0.9178665344472469,1.9280635518339817,3.3548940312504762,-0.020670739106050853,-0.0846435856713277,-0.1147788538093636,-0.13690647172192297,0.26431912227847065,0.4341433414984534,0.2790621001109311,0.5424621151103413,284.0,5,PEuk2
1.1416932217094264,1.5905078644209163,0.07528803459237753,0.0852321440983093,-0.12630916034543394,-0.19932552091680752,-0.1214631457773994,-0.15060450397600586,0.35374417636634353,0.5045339509102396,0.3934684184429627,0.6297176780670054,284.6,5,PEuk2
0.3806993521292607,0.6531963582363073,-0.08309560760757778,-0.0843069173209263,-0.21234352841250842,-0.25602352152237096,-0.11437485814096585,-0.15024638548570304,0.26323039404360243,0.4226804862581955,0.01821120355196678,0.12204596269362517,285.3,5,PEuk2
0.5806848675269562,0.9065204698841453,-0.0011147085093050715,0.03651609759468721,-0.17638583502910302,-0.21557505098726795,-0.11889226425123178,-0.15203697793721713,0.34510179382938055,0.5199188635664034,0.10373111156733696,0.2749402371518446,288.6,5,PEuk2
9.995952966481614,9.162539895769065,5.581118226058036,6.547944789973285,1.0931035771341755,0.5674418728396676,-0.042096360376710655,-0.0922759548679339,0.22865363782339515,0.2964500583202723,0.41662494918335247,0.48867860053289414,288.8,5,PEuk2
0.23450210862898954,0.4407809103523007,-0.04568597432722024,-0.038788501164561416,-0.17394802530819417,-0.23439644912643437,-0.11742318909342173,-0.1497987373728245,0.21525409098584633,0.35735358577650495,0.0404363170027449,0.13898313115237546,293.8,5,PEuk2
1.2551178423827463,1.7570974134976924,-0.010129728361858766,0.009302566197894992,-0.13230210924266816,-0.20680731893486126,-0.08668279141624612,-0.14115912879426895,0.5528875044066136,0.7758257376658921,0.2640055732998426,0.5044089033767941,295.4,5,PEuk2
0.8472168193401486,1.083832323152777,0.05410389469933647,0.09055793617626003,-0.1947709833409572,-0.219549756184359,-0.10618476413617473,-0.1452774914327514,0.5711863283010695,0.8361436947882784,0.3733473101196109,0.6264501099397235,299.6,5,PEuk2
0.12721095098581,0.31071093746358175,-0.08584869750266903,-0.09613033736651341,-0.21234352841250842,-0.24468392140125825,-0.12208750271946868,-0.15002256142926376,0.23552804132408978,0.36625509739821205,0.12563605032481107,0.22618122431785626,300.0,5,PEuk2
1.5466842416972972,2.158120696263916,-0.0403031823194508,-0.02839014131585641,-0.12173826711872986,-0.19137611052262543,-0.11393413559362282,-0.14912726520350672,0.6215665047623622,1.0226120378605084,0.8003522400517544,1.5310738829866746,300.5,5,PEuk2
0.5759455860246434,0.9456307004608078,-0.09050915686756206,-0.10801302267548693,-0.18461344283717035,-0.21545814789323586,-0.11543993763037813,-0.14845579303418893,0.32141231995785574,0.5139831182398604,0.32129605283675955,0.5622974030387662,301.0,5,PEuk2
1.0287411256478871,1.4570550159421554,-0.028856394921839848,-0.005260525341508959,-0.1533282180855069,-0.1616827246384747,-0.11018799394120715,-0.14572513954562993,0.47269737078884,0.6948485221465103,0.2777730851119149,0.4589092486999186,301.3,5,PEuk2
0.5307797186768365,0.7713648011218369,-0.0882059182625184,-0.1181473827145616,-0.1738464499031563,-0.206456609652765,-0.11319959801471778,-0.14760526161971974,0.1879780765352976,0.32313774224053476,0.16237713590967084,0.303535563250646,301.3,5,PEuk2
1.167270370745107,1.5172091913064005,0.12695409789904324,0.20469205795603557,-0.1622668537288393,-0.21838072524403812,-0.11437485814096585,-0.14738143756328048,0.4929761385086537,0.7284998590297077,0.6295161715531166,0.904620319207478,302.3,5,PEuk2
0.0391997331955735,0.18036323185481892,-0.09166077617008389,-0.11082004105951558,-0.15556287699634,-0.228668197518862,-0.1091596413307401,-0.14505366737631215,0.05753060968627178,0.09457995164701972,-0.07870609192244603,-0.0644435096963472,304.1,5,PEuk2
0.7772644629506303,1.2325741302201798,-0.06661819749783465,-0.06942594845972255,-0.1720180926124747,-0.21662717883355678,-0.11173052285690772,-0.1480081449213104,0.17545770183431275,0.30998136704195867,0.191795784677539,0.46408152990642015,304.4,5,PEuk2
0.5568060000167837,0.914023806320739,-0.08513407659619343,-0.09941686560885023,-0.13230210924266816,-0.21709479120968514,-0.112207972283196,-0.146307082092372,0.048700349268070466,0.12423340186244627,0.057596848941259646,0.15957373633635302,306.4,5,PEuk2
0.18147174749501493,0.34938863347624166,-0.07430165753184748,-0.08092610343229294,-0.2110230481470161,-0.2376697357593329,-0.11345668616733455,-0.14926155963737028,0.23158260581808493,0.3710576166829949,0.12371500216498703,0.22408768192474848,309.7,5,PEuk2
0.2297581486651739,0.422027122256227,-0.069618062957752,-0.07100455956628762,-0.17699528745933024,-0.23591618934885153,-0.11319959801471778,-0.14988826699540023,0.2111304123617436,0.3726121163462272,0.09227966864059366,0.28710741294237685,312.4,5,PEuk2
3.031178790374376,3.5959794118940582,1.649106911007271,2.4535070894018265,-0.08415536725471856,-0.16530672055346946,-0.11330977865155355,-0.14585943397949347,0.25580921773468857,0.41595695925949955,0.5312890705151874,1.0130247653196152,312.7,5,PEuk2
2.1714647046241176,3.074342727706837,0.7113057825132615,1.1059416121486527,-0.1723228188275883,-0.1926620445569784,-0.10152045051012777,-0.14644137652623557,0.26130344141551703,0.44751035350776563,0.14729981853408217,0.33598957532890095,313.9,5,PEuk2
-0.27830873515187443,-0.2278173596967964,-0.0566649163831817,-0.012956927954915745,-0.04149369713881386,-0.009124186926597864,-0.03258409872989049,-0.012236472285253428,-0.1960539474789809,-0.24356374610005274,-0.18357785737465837,-0.2627142892789064,16.6,6,Syn
-0.34249722696997165,-0.4055253235661464,-0.11543091833619852,-0.1453043427235759,-0.07511515620634829,0.020335392769488696,-0.06420594150175213,-0.013892770302903975,-0.20411583553673315,-0.25322355024040977,-0.18684613411409928,-0.27510313426400296,16.7,6,Syn
-0.2634873691110776,-0.22352388502464357,-0.10180428011595696,-0.1187319537216002,0.21122591059540258,0.42587222596680724,0.04740704361286754,0.12290849299277361,-0.18171741992602555,-0.20769229723169685,-0.17934074032950534,-0.2586421440750576,16.9,6,Syn
-0.3018881811258693,-0.36046888098329977,-0.10879882503149692,-0.13580304345249233,-0.0619103535514254,-0.048520529615412034,-0.027295428161774254,-0.0025672730470772632,-0.19354890906246988,-0.23998713305375396,-0.18006009386121435,-0.2600788888546413,17.1,6,Syn
-0.3384503577700697,-0.3630731943581369,-0.11388600047723509,-0.13815749073429756,-0.1446943086572881,0.14016106415238047,-0.08484644746898354,0.11288117526429463,-0.20865621766665934,-0.23937207356640458,-0.18521199574437883,-0.27324768100579766,17.1,6,Syn
-0.3376924470066199,-0.3791407151619835,-0.1140942173600571,-0.14075977457208227,-0.1668377469555434,-0.05401497503492024,-0.10394442452051438,-0.07683209497362475,-0.20990151080255953,-0.2638480709739381,-0.18548643119578226,-0.2773034062693084,17.1,6,Syn
-0.3361766254797202,-0.3708360515331322,-0.11453378633490362,-0.1434105481708195,-0.14438958244217448,-0.010760830243047118,-0.09443216287369421,-0.058254698289165914,-0.2080998100952997,-0.25780279450581234,-0.18700414240430124,-0.2809978928453809,17.1,6,Syn
-0.3295566024532911,-0.3581377473330959,-0.11322022056796464,-0.13551479876238573,-0.013458885348362199,0.05108090649992824,-0.019142061035928398,0.016054888448669424,-0.19415108175874654,-0.23448529955732733,-0.1811120964249275,-0.2573531787585167,17.2,6,Syn
-0.302880014964458,-0.3235759591715772,-0.10899675959911785,-0.13352402468772434,0.16825951426438426,0.34637812202498636,0.060849081306829624,0.15424386089427045,-0.17583298833800978,-0.19586714667697286,-0.17349443359203218,-0.25337134322652743,17.2,6,Syn
-0.3298607024509716,-0.3772239040941401,-0.11166244981499986,-0.13611822689868364,0.008176675924703758,0.0950364698559939,0.0030777007259488324,0.047121667482439136,-0.19206997292041433,-0.23265697204013808,-0.18131168584413002,-0.25736138872868575,17.3,6,Syn
-0.30693624108736545,-0.3384824661457324,-0.1063721986440402,-0.12957749692131168,0.11828441498575304,0.27763910273411774,0.05427496997562959,0.13781517515162853,-0.1809442301840063,-0.21168175842703837,-0.18329926381035488,-0.2608342061101939,17.3,6,Syn
-0.33588656086654806,-0.3920894341096003,-0.10974736860879726,-0.13393079990460374,0.039461900676367206,0.10789581019952375,-0.010547971362739517,0.02679844315775405,-0.19155210440161638,-0.23265697204013808,-0.17917857392640332,-0.2512039111018982,17.7,6,Syn
-0.32872851476729964,-0.3678720515208613,-0.11087585270211664,-0.13636336957905468,-0.14327225298675794,-0.142510617217212,-0.07669308034313768,-0.07477291365438353,-0.20582841468494403,-0.2671213670127769,-0.18499993198647616,-0.2731737912742762,17.7,6,Syn
-0.34180949312906345,-0.3785806967264853,-0.11536408328739145,-0.14627144406701761,-0.18918433606387444,-0.18518024653892468,-0.1133465055304988,-0.10485486683982048,-0.2119946630948173,-0.2672646000440774,-0.18823494382271666,-0.2850454081387226,17.9,6,Syn
-0.3357181362524481,-0.39053686267460125,-0.11377546558882339,-0.14248924271272181,-0.004418674299991917,0.07902074597359764,-0.0318128342720402,0.0015510895914051773,-0.19618642547216175,-0.2402651736439256,-0.18485439803497436,-0.2645204827160974,17.9,6,Syn
-0.32882208399735513,-0.3885289916985467,-0.11264955207430428,-0.13960679581165591,-0.02879677150908032,-0.015787663286426966,-0.025055088546113907,0.0015510895914051773,-0.19710895404285764,-0.2454299882431745,-0.17782302912098635,-0.26175372276912756,18.0,6,Syn
-0.34120129313370245,-0.38471813453991266,-0.11299915079114126,-0.13843495992197025,-0.0843585180647943,-0.0017592920025762241,-0.05990889666515769,-0.012773650020707659,-0.2016348840280732,-0.24350476779304664,-0.1870415654204017,-0.28107178257690235,18.0,6,Syn
-0.3463756715557736,-0.41779109320218005,-0.11271124596551081,-0.13855618432435152,-0.05835521437510001,0.03155808979656929,-0.051094445718297306,-0.0025225082357894103,-0.20312104624248406,-0.2516648378409627,-0.1870789884365022,-0.27972534746917815,18.4,6,Syn
-0.34120129313370245,-0.3887293234966111,-0.11335646124437906,-0.1403610809820283,-0.08029550186327956,0.015542365914173026,-0.0656750166595622,-0.027098389632820494,-0.20405080088553526,-0.25192602748627546,-0.1848419236962742,-0.2740768879928717,18.5,6,Syn
-0.3254863409458753,-0.35701315746668894,-0.11314824436155703,-0.1398142242335083,-0.035703899051655365,-0.02221733345819189,-0.026671071219704977,-0.006372282006544735,-0.19611416474860854,-0.24431782588248796,-0.18644695527569427,-0.2769750074625464,18.5,6,Syn
-0.32888758245839406,-0.3644846229354088,-0.11204032489863983,-0.139253898106946,-0.032250335280367845,0.08463209448713793,-0.029866309687941867,0.013368999771398268,-0.19905035881565367,-0.24627674822233359,-0.18317036231045328,-0.2695614043998942,18.5,6,Syn
-0.33353329473065135,-0.39610972905711983,-0.1113925390409713,-0.1345584729213779,-0.1693771320814901,-0.08148720213246127,-0.08657261077941036,-0.05386774678295636,-0.20804922758881245,-0.2612951528278167,-0.18369844264875987,-0.2756203623846531,18.7,6,Syn
-0.3242839763396617,-0.35431778418364074,-0.11440525739489002,-0.14142785572298353,-0.16439993723463456,-0.2127693767304978,-0.07202876671709073,-0.0749967377108228,-0.20618490092113984,-0.2662535433525442,-0.18161106997293375,-0.27059586064119445,18.7,6,Syn
-0.31469313025896933,-0.37576694556276263,-0.11561857058861837,-0.1433027931464806,-0.0034029202496132335,0.0059563122035416844,-0.01995005237272393,-0.006775165308135409,-0.19177852133541642,-0.23769540455294533,-0.1836527034068593,-0.2616962529779442,18.8,6,Syn
-0.33031451321674093,-0.3931275170632067,-0.10953143998957442,-0.13597814536704306,-0.09725859450460358,-0.081136492850365,-0.05711765386531857,-0.05624028178121255,-0.20223705672434988,-0.25962269655057213,-0.18130752773122996,-0.27518523396569344,19.0,6,Syn
-0.31267671335127256,-0.37338117596763215,-0.11192979001022814,-0.13937512250932726,0.030320114222959056,0.06066696021055958,-0.007536367289228885,0.007639103926553133,-0.18879415345266917,-0.2286548726361524,-0.17348195925333204,-0.25388857134717757,19.3,6,Syn
-0.2118231187359138,-0.1654914055217168,-0.09286123646981088,-0.10168241499557586,0.014880652657203067,0.02173822989787377,0.053540432396724555,0.11547753431899008,-0.18056606573074452,-0.2173773777893422,-0.16389335090581203,-0.2238565004687924,19.3,6,Syn
-0.3390211300734085,-0.39817678897351155,-0.11320736767396329,-0.14050655026488584,0.04372806768795768,0.09690691936050734,0.006346392952076226,0.03351316485093194,-0.19161713905281427,-0.2375732352027184,-0.17955696220030806,-0.2619753919636919,19.4,6,Syn
-0.34230073158685503,-0.3860658211814368,-0.1140042471020476,-0.14099144787441092,-0.009294293741809597,0.28745896263281323,-0.03607315222968939,0.09081212329938329,-0.20211903087587965,-0.23788076494639307,-0.18508725235737725,-0.2727140329448094,19.5,6,Syn
-0.3263331424778779,-0.38452690873266937,-0.11561857058861837,-0.14438842501669513,0.005129413773567707,0.015191656632076757,-0.020684589951628963,-0.0016272120100323583,-0.19205311208491857,-0.24256532761716368,-0.18181897561793636,-0.26652371543734565,19.6,6,Syn
-0.34360602234612975,-0.40950008855956044,-0.11213800689305016,-0.13720655264450665,-0.04921342792169186,-0.02256804274028816,-0.02876450331958432,0.001372030346253767,-0.19900941107230685,-0.24945736406444852,-0.18682118543669896,-0.26997190290834666,19.6,6,Syn
-0.28352054126596776,-0.2721316640277227,-0.11075246491970359,-0.13691292020318313,0.09431261939681611,0.177453151148617,0.029925049234927763,0.0730404932181058,-0.18524615192620694,-0.2250024303379886,-0.17971497049051002,-0.25594927385960914,19.8,6,Syn
-0.3257296209440197,-0.36879630958920384,-0.11133855688616559,-0.13640377771318177,-0.0516512376426007,-0.03671331711817099,-0.03838694560324024,-0.030142396800394475,-0.19537469667758078,-0.24504241651142009,-0.1859230330502877,-0.27050555096933493,19.8,6,Syn
-0.28428313049092035,-0.3220097287503465,-0.10859060814867488,-0.13511610517233177,0.12681674900893397,0.18002501921732297,0.043807809476232876,0.076621678121134,-0.18474996162447493,-0.22637578234398792,-0.17749453820188224,-0.26139248408168936,19.9,6,Syn
-0.33088528552007973,-0.40051702861453653,-0.11213800689305016,-0.14090793773054827,-0.05987884545066803,-0.06535457515603292,-0.059541627875705175,-0.05812040385530236,-0.20053652103006453,-0.2584473431466648,-0.18438037316436842,-0.26988159323648714,19.9,6,Syn
-0.30230924266111925,-0.36326897316079076,-0.1111637575277471,-0.13571953330862968,0.2617088868992231,0.4200270712652028,0.1279858160187496,0.21337817660552372,-0.16807700400996609,-0.19054224810156453,-0.17506620026825187,-0.24953728715758103,19.9,6,Syn
-0.3039607395715994,-0.3589572865069957,-0.11229224162106648,-0.13968491820430162,0.08527240834844584,0.13700468061351403,0.03745405941870435,0.08606705330287091,-0.1836949550605982,-0.22282444571497748,-0.17994366670001288,-0.25213984770116993,20.0,6,Syn
-0.3443826469555907,-0.3967243834375447,-0.11281663969632195,-0.1360535738840803,-0.036313351481882576,0.10941555042194091,-0.04040692394522908,0.029036683722146683,-0.20017762610308362,-0.24089708407613386,-0.18724947106540432,-0.2770324772537297,20.1,6,Syn
-0.332429177815996,-0.3906506875598651,-0.11118946331574982,-0.1356791251745026,-0.13981868921547042,-0.16425459270718065,-0.053114424060286144,-0.04057259783046413,-0.2029861595585181,-0.2593952087949772,-0.1774654314115819,-0.254939447528816,20.1,6,Syn
-0.32338571173112857,-0.3876366045980781,-0.11385001237403128,-0.14160565151314272,0.10142289774946689,0.16950374075443492,0.015821927719951143,0.039869768053807014,-0.19013820291075872,-0.2392414787437482,-0.18099566926372607,-0.2673200825437435,20.2,6,Syn
-0.346179176172657,-0.4072235908542832,-0.11461861543531258,-0.14370148673653457,-0.14814787242857563,-0.008539671456437416,-0.08991475676342826,-0.02271143812661094,-0.206526935012625,-0.24721197566200181,-0.18490429538977496,-0.2722378546750045,20.2,6,Syn
-0.31960551483688493,-0.35714974732900556,-0.11003013227682718,-0.1342702282312713,0.1620634145570743,0.28757586572684535,0.06507267238553356,0.13033945166655714,-0.1800457885211615,-0.20519835739258158,-0.17377718526923572,-0.25856004437336705,20.3,6,Syn
-0.3102766626003481,-0.35468202381648506,-0.11365721896401088,-0.13848075580731428,-0.005637579160446337,0.013321207127563324,-0.0009255290790835938,0.016233947693820836,-0.18940836960287138,-0.23323411690155496,-0.181710864682535,-0.2661050069587241,20.3,6,Syn
-0.3434235623475214,-0.38979472442268087,-0.11452093344090225,-0.1427478547711352,-0.09543023721392195,-0.03460906142559338,-0.07066987219611641,-0.03837912207735936,-0.20405080088553526,-0.2558228084848931,-0.18497498330907586,-0.27287823234819036,20.4,6,Syn
-0.3008495626722529,-0.3738273695178665,-0.11070876508009897,-0.13849153130974817,0.16053978348150627,0.25612893343221327,0.05908619111745755,0.09918314301021172,-0.18432603204629616,-0.22833891742004828,-0.17474602557494784,-0.2654564193153691,20.4,6,Syn
-0.32521499017871425,-0.3840260792375084,-0.11179869049141426,-0.13961218356287286,-0.022194370181618878,0.01928326492319989,-0.013963571104647918,-0.008118109646770988,-0.1944184464358934,-0.24596079300622944,-0.18649269451759484,-0.2736171296634049,20.4,6,Syn
-0.31775284408178534,-0.3637834616421834,-0.1130042919487418,-0.14113961103287695,0.15058539378779517,0.22643554754806253,0.07609073606910904,0.1400086509047333,-0.18195347162296602,-0.22065909930061048,-0.1851953632927786,-0.2610394553644202,20.4,6,Syn
-0.3011349488239223,-0.3351405675143855,0.05202943760751702,0.21589049886045697,-0.11909730658774527,-0.14099087699479484,-0.05175552953931183,-0.056105987347348986,-0.20210217004038392,-0.2611224306430131,-0.18663822846909667,-0.27557931253380785,20.5,6,Syn
-0.30102266574785563,-0.32653085319302705,-0.11162646171179605,-0.1386989597316006,-0.06577021894286439,-0.07049831129344486,0.06389741225928551,0.1285936240263309,-0.1843380755002217,-0.22291291317548662,-0.16452538406661996,-0.2431663503063982,20.6,6,Syn
-0.2906598735192051,-0.32673118499109144,-0.11193493116782868,-0.1388767555217598,0.2649592998604349,0.3600557840267409,0.14781833064918545,0.23226892696899754,-0.165232340192755,-0.1830688540566481,-0.1822930004885423,-0.24748479461531853,20.7,6,Syn
0.11849965566763966,0.17371585855540944,0.1556443278888784,0.21822878288861136,0.09410946858674038,0.07095443248538345,0.02026588007232659,0.044480543616455835,-0.18382743305377905,-0.2291772519267779,-0.1748458202845491,-0.2570494098622618,20.8,6,Syn
-0.3095421441444121,-0.3672665031312575,-0.11099666990572943,-0.1368967569495323,0.21488262517676585,0.2799771646147595,0.0887247824262756,0.12572867610390834,-0.18031315319830832,-0.2240503519534615,-0.17928252674890463,-0.25772262741612395,21.1,6,Syn
-0.3247611794129449,-0.3851688810855576,-0.10785285203299684,-0.13583806383540248,0.10721269583662539,0.14787666835849836,0.019678250009202564,0.04121271239244259,-0.18738266065259662,-0.23239999513104007,-0.1805050119415199,-0.2580099763720407,21.2,6,Syn
-0.31313520257854466,-0.37674583957603186,-0.09916429568807768,-0.1168893428054048,0.22311023298483318,0.3136452556960013,0.10385625655171928,0.16104811221002405,-0.1765242825933354,-0.21248217830783553,-0.18013909800631533,-0.2598982695109222,21.4,6,Syn
-0.31990493637306266,-0.37122305614302936,-0.11161874997539523,-0.13656271637408166,-0.09319557830308885,-0.12287089741982098,-0.03486116522449609,-0.03287305028895348,-0.198922698204043,-0.2551487706905376,-0.18052996061892024,-0.25816596580525264,21.4,6,Syn
-0.2810035289774738,-0.2915957194078429,-0.11031546652365735,-0.1380955315953027,0.3805521107935291,0.4511232942777386,0.18557356220490412,0.25814298789337636,-0.159477977907135,-0.18445484427129158,-0.1730703060762269,-0.2459905800445514,21.7,6,Syn
-0.3433720992709909,-0.3919073142931781,-0.114168764145265,-0.1424623039566371,-0.1527187656552797,-0.13514572229319038,-0.0816879358796919,-0.038065768398344385,-0.20750727216216344,-0.25770590157287376,-0.18368596831005973,-0.2662281565112598,21.8,6,Syn
-0.33081510859753804,-0.34120515740124396,-0.11372148343401768,-0.14031797897229273,-0.13768560570967517,-0.13093721090803515,-0.05910090532836215,-0.02750127293441117,-0.20412306160908847,-0.25535519476505897,-0.18880876340292382,-0.2837892827028579,21.8,6,Syn
-0.3295846732223078,-0.3671617842368148,-0.1117138613910053,-0.13686173656662212,-0.010208472387150412,0.007592955519990938,-0.019031880399092642,-0.0012243287084416847,-0.19471471540246152,-0.2432857055098811,-0.18613093869529032,-0.272648353183457,22.0,6,Syn
-0.3391848762260057,-0.3996200885186573,-0.1153589421297909,-0.13983038748715915,-0.13768560570967517,0.012502885469338698,-0.08146757460602039,-0.01707107190434151,-0.20560199775114402,-0.2460703241478122,-0.18763617556510917,-0.28254136723716233,22.1,6,Syn
-0.3185996456137879,-0.32741868729808515,-0.11063935945249162,-0.13777226652228594,0.19070767877775316,0.1885589450816655,0.08780661045264432,0.0969449024458191,-0.1797326587190976,-0.2202757403050708,-0.17474602557494784,-0.2557932844263972,22.1,6,Syn
-0.34110304544214415,-0.3904867797250851,-0.11201976026823765,-0.13516728880889275,-0.1148311395761548,-0.11749335509434486,-0.07533418582216338,-0.07535485620112561,-0.20586213635593553,-0.26653158394271587,-0.18660496356589626,-0.27551363277245544,22.1,6,Syn
-0.31130124566945616,-0.3515723279510764,-0.11051854224887885,-0.13890369427784452,0.07846685621090865,0.16611355102750433,0.006566754225747736,0.032662633436462744,-0.19049228045616942,-0.23541210152456613,-0.17620552320286612,-0.2611954447976321,22.4,6,Syn
-0.3176920240822492,-0.39315483503567006,-0.11172928486380693,-0.14228181429086942,0.03621148771515542,0.11035077517419763,0.016923734088308693,0.04743502116145411,-0.1894782216356395,-0.23381547449918658,-0.18051748628022007,-0.26567808850993346,22.4,6,Syn
-0.34187967005160513,-0.3915476276557443,-0.11266240496830564,-0.1334297390414278,-0.09228139965774804,0.054471096226858834,-0.07283675805388626,-0.03099292821486367,-0.2060716924542398,-0.25693497084557965,-0.1886382807740217,-0.2843557706445224,22.7,6,Syn
-0.3458937900209876,-0.40842102864725904,-0.11313539146755568,-0.13624214517667338,-0.06942693352422766,0.04628787964461257,-0.052783882149778874,0.013637588639125384,-0.2031354983871947,-0.24350055505683194,-0.18880876340292382,-0.28140018138366435,22.8,6,Syn
-0.2696067967567096,-0.25570900958185283,-0.10503035651029825,-0.12605390762542926,0.5856328535649853,0.7081931980543035,0.2796310991836935,0.3886324127974667,-0.1468997946273076,-0.1583737943659491,-0.16810967738646482,-0.2450710633856178,23.0,6,Syn
-0.3004986780595446,-0.34496137861495135,-0.10831298563824551,-0.13327618813174483,0.05093992144564633,0.05224993744024914,0.00983544645187513,0.006922866945947491,-0.1876644774744541,-0.2323536550326781,-0.18440532184176872,-0.26847768833757957,23.0,6,Syn
-0.31718675023994936,-0.3861022451447212,-0.10995301491281902,-0.13760255235895216,0.04372806768795768,0.07913764906762973,-0.0036433181210322133,0.0010586766672387986,-0.1943510030939104,-0.2509276090033864,-0.1831079906169525,-0.2629441684436398,23.1,6,Syn
-0.2662102337056937,-0.29395872402592066,-0.10136214056231019,-0.11737962816614686,0.0895385753600363,0.09515337295002599,0.12067716710864451,0.1508865000476815,-0.1705916771896175,-0.20636949806027421,-0.16799325022526335,-0.23548181822816733,23.5,6,Syn
-0.33315433934892646,-0.39442512075521474,-0.1083875324234534,-0.12861847720469538,0.25205922342062564,0.3760715079091371,0.10462752100956955,0.18222186794917833,-0.18146209870280425,-0.21373336096360787,-0.18400198489046368,-0.27666302859612246,23.6,6,Syn
-0.3249951024880838,-0.33924736937470557,-0.11275237522631516,-0.13532892134540112,-0.05337801952824446,-0.028647003629956813,-0.04687085463959337,-0.03211204849705999,-0.19958508816994736,-0.2498238721151293,-0.1862182590661914,-0.278058723524861,23.6,6,Syn
-0.33893691776635854,-0.37779758151586995,-0.11291432169073229,-0.1391218982021308,-0.15952431779281687,-0.16343627104895603,-0.09204491574225286,-0.06537230328393448,-0.20643540476279093,-0.2516774760496069,-0.1812077330216287,-0.26417566396899733,23.8,6,Syn
-0.31859496715228514,-0.33751723111869486,-0.11050054819727693,-0.1340143100484664,-0.10833031365373123,-0.12240328504369262,-0.014220659257264678,0.0122051146779141,-0.19424502069936572,-0.24066117084810945,-0.18410177960006494,-0.2648488815228594,23.8,6,Syn
-0.3244430440307561,-0.3649854524305698,-0.11315852667675812,-0.1411449987840939,0.10050871910412608,0.14168080437479763,0.017731725425104226,0.02966339108017662,-0.19009966385819702,-0.24243894553072204,-0.18216825710154072,-0.26934794517549887,23.8,6,Syn
-0.2728115428861117,-0.30603782085012154,-0.1067115150456761,-0.12921651758977634,0.03245319772875429,0.04079343422510436,0.007962375625667298,0.009966874113521469,-0.18572066401087295,-0.23288445979573305,-0.1784176392656938,-0.26363380593784,23.9,6,Syn
-0.31939966253076274,-0.36210795933109935,-0.11525354839897975,-0.14118001916700404,-0.11930045739782101,-0.11632432415402395,-0.09931683777341267,-0.08766517930528508,-0.2090656951001275,-0.2624957826490124,-0.18076281494132315,-0.27030030171510866,23.9,6,Syn
-0.33414149472601234,-0.34637280719222324,-0.11424331093047288,-0.13915422470943248,-0.06749700082850815,-0.004214256977250104,-0.05271042839188837,-0.020294138317066897,-0.2006786337863858,-0.24674014920595297,-0.18746985104910707,-0.27782884436012756,23.9,6,Syn
-0.31846864869171015,-0.3697979685795258,-0.10983990944560705,-0.13661390001064264,0.06780143868193247,0.02162132680384168,0.025591277519388073,0.03476657956699181,-0.18327825155477473,-0.23136787475843323,-0.17338632265663084,-0.2514502102069697,24.0,6,Syn
-0.3316525532065351,-0.3393611942599694,-0.11442068086769165,-0.14130663132060226,-0.03743068093729913,0.027115772223349887,-0.019068607278037893,0.03275216305903845,-0.1950928798557233,-0.2348475948717934,-0.18258406839154592,-0.26117902485729405,24.0,6,Syn
-0.34466335464575726,-0.3986047705421037,-0.11557487074901375,-0.14561144454294178,-0.17059603694194453,-0.11889619222272993,-0.09788448949454787,-0.057269872440833154,-0.20971604161210633,-0.2604568183210871,-0.18709146277520233,-0.2817450001307645,24.0,6,Syn
-0.32860219630672466,-0.37003927733628517,-0.11363922491240898,-0.1412419783059989,-0.14733526918827267,-0.15279808949203588,-0.07812542862200249,-0.06577518658552516,-0.20694363851844846,-0.25933201775175635,-0.1794571674907068,-0.2610722952450964,24.3,6,Syn
-0.2895042935280192,-0.36286830956466193,-0.10880653676789773,-0.13565218641841784,0.1492649135223029,0.13232855685223047,0.06169379952257041,0.06525141605401945,-0.18211967128713838,-0.22729837157501198,-0.171161732255103,-0.25522679648473273,24.5,6,Syn
-0.34461657003072954,-0.40644047564366786,-0.11403252346885058,-0.13786924604419096,-0.12417607683963869,0.004085862699028252,-0.08293664976383046,-0.03336546321311986,-0.20649803072320372,-0.25381754604668555,-0.18336995172965578,-0.27080931986558976,24.5,6,Syn
-0.3336268639607069,-0.38795531427681684,-0.10895305975951323,-0.1308436184572939,-0.017623476954914803,-0.001993098190640403,-0.02079477058846472,-0.01210217785138987,-0.19514827974378074,-0.24604504773052388,-0.18233873973044287,-0.2710638289408303,24.6,6,Syn
-0.3330841624263848,-0.37807531423591373,-0.11256729355269558,-0.1403314483503351,-0.07552145782649976,0.06370644065539391,-0.05851327526523813,0.027783269006086807,-0.2003510518396113,-0.23221042200137756,-0.178513275862395,-0.26227916085994674,24.8,6,Syn
-0.3391380916109779,-0.38105297323441634,-0.11254929950109367,-0.13681055293006114,-0.04657246739070728,0.12765243309094687,-0.04595268266596208,0.04501772135191007,-0.19894678511189406,-0.22908457173005403,-0.18711641145260266,-0.28113746233825476,24.8,6,Syn
-0.34273582850661327,-0.40258864152633883,-0.11418161703926635,-0.13926467360937989,-0.007465936451127968,0.06768114585248496,-0.021823123198931763,0.016368242127684392,-0.1937367869437082,-0.23608192658270688,-0.18726194540410449,-0.27962682782714954,24.8,6,Syn
-0.3170230040873522,-0.364042982380585,-0.10915870606353499,-0.13472818708471168,-0.0519559638577143,0.016009978290301385,-0.039819293882105054,-0.01210217785138987,-0.19719566691112148,-0.24647053408821076,-0.1761556258480655,-0.26196718199352287,24.8,6,Syn
-0.3348806916434511,-0.3779159593965444,-0.11263669918030292,-0.1403610809820283,-0.0981727731499444,-0.0957493796043762,-0.06894370888568958,-0.07463861922051997,-0.20339081961041602,-0.2618385957995158,-0.18880876340292382,-0.28405200174826756,25.0,6,Syn
-0.31648030255303006,-0.36915144323122706,-0.11031546652365735,-0.13580304345249233,0.09614097668749774,0.13548494039109688,0.06250179085936595,0.08499269783196245,-0.18138261190689572,-0.2247875807910378,-0.18142811300533146,-0.261170814887125,25.0,6,Syn
-0.3410375469811053,-0.39461179356704745,-0.10821016248623463,-0.12573603030362948,-0.04870555089650251,-0.01754120969690831,-0.04900101361841796,-0.03139581151645435,-0.19876613330301107,-0.2463567902104133,-0.18190629598883745,-0.2629031185927945,25.0,6,Syn
-0.25864983991720647,-0.34900443853952373,-0.10532083191472898,-0.1395987141848305,0.47948655530041284,0.48806467199187886,0.1761714811949197,0.20388803661249896,-0.1681926211676512,-0.20467176536574136,-0.16495366969532532,-0.23958680331269236,25.0,6,Syn
-0.3283074532320497,-0.3886928995333267,-0.11254929950109367,-0.14143863122541742,-0.025851084762982136,-0.028413197441892635,-0.02031732116217645,-0.027546037745699022,-0.1969523891418257,-0.25333308138199256,-0.1859770885179884,-0.2775825452550561,25.1,6,Syn
-0.2979582734635368,-0.34251642007948363,-0.10905845349032438,-0.13210704611766766,0.014372775632013727,0.028167900069638693,-0.006214199647199827,-0.004760748800182041,-0.18780177284920518,-0.2367054115424857,-0.17474602557494784,-0.2629934282646541,25.3,6,Syn
-0.32962677937583273,-0.3729486414036295,-0.10857261409707299,-0.13356173894624296,-0.1209256638784269,-0.11293413442709337,-0.0001175377422880582,0.009071577887764417,-0.19400896900242526,-0.24575436893170807,-0.1782429985238916,-0.2581249159544074,25.4,6,Syn
-0.34503763156597944,-0.405866798221938,-0.11256215239509504,-0.13674320603984932,-0.13524779598876635,-0.081136492850365,-0.08657261077941036,-0.07181843610938525,-0.2066353260979548,-0.260532647572952,-0.18690018958179994,-0.2763182098490224,25.4,6,Syn
-0.32259973019866206,-0.35393988556456474,-0.10851092020586646,-0.1322417398980913,0.04220443661238965,0.020218489675456607,0.008329644415119814,0.024112554480482894,-0.19103664457360353,-0.23791025409989613,-0.1862806307596922,-0.2795857779763043,25.5,6,Syn
-0.32639396247741403,-0.3420702265292493,-0.11043628372727014,-0.13333814727073973,-0.09532866180888408,-0.08967041871470754,-0.019509329825380912,0.007460044681401722,-0.19601781711720428,-0.2435553206276233,-0.18670060016259746,-0.2596848102865269,25.6,6,Syn
-0.2936026258044517,-0.36582775658152233,-0.10841323821145613,-0.13456655454820332,0.031132717463262002,0.03752014759220586,0.011781971035973466,0.006519983644356818,-0.1894517260370033,-0.23783863758424587,-0.17807667400788954,-0.2686665176514677,25.7,6,Syn
-0.3380714023883448,-0.4021196829990517,-0.11097353469652697,-0.1374813279565709,-0.09471920937865687,-0.05179381624831054,-0.046393405213305094,-0.014295653604494647,-0.19800016963334713,-0.24548475381396587,-0.18116199377972814,-0.2731984211847833,25.8,6,Syn
-0.267000893699663,-0.3312067794796664,-0.10349829154533617,-0.1339658202875139,0.23113468998282477,0.27284607587880205,0.0831055699476521,0.09264748056218525,-0.16969805290834292,-0.2107212545700818,-0.17361917697903376,-0.26078494628917964,26.3,6,Syn
-0.31097843182576457,-0.3607284017217014,-0.11152877971738571,-0.13653038986677998,0.05093992144564633,0.056809158107500625,-0.003129141815798691,-0.00041856210526033765,-0.19450034192258703,-0.24990391410320903,-0.1834447977618567,-0.2728043426166689,26.3,6,Syn
-0.3339216070353818,-0.33288228179075047,-0.11322793230436547,-0.13592965560609055,-0.09949325341543669,-0.003980450789185925,-0.07055969155928066,-0.036185646324254576,-0.20480231241048857,-0.2549844739781635,-0.18677960430769844,-0.27339546046884056,26.5,6,Syn
-0.3300946255261104,-0.39994335119280666,-0.11235907666987355,-0.14047961150880112,-0.022803822611846086,-0.057054455479754566,-0.02623034867236196,-0.039095359057965,-0.19559388753902548,-0.25425988334923133,-0.18255911971414562,-0.27126086822488754,26.6,6,Syn
-0.3200312548336376,-0.35152679799697084,-0.109716521663194,-0.13444263627021355,0.002386877837545262,0.02688196603528571,-0.005700023341966304,0.010638346282839257,-0.18899889216940324,-0.23332679709827883,-0.17208483331891455,-0.2567292210256689,26.7,6,Syn
-0.28582234432533393,-0.322219166539232,-0.08842184688174125,-0.0992821718284266,-0.018537655600255616,-0.02958222838221353,0.03359773712945292,0.04452530842774369,-0.1840947977309259,-0.23423674812065876,-0.16531542551762984,-0.24393808750228888,27.0,6,Syn
-0.3072637333925598,-0.33444395921657066,-0.10841837936905667,-0.13463120756280667,0.32580296747811804,0.41161004849489236,0.15744077293284137,0.19659137237257898,-0.168910411021613,-0.20017677582463322,-0.17573149833226018,-0.25307578430044164,27.1,6,Syn
-0.32910279168752177,-0.34777968277408455,-0.11207117184424309,-0.14061161141361628,0.16866581588453575,0.20515918443422224,0.04193473865002505,0.06171499596227909,-0.1933056312931741,-0.24350055505683194,-0.18442195429336894,-0.2776400150462394,27.1,6,Syn
-0.325827868635578,-0.38051116678056035,-0.11363922491240898,-0.14419177209727663,0.03773511879072344,0.10532394213081778,-0.013963571104647918,-0.003596863706697873,-0.1928817017149953,-0.24234205259778344,-0.18750727406520754,-0.27575993187752695,27.2,6,Syn
-0.2814339474357293,-0.32951761818235076,-0.10668837983647365,-0.13560908440868227,0.3327100950206931,0.3808645347644528,0.14297038262841225,0.17841685898971085,-0.1623635894676929,-0.1919324510524227,-0.1688997188374747,-0.24562113138694416,27.3,6,Syn
-0.32769457477518593,-0.36863240175442386,-0.11473172090252455,-0.14191275333250863,-0.0034029202496132335,0.02349177630835511,-0.026817978735485984,-0.020697021618657573,-0.19869868996102807,-0.2537880568931825,-0.18836384532261827,-0.27711457695542024,27.4,6,Syn
-0.3371357100877895,-0.39765774749670835,-0.11049283646087613,-0.1366165938862511,-0.12326189819429788,-0.1561882792189665,-0.027258701282829003,-0.02494967869100357,-0.19511937545435948,-0.25155530669938,-0.1802638413933169,-0.2584204748804932,27.5,6,Syn
-0.3329017024277765,-0.3629138395187675,-0.10987846812761112,-0.13457194229942027,-0.13870135976005388,-0.15420092662042095,-0.04352870865557547,-0.017518720017220036,-0.19822417787636207,-0.24588917649057918,-0.1809582462476256,-0.2600870988248104,27.6,6,Syn
0.3220641941149595,0.5268461825980112,-0.009574483341000027,0.016996274935693306,0.18948877391729874,0.13267926613432673,0.05005137889692565,0.0421527734294875,-0.16861414205504488,-0.21008513140165883,-0.16772713099966002,-0.2448083443402082,27.9,6,Syn
-0.3382585408484559,-0.389221047000951,-0.11449522765289953,-0.14201781448123907,-0.06516076651263719,0.079488358349726,-0.0588438171757454,-0.012146942662677723,-0.20151685817960296,-0.24137733600461214,-0.18462154371257145,-0.2649638211052261,28.0,6,Syn
-0.21716592177208488,-0.23717376526548575,-0.10707653723531471,-0.13605088000847182,-0.013865186968513674,-0.04735149867509114,0.05423824309668433,0.05003138021614956,-0.18332160798890665,-0.23330152068099053,-0.16569381379153458,-0.24729596530143036,28.0,6,Syn
-0.31817390561703524,-0.35237820813874454,-0.10931551137035157,-0.13283708640756378,0.10792372367189047,0.1621388458304133,0.03649916056612781,0.058670988794705115,-0.18292899139093424,-0.22163645410242594,-0.18197698390813835,-0.2649720310753952,28.0,6,Syn
-0.3412574346717358,-0.3818770654037267,-0.11216371268105288,-0.13342435129021085,-0.1183862787524802,-0.10311427452839785,-0.034567350192934075,0.01632347731639654,-0.19942852326891541,-0.2441114018079666,-0.18479202634147357,-0.26122828467830833,28.2,6,Syn
-0.3085783810748401,-0.3687416736442772,-0.1072796129605362,-0.12819823260977362,0.3047768586352793,0.3470795405891789,0.13823261524447478,0.1363379363791294,-0.16791321303657883,-0.20671915516609612,-0.16501188327592603,-0.2508673023249671,28.2,6,Syn
-0.3415334639003996,-0.3985820055650509,-0.1138011713768261,-0.14144401897663436,-0.17090076315705813,-0.14566700075607844,-0.09957392592602944,-0.08994818468096556,-0.2095715201649999,-0.2678248939606354,-0.18571928551818517,-0.27874015104889216,28.2,6,Syn
-0.3241997640326117,-0.3524601620561345,-0.10910215332992901,-0.13484132986026753,0.056628144127766955,0.10193375240388719,0.012589962372769001,0.0387506477716107,-0.18721646098842423,-0.22860431980157575,-0.1827171280043476,-0.2687650372934963,28.3,6,Syn
-0.34587039771347367,-0.4134429825851006,-0.11432814003088186,-0.14378499688039723,-0.010513198602264018,0.10310278334420808,-0.024357277846154126,0.024515437782073567,-0.19593351293972555,-0.23791867957232557,-0.18532842290558027,-0.2740358381420264,28.4,6,Syn
-0.3463569577097625,-0.4099736000822581,-0.11561857058861837,-0.1449649143969083,-0.13920923678524322,-0.006786125045956074,-0.08734387523726064,-0.023338145484640877,-0.20870198279157637,-0.2571203312390274,-0.18756548764580827,-0.2804560348142236,28.4,6,Syn
-0.3427264715836077,-0.390263682949968,-0.11518414277137241,-0.14362605821949734,-0.17303384666285337,-0.17091806906700976,-0.09964737968391994,-0.08126381129112216,-0.20965582434247865,-0.26351105207676034,-0.17867960037839709,-0.2554566756494661,28.5,6,Syn
-0.3437089484991908,-0.39304556314581673,-0.11342329629318613,-0.13970377533356093,0.02412401451564909,0.20819866487905656,-0.014073751741483672,0.07420437831158996,-0.19536265322365526,-0.22846951224270465,-0.18472133842217267,-0.26150742366405605,28.5,6,Syn
-0.2886107073809889,-0.31095050289810977,-0.09478917057001483,-0.1126222438415839,0.30254219972444624,0.33468781262177744,0.1581753105117464,0.17962550889448287,-0.16714484067612978,-0.19986924608095855,-0.16958580746598328,-0.2585764643137052,28.5,6,Syn
-0.32997298552703824,-0.3803563649366015,-0.1132150794103641,-0.13894679628758008,-0.13900608597516748,-0.1785167701790956,-0.07823560925883825,-0.09791632109020333,-0.20441451319408638,-0.263970240324165,-0.18317036231045328,-0.27336262058816435,28.6,6,Syn
-0.29238154735222693,-0.37234309301402574,-0.10698399639850492,-0.13789887867588416,0.4494202354092038,0.5182256702521579,0.18821789748896223,0.23159745479967975,-0.1627224843946738,-0.19548378768143318,-0.1751493625262529,-0.25502975720067556,28.6,6,Syn
-0.3129527425799364,-0.3603049731485198,-0.11061108308568864,-0.1364495735985258,0.10904105312730702,0.12496366192820882,-0.0021007892053316454,0.004013154212237071,-0.18892663144585004,-0.24037049204929364,-0.18013078178051523,-0.27016894219240384,28.8,6,Syn
-0.2966623396272677,-0.3775790377361633,-0.11075246491970359,-0.13832451102202287,0.12448051469306301,0.10801271329355584,0.06477885735397156,0.06936977869250188,-0.18420559750704082,-0.23545422888671333,-0.17322831436642885,-0.2611626049169559,28.8,6,Syn
-0.3115024195140756,-0.33679330484841674,-0.10915099432713417,-0.13580843120370928,-0.05622213086930477,-0.03484286761365756,-0.03853385311902125,-0.04809308612682337,-0.19772317019305985,-0.25346367620464894,-0.18306640948795197,-0.2707682700147445,28.9,6,Syn
-0.2835720043424983,-0.32863889006811375,-0.10984762118200786,-0.13901953092900884,0.14896018730718927,0.1308088166298133,0.06040835875948661,0.06055111086879492,-0.18168610694581916,-0.23011247936644613,-0.17522005044555378,-0.2604154976315724,29.1,6,Syn
-0.1467503976937918,-0.11518535923050088,-0.06199372623614543,-0.04914375900353086,0.16490752589813462,0.21486214123888567,0.07803726065320739,0.09443807301369934,-0.1762978656595354,-0.22665382293415956,-0.1706419681425965,-0.2539296211980228,29.2,6,Syn
-0.31535279333086086,-0.35011992241510953,-0.11301200368514262,-0.13812247035138742,0.04068080553682163,0.10438871737856106,0.0008006342313432323,0.024112554480482894,-0.1909547490869099,-0.2420260973816793,-0.17631779225116753,-0.2590033827624958,29.6,6,Syn
-0.30717484262400707,-0.33161654906661636,-0.111503073929383,-0.1385777353292193,0.09431261939681611,0.10415491119049688,0.04391799011306863,0.06014822756720425,-0.17640143936329497,-0.21353536236151596,-0.17670449675087235,-0.2525667661499605,29.6,6,Syn
-0.33643394086237294,-0.404988070107701,-0.11215085978705153,-0.13689945082514077,-0.07420097756100746,-0.03916828209284487,-0.038644033755857,-0.014922360962524585,-0.20058469484576666,-0.25185019823441046,-0.1822223125692414,-0.27270582297464036,29.6,6,Syn
-0.3329625224273126,-0.38811922211159683,-0.11128714531016015,-0.13449381990677456,0.07044239921291705,0.10544084522484987,0.019898611282874075,0.05397068360948059,-0.19087285360021627,-0.23832731498515358,-0.18603530209858912,-0.2669588438563053,30.1,6,Syn
-0.3307262178289853,-0.36434803307309216,-0.11072675913170087,-0.13109414888888188,-0.03499287121639029,0.06417405303152227,-0.04059055833995534,0.005445628173448355,-0.19979705295903677,-0.24692972233561544,-0.18645942961439443,-0.2781408232265515,30.3,6,Syn
-0.3122837225850393,-0.3843038119575522,-0.1093772052615581,-0.13560100278185686,-0.04911185251665399,-0.10907633232403441,-0.034714257708715085,-0.05982146668424076,-0.1982747603828493,-0.25552370421364784,-0.18259238461734603,-0.2764659893120653,30.5,6,Syn
-0.3422633038948328,-0.4042550378466017,-0.11269839307150945,-0.13608590039138196,-0.0962428404542249,-0.06488696277990456,-0.07496691703271086,-0.06362647564370823,-0.20453976511491193,-0.25871274552819223,-0.18281692271394884,-0.27426571730675986,30.6,6,Syn
-0.32310500404096193,-0.3894395907806576,-0.11127686299495906,-0.1364495735985258,-0.0062470315906735475,0.008528180272247653,-0.017930074030735092,-0.03417122981630121,-0.19094511432376948,-0.24536679719995366,-0.1740640950593393,-0.2572053992954738,30.6,6,Syn
-0.31287788719589193,-0.33714388549502944,-0.10948259899236924,-0.13478206459688113,-0.12458237845979017,-0.18143934752989782,-0.05120462635513306,-0.06595424583067656,-0.19937553207164307,-0.25637888966523636,-0.18463817616417164,-0.2707025902533921,30.7,6,Syn
-0.32750275785357214,-0.37183315752804363,-0.11135398035896722,-0.135339696847835,0.1440845678653716,0.24969926326044833,0.05497278067558937,0.09519907480559285,-0.1868455226075178,-0.22889078586417683,-0.18621410095329136,-0.27137580780725423,30.9,6,Syn
-0.2771484766991858,-0.315362355450937,-0.11112262826694275,-0.13725773628106763,0.4861905320329121,0.5686109037799886,0.24767871450132461,0.3086376950260741,-0.152369931400285,-0.17489193306387316,-0.16264591703579642,-0.24363431860603404,31.0,6,Syn
-0.3050367857172381,-0.342839682753633,-0.11109692247894003,-0.13629871656445133,-0.04423623307483631,-0.06628979990828965,0.0171440953619802,0.025365969196542767,-0.18930479589911178,-0.23901820372436797,-0.17818894305619093,-0.252969054688244,31.0,6,Syn
-0.3024589534292081,-0.36968414369426195,-0.11003013227682718,-0.14015904031139284,0.019959422909096487,0.0010463822541939244,-0.006140745889309324,-0.009505818796694418,-0.19796403927157052,-0.25461375319126794,-0.1876403336780092,-0.28005374627594015,31.0,6,Syn
-0.29189030889443535,-0.35442705607349406,-0.10705854318371281,-0.13490867675047935,0.07166130407337147,0.07177275414360809,0.04402817074990439,0.0361990535282031,-0.1816282983669766,-0.22865065989993769,-0.17141537714200616,-0.2568605805483737,31.1,6,Syn
-0.32652963786099454,-0.38205918522014887,-0.11010467906203505,-0.13594851273534986,0.2326583210583928,0.33351878168145654,0.08130595287933477,0.1150746510173994,-0.18233886214858308,-0.2232962721710263,-0.17841348115279373,-0.2620246517847062,31.1,6,Syn
-0.2941921119538015,-0.3522962542213546,-0.11077560012890604,-0.13797161331731292,0.40320342611697374,0.46947708004077665,0.17198461699516102,0.2196452501858231,-0.16150127816662468,-0.190807650483092,-0.1698519266915866,-0.25039933402533127,31.1,6,Syn
-0.326917950165725,-0.386543885699545,-0.10825643290463953,-0.13255961721989107,0.5923368302974845,0.7598643656164871,0.2777213014785404,0.390064886758678,-0.1764110741264354,-0.2181693721977099,-0.1850040900993762,-0.23445557195703606,31.2,6,Syn
-0.28446091202802587,-0.33752178411410544,-0.11063935945249162,-0.13897104116805634,0.0005585205468636316,-0.005850900293699357,0.1012486481466064,0.11740242120436774,-0.1761268486137928,-0.22456009303544283,-0.17356512151133308,-0.24880659981253558,31.2,6,Syn
-0.31535279333086086,-0.3577507427231988,-0.1098347682880065,-0.13630679819127675,0.2127495416709706,0.29295340805232145,0.07803726065320739,0.12389331884110637,-0.17975433693616355,-0.21845583826031098,-0.18660496356589626,-0.2606207468857986,31.3,6,Syn
-0.3251822409481948,-0.3804064478861176,-0.10990931507321439,-0.13212859712253544,-0.0760293348516891,-0.10989465398225903,0.012589962372769001,0.024246848914346454,-0.19372715218056777,-0.24821460688110558,-0.1812701047151295,-0.25837942502964795,31.7,6,Syn
-0.33268649319864874,-0.37906786723541464,-0.10922039995474152,-0.13315496372936356,-0.08313961320433988,-0.10241285596420531,-0.02531217669873067,-0.026785035953805526,-0.1983108907446259,-0.25507294143867265,-0.1839811943259634,-0.26834632881487475,31.7,6,Syn
-0.32374595326684236,-0.33019601449852337,-0.11059823019168727,-0.1364091654643987,0.08303774943761273,0.15898246229154686,0.013801949377962305,0.050702852385467345,-0.18738266065259662,-0.22506562138120945,-0.18181897561793636,-0.2568277406676975,31.7,6,Syn
-0.32086402098113187,-0.3547412127568223,-0.11088099385971718,-0.13550941101116878,-0.06465288948744784,-0.06137986995894188,-0.04040692394522908,-0.035469409343648936,-0.1967765547145129,-0.2511635222314108,-0.18755717142000816,-0.27369101939492635,31.8,6,Syn
-0.3299402362965188,-0.3476248809301257,-0.11186552554022133,-0.1375190422150895,-0.11899573118270741,-0.08592951970568068,-0.041178188403079366,0.01578629958094231,-0.19983800070238358,-0.2437659574383594,-0.1838855577292622,-0.2620410717250443,32.0,6,Syn
-0.3062251149389434,-0.36069197775841694,-0.10633106938323585,-0.1284864772998802,-0.005231277540294864,-0.052144525530406806,-0.013008672252071377,-0.03390264094857409,-0.1944834810870913,-0.25302133890210315,-0.1812368398119291,-0.2725662534817665,32.5,6,Syn
-0.333645577806718,-0.3931275170632067,-0.11131799225576341,-0.13547977837947558,-0.05977727004563017,-0.0033959353190254776,-0.05605257437590627,-0.027232684066684054,-0.20187334441579877,-0.2516395614236744,-0.18275455102044807,-0.26859262791994626,32.6,6,Syn
-0.33244789166200717,-0.3880509271804385,-0.11373947748561958,-0.14394124166568864,-0.0663796713730916,-0.019294756107389652,-0.043418528018739716,-0.034260759438876916,-0.198876933079126,-0.25500553765923706,-0.18228884237564225,-0.266260996391936,32.6,6,Syn
-0.3376924470066199,-0.360783037666628,-0.1142972930852786,-0.1378450011637147,-0.06851275487888685,0.026297450565125263,-0.06622591984374097,-0.028262274726304663,-0.20410860946437784,-0.2504473570749081,-0.18683365977539912,-0.2764988291927415,32.8,6,Syn
-0.3476622484690372,-0.42151544344801356,-0.11486024984253815,-0.14381462951209043,-0.13494306977365272,-0.02513991080899413,-0.08642570326362936,-0.04187077735781186,-0.20723990748501658,-0.2532488266576981,-0.18781081630691135,-0.28422441112181757,32.8,6,Syn
-0.32654835170700564,-0.3800012312945783,-0.10833097968984742,-0.1348655747407438,0.13138764223563806,0.16038529941993196,0.04116347419217476,0.057999516625387326,-0.18125013391371483,-0.22328784669859686,-0.17975655161951054,-0.2635352862958114,32.8,6,Syn
-0.33705617624224227,-0.38879306543235886,-0.1124464763490828,-0.14078132557695006,0.13606011086738,0.2802109708028237,0.05960036742269107,0.12040166356065386,-0.18468010959170686,-0.22032629313964747,-0.17701635521837628,-0.259693020256696,33.0,6,Syn
-0.3270208763187861,-0.37273009762392284,-0.11060337134928781,-0.13607781876455655,0.035805186095003945,0.02653125675318944,0.007521653078324278,0.032438809380023484,-0.18856291913729892,-0.23183548847826735,-0.1830913581653523,-0.26990622314699425,33.1,6,Syn
-0.31667679793614667,-0.37620858611758645,-0.1122176948358586,-0.1384888374341397,-0.17211966801751255,-0.07996746191004411,-0.10067573229438699,-0.06009005555196787,-0.20938605097454668,-0.2601745649947007,-0.18674218129159798,-0.27789452412147997,33.1,6,Syn
-0.135030851629336,-0.10363440987392429,-0.09439587201357323,-0.10920371569443191,0.2127495416709706,0.24221746524239463,0.08681498472112252,0.10634551281626814,-0.17218382179857308,-0.20859382278164731,-0.17220541859301605,-0.24860956052847838,33.5,6,Syn
-0.31612473947881903,-0.3354911481609982,-0.11045170720007177,-0.13356443282185143,0.08456138051318075,0.18294759656812523,0.024709832424702035,0.06319223473477822,-0.18543162111666014,-0.22409247931560872,-0.182509222359345,-0.2603169779895438,33.5,6,Syn
-0.33701874855022007,-0.3977624663911511,-0.10939776989196028,-0.1335186369365074,0.05784704898822138,0.0749291376824745,-0.00764654792606464,-0.003059685971243642,-0.19439435952804235,-0.24793656629093394,-0.18195203523073802,-0.2648160416421832,33.5,6,Syn
-0.302440239583197,-0.35906200540143846,-0.11048255414567504,-0.1364684307277851,0.31544227616425546,0.3441569632383767,0.13169523079222,0.18334098823137465,-0.16950535764553437,-0.198529595964677,-0.18225557747244184,-0.26129396443966074,33.6,6,Syn
0.24521110700884557,0.5008758967762087,0.34856112569168696,0.607728175490868,0.21589837922714453,0.16880232219024238,0.20048467505667628,0.22121201858089792,-0.1646879760753209,-0.19668020476641415,-0.1511279443026523,-0.2219682073299109,33.7,6,Syn
-0.31626041486239953,-0.35692209755847787,-0.11374975980082067,-0.14424564960944608,0.1867462379812763,0.2673516304592939,0.08942259312623538,0.14797678731397107,-0.1792701900883571,-0.21149639803359063,-0.17232600386711758,-0.252977264658413,33.8,6,Syn
-0.26902198906886254,-0.29404523093872115,-0.10527713207512436,-0.13582190058175164,0.35566613655925133,0.3927886503557259,0.1567429622328816,0.1940397781291714,-0.1670171800645191,-0.20259909914809823,-0.1695941236917834,-0.24539125222221075,34.0,6,Syn
-0.3149551241031248,-0.37175120361065367,-0.11402224115364949,-0.14265087524923017,-0.0846632442799079,-0.08779996921019412,0.016299377146239413,0.02509738032881565,-0.1919519470719441,-0.24301609039213892,-0.179872978780712,-0.2640360944761235,34.1,6,Syn
-0.3148662333345721,-0.34659135097192983,-0.11351840770879619,-0.1436287520951058,0.1518042986482496,0.19300126265488493,0.07700890804274034,0.10782275158876728,-0.1705844511172622,-0.19943112151462747,-0.17029684477189216,-0.24980000620299064,34.1,6,Syn
-0.3318537270511545,-0.3739730653710042,-0.11311225625835322,-0.13653038986677998,-0.061707202741349665,-0.03168648407479114,-0.047715572855334155,-0.03161963557289361,-0.2008111117795667,-0.2524989596114776,-0.18880876340292382,-0.27951188824478285,34.7,6,Syn
-0.3324806408925266,-0.39801743413414215,-0.10830270332304442,-0.135191533689369,0.00919242997508244,-0.015320050910298609,-0.005810203978802059,-0.009640113230557976,-0.191566556546327,-0.24386706310751272,-0.17276676383452308,-0.25952061088314593,34.7,6,Syn
-0.28145733974324316,-0.32403125871263266,-0.11143109772297538,-0.1363714512058801,0.2624199147344882,0.2803278738968558,0.1263698333451585,0.14855872986071317,-0.1713720930039921,-0.20679498441796113,-0.17618057452546582,-0.259693020256696,34.7,6,Syn
1.5011534543522738,2.0166864468304535,0.6573287688651512,1.0664467018528332,0.23032208674252183,0.19054629768021103,0.3419198858748403,0.40344956533374593,-0.14025180806041299,-0.1685180631709991,-0.14370155466315937,-0.2045220207206795,34.9,6,Syn
-0.2968775488563954,-0.3282063555041111,-0.11273438117471325,-0.14278287515404534,0.08171726917212044,0.07177275414360809,0.047884493039155804,0.06216264407515762,-0.18517389120265373,-0.2310140049163966,-0.1762928435737672,-0.252156267641508,35.1,6,Syn
-0.33093674859661026,-0.3784213418871159,-0.10998386185842228,-0.13452075866285929,-0.08313961320433988,-0.08172100832052547,-0.01855443097280437,-0.01107258719176926,-0.19557702670352975,-0.24834520170376195,-0.1776275978146839,-0.25970123022686503,35.4,6,Syn
-0.34383058849826303,-0.39809938805153217,-0.11178069643981237,-0.12894982390453752,-0.10548620231267092,-0.04185705325558293,-0.061598333096639264,-0.02257714369274738,-0.20232376959261372,-0.24975646833569376,-0.18782329064561148,-0.2740933079332098,35.6,6,Syn
-0.3335239378076458,-0.3944888626909625,-0.1132150794103641,-0.14360181333902108,0.22768112621153724,0.2664164057070371,0.1023871813939092,0.11520894545126296,-0.1773022897169249,-0.22059590825738964,-0.1839229807453627,-0.26693421394579814,35.7,6,Syn
-0.29199791350899923,-0.34009877951647927,-0.11123830431295498,-0.13800932757583154,0.2701396455173662,0.2768207810758931,0.13389884352893508,0.1422916562804138,-0.1701918345192898,-0.216774956510637,-0.17398509091423833,-0.2513188506842649,35.7,6,Syn
-0.20921253721736438,-0.16435315666907818,-0.08197997640825976,-0.09050552509602221,0.06312897005019052,0.07551365315263495,0.11928154570872496,0.14090394713049037,-0.16659806786791054,-0.2037744525520056,-0.17040911382019358,-0.22356094154270661,35.8,6,Syn
-0.3466329869384263,-0.4174860425096729,-0.11276522812031652,-0.1341705548337578,-0.11310435769051104,-0.0444289213242889,-0.07265312365916,-0.04755590839136914,-0.20464333881867153,-0.2559618287799789,-0.18521199574437883,-0.2740112082315193,35.9,6,Syn
-0.3013408011300444,-0.37959601470303894,-0.11090412906891964,-0.13645765522535122,-0.02097546532116446,-0.05120930077815009,-0.01763625899917308,-0.03063480972456085,-0.19579862625575956,-0.252069260517576,-0.1813657413118307,-0.2703988213571373,36.0,6,Syn
-0.3222488455859538,-0.38469081656744936,-0.10939005815555945,-0.13395773866068847,-0.014373063993703014,-0.013566504499817266,0.055854225770275406,0.07778556321461817,-0.18431880597394085,-0.22699926730376674,-0.17434684673654285,-0.2458428005815085,36.0,6,Syn
-0.31763588254421593,-0.36865061373606606,-0.1084800732602632,-0.1351619010576758,0.14195148435957636,0.17347844595152598,0.06066544691210337,0.07084701746500102,-0.18072022194099135,-0.2265274408477179,-0.1796650731357094,-0.26383905519206624,36.1,6,Syn
-0.3386187823841697,-0.39296360922842677,-0.11406594099325412,-0.14259699773706072,-0.10365784502198928,-0.005617094105635178,-0.06523429411221918,-0.01228123709654128,-0.20443860010193746,-0.24408612539067825,-0.18711641145260266,-0.28245105756530275,36.1,6,Syn
-0.3434843823470575,-0.408543959523344,-0.11325106751356791,-0.13858312308043624,-0.001676138363969472,0.08194332332439988,-0.014624654925662447,0.03346840003964409,-0.1969234848524044,-0.24112878456794357,-0.1866881258238973,-0.2794051586325852,36.1,6,Syn
-0.32884547630486904,-0.3750703372649478,-0.11332047314117526,-0.1380524295855671,0.11086941041798865,0.1363032620493215,0.025003647456264048,0.05222485596925434,-0.18792220738846052,-0.23300662914596,-0.18119525868292854,-0.2609737756030678,36.3,6,Syn
-0.2857100612492673,-0.36281822661514584,-0.11009953790443451,-0.13720924652011512,0.5745611344158575,0.6982564350615759,0.2750769661944823,0.34301707009514487,-0.14840522636799933,-0.1749972514692412,-0.1624421695036939,-0.24555545162559175,36.3,6,Syn
-0.3424130146629217,-0.38722683501112815,-0.11532038344778682,-0.14518042444558613,-0.05073705899725988,0.1308088166298133,-0.046503585850140854,0.04833031738721116,-0.19426429022564656,-0.2272815206301531,-0.18409346337426483,-0.2587570836574243,36.5,6,Syn
-0.31793062561889085,-0.39088744332121395,-0.11236421782747409,-0.13503798277968604,-0.06079302409600885,0.008060567896119296,-0.042463629166163176,-0.006998989364574672,-0.19904072405251325,-0.24577543261278167,-0.18880876340292382,-0.2758009817283722,36.6,6,Syn
-0.33295316550430704,-0.3719060054546125,-0.11304799178834643,-0.1401617341870013,-0.052565416287941515,-0.0010578734383836872,-0.034383715798207815,-0.01331082775616189,-0.19993193964300274,-0.25299184974860006,-0.186825343549599,-0.27222143473466637,36.6,6,Syn
-0.2856445627882284,-0.336729562912669,-0.10269627095965132,-0.12672468265193898,0.19192658363820758,0.21486214123888567,0.08009396587414147,0.10446539074217834,-0.16882369815334916,-0.2093436898278678,-0.16568133945283442,-0.24475087454902483,36.6,6,Syn
-0.3156101087135136,-0.34053586707589245,-0.1098527623396084,-0.13411667732158836,-0.04626774117559367,-0.03951899137494114,0.044836162086699924,0.06140164228326412,-0.18859904949907552,-0.23807455081227027,-0.1746379146395465,-0.25521037654439466,36.7,6,Syn
-0.32533663017778647,-0.35178631873537247,-0.1119786310074333,-0.1381251642269959,0.06282424383507693,0.10158304312179091,0.0050609521889924194,0.01918842523881911,-0.1892734829189054,-0.2344010448330329,-0.17934074032950534,-0.2684530584270724,36.7,6,Syn
-0.3284665209231441,-0.37249789485798457,-0.11303513889434506,-0.14190467170568322,0.03346895177913298,0.061835991150880475,0.01167179039913771,0.040138356921534134,-0.18805468538164138,-0.2311319615304088,-0.1873991631298062,-0.25619557296468065,37.2,6,Syn
-0.3276618255446665,-0.35325238325757097,-0.11381916542842802,-0.1390841839436122,0.049517865775116174,0.1262495959625618,-0.008638173657586434,0.027828033817374663,-0.19417998604816783,-0.23943526460962541,-0.18157364695683328,-0.26916732583177977,37.3,6,Syn
-0.31892245945747955,-0.35887077959419517,-0.11051083051247802,-0.1338742285168258,0.1857304839308976,0.26290931288607444,0.03143085127168308,0.06601241784591294,-0.18208835830693199,-0.22093713989078212,-0.17861307057199624,-0.2552842662759161,37.4,6,Syn
-0.3405088808312915,-0.3984499686981448,-0.11561857058861837,-0.14472515946775424,-0.15952431779281687,-0.14239371412317992,-0.10732329738347753,-0.10225850778512503,-0.20993523247355103,-0.26712979248520635,-0.18828068306461723,-0.28268914670020523,37.4,6,Syn
-0.318660465613324,-0.37797514833688156,-0.11052882456407993,-0.1368536549397967,0.018740518048642064,0.02162132680384168,0.007264564925707517,0.010683111094127111,-0.18606269810235812,-0.232930799894095,-0.18512051726057768,-0.2651444404489452,37.6,6,Syn
-0.3259869363266724,-0.39071898249102344,-0.11288347474512903,-0.14032606059911815,0.8941173586649914,1.0645138286641125,0.32113247239182785,0.39794349354534003,-0.15525313427005777,-0.18481292684954292,-0.17285408420542417,-0.25456999887120874,37.6,6,Syn
-0.30943921799135105,-0.36680665059479156,-0.10783742856019521,-0.13388500401925968,0.11218989068348094,0.12660030524465807,0.034222094071522206,0.04918084880168036,-0.18224251451717882,-0.2280566640936619,-0.17640095450916857,-0.26543999937503104,37.7,6,Syn
-0.32451322095329777,-0.3885289916985467,-0.11292460400593338,-0.1404203462454147,0.13362230114647117,0.12695101452675434,0.04417507826568539,0.057909987002811615,-0.18929997851754157,-0.24041683214765558,-0.1859230330502877,-0.2684858983077486,37.8,6,Syn
-0.3381743285414059,-0.40358574752125026,-0.10578867725637847,-0.1216628903836186,-0.01721717533476333,0.0805404861960148,-0.03144556548258769,0.013189940526246858,-0.19880226366478768,-0.24532888257402116,-0.18292087553645014,-0.2657273483309478,37.8,6,Syn
-0.3365509023999424,-0.37249334186257405,-0.11361094854560598,-0.13827602126107036,-0.16470466344974816,-0.09761982910888964,-0.10045537102071547,-0.08591935166505883,-0.20898379961343386,-0.2652466993972257,-0.1853450553571805,-0.277574335284887,37.8,6,Syn
-0.33202215166525445,-0.4003531207797566,-0.11397854131404488,-0.13998393839684212,-0.02310854882695969,0.04383291466993869,-0.044116338718699494,-0.02445726576683719,-0.19998733953106018,-0.2516648378409627,-0.1879688245971133,-0.2811785121891,37.8,6,Syn
-0.31711657331740767,-0.3825235907520254,-0.11461861543531258,-0.14456622080685433,0.14560819894093963,0.14378506006737524,0.055413503222932384,0.05737280926735739,-0.18735134767239023,-0.23888339616549686,-0.1799935640548135,-0.27020178207308004,37.9,6,Syn
-0.32234241481600934,-0.36637411603078884,-0.11423816977287234,-0.14159218213510036,-0.13951396300035682,-0.05191071934234263,-0.07540763958005388,-0.041691718112660446,-0.20355220189301818,-0.2481050757395228,-0.18383150226156156,-0.2736499695440811,37.9,6,Syn
-0.3402936716021638,-0.4097140793438565,-0.11512244888016589,-0.14224679390795927,-0.11472956417111693,-0.05027407602589338,-0.08146757460602039,-0.04231842547069038,-0.2064859872692782,-0.2539439281331272,-0.18880876340292382,-0.28395348210623894,37.9,6,Syn
-0.24738410461852,-0.250782668547633,-0.10595319429959588,-0.1273065597833691,0.46567230021526274,0.4753222347423811,0.24507110609621174,0.3084586357809227,-0.14748269779730344,-0.16918788822913985,-0.15592640658931234,-0.22642622113170507,37.9,6,Syn
-0.3420106669736829,-0.3812259870600174,-0.11369063648841442,-0.13991928538223877,-0.14235807434141712,-0.021515914893999354,-0.07889669307985278,-0.011296411248208522,-0.20500223374565243,-0.24762482381104453,-0.1827088117785475,-0.2609573556627297,38.2,6,Syn
-0.3432925654254437,-0.4003986507338621,-0.11161874997539523,-0.13524271732593,-0.04261102659423041,-0.007253737422084432,-0.037836042419061466,-0.021592317844414625,-0.1987829941385068,-0.24936889660393935,-0.18556127722798318,-0.27344472028985484,38.4,6,Syn
-0.34104690390411085,-0.3802061160880532,-0.11434356350368349,-0.13793928681001125,-0.035703899051655365,0.11888470103854017,-0.04804611476584142,0.023396317499877254,-0.20123504135774548,-0.23972594340844122,-0.1858024477761862,-0.27557931253380785,38.5,6,Syn
-0.3340058193424318,-0.3706493787212995,-0.11297601558193882,-0.14040148911615538,0.5693807887589263,0.889159187615978,0.1623621747115051,0.2868819967401777,-0.1774444024732462,-0.20265386471888963,-0.17854654076559542,-0.25180323892423884,38.5,6,Syn
-0.3256454086369697,-0.37305791329348276,-0.1122254065722594,-0.13839455178784316,-0.019147108030482828,-0.009357993114662044,-0.027772877588062527,-0.02906804132948601,-0.19837351670503867,-0.25200606947435517,-0.1855695934537833,-0.2737156493054335,38.6,6,Syn
-0.2987115057654839,-0.35100775652016764,-0.11012267311363697,-0.13302565770015687,0.06394157329049348,0.05306825909847376,0.13426611231838761,0.1730003168238807,-0.16770606562905963,-0.19992401165174992,-0.16031321569886725,-0.22551491444294053,38.6,6,Syn
-0.34280132696765214,-0.38893420829008607,-0.11468545048411966,-0.14319773199775016,-0.1732369974729291,-0.19815648997648663,-0.10071245917333224,-0.0965286119402799,-0.2098485196052872,-0.26649366931678337,-0.1873617401137057,-0.27979102723053056,38.6,6,Syn
-0.2969196550099204,-0.30942069644016346,-0.10778858756299003,-0.12894713002892905,0.27257745523827503,0.36882351607914754,0.1398118710391206,0.18996618030197682,-0.17202725689754114,-0.20770072270412632,-0.17659222770257096,-0.2483140016023926,38.8,6,Syn
-0.3436574854226603,-0.4111118489348967,-0.111503073929383,-0.13315765760497203,-0.03011725177457261,0.05739367357766108,-0.042096360376710655,0.02384396561275578,-0.19941407112420478,-0.23665064597169433,-0.1844676935352695,-0.26400325459544727,38.9,6,Syn
-0.3323309301244377,-0.3833750008937991,-0.11336160240197961,-0.14070050930869588,0.08852282130965762,0.13022430115965286,0.017474637272487468,0.03521422767987034,-0.1907716885872418,-0.23810403996577334,-0.18551137987318256,-0.2724102640485545,38.9,6,Syn
-0.2916423504347882,-0.36173461370743387,-0.11144909177457728,-0.13956099992631188,-0.03600862526676897,-0.06102916067684561,-0.023218744598851326,-0.0340817001937255,-0.1898106209639842,-0.24137312326839744,-0.17582713492896138,-0.25760768783375726,38.9,6,Syn
-0.298206231923184,-0.3331463555245626,-0.11159047360859224,-0.13876361274620394,0.17983911043870127,0.24619217043948566,0.07260168256931014,0.1011080298955894,-0.17567401474619274,-0.21065385079064627,-0.1738936124304372,-0.26245978020366584,39.0,6,Syn
-0.3383942162320364,-0.3948576553192174,-0.10779629929939086,-0.12431366398235584,-0.03387554176097374,0.09585479151421852,-0.04239017540827267,-0.006148457950105472,-0.20112424158163056,-0.2504599952835523,-0.18613093869529032,-0.2759159213107389,39.1,6,Syn
-0.3307496101364992,-0.3708360515331322,-0.11003784401322798,-0.1333516166487821,0.07237233190863655,0.12589888668046553,0.025848365672004835,0.058402399926977995,-0.1909234361067035,-0.2378470630566753,-0.1837649724551607,-0.2659900673763574,39.1,6,Syn
-0.25756911531006504,-0.35821514825507533,-0.1087448428766912,-0.13084631233290236,0.3503842154972822,0.4096226958963468,0.16607158948497552,0.2072453974590879,-0.1629802143086802,-0.2006738786979704,-0.17038416514279328,-0.24296110105217192,39.1,6,Syn
-0.34211359312674394,-0.39138371982096437,-0.11360323680920517,-0.14033414222594356,-0.060081996260743765,-0.0038635476951538357,-0.04826647603951293,-0.016668188602750836,-0.19960435769622822,-0.2462598972774747,-0.18756548764580827,-0.2724759438099069,39.3,6,Syn
-0.340415311601236,-0.4036995724065141,-0.1137934596404253,-0.14220638577383216,-0.008684841311582387,0.02676506294125362,-0.0350815264981676,-0.023203851050777317,-0.19735945788450873,-0.24923830178128298,-0.18498745764777602,-0.2761950602964866,39.5,6,Syn
-0.3117363425892144,-0.39280425438905736,-0.10904045943872248,-0.13756214422482507,0.09075748022049072,0.16681496959169687,0.016887007209363442,0.018516953069501317,-0.19218799876888457,-0.24504241651142009,-0.18346143021345693,-0.2763756796402057,39.6,6,Syn
-0.30875148415044285,-0.31152418031983964,-0.11016123179564104,-0.13216631138105406,0.4843621747422305,0.6640038285101736,0.21164964625603278,0.3082348117244834,-0.16720264925497233,-0.19666756655776998,-0.18394377130986295,-0.25342881301771075,39.7,6,Syn
-0.27218930750624243,-0.31131018953554357,-0.10928723500354859,-0.13775071551741816,0.02270195884511893,0.04383291466993869,0.018502989882954513,0.008355340907158774,-0.18595912439859852,-0.23783442484803113,-0.1709704590617006,-0.2538967813173466,39.7,6,Syn
-0.34428439926403237,-0.4090493420139156,-0.1113745449893694,-0.1345584729213779,-0.05947254383051656,0.018815652547071533,-0.04367561617135648,0.005221804117009092,-0.2007075380758071,-0.24794077902714867,-0.18445521919656935,-0.2618522424111561,39.8,6,Syn
-0.3293413932241634,-0.38488659537010317,-0.11077560012890604,-0.13685634881540518,0.05794862439325924,0.08860679968422898,0.03234902324531437,0.05777569256894806,-0.18639268873991774,-0.22907193352140987,-0.18494171840587545,-0.2709735192689708,40.0,6,Syn
-0.3387825285367669,-0.39340069678783995,-0.11420732282726907,-0.14068165217943657,-0.01467779020881662,0.01647759066642974,-0.008234177989188666,0.014711944110033846,-0.19369102181879116,-0.24165116385856908,-0.18559870024408365,-0.27034956153612294,40.0,6,Syn
-0.28811011200019176,-0.3421794984191026,-0.10357026775174379,-0.12298288943177027,0.21153063681051618,0.18727301104731253,0.05967382118058157,0.0841869312287811,-0.17482133820826495,-0.22182181449587368,-0.1776650208307844,-0.2527884353445249,40.0,6,Syn
-0.3253506655622948,-0.3671299132689409,-0.10783742856019521,-0.13133659769364442,-0.11970675901797248,-0.1606305967921859,-0.046503585850140854,-0.0502417970686403,-0.19736186657529384,-0.2500934872328715,-0.18293750798805036,-0.2639129449235877,40.1,6,Syn
-0.28007251513842124,-0.3156810651296758,-0.10064494907703432,-0.12154974760806275,-0.05429219817358527,-0.11386935917935008,-0.0079036360786814,0.006206629965341849,-0.18993587288480976,-0.24434310229977627,-0.17166902202890935,-0.2589048631204672,40.1,6,Syn
-0.14361582848693136,-0.06963719314331435,0.03354954661236204,0.09228201656568262,0.1809564398941178,0.1564105942228409,0.07755981122691911,0.08942441414945985,-0.17670734309300354,-0.221514284752199,-0.17102867264230134,-0.25726286908665713,40.1,6,Syn
-0.3054391334064769,-0.3488632956817965,-0.10723077196333103,-0.12966908869199975,0.058151775203334984,0.06896707988683794,0.023167303509001466,0.035796170226612425,-0.18386356341555565,-0.2294679307255937,-0.18360280605205867,-0.25301010453908923,40.1,6,Syn
-0.297368787314187,-0.34566253990817675,-0.10755723547096556,-0.13285055578560614,0.06150376356958464,0.01413952878578795,0.028125432166610436,0.028723330043131715,-0.18400808486266207,-0.23364275231438297,-0.17303704117302646,-0.2611051351257726,40.1,6,Syn
-0.28456851664258975,-0.36296847546369415,-0.1040818129329979,-0.13206394410793207,-0.02097546532116446,0.009697211212568549,0.04013512158170771,0.02469449702722498,-0.18440070146063448,-0.23553427087479306,-0.17142785148070633,-0.25823164556660505,40.2,6,Syn
-0.2486940738392975,-0.2648468713708356,-0.11086814096571583,-0.1404526727527164,0.18766041662661712,0.20515918443422224,0.0966210613995047,0.10912093111611501,-0.1689489500741747,-0.21298770665360214,-0.17035921646539295,-0.2396278531635376,40.4,6,Syn
-0.3375754854690505,-0.3983862267623971,-0.1112999982041615,-0.1353316152210096,-0.09593811423911129,-0.06640670300232174,-0.0419861797398749,0.00011861563019389375,-0.19704391939165974,-0.23646107284203186,-0.18146969413433198,-0.27062870052187066,40.5,6,Syn
-0.34060245006134704,-0.37641802390647194,-0.11561857058861837,-0.14373381324383624,-0.12702018818069902,-0.05623613382152994,-0.08176138963758241,-0.04849596942841405,-0.20736275071505703,-0.2585315978709592,-0.1876486499038093,-0.28286976604392433,40.5,6,Syn
-0.31851075484523517,-0.3544907980092418,-0.10906359464792492,-0.1325676988467165,-0.11249490526028383,-0.10673827044339261,-0.05267370151294312,-0.05574786885704617,-0.2019624659748477,-0.25917614651181164,-0.1819645095694382,-0.2745694862030147,40.7,6,Syn
-0.3470306561661623,-0.41266442036989576,-0.11369063648841442,-0.13991928538223877,-0.1350446451786906,-0.09411273628792695,-0.08657261077941036,-0.058836640835908,-0.20682079528840802,-0.255915488681617,-0.18746569293620702,-0.27651524913307957,40.7,6,Syn
-0.32954256706878277,-0.3871721990662015,-0.11347984902679212,-0.14237609993716596,-0.06871590568896258,-0.048403626521379944,-0.03203319554571171,-0.008744817004800924,-0.19742208384492152,-0.24950370416281045,-0.18071291758652253,-0.2700129527591919,40.8,6,Syn
-0.24132081851092133,-0.3353363463170393,-0.10939262873435973,-0.13872589848768532,0.16358704563264231,0.17628412020829612,0.07502565657969675,0.06847448246674484,-0.17479243391884366,-0.22005667802190526,-0.16907020146637683,-0.24788708315360197,40.9,6,Syn
-0.32648285324596676,-0.3798874064093144,-0.11096839353892643,-0.1387878576266802,0.1250899671232902,0.1775700542426491,0.06305269404354473,0.09663154876680413,-0.186917783331071,-0.23311616028754276,-0.1871122533397026,-0.2626896593683993,40.9,6,Syn
-0.3153247225618442,-0.3598269086304116,-0.10646731005965027,-0.1323387194199963,0.2467773023586565,0.32568627438130654,0.0955559819100924,0.1302946868552693,-0.17224885644977095,-0.20782710479056796,-0.1815029590375324,-0.2641017742374759,41.0,6,Syn
-0.32752147169958323,-0.36612370128320837,-0.11154163261138707,-0.13463390143841514,0.2856806824881601,0.5590248500693572,0.08093868408988227,0.20831975292999638,-0.1840899803493557,-0.2073889802242369,-0.1877359702747104,-0.2793394788712328,41.0,6,Syn
-0.0045438818553892495,0.07207478901019232,-0.028815265661035497,-0.015629252558520764,0.19334863930873775,0.17675173258442448,0.23390613489685524,0.2641414726059486,-0.15080428238996563,-0.1732784550936347,-0.1494896478200318,-0.20641852382973006,41.1,6,Syn
-0.3323964285854766,-0.374373728967133,-0.11312767973115485,-0.13934548987763407,0.08862439671469548,0.1742967676097506,0.04986774450219939,0.11605947686573216,-0.18254360086531718,-0.21867490054347652,-0.1822306287950415,-0.26111334509594164,41.2,6,Syn
-0.33957786699223896,-0.40876250330305064,-0.10935407005235565,-0.13494100325778102,-0.01467779020881662,-0.03624570474204263,-0.04169236470831289,-0.05552404480060691,-0.1982747603828493,-0.25543523675313873,-0.18530763234108003,-0.2689620765775535,41.3,6,Syn
-0.3305765070608964,-0.37658648473666245,-0.11503247862215636,-0.1409645091183262,-0.059167817615402955,0.046989298208805104,-0.05035990813939227,-0.008968641061240188,-0.20078220749014541,-0.24729623038629625,-0.18720373182350375,-0.277237726507956,41.3,6,Syn
-0.27847715976597437,-0.3294493232511924,-0.10862916683067897,-0.1343887587580441,-0.08781208183608183,-0.11012846017032321,0.00392241894168962,-0.0077599911564681665,-0.1909162100343482,-0.2458554746008614,-0.17081245077149862,-0.24870808017050697,41.4,6,Syn
-0.21297869872709968,-0.2037593319474268,0.0013967469785606138,0.021371128923853133,0.16673588318881624,0.21158885460598717,0.060151270606869846,0.07988950934514726,-0.17634844816602263,-0.21347638405450986,-0.17537805873575577,-0.25213163773100083,41.4,6,Syn
-0.31888035330395453,-0.32210534165396815,-0.11330762024717389,-0.1402506320820809,0.024225589920686956,0.06394024684345809,0.016997187846199194,0.04774837484046907,-0.1868093922457412,-0.22738683903552115,-0.18635963490479318,-0.2717780963455377,41.5,6,Syn
-0.29553950886660124,-0.3704581529140562,-0.10863944914588006,-0.1369048385763577,-0.005942305375559943,-0.03531047998978592,0.00528131346266393,-0.005476985780787683,-0.19251076333408887,-0.25012297638637454,-0.17601425000946372,-0.2655138891065525,41.6,6,Syn
-0.31539022102288305,-0.38278311149042704,-0.11001984996162609,-0.1371823077640304,-0.03712595472218552,-0.05740516476185084,-0.026120168035526203,-0.03690188330486022,-0.1978098830613237,-0.2549718357695193,-0.1807586568284231,-0.2674842819471245,41.6,6,Syn
-0.3048823964876464,-0.37051278885898287,-0.1128037868023206,-0.14272360989065894,-0.0904530423670664,0.00022806059596929768,-0.04037019706628383,-0.016981542281765804,-0.1997464704525495,-0.2455690085382603,-0.17566912663875942,-0.26598185740618835,41.6,6,Syn
-0.34586104079046814,-0.41017848487573305,-0.11424331093047288,-0.1406870399306535,-0.1546486983509992,-0.06722502466054636,-0.08925367294241374,-0.046973965844627055,-0.20771682826046772,-0.2524315558320421,-0.18766528235540952,-0.28236074789344323,41.6,6,Syn
-0.308685985689404,-0.38892510229926497,-0.11181668454301617,-0.13966067332382537,-0.0436267806446091,-0.08628022898777694,-0.018260615941242356,-0.03220157811963569,-0.19297804934639956,-0.2466516817454438,-0.17816399437879063,-0.2646354222984641,41.6,6,Syn
-0.29328449042226284,-0.31239380244325554,-0.1113925390409713,-0.13620443091815476,-0.010817924817377624,0.012970497845467055,0.07429111900079172,0.0807848055709043,-0.18424172786881743,-0.2321977837927334,-0.1775153287663825,-0.25285411510587724,41.7,6,Syn
-0.3323964285854766,-0.4003440147889355,-0.11088099385971718,-0.13379610612418008,-0.01701402452468759,-0.04618246773477024,-0.026671071219704977,-0.033544522458271275,-0.19683918067492567,-0.25397763002284496,-0.1806879689091222,-0.27038240141679915,41.8,6,Syn
-0.3375193439310172,-0.4116627613795738,-0.11197091927103249,-0.1350837786650301,-0.006145456185635679,-0.01029321786691876,-0.004010586910484729,-0.007222813421013935,-0.19364766538465925,-0.24537522267238313,-0.1833741098425558,-0.2703249316256158,41.9,6,Syn
-0.31881485484291566,-0.3701576552169596,-0.1106599240828938,-0.13402777942650876,0.18918404770218514,0.24502313949916477,0.06867190652216822,0.09291606942991236,-0.18638305397677732,-0.23444317219518013,-0.1854406919538817,-0.27309990154275476,42.1,6,Syn
-0.31311648873253356,-0.3243772863638348,-0.11227938872706512,-0.13702875685434746,0.030929566653186264,0.03401305477124317,-0.011539597094261311,-0.009819172475709386,-0.19088730574492693,-0.24622619538775692,-0.18212251785964015,-0.2705876506710254,42.3,6,Syn
-0.3251494917176754,-0.3814263188580818,-0.11478570305733027,-0.14455544530442044,-0.02879677150908032,-0.026425844843347115,-0.024394004725099377,-0.014474712849646059,-0.19286002349792933,-0.24397659424909549,-0.17642590318656887,-0.26557956886790485,42.3,6,Syn
-0.3369672854736895,-0.39777157238197225,-0.11120745736735171,-0.13904646968509357,0.07846685621090865,0.13279616922835882,0.008072556262503052,0.03154351315426643,-0.18850992794002658,-0.23246318617426087,-0.18326599890715448,-0.25919221207638393,42.4,6,Syn
-0.34383994542126856,-0.3954176737547156,-0.1134721372903913,-0.14020753007234535,-0.10792401203357976,0.06744733966442078,-0.06211250940187279,0.04439101399388013,-0.2026995253550904,-0.23344054097607633,-0.18360696416495872,-0.2604975973332629,42.5,6,Syn
-0.333079483964882,-0.3692379501440276,-0.11339244934758287,-0.13841610279271094,-0.03133615663502703,0.1509161488033327,-0.021162039377917236,0.08284398689014552,-0.19743412729884705,-0.2260219125019513,-0.18720373182350375,-0.28110462245757856,42.5,6,Syn
-0.3065853564746572,-0.3608740975748391,-0.10933607600075375,-0.13431333024100686,0.3221462528967548,0.3696418377373722,0.1259291107978155,0.15849651796661643,-0.1736916622300499,-0.2099798129962908,-0.1846839154060722,-0.2621724312477491,42.7,6,Syn
-0.3386187823841697,-0.40099509313264475,-0.11394769436844161,-0.14118001916700404,-0.056120555464266905,0.030389058856248395,-0.041068007766243614,0.0014167951575416195,-0.19963567067643462,-0.24473067403153068,-0.18297077289125077,-0.2685679980094391,42.7,6,Syn
-0.2969991888554676,-0.33214469653424067,-0.10910215332992901,-0.13546630900143322,0.18522260690570827,0.22970883418096102,0.0830321161897616,0.11605947686573216,-0.17481892951747985,-0.21227575423331416,-0.1793615308940056,-0.2573695986988548,43.1,6,Syn
-0.3353719301012426,-0.3872222820157176,-0.11309940336435187,-0.13956099992631188,0.025952371806330716,0.09982949671130957,-0.030049944082668128,-0.01125164643692067,-0.1958443913806766,-0.24389655226101578,-0.18679623675929866,-0.27492251492028386,43.1,6,Syn
-0.33776262392916157,-0.38866558156086334,-0.11270353422910999,-0.13709879762016774,-0.09380503073331606,-0.07529133814876053,-0.06578519729639795,-0.058747111213332294,-0.20313068100562448,-0.257625859584794,-0.1873617401137057,-0.2817450001307645,43.4,6,Syn
-0.3076894733893125,-0.3609742634738713,-0.11098638759052834,-0.13855079657313457,0.16866581588453575,0.20702963393873566,0.08578663211065547,0.12904127213920943,-0.17825853995861227,-0.22237789567621696,-0.1765464884606704,-0.25681953069752844,43.5,6,Syn
-0.33852521315411416,-0.3999023742341117,-0.11179354933381372,-0.13554443139407893,0.2737963600987295,0.386358980183961,0.12225642290329033,0.2029032107641662,-0.17291606379724553,-0.1973500298245549,-0.1810788315217271,-0.263469606534459,43.5,6,Syn
-0.2832304766527956,-0.3453574892156696,-0.10607658208200893,-0.13112647539618355,0.6055416329524075,0.6877351565986878,0.27474642428397505,0.3588190484797569,-0.15320092972114685,-0.1710709813171205,-0.17870870716869744,-0.24965222673994775,43.6,6,Syn
-0.3182768317700963,-0.3497966597409602,-0.11031546652365735,-0.13368026947301576,0.4103137044696245,0.5147185774311953,0.1443660040283318,0.18419151964584382,-0.16357275224181647,-0.19041586601512286,-0.17047148551369437,-0.24348653914299112,43.7,6,Syn
-0.32503253018010597,-0.37779758151586995,-0.111767843545811,-0.13449381990677456,-0.004926551325181259,0.10018020599340584,0.0017922599628650258,0.06046158124621922,-0.19287206695185488,-0.23737523660062645,-0.180351161764218,-0.2706122805815326,43.7,6,Syn
-0.33572749317545364,-0.37959146170762836,-0.11147222698377973,-0.13599161474508542,-0.009903746172036808,0.03997511256687974,-0.03016012471950388,-0.016444364546311572,-0.19771594412070453,-0.2517448798290424,-0.18482113313177392,-0.275603942444315,43.7,6,Syn
-0.3077175441583292,-0.3525011390148295,-0.10739014784894789,-0.13111031214253271,0.18908247229714728,0.21077053294776252,0.05938000614901956,0.08150104255150994,-0.1766254476063099,-0.2187633680039857,-0.18289592685904985,-0.25154051987882925,43.8,6,Syn
-0.3258793317121086,-0.39300458618712175,-0.11317909130716029,-0.13629063493762592,-0.04718191982093449,-0.06477005968587247,-0.037982949934842476,-0.0477797324478084,-0.1953867401315063,-0.2498196593789146,-0.18193124466623778,-0.2657766081519621,43.9,6,Syn
-0.32562201632945587,-0.383825747439444,-0.11201976026823765,-0.1388363473876327,-0.12244929495399492,-0.08534500423552023,-0.09083292873705956,-0.060671998098709955,-0.2070977947286953,-0.25998920460125297,-0.18666733525939702,-0.2787483610190612,43.9,6,Syn
-0.34251126235448,-0.39053230967919067,-0.11375747153722149,-0.13840802116588552,-0.15556287699634,-0.11199890967483664,-0.09454234351052997,-0.06644665875484294,-0.20769033266183154,-0.25683807791264107,-0.1826464400850467,-0.26477499179133795,44.0,6,Syn
-0.34696983616662624,-0.4170034249961541,-0.11420218166966853,-0.1413416517035124,-0.12275402116910854,-0.0800843650040762,-0.0761421771589589,-0.04589961037371859,-0.20587177111907595,-0.2541966923060105,-0.186584173001396,-0.27840354227196107,44.0,6,Syn
-0.33248531935402936,-0.38417177509064615,-0.11216885383865342,-0.13642532871804955,0.06617623220132658,0.09655621007841106,0.004950771552156665,0.021874313916090266,-0.18644327124640497,-0.22677177954817176,-0.18230547482724244,-0.2609737756030678,44.0,6,Syn
-0.3045689395669604,-0.33836864126046856,-0.11197091927103249,-0.13808744996847727,0.32651399531338315,0.3862420770899289,0.16489632935872744,0.21310958773779662,-0.17353991471058816,-0.2143736968682456,-0.17701635521837628,-0.24783782333258766,44.1,6,Syn
-0.303885884187555,-0.32418150756118097,-0.10979620960600242,-0.13502720727725215,-0.0416968479488896,-0.03531047998978592,0.04138383546584627,0.05222485596925434,-0.18665282734470925,-0.23317513859454886,-0.1762928435737672,-0.24377388809890788,44.1,6,Syn
0.057492517671430654,0.2533431952905959,0.05656650918999699,0.11387881731880904,0.1235663360477222,0.14472028481963195,0.20511226180377798,0.23737211545581272,-0.16153740852840126,-0.19868967994083644,-0.1473565359023051,-0.210014490763774,44.1,6,Syn
-0.3274887224690638,-0.3766229086999469,-0.10963683372038556,-0.1362205941718056,-0.08263173617915054,-0.10498472403291127,-0.04514469132916654,-0.04652631773174853,-0.19921174109825582,-0.25409137390064246,-0.18277949969784837,-0.2708011098954207,44.2,6,Syn
-0.3482610915413926,-0.42137885358569693,-0.11336417298077987,-0.1370637772372576,-0.09746174531467931,0.03635111665188496,-0.059725262270431435,0.0035207412880706923,-0.20275492524314784,-0.2464958105054991,-0.18839295211291862,-0.2840848416289437,44.3,6,Syn
-0.33740706085495054,-0.3984135447348604,-0.11290146879673094,-0.14203128385928143,0.0017774254073180517,-0.002577613660800851,-0.0002644452580690647,0.010056403736097175,-0.1948809150666339,-0.24681597845781797,-0.18476707766407324,-0.26477499179133795,44.4,6,Syn
-0.16214721449943012,-0.11480746061142487,-0.012517796067311397,0.03604466936320447,-0.009802170766998939,-0.02525681390302622,0.053577159275669806,0.06928024906992618,-0.18089364767751906,-0.22554587330968773,-0.16620110356534093,-0.23068719564944207,44.5,6,Syn
-0.295188624253893,-0.3299729177234062,-0.10639790443204292,-0.13011896591861472,0.13341915033639543,0.13022430115965286,0.051336819660009456,0.04913608399039251,-0.17768286286097176,-0.22560063888047913,-0.17744464084708161,-0.2440201872039794,44.6,6,Syn
-0.31627912870841063,-0.36256781186756537,-0.11009953790443451,-0.1395987141848305,0.13910737301851606,0.13793990536577075,0.044762708328809415,0.06480376794114093,-0.18585795938562405,-0.23336049898799663,-0.18518288895407845,-0.27401941820168835,44.9,6,Syn
-0.3409626915970609,-0.38261920365564706,-0.11236421782747409,-0.13516998268450123,-0.10579092852778452,-0.030751259322534426,-0.0579256452021141,0.007728633549128838,-0.20217683945472223,-0.24392604141451882,-0.18418909997096602,-0.26139248408168936,44.9,6,Syn
-0.34499552541245443,-0.4070642360149138,-0.11415077009366309,-0.13977112222377275,-0.09512551099880835,-0.028530100535924724,-0.06031289233355546,0.007146691002386754,-0.2041326963722289,-0.24439365513435293,-0.18709977900100244,-0.28200771917617407,44.9,6,Syn
-0.34607625001959585,-0.4129922360394557,-0.11088613501731773,-0.131676026020312,-0.10152476151619405,-0.06991379582328441,-0.06853971321729183,-0.0511818581056852,-0.20300061170322872,-0.2543314998648816,-0.1866174379045964,-0.27888793051193506,44.9,6,Syn
-0.16787832984033166,-0.16207210596839042,-0.10168089233354391,-0.12632060131066808,0.5905084730068029,0.6741743976909654,0.31397073099750383,0.3800823338414869,-0.12652467927608968,-0.13637067311645726,-0.15884540184514886,-0.22546565462192622,44.9,6,Syn
-0.3389322393048557,-0.38052482576679203,-0.11399653536564677,-0.14185079419351376,-0.15769596050213525,-0.1226370912317568,-0.09468925102631097,-0.06689430686772146,-0.207745732549889,-0.26086545373391506,-0.1860186696469889,-0.27954472812545905,45.0,6,Syn
-0.34343759773202975,-0.40789288117963474,-0.11525354839897975,-0.1443722617630443,0.0471816314592452,0.14600621885398493,-0.01150287021531606,0.02317249344343799,-0.19664166803054692,-0.2446759084607393,-0.18607272511468959,-0.2794051586325852,45.0,6,Syn
-0.3325087116615432,-0.34105490855269566,-0.11320222651636275,-0.13566026804524325,-0.16958028289156585,-0.1315217263781956,-0.10137354299434677,-0.09997550240944456,-0.2083816269171572,-0.2644378540439991,-0.18043016590931898,-0.25745990837071436,45.1,6,Syn
-0.33796379777378094,-0.3650082174076225,-0.11208145415944418,-0.13474973808957946,-0.08293646239426415,-0.03788234805849189,-0.048707198586855946,-0.0030149211599557893,-0.19912502822999198,-0.24127623033545884,-0.1876777566941097,-0.2632725672504018,45.1,6,Syn
-0.33863281776867804,-0.3646212127977254,-0.11471115627212237,-0.13926467360937989,-0.15850856374243819,-0.12018212625708291,-0.09281618020010314,-0.05073420999280667,-0.20786857577992945,-0.2539144389796241,-0.18836384532261827,-0.28016868585830684,45.1,6,Syn
-0.08949070736130697,0.058889314301226695,0.32237721003211695,0.6234981233028677,0.14093573030919768,0.15150066427349315,0.16361088859564366,0.17841685898971085,-0.16403040349098674,-0.20136476743718476,-0.1606375485050713,-0.22650011086322655,45.6,6,Syn
-0.29968930421956425,-0.2882082908223904,-0.10712537823251989,-0.1277833757660688,0.3763875191869765,0.4770757811528625,0.12699419028722778,0.16404735456631017,-0.1745611996034734,-0.20886343789938952,-0.18203519748873906,-0.25310041421094875,46.0,6,Syn
-0.3079795380024847,-0.35692209755847787,-0.11263155802270237,-0.13535316622587737,-0.03804013336752634,-0.07073211748150904,-0.024394004725099377,-0.0331416391566806,-0.1951699579608467,-0.2480039700703695,-0.18534089724428043,-0.27846101206314444,46.0,6,Syn
-0.3364994393234118,-0.35360296390418366,-0.11270867538671053,-0.13818173561477382,-0.07308364810559091,0.1785052789949058,-0.05755837641266159,0.06525141605401945,-0.20268266451959463,-0.23491921138744368,-0.18711641145260266,-0.27584203157921744,46.0,6,Syn
-0.3411498300571719,-0.40346736964057583,-0.11369577764601496,-0.1390626329387444,-0.14388170541698514,-0.00772134979821279,-0.09388125968951544,-0.04585484556243074,-0.20972085899367654,-0.2636879869977787,-0.1882557343872169,-0.28044782484405456,46.0,6,Syn
-0.32431672557018115,-0.3725980607570168,-0.11143109772297538,-0.13763218499064536,-0.04454095928994991,-0.06628979990828965,-0.04037019706628383,-0.05592692810219758,-0.19743412729884705,-0.2524315558320421,-0.181868872972737,-0.27048092105882776,46.3,6,Syn
-0.302795802657408,-0.346773470788352,-0.10363196164295031,-0.12776721251241796,-0.015591968854157435,-0.03262170882704786,0.07789035313742637,0.09385613046695726,-0.1821991580830469,-0.22876440377773516,-0.1706419681425965,-0.23864265674325158,46.4,6,Syn
-0.3395030116081945,-0.3767412865806213,-0.11173185544260719,-0.13432679961904923,-0.11808155253736659,-0.06044464520668517,-0.06358158455968285,-0.03076910415842441,-0.2032125764923181,-0.25232202469045933,-0.18600619530828877,-0.26913448595110356,46.5,6,Syn
-0.34066327006088315,-0.40032580280729324,-0.11284491606312495,-0.13737357293223196,-0.024225878282376243,0.007943664802087207,-0.03691787044543018,-0.023561969541080138,-0.19726311025310447,-0.24842524369184169,-0.1874157955814064,-0.27765643498657755,46.8,6,Syn
-0.32580447632806414,-0.3745330838065024,-0.11375233037962094,-0.13912997982895622,-0.051041785212373486,-0.08359145782503889,-0.03577933719812738,-0.04348231056417455,-0.1988841591514813,-0.2579418148008982,-0.18065054589302174,-0.26993906302767046,46.9,6,Syn
-0.3313999162853852,-0.3839122543522445,-0.11203775431983956,-0.1402721830869487,0.22961105890725675,0.3461443158369222,0.08975313503674265,0.1380389992080678,-0.1728727073631136,-0.2049919333180602,-0.1811120964249275,-0.2627224992490754,46.9,6,Syn
-0.3288969393813996,-0.39707041108874686,-0.11240791766707872,-0.14153291687171396,0.18948877391729874,0.20492537824615806,0.09573961630481866,0.11570135837542934,-0.178410287478074,-0.21854009298460542,-0.18367349397135957,-0.2741425677542241,46.9,6,Syn
-0.32843377169262467,-0.3897127705052909,-0.11358010160000272,-0.13898181667049023,0.06556677977109937,0.12285940623563121,0.008219463778284058,0.020218015898439717,-0.19071147131761412,-0.23971330519979706,-0.18727441974280462,-0.27197513562959486,47.0,6,Syn
-0.3191517040711156,-0.34899077955329205,-0.10979106844840188,-0.13272394363200793,-0.05469849979373675,-0.059743226642492625,0.005207859704773427,0.010951699961854227,-0.19126547019818868,-0.2419629063384585,-0.18109962208622735,-0.25487376776746357,47.0,6,Syn
-0.3142580333392111,-0.38007407922114717,-0.10894277744431215,-0.13382843263148175,0.1424593613847657,0.18283069347409314,0.0738503964534487,0.09385613046695726,-0.1784464178398506,-0.2222683645346342,-0.17225531594781668,-0.26071926652782723,47.1,6,Syn
-0.3124006841226087,-0.3366567149861001,-0.10802251023381479,-0.1335186369365074,-0.09451605856858114,-0.1236892190780456,-0.026597617461814473,-0.036364705569405985,-0.1969837021220321,-0.2547569862225685,-0.18196035145653813,-0.2664087758549789,47.2,6,Syn
-0.2565071045489347,-0.329453876246603,-0.10184283879796105,-0.1269913763371778,0.07633377270511342,0.07177275414360809,0.041530742981627275,0.03472181475570396,-0.18361065088311945,-0.23539103784349252,-0.17371481357573496,-0.2601445686159937,47.2,6,Syn
-0.3092848287617594,-0.3774105769059728,-0.10908158869952683,-0.13139586295703082,0.009700307000271783,-0.004331160071282193,0.07440129963762747,0.08987206226233839,-0.18160662014991064,-0.22637578234398792,-0.17649659110586977,-0.25080162256361477,47.3,6,Syn
-0.34102351159659694,-0.3826556276189315,-0.11404794694165221,-0.13786116441736554,-0.1122917544502081,0.06686282419426033,-0.06152487933874876,0.01918842523881911,-0.20315958529504577,-0.23558903644558443,-0.18175660392443557,-0.2620410717250443,47.3,6,Syn
-0.3383801808475281,-0.4026705954437288,-0.11212001284144826,-0.1404526727527164,-0.0043170988949540485,0.0939843420097051,-0.03717495859804694,0.0207999584451818,-0.20193356168542645,-0.25098237457417777,-0.1823262653917427,-0.2750292445324815,47.4,6,Syn
-0.34138843159381355,-0.41247774755806305,-0.1155054651214064,-0.14313038510753834,-0.14103759407592484,-0.03799925115252398,-0.09329362962639141,-0.05749369649727242,-0.20961728528991694,-0.26506133900377793,-0.18659664734009615,-0.27837070239128486,47.4,6,Syn
-0.2491198138360502,-0.2988896180555511,-0.10671408562447637,-0.13494639100899797,0.7055934069147077,0.8096650836741571,0.30526646068747915,0.36656336083255536,-0.14733576765941192,-0.1700262227358695,-0.166766606919748,-0.2344637819272051,47.5,6,Syn
-0.29916999499275604,-0.3487175998286588,-0.11283977490552441,-0.14014018318213353,0.17709657450267882,0.2098353081955058,0.09805340967836952,0.10334627045998201,-0.17506702466834584,-0.21613040786978457,-0.16798077588656318,-0.2498738959345121,47.6,6,Syn
-0.29498277194777084,-0.38961715760166926,-0.10772946425058379,-0.13511879904794025,0.0690203435423869,0.059497929270238684,0.025591277519388073,-0.0011347990858659794,-0.18844489328882869,-0.24396816877666605,-0.17819725928199104,-0.27158926703164954,47.7,6,Syn
-0.3035864626513773,-0.3632735261562013,-0.1116393146057974,-0.13779381752715372,0.25784902150778416,0.35304159838481547,0.11836337373509366,0.13168239600519271,-0.1728293509289817,-0.2104853413420574,-0.16975213198198535,-0.25580149439656624,47.8,6,Syn
-0.32693198555023334,-0.3794912958085962,-0.10987075639121031,-0.13463120756280667,0.13341915033639543,0.1609698148900924,0.02188186274591766,0.041302242015018295,-0.18800410287515415,-0.23414406792393486,-0.18240111142394363,-0.2669834737668124,47.9,6,Syn
-0.31056204875201743,-0.3706630377075311,-0.10930008789754994,-0.1329044332977756,0.3927411593980733,0.5024437525578259,0.17172752884254425,0.2225549629195335,-0.15751248622648792,-0.18889506824160832,-0.1697396576432852,-0.24732059521193753,48.3,6,Syn
0.15563260461517886,0.23959314915072152,-0.06144362237288723,-0.058305629947946844,0.08578028537363518,0.051899228158152864,0.014242671925305324,0.01202605543276269,-0.19030199388414598,-0.2424347327945073,-0.1763884801704684,-0.26207391160572047,48.3,6,Syn
-0.3225108394301093,-0.3648352035820215,-0.112646981495504,-0.14043650949906553,-0.08141283131869612,-0.11270032823902919,-0.005516388947240046,-0.002432978613213705,-0.19376569123312948,-0.24803767196008727,-0.17899561695880103,-0.2601363586458247,48.4,6,Syn
-0.33708424701125894,-0.39888705625755805,-0.11561857058861837,-0.14575960770140778,-0.10365784502198928,-0.03531047998978592,-0.07434256009064158,-0.03896106462410144,-0.20500223374565243,-0.2536532493343114,-0.18197698390813835,-0.27433139706811227,48.6,6,Syn
-0.3335052239616347,-0.3697660976116519,-0.1151121665649648,-0.1428286710393894,-0.08811680805119543,-0.015436954004330698,-0.0749301901537656,-0.034842701985619,-0.2050961726862716,-0.25155530669938,-0.18880876340292382,-0.2856201060505561,48.6,6,Syn
-0.30103670113236397,-0.33322375644654206,-0.1104491366212715,-0.137766878771069,0.1216364033520027,0.1430836415031827,0.08002051211625097,0.10818087007907011,-0.17297146368530297,-0.20870335392323008,-0.1775153287663825,-0.24322382009758153,48.7,6,Syn
-0.19194433581061535,-0.2196447329348512,-0.11138482730457049,-0.13545283962339086,0.0269681258567094,-0.012865085935624729,0.05758038908070223,0.06283411624447541,-0.1781959139981995,-0.21941212938105284,-0.15734848120113015,-0.23478397076379806,48.8,6,Syn
-0.33783747931320596,-0.3709999593679122,-0.11446438070729627,-0.14183463093986293,-0.0978680469348308,-0.009474896208694133,-0.06023943857566495,-0.0018510360664716213,-0.2028175512035606,-0.2441535291701138,-0.18463401805127158,-0.2700622125802062,49.0,6,Syn
-0.31933884253122663,-0.31698777481250495,-0.11042600141206906,-0.135191533689369,0.0676998632768946,0.0894251213424536,0.022212404656424926,0.04457007323903154,-0.1850534566633984,-0.22724781874043531,-0.18638874169509353,-0.2605632770946153,49.1,6,Syn
-0.3034507872677968,-0.3731444202062833,-0.10794282229100635,-0.13543128861852308,0.15972718024120333,0.18528565844876702,0.049169933802239614,0.060774934925234184,-0.17938821593682733,-0.22542791669567552,-0.16645059033934403,-0.25576865451589004,49.3,6,Syn
0.4150299026366366,0.5445072517955518,-0.01609861233609021,0.0049438754633860035,0.6168165029116108,0.6651728594504945,0.4054941133290708,0.47623714848779425,-0.11607818734108173,-0.11450235942583654,-0.1358177726046607,-0.20936590312041903,49.4,6,Syn
-0.33620937471023965,-0.38511879813604144,-0.11147736814138028,-0.13569528842815343,-0.09238297506278591,-0.08990422490277172,-0.047678845976388905,-0.03990112566114634,-0.20146627567311573,-0.2564041660825247,-0.18613093869529032,-0.27939694866241616,49.5,6,Syn
-0.3453230177176488,-0.40558451250648364,-0.11186809611902161,-0.13297716793920436,-0.13413046653334978,-0.05389807194088815,-0.08873949663718021,-0.05650887064893966,-0.20652452632183987,-0.25642944249981303,-0.18532010667978016,-0.2738141689474621,49.6,6,Syn
-0.27483731671681405,-0.30639750748755534,-0.10015396852618239,-0.12249799182224518,-0.061707202741349665,-0.09937337551937098,0.03429554782941271,0.04076506427956407,-0.1891265527810139,-0.2405179378168089,-0.1773074231213799,-0.25607242341214487,49.9,6,Syn
-0.32165935943660395,-0.3579601805120843,-0.11317137957075948,-0.13873128623890227,-0.12732491439581262,-0.15209667092784335,-0.04165563782936764,-0.04361660499803811,-0.20059432960890708,-0.2557427664968134,-0.18352796001985774,-0.26867472762163674,50.1,6,Syn
-0.29285407196400737,-0.3515222450015603,-0.11065478292529325,-0.13850230681218206,0.09126535724568006,0.14051177343447674,0.015711747083115388,0.040093592110246275,-0.1916315911975249,-0.2426243059241698,-0.18870896869332257,-0.27615401044564136,50.2,6,Syn
-0.3395591531462278,-0.36935632802470203,-0.11256215239509504,-0.13521847244545374,0.12285530821245712,0.4142988196576304,0.044946342723535676,0.20670821972363368,-0.18776805117821369,-0.20398930209895644,-0.18643863904989416,-0.2761375905053033,50.4,6,Syn
-0.31250828873717257,-0.34426477031713654,-0.10958028098677958,-0.133260024878094,0.0956330996623084,0.17885598827700208,0.04296309126049209,0.08109815924991927,-0.17918829460166347,-0.2122420523435964,-0.18043432402221904,-0.25880634347843856,50.4,6,Syn
-0.2610639260526393,-0.3073672955100034,-0.11229738277866702,-0.14025871370890633,0.7993475057646602,0.9203723137225459,0.28422195905184994,0.3626240574392243,-0.14627112633239475,-0.16919631370156932,-0.17278755439902335,-0.25730391893750243,50.5,6,Syn
-0.32489685479652547,-0.3637015077247934,-0.10820245074983383,-0.12903333404840017,0.12844195548953988,0.1976773864161685,0.03745405941870435,0.060774934925234184,-0.18728390433040723,-0.23197450877335316,-0.18411425393876507,-0.26829706899386047,50.5,6,Syn
-0.31430013949273605,-0.3313797933052675,-0.10898904786271704,-0.13449112603116609,0.6408898739055856,0.7190651857992878,0.3638458326051555,0.4567644555775784,-0.17229943895625818,-0.20761225524361715,-0.184588278809371,-0.2600706788844723,50.7,6,Syn
-0.33787958546673097,-0.383570779696453,-0.11421246398486962,-0.13945324490197297,-0.06759857623354602,-0.045714855358641886,-0.05579548622328951,-0.05113709329439735,-0.20262485594075208,-0.2590287007442964,-0.1870706722107021,-0.28185172974296213,50.7,6,Syn
0.08144624056564768,0.05992284425942255,0.2268236548684084,0.285904325924665,0.16307916860745297,0.12122276291918195,0.04435871266041165,0.04049647541183695,-0.18157530716970427,-0.23034839259447054,-0.17392271922073754,-0.2524271966570867,50.8,6,Syn
-0.3338888578048624,-0.3814354248489029,-0.10941062278596163,-0.13307414746110938,0.01955312128894501,0.07668268409295585,-0.00041135277385007113,0.02388873042404363,-0.1881317634867648,-0.23123727993577683,-0.18406435658396447,-0.2694382548473584,50.9,6,Syn
-0.3304689024463326,-0.3833841068846202,-0.11162646171179605,-0.13843226604636177,-0.0580504881599864,-0.010877733337079207,-0.05282060902872413,-0.030813868969712263,-0.197703900666779,-0.24264115686902868,-0.1846506505028718,-0.27566141223549834,50.9,6,Syn
-0.32431204710867834,-0.33469892695956166,-0.1099453031764182,-0.13283169865634684,-0.12356662440941148,-0.16460530198927692,-0.023916555298811107,-0.023964852842670813,-0.19647787705715966,-0.24877068806144886,-0.18348222077795717,-0.2709817292391398,51.4,6,Syn
-0.33811350854186983,-0.39563166453901166,-0.11271124596551081,-0.14099683562562787,-0.0904530423670664,-0.10147763121194858,-0.06380194583335436,-0.0674314846031757,-0.20223464803356478,-0.2586284908038978,-0.1813657413118307,-0.2667125447512338,51.5,6,Syn
-0.3107772579811452,-0.3428670007260963,-0.10820245074983383,-0.1284864772998802,0.025952371806330716,0.023257970120290933,0.05306298297043628,0.07979997972257155,-0.18905188336667558,-0.23730362008497619,-0.17559843871945852,-0.261671623067437,51.5,6,Syn
-0.31859496715228514,-0.3807980054914253,-0.11068562987089652,-0.13788002154662485,0.016810585352922566,-0.007136834328052342,0.006493300467857233,0.014398590431018878,-0.18610846322727514,-0.2392204150626746,-0.16924068409527895,-0.25583433427724245,51.5,6,Syn
-0.3259869363266724,-0.3791316091711624,-0.11329990851077308,-0.14034491772837746,0.04616587740886652,0.05096400340589615,0.016887007209363442,0.014219531185867468,-0.18972872547729058,-0.24120040108359384,-0.18007256819991452,-0.2703741914466301,51.6,6,Syn
-0.2988612165335727,-0.3317576919243435,-0.10900447133551867,-0.13809283771969422,0.20228727495207016,0.2135762072045327,0.0944174486627896,0.08530605151097742,-0.16698586708431273,-0.20788187036135936,-0.16785603249956163,-0.25093298208631953,51.7,6,Syn
-0.32538341479281424,-0.38972642949152253,-0.11274209291111408,-0.14070050930869588,-0.023413275042073297,-0.014267923064009803,-0.01785662027284459,-0.020249373505779045,-0.1967067026817448,-0.25058637736999395,-0.18329094758455478,-0.2669916837369815,51.7,6,Syn
-0.3294583547617328,-0.37816182114871427,-0.11170100849700393,-0.13735202192736418,-0.11472956417111693,-0.01520314781626652,-0.08304683040066621,-0.021458023410551065,-0.20358351487322454,-0.24498765094062872,-0.17904967242650172,-0.2598736396004151,52.1,6,Syn
-0.3300244486035688,-0.3695384478411242,-0.11122545141895362,-0.13873398011451074,-0.09380503073331606,0.01203527309321034,-0.0682458981857298,-0.005656045025939093,-0.2010567982396476,-0.24014300429369867,-0.18859669964502118,-0.28368255309066026,52.1,6,Syn
0.34766473545815396,0.5526525605850336,-0.04035973505305678,-0.03834670556477188,0.2344866783490744,0.25764867365463046,0.09566616254692815,0.10907616630482715,-0.06420943997459316,-0.11692047001308684,-0.014567200439143403,-0.02285180081993954,52.2,6,Syn
-0.3412387208257247,-0.4040364940668951,-0.11523555434737785,-0.14070050930869588,-0.08090495429350678,0.02653125675318944,-0.05168207578142133,0.012249879489201951,-0.20050761674064324,-0.23754795878543006,-0.1858897681470873,-0.2771227869255893,52.3,6,Syn
-0.30634675493801555,-0.30831431855539876,-0.09929796578569182,-0.10879155272633557,-0.09776647152979293,-0.12100044791530754,-0.015028650594060215,-0.015146185018963847,-0.1969234848524044,-0.25125620242813473,-0.18119525868292854,-0.26243515029315867,52.3,6,Syn
-0.3279472116963359,-0.3788402174648869,-0.10941062278596163,-0.13708532824212538,0.05825335060837285,0.060433154022495404,0.023167303509001466,0.03454275551055255,-0.18940355222130117,-0.24050108687195002,-0.1770038808796761,-0.25871603380657904,52.3,6,Syn
-0.31207319181741433,-0.34931859522285197,-0.10563444252836215,-0.12424092934092708,0.00492626296349197,0.03857227543849466,-0.0028353267842366778,-0.003149215593819347,-0.19371029134507203,-0.24467169572452457,-0.17745711518578178,-0.2685105282182558,52.5,6,Syn
-0.31577385486611076,-0.3743509639900802,-0.11131285109816287,-0.1398573262432439,-0.05033075737710841,-0.08289003926084636,-0.027552516314391016,-0.05265909687818434,-0.19565169611786806,-0.25260427801684565,-0.1797523935066105,-0.27020999204324914,52.7,6,Syn
-0.31422528410869166,-0.33977096384691935,-0.1072436248573324,-0.13354018794137518,0.11188516446836734,0.15664440041090508,0.018539716761899763,0.03754199786683868,-0.1889868487154777,-0.23511720998953559,-0.17398093280133828,-0.2517293491927174,52.8,6,Syn
-0.3276056840066332,-0.3578008256727149,-0.11286548069352713,-0.13927006136059683,-0.011935254272794174,0.00958030811853646,-0.026817978735485984,-0.0246363250119886,-0.19544214001956378,-0.2496090225681785,-0.1883181060807177,-0.2746023260836909,53.0,6,Syn
-0.32624893017082796,-0.383406871861673,-0.1079762398154099,-0.12895790553136294,0.05845650141844859,0.10205065549791928,0.02100041765123162,0.047390256350166256,-0.18571584662930274,-0.22757641216518362,-0.18212251785964015,-0.27383879885796925,53.1,6,Syn
-0.33894627468936406,-0.3884015078270512,-0.11363408375480843,-0.14055234615022988,-0.09969640422551242,0.1050901359427536,-0.06813571754889405,0.015070062600336666,-0.2035016193865309,-0.23656217851118516,-0.18519952140567866,-0.272484153780076,53.2,6,Syn
-0.33725735008686164,-0.36227186716587934,-0.11404537636285195,-0.13985193849202696,0.006348318634022127,0.20971840510147371,-0.0260467142776357,0.06032728681235566,-0.1975979182722343,-0.2286717235810113,-0.1859604560663882,-0.2772213065676179,53.2,6,Syn
-0.30383909957252725,-0.3624039040327854,-0.10166803943954256,-0.12025399344038733,0.054596636027009586,0.02407629177851556,0.02096369077228637,0.03431893145411329,-0.18988288168753742,-0.2388539070119938,-0.1803095806352175,-0.2653907395540167,53.3,6,Syn
-0.34038256237071657,-0.401933010187219,-0.11269068133510864,-0.13543667636974002,-0.03285978771059505,0.03564969808769242,-0.034787711466605586,-0.011341176059496376,-0.19650678134658095,-0.24065695811189472,-0.18880876340292382,-0.28028362544067353,53.3,6,Syn
-0.304849647257127,-0.3523827611341551,-0.11173185544260719,-0.139795367104249,-0.04982288035191906,-0.09270989915954188,-0.018958426641202137,-0.033768346514710536,-0.19672115482645544,-0.2545084347858999,-0.17100788207780107,-0.25507901702168984,53.4,6,Syn
-0.29201194889350757,-0.35017911135544677,-0.10690944961329704,-0.13435104449952548,0.1446940202955988,0.1472921528883379,0.054862600038753616,0.04994185059357385,-0.18472105733505367,-0.23900135277950907,-0.17682508202497388,-0.26123649464847737,53.4,6,Syn
-0.32685245170468613,-0.3936875354987049,-0.1059789000875986,-0.12844337529014463,0.08943699995499843,0.10415491119049688,0.019017166188188033,0.0105040518489757,-0.19028754173943535,-0.24391761594208938,-0.17925341995860425,-0.26867472762163674,53.4,6,Syn
-0.28557438586568673,-0.3158267609828136,-0.10743898884615306,-0.1306550471647008,0.2612010098740338,0.2916674740179685,0.12174224659805681,0.15648210145866306,-0.17161055339171766,-0.2037702398157909,-0.17361917697903376,-0.2517375591628865,53.8,6,Syn
-0.32926653784011894,-0.3880099502217435,-0.11320736767396329,-0.1415679372546241,-0.14814787242857563,-0.057171358573786656,-0.08907003854768747,-0.060940586966437074,-0.20812389700315076,-0.26146787501262025,-0.17999772216771356,-0.2679440402765913,53.9,6,Syn
-0.3229178655808509,-0.38594289030535184,-0.11127429241615878,-0.135835369959794,0.2557159380019889,0.3456767034607938,0.07722926931641184,0.1330253403438283,-0.18222083630011288,-0.2164842777118212,-0.1875197484039077,-0.27737729600082983,53.9,6,Syn
-0.328008031695872,-0.3628637565692514,-0.11294516863633555,-0.14129585581816836,0.10243865179984558,0.13560184348512896,0.027133806435088642,0.04891225993395324,-0.18514980429480266,-0.22895818964361236,-0.18546148251838193,-0.2706122805815326,54.0,6,Syn
-0.30288469342596075,-0.3398756827413621,-0.09702043296865089,-0.111175632639834,0.04047765472674589,0.04956116627751107,0.12255023793485234,0.18052080512023994,-0.1731545241849711,-0.21082657297544985,-0.16521147269512854,-0.24938950769453813,54.1,6,Syn
-0.31935287791573497,-0.36619654920977723,-0.11086814096571583,-0.1359943086206939,0.0737943875791667,0.09667311317244315,0.028125432166610436,0.03073774655108508,-0.18875320570932236,-0.2406695963205389,-0.17631363413826748,-0.25904443261334104,54.2,6,Syn
-0.339156805456989,-0.4065725125105739,-0.10808677470382158,-0.1286157833290869,-0.05683158329953198,-0.06593909062619337,-0.036697509171758666,-0.042631779149705354,-0.1986336553098302,-0.25436941449081407,-0.18188134731143715,-0.2655631489275668,54.2,6,Syn
-0.3023326349686331,-0.3652313141827397,-0.11231023567266839,-0.14211748787875256,0.12559784414847955,0.12461295264611255,0.08384010752655714,0.09775066904900044,-0.1739132617822797,-0.2138176156879023,-0.1718644533352118,-0.24840431127425214,54.4,6,Syn
-0.3428715038901938,-0.40205594106330395,-0.114754856111727,-0.1429876097002893,0.03296107475394363,0.1922998440906924,-0.015579553778238988,0.06001393313334069,-0.1984530035009472,-0.2387738650239141,-0.1867130745012976,-0.27617043038597944,54.6,6,Syn
-0.33983986083639445,-0.37920445709773126,-0.11406337041445384,-0.1378746337954079,0.03367210258920871,0.45392896853450876,-0.021639488804205506,0.15066267599124222,-0.1943437770215551,-0.21285711183094574,-0.186983351839801,-0.27699142740288446,54.6,6,Syn
-0.3285507332301941,-0.380688733601572,-0.11051854224887885,-0.13666238977159514,0.030320114222959056,0.037753953780270036,0.004179507094306381,0.016771125429275065,-0.18819198075639249,-0.23221042200137756,-0.18641369037249386,-0.2691262759809345,54.7,6,Syn
-0.3391661623799946,-0.3888385953864644,-0.11412763488446065,-0.14338360941473477,-0.02331169963703543,0.08252783879456033,-0.02736888191966476,0.02281437495313517,-0.19837833408660888,-0.24171014216557518,-0.1796068595551087,-0.2614499538728727,54.8,6,Syn
-0.32495299633455876,-0.367302927094542,-0.11195806637703112,-0.1405307951453621,0.2179298873279019,0.29739572562554084,0.1034522608833215,0.1336968125131461,-0.17274504675150293,-0.21159329096652923,-0.17283745175382398,-0.25481629797628025,54.8,6,Syn
-0.33955447468472505,-0.36439356302719766,-0.11211230110504744,-0.13383112650709023,-0.11574531822149561,-0.07271947008005457,-0.08073303702711536,-0.06698383649029717,-0.20507449446920561,-0.25660637742083137,-0.18708314654940222,-0.27669586847679867,54.9,6,Syn
-0.33719185162582277,-0.3877914064420369,-0.11410964083285874,-0.14010246892361491,-0.17882364475001186,-0.17407445260587617,-0.10618476413617473,-0.10073650420133805,-0.21048682266334048,-0.26658213677729253,-0.18810188420991497,-0.28472521930212963,54.9,6,Syn
-0.2800257305233935,-0.31258047525508825,-0.11052368340647939,-0.13679708355201878,0.16246971617722578,0.09936188433518121,0.09081821452615495,0.1030776815922549,-0.17357845376314987,-0.21862434770889985,-0.17242579857671883,-0.25129422077375774,54.9,6,Syn
-0.2860890166309922,-0.3638836275412156,-0.10878597213749555,-0.13478206459688113,0.01223969212621849,0.007592955519990938,-0.008711627415476937,-0.010759233512754292,-0.18790293786217965,-0.23549635624886056,-0.1811994167958286,-0.27360070972306677,55.0,6,Syn
-0.33643394086237294,-0.3964238857404481,-0.11105836379693595,-0.13041529223554674,-0.06668439758820521,0.09375053582164092,-0.0544365917023152,0.040854593902139774,-0.2020299093168307,-0.2336301141057388,-0.17991040179681247,-0.2697420237436133,55.2,6,Syn
-0.33088528552007973,-0.3344485122119812,-0.11165216749979877,-0.12802582457083136,-0.016607722904536118,0.1496302147689797,-0.037725861782225714,0.06337129397992963,-0.19774725710091093,-0.22639684602506152,-0.18880876340292382,-0.28084190341216897,55.2,6,Syn
-0.3414539300548524,-0.4021515539669256,-0.11197606042863303,-0.1361020636450328,0.03763354338568558,0.1472921528883379,-0.0004848065317405744,0.06234170332030903,-0.1913064179415355,-0.22714250033506728,-0.18418494185806597,-0.27048092105882776,55.3,6,Syn
-0.3227307271207398,-0.35820604226425423,-0.11033346057525927,-0.1368132468056696,0.023819288300535483,0.010515532870793176,0.05647858271234468,0.08700711433991581,-0.18431639728315574,-0.23177651017126125,-0.157818347958836,-0.24797739282546152,55.3,6,Syn
-0.3197786179124877,-0.356471351012833,-0.10554704284915291,-0.126280193176541,0.08059993971670389,0.12239179385950286,0.021294232682793634,0.03664670164108163,-0.18607233286549854,-0.23106455775097326,-0.17931579165210504,-0.26402788450595444,55.5,6,Syn
-0.34182820697507454,-0.4127008443331802,-0.10886051892270344,-0.13410590181915447,0.0027931794576967353,0.013204304033531235,-0.02626707555130721,-0.03430552425016477,-0.1977014919759939,-0.25310980636261227,-0.1821973638918411,-0.2711623485828589,55.5,6,Syn
-0.34504698848898496,-0.4030576000536259,-0.11362894259720789,-0.13830296001715509,-0.038344859582639945,0.23368353937805209,-0.03706477796121119,0.11511941582868726,-0.2004594429249411,-0.22828415184925688,-0.18840542645161878,-0.2843393507041843,55.6,6,Syn
-0.2903277027525079,-0.32973616196205735,-0.10674236199127936,-0.1329825556904213,0.025444494781141375,-0.003512838413057567,0.06073890066999387,0.06623624190235221,-0.17657486509982265,-0.2151530530679691,-0.17109936056160222,-0.24667200756858257,55.7,6,Syn
-0.0047123064694892134,-0.018907718278916876,0.05661535018720216,0.11101522754700247,0.1706973239852931,0.20176899470729165,0.07987360460046997,0.10003367442468093,-0.1775865152295675,-0.22084867243027295,-0.18690018958179994,-0.2659079676746669,55.7,6,Syn
-0.3118954102803088,-0.3692288441532065,-0.10880653676789773,-0.13622867579863102,-0.029710950154421135,-0.03390764286140084,-0.04029674330839333,-0.05140568216212447,-0.19739799693707044,-0.256808588759138,-0.18805198685511437,-0.26699989370715055,56.1,6,Syn
-0.3443639331095796,-0.3972070009510635,-0.1145080805469009,-0.14271552826383352,-0.09746174531467931,-0.008188962174341148,-0.0691640701593611,-0.029336630197213127,-0.203819566570165,-0.24946157680066322,-0.1867130745012976,-0.2753822732497507,56.1,6,Syn
-0.314552776413886,-0.36139769204705285,-0.10887851297430534,-0.13389308564608512,0.03296107475394363,0.049444263183478984,-0.00514912015778753,0.003207387609055724,-0.1898033948916289,-0.2386011428391105,-0.18349469511665734,-0.2605879070051224,56.3,6,Syn
-0.3374210962394589,-0.3865894156536505,-0.11218170673265479,-0.13576263531836524,-0.10365784502198928,-0.09376202700583068,-0.0680989906699488,-0.06156729432446701,-0.2032824285250862,-0.2581440261392048,-0.1866881258238973,-0.27120339843370417,56.3,6,Syn
-0.32785364246628035,-0.404988070107701,-0.11112262826694275,-0.14083789696472798,0.03428155501943592,0.07539675005860286,0.022726580961658447,0.017308303164729297,-0.19057658463364816,-0.24662219259194076,-0.18635963490479318,-0.2783296525404396,56.4,6,Syn
-0.32034471175432366,-0.3605963648547953,-0.11458776848970932,-0.1435317725732008,-0.0477913722511617,0.0019816070064506406,-0.03265755248778099,-0.014295653604494647,-0.196350216445549,-0.24620934444289802,-0.18389387395506232,-0.2673447124542506,56.4,6,Syn
-0.33661172239947845,-0.3936465585400099,-0.10598404124519914,-0.121425829330073,0.006754620254173601,0.04511884870429168,-0.016607906388706035,0.0046846263815548605,-0.19052600212716092,-0.23435049199845623,-0.1864635877272945,-0.2794954683044447,56.7,6,Syn
-0.17768438515015175,-0.17445625348509847,-0.03748839853315302,-0.015949823755929026,0.07785740378068144,0.02676506294125362,0.10903474648299975,0.14520136901412423,-0.1777695757292356,-0.21598717483848404,-0.1713696379001056,-0.24942234757521434,56.7,6,Syn
-0.29530558579146243,-0.32410865963461205,-0.10467561663586072,-0.1280527633269161,0.22311023298483318,0.24817952303803117,0.07443802651657272,0.09797449310543971,-0.17720353339473552,-0.2213204988863218,-0.17707872691187704,-0.25250929635877717,56.9,6,Syn
-0.31627445024690787,-0.3559796275084931,-0.10618711697042062,-0.12808778370982624,-0.022397520991694612,-0.01017631477288667,0.026986898919307636,0.04864367106622613,-0.18814621563147546,-0.23773331917887783,-0.17852575020109515,-0.25504617714101363,56.9,6,Syn
-0.32135525943892346,-0.36539522201751967,-0.1130865504703505,-0.13937512250932726,0.31879426453050513,0.4188580403248819,0.13158505015538424,0.19408454294045924,-0.17342429755290303,-0.20681183536282002,-0.1787294977331977,-0.25592464394910197,57.0,6,Syn
-0.32797528246535257,-0.35746390401233386,-0.11357238986360191,-0.14043381562345705,0.06272266843003906,0.09807595030082823,0.032716292034766885,0.055582216815843286,-0.18675399235768375,-0.23359641221602104,-0.18013078178051523,-0.269372575086006,57.1,6,Syn
-0.29320495657671564,-0.31611815268908905,-0.10775774061738677,-0.13610475752064127,0.040376079321708024,0.013204304033531235,-0.0052593007946232844,-0.005387456158211978,-0.19015265505546936,-0.24342893854118167,-0.17717436350857824,-0.2554813055599733,57.2,6,Syn
-0.3133738041151863,-0.3584291390393714,-0.11126143952215743,-0.13992197925784725,-0.005332852945332732,-0.03542738308381801,-0.021749669441041262,-0.018190192186537824,-0.1951603231977063,-0.24896026119111134,-0.18255911971414562,-0.27264014321328794,57.3,6,Syn
-0.3312735978248102,-0.37304425430725113,-0.11351069597239538,-0.1395098162897509,0.06617623220132658,0.11233812777274316,0.010643437788670666,0.04676354899213632,-0.18814621563147546,-0.23295186357516862,-0.18452590711587025,-0.2747336856063957,57.4,6,Syn
-0.31847800561471573,-0.3468372127240998,-0.10691716134969785,-0.12810933471469402,0.08699919023408959,0.14109628890463718,0.03359773712945292,0.06798206954257846,-0.18570621186616232,-0.2293541868477962,-0.1797274448292102,-0.26962708416124653,57.5,6,Syn
-0.3343286331861234,-0.372238374119583,-0.11213029515664935,-0.13963373456774064,0.019857847504058616,0.04511884870429168,-0.03085793541946366,-0.030410985668121587,-0.1985975249480536,-0.2555868952568687,-0.18152374960203266,-0.2735021900810382,57.5,6,Syn
-0.3047841487960881,-0.35736373811330163,-0.11144652119577701,-0.13878516375107172,-0.03509444662142815,-0.026542747937379204,-0.008344358626024421,-0.017966368130098564,-0.19417998604816783,-0.25146262650265605,-0.17892492903950014,-0.26841200857622716,57.6,6,Syn
-0.32669806247509453,-0.3641021713209222,-0.11149536219298217,-0.13611553302307516,0.05632341791265335,0.08124190476020733,0.03139412439273783,0.04582348795509141,-0.18732726076453915,-0.23715617431746094,-0.180272157619117,-0.2627142892789064,57.6,6,Syn
-0.2718243875090258,-0.34990137863540294,-0.10335690971132122,-0.1262586421716732,0.12661359819885826,0.11023387208016554,0.03209193509269761,0.02966339108017662,-0.18332160798890665,-0.23152795873459264,-0.17553606702595773,-0.2674678620067864,57.7,6,Syn
-0.3233997471156369,-0.38828768294178734,-0.1115107856657838,-0.13877438824863783,0.08791336887943041,0.09445195438583345,0.038151870118664125,0.048285552575923305,-0.18420800619782593,-0.23108562143204686,-0.17777313176618573,-0.27011968237138956,57.9,6,Syn
-0.32104648097974015,-0.3539990745049019,-0.11022292568684756,-0.13591618622804819,0.20635029115358489,0.3366751652203229,0.10411334470433603,0.18580305285220652,-0.1699726436578451,-0.19361754553831143,-0.17270855025392234,-0.2519592283574508,58.0,6,Syn
-0.3451078084885211,-0.4183374526514466,-0.11375233037962094,-0.14268589563214032,-0.013865186968513674,-0.009357993114662044,-0.026560890582869222,-0.00986393728699724,-0.19646824229401924,-0.24678227656810017,-0.18880876340292382,-0.2815397508765382,58.1,6,Syn
-0.31722417793197155,-0.35004252149313014,-0.10543650796074122,-0.12948321127501514,0.11340879554393536,0.12017063507289315,0.05611131392289217,0.08082957038219216,-0.17618224850185027,-0.2189023882990715,-0.18320362721365369,-0.25726286908665713,58.2,6,Syn
-0.27874851053313543,-0.2976876272671647,-0.11027947842045355,-0.13759716460773522,0.1967006276749874,0.20515918443422224,0.09471126369435162,0.11350788262232457,-0.1749080510765288,-0.21380497747925814,-0.17806004155628932,-0.25841226491032415,58.2,6,Syn
-0.3086298441513706,-0.35977227268548495,-0.11237707072147546,-0.13967414270186773,0.012747569151407833,-0.04641627392283442,0.09008367694724992,0.10853898856937293,-0.18429712775687487,-0.23023043598045834,-0.17722426086337886,-0.24624508911979195,58.4,6,Syn
-0.3354327501007787,-0.3899631852528714,-0.11333332603517661,-0.14054695839901293,0.007567223494476547,0.03412995786527526,-0.006728375952433349,0.009026813076476565,-0.19175684311835045,-0.24047581045466168,-0.18359033171335853,-0.26774700099253407,58.5,6,Syn
-0.3275448640070971,-0.36936543401552313,-0.1132150794103641,-0.139795367104249,-0.07938132321793875,-0.09972408480146724,-0.01715880957288481,-0.022263790013732413,-0.19386203886453374,-0.24986599947727653,-0.17971912860341008,-0.26365843584834714,58.6,6,Syn
-0.32215995481740106,-0.38261920365564706,-0.1154514829666007,-0.1427478547711352,0.06465260112575856,0.1485780869226909,0.030329044903325532,0.07599497076310407,-0.18863758855163723,-0.23740893849034425,-0.18131168584413002,-0.26691779400546006,58.7,6,Syn
-0.332597602430096,-0.3815765677066301,-0.1134721372903913,-0.14075438682086533,-0.030726704204799817,0.16471071389911926,-0.02241075326205579,0.09309512867506377,-0.19607803438683194,-0.22541527848703136,-0.17650490733166987,-0.2607356864681653,58.8,6,Syn
-0.31097843182576457,-0.3769006414199907,-0.10589150040838935,-0.13407626918746127,0.1767918482875652,0.21065362985373043,0.045791060939276464,0.07478632085833205,-0.18487521354530048,-0.23162906440374598,-0.1758146605902612,-0.260678216676982,58.8,6,Syn
-0.29723779039210924,-0.3686915906947611,-0.11401709999604895,-0.14293103831251136,0.13402860276662262,0.17581650783216776,0.027243987071924398,0.03073774655108508,-0.18593744618153257,-0.23800714703283474,-0.1825715940528458,-0.27320663115495236,59.0,6,Syn
-0.32501849479559763,-0.38119411609214354,-0.11141567425017375,-0.1368536549397967,-0.003809221869764707,-0.006435415763859805,0.008109283141448305,0.024560202593361422,-0.18705267001503698,-0.23202506160792982,-0.18744074425880672,-0.26813286959047944,59.0,6,Syn
-0.3175563486986687,-0.3504750560571328,-0.11096068180252562,-0.13315765760497203,-0.06719227461339455,-0.04396130894816054,-0.06394885334913537,-0.03730476660645089,-0.20450604344392043,-0.24748580351595872,-0.18093329757022528,-0.27051376093950397,59.0,6,Syn
-0.3361579116337091,-0.37487911145770453,-0.1127395223323138,-0.13358059607550227,-0.07064583838468208,-0.018125725167068757,-0.055391490554891745,-0.028844217273046747,-0.20064732080617945,-0.2452572660583709,-0.18880876340292382,-0.28423262109198666,59.0,6,Syn
-0.3302396578326965,-0.38264196863269984,-0.10981420365760433,-0.13810091934651963,-0.07541988242146189,-0.07926604334585158,-0.06325104264917558,-0.05521069112159194,-0.20355461058380328,-0.26327513884873593,-0.18527020932497956,-0.27711457695542024,59.2,6,Syn
-0.31726628408549656,-0.37021229116188625,-0.10761892936217209,-0.12984149673094203,0.11127571203814013,0.15477395090639165,0.034736270376755723,0.047121667482439136,-0.184593396723443,-0.23127519456170934,-0.18377744679386088,-0.2688142971145106,59.3,6,Syn
-0.3312548839787991,-0.36827271511699006,-0.10958285156557986,-0.13228484190782686,-0.06475446489248571,-0.07926604334585158,-0.020464228677957455,-0.01313176851101048,-0.19397283864064865,-0.2426832842311759,-0.18214746653704048,-0.26793583030642226,59.5,6,Syn
-0.18841677583752167,-0.16447608754516316,-0.08063299311691727,-0.08490765158161573,0.22290708217475744,0.26174028194575355,0.13529446492885466,0.16104811221002405,-0.1670557191170808,-0.2113742286833637,-0.16977708065938568,-0.2602266683176842,59.5,6,Syn
-0.3179586963879075,-0.3652813971322558,-0.11128200415255961,-0.13939936738980352,0.14865546109207567,0.21147195151195508,0.030145410508599275,0.05052379314031594,-0.1863372888518603,-0.23050005109820054,-0.18750311595230748,-0.2729603320498809,59.6,6,Syn
-0.2871135997001003,-0.3002782816557702,-0.10259858896524099,-0.11790762778540752,0.288829520044334,0.38039692238832445,0.12067716710864451,0.15496009787487608,-0.16537927033064653,-0.1919113873713491,-0.1735526471726329,-0.24894616930540944,59.6,6,Syn
-0.3237038471133174,-0.37079052157902664,-0.11418161703926635,-0.14320581362457557,0.05733917196303204,0.08638564089761927,0.015858654598896394,0.0361095239056274,-0.18472105733505367,-0.23236629324132227,-0.17993119236131275,-0.26346139656428996,59.6,6,Syn
-0.3383942162320364,-0.3770235722960757,-0.11283977490552441,-0.13788002154662485,0.08618658699378665,0.20960150200744163,0.024452744272085273,0.08772335132052146,-0.18842562376254782,-0.22469490059431393,-0.18793971780681296,-0.27200797551027106,59.8,6,Syn
-0.3247518224899394,-0.36244943398689095,-0.11091184080532045,-0.13563063541355005,0.03489100744966313,0.10088162455759837,0.032936653308438396,0.07120513595530384,-0.18396231973774504,-0.2226769999474622,-0.18351548568115758,-0.2561381031734973,59.9,6,Syn
-0.30535024263792415,-0.3363562172890035,-0.11228967104226621,-0.14090793773054827,0.09126535724568006,0.10473942666065733,0.03844568515022614,0.06910118982477477,-0.18077321313826372,-0.22047795164337744,-0.17986050444201185,-0.26121186473797026,59.9,6,Syn
-0.29819687500017844,-0.3617755906661289,-0.1058683651991869,-0.12892019127284432,-0.026968414218398688,-0.05249523481250308,0.01189215167280922,-0.0030149211599557893,-0.19271550205082294,-0.245724879778205,-0.17613483528356524,-0.2525503462096224,59.9,6,Syn
-0.3380760808498476,-0.39215772904075863,-0.11273438117471325,-0.13773185838815885,-0.05226069007282791,-0.011579151901271744,-0.027772877588062527,-0.002925391537380084,-0.19618883416294686,-0.24184494972444626,-0.1812867371667297,-0.2650869706577619,60.1,6,Syn
-0.3339216070353818,-0.38631623592901726,-0.105585601531157,-0.12962059893104724,-0.04880712630154038,-0.028530100535924724,-0.02696488625126699,-0.02530779718130639,-0.19868664650710255,-0.2541966923060105,-0.18173165524703527,-0.26630204624278125,60.1,6,Syn
-0.31181119797325885,-0.32967697302172017,-0.10660612131486495,-0.1258626424572277,0.2323535948432792,0.30347468651520954,0.08270157427925434,0.13060804053428426,-0.17606663134416514,-0.21813988304420687,-0.1786588098138968,-0.24982463611349778,60.1,6,Syn
-0.33607369932665915,-0.39392884425546426,-0.11085014691411392,-0.1387959392535056,0.05246355252121435,0.1530204044959103,0.004987498431101916,0.04721119710501484,-0.1893481523332437,-0.22607667807274268,-0.18095408813472555,-0.2626814493982302,60.3,6,Syn
-0.3293226793781523,-0.3806113326795926,-0.1153229540265871,-0.14306303821732652,-0.021788068561467405,-0.03495977070768965,-0.028250327014350797,-0.016354834923735868,-0.19705114546401506,-0.2505021226456995,-0.18384813471316175,-0.27191766583841154,60.4,6,Syn
-0.2952494442534291,-0.32218274257594753,-0.11261613454990074,-0.13549594163312642,0.09837563559833085,0.12133966601321404,0.06062872003315812,0.08270969245628197,-0.1794436158248848,-0.223679631166566,-0.17672528731537263,-0.2658422879133145,60.6,6,Syn
-0.33832871777099754,-0.37569865063160435,-0.11348499018439266,-0.14077863170134158,-0.03966533984813223,0.08135880785423942,-0.0385705799979665,0.024470672970785715,-0.19910816739449622,-0.23900135277950907,-0.1853700040345808,-0.27738550597099887,60.6,6,Syn
-0.2841380981843343,-0.3430764385149818,-0.11189894306462488,-0.1392404287289036,0.02270195884511893,0.17266012429330135,-0.00129279786853611,0.07035460454083464,-0.19315629246449748,-0.23166276629346375,-0.18341984908445638,-0.2738634287684764,60.9,6,Syn
-0.34031706390967764,-0.37520692712726444,-0.11443610434049328,-0.13936434700689337,-0.09390660613835393,0.13501732801496852,-0.05781546456527835,0.05473168540137408,-0.2018131271461711,-0.23318777680319303,-0.18880876340292382,-0.28592387494681093,60.9,6,Syn
-0.33043147475431034,-0.40522937886446037,-0.112646981495504,-0.14163259026922748,0.08232672160234765,0.08322925735875286,0.028602881592898706,0.022993434198286578,-0.1873441216000349,-0.23846633528023942,-0.181868872972737,-0.27222143473466637,61.0,6,Syn
-0.29269968273441577,-0.3391517564710839,-0.10863944914588006,-0.1364387980960919,0.17963595962862552,0.20410705658793343,0.07899215950578392,0.09703443206839481,-0.1705844511172622,-0.21404510344349728,-0.17386034752723678,-0.2561381031734973,61.3,6,Syn
-0.33023030090969097,-0.36884183954330935,-0.10967282182358937,-0.13439414650926104,-0.0577457619448728,-0.07868152787569113,-0.03276773312461675,-0.02956045425365239,-0.19486646292192325,-0.2445411009018682,-0.18721204804930386,-0.26525117006114285,61.3,6,Syn
-0.32645010401544733,-0.39535848481437835,-0.11116632810654738,-0.13759447073212674,-0.025444783142830663,0.0292200279159275,-0.03214337618254747,-0.014519477660933911,-0.19726551894388958,-0.24494131084226678,-0.17496224744575056,-0.2629605883839779,61.3,6,Syn
-0.33172273012907677,-0.38278766448583756,-0.1137009188036155,-0.1405712032794892,0.08547555915852156,0.11841708866241181,0.02691344516141713,0.039645943997367754,-0.19033812424592259,-0.24330676919095473,-0.18239279519814355,-0.26589154773432877,61.4,6,Syn
-0.32110730097927626,-0.36638322202161,-0.10798652213061098,-0.13090827147189724,0.19273918687851052,0.22211013306887523,0.08832078675787784,0.1259525001603476,-0.17721316815787594,-0.21579760170882156,-0.18102477605402642,-0.25131064071409587,61.7,6,Syn
-0.3389837023813863,-0.3658641805448068,-0.11351840770879619,-0.13848614355853123,-0.1449990348724017,-0.06535457515603292,-0.08943730733713999,-0.05001797301220103,-0.20650525679555903,-0.25120564959355807,-0.18742826992010655,-0.27798483379333955,61.8,6,Syn
-0.32045231636888755,-0.3487676827781749,-0.11263155802270237,-0.14004859141144546,-0.03418026797608734,-0.04466272751235308,-0.020537682435847956,-0.013848005491616121,-0.19850599469821956,-0.25308452994532393,-0.1822930004885423,-0.26708199340884103,61.9,6,Syn
-0.33619066086422855,-0.3531385583723071,-0.11340016108398368,-0.13724696077863374,-0.15637548023664297,-0.1637869803310523,-0.07114732162240468,-0.040483068207888426,-0.20453494773334172,-0.2543314998648816,-0.1852577349862794,-0.2673200825437435,62.1,6,Syn
-0.11961532097768655,-0.16242723961041367,0.2563955933867368,0.5066728197902278,0.10599379097617097,0.07329249436602525,0.028272339682391442,0.019725602974273337,-0.18771987736251156,-0.2408254675604836,-0.17302040872142627,-0.26915911586161073,62.2,6,Syn
-0.3411404731341664,-0.39781254934066723,-0.11297344500313855,-0.1387959392535056,-0.1549534245661128,-0.1504600276113941,-0.09711322503669757,-0.08985865505838986,-0.20808776664137416,-0.2663293726044092,-0.18480450068017373,-0.27324768100579766,62.2,6,Syn
-0.32191199635775386,-0.3699983003775902,-0.10909701217232846,-0.1308624755865532,0.043423341472844074,0.036818729028013315,0.001388264294467258,0.015920594014805868,-0.19357781335189114,-0.24389233952480105,-0.18456748824487076,-0.26951214457887984,62.2,6,Syn
-0.3248687840275088,-0.36127931416637843,-0.11344129034478803,-0.1401132444260488,-0.1103618217544886,-0.09715221673276128,-0.066813549906865,-0.07329567488188439,-0.20101103311473056,-0.2556079589379423,-0.18391882263246265,-0.27252520363092125,62.3,6,Syn
-0.2513841892033941,-0.2698824842949088,-0.10705597260491254,-0.13311724947084494,0.2612010098740338,0.35105424578627,0.16923010107426714,0.21355723585067513,-0.15304918220168512,-0.17783242294174895,-0.16761070383845855,-0.22625381175815504,62.3,6,Syn
-0.2794222089895353,-0.325019258716723,-0.10251118928603174,-0.12451839852859978,0.5596295498752909,0.6081241495628348,0.24125151068590556,0.30111720672971487,-0.15342493796416176,-0.1826812823248937,-0.17653401412197023,-0.23675436360437008,62.4,6,Syn
-0.3259307947886391,-0.3567035537787713,-0.11240277650947818,-0.13523732957471304,0.11533872823965485,0.23835966313933565,0.017915359819830487,0.06972789718280471,-0.18943245651072244,-0.2284063211994838,-0.18512051726057768,-0.27074364010423735,62.5,6,Syn
-0.3132381287316057,-0.3405222080896608,-0.11022292568684756,-0.13247610707602842,0.34124242904387403,0.44060201581485053,0.14539435663879885,0.22300261103241203,-0.1699437393684238,-0.1975059010644996,-0.1769082442829749,-0.24698398643500646,62.6,6,Syn
-0.31952130252983496,-0.37766554464896385,-0.1135903839152038,-0.14131740682303615,-0.015998270474308907,-0.021632817988031443,-0.03853385311902125,-0.04254224952712965,-0.1979471784360748,-0.2557806811227459,-0.186584173001396,-0.27080931986558976,63.1,6,Syn
-0.3125503948906976,-0.3276235720915601,-0.1127215282807119,-0.13786116441736554,0.3567834660146679,0.4351075703953423,0.1442925502704413,0.20285844595287836,-0.17749016759816322,-0.21404089070728258,-0.17955696220030806,-0.2588227634187767,63.2,6,Syn
-0.3060987964783684,-0.37161916674374756,-0.1086086022002768,-0.1344561056482559,0.3949758183089064,0.45837128610772815,0.16853229037430736,0.19265206897924797,-0.1615470432915417,-0.19326788843248952,-0.17163575712570894,-0.2531743039424702,63.3,6,Syn
-0.3149036610265943,-0.3568401436410879,-0.1105596715096832,-0.13928622461424767,0.04159498418216244,0.05084710031186406,0.0028940663312225744,-0.002298684179350147,-0.1921735466241739,-0.25039680424033145,-0.17986050444201185,-0.26931510529482267,63.3,6,Syn
-0.3176779886977409,-0.3581013233698115,-0.10812790396462593,-0.12972027232856073,0.15089012000290877,0.1877406234234409,0.058094565385935756,0.09358754159923015,-0.18079007397375946,-0.22432417980741842,-0.1881268328873153,-0.2722706945556807,63.4,6,Syn
-0.2357674847071253,-0.24977645656190042,-0.10418206550620851,-0.12992770075041316,0.32905338043932986,0.37677292647332966,0.12056698647180876,0.13902382505640057,-0.1708373636496984,-0.2161935989130054,-0.17057543833619565,-0.24942234757521434,63.6,6,Syn
-0.3323917501239738,-0.3733857289630427,-0.1129862978971399,-0.1398681017456778,-0.05744103572975919,-0.06512076896796874,-0.0385705799979665,-0.034932231608194704,-0.19682472853021504,-0.24608717509267108,-0.1781224132497901,-0.2651198105384381,63.6,6,Syn
-0.3135609425752974,-0.36158891785429614,-0.10858289641227407,-0.13442647301656271,0.2592710771783143,0.3705770624896289,0.10062429120453713,0.1562582774022238,-0.17447689542599468,-0.20794506140458016,-0.16862112527317122,-0.25766515762494063,63.7,6,Syn
-0.28706681508507254,-0.29006135995448606,-0.10833869142624823,-0.13092982247676505,0.1225505819973435,0.11280574014887151,0.06488903799080731,0.09358754159923015,-0.17641830019879073,-0.21449586621847253,-0.17566912663875942,-0.24776393360106622,63.8,6,Syn
-0.31527325948531365,-0.3570359224437417,-0.10903274770232166,-0.13358328995111074,0.1415451827394249,0.16833470981411403,0.06793736894326319,0.07774079840333033,-0.1777406714398143,-0.21712882635267364,-0.18049253760281977,-0.26918374577211784,63.9,6,Syn
-0.30521924571584635,-0.3789813603226141,-0.10962655140518447,-0.1406277746672671,0.13341915033639543,0.15722891588106552,0.056809124622851946,0.06234170332030903,-0.18217266248441072,-0.23098030302667882,-0.17576892134836064,-0.26255829984569445,64.0,6,Syn
-0.32140204405395123,-0.36461665980231484,-0.10794539286980663,-0.13460426880672194,-0.023006973421921824,-0.05752206785588293,-0.034383715798207815,-0.05315150980235072,-0.1973161014503768,-0.2548328154744335,-0.18485439803497436,-0.27442991671014083,64.4,6,Syn
-0.3076707595433014,-0.3864118488326389,-0.11200176621663575,-0.1411827130426125,0.23854969455058916,0.2969281132494125,0.0874393416631918,0.11610424167702002,-0.18362028564625987,-0.22740790271659475,-0.18515794027667815,-0.27270582297464036,64.4,6,Syn
-0.33448302241571504,-0.34587197769706224,-0.11382430658602856,-0.14040148911615538,-0.0516512376426007,0.11187051539661479,-0.050947538202516296,0.02832044674154104,-0.20171677951476683,-0.24077070198969222,-0.18206430427903944,-0.2663184661831194,64.4,6,Syn
-0.2967371950113121,-0.3532023003080549,-0.10945175204676598,-0.13366410621936492,0.15363265593893122,0.12262560004756703,0.07153660307989784,0.07201090255848519,-0.1821943407014767,-0.23408087688071405,-0.1795361716358078,-0.2646518422388022,64.5,6,Syn
-0.3127843179658364,-0.3330052126668354,-0.11038744273006497,-0.1374274504444014,-0.006754908615862889,-0.03390764286140084,0.002673705057551065,0.009922109302233617,-0.18858459735436486,-0.23940998819233708,-0.17806004155628932,-0.2653250597926643,64.6,6,Syn
-0.30464379495100485,-0.35517374732082496,-0.11211230110504744,-0.13562255378672464,0.06150376356958464,0.013788819503691683,-0.006030565252473569,0.0009243822333752408,-0.188452119361184,-0.24058534159624445,-0.17705377823447674,-0.2637651654605448,64.6,6,Syn
-0.3409159069820331,-0.4020787060403567,-0.11441553971009111,-0.14004859141144546,-0.10000113044062603,0.030038349574152128,-0.0658953779332337,0.022053373161241674,-0.20386292300429693,-0.2442125074771199,-0.1829000849719499,-0.26898670648806067,64.7,6,Syn
-0.323292142501073,-0.3452072403671213,-0.11262898744390211,-0.13659234900577485,-0.009294293741809597,0.00981411430660064,-0.017783166514954086,-0.00955058360798227,-0.19513864498064032,-0.24610823877374471,-0.18572760174398528,-0.27296854202004994,64.7,6,Syn
-0.30751637031370976,-0.3335060421619964,-0.1090019007567184,-0.13452614641407623,0.19365336552385135,0.26115576647559313,0.06804754958009894,0.10912093111611501,-0.17785387990671434,-0.21456326999790806,-0.18018899536111596,-0.2529936845987511,64.8,6,Syn
-0.3166112994751078,-0.35927144319032395,-0.10715622517812315,-0.13516998268450123,-0.025749509357944268,-0.05120930077815009,-0.009519618752272472,-0.01568336275441808,-0.1957360002953468,-0.2541798413611516,-0.1847795520027734,-0.26867472762163674,64.8,6,Syn
-0.30615493801640176,-0.35053879799288057,-0.0986219035612203,-0.11550199686704131,0.09715673073787642,0.08182642023036779,0.041347108586901014,0.05285156332728427,-0.1826230876612257,-0.2254826822664669,-0.17478344859104833,-0.2564993418609355,64.9,6,Syn
-0.32002657637213483,-0.38121232807378574,-0.11071647681649978,-0.13439684038486951,0.030827991248148397,0.016126881384333474,0.005207859704773427,0.016457771750260097,-0.19083672323843967,-0.23611984120863938,-0.1860810413404897,-0.2644055431337307,64.9,6,Syn
-0.33037533321627705,-0.3954495447225895,-0.11134883920136668,-0.13588924747196346,0.011934965911104886,0.04652168583267675,-0.005479662068294794,0.007997222416855954,-0.1925950675115676,-0.24165116385856908,-0.18338658418125597,-0.2706451204622088,65.0,6,Syn
-0.2834035797283983,-0.325356180377104,-0.11364693664880979,-0.14277209965161144,0.19243446066339692,0.18002501921732297,0.08472155262124317,0.09667631357809198,-0.17377114902595842,-0.2159998130471282,-0.1752533153487542,-0.2568113207273594,65.1,6,Syn
-0.3423755869708994,-0.3866030746398822,-0.11363922491240898,-0.13741128719075058,-0.16318103237418013,-0.12801463355723292,-0.09050238682655229,-0.06071676290999781,-0.20904642557384664,-0.26314875676229427,-0.18492924406717529,-0.2708585796866041,65.1,6,Syn
-0.3431522115803604,-0.3950898580851557,-0.1130865504703505,-0.13697218546656953,-0.11696422308195004,-0.09165777131325306,-0.07103714098556893,-0.046973965844627055,-0.20437115675995446,-0.2568422906488558,-0.18880876340292382,-0.28507003804922976,65.1,6,Syn
-0.30637482570703223,-0.34955079798879024,-0.10960084561718175,-0.13532353359418417,-0.0356023236466175,-0.045714855358641886,0.04766413176548429,0.06113305341553701,-0.18463916184836004,-0.2265442917925768,-0.1732865279470296,-0.2449889636839273,65.2,6,Syn
-0.28654750585826433,-0.313022115809912,-0.10861374335787734,-0.13652230823995457,0.25774744610274625,0.2654811809547804,0.13242976837112502,0.1511550889154086,-0.16979440053974718,-0.213156216102191,-0.177714918185585,-0.2595616607339912,65.2,6,Syn
-0.2898972842942525,-0.34770228185210517,-0.10692744366489894,-0.1298334151041166,-0.05429219817358527,-0.09960718170743516,0.021992043382753415,0.027335620893208283,-0.18692741809421143,-0.2368612827824304,-0.1738146082853362,-0.25745990837071436,65.3,6,Syn
-0.3118252333577672,-0.34207477952465987,-0.10867029609148332,-0.13397928966555625,-0.03123458122998916,-0.030868162416566515,0.0375642400555401,0.06211787926386977,-0.18228105356974053,-0.22892870049010933,-0.16970223462718473,-0.25062100321989567,65.5,6,Syn
-0.34269372235308826,-0.38365728660925347,-0.11456977443810742,-0.14097797849636856,-0.09543023721392195,-0.005617094105635178,-0.06842953258045606,-0.03027669123425803,-0.20338841091963092,-0.2502662094176751,-0.1863845835821935,-0.2756203623846531,65.5,6,Syn
-0.2891814796843276,-0.3742052681369425,-0.11200947795303656,-0.13889830652662757,0.21295269248104634,0.1741798645157185,0.047884493039155804,0.040183121732821986,-0.18451631861831957,-0.2296785675363298,-0.17810162268528984,-0.26462721232829506,65.6,6,Syn
-0.328971794765444,-0.36616923123731393,-0.11093754659332317,-0.13487904411878615,-0.03387554176097374,-0.01999617467158219,-0.018958426641202137,-0.012728885209419807,-0.19219522484123988,-0.24133942137867964,-0.18314541363305295,-0.2680097200379437,65.8,6,Syn
-0.33347715319261806,-0.37079052157902664,-0.11380631253442665,-0.13794198068561972,-0.061605627336311794,0.07750100575118048,-0.05799909896000461,0.01856171788078917,-0.2033137415052926,-0.25043050613004925,-0.18624320774359174,-0.28008658615661636,65.8,6,Syn
-0.31250828873717257,-0.36029131416228816,-0.10976022150279861,-0.13775340939302663,0.2839539006025163,0.29201818330006474,0.12545166137152722,0.14891684835101598,-0.16902843687008323,-0.20644111457592448,-0.1752699478003544,-0.2538064716454871,65.8,6,Syn
-0.3067678164732655,-0.3777429455709433,-0.1098450506032076,-0.13736279742979807,0.08405350348799141,0.08965892753051778,0.03095340184539481,0.038705882960322846,-0.18585795938562405,-0.2315995752502429,-0.180272157619117,-0.2484207312145902,65.9,6,Syn
-0.2943231088758793,-0.3807114985786248,-0.10958285156557986,-0.13840532729027705,-0.01406833777858941,-0.0668743153784501,0.04983101762325414,0.0455548990873643,-0.18489207438079625,-0.23313722396861636,-0.166047253388039,-0.2559410638894401,65.9,6,Syn
-0.3326631008911349,-0.3875819686531514,-0.11179097875501345,-0.13791773580514347,0.11147886284821586,0.18996178221005058,0.019898611282874075,0.04524154540834933,-0.1871273394293753,-0.227782836239705,-0.18396040376146316,-0.2636830657588543,65.9,6,Syn
-0.3394234777626473,-0.4079884940832564,-0.1113925390409713,-0.1379931643221807,-0.038344859582639945,-0.05144310696621427,-0.01998677925166918,-0.008520992948361662,-0.19296118851090382,-0.23580809872874997,-0.18412672827746523,-0.26288669865245645,66.0,6,Syn
-0.2000474311334247,-0.13765439158158702,-0.06672102064984553,-0.07214137507306315,-0.09319557830308885,-0.1136355529912859,-0.015799915051910498,-0.031753930006757164,-0.19315388377371237,-0.24770907853533897,-0.17090808736819982,-0.258543624433029,66.0,6,Syn
-0.3232172871170286,-0.35869321277318356,-0.11074732376210304,-0.13567643129889412,0.013153870771559306,0.051899228158152864,-0.006544741557707091,0.007236220624962459,-0.19224580734772712,-0.2422746488183479,-0.18585234513098683,-0.2735021900810382,66.4,6,Syn
-0.3070391672404265,-0.33969811592035043,-0.10921782937594124,-0.13524810507714694,0.204725084672979,0.27880813367443863,0.09254437783658177,0.12304278742663717,-0.17434923481438402,-0.21057802153878127,-0.18304561892345173,-0.25768978753544775,66.6,6,Syn
-0.3260758270952252,-0.38474089951696544,-0.11367778359441305,-0.1413012435693853,-0.09918852720032308,0.10018020599340584,-0.05943144723886942,0.010190698169960731,-0.2036027843995054,-0.24694657328047434,-0.18294582421385047,-0.27602265092293654,66.7,6,Syn
-0.33130634705532963,-0.3809983372894897,-0.1086445903034806,-0.13345667779751252,-0.06546549272775079,-0.06886166797699561,-0.03526516089289385,-0.042363190281978234,-0.19490981935605517,-0.24616721708075082,-0.17969002181310972,-0.2729274921692047,66.7,6,Syn
-0.32009675329467646,-0.365677507732974,-0.11289375706033011,-0.1418184676862121,-0.07125529081490929,-0.07716178765327397,-0.04966209743943249,-0.06371600526628393,-0.20107125038435822,-0.25933201775175635,-0.18176907826313574,-0.27359249975289773,67.0,6,Syn
-0.333645577806718,-0.3948667613100385,-0.11523555434737785,-0.14535552636013688,-0.09471920937865687,-0.02478920152689786,-0.05395914227602693,-0.023517204729792286,-0.2003510518396113,-0.24834098896754725,-0.18880876340292382,-0.28254136723716233,67.0,6,Syn
-0.3239751978804784,-0.38158112070204064,-0.10965739835078774,-0.1361721044108531,0.022295657224967458,0.059264123082174505,-0.004304401942046743,0.006699042889508228,-0.19301899708974637,-0.24841260548319752,-0.18417662563226586,-0.269528564519218,67.1,6,Syn
-0.3304267962928076,-0.388761194464485,-0.11187323727662216,-0.1364684307277851,-0.07420097756100746,-0.028880809818020995,-0.056419843165358786,-0.028844217273046747,-0.2025260996185627,-0.25680016328670857,-0.18219320577894105,-0.2755546826233007,67.2,6,Syn
-0.34009717621904717,-0.38224130503657106,-0.11362894259720789,-0.1394801836580577,-0.13626355003914503,-0.04197395634961502,-0.07959450377981256,-0.03452934830660403,-0.20822506201612526,-0.26008609753419154,-0.18734926577500557,-0.2801604758881378,67.2,6,Syn
-0.34087847929001086,-0.3977078304462245,-0.11184239033101889,-0.13520769694301984,-0.06688754839828094,0.020452295863520785,-0.04378579680819223,-0.0014481527648809477,-0.20115796325262206,-0.24834520170376195,-0.18195203523073802,-0.2684530584270724,67.5,6,Syn
-0.3440224054198769,-0.3922806599168436,-0.1140402352052514,-0.13964989782139148,-0.1600321948180062,-0.0769279814652098,-0.0996841065628652,-0.07060978620461324,-0.20975698935545314,-0.26225565668477324,-0.18798129893581347,-0.2807187538596332,67.5,6,Syn
-0.3252056332557087,-0.3638107796146467,-0.10841066763265585,-0.1356171660355077,-0.10314996799679994,-0.14075707080673067,-0.018040254667570848,-0.024770619445852158,-0.19190136456545687,-0.24470118487802764,-0.17988961123231223,-0.26859262791994626,67.5,6,Syn
-0.33002912706507154,-0.3930774341136906,-0.10540823159393822,-0.13277243339296044,0.05632341791265335,0.07890384287956555,0.009908900209765634,0.008758224208749448,-0.19117634863913974,-0.243787021119433,-0.17934074032950534,-0.27035777150629203,67.5,6,Syn
-0.337753267006156,-0.4040410470623057,-0.11186809611902161,-0.13755406259799965,0.030624840438072662,0.04897665080735063,-0.009850160662779738,-0.003283510027682905,-0.1931394316290017,-0.2441493164338991,-0.1842348392128666,-0.27346114023019297,67.6,6,Syn
-0.3153013302543303,-0.3838166414486229,-0.11018436700484349,-0.13619904316693782,-0.02879677150908032,-0.03671331711817099,-0.0338695394929743,-0.0417364829239483,-0.19558666146667017,-0.25318142287826256,-0.18055075118342048,-0.26468468211947843,67.7,6,Syn
-0.31735985331555205,-0.3456898578806401,-0.11151592682338435,-0.13708532824212538,0.10477488611571655,0.15255279211978195,0.031541031908518834,0.05200103191281508,-0.18460303148658344,-0.22611459269867518,-0.18027631573201705,-0.26027592813869854,67.8,6,Syn
-0.3459873592510431,-0.4180324019589394,-0.11523555434737785,-0.14530973047479284,-0.15850856374243819,-0.02969913147624562,-0.08374464110062599,-0.031351046705166495,-0.20729289868228895,-0.25421354325086937,-0.18102893416692648,-0.2643727032530545,67.9,6,Syn
-0.3372526716253589,-0.3549506505457078,-0.11382430658602856,-0.14035569323081135,-0.04667404279574515,0.1250805650222409,-0.03633024038230615,0.05656704266417604,-0.19983559201159848,-0.2348475948717934,-0.18554880288928305,-0.2751934439358625,67.9,6,Syn
-0.29433246579888483,-0.3382912403384891,-0.11417647588166581,-0.13801740920265695,0.11218989068348094,0.10368729881436853,0.05611131392289217,0.07241378586007587,-0.18031797057987853,-0.22241159756593473,-0.17714109860537783,-0.25117928119139105,68.0,6,Syn
-0.2936213396504628,-0.35930331415819783,-0.10886051892270344,-0.13645765522535122,0.25784902150778416,0.35549656335948937,0.1327603102816323,0.16342064720828023,-0.17378078378909884,-0.21473599218271167,-0.16518236590482818,-0.2393158742971137,68.1,6,Syn
-0.33734156239391166,-0.38536010689280087,-0.11146708582617919,-0.13131504668877664,-0.08527269671013511,-0.06032774211265308,-0.055024221765439224,-0.04209460141425112,-0.20050761674064324,-0.252220919021306,-0.18880876340292382,-0.2814576511748477,68.3,6,Syn
-0.325996293249678,-0.38785970137319525,-0.10987589754881086,-0.13783153178567234,0.2053345371032062,0.2581162860307588,0.09169965962084098,0.1383075880757949,-0.17175748352960918,-0.20279709775019017,-0.17537805873575577,-0.24803486261664487,68.4,6,Syn
-0.2835532904964872,-0.34527553529827965,-0.1123462237758722,-0.13987348949689474,0.1177765379605637,0.09866046577098868,0.03484645101359148,0.060372051623643515,-0.18024330116554022,-0.22425256329176815,-0.1733281090760301,-0.2564500820399212,68.4,6,Syn
-0.3147866994890249,-0.3744329179074702,-0.11356724870600136,-0.14142516184737505,0.15871142619082465,0.19206603790262822,0.03730715190292334,0.043003304843956695,-0.18268089624006825,-0.23203348708035926,-0.17973160294211024,-0.2688142971145106,68.5,6,Syn
-0.3429837869662604,-0.4088034802617456,-0.11151592682338435,-0.13590271685000582,0.059675406278903005,0.14378506006737524,0.0021962556312627936,0.043092834466532406,-0.18987565561518208,-0.22885708397445906,-0.18329094758455478,-0.26709020337901007,68.6,6,Syn
-0.3278115363127554,-0.36347841094967626,-0.11358010160000272,-0.14349405831468218,-0.005637579160446337,0.018114233982878994,-0.004451309457827749,0.010011638924809321,-0.19468821980382536,-0.24514352218057342,-0.18219320577894105,-0.26244336026332776,68.6,6,Syn
-0.2779905997696856,-0.31396913885530736,-0.10891193049870888,-0.13192116870068302,0.2967524016372877,0.3351554249979058,0.15240919051734192,0.1871459971908421,-0.16195652072500985,-0.19430422154131108,-0.16995587951408792,-0.2435440089341745,68.7,6,Syn
-0.3414398946703441,-0.38245984881627765,-0.11433585176728267,-0.14145748835467672,-0.1004074320607775,0.019633974205296157,-0.07889669307985278,-0.025621150860321358,-0.20664977824266545,-0.2537248658499617,-0.1864012160337937,-0.274126147813886,68.7,6,Syn
-0.33362218549920414,-0.37166924969326365,-0.11362894259720789,-0.14170532491065624,-0.08354591482449135,0.022205842274002126,-0.06600555857006946,-0.016847247847902248,-0.2048528949169758,-0.25126462790056414,-0.1883181060807177,-0.2858335652749514,68.7,6,Syn
-0.284708870487673,-0.33592368272500084,-0.10594805314199533,-0.12309333833171766,0.225548042705742,0.25098519729480134,0.09144257146822422,0.11301546969815819,-0.16820466462157674,-0.20660541128829865,-0.16722815745165379,-0.24797739282546152,68.7,6,Syn
-0.30677717339627103,-0.34633638322893884,-0.10777830524778895,-0.13001659864549275,-0.0077706626662415726,-0.01976236848351801,0.05658876334918044,0.08687281990605226,-0.18028906629045727,-0.22274019099068304,-0.1758146605902612,-0.24539125222221075,68.8,6,Syn
-0.3179446610033992,-0.36709348930565644,-0.11133598630736531,-0.14015634643578437,0.1363648370824936,0.16085291179606032,0.0387027733028429,0.057686162946372355,-0.1821244886687086,-0.22960695102067952,-0.18282523893974895,-0.2597258601373722,68.8,6,Syn
-0.27081383982442603,-0.28360521246231984,-0.10829499158664362,-0.1320127604713711,0.20238885035710802,0.23613850435272596,0.0934258229312678,0.11301546969815819,-0.17349655827645624,-0.21233473254032026,-0.18155285639233304,-0.24255881251388847,69.1,6,Syn
-0.28579427355631726,-0.37253887181667955,-0.1000614276893726,-0.12800966131718053,-0.015591968854157435,-0.08265623307278218,0.01049653027288966,-0.011027822380481406,-0.19074519298860562,-0.24820196867246141,-0.16803898946716392,-0.25301010453908923,69.1,6,Syn
-0.33037533321627705,-0.36932901005223867,-0.11264955207430428,-0.14177536567647653,-0.04870555089650251,-0.06301651327539114,-0.02648743682497872,-0.028127980292441106,-0.19424742939015083,-0.2460324095218797,-0.17999772216771356,-0.26237768050197535,69.1,6,Syn
-0.19730117423129473,-0.1647629262560281,-0.09748056657389956,-0.11659032261286432,0.1620634145570743,0.19498861525343045,0.055413503222932384,0.06972789718280471,-0.18229068833288095,-0.2290635080489804,-0.18054243495762037,-0.25867498395573374,69.2,6,Syn
-0.28473226279518693,-0.2930344659575781,-0.10910215332992901,-0.1355067171355603,0.07602904648999981,0.03576660118172451,0.03047595241910654,0.027738504194798955,-0.18436938848042808,-0.23186919036798512,-0.17806004155628932,-0.2684858983077486,69.3,6,Syn
-0.3225342317376232,-0.35944445701592503,-0.109981291279622,-0.13611822689868364,0.2222976297445302,0.2502837787306088,0.09460108305751587,0.121878902333153,-0.17820795745212503,-0.22266436173881804,-0.1786504935880967,-0.25783756699849064,69.4,6,Syn
-0.33578831317498975,-0.3846862635720388,-0.11270867538671053,-0.13951251016535937,-0.03357081554586013,0.008645083366279744,-0.04947846304470623,-0.03336546321311986,-0.20119409361439866,-0.2534805271495078,-0.18793971780681296,-0.27347756017053104,69.4,6,Syn
-0.34497213310494057,-0.411721950319911,-0.11420732282726907,-0.14217675314213896,-0.13687300246937223,-0.10206214668210904,-0.08785805154249417,-0.06340265158726896,-0.2079239756679869,-0.26016192678605654,-0.18750727406520754,-0.2817696300412716,69.5,6,Syn
-0.2923113704296853,-0.3480483095033073,-0.10693258482249948,-0.1312207610424801,0.21925036759339417,0.22152561759871478,0.23585265948095357,0.27398973108927616,-0.1673423533205085,-0.20636949806027421,-0.16703272614535133,-0.19741218655428214,69.5,6,Syn
-0.2963909888601066,-0.34989227264458184,-0.0806201402229159,-0.09283303362174271,0.11686235931522289,0.15266969521381404,0.0534302517598888,0.06663912520394288,-0.18318672130494065,-0.2291224863559865,-0.17626373678346685,-0.26206570163555143,69.5,6,Syn
-0.3157083564050719,-0.33497210668419497,-0.11030775478725655,-0.13386075913878343,-0.026460537193209347,-0.01508624472223443,-0.014771562441443453,-0.0012243287084416847,-0.18996477717423105,-0.2338407509164749,-0.18626399830809198,-0.2659654374658502,69.6,6,Syn
-0.30248234573672195,-0.374710650627514,-0.10862659625187869,-0.13742475656879294,0.2252433164906284,0.24630907353351775,0.1021668201202377,0.12711638525383176,-0.16979440053974718,-0.20576707678156902,-0.18162770242453397,-0.2550708070515208,69.6,6,Syn
-0.3435545592695992,-0.40737383970283153,-0.11421760514247016,-0.13836761303175843,-0.17079918775202027,-0.14555009766204635,-0.10556040719410545,-0.1044519835382298,-0.20936678144826584,-0.2675847679963963,-0.18206430427903944,-0.26980770350496563,69.6,6,Syn
-0.33446430856970394,-0.37304880730266166,-0.11092469369932181,-0.13461235043354736,-0.02209279477658101,0.02933693100995959,-0.03284118688250725,-0.009102935495103744,-0.19900459369073664,-0.249979743355074,-0.18226805181114197,-0.26493098122454994,69.6,6,Syn
-0.29340613042133507,-0.2957617102085002,-0.11070105334369815,-0.1357761046964076,0.18430842826036747,0.21684949383743118,0.0956294356679829,0.10195856131005859,-0.1718755093780794,-0.2135016604717982,-0.167964143434963,-0.23792838933854424,69.6,6,Syn
-0.32914021937954396,-0.373158079192515,-0.11181668454301617,-0.13536663560391973,0.013661747796748648,0.09491956676196181,0.00039663856294546443,0.05079238200804305,-0.19126065281661847,-0.22856219243942852,-0.1846506505028718,-0.26282101889110404,69.6,6,Syn
-0.33780940854418934,-0.3874772497587087,-0.11111491653054194,-0.1329340659294688,-0.08192070834388546,-0.07622656290101724,-0.04727485030799113,-0.041467894056221186,-0.199418888505775,-0.2543567762821699,-0.18722868050090405,-0.2803903550528712,69.7,6,Syn
-0.3393158731480834,-0.40470578439224664,-0.11100952279973078,-0.13648190010582748,-0.003809221869764707,0.06312192518523346,-0.024834727272442396,-0.002835861914804379,-0.1962779557219958,-0.24729201765008152,-0.18277949969784837,-0.27264014321328794,69.7,6,Syn
-0.3209809825187013,-0.3395569730626233,-0.11163160286939659,-0.14018867294308604,0.06719198625170526,0.05715986738959689,0.012185966704371234,0.01712924391957789,-0.18883028381444575,-0.23668013512519737,-0.1794821161681071,-0.2703741914466301,69.7,6,Syn
-0.279637418218663,-0.33855076107689075,-0.10893506570791132,-0.13881210250715645,0.039461900676367206,0.007242246237894669,0.0021962556312627936,-0.006998989364574672,-0.1864504973187603,-0.24312140879750696,-0.1675815970481582,-0.26104766533458923,69.8,6,Syn
-0.3127468902738142,-0.360068217387171,-0.10874998403429174,-0.13571414555741274,0.1492649135223029,0.2089000834432491,0.06632138626967211,0.07809891689363314,-0.17724207244729723,-0.21965646808150668,-0.1685005399990697,-0.2551529067532113,69.9,6,Syn
-0.3422773392793411,-0.400389544743041,-0.11372662459161823,-0.1417672840496511,-0.07481042999123468,0.09071105537680658,-0.057448195775825835,0.033199811171916976,-0.19976092259726017,-0.23286760885087418,-0.17931579165210504,-0.25862572413471946,69.9,6,Syn
-0.33738834700893944,-0.3582743371954125,-0.11325877924996873,-0.13789887867588416,-0.09695386828948997,0.07434462221231405,-0.05711765386531857,0.041302242015018295,-0.20239121293459672,-0.23307824566161026,-0.1854905893086823,-0.2724513138993998,70.0,6,Syn
-0.34483177925985725,-0.40701415306539773,-0.11477799132092945,-0.14065471342335184,-0.0721694694602501,0.11666354225193046,-0.05722783450215432,0.04098888833600333,-0.20328724590665642,-0.2347127873129223,-0.18880876340292382,-0.2830175455069672,70.0,6,Syn
-0.3229973994263981,-0.38277400549960594,-0.11176270238821046,-0.13849153130974817,0.08252987241242338,0.07563055624666704,0.02074332949861486,0.02809662268510178,-0.18900852693254366,-0.23610299026378048,-0.1833491611651555,-0.2719094558682425,70.1,6,Syn
-0.3222675594319649,-0.355091793403435,-0.1113745449893694,-0.13977920385059817,-0.1244808030547523,-0.14204300484108365,-0.0072425522576668715,-0.0016272120100323583,-0.19457260264614024,-0.24641155578120466,-0.1782429985238916,-0.266252786421767,70.2,6,Syn
-0.13508699316736933,-0.06757468622233319,-0.08027568266367946,-0.08854977140427096,0.2610994344689959,0.27296297897283417,0.05074918959688543,0.05567174643841899,-0.1796652153771146,-0.22533944923516636,-0.16087456094037428,-0.23691856300775108,70.2,6,Syn
-0.20668148954436216,-0.2462934150728263,-0.06792919268597333,-0.06474938040341378,0.12326160983260859,0.10216755859195137,0.1885484393994695,0.23043356970619558,-0.1637293171428484,-0.19486030272165433,-0.16180597822998594,-0.23076929535113258,70.3,6,Syn
-0.3251541701791782,-0.3139645858598968,-0.10922039995474152,-0.12875047710951054,-0.019959711270785774,0.047807619867029735,-0.03412662764559105,-0.005790339459802651,-0.19909130655900048,-0.24773856768884203,-0.18439284750306856,-0.27044808117815156,70.4,6,Syn
-0.324424330184745,-0.36742585797062693,-0.10786827550579847,-0.12904410955083406,-0.16511096506989964,-0.120299029351115,-0.09560742299994227,-0.06787913271605422,-0.2087790608966998,-0.25957214371599546,-0.18783576498431165,-0.27819829301773485,70.4,6,Syn
-0.31018309337029254,-0.3270635536560619,-0.10730274816973864,-0.1295155377823168,0.00980188240530965,0.08708705946181182,-0.02332892523568708,-0.00014997323753322193,-0.1950206191321701,-0.24301609039213892,-0.17879602753959853,-0.26241052038265156,70.4,6,Syn
-0.3099865979871759,-0.35789188558092594,-0.10939005815555945,-0.13654655312043082,0.30040911621865096,0.33655826212629086,0.07950633581101745,0.09869073008604536,-0.1818065414850745,-0.22974597131576535,-0.1764924329929697,-0.26363380593784,70.5,6,Syn
-0.3366772208605173,-0.3828969363756909,-0.11273438117471325,-0.13890369427784452,0.019959422909096487,0.08030668000795062,-0.009519618752272472,0.023396317499877254,-0.19301417970817616,-0.23994921842782146,-0.18215578276284058,-0.2621231714267348,70.5,6,Syn
-0.33494619010448995,-0.38750912072658256,-0.11201976026823765,-0.13705838948604065,-0.06719227461339455,0.020452295863520785,-0.05160862202353082,-0.026695506331229822,-0.20144700614683486,-0.25453371120318824,-0.17999772216771356,-0.2691919557422869,70.6,6,Syn
-0.3383801808475281,-0.4036677014386402,-0.10875512519189229,-0.13556059464772977,0.10050871910412608,0.14109628890463718,0.027905070892938925,0.05271726889342072,-0.18876043178167767,-0.23576597136660274,-0.1857941315503861,-0.27254983354142837,70.6,6,Syn
-0.3433253146559631,-0.3865620976811872,-0.11522270145337649,-0.14458238406050516,-0.06536391732271292,0.037870856874302125,-0.06101070303351524,-0.018055897752674268,-0.2020949439680286,-0.24668117089894687,-0.18663822846909667,-0.2795857779763043,70.9,6,Syn
-0.32461146864485607,-0.39172519447675597,-0.1066935209940742,-0.1245049291505574,-0.12417607683963869,-0.023853976774641145,-0.06626264672268622,-0.013489887001313301,-0.20315717660426066,-0.25004293439829484,-0.1817732363760358,-0.27101456911981603,70.9,6,Syn
1.3125646711753423,1.775209229240878,0.3567561309069539,0.6019147919277836,0.9304813536685482,0.9128905157044922,0.35128524000587946,0.40389721344662444,-0.13148417360262446,-0.15432535486360147,-0.16422184182491614,-0.23084318508265403,70.9,6,Syn
-0.3300244486035688,-0.38964902856954314,-0.10501236245869634,-0.12238215517108084,-0.0077706626662415726,-0.028647003629956813,-0.011539597094261311,-0.009908702098285092,-0.19297804934639956,-0.24334468381688723,-0.18470886408347253,-0.27111308876184465,71.1,6,Syn
-0.14961829459499396,-0.12057155280118678,-0.08703887548719494,-0.09622731688841843,0.1177765379605637,0.10123233383969464,0.2483030714433939,0.282853163724271,-0.15516401271100883,-0.18052436138295616,-0.15025058248074133,-0.21757587328946912,71.1,6,Syn
-0.24143310158698797,-0.24129422611203752,-0.001698229896966802,0.004213835173489874,0.14225621057468996,0.13361449088658345,0.05045537456532342,0.05956628502046216,-0.1777021323872526,-0.22371754579249847,-0.17132389865820502,-0.26177014270946564,71.2,6,Syn
-0.331989402434735,-0.37375907458670815,-0.11325363809236819,-0.14177536567647653,0.025647645591217114,0.0894251213424536,-0.003496410605251207,0.013816647884276794,-0.19401860376556568,-0.24276332621925562,-0.18788982045201233,-0.26736113239458875,71.3,6,Syn
-0.3071841995470126,-0.36489894551776925,-0.10741328305815034,-0.1331792086098398,0.07044239921291705,0.04874284461928645,0.03903331521335016,0.05620892417387322,-0.18092736934851053,-0.22413039394154122,-0.18293750798805036,-0.25355196257024654,71.3,6,Syn
0.060669193031816074,0.12855469707812003,0.03665223522429027,0.10499172168645729,0.43479337708375076,0.47578984711850947,0.2442631147594162,0.2945367794704005,-0.09204186199650156,-0.11360925934831553,-0.1051142669506765,-0.14511467657743318,71.5,6,Syn
-0.33423974241757065,-0.403025729085752,-0.1084800732602632,-0.1346662279457168,-0.03418026797608734,0.003033734852739446,-0.04727485030799113,-0.04209460141425112,-0.19853489898764082,-0.25542681128070926,-0.18303314458475156,-0.27824755283874913,71.6,6,Syn
-0.3348947270279594,-0.38436755389329996,-0.11104808148173487,-0.13467430957254223,-0.11107284958975368,-0.04185705325558293,-0.05910090532836215,-0.02736697850054761,-0.20220092636257328,-0.2539481408693419,-0.18572760174398528,-0.2753822732497507,71.9,6,Syn
-0.34098608390457474,-0.40171446640751235,-0.11001470880402554,-0.13151169960819517,-0.0760293348516891,-0.09060564346696426,-0.05153516826564032,-0.05507639668772838,-0.2011001546737795,-0.2577733053523093,-0.18695840316240067,-0.2761375905053033,71.9,6,Syn
-0.338801242382778,-0.39834980279911264,-0.11298886847594018,-0.13678900192519336,0.2387528453606649,0.4131297887173095,0.07381366957450344,0.17286602239001714,-0.1882738762430861,-0.22432839254363315,-0.18880876340292382,-0.2793148489607256,71.9,6,Syn
-0.34200598851218006,-0.3818178764633895,-0.11238478245787627,-0.13435104449952548,-0.11655792146179857,0.018464943264975265,-0.08425881740585951,-0.04469096046894657,-0.20725435962972724,-0.25457162582912074,-0.1841392026161654,-0.26949572463854177,72.0,6,Syn
-0.2903978796750496,-0.36984349853363135,-0.10916384722113553,-0.1381925111172077,0.17557294342711077,0.15711201278703343,0.03003522987176352,0.011533642508596311,-0.18769819914544558,-0.24139418694947104,-0.17692071862167508,-0.2710309890601541,72.2,6,Syn
-0.32191199635775386,-0.3489452495991865,-0.11277036927791706,-0.14177536567647653,0.2323535948432792,0.3428710292040237,0.051483727175790465,0.09994414480210523,-0.18634933230578582,-0.2272267550593617,-0.18427226222896706,-0.2698323334154728,72.2,6,Syn
-0.336663185476009,-0.38298344328849143,-0.11253901718589258,-0.13795545006366208,0.07105185164314426,0.1908970069623073,0.010423076514999156,0.061759760773566943,-0.18865926676870318,-0.22096662904428516,-0.18714136013000296,-0.28067770400878794,72.6,6,Syn
-0.31003806106370646,-0.34496593161036193,-0.10848521441786374,-0.1387474494925531,0.0937031669665889,0.08989273371858196,0.02573818503516908,0.016099653259957276,-0.18533527348525589,-0.23655375303875573,-0.17792698194348766,-0.26810002970980323,72.6,6,Syn
-0.3159142087111941,-0.3707267796432789,-0.10673207967607827,-0.13074663893538888,-0.11930045739782101,-0.14975860904720156,-0.061635059975584515,-0.07190796573196097,-0.20301747253872446,-0.2647790856773916,-0.18683365977539912,-0.2689128167565392,72.9,6,Syn
-0.3199142932960682,-0.34949160904845306,-0.10468589895106181,-0.12693480494939988,0.1717130780356718,0.24607526734545357,0.07884525199000292,0.12120743016383521,-0.17458287782053938,-0.21347217131829513,-0.17616810018676565,-0.26398683465510914,73.0,6,Syn
-0.3169715410108216,-0.3460358855318422,-0.108194739013433,-0.13255422946867412,-0.008887992121658124,0.0004618667840334767,0.04193473865002505,0.07174231369075808,-0.181659611347183,-0.21982497753009556,-0.1841475188419655,-0.254619258692223,73.0,6,Syn
-0.3234933163456924,-0.38126241102330183,-0.1113745449893694,-0.13428369760931366,-0.08324118860937775,0.05365277456863421,-0.0678786293962773,-0.016444364546311572,-0.204563852022763,-0.2508307160704478,-0.1817191809083351,-0.27372385927560255,73.3,6,Syn
-0.34303525004279095,-0.39531750785568337,-0.11264184033790346,-0.1336668000949734,-0.0843585180647943,0.0793714552556939,-0.057080926986373313,0.003834094967085661,-0.20101825918708588,-0.2434752786395436,-0.18573175985688534,-0.2783296525404396,73.3,6,Syn
-0.3325601747380738,-0.38751822671740366,-0.1123462237758722,-0.1399650812675828,-0.002590317009310287,0.0019816070064506406,-0.014991923715114963,0.008131516850719512,-0.19490259328369985,-0.24495816178712565,-0.18505398745417684,-0.2730424317515714,73.7,6,Syn
-0.3455241915622682,-0.41544630056574455,-0.10890421876230806,-0.12531578570870772,-0.10284524178168634,-0.07166734223376577,-0.058403094628402374,-0.036364705569405985,-0.20275010786157763,-0.2499965942999329,-0.1830539351492518,-0.26600648731669546,73.7,6,Syn
-0.33323855165597643,-0.38081621747306754,-0.10967539240238965,-0.13449651378238303,-0.002895043224423892,-0.030400550040438158,-0.027736150709117273,-0.03430552425016477,-0.1966031289779852,-0.2540239701212069,-0.1858897681470873,-0.27531659348839826,73.7,6,Syn
-0.3326771362756432,-0.3684093049793067,-0.11068305929209625,-0.13427830985809672,-0.0779592675474086,-0.09224228678341352,-0.010327610089068007,0.005624687418599765,-0.1960226344987745,-0.24781439694070703,-0.18654259187239547,-0.2740029982613503,73.8,6,Syn
-0.3058040534036935,-0.3496737288648752,-0.11026405494765192,-0.1380227969538739,-0.019756560460710035,-0.040804925409294125,0.034185367192576956,0.07926280198711731,-0.18375276363944076,-0.22444213642143063,-0.18256327782704568,-0.24942234757521434,73.8,6,Syn
-0.3488646130752508,-0.42714749877086944,-0.11333846719277715,-0.13643610422048344,-0.1619621275137257,-0.14075707080673067,-0.09538706172627075,-0.07146031761908243,-0.20864417421273382,-0.26291705627048456,-0.18420989053546627,-0.2711295087021827,73.8,6,Syn
-0.323376354808123,-0.37246147089470016,-0.10980906250000379,-0.13702875685434746,0.14195148435957636,0.14904569929881925,0.04520343087615244,0.05656704266417604,-0.18367327684353224,-0.23297292725624222,-0.18276702535914824,-0.26122828467830833,73.9,6,Syn
-0.34117322236468584,-0.3802334340605166,-0.11429986366407886,-0.13945593877758145,-0.11442483795600333,0.004202765793060341,-0.09204491574225286,-0.058075639044014506,-0.20890190412674023,-0.260654816923179,-0.1855695934537833,-0.2746926357555505,73.9,6,Syn
-0.2984261196138145,-0.3445106320693065,-0.10967282182358937,-0.13691292020318313,0.08090466593181748,0.1741798645157185,0.033046833945274155,0.08351545905946331,-0.18420800619782593,-0.22197347299960368,-0.17078334398119827,-0.25352733265973937,74.0,6,Syn
-0.34052759467730265,-0.3966378765247442,-0.11528953650218356,-0.14368532348288374,0.050635195230532726,0.17990811612329088,0.012920504283276266,0.07917327236454161,-0.19150393058591425,-0.22926571938728707,-0.18185224052113677,-0.2632725672504018,74.0,6,Syn
-0.33303269934985424,-0.39420202398009757,-0.10789912245140174,-0.13074663893538888,0.002386877837545262,0.011100048340953624,-0.010107248815396498,-0.023964852842670813,-0.1926287891825591,-0.24841260548319752,-0.18218073144024088,-0.2630755279663446,74.1,6,Syn
-0.3397930762213667,-0.38735887187803425,-0.11358010160000272,-0.1351322684259826,-0.12519183089001737,-0.10708897972548889,-0.0737916569064628,-0.06523800885007092,-0.20325352423566492,-0.2579713039544012,-0.18693345448500037,-0.2793066389905566,74.1,6,Syn
-0.3108146856731674,-0.33966624495247655,-0.10924353516394396,-0.13702606297873898,0.3488605844217142,0.41546785059795127,0.16882610540586937,0.21503447462317427,-0.16596699088221256,-0.19958699275457217,-0.17920768071670368,-0.2594549311217935,74.3,6,Syn
-0.3389509531508669,-0.3971796829786001,-0.11307369757634915,-0.14047422375758417,0.04017292851163228,0.11876779794450808,-0.023696194025139596,0.016233947693820836,-0.19365489145701456,-0.23615775583457188,-0.18287513629454957,-0.2676649012908436,74.4,6,Syn
-0.3431896392723826,-0.40116355396283526,-0.1155877236430151,-0.14153291687171396,-0.11625319524668497,0.033077830018986454,-0.07452619448536783,-0.011162116814344964,-0.2072085945048102,-0.24960059709574905,-0.18699166806560108,-0.27579277175820316,74.4,6,Syn
-0.3090509056866205,-0.37903599626754075,-0.11063421829489108,-0.14234646730547276,-0.02006128667582364,0.05131471268799242,-0.04158218407147713,-0.04187077735781186,-0.20279587298649465,-0.2585231723985298,-0.18694177071080045,-0.28095684299453566,74.5,6,Syn
-0.3199563994495932,-0.362540493895102,-0.11253644660709232,-0.1416891616570054,0.067395137061781,0.1419146105628618,0.0053180403416091815,0.039869768053807014,-0.19301899708974637,-0.23726991819525842,-0.18382318603576145,-0.27398657832101214,74.7,6,Syn
-0.2901405642923969,-0.3288938578111048,-0.1083875324234534,-0.1327859027710028,0.06526205355598577,0.08591802852149091,0.04241218807631331,0.07348814133098433,-0.1818739848270575,-0.2229297641203455,-0.17764838837918417,-0.25307578430044164,74.7,6,Syn
-0.33069814705996864,-0.3578691206038732,-0.1115107856657838,-0.13854271494630915,0.035805186095003945,0.08135880785423942,-0.0079036360786814,-0.0011795638971538321,-0.19055490641658218,-0.2393173079956132,-0.18289592685904985,-0.25460283875188494,74.7,6,Syn
-0.32831681015505526,-0.35410834639475525,-0.11249531734628797,-0.13990850987980488,-0.06973165973934126,-0.07821391549956278,-0.05711765386531857,-0.0691325474321141,-0.20126153695638166,-0.25728884068761626,-0.18292087553645014,-0.2700622125802062,74.8,6,Syn
-0.07962383205195077,-0.038658612369902,-0.03545250012333765,-0.025591204558653175,0.019248395073831408,0.06230360352700883,0.011304521609685194,0.0010139118559509461,-0.18188602828098302,-0.23375649619218047,-0.17210146577051474,-0.255276056305747,74.9,6,Syn
-0.33512397164159546,-0.38455877970054325,-0.1142972930852786,-0.14176997792525958,0.08395192808295354,0.16564593865137597,0.023865114208961247,0.06399800133795958,-0.18831482398643293,-0.22780811265699333,-0.18448848409976976,-0.26921658565279405,75.1,6,Syn
-0.33218121935634887,-0.36777188562182905,-0.11336160240197961,-0.14079479495499242,-0.021178616131240193,0.03132428360850511,-0.029352133382708347,-0.0075809319113167555,-0.19675246780666183,-0.2480039700703695,-0.18348637889085723,-0.2745530662626766,75.2,6,Syn
-0.3435218100390798,-0.39327321291634443,-0.11412763488446065,-0.14166222290092068,-0.1597274686028926,-0.07774630312343442,-0.09920665713657692,-0.06886395856438698,-0.20908737331719346,-0.26087387920634453,-0.18872975925782284,-0.28527528730345597,75.2,6,Syn
-0.31815519177102414,-0.3692106321715643,-0.11088613501731773,-0.1382329192513348,-0.10030585665573963,-0.11948070769289038,-0.0555016711917275,-0.06814772158378134,-0.19828198645520462,-0.25602080708698505,-0.17754443555668287,-0.27188482595773533,75.5,6,Syn
-0.33078703782852137,-0.4024702636456644,-0.11259814049829885,-0.14118810079382946,0.23885442076570276,0.2565965458083416,0.0818935829424588,0.10271956310195209,-0.1778731494329952,-0.224496901992222,-0.17406825317223937,-0.2607603163786725,75.6,6,Syn
0.011592131867687813,0.08305206094503906,-0.021872132321500988,-0.00653203462870812,0.7788292739470108,0.7582277223000378,0.32296881633909047,0.3588190484797569,-0.1337796559208312,-0.15115737723013067,-0.16060428360187087,-0.23661479411149622,75.7,6,Syn
-0.33898838084288907,-0.3908601253487506,-0.11486024984253815,-0.14401397630711743,-0.07938132321793875,-0.05693755238572248,-0.062002328765037036,-0.052569567255608636,-0.2010278939502263,-0.2520313458916435,-0.18450511655136997,-0.27478294542741,75.8,6,Syn
-0.34125275621023304,-0.40614908393739235,-0.1107704589713055,-0.13312802497327883,0.038852448246139995,0.07317559127199316,0.004950771552156665,0.03342363522835624,-0.19004908135170978,-0.2358923534530444,-0.18140316432793116,-0.2669260039756291,75.8,6,Syn
-0.2913850350521355,-0.2726507055045259,-0.10030306209659814,-0.11678428165667437,0.29593979839698475,0.3640304892238319,0.12548838825047248,0.17604432399145467,-0.16348844806433774,-0.19319205918062451,-0.17790203326608733,-0.2387904362062945,76.2,6,Syn
-0.3297624547594133,-0.3849457843104404,-0.11513530177416724,-0.14456083305563738,-0.023616425852149035,-0.023970879868673235,-0.02428382408826362,-0.029112806140773863,-0.19657181599777884,-0.25193866569491963,-0.18498745764777602,-0.2723856341380474,76.2,6,Syn
-0.3214394717459734,-0.36740764598898473,-0.11451322170450144,-0.14394662941690559,-0.0009651105287043936,0.11023387208016554,-0.027258701282829003,0.0008348526107995356,-0.1951627318884914,-0.24336996023417554,-0.18375249811646055,-0.2761293805351342,76.5,6,Syn
-0.3399895716044833,-0.3745649547743763,-0.11423559919407207,-0.1424811610858964,-0.13626355003914503,-0.07786320621746651,-0.06813571754889405,-0.009595348419270124,-0.20526959842279927,-0.24964272445789626,-0.1872411548396042,-0.2807187538596332,76.6,6,Syn
-0.3451873423340683,-0.4019284571918084,-0.11454663922890497,-0.14137667208642254,-0.15556287699634,-0.11059607254645157,-0.09663577561040931,-0.07642921167203408,-0.2104651444462745,-0.26748787506345767,-0.18484608180917425,-0.27233637431703306,76.6,6,Syn
-0.3450235961814711,-0.4026797014345499,-0.11485767926373787,-0.14237609993716596,-0.13321628788800896,-0.04723459558105905,-0.08550753128999806,-0.044332841978643754,-0.20803477544410182,-0.25649684627924857,-0.18755717142000816,-0.28215549863921696,76.6,6,Syn
-0.3407474823679331,-0.40115444797201416,-0.11368806590961414,-0.13956099992631188,-0.1305753273570244,-0.14204300484108365,-0.04745848470271739,-0.025979269350624182,-0.20133620637071997,-0.2511171821330489,-0.18546564063128199,-0.26844484845690336,76.8,6,Syn
-0.34504698848898496,-0.4139938950297777,-0.1094594637831668,-0.1339254121533868,-0.07328679891566665,-0.06640670300232174,-0.05395914227602693,-0.058075639044014506,-0.20216238731001157,-0.26020405414820375,-0.1872162061622039,-0.27738550597099887,76.9,6,Syn
-0.06209363680104624,0.05386736036338515,0.011907843692872577,0.07169003141451655,0.19192658363820758,0.14366815697334315,0.07131624180622634,0.09313989348635163,-0.17117217166882823,-0.21324468356270015,-0.1688290309181738,-0.25247645647810096,77.0,6,Syn
-0.3283074532320497,-0.35185461366653076,-0.11561857058861837,-0.14419715984849357,-0.12031621144819969,-0.1112974911106441,-0.03618333286652515,-0.011878353794950607,-0.19826271692892375,-0.2442462093668377,-0.1811994167958286,-0.2546849384535754,77.0,6,Syn
0.07950467904199533,0.15278118565768017,-0.010942031262744699,0.01612345923854812,0.25815374772289773,0.2747165253833155,0.09717196458368348,0.12040166356065386,-0.17303408964571576,-0.21436527139581615,-0.17102867264230134,-0.26547283925570725,77.1,6,Syn
-0.32566880094448364,-0.3625450468905126,-0.11146451524737891,-0.1383999395390601,0.12173797875704057,0.19463790597133418,0.0488761187706776,0.1073303386646009,-0.18210281045164264,-0.21500982003666858,-0.183947929422763,-0.26206570163555143,77.1,6,Syn
-0.34579086386792646,-0.4078382452347081,-0.11481140884533299,-0.1412419783059989,-0.174862203953535,-0.13678236560963963,-0.10578076846777697,-0.09160448269861611,-0.21023391013090426,-0.26425670638676607,-0.18850106304831998,-0.2853820169156536,77.1,6,Syn
-0.32651092401498344,-0.38368915757712735,-0.11091184080532045,-0.13740589943953363,-0.10528305150259518,-0.1112974911106441,-0.04051710458206484,-0.058030874232726654,-0.19736668395686405,-0.25653897364139583,-0.17598514321916336,-0.26438091322322355,77.2,6,Syn
-0.3225108394301093,-0.3538624846425853,-0.10561130731915971,-0.12229864502721818,-0.012544706703021385,-0.0012916796264478662,-0.02784633134595303,-0.019891255015476225,-0.19857825542177274,-0.2532066992955509,-0.18880876340292382,-0.2796678776779948,77.5,6,Syn
-0.3085690241518345,-0.37306701928430386,-0.1111714692641479,-0.1356171660355077,0.18948877391729874,0.1932350688429491,0.07917579390051019,0.1089418718709636,-0.17964835454161887,-0.2220535149876834,-0.17007230667528936,-0.2653004298821572,77.6,6,Syn
-0.3375895208535588,-0.3959731391948032,-0.11118432215814927,-0.1330310454513738,-0.008989567526695993,0.03693563212204541,-0.01987659861483343,0.009608755623218649,-0.19607803438683194,-0.24476016318503374,-0.1861226224694902,-0.2763428397595295,77.6,6,Syn
-0.33733688393240885,-0.3920575631417264,-0.11120745736735171,-0.13695332833731022,-0.11168230201998089,-0.08183791141455755,-0.06314086201233983,-0.050823739615382384,-0.20219129159943286,-0.2547822626398568,-0.1835570668101581,-0.27206544530145443,78.0,6,Syn
-0.2608767875925282,-0.3013254706001977,-0.10961369851118312,-0.13729814441519472,0.3143249467088389,0.32112705371405503,0.16537377878501572,0.2001725572756072,-0.15965862971601802,-0.19325946296006008,-0.16693708954865014,-0.23776418993516324,78.1,6,Syn
-0.31774348715877976,-0.33489015276680495,-0.10974993918759753,-0.13345398392190405,0.0471816314592452,0.2590515107830155,0.01758481790932322,0.1490959075961674,-0.1881703025393265,-0.2102157262243152,-0.17408904373673964,-0.25688521045888085,78.2,6,Syn
-0.3444621808011379,-0.3996792774589945,-0.11387314758323372,-0.13986271399446085,-0.17608110881398942,-0.11293413442709337,-0.09795794325243837,-0.049391265654171096,-0.20941013788239776,-0.2629381199515582,-0.18819752080661617,-0.2840027419272532,78.2,6,Syn
-0.346366314632768,-0.4122819687554092,-0.11384487121643073,-0.14123659055478197,-0.09573496342903556,-0.02198352727012771,-0.06600555857006946,-0.03573799821137605,-0.20333782841314366,-0.25193024022249016,-0.18880876340292382,-0.28446250025672004,78.4,6,Syn
-0.31623234409338286,-0.36461665980231484,-0.11121516910375254,-0.13943438777271366,-0.03346924014082226,-0.058457292608139644,-0.03768913490328046,-0.05834422791174162,-0.1991370716839175,-0.25815245161163425,-0.1811827843442284,-0.2704891310289968,78.4,6,Syn
-0.3421463423572634,-0.40363583047076634,-0.11132313341336396,-0.13255961721989107,-0.032656636900519315,0.018231137076911083,-0.026340529309197714,-0.009908702098285092,-0.19296118851090382,-0.2400334731521159,-0.18575670853428564,-0.2698323334154728,78.5,6,Syn
-0.30935032722279826,-0.36423876118323883,-0.10667552694247229,-0.1295370887871846,0.08029521350159027,0.07527984696457077,0.04288963750260159,0.055492687193267574,-0.18454281421695576,-0.22885708397445906,-0.1868502922269993,-0.26954498445955605,78.6,6,Syn
-0.2719085998160758,-0.3179484568441319,-0.11280892795992115,-0.13863430671699722,0.12600414576863103,0.10298588025017599,0.04946374883380163,0.05710422039963027,-0.18020717080376364,-0.22357010002498323,-0.18028463195781716,-0.25550593547048045,78.6,6,Syn
-0.3027349826578719,-0.34939144314942083,-0.11274723406871462,-0.13875553111937852,0.10660324340639818,0.11116909683242225,0.015858654598896394,0.015249121845488078,-0.1885171540123819,-0.24070329821025666,-0.18424731355156676,-0.2689620765775535,78.8,6,Syn
-0.30548591802150465,-0.3735041068437171,-0.1053285436511298,-0.12836525289749892,0.20299830278733524,0.22211013306887523,0.06470540359608104,0.07711409104530038,-0.18027702283653171,-0.22464434775973727,-0.18025136705461675,-0.2659900673763574,78.9,6,Syn
-0.3350678301035621,-0.3950534341218712,-0.11434356350368349,-0.13714459350551178,-0.14408485622706088,-0.08721545374003367,-0.08594825383734109,-0.0486302638622776,-0.208241922851621,-0.2583335992688673,-0.17991455990971253,-0.268223179262339,78.9,6,Syn
-0.2992729211458171,-0.31561732319392805,-0.11166502039380012,-0.13524541120153846,0.3970073264096638,0.42049468364133114,0.15942402439588496,0.17998362738478568,-0.1623346851782716,-0.19225261900474158,-0.17305783173752673,-0.2590526425835101,78.9,6,Syn
-0.2944073211829293,-0.3647031667151154,-0.11376261269482203,-0.14227642653965247,0.16897054209964935,0.22924122180483267,0.07120606116939059,0.10625598319369244,-0.18403458046129825,-0.22932891043050788,-0.17183950465781148,-0.26036623781055807,79.0,6,Syn
-0.31462763179793046,-0.3634328809955707,-0.10868314898548467,-0.1366165938862511,-0.034688145001276684,-0.09937337551937098,0.015307751414717621,0.01954654372912193,-0.18878692738031383,-0.24165537659478378,-0.17590198096116233,-0.2652101202102976,79.0,6,Syn
-0.1017248841910682,-0.0880267416065437,-0.02000846269130383,-0.00020950857562246136,0.36277641491190216,0.34579360655482594,0.137681712060296,0.15670592551510235,-0.16287423191413553,-0.19756487937150571,-0.16817204907996558,-0.24778856351157338,79.0,6,Syn
-0.332681814737146,-0.3793000700013529,-0.11396054726244297,-0.1428394465418233,-0.11046339715952647,-0.016605984944651594,-0.08253265409543269,-0.03802100358705653,-0.20502632065350349,-0.25101186372768086,-0.1829582985525506,-0.2704562911483206,79.2,6,Syn
-0.3392223039180279,-0.37873549857044414,-0.1138011713768261,-0.13762140948821147,0.05215882630610075,0.2146283350508215,0.006603481104692987,0.0961839006539256,-0.19378736945019542,-0.22578599927392687,-0.18469638974477237,-0.2689128167565392,79.2,6,Syn
-0.2822386428142069,-0.3576095998654716,-0.09590480176933286,-0.11669538376159476,0.3206226218211868,0.3774743450375222,0.12232987666118084,0.15128938334927217,-0.1666606938283233,-0.2027886722777607,-0.16559401908193333,-0.25429906985563006,79.3,6,Syn
-0.31370129642038064,-0.3733083280410633,-0.10766777035937726,-0.13421635071910185,0.026561824236557927,0.0336623454891469,0.0023798900259890516,-0.0011347990858659794,-0.19150633927669936,-0.24708980631177488,-0.1819977744726386,-0.2652429600909738,79.5,6,Syn
-0.3055888441745657,-0.3117928070490623,-0.11275237522631516,-0.14278826290526228,0.14428771867544735,0.17137419025894837,0.0420449192868608,0.05661180747546389,-0.18207872354379157,-0.2237428222097868,-0.17800598608858864,-0.27002116272936094,79.5,6,Syn
-0.34265161619956325,-0.3902591299545574,-0.11478570305733027,-0.14259699773706072,-0.159422742387779,-0.15805872872347992,-0.10056555165755122,-0.10221374297383719,-0.2085695047983955,-0.2604062654865104,-0.1799686153774132,-0.24466877484733435,79.5,6,Syn
-0.30343675188328845,-0.33182598685550185,-0.109981291279622,-0.13373684086079368,0.4261594676555319,0.5459317035377632,0.2181503038293423,0.2905974760770695,-0.14917841611001859,-0.16257389237202668,-0.1832368921168541,-0.24830579163222352,79.5,6,Syn
-0.31491301794959986,-0.3646030008160832,-0.11187323727662216,-0.13619365541572087,0.8763416627833645,1.097714307369226,0.45312887532106216,0.5775846812434926,-0.13033041071655832,-0.14246228968294494,-0.1555147534122072,-0.18874245805576526,79.6,6,Syn
-0.26729095831283517,-0.26081291743708435,-0.10133129361670692,-0.11955897353340135,-0.0015745629589316037,-0.023737073680609056,0.05956364054374582,0.08051621670317718,-0.17953032869314864,-0.22377652409950458,-0.17001825120758868,-0.25408561063123475,79.7,6,Syn
-0.34406451157340184,-0.40705057702868214,-0.11236421782747409,-0.13605626775968876,-0.13900608597516748,-0.09048874037293217,-0.08716024084253439,-0.0605377036648464,-0.206955681972374,-0.25889810592164,-0.18778586762951102,-0.28179425995177876,79.7,6,Syn
-0.08834448429312666,-0.048329174621919616,-0.07639667925406911,-0.08951956662332117,0.11158043825325373,0.07025301392119092,0.049023026286458604,0.056701337098039595,-0.1819173412611894,-0.23013354304751973,-0.1683175830314674,-0.2497589563521454,79.7,6,Syn
-0.29912321037772827,-0.3649991114168014,-0.09582511382652444,-0.11336844738513085,-0.08171755753380973,-0.11118058801661201,0.016997187846199194,0.020531369577454685,-0.1867708531931795,-0.23798608335176114,-0.17070433983609729,-0.24374925818840074,79.9,6,Syn
-0.33299527165783205,-0.3556518118389332,-0.11238992361547681,-0.13716614451037956,-0.058659940590213615,0.06335573137329764,-0.037872769298006724,0.03924306069577708,-0.19436063785705085,-0.2159618984211957,-0.18319115287495352,-0.2526078160008058,80.0,6,Syn
-0.3292337886095995,-0.37484724048983065,-0.11515329582576915,-0.14009708117239797,-0.14378013001194728,-0.03145267788672696,-0.09292636083693889,-0.037573355474178005,-0.20489143396953752,-0.24106559352472273,-0.18553632855058289,-0.2732723109163048,80.0,6,Syn
-0.3435218100390798,-0.4018146323065446,-0.11550032396380586,-0.1465408316278649,-0.15089040836459808,-0.1671771700579829,-0.1019611730574708,-0.10324333363345779,-0.20850447014719764,-0.2633256916833126,-0.17386034752723678,-0.23217320025004012,80.0,6,Syn
-0.28567263355724504,-0.31234827248915,-0.11277293985671734,-0.14306842596854347,0.38075526160360484,0.5136664495849065,0.16923010107426714,0.24578789997792902,-0.15935995205866477,-0.18185558602680824,-0.18290840119774998,-0.240514529941795,80.0,6,Syn
-0.3186090025367935,-0.36050985794199475,-0.111503073929383,-0.13668394077646293,-0.040884244708586655,-0.07178424532779785,-0.037762588661170965,-0.04410901792220449,-0.19713785833227893,-0.252705383685999,-0.1866174379045964,-0.27752507546387273,80.1,6,Syn
-0.3183657225386491,-0.3744238119166491,-0.10736444206094517,-0.1327266375076164,-0.048502400086426777,-0.053313556470727705,0.01391213001479806,0.025276439573967063,-0.1906657061926971,-0.24037049204929364,-0.17700803899257617,-0.24935666781386193,80.1,6,Syn
-0.3181130856174991,-0.36127020817555733,-0.10850320846946564,-0.1318834544421644,-0.06038672247585737,-0.0668743153784501,-0.03317172879301451,-0.013266062944874037,-0.1954228704932829,-0.2437491064935005,-0.17798935363698845,-0.26534968970317147,80.1,6,Syn
-0.3305250439843659,-0.3986002175466931,-0.11367778359441305,-0.13892793915832077,0.08578028537363518,0.15021473023914017,0.0160055621146774,0.03740770343297512,-0.18888327501171812,-0.23495712601337618,-0.18346143021345693,-0.26507055071742375,80.2,6,Syn
-0.3446025346462212,-0.4052885678047976,-0.11487053215773924,-0.14171071266187318,-0.15312506727543118,-0.0890859032445471,-0.07863960492723601,-0.017563484828507888,-0.20354256712987773,-0.23316671312211942,-0.16134442769808013,-0.20130371241441186,80.3,6,Syn
-0.34398965618935745,-0.4014412866828791,-0.11501962572815501,-0.14017520356504368,0.19649747686491167,0.5518937613333997,0.15200519484894415,0.4349192276691063,-0.17664953451416096,-0.16485298266419116,-0.18865907133852194,-0.2782639727790872,80.3,6,Syn
-0.3313484532088546,-0.38999505622074526,-0.11233594146067111,-0.13862353121456333,-0.13128635519228948,-0.15805872872347992,-0.06545465538589068,-0.07907033553801739,-0.20279587298649465,-0.26201974345674883,-0.18070875947362247,-0.26982412344530377,80.3,6,Syn
-0.33570877932944254,-0.3783120699972626,-0.11288861590272957,-0.1353693294795282,-0.17638583502910302,-0.1875183084195665,-0.09417507472107745,-0.07866745223642671,-0.20819134034513376,-0.2654531234717471,-0.18191461221463756,-0.27140864768793044,80.3,6,Syn
-0.3410983669806414,-0.37957780272139674,-0.1145157922833017,-0.1419073655812917,-0.007669087261203704,0.1308088166298133,-0.006397834041926085,0.08279922207885768,-0.19838556015896422,-0.23789761589125197,-0.18692513825920026,-0.27750044555336556,80.5,6,Syn
-0.3304267962928076,-0.351371996153012,-0.11059308903408673,-0.13380957550222244,-0.04332205442949549,0.021972036085937948,-0.04147200343464138,-0.018234956997825676,-0.20024747813585173,-0.2511171821330489,-0.183789921132561,-0.2745694862030147,80.5,6,Syn
-0.3005828903665946,-0.33499487166124775,-0.10837467952945204,-0.1354690028770417,0.2246338640604012,0.2535570653635073,0.1013221019044969,0.13320439958897973,-0.17900282541121026,-0.22135420077603957,-0.1875904363232086,-0.26348602647479713,80.6,6,Syn
-0.15508273763023722,-0.14940111974081743,-0.012438108124502967,0.014528684878332221,0.09217953589102088,0.11923541032063643,0.04961065634958263,0.04953896729198318,-0.18031797057987853,-0.22721411685071755,-0.17816399437879063,-0.2668274843336005,80.6,6,Syn
-0.32114940713280127,-0.3480346505170756,-0.11380631253442665,-0.14212556950557798,0.0795841856663252,0.09924498124114912,0.03572789610827752,0.06216264407515762,-0.1871369741925157,-0.23257271731584364,-0.18426394600316695,-0.27590771134056985,80.7,6,Syn
-0.33852521315411416,-0.3929362912559634,-0.11143623888057592,-0.13522386019667068,-0.1004074320607775,0.051899228158152864,-0.07702362225364494,-0.03609611670167887,-0.2060283360201079,-0.25519932352511426,-0.18840542645161878,-0.2849633084370321,80.8,6,Syn
-0.325912080942628,-0.4055207705707359,-0.10884252487110153,-0.13414900382889003,-0.03509444662142815,-0.07061521438747695,-0.044299973113425754,-0.06635712913226724,-0.19947187970304733,-0.2621545510156199,-0.1859604560663882,-0.27251699366075216,81.2,6,Syn
-0.27145478905030646,-0.32014755362742975,-0.10961883966878366,-0.1388956126510191,0.09004645238522564,0.11841708866241181,0.07153660307989784,0.10016796885854448,-0.1708084593602771,-0.21313515242111739,-0.17196424804481303,-0.2349892200180243,81.3,6,Syn
-0.30935968414580384,-0.3380818025496036,-0.10814589801622784,-0.13174876066174077,0.005230989178605576,-0.0044480631653142835,-0.02446745848298988,-0.022442849258883825,-0.19347423964813157,-0.24610402603752998,-0.18609351567918986,-0.2676731112610126,81.3,6,Syn
-0.34461657003072954,-0.4156056554051139,-0.11497078473094983,-0.14009977504800644,-0.08862468507638477,0.05984863855233496,-0.067107364938427,0.012652762790792626,-0.20483603408148007,-0.24765010022833286,-0.18239279519814355,-0.2678208907240555,81.6,6,Syn
-0.3321765408948461,-0.37095442941380663,-0.10822558595903627,-0.13064965941348386,0.11716708553033649,0.16400929533492672,0.03231229636636912,0.061491171905839824,-0.18485835270980475,-0.23079915536944579,-0.18703324919460163,-0.2656370386590882,81.7,6,Syn
-0.30844738415276235,-0.38030628198708544,-0.10726161890893429,-0.13609398201820738,0.38542773023534677,0.4720489481094826,0.17036863432156996,0.21763083367786973,-0.1633728309066526,-0.20061490039096427,-0.16657949183924567,-0.25534994603726846,81.7,6,Syn
-0.31690136408827996,-0.365504493907373,-0.10871913708868848,-0.1342702282312713,-0.0516512376426007,-0.07809701240553069,-0.006912010347159607,0.005669452229887618,-0.1915569217831866,-0.2397006669911529,-0.17744464084708161,-0.2634121367432757,81.8,6,Syn
-0.33033322706275203,-0.3728257105275445,-0.10925381747914505,-0.13338663703169223,-0.12153511630865411,-0.06535457515603292,-0.02788305822489828,0.021202841746772474,-0.1985902988756983,-0.24387127584372745,-0.17268360157652204,-0.26063716682613675,82.0,6,Syn
-0.3448972777208961,-0.40026661386695606,-0.11324078519836682,-0.1341516977044985,-0.14631951513789399,-0.07938294643988367,-0.0680255369120583,0.01341376458268612,-0.20505522494292477,-0.24633151379312496,-0.18453006522877027,-0.264947401164888,82.0,6,Syn
-0.340728768521922,-0.3716829086794953,-0.11369063648841442,-0.1375405932199573,-0.14510061027743956,-0.062431997805230684,-0.09362417153689867,-0.05820993347787806,-0.20757953288571665,-0.2577396034625915,-0.18429305279346733,-0.2707025902533921,82.2,6,Syn
-0.3427498638911216,-0.39997522216068054,-0.11260585223469965,-0.13769414412964023,0.013357021581635042,0.13431590945077598,-0.007095644741885865,0.06498282718629234,-0.1947677065997339,-0.23394606932184295,-0.18591471682448762,-0.27482399527825524,82.2,6,Syn
-0.343956906958838,-0.4087260793397662,-0.11167530270900121,-0.1333516166487821,-0.1305753273570244,-0.04255847181977547,-0.08132066709023938,-0.013803240680328269,-0.20373767108347138,-0.23976385803437372,-0.18633468622739288,-0.277574335284887,82.2,6,Syn
-0.3456879377148654,-0.4058804572081697,-0.11404537636285195,-0.13934818375324254,-0.10741613500839041,0.006774633861766311,-0.0601292579388292,0.022501021274120202,-0.20223705672434988,-0.23413564245150542,-0.18848858870961982,-0.28273019655105047,82.2,6,Syn
-0.32068623944402636,-0.3710363833311966,-0.10734644800934327,-0.12779953901971963,0.26546717688562427,0.36648545419850576,0.09423381426806335,0.1537962127813919,-0.17979769337029547,-0.21497190541073607,-0.18129921150542985,-0.2557276046650448,82.2,6,Syn
-0.31443113641481385,-0.34066790394279856,-0.11009439674683397,-0.13600777799873626,0.0895385753600363,0.08474899758117002,0.02375493357212549,0.030469157683357968,-0.18654684495016458,-0.23721936536068175,-0.17765254649208423,-0.2649720310753952,82.3,6,Syn
-0.31977393945098487,-0.3784213418871159,-0.11011753195603642,-0.13753789934434882,0.2605915574438066,0.3078001009943968,0.11931827258767021,0.15688498476025375,-0.17277635973170932,-0.21303404675196408,-0.17825963097549183,-0.2626814493982302,82.3,6,Syn
-0.2735086336500255,-0.3109095259394148,-0.10695314945290166,-0.12935390524580845,0.36755045894868194,0.42926241569373785,0.18546338156806835,0.2084988121751478,-0.1580761198702029,-0.18838111442341227,-0.16264175892289637,-0.24128626713768572,82.5,6,Syn
-0.3416223546689524,-0.39552239264915834,-0.10903274770232166,-0.11900672903366442,-0.1302706011419108,-0.03402454595543293,-0.0839650023742975,0.0016853840252687353,-0.20558031953407804,-0.24683282940267684,-0.1827171280043476,-0.2709078395076184,82.6,6,Syn
-0.3390304869964141,-0.36632858607668334,-0.11070876508009897,-0.11853799467779015,-0.0663796713730916,0.07247417270780063,-0.03647714789808716,0.07268237472780298,-0.20011740883345597,-0.23365539052302714,-0.186983351839801,-0.2735186100213763,82.6,6,Syn
-0.27443496902757525,-0.3188135259721373,-0.10475273399986888,-0.136479206230219,0.14845231028199993,0.1241453402699842,0.05368733991250556,0.05907387209629578,-0.1772637506643632,-0.22096662904428516,-0.1702594217557917,-0.2594713510621316,83.1,6,Syn
-0.33051100859985755,-0.39022725898668353,-0.10753924141936366,-0.13126655692782413,0.09969611586382314,0.13829061464786702,0.02794179777188418,0.026843207969041903,-0.18590613320132618,-0.23402611130992265,-0.18200193258553865,-0.26288669865245645,83.1,6,Syn
-0.28414745510733985,-0.30711688076242294,-0.11068305929209625,-0.13767259312477245,0.1299655865651079,0.17090657788282002,0.04612160284978373,0.07236902104878801,-0.1756282496212757,-0.21321098167298239,-0.18092913945732522,-0.25331387343534406,83.4,6,Syn
-0.34430779157154623,-0.4058576922311169,-0.11356467812720109,-0.13882826576080728,-0.13961553840539467,-0.1515121554576829,-0.07970468441664831,-0.08238293157331847,-0.20425072222069912,-0.2581987917099962,-0.1866881258238973,-0.26915090589144164,83.5,6,Syn
-0.2759928967079999,-0.36880086258461436,-0.11102237569373215,-0.1411153661524007,0.16003190645631693,0.17569960473813567,0.0850888214106957,0.08494793302067459,-0.1800241103040955,-0.2235069089817624,-0.17628036923506704,-0.25973407010754124,83.5,6,Syn
-0.3417954577445551,-0.39956089957832014,-0.11394769436844161,-0.14009708117239797,-0.13067690276206226,-0.05950942045442845,-0.08807841281616569,-0.03336546321311986,-0.20749041132666768,-0.2575079029707818,-0.18824326004851674,-0.28052992454574505,83.6,6,Syn
-0.3183797579231574,-0.37002561835005354,-0.10950830478037196,-0.1367647570447171,0.07145815326329573,0.09667311317244315,0.03675624871874456,0.04573395833251571,-0.1801999447314083,-0.22597978513980407,-0.17992287613551264,-0.25748453828122153,84.0,6,Syn
-0.3332666224249931,-0.3640611943622272,-0.10960084561718175,-0.12887978313871723,0.004215235128226892,0.0772671995631163,-0.026671071219704977,-0.001537682387456653,-0.20083278999663265,-0.2540450338022805,-0.18566107193758444,-0.2735268199915453,84.0,6,Syn
-0.33764098393008934,-0.4066772314050167,-0.11336417298077987,-0.13914883695821553,0.12894983251472922,0.17733624805458492,0.054715692522972606,0.09349801197665444,-0.18643122779247945,-0.22980494962277145,-0.18384813471316175,-0.2600870988248104,84.0,6,Syn
-0.33484794241293164,-0.3908191483900556,-0.11156990897819007,-0.1349517787602149,-0.08192070834388546,-0.10334808071646202,-0.05487731424965822,-0.06729719016931214,-0.20211180480352434,-0.2603852018054368,-0.18674218129159798,-0.2756860421460055,84.1,6,Syn
-0.3287144793827913,-0.37125037411549267,-0.11154163261138707,-0.13750826671265562,0.12041749849154827,0.2447893333111006,0.0511531852652832,0.1031672112148306,-0.1825941833718044,-0.21817358493392464,-0.17635105715436794,-0.2608013662295177,84.3,6,Syn
-0.32486410556600603,-0.37847597783204256,-0.1116213205541955,-0.13900067379974954,-0.005536003755408469,-0.020697593235774726,-0.03530188777183911,-0.0408859515094791,-0.19278294539280594,-0.24114984824901717,-0.177153572944078,-0.26306731799617555,84.5,6,Syn
-0.2749542782543835,-0.3161727886340157,-0.10757522952256747,-0.13237104592729798,0.13240339628601674,0.09959569052324539,0.06408104665401176,0.06807159916515416,-0.17893056468765706,-0.2217881126061559,-0.17309109664072714,-0.2542498100346158,84.5,6,Syn
-0.3167469748586883,-0.3499651205711507,-0.10961883966878366,-0.13357251444867685,0.04900998874992683,0.06990230463909465,-0.0006317140475215809,0.005982805908902586,-0.1900948464766268,-0.23929203157832488,-0.18572760174398528,-0.2720572353312854,84.7,6,Syn
-0.2823462474287708,-0.2730513691006547,-0.09780960066033437,-0.11377791647761872,0.14682710380139405,0.16669806649766478,0.05890255672273129,0.08185916104181276,-0.17858612190538678,-0.22317410282079939,-0.1772741582181795,-0.2523368869852271,84.8,6,Syn
-0.2760583951690388,-0.3222009545575898,-0.11058023614008537,-0.13259194372719274,0.0066530448491357325,0.03728634140414168,0.1113485398565506,0.1244304965765606,-0.17762987166369942,-0.22307720988786078,-0.16924068409527895,-0.24626150906013006,85.1,6,Syn
0.26433197917069423,0.5893132796308179,-0.03399755252238373,-0.016655619165348898,-0.005332852945332732,-0.007487543610148611,0.13904060658127032,0.15406480164911904,-0.16449768950329746,-0.19723628594675743,-0.15042106510964345,-0.2413847867797143,85.1,6,Syn
-0.34436861157108234,-0.4008812682473809,-0.1134721372903913,-0.14043650949906553,-0.13230210924266816,-0.098087441485018,-0.07823560925883825,-0.04110977556591836,-0.20402189659611397,-0.247966055444437,-0.1846506505028718,-0.2742164574857455,85.4,6,Syn
-0.2861638720150366,-0.2984980604502434,-0.112968303845538,-0.14003242815779463,0.5132095897729851,0.5426584169048647,0.23368577362318374,0.29328336475434064,-0.15938403896651585,-0.19365546016424393,-0.17174386806111028,-0.2503664941446551,85.6,6,Syn
-0.3266606347830723,-0.35695396852635175,-0.10986047407600923,-0.13615594115720225,0.11930016903613172,0.15886555919751477,0.03245920388215013,0.05638798341902463,-0.18579051604364105,-0.23619988319671908,-0.18517457272827836,-0.2578786168493359,85.7,6,Syn
-0.3460435007890764,-0.41136681667788777,-0.11561857058861837,-0.14605862789394827,-0.058659940590213615,0.008761986460311833,-0.04169236470831289,0.01287658684723189,-0.20037032136589217,-0.24398923245773965,-0.1819894582468385,-0.26249262008434204,85.7,6,Syn
-0.3436949131146825,-0.39906917607398024,-0.11339244934758287,-0.13938589801176116,0.00431681053326476,0.19744358022810432,-0.030453939751065893,0.05773092775766021,-0.20028119980684322,-0.24418301832361686,-0.18170670656963495,-0.26123649464847737,85.9,6,Syn
-0.33509122241107603,-0.4007128074171904,-0.1104311425696696,-0.13490059512365393,0.030827991248148397,0.046755492020740926,0.030218864266489776,0.047390256350166256,-0.17270409900815611,-0.2059566499112315,-0.17499967046185103,-0.2541430804224181,86.3,6,Syn
-0.3414586085163552,-0.3806113326795926,-0.11277293985671734,-0.13528851321127403,-0.12783279142100196,0.009229598836440192,-0.07794179422727623,-0.005835104271090504,-0.20611745757915684,-0.2452572660583709,-0.18425147166446681,-0.2694382548473584,86.4,6,Syn
-0.33719185162582277,-0.3980310931203738,-0.1139117062652378,-0.1414116924693327,-0.09350030451820246,0.023374873214323022,-0.07254294302232425,-0.0017167416326080635,-0.20517806817296522,-0.24406506170960465,-0.18880876340292382,-0.28383854252387225,86.4,6,Syn
-0.32022307175525144,-0.3883150009142507,-0.11427415787607614,-0.14259699773706072,-0.045353562530252856,-0.013332698311753087,-0.021749669441041262,-0.012952709265859069,-0.19901181976309196,-0.2549886867143782,-0.1846755991802721,-0.27240205407838547,86.5,6,Syn
-0.27188520750856193,-0.3124620973744138,-0.10616398176121818,-0.1235836236924597,-0.019451834245596433,-0.04688388629896278,0.091846567136622,0.0995860263118024,-0.1762978656595354,-0.2202757403050708,-0.16741943064505616,-0.24904468894743803,86.5,6,Syn
-0.2768163059324886,-0.36319612523422184,-0.10509976213790559,-0.13339471865851765,0.6160038996713079,0.6789674245462811,0.2788965616047885,0.34588201801756746,-0.15252167891974674,-0.17372500513239522,-0.16855043735387032,-0.2570904597131071,86.8,6,Syn
-0.3442750423410268,-0.4043096737915284,-0.11143109772297538,-0.13431333024100686,-0.0019808645790830768,0.18961107292795432,-0.026817978735485984,0.07151848963431881,-0.19831811681698122,-0.23074017706243968,-0.1829333498751503,-0.2623941004423134,87.0,6,Syn
-0.33788894238973655,-0.37875371055208634,-0.11478570305733027,-0.1412635293108667,-0.10436887285725437,0.06896707988683794,-0.06831935194362031,0.03163304277684213,-0.2050961726862716,-0.23938471177504875,-0.1877110215973101,-0.2839124322553937,87.0,6,Syn
-0.34372298388369915,-0.3994425216976457,-0.11561857058861837,-0.14531242435040131,-0.10640038095801173,-0.0377654449644598,-0.0693844314330326,-0.0434375457528867,-0.20495887731152052,-0.25863691627632723,-0.1876777566941097,-0.2789536102732874,87.1,6,Syn
-0.33552631933083427,-0.3831063741645764,-0.11337445529598096,-0.14041765236980622,-0.15739123428702165,-0.10989465398225903,-0.09696631752091657,-0.06680477724514576,-0.20854541789054445,-0.26283701428240486,-0.17879186942669847,-0.25767336759510967,87.1,6,Syn
-0.3124661825836476,-0.3607602726895753,-0.11250045850388851,-0.14100761112806176,0.2415969567017252,0.317152348516964,0.09133239083138847,0.13136904232617777,-0.17771899322274837,-0.21410829448671811,-0.1811120964249275,-0.25590001403859486,87.1,6,Syn
-0.32389098557342844,-0.3798874064093144,-0.10983990944560705,-0.13321153511714148,-0.00035565809847718345,0.01168456381111407,-0.012237407794221092,-0.0004633269165481902,-0.19715953654934487,-0.2523051737456004,-0.18296245666545066,-0.27416719766473124,87.2,6,Syn
-0.2905756612121551,-0.3064976733865875,-0.10831298563824551,-0.12986574161141828,0.1449987465107124,0.1329130723223909,0.040355482855379224,0.04233183267463891,-0.17925092056207625,-0.2257143827582766,-0.18275039290754802,-0.2530511543899345,87.4,6,Syn
-0.3266606347830723,-0.3871721990662015,-0.11150821508698354,-0.13781806240762998,0.022295657224967458,0.059381026176206594,-0.0025047848737294134,7.385081890604113e-05,-0.19086081014629075,-0.24106138078850803,-0.18173165524703527,-0.26722977287188393,87.5,6,Syn
-0.334127459341504,-0.39260392259099297,-0.11315852667675812,-0.1423626305591236,-0.01721717533476333,-0.0007071641562874185,-0.018150435304406604,-0.007222813421013935,-0.19707764106265124,-0.24795341723579284,-0.18073786626392283,-0.2673529224244197,87.7,6,Syn
-0.3112544610544284,-0.3638062266192362,-0.11143623888057592,-0.13906532681435288,-0.09979797963055029,-0.13876971820818515,-0.02380637466197535,-0.034932231608194704,-0.19562279182844677,-0.25234730110774767,-0.17855901510429556,-0.25172113922254835,87.8,6,Syn
-0.34086912236700534,-0.38663039261234555,-0.11359552507280435,-0.14043381562345705,0.02026414912421009,0.2571810612785021,-0.014881743078279209,0.1089418718709636,-0.19222653782144627,-0.2150350964539569,-0.18532010667978016,-0.2699226430873324,87.8,6,Syn
-0.32239387789253987,-0.38064320364746645,-0.11313539146755568,-0.14265356912483865,-0.1247855292698659,0.06312192518523346,-0.07845597053250976,0.0034312116654949872,-0.20618249223035473,-0.24764588749211816,-0.1882307857098166,-0.28344446395575784,87.8,6,Syn
-0.28683289200993367,-0.295702521268163,-0.1058683651991869,-0.12837333452432434,0.22402441163017398,0.297629531813605,0.11318488380381318,0.14036676939503615,-0.1643652115101166,-0.19826840631936427,-0.16761070383845855,-0.24386419777076743,87.8,6,Syn
-0.30232795650713035,-0.3736133787335704,-0.09506165192284366,-0.11136959168364403,0.151499572433136,0.17593341092619985,0.06573375620654809,0.08669376066090084,-0.1794436158248848,-0.21699401879380253,-0.17154012052900774,-0.25304294441976544,87.9,6,Syn
-0.33585849009753144,-0.35432233717905126,-0.11116632810654738,-0.13042067998676368,-0.11960518361293462,-0.11211581276886874,-0.048890832981582207,-0.012818414831995511,-0.20031010409626449,-0.2458217727111436,-0.18613509680819038,-0.26990622314699425,88.0,6,Syn
-0.324906211719531,-0.3622263372117738,-0.10801736907621425,-0.13372067760714285,0.17831547936313322,0.18844204198763342,0.05750693532281173,0.0779646224597696,-0.18132962070962336,-0.22420622319340622,-0.18211835974674012,-0.25888844318012905,88.1,6,Syn
-0.30418998418523546,-0.3982632958863121,-0.1084800732602632,-0.13706108336164913,-0.008989567526695993,-0.04898814199154039,-0.008417812383914924,-0.018414016242977088,-0.19246981559074205,-0.24793656629093394,-0.18285434573004933,-0.27155642715097333,88.4,6,Syn
-0.20524988032451247,-0.22165260391090572,-0.10434915312822618,-0.12983610897972508,0.06373842248041774,0.03728634140414168,0.10113846750977065,0.11229923271755254,-0.16948608811925353,-0.2127096660634305,-0.15366439317168404,-0.22276457443630876,88.5,6,Syn
-0.32554248248390866,-0.3556472588435226,-0.11212001284144826,-0.13769414412964023,-0.12752806520588836,-0.13537952848125456,-0.04477742253971403,-0.038558181322510765,-0.19750879671318536,-0.25032097498846645,-0.17852575020109515,-0.25213984770116993,88.6,6,Syn
-0.30559352263606854,-0.3780206782909871,-0.1128217808539225,-0.14090254997933133,0.21772673651782615,0.22117490831661848,0.0977595946468075,0.11534323988512653,-0.1781188358930761,-0.2178155023556733,-0.17448822257514462,-0.2671394632000244,88.8,6,Syn
-0.32658110093752507,-0.369602189776872,-0.11113548116094411,-0.13591618622804819,0.04890841334488896,0.09538717913809017,0.00021300416821920634,0.0048189208154184185,-0.19150633927669936,-0.23951109386149042,-0.18193956089203786,-0.26416745399882824,88.8,6,Syn
-0.34404579772739075,-0.4101147429399853,-0.11268554017750809,-0.13921348997281888,0.005129413773567707,0.026998869129317798,-0.01513883123089597,0.009563990811930795,-0.19898050678288556,-0.25219564260401767,-0.18344895587475676,-0.2704316612378135,88.9,6,Syn
-0.3250044594110893,-0.3878460423869636,-0.11095039948732453,-0.14053887677218752,0.24809778262414878,0.3420527075457991,0.09390327235755608,0.13159286638261702,-0.17806584469580372,-0.2212025422723096,-0.183789921132561,-0.26639235591464083,88.9,6,Syn
-0.3394234777626473,-0.40435975674104446,-0.11044399546367095,-0.1339361876558207,0.1097520809625721,0.1462400250420491,0.03477299725570098,0.0652961808653073,-0.18656852316723052,-0.22758062490139835,-0.18080855418322372,-0.2700786325205443,89.3,6,Syn
-0.31772477331276866,-0.36846394092423335,-0.10993759144001738,-0.1361424717791599,-0.02097546532116446,-0.058457292608139644,-0.011613050852151814,-0.010848763135329996,-0.19415589914031678,-0.24764588749211816,-0.18105388284432677,-0.2599639492722746,89.5,6,Syn
-0.34045741775476096,-0.39888705625755805,-0.11232308856666974,-0.13743014432000988,0.0956330996623084,0.28196451721330507,0.02257967344587744,0.10580833508081391,-0.19134977437566741,-0.22859168159293158,-0.18272128611724767,-0.2723610042275402,89.6,6,Syn
-0.2684605736885293,-0.2697140234647183,-0.10476558689387024,-0.13330851463904653,0.36572210165800034,0.3897491699108916,0.1461288942177039,0.16207770286964465,-0.16382084739268246,-0.2072752363464394,-0.1637519750672103,-0.23490712031633382,89.7,6,Syn
-0.3351192931800927,-0.38190438337619004,-0.11215085978705153,-0.1351134112967233,-0.1001027058456639,-0.08487739185939187,-0.06732772621209852,-0.06787913271605422,-0.20370876679405012,-0.2621545510156199,-0.18463401805127158,-0.27561215241448406,89.8,6,Syn
-0.3385298916156169,-0.401054282072982,-0.11342329629318613,-0.1417969166813443,-0.08811680805119543,-0.0444289213242889,-0.05513440240227498,-0.04276607358356891,-0.2001390870505219,-0.25318142287826256,-0.18580660588908626,-0.2656370386590882,89.8,6,Syn
-0.30959360722094265,-0.34539391317895407,-0.10689145556169513,-0.12988190486506912,0.18024541205885272,0.21486214123888567,0.06169379952257041,0.08678329028347656,-0.1771987160131653,-0.21251166746133857,-0.1724008498993185,-0.25736138872868575,90.1,6,Syn
-0.3348947270279594,-0.3853054709478742,-0.11302485657914398,-0.13990850987980488,-0.13098162897717588,-0.09387893009986277,-0.06449975653331415,-0.03193298925190858,-0.20416400935243528,-0.257625859584794,-0.17929915920050482,-0.2618604523813252,90.2,6,Syn
-0.33851585623110864,-0.3813261529590496,-0.11314824436155703,-0.1375998584833437,-0.17790946610467104,-0.17688012686264634,-0.10570731470988645,-0.08762041449399723,-0.21002435403259997,-0.2672688127802922,-0.18722868050090405,-0.28000448645492587,90.2,6,Syn
-0.3273015840089527,-0.37251155384421625,-0.11298886847594018,-0.13780189915397914,-0.07582618404161336,-0.048286723427347855,-0.05990889666515769,-0.03824482764349579,-0.20443137402958214,-0.2587295964730511,-0.18880876340292382,-0.28292723583510765,90.3,6,Syn
-0.29907174730119773,-0.3729167704357556,-0.10870885477348739,-0.14056850940388071,0.08547555915852156,0.12344392170579166,0.023130576630056215,0.019680838162985485,-0.19047301092988855,-0.2467485746783824,-0.17798935363698845,-0.26726261275256014,90.3,6,Syn
-0.31386972103448063,-0.38911632810650826,-0.10824615058943844,-0.1354205131160892,0.06597308139125084,0.016243784478365563,0.008072556262503052,0.020218015898439717,-0.18969018642472887,-0.24232520165292454,-0.17914530902320291,-0.2569262603097261,90.4,6,Syn
-0.3415334639003996,-0.40664991343255336,-0.11397854131404488,-0.13871242910964296,-0.14144389569607632,-0.09516486413421575,-0.0885191353635087,-0.061656823947042715,-0.20729771606385916,-0.26035571265193375,-0.18880876340292382,-0.28592387494681093,90.4,6,Syn
-0.3103328041383814,-0.38912543409732936,-0.11248760560988715,-0.13728467503715236,0.00187900081235592,-0.018242628261100846,-0.0005949871685763293,-0.014250888793206795,-0.1919567644535143,-0.2468033402491738,-0.17341127133403114,-0.26441375310389975,90.6,6,Syn
-0.2660652013991076,-0.35187737864358354,-0.0991437310576755,-0.1267139071495051,-0.07054426297964421,-0.07622656290101724,0.04299981813943734,0.04098888833600333,-0.18752959079048812,-0.2407875529345511,-0.16750675101595727,-0.25001346542738595,90.7,6,Syn
-0.3251494917176754,-0.3678629455300402,-0.11179354933381372,-0.13507839091381313,0.2572395690775569,0.4074015371097371,0.08938586624729013,0.15249803325404418,-0.17757928915721216,-0.20782289205435323,-0.1809582462476256,-0.2528787450163844,90.8,6,Syn
-0.31332234103865575,-0.32919890850361194,-0.10714851344172233,-0.12564982628415836,-0.023006973421921824,-0.05775587404394711,0.018502989882954513,0.025634558064269883,-0.18893385751820535,-0.23533205953648642,-0.17138211223880576,-0.23597441643831032,91.0,6,Syn
-0.3147679856430137,-0.37285758149541837,-0.11067020639809488,-0.1346770034481507,0.10629851719128458,0.1543063385302633,0.0204862413459981,0.04747978597274196,-0.18932888280696286,-0.23538261237106306,-0.18880876340292382,-0.2712690781950566,91.0,6,Syn
-0.32379273788187013,-0.3679676644244829,-0.10800451618221288,-0.12828174275363627,0.07196603028848507,0.09690691936050734,0.02232258529326068,0.04439101399388013,-0.1875873993693307,-0.23224412389109536,-0.18363191284235905,-0.2587981335082695,91.1,6,Syn
-0.3437183054221964,-0.3952264479474723,-0.11331276140477443,-0.139202714470385,-0.06505919110759932,0.0984266595829245,-0.054179503549698436,0.03834776447002003,-0.2025646386711244,-0.2378470630566753,-0.1843554244869681,-0.2657766081519621,91.1,6,Syn
-0.34601543002005974,-0.41974432823330793,-0.11469830337812102,-0.14320850750018405,-0.11808155253736659,0.0026830255706431776,-0.07992504569031983,-0.00955058360798227,-0.20637759618394838,-0.24668117089894687,-0.18715383446870312,-0.2813591315328191,91.1,6,Syn
-0.3426843654300827,-0.41440821761213814,-0.10917670011513689,-0.12778876351728574,-0.08293646239426415,-0.028413197441892635,-0.04250035604510843,-0.021099904920248245,-0.19958990555151757,-0.2509065453223128,-0.18201440692423881,-0.2663184661831194,91.4,6,Syn
-0.2972050411615898,-0.360364162088857,-0.10997615012202146,-0.13464467694084903,-0.06749700082850815,-0.11410316536741426,0.02320403038794672,0.01238417392306551,-0.19178815609855684,-0.24349212958440247,-0.17953201352290774,-0.2557029747545376,91.4,6,Syn
-0.264947049099944,-0.3341980974644007,-0.10301245215208478,-0.124645010682198,0.07074712542803066,0.055289417885083465,0.11737174800357186,0.14117253599821747,-0.17781293216336752,-0.21628627910972928,-0.1711949971583034,-0.25007914518873836,91.8,6,Syn
-0.32600565017268357,-0.39673804242377636,-0.11288347474512903,-0.14195854921785267,0.03621148771515542,0.09597169460825061,-0.0001175377422880582,0.05370209474175347,-0.1929900928003251,-0.23510035904467672,-0.17793114005638772,-0.26732829251391255,91.9,6,Syn
-0.3148194487195443,-0.33999406062203646,-0.11457748617450823,-0.1426374058711878,0.1363648370824936,0.16845161290814611,0.027831617135048423,0.03861635333774714,-0.18914823099807984,-0.23928781884211014,-0.18478371011567346,-0.27859237158584926,91.9,6,Syn
-0.3101597010627786,-0.32936736933380245,-0.10711766649611906,-0.1238718683825663,0.10822844988700407,0.20293802564761254,0.03844568515022614,0.060819699736522036,-0.18432362335551106,-0.22738683903552115,-0.18248843179484475,-0.2602677181685295,91.9,6,Syn
-0.31452938410637216,-0.36249951693640703,-0.1106959121860976,-0.13514035005280803,0.14002155166385685,0.14682454051220956,0.07440129963762747,0.10580833508081391,-0.17900282541121026,-0.21662329800690702,-0.17680844957337366,-0.247566894317009,92.0,6,Syn
-0.3340058193424318,-0.3630595353719052,-0.1114285271441751,-0.13258116822475885,-0.03864958579775355,0.06814875822861331,-0.03724841235593744,0.010817405527990669,-0.2006400947338241,-0.24437259145327933,-0.1840435660194642,-0.2654564193153691,92.2,6,Syn
-0.33838485930903084,-0.3996656184727629,-0.11205060721384091,-0.13765642987112162,0.12011277227643467,0.2076141494088961,0.04957392947063738,0.09743731536998547,-0.18729594778433276,-0.22797240936936747,-0.18385645093896186,-0.27347756017053104,92.3,6,Syn
-0.335741528559962,-0.3904321437801585,-0.11132570399216422,-0.13779381752715372,-0.020670739106050853,0.05645844882540436,-0.007793455441845646,0.05298585776114783,-0.19129678317839507,-0.22272334004582414,-0.1789124547008,-0.249364877784031,92.5,6,Syn
-0.34259547466152995,-0.3989416922024847,-0.11365721896401088,-0.13951789791657632,-0.18136302987595856,-0.16799549171620753,-0.0999044678365367,-0.07754833195423039,-0.21047718790020006,-0.2674499604375252,-0.18757380387160838,-0.2828040862825719,92.5,6,Syn
-0.3392644100715529,-0.3944888626909625,-0.11471115627212237,-0.1405712032794892,-0.12031621144819969,-0.08581261661164859,-0.08356100670589973,-0.06716289573544859,-0.20608855328973558,-0.2612825146191725,-0.18431800147086763,-0.27608833068428895,92.7,6,Syn
-0.3256266947909586,-0.36773546165854465,-0.11050054819727693,-0.13518614593815206,0.4729857293779892,0.6509106819785796,0.2079035046036171,0.31338276502258644,-0.162050459665629,-0.1847076084441749,-0.18043432402221904,-0.25328103355466786,92.8,6,Syn
-0.3058789087877379,-0.3419973786026804,-0.10605344687280648,-0.13137431195216304,-0.07643563647184057,-0.096801507450665,0.008880547599298587,0.008579164963598038,-0.19097883599476098,-0.2413520595873238,-0.1821973638918411,-0.25484092788678736,92.9,6,Syn
-0.3347169454908539,-0.37675494556685296,-0.10632335764683504,-0.12247105306616045,-0.026765263408322953,0.05961483236427077,-0.047605392218498396,-0.013982299925479679,-0.19555775717724888,-0.23817144374520888,-0.18041769157061882,-0.25808386610356215,92.9,6,Syn
-0.32985602398946884,-0.3715190008447154,-0.10922039995474152,-0.13407088143624432,0.23631503563975606,0.3528077921967513,0.07932270141629119,0.13866570656609772,-0.18419355405311527,-0.2239745227015965,-0.18252169669804516,-0.2673036626034054,93.2,6,Syn
-0.3145153487218638,-0.365422539989983,-0.10757265894376719,-0.13454500354333554,0.08913227373988483,0.0759812655287633,0.03686642935558032,0.05092667644190661,-0.18232441000387245,-0.2300661392680842,-0.17601425000946372,-0.26547283925570725,93.2,6,Syn
-0.3268384163201778,-0.3940973050856548,-0.10413836566660388,-0.12962868055787266,0.07481014162954538,0.031674992890601376,-0.005516388947240046,-0.01160976492722349,-0.19167735632244193,-0.2438249357453655,-0.1840186173420639,-0.27066154040254686,93.3,6,Syn
-0.31473055795099153,-0.34208843851089155,-0.1105596715096832,-0.13842418441953636,0.14875703649711355,0.1621388458304133,0.05482587315980836,0.059387225775310755,-0.18401531093501738,-0.23230731493431617,-0.18399366866466357,-0.2659900673763574,93.4,6,Syn
-0.2690874875299014,-0.26956377461617,-0.08616230811630221,-0.0900017703572378,0.19375494092888923,0.2782236182042782,0.08703534599479403,0.11010575696444777,-0.17634122209366732,-0.2176259292260108,-0.17388529620463708,-0.25498870734983026,93.4,6,Syn
-0.3373649547014255,-0.39778067837279335,-0.11066506524049434,-0.1284864772998802,-0.1828866609515266,-0.08440977948326352,-0.08238574657965168,-0.033768346514710536,-0.2078854366154252,-0.2576595614745118,-0.18151543337623258,-0.2678455206345627,93.4,6,Syn
-0.34275454235262437,-0.3922624479352014,-0.11156476782058952,-0.12719611088342173,-0.04515041172017712,0.05505561169701929,-0.035558975924455866,0.018293129013062057,-0.19860956840197913,-0.24096870059178413,-0.187224522388004,-0.27990596681289726,93.4,6,Syn
-0.32671677632110563,-0.34903175651198703,-0.11354668407559919,-0.1432327523806603,0.026053947211368587,0.09515337295002599,0.004289687731142136,0.03413987220896188,-0.18770783390858603,-0.23383653818026018,-0.1835944898262586,-0.2754561629812721,94.2,6,Syn
-0.34029835006366654,-0.3842901529713206,-0.11355953696960054,-0.13867740872673281,-0.007465936451127968,0.10111543074566255,-0.017930074030735092,0.04967326172584674,-0.19425706415329125,-0.23103928133368493,-0.1861766779371909,-0.27053839085001113,94.3,6,Syn
-0.274041978261342,-0.33534089931244987,-0.10027735630859543,-0.1280716204561754,0.051143072255722066,-0.010059411678854581,0.02952105356653,0.011712701753747721,-0.18639028004913263,-0.2376153625648656,-0.17509946517145228,-0.25373258191396564,94.3,6,Syn
-0.3444153961861101,-0.3986639594824409,-0.11289375706033011,-0.13435373837513395,-0.12874697006634278,-0.10627065806726425,-0.07669308034313768,-0.05646410583765181,-0.20404357481317995,-0.2533246559095631,-0.1869459288237005,-0.2784363821526373,94.6,6,Syn
-0.28720716893015585,-0.3538943556104592,-0.1066935209940742,-0.1344480240214305,0.07785740378068144,0.06814875822861331,0.013104138678002523,0.010324992603824289,-0.18208354092536178,-0.2305169020430594,-0.18112872887652773,-0.2638308452218972,94.6,6,Syn
-0.30571984109664346,-0.38632534191983836,-0.11004298517082853,-0.13765373599551314,-0.04504883631513926,-0.0812533959443971,-0.015836641930855752,-0.016444364546311572,-0.19348146572048688,-0.24866958239229553,-0.17988545311941218,-0.2664416157356551,94.8,6,Syn
-0.3440785469579102,-0.41744961854638846,-0.11268039901990755,-0.1396283468165237,-0.1247855292698659,-0.09154086821922097,-0.0759952696431779,-0.06004529074068002,-0.20411101815516294,-0.25910452999616135,-0.18347390455215706,-0.2741754076349003,94.8,6,Syn
-0.33204086551126555,-0.3798464294506194,-0.11239763535187763,-0.13917577571430026,-0.011732103462718437,-0.008773477644501596,-0.009850160662779738,0.007280985436250312,-0.1944184464358934,-0.24516458586164702,-0.18214330842414042,-0.25975870001804835,94.9,6,Syn
-0.33881059930578356,-0.39515360002090344,-0.11153392087498626,-0.1369641038397441,-0.06444973867737211,-0.048286723427347855,-0.053040970302395636,-0.052077154331442256,-0.20031973885940493,-0.2559702542524084,-0.18195203523073802,-0.2627635490999207,95.2,6,Syn
-0.32602904248019743,-0.3800331022624522,-0.10984762118200786,-0.13709071599334233,-0.02209279477658101,0.005722506015477505,-0.005112393278842278,-0.0009109750294267163,-0.19185559944053984,-0.24189128982280822,-0.1844676935352695,-0.2707846899550826,95.2,6,Syn
-0.33651347470792015,-0.3936647705216521,-0.11239506477307735,-0.14091063160615674,-0.11757367551217725,-0.14110778008882693,-0.02854414204591281,-0.006730400496847556,-0.20075089450993902,-0.25432307439245216,-0.18170670656963495,-0.2671066233193482,95.2,6,Syn
-0.34313349773434926,-0.40598062310720184,-0.11407879388725548,-0.14231683467377956,-0.029710950154421135,0.07481223458844241,-0.03757895426644471,0.0079524576055681,-0.19958508816994736,-0.24568696515227254,-0.18464649238997174,-0.27119518846353513,95.2,6,Syn
-0.32848523476915525,-0.3830335262380075,-0.11177555528221182,-0.1393212449971578,-0.02879677150908032,0.013087400939499146,-0.021345673772643493,-0.002298684179350147,-0.19712340618756827,-0.24835783991240612,-0.18077113116712326,-0.2689046067863701,95.3,6,Syn
-0.3327987762747154,-0.39245367374244466,-0.10953401056837468,-0.1326350457369283,-0.08892941129149838,-0.10697207663145679,0.014095764409524317,0.031677807588129984,-0.19110890529715674,-0.24045053403737335,-0.18161106997293375,-0.26207391160572047,95.3,6,Syn
-0.32594483017314746,-0.37911339718952014,-0.11361094854560598,-0.14120157017187182,0.0555108146723504,0.013788819503691683,0.018098994214556744,0.0190988956162434,-0.1890904224192373,-0.24106980626093746,-0.18530347422817997,-0.2627963889805969,95.4,6,Syn
-0.3092006164547094,-0.38328394098558805,-0.10684775572209051,-0.1347551258407964,0.09989926667389887,0.09959569052324539,0.01413249128846957,0.041078417958579035,-0.18782104237548602,-0.23840735697323331,-0.1772824744439796,-0.2653414797330024,95.5,6,Syn
-0.3253693794083059,-0.36091052153812353,-0.1116213205541955,-0.13733585867371334,0.0471816314592452,0.047924522961061825,0.024232382998413765,0.030290098438206556,-0.19214945971632286,-0.24486126885418705,-0.18378576301966099,-0.2726811930641332,95.7,6,Syn
-0.3252524178707365,-0.3711911851751555,-0.108516061363467,-0.1305068840062348,0.26770183579645734,0.3584191407102916,0.10866747769354723,0.16830001163865616,-0.17536329363491396,-0.20842952606927317,-0.1794405350391066,-0.26054685715427717,95.7,6,Syn
-0.29574536117272343,-0.32903044767342143,-0.09799725291275423,-0.1192168513311253,0.2875090397788417,0.387644914218314,0.13749807766556976,0.17183643173039653,-0.1711191804715559,-0.20884237421831592,-0.18433463392246785,-0.2524025667465795,95.8,6,Syn
-0.31205447797140323,-0.337025507614355,-0.1124644704006847,-0.13775071551741816,0.059167529253713665,0.06078386330459167,0.046966321065524515,0.06896689539091122,-0.18266885278614273,-0.23087077188509605,-0.18027631573201705,-0.2579442966106883,95.8,6,Syn
-0.3429697515817521,-0.4070687890103244,-0.11245932924308416,-0.1382814090122873,-0.17018973532179305,-0.137249977985768,-0.09707649815775232,-0.07920462997188094,-0.20793842781269756,-0.2622261675312702,-0.18732431709760525,-0.2800783761864473,96.0,6,Syn
-0.3415194285158913,-0.3878323834007319,-0.1146083331201115,-0.14157063113023258,-0.1524140394401661,-0.049689560555732926,-0.09340381026322717,-0.052793391312047896,-0.20871161755471682,-0.2608949428874181,-0.1798979274581123,-0.25708224974293803,96.1,6,Syn
-0.2729144690391728,-0.25230336901475814,-0.10852891425746836,-0.13349439205603114,0.09309371453636169,0.11315644943096778,0.04193473865002505,0.062028349641294056,-0.17729506364456957,-0.2182662651306485,-0.1828377132784491,-0.25608063338231396,96.3,6,Syn
-0.3213178317469012,-0.3833795538892097,-0.10490953930668546,-0.13327618813174483,0.3433755125496693,0.44305698078952443,0.12339495615059314,0.15339332947980125,-0.16598385171770833,-0.1988750403342842,-0.1693155301274799,-0.24924172823149524,96.4,6,Syn
-0.33703278393472835,-0.39942886271141403,-0.11392455915923916,-0.1435802623341533,0.05236197711617649,0.24432172093497223,-0.0076832748050098916,0.09094641773324685,-0.1934236571416443,-0.22734892440958865,-0.18202272315003892,-0.2630262681453303,96.5,6,Syn
-0.32024646406276536,-0.38933487188621485,-0.11088099385971718,-0.13955291829948646,-0.04322047902445762,-0.0935282208177665,-0.025642718609237933,-0.04276607358356891,-0.19704873677322995,-0.25536783297370313,-0.18472549653507273,-0.2727632927658237,96.6,6,Syn
-0.32181374866619555,-0.3401124385027109,-0.11149793277178245,-0.13930508174350698,0.17343985992131555,0.3960619369886244,0.0534302517598888,0.16946389673214032,-0.18363232910018543,-0.2056069928054096,-0.17934905655530545,-0.2554895155301423,96.6,6,Syn
-0.3393018377635751,-0.400849397279507,-0.11437441044928676,-0.14266165075166407,-0.13402889112831193,-0.013683407593849355,-0.09109001688967631,-0.017832073696235004,-0.20812148831236565,-0.2552077489975437,-0.188742233596523,-0.2841833612709723,96.6,6,Syn
-0.31762652562121035,-0.3487084938378377,-0.10181199185235779,-0.12182182904451849,0.1806517136790042,0.24549075187529312,0.07017770855892354,0.09596007659748634,-0.1799783451791785,-0.21971965912472752,-0.17194345748031278,-0.24947160739622865,96.6,6,Syn
-0.3005828903665946,-0.3713050100604193,-0.1076909055685797,-0.13358867770232769,-0.09512551099880835,-0.07283637317408666,0.009027455115079594,0.019994191842000453,-0.18770783390858603,-0.23754374604921533,-0.1747917648168484,-0.26124470461864646,96.8,6,Syn
-0.3192405948396683,-0.39113330507338384,-0.11266240496830564,-0.14266165075166407,-0.010411623197226149,-0.0578727771379792,-0.02417364345142787,-0.03770764990804157,-0.20088578119390502,-0.26176697928386555,-0.18545316629258185,-0.27764822501640846,96.9,6,Syn
-0.33861410392266694,-0.40093590419230757,-0.11136683325296858,-0.13825985800741952,-0.11625319524668497,-0.01754120969690831,-0.06842953258045606,-0.017473955205932184,-0.2022804131584818,-0.24379123385564772,-0.1800559357483143,-0.2703167216554468,96.9,6,Syn
-0.33570877932944254,-0.3711911851751555,-0.11146451524737891,-0.13500565627238437,-0.03235191068540571,0.04722310439686929,-0.0338695394929743,0.0037893301557978083,-0.1981711866790897,-0.24502556556656122,-0.18880876340292382,-0.2763099998788533,96.9,6,Syn
-0.22654623708515229,-0.21320679742432724,-0.1132150794103641,-0.13770491963207412,0.2387528453606649,0.2652473747667162,0.11344197195642994,0.14045629901761184,-0.16284773631549934,-0.19965860927022244,-0.1571863147980281,-0.23053120621623013,97.0,6,Syn
-0.32768989631368317,-0.3636332127936351,-0.11231537683026893,-0.14093757036224147,-0.013865186968513674,-0.026425844843347115,-0.008638173657586434,-0.004268335876015663,-0.19218077269652925,-0.24648738503306966,-0.1809208232315251,-0.25984900968990793,97.0,6,Syn
-0.33476840856738443,-0.38807824515290185,-0.11280892795992115,-0.1411045906499668,0.17750287612283028,0.29412243899264234,0.05644185583339943,0.10607692394854103,-0.1822376971356086,-0.21999769971489916,-0.18048422137701967,-0.2602923480790366,97.2,6,Syn
-0.32938349937768835,-0.3719014524592019,-0.11391684742283835,-0.1402802647137741,-0.06780172704362177,0.08813918730810062,-0.06449975653331415,0.014488120053594582,-0.2035666540377288,-0.24487390706283121,-0.17799351174988848,-0.2672790326928982,97.3,6,Syn
-0.34029835006366654,-0.36927437410731206,-0.11469830337812102,-0.1411234477792261,-0.0018792891740452085,0.18937726673989014,-0.010327610089068007,0.10186903168748289,-0.1957432263677021,-0.224239925083124,-0.1879688245971133,-0.2791588595275137,97.3,6,Syn
-0.3162978425544218,-0.3661191482877978,-0.11014323774403914,-0.13564410479159242,0.17445561397169423,0.22199322997484314,0.07363003517977719,0.09913837819892388,-0.183307155844196,-0.2265274408477179,-0.17390608676913735,-0.26057148706478434,97.4,6,Syn
-0.3017852549728082,-0.33640174724310906,-0.10963683372038556,-0.13670010403011376,0.21234324005081912,0.2658318902368767,0.08472155262124317,0.10397297781801196,-0.18150786382772127,-0.22613565637974878,-0.17846337850759436,-0.25573581463521383,97.4,6,Syn
-0.309921099526137,-0.3423616182355248,-0.11302999773674452,-0.13886328614371743,-0.15068725755452234,-0.18412811869263587,-0.03831349184534974,-0.025844974916760622,-0.19925028015081753,-0.2560545089767028,-0.17262122988302125,-0.25470135839391356,97.5,6,Syn
-0.34245979927794945,-0.38396233730176066,-0.1139297003168397,-0.13935626538006796,-0.09543023721392195,-5.745592094881375e-06,-0.06530774787010968,-0.02781462661342614,-0.20534426783713758,-0.25712875671145685,-0.18654259187239547,-0.27875657098923023,97.7,6,Syn
-0.3215236840530234,-0.3554924569995638,-0.10666781520607148,-0.12987112936263523,0.025647645591217114,0.03857227543849466,0.004803864036375658,0.01941224929525837,-0.18882787512366064,-0.23919092590917154,-0.18180234316633614,-0.26709841334917916,97.7,6,Syn
-0.33811350854186983,-0.398714042431957,-0.11271638712311136,-0.14184540644229682,-0.0904530423670664,-0.10112692192985231,-0.03467753082976983,-0.03631994075811813,-0.1968801284182725,-0.2503799532954726,-0.18151543337623258,-0.2639786246849401,97.8,6,Syn
-0.32113069328679017,-0.36914233724040596,-0.11004298517082853,-0.13344590229507863,-0.008380115096468783,0.060199347834431226,-0.009078896204929453,0.019859897408136897,-0.19442808119903382,-0.24110772088686996,-0.17113678357770268,-0.2531168341512869,98.1,6,Syn
-0.3357368500984592,-0.38574711150269797,-0.11340530224158422,-0.14122581505234807,0.044439095523222755,0.09971259361727748,0.009982353967656137,0.035079933246006785,-0.1909547490869099,-0.2368191554202832,-0.1846839154060722,-0.27719667665711073,98.4,6,Syn
-0.33510525779558437,-0.3965058396578381,-0.11310968567955296,-0.13907071456556983,0.18755884122157926,0.23309902390789164,0.05482587315980836,0.07232425623750016,-0.18078284790140414,-0.22219674801898393,-0.17910788600710242,-0.2658997577044978,98.5,6,Syn
-0.3074929780061959,-0.3742644570772797,-0.11354154291799864,-0.14122581505234807,0.36917566542928787,0.3962957431766886,0.13459665422889489,0.17322414088031995,-0.16342582210392495,-0.1968613524236472,-0.17571486588066,-0.25765694765477154,98.5,6,Syn
-0.2799415182163435,-0.29778324017078633,-0.10971909224199426,-0.13951251016535937,0.225548042705742,0.23976250026772072,0.10888783896721874,0.10522639253407183,-0.17338334980955622,-0.21610513145249624,-0.16629258204914207,-0.25298547462858206,98.6,6,Syn
-0.3386608885376947,-0.39618257698368875,-0.11220998309945777,-0.13262157635888594,-0.15089040836459808,-0.1180778705645053,-0.09395471344740594,-0.08417352402483258,-0.20919094702095306,-0.2675805552601816,-0.18314541363305295,-0.2720243954506092,98.6,6,Syn
-0.3435405238850909,-0.4076151484595909,-0.11415848183006391,-0.14212018175436103,-0.1497730789091815,-0.12111735100933962,-0.08319373791644721,-0.06273117941795117,-0.20735793333348682,-0.2601155866876946,-0.18351964379405764,-0.26711483328951724,98.7,6,Syn
-0.34016267468008604,-0.4127463742872857,-0.11158276187219142,-0.13293137205386032,-0.12752806520588836,-0.10042550336565978,-0.09039220618971654,-0.07248990827870305,-0.20740128976761874,-0.26426513185919553,-0.18484608180917425,-0.27756612531471797,98.7,6,Syn
-0.3232734286550619,-0.36578677962282735,-0.10691716134969785,-0.12818745710733973,-0.07125529081490929,-0.08651403517584112,-0.05080063068673529,-0.06805819196120563,-0.1991683846641239,-0.2586664054298303,-0.18482113313177392,-0.27746760567268935,98.9,6,Syn
-0.3368128962440979,-0.3584154800531397,-0.11268554017750809,-0.1361209207742921,-0.05673000789449412,0.046872395114773015,-0.024614365998770888,0.06269982181061184,-0.1975304749302513,-0.23357534853494744,-0.18543653384098163,-0.27323126106545953,98.9,6,Syn
-0.31395861180303336,-0.37873549857044414,-0.11423559919407207,-0.14214712051044576,-0.07156001703002289,-0.08394216710713516,-0.03335536318774077,-0.044556666035083015,-0.1997392443801942,-0.2583630884223703,-0.18448848409976976,-0.2747172656660576,99.0,6,Syn
-0.33597545163510084,-0.39551783965374776,-0.11254929950109367,-0.1405200196429282,-0.1001027058456639,-0.04174015016155084,-0.06798881003311305,-0.04643678810917282,-0.20389423598450332,-0.2561261254923531,-0.18351964379405764,-0.2746351659643671,99.2,6,Syn
-0.31098778874877014,-0.3428670007260963,-0.10549820185194775,-0.12715570274929464,0.16186026374699855,0.1766348294903924,0.05111645838633795,0.057507103701220946,-0.183420364311096,-0.23415249339636432,-0.17846337850759436,-0.2701032624310515,99.3,6,Syn
-0.34289957465921045,-0.40395454014950516,-0.1113745449893694,-0.1306254145330076,-0.038751161202791415,0.06920088607490212,-0.0487439254658012,-0.012191707473965575,-0.19990303535358145,-0.24391340320587465,-0.18824326004851674,-0.27633462978936046,99.3,6,Syn
-0.28760951661939466,-0.31891824486658005,-0.11280892795992115,-0.14046614213075875,0.046470603623980124,0.04582026726848421,0.030622859934887545,0.03427416664282544,-0.182697757075564,-0.22796398389693803,-0.17768581139528464,-0.25557161523183286,99.4,6,Syn
-0.34483177925985725,-0.407451240624811,-0.11483968521213597,-0.14449618004103404,-0.17506535476361074,-0.10732278591355307,-0.10141026987329202,-0.08775470892786079,-0.20965341565169354,-0.2657648659516365,-0.18880876340292382,-0.28544769667700604,99.4,6,Syn
-0.3419638823586551,-0.40733286274413655,-0.11265983438950537,-0.13674051216424085,-0.06790330244865964,-0.049572657461700836,-0.04503451069233078,-0.0365437648145574,-0.20229486530319246,-0.2606632423956084,-0.18573175985688534,-0.27771390477776087,99.5,6,Syn
0.3003701681265836,0.4605591224157492,0.008221633693282614,0.040432992729406654,-0.041188970923700254,-0.03180338716882323,0.04795794679704631,0.05544792238197972,-0.1800217016133104,-0.22463592228730783,-0.16654206882314518,-0.24282974152946712,99.6,6,Syn
-0.2653681106351939,-0.3156947241159075,-0.10748782984335822,-0.1309244347255481,0.1909108295878289,0.2681699521175185,0.11909791131399869,0.14981214457677303,-0.16633311188154878,-0.20018098856084796,-0.17028437043319203,-0.2538311015559942,99.8,6,Syn
-0.27013078444502064,-0.3328777287953399,-0.10777830524778895,-0.13624214517667338,0.16805636345430852,0.23064405893321774,0.09254437783658177,0.11095628837891697,-0.16963060956635992,-0.21142478151794036,-0.17047980173949445,-0.25397067104886806,99.9,6,Syn
-0.31655983639857727,-0.3493049362366203,-0.11004298517082853,-0.13603471675482098,0.14073257949912193,0.2146283350508215,0.04755395112864854,0.07809891689363314,-0.18342759038345133,-0.2243747326419951,-0.1808709258767245,-0.25997215924244366,99.9,6,Syn
-0.223219850956678,-0.3119976918425373,-0.08318814844438757,-0.10001221211832272,0.14906176271222715,0.15477395090639165,0.0875127954210823,0.09886978933119676,-0.17221995216034966,-0.21412093269536228,-0.17612236094486508,-0.24910215873862138,99.9,6,Syn
-0.33953576083871395,-0.39781254934066723,-0.11291432169073229,-0.13968491820430162,-0.15119513457971168,-0.17407445260587617,-0.08043922199555334,-0.0836811111006662,-0.20711224687340593,-0.2656679730186979,-0.1864095322595938,-0.2757435119371889,100.2,6,Syn
-0.3043630872608382,-0.33785870577448646,-0.10729246585453756,-0.130040843525969,0.13463805519684985,0.16704877577976104,0.06477885735397156,0.0952438396168807,-0.178162192327208,-0.21523730779226355,-0.17791866571768755,-0.24898721915625469,100.4,6,Syn
-0.2358891247061975,-0.2735886225591001,-0.10757522952256747,-0.13261080085645205,0.2884232184241825,0.32895956101420504,0.11656375666677633,0.1374570566613257,-0.1674387009519128,-0.2049919333180602,-0.17190187635131227,-0.24411049687583894,100.4,6,Syn
-0.3294396409157217,-0.36914689023581654,-0.11110206363654057,-0.1378342256612808,0.0128491445564457,0.04745691058493347,-0.008270904868133918,0.00262544506231364,-0.1930936665040847,-0.24451582448457987,-0.1811037801991274,-0.26639235591464083,100.7,6,Syn
-0.2408810431296603,-0.2799719221246974,-0.10907130638432574,-0.13607781876455655,0.19934158820597198,0.1886758481756976,0.14297038262841225,0.15858604758919215,-0.16713520591298933,-0.20861909919893565,-0.17531984515515503,-0.2547670381552659,100.8,6,Syn
-0.33865153161468914,-0.3944160147643936,-0.10930522905515049,-0.13102141424745312,0.062113215999811844,0.08638564089761927,0.01978843064603832,0.04573395833251571,-0.18735134767239023,-0.2270329691934845,-0.18377744679386088,-0.27233637431703306,100.9,6,Syn
-0.3403498131401971,-0.39697935118053573,-0.11275237522631516,-0.13964989782139148,-0.13372416491319833,-0.13573023776335083,-0.06776844875944153,-0.02772509699085043,-0.206526935012625,-0.2626179519992393,-0.1830913581653523,-0.2588473933292838,100.9,6,Syn
-0.3446680331072601,-0.4103332867196919,-0.11479084421493081,-0.14265087524923017,-0.18613707391273837,-0.20680731893486126,-0.10067573229438699,-0.0708336102610525,-0.20958838100049565,-0.2678206812244207,-0.18712472767840277,-0.27801767367401575,100.9,6,Syn
-0.2614990229723975,-0.2861503368968198,-0.10940291104956082,-0.1353316152210096,0.33514790474160194,0.361575524249158,0.14550453727563462,0.15688498476025375,-0.15862771005999232,-0.19769126145794738,-0.15592224847641228,-0.23455409159906465,101.0,6,Syn
-0.33357072242267355,-0.38472724053073376,-0.11181154338541563,-0.13986271399446085,-0.10609565474289813,-0.10884252613597023,-0.04789920725006041,-0.059955761118104314,-0.20133861506150508,-0.26107609054465114,-0.18842621701611903,-0.2785431117648349,101.0,6,Syn
-0.3061596164779045,-0.3188818209032956,-0.1084800732602632,-0.13052304725988564,0.13179394385578952,0.13688777751948195,0.049059753165403855,0.0745624968018928,-0.17860057405009744,-0.2201409327461997,-0.17840516492699365,-0.2526652857919891,101.2,6,Syn
-0.3092052949162122,-0.33607848456895967,-0.11209430705344554,-0.14148173323515298,0.30589418809069585,0.29903236894199015,0.14205221065478096,0.1689267189966861,-0.16417733362887826,-0.2036944105639259,-0.1748208716071488,-0.2520905878801556,101.3,6,Syn
-0.29632549039906775,-0.31927337850860327,-0.10795567518500772,-0.13275088238809266,0.23336934889365787,0.31539880210648263,0.1009548331150444,0.1533485646685134,-0.1742384350382691,-0.20435581014963722,-0.1801183074418151,-0.268223179262339,101.4,6,Syn
-0.322768154812762,-0.379728051569945,-0.10836439721425095,-0.1346473708164575,-0.04322047902445762,-0.055768521445401585,-0.04180254534514864,-0.05691175395053034,-0.19957545340680694,-0.2571919477546777,-0.1864344809369941,-0.2720490253611163,101.7,6,Syn
-0.3247845717204588,-0.3628318856013775,-0.10956485751397795,-0.13674320603984932,-0.003809221869764707,0.020335392769488696,-0.029499040898489353,-0.03869247575637432,-0.1967067026817448,-0.2524526195131157,-0.18307888382665213,-0.2716056869719876,101.8,6,Syn
-0.3372339577793478,-0.36458934182985153,-0.1139117062652378,-0.14257544673219294,-0.016607722904536118,0.07036991701522301,-0.02575289924607369,0.03181210202199355,-0.1973835447923598,-0.2386011428391105,-0.18598956285668855,-0.2735842897827287,101.9,6,Syn
-0.3272407640094166,-0.3749838303521473,-0.11167530270900121,-0.13609398201820738,0.2054361125082441,0.22655245064209462,0.08707207287373928,0.1366065252468565,-0.17882458229311235,-0.21396084871920287,-0.1774113759438812,-0.25862572413471946,102.0,6,Syn
-0.31162405951314776,-0.3578691206038732,-0.11305570352474724,-0.13803626633191626,0.5880706632858941,0.720701829115737,0.2844790472044667,0.39328795317140336,-0.1489327296499377,-0.1537903373643318,-0.17556101570335805,-0.23948828367066374,102.2,6,Syn
-0.32135058097742064,-0.33130239238328807,-0.11421760514247016,-0.14062508079165864,0.308128847001529,0.5191608950044146,0.22196989923964847,0.3724723159225519,-0.186556479713305,-0.22643476065099402,-0.18593550738898787,-0.2730424317515714,102.5,6,Syn
-0.30012907960082524,-0.34549407907798624,-0.109981291279622,-0.13891985753149536,0.22585276892085562,0.2078479555969603,0.09944903107828908,0.10844945894679722,-0.17872341728013788,-0.22384814061515484,-0.17806419966918938,-0.2589459129713124,102.7,6,Syn
-0.330501651676852,-0.3632143372158641,-0.11179354933381372,-0.13540165598682988,0.12407421307291154,0.24969926326044833,0.04013512158170771,0.08696234952862797,-0.18615181966140706,-0.22280759477011858,-0.18095408813472555,-0.2612775444993226,102.7,6,Syn
-0.3173364610080382,-0.3627089547252925,-0.11231023567266839,-0.13731430766884556,0.2634356687848669,0.3207763444319588,0.13287049091846806,0.18687740832311497,-0.17089035484697074,-0.20208514532990218,-0.17402667204323885,-0.25997215924244366,103.0,6,Syn
-0.2921616596615964,-0.28659653044705413,-0.11106093437573622,-0.13936973475811032,-0.020569163701012985,-0.02198352727012771,0.10392971030960978,0.09475142669271432,-0.17667603011279714,-0.22139211540197207,-0.16828016001536694,-0.22934076054171787,103.1,6,Syn
-0.2807087859027989,-0.2820799589997841,-0.11042086025446851,-0.13744361369805225,0.3958899969542472,0.5186932826282863,0.1911193209256371,0.27331825891995837,-0.1599043161760989,-0.17900356360944158,-0.17513688818755274,-0.2338890840153716,103.2,6,Syn
-0.32072834559755137,-0.3731762911741572,-0.1089839067051165,-0.13459079942867958,0.07013767299780345,0.0414948527892969,0.04524015775509769,0.05088191163061876,-0.18499564808455582,-0.23557218550072556,-0.1848419236962742,-0.27711457695542024,103.4,6,Syn
-0.30303440419404964,-0.3256339130971478,-0.10827185637744116,-0.1337449224876191,0.12894983251472922,0.15980078394977149,0.05945345990691007,0.08727570320764293,-0.1841261107111323,-0.22558378793562023,-0.18043016590931898,-0.2680918197396342,103.4,6,Syn
-0.3154557194839219,-0.38047929581268647,-0.11327677330157063,-0.13771569513450801,0.009395580785158177,-0.01274818284159264,-0.0090421693259842,-0.012505061152980543,-0.19146539153335254,-0.24559428495554864,-0.17867128415259698,-0.2651608603892833,103.4,6,Syn
-0.3178744840808575,-0.37537538795745495,-0.10804307486421696,-0.12976337433829632,0.07166130407337147,0.12882146403126776,0.03745405941870435,0.06220740888644547,-0.18868094498576915,-0.23643579642474352,-0.17531568704225498,-0.25180323892423884,103.6,6,Syn
-0.2912400027455494,-0.31382799599758016,-0.10505606229830097,-0.1281308857195618,-0.004418674299991917,-0.013917213781913535,0.07822089504793364,0.10240620942293711,-0.18007469281058275,-0.2221335569757631,-0.17688745371847464,-0.249529077187412,103.8,6,Syn
-0.32361027788326185,-0.38704471519470596,-0.10867029609148332,-0.13540434986243835,0.17161150263063393,0.21942136190613715,0.08420737631600965,0.12541532242489337,-0.18010600579078914,-0.21568385783102406,-0.1797523935066105,-0.2525421362394534,103.8,6,Syn
-0.33957318853073615,-0.39033653087653686,-0.11212515399904881,-0.13546361512582475,-0.017826627764990537,0.04827523224315809,-0.03644042101914191,-0.01210217785138987,-0.19681750245785973,-0.24219039409405346,-0.18693345448500037,-0.2816300605483978,103.8,6,Syn
-0.33482922856692054,-0.3926585585359196,-0.1112460160493558,-0.13417324870936628,-0.03743068093729913,-0.02513991080899413,-0.040076382034721816,-0.028127980292441106,-0.19678137209608312,-0.24666431995408797,-0.1797024961518099,-0.26924942553347025,104.0,6,Syn
-0.2979068103870063,-0.3506617288689655,-0.11040029562406634,-0.135390880484396,0.5165615781392348,0.6364146983186005,0.2590640469743526,0.3264988547299273,-0.15788101591660925,-0.1896280843429699,-0.1790080912975012,-0.25303473444959634,104.3,6,Syn
-0.2996378411430337,-0.3838758303889601,-0.11394255321084107,-0.14213903888362034,0.05398718359678238,0.02243964846206631,-0.013449394799414396,-0.02011507907191549,-0.19515550581613605,-0.24974804286326432,-0.1852826836636797,-0.27497177474129814,104.3,6,Syn
-0.2711039044375982,-0.2915957194078429,-0.11241305882467927,-0.13911920432652233,0.01782633940330125,0.03868917853252675,0.08339938497921412,0.09954126150051455,-0.17887757349038472,-0.22143424276411927,-0.1639058252445122,-0.22908625146647732,104.3,6,Syn
-0.31696218408781607,-0.3614523279919795,-0.11165216749979877,-0.13699912422265426,0.0017774254073180517,-0.02747797268963592,-0.03875421439269276,-0.05095803404924594,-0.1950928798557233,-0.24782703514935117,-0.1831079906169525,-0.2644383830144069,104.4,6,Syn
-0.3329017024277765,-0.3851324571222731,-0.11242077056108007,-0.13281284152708753,0.041290257967048834,0.1050901359427536,0.007999102504612549,0.056298453796448926,-0.19138831342822912,-0.23601873553948605,-0.1856818625020847,-0.2704316612378135,104.5,6,Syn
-0.3002413626768919,-0.3519638855563841,-0.10958285156557986,-0.13734663417614723,0.06891876813734903,0.05903031689411033,0.033965005918905444,0.03812394041358076,-0.18343240776502157,-0.2285579797032138,-0.17818478494329087,-0.2538967813173466,104.7,6,Syn
-0.3297530978364077,-0.3893303188908043,-0.11279607506591978,-0.13004623127718595,-0.02737471583855016,0.001864703912418551,-0.042022906618820154,-0.034932231608194704,-0.1988841591514813,-0.2500513598707243,-0.18880876340292382,-0.28475805918280583,104.7,6,Syn
-0.34519202079557104,-0.41052451252693517,-0.11421760514247016,-0.1405604277770553,-0.06658282218316734,0.04324839919977824,-0.04690758151853862,0.022411491651544494,-0.2025959516513308,-0.24616300434453608,-0.18423899732576665,-0.2734036704390096,104.7,6,Syn
-0.30672103185823774,-0.3222464845116953,-0.05060606215094073,-0.021946390860389478,0.03702409095545837,0.04009201566091183,0.012002332309644976,0.029976744759191588,-0.1843717971712132,-0.22757641216518362,-0.17859643812039602,-0.2583383751788027,104.8,6,Syn
-0.32247809019958984,-0.36754423585130136,-0.11156476782058952,-0.13623675742545643,0.05022889361038125,0.045586461080420033,0.0017922599628650258,0.014801473732609552,-0.19403787329184655,-0.24711086999284848,-0.18371091698746003,-0.2685023182480867,104.8,6,Syn
-0.30562159340508516,-0.364798779618737,-0.10759322357416937,-0.13024557807221293,-0.05987884545066803,-0.1236892190780456,0.0171440953619802,0.015159592222912372,-0.1902779069762949,-0.24474331224017484,-0.17121162960990363,-0.25241077671674855,104.8,6,Syn
-0.3431896392723826,-0.4088307982342089,-0.11283977490552441,-0.13907879619239524,-0.13768560570967517,-0.1546685389965493,-0.06651973487530298,-0.06640189394355508,-0.20393759241863524,-0.2602967343449276,-0.18365686151975935,-0.262812808920935,104.8,6,Syn
-0.34431247003304905,-0.40238830972827444,-0.11008154385283261,-0.12725537614680812,-0.13595882382403143,-0.035661189271882186,-0.08734387523726064,-0.03802100358705653,-0.20608855328973558,-0.24658006522979353,-0.18368596831005973,-0.2715728470913114,104.9,6,Syn
-0.33019755167917153,-0.3837984294669807,-0.11018436700484349,-0.13743014432000988,-0.004926551325181259,0.011333854529017803,0.014316125683195827,0.030827276173660788,-0.19001054229914807,-0.2378470630566753,-0.18880876340292382,-0.27342830034951676,105.0,6,Syn
-0.3419732392816606,-0.38668047556186164,-0.11387314758323372,-0.1402209994503877,-0.13138793059732734,-0.05915871117233218,-0.07959450377981256,-0.04419854754478019,-0.20595125791498448,-0.2570571401958066,-0.18508725235737725,-0.26842842851656523,105.1,6,Syn
-0.33103967474967133,-0.3636104478165823,-0.11331533198357471,-0.14120695792308877,0.06272266843003906,0.1530204044959103,0.013655041862181298,0.05007614502743741,-0.18918436135985645,-0.23023464871667307,-0.1844344286320691,-0.2659900673763574,105.1,6,Syn
-0.3400878192960416,-0.3904640147480324,-0.1127215282807119,-0.13841340891710247,-0.15210931322505247,-0.06570528443812919,-0.09384453281057019,-0.06313406271954185,-0.20834067917381038,-0.26297182184127593,-0.18405604035816436,-0.275267333667384,105.2,6,Syn
-0.3369813208581978,-0.3674804939155536,-0.11359552507280435,-0.1388363473876327,-0.0843585180647943,-0.035661189271882186,-0.05825618711262137,-0.031216752271302935,-0.20382920133330545,-0.2554731513790712,-0.18865907133852194,-0.28263167690902186,105.2,6,Syn
-0.33133909628584907,-0.3964830746807853,-0.11158790302979196,-0.1398357752383761,0.12620729657870677,0.18703920485924835,0.044946342723535676,0.06440088463955025,-0.18671304461433694,-0.23611984120863938,-0.17640095450916857,-0.25700015004124754,105.2,6,Syn
-0.3249296040270449,-0.39566808850229607,-0.10519230297471538,-0.13471202383106085,0.03316422556401937,0.019633974205296157,0.016813553451472937,0.012607997979504773,-0.19138590473744402,-0.24011772787641034,-0.17993119236131275,-0.2643973331635617,105.3,6,Syn
-0.3108521133651896,-0.3489270376175443,-0.11281406911752169,-0.14012132605287422,0.006043592418908522,-0.025958232467218754,0.025003647456264048,0.02881285966570742,-0.18724536527784552,-0.2337227943024627,-0.17166070580310924,-0.2413683668393762,105.4,6,Syn
-0.3211727994403151,-0.35729089018673277,-0.10230811356081027,-0.11764901572699413,0.1903013771576017,0.30101972154053563,0.07329949326926992,0.1064798072501317,-0.18266162671378738,-0.22481285720832614,-0.1823803208594434,-0.25643366209958307,105.4,6,Syn
-0.2973313596221647,-0.3713368810282932,-0.1120069073742363,-0.1383810824098008,0.12082380011169974,0.11420857727725658,0.05864546857011453,0.052896328138572125,-0.18408034558621528,-0.2331793513307636,-0.17232600386711758,-0.25895412294148146,105.6,6,Syn
-0.3135609425752974,-0.36244032799606984,-0.1113745449893694,-0.1366758591496375,0.08831967049958188,0.10906484113984465,0.04531361151298819,0.06041681643493137,-0.18439347538827913,-0.23247582438290504,-0.18094161379602539,-0.2641099842076449,105.8,6,Syn
-0.3445323577236795,-0.4127600332735174,-0.1142510226668737,-0.1435317725732008,-0.15393767051573412,-0.12836534283932918,-0.09347726402111767,-0.09702102486444628,-0.2083888529895125,-0.2658491206759309,-0.18675465563029814,-0.28130166174163573,105.8,6,Syn
-0.3047326857195576,-0.3487403648057116,-0.1110172345361316,-0.13801471532704848,-0.03539917283654176,-0.03928518518687696,-0.03056412038790165,-0.027187919255396202,-0.1953482010789446,-0.24754899455917956,-0.17413062486574016,-0.25496407743932314,105.9,6,Syn
-0.336578973168959,-0.38895697326713885,-0.11155191492658816,-0.13634451244979537,-0.11879258037263167,-0.14519938837995006,-0.02219039198838428,-0.013848005491616121,-0.1985276729152855,-0.25401133191256275,-0.18249674802064483,-0.2594877710024697,105.9,6,Syn
-0.3331075547338987,-0.38580174744762463,-0.10964454545678638,-0.13511071742111483,-0.012036829677832043,0.11993682888482897,-0.03192301490887596,0.021247606558060326,-0.19808929119239607,-0.2401472170299134,-0.18397287810016333,-0.2715810570614805,105.9,6,Syn
-0.3077081872353236,-0.3395524200672127,-0.11133084514976477,-0.1346069626823304,0.23661976185486966,0.23625540744675805,0.10260754266758071,0.13199574968420769,-0.1768060994151929,-0.22052429174173938,-0.17774402497588537,-0.25304294441976544,106.1,6,Syn
-0.33302334242684867,-0.3782938580156204,-0.11096068180252562,-0.13436720775317632,0.30437055701512783,0.4261060321548714,0.08560299771592922,0.12823550553602808,-0.19197362528901005,-0.2387570140790552,-0.17755690989538303,-0.26006246891430324,106.3,6,Syn
-0.33536725163973985,-0.3851961990580209,-0.11381145369202719,-0.14122042730113113,-0.06536391732271292,-0.06605599372022546,0.0009108148681789871,0.022142902783817378,-0.19251558071565908,-0.2414826544099802,-0.18231379105304255,-0.2637733754307139,106.4,6,Syn
-0.33734156239391166,-0.3976850654691717,-0.11155191492658816,-0.134895207372437,0.09735988154795217,0.11935231341466852,0.026546176371964617,0.04743502116145411,-0.1890976484915926,-0.23738787480927062,-0.18880876340292382,-0.26988159323648714,106.4,6,Syn
-0.3124848964296587,-0.38877940644612724,-0.11376775385242258,-0.14340516041960255,0.04261073823254113,0.05119780959396033,-0.019362422309599905,-0.013713711057752563,-0.19594314770286597,-0.2491835362104916,-0.1829000849719499,-0.2757517219073579,106.5,6,Syn
-0.3185435040757546,-0.35426770123412465,-0.10997100896442091,-0.13080051644755833,0.06587150598621297,0.117364960816123,0.0103128958781634,0.034363696265401145,-0.1913810873558738,-0.2391445858108096,-0.18880876340292382,-0.28071054388946415,106.6,6,Syn
-0.3163071994774273,-0.35375321275273197,-0.1111637575277471,-0.1353612478527028,0.06952822056757624,0.07224036651973645,0.016593192177801426,0.0293052725898738,-0.18731280861982852,-0.23523516660354782,-0.17642590318656887,-0.2611872348274631,107.0,6,Syn
-0.324592754798845,-0.3765819317412519,-0.11121516910375254,-0.13633643082296995,0.08882754752477122,0.09573788842018643,0.023975294845797003,0.0421527734294875,-0.1821678451028405,-0.22441264726792756,-0.17756522612118314,-0.2624187303528206,107.1,6,Syn
-0.31774348715877976,-0.3564895629944752,-0.11250559966148906,-0.13776957264667747,0.06241794221492545,0.10883103495178047,0.025407643124661816,0.04457007323903154,-0.19301899708974637,-0.24662219259194076,-0.1866174379045964,-0.2563679823382307,107.2,6,Syn
-0.3203493902158264,-0.3530338394778644,-0.11019721989884484,-0.13684826718857976,0.09908666343359593,0.1283538516551394,0.016556465298856175,0.02384396561275578,-0.19343810928635496,-0.24807137384980504,-0.18234289784334293,-0.27410151790337883,107.2,6,Syn
-0.31398668257205004,-0.34499324958282523,-0.11312767973115485,-0.14363683372193123,-0.04291575280934402,-0.05401497503492024,-0.037836042419061466,-0.04008018490629776,-0.19732332752273213,-0.2507506740823681,-0.17998108971611337,-0.2663841459444718,107.4,6,Syn
-0.2723904813508618,-0.3114877563565552,-0.10565243657996407,-0.13701798135191356,0.3621669624816749,0.409856502084411,0.14880995638070724,0.17944644964933146,-0.17066634660395583,-0.2123431580127497,-0.17378965960793588,-0.2623366306511301,107.4,6,Syn
-0.2904961273666079,-0.35808311138816923,-0.11020236105644539,-0.13735740967858112,0.03001538800784545,0.010164823588696907,0.03848241202917139,0.04022788654410984,-0.18376239840258118,-0.23719408894339344,-0.18036363610291814,-0.2556619249036924,107.9,6,Syn
-0.2862059781685616,-0.3215498762138805,-0.10166803943954256,-0.12077660530843105,0.13311442412128183,0.14074557962254092,0.05868219544905978,0.07872562425166309,-0.17663989975102054,-0.2213204988863218,-0.16436737577641797,-0.23865086671342065,108.3,6,Syn
-0.3198955794500571,-0.34331319427633067,-0.1116393146057974,-0.13855887819996,-0.032250335280367845,-0.029348422194149352,-0.010217429452232253,-0.004357865498591368,-0.19540119227621697,-0.2499418287291415,-0.18358201548755843,-0.2746351659643671,108.3,6,Syn
-0.3421276285112523,-0.3885699686572417,-0.11530238939618492,-0.13911920432652233,-0.16988500910667945,-0.1361978501394792,-0.1030262525468831,-0.08820235704073931,-0.21050368349883622,-0.26734042929594243,-0.18880876340292382,-0.28592387494681093,108.3,6,Syn
-0.3189645656110045,-0.36851857686916,-0.11081415881091011,-0.1374813279565709,0.25815374772289773,0.2992661751300543,0.11795937806669589,0.15348285910237694,-0.16530700960709332,-0.19651590805404,-0.17803093476598897,-0.2617290928586204,108.3,6,Syn
-0.31861368099829623,-0.3888613603635172,-0.11106607553333676,-0.13050149625501786,-0.16419678642455882,-0.1446148729097896,-0.08793150530038467,-0.08632223496664951,-0.2087043914823615,-0.2674288967564516,-0.18197698390813835,-0.27434781700845035,108.4,6,Syn
-0.3392363393025362,-0.3740322543113414,-0.11209944821104609,-0.12874239548268512,-0.12417607683963869,-0.10147763121194858,-0.08110030581656788,-0.07123649356264317,-0.2064161352365101,-0.26115613253273084,-0.18880876340292382,-0.2858992450363038,108.4,6,Syn
-0.3326163162761071,-0.3907963834130028,-0.11105836379693595,-0.1356467986672009,0.1372790157278344,0.24630907353351775,0.04634196412345524,0.11820818780754909,-0.18722609575156468,-0.22125730784310096,-0.17957359465190825,-0.2629277485033017,108.5,6,Syn
-0.33884802699780575,-0.4051474249470704,-0.11092469369932181,-0.13605896163529724,0.00858297754485523,0.037753953780270036,-0.008858534931257944,-0.0018510360664716213,-0.19488814113898922,-0.2492467272537124,-0.18611014813079005,-0.2719587156892568,108.5,6,Syn
-0.3326631008911349,-0.38150371978006126,-0.11341815513558559,-0.14121503954991418,-0.10640038095801173,-0.1260272809586874,-0.02575289924607369,-0.015549068320554521,-0.19947187970304733,-0.2551487706905376,-0.18261733329474636,-0.26060432694546054,108.6,6,Syn
-0.32352138711470907,-0.3793319409692268,-0.10910729448752955,-0.13560369665746533,-0.062215079766539005,-0.05997703283055681,-0.04477742253971403,-0.03967730160470708,-0.19672115482645544,-0.2492088126277799,-0.18645111338859433,-0.2750292445324815,108.7,6,Syn
-0.34383058849826303,-0.40030759082565104,-0.11291175111193202,-0.13842149054392788,-0.06323083381691769,-0.000824067250319508,-0.053004243423450385,-0.02781462661342614,-0.20271397749980102,-0.2548286027382188,-0.18739500501690615,-0.2738141689474621,108.9,6,Syn
-0.34170188851449956,-0.3989325862116636,-0.11561857058861837,-0.1439358539144717,-0.12458237845979017,0.08322925735875286,-0.09050238682655229,-0.02324861586206517,-0.20909459938954877,-0.25661901562947553,-0.1876403336780092,-0.28323921470153157,108.9,6,Syn
-0.2689985967613487,-0.29053031848177313,-0.03660411942585948,-0.012445091589305915,0.12722305062908545,0.07060372320328719,0.0885778749104946,0.09613913584263775,-0.1750501638328501,-0.22247057587294083,-0.17202246162541376,-0.25376542179464184,108.9,6,Syn
-0.34148667928537185,-0.3876912405430047,-0.11458262733210878,-0.14227912041526095,-0.13199738302755457,-0.05413187812895233,-0.08146757460602039,-0.03282828547766563,-0.19398006471300397,-0.21720886834075334,-0.17366491622093433,-0.21859390959043132,109.1,6,Syn
-0.34005507006552216,-0.40717350790476714,-0.11492708489134522,-0.14550907726981982,-0.09360187992324032,-0.025841329373186665,-0.044299973113425754,-0.008207639269346692,-0.19221931174909096,-0.21639581025131205,-0.1858980843728874,-0.2779602038828324,109.1,6,Syn
-0.30626722109246834,-0.37476983956785126,-0.11007897327403234,-0.13631757369371064,-0.1379903319247888,-0.16530672055346946,-0.06600555857006946,-0.08842618109717858,-0.20343899342611815,-0.2636837742615639,-0.18231379105304255,-0.2765234591032486,109.2,6,Syn
-0.33730881316339223,-0.39527197790157786,-0.11134883920136668,-0.1379743071929214,-0.03804013336752634,-0.02946532528818144,-0.03486116522449609,-0.03470840755175544,-0.1962032863076575,-0.25095709815688944,-0.18880876340292382,-0.2722050147943283,109.2,6,Syn
-0.32175760712816226,-0.367302927094542,-0.10758808241656882,-0.13234680104682173,0.00045694514182576326,-0.013332698311753087,-0.020133686767450188,-0.032738755855089924,-0.19219522484123988,-0.24807137384980504,-0.1792658942973044,-0.2724677338397379,109.3,6,Syn
-0.32488281941201713,-0.3864118488326389,-0.10652129221445597,-0.13045300649406535,0.10061029450916395,0.2224608423509715,0.026325815098293105,0.08414216641749325,-0.18609641977334962,-0.22005667802190526,-0.18023473460301653,-0.2658094480326383,109.3,6,Syn
1.3021504158701611,1.9244199948355678,0.3150253546633392,0.5228737876995833,0.6055416329524075,0.6792012307343452,0.29909634502467686,0.35729704489596986,-0.12133154194339954,-0.13079301036816562,-0.14523174021037852,-0.20709995135376122,109.4,6,Syn
-0.32231434404699266,-0.396291848873542,-0.11152620913858544,-0.1372415730274168,0.054190334406858116,0.06990230463909465,0.03165121254535459,0.06023775718977995,-0.1852678301432729,-0.2291772519267779,-0.1853783202603809,-0.27089962953744934,109.5,6,Syn
-0.34054630852331375,-0.412559701475453,-0.11205574837144146,-0.13804704183435015,-0.11625319524668497,-0.14169229555898738,-0.014991923715114963,-0.010087761343436502,-0.19668502446467884,-0.25292865870537923,-0.17942806070040646,-0.2710309890601541,109.6,6,Syn
-0.33717313777981167,-0.38030172899167486,-0.1127395223323138,-0.1403610809820283,-0.012341555892945649,0.029453834103991678,-0.01106214766797304,0.016233947693820836,-0.19172553013814406,-0.2338070490267571,-0.18880876340292382,-0.28169574030975014,110.0,6,Syn
-0.30459233187447426,-0.36452559989410377,-0.10897876554751595,-0.1360832065157735,0.7248927338719028,0.9214244415688347,0.30915950985567586,0.4038524486353366,-0.15144499413880402,-0.1739946202501374,-0.17471276067174743,-0.25075236274260043,110.0,6,Syn
-0.34521541310308496,-0.4030075171041098,-0.11561857058861837,-0.147817728666281,-0.15515657537618854,-0.07178424532779785,-0.09615832618412104,-0.05283815612333575,-0.21007975392065745,-0.26130779103646085,-0.18639705792089364,-0.27659734883477005,110.0,6,Syn
-0.2628277060391861,-0.3011661157608283,-0.11081415881091011,-0.139647203945783,-0.05977727004563017,-0.09855505386114635,0.038555865787061896,0.0293052725898738,-0.19254689369586547,-0.2493014928245038,-0.17146943260970685,-0.2630262681453303,110.4,6,Syn
-0.31528261640831917,-0.35224617127183844,-0.10918184127273743,-0.13577341082079913,-0.022803822611846086,-0.02537371699705831,0.020376060709162345,0.01905413080495555,-0.18764761663895835,-0.2347507019388548,-0.18208925295643974,-0.25019408477110505,110.4,6,Syn
-0.2958903934793095,-0.3593943740664089,-0.108516061363467,-0.1375890829809098,0.2210787248840758,0.20059996376697073,0.0795430626899627,0.08535081632226527,-0.17718185517766957,-0.22188500553909452,-0.171161732255103,-0.26503771083674754,110.4,6,Syn
-0.32012482406369314,-0.3757806045489943,-0.11327163214397008,-0.14106148864023124,0.07166130407337147,0.11713115462805883,0.0114514291254662,0.031006335418812196,-0.18311446058138747,-0.22429047791770065,-0.17680844957337366,-0.256417242159245,110.5,6,Syn
-0.31942305483827665,-0.36493081648564313,-0.10683490282808915,-0.12913839519713063,-0.02940622393930753,-0.06757573394264263,-0.043161439866122954,-0.06035864441969499,-0.19654291170835755,-0.2504431443386934,-0.182987405342851,-0.2721229150926378,110.7,6,Syn
-0.3134252671917168,-0.37097264139544883,-0.10254460681043528,-0.12529154082823146,-0.04423623307483631,-0.07868152787569113,-0.021162039377917236,-0.02682980076509338,-0.1940691862720529,-0.2496890645562582,-0.17689576994427475,-0.26627741633227414,110.8,6,Syn
-0.31372001026639174,-0.3841535631090039,-0.11158790302979196,-0.14039340748932996,-0.10711140879327681,-0.1473036440725277,-0.04536505260283805,-0.06761054384832711,-0.19946706232147712,-0.26208293449996967,-0.1756192292839588,-0.2662281565112598,110.8,6,Syn
0.08347201439635003,0.2369888357758844,-0.05335144030963117,-0.04780759670172835,0.07023924840284132,0.03740324449817377,-0.0007051678054120841,0.007101926191098901,-0.1900563074240651,-0.24564905052634003,-0.1832784732458546,-0.2757353019670198,111.0,6,Syn
-0.30805439338652907,-0.2858179682318493,-0.10638505153804156,-0.12304754244637363,0.21701570868256106,0.2679361459294543,0.0795430626899627,0.12984703874239076,-0.17942675498938904,-0.2180724792647713,-0.18677960430769844,-0.26759922152949117,111.0,6,Syn
-0.33039404706228814,-0.383201987068198,-0.10310499298889457,-0.12341929728034287,0.19009822634752596,0.2299426403690252,0.08519900204753145,0.13298057553254045,-0.17453952138640746,-0.21430629308881005,-0.17276260572162302,-0.25521037654439466,111.0,6,Syn
-0.3134720518067446,-0.3521050284141113,-0.1100455557496288,-0.1324087601858166,-0.020873889916126587,-0.006318512669827716,0.031026855603285313,0.039198295884489226,-0.18609401108256451,-0.23065592233814525,-0.178513275862395,-0.2511546512808839,111.1,6,Syn
-0.3374678808544866,-0.39657413458899643,-0.11252616429189123,-0.1391218982021308,0.035805186095003945,0.09106176465890285,-0.012751584099454615,-0.0018510360664716213,-0.1953771053683659,-0.24776805684234507,-0.18786071366171198,-0.28089116323318325,111.2,6,Syn
-0.09616219346426663,0.0008750467799421274,-0.05194276312708214,-0.042204335436104926,-0.012341555892945649,-0.06441935040377621,0.1067944068673394,0.12044642837194172,-0.17496826834615647,-0.21649691592046535,-0.165406904001431,-0.22647548095271938,111.4,6,Syn
-0.30903687030211224,-0.3681771022133684,-0.10870628419468713,-0.13689136919831535,0.27989088440100157,0.36134171806109383,0.12350513678742889,0.15196085551858995,-0.17730951578928023,-0.21677916924685173,-0.17828457965289213,-0.25523500645490177,111.4,6,Syn
-0.2864445797052032,-0.31087310197613033,-0.11561857058861837,-0.1429364260637283,0.6333732939327834,0.7197666043634803,0.2458790974330073,0.3004009697491092,-0.14808005311200992,-0.17162706249746376,-0.15954812292525766,-0.22970199922915607,111.5,6,Syn
-0.28170529820289036,-0.34206567353383877,-0.11059051845528646,-0.13908687781922066,0.040985531751935235,0.030622865044312574,0.11454377832478749,0.12452002619913631,-0.1787306433524932,-0.22701611824862564,-0.16181845256868607,-0.24733701515227563,111.5,6,Syn
-0.3374023823934477,-0.36578677962282735,-0.11374461864322012,-0.1395205917921848,-0.030929855014875555,0.24853023232012744,-0.04727485030799113,0.06014822756720425,-0.20248996925678608,-0.23670962427870043,-0.18747816727490718,-0.2802261556494902,111.5,6,Syn
-0.3412340423642219,-0.3894486967714787,-0.11149022103538163,-0.13130157731073427,-0.05124493602244922,0.03237641145479392,-0.04841338355529393,-0.01675771822532654,-0.20358110618243944,-0.2548580918917218,-0.18606025077598945,-0.2791670694976827,111.7,6,Syn
-0.3236243132677702,-0.3601046413504554,-0.11113548116094411,-0.13699104259582884,-0.07186474324513649,-0.09224228678341352,-0.02971940217216086,-0.035424644532361084,-0.1960997126038979,-0.2503799532954726,-0.17734900425038042,-0.24631076888114437,111.9,6,Syn
-0.3316712670525462,-0.370776862592795,-0.11067277697689516,-0.1334297390414278,-0.05947254383051656,-0.06289961018135905,-0.031335384845751935,-0.020338903128354752,-0.195673374334934,-0.24480650328339568,-0.18625152396939182,-0.2761293805351342,112.0,6,Syn
-0.30303440419404964,-0.36153883490478006,-0.1060148881908024,-0.12999774151623344,-0.0865931769756274,-0.11632432415402395,0.027427621466650655,0.04143653644888186,-0.1897648558390672,-0.24110350815065523,-0.17970665426470994,-0.25607242341214487,112.2,6,Syn
-0.27689583977803583,-0.2917914982104967,-0.11033346057525927,-0.140045897535837,0.19152028201805613,0.18084334087554763,0.07304240511665316,0.06851924727803269,-0.17377837509831373,-0.22132892435875123,-0.17559428060655846,-0.25270633564283435,112.6,6,Syn
0.18556072284844183,0.3963937580948056,-0.000153312038003366,0.036432587450824554,0.09553152425727053,0.08252783879456033,0.16665921954809954,0.22063007603415585,-0.1598344641433308,-0.1891983852490683,-0.1389904127474004,-0.20144328190728572,112.7,6,Syn
-0.341945168512644,-0.383948678315529,-0.11437441044928676,-0.141778059552085,-0.14235807434141712,-0.05237833171847099,-0.08624206886890311,-0.03076910415842441,-0.20787580185228477,-0.25385546067261805,-0.182829397052649,-0.26349423644496617,112.8,6,Syn
-0.3435732731156103,-0.3987641253814731,-0.11417133472406527,-0.1424623039566371,-0.12356662440941148,-0.010877733337079207,-0.07805197486411199,-0.010132526154724354,-0.20629570069725475,-0.24916247252941798,-0.18625568208229187,-0.27997164657424967,112.8,6,Syn
-0.253316393804041,-0.27612008800736837,-0.04765760826702882,-0.027237162555430055,0.18908247229714728,0.16810090362604985,0.09460108305751587,0.1097924032854328,-0.1749152771488841,-0.21364910623931344,-0.16530295117892968,-0.24945518745589054,113.1,6,Syn
-0.33081978705904086,-0.37373175661424485,-0.11410192909645793,-0.1415194474936716,-0.003809221869764707,0.014840947349980487,0.002269709389153297,0.018293129013062057,-0.192626380491774,-0.24062325622217695,-0.18880876340292382,-0.2758338216090484,113.2,6,Syn
-0.26392246603083586,-0.2684300787589419,-0.10946460494076735,-0.13540165598682988,0.0021837270274695252,-0.06628979990828965,0.05633167519656368,0.07720362066787609,-0.18048898762562113,-0.22827572637682744,-0.16192656350408743,-0.2352190991827577,113.5,6,Syn
-0.3321952547408572,-0.38682161841958884,-0.11294259805753529,-0.13958524480678813,-0.03722753012722339,0.002916831758707357,-0.04378579680819223,-0.028396569160168222,-0.19985245284709421,-0.2546811569707035,-0.180991511150826,-0.2656698785397644,113.6,6,Syn
-0.30833977953819847,-0.36118825425816736,-0.10802251023381479,-0.13295561693433658,0.2056392633183198,0.2522711313291543,0.07583364791649229,0.09748208018127333,-0.17728542888142915,-0.21951323505020615,-0.1706669168199968,-0.2618850822918323,113.7,6,Syn
-0.3386655669991975,-0.3899222082941764,-0.11205060721384091,-0.13423520784836115,-0.11726894929706365,-0.11141439420467619,-0.08143084772707514,-0.08551646836346816,-0.20629329200646965,-0.2651498064642871,-0.18746569293620702,-0.280193315768814,114.1,6,Syn
-0.3036004980358856,-0.35626191322394746,-0.10949031072877007,-0.13223635214687435,0.2595758033934279,0.3024225586689207,0.12185242723489256,0.14726055033336544,-0.16813962997037885,-0.204798147452183,-0.17203909407701398,-0.2477146737800519,114.2,6,Syn
-0.3415615346694163,-0.4060762360108235,-0.10634392227723721,-0.1196532591796979,0.003605782697999682,0.09702382245453943,-0.02858086892485806,0.017218773542153593,-0.19992712226143253,-0.24593972932515584,-0.18556127722798318,-0.2802179456793211,114.2,6,Syn
-0.3408644439055025,-0.40809776597310965,-0.11482169116053406,-0.14181038605938667,-0.13616197463410715,-0.12941747068561799,-0.08862931600034446,-0.0792493947831688,-0.20732902904406553,-0.2636121577459137,-0.18838047777421846,-0.2837810727326889,114.2,6,Syn
-0.32419508557110893,-0.3848365124205871,-0.10735158916694382,-0.13304720870502465,0.26709238336623015,0.3033577834211774,0.1001835686571941,0.11807389337368553,-0.17820073137976972,-0.22214619518440726,-0.1810164598282263,-0.26264039954738494,114.4,6,Syn
-0.33383739472833185,-0.3922715539260225,-0.11079359418050794,-0.13509724804307247,-0.018537655600255616,0.06534308397184316,-0.02193330383576752,0.031498748342978576,-0.1967356069711661,-0.24123831570952634,-0.18287513629454957,-0.27306706166207856,114.4,6,Syn
-0.3175516702371659,-0.3641613602612594,-0.1107781707077063,-0.13633912469857842,0.20086521928154,0.2904984430776476,0.07058170422732131,0.10231667980036141,-0.18667450556177523,-0.23029362702367917,-0.18136989942473075,-0.25777188723713823,114.4,6,Syn
-0.34034045621719156,-0.39411096407188645,-0.11410192909645793,-0.14259160998584378,-0.1261060095353582,-0.10942704160613068,-0.07434256009064158,-0.05641934102636396,-0.20391109681999908,-0.25637046419280696,-0.18606856700178953,-0.2771802567167726,114.5,6,Syn
-0.2881147904616945,-0.34935957218154695,-0.10989132102161249,-0.13776957264667747,0.18278479718479942,0.1932350688429491,0.0817466754266778,0.1054502165905111,-0.17138654514870275,-0.21207775563122222,-0.1689870392083758,-0.26247620014400397,114.5,6,Syn
-0.3277881440052415,-0.3699436644326635,-0.1133436083503777,-0.13928622461424767,0.20939755330472093,0.3246341465350177,0.07480529530602524,0.12608679459421115,-0.18375276363944076,-0.22211670603090422,-0.18298324722995093,-0.2608588360207011,114.5,6,Syn
-0.3101409872167675,-0.35466381183484286,-0.09687648055583566,-0.11547775198656506,0.0073640726844008105,0.030389058856248395,-0.02810341949856979,-0.028262274726304663,-0.18896998787998195,-0.24203873559032346,-0.1793282659908052,-0.26264039954738494,114.5,6,Syn
-0.24960637383233897,-0.25845446581441717,-0.08332953027840254,-0.08929058719660098,0.4335744722232963,0.47719268424689454,0.2571909761481448,0.32461873265583746,-0.17538256316119483,-0.21875915526777095,-0.16963154670788386,-0.24892153939490227,114.8,6,Syn
-0.24141438774097684,-0.27546445666824854,-0.08599522049428453,-0.09378127783592513,0.06272266843003906,0.04009201566091183,0.016923734088308693,0.01699494948571433,-0.18775119034271795,-0.23943526460962541,-0.17808499023368962,-0.2735842897827287,114.9,6,Syn
-0.3273670824699916,-0.3904549087572112,-0.11224854178146186,-0.14084059084033645,0.1177765379605637,0.0939843420097051,0.02955778044547525,0.02966339108017662,-0.18933610887931818,-0.24447790985864737,-0.18690850580760004,-0.2692330055931322,115.1,6,Syn
-0.2896025412195775,-0.31062724022396043,-0.1099273091248163,-0.13496794201386575,0.36724573273356836,0.46643759959594233,0.15571460962241454,0.21512400424574998,-0.16573575656684233,-0.195395320220924,-0.16394324826061266,-0.24209905418442168,115.2,6,Syn
-0.30967314106648985,-0.3498012127363707,-0.1062256756524247,-0.1308624755865532,0.2621151885193746,0.3129438371318088,0.07601728231121854,0.09479619150400218,-0.18121882093350847,-0.224572731244087,-0.18294998232675053,-0.2667618045722481,115.2,6,Syn
-0.32660917170654175,-0.3568355906456773,-0.1087448428766912,-0.13183227080560342,-0.12874697006634278,-0.14999241523526574,-0.04294107859245144,-0.025710680482897066,-0.19880467235557278,-0.25102871467253973,-0.17850495963659488,-0.2564993418609355,115.6,6,Syn
-0.33459998395328444,-0.3793683649325112,-0.11359552507280435,-0.14018597906747757,-0.1812614544709207,-0.19418178477939557,-0.10155717738907302,-0.07969704289604732,-0.21021704929540852,-0.2666832424464458,-0.18880876340292382,-0.28224580831107654,115.6,6,Syn
-0.22152156943117005,-0.2369005855408525,-0.10783742856019521,-0.13707724661529996,0.5702949674042671,0.6472866860635849,0.26651960340023867,0.31132358370334523,-0.14626630895082454,-0.16748173006217754,-0.16131116279487973,-0.24136015686920717,115.8,6,Syn
-0.29396286734016547,-0.3132452125850292,-0.11059051845528646,-0.1370341446055644,0.5758816146813499,0.7519149552223049,0.28528703854126225,0.37847080063512417,-0.15513029104001733,-0.17904990370780355,-0.17397261657553817,-0.2461055196269181,115.9,6,Syn
0.0724448806343052,0.11239611636606237,0.1283987631847961,0.24411153973481803,0.07257548271871228,0.04196246516542526,0.009908900209765634,0.009161107510340123,-0.1835143032517152,-0.2399365802191773,-0.16484555875992396,-0.2520249081188032,116.1,6,Syn
-0.3136685471898612,-0.3660690653382817,-0.11216114210225261,-0.14009708117239797,-0.045455137935290726,-0.02256804274028816,-0.021749669441041262,-0.033231168779256304,-0.19140276557293975,-0.244755950448819,-0.17651738167037,-0.262320210710792,116.2,6,Syn
-0.2939862596476794,-0.32676760895437584,-0.022453083130362445,0.018957416378661503,-0.0929924274930131,-0.12310470360788515,-0.04283089795561569,-0.05337533385878998,-0.19800016963334713,-0.25511085606460515,-0.18299987968155113,-0.27008684249071335,116.4,6,Syn
-0.2900048889088163,-0.3511534523733054,-0.10911500622393036,-0.13413014669963072,0.2419016829168388,0.25764867365463046,0.11726156736673611,0.13016039242140573,-0.1711938498858942,-0.21390187041219674,-0.17428447504304206,-0.24817443210951873,116.4,6,Syn
-0.3079982518484958,-0.36157981186347504,-0.10566014831636487,-0.12893904840210363,0.023616137490459745,0.028869318633831232,-0.002614965510565168,-0.012952709265859069,-0.19022009839745235,-0.24725831576036375,-0.18336995172965578,-0.26897028654772254,116.5,6,Syn
-0.3100427395252092,-0.32884377486158867,-0.10937977584035836,-0.13319267798788217,0.04078238094185949,0.07621507171682748,0.007154384288871762,0.013950942318140352,-0.19269623252454207,-0.2431045578526481,-0.17992287613551264,-0.2649638211052261,116.9,6,Syn
-0.31108603644032845,-0.369101360281711,-0.11095554064492508,-0.13813863360503825,0.012747569151407833,0.055172514791051376,-0.016387545115034523,0.0035207412880706923,-0.19404028198263165,-0.2432435781477339,-0.17873365584609774,-0.2698980131768252,116.9,6,Syn
-0.31839379330766576,-0.3713824109823987,-0.11206860126544282,-0.13942900002149672,0.027272852071823006,0.0019816070064506406,-0.0076832748050098916,-0.014250888793206795,-0.19021287232509704,-0.24547632834153643,-0.17764838837918417,-0.2604319175719105,117.0,6,Syn
-0.3082555672311485,-0.36316425426634796,-0.11234108261827165,-0.13974148959207955,-0.04758822144108596,-0.05518400597524114,-0.040076382034721816,-0.016936777470477952,-0.19719084952955127,-0.24729201765008152,-0.1818148175050363,-0.26772237108202696,117.0,6,Syn
-0.2892235858378526,-0.3363380053073613,-0.11336931413838042,-0.14182385543742904,0.301932747294219,0.3152818990124506,0.1417951225021642,0.17989409776221,-0.16739534451778088,-0.20081711172927094,-0.17762343970178385,-0.2538146816156561,117.0,6,Syn
-0.26877870907071816,-0.3124347794019505,-0.10940291104956082,-0.14073283581599755,0.09035117860033924,0.08790538112003644,0.05005137889692565,0.06440088463955025,-0.18070817848706583,-0.2265611427374357,-0.1712823175292045,-0.2412205873763333,117.1,6,Syn
-0.3093737195303121,-0.37979179350569275,-0.1042926003946202,-0.13006778228205373,0.028085455312125952,0.03892298472059093,0.005795489767897452,-0.003149215593819347,-0.187527182099703,-0.23874437587041106,-0.17824715663679166,-0.2652101202102976,117.2,6,Syn
-0.3285507332301941,-0.3684093049793067,-0.11176270238821046,-0.13760255235895216,-0.15515657537618854,-0.0880337753982583,-0.08040249511660809,-0.07052025658203753,-0.20694122982766336,-0.26295497089641706,-0.18314541363305295,-0.275603942444315,117.4,6,Syn
-0.3467312346299846,-0.4189247890594081,-0.11256986413149585,-0.13543398249413155,-0.08100652969854465,-0.04127253778542248,-0.029168498987982086,0.029394802212449504,-0.19653086825443203,-0.23643579642474352,-0.18339490040705608,-0.26966813401209183,117.5,6,Syn
-0.3386842808452086,-0.36777188562182905,-0.11473172090252455,-0.1425404263492828,-0.17983939880039054,-0.16986594122072096,-0.10813128872027307,-0.09451419543232653,-0.21013033642714468,-0.26767323545690547,-0.1870706722107021,-0.2803739351125331,117.5,6,Syn
-0.3293226793781523,-0.3966151115476914,-0.10178114490675452,-0.1227539100050501,-0.037532256342337,-0.07412230720843964,-0.04073746585573635,-0.0623282961163605,-0.19932976694672605,-0.2589191696027136,-0.18618083605009095,-0.2771556268062655,117.5,6,Syn
-0.3087795549194595,-0.3720471483123397,-0.10933607600075375,-0.13392810602899527,0.08699919023408959,0.06475856850168271,0.014205945046360073,0.0026702098736014926,-0.1907668712056716,-0.2480081828065842,-0.1833741098425558,-0.2730752716322476,117.7,6,Syn
-0.2466636215470924,-0.24816014319115362,-0.03899989886771293,-0.02784867231855338,0.04017292851163228,-0.009942508584822492,-0.011135601425863543,-0.027187919255396202,-0.19107518362616524,-0.2503631023506137,-0.18266723064954699,-0.27030030171510866,117.8,6,Syn
-0.3095889287594399,-0.3219004568604932,-0.11014837890163968,-0.1327966782734367,0.1348412060069256,0.2223439392569394,0.06848827212744196,0.10706174979687379,-0.17840306140571868,-0.2123010306506025,-0.17512441384885258,-0.24758331425734711,117.9,6,Syn
-0.32755422093010267,-0.3785715907356642,-0.11561857058861837,-0.14169185553261388,-0.16348575858929373,-0.1413415862768911,-0.09935356465235792,-0.07656350610589763,-0.2090295647383509,-0.2660218428607345,-0.18553632855058289,-0.276917537671363,117.9,6,Syn
-0.3160264917872607,-0.3841080331548984,-0.10985790349720895,-0.13753520546874035,0.05266670333129009,0.03611731046382078,0.0017188062049745226,0.006027570720190439,-0.19042965449575663,-0.23915301128323904,-0.18872144303202273,-0.26571092839060967,118.6,6,Syn
-0.3201809656017265,-0.3907690654405395,-0.11170100849700393,-0.1349814113919081,0.0009648221670151049,-0.0544825874110486,-0.018444250335968616,-0.02682980076509338,-0.19427874237035722,-0.25039259150411675,-0.18085013531222424,-0.2709406793882946,118.6,6,Syn
-0.3153200441003414,-0.386002079245689,-0.10956228693517768,-0.13302026994893992,0.028694907742353164,0.08357996664084913,-0.019142061035928398,-0.02015984388320334,-0.19407641234440826,-0.25216194071429987,-0.18036363610291814,-0.2714825374194519,119.0,6,Syn
-0.31436095949227216,-0.3339158117489463,-0.11005069690722935,-0.13329773913661264,0.16338389482256657,0.2574148674665663,0.07039806983259504,0.11664141941247425,-0.17978564991636994,-0.21594926021255154,-0.17493729876835024,-0.2500873551589074,119.1,6,Syn
-0.33160109013000455,-0.38207284420638055,-0.1098167742364046,-0.13275896401491807,0.17018944696010377,0.24981616635448042,0.036021711139839534,0.06677341963780643,-0.18173187207073618,-0.21867911327969125,-0.18236368840784317,-0.2523943567764105,119.2,6,Syn
-0.34263290235355215,-0.3913791668255538,-0.11373947748561958,-0.14064663179652642,-0.03722753012722339,0.1195861196027327,-0.03647714789808716,0.03682576088623304,-0.19879503759243236,-0.241213039292238,-0.18536584592168073,-0.2756285723548222,119.3,6,Syn
-0.31701832562584936,-0.3732855630640105,-0.10995301491281902,-0.1359054107256143,0.25358285449619367,0.3675375820447946,0.06687228945385089,0.10947904960641783,-0.18018790127748277,-0.2188012826299182,-0.1831079906169525,-0.26772237108202696,119.4,6,Syn
-0.27531919825160006,-0.35690388557683567,-0.1085340554150689,-0.1360427983816464,0.33474160312145046,0.37022635320753267,0.11968554137712271,0.1480663169365468,-0.17632195256738645,-0.21931944918432894,-0.17882097621699886,-0.26924942553347025,119.6,6,Syn
-0.27461275056468076,-0.3387146689116707,-0.1010588122638781,-0.12796655930744497,0.3102619305073242,0.2855885131282998,0.11373578698799196,0.11708906752535278,-0.17221031739720924,-0.21503930919017164,-0.16998082819148821,-0.25718076938496665,119.7,6,Syn
-0.32719865785589164,-0.35022919430496285,-0.10757522952256747,-0.12425170484336097,0.10538433854594376,0.2298257372749931,0.009798719572929878,0.05808904624796303,-0.18764279925738814,-0.2243578816971362,-0.18184392429533666,-0.2711869784933661,119.9,6,Syn
-0.33359411473018746,-0.39022725898668353,-0.11348499018439266,-0.13644149197170038,-0.1039625712371029,0.02898622172786332,-0.07588508900634214,-0.031843459629332875,-0.20503836410742904,-0.2511972241211286,-0.1804467983609192,-0.2613021744098298,119.9,6,Syn
-0.33542339317777314,-0.38383940642567566,-0.11076274723490467,-0.1306954552988279,-0.14408485622706088,-0.1058030456911359,-0.08833550096878244,-0.0511818581056852,-0.2082852792857529,-0.2627064194597485,-0.18332421248775518,-0.27129370810556375,120.0,6,Syn
-0.273204533652345,-0.3107865950633298,-0.1077731640901884,-0.13074125118417193,0.2176251611127883,0.23415115175418044,0.12640656022410376,0.15348285910237694,-0.1696908268359876,-0.2029613944625643,-0.1644339055828188,-0.2565650216222879,120.1,6,Syn
-0.3386608885376947,-0.3619668164733722,-0.11314567378275676,-0.1372819811615439,-0.06465288948744784,0.043014593011714064,-0.056309662528523034,-0.00798381521290743,-0.20125431088402634,-0.24419565653226102,-0.18880876340292382,-0.2856529459312323,120.1,6,Syn
-0.3160732764022885,-0.33983015278725653,-0.11328191445917117,-0.14280981391013006,0.12478524090817661,0.0928153110693842,0.06477885735397156,0.07774079840333033,-0.18046008333619984,-0.22315303913972576,-0.17609741226746475,-0.26390473495341865,120.2,6,Syn
-0.34380251772924636,-0.40642226366202566,-0.11561857058861837,-0.147817728666281,-0.002895043224423892,0.13490042492093643,-0.02380637466197535,0.06162546633970339,-0.19846745564565785,-0.23626307423993992,-0.18880876340292382,-0.28346909386626495,120.4,6,Syn
-0.3141925348781722,-0.35664436483843404,-0.10878083097989501,-0.1366570020203782,0.08202199538723404,0.11081838755032598,0.045791060939276464,0.06766871586356349,-0.1824544793062682,-0.22601769976573657,-0.17552775080015764,-0.2551364868128732,120.6,6,Syn
-0.3304408316773159,-0.35841092705772915,-0.11168815560300258,-0.13362369808523783,-0.11412011174088972,-0.0098256054907904,-0.07963123065875781,-0.027590802556986874,-0.205715206218044,-0.2486822206009397,-0.1855155379860826,-0.27789452412147997,120.7,6,Syn
-0.27560458440326946,-0.3457763647934406,-0.10771147019898188,-0.13281822927830447,0.29126732976524283,0.3026563648569849,0.11285434189330591,0.11467176771580874,-0.17267278602794975,-0.21938264022754977,-0.177394743492281,-0.25931536162891966,120.9,6,Syn
-0.32427461941665614,-0.36654712985638993,-0.10900447133551867,-0.13223365827126587,0.026053947211368587,0.04476813942219541,0.0160055621146774,0.025679322875557735,-0.18929756982675647,-0.23823042205221498,-0.1752782640261545,-0.25708224974293803,121.1,6,Syn
0.4492949546829736,0.7593494462333839,0.04139238253199173,0.09781254318987728,1.000162081524526,1.101805915660349,0.47296138995149806,0.5689003078536492,-0.16316568349913343,-0.19509621594967877,-0.1569700929272254,-0.23094991469485168,121.5,6,Syn
-0.27133782751273705,-0.3227063370481613,-0.1100455557496288,-0.13229831128586922,0.03021853881792119,0.0004618667840334767,-0.033575724461412285,-0.02853086359403178,-0.194702671948536,-0.25184177276198105,-0.1764591680897693,-0.2629605883839779,121.5,6,Syn
-0.27622214132163597,-0.29048023553225705,-0.11140025077737212,-0.1379743071929214,0.3654173754428867,0.4594234139540169,0.15854257930119892,0.21400488396355366,-0.15657309682029627,-0.18173762941279603,-0.17637600583176824,-0.24029286074723066,121.6,6,Syn
-0.28834871353683333,-0.3717193326427798,-0.10927952326714777,-0.13308492296354327,0.22311023298483318,0.20036615757890655,0.09496835184696838,0.11046387545475059,-0.17632676994895666,-0.22059590825738964,-0.1739185611078375,-0.2544140094379968,121.6,6,Syn
-0.3041478780317105,-0.36544075197162523,-0.11009953790443451,-0.13945324490197297,0.10121974693939116,0.0693177891689342,0.00891727447824384,0.01663683099541151,-0.1844825969473281,-0.23417355707743792,-0.17333642530183022,-0.25517753666371845,121.7,6,Syn
-0.34544933617822376,-0.40205138806789337,-0.1145440686501047,-0.13909495944604608,-0.17018973532179305,-0.17816606089699932,-0.09931683777341267,-0.09053012722770765,-0.20941495526396797,-0.26403343136738583,-0.18357785737465837,-0.2656288286889192,121.8,6,Syn
-0.34406451157340184,-0.3964648626991431,-0.11339244934758287,-0.137123042500644,-0.08964043912676345,-0.005733997199667268,-0.046430132092250345,0.011444112886020605,-0.20044739947101559,-0.24270856064846424,-0.18320362721365369,-0.2653004298821572,121.8,6,Syn
-0.3459452530975181,-0.40893096413324115,-0.11428701077007751,-0.1407759378257331,-0.19233317362004834,-0.12731321499304038,-0.09678268312619032,-0.055165926310304085,-0.20887299983731897,-0.2595047399365599,-0.18742826992010655,-0.2812277720101143,121.8,6,Syn
-0.2925312581203158,-0.332131037548009,-0.10693515540129976,-0.13293137205386032,0.3246856380227015,0.441186531285011,0.16232544783255984,0.21257241000234237,-0.1698787047172259,-0.20403985493353308,-0.17666291562187184,-0.25433190973630626,122.1,6,Syn
-0.3190721702255684,-0.3786626506438753,-0.10900447133551867,-0.13271047425396557,0.18268322177976157,0.17078967478878793,0.11098127106709808,0.12192366714444086,-0.1768735427571759,-0.2216153904213523,-0.17151517185160742,-0.2606125369156296,122.1,6,Syn
-0.33781876546719486,-0.37835759995136814,-0.11292717458473366,-0.13887136777054285,-0.016709298309573985,0.10696058544726704,-0.03809313057167823,0.039690708808655606,-0.1984192818299557,-0.23866012114611662,-0.18633468622739288,-0.2729439121095428,122.4,6,Syn
-0.34652538232386243,-0.41902495495844033,-0.11389885337123644,-0.1409052438549398,-0.16033692103311983,-0.14192610174705156,-0.10243862248375907,-0.07750356714294254,-0.20972085899367654,-0.26689387925718194,-0.1882848411775173,-0.28332131440322206,122.4,6,Syn
-0.34005507006552216,-0.37040806996454007,-0.11345671381758966,-0.13801740920265695,-0.12752806520588836,-0.10533543331500754,-0.07680326097997343,-0.05283815612333575,-0.20633183105903136,-0.25948367625548635,-0.18880876340292382,-0.28431472079367714,122.5,6,Syn
-0.3271144455488416,-0.326612807110417,-0.11276522812031652,-0.13630679819127675,-0.13230210924266816,-0.08207171760262173,-0.07415892569591531,-0.04500431414796154,-0.20572484098118446,-0.2552920037218382,-0.18576502476008575,-0.2731737912742762,122.5,6,Syn
-0.3219260317422622,-0.37466056767799794,-0.1122254065722594,-0.13919732671916804,-0.18004254961046628,-0.16869691028040007,-0.10093282044700375,-0.10243756703027644,-0.2096702764871893,-0.2673109401424394,-0.18272128611724767,-0.2759651811317532,122.8,6,Syn
-0.3455101561777599,-0.40243383968237995,-0.11343100802958694,-0.1381036132221281,-0.13128635519228948,-0.11106368492257992,-0.078198882379893,-0.06197017762605768,-0.2054165285606908,-0.2585695124968917,-0.1878482393230118,-0.2812441919504524,122.8,6,Syn
-0.3425440115849994,-0.3872313880065387,-0.11434870466128404,-0.1414413251010259,-0.12265244576407067,-0.03507667380172174,-0.07632581155368516,-0.047197789901066316,-0.20604278816481855,-0.2573141171049046,-0.18687108279149958,-0.279700717558671,123.2,6,Syn
-0.31041701644543135,-0.3692516091302593,-0.10089172464186043,-0.12103791124245292,0.173846161541467,0.2603374448173685,0.09265455847341753,0.1465443133527598,-0.17699879467800145,-0.21416727279372422,-0.17601425000946372,-0.2492170983209881,123.2,6,Syn
-0.34080362390596647,-0.37690519441540127,-0.11399653536564677,-0.13929969399229003,-0.16379048480440733,-0.11164820039274037,-0.1043851470678574,-0.07835409855741174,-0.20967509386875952,-0.26124881272945477,-0.18625568208229187,-0.2764085195208819,123.2,6,Syn
-0.2959371780943373,-0.34068156292903023,-0.10827185637744116,-0.13548516613069253,0.13047346359029724,0.2043408627759976,0.039400584002802684,0.056701337098039595,-0.18353839015956624,-0.2303020524961086,-0.17707041068607693,-0.2585682543435361,123.4,6,Syn
-0.32269797789022037,-0.38104386724359524,-0.10915099432713417,-0.13264851511497067,0.48923779418404817,0.7053875237975333,0.15483316452772852,0.23146316036581618,-0.17352787125666264,-0.20579656593507206,-0.17946964182940697,-0.26085062605053205,123.4,6,Syn
-0.325912080942628,-0.3591348533280073,-0.11050054819727693,-0.1393212449971578,0.17922965800847404,0.23496947341240507,0.09272801223130803,0.10961334404028139,-0.1790919469702592,-0.22164487957485537,-0.17666291562187184,-0.25502154723050646,123.5,6,Syn
-0.32078448713558466,-0.3591348533280073,-0.11022292568684756,-0.13339202478290918,0.10965050555753424,0.15185137355558942,0.04505652336037143,0.07415961350030212,-0.18338905133088965,-0.2245685185078723,-0.18122020736032887,-0.2616962529779442,123.5,6,Syn
-0.3352830393326899,-0.369397304983397,-0.11263669918030292,-0.1383810824098008,-0.11310435769051104,-0.030517453134470247,-0.07551782021688963,-0.023472439918504433,-0.2050985813770567,-0.2510834802433311,-0.18369844264875987,-0.2708257398059279,123.6,6,Syn
-0.3002647549844058,-0.3666245307783694,-0.11338730818998233,-0.13777226652228594,0.08821809509454401,0.052834452910409585,0.026068726945676343,0.008713459397461596,-0.18615181966140706,-0.2388876089017116,-0.17846753662049442,-0.2664662456461623,123.7,6,Syn
-0.3395451177617195,-0.37732406999317225,-0.11386286526803263,-0.14187234519838154,-0.17730001367444384,-0.17407445260587617,-0.1065887598045725,-0.09966214873042958,-0.20982684138822122,-0.26776170291741463,-0.18667565148519713,-0.2796842976183329,123.7,6,Syn
-0.33118938551776017,-0.3588571206079635,-0.11333332603517661,-0.14183463093986293,-0.12275402116910854,-0.1335090789767411,-0.0770603491325902,-0.07369855818347507,-0.20486975575247154,-0.2634015209351776,-0.18559454213118362,-0.2790192900346398,123.7,6,Syn
-0.32326407173205635,-0.3487858947598171,-0.10892478339271024,-0.12835447739506503,-0.09593811423911129,-0.1492909966710732,-0.008931988689148447,-0.0035520988954100205,-0.19585402614381703,-0.25080122691694473,-0.17633858281566778,-0.2532399837038226,123.8,6,Syn
-0.33083850090505196,-0.3925083096873713,-0.11222283599345914,-0.13960679581165591,-0.0840537918496807,-0.12848224593336127,-0.06372849207546386,-0.07123649356264317,-0.198876933079126,-0.2552920037218382,-0.18217241521444077,-0.27342009037934767,123.9,6,Syn
-0.3327145639676654,-0.394575369603763,-0.11251845255549041,-0.1375890829809098,0.21579680382210664,0.2935379235224819,-0.011649777731097067,-0.0010452694632902741,-0.20261522117761163,-0.2628875671169815,-0.182829397052649,-0.26652371543734565,124.2,6,Syn
-0.3359380239430786,-0.38066141562910866,-0.11472400916612374,-0.14431838425087484,-0.0981727731499444,0.00700844004983049,-0.07217567423287173,-0.01639959973502372,-0.20406284433946079,-0.24648317229685493,-0.18332421248775518,-0.27630178990868426,124.3,6,Syn
-0.3151375841017331,-0.38258277969236265,-0.11345671381758966,-0.14176189629843416,0.003402631887923945,0.087320865649876,-0.040994554008353105,0.005714217041175471,-0.20035827791196661,-0.24412825275282546,-0.1873367914363054,-0.27708173707474404,124.3,6,Syn
-0.2754735874811917,-0.32194598681459874,-0.09298462425222394,-0.11054795962305984,0.012442842936294227,0.00443657198112452,0.1012486481466064,0.12402761327496993,-0.17415172217000527,-0.2152078186387605,-0.1709704590617006,-0.23340469577539766,124.4,6,Syn
-0.33774391008315047,-0.3726754616789962,-0.11437183987048648,-0.14311691572949597,-0.09563338802399769,-0.01976236848351801,-0.0567136581969208,-0.02203996595729315,-0.20220092636257328,-0.24990391410320903,-0.18620578472749125,-0.2799305967234044,124.5,6,Syn
-0.31671422562816887,-0.35497341552276057,-0.11029490189325518,-0.13359945320476158,0.10355598125526214,0.1585148499154185,0.03128394375590207,0.0559403353061461,-0.18990937728617358,-0.23887918342928213,-0.1823803208594434,-0.2682067593220009,124.5,6,Syn
-0.3086485579973817,-0.3248462448911219,-0.1123462237758722,-0.13842149054392788,0.08141254295700683,0.16880232219024238,0.034185367192576956,0.08964823820589912,-0.18754404293519877,-0.22609352901760157,-0.18256327782704568,-0.2588145534486076,124.6,6,Syn
-0.2873475227752391,-0.30675719412498914,-0.10448282322584032,-0.13028329233073155,0.13910737301851606,0.15547536947058418,0.038262050755499884,0.04671878418084847,-0.18278687863461296,-0.23421568443958513,-0.17710367558927737,-0.25886381326962193,124.9,6,Syn
-0.05605842146246421,0.033747673644145125,-0.07230174722523591,-0.07316774167989128,0.10690796962151179,0.09854356267695659,0.22204335299753897,0.2643205318511,-0.15823991084359015,-0.1915406665844536,-0.15637548278251798,-0.20694396192054926,125.0,6,Syn
-0.3349976531810205,-0.3732855630640105,-0.11220998309945777,-0.1407759378257331,0.06251951761996331,0.09573788842018643,-0.0038269525157584717,0.005445628173448355,-0.19270827597846762,-0.24719091198092819,-0.18425147166446681,-0.2684694783674105,125.0,6,Syn
-0.32048038713790417,-0.3299683647279956,-0.11115861637014655,-0.13765373599551314,0.08425665429806714,0.12928907640739612,0.03095340184539481,0.07295096359553009,-0.1848029528217473,-0.22860431980157575,-0.17844258794309412,-0.25463567863256115,125.0,6,Syn
-0.334211671648554,-0.3874772497587087,-0.1124284822974809,-0.13818712336599076,-0.021788068561467405,0.006774633861766311,-0.04026001642944808,-0.021502788221838917,-0.1996718010382112,-0.25248210866661874,-0.18427226222896706,-0.2717288365245234,125.1,6,Syn
-0.33470291010634556,-0.36012285333209765,-0.11272409885951216,-0.13725504240545916,-0.09167194722752083,-0.04524724298251353,-0.0636917651965186,-0.000955739840714569,-0.2033137415052926,-0.24777648231477453,-0.18565691382468438,-0.27456127623284565,125.2,6,Syn
-0.335133328564601,-0.40540694568547203,-0.11487824389414004,-0.14157601888144952,-0.17669056124421662,-0.0979705383909859,-0.08840895472667294,-0.04070689226432769,-0.20839126168029762,-0.2575837322226468,-0.18695840316240067,-0.2819338294446526,125.2,6,Syn
-0.29533833502198187,-0.3266310190920592,-0.10916384722113553,-0.13456386067259485,0.08090466593181748,0.09468576057389763,0.04737031673392228,0.057507103701220946,-0.18136575107139996,-0.2273194352560856,-0.17961933389380882,-0.25438937952748963,125.4,6,Syn
-0.32671677632110563,-0.3670024293974454,-0.10969338645399154,-0.13515651330645886,-0.012036829677832043,-0.017307403508844132,-0.02241075326205579,-0.023696263974943697,-0.19390057791709545,-0.2490529413878352,-0.18016404668371566,-0.2697338137734442,125.5,6,Syn
-0.33020690860217705,-0.39656958159358585,-0.10937206410395756,-0.1353316152210096,0.2397685994110436,0.2541415808336677,0.07572346727965654,0.09502001556044143,-0.18019271865905298,-0.2243199670712037,-0.18371091698746003,-0.2670163136474886,125.5,6,Syn
-0.3471148684732123,-0.41515035586405846,-0.11328448503797145,-0.13759447073212674,-0.10061058287085324,-0.05191071934234263,-0.0626266857071063,-0.03502176123077041,-0.20266098630252868,-0.2514752647113002,-0.18880876340292382,-0.27273045288514747,125.6,6,Syn
-0.2876001596963891,-0.37616760915889147,-0.11436155755528539,-0.1430253239588079,0.075114867844659,0.03190879907866556,0.022726580961658447,0.006206629965341849,-0.18863036247928192,-0.24130571948896187,-0.1727917125119234,-0.2653250597926643,125.7,6,Syn
-0.3095187518368982,-0.32860701910023987,-0.11362894259720789,-0.1420636103665831,0.13331757493135754,0.1485780869226909,0.07697218116379509,0.11153823092565905,-0.17789723634084625,-0.21618096070436124,-0.18010167499021487,-0.250350074204317,125.9,6,Syn
-0.2581118168443871,-0.3351269085281538,-0.11244390577028253,-0.1406277746672671,0.4077743193436778,0.41476643203375874,0.1669897614586068,0.18495252143773733,-0.16427608995106763,-0.20269177934482213,-0.16532789985633,-0.25111360143003864,126.0,6,Syn
-0.32972970552889386,-0.38559230965873914,-0.11152620913858544,-0.13343512679264474,-0.07674036268695418,-0.05424878122298442,-0.04808284164478667,-0.037573355474178005,-0.2032414807817394,-0.2597111640110813,-0.18530347422817997,-0.2784774320034825,126.0,6,Syn
-0.2242725047948028,-0.24881577453027345,-0.0993365244676959,-0.12123187028626295,0.03428155501943592,-0.01496934162820234,0.08692516535795827,0.08275445726756982,-0.1797687890808742,-0.22837261930976605,-0.16517404967902807,-0.2398248924475948,126.1,6,Syn
-0.33800590392730595,-0.3727983925550812,-0.11313025030995513,-0.13958255093117966,-0.07846714457259794,-0.04805291723928368,-0.05660347756008505,-0.03900582943538929,-0.20218647421786265,-0.2547401352777096,-0.18880876340292382,-0.2796350377973186,126.3,6,Syn
-0.33923166084103346,-0.37766554464896385,-0.11433071060968213,-0.13874475561694463,-0.1109712741847158,-0.08815067849229039,-0.06464666404909515,-0.04786926207038411,-0.2043856089046651,-0.2582451318083581,-0.18842621701611903,-0.2822540182812456,126.3,6,Syn
-0.3216687163596095,-0.3830062082655442,-0.11058537729768592,-0.13907071456556983,-0.11442483795600333,-0.1525642833039717,-0.0294623140195441,-0.046481552920460675,-0.1999921569126304,-0.25933201775175635,-0.1795195391842076,-0.2686008378901153,126.5,6,Syn
-0.312709462581792,-0.34189721270364826,-0.11152877971738571,-0.1380524295855671,-0.09969640422551242,-0.1324569511304523,-0.02417364345142787,-0.019891255015476225,-0.19652123349129158,-0.2529749988037412,-0.18052164439312013,-0.2678291006942246,126.5,6,Syn
-0.3381275439263781,-0.3628865215463042,-0.1151121665649648,-0.14261585486632003,-0.14936677728903003,-0.06780954013070681,-0.09586451115255902,-0.05574786885704617,-0.2097883023356595,-0.26240310245228854,-0.18236368840784317,-0.2603169779895438,127.1,6,Syn
-0.3379591193122782,-0.3726481437065329,-0.11310968567955296,-0.13821944987329243,0.02818703071716382,0.1451878971957603,-0.003312776210524949,0.06167023115099124,-0.19560593099295104,-0.23678545353056543,-0.18880876340292382,-0.27857595164551113,127.1,6,Syn
-0.1205931194317669,-0.056060160829041035,0.19303339653883375,0.3485800358313932,-0.11594846903157136,-0.13210624184835604,-0.01150287021531606,-0.019533136525173404,-0.19050673260088005,-0.24758269644889733,-0.17418883844634087,-0.25998036921261275,127.2,6,Syn
-0.2739296951852754,-0.2803088437850784,-0.09774019503272703,-0.11879391286059507,-0.05683158329953198,-0.10428330546871874,0.042632549349984825,0.0378105867345658,-0.18442719705927063,-0.23954900848742292,-0.1686128090473711,-0.2559739037701163,127.4,6,Syn
0.5400571078368428,0.8169949211264135,0.8256785450737609,1.1757237659105322,0.15505471160946138,0.1753488954560394,0.24797252953288662,0.2641414726059486,-0.1444284778817881,-0.16965128921275927,-0.12896520254537497,-0.1743996401704348,127.5,6,Syn
-0.3391240562264696,-0.3738774524673826,-0.11521756029577594,-0.14542017937474022,-0.08984358993683919,0.05610773954330809,-0.061818694370310776,-0.0032387452163950524,-0.20276215131550315,-0.24497501273198455,-0.18371091698746003,-0.27155642715097333,127.5,6,Syn
-0.30306247496306626,-0.3492685122733359,-0.10881681908309881,-0.134992186894342,0.16003190645631693,0.17698553877248865,0.06073890066999387,0.07353290614227218,-0.1761629789755694,-0.21703614615594977,-0.18237616274654334,-0.25883918335911477,127.5,6,Syn
-0.32145350713048176,-0.36346019896803405,-0.11186038438262079,-0.1410938151475329,-0.03438341878616308,-0.096801507450665,-0.047568665339553146,-0.06152252951317916,-0.1982699430012791,-0.26190178684273663,-0.18557375156668335,-0.27617864035614853,127.6,6,Syn
-0.30872809184292893,-0.35728178419591167,-0.11318423246476084,-0.138507694563399,0.0613006127595089,0.05458799932089092,0.04450562017619265,0.05303062257243568,-0.18079489135532967,-0.22819989712496244,-0.1687084456440723,-0.2503254442938098,127.7,6,Syn
-0.340686662368397,-0.40207415304494615,-0.11346699613279075,-0.14201242673002212,-0.01528724263904383,0.03342853930108272,-0.03170265363520445,-0.022756202937898793,-0.19617438201823623,-0.24553530664854253,-0.18568602061498476,-0.27531659348839826,127.9,6,Syn
-0.2933359534987934,-0.3492867242549781,-0.10982705655160568,-0.13691022632757466,-0.02097546532116446,-0.01695669422674786,0.047884493039155804,0.0593424609640229,-0.19090898396199288,-0.24288970830569726,-0.18275455102044807,-0.25780472711781444,128.0,6,Syn
2.3146583758396058,2.8486644041918856,0.6440517293617467,0.9555694756837012,0.8633400109385173,0.8526854222779661,0.25583208162717047,0.2730049052409434,-0.12737976450480257,-0.14929113508700895,-0.13847896486069403,-0.20246131820824792,128.0,6,Syn
-0.3232406794245425,-0.37415973818283693,-0.11288090416632876,-0.1392107960972104,-0.015084091828968093,-0.010410120960950849,0.011928878551754472,0.02008372146457616,-0.18892422275506493,-0.24126359212681467,-0.17232600386711758,-0.2550708070515208,128.1,6,Syn
-0.3366865777835229,-0.3959685861993927,-0.11104808148173487,-0.13770222575646565,0.16805636345430852,0.24490623640513268,0.06356687034877824,0.10840469413550936,-0.1926336065641293,-0.23880335417741716,-0.17908709544260218,-0.25340418310720364,128.1,6,Syn
-0.324424330184745,-0.3659506874576073,-0.10955200461997659,-0.13409782019232905,-0.10467359907236796,-0.12357231598401351,-0.020647863072683712,-0.0160414812447209,-0.19525185344754034,-0.2478312478855659,-0.18499161576067608,-0.2649638211052261,128.1,6,Syn
-0.3348526208744344,-0.38134436494069185,-0.11133855688616559,-0.13263773961253678,0.03204689610860282,0.12928907640739612,-0.003018961178962936,0.05003138021614956,-0.19710895404285764,-0.24153320724455685,-0.18678792053349855,-0.2812031420996072,128.2,6,Syn
-0.17448899594375525,-0.1609657280836257,-0.07498543149271981,-0.07696341241222945,0.022905109655194666,0.02407629177851556,0.0840971956791739,0.08199345547567632,-0.1771312726711823,-0.22256746880587944,-0.16674165824234768,-0.24558829150626796,128.2,6,Syn
-0.3431381761958521,-0.4077790562943709,-0.11303513889434506,-0.14102916213292954,-0.062011928956463264,-0.025607523185122487,-0.04466724190287827,-0.022487614070171677,-0.19838796884974932,-0.2464536831433519,-0.18208509484353969,-0.266260996391936,128.4,6,Syn
-0.34718504539575396,-0.41533247568048065,-0.11438469276448784,-0.14314654836118917,-0.134739918963577,-0.08382526401310307,-0.07761125231676896,-0.04670537697689994,-0.20504799887056946,-0.2534552507322195,-0.18859669964502118,-0.2850782480193988,128.6,6,Syn
-0.34567390233035705,-0.41481343420367744,-0.11399139420804623,-0.13904646968509357,-0.06658282218316734,0.0883729934961648,-0.047568665339553146,0.038437294092595733,-0.20304637682814575,-0.24467169572452457,-0.18872975925782284,-0.27791915403198714,128.6,6,Syn
-0.23685288777576952,-0.2509283644007707,-0.1076729115169778,-0.13562794153794158,0.3878655399562556,0.4221313269577804,0.2372850077598184,0.282853163724271,-0.14428877381625188,-0.1659819959697366,-0.15468728894509684,-0.22065461210286288,128.6,6,Syn
-0.30070920882716956,-0.35997260448354934,-0.11165216749979877,-0.13762679723942842,-0.03153930744510276,-0.0611460637708777,0.034736270376755723,0.04322712890039596,-0.18735857374474554,-0.23516776282411225,-0.1812368398119291,-0.261671623067437,128.8,6,Syn
-0.2717354967404731,-0.32129490847088943,-0.11154677376898761,-0.13987887724811168,-0.057136309514645586,-0.0500402698378292,0.05504623443347987,0.06757918624098778,-0.18619276740475388,-0.23779651022209863,-0.17679181712177344,-0.25576865451589004,129.0,6,Syn
-0.3300431624495799,-0.369019406364321,-0.10875512519189229,-0.1334701471755549,-0.05764418653983493,-0.0834745547310068,-0.041068007766243614,-0.05167427102985158,-0.19864088138218552,-0.25645050618088666,-0.1822223125692414,-0.27446275659081704,129.0,6,Syn
-0.3372058870103311,-0.37164193172080034,-0.11325106751356791,-0.13879055150228867,-0.041392121733775995,0.07224036651973645,-0.041875999103039144,0.007907692794280248,-0.19818563882380036,-0.2427043479122495,-0.18383150226156156,-0.2669916837369815,129.1,6,Syn
-0.3342444208790734,-0.39376493642068433,-0.11561857058861837,-0.14238687543959985,-0.13707615327944797,-0.0488712388975083,-0.09270599956326739,-0.0451386085818251,-0.20687378648568036,-0.25193024022249016,-0.18600619530828877,-0.27585024154938653,129.1,6,Syn
1.9643211431271734,2.401951812480748,3.10500819669609,4.865484778701598,0.7759851626059505,0.8152764321876974,0.432818911264338,0.4778934465054448,-0.11620103057112217,-0.12248970728894902,-0.12494430737102465,-0.18150947433683215,129.2,6,Syn
-0.2833240458828511,-0.3101901526645472,-0.1080302219702156,-0.1342217384703188,0.1694784191248387,0.1796743099352267,0.07359330830083194,0.06748965661841208,-0.17624487446226303,-0.22371333305628377,-0.1694361154015814,-0.25139274041578635,129.3,6,Syn
-0.31066029644357573,-0.35443616206431516,-0.11330762024717389,-0.1390249186802258,0.05693287034288056,0.06639521181813197,0.025811638793059585,0.04765884521789337,-0.1838370678169195,-0.23007456474051363,-0.17969002181310972,-0.2651854902997905,129.4,6,Syn
-0.3348994054894622,-0.3899631852528714,-0.11561857058861837,-0.1447790369799237,0.033367376374095106,0.05634154573137227,0.010790345304451672,0.02008372146457616,-0.1959503737752213,-0.2510834802433311,-0.18176076203733563,-0.26813286959047944,129.5,6,Syn
-0.3245833978758394,-0.365882392526449,-0.11270867538671053,-0.14150328424002076,0.03489100744966313,0.059264123082174505,-0.011870139004768576,0.001372030346253767,-0.19511696676357435,-0.24743103794516733,-0.18616836171139078,-0.2749143049501148,129.5,6,Syn
-0.3467546269374985,-0.409422687637581,-0.11501448457055446,-0.14310883410267056,-0.12722333899077473,-0.07844772168762695,-0.08234901970070643,-0.07105743431749176,-0.20679429968977184,-0.26248735717658295,-0.18801872195191394,-0.27744297576218224,129.6,6,Syn
-0.3316853024370545,-0.389221047000951,-0.1121431480506507,-0.1384996129365736,0.32499036423781513,0.4410696281909789,0.09393999923650133,0.1581383994763136,-0.1821268973594937,-0.22356167455255377,-0.18382318603576145,-0.2645861624774498,129.7,6,Syn
-0.3311847070562574,-0.37111833724858656,-0.11269839307150945,-0.13871242910964296,0.010716061050650465,0.06978540154506256,-0.032951367519343,-0.006998989364574672,-0.1990985326313558,-0.24844209463670056,-0.18880876340292382,-0.27689290776085584,129.8,6,Syn
-0.25750829531052893,-0.2528588344548458,-0.11198377216503384,-0.1404526727527164,0.12478524090817661,0.08357996664084913,0.1622152671957241,0.16077952334229692,-0.1662584424672105,-0.20647481646564228,-0.15814683887794012,-0.23051478627589203,129.9,6,Syn
-0.327399831700511,-0.3934872037006405,-0.11246961155828525,-0.140045897535837,0.057237596557994166,0.07107133557941554,0.0010944492629052453,-0.0018062712551837686,-0.19190136456545687,-0.24500028914927288,-0.18869649435462243,-0.2712198183740423,129.9,6,Syn
-0.3375754854690505,-0.3915248626786915,-0.10896077149591404,-0.13355904507063449,-0.12153511630865411,-0.1360809470454471,-0.0408476464925721,-0.014474712849646059,-0.19711858880599806,-0.24597764395108832,-0.18129921150542985,-0.2631904675487113,130.0,6,Syn
-0.3276056840066332,-0.38044287184940206,-0.10685546745849132,-0.1274277841857504,-0.026054235573057874,0.01729591232465437,0.0023064362680985484,0.06162546633970339,-0.19246981559074205,-0.23314986217726053,-0.17305783173752673,-0.25502154723050646,130.0,6,Syn
-0.33734156239391166,-0.39745286270323343,-0.1108707115445161,-0.13526426833079777,-0.050026031161994805,-0.035894995459946365,-0.03486116522449609,-0.02101037529767254,-0.19783878735074498,-0.24805873564116088,-0.18645111338859433,-0.27979102723053056,130.2,6,Syn
-0.2806292520572517,-0.3236351481119144,-0.11530238939618492,-0.1434913644390737,0.0005585205468636316,-0.011462248807239655,0.09599670445743543,0.12138648940898662,-0.17428420016318616,-0.21596611115741043,-0.17744464084708161,-0.24379851800941504,130.6,6,Syn
-0.32223948866294827,-0.35078465974505046,-0.10605858803040702,-0.12270542024409757,0.20635029115358489,0.309319841216814,0.1034522608833215,0.18566875841834296,-0.17267278602794975,-0.19378184225068557,-0.18797714082291342,-0.26987338326631805,130.7,6,Syn
-0.32831681015505526,-0.3796187796800917,-0.11231537683026893,-0.13650345111069526,-0.16389206020944522,-0.10942704160613068,-0.1045320545836384,-0.09111206977444973,-0.20990873687491485,-0.26757212978775213,-0.18880876340292382,-0.28566115590140134,130.7,6,Syn
-0.28521414432997294,-0.37426901007269026,-0.10352399733333889,-0.12825211012194307,0.008278251329741625,-0.03308932120317622,0.0386293195449524,0.03615428871691525,-0.18377685054729181,-0.23330573341720523,-0.1746379146395465,-0.25760768783375726,130.7,6,Syn
-0.2819205074320181,-0.3054186134742861,-0.10675521488528072,-0.13448573827994914,0.08364720186783993,0.12928907640739612,0.0421918268026418,0.05589557049485825,-0.18240630549056608,-0.22795134568829387,-0.18045927269961934,-0.250021675397555,130.8,6,Syn
-0.2988331457645561,-0.35515553533918276,-0.10905845349032438,-0.13928891848985614,0.07968576107136308,0.047807619867029735,0.04524015775509769,0.05003138021614956,-0.1827411135096959,-0.22753849753925112,-0.16967728594978443,-0.2550133372603374,131.1,6,Syn
-0.3363403716323174,-0.399551793587499,-0.11276522812031652,-0.13674859379106627,0.05571396548242614,0.09936188433518121,0.004473322125868394,0.02558979325298203,-0.19325264009590173,-0.24195026812981432,-0.1862806307596922,-0.26543178940486195,131.2,6,Syn
-0.31516565487074977,-0.33361986704726027,-0.11351583712999593,-0.14032875447472662,0.04768950848443454,0.05236684053428123,0.005575128494225943,0.01596535882609372,-0.19310089257644,-0.24470118487802764,-0.18231379105304255,-0.2650623407472547,131.2,6,Syn
-0.34187031312859956,-0.3856833695669502,-0.11391684742283835,-0.13580304345249233,-0.050026031161994805,0.061719088056848385,-0.04360216241346597,0.014309060808443172,-0.20034382576725598,-0.243635362615703,-0.18626815642099204,-0.2775414954042108,131.3,6,Syn
-0.3455054777162571,-0.4027070194070132,-0.11174470833660856,-0.13103488362549548,-0.13768560570967517,-0.11983141697498664,-0.08183484339547291,-0.051763800652427285,-0.2070953860379102,-0.2603262234984307,-0.18625568208229187,-0.27606370077378184,131.4,6,Syn
-0.34148667928537185,-0.40522482586904984,-0.11550032396380586,-0.14280173228330464,-0.16785350100592208,-0.17115187525507394,-0.10636839853090099,-0.09648384712899205,-0.2097786675725191,-0.2661229485298878,-0.1873367914363054,-0.2838467524940413,131.4,6,Syn
-0.30693624108736545,-0.34587197769706224,-0.11060337134928781,-0.13906802068996135,0.022295657224967458,0.02910312482189541,-0.0056265695840758,-0.007446637477453198,-0.18890495322878406,-0.24224937240105957,-0.17438426975264332,-0.26504592080691664,131.4,6,Syn
-0.33947494083917784,-0.3966378765247442,-0.10710481360211771,-0.1245264801554252,-0.05673000789449412,-0.04174015016155084,-0.03644042101914191,-0.03721523698387519,-0.19837833408660888,-0.2536827384878145,-0.18505398745417684,-0.272984961960388,131.4,6,Syn
-0.32183714097370947,-0.36845483493341225,-0.11093754659332317,-0.1399273670090642,0.0014726991922044466,0.0015139946303222825,-0.0009255290790835938,0.006206629965341849,-0.19400896900242526,-0.24652529965900216,-0.1834115328586563,-0.2766548186259534,131.6,6,Syn
-0.3063935395530433,-0.3067936180882736,-0.10998900301602282,-0.13436451387756784,0.17343985992131555,0.26197408813381773,0.07465838779024424,0.11256782158527966,-0.17585466655507576,-0.2095796030558922,-0.17400172336583855,-0.2510889715195315,131.7,6,Syn
-0.3196616563749182,-0.37170112066113753,-0.11204546605624037,-0.139202714470385,0.0876086426643168,0.11350715871306405,0.034185367192576956,0.05741757407864524,-0.18646735815425605,-0.23179336111612012,-0.18290840119774998,-0.26603932719737167,131.9,6,Syn
-0.31456681179839435,-0.38436300089788944,-0.11021521395044676,-0.135687206801328,0.15566416403968858,0.20176899470729165,0.05515641507031563,0.0722794914262123,-0.17825372257704206,-0.21735210137205388,-0.18400198489046368,-0.27093246941812554,131.9,6,Syn
-0.33786087162071987,-0.3811394801472169,-0.11252616429189123,-0.13881479638276492,0.006754620254173601,0.17184180263507673,-0.01128250894164455,0.071160371144016,-0.19227952901871861,-0.22073071581626075,-0.18226805181114197,-0.26892102672670826,131.9,6,Syn
-0.327839607081772,-0.3851825400717892,-0.11097867585412752,-0.1365869612545579,-0.031031430419913422,-0.056002327633465764,-0.041178188403079366,-0.03488746679690685,-0.19779302222582795,-0.2524652577217599,-0.18421404864836632,-0.2644383830144069,132.1,6,Syn
-0.32009675329467646,-0.35679461368698234,-0.11338216703238178,-0.13967414270186773,0.379841082958264,0.4814011956320498,0.07862489071633141,0.10728557385331305,-0.1896323778458863,-0.23738366207305592,-0.17860059623329608,-0.2719012458980734,132.1,6,Syn
-0.2843158797214398,-0.34228421731354536,-0.11064707118889244,-0.1344480240214305,0.732409313844705,0.8586474800736027,0.32333608512854295,0.4083289297641219,-0.14822939194068652,-0.16697620171641095,-0.1787294977331977,-0.2450546434452797,132.1,6,Syn
-0.3283589163085803,-0.3596265768323472,-0.11156990897819007,-0.13716075675916262,0.03367210258920871,0.1519682766496215,-0.013706482952031156,0.03306551673805342,-0.19414144699560612,-0.23216829463923036,-0.181390689989231,-0.26351065638530424,132.3,6,Syn
-0.301705721127261,-0.3363835352614668,-0.10971909224199426,-0.1327454946368757,0.11279934311370815,0.16307407058267,0.04101656667639375,0.04873320068880183,-0.1787378694248485,-0.2210887983945121,-0.18318283664915344,-0.2531578840021321,132.3,6,Syn
-0.327526150161086,-0.38607948016766847,-0.10963169256278502,-0.13714728738112025,0.5683650347085476,0.7449007695803795,0.41133368708136586,0.5239116725093573,-0.16000548118907337,-0.19603986886177643,-0.16408046598631437,-0.2333143861035381,132.4,6,Syn
-0.32632378555487235,-0.36614191326485057,-0.11038744273006497,-0.13666238977159514,0.07450541541443179,0.16026839632589984,0.040575844129050735,0.05952152020917431,-0.1824159402537065,-0.22200717488932145,-0.18367765208425962,-0.27308348160241663,132.4,6,Syn
-0.33712167470328114,-0.36371061371561453,-0.10849292615426455,-0.1241089294361119,0.15993033105127907,0.4257553228727752,0.037343878781868595,0.1508865000476815,-0.1843717971712132,-0.20018098856084796,-0.1834988532295574,-0.2651198105384381,132.4,6,Syn
-0.34730200693332336,-0.4190659319171353,-0.11279607506591978,-0.13435104449952548,-0.1488589002638407,-0.007253737422084432,-0.08936385357924949,-0.02445726576683719,-0.20850928752876785,-0.25428515976651966,-0.18587729380838713,-0.2703741914466301,132.4,6,Syn
-0.320966947134193,-0.37974171055617667,-0.11111491653054194,-0.13823830700255174,0.03560203528492821,0.04652168583267675,0.025113828093099803,0.018293129013062057,-0.19014542898311404,-0.24462535562616264,-0.17420962901084114,-0.2565321817416117,132.5,6,Syn
-0.29962848422002814,-0.3342618394001485,-0.11162646171179605,-0.137618715612603,0.3432739371446314,0.3930224565437901,0.12299096048219536,0.1542886257055583,-0.16950535764553437,-0.20697191933897943,-0.17655896279937053,-0.2534534429282179,132.5,6,Syn
-0.25466379071684064,-0.25213490818456763,-0.10673207967607827,-0.1274978249515707,0.05276827873632796,-0.004681869353378463,0.0648155842329168,0.07098131189886459,-0.16848648144343423,-0.21393557230191454,-0.1618683499234867,-0.229857988662368,132.6,6,Syn
-0.3247845717204588,-0.3867943004471255,-0.10590692388119098,-0.12889594639236807,0.048095810104586016,0.06464166540765062,0.04685614042868876,0.05419450766591985,-0.1828446872134555,-0.23228203851702783,-0.18475044521247305,-0.26543999937503104,132.7,6,Syn
-0.31994236406508486,-0.33273203294220216,-0.11383201832242937,-0.14276940577600297,0.006449894039059995,-0.023386364398512785,-0.0014397053843171164,0.011623172131172015,-0.18978171667456292,-0.23684443183757153,-0.17028852854609208,-0.24924172823149524,132.8,6,Syn
-0.33438477472415673,-0.40087671525197033,-0.1139297003168397,-0.14224948778356775,0.0021837270274695252,0.03658492283994914,-0.009335984357546213,-0.01022205577730006,-0.19363803062151883,-0.24621776991532746,-0.17927836863600458,-0.26293595847347073,133.0,6,Syn
-0.33742577470096163,-0.39052320368836957,-0.11127429241615878,-0.13553096201603657,-0.11930045739782101,-0.1513952523636508,-0.044116338718699494,-0.04809308612682337,-0.20000179167577084,-0.25677909960563494,-0.18522031197017894,-0.26570271842044063,133.0,6,Syn
-0.3384176085395503,-0.3939880331958015,-0.11095039948732453,-0.13222557664444046,-0.10304839259176207,-0.10627065806726425,-0.0660422854490147,-0.06904301780953839,-0.20083278999663265,-0.2545210729945441,-0.18613093869529032,-0.27979102723053056,133.0,6,Syn
-0.32540212863882534,-0.38362086264596906,-0.11196577811343195,-0.1376672053735555,0.03986820229651868,0.040559628037040184,0.001498444931303013,0.013279470148822562,-0.1918893211115313,-0.24460429194508904,-0.1825715940528458,-0.2679440402765913,133.1,6,Syn
-0.33263035166061544,-0.3421112034879443,-0.11245161750668334,-0.13594851273534986,-0.037735407152412734,0.15594298184671254,-0.05013954686572076,0.039869768053807014,-0.20158430152158596,-0.24071593641890082,-0.1802472089417167,-0.2613021744098298,133.2,6,Syn
-0.30989770721862314,-0.3865666506765978,-0.11434870466128404,-0.14056850940388071,-0.0073643610460900994,0.17032206241265954,-0.045622140755454815,0.041794654939184675,-0.20054133841163474,-0.23994921842782146,-0.18678792053349855,-0.2753248034585673,133.2,6,Syn
-0.3307496101364992,-0.3584883279797086,-0.11336160240197961,-0.14139552921568185,-0.030421977989686214,-0.03671331711817099,-0.022080211351548525,-0.010132526154724354,-0.19687049365513207,-0.2505737391613498,-0.18820999514531633,-0.27056302076051825,133.4,6,Syn
-0.291249359668555,-0.3285523831553132,-0.10530797902072762,-0.126673499015378,-0.06282453219676622,-0.10112692192985231,-0.005957111494583066,-0.010714468701466438,-0.1928865190965655,-0.25110875666061944,-0.173960142236838,-0.2495126572470739,133.4,6,Syn
-0.3384971423850975,-0.3772330100849612,-0.11373176574921877,-0.13791773580514347,-0.05835521437510001,0.07890384287956555,-0.04283089795561569,0.01287658684723189,-0.19973442699862398,-0.2421019266335443,-0.18801872195191394,-0.2737813290667859,133.7,6,Syn
-0.3285975178452219,-0.3884925677352623,-0.10604830571520593,-0.13282361702952142,0.5251954875674536,0.6368823106947289,0.2306741695496731,0.29100035937866015,-0.15817728488317737,-0.18899617391076165,-0.17538221684865582,-0.25933999153942683,133.7,6,Syn
-0.3232172871170286,-0.35496430953193947,-0.11161874997539523,-0.13926736748498836,0.18217534475457223,0.23812585695127148,0.06330978219616148,0.09161788990256464,-0.18436938848042808,-0.2280735150385208,-0.18610599001789002,-0.26819854935183185,133.8,6,Syn
-0.3244009378772311,-0.35383516667012194,-0.11309169162795105,-0.1377372461393758,0.029609086387693977,0.037753953780270036,-0.0048920320051707685,0.015159592222912372,-0.19364043931230393,-0.24021883354556367,-0.18676297185609822,-0.27050555096933493,134.1,6,Syn
-0.26434352756608576,-0.3253470743862829,-0.10291991131527499,-0.1273361924150623,-0.016404572094460383,-0.023737073680609056,0.07407075772712021,0.0954228988620321,-0.18032519665223384,-0.22630837856455238,-0.1734570105759317,-0.2521070078204937,134.2,6,Syn
-0.30570112725063237,-0.3215271112368277,-0.10816389206782974,-0.13130696506195122,0.16836108966942212,0.2345018610362767,0.07800053377426214,0.10021273366983234,-0.18253396610217673,-0.2310140049163966,-0.17700803899257617,-0.25283769516553917,134.3,6,Syn
-0.27266183211802286,-0.2802906318034362,-0.10625652259802797,-0.1357087578061958,0.3736449832509541,0.383787112115255,0.1627294435009576,0.20487286246083172,-0.16006088107713085,-0.19782185628060375,-0.1665836499521457,-0.231163373919247,134.4,6,Syn
-0.24655133847102575,-0.3063064475793443,-0.10822558595903627,-0.13578957407444997,0.05022889361038125,0.06873327369877376,0.12457021627684119,0.1567506903263902,-0.1702351909534217,-0.2107591691960143,-0.17366907433383438,-0.24476729448936294,134.4,6,Syn
-0.3167703671662022,-0.36810425428679955,-0.10729246585453756,-0.13210704611766766,0.0616053389746225,0.12543127430433718,0.009357997025586859,0.019680838162985485,-0.19007798564113104,-0.24610402603752998,-0.18430552713216747,-0.27344472028985484,134.4,6,Syn
-0.24683204616119234,-0.34348620810193176,-0.1101560906380405,-0.13552018651360268,0.0020821516224316565,-0.028647003629956813,0.058976010480621795,0.06704200850553355,-0.18821847635502864,-0.2405937670686739,-0.16052943756966995,-0.23981668247742574,134.7,6,Syn
-0.3421650562032745,-0.38248261379333043,-0.1130865504703505,-0.13613977790355142,-0.10711140879327681,0.01975087729932825,-0.06651973487530298,-0.00543222096949983,-0.20337636746570537,-0.24837890359347975,-0.18374002377776041,-0.26502129089640947,135.0,6,Syn
-0.34503763156597944,-0.41352948949790114,-0.11385515353163182,-0.14221985515187452,-0.14357697920187154,-0.024321589150769502,-0.0806228563902796,-0.02392008803138296,-0.20601147518461216,-0.2533204431733484,-0.18846779814511957,-0.28493867852652494,135.0,6,Syn
-0.33088528552007973,-0.39409275209024425,-0.11108406958493867,-0.1365869612545579,-0.053987471958471665,-0.0544825874110486,-0.04349198177663022,-0.0417364829239483,-0.20191188346836048,-0.25752054117942597,-0.18880876340292382,-0.2849961483177083,135.1,6,Syn
-0.33423974241757065,-0.37037164600125566,-0.11112005768814248,-0.13550941101116878,-0.015084091828968093,0.1105845813622618,-0.029572494656379854,0.03467704994441611,-0.19703428462851932,-0.23570278032338193,-0.1841724675193658,-0.2701361023117277,135.4,6,Syn
-0.33754273623853104,-0.3568173786640351,-0.11390399452883698,-0.13942900002149672,-0.1457100627076668,-0.0221004303641598,-0.07992504569031983,-0.0025672730470772632,-0.2060668750726696,-0.24361008619841468,-0.18880876340292382,-0.28365792318015315,135.4,6,Syn
-0.27734029362079965,-0.30916572869717246,-0.11113291058214383,-0.13897104116805634,0.2625214901395261,0.35421062932513636,0.17415150285293088,0.2380435876251305,-0.16003920286006487,-0.182601240336814,-0.16462933688912126,-0.22679566978931234,135.7,6,Syn
-0.3086766287663984,-0.3478388717144218,-0.11185267264621998,-0.13924581648012055,0.17628397126237585,0.18703920485924835,0.08674153096323202,0.11632806573345927,-0.1766254476063099,-0.2177818004659555,-0.18291255931065004,-0.26678643448275524,136.1,6,Syn
-0.34062584236886095,-0.4113622636824772,-0.10876797808589365,-0.13300141281968061,-0.05154966223756283,-0.04653317701686651,-0.041875999103039144,-0.04912267678644398,-0.1978460134231003,-0.2547569862225685,-0.18379823735836112,-0.2717780963455377,136.2,6,Syn
-0.3198066886815043,-0.38238244789429826,-0.10881167792549827,-0.13472818708471168,0.15089012000290877,0.15874865610348268,0.0488761187706776,0.06426659020568669,-0.18103094305227013,-0.22334682500560296,-0.17103698886810142,-0.2540527707505586,136.4,6,Syn
-0.2937616934955461,-0.3678720515208613,-0.10761892936217209,-0.13476051359201335,0.08273302322249912,0.11245503086677525,0.029043604140241725,0.04953896729198318,-0.18982748179947995,-0.23511299725332088,-0.1806006485382211,-0.27420003754540745,136.4,6,Syn
-0.2928961781175324,-0.28939206962913455,-0.1052822732327249,-0.1292219053409933,0.2827349957420619,0.3056958453018192,0.14039950110224464,0.16364447126471948,-0.1687996112454981,-0.2085727591005737,-0.17501630291345124,-0.25466851851323735,136.6,6,Syn
-0.3350678301035621,-0.3717056736565481,-0.11193493116782868,-0.1366974101545053,-0.14225649893637926,-0.12006522316305082,-0.07529745894321811,-0.06322359234211755,-0.20458793893061405,-0.25772696525394734,-0.1832119434394538,-0.271999765540102,136.6,6,Syn
-0.3361158054801841,-0.3666063187967271,-0.11355953696960054,-0.14031259122107578,-0.07298207270055304,-0.050975494590085914,-0.05234315960243586,-0.03936394792569211,-0.19838074277739398,-0.24716142282742515,-0.18755717142000816,-0.2782065029879039,136.7,6,Syn
-0.32403133941851175,-0.362162595276026,-0.11187323727662216,-0.13757291972725896,0.03458628123454953,0.055990836449276,0.017621544788268474,0.03673623126365733,-0.1883774499468457,-0.23632626528316075,-0.18145721979563184,-0.2635024464151352,136.7,6,Syn
-0.30063435344312517,-0.3590073694565118,-0.10747754752815714,-0.13099716936697686,-0.02940622393930753,-0.07704488455924188,-0.015212284988786472,-0.033499757646983416,-0.1944931158502317,-0.24731729406736985,-0.1813657413118307,-0.26462721232829506,136.7,6,Syn
-0.3381743285414059,-0.4007537843758854,-0.11367007185801224,-0.14214712051044576,0.003402631887923945,0.04079343422510436,-0.020060233009559687,0.002849269118752903,-0.19571191338749572,-0.24621355717911275,-0.18403109168076404,-0.27329694082681194,136.7,6,Syn
-0.32328278557806744,-0.371696567665727,-0.10758808241656882,-0.13410859569476294,0.04596272659879078,0.044183623952034956,0.028272339682391442,0.04600254720024282,-0.1866287404368582,-0.2343799811519593,-0.18320362721365369,-0.2752344937867078,136.8,6,Syn
-0.325869974789103,-0.38730878892851817,-0.1094774578347687,-0.13523732957471304,0.029913812602807583,0.025128419624804367,-0.00628765340509033,0.0027149746848893455,-0.1866648707986348,-0.23464959626970147,-0.17936568900690567,-0.26513623047877616,136.9,6,Syn
-0.23118727089590685,-0.2409481984608354,-0.09561432636490214,-0.11779717888546014,1.2536942924990453,1.4874692228722124,0.806625085169109,0.9721417279346255,-0.11356592285221541,-0.13653918256504613,-0.14370155466315937,-0.16313556109849808,136.9,6,Syn
-0.2986085796124228,-0.35310668740443324,-0.11104036974533404,-0.1385292455682668,0.05733917196303204,0.06008244474039914,0.02210222401958917,0.02970815589146447,-0.18864481462399255,-0.2392414787437482,-0.17976486784531065,-0.26135143423084406,137.1,6,Syn
-0.33792637008175874,-0.36526318515061357,-0.11376775385242258,-0.1411234477792261,-0.02006128667582364,0.12344392170579166,-0.036587328534922914,0.022769610141847318,-0.19986690499180484,-0.24204716106275292,-0.18482944935757403,-0.27000474278902287,137.2,6,Syn
-0.32403133941851175,-0.364839756577432,-0.11200176621663575,-0.13841340891710247,-0.037836982557450605,0.01191836999917825,-0.045622140755454815,-0.033723581703422684,-0.19964530543957504,-0.2550139631316665,-0.18759875254900868,-0.28092400311385946,137.3,6,Syn
-0.3447194961837906,-0.4016507244717646,-0.11468545048411966,-0.14370687448775152,-0.07328679891566665,-0.014384826158041894,-0.05917435908625266,-0.03551417415493679,-0.20223464803356478,-0.2525410869736249,-0.18521199574437883,-0.27479115539757903,137.5,6,Syn
-0.3438539808057769,-0.3901498580647041,-0.11406594099325412,-0.13700181809826273,-0.13260683545778176,-0.015904566380459055,-0.08146757460602039,-0.008476228137073808,-0.20678466492663142,-0.2488001772149519,-0.18391882263246265,-0.2646518422388022,137.7,6,Syn
-0.3292150747635884,-0.35763236484252436,-0.11133598630736531,-0.13483324823344212,-0.03804013336752634,0.0336623454891469,-0.021712942562096008,0.03525899249115819,-0.1960900778407575,-0.23720251441582288,-0.18621410095329136,-0.28015226591796877,137.7,6,Syn
-0.06748322445224507,-0.003814538492928937,0.0784884051987161,0.16101355884025761,0.11208831527844307,0.08334616045278495,0.11575576532998079,0.11574612318671719,-0.17002804354590254,-0.21556590121701186,-0.16112820582727744,-0.24878196990202842,137.7,6,Syn
-0.3326443870451238,-0.36651070589310547,-0.11348499018439266,-0.13870704135842601,-0.06130090112119819,-0.019294756107389652,-0.042243267892491665,-0.023561969541080138,-0.20051243412221345,-0.2522167062850913,-0.18857175096762085,-0.27272224291497843,137.8,6,Syn
-0.29886589499507554,-0.3546501528486112,-0.10809705701902267,-0.13722540977376596,0.21579680382210664,0.1954562276295588,0.0749889297007515,0.10182426687619503,-0.17701324682271208,-0.2206675247730399,-0.18331173814905505,-0.25721360926564285,137.8,6,Syn
-0.32297868558038695,-0.3577507427231988,-0.11165216749979877,-0.13999202002366753,-0.010513198602264018,-0.0399866037510695,-0.016240637599253517,-0.015638597943130227,-0.1938837170815997,-0.24749422898838816,-0.17911204412000248,-0.26791941036608413,137.9,6,Syn
-0.3332245162714681,-0.3970021161575885,-0.11105322263933541,-0.13931046949472392,-0.10436887285725437,-0.0979705383909859,-0.05476713361282246,-0.057583226119848126,-0.20104234609493693,-0.25728462795140156,-0.18067965268332212,-0.27305885169190947,138.0,6,Syn
-0.2531994322664715,-0.30071992221059396,-0.010579579651906356,0.06312350697957304,0.06576993058117511,0.09036034609471032,0.08593353962643648,0.13696464373715933,-0.17546686733867356,-0.2124569018905472,-0.17286240043122428,-0.2298744086027061,138.0,6,Syn
-0.3173083902390215,-0.3884925677352623,-0.10902246538712057,-0.13737357293223196,0.03803984500583705,0.015542365914173026,-0.004194221305210988,-0.010624939078890734,-0.19186041682211005,-0.24615457887210665,-0.17994782481291294,-0.2614006940518584,138.2,6,Syn
-0.3408831577515137,-0.3867396645021988,-0.11263669918030292,-0.1388848371485852,-0.08263173617915054,-0.020580690141742637,-0.053151150939231395,-0.01501189058510029,-0.20250683009228185,-0.2525284487649807,-0.1875904363232086,-0.2829436557754458,138.3,6,Syn
-0.32957063783779944,-0.35735463212248053,-0.1148268323181346,-0.14252426309563196,-0.15160143619986313,-0.14122468318285902,-0.09931683777341267,-0.08095045761210719,-0.2103519359793745,-0.26779119207091767,-0.18880876340292382,-0.2858828250959657,138.3,6,Syn
-0.3263752486314029,-0.3600044754514232,-0.11199148390143467,-0.13776418489546052,-0.0356023236466175,0.007359149331926758,-0.01943587606749041,0.01184699618761128,-0.19403787329184655,-0.23950266838906095,-0.1882474181614168,-0.2724759438099069,138.4,6,Syn
-0.33021626552518263,-0.389762853454807,-0.11445923954969572,-0.14523699583336408,-0.07156001703002289,0.16950374075443492,-0.05105771883935205,0.05893957766243223,-0.20275010786157763,-0.23502452979281171,-0.1864012160337937,-0.27875657098923023,138.5,6,Syn
-0.3346327331838039,-0.3401124385027109,-0.1143795516068873,-0.1409456519890669,-0.14205334812630352,-0.11538909940176724,-0.09292636083693889,-0.08533740911831675,-0.206955681972374,-0.26145944954019085,-0.18593550738898787,-0.27273045288514747,138.7,6,Syn
-0.3061970441699267,-0.37935470594627957,-0.11080130591690876,-0.13858312308043624,0.03143744367837561,0.057861285953789435,-0.008968715568093697,-0.019085488412294876,-0.18926866553733518,-0.24159218555156295,-0.18064222966722163,-0.270677960342885,138.8,6,Syn
-0.3008214919032362,-0.3390151666087673,-0.11168815560300258,-0.1418184676862121,0.12691832441397186,0.16903612837830656,0.050345193928487665,0.07339861170840863,-0.18657093185801563,-0.23668013512519737,-0.1876403336780092,-0.27219680482415926,138.8,6,Syn
-0.33016012398714933,-0.3681497842409051,-0.1106959121860976,-0.13332737176830584,-0.02432745368741411,0.06394024684345809,-0.032951367519343,0.027380385704496135,-0.1966055376687703,-0.23799450882419057,-0.18880876340292382,-0.28592387494681093,139.0,6,Syn
-0.31187201797279496,-0.37528888104465447,-0.11243876461268199,-0.13928083686303072,0.1767918482875652,0.21170575770001926,0.07568674040071129,0.1045996851760419,-0.17792132324869733,-0.2138555303138348,-0.1858024477761862,-0.2564665019802593,139.2,6,Syn
-0.34096737005856365,-0.39927861386286573,-0.11294516863633555,-0.13956099992631188,-0.10345469421191356,-0.09750292601485755,-0.06685027678581025,-0.06850584007408417,-0.20322461994624366,-0.2597701423180874,-0.18693345448500037,-0.27656450895409385,139.3,6,Syn
-0.3337906101133041,-0.3505524569791122,-0.11199148390143467,-0.13366410621936492,-0.1335210141031226,-0.10510162712694336,-0.07518727830638236,-0.06711813092416073,-0.20439765235859064,-0.2580429204700515,-0.18513714971217787,-0.2764003095507129,139.5,6,Syn
-0.34038256237071657,-0.410761268288284,-0.11561857058861837,-0.14291487505886052,-0.16866610424622502,-0.1350288191991583,-0.09645214121568305,-0.08632223496664951,-0.20964618957933823,-0.26481278756710935,-0.18738668879110604,-0.28043140490371643,139.5,6,Syn
-0.3208874132886458,-0.3739047704398459,-0.10575268915317466,-0.12779953901971963,0.115237152834617,0.16926993456637074,0.04634196412345524,0.06780301029742705,-0.18442960575005574,-0.22851585234106658,-0.18384813471316175,-0.2608013662295177,139.5,6,Syn
-0.3012706242075028,-0.38154924973416676,-0.11112005768814248,-0.13317382085862287,0.0956330996623084,0.1510330518973648,0.03998821406592671,0.03382651852994691,-0.18709120906759868,-0.23866012114611662,-0.18133247640863026,-0.2670409435579958,139.7,6,Syn
-0.2998015872956309,-0.3623310561062165,-0.034866408156875646,0.00462330426597774,-0.01406833777858941,-0.05635303691556203,-0.024981634788223402,-0.03439505387274047,-0.19427151629800188,-0.25105399108982807,-0.17998108971611337,-0.2740440481121955,139.8,6,Syn
-0.32863026707574133,-0.3784896368182742,-0.11381402427082747,-0.13955561217509493,-0.06475446489248571,-0.028179391253828456,-0.056419843165358786,-0.02817274510372896,-0.20110738074613482,-0.2549844739781635,-0.1824135857626438,-0.2686993575321439,140.0,6,Syn
-0.3399615008354666,-0.4058622452265275,-0.11561857058861837,-0.14698262722765443,-0.16439993723463456,-0.1473036440725277,-0.09744376694720484,-0.08466593694899896,-0.20971363292132122,-0.2668686028398936,-0.18865907133852194,-0.2796514577376567,140.0,6,Syn
-0.2912306458225439,-0.37747887183713114,-0.11217913615385451,-0.13813055197821283,0.05429190981189599,0.030622865044312574,0.019714976888147814,0.010593581471551405,-0.18786439880961797,-0.24070329821025666,-0.18179402694053604,-0.2573531787585167,140.0,6,Syn
-0.298164125769659,-0.3052091756854006,-0.11135655093776749,-0.13831912327080592,0.16186026374699855,0.2581162860307588,0.052401899149421755,0.10066038178271086,-0.1822352884448235,-0.22159011400406398,-0.17837605813669327,-0.2577062074757859,140.0,6,Syn
-0.338277254694467,-0.36539522201751967,-0.11308140931274996,-0.1382329192513348,-0.009599019956923202,0.18668849557715209,-0.04389597744502799,0.05155338379993655,-0.19957063602523673,-0.235837587882253,-0.18505398745417684,-0.26387189507274245,140.1,6,Syn
-0.15946645605833903,-0.1713055806609948,-0.01077237306192675,0.028130062825511382,0.08141254295700683,0.047690716772997646,0.024709832424702035,0.03490087400085538,-0.1864143669569837,-0.2378639140015342,-0.16988934970768707,-0.25534994603726846,140.1,6,Syn
-0.33289702396627374,-0.36421144321077553,-0.11144652119577701,-0.13667047139842056,-0.0929924274930131,-0.0901380310908359,-0.06405903398597113,-0.06532753847264663,-0.20201304848133497,-0.26072643343882923,-0.1868003948721987,-0.27759075522522514,140.4,6,Syn
-0.19770820038203632,-0.20043109230231151,0.2326228806418219,0.40345697585159257,0.5809603849332433,0.6597953171250184,0.3160274362184379,0.33742146868416334,-0.1720898828579539,-0.21937421475512034,-0.1675566483707579,-0.24163929585495486,140.6,6,Syn
-0.3305297224458687,-0.39053686267460125,-0.11291175111193202,-0.14120157017187182,-0.031031430419913422,-0.014384826158041894,-0.03526516089289385,-0.04030400896273702,-0.19703669331930443,-0.25212823882458213,-0.18552385421188272,-0.27600623098259847,140.7,6,Syn
-0.30938775491482046,-0.3571998302785217,-0.10654699800245869,-0.12843798753892768,0.27623416981963833,0.3559641757356177,0.11766556303513388,0.14855872986071317,-0.171482892780107,-0.20337424261160705,-0.17800598608858864,-0.25869140389607187,140.8,6,Syn
-0.3114041718225173,-0.37016220821237017,-0.10640304558964346,-0.1324868825784623,0.21153063681051618,0.22059039284645804,0.07161005683778834,0.08441075528522037,-0.17832839199138037,-0.22271070183717998,-0.1724632215928193,-0.2455308217150846,141.1,6,Syn
-0.2713658982817537,-0.24246889892796056,-0.10219757867239856,-0.12258150196610783,0.23854969455058916,0.23532018269450133,0.092140382168184,0.1269820908199682,-0.1701990605916451,-0.20447797949986415,-0.17407656939803948,-0.2550133372603374,141.1,6,Syn
0.12996188634944275,0.32484798821335326,0.1495957559718385,0.2694555214593301,0.24809778262414878,0.25285564679931477,0.10796966699358745,0.1194168377123211,-0.16470242822003153,-0.2018408066294483,-0.17014299459459026,-0.24514495311713924,141.2,6,Syn
-0.33021626552518263,-0.3843447889162472,-0.11162646171179605,-0.1397468773432965,0.013153870771559306,0.06545998706587525,-0.017746439636008835,0.0019987377042837034,-0.19586606959774255,-0.2486611569198661,-0.18130752773122996,-0.2705876506710254,141.2,6,Syn
-0.3374023823934477,-0.3864938027500289,-0.10966253950838828,-0.13502720727725215,0.05581554088746401,0.10637606997710658,0.0007639073523979806,0.025858382120709147,-0.19096438385005032,-0.2360103100670566,-0.18298324722995093,-0.2591101123746934,141.4,6,Syn
-0.3409533346740553,-0.4027388903748871,-0.11183467859461807,-0.13848614355853123,0.06861404192223543,0.15021473023914017,0.029300692292858487,0.07791985764848174,-0.18854605830180315,-0.22960695102067952,-0.18389387395506232,-0.27152358727029713,141.5,6,Syn
-0.3299402362965188,-0.3882922359371979,-0.10477329863027106,-0.12178950253721682,0.0033010564828860767,-0.006201609575795626,-0.027258701282829003,-0.03363405208084698,-0.1928503887347889,-0.2462809609585483,-0.17558596438075835,-0.25852720449269084,141.5,6,Syn
-0.26555057063380216,-0.3073672955100034,-0.10717936038732559,-0.13247341320041994,0.132200245475941,0.09936188433518121,0.03767442069237586,0.02433637853692216,-0.18637101052285177,-0.23806612533984084,-0.17069186549739712,-0.2647996217018451,141.5,6,Syn
-0.3279051055428109,-0.35432689017446184,-0.10953915172597523,-0.1348655747407438,-0.10406414664214077,-0.1091932354180665,-0.018701338488585375,0.005758981852463323,-0.19398006471300397,-0.24296132482134752,-0.17659638581547102,-0.25420876018377053,141.7,6,Syn
-0.3270161978572833,-0.3764726598513986,-0.11213800689305016,-0.13904108193387663,0.05205725090106288,0.06733043657038869,0.00528131346266393,0.0036550357219342503,-0.1909186187251333,-0.24615036613589192,-0.18210588540803996,-0.26747607197695544,141.7,6,Syn
-0.2988331457645561,-0.3419791666210382,-0.10063466676183323,-0.11732575065397739,0.2930956870559245,0.34848237771756396,0.13169523079222,0.17604432399145467,-0.1680794127007512,-0.20200089060560775,-0.17457970105894577,-0.25721360926564285,142.0,6,Syn
-0.31815519177102414,-0.37711918519969734,-0.10913814143313282,-0.1378153685320215,-0.004012372679840444,-0.00281141984886503,-0.006618195315597594,-0.01107258719176926,-0.19722938858211297,-0.2521493025056557,-0.1875280646297078,-0.2749143049501148,142.2,6,Syn
-0.3357228147139509,-0.3702942450792762,-0.11387314758323372,-0.1385669598267854,-0.020670739106050853,-0.009357993114662044,-0.022263845746274782,-0.02047319756221831,-0.19279258015594636,-0.24287285736083838,-0.18446353542236946,-0.2685105282182558,142.2,6,Syn
-0.31259250104422254,-0.37038075199207676,-0.1122716769906643,-0.13753251159313187,-0.12051936225827543,-0.058223486420075465,-0.07904360059563378,-0.04827214537197478,-0.20274769917079252,-0.25385546067261805,-0.18164433487613418,-0.2751770239955244,142.6,6,Syn
-0.3003115395994336,-0.3000779498577058,-0.10984762118200786,-0.13815749073429756,0.16490752589813462,0.17616721711426403,0.06364032410666876,0.07948662604355658,-0.18349985110700454,-0.2272267550593617,-0.17668786429927216,-0.2590608525536791,142.7,6,Syn
-0.3246442178753755,-0.36582775658152233,-0.1137189128552174,-0.14156524337901563,0.00126954838212871,-0.013215795217720998,-0.019619510462216667,-0.02221902520244456,-0.19427633367957212,-0.24801239554279894,-0.18587729380838713,-0.27423287742608365,142.9,6,Syn
-0.2880446135391529,-0.30994429091237724,-0.11185267264621998,-0.14239495706642527,-0.05317486871816872,-0.08499429495342396,0.04344054068678036,0.047345491538878404,-0.18695632238363272,-0.2369202610894365,-0.17502461913925133,-0.25730391893750243,142.9,6,Syn
-0.3166534056286328,-0.37183315752804363,-0.1076909055685797,-0.13003545577475206,-0.07481042999123468,-0.12158496338546798,0.023938567966851752,0.041794654939184675,-0.18686238344301356,-0.23487287128908174,-0.17107856999710197,-0.25470135839391356,142.9,6,Syn
-0.31847800561471573,-0.35921225424998676,-0.10737215379734599,-0.12849725280231408,0.24393319101759617,0.3006690122584394,0.09878794725727455,0.12129695978641092,-0.17600400538375235,-0.21528786062684022,-0.18170670656963495,-0.2507934125934457,143.3,6,Syn
-0.25228245381192727,-0.2675240326722416,-0.10551619590354964,-0.1316652505178781,0.10213392558473197,0.1294059795014282,0.05401788182301283,0.056253688985161074,-0.17999761470545933,-0.22530153460923388,-0.16462933688912126,-0.24994778566603354,143.3,6,Syn
-0.32050845790692084,-0.37945487184531174,-0.1108244411261112,-0.1335078614340735,-0.09380503073331606,-0.1381852027380247,-0.0045247632157182525,7.385081890604113e-05,-0.19560833968373614,-0.25227147185588267,-0.17694982541197543,-0.25063742316023374,143.4,6,Syn
-0.29920742268477823,-0.33246795920839,-0.10923839400634341,-0.13609398201820738,0.24362846480248257,0.287108253350717,0.11046709476186456,0.1491854372187431,-0.1709120330640367,-0.2056659711124157,-0.17631779225116753,-0.25085088238462905,143.5,6,Syn
-0.32979052552842997,-0.3873315539055709,-0.10976536266039916,-0.13672165503498154,-0.06475446489248571,-0.05284594409459935,-0.04051710458206484,-0.036678059248420956,-0.1986673769808217,-0.2554731513790712,-0.18809772609701494,-0.27779600447945135,143.5,6,Syn
-0.33033322706275203,-0.3867123465297355,-0.11224083004506104,-0.1392404287289036,0.013763323201786515,0.04102724041316854,0.014463033198976833,0.036960055320096594,-0.19057658463364816,-0.23705085591209288,-0.1797024961518099,-0.26153205357456316,143.7,6,Syn
-0.33357540088417637,-0.3982268719230277,-0.11312253857355431,-0.13984385686520154,0.12295688361749499,0.22047348975242595,0.02478328618259254,0.054597390967510526,-0.18750550388263706,-0.23356271032630327,-0.18269217932694728,-0.271663156763171,143.8,6,Syn
-0.31886163945794344,-0.3643161621052183,-0.10707653723531471,-0.12674623365680676,0.13890422220844031,0.16891922528427447,0.07050825046943081,0.10701698498558594,-0.1803420574877296,-0.22203245130660978,-0.1832784732458546,-0.2681903393816628,143.9,6,Syn
-0.33566199471441477,-0.3821365861421283,-0.11219970078425669,-0.13624753292789032,-0.07359152513078025,0.02992144648012004,-0.03853385311902125,0.011265053640869195,-0.1979929435609918,-0.24232520165292454,-0.18176907826313574,-0.268715777472482,144.1,6,Syn
0.12150322795242235,0.29669226459448467,0.16416065545417932,0.310022594247322,1.0499340299930815,1.1629462338391319,0.6188772800009827,0.7032395065284949,-0.1497950409510059,-0.18050329770188256,-0.15336085092998025,-0.23121263374026127,144.2,6,Syn
-0.26650029831886585,-0.2743171018247888,-0.05584747232469522,-0.03829821580381937,0.016404283732771092,-0.0011747765324157766,0.15457607637511175,0.17770062200910522,-0.17167077066134534,-0.213232045354056,-0.16515741722742786,-0.23547360825799826,144.3,6,Syn
-0.3063140057074961,-0.3487950007506382,-0.11025377263245083,-0.13571953330862968,0.3083319978116047,0.33223284764710354,0.12673710213461103,0.15554204042161818,-0.175770362377597,-0.21685499849871673,-0.17853822453979531,-0.26140890402202743,144.4,6,Syn
-0.3066836041662155,-0.36690681649382373,-0.11185524322502025,-0.14100761112806176,-0.002285590794196682,-0.00772134979821279,-0.004451309457827749,-0.009461053985406566,-0.19322373580648045,-0.24708559357556015,-0.18399366866466357,-0.2607767363190106,144.6,6,Syn
-0.32970631322137994,-0.39893713920707413,-0.11357238986360191,-0.14106418251583971,-0.11605004443660923,-0.04513033988848144,-0.08635224950573886,-0.045049078959249395,-0.2070592556761336,-0.2532530393939128,-0.18462570182547147,-0.27660555880493914,144.7,6,Syn
-0.3354421070237843,-0.3973435908133801,-0.1113745449893694,-0.13820059274403312,-0.05033075737710841,-0.053196653376695616,-0.0430512592292872,-0.04572055112856718,-0.19818563882380036,-0.25359005829109055,-0.18877134038682336,-0.2804067749932093,144.8,6,Syn
-0.3449019561823989,-0.40589411619440136,-0.11390399452883698,-0.1400943872967895,-0.04047794308843518,0.16704877577976104,-0.04929482864997997,0.04559966389865215,-0.1998066877221772,-0.23250952627262284,-0.18809772609701494,-0.2691919557422869,144.9,6,Syn
-0.33794508392776984,-0.40756051251466424,-0.11115347521254601,-0.13325733100248552,-0.06719227461339455,-0.05167691315427845,-0.03706477796121119,-0.014340418415782501,-0.2004160864908092,-0.250645355677,-0.1848668723736745,-0.2782557628089182,144.9,6,Syn
-0.3339216070353818,-0.3841262451365406,-0.11147222698377973,-0.13735202192736418,-0.040782669303548784,-0.009357993114662044,-0.044336699992371005,-0.024188676899110077,-0.19868423781631744,-0.24577543261278167,-0.18535752969588065,-0.2726647731237951,145.0,6,Syn
-0.34133229005578025,-0.40010725902758665,-0.11332047314117526,-0.14045536662832486,-0.16693932236058126,-0.1269625057109441,-0.1021080805732518,-0.0777273911993818,-0.2086634437390147,-0.25974065316458433,-0.1854905893086823,-0.27255804351159746,145.0,6,Syn
-0.26897988291533753,-0.22923789426488939,-0.10913300027553227,-0.1382329192513348,0.0555108146723504,0.030856671232376752,0.03128394375590207,0.021740019482226706,-0.17607385741652046,-0.21867490054347652,-0.1715775435451082,-0.2459413202235371,145.4,6,Syn
-0.29008910121586634,-0.2831089359625694,-0.10990674449441412,-0.13426214660444588,0.1328096979061682,0.21638188146130283,0.07161005683778834,0.10191379649877073,-0.17569810165404381,-0.21487079974158277,-0.18411425393876507,-0.26693421394579814,145.5,6,Syn
-0.32385355788140624,-0.35938982107099837,-0.1105134010912783,-0.13507569703820466,0.1495696397374165,0.21310859482840433,0.060151270606869846,0.10276432791323993,-0.18061664823723178,-0.22246636313672613,-0.18805198685511437,-0.2812606118907905,145.6,6,Syn
-0.3324011070469794,-0.3947665954110063,-0.10877568982229446,-0.13410051406793752,-0.007973813476317308,-0.011345345713207566,-0.03335536318774077,-0.039453477548267814,-0.19875890723065576,-0.25744049919134626,-0.1817191809083351,-0.27125265825471845,145.9,6,Syn
-0.3335099024231375,-0.38152648475711404,-0.11259814049829885,-0.13976842834816428,-0.11818312794240446,-0.13117101709609932,-0.0736447493906818,-0.0724451434674152,-0.2039159142015693,-0.25874223468169527,-0.18613093869529032,-0.27633462978936046,145.9,6,Syn
-0.2908189412102995,-0.30799560887665994,-0.11136683325296858,-0.13465006469206597,0.18491788069059467,0.17254322119926926,0.05886582984378604,0.06677341963780643,-0.18157530716970427,-0.2316543408210343,-0.17244658914121908,-0.2540117208997133,145.9,6,Syn
-0.34070069775290535,-0.3899495262666397,-0.11520984855937513,-0.14076516232329922,0.018029490213376985,0.15676130350493717,-0.02465109287771614,0.026485089478739083,-0.19771112673913432,-0.24094763691071053,-0.1855862259053835,-0.27328052088647387,145.9,6,Syn
-0.3019536795869082,-0.32632141540414156,-0.10818445669823192,-0.13046108812089077,-0.06434816327233424,-0.08744925992809785,-0.014037024862538421,-0.031351046705166495,-0.19492908888233604,-0.25227147185588267,-0.1734570105759317,-0.25979153989872455,145.9,6,Syn
-0.27842569668944384,-0.34847629107189937,-0.10201506757757926,-0.12118876827652739,-0.019350258840558562,-0.028296294347860546,0.04737031673392228,0.06046158124621922,-0.184593396723443,-0.22957324913096175,-0.1752449991229541,-0.24754226440650187,145.9,6,Syn
-0.012403697180054215,0.037790733568717455,-0.03609257424460536,-0.028740345144957876,0.4861905320329121,0.5290976579971423,0.1614440027378738,0.17873021266872582,-0.17081327674184735,-0.21104984799483012,-0.17465038897824667,-0.26030055804920565,146.0,6,Syn
-0.31919848868614337,-0.36011830033668707,-0.11365721896401088,-0.14176459017404264,0.03986820229651868,0.07644887790489167,0.014095764409524317,0.032170220512296364,-0.18581219426070703,-0.2253815765973136,-0.18369844264875987,-0.26206570163555143,146.0,6,Syn
-0.29306928119313513,-0.35366670583993143,-0.11238478245787627,-0.1395205917921848,0.23601030942464246,0.3280243362619483,0.09452762929962535,0.14399271910935219,-0.17902691231906132,-0.21547322102028799,-0.18880876340292382,-0.27203260542077823,146.1,6,Syn
-0.3083444579997013,-0.3400031666128576,-0.10561130731915971,-0.13570067617937037,-0.07115371540987142,-0.08604642279971277,0.008880547599298587,0.0022225617607229665,-0.19054045427187155,-0.2479281408185045,-0.1724964864960197,-0.2613678541711822,146.3,6,Syn
0.5771152014003376,0.6620655932960673,0.39819643174613784,0.5684218364876413,0.4659770264303763,0.44960355405532143,0.15123393039109387,0.15196085551858995,-0.15031531816058896,-0.18519207310886787,-0.1523421132694675,-0.23961964319336856,146.4,6,Syn
-0.3417439946680246,-0.3927997013936468,-0.11379860079802584,-0.13834336815128218,-0.04758822144108596,0.19522242144149463,-0.01697517517815855,0.1467233725979112,-0.19828198645520462,-0.2234310797298974,-0.18648022017889468,-0.27892077039261126,146.8,6,Syn
-0.31254571642919476,-0.36254959988592317,-0.10892478339271024,-0.13736279742979807,-0.008380115096468783,-0.0221004303641598,0.01780517918299473,0.023754435990180074,-0.18968536904315866,-0.2404421085649439,-0.1726544947862217,-0.2538311015559942,147.1,6,Syn
-0.25669892147054857,-0.2523079220101687,-0.10180428011595696,-0.12063382990118199,0.1845115790704432,0.22433129185548492,0.30662535520845347,0.37556108790141374,-0.13623170314006985,-0.1477576991048502,-0.14535648359738007,-0.18387394574551857,147.1,6,Syn
-0.3333508347320431,-0.3633919040368757,-0.10926667037314641,-0.1258330098255345,-0.009903746172036808,0.1664642603096006,-0.020243867404285944,0.06569906416689797,-0.19467617634989984,-0.22820410986117717,-0.18355290869725807,-0.26897849651789163,147.1,6,Syn
-0.31313520257854466,-0.3304919592002094,-0.11184239033101889,-0.13977112222377275,0.007668798899514415,0.0037351534169319835,0.0009108148681789871,0.014488120053594582,-0.19211332935454625,-0.24128044307167354,-0.1833408449393554,-0.2654564193153691,147.2,6,Syn
-0.2914832827436938,-0.3606236828272586,-0.1119786310074333,-0.13478206459688113,0.09228111129605875,0.09036034609471032,-0.0004848065317405744,0.014801473732609552,-0.18888327501171812,-0.2413857614770416,-0.17564833607425914,-0.26816570947115564,147.3,6,Syn
-0.3240547317260256,-0.38067052161992976,-0.1122716769906643,-0.14151136586684618,0.34916531063682776,0.38787872040637816,0.09474799057329687,0.11212017347240114,-0.17984345849521252,-0.22607246533652794,-0.1746212821879463,-0.2662856263024432,147.4,6,Syn
-0.16239049449757453,-0.1627732672616158,-0.10140584040191482,-0.12423554158971013,0.2917752067904322,0.2768207810758931,0.04230200743947756,0.03525899249115819,-0.18609401108256451,-0.23491499865122895,-0.17661717637997126,-0.2590526425835101,147.6,6,Syn
-0.32179503482018446,-0.37694617137409625,-0.11017151411084213,-0.13582190058175164,-0.06566864353782653,-0.10264666215226949,0.007962375625667298,0.009026813076476565,-0.18773192081643708,-0.24040840667522614,-0.1767377616540728,-0.2572710790568262,147.8,6,Syn
-0.3072496980080515,-0.36014561830915043,-0.11128200415255961,-0.1353801049819621,-0.011427377247604833,-0.05296284718863144,0.05971054805952682,0.07715885585658824,-0.180982769236568,-0.22814934429038577,-0.17236342688321804,-0.23299419726694515,148.0,6,Syn
-0.3443265054175573,-0.40581216227701133,-0.11426130498207479,-0.13997046901879975,-0.15373451970565838,-0.06102916067684561,-0.08969439548975676,-0.05342009867007783,-0.20886818245574876,-0.2660092046520903,-0.18196035145653813,-0.2654892591960453,148.0,6,Syn
-0.33745852393148107,-0.35778261369107267,-0.11510702540736426,-0.1427963445320877,-0.11422168714592759,-0.017307403508844132,-0.08275301536910419,-0.03609611670167887,-0.2070303513867123,-0.2587632983627689,-0.18737005633950582,-0.27942978854309236,148.0,6,Syn
-0.2279965601510131,-0.2610451202030227,-0.03418777535360385,-0.01760925113074827,-0.05154966223756283,-0.09025493418486799,-0.01036433696801326,-0.020249373505779045,-0.18937223924109478,-0.2426453696052434,-0.17782302912098635,-0.2634531865941209,148.2,6,Syn
-0.3253693794083059,-0.39956089957832014,-0.11200176621663575,-0.13846728642927192,-0.09410975694842966,-0.10825801066580978,-0.07412219881697006,-0.08139810572498572,-0.20387737514900758,-0.26508240268485156,-0.1851953632927786,-0.2777877945092823,148.3,6,Syn
-0.32980456091293825,-0.375753286576531,-0.11374975980082067,-0.14114769265970237,0.08913227373988483,0.16178813654831703,0.040906386039558,0.0833363998143119,-0.18403458046129825,-0.22181760175965898,-0.18243853444004413,-0.2698323334154728,148.5,6,Syn
-0.30298761957902187,-0.3345486781110134,-0.10862916683067897,-0.13395235090947152,0.014880652657203067,-0.028880809818020995,0.09203020153134825,0.11288117526429463,-0.18607715024706875,-0.2356775039060936,-0.16811383549936484,-0.24884764966338083,148.6,6,Syn
-0.3393065162250779,-0.39370119448493657,-0.11528953650218356,-0.14428875161918164,-0.05317486871816872,0.054471096226858834,-0.0602027116967197,-0.04370613462061382,-0.20230450006633288,-0.2523178119542446,-0.18450095843846992,-0.27323947103562857,148.7,6,Syn
0.07809178366815675,0.2522413704012417,0.011717620861652454,0.06388048602555389,0.3080272715964911,0.3528077921967513,0.3388715549223844,0.41191011466715005,-0.12969451634929013,-0.14174612452644225,-0.14688666914459922,-0.20298675629906712,148.7,6,Syn
-0.315642857944033,-0.3511853233411793,-0.11108406958493867,-0.1356171660355077,0.2387528453606649,0.29809714418973343,0.09864103974149355,0.15545251079904246,-0.17875954764191448,-0.21487079974158277,-0.1795112229584075,-0.2585682543435361,148.8,6,Syn
-0.2820140766620736,-0.3275279591879385,-0.10892478339271024,-0.13309569846597716,0.3933506118283005,0.4707630140751296,0.16305998541146488,0.22358455357915413,-0.16120982658162675,-0.18820417950239396,-0.17911204412000248,-0.25394604113836095,148.8,6,Syn
-0.33301398550384315,-0.38755920367609864,-0.10936692294635701,-0.13479284009931503,0.14875703649711355,0.2133424010164685,0.05251207978625751,0.07554732265022555,-0.18448982301968342,-0.2265232281115032,-0.18275039290754802,-0.26723798284205297,149.0,6,Syn
-0.2927277535034324,-0.35399452150949134,-0.11091698196292099,-0.13403586105333418,0.06617623220132658,0.07083752939135136,0.022359312172205933,0.013100410903671152,-0.18901575300489898,-0.2447180358228865,-0.17717436350857824,-0.2668274843336005,149.1,6,Syn
-0.33063264859892977,-0.3848547244022293,-0.111503073929383,-0.13613439015233447,0.1081268744819662,0.17581650783216776,0.02482001306153779,0.06310270511220252,-0.18962274308274588,-0.23287182158708888,-0.18403940790656415,-0.2641017742374759,149.1,6,Syn
-0.34726457924130116,-0.42362803331851084,-0.11331276140477443,-0.13752712384191493,-0.10162633692123192,-0.006786125045956074,-0.07434256009064158,-0.015638597943130227,-0.20467224310809282,-0.25054846274406145,-0.18852601172572028,-0.28079264359115463,149.3,6,Syn
-0.32997298552703824,-0.390436696775569,-0.10961369851118312,-0.13512688067476566,0.10995523177264784,0.1530204044959103,0.0431099987762731,0.07268237472780298,-0.1843091712108004,-0.22399558638267011,-0.1812077330216287,-0.2681739194413247,149.3,6,Syn
-0.3430820346578187,-0.39561800555278,-0.11362123086080707,-0.1392916123654646,-0.10091530908596684,-0.009591799302726222,-0.06993533461721138,-0.019488371713885552,-0.20371599286640543,-0.24307928143535976,-0.18312046495565265,-0.265604198778412,149.3,6,Syn
-0.32922443168659393,-0.38795531427681684,-0.11086299980811529,-0.1377965114027622,-0.013865186968513674,-0.009124186926597864,-0.012310861552111595,-0.004492159932454926,-0.1932044662801996,-0.2421777558854093,-0.1812867371667297,-0.2661378468394003,149.3,6,Syn
-0.26145223835736975,-0.2876072954281972,-0.11110206363654057,-0.13577341082079913,0.013966474011862252,-0.007955155986276968,0.11120163234076959,0.14466419127866997,-0.1705170077752792,-0.20800403971158626,-0.16903693656317642,-0.2287742726000534,149.4,6,Syn
-0.17585978516406883,-0.13545529479828922,0.11357680582242807,0.2514496568922979,0.5332199445654452,0.6410908220798841,0.11274416125647016,0.1415306544885203,-0.19504229734923606,-0.25354793092894334,-0.1788750316846995,-0.2699554829680086,149.5,6,Syn
-0.2973828226986953,-0.3618939685468033,-0.1078014404569914,-0.13479014622370655,0.25591908881206465,0.2814969048371767,0.13022615563440992,0.17018013371274598,-0.16534313996886993,-0.19778394165467125,-0.15799298870063821,-0.22843766382312236,149.6,6,Syn
-0.29552079502059014,-0.3494597380805792,-0.10447768206823978,-0.13362908583645478,0.4789786782752235,0.5785476667727162,0.22358588191323955,0.27475073288116963,-0.15817246750160716,-0.18838532715962697,-0.1770828850247771,-0.2536504822122751,149.7,6,Syn
-0.295544187328104,-0.3144836273367,-0.10833869142624823,-0.13248418870285383,-0.05490165060381248,-0.08312384544891054,0.027464348345595906,0.032662633436462744,-0.18798724203965841,-0.235428952469425,-0.17787292647578698,-0.25070310292158615,149.7,6,Syn
-0.3324806408925266,-0.3814490838351346,-0.11353383118159782,-0.13936973475811032,0.0058404416088327854,0.09597169460825061,-0.010731605757465776,0.05374685955304132,-0.19559147884824038,-0.23460325617133954,-0.18833058041941786,-0.28296007571578385,149.8,6,Syn
-0.3082649241541541,-0.35484593165126505,-0.11314567378275676,-0.1400539791626624,0.15901615240593825,0.20714653703276775,0.04347726756572561,0.04148130126016971,-0.1875199560273477,-0.23976807077058843,-0.18360280605205867,-0.272648353183457,149.8,6,Syn
-0.3295940301453133,-0.3754937658381294,-0.11386800642563318,-0.142074385869017,-0.00919271833677173,-0.008422768362405327,-0.007462913531338382,-0.0010900342745781269,-0.1928479800440038,-0.24141525063054464,-0.18354459247145796,-0.2656370386590882,149.8,6,Syn
-0.3249296040270449,-0.3683182450710956,-0.11027176668405274,-0.14051463189171126,0.1357553846522664,0.14659073432414538,0.06459522295924529,0.06914595463606263,-0.18253637479296184,-0.23076966621594272,-0.17904967242650172,-0.26219706115825625,150.0,6,Syn
-0.26003934298353115,-0.24381203257407413,-0.1108064470745093,-0.14041226461858927,0.034992582854701,0.023725582496419293,0.12288077984535961,0.1466338429753355,-0.17548854555573953,-0.21658959611718925,-0.16919078674047833,-0.21357761781714174,150.1,6,Syn
-0.33323855165597643,-0.369939111437253,-0.11331276140477443,-0.1415679372546241,0.07084870083306852,0.11701425153402673,0.02070660261966961,0.04676354899213632,-0.18972631678650548,-0.23339841361392913,-0.1841475188419655,-0.2666468649898814,150.2,6,Syn
-0.2886434566115083,-0.3556791298113965,-0.10666267404847093,-0.13419479971423406,0.019349970478869275,0.008878889554343922,0.027023625798252886,0.02384396561275578,-0.18910969194551813,-0.23862641925639883,-0.1756608104129593,-0.2660229072570336,150.2,6,Syn
-0.31623234409338286,-0.37380915753622423,-0.11418161703926635,-0.14195316146663572,0.10457173530564082,0.10777890710549166,0.049169933802239614,0.04783790446304478,-0.18782585975705626,-0.2388707579568527,-0.18132831829573023,-0.2749307248904529,150.3,6,Syn
-0.3244430440307561,-0.3836937105725379,-0.11062907713729053,-0.1400243465309692,-0.0519559638577143,-0.08324074854294262,-0.047715572855334155,-0.03761812028546586,-0.19992471357064742,-0.2566358665743344,-0.18880876340292382,-0.2834608838960959,150.3,6,Syn
-0.34499552541245443,-0.4071279779506616,-0.11535637155099063,-0.14357218070732788,-0.10772086122350402,-0.0026945167548329406,-0.07504037079060136,-0.01998078463805193,-0.20637037011159307,-0.24822303235353504,-0.18819336269371614,-0.2852260274824417,150.5,6,Syn
-0.31026262721583975,-0.35732276115460665,-0.11027947842045355,-0.13768336862720634,-0.02209279477658101,-0.06360102874555158,-0.01671808702554179,-0.01653389416888728,-0.19518441010555734,-0.25027884762631925,-0.18146969413433198,-0.26795225024676034,150.6,6,Syn
-0.34645988386282356,-0.40893096413324115,-0.11431014597927995,-0.13896026566562245,-0.12143354090361624,0.017880427794814815,-0.07669308034313768,-0.024009617653958665,-0.2058838145730015,-0.2519723675846374,-0.1870706722107021,-0.28033288526168787,150.6,6,Syn
-0.2895838273735664,-0.3241496365933071,-0.10114621194308734,-0.12043178923054654,0.25419230692642086,0.2612726695696252,0.14278674823368598,0.17774538682039306,-0.1645506807005698,-0.19634739860545114,-0.16949432898218214,-0.24196769466171686,150.7,6,Syn
-0.3346327331838039,-0.38954430967510034,-0.10793768113340581,-0.1346770034481507,-0.069934810549417,-0.10299737143436576,-0.03688114356648493,-0.06304453309696614,-0.19719807560190658,-0.2550476650213843,-0.18305809326215186,-0.2740029982613503,150.8,6,Syn
-0.2992822780688227,-0.3141558116671401,-0.11059823019168727,-0.1340924324411121,0.07714637594541636,0.08708705946181182,0.028272339682391442,0.027380385704496135,-0.18593985487231768,-0.23828940035922108,-0.17224284160911651,-0.26222990103893246,150.8,6,Syn
0.23229387479967892,0.47044367545206284,-0.009201749414960596,0.0249890038660321,0.39619472316936083,0.4052972814171595,0.13529446492885466,0.1610928770213119,-0.16342100472235474,-0.19916993186931473,-0.1694111667241811,-0.2433469696501173,150.8,6,Syn
-0.08024138897031731,-0.033477303592691056,-0.07287241571889627,-0.08215451070975653,0.22869688026191592,0.22631864445403044,0.26828249358961076,0.3252454400138674,-0.1422221171226303,-0.16430532695627734,-0.15113626052845242,-0.21177963435011976,151.0,6,Syn
-0.34305396388880205,-0.39137461383014327,-0.11313539146755568,-0.13897104116805634,-0.13128635519228948,-0.11948070769289038,-0.08334064543222822,-0.07951798365089591,-0.20615599663171855,-0.26003133196340017,-0.18552801232478278,-0.27618685032631757,151.1,6,Syn
-0.3430726777348132,-0.3934963096914616,-0.11465460353851639,-0.13984385686520154,-0.16876767965126288,-0.15326570186816424,-0.10012482911020822,-0.09088824571801048,-0.20862249599566787,-0.2626179519992393,-0.18810188420991497,-0.28203234908668123,151.1,6,Syn
-0.3047280072580548,-0.3616754247670967,-0.10737215379734599,-0.13021055768930279,0.34032825039853326,0.36379668303576773,0.15292336682257543,0.2090807547218899,-0.16129413075910548,-0.1863800647214194,-0.17100372396490102,-0.24855209073729503,151.1,6,Syn
-0.31595631486471903,-0.36266797776659754,-0.10917670011513689,-0.13296639243677047,-0.09796962233986865,-0.04910504508557248,-0.05829291399156662,-0.03072433934713656,-0.2061295010330824,-0.2590329134805111,-0.1810871477475272,-0.2727961326464999,151.1,6,Syn
-0.34630081617172914,-0.41760442039034734,-0.11461861543531258,-0.13956369380192035,-0.11787840172729086,-0.053079750282663526,-0.08491990122687404,-0.04187077735781186,-0.20671722158464842,-0.2587295964730511,-0.18611014813079005,-0.2795529380956281,151.1,6,Syn
-0.3311706716717491,-0.38736797786885535,-0.106729509097278,-0.12779145739289421,-0.0035044956546511023,0.09994639980534166,-0.012531222825783105,0.040138356921534134,-0.19390780398945076,-0.23446423587625373,-0.1779768792982883,-0.2653332697628334,151.2,6,Syn
-0.3171399656249216,-0.3464319961325605,-0.109423475679963,-0.12905757892887643,0.0391571744612536,0.05622464263734018,0.006383119831021478,0.016099653259957276,-0.19276126717573996,-0.24368591545027968,-0.18198530013393843,-0.2722050147943283,151.3,6,Syn
-0.3389837023813863,-0.3756440146866777,-0.10044187335181283,-0.10736110477823652,0.041391833372086705,0.25297254989334683,0.004363141489032639,0.09627343027650132,-0.19142444379000573,-0.2246864751218845,-0.18149880092463236,-0.2601117287353175,151.4,6,Syn
-0.3075210487752125,-0.3323222633552523,-0.11104036974533404,-0.1370530017348237,0.12752777684419905,0.10696058544726704,0.055413503222932384,0.0755920874615134,-0.17868487822757617,-0.21774809857623773,-0.17966923124860945,-0.25093298208631953,151.5,6,Syn
-0.29102011505491887,-0.3370528255868183,-0.1059043533023907,-0.13380688162661397,0.1293561341348807,0.11689734843999464,0.038372231392335636,0.0387506477716107,-0.17766841071626113,-0.22448847651979256,-0.17392271922073754,-0.2605961169752915,151.7,6,Syn
-0.3142954610312333,-0.3872814709560548,-0.11288090416632876,-0.1420043451031967,0.2499261399148304,0.32510175891114607,0.0784779832005504,0.10710651460816165,-0.18372385935001947,-0.22878125472259406,-0.183469746439257,-0.26930689532465363,151.7,6,Syn
-0.2962974196300511,-0.34298993160218133,-0.10855462004547108,-0.13182688305438647,0.24830093343422452,0.34228651373386326,0.10304826521492373,0.14529089863669992,-0.1772348463749419,-0.21524994600090772,-0.17084987378759908,-0.2517457691330555,151.8,6,Syn
-0.3288969393813996,-0.37323092711908384,-0.11059051845528646,-0.13629063493762592,-0.02818731907885311,-0.04898814199154039,-0.030307032235284886,-0.024815384257140014,-0.19778579615347264,-0.25073803587372395,-0.18472549653507273,-0.27797662382317045,151.9,6,Syn
-0.3075678333902403,-0.31117359967322694,-0.11136169209536803,-0.1366381448911189,-0.0904530423670664,-0.128131536651265,0.001498444931303013,0.0024463858171622295,-0.19183392122347387,-0.24135627232353854,-0.17642590318656887,-0.25040754399550036,152.0,6,Syn
-0.31217143950897264,-0.3340432956204418,-0.10663182710286767,-0.12468003106510814,0.03621148771515542,0.04126104660123272,0.014095764409524317,0.028723330043131715,-0.1896685082076629,-0.2384831862250983,-0.18203519748873906,-0.2637159056395305,152.0,6,Syn
-0.3144171010303055,-0.3728940054587028,-0.109981291279622,-0.13469586057741,-0.0968522928844521,-0.09715221673276128,-0.026744524977595482,-0.02087608086380898,-0.19485682815878283,-0.24992919052049734,-0.18309551627825232,-0.2628702787121184,152.1,6,Syn
-0.334211671648554,-0.3767412865806213,-0.1101920787412443,-0.1333812492804753,-0.010208472387150412,0.09807595030082823,-0.015322465625622228,0.03212545570100851,-0.19719807560190658,-0.2453878608810273,-0.1847795520027734,-0.2671969329912077,152.1,6,Syn
-0.315684964097558,-0.35274700076699944,-0.11253901718589258,-0.13938859188736963,0.30955090267205915,0.42026087745326696,0.10598641553054386,0.16700183211130845,-0.1778081147817973,-0.2103884484091188,-0.18001019650641373,-0.2604975973332629,152.2,6,Syn
-0.3215845040525595,-0.3589481805161746,-0.11311739741595377,-0.14172418203991555,-0.025546358547868533,-0.06593909062619337,-0.0328779137614525,-0.04630249367530927,-0.19957545340680694,-0.2554099603358504,-0.17846337850759436,-0.25559624514234,152.2,6,Syn
-0.3163305917849412,-0.3607056367446486,-0.11218170673265479,-0.13803896020752474,0.030827991248148397,0.0549387086029872,0.018098994214556744,0.038661118149034994,-0.1906946104821184,-0.24063589443082112,-0.18046758892541945,-0.2710966688215065,152.5,6,Syn
-0.305855516480224,-0.3646621897564204,-0.10464476969025746,-0.1251002756600299,-0.04261102659423041,-0.06161367614700606,0.010202715241327646,0.015204357034200224,-0.1921663205518186,-0.24562798684526643,-0.1794239025875064,-0.26365843584834714,152.5,6,Syn
-0.33188647628167395,-0.3458765306924728,-0.11367521301561279,-0.14212018175436103,-0.058558365185175744,-0.025607523185122487,-0.04922137489208947,-0.028307039537592515,-0.2013169368444391,-0.25329516675606006,-0.18574007608268542,-0.27805051355469196,152.6,6,Syn
-0.3319145470506906,-0.3870720331671693,-0.11060594192808809,-0.13523732957471304,-0.013154159133248595,-0.016489081850619505,-0.03240046433516423,-0.034260759438876916,-0.19965012282114525,-0.2553214928753412,-0.18618915227589106,-0.2740933079332098,152.6,6,Syn
-0.34037788390921375,-0.3988324203126314,-0.11454663922890497,-0.14078401945255853,-0.1479447216184999,-0.12275399432578889,-0.09733358631036909,-0.07790645044453322,-0.20816725343728268,-0.2612066853673075,-0.18336995172965578,-0.27120339843370417,152.9,6,Syn
-0.32844312861563024,-0.38773677049711025,-0.11158790302979196,-0.1400162649041438,-0.09390660613835393,-0.016138372568523237,-0.05395914227602693,-0.027411743311835463,-0.20082315523349223,-0.24847579652641832,-0.18666733525939702,-0.2811292523680857,152.9,6,Syn
-0.3242231563401256,-0.3455623740091446,-0.11022292568684756,-0.12829521213167863,-0.03895431201286716,-0.011111539525143386,-0.03390626637191955,-0.02329338067335302,-0.19471712409324665,-0.24219460683026817,-0.18671723261419765,-0.27530017354806013,153.0,6,Syn
-0.3024308826601914,-0.36792668746578794,-0.11145423293217782,-0.13937512250932726,0.1328096979061682,0.17289393048136553,0.07370348893766769,0.08794717537696073,-0.1815584463342085,-0.23055902940520664,-0.17301209249562616,-0.249529077187412,153.3,6,Syn
-0.3265343163224973,-0.3722747980828674,-0.1112460160493558,-0.13821944987329243,0.040376079321708024,0.07516294387053868,0.00370205766801811,0.016099653259957276,-0.19068497571897797,-0.2371140469553137,-0.18304561892345173,-0.2661050069587241,153.3,6,Syn
-0.321406722515454,-0.3791225031803413,-0.11014066716523886,-0.1390437758094851,-0.10030585665573963,-0.12415683145417396,-0.042022906618820154,-0.06031387960840714,-0.2004594429249411,-0.2617543410752214,-0.18434295014826796,-0.27369101939492635,153.6,6,Syn
-0.3461604623266458,-0.4088854341791356,-0.11381145369202719,-0.13898989829731564,-0.110057095539375,0.0059563122035416844,-0.06519756723327393,0.014353825619731026,-0.2036365060704969,-0.23815459280035,-0.18686276656569947,-0.2807680136806475,153.8,6,Syn
-0.3400129639119972,-0.3802379870559271,-0.11113548116094411,-0.13342704516581932,-0.06902063190407619,0.01671139685449392,-0.06721754557526276,-0.037125707361299484,-0.2034558542616139,-0.2497648938081232,-0.18880876340292382,-0.28199950920600503,153.9,6,Syn
-0.23093463397475691,-0.23001190348468364,0.006288558435478116,0.07340064242589676,0.08517083294340796,0.07867003669150137,0.04344054068678036,0.0524486800256936,-0.178477730820057,-0.21902877038551316,-0.17631363413826748,-0.2522383673431985,154.2,6,Syn
-0.305415741098963,-0.3758534524755632,-0.10927438210954722,-0.13769953188085718,0.14032627787897048,0.12893836712529985,0.05111645838633795,0.0532096818175871,-0.1862433499112411,-0.23830203856786525,-0.177153572944078,-0.2620082318443681,154.2,6,Syn
-0.17748321130553235,-0.1619218571198421,-0.011677216799622473,0.01877153896167688,0.09492207182704332,0.10684368235323494,0.047884493039155804,0.0515086189886487,-0.17835007020844632,-0.22111828754801516,-0.17553606702595773,-0.2532646136143298,154.2,6,Syn
-0.3415428208234052,-0.39337337881537665,-0.11142338598657456,-0.1370530017348237,-0.10954921851418566,-0.09703531363872919,-0.03724841235593744,0.0017301488365565878,-0.19757864874595346,-0.24159218555156295,-0.18453006522877027,-0.2721721749136521,154.3,6,Syn
-0.2624253583499473,-0.28074593134449166,-0.11049797761847667,-0.13984655074081,0.3182863875053158,0.3303623981425901,0.1484059607123095,0.16257011579381103,-0.16222388540215668,-0.19836951198851757,-0.16992677272378753,-0.24755868434683997,154.4,6,Syn
-0.2877405135414724,-0.2878486041849566,-0.10829499158664362,-0.13069276142321942,0.220164546238735,0.23508637650643716,0.0762009167059448,0.10853898856937293,-0.17821036614291014,-0.21451692989954613,-0.17731989746008006,-0.2584533147611694,154.4,6,Syn
-0.28935458275993037,-0.3324725122038006,-0.108516061363467,-0.1339146366509529,0.13829476977821312,0.14799357145253045,0.06364032410666876,0.059879638699477135,-0.18328547762713004,-0.23281284328008278,-0.1779768792982883,-0.25685237057820465,154.4,6,Syn
-0.3221833471249149,-0.346814447747047,-0.11361608970320652,-0.13977112222377275,-0.025241632332754928,-0.005383287917571,-0.024026735935646863,-0.005835104271090504,-0.19390780398945076,-0.2414489525202624,-0.18162770242453397,-0.2671640931105315,154.5,6,Syn
-0.2695179059881569,-0.24940766393364552,-0.10960084561718175,-0.1372523485298507,0.16673588318881624,0.2032887349297088,0.08997349631041415,0.11480606214967229,-0.17140099729341338,-0.20962173041803944,-0.1689870392083758,-0.23822394826463003,154.6,6,Syn
-0.31624170101638843,-0.37660469671830465,-0.10701484334410818,-0.13475243196518794,0.18329267420998877,0.19943093282664984,0.06426468104873803,0.0780541520823453,-0.17381450546009033,-0.2160587913541343,-0.18174412958573544,-0.2638883150130806,154.6,6,Syn
-0.31476330718151097,-0.34477470580311864,-0.11123059257655417,-0.1369937364714373,-0.013458885348362199,-0.005617094105635178,-0.019729691099052423,-0.014071829548055385,-0.193912621371021,-0.2454131372983156,-0.1806630202317219,-0.25946314109196256,154.6,6,Syn
-0.29918870883876714,-0.36333726809194905,-0.1107704589713055,-0.13749749121022173,0.041899710397276045,0.009697211212568549,0.022726580961658447,0.024246848914346454,-0.18859904949907552,-0.24278438990032922,-0.16948601275638203,-0.24432395610023425,154.8,6,Syn
-0.32843377169262467,-0.3529655445467061,-0.1115570560841887,-0.1389252452827123,0.05022889361038125,0.087320865649876,0.027831617135048423,0.061088288604249155,-0.18955048235919267,-0.23439261936060346,-0.18853848606442045,-0.27942978854309236,155.0,6,Syn
-0.31209190566342543,-0.3543906321102096,-0.10660098015726441,-0.12966908869199975,0.07084870083306852,0.09234769869325585,0.04950047571274688,0.0669972436942457,-0.18218711462912138,-0.2239155443945904,-0.17816399437879063,-0.25021871468161216,155.1,6,Syn
-0.27523030748304733,-0.23783850259542672,-0.10845950862986102,-0.13223904602248282,0.5046772557498042,0.6251920012915199,0.2091154916088104,0.271303842412005,-0.14741043707375023,-0.16255282869095308,-0.1736773905596345,-0.22728826799945534,155.2,6,Syn
-0.3383333962325003,-0.3969247152356091,-0.11184239033101889,-0.1375783074784759,0.058151775203334984,0.05622464263734018,0.010165988362382394,0.016950184674426477,-0.18837504125606058,-0.2421229903146179,-0.18061728098982133,-0.26631025621295035,155.3,6,Syn
-0.33844567930856695,-0.3732627980869577,-0.11281663969632195,-0.13428639148492214,-0.09573496342903556,-0.08253932997875009,-0.01602027632558201,0.03758676267812653,-0.19312016210272087,-0.2305169020430594,-0.18157780506973334,-0.25177039904356263,155.3,6,Syn
-0.3222675594319649,-0.38503229122324095,-0.11131285109816287,-0.13554981914529587,0.09167165886583153,0.09223079559922376,-0.0003011721370143163,0.0003424396866331568,-0.1943510030939104,-0.24710244452041905,-0.17973160294211024,-0.2664087758549789,155.4,6,Syn
-0.3149223748726054,-0.3475383740173252,-0.10953401056837468,-0.13582190058175164,0.1787217809832847,0.23742443838707894,0.05758038908070223,0.08857388273499066,-0.1849811959398452,-0.22924465570621344,-0.18210588540803996,-0.26480783167201416,155.4,6,Syn
-0.026471830918903948,0.07903631899293005,0.09835383816721766,0.20711923987926956,0.2222976297445302,0.12005373197886106,0.11806955870353164,0.08029239264673793,-0.16314159659128236,-0.21185026787562725,-0.16561065153353352,-0.254611048722054,155.6,6,Syn
-0.278631548995566,-0.33735332328391493,-0.10798652213061098,-0.1351241867991572,0.17465876478176998,0.15921626847961104,0.0421918268026418,0.04000406248767057,-0.1885605104465138,-0.24094763691071053,-0.1724715378186194,-0.26318225757854224,155.7,6,Syn
-0.2906973012112273,-0.3559568625314403,-0.10897362438991541,-0.13585961484027026,0.14124045652431128,0.1585148499154185,0.07186714499040511,0.08808146981082428,-0.18040227475735726,-0.22747109375981558,-0.17539053307445593,-0.2540774006610657,156.1,6,Syn
-0.33408067472647623,-0.39537214380061003,-0.11395283552604216,-0.14248654883711334,-0.16033692103311983,-0.08476048876535978,-0.09013511803709977,-0.07137078799650673,-0.20823469677926568,-0.25875066015412473,-0.1840435660194642,-0.274126147813886,156.3,6,Syn
-0.339807111605875,-0.36422054920159663,-0.11425616382447425,-0.140934876486633,-0.047892947656199565,0.07457842840037823,-0.05583221310223476,-0.009819172475709386,-0.20092913762803694,-0.24302030312835365,-0.18880876340292382,-0.28592387494681093,156.3,6,Syn
-0.32031196252380423,-0.3505023740295961,-0.10594291198439479,-0.12918688495808314,0.09898508802855806,0.1711403840708842,0.0442485320235759,0.05683563153190316,-0.18442960575005574,-0.23062222044842748,-0.18121189113452876,-0.2686500977111296,156.4,6,Syn
-0.26086743066952267,-0.22426602327656395,-0.09352187522148077,-0.10283269988039374,0.2909626035501292,0.33796109925467593,0.016887007209363442,0.017442597598592856,-0.19427151629800188,-0.24935204565908048,-0.18035947799001809,-0.2697091838629371,156.5,6,Syn
-0.28841421199787226,-0.31216159967731727,-0.11158276187219142,-0.1392107960972104,0.3596275773557282,0.42026087745326696,0.16996463865317218,0.20285844595287836,-0.1691922278434705,-0.21243583820947357,-0.17079997643279848,-0.25391320125768474,156.7,6,Syn
-0.33676143316756735,-0.38385761840731786,-0.11189894306462488,-0.13550132938434337,0.038344571220950655,0.16307407058267,-0.016424271993979778,0.024604967404649274,-0.19389094315395503,-0.23548793077643113,-0.1833491611651555,-0.27071901019373024,157.0,6,Syn
-0.30110219959340284,-0.32883466887076757,-0.1053825258059355,-0.12506794915272823,0.29147048057531855,0.37560389553300877,0.13657990569193845,0.188086058227887,-0.16619822519758282,-0.18895404654861442,-0.16951096143378233,-0.23978384259674956,157.1,6,Syn
-0.2953991550215179,-0.318622300164894,-0.11170100849700393,-0.1387097352340345,0.10934577934242062,0.11631283296983419,0.03165121254535459,0.046584489746984904,-0.18103335174305524,-0.2257522973842091,-0.18037195232871825,-0.2557850744562281,157.2,6,Syn
-0.3042929103382966,-0.3621352773035627,-0.10855462004547108,-0.13334622889756514,0.09075748022049072,0.05856270451798197,0.04226528056053231,0.044972956540622215,-0.18422004965175146,-0.2354668670953575,-0.179153625249003,-0.2585189945225218,157.4,6,Syn
-0.34122468544121637,-0.3845041437556166,-0.11135398035896722,-0.1321043522420592,0.07501329243962113,0.25694725509043786,0.018392809246118757,0.1174471860156556,-0.18950712592506075,-0.21596611115741043,-0.18880876340292382,-0.27657271892426294,157.6,6,Syn
-0.3275776132376165,-0.38619785804834283,-0.11037458983606362,-0.13437259550439326,-0.0577457619448728,-0.015904566380459055,-0.019288968551709404,-0.00731234304358964,-0.19466413289597428,-0.24565747599876947,-0.17867960037839709,-0.25937283142010303,158.1,6,Syn
-0.33423974241757065,-0.38935763686326763,-0.11020236105644539,-0.13702875685434746,0.09624255209253561,0.12543127430433718,0.026729810766690874,0.048285552575923305,-0.18901575300489898,-0.2403241519509317,-0.18122436547322893,-0.27182735616655196,158.1,6,Syn
-0.33103967474967133,-0.3850049732507776,-0.11256215239509504,-0.13879055150228867,0.09766460776306576,0.17394605832765433,0.025481096882552318,0.0379001163571415,-0.1730870808429881,-0.2125580075597005,-0.17921599694250379,-0.2378380796666847,158.3,6,Syn
-0.319708440989946,-0.36118825425816736,-0.10743384768855252,-0.12988998649189454,0.015794831302543885,0.03576660118172451,0.007044203652036007,0.010145933358672879,-0.18949749116192033,-0.24006296230561897,-0.17489155952644966,-0.26165520312709895,158.3,6,Syn
-0.3459125038669987,-0.40963212542646654,-0.11469316222052048,-0.1442429557338376,-0.18248035933137513,-0.13643165632754337,-0.1078742005676563,-0.09836396920308185,-0.21099023903742778,-0.26686017736746415,-0.18828068306461723,-0.2816054306378906,158.3,6,Syn
-0.30224842266158314,-0.3435499500376795,-0.10889907760470752,-0.13369912660227506,0.17374458613642915,0.20854937416115282,0.07590710167438279,0.10209285574392214,-0.17620874410048643,-0.21568385783102406,-0.181710864682535,-0.26224632097927053,158.3,6,Syn
-0.3122790441235365,-0.3524419500744923,-0.11160075592379333,-0.13936704088250185,0.1594224540260897,0.20948459891340954,0.08472155262124317,0.10164520763104362,-0.17920997281872944,-0.22336788868667656,-0.17377302715633566,-0.26298521829448507,158.5,6,Syn
-0.3235354224992174,-0.3571679593106478,-0.10982705655160568,-0.13518614593815206,0.07420068919931817,0.08638564089761927,0.011928878551754472,0.022366726840256642,-0.18903983991275006,-0.23867275935476076,-0.17837605813669327,-0.2674514420664483,158.5,6,Syn
-0.3027022334273525,-0.32300683474525793,-0.10578096551997765,-0.12741162093209957,0.059675406278903005,0.08661944708568346,0.012039059188590226,0.013816647884276794,-0.18610846322727514,-0.2309971539715377,-0.18078776361872345,-0.25817417577542173,158.6,6,Syn
-0.3423241238943689,-0.3922396829581486,-0.11301200368514262,-0.13851038843900748,-0.10497832528748158,0.0006956729720976558,-0.06960479270670412,0.02558979325298203,-0.20503836410742904,-0.24675700015081187,-0.1844344286320691,-0.27152358727029713,158.7,6,Syn
-0.31036087490739805,-0.346477526086666,-0.11158276187219142,-0.13906802068996135,0.1421546351696521,0.1710234809768521,0.04843539622333458,0.06466947350727736,-0.18550147314942825,-0.23267803572121168,-0.1776109653630837,-0.24892153939490227,158.7,6,Syn
-0.3062765780154739,-0.3643252680960394,-0.1104491366212715,-0.13298524956602978,-0.01102107562745336,-0.011812958089335922,0.05423824309668433,0.06426659020568669,-0.17922201627265497,-0.22353639813526544,-0.17282913552802387,-0.23851950719071585,158.8,6,Syn
-0.3425627254310105,-0.4056254894651786,-0.11334617892917798,-0.14047961150880112,0.04596272659879078,0.15068234261526853,0.001498444931303013,0.049494202480695325,-0.19206274684805902,-0.2330866711340397,-0.18561949080858392,-0.2712116084038732,159.0,6,Syn
-0.32320325173252024,-0.3572453602326272,-0.10888622471070616,-0.13416516708254086,0.0471816314592452,0.060433154022495404,0.014242671925305324,0.017442597598592856,-0.18459821410501323,-0.22832206647518938,-0.18561949080858392,-0.25867498395573374,159.2,6,Syn
-0.3405930931383415,-0.41602453098288494,-0.11206346010784228,-0.14259160998584378,-0.08354591482449135,-0.0935282208177665,-0.041104734645188865,-0.03837912207735936,-0.19991267011672187,-0.2567706741332055,-0.188343054758118,-0.2816546904589049,159.4,6,Syn
-0.3134533379607335,-0.39777157238197225,-0.11040029562406634,-0.13559022727942296,0.06841089111215969,0.09036034609471032,0.030586133055942294,0.05231438559183004,-0.18478127460468133,-0.2325474408985553,-0.17559428060655846,-0.2609163058118844,159.5,6,Syn
-0.335301753178701,-0.3961871299790993,-0.11205831895024174,-0.14168377390578846,0.21650783165737172,0.2928365049582894,0.09522543999958515,0.1442613079770793,-0.18283023506874488,-0.2291983156078515,-0.17794361439508788,-0.2536586921824442,159.5,6,Syn
-0.33609241317267025,-0.3638244386008784,-0.11290660995433148,-0.13707724661529996,-0.0019808645790830768,0.11140290302048643,-0.019288968551709404,0.03664670164108163,-0.19629963393906177,-0.23800714703283474,-0.18706651409780203,-0.2666879148407266,159.5,6,Syn
-0.3047467211040659,-0.3639928994310689,-0.10930522905515049,-0.13570337005497884,0.2827349957420619,0.28161380793120877,0.11340524507748469,0.12357996516209141,-0.17139617991184317,-0.20625575418247674,-0.17507451649405195,-0.2560231635911306,159.7,6,Syn
-0.3228991517348398,-0.38293791333438587,-0.10982962713040596,-0.13377186124370383,0.11737023634041223,0.1296397856894924,0.024526198029975778,0.03355792966221979,-0.18905188336667558,-0.2379060413636814,-0.18022641837721642,-0.2702756718046015,159.9,6,Syn
-0.3065292149366239,-0.3538306136747114,-0.11139768019857184,-0.1399058160041964,0.36023702978595545,0.34906689318772444,0.1561186052908123,0.17044872258047308,-0.17920997281872944,-0.22856640517564325,-0.17631779225116753,-0.26247620014400397,159.9,6,Syn
-0.29014524275389963,-0.33906069656287285,-0.10375792000416365,-0.1297364355822116,0.009497156190196046,-0.008890380738533685,0.10885111208827349,0.13450257911632743,-0.17891611254294643,-0.2244168600041423,-0.16545264324333156,-0.23182017153277099,159.9,6,Syn
-0.3013735503605639,-0.34054952606212413,-0.11021778452924702,-0.134747044213971,0.06952822056757624,0.05306825909847376,0.021073871409122126,0.020889488067757506,-0.18869057974890957,-0.23933415894047208,-0.18642200659829397,-0.2724184740187236,160.2,6,Syn
-0.3153668287153692,-0.36599621741171284,-0.10599689413920049,-0.1319912094665033,0.1842068528553296,0.26477976239058787,0.07520929097442301,0.09833261159574253,-0.17929427699620817,-0.21916779068059897,-0.17445495767194422,-0.25802639631237884,160.3,6,Syn
-0.0908755319661289,-0.03009898099805967,-0.020918447586600098,0.007791301981541752,-0.003707646464726839,-0.016605984944651594,0.06268542525409221,0.06914595463606263,-0.18450186647360894,-0.2322525493635248,-0.16702025180665117,-0.25096582196699574,160.3,6,Syn
-0.31405685949459167,-0.3534936920143304,-0.109981291279622,-0.13835683752932454,0.26861601444179817,0.3123593216616483,0.11285434189330591,0.12975750911981507,-0.17296423761294766,-0.21583130359853933,-0.17486661084904936,-0.2509247721161505,160.7,6,Syn
-0.30252445189024696,-0.3643252680960394,-0.10273482964165541,-0.12880974237289694,0.1100568071776857,0.16354168295879837,0.055413503222932384,0.07066795821984961,-0.17827058341253782,-0.21893187745257456,-0.17733237179878023,-0.25785398693882877,160.7,6,Syn
-0.3177013810052548,-0.3674622819339114,-0.11254929950109367,-0.13868279647794976,0.2560206642171025,0.37642221719123337,0.10954892278823328,0.1524085036314685,-0.17971098050203163,-0.2204737389071627,-0.1760599892513643,-0.24876554996169034,160.7,6,Syn
-0.33496490395050105,-0.38452690873266937,-0.11271638712311136,-0.14069242768187046,0.03245319772875429,0.0727079788958648,-0.006214199647199827,0.04564442870994,-0.19554089634175315,-0.2402104080731342,-0.18286682006874946,-0.26627741633227414,160.7,6,Syn
-0.3330467347343626,-0.3408318117775785,-0.11145423293217782,-0.1316571688910527,-0.015084091828968093,0.08743776874390809,-0.025642718609237933,0.036064759094339545,-0.19560833968373614,-0.23365539052302714,-0.18426394600316695,-0.2707846899550826,160.7,6,Syn
-0.3360269147116314,-0.3865347797087239,-0.10927952326714777,-0.12411431718732885,-0.049416578731767594,0.0012801884422581034,-0.033428816945631275,-0.0009109750294267163,-0.19632853822848306,-0.24108244446958163,-0.18665486092069689,-0.280037326335602,160.8,6,Syn
-0.3215423978990345,-0.36557734183394186,-0.10918698243033798,-0.13474973808957946,0.08212357079227191,0.09714072554857152,0.012369601099097492,0.01869601231465273,-0.19608526045918725,-0.2524273430958274,-0.18457580447067087,-0.2697091838629371,160.9,6,Syn
-0.27736836438981627,-0.3073900604870562,-0.10596861777239751,-0.13073047568173804,0.22859530485687807,0.24385410855884387,0.10378280279382877,0.12550485204746906,-0.17189718759514536,-0.2079492741407949,-0.16393077392191252,-0.23113053403857078,161.0,6,Syn
-0.3287519070748135,-0.3759809363470587,-0.11285262779952576,-0.13996777514319128,0.12082380011169974,0.1912477162444036,0.02294694223532996,0.05979010907690143,-0.19238792010404843,-0.23898028909843547,-0.1842597878902669,-0.26493098122454994,161.1,6,Syn
-0.3317929070516184,-0.3875227797128142,-0.114168764145265,-0.14320850750018405,-0.15190616241497676,-0.10755659210161725,-0.09667250248935456,-0.07710068384135187,-0.2104916400449107,-0.2668096245328875,-0.18850106304831998,-0.284626699660101,161.1,6,Syn
-0.2650640106375134,-0.2919144290865817,-0.10916898837873608,-0.13423790172396963,0.14225621057468996,0.15617678803477672,0.11825319309825791,0.13315963477769185,-0.16717374496555104,-0.20625996691869147,-0.1693654274822805,-0.25009556512907644,161.2,6,Syn
-0.3444013608016018,-0.40810231896852023,-0.11350555481479484,-0.1403691626088537,-0.06810645325873536,0.22047348975242595,-0.05917435908625266,0.045375839842212884,-0.2064161352365101,-0.24782703514935117,-0.18795219214551312,-0.2831817449103482,161.4,6,Syn
-0.24686947385321456,-0.3439415076429872,-0.10687346151009323,-0.13520500306741137,0.25327812828108004,0.2734305913489625,0.13000579436073842,0.1456042523157149,-0.16806255186525543,-0.2057249494194218,-0.16911178259537735,-0.2536833220929513,161.5,6,Syn
-0.24026348621129376,-0.23764727678818343,0.007131708281967312,0.07664676253410649,-0.04149369713881386,-0.05693755238572248,0.04215509992369655,0.05522409832554046,-0.18072744801334667,-0.21857800761053792,-0.1736150188661337,-0.24824832184104018,161.6,6,Syn
-0.3245178994148005,-0.37899501930884577,-0.11186038438262079,-0.14006206078948782,0.0452516987635257,0.0929322141634163,-0.005516388947240046,0.006430454021781112,-0.19457501133692534,-0.24762482381104453,-0.18213083408544026,-0.26903596630907495,162.0,6,Syn
-0.2892469781453665,-0.3673074800899525,-0.10764206457137454,-0.13595928823778375,0.05266670333129009,0.060199347834431226,0.01802554045666624,0.016726360617987213,-0.18217025379362561,-0.22688131068975453,-0.17090808736819982,-0.25568655481419955,162.0,6,Syn
-0.3287940132283385,-0.3761129732139648,-0.10931551137035157,-0.13412745282402225,0.07592747108496194,0.13396520016867972,-0.00922580372071046,-0.011341176059496376,-0.19544214001956378,-0.2508307160704478,-0.1795361716358078,-0.2628456488016112,162.1,6,Syn
-0.33021626552518263,-0.3653724570404669,-0.11161874997539523,-0.1379338990587943,0.018740518048642064,0.16447690771105508,-0.010474517604849014,0.04783790446304478,-0.1934236571416443,-0.23387445280619268,-0.17655480468647047,-0.2655138891065525,162.2,6,Syn
-0.3409626915970609,-0.3990737290693908,-0.11378060674642393,-0.14289601792960122,-0.09979797963055029,0.07025301392119092,-0.07786834046938573,-0.007804755967756019,-0.20466501703573747,-0.243378385706605,-0.18806030308091445,-0.27711457695542024,162.2,6,Syn
-0.3074228010836542,-0.33468982096874056,-0.11157762071459087,-0.14216058988848812,-0.008989567526695993,-0.06266580399329487,0.06793736894326319,0.10057085216013516,-0.18872430141990107,-0.2335121574917266,-0.1801765210224158,-0.2587242437767481,162.3,6,Syn
-0.2994366672984143,-0.3547685307292856,-0.10753152968296284,-0.13455577904576943,0.02513976856602777,0.029687640292055856,0.017915359819830487,0.02147143061449959,-0.18564840328731977,-0.2362588615037252,-0.17959438521640853,-0.26369127572902334,162.3,6,Syn
0.07312325755220782,0.09824540663005919,-0.01408327855667701,0.014350889088173018,0.00126954838212871,-0.06395173802764785,0.03201848133480711,0.03225975013487207,-0.18545329933372612,-0.2389676508897913,-0.17190603446421232,-0.2611872348274631,162.3,6,Syn
-0.32743258093103045,-0.3858609363879618,-0.10974736860879726,-0.1383999395390601,0.10294652882503492,0.1174818639101551,0.016299377146239413,0.003968389400949218,-0.186308384562439,-0.23954900848742292,-0.1746212821879463,-0.2605961169752915,162.4,6,Syn
-0.30948600260637876,-0.3348947057622155,-0.10618711697042062,-0.12535080609161786,0.04992416739526764,0.06604450253603569,0.02526073560888081,0.04152606607145756,-0.18632283670714964,-0.23592605534276218,-0.18010167499021487,-0.25979153989872455,162.8,6,Syn
-0.33816497161840037,-0.367598871796228,-0.11361608970320652,-0.13971993858721177,-0.06810645325873536,0.005722506015477505,-0.05245334023927161,-0.004715983988894189,-0.20103512002258161,-0.24261166771552564,-0.1882557343872169,-0.2727797127061618,163.2,6,Syn
-0.34383994542126856,-0.3938150193702004,-0.11483968521213597,-0.14364222147314817,-0.1500778051242951,-0.06664050919038592,-0.09028202555288078,-0.03681235368228451,-0.20675335194642502,-0.2480629483773756,-0.18747816727490718,-0.2820816089076955,163.2,6,Syn
-0.320966947134193,-0.36777643861723963,-0.11283206316912359,-0.14233030405182193,-0.007973813476317308,0.006073215297573774,-0.01943587606749041,-0.021278964165399657,-0.19428596844271254,-0.24455373911051237,-0.18269217932694728,-0.265604198778412,163.4,6,Syn
-0.2989360719176172,-0.35536497312806825,-0.10817160380423056,-0.13293137205386032,0.1787217809832847,0.19475480906536627,0.06701919696963189,0.0746520264244685,-0.1761220312322226,-0.21987553036467222,-0.17491650820385,-0.25590001403859486,163.5,6,Syn
-0.3425252977389883,-0.3940199041636754,-0.11547975933340368,-0.1434240175488619,-0.147843146213462,-0.08534500423552023,-0.09505651981576349,-0.05955287781651364,-0.20884168685711257,-0.26009031027040624,-0.18880876340292382,-0.28592387494681093,163.6,6,Syn
-0.3430867131193215,-0.3934780977098194,-0.11231537683026893,-0.13459079942867958,-0.12366819981444935,-0.054599490505080686,-0.07191858608025498,-0.02512873793615498,-0.20436152199681404,-0.25217036618672933,-0.18635963490479318,-0.2797663973200234,163.9,6,Syn
-0.32485474864300046,-0.3586158118512041,-0.11257500528909639,-0.13886328614371743,0.3321006425904659,0.4522923252180595,0.14752451561762345,0.2183918354697632,-0.16824320367413845,-0.19675603401827915,-0.17672944542827268,-0.2553663659776066,163.9,6,Syn
-0.28898030583970824,-0.2891143369090907,-0.11011239079843588,-0.13485749311391837,0.01965469669398288,0.042897689917681975,0.026032000066731092,0.023396317499877254,-0.18600007214194533,-0.2393004570507543,-0.17305783173752673,-0.25590001403859486,164.0,6,Syn
-0.3358725254820397,-0.400931351196897,-0.11199148390143467,-0.13693177733244244,-0.11747210010713938,-0.0017592920025762241,-0.06982515398037563,-0.024188676899110077,-0.20422663531284804,-0.24803345922387254,-0.17896651016850065,-0.2646682621791403,164.0,6,Syn
-0.3424504423549439,-0.3958274433416655,-0.11256729355269558,-0.1349221461285217,-0.07389625134589387,0.0358835042757566,-0.057448195775825835,-0.007804755967756019,-0.20210457873116902,-0.2455647958020456,-0.18787734611331217,-0.28154796084670725,164.0,6,Syn
-0.3304408316773159,-0.38316101010950304,-0.11249531734628797,-0.13996777514319128,-0.019147108030482828,-0.027945585065764278,-0.01837079657807811,-0.015325244264115257,-0.19337789201672728,-0.24460850468130374,-0.18332837060065524,-0.2626321895772159,164.1,6,Syn
-0.2616393768174808,-0.34372751685869113,-0.1118963724858246,-0.14214442663483728,0.012544418341332096,-0.0029283229428971195,0.07138969556411684,0.09179694914771605,-0.18671786199590715,-0.23969224151872345,-0.18182729184373647,-0.26259113972637066,164.3,6,Syn
-0.2522590615044134,-0.27191767324342664,-0.10536967291193415,-0.1309432918548074,0.6824342145660738,0.8111848238965743,0.26431599066352357,0.30335544729410746,-0.14836668731543762,-0.1689056349027535,-0.16914504749857776,-0.2490200590369309,164.3,6,Syn
-0.3369017870126506,-0.36530871510471913,-0.11152106798098489,-0.134844023735876,-0.04271260199926828,0.055406320979115554,-0.05061699629200903,-0.013176533322298333,-0.20029565195155385,-0.24334468381688723,-0.18373586566486036,-0.2709817292391398,164.4,6,Syn
-0.3427872915831438,-0.41340655862181613,-0.11445152781329491,-0.13841340891710247,-0.16033692103311983,-0.1226370912317568,-0.09898629586290542,-0.07275849714643016,-0.20804922758881245,-0.2659670772899431,-0.18160275374713367,-0.26791941036608413,164.6,6,Syn
-0.33636844240133407,-0.35871142475482576,-0.11311739741595377,-0.1387474494925531,0.04586115119375291,0.23602160125869387,-0.0025047848737294134,0.08629087735931018,-0.19167735632244193,-0.21992187046303416,-0.18798961516161358,-0.27860879152618734,164.6,6,Syn
-0.33016012398714933,-0.36829548009404284,-0.11194007232542923,-0.14161373313996814,-0.1209256638784269,-0.13163862947222768,-0.08223883906387068,-0.08251722600718203,-0.2048432601538354,-0.2606800933404673,-0.18880876340292382,-0.28332131440322206,164.7,6,Syn
-0.06469486139659011,-0.019417653764898974,-0.0774686106137825,-0.08412373377955015,0.12905140791976707,0.12098895673111777,0.22916836751291778,0.26494723920912994,-0.16146273911406298,-0.19323839927898645,-0.15445859273559398,-0.23438989219568365,164.8,6,Syn
-0.30431630264581044,-0.36353759989001344,-0.11436669871288593,-0.13995969351636586,0.0898433015751499,0.08977583062454987,0.03132067063484733,0.025276439573967063,-0.1853135952681899,-0.23748898047842396,-0.18220983823054127,-0.2697666536541204,164.8,6,Syn
-0.1362753223890746,-0.0884865941430097,0.022149029633155987,0.07148799074388108,-0.0006603843135907885,-0.0004733579682232395,0.06551339493287658,0.07165278406818237,-0.1786318870303038,-0.2261230181711046,-0.16378939808331075,-0.23733727148637263,164.9,6,Syn
-0.26915766445244305,-0.34567164589899785,-0.10785028145419656,-0.13304720870502465,0.42839412656636505,0.42294964861600504,0.17349041903191634,0.19274159860182366,-0.1640448556356974,-0.20813463453424264,-0.17688745371847464,-0.2532317737336536,164.9,6,Syn
-0.2850129704853535,-0.33449859516149727,-0.09074307953838681,-0.10722910487342134,0.22504016568055266,0.24514004259319686,0.10723512941468243,0.12581820572648403,-0.17458287782053938,-0.2155743266894413,-0.17703298766997647,-0.2578621969089978,165.0,6,Syn
-0.06835341829176154,-0.025359312775672507,-0.08771493771166645,-0.09648323507122335,-0.09888380098520948,-0.14800506263672022,0.006346392952076226,-0.013579416623889007,-0.19257338929450163,-0.2487749007976636,-0.1756857590903596,-0.25523500645490177,165.1,6,Syn
-0.3222815948164732,-0.3784350008733475,-0.10983990944560705,-0.13665161426916125,-0.009294293741809597,-0.009007283832565775,-0.00514912015778753,-0.004715983988894189,-0.18997200324658636,-0.24303294133699782,-0.17982723953881144,-0.2625008300545111,165.1,6,Syn
-0.3381790070029087,-0.3842264110355728,-0.11397340015644433,-0.14281789553695548,-0.05642528167938051,0.02185513299190586,-0.04073746585573635,-0.01107258719176926,-0.20032696493176025,-0.2522630463834532,-0.18632637000159277,-0.27122802834421134,165.3,6,Syn
-0.31997043483410154,-0.38154469673875624,-0.11100438164213024,-0.1352912070868825,0.18796514284173071,0.24069772501997744,0.06584393684338384,0.08020286302416221,-0.18329752108105557,-0.23106455775097326,-0.17927005241020447,-0.26398683465510914,165.3,6,Syn
-0.24034302005684097,-0.22597339655552187,-0.07186474882918968,-0.06545786968844212,-0.07663878728191631,-0.1013607281179165,0.06202434143307768,0.08893200122529347,-0.17854517416203997,-0.2226769999474622,-0.17037169080409312,-0.23721412193383687,165.4,6,Syn
-0.3282325978480053,-0.383948678315529,-0.11561857058861837,-0.14609364827685842,0.23093153917274903,0.3247510496290498,0.10319517273070473,0.14658907816404765,-0.17314248073104554,-0.2114500579352287,-0.1786255449106964,-0.2580756561333931,165.4,6,Syn
-0.3043630872608382,-0.3699345584418424,-0.10806106891581886,-0.13383651425830717,0.3584086724952738,0.3991014174334587,0.14484345345462007,0.17890927191387723,-0.16378953441247607,-0.19226104447717102,-0.16111573148857727,-0.24294468111183382,165.4,6,Syn
-0.3221833471249149,-0.3427804938132958,-0.11163417344819686,-0.13375300411444452,0.0033010564828860767,0.03214260526672974,0.0009842686260694903,0.026619383912602643,-0.19194231230880368,-0.23858429189425162,-0.18481697501887387,-0.26257471978603253,165.4,6,Syn
-0.3340058193424318,-0.38485017140681876,-0.11426644613967533,-0.14193969208859336,0.03803984500583705,0.10006330289937375,-0.008013816715517156,0.01748736240988071,-0.1923060246173548,-0.23966696510143512,-0.18880876340292382,-0.27729519629913935,165.6,6,Syn
0.3564508861603687,0.6240344226317062,-0.0039397746108039335,0.017990315035219768,0.6399756952602448,0.6813054864269229,0.3945862302823311,0.46039040529189446,-0.12415452754354464,-0.13634539669916892,-0.1582092105714409,-0.2283966139722771,165.6,6,Syn
-0.33699535624270616,-0.3879325492997641,-0.1113745449893694,-0.13528581933566555,-0.003707646464726839,0.10836342257565211,-0.04029674330839333,0.00947446118935509,-0.196598311596415,-0.24253583846366064,-0.18322441777815396,-0.2684858983077486,165.7,6,Syn
-0.34119193621069693,-0.3760310192965748,-0.11429215192767805,-0.1418076921837782,-0.15576602780641574,-0.043259890383968005,-0.09127365128440257,-0.035648468588800344,-0.2079528799574082,-0.25654318637761053,-0.18838047777421846,-0.28401916186759135,165.7,6,Syn
-0.2766759520874053,-0.33361531405184974,-0.10726161890893429,-0.1308732510889871,0.38116156322375633,0.41067482374263564,0.1796605346947186,0.2103789342492376,-0.1554000644079493,-0.19339427051893116,-0.16529463495312957,-0.24466877484733435,165.7,6,Syn
-0.3428153623521605,-0.4066954433866589,-0.11407879388725548,-0.13430524861418144,-0.16064164724823343,-0.13573023776335083,-0.09248563828959587,-0.07472814884309567,-0.20859359170624658,-0.26351526481297505,-0.18065054589302174,-0.26724619281222206,165.7,6,Syn
-0.33824918392545034,-0.39711138804744184,-0.11363922491240898,-0.13349169818042267,0.055104513052198933,0.1419146105628618,0.01703391472514445,0.06641530114750362,-0.19147743498727807,-0.22980494962277145,-0.18880876340292382,-0.28084190341216897,165.7,6,Syn
-0.29161895812727434,-0.3513628901621909,-0.10596861777239751,-0.1349733297650827,-0.02310854882695969,-0.03402454595543293,0.05923309863323856,0.05661180747546389,-0.18067445681607433,-0.22841053393569855,-0.17317841701162823,-0.2496768566504549,165.8,6,Syn
-0.3194043409922655,-0.38100744328031083,-0.10960084561718175,-0.13630679819127675,0.06709041084666739,0.08556731923939465,0.013324499951674033,0.005758981852463323,-0.18839912816391166,-0.24293604840405922,-0.18450511655136997,-0.26772237108202696,165.9,6,Syn
-0.3445417146466851,-0.4085758304912179,-0.11134369804376613,-0.13746516470292006,-0.10335311880687569,-0.11223271586290083,-0.06222269003870854,-0.06425318300173817,-0.20251405616463716,-0.259079253578873,-0.1871039371139025,-0.2763182098490224,165.9,6,Syn
-0.330501651676852,-0.40076744336211706,-0.10958028098677958,-0.1326539028661876,-0.027679442053663766,-0.038466863528652334,-0.023439105872522834,-0.034484583495316176,-0.19530243595402758,-0.24843788190048585,-0.1845633301319707,-0.272984961960388,166.1,6,Syn
-0.11825388868037852,-0.09802967252353179,-0.05412775510731329,-0.0466438424388681,0.1036575566603,0.09597169460825061,0.02070660261966961,0.024112554480482894,-0.17970857181124653,-0.23131732192385657,-0.1673986400805559,-0.2599228994214294,166.2,6,Syn
-0.28995810429378854,-0.2953382816353186,-0.1074621240553555,-0.1349733297650827,0.4417005046263258,0.4579036737315998,0.19078877901512986,0.22609138301127388,-0.15417404079832997,-0.18468233202688655,-0.1662801077104419,-0.23822394826463003,166.2,6,Syn
-0.33786087162071987,-0.3630549823764947,-0.1154874710698045,-0.14564646492585193,0.10629851719128458,0.37583770172107295,0.038115143239718874,0.1948903095436406,-0.1857688378265751,-0.19683607600635886,-0.1858980843728874,-0.25938104139027207,166.4,6,Syn
-0.3335099024231375,-0.37854427276320085,-0.11462632717171341,-0.14255389572732516,-0.16186055210868786,-0.04162324706751875,-0.09189800822647184,-0.036857118493572365,-0.20919335571173817,-0.260351499915719,-0.18550306364738248,-0.27612117056496516,166.4,6,Syn
-0.3088029472269734,-0.3843083649529628,-0.10554704284915291,-0.13229831128586922,0.29979966378842376,0.34427386633240875,0.10749221756729918,0.11964066176876037,-0.1724126474231582,-0.21434842045095726,-0.1757564470096605,-0.2661460568095693,166.4,6,Syn
-0.33953576083871395,-0.3908601253487506,-0.11377546558882339,-0.14154099849853938,0.006754620254173601,0.042897689917681975,0.00528131346266393,0.05186673747895151,-0.19458946348163597,-0.24100661521771663,-0.18880876340292382,-0.2777467446584371,166.5,6,Syn
-0.3325180685845488,-0.3765728257504308,-0.1126109933923002,-0.13645496134974275,-0.15363294430062052,-0.06664050919038592,-0.09524015421048974,-0.06389506451143534,-0.2070255340051421,-0.2571456076563157,-0.17808499023368962,-0.2601445686159937,166.7,6,Syn
-0.2716044998183953,-0.319542005237826,-0.10791197534540309,-0.1366085122594257,0.09167165886583153,0.11701425153402673,0.08115904536355377,0.09152836027998894,-0.18046008333619984,-0.22597978513980407,-0.17740721783098115,-0.24924993820166427,166.7,6,Syn
-0.30405430880165496,-0.36580954459988013,-0.11021778452924702,-0.14081903983546867,-0.007465936451127968,0.028284803163670783,-0.01837079657807811,0.012742292413368331,-0.1913064179415355,-0.2358333751460383,-0.17859643812039602,-0.2559985336806234,166.8,6,Syn
-0.3458470054059598,-0.4155874434234717,-0.11426644613967533,-0.14046344825515028,-0.17018973532179305,-0.11340174680322172,-0.09560742299994227,-0.06152252951317916,-0.20937400752062116,-0.26248735717658295,-0.18816425590341576,-0.2835758234784626,166.8,6,Syn
-0.33542339317777314,-0.39937877976189795,-0.11073447086810169,-0.13490867675047935,0.03052326503303479,0.16003459013783566,0.015821927719951143,0.07563685227280126,-0.18942523043836712,-0.2313468110773596,-0.17672528731537263,-0.2612857544694917,166.9,6,Syn
-0.32993087937351323,-0.3913199778852166,-0.11194778406183004,-0.1383218171464144,0.021990931009853852,0.025128419624804367,0.0034449695154013488,-0.009237229928967302,-0.1948471933956424,-0.2535647818738022,-0.18155285639233304,-0.26594901752551214,167.0,6,Syn
-0.3342912054941012,-0.3902773419361996,-0.11561857058861837,-0.14409748645098008,-0.15678178185679442,-0.10428330546871874,-0.08815186657405619,-0.0579861094214388,-0.20730735082699958,-0.2614131094418289,-0.18061312287692127,-0.2650048709560714,167.0,6,Syn
-0.34108433159613305,-0.3804383188539915,-0.11440525739489002,-0.1430441810880672,-0.0558158292491533,0.025128419624804367,-0.04257380980299893,0.001148206289814504,-0.19960676638701333,-0.244423144287856,-0.18623073340489157,-0.27290286225869753,167.0,6,Syn
-0.30125658882299444,-0.3467370468250676,-0.10897105381111513,-0.13324386162444316,0.16419649806286954,0.18201237181586852,0.07766999186375487,0.10186903168748289,-0.17234520408117524,-0.21523309505604885,-0.17304951551172662,-0.24164750582512393,167.2,6,Syn
-0.034673173933271614,0.051722899525014014,0.23281053289424175,0.3906287402040451,0.2197582446185835,0.1844673367905424,0.034919904771481984,0.0379001163571415,-0.1780224882616718,-0.23255165363477004,-0.17369818112413474,-0.26878966720400344,167.3,6,Syn
-0.32189328251174276,-0.3346260790329928,-0.10958028098677958,-0.13191578094946607,0.025342919376103508,0.10871413185774838,-0.005810203978802059,0.0284547411754046,-0.19049228045616942,-0.23218093284787453,-0.17897898450720082,-0.2616387831867608,167.3,6,Syn
-0.32086402098113187,-0.3915385216649232,-0.10931808194915185,-0.13328157588296177,-0.07481042999123468,-0.10627065806726425,-0.004010586910484729,7.385081890604113e-05,-0.19372474348978266,-0.24831992528647362,-0.17736147858908058,-0.26153205357456316,167.3,6,Syn
0.12922736789350678,0.2698796746217296,-0.048716686732740856,-0.043168742903938184,-0.10944764310914779,-0.10966084779419485,-0.008234177989188666,-0.018861664355855616,-0.18969259511551398,-0.24518564954272062,-0.16619278733954082,-0.23927482444626844,167.5,6,Syn
-0.306379504168535,-0.35805124042029535,-0.10687860266769378,-0.13487096249196073,0.3044721324201657,0.3370258745024192,0.12012626392446574,0.16095858258744833,-0.17345320184232432,-0.2123431580127497,-0.1724632215928193,-0.2584204748804932,167.6,6,Syn
-0.33260228089159877,-0.3781208441900193,-0.11128200415255961,-0.13241145406142507,-0.047486646036048095,0.01729591232465437,-0.040076382034721816,-0.0006871509729874533,-0.20154817115980936,-0.2550560904938137,-0.18399366866466357,-0.2707025902533921,167.6,6,Syn
-0.3025759149667775,-0.31662808817507115,-0.10269112980205078,-0.12030787095255678,0.1036575566603,0.16003459013783566,0.05908619111745755,0.09739255055869762,-0.17571977987110976,-0.20863173740757981,-0.18502903877677654,-0.25070310292158615,167.6,6,Syn
-0.3070812733939515,-0.37026237411140234,-0.10870885477348739,-0.1366165938862511,0.08212357079227191,0.057978189047821524,0.032826472671602644,0.043003304843956695,-0.17867524346443575,-0.22357431276119794,-0.17991455990971253,-0.2644055431337307,168.1,6,Syn
-0.33303269934985424,-0.38015148014312655,-0.11354668407559919,-0.14175381467160875,-0.12702018818069902,-0.07868152787569113,-0.08073303702711536,-0.05462874857484985,-0.20515157257432903,-0.2558101702762489,-0.1843970056159686,-0.2773362461499846,168.1,6,Syn
-0.2897709658336775,-0.3382866873430786,-0.10909444159352819,-0.1373385525493218,0.5274301464782867,0.7062058454557579,0.26178183601630123,0.32291766982689907,-0.14812581823692694,-0.1650130666403506,-0.17141537714200616,-0.24567039120795844,168.2,6,Syn
-0.30108348574739174,-0.34843076111779386,-0.1080662100734194,-0.13758369522969285,-0.005637579160446337,-0.0422077625376792,0.0489495725285681,0.06055111086879492,-0.1823027317868065,-0.22787130370021416,-0.1798397138775116,-0.2637487455202067,168.3,6,Syn
-0.2530497214983827,-0.2999185950183364,-0.10599175298159995,-0.12734158016627925,0.21437474815157648,0.2458414611573894,0.06588066372232909,0.09461713225885077,-0.17457565174818407,-0.21463067377734363,-0.17652985600907017,-0.25775546729680016,168.4,6,Syn
-0.3104123379839286,-0.32440005134088756,-0.10937206410395756,-0.13321692286835843,0.21589837922714453,0.26968969233993567,0.11116490546182434,0.15988422711653988,-0.17314007204026044,-0.20716570520485664,-0.1706752330457969,-0.23031774699183483,168.4,6,Syn
-0.3339028931893707,-0.38081621747306754,-0.11214828920825125,-0.13670279790572223,-0.06373871084210703,-0.029932937664309798,-0.056419843165358786,-0.05427063008454703,-0.2010977459829944,-0.25677909960563494,-0.18482944935757403,-0.27233637431703306,168.5,6,Syn
-0.33051100859985755,-0.37445568288452297,-0.11005069690722935,-0.13340280028534307,-0.060183571665781636,-0.06371793183958367,-0.04128836903991512,-0.04666061216561209,-0.19604672140662557,-0.25109611845197527,-0.1792575780715043,-0.26837916869555095,168.6,6,Syn
-0.3071888780085154,-0.33331481635475313,-0.10349057980893536,-0.12518647967950103,0.2419016829168388,0.32089324752599085,0.09845740534676728,0.1278326222344374,-0.17843437438592508,-0.21647585223939175,-0.18569433684078485,-0.26214780133724197,168.6,6,Syn
-0.3332853362710042,-0.3653633510496458,-0.10944146973156489,-0.1305472921403619,0.19690377848506313,0.3629783613775431,0.03708679062925183,0.09913837819892388,-0.19018878541724596,-0.23170489365561095,-0.18272128611724767,-0.2659572274956812,168.6,6,Syn
-0.34513587925753775,-0.3997839963534373,-0.1114285271441751,-0.1301809250576096,-0.13077847816710014,-0.08101958975633292,-0.08076976390606061,-0.05198762470886655,-0.20564776287606104,-0.2539986937039186,-0.18611014813079005,-0.27498819468163627,168.7,6,Syn
-0.33423974241757065,-0.3801787981155899,-0.11370863054001631,-0.14146287610589367,-0.1699865845117173,-0.16542362364750154,-0.08598498071628634,-0.0442880771673559,-0.20636314403923772,-0.2585484488158181,-0.17252143517342,-0.24563755132728224,168.8,6,Syn
-0.32921975322509117,-0.338364088265058,-0.11397340015644433,-0.14099952950123634,-0.09512551099880835,-0.05156001006024636,-0.02740560879861001,0.04121271239244259,-0.19750397933161515,-0.24124252844574107,-0.18615588737269062,-0.27870731116821595,168.8,6,Syn
-0.3280735301569109,-0.36744406995226914,-0.11301971542154343,-0.14098067237197703,0.10477488611571655,0.15547536947058418,0.03682970247663507,0.07684550217757327,-0.18596635047095383,-0.22954375997745868,-0.1762678948963669,-0.2691426959212726,169.0,6,Syn
-0.2873662366212502,-0.32991828177847954,-0.10844922631465993,-0.13206933185914901,-0.07582618404161336,-0.05658684310362621,0.04075947852377699,0.055313627948116166,-0.18543162111666014,-0.24163431291371018,-0.17526578968745435,-0.2597258601373722,169.1,6,Syn
-0.31054333490600633,-0.3843356829254261,-0.10690944961329704,-0.13335700439999904,0.03682094014538263,0.059381026176206594,0.01211251294648073,0.013189940526246858,-0.18711047859387955,-0.23585865156332664,-0.17909956978130234,-0.2603251879597128,169.1,6,Syn
-0.30041446575249464,-0.33258178409365385,-0.113289626195572,-0.1412527538084328,0.09908666343359593,0.15079924570930062,0.032716292034766885,0.04743502116145411,-0.18651071458838797,-0.23402189857370795,-0.17863801924939657,-0.26528400994181905,169.1,6,Syn
-0.30333850419173014,-0.3754391298932027,-0.10982962713040596,-0.13740051168831668,0.03468785663958739,0.020452295863520785,0.0008740879892337355,0.0015063247801173248,-0.1869129659495008,-0.23520989018625948,-0.16899951354707593,-0.2635352862958114,169.2,6,Syn
-0.28785279661753904,-0.30695297292764295,-0.11305570352474724,-0.13901953092900884,0.34093770282876046,0.4395498879685617,0.17242533954250405,0.19927726104985016,-0.16399668181999524,-0.19871074362191005,-0.17035921646539295,-0.24112206773430472,169.2,6,Syn
-0.3343286331861234,-0.3988733972713264,-0.1116213205541955,-0.13938320413615268,0.013661747796748648,0.047807619867029735,-0.020904951225300474,-0.013848005491616121,-0.19530484464481268,-0.2462430463326158,-0.18072123381232263,-0.2615156336342251,169.2,6,Syn
-0.33261163781460434,-0.372156420202193,-0.10964968661438693,-0.1317245157812645,0.01721688697307404,0.09000963681261405,-0.015432646262457982,0.018785541937228433,-0.19399451685771463,-0.23480546750964618,-0.18105388284432677,-0.26691779400546006,169.3,6,Syn
-0.3408176592904748,-0.39743920371700175,-0.11403252346885058,-0.14139822309129033,-0.1610479488683849,-0.08090268666230083,-0.09964737968391994,-0.0767873301623369,-0.20964859827012333,-0.2617585538114361,-0.18803535440351415,-0.2836743431204912,169.3,6,Syn
-0.3211634425173096,-0.3894486967714787,-0.11219198904785588,-0.14005128528705393,-0.037836982557450605,-0.0800843650040762,-0.038644033755857,-0.06089582215514922,-0.1972053016742619,-0.2591213809410203,-0.18293750798805036,-0.27731982620964646,169.3,6,Syn
-0.3410001192890831,-0.41037881667379744,-0.11275494580511543,-0.14178614117891042,0.007668798899514415,0.011567660717081981,-0.00492875888411602,0.008400105718446627,-0.19371270003585714,-0.24575015619549334,-0.1808958745541248,-0.264454802954745,169.4,6,Syn
-0.3036426041894106,-0.3717193326427798,-0.1090841592783271,-0.13164100563740186,-0.01843608019521775,-0.07470682267860008,-0.06244305131238005,-0.07817503931226033,-0.1989202895132579,-0.25835045021372616,-0.1856111745827838,-0.2734036704390096,169.4,6,Syn
-0.3456037254078154,-0.4079702821016141,-0.11312253857355431,-0.13609398201820738,-0.15546130159130214,-0.07727869074730606,-0.0907227481002238,-0.0502417970686403,-0.2069629080447293,-0.2536869512240292,-0.18520783763147877,-0.2679768801572675,169.4,6,Syn
-0.3457394007913959,-0.41763173836281064,-0.11438469276448784,-0.13862891896578028,-0.11503429038623054,-0.03671331711817099,-0.05825618711262137,-0.017653014451083596,-0.20335228055785431,-0.2480250337514431,-0.18699166806560108,-0.28202413911651214,169.4,6,Syn
-0.3358444547130231,-0.3920074801922103,-0.11344900208118885,-0.14186156969594765,-0.012849432918134989,0.004904184357252879,-0.013008672252071377,0.00043196930920886206,-0.1938403606474678,-0.24664325627301437,-0.18144058734403162,-0.255267846335578,169.7,6,Syn
-0.2989547857636283,-0.3659051575035018,-0.10603031166360403,-0.1296744764432167,-0.09827434855498227,-0.1325738542244844,-0.0015498860211528712,-0.010624939078890734,-0.19454610704750405,-0.2524315558320421,-0.17659222770257096,-0.26714767317019344,169.8,6,Syn
-0.3246442178753755,-0.3754710008610766,-0.11169329676060312,-0.13959063255800508,-0.03895431201286716,-0.07856462478165904,-0.04073746585573635,-0.05194285989757869,-0.19643211193224264,-0.2557427664968134,-0.1796401244583091,-0.26714767317019344,170.1,6,Syn
-0.2879744366166112,-0.3059012309878049,-0.11381916542842802,-0.14377152750235486,0.4182365860625782,0.5139002557729707,0.18123979048936442,0.22694191442574307,-0.16564904369857847,-0.19807040771727233,-0.16697035445185054,-0.24886406960371893,170.2,6,Syn
-0.3454727284857377,-0.41639332361113984,-0.11561857058861837,-0.14342671142447036,-0.16094637346334703,-0.12158496338546798,-0.09726013255247859,-0.07781692082195751,-0.20925357298136582,-0.264682192744453,-0.1873991631298062,-0.28356761350829357,170.2,6,Syn
-0.29171252735732983,-0.3407999408097046,-0.11099152874812888,-0.13560369665746533,0.20655344196366063,0.24490623640513268,0.07381366957450344,0.09815355235059112,-0.17688799490188653,-0.21853166751217598,-0.1823886370852435,-0.2597504900478793,170.4,6,Syn
-0.3085503103058234,-0.34726064129728135,-0.11097867585412752,-0.13962565294091522,0.05479978683708533,0.04207936825945735,0.016079015872567905,0.027828033817374663,-0.18604101988529215,-0.23425359906551763,-0.18212251785964015,-0.2613760641413512,170.5,6,Syn
-0.34110772390364696,-0.39493960923660737,-0.10890421876230806,-0.13261080085645205,0.018638942643604196,0.07107133557941554,-0.026597617461814473,-0.015593833131842373,-0.19553367026939783,-0.24585126186464668,-0.1873118427589051,-0.2712772881652256,170.5,6,Syn
-0.33691582239715895,-0.3991647889776019,-0.11211744226264798,-0.13860198020969555,0.04677532983909373,0.05856270451798197,0.002747158815441568,0.01426429599715532,-0.19221690305830585,-0.24185758793309042,-0.1845633301319707,-0.268223179262339,170.6,6,Syn
-0.289990853524308,-0.3236260421210933,-0.10240065439762006,-0.12275660388065857,0.09289056372628596,0.05809509214185361,0.0443954395393569,0.04886749512266539,-0.17775512358452497,-0.2193657892826909,-0.17329900228572975,-0.25535815600743755,170.7,6,Syn
-0.31972715483595715,-0.34298537860677075,-0.11023320800204865,-0.13875283724377005,0.1373805911328723,0.13677087442544986,0.02981486859809201,0.04031741616668554,-0.18576161175421976,-0.23242105881211367,-0.18028463195781716,-0.2648242516123523,170.7,6,Syn
-0.3340759962649735,-0.4076151484595909,-0.11436155755528539,-0.14220369189822368,0.35658031520459216,0.45392896853450876,0.09610688509427118,0.13857617694352203,-0.1755198585359459,-0.21103299704997122,-0.18494171840587545,-0.2669752637966434,170.8,6,Syn
-0.3095702149134288,-0.3705082358635723,-0.11023320800204865,-0.13627985943519202,0.05642499331769122,0.027583384599478247,0.012185966704371234,0.0022225617607229665,-0.1915280174937653,-0.2409434241744958,-0.17916609958770316,-0.2605796970349534,170.9,6,Syn
-0.34505634541199054,-0.41428528673605314,-0.11219455962665614,-0.1353989621112214,-0.05490165060381248,-0.016839791132715772,-0.040957827129407855,-0.019175018034870584,-0.19777134400876198,-0.24415774190632852,-0.18393129697116278,-0.27546437295144116,171.3,6,Syn
-0.339451548531664,-0.38451324974643775,-0.11084500575651338,-0.13697757321778647,-0.09664914207437637,-0.10603685187920008,-0.010327610089068007,0.011265053640869195,-0.19440158560039766,-0.24355110789140857,-0.18157364695683328,-0.2676156414698293,171.9,6,Syn
-0.3458563623289654,-0.41122567382016056,-0.11422017572127044,-0.1418076921837782,-0.12427765224467656,0.00981411430660064,-0.07805197486411199,-0.035693233400088197,-0.20544784154089718,-0.25345103799600477,-0.18623073340489157,-0.2742410873962527,171.9,6,Syn
-0.3110392518253007,-0.37945487184531174,-0.11049283646087613,-0.13807936834165185,-0.06434816327233424,-0.10907633232403441,-0.012935218494180873,-0.014340418415782501,-0.1944160377451083,-0.24809665026709338,-0.1787461301847979,-0.26206570163555143,172.0,6,Syn
-0.3267542040131278,-0.3731444202062833,-0.11351840770879619,-0.14198010022272045,-0.07237262027032584,-0.11047916945241948,-0.04250035604510843,-0.05409157083939562,-0.19864569876375573,-0.25937835785011826,-0.1861933103887911,-0.2784445921228063,172.1,6,Syn
-0.34022349467962215,-0.3784122358962948,-0.115369224444992,-0.14523968970897255,-0.10680668257816321,0.12461295264611255,-0.0680255369120583,0.05522409832554046,-0.20426035698383954,-0.23034839259447054,-0.18632637000159277,-0.27837891236145396,172.1,6,Syn
-0.32053185021443475,-0.3184902632979879,-0.11428186961247697,-0.14176459017404264,-0.014982516423930226,0.050262584841703616,-0.010033795057505995,0.019143660427531253,-0.19614788641960004,-0.24904451591540577,-0.18513714971217787,-0.2715400072106352,172.2,6,Syn
-0.31495044564162206,-0.3748654524714729,-0.11156990897819007,-0.1340439426801596,0.03610991231011755,0.10345349262630435,0.0006904535945074774,0.009787814868370059,-0.19427151629800188,-0.24735520869330235,-0.18539079459908106,-0.2732558909759667,172.3,6,Syn
-0.33337422703955694,-0.3740277013159309,-0.11306084468234778,-0.14089177447689744,0.12041749849154827,0.23391734556611626,0.04531361151298819,0.12143125422027448,-0.18646494946347095,-0.21973651006958642,-0.1792409456199041,-0.25304294441976544,172.3,6,Syn
-0.33166191012954066,-0.39411096407188645,-0.10862916683067897,-0.13090557759628876,-0.06871590568896258,-0.05997703283055681,-0.04503451069233078,-0.042676543960993206,-0.2013169368444391,-0.2570782038768802,-0.1815985956342336,-0.2734036704390096,172.3,6,Syn
-0.33561053163788424,-0.3766411206815891,-0.11400167652324732,-0.14267512012970643,-0.12966114871168358,-0.14777125644865605,-0.08143084772707514,-0.08976912543581415,-0.20568389323783764,-0.2656974621722009,-0.18618083605009095,-0.2764659893120653,172.3,6,Syn
-0.33300462858083757,-0.41122567382016056,-0.1152406955049784,-0.14290140568081816,0.008481402139817362,0.016126881384333474,0.004730410278485155,0.008937283453900859,-0.19317797068156342,-0.24830307434161475,-0.18193956089203786,-0.2700622125802062,172.3,6,Syn
-0.3429042531207132,-0.40891730514700947,-0.11515586640456942,-0.14265356912483865,-0.15058568214948445,-0.07435611339650382,-0.09355071777900817,-0.04952556008803465,-0.20723749879423148,-0.2548328154744335,-0.18775676083921067,-0.2766712385662915,172.5,6,Syn
-0.3384784285390864,-0.38986757234924974,-0.11381916542842802,-0.1433512829074331,-0.14388170541698514,-0.009591799302726222,-0.08374464110062599,-0.023203851050777317,-0.2051708421006099,-0.24943208764716018,-0.18089171644122476,-0.26828064905352234,172.7,6,Syn
-0.3345485208767539,-0.34412362745940933,-0.11428701077007751,-0.14103185600853801,-0.08100652969854465,0.12882146403126776,-0.055391490554891745,0.03570664060403672,-0.2013843801864221,-0.2355426963472225,-0.18722868050090405,-0.280037326335602,172.7,6,Syn
-0.2850129704853535,-0.3517134708088036,-0.10779115814179031,-0.13620443091815476,0.2640451212150941,0.318438282551317,0.12673710213461103,0.14761866882366825,-0.17132873656986017,-0.20883394874588646,-0.17095798472300044,-0.2534862828088941,172.7,6,Syn
-0.30935032722279826,-0.3454212311514174,-0.1094594637831668,-0.13372875923396826,0.17933123341351193,0.18914346055182596,0.07568674040071129,0.10231667980036141,-0.17656763902746733,-0.2158228781261099,-0.17864633547519665,-0.2592661018079054,172.7,6,Syn
-0.32260908712166764,-0.3763633879615453,-0.1111637575277471,-0.13861275571212944,0.024835042350914164,-0.002577613660800851,-0.005038939520951775,0.004013154212237071,-0.1913112353231057,-0.24424199663062296,-0.18450511655136997,-0.2633710868924304,172.8,6,Syn
-0.3309227132121019,-0.3485354800122366,-0.11333332603517661,-0.1388067147559395,0.02392086370557335,0.14916260239285134,-0.0030556880579081878,0.05540315757069187,-0.19233733759756116,-0.22972069489847702,-0.18838879400001857,-0.27770569480759183,172.8,6,Syn
-0.31735049639254653,-0.3594171390434617,-0.11119460447335036,-0.13691022632757466,0.11533872823965485,0.10964935661000509,0.037196971266087585,0.04797219889690834,-0.1868431139167327,-0.23887918342928213,-0.1804966957157198,-0.26813286959047944,172.9,6,Syn
-0.33832871777099754,-0.3795368257627017,-0.11246961155828525,-0.13590810460122277,-0.11970675901797248,-0.03928518518687696,-0.08690315268991763,-0.06855060488537201,-0.2064883959600633,-0.2583167483240084,-0.1848336074704741,-0.2754725829216102,173.0,6,Syn
-0.3173364610080382,-0.34687818968279477,-0.11310968567955296,-0.13962026518969828,0.12316003442757072,0.16061910560799614,0.05063900896004968,0.09063306405423188,-0.18329270369948536,-0.22407562837074985,-0.18251338047224505,-0.27057123073068734,173.2,6,Syn
-0.31577385486611076,-0.38475000550778654,-0.11152877971738571,-0.14060352978679086,0.10416543368548933,0.11911850722660434,0.01483030198842935,0.012921351658519742,-0.18733448683689446,-0.2380998272295586,-0.18266723064954699,-0.26736113239458875,173.3,6,Syn
-0.2698220059858374,-0.3186951480914629,-0.10031334441179923,-0.12040754435007028,0.18735569041150352,0.1907801038682752,0.0840237419212834,0.10303291678096706,-0.1756908755816885,-0.22214619518440726,-0.17908293732970212,-0.2571068796534452,173.5,6,Syn
-0.33149348551544067,-0.3886837935425056,-0.11309940336435187,-0.14205552873975769,0.09441419480185398,0.24864713541415953,-0.0015498860211528712,0.06001393313334069,-0.19408363841676357,-0.23384917638890435,-0.17817231060459074,-0.26138427411152027,173.6,6,Syn
-0.3198534732965321,-0.3359783186699275,-0.11130513936176205,-0.13964451007017453,0.007567223494476547,0.010281726682728996,0.01438957944108633,0.01820359939048635,-0.18963719522745653,-0.24136469779596798,-0.18146553602143195,-0.2631740476083732,173.7,6,Syn
-0.341336968517283,-0.40646779361613117,-0.11224340062386132,-0.13256231109549954,-0.14378013001194728,-0.07155043913973368,-0.09164092007385509,-0.06720766054673644,-0.2072447248665868,-0.25768062515558543,-0.18066717834462195,-0.26709841334917916,173.8,6,Syn
-0.273036109038245,-0.32604823567950825,-0.11072161797410032,-0.1397172447116033,0.0728802089338259,0.11233812777274316,0.01552811268838913,0.016278712505108688,-0.18861350164378615,-0.2418870770865935,-0.18001019650641373,-0.27183556613672105,173.8,6,Syn
-0.3450797377195044,-0.41337013465853173,-0.11265983438950537,-0.13527504383323166,-0.05622213086930477,-0.013683407593849355,-0.04929482864997997,-0.026785035953805526,-0.20000660905734105,-0.24946578953687795,-0.18738668879110604,-0.28308322526831964,173.9,6,Syn
-0.33149348551544067,-0.3608923095564813,-0.11326906156516982,-0.1376672053735555,0.09187480967590728,0.17815456971280955,0.024232382998413765,0.07160801925689451,-0.1861975847863241,-0.22307299715164605,-0.18151127526333252,-0.25711508962361423,174.1,6,Syn
-0.3240453748030201,-0.3358872587617164,-0.11085528807171446,-0.13722810364937443,-0.13616197463410715,-0.1226370912317568,-0.06431612213858788,-0.03282828547766563,-0.20178904023832003,-0.24823567056217918,-0.17062533569099628,-0.2537490018543037,174.1,6,Syn
-0.3350678301035621,-0.38702195021765323,-0.11272409885951216,-0.1388767555217598,-0.1607432226532713,-0.13304146660061275,-0.09512997357365399,-0.06268641460666333,-0.20786375839835924,-0.25552370421364784,-0.18590224248578746,-0.27860879152618734,174.1,6,Syn
-0.3433861346554992,-0.3977624663911511,-0.11415591125126363,-0.14188850845203238,-0.09289085208797525,-0.04513033988848144,-0.05028645438150177,-0.012236472285253428,-0.20210939611273923,-0.2504473570749081,-0.1875280646297078,-0.2705876506710254,174.3,6,Syn
-0.33939072853212787,-0.40928609777526437,-0.10944661088916544,-0.13099178161575992,-0.00919271833677173,0.04009201566091183,-0.01671808702554179,-0.006954224553286819,-0.19336343987201665,-0.24200082096439096,-0.1871288857913028,-0.2727715027359927,174.4,6,Syn
-0.33854860546162807,-0.39582289034625495,-0.10803536312781614,-0.12523496944045354,0.09898508802855806,0.2546091932097961,0.03025559114543503,0.12707162044254391,-0.18994309895716507,-0.2179376717059002,-0.18079607984452356,-0.2602512982281914,174.5,6,Syn
-0.34335806388648255,-0.4019830931367351,-0.11344129034478803,-0.13802818470509085,-0.0416968479488896,0.028167900069638693,-0.0338695394929743,0.003923624589661366,-0.19832052550776633,-0.24445263344135904,-0.18788982045201233,-0.27752507546387273,174.8,6,Syn
-0.33053440090737146,-0.3835889916780952,-0.10918184127273743,-0.13693985895926786,-0.006856484020900757,-0.029932937664309798,-0.00492875888411602,0.0005662637430724199,-0.19558425277588506,-0.25118037317626973,-0.1776650208307844,-0.2686829375918058,175.0,6,Syn
-0.3229973994263981,-0.36992089945561074,-0.11277036927791706,-0.14071397868673824,-0.002590317009310287,-0.001525485814512045,-0.002614965510565168,-0.0018510360664716213,-0.1891650918335756,-0.2420850756886854,-0.18000603839351367,-0.2642577636706878,175.2,6,Syn
-0.33846439315457805,-0.37716471515380284,-0.11454663922890497,-0.14105879476462277,-0.06668439758820521,0.16576284174540806,-0.06266341258605156,0.03682576088623304,-0.20345344557082878,-0.24138154874082687,-0.18300819590735123,-0.27543153307076496,175.3,6,Syn
-0.3436107008076325,-0.40453732356205613,-0.11517386045617133,-0.14149250873758687,-0.11310435769051104,0.10415491119049688,-0.06820917130678456,0.0439433658810016,-0.2054863805934589,-0.24463378109859207,-0.18635131867899307,-0.27380595897729304,175.3,6,Syn
0.2805802759698379,0.3942766152288978,-0.014090990293077825,-0.00022836570488177094,0.03428155501943592,0.02173822989787377,0.20305555658284388,0.2386255301718726,-0.1554434208420812,-0.18573130334435226,-0.1497058696908345,-0.2165578369885069,175.3,6,Syn
-0.33983050391338887,-0.37496106537509455,-0.11308140931274996,-0.13473896258714557,-0.12813751763611556,-0.0488712388975083,-0.05168207578142133,0.054149742854632,-0.20233340435575414,-0.23789340315503724,-0.17969002181310972,-0.252977264658413,175.6,6,Syn
-0.32566880094448364,-0.3618302266110555,-0.11279607506591978,-0.13976034672133886,-0.046369316580631544,-0.03753163877639562,0.01049653027288966,0.04573395833251571,-0.18933370018853307,-0.23257271731584364,-0.1818065012792362,-0.26121186473797026,175.9,6,Syn
-0.34819559308035375,-0.420673139297061,-0.11539493023299471,-0.14075169294525686,-0.19944345197269914,-0.2016635827974493,-0.10926982196757587,-0.09943832467399032,-0.21032303168995323,-0.2652214229799374,-0.18798961516161358,-0.2840273718377604,175.9,6,Syn
-0.2131377664181941,-0.22445269608839669,-0.08857865218855783,-0.09950576350392983,0.6214889715433528,0.7022311402586668,0.268466127984337,0.33204969132962103,-0.1360390078772613,-0.15072346540001433,-0.16655454316184534,-0.24677873718078022,175.9,6,Syn
-0.2750384905614335,-0.30404816185570926,-0.11000699706762472,-0.13358867770232769,0.18308952339991305,0.20901698653728118,0.0898633156735784,0.1278326222344374,-0.17307262869827747,-0.20793663593215073,-0.17602256623526383,-0.24773930369055908,175.9,6,Syn
-0.3063841826300378,-0.3284203462884071,-0.11491423199734385,-0.14412711908267328,0.3450007190302752,0.4107917268366677,0.18564701596279462,0.24332583535709712,-0.1610845746608012,-0.19311622992875954,-0.17453811992994525,-0.2620903315460586,176.1,6,Syn
-0.3387451008447447,-0.39661966454310194,-0.11062136540088972,-0.13498410526751659,-0.07541988242146189,-0.07038140819941277,-0.05509767552332973,-0.04545196226084007,-0.20060396437204753,-0.2539902682314891,-0.18294998232675053,-0.27071901019373024,176.4,6,Syn
-0.32243130558456207,-0.37834849396054704,-0.1108989879113191,-0.1331711269830144,0.0898433015751499,0.16997135313056327,0.053356798001998294,0.07751697434689106,-0.18504141320947284,-0.23031047796853807,-0.186663177146497,-0.26738576230509586,176.5,6,Syn
-0.3433674208094881,-0.4071962728818199,-0.11510445482856398,-0.14426989448992233,-0.05226069007282791,0.03997511256687974,-0.0315924729983687,0.03740770343297512,-0.19899736761838133,-0.23618303225186021,-0.1836901264229598,-0.27126086822488754,176.9,6,Syn
-0.2956751842501818,-0.37816637414412485,-0.106701232730475,-0.13578957407444997,0.0798889118814388,0.10251826787404764,0.09948575795723433,0.11534323988512653,-0.17729265495378446,-0.22520885441250998,-0.18445521919656935,-0.2647996217018451,177.1,6,Syn
-0.3369719639351923,-0.38715854007996986,-0.10997615012202146,-0.1308624755865532,-0.10883819067892057,-0.09422963938195904,-0.056199481891687275,-0.032246342930923544,-0.20376657537289267,-0.25807240962355454,-0.18349469511665734,-0.2742164574857455,177.2,6,Syn
-0.32817645630997194,-0.39194373825646256,-0.11384487121643073,-0.14340516041960255,-0.11137757580486728,-0.14870648120091276,-0.01763625899917308,0.009384931566779385,-0.19404509936420186,-0.2410403171074344,-0.18781913253271146,-0.2792902190502185,177.3,6,Syn
-0.3148849471805832,-0.32671752600485976,-0.11062393597968999,-0.13439414650926104,0.03377367799424658,0.045352654892355855,-0.004634943852554007,0.007236220624962459,-0.190595854159929,-0.24323093993908973,-0.18562364892148397,-0.27405225808236455,177.5,6,Syn
-0.33570877932944254,-0.39812670602399547,-0.10813304512222648,-0.131579046498407,-0.040782669303548784,0.001630897724354372,-0.04239017540827267,-0.029112806140773863,-0.19610693867625323,-0.24431361314627323,-0.18648437829179473,-0.27857595164551113,177.7,6,Syn
-0.08385316125046097,-0.028368842742048987,-0.09983264617614838,-0.12398501115812216,0.4599840775331421,0.48408996679478783,0.48640342764546013,0.5991613202842375,-0.11720545462851169,-0.12024431888650232,-0.12017910998756501,-0.17718282005774277,177.7,6,Syn
-0.28550888740464786,-0.32230112045662196,-0.10867800782788413,-0.13498410526751659,0.022295657224967458,0.028284803163670783,0.1113485398565506,0.13575599383238732,-0.17524526778644373,-0.21422625110073032,-0.17254638385082033,-0.23419285291162645,177.9,6,Syn
-0.3044426211063854,-0.32563846609255837,-0.11186552554022133,-0.13969299983112704,-0.06536391732271292,-0.07482372577263217,0.050565555202159176,0.046405430501833496,-0.18576161175421976,-0.23901399098815324,-0.172280264625217,-0.25321535379331545,178.1,6,Syn
-0.28029708129055453,-0.3360329546148541,-0.10807392180982023,-0.13505414603333687,0.17536979261703506,0.19159842552649986,0.07590710167438279,0.09707919687968265,-0.18173909814309153,-0.22980073688655672,-0.18272128611724767,-0.2650295008665785,178.2,6,Syn
-0.31733178254653543,-0.3911196460871522,-0.11515586640456942,-0.14470360846288646,0.06424629950560708,0.03600040736978869,0.006383119831021478,0.007907692794280248,-0.19132809615860144,-0.24609560056510055,-0.180351161764218,-0.2726894030343022,178.3,6,Syn
-0.3233155348085869,-0.3851688810855576,-0.11036430752086253,-0.13580304345249233,0.019857847504058616,-0.005383287917571,-0.013743209830976408,-0.021413258599263213,-0.1935272308454039,-0.24675278741459714,-0.1872411548396042,-0.26987338326631805,178.3,6,Syn
-0.3147866994890249,-0.34336783022125733,-0.11126915125855824,-0.1391811634655172,0.016709009947884698,0.04897665080735063,-0.003312776210524949,-0.00041856210526033765,-0.19090898396199288,-0.23808297628469974,-0.18581908022778643,-0.2773362461499846,178.3,6,Syn
-0.3190300640720434,-0.36739853999816363,-0.1108707115445161,-0.14022908107721313,-0.011427377247604833,-0.02198352727012771,-0.013743209830976408,-0.012549825964268397,-0.1949531757901871,-0.2501861674295954,-0.18812267477441524,-0.27536585330941254,178.3,6,Syn
-0.32827938246303306,-0.3532705952392132,-0.10714851344172233,-0.12687553968601348,0.14459244489056094,0.3397146456651573,0.09529889375747565,0.23482052121240513,-0.17479002522805856,-0.18878974983624028,-0.1721679955769156,-0.24709071604720412,178.6,6,Syn
-0.34656748847738744,-0.41617477983143325,-0.11438983392208839,-0.14035299935520287,-0.15129670998474953,-0.11714264581224858,-0.10155717738907302,-0.0853821739296046,-0.20786134970757414,-0.25855687428824753,-0.18436789882566826,-0.272648353183457,178.9,6,Syn
-0.3031560441931218,-0.3413736182314345,-0.10965739835078774,-0.13582998220857706,-0.014373063993703014,0.02173822989787377,-0.040039655155776566,-0.016131010867296604,-0.1982362213302876,-0.24907400506890884,-0.1835570668101581,-0.2736663894844192,178.9,6,Syn
-0.3044987626444188,-0.3864118488326389,-0.10815360975262865,-0.13394965703386305,0.15993033105127907,0.1720756088231409,0.06206106831202293,0.07921803717582947,-0.17365312317748818,-0.21388501946733787,-0.17458801728474588,-0.25162261958051974,178.9,6,Syn
-0.3356245670223926,-0.3798373234597983,-0.11415848183006391,-0.14133357007668698,-0.07938132321793875,-0.03460906142559338,-0.06288377385972307,-0.05834422791174162,-0.20023784337271128,-0.25263797990656345,-0.18786902988751206,-0.27554647265313165,179.0,6,Syn
-0.3323777147394655,-0.36540888100375135,-0.1108244411261112,-0.13262157635888594,-0.022499096396732483,0.07656578099892376,-0.02927867962481784,0.005758981852463323,-0.19453888097514874,-0.23766591539944226,-0.18258406839154592,-0.263798005341221,179.1,6,Syn
-0.311137499516859,-0.37920445709773126,-0.11149793277178245,-0.1378557766661486,0.03793826960079918,0.04359910848187451,0.0015718986891935162,-0.009281994740255156,-0.19426429022564656,-0.25079701418073,-0.17928252674890463,-0.2682149692921699,179.1,6,Syn
-0.31212465489394486,-0.36361955380740346,-0.10834383258384878,-0.135835369959794,0.0552060884572368,0.06288811899716928,0.02639926885618361,0.031991161267144956,-0.1866287404368582,-0.23697081392401317,-0.17674191976697282,-0.2613185943501679,179.1,6,Syn
-0.3408644439055025,-0.4033489917599014,-0.1145440686501047,-0.13960410193604744,-0.18501974445732183,-0.17991960730748066,-0.10919636820968537,-0.11300206249420966,-0.2096341461254127,-0.2654152088458146,-0.18085013531222424,-0.2591101123746934,179.3,6,Syn
-0.32812967169494417,-0.3621352773035627,-0.11404537636285195,-0.13836222528054148,-0.08771050643104396,-0.08768306611616203,-0.04396943120291849,-0.03529035009849752,-0.19740522300942576,-0.2489518357186819,-0.1863138956628926,-0.2646354222984641,179.3,6,Syn
-0.3349976531810205,-0.4006718304584954,-0.11561857058861837,-0.14500262865542693,-0.18004254961046628,-0.21358769838872244,-0.100969547325949,-0.08600888128763454,-0.20941736395475308,-0.26465270359094994,-0.16376444940591042,-0.17478550876838014,179.5,6,Syn
-0.038996072361837344,0.06319644795961118,-0.1056395836859627,-0.12456150053833534,0.3792316305280368,0.4056479906992558,0.5191270767856794,0.6280793883761904,-0.11221223863098541,-0.11509635523211231,-0.11510205413660148,-0.1403939437302294,179.5,6,Syn
-0.3148989825650915,-0.3620214524182988,-0.11087585270211664,-0.13493022775534713,-0.07816241835748433,-0.07938294643988367,0.013324499951674033,0.014935768166473108,-0.18978171667456292,-0.23789761589125197,-0.17907462110390202,-0.25025155456228837,179.8,6,Syn
-0.2672394952363046,-0.28266729540774566,-0.10701484334410818,-0.1343779832556102,0.21203851383570552,0.22269464853903567,0.17775073698956553,0.22121201858089792,-0.1664125986774573,-0.1990098478931553,-0.17242579857671883,-0.23113053403857078,179.8,6,Syn
-0.31362176257483343,-0.3564485860357802,-0.11115090463374575,-0.1357168394330212,-0.11990990982804822,-0.16308556176685976,-0.03875421439269276,-0.05333056904750213,-0.19965253151193035,-0.2578912619663215,-0.18057985797372086,-0.2706451204622088,180.0,6,Syn
-0.34475224541431004,-0.40041686271550436,-0.1132150794103641,-0.13616941053524462,-0.1744559023333835,-0.17559419282829333,-0.09582778427361377,-0.06993831403529545,-0.2092029904748786,-0.2600650338531179,-0.18156117261813315,-0.2588227634187767,180.0,6,Syn
-0.3047701134115798,-0.3625723648629759,-0.11302999773674452,-0.13904108193387663,0.03316422556401937,-0.014501729252073983,0.007999102504612549,0.003073093175192166,-0.1874525126853647,-0.23727834366768788,-0.17625542055766674,-0.2667946444529243,180.2,6,Syn
-0.2803157951365657,-0.2985891203584545,-0.09235226186735704,-0.10768167597564478,0.00015221892671215824,-0.02268494583432025,0.05820474602277151,0.059879638699477135,-0.17521154611545225,-0.22195240931853005,-0.16195151218148773,-0.24006298158249725,180.2,6,Syn
-0.2759227197854583,-0.2831362539350327,-0.10663696826046822,-0.13270239262714015,0.49827800523241844,0.650092360320355,0.20944603351931768,0.25774010459178565,-0.15543137738815568,-0.1841346763189727,-0.15988493007016188,-0.24349474911316019,180.5,6,Syn
-0.3163165564004329,-0.3817677935138734,-0.10954429288357577,-0.13522655407227915,0.07653692351518915,0.060199347834431226,0.030622859934887545,0.025321204385254915,-0.18539549075488354,-0.2352688684932656,-0.1784259554914939,-0.26153205357456316,180.6,6,Syn
-0.33058118552239923,-0.40247481664107493,-0.11293745689993474,-0.14035838710641982,-0.050432332782146275,0.006073215297573774,-0.04088437337151735,-0.00883434662737663,-0.19957063602523673,-0.24767116390940647,-0.18025968328041686,-0.2681903393816628,180.6,6,Syn
-0.31235857796908373,-0.3824780607979199,-0.11119460447335036,-0.13709879762016774,0.032351622323716425,0.09632240389034688,0.0006537267155622258,0.02764897457222325,-0.19096197515926522,-0.23760693709243616,-0.18243437632714407,-0.2709735192689708,180.9,6,Syn
-0.2682640783054127,-0.3025365673794052,-0.10723077196333103,-0.13426214660444588,0.5484562553211254,0.6420260468321408,0.27221226963675266,0.34288277566128134,-0.15151966355314234,-0.17796723050062005,-0.1683882709507683,-0.24154077621292627,180.9,6,Syn
-0.33313094704141255,-0.3998796092570589,-0.10964454545678638,-0.13415977933132392,0.12498839171825235,0.16272336130057374,0.03591153050300378,0.055582216815843286,-0.18718514800821787,-0.23326360605505803,-0.18480865879307376,-0.2699801128785157,181.0,6,Syn
-0.3465113469393541,-0.41175837428319545,-0.11333075545637634,-0.13786924604419096,-0.15282034106031755,-0.14017255533657022,-0.10071245917333224,-0.10839128693156085,-0.20907292117248283,-0.26728987646136576,-0.18677544619479838,-0.2800783761864473,181.0,6,Syn
-0.3342912054941012,-0.38472268753532324,-0.11123830431295498,-0.13762410336381994,-0.08120968050862039,-0.0901380310908359,-0.046503585850140854,-0.054449689329698445,-0.19961158376858354,-0.25641680429116886,-0.183789921132561,-0.2735021900810382,181.0,6,Syn
-0.28439073510548424,-0.29701833694181323,-0.10882967197710018,-0.12992500687480468,0.5286490513387411,0.558674140787261,0.2354486638125558,0.27864527146321283,-0.15908054392759238,-0.18575236702542589,-0.1684755913216694,-0.23827320808564434,181.2,6,Syn
-0.31051526413698965,-0.3660326413749973,-0.10756751778616665,-0.13414361607767308,0.18603521014601124,0.19042939458617894,0.06176725328046092,0.07366720057613574,-0.17932318128562946,-0.22417252130368842,-0.1810788315217271,-0.2591840021062149,181.2,6,Syn
-0.2949687365632625,-0.3234074983413867,-0.10557788979475617,-0.12591651996939715,0.5273285710732488,0.6924112803599713,0.20503880804588748,0.27582508835207814,-0.16238526768475883,-0.1881957540299645,-0.16869597130537214,-0.25880634347843856,181.5,6,Syn
-0.3343239547246206,-0.3754027059299183,-0.1122356888874605,-0.13610745139624975,-0.1546486983509992,-0.1460177100381747,-0.0953503348473255,-0.08493452581672607,-0.20923189476429987,-0.2656258456565507,-0.18130752773122996,-0.2669752637966434,181.5,6,Syn
-0.34146796543936075,-0.40150502861862686,-0.11399139420804623,-0.1413012435693853,-0.13077847816710014,-0.12544276548852695,-0.07658289970630193,-0.06662571799999435,-0.20583323206651424,-0.261956552413528,-0.18702909108170157,-0.2830339654473053,181.5,6,Syn
-0.3364479762468813,-0.3538306136747114,-0.11506332556775963,-0.14525046521140644,-0.05368274574335806,0.07072062629731928,-0.042243267892491665,0.024604967404649274,-0.2006689990232454,-0.24350055505683194,-0.18472549653507273,-0.2720490253611163,181.7,6,Syn
-0.3455850115618043,-0.40438252171809724,-0.11527154245058166,-0.146085566650033,-0.11990990982804822,0.041728658977361076,-0.07331420748017453,0.011578407319884163,-0.2057055714549036,-0.2467485746783824,-0.1879022947907125,-0.2813919714134953,181.7,6,Syn
-0.3439241577283185,-0.3966970654650814,-0.11318937362236138,-0.13897912279488175,-0.09939167801039882,-0.03788234805849189,-0.06321431577023033,-0.027769861802138286,-0.203458262952399,-0.25386388614504746,-0.18880876340292382,-0.28359224341880074,182.1,6,Syn
-0.31182991181926994,-0.34387321271182886,-0.11179354933381372,-0.14031528509668426,0.1277309276542748,0.12169037529531031,0.03995148718698146,0.06305794030091467,-0.18479331805860685,-0.22997345907136033,-0.18674218129159798,-0.2712198183740423,182.1,6,Syn
-0.30519117494682974,-0.32102628174166675,-0.1100558380648299,-0.13326541262931094,-0.08283488698922628,-0.11936380459885829,0.007595106836214781,0.011623172131172015,-0.19160268690810361,-0.24368591545027968,-0.17838853247539344,-0.26366664581851623,182.1,6,Syn
-0.33725735008686164,-0.368222632167474,-0.11522784261097703,-0.14370148673653457,-0.07095056459979568,0.0793714552556939,-0.05814600647578561,0.01945701410654622,-0.20122058921303485,-0.23768276634430116,-0.18256327782704568,-0.2630262681453303,182.3,6,Syn
-0.3447475669528073,-0.40202407009543006,-0.11403509404765086,-0.1408271214622941,-0.09664914207437637,0.025011516530772278,-0.06229614379659905,0.009205872321627975,-0.2029259422888904,-0.242181968621624,-0.184908453502675,-0.27257446345193553,182.3,6,Syn
-0.2803906505206101,-0.33082432786517985,-0.10506634461350206,-0.12753823308569778,0.25713799367251905,0.28161380793120877,0.10866747769354723,0.11959589695747253,-0.17583057964722468,-0.21920570530653147,-0.1687084456440723,-0.25135990053511015,182.4,6,Syn
-0.32629571478585573,-0.3663513510537361,-0.10946460494076735,-0.13552557426481962,-0.10193106313634552,-0.07949984953391576,-0.06762154124366053,-0.04401948829962878,-0.20286813371004786,-0.25579331933139005,-0.1763635314930681,-0.2607685263488415,182.7,6,Syn
-0.27403729979983926,-0.29571618025439467,-0.0931157237710378,-0.10718061511246883,0.34733695334614617,0.4203777805472991,0.14667979740188267,0.17358225937062277,-0.15751248622648792,-0.18766494926690955,-0.17394350978523782,-0.2409907082115999,182.9,6,Syn
-0.31615748870933846,-0.37641347091106137,-0.11351840770879619,-0.13941822451906283,0.0452516987635257,0.06125147568072003,0.00619948543629522,0.014488120053594582,-0.19265528478119526,-0.24600292036837665,-0.1818938216501373,-0.2579278766703502,183.1,6,Syn
-0.2862480843220866,-0.3348764937805733,-0.10336205086892176,-0.1274574168174436,0.32163837587156546,0.34427386633240875,0.1399587785549016,0.1780139756881202,-0.16410266421453995,-0.19511306689453764,-0.1725838068669208,-0.24290363126098857,183.1,6,Syn
-0.34177206543704125,-0.3887111115149689,-0.11322793230436547,-0.13994891801393197,0.02209250641489172,0.14238222293899017,-0.014734835562498202,0.05034473389516453,-0.194387133455687,-0.23198714698199732,-0.18799377327451364,-0.2695860343104013,183.1,6,Syn
-0.32179503482018446,-0.39180714839414593,-0.11177555528221182,-0.13815210298308062,-0.028288894483890978,-0.06745883084861054,0.013765222499017054,0.019994191842000453,-0.19086562752786096,-0.24409876359932242,-0.1746046497363461,-0.2532646136143298,183.2,6,Syn
-0.315600751790508,-0.3543906321102096,-0.10948259899236924,-0.1338634530143919,0.05733917196303204,0.07633197481085957,0.0001028235313834515,0.0038788597783735133,-0.1900563074240651,-0.238639057465043,-0.17512441384885258,-0.25663891135380934,183.2,6,Syn
-0.3381977208489198,-0.3930956460953328,-0.11432299887328132,-0.14109920289874986,-0.14225649893637926,-0.12661179642884784,-0.09083292873705956,-0.07235561384483949,-0.20489866004189283,-0.24892655930139357,-0.16660444051664597,-0.21110641679625766,183.3,6,Syn
-0.3191704179171267,-0.3559204385681559,-0.11220998309945777,-0.14228989591769484,0.3503842154972822,0.4942605359755796,0.17327005775824483,0.248831907145503,-0.17160814470093255,-0.20623469050140314,-0.18211004352094,-0.2382485781751372,183.3,6,Syn
-0.315684964097558,-0.3768824294383485,-0.10486583946708085,-0.1337853306217462,0.025342919376103508,-0.016138372568523237,-0.008491266141805428,-0.01962266614774911,-0.1884183976901925,-0.2435131932654761,-0.175556857590458,-0.264939191194719,183.4,6,Syn
-0.3305297224458687,-0.3989007152437897,-0.11016123179564104,-0.1356548802940263,0.06363684707537987,0.11140290302048643,0.019898611282874075,0.039377355129640634,-0.18859664080829042,-0.23627571244858409,-0.17637600583176824,-0.2682067593220009,183.4,6,Syn
-0.31641012563048837,-0.3432494523405829,-0.11063421829489108,-0.13317382085862287,0.2642482720251699,0.35666559429981026,0.07260168256931014,0.09555719329589567,-0.18225937535267456,-0.2250403449639211,-0.18039690100611858,-0.25979153989872455,183.6,6,Syn
-0.3304782593693381,-0.3704535999186456,-0.11072675913170087,-0.13236296430047256,-0.0577457619448728,0.026414353659157352,-0.02806669261962454,0.005982805908902586,-0.1959190607950149,-0.23961641226685845,-0.18397287810016333,-0.2666468649898814,183.8,6,Syn
-0.3438914084977991,-0.4051383189562493,-0.1156160000098181,-0.14547944463812662,-0.15728965888198376,-0.12439063764223814,-0.09630523369990204,-0.058075639044014506,-0.21092520438622991,-0.2672224726819302,-0.18795219214551312,-0.28005374627594015,183.8,6,Syn
-0.3108942195187146,-0.3678492865438085,-0.10804307486421696,-0.13522386019667068,0.04900998874992683,0.054120386944762566,-0.009556345631217723,-0.009998231720860796,-0.19174961704599514,-0.24781860967692174,-0.17733237179878023,-0.25547309558980424,183.9,6,Syn
-0.3428527900441827,-0.4035766415304291,-0.11295802153033692,-0.13981153035789984,0.0208736015544373,0.17733624805458492,-0.011539597094261311,0.06404276614924742,-0.1953192967895233,-0.2335711357987327,-0.18678792053349855,-0.2727797127061618,184.1,6,Syn
-0.31516565487074977,-0.37485634648065175,-0.11104808148173487,-0.13761332786138605,0.19690377848506313,0.20702963393873566,0.0894960468841259,0.11144870130308335,-0.17155033612209,-0.209385817190015,-0.17011388780428988,-0.24623687914962292,184.2,6,Syn
-0.3139305410340167,-0.3552875722060888,-0.1125570112374945,-0.137618715612603,-0.13748245489959945,-0.12485825001836649,-0.10038191726282497,-0.09437990099846297,-0.20832381833831462,-0.2593025285982533,-0.17828042153999207,-0.2620246517847062,184.3,6,Syn
-0.3469043377055874,-0.4133109457181945,-0.11181154338541563,-0.13354018794137518,-0.07938132321793875,-0.008890380738533685,-0.06056998048617222,-0.02732221368925976,-0.2000981393071751,-0.2437491064935005,-0.18757796198450843,-0.2752591236972149,184.3,6,Syn
-0.3354327501007787,-0.37823466907528314,-0.11448494533769844,-0.13822483762450938,-0.14012341543058401,-0.05015717293186129,-0.09377107905267969,-0.060940586966437074,-0.20801791460860608,-0.25641259155495416,-0.18670060016259746,-0.2786005815560183,184.3,6,Syn
-0.33677079009057287,-0.38826036496932403,-0.11238992361547681,-0.14005667303827088,-0.08253016077411267,-0.08592951970568068,-0.0667400961489745,-0.07638444686074622,-0.2031354983871947,-0.2627401213494663,-0.18594798172768803,-0.2776400150462394,184.6,6,Syn
-0.3206020271369764,-0.3774105769059728,-0.11305570352474724,-0.13934548987763407,0.09400789318170251,0.08451519139310584,0.023314211024782473,0.03807917560229291,-0.19246981559074205,-0.24405242350096049,-0.18313293929435281,-0.26063716682613675,184.7,6,Syn
-0.31136674413049503,-0.3291624845403275,-0.10841066763265585,-0.1349436971333895,-0.005942305375559943,-0.03227099954495159,0.022432765930096434,0.021068547312908917,-0.18738025196181152,-0.23933415894047208,-0.1732158400277287,-0.2563269324873854,184.7,6,Syn
-0.3103234472153758,-0.36740309299357415,-0.11007897327403234,-0.13866663322429892,0.24748833019392158,0.3059296514898834,0.09658433452055945,0.1275640333667103,-0.17546445864788845,-0.20984500543741968,-0.17656727902517064,-0.2584697347015075,185.1,6,Syn
-0.2858036304793228,-0.35926233719950285,-0.10968053355999019,-0.13634990020101231,0.1934502147137756,0.1877406234234409,0.13415593168155185,0.14802155212525894,-0.1698401656646642,-0.20776812648356185,-0.16944858974028157,-0.2533877631668655,185.3,6,Syn
-0.30804503646352355,-0.3529883095237588,-0.10954943404117631,-0.13486288086513532,-0.08385064103960496,-0.0935282208177665,0.0005435460787264709,0.003834094967085661,-0.18996477717423105,-0.24407769991824882,-0.17568160097745955,-0.25193459844694366,185.3,6,Syn
-0.325556517868417,-0.3703079040655079,-0.10982962713040596,-0.1345584729213779,0.16825951426438426,0.23076096202724983,0.026032000066731092,0.048598906254938276,-0.1902779069762949,-0.24215247946812096,-0.17975655161951054,-0.2641346141181521,185.3,6,Syn
-0.3284945916921608,-0.3742644570772797,-0.11226139467546321,-0.14095103974028383,-0.050940209807335615,-0.06605599372022546,-0.04507123757127604,-0.0554345151780312,-0.2006762250956007,-0.2617248519217183,-0.18512467537347774,-0.2773362461499846,185.5,6,Syn
-0.3212663686703707,-0.317784549009352,-0.10987846812761112,-0.13708802211773385,0.1582035491656353,0.32334821250066476,0.07267513632720064,0.155900158911921,-0.18121400355193826,-0.21234737074896443,-0.17737395292778074,-0.26539894952418575,185.6,6,Syn
-0.344878563874885,-0.40789288117963474,-0.1145440686501047,-0.14166222290092068,-0.12661388656054753,0.06452476231361853,-0.07717052976942596,0.03405034258638617,-0.20707370782084422,-0.24410297633553713,-0.18735758200080568,-0.2792902190502185,185.6,6,Syn
-0.33974161314483614,-0.36791758147496684,-0.11423045803647153,-0.13941553064345436,-0.09329715370812672,-0.01777501588497249,-0.06394885334913537,-0.030008102366530915,-0.20458793893061405,-0.2558902122643287,-0.18880876340292382,-0.2787483610190612,185.7,6,Syn
-0.32769457477518593,-0.3746059317330713,-0.10986047407600923,-0.13823022537572632,0.23783866671532408,0.3303623981425901,0.06749664639592017,0.09663154876680413,-0.18201368889259367,-0.22448847651979256,-0.1775319612179827,-0.2636502258781781,185.9,6,Syn
-0.3100614533712203,-0.33031439237919774,-0.11214828920825125,-0.14183193706425445,0.33453845231137475,0.43674421371179156,0.1447332728177843,0.20755875113810288,-0.16861414205504488,-0.19713096754138937,-0.1822930004885423,-0.24914320858946662,186.0,6,Syn
-0.32022775021675426,-0.38069328659698254,-0.11155191492658816,-0.1399650812675828,-0.006754908615862889,0.005488699827413326,0.06330978219616148,0.08611181811415876,-0.18332160798890665,-0.2293752505288698,-0.169644021046584,-0.24516137305747734,186.2,6,Syn
-0.3165691933215828,-0.3488359777093332,-0.10115906483708871,-0.11789146453175668,0.06343369626530414,0.05482180550895511,0.04454234705513791,0.06287888105576325,-0.18071299586863604,-0.22235683199514336,-0.1754362723163565,-0.2503664941446551,186.4,6,Syn
-0.3208172363661041,-0.3747015446366929,-0.11180640222781509,-0.13996777514319128,-0.13189580762251668,-0.16659265458782246,-0.045511960118619056,-0.05597169291348543,-0.2024177085332329,-0.26193970146866913,-0.17643421941236898,-0.26295237841380886,186.6,6,Syn
-0.32579511940505856,-0.37835304695595756,-0.11251845255549041,-0.14082981533790256,0.20685816817877423,0.2645459562025237,0.06375050474350451,0.09175218433642819,-0.18375276363944076,-0.2272056913782881,-0.18358201548755843,-0.27254162357125933,186.6,6,Syn
-0.3391193777649668,-0.40411389498887457,-0.11359809565160463,-0.14020483619673688,-0.08720262940585462,-0.07096592366957322,-0.052783882149778874,-0.05521069112159194,-0.20090505072018586,-0.2606927315491115,-0.1837150751003601,-0.2771227869255893,186.7,6,Syn
-0.318786784073899,-0.37970528659289227,-0.11138482730457049,-0.1357464720647144,-0.03285978771059505,-0.04501343679444935,-0.022961656446234564,-0.032559696609938515,-0.1947460283826679,-0.2517406670928277,-0.17668786429927216,-0.25652397177144265,186.8,6,Syn
-0.34850905000103977,-0.4223258766310923,-0.11511730772256534,-0.1434913644390737,-0.16622829452531618,-0.10627065806726425,-0.10177753866274454,-0.09115683458573759,-0.2096317374346276,-0.2676690227206907,-0.18472133842217267,-0.2746926357555505,186.8,6,Syn
-0.3339403208813929,-0.38504139721406205,-0.11561857058861837,-0.1387474494925531,-0.16216527832380145,-0.104634014750815,-0.08550753128999806,-0.05865758159075659,-0.20798419293761458,-0.2632877770573801,-0.18781913253271146,-0.28351014371711025,186.8,6,Syn
-0.24488112771453444,-0.20580362688676573,-0.05411233163451166,-0.04060956107588903,0.309652478077097,0.3780588605076826,0.1010282868729349,0.11171729017081046,-0.17230666502861353,-0.21701508247487614,-0.17676686844437314,-0.2604072876614033,186.8,6,Syn
-0.3301414101411382,-0.3919983742013892,-0.11149793277178245,-0.1377076135076826,0.040985531751935235,0.10859722876371629,0.0011679030207957485,0.02433637853692216,-0.19065848012034178,-0.23381126176297184,-0.18194371900493791,-0.26756638164881497,186.9,6,Syn
-0.3050133934097242,-0.37652729579632527,-0.10967539240238965,-0.13759177685651827,0.21366372031631142,0.23847656623336774,0.0991184891677818,0.10943428479512998,-0.17125406715552186,-0.20860224825407678,-0.17994366670001288,-0.26106408527492736,187.0,6,Syn
-0.3270349117032944,-0.38158112070204064,-0.11008668501043316,-0.1351134112967233,-0.0214833423463538,0.15372182306010285,-0.03206992242465696,0.040093592110246275,-0.1979182741466535,-0.23159114977781348,-0.1767793427830733,-0.261499213693887,187.1,6,Syn
-0.34498616848944885,-0.42149723146637136,-0.11462375659291313,-0.141926222710551,-0.16358733399433162,-0.10030860027162769,-0.09145728567912884,-0.05221144876530581,-0.2092728425076467,-0.2588728295043517,-0.18671723261419765,-0.27791915403198714,187.1,6,Syn
-0.2897007889111358,-0.3437411758449228,-0.10589407098718961,-0.12899561978988155,0.024835042350914164,0.09410124510373719,0.019200800582914294,0.05115050049834587,-0.18674194890375823,-0.2281704079714594,-0.16508672930812698,-0.24491507395240586,187.4,6,Syn
-0.3353345024092204,-0.3780707612405032,-0.11229224162106648,-0.13815210298308062,0.016201132922695358,0.0928153110693842,0.014095764409524317,0.07832274095007241,-0.18958179533939906,-0.22430732886255952,-0.18765280801670936,-0.2613103843799988,187.4,6,Syn
-0.3308525362895603,-0.3743555169854908,-0.11109178132133948,-0.1360832065157735,0.09766460776306576,0.09527027604405808,0.04226528056053231,0.06220740888644547,-0.18964201260902674,-0.23783442484803113,-0.1811120964249275,-0.26503771083674754,187.4,6,Syn
-0.2664114075503131,-0.2792024659003137,-0.10730274816973864,-0.13726312403228458,0.2598805296085415,0.3198411196797021,0.11336851819853944,0.13674081968072008,-0.16915128010012367,-0.20546797251032375,-0.16556491229163295,-0.23549002819833637,187.5,6,Syn
-0.278191773614305,-0.334266392395559,-0.11198891332263439,-0.14127969256451753,0.6275834958456249,0.7028156557288273,0.24885397462757267,0.2994161439007765,-0.15399579768023205,-0.18346906399704668,-0.1696523372723841,-0.25538278591794467,187.5,6,Syn
-0.32147222097649286,-0.35835629111280254,-0.11344386092358831,-0.14064393792091795,-0.14388170541698514,-0.08405907020116725,-0.09002493740026402,-0.07172890648680955,-0.2089910256857892,-0.26527197581451406,-0.18424731355156676,-0.2755546826233007,187.6,6,Syn
-0.3422258762028106,-0.3852144110396631,-0.11435384581888458,-0.13818712336599076,-0.13900608597516748,-0.0700306989173165,-0.08576461944261483,-0.05718034281825745,-0.20807090580587842,-0.2622851458382763,-0.18823494382271666,-0.28580893536444424,187.6,6,Syn
-0.3072075918545265,-0.3736907796555498,-0.11023577858084893,-0.13552557426481962,0.10325125504014852,0.1720756088231409,0.02320403038794672,0.05544792238197972,-0.18704544394268166,-0.22758483763761306,-0.18880876340292382,-0.27708173707474404,187.6,6,Syn
-0.24655133847102575,-0.19078784802275722,-0.10852120252106755,-0.13274010688565877,0.5914226516521437,0.6635362161340452,0.28367105586767116,0.3456581939611282,-0.1388258631156298,-0.15368080622274902,-0.16996835385278805,-0.22930792066104166,187.9,6,Syn
-0.31148838412956725,-0.3708314985377216,-0.10788112839979982,-0.13680785905445267,-0.08090495429350678,-0.1068551735374247,-0.04297780547139669,-0.06550659771779804,-0.2004257212539496,-0.2615900443628472,-0.1833408449393554,-0.2756367823249912,188.0,6,Syn
-0.31017373644728696,-0.37374541560047647,-0.11040800736046714,-0.13843495992197025,0.010411334835536861,0.014957850444012578,0.009688538936094124,-0.005656045025939093,-0.18962274308274588,-0.2443852296619235,-0.18121189113452876,-0.26796867018709847,188.1,6,Syn
-0.305457847252488,-0.3846771575812177,-0.10628736954363123,-0.1304583942452823,0.0410871071569731,-0.00281141984886503,0.0002864579261097096,-0.014071829548055385,-0.1907403756070354,-0.24626411001368942,-0.18463401805127158,-0.2774183458516751,188.1,6,Syn
-0.13828706083526862,-0.09883099971578936,0.20656492334346524,0.38438433654360515,0.4653675740001491,0.4857266101112371,0.2261200365604619,0.26244040977701016,-0.15038276150257196,-0.1776133606585834,-0.15837969320034304,-0.23871654647477306,188.2,6,Syn
-0.34213230697275504,-0.4003758857568094,-0.11325877924996873,-0.13856426595117693,-0.015693544259195304,0.04511884870429168,-0.023439105872522834,0.011265053640869195,-0.19643933800459795,-0.24287285736083838,-0.18492508595427523,-0.27452843635216945,188.4,6,Syn
-0.32373659634383684,-0.3915385216649232,-0.11100438164213024,-0.13520769694301984,0.04007135310659442,0.051899228158152864,-0.0010724365948646002,-0.013042238888434775,-0.19018396803567575,-0.24360166072598524,-0.1782970539915923,-0.26310015787685176,188.4,6,Syn
-0.31402411026407223,-0.3673165860807736,-0.11354668407559919,-0.14293911993933678,0.19162185742309398,0.23648921363482223,0.04182455801318929,0.05012090983872526,-0.18657093185801563,-0.23598082091355357,-0.17853822453979531,-0.27089141956728024,188.5,6,Syn
-0.31627445024690787,-0.3456898578806401,-0.10575011857437439,-0.1276163554783435,-0.005536003755408469,-0.054716393599112775,0.006236212315240471,-0.0014033879535930952,-0.19459909824477642,-0.2533667832717103,-0.18546564063128199,-0.27822292292824197,188.5,6,Syn
-0.3057385549426546,-0.3475247150310935,-0.10799937502461233,-0.1361209207742921,0.14774128244673485,0.1786221820889379,0.05365061303356031,0.0576413981350845,-0.17861261750402296,-0.22292555138413078,-0.18028879007071721,-0.2609163058118844,188.6,6,Syn
-0.3318303347436406,-0.39034563686735796,-0.10948516957116952,-0.13297986181481283,-0.030015676369534738,-0.04501343679444935,-0.03206992242465696,-0.03524558528720967,-0.1954565921642744,-0.24938996028501295,-0.18615588737269062,-0.27584203157921744,188.6,6,Syn
-0.33021626552518263,-0.3660417473658184,-0.11235136493347274,-0.1351026357942894,-0.10274366637664847,-0.11609051796595977,-0.03599969847179889,-0.010490644645027176,-0.19972479223548356,-0.24980702117027043,-0.18527020932497956,-0.2725662534817665,188.7,6,Syn
-0.27089805213147605,-0.3155080513040748,-0.10633106938323585,-0.13450459540920845,0.451553318914999,0.4837392575126916,0.1951592776096148,0.2535769771420154,-0.1562985060707941,-0.18187243697166713,-0.17202661973831382,-0.23666405393251053,188.9,6,Syn
-0.3139258625725139,-0.3311976734888453,-0.10850577904826592,-0.1327266375076164,-0.06262138138669048,-0.09995789098953142,0.009982353967656137,0.026216500611011967,-0.19292264945834212,-0.24109086994201107,-0.17886255734599937,-0.2625993496965397,189.1,6,Syn
0.3934668735703385,0.7019043031384186,-0.10090971869346232,-0.12928386447998816,0.3384998931078516,0.34368935086224833,0.16978100425844592,0.17349272974804708,-0.15430170140994062,-0.18723525017300793,-0.1625627547777954,-0.23537508861596967,189.1,6,Syn
-0.3220710640488483,-0.3959503742177505,-0.10956999867157849,-0.13814940910747214,0.08974172617011203,0.08404757901697749,0.01802554045666624,0.007280985436250312,-0.18767170354680943,-0.24598606942351778,-0.1766421250573716,-0.2698323334154728,189.2,6,Syn
0.9697036199443471,1.3052399369726284,0.4433640718457161,0.6690569475933597,0.6108235540143766,0.7279498209457266,0.27382825231034374,0.3316468080280303,-0.14146578821610678,-0.16086773420506437,-0.16351080451900726,-0.22756740698520306,189.2,6,Syn
-0.3198862225270515,-0.36090141554730243,-0.09902548443286299,-0.11675195514937269,0.2002557668513128,0.2533232591754431,0.08082850345304651,0.10406250744058766,-0.17420953074884785,-0.21572177245695656,-0.17776065742748556,-0.2591840021062149,189.3,6,Syn
-0.3429229669667243,-0.39619168297450985,-0.11339244934758287,-0.13827602126107036,-0.1125964806653217,-0.09493105794615157,-0.06780517563838678,-0.05570310404575832,-0.20314513315033514,-0.2549886867143782,-0.18513714971217787,-0.2751277641745101,189.4,6,Syn
-0.31910024099458506,-0.35553798695366934,-0.11236678840627437,-0.13833528652445676,0.17262725668101261,0.23274831462579537,0.07421766524290122,0.11708906752535278,-0.17877881716819533,-0.21638317204266788,-0.1800892006515147,-0.2584615247313385,189.5,6,Syn
-0.3406679485223859,-0.39427942490207696,-0.11385515353163182,-0.14330009927087212,0.018740518048642064,0.07001920773312674,0.0038122383048538647,0.033378870417068385,-0.1941944381928785,-0.24182388604337265,-0.17981476520011128,-0.2627224992490754,189.7,6,Syn
-0.3309227132121019,-0.38802816220338576,-0.1129503097939361,-0.14025871370890633,0.06272266843003906,0.1765179263963603,0.004106053336415878,0.05808904624796303,-0.19052600212716092,-0.23106877048718796,-0.18032205497391762,-0.2568359506378666,189.8,6,Syn
-0.2951231257928541,-0.3185175812704512,-0.10994016201881765,-0.13637414508148857,0.2860869841083115,0.31282693403777667,0.1636476154745889,0.20984175651378337,-0.1623322764874865,-0.1909466707781778,-0.17630531791246737,-0.23741116121789407,190.0,6,Syn
-0.34187967005160513,-0.38739984883672923,-0.11169586733940338,-0.1338445958851326,-0.032148759875329974,0.07983906763182226,-0.053040970302395636,-0.01725013114949292,-0.2032487068540947,-0.25534676929262956,-0.18606025077598945,-0.2690277563389059,190.2,6,Syn
-0.34165510389947185,-0.4037496553560302,-0.11360323680920517,-0.14014018318213353,-0.15769596050213525,-0.09633389507453664,-0.08782132466354892,-0.05964240743908934,-0.20729771606385916,-0.2553383438202001,-0.17381045017243615,-0.24603162989539665,190.2,6,Syn
-0.329977663988541,-0.37073133263868946,-0.1106419300312919,-0.13514035005280803,0.1524137510784768,0.26407834382639533,0.04961065634958263,0.09716872650225836,-0.17868969560914638,-0.21046006492476907,-0.18211835974674012,-0.2568113207273594,190.2,6,Syn
-0.3129714564259475,-0.3746833326550507,-0.10937977584035836,-0.13563063541355005,-0.041392121733775995,-0.04548104917057771,-0.018701338488585375,-0.03009763198910662,-0.19320928366176982,-0.25082229059801836,-0.17651738167037,-0.2631247877873589,190.3,6,Syn
1.0235573903028103,1.4644946104430014,0.20244428552662933,0.35131970732521,2.3984491072758214,2.539480166066986,0.6753632198187797,0.7581211651674021,-0.1492145464717952,-0.17648434735303797,-0.1458055597905857,-0.221984627270249,190.3,6,Syn
-0.30338528880675786,-0.311223682622743,-0.1105134010912783,-0.13370720822910048,0.13880264680340246,0.2155635598030782,0.048251761828608325,0.09658678395551627,-0.1778755581237803,-0.20587239518693706,-0.17749453820188224,-0.25805102622288595,190.5,6,Syn
-0.32385355788140624,-0.3476749638796418,-0.11040543678166688,-0.1388767555217598,0.17770602693290602,0.23625540744675805,0.06518285302236931,0.09134930103483752,-0.18546775147843675,-0.23301084188217472,-0.18690018958179994,-0.2666797048705576,190.8,6,Syn
-0.3473066853948262,-0.4177683282251273,-0.113554395812,-0.1383703069073669,-0.11625319524668497,-0.07774630312343442,-0.07426910633275108,-0.053464863481365685,-0.2032824285250862,-0.2539186517158389,-0.1865592243239957,-0.27681080805916536,190.9,6,Syn
-0.30476075648857426,-0.36052351692822643,-0.1116213205541955,-0.13829757226593814,0.08019363809655242,0.08217712951246406,0.024012021724742254,0.03373698890737121,-0.18769819914544558,-0.2381967201624972,-0.17486661084904936,-0.2618850822918323,191.6,6,Syn
-0.33881059930578356,-0.3644709639491771,-0.11447209244369709,-0.13877169437302936,-0.15028095593437085,-0.12462444383030231,-0.09707649815775232,-0.08480023138286251,-0.20876220006120405,-0.26634201081305336,-0.18233873973044287,-0.26177014270946564,191.6,6,Syn
-0.3055514164825435,-0.33803171960008754,-0.11084500575651338,-0.13792042968075194,0.308128847001529,0.4153509475039192,0.1420154837758357,0.20464903840439247,-0.1730148201194349,-0.20543848335682072,-0.18482113313177392,-0.2666222350793742,191.6,6,Syn
-0.3285133055381719,-0.3687189086672244,-0.11325106751356791,-0.14191814108372558,0.006348318634022127,0.03997511256687974,-0.021823123198931763,-0.008879111438664482,-0.19422575117308485,-0.24284758094355005,-0.1877359702747104,-0.28266451678969806,191.8,6,Syn
-0.33055311475338256,-0.3917115354905243,-0.11561857058861837,-0.14474401659701355,-0.16592356831020258,-0.1314048232841635,-0.10394442452051438,-0.10216897816254933,-0.20989910211177443,-0.26649366931678337,-0.18791892724231268,-0.28350193374694116,191.8,6,Syn
-0.3445931777232156,-0.4139210471032088,-0.1131610972555584,-0.14030450959425037,-0.12153511630865411,-0.0812533959443971,-0.08414863676902376,-0.06783436790476638,-0.20608132721738023,-0.2628622906996932,-0.18639705792089364,-0.27837891236145396,191.8,6,Syn
-0.3343099193401123,-0.38542840182395915,-0.11032574883885844,-0.13410051406793752,-0.04423623307483631,-0.017307403508844132,-0.021749669441041262,-0.013892770302903975,-0.19642488585988732,-0.25091497079474223,-0.18157780506973334,-0.26675359460207904,191.8,6,Syn
-0.3243775455697172,-0.36613736026944005,-0.11151592682338435,-0.13627447168397508,0.3884749923864828,0.47847861828124755,0.1791463583894851,0.2501748514841386,-0.16954148800731098,-0.19702564913602133,-0.17734484613748036,-0.2529936845987511,192.0,6,Syn
-0.03686269391657114,4.1848619810666424e-05,-0.09913087816367415,-0.12250068569785365,0.7937608584875775,0.8966409856340317,0.46484474970459744,0.5811658661465208,-0.11297097622829404,-0.10458136564016678,-0.15520705305760335,-0.2104742490932408,192.1,6,Syn
-0.3014671195906194,-0.36084677960237577,-0.1098167742364046,-0.1364010838375733,0.3777079994524688,0.3640304892238319,0.15442916885933075,0.1740299074835013,-0.16256351080285675,-0.19763649588715598,-0.1795361716358078,-0.26324793733989466,192.2,6,Syn
-0.3383333962325003,-0.40447358162630836,-0.11189894306462488,-0.13745169532487767,-0.10436887285725437,-0.06547147825006501,-0.06626264672268622,-0.05843375753431732,-0.20397613147119695,-0.25674118497970244,-0.1851704146153783,-0.27516881402535537,192.4,6,Syn
-0.29385526272560164,-0.3287345029717354,-0.11222283599345914,-0.13759177685651827,-0.0477913722511617,-0.09867195695517844,0.006346392952076226,0.006609513266932523,-0.1909162100343482,-0.24185758793309042,-0.17615978396096554,-0.25744348843037623,192.6,6,Syn
-0.29465995810407924,-0.2763067608192011,-0.11382430658602856,-0.14062508079165864,-0.005536003755408469,-0.00807205908030906,0.040428936613269725,0.06538571048788301,-0.1865926100750816,-0.23228625125324256,-0.1808958745541248,-0.24750121455565663,192.6,6,Syn
-0.34148667928537185,-0.39236261383423354,-0.11359552507280435,-0.14032875447472662,-0.08232700996403694,-0.06816024941280308,-0.06416921462280688,-0.06644665875484294,-0.2017336403502626,-0.2562314438977211,-0.18542405950228147,-0.2781408232265515,193.0,6,Syn
-0.32046635175339583,-0.37089979346887997,-0.11195806637703112,-0.14047422375758417,0.10294652882503492,0.1061422637890424,0.0017922599628650258,-0.002074860122910884,-0.19060789761385455,-0.2421398412594768,-0.18207262050483952,-0.2689456566372154,193.1,6,Syn
-0.31515629794774425,-0.3282746504352694,-0.10953143998957442,-0.13488712574561157,0.2127495416709706,0.26442905310849163,0.06665192818017938,0.0952438396168807,-0.18117546449937655,-0.22621569836782848,-0.1760932541545647,-0.2513681105052792,193.1,6,Syn
-0.3443265054175573,-0.40843013463808014,-0.11238992361547681,-0.1371930832664643,-0.0477913722511617,0.10894793804581256,-0.05439986482336995,0.0003872044979210094,-0.20147350174547105,-0.2384831862250983,-0.18591471682448762,-0.26969276392259894,193.2,6,Syn
-0.3432177100413993,-0.39110598710092054,-0.11495279067934794,-0.14200165122758823,-0.15028095593437085,-0.018827143731261296,-0.095276881089435,-0.05001797301220103,-0.20908978200797856,-0.25403239559363633,-0.18851353738702015,-0.284946888496694,193.2,6,Syn
-0.05038812612109877,0.017543562977981902,-0.05232320878952239,-0.04657110779743933,0.038344571220950655,0.013438110221595414,0.08207721733718507,0.09063306405423188,-0.1781188358930761,-0.22500664307420334,-0.1688290309181738,-0.23832246790665865,193.4,6,Syn
-0.3221646332789038,-0.3936237935629571,-0.11313025030995513,-0.13953136729461868,-0.10436887285725437,-0.16706026696395082,-0.0430512592292872,-0.06089582215514922,-0.19890101998697704,-0.2590750408426583,-0.1764508518639692,-0.2554484656792971,193.6,6,Syn
-0.3442750423410268,-0.40626290882265625,-0.11408393504485602,-0.13613977790355142,-0.14449115784721236,-0.0645362534978083,-0.09039220618971654,-0.05624028178121255,-0.20894285187008704,-0.26009031027040624,-0.18880876340292382,-0.28259883702834565,193.6,6,Syn
-0.3121293333554477,-0.3416012680019622,-0.11423559919407207,-0.14118540691822098,0.13402860276662262,0.1654121324633118,0.05868219544905978,0.09461713225885077,-0.18636137575971135,-0.23012933031130503,-0.17927836863600458,-0.26190150223217046,193.6,6,Syn
-0.2950856981008319,-0.32671297300944924,-0.10770375846258107,-0.1316383117617934,0.2655687522906621,0.2693389830578394,0.12210951538750932,0.14479848571253354,-0.17232834324567947,-0.21154695086816727,-0.17484166217164904,-0.25271454561300344,193.8,6,Syn
-0.2762595690136582,-0.29558869638289914,-0.10506891519230233,-0.12519725518193492,0.3414455798539498,0.37221370580607815,0.13257667588690603,0.17161260767395725,-0.1645121416480081,-0.1973079024624077,-0.17145280015810663,-0.2426573321559171,194.4,6,Syn
-0.33641522701636184,-0.3666290837737799,-0.11452093344090225,-0.1424623039566371,-0.0356023236466175,0.01425643187982004,-0.03206992242465696,-0.0014033879535930952,-0.2006328686614688,-0.2540029064401333,-0.18880876340292382,-0.2851275078404131,194.5,6,Syn
-0.3213178317469012,-0.35093946158900935,-0.11189894306462488,-0.13630949206688522,0.010106608620423256,0.0839306759229454,-0.0021007892053316454,0.04577872314380356,-0.1897648558390672,-0.22599242334844824,-0.18411841205166513,-0.25898696282215766,194.6,6,Syn
-0.31997979175710706,-0.3765318487917358,-0.10723591312093157,-0.13013782304787402,0.2470820285737701,0.28102929246104835,0.09713523770473823,0.11834248224141265,-0.17438054779459042,-0.2147233539740675,-0.17744464084708161,-0.26002962903362703,194.8,6,Syn
-0.21417170641030775,-0.15990032715755595,-0.09516704565365482,-0.10924681770416747,0.10904105312730702,0.12122276291918195,0.056698943986016194,0.05656704266417604,-0.176018457528463,-0.21614304607842874,-0.1714403258194065,-0.24329770982910298,194.9,6,Syn
-0.32199153020330107,-0.36067831877218526,-0.11161874997539523,-0.13780189915397914,0.044032793903071285,0.03880608162655884,0.01644628466202042,0.03324457598320483,-0.1846247097036494,-0.22586182852579187,-0.1807586568284231,-0.25486555779729453,195.1,6,Syn
-0.28375446434110657,-0.36769448469984967,-0.102542036231635,-0.12676239691045763,0.17018944696010377,0.17149109335298046,0.06437486168557378,0.06404276614924742,-0.1823412708393682,-0.2292741448597165,-0.17623878810606652,-0.2673036626034054,195.1,6,Syn
-0.3193481994542322,-0.3787764755291391,-0.11174213775780828,-0.13862083733895486,0.05337773116655517,0.08124190476020733,-0.0023211504790031554,-0.004268335876015663,-0.1922024509135952,-0.24817669225517308,-0.1835404343585579,-0.27364175957391207,195.2,6,Syn
-0.30407302264766606,-0.36156159988183284,-0.10903531828112194,-0.13744091982244377,0.19162185742309398,0.15559227256461627,0.07131624180622634,0.0814562777402221,-0.17870655644464212,-0.22271070183717998,-0.17251311894761992,-0.2464667583143563,195.2,6,Syn
0.7408987816895466,1.0291690602536605,0.11923722034062689,0.19878977649787166,0.3581039462801602,0.43382163636098936,0.17764055635272977,0.21731747999885476,-0.15469913538948324,-0.18386506120123053,-0.16331121509980476,-0.2428379514996362,195.3,6,Syn
-0.3217903563586817,-0.34630451226106496,-0.10785799319059738,-0.1298441906065505,-0.06404343705722064,-0.05272904100056726,-0.030527393508956398,-0.02011507907191549,-0.19722216250975766,-0.25051476085434365,-0.1849625089703757,-0.273633549603743,195.3,6,Syn
-0.32940689168520226,-0.3740732312700364,-0.11229738277866702,-0.13996238739197434,0.03489100744966313,0.09094486156487076,-0.0047083976104445105,0.020576134388742538,-0.19253966762351016,-0.2400545368331895,-0.1784883271849947,-0.2600132090932889,195.4,6,Syn
-0.34029835006366654,-0.3844768257831533,-0.1143795516068873,-0.14102108050610412,-0.1446943086572881,-0.0723687607979583,-0.09667250248935456,-0.05843375753431732,-0.20929933810628285,-0.2593615069052594,-0.18695840316240067,-0.2813837614433263,195.4,6,Syn
-0.3413650392862997,-0.4155373604739556,-0.11050568935487748,-0.13576532919397372,-0.06475446489248571,-0.05483329669314487,-0.04466724190287827,-0.034932231608194704,-0.2003173301686198,-0.25177015624633076,-0.1831412555201529,-0.27365817951425014,195.4,6,Syn
-0.3399427869894555,-0.40076744336211706,-0.11224340062386132,-0.13714998125672873,-0.02920307312923179,-0.0012916796264478662,-0.031555746119423446,-0.02893374689562245,-0.19865292483611105,-0.2549423466160163,-0.1858024477761862,-0.27618685032631757,195.4,6,Syn
-0.28118131051457934,-0.284707037351674,-0.07468981493068853,-0.06815713304813187,0.04250916282750326,0.048158329149126,-0.0022109698421674,-0.0032387452163950524,-0.19035257639063322,-0.24184494972444626,-0.1812950533925298,-0.25658965153279506,195.5,6,Syn
-0.31370129642038064,-0.3250055997304913,-0.11081929996851066,-0.13546092125021628,-0.042407875784154676,-0.05424878122298442,0.01552811268838913,0.029976744759191588,-0.18990215121381826,-0.2336090504246652,-0.1760683054771644,-0.25507901702168984,195.5,6,Syn
-0.34125275621023304,-0.3927951483982362,-0.11516871929857078,-0.14518850607241154,-0.1549534245661128,-0.16074749988621798,-0.09986774095759145,-0.09894591174982394,-0.20945108562574458,-0.2661608631558203,-0.17969417992600978,-0.2515979896700126,196.0,6,Syn
-0.2940424011857127,-0.3163503554550273,-0.10876283692829311,-0.13638761445953093,0.26881916525187394,0.3381949054427401,0.14550453727563462,0.1954722520903827,-0.16857560300248317,-0.20333632798567455,-0.176995564653876,-0.2445620452351367,196.0,6,Syn
-0.3319566532042156,-0.37936381193710067,-0.11228452988466567,-0.13460426880672194,-0.05987884545066803,0.06686282419426033,-0.05035990813939227,0.01462241448745814,-0.20174809249497322,-0.23928360610589544,-0.18152374960203266,-0.27155642715097333,196.1,6,Syn
-0.3205833132909653,-0.3766957566265158,-0.11484225579093624,-0.14478711860674912,-0.034688145001276684,-0.05518400597524114,-0.030417212872120642,-0.05162950621856373,-0.19618642547216175,-0.2544452437426791,-0.1789374033782003,-0.2674678620067864,196.2,6,Syn
-0.30037703806047245,-0.3759308533975426,-0.110302613629656,-0.13964451007017453,-0.12326189819429788,-0.14648532241430307,-0.009629799389108228,-0.026247858218351294,-0.19383795195668269,-0.2542556706130166,-0.17671281297667246,-0.26591617764483594,196.3,6,Syn
-0.2618966922001335,-0.3312614154245931,-0.08170492447663066,-0.08971083179152274,-0.05886309140028935,-0.08709855064600158,-0.02310856396201557,-0.03703617773872377,-0.19312016210272087,-0.24693814780804488,-0.18378576301966099,-0.2669260039756291,196.3,6,Syn
-0.30647775186009335,-0.360027240428476,-0.10711766649611906,-0.1332384738732262,0.1983258341555933,0.21077053294776252,0.11759210927724338,0.14770819844624397,-0.16847443798950867,-0.20124259808695782,-0.1755818062678583,-0.25291979486722965,196.5,6,Syn
-0.32113537174829293,-0.3639928994310689,-0.11113548116094411,-0.13908687781922066,0.00431681053326476,-0.016372178756587415,-0.027772877588062527,-0.03609611670167887,-0.1928865190965655,-0.2484842219988478,-0.18524110253467918,-0.2750867143236649,196.6,6,Syn
-0.31904877791805447,-0.3681088072822101,-0.10667552694247229,-0.1349248400041302,0.03214847151364068,0.06394024684345809,-0.0021007892053316454,-0.0019405656890473266,-0.19060548892306944,-0.24064010716703585,-0.18264228197214666,-0.27237742416787836,196.8,6,Syn
-0.33719185162582277,-0.36399745242647946,-0.11450293938930035,-0.13854271494630915,-0.12722333899077473,0.019633974205296157,-0.07169822480658346,0.0019092080817079984,-0.20336432401177984,-0.24116669919387607,-0.18284187139134916,-0.26594901752551214,196.8,6,Syn
-0.3156709287130497,-0.3441008624823566,-0.11127686299495906,-0.13669202240328834,0.10355598125526214,0.12660030524465807,0.023608026056344485,0.0464949601244092,-0.18521724763678565,-0.2305506039327772,-0.18205182994033928,-0.2587899235381005,196.9,6,Syn
-0.2731577490373172,-0.308250576619651,-0.09966041739653017,-0.12245488981250961,0.03743039257560984,0.08463209448713793,0.09012040382619517,0.11426888441421806,-0.17890166039823577,-0.22040633512772717,-0.17889166413629973,-0.24342085938163874,197.0,6,Syn
-0.3326256731991127,-0.3888477013772855,-0.107929969397005,-0.1348143911041828,-0.046369316580631544,-0.05506710288120905,-0.05675038507586605,-0.060179585174543575,-0.2020275006260456,-0.2593994215311919,-0.18430968524506752,-0.26828064905352234,197.0,6,Syn
-0.31271414104329476,-0.36740309299357415,-0.11041314851806769,-0.13738704231027432,0.1565783426850294,0.17920669755909835,0.0922138359260745,0.12322184667178858,-0.17790205372241646,-0.22271070183717998,-0.17472107689754754,-0.2522876271642128,197.1,6,Syn
2.576797252301691,3.6359364996170838,0.12067931504757945,0.13441153720658872,0.9611571259899845,0.9834999844998744,0.7021371145698682,0.8105855239967654,-0.11290112419552595,-0.13447072908361773,-0.1123784901870674,-0.15535250937823863,197.2,6,Syn
-0.294098542723746,-0.38130338798199687,-0.11048769530327558,-0.13936434700689337,-0.08446009346983217,-0.11655813034208813,-0.023365652114632332,-0.04160218849008474,-0.1958106697096851,-0.24925515272614188,-0.1834988532295574,-0.26985696332597997,197.2,6,Syn
-0.2736255951875949,-0.2396369357825957,-0.0969278921318411,-0.11037555158411758,0.0021837270274695252,-0.018710240637229206,0.05416478933879383,0.0712499007665917,-0.1844512839671217,-0.23341947729500273,-0.17343622001143147,-0.24966043671011678,197.3,6,Syn
-0.3166534056286328,-0.376632014690768,-0.11220998309945777,-0.14175381467160875,0.06749671246681888,0.07469533149441032,0.0160055621146774,0.025634558064269883,-0.1919230427825228,-0.2427043479122495,-0.17994366670001288,-0.26399504462527823,197.4,6,Syn
-0.3429229669667243,-0.38822849400145015,-0.1108244411261112,-0.12981725185046578,-0.06516076651263719,0.08264474188859242,-0.03486116522449609,0.07469679123575634,-0.19680305031314907,-0.2210845856582974,-0.18052996061892024,-0.24833042154273066,197.5,6,Syn
-0.3415615346694163,-0.38280132347206924,-0.11188609017062351,-0.13365871846814797,-0.07145844162498502,0.05213303434621704,-0.05256352087610737,0.011981290621474837,-0.20336914139335005,-0.2469802751701921,-0.18816425590341576,-0.2802097357091521,197.6,6,Syn
-0.3413931100553163,-0.3780662082450926,-0.11404794694165221,-0.13710687924699316,-0.12336347359933575,0.06218670043297674,-0.08227556594281593,-0.00507410247919701,-0.20456866940433321,-0.2380239979776936,-0.18342400719735644,-0.2628292288612731,197.6,6,Syn
-0.33155898397647954,-0.3329505767219088,-0.11301971542154343,-0.13524271732593,-0.017826627764990537,0.16891922528427447,-0.03577933719812738,0.0439433658810016,-0.1973112840688066,-0.22710458570913478,-0.1870789884365022,-0.28205697899718835,197.6,6,Syn
-0.323250036347548,-0.3609742634738713,-0.10934635831595484,-0.13358867770232769,0.04281388904261686,0.05458799932089092,0.0045100490048136455,0.00777339836041669,-0.19149911320434404,-0.242969750293777,-0.18269217932694728,-0.2651444404489452,197.8,6,Syn
-0.30856434569033175,-0.3434543371340579,-0.10818959785583246,-0.132963698561162,-0.03062512879976195,-0.03367383667333666,-0.022888202688344062,-0.030052867177818767,-0.19393429958808694,-0.25118037317626973,-0.17967754747440956,-0.2706122805815326,197.9,6,Syn
0.15418696001082083,0.3166389374881236,0.11710106935760091,0.21023874783388105,0.19426281795407857,0.21147195151195508,0.28833536949371813,0.33880917783408676,-0.14192584815606218,-0.162902485796775,-0.1341129463156394,-0.18870140820492,197.9,6,Syn
-0.29489388117921805,-0.34070432790608296,-0.10993759144001738,-0.1367162672837646,0.19395809173896494,0.22853980324064013,0.07289549760087216,0.07706932623401254,-0.18039986606657216,-0.22519200346765111,-0.17073344662639764,-0.26006246891430324,197.9,6,Syn
-0.3415568562079135,-0.4037223373835669,-0.11377032443122284,-0.14300916070515707,0.12021434768147254,0.26267550669801026,0.0330101070663289,0.10151091319718006,-0.18682866177202206,-0.21961434071935948,-0.1877442865005105,-0.2731573713339381,198.0,6,Syn
-0.34385865926727965,-0.4030894710214998,-0.11343614918718749,-0.13851038843900748,-0.17851891853489826,-0.18786901770166275,-0.09432198223685846,-0.09912497099497534,-0.20965341565169354,-0.2670371122884825,-0.18200193258553865,-0.2611954447976321,198.1,6,Syn
-0.3148194487195443,-0.34350442008357396,-0.10634392227723721,-0.1279207634221009,0.1857304839308976,0.24034701573788117,0.0773394499532476,0.11283641045300677,-0.17808270553129948,-0.22047795164337744,-0.17828042153999207,-0.26177014270946564,198.1,6,Syn
-0.33385610857434295,-0.3940381161453176,-0.11179097875501345,-0.1404823053844096,0.0040120843181511556,0.0031506379467715357,-0.0010357097159193487,0.007862927982992396,-0.19016710720018,-0.24041261941144088,-0.18364438718105922,-0.2630426880856684,198.1,6,Syn
-0.3385298916156169,-0.3963237198414159,-0.11415077009366309,-0.14289063017838427,0.0795841856663252,0.22585103207790208,-0.004010586910484729,0.042063243806911794,-0.19344533535871028,-0.2343252155811679,-0.18326184079425442,-0.2616962529779442,198.1,6,Syn
-0.294978093486268,-0.33183509284632295,-0.1099273091248163,-0.1337745551193123,0.04169655958720031,0.051665421970088686,0.0194211618565858,0.023127728632150138,-0.1869804092914838,-0.23274965223686198,-0.17724920954077916,-0.25747632831105244,198.2,6,Syn
-0.3467686623220068,-0.4173448996519457,-0.11561857058861837,-0.14543903650399953,-0.15698493266687016,-0.12053283553917918,-0.09986774095759145,-0.08882906439876925,-0.20925116429058072,-0.263970240324165,-0.18425147166446681,-0.26984054338564184,198.2,6,Syn
-0.3408316946749831,-0.37251155384421625,-0.11432814003088186,-0.13925659198255447,-0.07003638595445487,0.05505561169701929,-0.04158218407147713,0.03807917560229291,-0.20267784713802442,-0.2465927034384377,-0.18778586762951102,-0.2831817449103482,198.2,6,Syn
-0.3381977208489198,-0.3973709087858434,-0.109423475679963,-0.13417324870936628,-0.11848785415751807,-0.14765435335462396,-0.0759218158852874,-0.09751343778861266,-0.2044891826084247,-0.2632161605417298,-0.18028463195781716,-0.2736171296634049,198.5,6,Syn
-0.3444621808011379,-0.404610171488625,-0.11101209337853106,-0.1253373367135755,-0.10000113044062603,-0.07201805151586203,-0.07702362225364494,-0.06949066592241693,-0.2055201022644504,-0.2629465454239876,-0.18696671938820078,-0.280850113382338,198.5,6,Syn
-0.33242449935449325,-0.38811922211159683,-0.11016123179564104,-0.13541243148926377,-0.04423623307483631,-0.0711997298576374,-0.020464228677957455,-0.02051796237350616,-0.1942377946270104,-0.24977753201676736,-0.17940311202300613,-0.2681246596203104,198.8,6,Syn
-0.31844993484569906,-0.3727801805734389,-0.10810990991302404,-0.13281014765147905,0.08395192808295354,0.19300126265488493,0.01552811268838913,0.06457994388470166,-0.19280462360987188,-0.2423757544875012,-0.18310383250405243,-0.27189303592790437,198.9,6,Syn
-0.2442214646426429,-0.2753597377738058,-0.11035145462686116,-0.13740320556392516,0.28852479382922036,0.32451724344098565,0.14561471791247035,0.17993886257349784,-0.16411229897768037,-0.1947339206352127,-0.1786504935880967,-0.24764078404853046,199.1,6,Syn
-0.2863463320136449,-0.3621261713127416,-0.11021521395044676,-0.1359539004865668,0.24525367128308848,0.34310483539208786,0.12497421194523894,0.16234629173737178,-0.17137931907634743,-0.20466755262952663,-0.17689576994427475,-0.2545043191098563,199.3,6,Syn
-0.31757038408317706,-0.351076051451326,-0.11012267311363697,-0.13391733052656138,0.15424210836915844,0.1912477162444036,0.06668865505912464,0.1012870891407408,-0.17956886774571035,-0.21780707688324383,-0.17695814163777554,-0.2516472494910269,199.3,6,Syn
-0.2734712059580032,-0.3255474061843473,-0.1082692857986409,-0.13389847339730207,0.17953438422358764,0.1573458189750976,0.08431755695284542,0.10236144461164927,-0.17220550001563903,-0.21534683893384632,-0.16304509587420143,-0.2463846586126658,199.4,6,Syn
-0.2662149121671965,-0.32815627255459495,-0.10176829201275316,-0.127909987919667,0.21772673651782615,0.1685685160021782,0.0941236336312276,0.08611181811415876,-0.1734821061317456,-0.22302665705328412,-0.16546095946913167,-0.261499213693887,199.4,6,Syn
-0.32619746709429737,-0.37656371975960967,-0.1101560906380405,-0.13581920670614317,0.539517619677793,0.7527332768805296,0.4190463316598687,0.6279898587536147,-0.1748743294055373,-0.20383764359522644,-0.18194371900493791,-0.26231200074062294,199.4,6,Syn
-0.27445836133508916,-0.3538397196655325,-0.1047424516846678,-0.1326835354978808,0.2663813555309651,0.2846532883760431,0.1282796310503116,0.13593505307753873,-0.16945959252061735,-0.21297928118117268,-0.1698269780141863,-0.24305962069420053,199.4,6,Syn
-0.3316946593600601,-0.38989489032171304,-0.11298886847594018,-0.139253898106946,0.08649131320890024,0.1298735918775566,0.019531342493421557,0.0447938972954708,-0.18690333118636038,-0.2336680287316713,-0.18252169669804516,-0.271999765540102,199.6,6,Syn
-0.3440972608039213,-0.40769254938157035,-0.11188609017062351,-0.13625561455471574,-0.11808155253736659,-0.08031817119214038,-0.06927425079619685,-0.05480780782000126,-0.20529368533065034,-0.25976171684565796,-0.18514546593797798,-0.2740112082315193,199.7,6,Syn
-0.3106369041360619,-0.3661510192556717,-0.10591206503879153,-0.13020247606247737,0.16734533561904344,0.16704877577976104,0.06569702932760284,0.0659676530346251,-0.1799133105279806,-0.2248044317358967,-0.17633858281566778,-0.26381442528155913,199.8,6,Syn
-0.30341803803727735,-0.3276326780823812,-0.11125629836455689,-0.13707724661529996,0.2956350721818712,0.38904775134669906,0.13309085219213956,0.15970516787138847,-0.16980885268445783,-0.20388398369358837,-0.17598514321916336,-0.25084267241446,199.8,6,Syn
-0.3014203349755916,-0.34474738783065534,-0.1082410094318379,-0.13044223099163146,0.2574427198876327,0.25612893343221327,0.12787563538191382,0.16319682315184098,-0.1673784836822851,-0.20315518032844151,-0.17141953525490622,-0.23519446927225057,199.9,6,Syn
-0.28313222896123724,-0.28170661337611863,-0.10728475411813675,-0.13146859759845958,0.10731427124166326,0.09024344300067823,0.025481096882552318,0.03951164956350419,-0.1819823759123873,-0.2261440818521782,-0.18039690100611858,-0.2612200747081393,200.0,6,Syn
0.028247454817573094,0.1460837294087546,-0.06398078364875563,-0.07074594750787423,-0.04565828874536646,-0.049572657461700836,0.02595854630884059,0.026619383912602643,-0.18080934350004033,-0.2269360762605459,-0.17163991523860897,-0.2604319175719105,200.0,6,Syn
-0.3334677962696125,-0.3657048257054374,-0.10870628419468713,-0.13321422899274996,-0.11605004443660923,-0.12649489333481576,-0.08587480007945059,-0.09545425646937143,-0.20433984377974806,-0.26413874977275387,-0.18433463392246785,-0.27615401044564136,200.1,6,Syn
0.18062026750150956,0.24420533350161316,-0.03523657150411481,-0.02411496072521008,0.636725282299033,0.6993085629078647,0.3165048856447262,0.3787393895028513,-0.1287165878905368,-0.144021002082392,-0.14874118749802243,-0.2108190678403409,200.2,6,Syn
-0.2737051290331421,-0.2854355166173627,-0.10794539286980663,-0.1336560245925395,0.40553966043284473,0.5161214145595804,0.18696918360482367,0.2512044421437592,-0.15713191308244104,-0.18059597789860643,-0.1746046497363461,-0.229201191048844,200.3,6,Syn
-0.3416410685149635,-0.37936381193710067,-0.11365721896401088,-0.13939936738980352,-0.18623864931777626,-0.17991960730748066,-0.10589094910461272,-0.09800585071277904,-0.2105687181500341,-0.2670034103987647,-0.1835321181327578,-0.2634039267731066,200.3,6,Syn
-0.3395264039157084,-0.3630777473535475,-0.1138937122136359,-0.1409241009841991,-0.11340908390562465,-0.0645362534978083,-0.07169822480658346,-0.047242554712354175,-0.2034919846233905,-0.2521872171315882,-0.18681286921089885,-0.2689046067863701,200.3,6,Syn
-0.33854860546162807,-0.38948512073476316,-0.11200176621663575,-0.1364603491009597,0.02625709802144432,0.11946921650870061,0.00869691320457233,0.06117781822682486,-0.1912389745995525,-0.22999873548864866,-0.1864719039530946,-0.27788631415131093,200.3,6,Syn
-0.30743683646816256,-0.33652012512378343,-0.1075083944737604,-0.13073586343295499,0.027272852071823006,0.08626873780358718,-0.0005949871685763293,0.039422119940928486,-0.193777734687055,-0.2379228923085403,-0.1779768792982883,-0.269536774489387,200.7,6,Syn
-0.32993087937351323,-0.3831928810773769,-0.1116033265025936,-0.13663006326429347,-0.008278539691430914,0.24665978281561401,-0.0226311145357273,0.13177192562776843,-0.19753770100260665,-0.2167707437744223,-0.179872978780712,-0.2562037829348497,200.8,6,Syn
-0.32871915784429406,-0.36593702847137566,-0.11133084514976477,-0.13769953188085718,-0.046369316580631544,0.21030292057163416,-0.047568665339553146,0.10455492036475404,-0.20120613706832421,-0.2232372938640202,-0.18664238658199672,-0.2786005815560183,200.8,6,Syn
-0.32446175787676723,-0.373158079192515,-0.11226139467546321,-0.13931046949472392,0.05784704898822138,0.10497323284872151,0.03359773712945292,0.05737280926735739,-0.18390691984968757,-0.22586182852579187,-0.1845550139061706,-0.26420850384967354,200.8,6,Syn
-0.3082555672311485,-0.3603550560980359,-0.1104311425696696,-0.13281014765147905,-0.03509444662142815,-0.03893447590478069,-0.03827676496640449,-0.0357827630226639,-0.19893715034875364,-0.25315614646097423,-0.18052164439312013,-0.2753740632795816,200.9,6,Syn
-0.339451548531664,-0.3676170837778702,-0.11469316222052048,-0.14104263151097193,-0.08964043912676345,-0.02034688395367846,-0.06442630277542365,-0.02956045425365239,-0.20390868812921398,-0.2533836342165692,-0.18770270537151,-0.27786168424080376,200.9,6,Syn
-0.33883867007480023,-0.39726163689599014,-0.11397082957764405,-0.14034491772837746,-0.1601337702230441,-0.13269075731851648,-0.10008810223126297,-0.0819800482717278,-0.2099954497431787,-0.2671550689024947,-0.18845116569351936,-0.2842408310621557,200.9,6,Syn
0.3235238741038258,0.5176901088273862,0.053772290034101396,0.12542476817672346,0.16003190645631693,0.20515918443422224,0.08071832281621075,0.08978253263976269,-0.17575591023288636,-0.22180075081480008,-0.16676244880684796,-0.2538064716454871,201.0,6,Syn
-0.31548846871444136,-0.3439688256154505,-0.10934121715835429,-0.1340035345460325,-0.01701402452468759,0.0013970915362901929,-0.004451309457827749,0.0130556460923833,-0.19228434640028882,-0.23811246543820277,-0.18214330842414042,-0.25544025570912804,201.0,6,Syn
-0.32567815786748916,-0.38807369215749127,-0.10956228693517768,-0.133459371673121,0.11239304149355668,0.11876779794450808,0.027905070892938925,0.024604967404649274,-0.18618554133239856,-0.235837587882253,-0.17151101373870736,-0.2574681183408834,201.0,6,Syn
-0.33297187935031813,-0.37431909302220634,-0.11230252393626756,-0.13597006374021764,0.067395137061781,0.14027796724641256,0.019090619946078538,0.04653972493569705,-0.1881992068287478,-0.23334786077935246,-0.1874947997265074,-0.273469350200362,201.1,6,Syn
-0.3482236638493704,-0.42411520382744017,-0.11194007232542923,-0.13239259693216576,-0.11137757580486728,-0.066757412284418,-0.07470982888009409,-0.06197017762605768,-0.20594644053341427,-0.26098341034792727,-0.18758627821030854,-0.27654808901375577,201.1,6,Syn
-0.29493598733274307,-0.3438231297623128,-0.1084055264750553,-0.13398737129238167,-0.08446009346983217,-0.09154086821922097,-0.04503451069233078,-0.06958019554499263,-0.20028842587919854,-0.2607348589112587,-0.1858980843728874,-0.2751934439358625,201.5,6,Syn
-0.2784818382274772,-0.35113979338707374,-0.10833869142624823,-0.13588924747196346,-0.024936906117641322,-0.05401497503492024,0.020118972556545583,0.009384931566779385,-0.19029958519336088,-0.24395131783180715,-0.1730703060762269,-0.2607685263488415,201.6,6,Syn
-0.3267354901671167,-0.3919892682105681,-0.1045393759594463,-0.12741970255892499,-0.015693544259195304,-0.02034688395367846,-0.0419861797398749,-0.051047563671821644,-0.19696202390496612,-0.25348895262193727,-0.18297493100415083,-0.27390447861932166,201.6,6,Syn
-0.33673804086005343,-0.4024839226318961,-0.11340016108398368,-0.1392835307386392,-0.023413275042073297,0.044300527046067045,-0.034567350192934075,-0.026471682274790558,-0.19964289674878993,-0.2545042220496852,-0.18245100877874426,-0.27461053605385993,202.1,6,Syn
-0.33530643164020374,-0.3743600699809013,-0.1121431480506507,-0.1386181434633464,0.044439095523222755,0.21381001339259686,0.004363141489032639,0.08472410896423534,-0.19391984744337631,-0.23116566342012657,-0.1810788315217271,-0.25568655481419955,202.3,6,Syn
-0.31193751643383383,-0.38016513912935823,-0.11173699660020774,-0.13871512298525143,0.16419649806286954,0.16026839632589984,0.045644153423495454,0.05101620606448232,-0.18467529221013662,-0.23741315122655895,-0.17446743201064435,-0.26316583763820417,202.4,6,Syn
-0.19818072499381678,-0.19727586648279727,-0.0897534067002821,-0.10509824926711936,0.2899468494997505,0.2781067151102461,0.12302768736114061,0.13732276222746215,-0.16410507290532506,-0.1969034797857944,-0.16210952047168972,-0.24452099538429145,203.0,6,Syn
-0.3481441300038232,-0.4212377107279698,-0.11372148343401768,-0.1398357752383761,-0.12143354090361624,-0.016372178756587415,-0.08275301536910419,-0.04298989764000817,-0.20614877055936323,-0.2513657335697175,-0.18587729380838713,-0.2717616764051996,203.4,6,Syn
-0.2891019458387804,-0.35606158142588307,-0.09771448924472431,-0.11122681627639498,0.20045891766138854,0.19720977404004014,0.06815773021693469,0.07854656500651168,-0.1736964796116201,-0.220317867667218,-0.17212225633501502,-0.2563679823382307,203.5,6,Syn
-0.33091335628909635,-0.3827557935179637,-0.1134721372903913,-0.1418669574471646,-0.11605004443660923,-0.08137029903842918,-0.07830906301672876,-0.056598400271515366,-0.2048095384828439,-0.2567706741332055,-0.1831786785362534,-0.2754069031602578,203.5,6,Syn
-0.3387638146907558,-0.3619531574871405,-0.11468030932651911,-0.14244883457859472,-0.14621793973285613,-0.08873519396245083,-0.09097983625284056,-0.05861281677946874,-0.20801068853625074,-0.2581650898202784,-0.1881268328873153,-0.28274661649138855,203.5,6,Syn
-0.0781688305245872,0.005637479979382062,0.25313095831039145,0.5007759260832809,0.10233707639480771,0.071655851049576,0.036976609992416073,0.042063243806911794,-0.18298679996977682,-0.2391614367556685,-0.1732241562535288,-0.2571725594147976,203.7,6,Syn
-0.3131211671940363,-0.33306440160717266,-0.1101740846896424,-0.13526696220640624,-0.07298207270055304,-0.08090268666230083,-0.023659467146194345,-0.013892770302903975,-0.19367656967408053,-0.24337417297039027,-0.18248843179484475,-0.26915090589144164,203.7,6,Syn
-0.34102351159659694,-0.40802947104195136,-0.11415848183006391,-0.13953136729461868,-0.0619103535514254,0.018464943264975265,-0.0611943374282415,-0.025352561992594242,-0.201381971495637,-0.25220406807644713,-0.1798646625549119,-0.2725005737204141,203.7,6,Syn
-0.29701322423997595,-0.3576278118471138,-0.10910729448752955,-0.13645496134974275,0.09807090938321723,0.07867003669150137,0.025113828093099803,0.024067789669195042,-0.18746937352086046,-0.23705928138452234,-0.17385618941433673,-0.26237768050197535,203.8,6,Syn
-0.305457847252488,-0.3514038671208859,-0.10193280905597056,-0.12026476894282122,0.005230989178605576,0.04324839919977824,0.03763769381343061,0.03763152748941438,-0.18863036247928192,-0.23837365508351552,-0.1824468506658442,-0.2633792968625995,203.9,6,Syn
-0.3043443734148271,-0.3467461528158887,-0.11032831941765872,-0.1333219840170889,-0.06079302409600885,-0.11702574271821649,0.013287773072728782,0.019859897408136897,-0.18799205942122862,-0.23485180760800814,-0.18193956089203786,-0.25852720449269084,204.1,6,Syn
-0.3405697008308276,-0.3880236092079752,-0.11335646124437906,-0.1398869588749371,-0.10558777771770879,-0.01485243853417025,-0.07933741562719579,-0.04804832131553552,-0.20412306160908847,-0.24829886160540002,-0.177793922330686,-0.2532317737336536,204.1,6,Syn
-0.3248313563354866,-0.3565806229026863,-0.11218170673265479,-0.1369048385763577,0.023006685060232537,0.04605407345654839,0.004289687731142136,0.025365969196542767,-0.187662068783669,-0.232294676725672,-0.18427226222896706,-0.27282076255700705,204.2,6,Syn
-0.2161928017795073,-0.2129609356721573,-0.10165004538794065,-0.12614549939611733,0.193145488498662,0.20492537824615806,0.3087555141872781,0.3915421255311771,-0.1457917968661585,-0.1573332485209128,-0.15205104536646386,-0.19839738297456816,204.3,6,Syn
-0.31577385486611076,-0.3807797935097831,-0.11046198951527286,-0.1365088388619122,0.06312897005019052,0.04453433323413123,0.028823242866570217,0.04967326172584674,-0.18587241153033468,-0.2293752505288698,-0.18652180130789522,-0.27200797551027106,204.3,6,Syn
-0.32844312861563024,-0.3715645307988209,-0.11472915032372429,-0.14363413984632276,0.016201132922695358,0.04196246516542526,0.005648582252116446,0.02849950598669245,-0.1923012072357846,-0.24062325622217695,-0.18207677861773958,-0.26306731799617555,204.6,6,Syn
-0.34235687312488833,-0.4016097475130696,-0.11410964083285874,-0.14286099754669107,-0.15221088863009036,-0.10428330546871874,-0.08550753128999806,-0.05507639668772838,-0.2069243689921676,-0.2575036902345671,-0.18739500501690615,-0.2822540182812456,204.6,6,Syn
-0.3476388561615233,-0.41866071532559596,-0.11415591125126363,-0.14178614117891042,-0.16257157994395294,-0.07599275671295307,-0.08943730733713999,-0.026337387840927002,-0.20884168685711257,-0.2590918917875172,-0.1819977744726386,-0.2586996138662409,205.0,6,Syn
-0.3475546438544733,-0.4176453973490423,-0.1155877236430151,-0.146330709330404,-0.16958028289156585,-0.09750292601485755,-0.10361388261000712,-0.07432526554150501,-0.21068915268928945,-0.2673867693943044,-0.18849274682251987,-0.2822540182812456,205.0,6,Syn
-0.32172017943614,-0.38826036496932403,-0.11033346057525927,-0.13515920718206734,0.005434139988681312,-0.0321540964509195,-0.008821808052312691,-0.023964852842670813,-0.19122211376405676,-0.24259481677066674,-0.17899561695880103,-0.26636772600413366,205.0,6,Syn
-0.3089339441490511,-0.36723463216338365,-0.10503035651029825,-0.13315226985375508,0.3160517285944827,0.3111902907213274,0.097979955920479,0.12563914648133262,-0.17354954947372858,-0.2134848095269393,-0.17908709544260218,-0.2616798330376061,205.1,6,Syn
-0.3416410685149635,-0.39940154473895073,-0.11197091927103249,-0.13635528795222926,0.01904524426375567,0.15243588902574987,-0.008381085504969672,0.06547524011045872,-0.1966633462476129,-0.2380619126036261,-0.18532010667978016,-0.2709653092988017,205.1,6,Syn
-0.34534173156365994,-0.4118767521638699,-0.11243362345508144,-0.1376375727418623,-0.04027479227835944,0.19265055337278866,-0.03948875197159779,0.049270378424256064,-0.19890824605933238,-0.23468329815941927,-0.1844510610836693,-0.2690523862494131,205.2,6,Syn
-0.3180429086949575,-0.38066141562910866,-0.11454663922890497,-0.13849422518535665,-0.09146879641744508,0.12133966601321404,-0.0759952696431779,0.01462241448745814,-0.20597775351362066,-0.24498343820441398,-0.18717462503320337,-0.27783705433029665,205.2,6,Syn
-0.3105807625980285,-0.3549597565365289,-0.10831298563824551,-0.13574108431349746,0.0937031669665889,0.11830018556837972,0.04854557686017034,0.054776450212661934,-0.1866648707986348,-0.23594711902383578,-0.17879186942669847,-0.2699226430873324,205.2,6,Syn
-0.2852562504834979,-0.33891955370514565,-0.10902246538712057,-0.13554981914529587,0.1960911752447602,0.14039487034044465,0.019678250009202564,0.022098137972529526,-0.18625780205595177,-0.24153320724455685,-0.17286240043122428,-0.2609163058118844,205.3,6,Syn
-0.31743938716109926,-0.3618620975789294,-0.10575011857437439,-0.12840296715601754,0.21549207760699304,0.2736643975370267,0.09610688509427118,0.13262245704223763,-0.17285825521840295,-0.20945322096945057,-0.17481671349424874,-0.25514469678304225,205.3,6,Syn
-0.24834318922658924,-0.2747177654209176,-0.1053465377027317,-0.13029406783316544,0.397616778839891,0.45416277472257294,0.1530335474594112,0.19296542265826294,-0.15876018805317318,-0.18978816831912934,-0.17699140654097595,-0.2340697033590907,205.5,6,Syn
-0.29433246579888483,-0.36229918513834264,-0.11126915125855824,-0.1397765099749897,0.1103615333927993,0.101699946215823,0.061106169459446386,0.06677341963780643,-0.17926537270678689,-0.2257312337031355,-0.17253806762502022,-0.2537407918841347,205.6,6,Syn
-0.3367848254750812,-0.35462738787155845,-0.11515329582576915,-0.1429660586954215,-0.1598290440079305,-0.11679193653015231,-0.09443216287369421,-0.07768262638809395,-0.20911868629739985,-0.26126987641052835,-0.18167344166643454,-0.26265681948772307,205.8,6,Syn
-0.3311847070562574,-0.3539717565324386,-0.11319194420116166,-0.1404095707429808,0.15535943782457498,0.23216379915563493,0.08519900204753145,0.14108300637564178,-0.18153917680792767,-0.2215353484332726,-0.18546564063128199,-0.27186019604722816,205.8,6,Syn
-0.32014353790970423,-0.3676899317044391,-0.11184753148861944,-0.13795814393927056,0.14459244489056094,0.21299169173437224,0.04535033839193344,0.0730404932181058,-0.1811947340256574,-0.2243410307522773,-0.18168175789223465,-0.25993931936176745,205.8,6,Syn
-0.30133612266854165,-0.35766423581039825,-0.10659069784206332,-0.13097831223771755,0.2323535948432792,0.22222703616290732,0.10705149501995616,0.13069757015685995,-0.17155756219444532,-0.21424310204558922,-0.17789371704028725,-0.25487376776746357,206.0,6,Syn
-0.34539319464019047,-0.40277531433817154,-0.11522784261097703,-0.1407382235672145,-0.16155582589357423,-0.12158496338546798,-0.0997575603207557,-0.07960751327347161,-0.20878387827827002,-0.2602335433017068,-0.1858897681470873,-0.27405225808236455,206.1,6,Syn
-0.2766806305489081,-0.302732346182059,-0.11312767973115485,-0.1399273670090642,0.23702606347502114,0.250517584918673,0.11211980431440088,0.13508452166306953,-0.1695559401520216,-0.2103294701021127,-0.17336137397923052,-0.24823190190070207,206.3,6,Syn
-0.3232406794245425,-0.35637573810921136,-0.11121516910375254,-0.13955291829948646,0.21488262517676585,0.27085872328025656,0.09136911771033372,0.12492290950072699,-0.17548854555573953,-0.21436527139581615,-0.17699140654097595,-0.25325640364416074,206.6,6,Syn
-0.30496660879469645,-0.3781208441900193,-0.10415121856060525,-0.1300812516600961,0.059167529253713665,0.05084710031186406,0.009725265815039375,0.011399348074732753,-0.19116189649442908,-0.2470224025323393,-0.182829397052649,-0.27392089855965973,206.6,6,Syn
-0.3206628471365125,-0.3429489546434863,-0.11229224162106648,-0.13745438920048614,-0.022194370181618878,0.0006956729720976558,-0.015359192504567479,0.007997222416855954,-0.19396320387750823,-0.2419292044487407,-0.18243437632714407,-0.27392910852982877,206.8,6,Syn
-0.3339309639583874,-0.3820182082614539,-0.11474971495412646,-0.14463356769706617,-0.15698493266687016,-0.1312879201901314,-0.0999044678365367,-0.09487231392262935,-0.20962692005305736,-0.2658154187862132,-0.18086676776382443,-0.2635270763256424,207.0,6,Syn
-0.3335847578071819,-0.38632078892442784,-0.11435898697648512,-0.14353446644880927,0.044439095523222755,0.09714072554857152,-0.015249011867731725,-0.00023950286010892717,-0.1970559628455853,-0.24837890359347975,-0.1877110215973101,-0.2821308687287098,207.0,6,Syn
-0.03031284781268367,0.026931839514545138,0.03470630707248441,0.09035858938123303,-0.0702395367645306,-0.11866238603466575,0.00597912416262371,-0.0027463322922286738,-0.18703099179797103,-0.2391614367556685,-0.17441753465584375,-0.2569262603097261,207.1,6,Syn
-0.2773917566973302,-0.29351708347109684,-0.10882967197710018,-0.1377965114027622,0.23946387319592996,0.27588555632363637,0.1398853247970111,0.157108808816693,-0.16503241885759115,-0.19535319285877678,-0.1632737920837043,-0.2373619013968798,207.1,6,Syn
-0.330712182444477,-0.3685094708783389,-0.1088553777651029,-0.13029406783316544,-0.031640882850140634,-0.04361059966606427,-0.02531217669873067,-0.018234956997825676,-0.19537469667758078,-0.24692550959940074,-0.1825799102786459,-0.2664744556163313,207.2,6,Syn
-0.30222970881557204,-0.3440006965833244,-0.10988360928521167,-0.13534777847466042,0.21803146273293975,0.2677023397413901,0.0929851003839248,0.10965810885156924,-0.176943394789944,-0.21652640507396842,-0.17455475238154547,-0.2559082240087639,207.3,6,Syn
-0.24745896000256443,-0.27264615250911534,-0.09195639273211516,-0.11112444900327302,0.466992780480755,0.45240922831209157,0.22593640216573566,0.2681255408105675,-0.14953008496464418,-0.1654975313050436,-0.16345674905130658,-0.23929124438660654,207.4,6,Syn
-0.3257530132515336,-0.36649704690687385,-0.1101920787412443,-0.13504606440651146,-0.009903746172036808,0.004202765793060341,-0.0169384482992133,-0.01040111502245147,-0.1937367869437082,-0.2435763843086969,-0.18517457272827836,-0.2780833534353681,207.5,6,Syn
-0.34224926851032444,-0.3975257106298023,-0.112353935512273,-0.13889830652662757,-0.0968522928844521,-0.07435611339650382,-0.0566402044390303,-0.04616819924144571,-0.20439042628623533,-0.2615647679455589,-0.18846364003221952,-0.2764741992822343,207.6,6,Syn
0.03656108090800741,0.10407779375097942,-0.047084369194568175,-0.04104866280007009,0.00492626296349197,-0.007604446704180701,0.04402817074990439,0.037721057111990086,-0.18449464040125363,-0.23187761584041455,-0.1685712279183706,-0.2587324537469171,207.8,6,Syn
-0.2303919324404348,-0.20133258539360127,-0.10383760794697207,-0.12590574446696326,-0.0015745629589316037,-0.047117692487026956,0.06768028079064643,0.07066795821984961,-0.18128626427549144,-0.229796524150342,-0.17177297485141066,-0.2497261164714692,207.9,6,Syn
-0.32654835170700564,-0.3866030746398822,-0.10761635878337182,-0.13122614879369704,0.3234667331622471,0.4442260117298453,0.13393557040788034,0.17935692002675577,-0.16966914861892163,-0.19916993186931473,-0.17496640555865062,-0.25172113922254835,208.1,6,Syn
-0.31624170101638843,-0.36031863213475146,-0.11283463374792387,-0.13760255235895216,-0.07125529081490929,0.02688196603528571,-0.05326133157606715,0.0199494270307126,-0.19898050678288556,-0.23626307423993992,-0.17656727902517064,-0.2632561473100637,208.2,6,Syn
-0.3431475331188576,-0.40718716689099876,-0.11509160193456262,-0.139647203945783,-0.11046339715952647,-0.014267923064009803,-0.07786834046938573,-0.013624181435176859,-0.20550565011973973,-0.24532888257402116,-0.18639705792089364,-0.28082548347183084,208.2,6,Syn
-0.31646158870701896,-0.3546410468577901,-0.10884252487110153,-0.13477398297005572,0.05215882630610075,0.13349758779255136,0.010165988362382394,0.029931979947903736,-0.1920242077954973,-0.24074121283618916,-0.17614315150936533,-0.26493098122454994,208.3,6,Syn
-0.33373914703677354,-0.37640436492024026,-0.11495279067934794,-0.14451773104590182,-0.10000113044062603,0.05844580142394988,-0.06472011780698565,0.030692981739797228,-0.20440728712173106,-0.24748580351595872,-0.18470054785767243,-0.2700704225503753,208.3,6,Syn
-0.3426843654300827,-0.4155100425014923,-0.11401709999604895,-0.1395879386823966,-0.08801523264615756,0.07761790884521257,-0.06813571754889405,0.021337136180636034,-0.20640650047336967,-0.25326146486634227,-0.18784408121011176,-0.2830996452086577,208.3,6,Syn
-0.32914021937954396,-0.3790997382032885,-0.1101098202196356,-0.1387366739901192,0.10000084207893674,0.09036034609471032,0.02981486859809201,0.05092667644190661,-0.18779454677684987,-0.23588392798061497,-0.18178571071473595,-0.2704973409991659,208.4,6,Syn
-0.330543757830377,-0.3747743925632618,-0.11184239033101889,-0.13608590039138196,-0.15739123428702165,-0.14496558219188588,-0.061267791186132,-0.043392780941598846,-0.20387014907665227,-0.25417141588872216,-0.18841790079031895,-0.2832145847910244,208.4,6,Syn
-0.3351146147185899,-0.3805521437392554,-0.11346185497519021,-0.14126891706208364,0.17435403856665638,0.2825490326834655,0.037196971266087585,0.08378404792719044,-0.188767657854033,-0.23379441081811297,-0.1780434091046891,-0.2622216910687634,208.5,6,Syn
-0.32229563020098156,-0.3826374156372893,-0.11127686299495906,-0.13475243196518794,0.15089012000290877,0.2056267968103506,0.05618476768078267,0.07626355963083119,-0.17916661638459752,-0.22290448770305718,-0.1783926905882935,-0.25265707582182007,208.5,6,Syn
-0.34024220852563325,-0.39941975672059293,-0.11289632763913039,-0.1384484293000126,-0.13067690276206226,-0.04431201823025681,-0.08018213384293658,-0.026382152652214854,-0.20683524743311865,-0.25270959642221374,-0.18221815445634135,-0.2648817214035356,208.6,6,Syn
-0.34213230697275504,-0.39073719447266564,-0.11469830337812102,-0.14208785524705936,-0.1331147124829711,-0.02268494583432025,-0.09538706172627075,-0.0485407342397019,-0.20736275071505703,-0.2539944809677039,-0.18880876340292382,-0.28592387494681093,208.6,6,Syn
-0.3395264039157084,-0.3846361806225227,-0.11428186961247697,-0.1414709577327191,-0.07877187078771154,-0.02759487578366801,-0.05535476367594649,-0.03730476660645089,-0.20319571565682237,-0.25626093305122416,-0.18871728491912268,-0.2839124322553937,208.6,6,Syn
-0.3383240393094948,-0.3642433141786494,-0.11277293985671734,-0.13719577714207276,-0.1282390930411534,-0.08055197738020456,-0.0667400961489745,-0.025755445294184918,-0.2042073657865672,-0.2503420386695401,-0.18324105022975415,-0.2673118725735744,208.6,6,Syn
-0.33856264084613635,-0.3897491944685753,-0.11243362345508144,-0.137368185181015,-0.13687300246937223,-0.08522810114148814,-0.08249592721648744,-0.03479793717433115,-0.2060957793620909,-0.25168590152203635,-0.18879213095132363,-0.28052992454574505,208.6,6,Syn
-0.3309882116731408,-0.37446023587993355,-0.11309940336435187,-0.13727659341032694,-0.10071215827589111,-0.11936380459885829,-0.05700747322848281,-0.06340265158726896,-0.20276215131550315,-0.26204501987403717,-0.18677960430769844,-0.2704891310289968,208.6,6,Syn
-0.33172273012907677,-0.39288165531103675,-0.11170614965460447,-0.12570909154754475,-0.06658282218316734,0.08486590067520211,-0.048854106102636956,0.0032969172316314292,-0.2019865528826988,-0.2468833822372535,-0.18288761063324974,-0.27387163873864545,208.7,6,Syn
-0.323062897887437,-0.3832657290039458,-0.10817931554063137,-0.13407626918746127,0.2341819521339608,0.4044789597589349,0.09864103974149355,0.15719833843926873,-0.18109356901268292,-0.21742793062391888,-0.17451317125254492,-0.25925789183773634,208.7,6,Syn
-0.2867673935488948,-0.33312359054750984,-0.11085528807171446,-0.13216631138105406,0.14845231028199993,0.19148152243246777,0.05185099596524298,0.07008601567310753,-0.18104057781541055,-0.22597978513980407,-0.17196424804481303,-0.2567210110554998,208.9,6,Syn
-0.330627970137427,-0.36386086256416283,-0.11561857058861837,-0.14321658912700946,-0.1597274686028926,-0.14414726053366125,-0.10298952566793784,-0.08676988307952803,-0.20940291181004245,-0.26306450203799986,-0.18779418385531113,-0.28200771917617407,208.9,6,Syn
-0.3306841116754603,-0.3277146319997712,-0.11367521301561279,-0.1401347954309166,-0.16663459614546766,-0.1236892190780456,-0.09766412822087635,-0.0792493947831688,-0.2096028331452063,-0.26410083514682137,-0.1858731356954871,-0.27554647265313165,209.0,6,Syn
-0.3326163162761071,-0.3881010101299546,-0.11268554017750809,-0.1419154472081171,0.015896406707581752,0.1218072783893424,-0.011429416457425557,0.032170220512296364,-0.19690662401690867,-0.24740576152787902,-0.18880876340292382,-0.2820487690270193,209.0,6,Syn
-0.10175763342158765,-0.0406664833459565,-0.08714169863920582,-0.09569931726915777,0.045048547953449966,0.031207380514473023,0.0055016747363354395,-0.014071829548055385,-0.18506309142653882,-0.23785970126531947,-0.17146943260970685,-0.2607438964383344,209.0,6,Syn
-0.3390679146884363,-0.4088490102158512,-0.11347470786919157,-0.1421336511324034,0.020772026149399433,0.037870856874302125,0.0004700923208359677,0.012921351658519742,-0.19289374516892083,-0.24292341019541505,-0.18491676972847512,-0.25913474228520056,209.1,6,Syn
-0.3274232240080249,-0.38531002394328473,-0.11256729355269558,-0.13949365303610006,-0.04809609846627531,-0.033206224297208306,-0.05116789947618781,-0.055658339234470465,-0.20161320581100725,-0.25967746212136356,-0.1877359702747104,-0.28203234908668123,209.1,6,Syn
-0.3357368500984592,-0.404906116190311,-0.11416362298766446,-0.14268320175653185,0.06099588654439529,0.1710234809768521,-0.003129141815798691,0.038884942205474254,-0.19161473036202917,-0.23528571943812446,-0.18570265306658496,-0.2771556268062655,209.4,6,Syn
-0.32977649014392163,-0.38106207922523744,-0.11132570399216422,-0.1374274504444014,-0.12691861277566113,-0.16787858862217545,-0.06034961921250071,-0.0760263283704434,-0.20382679264252035,-0.26496444607083935,-0.18450511655136997,-0.27314916136376904,209.4,6,Syn
-0.3303004778322326,-0.3169103738905255,-0.11494507894294712,-0.1406681828013942,-0.08120968050862039,-0.015787663286426966,-0.0579256452021141,-0.023561969541080138,-0.2014132844758434,-0.24668538363516157,-0.18880876340292382,-0.28474163924246776,209.5,6,Syn
-0.3236570624982896,-0.35394443855997526,-0.10783742856019521,-0.12433521498722362,0.014372775632013727,0.059381026176206594,0.0006904535945074774,0.027872798628662515,-0.189557708431548,-0.23153217147080737,-0.18464649238997174,-0.274947144830791,209.6,6,Syn
-0.3155399317909719,-0.34351352607439506,-0.11085528807171446,-0.13602124737677862,-0.03509444662142815,-0.031218871698662783,-0.0315924729983687,-0.04392995867705308,-0.19305753614230808,-0.24642419398984883,-0.18151543337623258,-0.27328052088647387,209.7,6,Syn
-0.30206128420147205,-0.33909712052615726,-0.1086163139366776,-0.1282601917487685,0.185425757715784,0.23087786512128192,0.09045094573670243,0.1193273080897454,-0.17300759404707958,-0.20642847636728034,-0.17529073836485468,-0.2536504822122751,209.9,6,Syn
-0.3446820684917684,-0.39855924058799813,-0.11539493023299471,-0.1453151182260098,-0.13961553840539467,-0.03542738308381801,-0.08491990122687404,-0.023696263974943697,-0.20694845590001867,-0.24936889660393935,-0.1823262653917427,-0.2604729674227557,210.0,6,Syn
-0.3237038471133174,-0.36809514829597845,-0.11126915125855824,-0.13764026661747078,-0.06932535811918979,0.032844023830922275,-0.04029674330839333,0.028186152307677483,-0.19836629063268335,-0.23529835764676862,-0.18530347422817997,-0.270850369716435,210.0,6,Syn
-0.3117550564352255,-0.39412462305811813,-0.1142972930852786,-0.14110728452557528,-0.12082408847338903,-0.03507667380172174,-0.09362417153689867,-0.04970461933318607,-0.20775777600381454,-0.25958478192463963,-0.1786338611364965,-0.26528400994181905,210.1,6,Syn
-0.33146073628492123,-0.3898903373263025,-0.11493479662774603,-0.14323544625626877,0.04464224633329849,0.21720020311952745,-0.009299257478600963,0.06167023115099124,-0.19773280495620027,-0.24064431990325055,-0.18774844461341056,-0.27978281726036147,210.1,6,Syn
-0.33683628855161174,-0.39742099173535955,-0.10831812679584606,-0.13058500639888052,-0.016302996689422512,-0.025490620091090398,-0.03008667096161338,-0.028620393216607483,-0.19746062289748323,-0.25626093305122416,-0.1859770885179884,-0.27511955420434103,210.3,6,Syn
-0.270144819829529,-0.26555258565947154,-0.10757522952256747,-0.13182688305438647,0.019349970478869275,0.02395938868448347,0.0910018489208812,0.09278177499604881,-0.17874509549720383,-0.224724389747817,-0.16403056863151377,-0.23169702198023523,210.4,6,Syn
-0.28680482124091705,-0.3494233141172947,-0.11019721989884484,-0.13916500021186637,0.15353108053389336,0.18014192231135506,0.06455849608030004,0.07138419520045526,-0.1838057548367131,-0.23067277328300412,-0.18016820479661572,-0.26507055071742375,210.5,6,Syn
-0.320316640985307,-0.3567172127650029,-0.1131610972555584,-0.1413227945742531,0.09014802779026351,0.08591802852149091,0.12548838825047248,0.16386829532115876,-0.15212183624941902,-0.18099197510279028,-0.15432553312279232,-0.14917040184094393,210.6,6,Syn
-0.31179248412724775,-0.37218829117006685,-0.10986561523360977,-0.13859120470726166,0.024733466945876297,0.01717900923062228,0.012149239825425982,0.00862392977488589,-0.19042483711418642,-0.2456996033609167,-0.17349859170493223,-0.2653086398523262,210.6,6,Syn
-0.31434224564626106,-0.3565077749761174,-0.11099666990572943,-0.1354205131160892,-0.02879677150908032,-0.007604446704180701,-0.0226311145357273,-0.011565000115935638,-0.19745821420669812,-0.2491498343207738,-0.18405604035816436,-0.272656563153626,210.7,6,Syn
-0.317256927162491,-0.3077224291520267,-0.11258014644669694,-0.14002704040657768,0.22473543946543906,0.4967155009502535,0.09992648050457735,0.2623956449657223,-0.18044081380991897,-0.19353750355023172,-0.18344895587475676,-0.25817417577542173,210.8,6,Syn
-0.3444247531091157,-0.3947301714477219,-0.11394769436844161,-0.14067357055261115,-0.030015676369534738,0.36894041917317966,-0.030417212872120642,0.19117483020674883,-0.20007646109010913,-0.2082399529396107,-0.18818504646791603,-0.2811456723084238,210.8,6,Syn
-0.3428948961977077,-0.40734196873495765,-0.11379860079802584,-0.14246499783224556,-0.11594846903157136,-0.02946532528818144,-0.08323046479539246,-0.05091326923795809,-0.20701349055121657,-0.2581819407651373,-0.18880876340292382,-0.28592387494681093,211.1,6,Syn
-0.3184452563841963,-0.365841415567754,-0.11356724870600136,-0.13878516375107172,0.5944699138032797,0.70632274854979,0.2348610337494318,0.30836910615834695,-0.16503001016680605,-0.19304882614932398,-0.17778144799198584,-0.2612693345291536,211.1,6,Syn
-0.31638205486147175,-0.33524073341341765,-0.10908158869952683,-0.13718769551524734,0.16825951426438426,0.1898448791160185,0.10422352534117178,0.13298057553254045,-0.17293774201431147,-0.20873705581294785,-0.1777232344113851,-0.2537490018543037,211.4,6,Syn
-0.29602606886289,-0.3459311666373995,-0.10211789072959014,-0.12646337671791713,-0.07877187078771154,-0.09224228678341352,-0.008821808052312691,-0.020338903128354752,-0.19424742939015083,-0.24920038715535048,-0.1760932541545647,-0.24935666781386193,211.5,6,Syn
-0.32421379941712003,-0.39058239262870675,-0.1087268488250893,-0.1359646759890007,0.047994234699548145,0.042780786823649886,0.023865114208961247,0.018114069767910645,-0.18560263816240272,-0.23738787480927062,-0.17438426975264332,-0.25318251391263924,211.7,6,Syn
-0.330061876295591,-0.38520985804425256,-0.1109992404845297,-0.13565218641841784,0.1164560576950714,0.1675163881558894,0.06250179085936595,0.10844945894679722,-0.18121400355193826,-0.22167858146457314,-0.17997277349031326,-0.2573367588181786,212.0,6,Syn
-0.3422258762028106,-0.4042869088144756,-0.10965482777198747,-0.13159520975205782,-0.010716349412339754,0.04839213533719018,-0.01150287021531606,0.023306787877301546,-0.19333453558259536,-0.2367264752235593,-0.18800208950031375,-0.2680261399782818,212.0,6,Syn
-0.2965968411662288,-0.3544133970872624,-0.11157762071459087,-0.13894140853636314,0.014372775632013727,-0.006669221951923984,0.0038122383048538647,0.0036102709106463978,-0.1919904861245058,-0.24273804980196728,-0.1771785216214783,-0.2644301730442379,212.0,6,Syn
-0.2564837122414208,-0.3112555535906169,-0.10735158916694382,-0.13230639291269464,0.1781123285530575,0.22947502799289685,0.05159390781262622,0.06390847171538387,-0.1816186636038362,-0.22947214346180841,-0.1691492056114778,-0.25547309558980424,212.0,6,Syn
-0.3420434162042023,-0.40225171986595776,-0.11444638665569437,-0.14271552826383352,-0.10670510717312534,0.032960926924954365,-0.06251650507027055,-0.006551341251696146,-0.20301747253872446,-0.24339102391524917,-0.18275455102044807,-0.26984054338564184,212.2,6,Syn
-0.3446867469532712,-0.3960733050938354,-0.11540264196939552,-0.14569495468680443,-0.1828866609515266,-0.12497515311239858,-0.10475241585730992,-0.09469325467747794,-0.21087943926131286,-0.26749630053588713,-0.18739500501690615,-0.27990596681289726,212.2,6,Syn
-0.3184171856151796,-0.3867214525205566,-0.10965482777198747,-0.1358272883329686,0.15322635431877976,0.16611355102750433,0.06059199315421287,0.06968313237151685,-0.18300366080527256,-0.23186919036798512,-0.1803761104416183,-0.2633875068327685,212.3,6,Syn
-0.3136591902668557,-0.35272878878535724,-0.11060594192808809,-0.13575185981593135,0.18796514284173071,0.2300595434630573,0.08490518701596944,0.11973019139133607,-0.17390362701913928,-0.20877497043888035,-0.17764838837918417,-0.258551834403198,212.4,6,Syn
-0.34692305155159847,-0.41815988583043495,-0.11362123086080707,-0.13992467313345572,-0.03184403366021637,0.07457842840037823,-0.03967238636632405,0.009877344490945763,-0.2005220688853539,-0.24724146481550485,-0.18484608180917425,-0.2719669256594258,212.5,6,Syn
-0.3247611794129449,-0.3719060054546125,-0.10735930090334463,-0.12618590753024445,0.09471892101696758,0.2278383846764476,0.014903755746319853,0.08552987556741667,-0.18609401108256451,-0.21492556531237414,-0.17857564755589578,-0.2578621969089978,212.6,6,Syn
-0.3436107008076325,-0.3970840700749785,-0.11304799178834643,-0.1383406742756737,-0.1494683526940679,-0.07622656290101724,-0.09894956898396016,-0.07513103214468635,-0.20880073911376576,-0.2602883088724982,-0.18741995369430645,-0.28118672215926904,212.6,6,Syn
-0.3334397255005958,-0.3950670931081029,-0.10774231714458514,-0.13227676028100144,0.08313932484265059,0.07750100575118048,0.013544861225345543,0.01838265863563776,-0.1880956331249882,-0.23282969422494168,-0.1827420766817479,-0.2646436322686332,212.6,6,Syn
-0.27705490746913025,-0.2957207332498052,-0.1124824644522866,-0.14084059084033645,0.4314413887175011,0.5198623135686072,0.20749950893521935,0.2587249304401184,-0.1531503472146596,-0.18046959581216476,-0.16015520740866526,-0.23957038337235426,212.8,6,Syn
-0.3262910363243529,-0.38646193178215504,-0.10957513982917903,-0.1347254932091032,-0.04951815413680546,-0.08207171760262173,-0.04698103527642912,-0.054583983763562,-0.198990141546026,-0.25416299041629276,-0.1860186696469889,-0.27050555096933493,212.9,6,Syn
-0.3441721161879657,-0.4063448627400462,-0.11272409885951216,-0.13493830938217255,-0.05287014250305511,-0.011228442619175476,-0.038644033755857,-0.012728885209419807,-0.20143496269290934,-0.25350159083058144,-0.18846779814511957,-0.28143302126434055,213.0,6,Syn
-0.33606434240365357,-0.3835252497423474,-0.11039001330886525,-0.1370045119738712,0.07166130407337147,0.0783193274094051,0.002049348115481787,0.012339409111777657,-0.19297082327404425,-0.24318881257694253,-0.18442195429336894,-0.2731409513936,213.1,6,Syn
-0.33203150858826,-0.38964902856954314,-0.11304799178834643,-0.13992467313345572,-0.016404572094460383,0.005137990545317057,-0.019142061035928398,-0.013445122190025449,-0.19465690682361897,-0.24730044312251095,-0.18880876340292382,-0.27516060405518633,213.1,6,Syn
-0.2898551781407275,-0.2860274060207348,-0.10913300027553227,-0.13517806431132665,0.40645383907818555,0.6011099639209094,0.21260454510860932,0.3003114401265335,-0.15179666299342962,-0.1677260687626314,-0.17157338543220815,-0.24366715848671022,213.1,6,Syn
-0.31701832562584936,-0.3853965308560853,-0.11256729355269558,-0.14059544815996544,0.16957999452987654,0.23216379915563493,0.07939615517418169,0.09918314301021172,-0.18174873290623195,-0.2254574058491786,-0.17813488758849025,-0.2670081036773196,213.3,6,Syn
-0.3239471271114618,-0.3757851575444049,-0.11089384675371855,-0.13677014479593405,-0.05012760656703267,-0.08779996921019412,0.018062267335611493,0.028544270797980303,-0.1934886917928422,-0.2475784837126826,-0.17410567618833983,-0.25307578430044164,213.5,6,Syn
-0.32127104713187343,-0.39284067835234177,-0.11201976026823765,-0.14033414222594356,-0.01721717533476333,0.018348040170943172,-0.020941678104245725,0.0010586766672387986,-0.19594796508443618,-0.24430097493762906,-0.18420989053546627,-0.2790110800644708,213.5,6,Syn
-0.31786980561935474,-0.34936412517695753,-0.11099152874812888,-0.13745169532487767,0.0754195940597726,0.08077429238407897,0.03440572846624846,0.054104978043344146,-0.18712011335701997,-0.23414406792393486,-0.18025136705461675,-0.2684858983077486,213.6,6,Syn
-0.292652898119388,-0.36935177502929145,-0.11330762024717389,-0.13734124642493029,0.04931471496504044,0.04383291466993869,-0.0048920320051707685,-0.008879111438664482,-0.19351277870069328,-0.246588490702223,-0.17097877528750072,-0.26153205357456316,213.6,6,Syn
-0.31718675023994936,-0.35096222656606213,-0.1129323157423342,-0.14172418203991555,0.04829896091466175,0.06008244474039914,0.02004551879865508,0.033647459284795504,-0.18710325252152424,-0.2336259013695241,-0.18730768464600506,-0.27617043038597944,213.7,6,Syn
-0.3358210624055092,-0.39531295486027285,-0.11283206316912359,-0.13972802021403719,-0.0058407299705220735,-0.013215795217720998,-0.010437790725903763,0.0018644432704201456,-0.19265046739962505,-0.24149950535483908,-0.1829957215686511,-0.270850369716435,214.0,6,Syn
-0.3225155178916121,-0.3591394063234179,-0.11133598630736531,-0.13688328757148993,-0.13626355003914503,-0.17103497216104185,-0.032363737456218976,-0.03251493179865066,-0.1982434474026429,-0.2577943690333829,-0.18164433487613418,-0.2708257398059279,214.5,6,Syn
-0.32930396553214114,-0.36697511142498207,-0.11410707025405847,-0.14319773199775016,-0.048502400086426777,-0.027945585065764278,-0.03992947451894081,-0.018503545865552792,-0.2010278939502263,-0.2535352927202992,-0.18243437632714407,-0.26918374577211784,214.5,6,Syn
-0.3373836685474366,-0.36031863213475146,-0.11253644660709232,-0.1366085122594257,-0.16257157994395294,-0.1181947736585374,-0.07900687371668853,-0.02172661227827818,-0.2061367271054377,-0.25247789593040404,-0.1854490081796818,-0.2689292366968773,214.9,6,Syn
-0.34129018390225524,-0.4106110194397357,-0.11537179502379226,-0.14381193563648195,-0.17973782339535269,-0.15887705038170455,-0.08675624517413662,-0.045049078959249395,-0.2079287930495571,-0.2608486027890562,-0.1864968526304949,-0.2783542824509468,214.9,6,Syn
-0.22504445094276096,-0.2666771755258785,-0.09666826367301362,-0.1143544058578319,0.07633377270511342,0.06791495204054913,0.15248264427523242,0.17219455022069935,-0.17131187573436443,-0.21061593616471377,-0.16379771430911086,-0.24229609346847888,215.0,6,Syn
-0.34078491005995537,-0.3849913142645459,-0.10954429288357577,-0.12793423280014327,-0.08344433941945349,-0.04489653370041726,-0.046540312729086104,-0.021458023410551065,-0.20088578119390502,-0.24929728008828908,-0.18687524090439964,-0.28125240192062145,215.3,6,Syn
-0.26127445682026423,-0.306789065092863,-0.11091698196292099,-0.13667316527402903,0.04078238094185949,0.012970497845467055,0.13566173371830717,0.17358225937062277,-0.17538497185197993,-0.21844741278788155,-0.15755638684613274,-0.24420901651786753,215.3,6,Syn
-0.2879744366166112,-0.320962539805919,-0.09506165192284366,-0.11366477370206286,0.39030334967716446,0.4723996573915789,0.17150716756887274,0.21991383905355022,-0.16346436115648666,-0.19776287797359765,-0.17151101373870736,-0.247895293123771,215.6,6,Syn
-0.3426469377380605,-0.4110253420220962,-0.10984762118200786,-0.13252998458819787,-0.030421977989686214,-0.016372178756587415,-0.03497134586133184,-0.02781462661342614,-0.198267534310494,-0.2508096523893742,-0.1855695934537833,-0.2761458004754723,215.7,6,Syn
-0.32619746709429737,-0.36241756301901706,-0.11235136493347274,-0.13796622556609597,0.22595434432589348,0.32510175891114607,0.11167908176705786,0.18830988228432627,-0.1756162061673502,-0.20382500538658227,-0.18235537218204306,-0.26255829984569445,216.1,6,Syn
-0.1626758806492439,-0.12165516570889873,-0.07397519402421295,-0.08038732831059837,0.11930016903613172,0.1510330518973648,0.1933963874202427,0.23159745479967975,-0.1570114785431857,-0.1836839135439975,-0.14931500707822962,-0.21182889417113407,216.1,6,Syn
-0.33725735008686164,-0.3552739132198572,-0.11182439627941698,-0.12939431337993554,-0.15515657537618854,-0.10989465398225903,-0.09711322503669757,-0.07866745223642671,-0.20877183482434447,-0.26150578963855275,-0.18546564063128199,-0.272648353183457,216.4,6,Syn
-0.34280132696765214,-0.38790067833189024,-0.11316623841315894,-0.1315871281252324,-0.11137757580486728,-0.04267537491380756,-0.08212865842703491,-0.056374576215076105,-0.20729048999150382,-0.259277252180965,-0.1870083005172013,-0.28098147290504283,216.4,6,Syn
-0.33784683623621153,-0.4056846784055158,-0.11484225579093624,-0.14558450578685705,0.09502364723208119,0.14659073432414538,0.01640955778307517,0.03328934079449268,-0.19093788825141417,-0.24187865161416405,-0.18433463392246785,-0.26293595847347073,216.6,6,Syn
-0.2769800520850858,-0.3308516458376432,-0.11213029515664935,-0.13876361274620394,0.1864415117661627,0.24502313949916477,0.09309528102076055,0.11059816988861415,-0.17127574537258783,-0.20791978498729183,-0.16148164542378185,-0.2371648621128226,216.8,6,Syn
-0.32471439479791714,-0.35331612519331873,-0.11185267264621998,-0.14020483619673688,0.08029521350159027,0.11830018556837972,0.01732772975670646,0.031095865041387904,-0.18551351660335377,-0.22868014905344072,-0.17626373678346685,-0.2540691906908967,217.3,6,Syn
-0.3307262178289853,-0.3803472589457804,-0.11298115673953936,-0.1402506320820809,0.015185378872316673,0.023842485590451382,-0.009556345631217723,-0.008252404080634546,-0.19401860376556568,-0.24589338922679388,-0.18571928551818517,-0.27278792267633084,217.5,6,Syn
-0.26713189062174075,-0.29876668717946614,-0.10757522952256747,-0.12865080371199705,0.14906176271222715,0.1942871966892379,0.11120163234076959,0.13683034930329577,-0.17688076882953122,-0.21482867237943554,-0.1800892006515147,-0.2697173938331061,217.6,6,Syn
-0.34263758081505497,-0.4017599963616179,-0.11464946238091585,-0.1416164270155766,0.1103615333927993,0.2664164057070371,0.019090619946078538,0.08347069424817546,-0.1928792930242102,-0.23453163965568927,-0.18572760174398528,-0.2763099998788533,217.7,6,Syn
-0.3004846426750363,-0.3606555537951325,-0.1100918261680337,-0.13932932662398323,0.15078854459787092,0.1834152089442536,0.06841481836955146,0.07586067632924051,-0.1799181279095508,-0.2246696241770256,-0.17850495963659488,-0.2630919479066827,217.9,6,Syn
1.5786381337612625,2.2138584660799236,0.5730497723194354,0.9440450758306546,0.992442350741648,1.1195751859532266,0.5048403208759764,0.5842546381253826,-0.1065277283781335,-0.10438757977428957,-0.135842721282061,-0.19308553227519276,217.9,6,Syn
-0.32352138711470907,-0.35534676114642605,-0.10817931554063137,-0.13055267989157884,-0.0009651105287043936,0.026998869129317798,-0.0260467142776357,-0.010311585399875766,-0.1962755470312107,-0.24660112891086716,-0.18634716056609302,-0.2727797127061618,217.9,6,Syn
-0.33021158706367987,-0.3837073695587696,-0.10801736907621425,-0.13081129194999222,-0.012646282108059253,0.009229598836440192,-0.020684589951628963,-0.01926454765744629,-0.193416431069289,-0.24423357115819352,-0.18383566037446158,-0.27525091372704585,218.0,6,Syn
-0.32195878097278163,-0.35180908371242525,-0.11432299887328132,-0.14222793677869996,0.0037073581030375503,0.009931017400632729,-0.009299257478600963,0.006833337323371786,-0.19550235728919144,-0.25099080004660723,-0.18574007608268542,-0.27451201641183137,218.0,6,Syn
-0.26010484144457,-0.29967273326616645,-0.1084800732602632,-0.13810630709773658,-0.010716349412339754,-0.02724416650157174,0.08802697172631582,0.10880757743710004,-0.17647129139606307,-0.22092871441835268,-0.17252143517342,-0.24826474178137828,218.2,6,Syn
-0.34488792079789055,-0.41585607015269443,-0.11089384675371855,-0.1362690839327581,-0.07003638595445487,-0.06488696277990456,-0.03926839069792628,-0.03972206641599493,-0.19797849141628115,-0.2510834802433311,-0.18689603146889988,-0.2731327414234309,218.4,6,Syn
-0.33381868088232075,-0.39037750783523184,-0.11336417298077987,-0.14133357007668698,0.029913812602807583,0.09000963681261405,-0.006324380284035582,0.0447938972954708,-0.19074760167939073,-0.22657799368229456,-0.18721204804930386,-0.2790110800644708,218.4,6,Syn
-0.33438477472415673,-0.37557571975551934,-0.11269068133510864,-0.13276973951735196,0.02209250641489172,0.08673635017971555,0.0010209955050147418,0.04985232097099815,-0.18975281238514163,-0.22825887543196854,-0.18406435658396447,-0.2695531944297251,218.4,6,Syn
-0.31649901639904116,-0.33003665965915396,-0.11250559966148906,-0.13976304059694733,0.0009648221670151049,0.03635111665188496,-0.011319235820589801,-0.0005976213504117481,-0.1931273881750762,-0.24272541159332311,-0.18793140158101285,-0.2721721749136521,218.5,6,Syn
-0.3123445425845754,-0.37267090868358566,-0.11390656510763726,-0.1433701400366924,0.08313932484265059,0.17523199236200732,0.020633148861779107,0.07107084152144029,-0.18992142074009913,-0.2327412267644325,-0.18043016590931898,-0.26720514296137676,218.6,6,Syn
-0.31361708411333067,-0.34956900997043244,-0.1138011713768261,-0.1413712843352056,0.30376110458490063,0.3809814378584849,0.1398853247970111,0.1871459971908421,-0.17139136253027296,-0.20243901517193882,-0.17498719612315086,-0.2569755201307404,218.6,6,Syn
-0.3399427869894555,-0.37480626353113566,-0.11390656510763726,-0.1415867943838834,-0.10579092852778452,0.035182085711564066,-0.07184513232236446,-0.004134041442152105,-0.2035955583271501,-0.2421229903146179,-0.18467144106737204,-0.2683627487552128,218.8,6,Syn
-0.34380251772924636,-0.4061946138914979,-0.11364179549120924,-0.1378342256612808,-0.09543023721392195,0.04511884870429168,-0.05601584749696102,0.005982805908902586,-0.20121095444989442,-0.2397427943533001,-0.18805198685511437,-0.28461027971976294,218.8,6,Syn
-0.3387544577677502,-0.3895625216567426,-0.10931551137035157,-0.12921651758977634,-0.023718001257186903,0.08439828829907375,-0.02197003071471277,0.039645943997367754,-0.1957022786243553,-0.23319198953940776,-0.18371091698746003,-0.2677634209328722,218.9,6,Syn
-0.2830807658847067,-0.3066023922810303,-0.10829499158664362,-0.13797700106852986,0.03316422556401937,-0.021165205611903087,0.05702948589652346,0.08168010179666135,-0.18152954204478722,-0.22456430577165756,-0.16948601275638203,-0.2526652857919891,218.9,6,Syn
-0.29540383348302074,-0.3340432956204418,-0.11189123132822405,-0.14182116156182056,0.2621151885193746,0.27401510681912294,0.12651674086093953,0.15455721457328542,-0.17100597200465587,-0.21147954708873173,-0.17793945628218782,-0.25955345076382214,218.9,6,Syn
-0.29330788272977676,-0.28799430003809434,-0.1072976070121381,-0.12911415031665435,0.11117413663310226,0.13992725796431627,0.03312028770316466,0.047793139651756925,-0.17996148434368273,-0.22076863044219325,-0.18514962405087804,-0.2574352784602072,219.0,6,Syn
-0.34434989772507124,-0.40664536043714283,-0.11340530224158422,-0.1373116137932371,-0.006450182400749284,0.24338649618271552,-0.010731605757465776,0.1216998430880016,-0.19722216250975766,-0.2233299740607441,-0.18880876340292382,-0.27690111773102494,219.1,6,Syn
-0.34756867923898166,-0.41693513006499583,-0.11479598537253136,-0.14046614213075875,-0.16287630615906654,-0.09060564346696426,-0.1053767727993792,-0.08627747015536165,-0.2107108309063554,-0.2672603873078627,-0.18658001488849593,-0.27923274925903513,219.1,6,Syn
-0.32750275785357214,-0.3983998857486287,-0.11241305882467927,-0.13698026709339495,-0.07054426297964421,-0.06406864112167994,-0.05271042839188837,-0.028620393216607483,-0.20432780032582254,-0.2612951528278167,-0.18286682006874946,-0.27569425211617454,219.2,6,Syn
-0.3129901702719586,-0.34655948000405595,-0.10869343130068576,-0.13646573685217664,0.11269776770867028,0.0805404861960148,0.021514593956465145,0.029036683722146683,-0.1850173263016218,-0.23746370406113562,-0.18356954114885826,-0.2646682621791403,219.2,6,Syn
-0.33545614240829263,-0.3980447521066055,-0.1122176948358586,-0.13764026661747078,0.04382964309299554,0.1451878971957603,-0.014734835562498202,0.022724845330559462,-0.19632853822848306,-0.24315932342343946,-0.18248843179484475,-0.27074364010423735,219.3,6,Syn
-0.33976968391385276,-0.3721245492343191,-0.11561857058861837,-0.1462040971768058,-0.16155582589357423,-0.13397669135286946,-0.10442187394680265,-0.09196260118891893,-0.21023150144011915,-0.26633779807683866,-0.18732431709760525,-0.2813262916521429,219.3,6,Syn
-0.3405790577538332,-0.3970840700749785,-0.11561857058861837,-0.14136320270838018,-0.14997622971925725,-0.11188200658080455,-0.10387097076262387,-0.11277823843777039,-0.21001712796024466,-0.2671508561662799,-0.18200193258553865,-0.26709841334917916,219.3,6,Syn
-0.3427966485061493,-0.3940290101544965,-0.11303770947314534,-0.13473896258714557,-0.034789720406314555,0.04967806937154317,-0.0338695394929743,0.010996464773142079,-0.1993827581439984,-0.2443852296619235,-0.1838606090518619,-0.2709735192689708,219.3,6,Syn
-0.31690136408827996,-0.35366670583993143,-0.10654442742365842,-0.13657349187651555,0.10904105312730702,0.13022430115965286,0.0545687850071916,0.061267347849400564,-0.18029147498124237,-0.23081600631430466,-0.17319504946322845,-0.25472598830442067,219.4,6,Syn
-0.3437276623452019,-0.39977033736720563,-0.11323307346196601,-0.13642263484244108,-0.07491200539627255,0.012853594751434966,-0.04492433005549503,0.005982805908902586,-0.19896123725660472,-0.23954900848742292,-0.18609351567918986,-0.27153179724046617,219.5,6,Syn
-0.31018309337029254,-0.3839031483614234,-0.10542622564554013,-0.13379071837296314,-0.11899573118270741,-0.164722205083309,-0.06101070303351524,-0.08770994411657293,-0.20221537850728394,-0.2649181059724774,-0.1828127646010488,-0.27728698632897025,219.5,6,Syn
-0.3112684964389367,-0.3655363648752469,-0.004561854680469744,0.07432194788399447,0.12559784414847955,0.18844204198763342,0.05287934857571003,0.07841227057264812,-0.18014213615256575,-0.22086131063891712,-0.18072123381232263,-0.26208212157588956,219.5,6,Syn
-0.2725308351959451,-0.29030266871124544,-0.09544980932168473,-0.1071240437246909,0.023514562085421877,0.008761986460311833,0.03708679062925183,0.04962849691455889,-0.18961069962882035,-0.2395869231133554,-0.17336137397923052,-0.2563187225172164,219.6,6,Syn
-0.2939581888786627,-0.30721704666145516,-0.11168815560300258,-0.13796622556609597,0.3666362803033411,0.3904505884750841,0.17393114157925935,0.21731747999885476,-0.16427608995106763,-0.19571548817324286,-0.17224284160911651,-0.2550954369620279,219.8,6,Syn
-0.26600438139957155,-0.32778292693092953,-0.10461906390225474,-0.1295155377823168,0.34124242904387403,0.42154681148761997,0.17653874998437222,0.20831975292999638,-0.16703163220922976,-0.20088030277249175,-0.1655358055013326,-0.2435604288745126,219.9,6,Syn
-0.3338888578048624,-0.3846771575812177,-0.0967530927734226,-0.10437629060404865,-0.1472336937832348,-0.18880424245391947,-0.048633744828965444,-0.054852572631289113,-0.2005220688853539,-0.25681280149535274,-0.18202688126293895,-0.2596355504655126,220.0,6,Syn
-0.31375275949691117,-0.34085912975004184,-0.10804821602181751,-0.13046647587210772,-0.08415536725471856,-0.12731321499304038,-0.0072425522576668715,-0.0031044507825314944,-0.19523017523047437,-0.25105399108982807,-0.1791910482651035,-0.25439758949765867,220.0,6,Syn
-0.315600751790508,-0.3637015077247934,-0.11349784307839401,-0.1380227969538739,-0.13748245489959945,-0.03028364694640607,-0.06611573920690521,-0.0019405656890473266,-0.20390146205685863,-0.24549739202261003,-0.17835526757219303,-0.26759101155932213,220.0,6,Syn
-0.3360783777881619,-0.37993748935883054,-0.11408907620245656,-0.14114769265970237,-0.015591968854157435,0.03822156615639839,-0.022998383325179814,0.01650253656154795,-0.19851322077057487,-0.24625147180504525,-0.18807277741961462,-0.27779600447945135,220.1,6,Syn
-0.33340697627007637,-0.3778522174607966,-0.10963683372038556,-0.12901717079474934,0.04169655958720031,0.08907441206035734,0.008807093841408084,0.03413987220896188,-0.19325264009590173,-0.24114984824901717,-0.18305809326215186,-0.27026746183443245,220.1,6,Syn
-0.11256487949300198,-0.10377555273165148,-0.031524655716522125,-0.006017504387489816,0.07623219730007555,0.039390597096719285,0.008182736899338808,-0.006506576440408293,-0.18822088504581375,-0.24219039409405346,-0.1757897119128609,-0.2542005502136015,220.2,6,Syn
-0.3010788072858889,-0.3651493602653497,-0.10671408562447637,-0.13098639386454297,-0.02331169963703543,-0.06547147825006501,-0.018223889062297105,-0.025979269350624182,-0.19440158560039766,-0.25118458591248444,-0.18037195232871825,-0.2595124009129769,220.2,6,Syn
-0.32846184246164134,-0.3607693786803964,-0.11177298470341154,-0.13684018556175434,-0.02402272747230051,0.016009978290301385,-0.014881743078279209,0.013861412695564646,-0.19601059104484897,-0.24837469085726502,-0.1872411548396042,-0.2782393428685801,220.4,6,Syn
-0.343559237731102,-0.4041594249429801,-0.11276008696271597,-0.13370990210470896,-0.09725859450460358,0.04745691058493347,-0.06765826812260578,-0.022845732560474497,-0.20308250718992235,-0.2444821225948621,-0.184588278809371,-0.2740604680525336,220.6,6,Syn
-0.3385111777696058,-0.3862615999840906,-0.11396568842004351,-0.14297952807346387,-0.1004074320607775,0.0783193274094051,-0.06556483602272645,-0.00507410247919701,-0.20559477167878867,-0.2505990155786381,-0.18541574327648136,-0.26969276392259894,220.7,6,Syn
-0.3065292149366239,-0.3646485307701887,-0.10560873674035944,-0.13262696411010289,0.3356557817667913,0.41687068772633634,0.12225642290329033,0.1534380942910891,-0.17046642526879197,-0.20575022583671013,-0.1809831949250259,-0.2536669021526132,220.7,6,Syn
-0.3441767946494685,-0.39625087191484704,-0.11240277650947818,-0.12754900858813167,-0.17272912044773975,-0.1371330748917359,-0.0997575603207557,-0.08488976100543821,-0.20992800640119572,-0.26457687433908494,-0.18411425393876507,-0.26915911586161073,221.2,6,Syn
-0.34346099003954367,-0.4000025401331439,-0.11108406958493867,-0.12632329518627655,-0.05835521437510001,-0.001993098190640403,-0.04907446737630847,-0.023875323220095106,-0.20287054240083296,-0.2550560904938137,-0.18728273596860473,-0.28167932036941207,221.2,6,Syn
-0.3332011239639542,-0.39159315760984986,-0.11073190028930141,-0.13643610422048344,-0.007973813476317308,0.0011632853482260138,-0.013449394799414396,-0.011923118606238459,-0.19515309712535095,-0.25095288542067473,-0.18179402694053604,-0.264610792387957,221.3,6,Syn
-0.058018696832127674,-0.07392156182464607,-0.05082713192776412,-0.04958824847892887,0.018943668858717802,-0.02747797268963592,-0.0226311145357273,-0.027098389632820494,-0.19060548892306944,-0.24339523665146387,-0.17448822257514462,-0.256581441562626,221.4,6,Syn
-0.26785237369316833,-0.3139281618966124,-0.10268598864445024,-0.12271350187092299,0.826569714314809,0.912539806422396,0.3595487877685611,0.42354896560199173,-0.1308964530510584,-0.1441178950153306,-0.16230495177799217,-0.24262449227524088,221.4,6,Syn
-0.30659471339766275,-0.34967828186028577,-0.10647759237485135,-0.13136353644972915,0.2676002603914195,0.3384287116308043,0.08442773758968117,0.11861107110913977,-0.17585466655507576,-0.21137001594714896,-0.17674191976697282,-0.2673529224244197,221.4,6,Syn
-0.3426282238920494,-0.3880919041391335,-0.11314053262515622,-0.13899797992414106,-0.14408485622706088,-0.14636841932027098,-0.08400172925324276,-0.0784883929912753,-0.20498055552858646,-0.2593867833225477,-0.1866881258238973,-0.27380595897729304,221.6,6,Syn
-0.3234933163456924,-0.36954300083653474,-0.11334617892917798,-0.13947748978244923,-0.002793467819386024,-0.007136834328052342,-0.02876450331958432,-0.028978511706910307,-0.19757142267359812,-0.2528991695518762,-0.18880876340292382,-0.2729603320498809,221.6,6,Syn
-0.2655833198643216,-0.300637968293204,-0.11309940336435187,-0.13895757179001397,0.1903013771576017,0.208783180349217,0.06147343824889891,0.05893957766243223,-0.17662785629709502,-0.22388605524108735,-0.1662385265814414,-0.2519263884767746,221.6,6,Syn
-0.339891323912925,-0.3818178764633895,-0.11309940336435187,-0.1382140621220755,-0.07145844162498502,-0.024321589150769502,-0.055207856160165485,-0.0417364829239483,-0.19998011345870487,-0.2505568882164909,-0.18563196514728408,-0.2781736631072277,221.8,6,Syn
0.5304896540636643,0.7761682112799719,0.013761231007868645,0.05561836953436782,0.39558527073913363,0.4491359416791931,0.45988662104698846,0.5579329290881253,-0.11280477656412168,-0.109211162740146,-0.13981371910161072,-0.1699580463089787,221.8,6,Syn
-0.280769605902335,-0.30002786690818967,-0.10285564684526818,-0.12850802830474797,0.15058539378779517,0.14168080437479763,0.06727628512224866,0.06032728681235566,-0.1698714786448706,-0.2146053973600553,-0.16493287913082505,-0.2501694548605979,221.9,6,Syn
-0.310884862595709,-0.31009909275633607,-0.10939005815555945,-0.13402508555090029,-0.12702018818069902,-0.1470698378844635,-0.013265760404688137,-0.0126393555868441,-0.19411254270618486,-0.24567432694362837,-0.18571928551818517,-0.25943851118145544,222.1,6,Syn
-0.3207189886745458,-0.3425346320611259,-0.11217913615385451,-0.13891177590466994,-0.07176316784009863,-0.08756616302212994,-0.04374906992924698,-0.04545196226084007,-0.1963815294257554,-0.2505568882164909,-0.1841392026161654,-0.27383879885796925,222.2,6,Syn
-0.3250839932566365,-0.37250700084880567,-0.11396568842004351,-0.14370418061214305,-0.07003638595445487,-0.031101968604630693,-0.04349198177663022,-0.017115836715629364,-0.1991394803747026,-0.24866958239229553,-0.17912451845870264,-0.26450406277575933,222.2,6,Syn
-0.3376363054685866,-0.39478025439723796,-0.1151121665649648,-0.14533666923087757,-0.1947709833409572,-0.15010931832929783,-0.09663577561040931,-0.07137078799650673,-0.2086754871929402,-0.26306871477421456,-0.18626815642099204,-0.28033288526168787,222.2,6,Syn
-0.29992790575620587,-0.3247187610196264,-0.10747497694935687,-0.13269969875153168,0.29248623462569723,0.3651995201641528,0.0920669284102935,0.11355264743361242,-0.17678923857969717,-0.2193657892826909,-0.17623878810606652,-0.25768978753544775,222.3,6,Syn
-0.32617875324828627,-0.3890616921615816,-0.10603031166360403,-0.13110761826692424,0.6963500450562617,0.8985114351385451,0.5295575104061307,0.6496560274169353,-0.16016445478089042,-0.19212202418208518,-0.15601372696021343,-0.17829116603056452,222.4,6,Syn
0.45949400075902697,0.666809814513865,0.017668510784281995,0.06972888997154834,0.41691610579708593,0.46374882843320425,0.21422052778220038,0.2361634655510407,-0.16070400151675435,-0.19334371768435452,-0.16977708065938568,-0.2456786011781275,222.5,6,Syn
-0.29412661349276265,-0.34694193161854253,-0.10918184127273743,-0.13627716555958355,0.03123429286829987,0.01904945873513571,0.0008006342313432323,-0.005297926535636273,-0.1866311491276433,-0.23437155567952986,-0.17009309723978963,-0.2602348782878533,222.7,6,Syn
-0.30298294111751906,-0.3632006782296324,-0.1098347682880065,-0.13554981914529587,0.7708048169490193,0.9160468992433586,0.24797252953288662,0.3189336016222802,-0.1748743294055373,-0.21378812653439927,-0.17621799754156628,-0.25805102622288595,222.7,6,Syn
-0.33285491781274873,-0.3838940423706023,-0.108516061363467,-0.13173798515930688,-0.0580504881599864,-0.07716178765327397,-0.04606286330279783,-0.05794134461015095,-0.1957046873151404,-0.2517575180376866,-0.18289592685904985,-0.26675359460207904,222.9,6,Syn
-0.3362468024022619,-0.39175251244921927,-0.11397340015644433,-0.1412338966791735,-0.0663796713730916,-0.04501343679444935,-0.04709121591326488,-0.034976996419482556,-0.20028360849762833,-0.25241049215096845,-0.18329926381035488,-0.26837916869555095,223.2,6,Syn
-0.31992365021907376,-0.36511293630206526,-0.11006097922243044,-0.13640647158879024,-0.10893976608395844,-0.09446344557002322,-0.05454677233915096,-0.05131615253954876,-0.2005630166287007,-0.25565851177251897,-0.18434710826116799,-0.27502103456231247,223.2,6,Syn
-0.07505297516373788,-0.08546795818581211,-0.006877946179514761,0.023310719361953548,0.42575316603538044,0.3792278914480035,0.4911411950293976,0.5223449041142825,-0.11623475224211367,-0.1368256486276472,-0.141992570261238,-0.1908442104190421,223.3,6,Syn
-0.33441752395467617,-0.386962761277316,-0.11492708489134522,-0.14126622318647516,-0.07420097756100746,0.05470490241492302,-0.07191858608025498,-0.004357865498591368,-0.2056766671654823,-0.24778490778720397,-0.17927005241020447,-0.264454802954745,223.3,6,Syn
-0.33436138241664287,-0.35973129572678997,-0.11388085931963454,-0.14014557093335048,0.05581554088746401,0.17511508926797523,0.012296147341206988,0.07178707850204592,-0.19221208567673562,-0.23141421485679517,-0.1862806307596922,-0.27915064955734464,223.3,6,Syn
-0.34048548852377764,-0.3997839963534373,-0.11218170673265479,-0.13648728785704442,0.035906761500041816,0.1595669777617073,-0.017342443967611067,0.030961570607524344,-0.19365970883858477,-0.23496976422202034,-0.183228575891054,-0.2661788966902455,223.5,6,Syn
-0.3435218100390798,-0.39818134196892213,-0.11062393597968999,-0.12993039462602163,0.011223938075839808,0.19253365027875657,-0.037836042419061466,0.03503516843471893,-0.20086410297683904,-0.24180282236229905,-0.1832784732458546,-0.2702838817747706,223.5,6,Syn
-0.3200546471411515,-0.3471786873798914,-0.1098527623396084,-0.13897642891927328,0.09807090938321723,0.12356082479982375,0.03003522987176352,0.048061728519484044,-0.18482463103881325,-0.23087498462131079,-0.1827171280043476,-0.2607438964383344,223.7,6,Syn
-0.2598943106769451,-0.25264939666596026,-0.1077654523537876,-0.13124769979856482,0.08110781674189323,0.06510927778377898,0.13059342442386246,0.16547982852752144,-0.17062780755139412,-0.2087833959113098,-0.1706170194651962,-0.2468115770614564,223.7,6,Syn
-0.3194511256072933,-0.3628318856013775,-0.11020236105644539,-0.13439414650926104,0.07623219730007555,0.2134593041105006,0.01299395804116677,0.07174231369075808,-0.19233492890677606,-0.23671804975112987,-0.18339490040705608,-0.27285360243768325,223.8,6,Syn
-0.2386494169928358,-0.22385625368961407,-0.08039907044609251,-0.08879760796025045,0.06191006518973611,0.09655621007841106,0.08222412485296607,0.10074991140528657,-0.17745644592717172,-0.22061697193846325,-0.1605668605857704,-0.2448083443402082,223.9,6,Syn
-0.3296922778368716,-0.3607966966528597,-0.11133598630736531,-0.13702875685434746,-0.08923413750661198,0.07925455216166181,-0.054326411065479446,0.011533642508596311,-0.2029211249073202,-0.24482335422825455,-0.17612236094486508,-0.2561381031734973,224.0,6,Syn
-0.33742577470096163,-0.39652860463489087,-0.1116393146057974,-0.13786655216858248,-0.03956376444309436,0.12484675883417673,-0.046393405213305094,0.019143660427531253,-0.20103993740415183,-0.24209771389732956,-0.1864968526304949,-0.28051350460540697,224.0,6,Syn
-0.30681927954979604,-0.3416467979560677,-0.1069582906105022,-0.1277833757660688,-0.14205334812630352,-0.15653898850106276,-0.05594239373907051,-0.06143299989060345,-0.20268507321037973,-0.26458108707529965,-0.17798103741118834,-0.2704316612378135,224.0,6,Syn
-0.338361467001517,-0.3825099317657938,-0.110302613629656,-0.1302078638136943,-0.02615581097809574,0.010164823588696907,-0.052930789665559884,-0.05145044697341232,-0.20239121293459672,-0.2588012129887014,-0.1884802724838197,-0.2818927795938074,224.1,6,Syn
-0.11842231329447848,-0.14998845614877895,-0.07040980122823576,-0.07774733021429503,0.12844195548953988,0.13069191353578122,0.004252960852196884,0.0006110285543602725,-0.18590854189211128,-0.2356606529612347,-0.17685003070237418,-0.26372411560969955,224.1,6,Syn
-0.32165468097510114,-0.3687280146580455,-0.1092486763215445,-0.13629063493762592,0.12316003442757072,0.15524156328252,0.060151270606869846,0.11297070488687033,-0.180847882552602,-0.22168700693700258,-0.18097903681212585,-0.26150742366405605,224.1,6,Syn
-0.32775539477472204,-0.3305238301680833,-0.11373176574921877,-0.14037455036007065,-0.022397520991694612,0.08685325327374764,-0.02083149746740997,0.0388401773941864,-0.20034382576725598,-0.24172699311043405,-0.18267138876244704,-0.2655631489275668,224.3,6,Syn
-0.34305396388880205,-0.40685935122143885,-0.1145440686501047,-0.14165683514970373,-0.03743068093729913,0.013788819503691683,-0.033465543824576525,0.0088029890200373,-0.1988118984279281,-0.2434584276946847,-0.18601035342118882,-0.27567783217583647,224.4,6,Syn
-0.32907939938000785,-0.3672391851587942,-0.11331276140477443,-0.1424407529517693,0.3841072499698545,0.651378294354708,0.14950776708066704,0.32470826227841315,-0.1830229303315534,-0.20992083468928469,-0.18597293040508833,-0.2734529302600239,224.5,6,Syn
-0.33582574086701195,-0.37884477046029746,-0.11290660995433148,-0.13701798135191356,0.035297309069814604,0.13174404138207002,-0.009886887541724988,0.02952909664631306,-0.19067293226505241,-0.23075702800729855,-0.17783134534678646,-0.2551200668725351,224.6,6,Syn
-0.29060841044267455,-0.3372622633757038,-0.10701484334410818,-0.13007317003327068,0.1213316771368891,0.11689734843999464,0.06327305531721623,0.0789942131193902,-0.1813007164202021,-0.225133025160645,-0.17848001095919458,-0.24282974152946712,224.6,6,Syn
-0.3035443564978523,-0.35003796849771956,-0.1104671306728734,-0.13659234900577485,-0.10772086122350402,-0.14917409357704112,-0.030307032235284886,-0.04030400896273702,-0.19664648541211713,-0.2531266573074712,-0.18061312287692127,-0.266088587018386,224.7,6,Syn
-0.3447382100298017,-0.39687918528150357,-0.11318937362236138,-0.1355875334038145,-0.023413275042073297,0.1363032620493215,-0.0419127259819844,0.022769610141847318,-0.20113869372634122,-0.2447770141298926,-0.18669228393679735,-0.27800946370384666,224.9,6,Syn
-0.34232880235587165,-0.4095137475457921,-0.11296316268793746,-0.1370152874763051,-0.17628425962406516,-0.13444430372899782,-0.10478914273625517,-0.091335893830889,-0.21025799703875533,-0.2658112060499984,-0.18846779814511957,-0.2858992450363038,224.9,6,Syn
-0.3268618086276917,-0.35978137867630605,-0.11167016155140067,-0.13864238834382264,0.11716708553033649,0.1686854190962103,0.025811638793059585,0.05638798341902463,-0.1875584950799094,-0.23066013507435995,-0.18345727210055687,-0.25973407010754124,225.1,6,Syn
-0.3279378547733304,-0.36931079807059647,-0.11189123132822405,-0.1383999395390601,-0.02920307312923179,-0.007253737422084432,-0.030894662298408912,-0.014519477660933911,-0.19374883039763374,-0.24305400501807142,-0.18055075118342048,-0.26285385877178025,225.3,6,Syn
-0.3370702116267506,-0.379646097652555,-0.11121516910375254,-0.13539626823561293,-0.005028126730219127,0.021036811333681234,-0.032363737456218976,-0.02414391208782222,-0.19959231424230267,-0.2535732073462317,-0.187623701226409,-0.28158080072738345,225.3,6,Syn
-0.29393011810964603,-0.3376128440223165,-0.11050568935487748,-0.13665430814476973,0.2412922304866116,0.2748334284773476,0.09471126369435162,0.11314976413202174,-0.16914164533698325,-0.20313832938358262,-0.16977708065938568,-0.24943055754538337,225.6,6,Syn
-0.2967371950113121,-0.3391836274389578,-0.11131799225576341,-0.13964181619456606,0.012544418341332096,0.055406320979115554,0.009100908872970099,0.012249879489201951,-0.190663297501912,-0.2390856075038035,-0.1824759574561446,-0.277401925911337,225.6,6,Syn
-0.325388093254317,-0.37451031882944963,-0.11063421829489108,-0.13315226985375508,0.07755267756556783,0.0704868201092551,0.0103128958781634,0.01833789382434991,-0.19296841458325914,-0.24826937245189698,-0.18320362721365369,-0.27296854202004994,225.9,6,Syn
-0.33770180392962545,-0.3932458949438811,-0.11281663969632195,-0.1369344712080509,-0.13748245489959945,-0.02490610462092995,-0.08925367294241374,-0.03967730160470708,-0.20749041132666768,-0.2560039561421261,-0.18369844264875987,-0.2763756796402057,225.9,6,Syn
-0.32863026707574133,-0.3800604202349155,-0.11340530224158422,-0.14320042587335863,-0.1454053364925532,-0.12333850979594933,-0.10016155598915347,-0.07853315780256315,-0.2088874519820296,-0.2669570703004028,-0.17783550345968652,-0.26159773333591557,226.0,6,Syn
-0.34280132696765214,-0.392817913375289,-0.11374461864322012,-0.14125005993282433,-0.0702395367645306,0.0022154131945148195,-0.045291598844947545,-0.005656045025939093,-0.19959231424230267,-0.2441114018079666,-0.18734926577500557,-0.2827055666405433,226.0,6,Syn
-0.3364245839393674,-0.36000902844683375,-0.11487824389414004,-0.13988965275054557,-0.14733526918827267,-0.0689785710710277,-0.09457907038947522,-0.06322359234211755,-0.20754581121472515,-0.2551403452181082,-0.18052996061892024,-0.2596519704058507,226.2,6,Syn
-0.3375708070075477,-0.38245984881627765,-0.11349270192079347,-0.13851038843900748,0.11716708553033649,0.2468935890036782,0.054678965644027355,0.14905114278487955,-0.18321321690357684,-0.20974389976826638,-0.18880876340292382,-0.27797662382317045,226.2,6,Syn
-0.31951662406833214,-0.34055863205294523,-0.110302613629656,-0.13706108336164913,0.1517027232432117,0.18949416983392223,0.05401788182301283,0.0926922453734731,-0.1825195139574661,-0.2234100160488238,-0.1843221595837677,-0.2561463131436663,226.4,6,Syn
-0.3365696162459535,-0.3862524939932695,-0.11333332603517661,-0.14004050978462004,-0.041798423353927465,0.2266693537361267,-0.054289684186534196,0.0515981486112244,-0.20355220189301818,-0.24114142277658773,-0.1782180498464913,-0.2611215550661107,226.7,6,Syn
-0.34207148697321893,-0.40471944337847826,-0.11402738231125004,-0.14047422375758417,0.03214847151364068,0.25519370867995655,-0.010731605757465776,0.08024762783545007,-0.19683436329335546,-0.2344810868211126,-0.18502903877677654,-0.2772705663886322,226.7,6,Syn
-0.32713783785635553,-0.36700698239285595,-0.10975508034519807,-0.13487904411878615,0.08080309052677963,0.10660987616517076,0.026656357008800372,0.04483866210675865,-0.1912437919811227,-0.24200924643682042,-0.1845799625835709,-0.27039061138696824,226.9,6,Syn
-0.3336268639607069,-0.38281953545371145,-0.11410707025405847,-0.1413820598376395,0.059776981683940876,0.11455928655935285,-0.008638173657586434,0.020352310332303274,-0.19135459175723762,-0.237109834219099,-0.18550306364738248,-0.27743476579201315,226.9,6,Syn
-0.3335239378076458,-0.3924309087653919,-0.11014837890163968,-0.13465006469206597,0.06272266843003906,0.08872370277826107,0.011488156004411453,0.024246848914346454,-0.18578088128050063,-0.22998188454378976,-0.18124931415062923,-0.2633710868924304,226.9,6,Syn
-0.33508186548807045,-0.3737545215912976,-0.11274723406871462,-0.13592965560609055,0.006754620254173601,0.11783257319225136,-0.010107248815396498,0.03566187579274887,-0.19712340618756827,-0.24207665021625596,-0.18389387395506232,-0.27117055855302796,227.1,6,Syn
-0.33284556088974315,-0.3897400884777542,-0.10786313434819793,-0.12758133509543335,0.1180812641756773,0.20831556797308864,0.019237527461859544,0.03803441079100506,-0.1913786786650887,-0.24171856763800462,-0.18463401805127158,-0.2745202263820004,227.1,6,Syn
-0.29162831505027986,-0.31156060428312404,-0.10330549813531578,-0.12604582599860384,0.24687887776369435,0.2634938283562349,0.09001022318935942,0.11395553073520309,-0.17452988662326704,-0.21107512441211845,-0.17306614796332684,-0.2510479216686862,227.5,6,Syn
-0.33967611468379727,-0.3959458212223399,-0.1122716769906643,-0.13808744996847727,-0.005637579160446337,0.015308559726108846,-0.0385705799979665,-0.03385787613728624,-0.19878781152007705,-0.2563957406100953,-0.18508309424447722,-0.27728698632897025,227.6,6,Syn
-0.30886844568801225,-0.3618620975789294,-0.10789398129380119,-0.13560369665746533,0.1277309276542748,0.172192511917173,0.054458604370355844,0.060103462755916395,-0.18199923674788304,-0.2246696241770256,-0.1783053702173924,-0.2700129527591919,227.6,6,Syn
-0.30479818418059645,-0.37183315752804363,-0.11132313341336396,-0.13907071456556983,-0.06140247652623606,-0.09376202700583068,0.017952086698775738,0.022635315707983758,-0.1902393679237332,-0.2426074549793109,-0.17420131278504103,-0.25282948519537013,227.7,6,Syn
-0.2717729244324953,-0.28532169173209887,-0.09360670432188975,-0.10748771693183473,-0.02310854882695969,-0.06512076896796874,0.02526073560888081,0.027425150515783987,-0.188204024210318,-0.23644422189717296,-0.1818771891985371,-0.25713150956395237,228.0,6,Syn
-0.323376354808123,-0.3848638303930504,-0.10856747293947244,-0.13408435081428668,-0.1250902554849795,-0.10451711165678292,-0.05480386049176772,-0.026785035953805526,-0.20310659409777343,-0.24963429898546682,-0.1721679955769156,-0.2530265244794273,228.1,6,Syn
-0.3087795549194595,-0.348735811810301,-0.10948516957116952,-0.13628524718640897,0.1767918482875652,0.22514961351370955,0.09823704407309578,0.13230910336322266,-0.17708069016469508,-0.21543530639435549,-0.18410177960006494,-0.25934820150959587,228.1,6,Syn
-0.2890317689162388,-0.3159542448543091,-0.10631050475283367,-0.13167871989592048,0.29187678219547003,0.2961097915911879,0.1531804549751922,0.1751490277656976,-0.16212512907996732,-0.19615361273957393,-0.16080803113397343,-0.24186917501968827,228.2,6,Syn
-0.31892245945747955,-0.37196064139953916,-0.11351069597239538,-0.1388363473876327,0.1642980734679074,0.20948459891340954,0.07050825046943081,0.09049876962036832,-0.18142837703181275,-0.2253268110265222,-0.18625152396939182,-0.270193572102911,228.3,6,Syn
-0.3371310316262867,-0.39906007008315914,-0.11133598630736531,-0.1376483482442962,0.11218989068348094,0.16237265201847748,0.029888322355982513,0.06287888105576325,-0.1885605104465138,-0.23207140170629176,-0.18332421248775518,-0.275111344234172,228.4,6,Syn
-0.3249857455650782,-0.3668794985213604,-0.10956228693517768,-0.13344320841947016,-0.011935254272794174,-0.006318512669827716,-0.012751584099454615,0.005669452229887618,-0.19067293226505241,-0.2326611847763528,-0.18409346337426483,-0.26313299775752796,228.6,6,Syn
-0.3109129333647257,-0.3462680882977805,-0.10855462004547108,-0.1314362710911579,0.3279360509839133,0.38577446471380056,0.11700447921411936,0.1587203420230557,-0.16900675865301729,-0.2002694560213571,-0.180592332312421,-0.26877324726366536,229.0,6,Syn
-0.31331766257715293,-0.3734358119125588,-0.10953401056837468,-0.13387153464121732,0.32224782830179266,0.4376794384640483,0.08255466676347334,0.12407237808625778,-0.1791593903122422,-0.22152271022462844,-0.1742221033495413,-0.26579302809230015,229.0,6,Syn
-0.3419919531276717,-0.38809645713454405,-0.11360323680920517,-0.14019944844551993,0.09248426210613449,0.8347992488910564,0.1010282868729349,0.709282756052355,-0.19743412729884705,-0.19875708372027198,-0.17014299459459026,-0.2212621498953726,229.1,6,Syn
-0.3142767471852222,-0.3593670560939456,-0.11322279114676492,-0.13789887867588416,0.06485575193583429,0.06218670043297674,0.06268542525409221,0.08432122566264466,-0.1809129172037999,-0.22463592228730783,-0.1744050603171436,-0.25559624514234,229.2,6,Syn
-0.3024917026597275,-0.35641671506790634,-0.10982191539400514,-0.13305798420745854,0.14225621057468996,0.2654811809547804,0.05475241940191786,0.13244339779708622,-0.1869201920218561,-0.22631259130076709,-0.17308278041492703,-0.24733701515227563,229.2,6,Syn
-0.303319790345719,-0.3687371206488666,-0.10605344687280648,-0.13244647444433522,0.3866466350958012,0.4543965809106371,0.1852062934154516,0.23320898800604242,-0.16438448103639744,-0.19629263303465974,-0.17245074725411913,-0.2626321895772159,229.3,6,Syn
-0.3400878192960416,-0.3989553511887164,-0.11383201832242937,-0.14084867246716187,-0.09410975694842966,-0.01754120969690831,-0.05080063068673529,0.003699800533222103,-0.2032029417291777,-0.25125198969192,-0.18345727210055687,-0.2713922277475923,229.4,6,Syn
-0.3346280547223011,-0.3894486967714787,-0.11546433586060205,-0.13938589801176116,-0.11818312794240446,-0.04033731303316577,-0.07691344161680919,-0.03247016698736281,-0.20598497958597597,-0.25530885466669706,-0.18880876340292382,-0.2834362539855888,229.4,6,Syn
-0.33186308397416003,-0.36917420820827984,-0.1106959121860976,-0.1336371674632802,-0.08131125591365825,-0.051092397684118,-0.04738503094482689,-0.03318640396796845,-0.19638875549811072,-0.24823145782596448,-0.17640927073496868,-0.2638801050429115,229.6,6,Syn
-0.2877405135414724,-0.3157220420883708,-0.10822558595903627,-0.13418402421180017,0.17862020557824684,0.24291888380658716,0.07061843110626656,0.08463457934165963,-0.17716740303295891,-0.21811460662691853,-0.17703298766997647,-0.2580674461632241,229.6,6,Syn
-0.33576959932897865,-0.3629229455095886,-0.11264184033790346,-0.13605626775968876,-0.0962428404542249,0.017997330888846905,-0.06115761054929625,-0.009774407664421534,-0.20229486530319246,-0.24433888956356156,-0.18527852555077964,-0.27071901019373024,229.7,6,Syn
-0.2901733135229163,-0.3184811573071668,-0.11118946331574982,-0.13698026709339495,0.07968576107136308,0.12169037529531031,0.0386293195449524,0.05853669436084156,-0.1827724264899023,-0.22797240936936747,-0.17445495767194422,-0.25183607880491504,229.9,6,Syn
-0.3371076393187728,-0.39214862304993753,-0.11286291011472685,-0.1410965090231414,0.00248845324258313,0.03319473311301854,-0.008491266141805428,0.014398590431018878,-0.19730164930566618,-0.2529370841778087,-0.1871039371139025,-0.280193315768814,230.4,6,Syn
-0.2964097027061177,-0.34339514819372063,-0.11292460400593338,-0.14172148816430707,0.20411563224275178,0.14670763741817747,0.07396057709028446,0.08548511075612883,-0.18018790127748277,-0.23090868651102855,-0.17726584199237938,-0.2658504978834835,230.6,6,Syn
-0.32987473783547994,-0.36231739711998484,-0.11014323774403914,-0.12973912945782007,-0.05154966223756283,-0.0022269043787045825,-0.04676067400275761,-0.034439818684028324,-0.20010536537953041,-0.25233045016288874,-0.18482944935757403,-0.27011968237138956,230.7,6,Syn
-0.3223096655854899,-0.36509472432042306,-0.1093309348431532,-0.13026443520147224,0.06962979597261411,0.05832889832991779,0.036242072413511045,0.04841984700978686,-0.18268089624006825,-0.2257312337031355,-0.1787294977331977,-0.25393783116819185,230.7,6,Syn
-0.3493652084560479,-0.42852250338485687,-0.11432814003088186,-0.13824638862937716,-0.15221088863009036,-0.14975860904720156,-0.09285290707904839,-0.07638444686074622,-0.2085381918181891,-0.265802780577569,-0.18797714082291342,-0.2810553626365643,230.7,6,Syn
-0.3375708070075477,-0.36368329574315117,-0.11256729355269558,-0.13194810745676774,-0.1552581507812264,-0.08943661252664337,-0.09446888975263946,-0.06528277366135878,-0.2088826346004594,-0.2611603452689456,-0.18430968524506752,-0.26571092839060967,230.8,6,Syn
-0.344480894647149,-0.41123022681557114,-0.1129862978971399,-0.13306337195867549,-0.11686264767691217,-0.04653317701686651,-0.08084321766395111,-0.04666061216561209,-0.20659437835460798,-0.2560123816145556,-0.18728273596860473,-0.2820733989375265,230.8,6,Syn
-0.3280875655414192,-0.35366670583993143,-0.11522270145337649,-0.1445796901848967,-0.0035044956546511023,0.012152176187242429,-0.008381085504969672,-0.006148457950105472,-0.18962274308274588,-0.23700030307751624,-0.18578997343748604,-0.2673200825437435,230.8,6,Syn
-0.3048543257186298,-0.34792082563181176,-0.11184753148861944,-0.1412527538084328,0.13118449142556232,0.1453048002897924,0.06885554091689448,0.090901652921959,-0.1795544156009997,-0.2257902120101416,-0.17580218625156108,-0.2580756561333931,230.9,6,Syn
-0.3300431624495799,-0.3979263742259311,-0.1110172345361316,-0.13542590086730613,-0.03651650229195831,-0.029932937664309798,-0.03945202509265254,-0.030813868969712263,-0.19761237041694493,-0.2515890085890977,-0.18398951055176352,-0.276580928894432,231.0,6,Syn
-0.27691923208554975,-0.3034972494110322,-0.08820077710491786,-0.10001759986953966,-0.040782669303548784,-0.07657727218311353,0.033818098403124434,0.03481134437827967,-0.18574475091872403,-0.23607771384649215,-0.1761888907512659,-0.25285411510587724,231.0,6,Syn
-0.3029969765020274,-0.3267994799222497,-0.11342329629318613,-0.14274246701991825,1.1101682451805372,1.3234541819451908,0.39410878085604284,0.5450406634372238,-0.15723307809541553,-0.19451907108826189,-0.16800156645106346,-0.20186199038590727,231.2,6,Syn
-0.3232406794245425,-0.35379418971142695,-0.10562673079196135,-0.12879627299485458,0.07694322513534063,0.09480266366792972,0.023057122872165714,0.02729085608192043,-0.18589408974740065,-0.23305296924432192,-0.17907462110390202,-0.26538252958384767,231.3,6,Syn
-0.32250148250710375,-0.3702942450792762,-0.11039001330886525,-0.13674859379106627,-0.017623476954914803,-0.017307403508844132,-0.02847068828802231,-0.03940871273697996,-0.19782915258760456,-0.253522654511655,-0.18610599001789002,-0.2770653171344059,231.4,6,Syn
-0.33184437012814894,-0.3964466507175009,-0.11206346010784228,-0.14096989686954314,-0.027273140433512293,0.06885017679280585,-0.03218010306149272,-0.002343448990638,-0.19642729455067243,-0.23912773486595074,-0.17990208557101237,-0.27104740900049223,231.4,6,Syn
-0.33307012704187644,-0.38539197786067475,-0.11354154291799864,-0.1414790393595445,-0.14967150350414365,-0.12310470360788515,-0.09487288542103724,-0.07589203393657984,-0.20905846902777217,-0.26676328443452557,-0.18307888382665213,-0.2711295087021827,231.5,6,Syn
-0.3454072300246988,-0.4101101899445747,-0.11561857058861837,-0.14682099469114607,-0.15363294430062052,-0.11118058801661201,-0.09237545765276012,-0.06268641460666333,-0.20730494213621448,-0.2590371262167258,-0.18766528235540952,-0.281835309802624,231.5,6,Syn
-0.30933161337678716,-0.37344947089879044,-0.10675521488528072,-0.12932696648972372,-0.058659940590213615,-0.09633389507453664,0.013324499951674033,0.024828791461088538,-0.19075241906096094,-0.2415837600791335,-0.17500382857475108,-0.2563515623978926,231.6,6,Syn
-0.30313265188560795,-0.3539717565324386,-0.1079762398154099,-0.13431333024100686,0.20685816817877423,0.23181308987353866,0.09713523770473823,0.11001622734187207,-0.1734796974409605,-0.21759222733629302,-0.18408930526136477,-0.25657323159245693,231.8,6,Syn
-0.3194885532993155,-0.3807251575648564,-0.11196577811343195,-0.14057389715509766,-0.06881748109400045,-0.02502300771496204,-0.044299973113425754,-0.023651499163655845,-0.19915874990098348,-0.25260427801684565,-0.17959438521640853,-0.2699226430873324,231.8,6,Syn
-0.3452247700260905,-0.40325337885627976,-0.11416362298766446,-0.14103993763536346,-0.06759857623354602,0.03319473311301854,-0.05421623042864369,0.0012825007236780617,-0.20258390819740527,-0.24522356416865312,-0.18725778729120443,-0.2803410952318569,231.9,6,Syn
-0.28365621664954827,-0.31136027248505965,-0.1030844283584924,-0.12130460492769173,0.1180812641756773,0.12566508049240135,0.05405460870195808,0.05262773927084501,-0.18038541392186153,-0.22612723090731934,-0.16731131970965482,-0.24517779299781545,232.0,6,Syn
-0.27203959673815353,-0.3566898947925396,-0.11189123132822405,-0.1381440213562552,0.02270195884511893,0.025596032000932724,0.02757452898243166,0.030827276173660788,-0.18378407661964713,-0.23110247237690576,-0.17495393121995045,-0.26503771083674754,232.1,6,Syn
-0.3286443024602496,-0.37520692712726444,-0.11146708582617919,-0.1357572475671483,-0.1598290440079305,-0.15279808949203588,-0.09153073943701934,-0.03824482764349579,-0.20715560330753785,-0.2561177000199236,-0.17867960037839709,-0.2621724312477491,232.2,6,Syn
-0.3382585408484559,-0.4005443465869999,-0.11174470833660856,-0.1355067171355603,-0.06434816327233424,-0.06044464520668517,-0.01767298587811833,0.029260507778585944,-0.19648510312951498,-0.24195448086602903,-0.1852660512120795,-0.27479115539757903,232.2,6,Syn
-0.34692305155159847,-0.4204728074989966,-0.11489623794574196,-0.142171365390922,0.06891876813734903,0.22070729594049013,0.0004700923208359677,0.07201090255848519,-0.1947363936195275,-0.2354668670953575,-0.18604361832438923,-0.262648609517554,232.5,6,Syn
-0.34352648850058254,-0.40540239269006145,-0.11318937362236138,-0.1382032866196416,0.13423175357669836,0.21930445881210506,0.03649916056612781,0.0688773657683355,-0.18649385375289224,-0.23265275930392337,-0.18574007608268542,-0.27015252225206576,232.5,6,Syn
-0.3323309301244377,-0.3692060791761537,-0.11351583712999593,-0.1432920176440467,0.07602904648999981,0.14834428073462672,-0.011613050852151814,0.028947154099570976,-0.19486405423113815,-0.2411961883473791,-0.1757813956870608,-0.26108050521526543,232.5,6,Syn
-0.3466095946309124,-0.4180597199314028,-0.11433585176728267,-0.14285291591986565,-0.12204299333384346,-0.012280570465464281,-0.09197146198436236,-0.04666061216561209,-0.20862008730488274,-0.26003133196340017,-0.18807693553251467,-0.2811128324277476,232.5,6,Syn
-0.3278442855432748,-0.3812760700095335,-0.11194778406183004,-0.13984655074081,0.10660324340639818,0.18294759656812523,0.028125432166610436,0.041347006826306154,-0.18896517049841174,-0.23577018410281747,-0.1804093753448187,-0.2599228994214294,232.5,6,Syn
-0.31722417793197155,-0.3687280146580455,-0.10992216796721575,-0.1382517763805941,-0.04951815413680546,-0.0723687607979583,-0.04947846304470623,-0.06944590111112907,-0.19897568940131535,-0.2590329134805111,-0.18351548568115758,-0.2727797127061618,232.5,6,Syn
-0.3057946964806879,-0.3045216733784069,-0.11130770994056233,-0.13783691953688929,0.25144977099039845,0.34135128898160655,0.12894071487132613,0.19193583199864234,-0.16848166406186402,-0.1980240676189104,-0.17444248333324405,-0.23000576812541093,233.0,6,Syn
-0.32403133941851175,-0.3860567151906157,-0.11178069643981237,-0.13872320461207685,0.05825335060837285,0.1541894354362312,0.03326719521894566,0.08132198330635854,-0.1869780006006987,-0.2269697781502637,-0.18192708655333772,-0.2697502337137823,233.2,6,Syn
-0.22304674788107529,-0.18997741483967853,-0.10056526113422588,-0.12095709497419874,0.47207155073264845,0.5293314641852065,0.22299825185011551,0.2644548262849636,-0.14119601484817484,-0.1659230176627305,-0.16637158619424305,-0.23759178056161318,233.2,6,Syn
-0.3112170333624062,-0.3549233325732445,-0.10698913755610547,-0.12414394981902205,0.12295688361749499,0.14998092405107596,0.039290403365966925,0.05611939455129751,-0.18281578292403422,-0.22048216437959217,-0.17672944542827268,-0.2594713510621316,233.2,6,Syn
-0.30582744571120735,-0.34196550763480654,-0.1100455557496288,-0.13945863265318992,0.18369897583014025,0.21006911438356998,0.08490518701596944,0.106390277627556,-0.17329663694129238,-0.21070861636143765,-0.17215967935111548,-0.2437246282778936,233.3,6,Syn
-0.30366131803542173,-0.33409337856995797,-0.10910215332992901,-0.13497602364069117,0.2198598200236214,0.2825490326834655,0.11178926240389361,0.1494540260864702,-0.1711914411951091,-0.20312569117493845,-0.1808792421025246,-0.24320740015724343,233.4,6,Syn
-0.3365509023999424,-0.4071370839414827,-0.11083215286251202,-0.13611822689868364,0.032757923943867895,0.07609816862279539,0.001682079326029271,0.00844487052973448,-0.191566556546327,-0.24419986926847573,-0.17808499023368962,-0.2720900752119616,233.5,6,Syn
-0.2577188260781539,-0.3057600881300777,-0.10774745830218568,-0.13476051359201335,0.09157008346079366,0.06464166540765062,0.14506381472829158,0.17255266871100217,-0.16212512907996732,-0.19501196122538433,-0.15762707476543364,-0.23340469577539766,233.6,6,Syn
-0.3112872102849478,-0.3510168625109888,-0.11450293938930035,-0.14493797564082359,0.2630293671647154,0.24829642613206326,0.09254437783658177,0.11458223809323302,-0.1758691186997864,-0.22092028894592322,-0.17603088246106394,-0.26411819417781396,233.6,6,Syn
-0.34651602540085685,-0.41419422682784207,-0.11405308809925276,-0.1384780619317058,-0.08994516534187706,0.02933693100995959,-0.06530774787010968,0.041078417958579035,-0.2019191095407158,-0.2275511357478953,-0.17931579165210504,-0.2547998780359421,233.9,6,Syn
-0.1936847234896483,-0.15993675112084038,-0.10092514216626396,-0.1207227277962616,1.283252735365065,1.540777033750845,0.5536503429942159,0.6882880595583521,-0.11643467357727753,-0.10663718091295099,-0.17515767875205301,-0.24058020970314742,234.1,6,Syn
-0.3230535409644314,-0.37782034649292273,-0.11317137957075948,-0.1398869588749371,0.28639171032342514,0.34661192821305054,0.10495806292007683,0.15585539410063315,-0.17377837509831373,-0.20829471851040207,-0.18603114398568907,-0.265267590001481,234.1,6,Syn
-0.3157411056355913,-0.3301641435306495,-0.1104491366212715,-0.1367458999154578,-0.016099845879346777,-0.012280570465464281,-0.0018069741737696326,0.010369757415112143,-0.19391984744337631,-0.2468623185561799,-0.1850040900993762,-0.2696188741910775,234.1,6,Syn
-0.31863707330581015,-0.38544206081019083,-0.10647245121725081,-0.13447496277751522,0.09796933397817938,0.12157347220127822,0.03242247700320487,0.02796232825123822,-0.18507513488046434,-0.23119936530984436,-0.18366517774555946,-0.2642577636706878,234.3,6,Syn
-0.2981266980776368,-0.2982203277301996,-0.11341301397798505,-0.13592157397926513,0.21772673651782615,0.2700404016220319,0.10282790394125223,0.14949879089775805,-0.1730581765535668,-0.20566175837620096,-0.17111599301320243,-0.24014508128418777,234.3,6,Syn
-0.3338607870358457,-0.34882687171851207,-0.11211230110504744,-0.1352023091918029,-0.12082408847338903,-0.030634356228502337,-0.06868662073307283,-0.005656045025939093,-0.20375453191896714,-0.24356795883626747,-0.18260901706894625,-0.2623941004423134,234.4,6,Syn
-0.3349882962580149,-0.3782437750661043,-0.11288861590272957,-0.13670279790572223,-0.10152476151619405,-0.021866624176095622,-0.0682458981857298,-0.005118867290484862,-0.2022828218492669,-0.24037470478550838,-0.18512467537347774,-0.2771884666869417,234.4,6,Syn
-0.3180429086949575,-0.35256032795516673,-0.10719221328132696,-0.1297472110846455,0.26770183579645734,0.3148142866363222,0.13610245626565018,0.18414675483455598,-0.1733713063556307,-0.20821046378610764,-0.18790645290361255,-0.25764052771443346,234.5,6,Syn
-0.3343239547246206,-0.38503229122324095,-0.11462375659291313,-0.1427963445320877,0.07298178433886376,0.09877736886502077,0.019935338161819326,0.03740770343297512,-0.18601211559587089,-0.2333352225707083,-0.18535752969588065,-0.2648242516123523,234.7,6,Syn
-0.3289343670734218,-0.40237465074204276,-0.10809705701902267,-0.13324116774883468,0.03458628123454953,-0.0017592920025762241,-0.006214199647199827,-0.013982299925479679,-0.19240478093954416,-0.2477301422164126,-0.18590224248578746,-0.27735266609032266,234.8,6,Syn
-0.33061861321442143,-0.37564856768208826,-0.11043885430607041,-0.13648728785704442,0.1842068528553296,0.23707372910498267,0.06455849608030004,0.10719604423073735,-0.1799542582713274,-0.21928574729461117,-0.17420962901084114,-0.2643727032530545,235.0,6,Syn
-0.3118766964342977,-0.3600454524101182,-0.11157762071459087,-0.13693177733244244,0.2243291378452876,0.2634938283562349,0.12067716710864451,0.15388574240396763,-0.1733399933754243,-0.20826522935689903,-0.1775319612179827,-0.24304320075386243,235.0,6,Syn
-0.32448047172277833,-0.3897810654364492,-0.11032574883885844,-0.1356979823037619,-0.029101497724193924,0.01449023806788422,0.006566754225747736,0.057014690777054566,-0.19206997292041433,-0.23287182158708888,-0.17703298766997647,-0.2714250676282685,235.2,6,Syn
-0.3406351992918665,-0.3809118303766892,-0.11552602975180858,-0.14463895544828312,-0.16155582589357423,-0.10194524358807695,-0.10372406324684287,-0.07777215601066965,-0.2098485196052872,-0.2595384418262777,-0.18783576498431165,-0.2821965484900622,235.2,6,Syn
-0.33455319933825667,-0.3823870008897088,-0.11481655000293352,-0.14444769028008153,-0.06282453219676622,-0.07669417527714562,-0.04048037770311959,-0.03551417415493679,-0.19518200141477224,-0.24532466983780646,-0.18722868050090405,-0.2719258758085806,235.4,6,Syn
-0.30328704111519955,-0.381608438674504,-0.10909701217232846,-0.13588924747196346,0.08943699995499843,0.06604450253603569,0.0443954395393569,0.05092667644190661,-0.18215580164891498,-0.2289624023798271,-0.17388113809173703,-0.2630426880856684,235.6,6,Syn
-0.3114556348990478,-0.34136906523602395,-0.11115090463374575,-0.13953136729461868,0.26861601444179817,0.3662516480104416,0.10653731871472263,0.14605190042859342,-0.17256198625183483,-0.21102035884132705,-0.18154869827943299,-0.2618768723216633,235.7,6,Syn
-0.3166112994751078,-0.3667884386131493,-0.10830270332304442,-0.1316948831495713,0.0410871071569731,0.08416448211100958,-0.0001175377422880582,0.007997222416855954,-0.18711770466623487,-0.23342790276743217,-0.17847585284629452,-0.25649113189076644,235.7,6,Syn
-0.2986506857659478,-0.3176707241240881,-0.10943889915276463,-0.13624753292789032,0.027272852071823006,0.03354544239511481,0.03231229636636912,0.04295854003266884,-0.18224251451717882,-0.2265442917925768,-0.18106635718302694,-0.2528459051357082,235.8,6,Syn
-0.3458563623289654,-0.4062173788685507,-0.11530238939618492,-0.14551715889664524,-0.08415536725471856,0.17838837590087372,-0.06266341258605156,0.04291377522138099,-0.2033498718670692,-0.23507086989117365,-0.1806006485382211,-0.25586717415791865,235.8,6,Syn
-0.3409205854435359,-0.379891959404725,-0.11412763488446065,-0.1416783861545715,-0.024225878282376243,0.25273874370528265,-0.047605392218498396,0.05786522219152376,-0.19998733953106018,-0.22953533450502925,-0.18880876340292382,-0.28473342927229867,235.8,6,Syn
-0.31130124566945616,-0.3588343556309107,-0.10979620960600242,-0.13831642939519745,-0.050432332782146275,-0.058223486420075465,0.01097397969917793,0.014801473732609552,-0.18896276180762664,-0.23720251441582288,-0.18028879007071721,-0.253625852301768,235.8,6,Syn
-0.33936733622461396,-0.3942566599250242,-0.11266240496830564,-0.1360023902475193,-0.008887992121658124,0.049327360089446895,-0.024871454151387647,0.013458529393973972,-0.19925028015081753,-0.2500218707172212,-0.18860917398372135,-0.27924916919937326,236.0,6,Syn
-0.31367322565136396,-0.3527014708128939,-0.10640561616844374,-0.13118574065956995,0.15667991809006726,0.19054629768021103,0.07671509301117832,0.11149346611437119,-0.1811296993744595,-0.22518357799522165,-0.17862138679779635,-0.26383905519206624,236.2,6,Syn
-0.25670359993205133,-0.32526967346430347,-0.10612028192161355,-0.1331307188488873,-0.0724741956753637,-0.12088354482127545,0.035213719803044,0.03302075192676557,-0.18521965632757076,-0.2308791973575255,-0.18349469511665734,-0.2563597723680616,236.2,6,Syn
-0.313504801037264,-0.3319580237224079,-0.1090198948083203,-0.13521847244545374,0.20045891766138854,0.2076141494088961,0.06668865505912464,0.10182426687619503,-0.1804841702440509,-0.22333839953317353,-0.18057985797372086,-0.25609705332265204,236.2,6,Syn
-0.3487804007682008,-0.42663301028947676,-0.11371377169761686,-0.139350877628851,-0.18623864931777626,-0.16647575149379037,-0.08550753128999806,-0.034842701985619,-0.20757471550414644,-0.2569518217904385,-0.18219320577894105,-0.26601469728686455,236.4,6,Syn
-0.3436715208071686,-0.4086350194315551,-0.11247732329468606,-0.13926467360937989,0.0651604781509479,0.16038529941993196,0.027611255861376912,0.07818844651620885,-0.18504141320947284,-0.21990923225439,-0.18443027051916905,-0.2641017742374759,236.4,6,Syn
-0.05752277991283333,0.03214957225504052,-0.07551497072557584,-0.08818071044591018,0.18908247229714728,0.19498861525343045,0.2798147335784198,0.33030386368939474,-0.14931812017555476,-0.173834536273978,-0.14365165730835874,-0.21700938534780465,236.6,6,Syn
-0.3424317285089328,-0.40741026366611593,-0.11170614965460447,-0.13561177828429075,0.08649131320890024,0.2355539888825655,0.012369601099097492,0.07778556321461817,-0.18774396427036263,-0.2177818004659555,-0.1857941315503861,-0.2635845461168257,236.6,6,Syn
-0.30844738415276235,-0.3469738025864164,-0.10482728078507676,-0.12994117012845552,0.13677113870264507,0.16143742726622076,0.058057838506990506,0.07335384689712077,-0.18221361022775753,-0.223603801914701,-0.17240500801221856,-0.25970944019703407,236.6,6,Syn
-0.314365637953775,-0.35252845698729285,-0.1063182164892345,-0.1275355392100893,0.18156589232434503,0.27378130063105877,0.08960622752096165,0.1426497747707166,-0.1711553108333325,-0.19892138043264612,-0.17920352260380362,-0.24603162989539665,236.7,6,Syn
-0.33651347470792015,-0.37039896397371896,-0.11322022056796464,-0.14067626442821962,-0.025444783142830663,0.07153894795554391,-0.02784633134595303,0.02026278070972757,-0.196892171872198,-0.23816723100899417,-0.1878482393230118,-0.2625336699351873,236.7,6,Syn
-0.3049712872561992,-0.3715554248079998,-0.10905845349032438,-0.1380416540831332,0.14195148435957636,0.17628412020829612,0.07201405250618612,0.08091910000476786,-0.17447207804442447,-0.21475705586378527,-0.16811383549936484,-0.24665558762824447,236.8,6,Syn
-0.33645265470838404,-0.35076644776340826,-0.1135903839152038,-0.13854271494630915,-0.09451605856858114,0.04640478273864466,-0.06611573920690521,0.0016406192139808826,-0.2044241479572268,-0.24925093998992714,-0.1855862259053835,-0.2735186100213763,237.0,6,Syn
-0.3228289748122981,-0.36474869666922094,-0.11326906156516982,-0.13991120375541335,0.10751742205173899,0.15021473023914017,0.052401899149421755,0.08584322924643165,-0.18175355028780216,-0.2187844316850593,-0.1811037801991274,-0.2652347501208048,237.3,6,Syn
-0.2914598904361799,-0.3447883647893503,-0.10815360975262865,-0.1342594527288374,0.0058404416088327854,-0.025724426279154576,0.07748635746902861,0.08199345547567632,-0.18272184398341507,-0.23054639119656248,-0.17362749320483387,-0.2455800815360989,237.6,6,Syn
-0.32930396553214114,-0.3908373603716978,-0.10912528853913145,-0.13315226985375508,0.10579064016609524,0.11666354225193046,0.029043604140241725,0.039422119940928486,-0.19045615009439282,-0.23961219953064372,-0.1832535245684543,-0.2756285723548222,237.6,6,Syn
-0.32286640250432036,-0.36583686257234344,-0.11007383211643179,-0.13381226937783092,0.02625709802144432,0.09456885747986554,0.0046936833995399035,0.02764897457222325,-0.19174239097363982,-0.23791025409989613,-0.1810788315217271,-0.27323947103562857,237.6,6,Syn
-0.338361467001517,-0.38794620828599574,-0.11060594192808809,-0.13355365731941754,-0.12051936225827543,-0.13280766041254857,-0.06813571754889405,-0.07101266950620391,-0.20401467052375866,-0.2616026825714914,-0.18679623675929866,-0.27533301342873634,237.7,6,Syn
-0.3212991179008901,-0.3421203094787654,-0.1119606369558314,-0.13755136872239118,0.09431261939681611,0.21942136190613715,0.026325815098293105,0.1087628126258122,-0.18825219802602014,-0.21916779068059897,-0.18132831829573023,-0.261335014290506,237.8,6,Syn
-0.3345298070307428,-0.3814399778443135,-0.11442068086769165,-0.1426885895077488,-0.16064164724823343,-0.11994832006901873,-0.09836193892083614,-0.06966972516756834,-0.20904401688306154,-0.26142574765047305,-0.18863412266112164,-0.2849879383475392,237.8,6,Syn
-0.34259547466152995,-0.3979036092488783,-0.11314567378275676,-0.1383002661415466,-0.07338837432070452,0.05224993744024914,-0.06115761054929625,0.006161865154053997,-0.20222260457963925,-0.24018091891963117,-0.18716215069450323,-0.2803246752915188,238.2,6,Syn
-0.3288688686123829,-0.35398541551867024,-0.11235136493347274,-0.13469047282619306,-0.10731455960335255,-0.12509205620643069,-0.039819293882105054,-0.031037693026151527,-0.19867942043474723,-0.2504052297127609,-0.1848336074704741,-0.2712444482845494,238.6,6,Syn
-0.3384597146930753,-0.3922897659076647,-0.11342329629318613,-0.13794736843683666,-0.12214456873888133,-0.13269075731851648,-0.05271042839188837,-0.044870019714097986,-0.20214552647451584,-0.25594076509890534,-0.1837150751003601,-0.27392910852982877,238.8,6,Syn
-0.28893819968618323,-0.3497830007547285,-0.11038744273006497,-0.14035569323081135,0.07044239921291705,0.08182642023036779,0.04241218807631331,0.05164291342251225,-0.1825941833718044,-0.22816198249902994,-0.17547369533245696,-0.2639129449235877,238.9,6,Syn
-0.32962210091433,-0.3671708902276359,-0.11407622330845521,-0.14086752959642118,-0.10030585665573963,-0.07599275671295307,-0.03262082560883574,-0.0027463322922286738,-0.19718844083876616,-0.24394289235937772,-0.18529515800237986,-0.2745776961731837,238.9,6,Syn
-0.31833297330812965,-0.365923369485144,-0.11009953790443451,-0.13586230871587873,-0.05591740465419116,-0.07774630312343442,-0.009997068178560744,-0.012012648228814165,-0.19147020891492275,-0.2415037180910538,-0.18287929440744963,-0.26168804300777515,238.9,6,Syn
-0.29982965806464756,-0.3593670560939456,-0.109716521663194,-0.14150597811562923,0.4170176812021238,0.4998718844891199,0.18586737723646612,0.23034404008361986,-0.16459403713470172,-0.20208514532990218,-0.170363374578293,-0.25764052771443346,239.1,6,Syn
-0.30890587338003445,-0.36361955380740346,-0.10914328259073336,-0.13408704468989516,0.24068277805638438,0.31329454641390503,0.08207721733718507,0.10168997244233148,-0.17258366446890078,-0.21026206632267713,-0.18213083408544026,-0.2604483375122486,239.3,6,Syn
-0.18783664661117735,-0.1274647878527662,0.03311254821631581,0.1008216022445414,0.24860565964933812,0.2639614407323633,0.10271772330441648,0.10173473725361933,-0.17075305947221966,-0.21451271716333142,-0.1600845194893644,-0.24374925818840074,239.6,6,Syn
-0.33612984086469244,-0.39491229126414407,-0.1151121665649648,-0.14403283343637674,-0.016404572094460383,-0.005032578635474731,-0.029168498987982086,-0.014385183227070353,-0.1957769480386936,-0.24575015619549334,-0.18880876340292382,-0.2853409670648084,239.6,6,Syn
-0.33955447468472505,-0.36489439252235867,-0.11401452941724868,-0.1403610809820283,-0.08263173617915054,0.10473942666065733,-0.06207578252292754,0.048106493330771896,-0.20355461058380328,-0.23424096085687346,-0.1841641512935657,-0.2687486173531582,239.6,6,Syn
-0.3286115532297302,-0.3857653234843402,-0.10975508034519807,-0.1303991289818959,-0.02026443748589938,0.2189537495300088,-0.022300572625220037,0.0712499007665917,-0.19864810745454084,-0.23555533455586666,-0.17994366670001288,-0.2706369104920397,239.6,6,Syn
-0.3440551546503963,-0.4051474249470704,-0.11319194420116166,-0.1338634530143919,-0.07511515620634829,0.17090657788282002,-0.05608930125485152,0.05262773927084501,-0.20347271509710965,-0.2402483226990667,-0.18814762345181554,-0.2816546904589049,239.6,6,Syn
-0.3370000347042089,-0.38261009766482595,-0.11459290964730987,-0.14285560979547413,-0.1186910049675938,-0.07973365572197993,-0.08330391855328297,-0.06599901064196442,-0.20657751751911224,-0.2630560765655704,-0.18390634829376248,-0.2748322052484243,239.6,6,Syn
-0.3470212992431568,-0.42006303791204674,-0.11561857058861837,-0.14552524052347066,-0.16125109967846063,-0.14379655125156499,-0.09615832618412104,-0.08081616317824364,-0.20801068853625074,-0.26430304648512803,-0.18738253067820598,-0.28098147290504283,239.8,6,Syn
-0.3013314442070389,-0.3397937288239721,-0.11107121669093731,-0.1381736539879484,0.10690796962151179,0.11549451131160957,0.027243987071924398,0.042600421542366027,-0.18853401484787763,-0.23878650323255826,-0.1824468506658442,-0.275267333667384,239.8,6,Syn
-0.33396371318890683,-0.39196650323351534,-0.11116632810654738,-0.13533430909661806,0.02818703071716382,0.07469533149441032,-0.00129279786853611,0.03973547361994346,-0.19431487273213383,-0.24126780486302937,-0.1884802724838197,-0.2786826812577088,239.8,6,Syn
-0.3052145672543436,-0.35570644778385985,-0.10902246538712057,-0.13129618955951733,0.08740549185424107,0.09258150488132003,0.02952105356653,0.04148130126016971,-0.18607955893785386,-0.2331835640669783,-0.1781224132497901,-0.2558261243070734,240.0,6,Syn
-0.33725735008686164,-0.4063767337079201,-0.1118783784342227,-0.13664353264233584,0.018638942643604196,0.023842485590451382,-0.0009622559580288455,0.00553515779602406,-0.1945244288304381,-0.25074646134615336,-0.18880876340292382,-0.27516060405518633,240.4,6,Syn
-0.3168966856267772,-0.3665198118839266,-0.10472188705426562,-0.1274870494491368,-0.04982288035191906,-0.05296284718863144,0.02999850299281827,0.03427416664282544,-0.18346853812679814,-0.22920252834406624,-0.17601425000946372,-0.26153205357456316,240.5,6,Syn
-0.19494790809539803,-0.1844728433883182,-0.0713583448055361,-0.07225182397301053,-0.018842381815369222,-0.04548104917057771,0.054458604370355844,0.045689193521227855,-0.1850173263016218,-0.231886041312844,-0.16761070383845855,-0.25532531612676135,240.5,6,Syn
-0.2786362274570688,-0.31910947067382334,-0.10860346104267625,-0.1345773300506372,0.20381090602763818,0.17195870572910882,0.10172609757289468,0.12608679459421115,-0.16763139621472134,-0.2070983014254211,-0.1629868822936007,-0.25376542179464184,240.7,6,Syn
-0.33814625777238927,-0.36460755381149373,-0.112089165895845,-0.1332788820073533,-0.10914291689403417,0.04897665080735063,-0.08576461944261483,-0.042855603206144614,-0.20583564075729935,-0.24385021216265382,-0.18351548568115758,-0.26957782434023225,240.7,6,Syn
-0.3214394717459734,-0.36935177502929145,-0.11399139420804623,-0.14059275428435697,-0.07420097756100746,0.10918174423387673,-0.06218596315976329,0.0387506477716107,-0.20237194340831585,-0.23392079290455461,-0.1765464884606704,-0.2548245079464493,240.8,6,Syn
-0.3439943346508602,-0.3939834802003909,-0.1145080805469009,-0.14052271351853668,-0.06434816327233424,0.1520851797436536,-0.037028051082265936,0.08181439623052492,-0.1990286805985877,-0.224496901992222,-0.18653427564659536,-0.26860904786028433,240.8,6,Syn
-0.33201279474224893,-0.39020904700504133,-0.1100918261680337,-0.13317651473423134,0.09075748022049072,0.17616721711426403,0.016887007209363442,0.038168705224868614,-0.18891699668270961,-0.23327203152748746,-0.18132000206993013,-0.2705548107903492,240.8,6,Syn
-0.25880422914679807,-0.3019446779760331,-0.10243150134322332,-0.12094631947176485,0.09075748022049072,0.0883729934961648,0.14712051994922568,0.16991154484501886,-0.1733399933754243,-0.21243583820947357,-0.15967702442515927,-0.22181221789669894,240.9,6,Syn
-0.3443779684940879,-0.4115261715172572,-0.11238992361547681,-0.13594851273534986,-0.12356662440941148,-0.06991379582328441,-0.08624206886890311,-0.06201494243734553,-0.20754340252394005,-0.2628538652272637,-0.18405604035816436,-0.274618746024029,241.0,6,Syn
-0.06306207833212102,0.030178125242270447,-0.10102796531827483,-0.12622900953998,0.11239304149355668,0.10462252356662524,0.1691933741953219,0.20299274038674192,-0.16992446984214293,-0.21256643303212996,-0.1600221477958636,-0.2165906768691831,241.0,6,Syn
-0.3429884654277632,-0.40936805169265433,-0.11099666990572943,-0.13530737034053333,-0.01843608019521775,0.028635512445767054,-0.038901121908473765,-0.022129495579868857,-0.200637686043039,-0.2552540890959057,-0.18674218129159798,-0.2798156571410377,241.1,6,Syn
-0.3364105485548591,-0.405447922644167,-0.11028461957805409,-0.13690753245196619,-0.0926877012778995,-0.12766392427513665,-0.0419861797398749,-0.052032389520154404,-0.19899736761838133,-0.25788283649389204,-0.18626815642099204,-0.27515239408501724,241.1,6,Syn
-0.31954001637584606,-0.3812988349865863,-0.09688419229223647,-0.11089277570094436,0.14784285785177273,0.15898246229154686,0.06720283136435816,0.08006856859029866,-0.17828503555724845,-0.22367120569413654,-0.17541132363895617,-0.24966043671011678,241.1,6,Syn
-0.32155643328354283,-0.3804474248448126,-0.10862659625187869,-0.133111861719628,0.06302739464515267,0.045469557986387944,0.03907004209229542,0.05804428143667518,-0.18774396427036263,-0.23496976422202034,-0.1829957215686511,-0.2633218270714161,241.2,6,Syn
-0.3178791625423603,-0.3791316091711624,-0.11161360881779468,-0.14105879476462277,0.15474998539434778,0.1842335306024782,0.05078591647583068,0.06489329756371663,-0.18465843137464089,-0.22823781175089494,-0.18196035145653813,-0.27041524129747535,241.2,6,Syn
-0.3261927886327946,-0.37094987641839605,-0.11206860126544282,-0.1398357752383761,0.04464224633329849,0.07235726961376854,0.04186128489213454,0.05808904624796303,-0.1845187273091047,-0.22622833657647265,-0.18097072058632574,-0.26885534696535585,241.3,6,Syn
-0.2626686383480917,-0.3005469083849929,-0.10876283692829311,-0.13956369380192035,0.5318994642999528,0.6430781746784295,0.23574247884411784,0.3153076519079641,-0.15723307809541553,-0.18549539011632785,-0.17116589036800306,-0.2399726719106377,241.3,6,Syn
-0.11967146251571988,-0.10676687071638574,-0.023838625103709023,0.003774733449308808,0.06455102572072069,0.01659449376046183,0.04255909559209432,0.0421527734294875,-0.18686238344301356,-0.239047692877871,-0.1787294977331977,-0.2637159056395305,241.3,6,Syn
-0.3136872610358723,-0.3827102635638582,-0.1114105330925732,-0.13831373551958898,0.15779724754548383,0.19136461933843568,0.03374464464523393,0.046360665690545644,-0.18613977620748154,-0.23206718897007703,-0.17942806070040646,-0.2628702787121184,241.4,6,Syn
-0.26133527681980034,-0.2211517744157447,-0.057490072178068986,-0.040946295526948125,0.16053978348150627,0.17815456971280955,0.09985302674668685,0.13423399024860033,-0.17635326554759284,-0.21241056179218526,-0.17178129107721074,-0.26042370760174144,241.5,6,Syn
0.1773874506030908,0.3661846335457769,0.09000459822393439,0.1831275837102108,0.4359107065391673,0.43803014774614457,0.16779775279540235,0.1575116921182837,-0.17577277106838213,-0.21923940719624924,-0.17904967242650172,-0.2707600600445755,241.5,6,Syn
-0.343914800805313,-0.3945070746726047,-0.1140402352052514,-0.13963104069213217,-0.17476062854849714,-0.14180919865301947,-0.10769056617293005,-0.1023928022189886,-0.2101375624995,-0.2660471192780228,-0.18676712996899827,-0.2794379985132614,241.5,6,Syn
-0.2751975582525279,-0.3407953878142941,-0.11191436653742651,-0.13548516613069253,0.062214791404849715,0.0414948527892969,0.0318715738190261,0.022903904575710874,-0.17984586718599763,-0.22859168159293158,-0.17259628120562095,-0.25304294441976544,241.7,6,Syn
-0.32671677632110563,-0.3865757566674189,-0.10909701217232846,-0.1366974101545053,-0.1335210141031226,-0.04255847181977547,-0.06192887500714653,-0.014922360962524585,-0.19983800070238358,-0.24091393502099276,-0.17609741226746475,-0.26744323209627924,241.7,6,Syn
-0.3199938271416154,-0.36417957224290165,-0.11258785818309776,-0.13922695935086124,-0.066074945157978,-0.08756616302212994,-0.04048037770311959,-0.056374576215076105,-0.20008850454403468,-0.2579376020646834,-0.1849625089703757,-0.27054660082018017,241.9,6,Syn
-0.34211359312674394,-0.39782165533148833,-0.11308140931274996,-0.1398061426066829,-0.017318750739801197,0.04067653113107227,-0.036660782292813415,-0.006148457950105472,-0.19775448317326624,-0.24297817576620642,-0.18344895587475676,-0.27036598147646107,242.1,6,Syn
-0.3337063978062541,-0.3705355538360356,-0.11307369757634915,-0.13912997982895622,-0.09329715370812672,-0.0744730164905359,-0.06251650507027055,-0.04661584735432424,-0.20211903087587965,-0.2560123816145556,-0.18583155456648656,-0.2673200825437435,242.1,6,Syn
-0.3356058531763815,-0.3466505399122671,-0.11451322170450144,-0.14056850940388071,-0.18501974445732183,-0.17816606089699932,-0.10449532770469315,-0.0939770176968723,-0.20994245854590635,-0.2668349009501758,-0.18789397856491238,-0.2822622282514146,242.1,6,Syn
-0.3135609425752974,-0.391060457146815,-0.10926152921554587,-0.13654385924482235,0.035906761500041816,0.003968959604996163,-0.011539597094261311,-0.024188676899110077,-0.1949531757901871,-0.25046842075598175,-0.18080023795742362,-0.2689949164582297,242.2,6,Syn
0.010904398026779628,0.05499650322520265,0.004167830925253765,0.047741477255193364,0.15546101322961287,0.16389239224089464,0.20757296269310985,0.2268076199918795,-0.1669063802884042,-0.20527418664444658,-0.1457182394196846,-0.23440631213602175,242.2,6,Syn
-0.33554503317684536,-0.3959367152315188,-0.10996843838562065,-0.13096753673528366,-0.057136309514645586,-0.05378116884685606,-0.06281032010183257,-0.07351949893832366,-0.2031354983871947,-0.260094523006621,-0.18505398745417684,-0.26783731066439365,242.3,6,Syn
-0.2914832827436938,-0.34085912975004184,-0.11364693664880979,-0.14276401802478603,-0.03438341878616308,-0.004915675541442641,0.035103539166208245,0.03203592607843281,-0.18661669698293268,-0.23795659419825807,-0.1702427893041915,-0.25001346542738595,242.3,6,Syn
-0.3009899165173362,-0.31315870567222864,-0.11054938919448211,-0.13883904126324118,0.11432297418927617,0.14483718791366404,0.06738646575908441,0.09493048593786572,-0.1815584463342085,-0.2243747326419951,-0.1744300089945439,-0.2502843944429646,242.5,6,Syn
-0.282697132041479,-0.35060253992862833,-0.11239506477307735,-0.1398681017456778,-0.0978680469348308,-0.13327527278867693,-0.011135601425863543,-0.037573355474178005,-0.1979206828374386,-0.2555700443120098,-0.1776650208307844,-0.2652429600909738,242.7,6,Syn
-0.3040402734171466,-0.35946266899756724,-0.10922554111234206,-0.1393616531312849,0.06526205355598577,0.05891341380007824,0.030843221208559056,0.03293122230418986,-0.18443924051319618,-0.2336890924127449,-0.17838853247539344,-0.26477499179133795,242.8,6,Syn
-0.3289343670734218,-0.3856697105807185,-0.11292460400593338,-0.1403018157186419,-0.05490165060381248,-0.06991379582328441,-0.02858086892485806,-0.030545280101985147,-0.19530243595402758,-0.250207231110669,-0.1870789884365022,-0.2678865704854079,242.8,6,Syn
-0.30622979340044615,-0.3916705585318293,-0.11140539193497266,-0.14214442663483728,0.06282424383507693,0.023725582496419293,-0.02648743682497872,-0.033768346514710536,-0.19299250149111022,-0.24885915552195803,-0.18245100877874426,-0.27475831551690283,242.9,6,Syn
-0.18593719124105,-0.21062980202195342,-0.06554112498052071,-0.06615558347103657,0.00187900081235592,0.07399391293021779,0.1553840677119073,0.1861164065312215,-0.1694041926325599,-0.20809250717209543,-0.15615926091171525,-0.23816647847344669,242.9,6,Syn
-0.27917425052988815,-0.30722615265227626,-0.11074475318330278,-0.14059544815996544,-0.015084091828968093,-0.023737073680609056,0.07524601785336826,0.09797449310543971,-0.18395991104695994,-0.2326822484574264,-0.16996003762698797,-0.24347832917282208,243.0,6,Syn
-0.275342590559114,-0.31323155359879756,-0.1065649920540606,-0.1319831278396779,0.5908131992219166,0.640973918985852,0.2633978186898923,0.34162936094522145,-0.14712621156110764,-0.16693407435426372,-0.16872923620857255,-0.24349474911316019,243.3,6,Syn
-0.3441767946494685,-0.39885063229427364,-0.11394255321084107,-0.14095642749150078,-0.07511515620634829,0.13571874657916105,-0.05348169284973866,0.0507476171967552,-0.20129284993658805,-0.23203348708035926,-0.18708314654940222,-0.2781408232265515,243.5,6,Syn
-0.31640076870748285,-0.3609651574830502,-0.11328191445917117,-0.14194777371541878,0.3970073264096638,0.6165411723331453,0.18788735557845498,0.3069366321971357,-0.16456513284528046,-0.1870541025157749,-0.1709704590617006,-0.2415161463024191,243.5,6,Syn
-0.3436902346531797,-0.3943704848102881,-0.11487824389414004,-0.14498107765055915,-0.16876767965126288,-0.0611460637708777,-0.09656232185251881,-0.01501189058510029,-0.20796733210211882,-0.25296657333131173,-0.18801456383901388,-0.28383033255370316,243.5,6,Syn
-0.3467125207839735,-0.41899308399056645,-0.11431271655808023,-0.13734663417614723,-0.10822873824869336,-0.07178424532779785,-0.07133095601713095,-0.04594437518500644,-0.20559718036957378,-0.26008609753419154,-0.18799377327451364,-0.27344472028985484,243.8,6,Syn
-0.3068520287803155,-0.3664606229435894,-0.1130042919487418,-0.14247577333467945,0.09380474237162677,0.09959569052324539,0.03488317789253673,0.034587520321840405,-0.18533045610368568,-0.2364315836885288,-0.17590198096116233,-0.26834632881487475,243.8,6,Syn
-0.3404340254472471,-0.3854875907642964,-0.11253644660709232,-0.1392916123654646,-0.12915327168649424,-0.14169229555898738,-0.04396943120291849,-0.03520082047592182,-0.19989340059044103,-0.25359005829109055,-0.18518288895407845,-0.2721721749136521,244.0,6,Syn
-0.3183282948466269,-0.37498838334755785,-0.11253901718589258,-0.13911920432652233,-0.08801523264615756,-0.13689926870367172,0.011341248488630447,0.011936525810186983,-0.1938764910092444,-0.24756163276782372,-0.1768999280571748,-0.25869140389607187,244.0,6,Syn
-0.32332489173159246,-0.3810711852160586,-0.110567383246084,-0.13439414650926104,-0.036313351481882576,-0.04057111922122995,-0.024063462814592113,-0.025039208313579274,-0.1972366146544683,-0.2518754746516988,-0.18440532184176872,-0.27464337593453614,244.1,6,Syn
-0.3296735639908605,-0.347693175861284,-0.10908930043592764,-0.13302026994893992,-0.036211776076844705,-0.0009409703443515975,-0.032290283698328474,-0.011654529738511344,-0.19504952342159138,-0.24008402598669257,-0.17843842983019406,-0.2591265323150315,244.2,6,Syn
-0.3058227672497046,-0.3579192035533893,-0.10758551183776856,-0.13395773866068847,0.12011277227643467,0.14401886625543942,0.058057838506990506,0.07917327236454161,-0.17582094488408426,-0.2151909676939016,-0.18035947799001809,-0.25573581463521383,244.4,6,Syn
-0.32473310864392824,-0.36826816212157953,-0.11314567378275676,-0.13152247511062906,0.00858297754485523,0.13899203321205955,0.00484059091532091,0.06498282718629234,-0.19172793882892916,-0.23394606932184295,-0.18401445922916385,-0.2685844179497772,244.6,6,Syn
-0.10739985799393642,-0.05792688894736835,-0.03205419494937814,-0.012024846994384157,0.22707167378131005,0.23122857440337818,0.08453791822651692,0.09761637461513689,-0.1687610721929364,-0.20424627900805445,-0.16349417206740705,-0.24516137305747734,244.6,6,Syn
-0.2985945442279145,-0.3512536182723376,-0.11050568935487748,-0.13554173751847046,0.027882304502050214,0.04991187555960735,0.005428220978444936,0.02008372146457616,-0.1901237507660481,-0.23839893150080385,-0.18519952140567866,-0.26420850384967354,244.8,6,Syn
-0.32153771943753173,-0.38931210690916207,-0.11255187007989395,-0.14148442711076145,0.07196603028848507,0.06779804894651704,0.003334788878565594,0.0042817430799641865,-0.19455333311985937,-0.2511256076054783,-0.18178571071473595,-0.2719587156892568,245.0,6,Syn
-0.2675061675419629,-0.3418471297541321,-0.10935921120995619,-0.13654116536921387,0.28415705141259207,0.3207763444319588,0.11733502112462661,0.13857617694352203,-0.1740915049003776,-0.2190203449130837,-0.17083739944889895,-0.26684390427393856,245.0,6,Syn
-0.31849671946072683,-0.36173461370743387,-0.11431271655808023,-0.1427855690296538,-0.014982516423930226,-0.01239747355949637,-0.02692815937232174,-0.02736697850054761,-0.1956757830257191,-0.25097394910174836,-0.1793282659908052,-0.26768953120135075,245.2,6,Syn
-0.30431630264581044,-0.36791758147496684,-0.10995301491281902,-0.13546361512582475,0.3841072499698545,0.46830804910045576,0.1102834603671383,0.1329358107212526,-0.17496345096458624,-0.2126506877564244,-0.17407656939803948,-0.26216422127758005,245.3,6,Syn
-0.2662897675512409,-0.2582086040622472,-0.11016637295324158,-0.13594851273534986,0.689239766703611,0.8822619050680848,0.28749065127797735,0.3877371165717097,-0.14237868202366225,-0.1611247111141624,-0.169644021046584,-0.2395785933425233,245.3,6,Syn
-0.2363897200869946,-0.3066706872121886,-0.036665813317066004,-0.015182069207514278,-0.13199738302755457,-0.17290542166555528,-0.04283089795561569,-0.06340265158726896,-0.19783637865995987,-0.2569181199007208,-0.17733237179878023,-0.2613103843799988,245.4,6,Syn
-0.33118002859475465,-0.36337824505064403,-0.11173699660020774,-0.13534508459905195,-0.1145264133610412,-0.13841900892608888,-0.04062728521890059,-0.02047319756221831,-0.19937553207164307,-0.25114667128655194,-0.1834447977618567,-0.26795225024676034,245.5,6,Syn
-0.32888290399689124,-0.3664105399940733,-0.112089165895845,-0.13560369665746533,0.07755267756556783,0.19569003381762298,0.027794890256103173,0.09980985036824166,-0.18956734319468843,-0.22384392787894014,-0.18800208950031375,-0.2669752637966434,245.5,6,Syn
-0.34541658694770433,-0.40325337885627976,-0.11197091927103249,-0.13369912660227506,-0.11757367551217725,-0.033556933579304574,-0.07739089104309746,-0.03958777198213138,-0.20646671774299732,-0.25223776996616487,-0.1846589667286719,-0.2699308530575014,246.1,6,Syn
-0.34340952696301313,-0.39164324055936595,-0.1134721372903913,-0.13507569703820466,-0.10680668257816321,-0.030868162416566515,-0.07239603550654324,-0.03851341651122291,-0.20390868812921398,-0.25074224860993866,-0.18421404864836632,-0.27179451628587575,246.1,6,Syn
-0.3157177133280774,-0.39214407005452695,-0.10553676053395182,-0.13251112745893856,0.06465260112575856,0.08872370277826107,-0.009850160662779738,-0.023830558408807254,-0.19543732263799354,-0.25094445994824527,-0.18427226222896706,-0.2762853699683462,246.3,6,Syn
-0.2958529657872873,-0.3474655260907563,-0.11259814049829885,-0.13890100040223605,0.3055894618755823,0.3726813181822065,0.07792708001637162,0.08714140877377938,-0.18153917680792767,-0.23280020507143862,-0.1797440772808104,-0.26627741633227414,246.4,6,Syn
-0.3143282102617527,-0.29222858576990995,-0.11145423293217782,-0.1386477760950396,0.025444494781141375,0.03436376405333944,0.011818697914918717,0.03951164956350419,-0.186850339989088,-0.23228625125324256,-0.18451343277717008,-0.2589951727923267,246.5,6,Syn
-0.3268805224737028,-0.397334484822559,-0.11524583666257894,-0.14438573114108666,0.0066530448491357325,0.0169452030425581,-0.0034229568473607037,-0.008118109646770988,-0.19335621379966134,-0.25002608345343597,-0.18203519748873906,-0.26438091322322355,246.7,6,Syn
-0.3057245195581463,-0.3427895998041169,-0.10969338645399154,-0.137419368817576,0.21925036759339417,0.22608483826596626,0.07869834447422192,0.09233412688317028,-0.18106948210483184,-0.22514145063307445,-0.17662965071867143,-0.25805102622288595,246.7,6,Syn
-0.33251339012304604,-0.40293466917754095,-0.11237707072147546,-0.1394209183946713,-0.14438958244217448,-0.12345541288998142,-0.09432198223685846,-0.06711813092416073,-0.20943663348103395,-0.2652635503420846,-0.18296245666545066,-0.2755875225039769,246.8,6,Syn
-0.3125784656597142,-0.38082987645929917,-0.10822815653783655,-0.13310647396841105,-0.040884244708586655,-0.04127253778542248,0.0016086255681387678,0.007280985436250312,-0.19324300533276131,-0.24658006522979353,-0.17080829265859857,-0.26063716682613675,247.0,6,Syn
-0.3287331932288024,-0.3853418949111586,-0.10917412953633662,-0.13186998506412204,0.08578028537363518,0.14974711786301179,0.0261789075825121,0.04322712890039596,-0.1879438856055265,-0.23592605534276218,-0.18487934671237466,-0.27135117789674706,247.1,6,Syn
-0.3424317285089328,-0.38541018984231695,-0.11519699566537377,-0.1459778116256941,-0.06790330244865964,0.08895750896632525,-0.04793593412900567,0.03901923663933782,-0.20125671957481145,-0.2375521715216448,-0.18778586762951102,-0.27858416161568017,247.2,6,Syn
-0.3237599886513507,-0.3649808994351592,-0.11115861637014655,-0.13434565674830853,0.001574274597242315,0.01986778039336034,0.0041427802153611295,0.03158827796555428,-0.19025622875922896,-0.23700872854994567,-0.17925341995860425,-0.26543178940486195,247.2,6,Syn
-0.32617875324828627,-0.39303645715499563,-0.1107781707077063,-0.1354986355087349,-0.059574119235554425,-0.09960718170743516,-0.05594239373907051,-0.0761158579930191,-0.1999198961890772,-0.25928989038960915,-0.1805673836350207,-0.2740440481121955,247.2,6,Syn
-0.32843377169262467,-0.36135216209294735,-0.10941576394356217,-0.1316086791301002,-0.09532866180888408,-0.003746644601121746,-0.0636917651965186,-0.018324486620401384,-0.20128803255501784,-0.2456659014711989,-0.18082102852192386,-0.27056302076051825,247.2,6,Syn
-0.3361579116337091,-0.38880217142318,-0.11339244934758287,-0.13783961341249776,-0.14195177272126566,-0.054716393599112775,-0.08183484339547291,-0.031216752271302935,-0.20651970894026966,-0.25093182173960116,-0.1863138956628926,-0.2781244032862134,247.2,6,Syn
-0.3022764934305998,-0.33055570113595717,-0.10844408515705939,-0.13695332833731022,-0.007059634830976494,-0.04115563469139039,0.0762009167059448,0.08915582528173274,-0.18363473779097053,-0.2314394912740835,-0.17017625949779067,-0.253305663465175,247.3,6,Syn
-0.3186698225363296,-0.3386645859621546,-0.11344900208118885,-0.13804704183435015,-0.056526857084418375,-0.053079750282663526,-0.052232978965600106,-0.05409157083939562,-0.2030632376636415,-0.26263901568031295,-0.184588278809371,-0.2699226430873324,247.3,6,Syn
-0.28486793817876743,-0.27176287139946775,-0.10375792000416365,-0.12490092886500291,0.24494894506797485,0.3095536474048782,0.10925510775667126,0.13007086279883004,-0.16971491374383865,-0.21370808454631957,-0.1736067026403336,-0.2520249081188032,247.4,6,Syn
-0.1349279254762749,-0.15155468657000967,0.09057012555999422,0.08984136526440627,0.17536979261703506,0.16050220251396405,0.07638455110067106,0.09806402272801541,-0.17418785253178187,-0.2187675807402004,-0.17329068605992964,-0.2606453767963058,247.4,6,Syn
0.18812919821346627,0.2535936100381764,0.2511002010581766,0.406735422467104,0.34428969119501013,0.3474302498712752,0.05827819978066201,0.06574382897818583,-0.18617590656925814,-0.23972594340844122,-0.16749011856435705,-0.2463518187319896,247.4,6,Syn
-0.3362935870172897,-0.39635103781387926,-0.1124464763490828,-0.14095912136710925,-0.03296136311563292,0.051665421970088686,-0.029939763445832372,0.011309818452157047,-0.19778579615347264,-0.23761957530108033,-0.17978981652271098,-0.26916732583177977,247.5,6,Syn
-0.3450516669504878,-0.4115216185218466,-0.11492194373374467,-0.14142785572298353,-0.15089040836459808,-0.09551557341631202,-0.10247534936270432,-0.07978657251862302,-0.21090352616916394,-0.2655163145149679,-0.18600619530828877,-0.2770078473432226,247.5,6,Syn
-0.33983986083639445,-0.3783120699972626,-0.11301971542154343,-0.13918655121673415,-0.0519559638577143,0.030622865044312574,-0.042279994771436916,0.002312091383298672,-0.20116037194340716,-0.24863588050257776,-0.18482944935757403,-0.2719094558682425,247.6,6,Syn
-0.162296925267519,-0.1546097464904917,-0.018381286310731694,0.013529257027588814,0.22564961811077988,0.23613850435272596,0.10308499209386898,0.10862851819194863,-0.16880683731785343,-0.20622205229275897,-0.17238005933481823,-0.25324819367399165,247.8,6,Syn
-0.32923846707110227,-0.3453848071881329,-0.11423559919407207,-0.14359373171219567,-0.0077706626662415726,0.03576660118172451,-0.01833406969913286,-0.013400357378737595,-0.19407400365362315,-0.24545526466046283,-0.1822056801176412,-0.2664662456461623,247.8,6,Syn
-0.3355684254843592,-0.39198016221974696,-0.10871399593108794,-0.13305798420745854,0.11869071660590451,0.15033163333317226,0.037196971266087585,0.05893957766243223,-0.18786199011883284,-0.2377291064426631,-0.18249674802064483,-0.263798005341221,247.8,6,Syn
-0.2946927073345987,-0.3758625584663843,-0.1098347682880065,-0.13981961198472526,0.3286470788191784,0.41874113723084977,0.18311286131557225,0.23092598263036196,-0.1607979404573735,-0.1913468807185764,-0.17499135423605092,-0.2589705428818196,248.1,6,Syn
-0.298332550383759,-0.3508575076716194,-0.10779115814179031,-0.13432141186783228,0.40381287854720094,0.4755560409304453,0.17407804909504035,0.21561641716991636,-0.16500351456816986,-0.19929210121954166,-0.1732075238019286,-0.261663413097268,248.1,6,Syn
-0.33321983780996534,-0.3965331576303014,-0.11387314758323372,-0.14068165217943657,-0.15921959157770327,-0.09668460435663291,-0.07423237945380583,-0.037573355474178005,-0.20498537291015667,-0.25375014226725,-0.18846779814511957,-0.284618489689932,248.4,6,Syn
-0.3016682934352388,-0.35821059525966475,-0.11229224162106648,-0.14001357102853532,0.10883790231723128,0.1039211050024327,0.049059753165403855,0.039914532865094866,-0.18050584846111686,-0.2240503519534615,-0.1735817539629333,-0.24103175806244517,248.4,6,Syn
-0.33549357010031483,-0.3861750930712901,-0.11393484147444025,-0.1421632837640966,0.019959422909096487,0.0672135334763566,-0.0005949871685763293,0.041302242015018295,-0.19335380510887623,-0.23671804975112987,-0.18741995369430645,-0.28051350460540697,248.5,6,Syn
-0.2889054504556638,-0.3387966228290607,-0.11195292521943058,-0.13964989782139148,0.2002557668513128,0.19183223171456404,0.07638455110067106,0.08087433519348002,-0.17389158356521375,-0.21755009997414582,-0.16731131970965482,-0.2543811695573206,248.5,6,Syn
-0.33295316550430704,-0.36616467824190335,-0.11191693711622677,-0.1409645091183262,0.03143744367837561,0.039390597096719285,-0.006912010347159607,-0.004313100687303515,-0.19403305591027634,-0.24839996727455335,-0.1835404343585579,-0.27424929736642173,248.8,6,Syn
-0.2641751029519858,-0.2602119220428912,-0.09680964550702859,-0.11162281599084048,0.05276827873632796,0.042897689917681975,0.11480086647740426,0.15146844259442357,-0.17415653955157548,-0.21786184245403523,-0.16581439906563608,-0.2325262289673093,248.9,6,Syn
-0.3224453409690704,-0.3851597750947364,-0.11275494580511543,-0.14122581505234807,0.04900998874992683,0.06744733966442078,-0.0025782386316199166,0.011309818452157047,-0.19588774781480853,-0.24967221361139932,-0.18610599001789002,-0.2801768958284759,248.9,6,Syn
-0.3374491670084755,-0.3975848995701395,-0.11161874997539523,-0.1386370005926057,-0.026460537193209347,-0.03402454595543293,-0.02215366510943903,-0.010669703890178586,-0.19831811681698122,-0.25230938648181517,-0.18654674998529552,-0.27805051355469196,248.9,6,Syn
-0.30823217492363464,-0.3522871482305335,-0.10883224255590045,-0.13288827004412476,0.1142213987842383,0.12356082479982375,0.0659541174802196,0.0909911825445347,-0.17719148994081,-0.21728469759261834,-0.17067939115869696,-0.25003809533789306,249.0,6,Syn
-0.31475395025850544,-0.3701758671986018,-0.10633621054083639,-0.1340035345460325,0.06709041084666739,0.05634154573137227,0.0261789075825121,0.030245333626918704,-0.18467288351935152,-0.23587971524440024,-0.1695567006756829,-0.25150767999815304,249.0,6,Syn
-0.32863026707574133,-0.3789494893547402,-0.109423475679963,-0.13356173894624296,-0.005942305375559943,0.0032675410408036253,-0.01855443097280437,-0.015862421999569488,-0.19478938481679983,-0.24555215759340143,-0.18880876340292382,-0.27892077039261126,249.3,6,Syn
-0.33041276090829924,-0.39817678897351155,-0.11014323774403914,-0.13723887915180832,0.031742169893489214,0.17125728716491628,-0.01789334715178984,0.04551013427607645,-0.19722697989132787,-0.24169329122071628,-0.18197698390813835,-0.2666222350793742,249.5,6,Syn
-0.3362421239407591,-0.38166307461943066,-0.11105836379693595,-0.13304720870502465,-0.06566864353782653,0.03155808979656929,-0.061745240612420274,-0.03640947038069384,-0.20034141707647088,-0.24892655930139357,-0.18568602061498476,-0.2696024542507394,249.5,6,Syn
-0.3110486087483062,-0.347898060654759,-0.10617683465521953,-0.1289417422777121,0.2252433164906284,0.21252407935824388,0.10088137935715388,0.127340209310271,-0.17399997465054357,-0.21659380885340396,-0.17520757610685364,-0.2532646136143298,249.5,6,Syn
-0.32273540558224256,-0.3860157382319207,-0.10896077149591404,-0.13047994525015008,-0.05226069007282791,0.06744733966442078,-0.03647714789808716,0.015428181090639488,-0.1970559628455853,-0.23986075096731233,-0.1824219019884439,-0.26828064905352234,249.6,6,Syn
-0.33997553621997495,-0.3690877012954793,-0.11296316268793746,-0.13534508459905195,-0.13707615327944797,-0.018125725167068757,-0.08025558760082709,-0.006327517195256882,-0.20524792020573332,-0.244831779700684,-0.18854680229022056,-0.2844789201970581,249.6,6,Syn
-0.3402562439101416,-0.39745286270323343,-0.11241305882467927,-0.13445341177264744,-0.13738087949456157,-0.15852634109960828,-0.06042307297039121,-0.062373060927648355,-0.20290667276260957,-0.2602209050930626,-0.18729936842020495,-0.2784445921228063,249.6,6,Syn
-0.31556800255998857,-0.38388948937519174,-0.11115347521254601,-0.13855079657313457,0.013763323201786515,-0.009942508584822492,-0.02197003071471277,-0.031216752271302935,-0.19350314393755283,-0.24884230457709913,-0.17965675690990932,-0.26576839818179304,249.6,6,Syn
-0.3188850317654573,-0.34657313899028763,-0.1117138613910053,-0.1391811634655172,0.1421546351696521,0.1741798645157185,0.06797409582220844,0.09206553801544316,-0.17586189262743107,-0.2139524232467734,-0.17646332620266933,-0.24599879001472044,249.7,6,Syn
-0.3035209641903384,-0.3476704108842313,-0.11193493116782868,-0.13984385686520154,0.07084870083306852,0.10006330289937375,0.014463033198976833,0.023978260046619338,-0.18664560127235394,-0.23619145772428965,-0.18530763234108003,-0.2649638211052261,249.8,6,Syn
-0.20223227265522145,-0.18003367286302766,-0.09932881273129508,-0.12008427927705355,0.46973531641677746,0.44282317460146026,0.24606273182773353,0.26427576703981215,-0.14333011488377942,-0.16897303868218905,-0.1498015062875357,-0.2150472024774017,249.8,6,Syn
-0.3181832625400408,-0.3337063739600608,-0.11529724823858438,-0.14223871228113386,0.22067242326392433,0.2660656964249409,0.10297481145703323,0.15366191834752835,-0.1736555318682733,-0.21039266114533353,-0.17970665426470994,-0.26160594330608467,250.0,6,Syn
-0.2987536119190089,-0.3545727519266318,-0.11069077102849706,-0.14026948921134022,0.4013750688262921,0.5189270888163505,0.160599284522133,0.21700412631983979,-0.16537204425829122,-0.1950835777410346,-0.17961933389380882,-0.24598237007438237,250.1,6,Syn
-0.3251541701791782,-0.3841171391457195,-0.1105134010912783,-0.13499488076995048,0.2610994344689959,0.31282693403777667,0.10168937069394943,0.13418922543731246,-0.18122604700586378,-0.22369226937521014,-0.18662159601749645,-0.2599967891529508,250.3,6,Syn
-0.311974944125856,-0.3777383925755327,-0.11250559966148906,-0.14137397821081407,-0.010817924817377624,-0.018125725167068757,-0.008123997352352912,-0.019354077280021992,-0.1947749326720892,-0.24902345223433217,-0.17573149833226018,-0.25886381326962193,250.5,6,Syn
-0.3011676980544417,-0.3538670376379958,-0.1007194958622422,-0.1216925230153118,0.12234743118726778,0.2045746689640618,0.05647858271234468,0.06314746992349038,-0.17935208557505072,-0.23060115676735385,-0.17459217539764593,-0.2623694705318063,250.5,6,Syn
-0.33307012704187644,-0.33783138780202315,-0.11192979001022814,-0.1354770845038671,0.015490105087430277,0.28278283887152966,-0.01653445263081553,0.10258526866808852,-0.19527112297382118,-0.22206615319632755,-0.18558206779248346,-0.2625665098158635,250.7,6,Syn
-0.33905387930392794,-0.39337337881537665,-0.11376261269482203,-0.13982230586033373,-0.0901483161519528,0.1821292749099006,-0.06472011780698565,0.054328802099783406,-0.2048817992063971,-0.23615354309835715,-0.18880876340292382,-0.2841176815096199,250.7,6,Syn
-0.3280267455418831,-0.3815765677066301,-0.10832069737464634,-0.13304451482941618,-0.03123458122998916,-0.04115563469139039,-0.02762597007228152,-0.029605219064940243,-0.19826271692892375,-0.25646314438953083,-0.1831578879717531,-0.27660555880493914,250.8,6,Syn
-0.32553780402240584,-0.37764277967191107,-0.11060594192808809,-0.13364794296571408,0.01163023969599128,0.0437160115759066,-0.004671670731499259,0.015249121845488078,-0.18863758855163723,-0.23411457877043182,-0.18599787908248866,-0.272812552586838,251.4,6,Syn
-0.31426271180071386,-0.3634465399818024,-0.11158790302979196,-0.13392271827777832,0.050635195230532726,0.23637231054079014,0.016556465298856175,0.10912093111611501,-0.18886641417622235,-0.22491817561369418,-0.18106219907012688,-0.2722296447048354,251.5,6,Syn
-0.3403451346786943,-0.37537538795745495,-0.11436669871288593,-0.14098067237197703,-0.09360187992324032,0.13115952591190957,-0.06314086201233983,0.0635055884137932,-0.20396649670805653,-0.23758587341136256,-0.1870415654204017,-0.275275543637553,251.5,6,Syn
-0.30110219959340284,-0.33519520345931214,-0.10922554111234206,-0.13768606250281482,0.09715673073787642,0.08743776874390809,0.04303654501838259,0.050702852385467345,-0.18108393424954247,-0.22644318612342346,-0.16919078674047833,-0.2461055196269181,251.5,6,Syn
-0.33379528857480684,-0.36980252157493637,-0.11070876508009897,-0.1341112895703714,-0.13494306977365272,-0.09890576314324262,-0.07588508900634214,-0.05919475932621082,-0.20558031953407804,-0.2595932073970691,-0.1866091216787963,-0.2797171374990091,251.5,6,Syn
-0.34170188851449956,-0.3777338395801222,-0.11505047267375827,-0.14239495706642527,-0.08933571291164985,-0.012981989029656818,-0.07202876671709073,-0.04786926207038411,-0.20529127663986524,-0.2584473431466648,-0.18542405950228147,-0.2757106720565127,251.6,6,Syn
-0.3370889254727617,-0.3641158303071539,-0.11246961155828525,-0.13486826861635226,-0.09421133235346753,-0.04431201823025681,-0.0636183114386281,-0.0452281382044008,-0.20348716724182028,-0.2568465033850705,-0.187623701226409,-0.28052992454574505,251.6,6,Syn
-0.24271967850025158,-0.2630985211331827,-0.10427974750061884,-0.12944280314088805,0.3696835424544772,0.45509799947482965,0.23923153234391673,0.295611134941309,-0.15869756209276042,-0.18711729355899573,-0.1648954561147246,-0.22448045820164023,251.6,6,Syn
-0.33041276090829924,-0.38806913916208075,-0.11251845255549041,-0.13778034814911136,0.1238710622628358,0.09573788842018643,0.07730272307430235,0.08159057217408565,-0.18238462727350013,-0.23173859554532875,-0.183627754729459,-0.27153179724046617,251.9,6,Syn
-0.34241769312442444,-0.4061263189603396,-0.11476256784812781,-0.14332434415134837,-0.15678178185679442,-0.15197976783381126,-0.0974804938261501,-0.07360902856089936,-0.20836717477244654,-0.2652298484523668,-0.1826048589560462,-0.2687321974128201,252.3,6,Syn
-0.343872694651788,-0.3920530101463159,-0.11498877878255175,-0.1428394465418233,-0.12112881468850265,-0.062315094711198595,-0.07276330429599576,-0.02732221368925976,-0.2048553036077609,-0.25200185673814046,-0.1881268328873153,-0.2816546904589049,252.3,6,Syn
-0.3156194656365191,-0.38506871518652536,-0.11144138003817647,-0.13829757226593814,-0.13463834355853913,-0.1291836644975538,-0.07981486505348406,-0.0682820160176449,-0.20698458626179528,-0.2631403312898648,-0.1827088117785475,-0.2742164574857455,252.5,6,Syn
-0.24606477847473696,-0.2717901893719311,-0.07239942921964625,-0.07443116934026502,0.061808489784698245,0.07679958718698794,0.1013221019044969,0.11283641045300677,-0.17351823649352222,-0.21442424970282226,-0.16744437932245648,-0.24657348792655395,252.8,6,Syn
-0.3076099395437653,-0.36116093628570406,-0.11218684789025533,-0.1395394489214441,0.14032627787897048,0.16342477986476628,0.05633167519656368,0.09018541594135335,-0.18265921802300228,-0.2275679866927542,-0.18020562781271618,-0.2561545231138354,252.8,6,Syn
-0.33258356704558767,-0.40664080744173225,-0.11377032443122284,-0.1403610809820283,-0.16135267508349851,-0.10615375497323216,-0.08385482173746174,-0.06855060488537201,-0.2095715201649999,-0.2645642361304408,-0.18571928551818517,-0.27707352710457495,253.0,6,Syn
-0.3300571978340882,-0.3939971391866226,-0.11344129034478803,-0.1411934885450464,0.032351622323716425,0.02653125675318944,-0.005846930857747311,0.0017749136478444406,-0.19322373580648045,-0.24764167475590343,-0.18669228393679735,-0.26878966720400344,253.0,6,Syn
-0.31656451486008,-0.37251155384421625,-0.11247475271588579,-0.1405496522746214,0.12316003442757072,0.08661944708568346,0.031945027576916606,0.037139114565248,-0.18893385751820535,-0.2396248377392879,-0.18409346337426483,-0.2659654374658502,253.1,6,Syn
-0.2959558919403484,-0.3651721252424025,-0.10997615012202146,-0.13533430909661806,0.23113468998282477,0.29213508639409685,0.09056112637353818,0.08951394377203556,-0.18068168288842965,-0.223043507998143,-0.17815983626589058,-0.26897849651789163,253.1,6,Syn
-0.2813076289751543,-0.25949710176343416,-0.1104671306728734,-0.13702067522752204,0.01782633940330125,-0.0010578734383836872,0.08641098905272475,0.10263003347937638,-0.17979769337029547,-0.22595450872251574,-0.16667512843594687,-0.24147509645157386,253.3,6,Syn
-0.32695069939624444,-0.3540263924773652,-0.11223054772985995,-0.13647651235461053,-0.023921152067262638,-0.0014085827204799557,-0.0327310062456715,-0.009058170683815892,-0.1953192967895233,-0.2404800231908764,-0.18400198489046368,-0.2591265323150315,253.3,6,Syn
-0.3405088808312915,-0.3915476276557443,-0.11434099292488321,-0.14314654836118917,-0.15739123428702165,-0.10849181685387396,-0.10107972796278475,-0.07965227808475947,-0.20864417421273382,-0.26248735717658295,-0.18880876340292382,-0.2841094715394509,253.3,6,Syn
-0.34039659775522485,-0.4067409733407645,-0.11119460447335036,-0.13754598097117424,-0.09563338802399769,-0.04723459558105905,-0.0705229646803354,-0.018906429167143468,-0.20329928936058195,-0.2507169721926503,-0.1802388927159166,-0.2632561473100637,253.4,6,Syn
-0.261718910663028,-0.2767939313281304,-0.10846722036626183,-0.13747324632974547,0.4733920309981407,0.545580994255667,0.2269647547762027,0.2824950452339682,-0.14715752454131403,-0.17077608978208997,-0.16946522219188176,-0.2438559878005984,253.5,6,Syn
-0.3204148886768653,-0.3761129732139648,-0.10982962713040596,-0.1310537407547548,-0.05673000789449412,-0.09481415485211948,0.011304521609685194,0.021784784293514558,-0.19135700044802273,-0.24133520864246494,-0.1762678948963669,-0.25946314109196256,253.8,6,Syn
-0.3433346715789687,-0.4084984295692385,-0.10846207920866129,-0.1273361924150623,0.20970227951983456,0.36882351607914754,0.06378723162244976,0.13629317156784154,-0.18889531846564364,-0.2283852575184102,-0.185544644776383,-0.2640114645656163,253.9,6,Syn
0.2689776914429515,0.5895864593554512,-0.025856529461922496,0.0020479591842777443,2.0144940762326793,2.2301545792580773,0.7547667320984137,0.8873571753554327,-0.11471486835671132,-0.12375774088958028,-0.13747270153888141,-0.19124649895732554,254.0,6,Syn
-0.3292010393790801,-0.3501335814013412,-0.11205574837144146,-0.13790157255149263,0.13819319437317523,0.26290931288607444,0.03444245534519371,0.08946917896074771,-0.1920603381572739,-0.2323494422964634,-0.18838047777421846,-0.280037326335602,254.1,6,Syn
-0.3415007146698802,-0.3916477935547765,-0.11407622330845521,-0.14131471294742767,-0.15038253133940874,-0.16343627104895603,-0.0680255369120583,-0.020428432750930457,-0.20533704176478226,-0.2561345509647825,-0.18175660392443557,-0.2625336699351873,254.2,6,Syn
-0.34324110234891314,-0.394361378819467,-0.11378831848282475,-0.1413227945742531,-0.15393767051573412,-0.15513615137267767,-0.07603199652212315,-0.02253237888145953,-0.2059584839873398,-0.25559532072929814,-0.18530347422817997,-0.2718519860770591,254.2,6,Syn
-0.3367941823980868,-0.39406088112237037,-0.11159047360859224,-0.13810630709773658,0.12041749849154827,0.22386367947935656,0.030218864266489776,0.06842971765545698,-0.19061512368620986,-0.2371898762071787,-0.18524110253467918,-0.2722542746153426,254.4,6,Syn
-0.3140942871866139,-0.3025729913426896,-0.10953915172597523,-0.1351619010576758,0.19995104063619917,0.38004621310622816,0.0919200208945125,0.20079926463363715,-0.1819486542413958,-0.2117449494702592,-0.17731989746008006,-0.2609245157820535,254.5,6,Syn
-0.32936946399318,-0.38556043869086526,-0.11331276140477443,-0.1406681828013942,-0.09350030451820246,0.21310859482840433,-0.06780517563838678,0.07004125086181967,-0.20569111931019296,-0.23938049903883404,-0.18824326004851674,-0.2822786481917527,254.5,6,Syn
-0.3153387579463525,-0.35305660445491716,-0.10735415974574408,-0.12625594829606474,0.2057408387233577,0.285822319316364,0.10165264381500418,0.17465661484153122,-0.17750461974287388,-0.21124363386070732,-0.17904551431360166,-0.268223179262339,254.5,6,Syn
-0.3266372424755584,-0.37233398702320464,-0.1096419748779861,-0.1342594527288374,0.023819288300535483,0.047807619867029735,0.009357997025586859,0.030603452117221524,-0.19017433327253533,-0.2386348447288283,-0.18670060016259746,-0.266252786421767,254.6,6,Syn
-0.3115024195140756,-0.3842901529713206,-0.11371377169761686,-0.14139552921568185,0.12498839171825235,0.11689734843999464,0.02371820669318024,0.027828033817374663,-0.18904706598510537,-0.23782178663938697,-0.183627754729459,-0.2681903393816628,254.7,6,Syn
-0.3413931100553163,-0.40610355398328685,-0.11268039901990755,-0.14024524433086397,-0.1183862787524802,0.009931017400632729,-0.07335093435911978,-0.009774407664421534,-0.20368708857698414,-0.2399534311640362,-0.17981476520011128,-0.2658422879133145,254.9,6,Syn
-0.3423943008169105,-0.3848638303930504,-0.11459290964730987,-0.14230067142012873,-0.0047234005151055225,0.1922998440906924,-0.041104734645188865,0.046360665690545644,-0.19757864874595346,-0.22442107274035702,-0.18510804292187752,-0.26660581513903614,254.9,6,Syn
-0.29783663346446465,-0.36228552615211096,-0.11078331186530685,-0.1397253263384287,0.07023924840284132,0.06674592110022824,0.023167303509001466,0.00741527987011387,-0.19064161928484602,-0.24447790985864737,-0.18156533073103318,-0.27120339843370417,254.9,6,Syn
-0.28482115356373966,-0.3468281067332787,-0.10961369851118312,-0.1342998608629645,-0.11990990982804822,-0.1471867409784956,-0.03728513923488269,-0.03860294613379862,-0.20057024270105603,-0.26293390721534343,-0.17852575020109515,-0.26420029387950444,255.0,6,Syn
-0.34197791774316344,-0.3839441253201184,-0.11427415787607614,-0.14097259074515162,-0.11696422308195004,-0.008422768362405327,-0.06982515398037563,-0.0005528565391238955,-0.20598257089519087,-0.2506200792597117,-0.18702909108170157,-0.2799962764847568,255.0,6,Syn
-0.3434703469625492,-0.39159315760984986,-0.1152406955049784,-0.1444907922898171,-0.06140247652623606,0.03716943831010959,-0.04815629540267717,0.013950942318140352,-0.2025959516513308,-0.2474226124727379,-0.18598956285668855,-0.2768272279995035,255.0,6,Syn
-0.24772095384671994,-0.2899247700921694,-0.1027168355900535,-0.12235791029060458,0.2634356687848669,0.3231144063126006,0.1079329401146422,0.12653444270708966,-0.16724118830753404,-0.20055170934774347,-0.17251311894761992,-0.2517786090137317,255.1,6,Syn
-0.29990451344869196,-0.36365597777068787,-0.10935921120995619,-0.14113961103287695,0.11980804606132106,0.1274186269028827,0.027243987071924398,0.012249879489201951,-0.1865203493515284,-0.23881599238606133,-0.17679181712177344,-0.2678126807538865,255.2,6,Syn
-0.32236112866202044,-0.3694701529099659,-0.1100918261680337,-0.13680247130323572,0.12234743118726778,0.1786221820889379,0.0545687850071916,0.09739255055869762,-0.17957609381806566,-0.21666542536905423,-0.17863801924939657,-0.25255855617979145,255.3,6,Syn
-0.3060800826323573,-0.35849288097511917,-0.10949545188637061,-0.13198582171528636,-0.09796962233986865,-0.10556923950307172,-0.027736150709117273,-0.03188822444062073,-0.19517477534241692,-0.2526843200049254,-0.1825009061335449,-0.25193459844694366,255.3,6,Syn
-0.3087140564584206,-0.3119430558976106,-0.11083729402011257,-0.13871242910964296,0.047080056054207335,0.08018977691391853,0.0818935829424588,0.11265735120785536,-0.17634363078445242,-0.21658538338097452,-0.17548616967115713,-0.2445456252947986,255.4,6,Syn
-0.3349181193354733,-0.3543678671331568,-0.11188351959182324,-0.13582459445736011,-0.08710105400081675,0.022556551556098398,-0.05454677233915096,-0.006058928327529767,-0.20193837906699666,-0.24563219958148114,-0.1849375602929754,-0.27566141223549834,255.4,6,Syn
-0.34235687312488833,-0.39730716685009565,-0.11346699613279075,-0.13696949159096106,-0.07785769214237073,-0.01999617467158219,-0.056419843165358786,-0.03291781510024133,-0.2023767607898861,-0.2522588336472385,-0.18773181216181034,-0.28008658615661636,255.4,6,Syn
-0.25820538607444266,-0.31688760891347273,-0.10346744459973291,-0.13194002582994233,0.225548042705742,0.1908970069623073,0.12012626392446574,0.1463652541076084,-0.16548766141597632,-0.2000756701554799,-0.16992261461088748,-0.24309246057487674,255.5,6,Syn
-0.33773923162164765,-0.3859838672640468,-0.11436669871288593,-0.14241920194690152,-0.036313351481882576,0.03155808979656929,-0.027295428161774254,0.010190698169960731,-0.19561556575609146,-0.23905190561408574,-0.18565691382468438,-0.2728289725271761,255.5,6,Syn
-0.34054630852331375,-0.40611721296951847,-0.11177555528221182,-0.13755136872239118,0.1155418790497306,0.17593341092619985,0.05515641507031563,0.1038386833841484,-0.18670581854198162,-0.22968699300875922,-0.1828127646010488,-0.26651550546717656,255.5,6,Syn
-0.29392543964814327,-0.3391244384986206,-0.10910215332992901,-0.13693177733244244,0.06658253382147805,0.03155808979656929,0.0375642400555401,0.035796170226612425,-0.18157771586048937,-0.22950163261531148,-0.17512441384885258,-0.2569755201307404,255.6,6,Syn
-0.32952385322277167,-0.3699163464602002,-0.10824615058943844,-0.12986574161141828,0.08638973780386237,0.13127642900594166,0.06294251340670896,0.1054502165905111,-0.17910639911496984,-0.21380076474304344,-0.1843221595837677,-0.2559739037701163,255.6,6,Syn
-0.3257015501750031,-0.34282602376740134,-0.11298886847594018,-0.13923773485329513,0.15728937052029449,0.2658318902368767,0.06037163188054136,0.12322184667178858,-0.18467529221013662,-0.21725520843911528,-0.18021810215141632,-0.26834632881487475,255.6,6,Syn
-0.29573600424971785,-0.3723840699727207,-0.10256003028323692,-0.12929194610681358,0.14560819894093963,0.1744136707037827,0.07340967390610569,0.07277190435037868,-0.18271220922027465,-0.23410194056178765,-0.17979813274851109,-0.25433190973630626,255.6,6,Syn
0.3841380213338016,0.648078791394844,-0.01820391637351293,0.015875622682568622,0.23844811914555128,0.21930445881210506,0.15494334516456426,0.17859591823486226,-0.13867652428695318,-0.16676556490567485,-0.1448783006138741,-0.21367613745917033,255.7,6,Syn
-0.3281951701559831,-0.38289238338028037,-0.10987589754881086,-0.13261888248327747,-0.025444783142830663,0.09562098532615435,-0.03897457566636427,0.037765821923277945,-0.19879744628321747,-0.24281387905383228,-0.1797440772808104,-0.26837916869555095,255.7,6,Syn
-0.29098736582439944,-0.348735811810301,-0.10594805314199533,-0.13245186219555216,0.07785740378068144,0.06861637060474167,0.020596421982833853,0.017576892032456413,-0.18624816729281132,-0.23839471876458915,-0.17997277349031326,-0.2645451126266046,255.8,6,Syn
-0.3217716425126706,-0.34779334176031623,-0.10751867678896149,-0.13068198592078553,0.04921313956000257,0.0738770098361857,0.0009842686260694903,0.014309060808443172,-0.19293710160305275,-0.24450739901215043,-0.1758437673805616,-0.2607603163786725,255.9,6,Syn
-0.33583041932851476,-0.3740003833434675,-0.11158276187219142,-0.13823561312694327,0.05276827873632796,0.10918174423387673,0.005758762888952201,0.0182483642017742,-0.19303585792524214,-0.24244315826693677,-0.18347390455215706,-0.2678455206345627,256.0,6,Syn
-0.3462259607876847,-0.4183647706239099,-0.11561857058861837,-0.14677519880580203,-0.16602514371524044,-0.18295908775231498,-0.0999044678365367,-0.08685941270210373,-0.2087790608966998,-0.26646839289949503,-0.18151543337623258,-0.25639261224873783,256.4,6,Syn
-0.32040085329235696,-0.37131866904665095,-0.11132313341336396,-0.13638761445953093,0.1720178042507854,0.22620174135999835,0.0806815959372655,0.11037434583217488,-0.18012768400785512,-0.2189192392439304,-0.18502903877677654,-0.25780472711781444,256.4,6,Syn
-0.3200733609871626,-0.3350950375602799,-0.11201976026823765,-0.1375298177175234,0.10843160069707981,0.1373553898956103,0.03323046834000041,0.04752455078402981,-0.18805468538164138,-0.23501610432038228,-0.18237616274654334,-0.2713593878669161,256.6,6,Syn
-0.333771896267293,-0.3919118672885887,-0.10945432262556626,-0.13552288038921115,0.03204689610860282,0.06429095612555435,-0.011135601425863543,-0.010938292757905702,-0.19374883039763374,-0.24511403302707035,-0.18294998232675053,-0.2672544027823911,256.6,6,Syn
-0.343788482344738,-0.40031669681647214,-0.11561857058861837,-0.1449945470286015,-0.1729322712578155,-0.16238414320266722,-0.0997575603207557,-0.07428050073021715,-0.20825637499633162,-0.26192285052381026,-0.18552385421188272,-0.2776400150462394,256.7,6,Syn
-0.3391053423804585,-0.4012819318435097,-0.11428701077007751,-0.14448271066299168,-0.1183862787524802,-0.019177853013357563,-0.07100041410662368,-0.023203851050777317,-0.2062812485525441,-0.25614718917342666,-0.18714136013000296,-0.28083369344199993,256.7,6,Syn
-0.3259074024811252,-0.39531750785568337,-0.113875718162034,-0.14307111984415194,-0.14225649893637926,-0.07470682267860008,-0.09039220618971654,-0.06577518658552516,-0.20786857577992945,-0.26207872176375496,-0.1812368398119291,-0.27051376093950397,256.8,6,Syn
-0.3288127270743496,-0.35780537866812545,-0.11127429241615878,-0.13420288134105948,0.03793826960079918,0.1574627220691297,0.0029675200891130776,0.059118636907583635,-0.19204106863099304,-0.23141421485679517,-0.1818771891985371,-0.26936436511583695,256.8,6,Syn
-0.33496490395050105,-0.4088307982342089,-0.1127395223323138,-0.1410938151475329,-0.038751161202791415,0.030856671232376752,-0.051902437055092836,-0.04621296405273356,-0.203819566570165,-0.26119404715866334,-0.1871122533397026,-0.2803739351125331,256.9,6,Syn
-0.31895053022649617,-0.3638062266192362,-0.11199148390143467,-0.134747044213971,0.783298591768677,1.0686054369552356,0.2982883536878813,0.4457970768120545,-0.16000548118907337,-0.1754269505631428,-0.18285434573004933,-0.2499395756958645,257.1,6,Syn
-0.28659896893479486,-0.32039341537959964,-0.11265983438950537,-0.13388500401925968,0.3480479811814112,0.40915508352021845,0.13577191435514294,0.1485139650494253,-0.15498576959291094,-0.18400408149631634,-0.15539001002520564,-0.2330188271774523,257.1,6,Syn
-0.3218792471272344,-0.3323404753368945,-0.11165216749979877,-0.136479206230219,-0.09715701909956571,-0.08359145782503889,-0.0015498860211528712,0.045375839842212884,-0.19486646292192325,-0.23510035904467672,-0.18233873973044287,-0.26570271842044063,257.3,6,Syn
-0.2991653165312532,-0.29473728624112544,-0.11123830431295498,-0.1358165128305347,-0.0047234005151055225,-0.001993098190640403,0.05346697863883405,0.08450028490779607,-0.18315059094316408,-0.22174177250779398,-0.17368570678543457,-0.24442247574226283,257.4,6,Syn
-0.333561365499668,-0.36630582109963056,-0.1120249014258382,-0.13851038843900748,0.10670481881143605,0.16950374075443492,0.0182091748513925,0.05347827068531421,-0.19219522484123988,-0.24319723804937196,-0.18715383446870312,-0.27375669915627876,257.5,6,Syn
-0.28160237204982924,-0.2890050650192374,-0.10791197534540309,-0.12942933376284568,0.2679049866065331,0.3201918289617983,0.09812686343626002,0.11601471205444432,-0.16964747040185568,-0.2059355862301579,-0.17554022513885778,-0.25505438711118267,257.9,6,Syn
-0.28523285817598404,-0.3646758487426521,-0.10880139561029718,-0.14163259026922748,0.23509613077930164,0.2709756263742886,0.0863742621737795,0.10137661876331651,-0.18197755853081707,-0.2311319615304088,-0.1761556258480655,-0.26411819417781396,257.9,6,Syn
-0.33898838084288907,-0.37604467828280647,-0.11075760607730413,-0.13202892372502192,-0.16419678642455882,-0.10042550336565978,-0.09156746631596459,-0.07034119733688612,-0.2082852792857529,-0.2595089526727747,-0.18435958259986815,-0.27615401044564136,258.0,6,Syn
-0.3421276285112523,-0.397712383441635,-0.11408907620245656,-0.13950442853853395,-0.1476399954033863,-0.06032774211265308,-0.08895985791085172,-0.04782449725909626,-0.20739647238604852,-0.2583293865326526,-0.1882307857098166,-0.28038214508270215,258.0,6,Syn
-0.32528516710125593,-0.36706617133319314,-0.10559845442515835,-0.12507603077955365,-0.08283488698922628,-0.11644122724805604,-0.012531222825783105,-0.01004299653214865,-0.19388853446316992,-0.246436832198493,-0.18041769157061882,-0.2518442887750841,258.0,6,Syn
-0.3340058193424318,-0.38917551704684544,-0.11194007232542923,-0.1376672053735555,-0.032656636900519315,-0.024321589150769502,-0.02193330383576752,-0.008655287382225218,-0.19496040186254243,-0.24331098192716943,-0.1855695934537833,-0.2745448562925076,258.1,6,Syn
-0.29550208117457905,-0.3264443462802265,-0.10958285156557986,-0.13433218737026617,0.15871142619082465,0.16997135313056327,0.07421766524290122,0.07250331548265157,-0.18395991104695994,-0.2344810868211126,-0.17744464084708161,-0.2597833299285555,258.1,6,Syn
-0.30150454728264164,-0.34726064129728135,-0.10550591358834856,-0.12840835490723448,0.1180812641756773,0.15582607875268045,0.04068602476588649,0.06587812341204938,-0.1798049194426508,-0.22107616018586793,-0.17012636214299004,-0.25058816333921946,258.2,6,Syn
-0.33069814705996864,-0.3262440144821621,-0.11284491606312495,-0.13705569561043218,0.075114867844659,0.30744939171230057,0.014903755746319853,0.13002609798754217,-0.1904200197326162,-0.2155532630083677,-0.18182729184373647,-0.2605058073034319,258.2,6,Syn
-0.3094251826068427,-0.37566677966373047,-0.10896591265351459,-0.1401536525601759,0.16003190645631693,0.17488128307991105,0.050345193928487665,0.06099875898167345,-0.1852389258538516,-0.23785548852910476,-0.18569433684078485,-0.27273045288514747,258.2,6,Syn
-0.34201534543518564,-0.38914819907438214,-0.1135903839152038,-0.1394397755239306,-0.09228139965774804,-0.040688022315262036,-0.0647568446859309,-0.04227366065940253,-0.2041013833920225,-0.25668220667269637,-0.18817673024211592,-0.2759159213107389,258.9,6,Syn
-0.32411087326405896,-0.39234440185259134,-0.11232308856666974,-0.14109920289874986,0.0651604781509479,0.1084803256696842,0.02144114019857464,0.07277190435037868,-0.18760907758639664,-0.2288697221831032,-0.17889166413629973,-0.2598161698092317,259.1,6,Syn
-0.33103967474967133,-0.40129559082974137,-0.11163417344819686,-0.13904916356070204,-0.06627809596805374,-0.09364512391179859,-0.04841338355529393,-0.06890872337567484,-0.20167824046220512,-0.2614046839693995,-0.18502903877677654,-0.27977460729019243,259.1,6,Syn
-0.3299589501425299,-0.37408689025626807,-0.11083729402011257,-0.13650614498630373,0.06028485870913022,0.1520851797436536,0.02981486859809201,0.07581591151795267,-0.18435734502650256,-0.22093713989078212,-0.17886255734599937,-0.2587570836574243,259.4,6,Syn
-0.34190774082062175,-0.38931210690916207,-0.11457748617450823,-0.1417592024228257,-0.18105830366084497,-0.13631475323351128,-0.10306297942582834,-0.07683209497362475,-0.20869716541000616,-0.2554731513790712,-0.18699166806560108,-0.2775989651953942,259.4,6,Syn
-0.32914021937954396,-0.3695794247998192,-0.11336931413838042,-0.14144671285224283,0.02412401451564909,0.0549387086029872,-0.009519618752272472,0.013279470148822562,-0.1944473507253147,-0.24354268241897914,-0.18127426282802955,-0.2708175298357588,259.5,6,Syn
-0.3276337547756499,-0.37886298244193967,-0.11265469323190483,-0.13937781638493574,0.05144779847083567,0.08907441206035734,0.00017627728927395472,0.029573861457600915,-0.19606599093290641,-0.24882966636845497,-0.18559870024408365,-0.2726237232729498,259.7,6,Syn
-0.3017712195882999,-0.3497147058235702,-0.11050054819727693,-0.13709610374455927,0.06709041084666739,0.07925455216166181,0.004473322125868394,0.0045055671364034496,-0.19463522860655302,-0.2453541589913095,-0.18345727210055687,-0.27071901019373024,259.7,6,Syn
-0.34485049310586835,-0.41031052174263916,-0.11425616382447425,-0.1436287520951058,-0.09573496342903556,0.07340939746005734,-0.06486702532276666,0.011667936942459867,-0.20407488779338634,-0.24433046409113213,-0.18281692271394884,-0.2703413515659539,259.8,6,Syn
-0.33771116085263103,-0.38276034651337426,-0.11437441044928676,-0.143658384726799,-0.07277892189047731,0.06733043657038869,-0.0634714039228471,0.01511482741162452,-0.20275492524314784,-0.24213562852326206,-0.18872975925782284,-0.28215549863921696,259.8,6,Syn
-0.32073302405905413,-0.38363907462761127,-0.11174213775780828,-0.13922695935086124,0.47420463423844367,0.5345921034166505,0.2657116120634431,0.34086835915332797,-0.147721158185029,-0.17464338162720455,-0.16042132663426859,-0.1963038405814604,259.8,6,Syn
-0.3147773425660193,-0.35821970125048586,-0.10983990944560705,-0.13577341082079913,-0.046877193605820884,-0.05869109879620382,-0.00764654792606464,-0.015638597943130227,-0.19454369835671895,-0.24579649629385528,-0.17955696220030806,-0.2712444482845494,259.9,6,Syn
-0.33721992239483944,-0.40468301941519386,-0.11441039855249056,-0.1438954457803446,-0.04047794308843518,0.0015139946303222825,-0.05256352087610737,-0.03211204849705999,-0.20087132904919436,-0.25112982034169307,-0.1863138956628926,-0.28137555147315724,260.1,6,Syn
-0.3017852549728082,-0.34880865973686986,-0.11045170720007177,-0.13684018556175434,0.07054397461795492,0.0728248819898969,0.05706621277546871,0.06184929039614265,-0.1774130894930398,-0.22324993207266436,-0.16530295117892968,-0.2580756561333931,260.3,6,Syn
-0.3142393194932,-0.3244546872858142,-0.11159561476619279,-0.1372819811615439,0.050533619825494855,0.10380420190840062,0.030916674966449557,0.07720362066787609,-0.1843043538292302,-0.22389026797730208,-0.17742800839548142,-0.2391680948340708,260.4,6,Syn
-0.34119193621069693,-0.4035311115763236,-0.11406337041445384,-0.14141708022054963,-0.1125964806653217,0.012853594751434966,-0.07992504569031983,-0.011878353794950607,-0.20621139651977602,-0.2458807510181497,-0.1879022947907125,-0.2809157931436904,260.5,6,Syn
-0.28581298740232836,-0.3606054708456164,-0.10958285156557986,-0.1353989621112214,0.05266670333129009,0.06288811899716928,0.001498444931303013,-0.0020300953116230316,-0.18985638608890124,-0.24459586647265957,-0.18355290869725807,-0.2722871144960188,260.5,6,Syn
-0.33103499628816857,-0.37978268751487165,-0.11434356350368349,-0.14294450769055372,0.04961944118015404,0.09982949671130957,-0.00922580372071046,0.006654278078220375,-0.19431487273213383,-0.24384178669022438,-0.1846589667286719,-0.2757106720565127,260.7,6,Syn
-0.27445836133508916,-0.35913030033259674,-0.10896077149591404,-0.13786655216858248,0.1395136746386675,0.14074557962254092,0.05706621277546871,0.07751697434689106,-0.17525249385879907,-0.2221925352827692,-0.1713446892227053,-0.25993931936176745,260.8,6,Syn
-0.29926824268431435,-0.30996250289401944,-0.10924353516394396,-0.13428369760931366,0.4139704190509878,0.5981873865701072,0.18946661137310078,0.254606567801636,-0.159116674289369,-0.18414731452761687,-0.17962765011960893,-0.24737806500312087,260.9,6,Syn
-0.33824918392545034,-0.3708952404734694,-0.11070105334369815,-0.12826288562437696,-0.058558365185175744,0.12052134435498942,-0.05990889666515769,0.01874077712594058,-0.20033419100411556,-0.23182285026962318,-0.18248843179484475,-0.25607242341214487,261.0,6,Syn
-0.3436902346531797,-0.41357501945200664,-0.11012267311363697,-0.12959904792617946,-0.04880712630154038,0.11981992579079688,-0.050837357565680544,0.023306787877301546,-0.20000179167577084,-0.23226518757216896,-0.18880876340292382,-0.28506182807906066,261.0,6,Syn
-0.344041119265888,-0.41036515768756576,-0.11186809611902161,-0.13825985800741952,-0.04809609846627531,-0.03905137899881278,-0.035669156561291625,-0.02835180434888037,-0.19905035881565367,-0.25287389313458786,-0.18741995369430645,-0.27855953170517306,261.1,6,Syn
-0.31597502871073013,-0.350156346378394,-0.11240791766707872,-0.13781806240762998,-0.052463840882903644,-0.10147763121194858,0.013177592435893027,0.01668159580669936,-0.19078614073195244,-0.2442125074771199,-0.17857148944299572,-0.25379005170514896,261.2,6,Syn
-0.34012524698806385,-0.39298182121006897,-0.11087585270211664,-0.13515651330645886,-0.029507799344345397,0.05306825909847376,-0.035669156561291625,0.0032969172316314292,-0.1992069237166856,-0.24381229753672135,-0.18219320577894105,-0.2693889950263441,261.3,6,Syn
-0.3392223039180279,-0.3736406967060337,-0.11140539193497266,-0.13005431290401137,-0.024835330712603455,0.09620550079631479,-0.020243867404285944,0.05522409832554046,-0.1958468000714617,-0.2293541868477962,-0.18355290869725807,-0.26318225757854224,261.4,6,Syn
-0.3326163162761071,-0.3798783004184933,-0.11232822972427028,-0.1390249186802258,0.11493242661950338,0.26150647575768937,0.011928878551754472,0.07017554529568323,-0.1906295758309205,-0.23077387895215745,-0.1803095806352175,-0.25535815600743755,261.7,6,Syn
-0.3386468531531864,-0.3702942450792762,-0.11448237475889818,-0.14259699773706072,-0.09695386828948997,-0.04501343679444935,-0.06975170022248513,-0.042139366225538974,-0.20428203520090552,-0.25633254956687446,-0.18737421445240587,-0.27762359510590134,261.8,6,Syn
-0.33201279474224893,-0.37925454004724735,-0.1112922864677607,-0.13942900002149672,0.023514562085421877,0.18131095325167598,0.0055016747363354395,0.10827039970164581,-0.1924505460644612,-0.23285497064223,-0.1832119434394538,-0.2661050069587241,261.8,6,Syn
-0.11932057790301162,-0.026060474068897888,-0.07065143563546132,-0.07508847498873238,0.47582984071904955,0.5393851302719662,0.08104886472671802,0.08718617358506722,-0.1762256049359822,-0.21662329800690702,-0.18139484810213105,-0.2629605883839779,261.9,6,Syn
-0.29651262885917884,-0.3008383000912684,-0.10679891472488534,-0.13071970017930415,0.02209250641489172,0.010749339058857355,0.07289549760087216,0.10800181083391869,-0.17890888647059108,-0.21982497753009556,-0.17114925791640284,-0.22827346441974136,261.9,6,Syn
-0.33677079009057287,-0.3914975447062282,-0.11177555528221182,-0.13853193944387526,0.17506506640192143,0.32358201868872893,0.06874536028005872,0.1407696526966268,-0.18269293969399378,-0.21575968708288906,-0.186983351839801,-0.2673693423647578,262.0,6,Syn
-0.3301648024486521,-0.380606779684182,-0.11267268728350673,-0.13815210298308062,-0.0779592675474086,-0.05413187812895233,-0.052086071449819096,-0.056866989139242485,-0.2006328686614688,-0.26024618151035095,-0.18817257212921587,-0.27086678965677313,262.1,6,Syn
-0.3309507839811186,-0.3986275355191565,-0.11146451524737891,-0.14013210155530811,0.043423341472844074,0.14834428073462672,0.017621544788268474,0.05723851483349383,-0.18589168105661555,-0.2270919475004906,-0.17226779028651684,-0.2604319175719105,262.1,6,Syn
-0.31798676715692414,-0.34813481641610783,-0.11272409885951216,-0.1408459785915534,0.10518118773586803,0.1261326928685297,0.04762740488653904,0.07912850755325376,-0.1833818252585343,-0.22132892435875123,-0.182351214069143,-0.2647011020598165,262.1,6,Syn
-0.302440239583197,-0.34444233713814815,-0.09404370271793598,-0.10657718697617093,0.13209867007090315,0.12496366192820882,0.031981754455861856,0.040093592110246275,-0.18477645722311112,-0.23296028904759805,-0.1812077330216287,-0.2694382548473584,262.1,6,Syn
-0.34215569928026895,-0.3899495262666397,-0.11314053262515622,-0.13848075580731428,-0.13961553840539467,-0.13795139654996053,-0.09274272644221264,-0.09540949165808359,-0.2077047848065422,-0.2665273712065011,-0.18586066135678694,-0.27707352710457495,262.3,6,Syn
-0.29471609964211254,-0.30709411578537016,-0.10828985042904307,-0.13638761445953093,0.3808568370086427,0.4780110059051192,0.18935643073626504,0.2371930562106613,-0.1566863052871963,-0.18462756645609515,-0.16643395788774384,-0.23968532295472095,262.4,6,Syn
-0.3315730193609879,-0.38897518524878105,-0.1099273091248163,-0.13191578094946607,0.028694907742353164,0.06394024684345809,-0.011135601425863543,0.01462241448745814,-0.19119802685620568,-0.23969224151872345,-0.17522005044555378,-0.26400325459544727,262.4,6,Syn
-0.34301653619677985,-0.401227295898583,-0.11394769436844161,-0.13814671523186367,-0.11544059200638201,-0.014151019969977714,-0.08334064543222822,-0.04460143084637087,-0.2063559179668824,-0.2526590435876371,-0.1886382807740217,-0.2827055666405433,262.5,6,Syn
-0.3183236163851241,-0.34386865971641833,-0.11191693711622677,-0.1335186369365074,0.08232672160234765,0.17944050374716253,0.012369601099097492,0.04918084880168036,-0.1882281111181691,-0.22816198249902994,-0.18827236683881712,-0.2714250676282685,262.6,6,Syn
-0.34120597159520527,-0.38524172901212644,-0.11372662459161823,-0.14089985610372285,-0.07755296592725712,0.0012801884422581034,-0.06380194583335436,-0.007267578232301787,-0.20176013594889874,-0.2401893443920606,-0.18604361832438923,-0.2727961326464999,262.7,6,Syn
-0.32684777324318337,-0.36912412525876376,-0.11203261316223902,-0.14049577476245195,0.05022889361038125,0.06230360352700883,-0.002614965510565168,0.01869601231465273,-0.193235779260406,-0.24015985523855757,-0.18216825710154072,-0.2641428240883211,262.8,6,Syn
-0.2856398843267256,-0.31847660431175623,-0.10976536266039916,-0.13147398534967653,0.49939533468783504,0.5801843100891654,0.18336994946818902,0.25859063600625487,-0.16417733362887826,-0.19440111447424968,-0.17236342688321804,-0.2451203232066321,263.1,6,Syn
-0.33927376699455847,-0.3644481989721243,-0.11456977443810742,-0.1408352030891195,-0.18430871662205675,-0.15805872872347992,-0.10456878146258365,-0.0939770176968723,-0.20968231994111483,-0.26323722422280343,-0.18233873973044287,-0.2647339419404927,263.4,6,Syn
-0.33522221933315377,-0.34033098228241754,-0.11365207780641033,-0.13886328614371743,-0.05378432114839593,0.04850903843122227,-0.04617304393963358,0.0017749136478444406,-0.1972703363254598,-0.23412721697907599,-0.18638874169509353,-0.2706369104920397,263.4,6,Syn
-0.30158408112818885,-0.34828051226924556,-0.11057509498248483,-0.1354393702453485,0.41000897825451094,0.41897494341891395,0.1644188799324392,0.193547365205005,-0.172092291548739,-0.21546058281164382,-0.1797523935066105,-0.2514502102069697,263.6,6,Syn
-0.30399816726362167,-0.3593533971077139,-0.1080122279186137,-0.13448035052873217,-0.0214833423463538,-0.057288261667818745,0.028272339682391442,0.048598906254938276,-0.1820570453267256,-0.2285579797032138,-0.1769082442829749,-0.23558033787019592,263.6,6,Syn
-0.3296174224528272,-0.4051292129654282,-0.11191693711622677,-0.13637414508148857,-0.059574119235554425,-0.07143353604570159,-0.04330834738190396,-0.06532753847264663,-0.19936107992693244,-0.25974065316458433,-0.18597293040508833,-0.27615401044564136,263.8,6,Syn
-0.30691752724135435,-0.35801936945242147,-0.10504835056190015,-0.13022402706734515,-0.10345469421191356,-0.1547854420905814,0.018282628609283,0.022098137972529526,-0.1880570940724265,-0.23644000916095823,-0.1727501313829229,-0.2561463131436663,263.9,6,Syn
-0.3056590210971074,-0.32084416192524456,-0.10905845349032438,-0.13252998458819787,0.4570383907870439,0.5585572376932288,0.20239447276182937,0.27649656052139593,-0.160764218786382,-0.18002304577340428,-0.18642616471119403,-0.25502154723050646,264.1,6,Syn
-0.3247284301824255,-0.35889809756665847,-0.11166244981499986,-0.13844573542440414,0.3115824107728165,0.524889146611987,0.18553683532595885,0.34852314188355077,-0.18492820474257285,-0.22247478860915557,-0.17928252674890463,-0.2447590845191939,264.2,6,Syn
-0.3137387241124029,-0.36250862292722813,-0.1103206076812579,-0.13562255378672464,0.018740518048642064,0.0046703781691887,-0.0048920320051707685,0.005893276286326881,-0.19059103677835879,-0.24168486574828685,-0.17920352260380362,-0.26759922152949117,264.3,6,Syn
-0.3417439946680246,-0.39175251244921927,-0.1100635498012307,-0.13120729166443773,-0.09350030451820246,-0.08768306611616203,-0.06416921462280688,-0.07334043969317225,-0.2028825858547585,-0.2616026825714914,-0.18687524090439964,-0.27069438028322307,264.3,6,Syn
-0.32125233328586233,-0.3846316276271121,-0.10955200461997659,-0.13554981914529587,-0.018131353980104143,0.027817190787542426,-0.008931988689148447,-0.00131385833101739,-0.187910163934535,-0.24039155573036725,-0.16781029325766106,-0.2510150817880101,264.6,6,Syn
-0.29350905657439613,-0.351749894772088,-0.0999688868525628,-0.12013276903800606,0.2856806824881601,0.3291933672022692,0.1463492554913754,0.17537285182213688,-0.16911274104756197,-0.20423364079941028,-0.17181871409331123,-0.25451252908002536,264.6,6,Syn
-0.28014269206096293,-0.31402832779564455,-0.11144138003817647,-0.1360239412523871,0.12620729657870677,0.1462400250420491,0.14517399536512735,0.17810350531069588,-0.16331502232781003,-0.1959724650823409,-0.15821336868434097,-0.2214756091197679,264.9,6,Syn
-0.31775284408178534,-0.3717056736565481,-0.11255187007989395,-0.14129854969377684,-0.02514005692771706,-0.010410120960950849,-0.015579553778238988,-0.00883434662737663,-0.19331285736552942,-0.24538364814481256,-0.182829397052649,-0.2697994935347966,264.9,6,Syn
-0.33637779932433964,-0.3818042174771578,-0.1136649307004117,-0.1428879363027758,-0.11899573118270741,-0.04115563469139039,-0.08771114402671316,-0.03990112566114634,-0.20675335194642502,-0.25333308138199256,-0.18208509484353969,-0.26867472762163674,265.0,6,Syn
-0.3425627254310105,-0.3853054709478742,-0.1129503097939361,-0.13575455369153983,-0.06942693352422766,0.030505961950280484,-0.05943144723886942,-0.0014481527648809477,-0.20297170741380743,-0.24677806383188547,-0.18862580643532154,-0.28592387494681093,265.0,6,Syn
-0.27582915055540275,-0.32419061355200207,-0.10998900301602282,-0.13916500021186637,0.1495696397374165,0.1765179263963603,0.06999407416419728,0.09954126150051455,-0.17168281411527087,-0.20734685286208968,-0.16301183097100103,-0.25193459844694366,265.1,6,Syn
-0.33983050391338887,-0.3881601990702918,-0.11260071107709911,-0.1355659823989467,0.03560203528492821,0.1340821032627118,-0.01172323148898757,0.029887215136615883,-0.1957432263677021,-0.24219460683026817,-0.18501240632517632,-0.275111344234172,265.1,6,Syn
-0.303319790345719,-0.37054010683144617,-0.10795053402740717,-0.1359943086206939,0.010614485645612598,-0.04174015016155084,0.02140441331962939,0.015159592222912372,-0.19085117538315033,-0.24733414501222872,-0.17202661973831382,-0.25447968919934916,265.1,6,Syn
-0.3473253992408373,-0.42045914851276495,-0.10979106844840188,-0.12490631661621986,-0.1253949817000931,-0.03390764286140084,-0.08425881740585951,-0.039453477548267814,-0.20656788275597182,-0.25979963147159046,-0.18358201548755843,-0.26980770350496563,265.3,6,Syn
-0.3448645284903767,-0.40049426363748375,-0.11195806637703112,-0.12378835823870364,-0.10914291689403417,-0.006084706481763537,-0.07313057308544828,-0.0246363250119886,-0.20658233490068245,-0.2590118497994375,-0.18880876340292382,-0.28592387494681093,265.3,6,Syn
-0.2529046891917966,-0.25865024461707103,-0.03691001830309184,-0.003202404376635741,-0.009599019956923202,-0.015553857098362787,0.05196117660207873,0.06874307133447195,-0.18232441000387245,-0.22750058291331862,-0.1775153287663825,-0.2571889793551357,265.3,6,Syn
-0.3210651948257513,-0.3876183926164358,-0.11136940383176885,-0.1406493256721349,-0.04982288035191906,-0.10042550336565978,-0.05370205412341017,-0.08206957789430351,-0.19954654911738565,-0.26097498487549786,-0.18023473460301653,-0.272484153780076,265.4,6,Syn
0.03755759320809886,0.08314312085325015,0.021154215637450745,0.06156375300226729,1.0430269024505063,1.1023904311305095,0.477478796061764,0.5630361175749405,-0.10856066340076359,-0.1042190703257007,-0.1353063247179543,-0.18994111370044658,265.5,6,Syn
-0.3452013777185766,-0.40149592262780576,-0.114140487778462,-0.1416406718960529,-0.1591180161726654,-0.09037183727890008,-0.10185099242063504,-0.07428050073021715,-0.20965582434247865,-0.262592675581951,-0.18642200659829397,-0.2729274921692047,265.5,6,Syn
-0.34551951310076545,-0.41494091807517297,-0.11412506430566037,-0.1413712843352056,-0.06130090112119819,-0.010877733337079207,-0.05711765386531857,-0.040483068207888426,-0.20026674766213257,-0.2508307160704478,-0.18880876340292382,-0.28362508329947694,265.5,6,Syn
-0.24725310769644226,-0.2363496730961754,-0.1113925390409713,-0.13472818708471168,0.1636886210376802,0.16821780672008194,0.1114219936144411,0.13351775326799467,-0.16659806786791054,-0.2031720312733004,-0.1610533597950765,-0.23584305691560553,265.6,6,Syn
-0.21942561867792607,-0.19776758998713717,-0.10666781520607148,-0.13620443091815476,0.6039164264718015,0.6492740386621303,0.2693842999579683,0.3264093251073516,-0.14824143539461207,-0.17062864401457473,-0.15380161089738575,-0.23580200706476026,265.7,6,Syn
-0.2971629350080648,-0.359066558396849,-0.11096068180252562,-0.13323308612200926,0.053580881976630905,0.026180547471093173,0.01960479625131206,0.01408523675200391,-0.18486798747294517,-0.23558903644558443,-0.1710660956584018,-0.2531250441214559,265.8,6,Syn
-0.3058227672497046,-0.34532561824779573,-0.11120231620975117,-0.13686981819344757,-0.04210314956904107,-0.0723687607979583,-0.034346988919262564,-0.03811053320963224,-0.19650437265579584,-0.24894341024625247,-0.18070875947362247,-0.26555493895739773,265.8,6,Syn
-0.3243260824931867,-0.38792799630435354,-0.11340530224158422,-0.14359373171219567,0.011934965911104886,0.2571810612785021,-0.018480977214913867,0.09940696706665099,-0.1973474144305832,-0.22845266129784575,-0.18043432402221904,-0.26598185740618835,265.9,6,Syn
-0.32604307786470577,-0.3731262082246411,-0.10942090510116272,-0.1360131657499532,0.11025995798776143,0.11783257319225136,0.043954716992013886,0.054284037288495554,-0.18468733566406217,-0.23226097483595423,-0.18132000206993013,-0.2657191383607787,265.9,6,Syn
-0.3311051732107102,-0.37461048472848185,-0.11304799178834643,-0.14065201954774337,-0.01843608019521775,0.010866242152889444,-0.027956511982788784,-0.019533136525173404,-0.19618883416294686,-0.2475195054056765,-0.18598956285668855,-0.2732558909759667,266.1,6,Syn
-0.3358444547130231,-0.3560479224396514,-0.11381402427082747,-0.1335859838267192,-0.040782669303548784,0.08930821824842151,-0.03655060165597766,0.016413006938972245,-0.20088578119390502,-0.2470181897961246,-0.1864719039530946,-0.2779602038828324,266.2,6,Syn
-0.33337422703955694,-0.37090434646429055,-0.1124464763490828,-0.1371930832664643,-0.055612678439077565,0.045586461080420033,-0.04059055833995534,-0.0016719768213202108,-0.1995296882818899,-0.2440566362371752,-0.18634716056609302,-0.27084215974626596,266.3,6,Syn
-0.33379528857480684,-0.38274213453173206,-0.11342329629318613,-0.1407085909355213,-0.0030981940344996287,0.0052548936393491475,-0.007132371620831117,-0.0036863933292735785,-0.19336343987201665,-0.2470603171582718,-0.1853450553571805,-0.2703413515659539,266.3,6,Syn
-0.3175937763906909,-0.3810757382114691,-0.1074261359521517,-0.1334782288023803,0.28263342033702404,0.35806843142819533,0.1539149925540972,0.21225905632332742,-0.16027766324779044,-0.18768180021176845,-0.17304951551172662,-0.24571965102897275,266.5,6,Syn
-0.3456458315613404,-0.4063767337079201,-0.11537179502379226,-0.14424026185822914,-0.11076812337464007,0.04383291466993869,-0.07555454709583488,-0.0033282748389707574,-0.2036654103599182,-0.24171014216557518,-0.1871995737106037,-0.2796842976183329,266.6,6,Syn
-0.28532174894453677,-0.33897874264548283,-0.11047484240927422,-0.1387474494925531,0.10050871910412608,0.169620643848467,0.05846183417538827,0.0748310856696199,-0.18079489135532967,-0.22622833657647265,-0.1847130221963726,-0.2625172499948492,266.6,6,Syn
-0.29966123345054757,-0.3425619500335892,-0.11177555528221182,-0.1380039398246146,0.2937051394861517,0.391619619415405,0.1379020733339675,0.18257998643948115,-0.16914887140933857,-0.200694942379044,-0.17653401412197023,-0.24262449227524088,266.7,6,Syn
4.174898881650698,5.019723841751482,0.7015067361266248,1.0132884544708394,1.2810180764542318,1.2011735455876251,0.30677226272423447,0.3408235943420401,-0.0939832667692976,-0.09939548735984427,-0.07599916042451216,-0.10248030148955617,266.9,6,Syn
-0.29577811040324287,-0.37323092711908384,-0.1113925390409713,-0.13789079704905874,0.021787780199778114,-0.020697593235774726,-0.01917878791487365,-0.012146942662677723,-0.19645619884009372,-0.25342997431493114,-0.18510804292187752,-0.2676977411715198,266.9,6,Syn
-0.33495554702749547,-0.35211868740034297,-0.11255187007989395,-0.1367162672837646,-0.052565416287941515,0.02992144648012004,-0.04400615808186374,0.0031178579864800187,-0.20078943356250073,-0.24637364115527216,-0.18279197403654854,-0.26844484845690336,266.9,6,Syn
-0.34386333772878247,-0.40542515766711423,-0.11432299887328132,-0.1434725073098144,-0.16805665181599783,-0.11877928912869784,-0.1100043595464809,-0.09693149524187057,-0.21030135347288725,-0.26544048526310293,-0.18880876340292382,-0.284626699660101,266.9,6,Syn
-0.306903491856846,-0.2973279406297309,-0.11114062231854466,-0.13167063826909506,-0.052565416287941515,-0.08195481450858964,0.02687671828247188,0.05177720785637581,-0.18861350164378615,-0.23459904343512483,-0.17075839530379794,-0.23656553429048194,266.9,6,Syn
-0.3387451008447447,-0.38986301935383916,-0.10694543771650085,-0.12681088667141013,0.11706551012529862,0.21170575770001926,0.037417332539759096,0.0875890568866579,-0.18693946154813698,-0.2272267550593617,-0.18837631966131843,-0.2681739194413247,267.0,6,Syn
-0.336747397783059,-0.41015116690326975,-0.1104311425696696,-0.13899797992414106,0.04616587740886652,0.03319473311301854,0.019237527461859544,0.034363696265401145,-0.18800410287515415,-0.23451057597461566,-0.1831412555201529,-0.2729931719305571,267.1,6,Syn
-0.34120597159520527,-0.38848801473985173,-0.1129503097939361,-0.13716614451037956,0.018740518048642064,0.14366815697334315,-0.0328779137614525,0.007549574303977427,-0.1990985326313558,-0.24615879160832135,-0.18667980959809718,-0.2783296525404396,267.2,6,Syn
-0.34326449465642705,-0.38931210690916207,-0.11331533198357471,-0.13668124690085445,-0.1597274686028926,-0.09224228678341352,-0.08833550096878244,-0.051047563671821644,-0.20640650047336967,-0.25447894563239687,-0.18364438718105922,-0.26772237108202696,267.4,6,Syn
-0.33842696546255585,-0.37061295475801503,-0.11317909130716029,-0.13654655312043082,-0.09949325341543669,-0.04115563469139039,-0.06626264672268622,-0.03721523698387519,-0.20235749126360522,-0.25016089101230704,-0.187544697081308,-0.2761622204158104,267.4,6,Syn
-0.31205447797140323,-0.380228881065106,-0.10905331233272383,-0.13133390381803595,-0.05622213086930477,-0.06184748233507024,0.01211251294648073,0.022411491651544494,-0.19036943722612898,-0.23962905047550262,-0.18224310313374167,-0.25544025570912804,267.6,6,Syn
-0.3295940301453133,-0.37946397783613284,-0.11044399546367095,-0.13394965703386305,0.09675042911772495,0.14600621885398493,0.005391494099499685,0.023709671178892222,-0.1933803007075124,-0.24387970131615688,-0.185706811179485,-0.272484153780076,267.8,6,Syn
-0.31955873022185716,-0.3616162358267595,-0.11211230110504744,-0.13993814251149808,0.22646222135108282,0.3261538867574349,0.0818201291845683,0.12765356298928598,-0.18331679060733644,-0.22416409583125899,-0.18191461221463756,-0.26122828467830833,267.8,6,Syn
-0.3358912393280509,-0.3860612681860262,-0.1111714692641479,-0.133060678083067,0.008786128354930967,0.12285940623563121,-0.01723226333077531,0.03543805173630961,-0.19612620820253407,-0.24189128982280822,-0.18820583703241628,-0.276917537671363,267.8,6,Syn
-0.3443779684940879,-0.41218635585178753,-0.1145157922833017,-0.14214442663483728,-0.15210931322505247,-0.06184748233507024,-0.08862931600034446,-0.03363405208084698,-0.20743019405704002,-0.25660216468461666,-0.18744074425880672,-0.28065307409828083,267.9,6,Syn
-0.28669721662635317,-0.29965907427993477,-0.10878083097989501,-0.13640377771318177,0.2646545736453213,0.33141452598887894,0.11909791131399869,0.16776283390320193,-0.16903084556086834,-0.2068286863076789,-0.1842348392128666,-0.26669612481089566,268.2,6,Syn
-0.34087847929001086,-0.3845769916821855,-0.1134721372903913,-0.1408648357208127,-0.11686264767691217,0.037753953780270036,-0.06611573920690521,0.03400557777509832,-0.20507690315999075,-0.2404378958287292,-0.17600177567076356,-0.2501776648307669,268.2,6,Syn
-0.3185247902297435,-0.34315839243237184,-0.11252102313429069,-0.14216597763970507,0.24180010751180095,0.36356287684770355,0.1022402738781282,0.17595479436887895,-0.17646406532370776,-0.2096764959888308,-0.18397287810016333,-0.26245978020366584,268.2,6,Syn
-0.31871192868985454,-0.3558612496278187,-0.1119606369558314,-0.14084328471594493,0.08313932484265059,0.07434462221231405,0.024709832424702035,0.03355792966221979,-0.18361065088311945,-0.2315953625140282,-0.18324105022975415,-0.262320210710792,268.4,6,Syn
-0.31098311028726733,-0.37677315754849516,-0.10971138050559345,-0.13011627204300624,0.03346895177913298,0.020569198957552874,-0.003018961178962936,-0.0003290324826846324,-0.18971909071415016,-0.23995764390025093,-0.1822930004885423,-0.2613021744098298,268.4,6,Syn
-0.3073339103151015,-0.3190184107656122,-0.105264279181123,-0.12902525242157475,0.1720178042507854,0.2742489130071871,0.07418093836395596,0.10007843923596878,-0.1730196375010051,-0.20564069469512736,-0.1743094237204424,-0.24846178106543548,268.5,6,Syn
-0.3321765408948461,-0.3699436644326635,-0.11365978954281115,-0.1392000205947765,0.07816212999579504,0.18084334087554763,0.004032599578525375,0.04452530842774369,-0.1961671559458809,-0.24302451586456836,-0.18387308339056208,-0.27200797551027106,268.5,6,Syn
-0.3200546471411515,-0.37500204233378953,-0.1110172345361316,-0.13762679723942842,0.3178800858851643,0.3453259941786976,0.0988246741362198,0.12040166356065386,-0.17364589710513287,-0.2149339907848036,-0.17305783173752673,-0.2551200668725351,268.8,6,Syn
-0.272282876736298,-0.272536880619262,-0.10934121715835429,-0.1356467986672009,0.007262497279362942,0.008294374084183475,0.08277502803714484,0.10598739432596532,-0.17511038110247776,-0.21257907124077413,-0.17430110749464228,-0.24509569329612496,268.9,6,Syn
-0.24009038313569103,-0.2433749450146609,0.048050181624696056,0.15688654140807728,-0.06546549272775079,-0.1158567117778956,0.006676934862583491,0.011981290621474837,-0.19394393435122737,-0.2475995473937562,-0.1802139440385163,-0.25447968919934916,269.0,6,Syn
-0.3132661995006224,-0.35200030951966854,-0.11048769530327558,-0.13454230966772707,0.4534832516107185,0.5838083060041602,0.18696918360482367,0.26351476524791867,-0.1650854100548635,-0.18957331877217853,-0.17550280212275732,-0.2613678541711822,269.1,6,Syn
-0.30071856575017514,-0.33174403293811183,-0.1089093599199086,-0.1332303922464008,0.04078238094185949,0.04102724041316854,-0.0025047848737294134,-0.009819172475709386,-0.1938066389764763,-0.2501777419571659,-0.1754279560905564,-0.2682149692921699,269.2,6,Syn
-0.301223839592475,-0.3380954615358353,-0.11076274723490467,-0.13657349187651555,0.261810462304261,0.2703911109041282,0.11384596762482771,0.14403748392064006,-0.17252585589005823,-0.2112562720693515,-0.1790954116684023,-0.25885560329945284,269.3,6,Syn
-0.29031366736799963,-0.33575066889939975,-0.11039001330886525,-0.1369560222129187,0.25866162474808707,0.24736120137980655,0.11480086647740426,0.12129695978641092,-0.16895376745574492,-0.21502667098152747,-0.17488324330064958,-0.2540445607803895,269.4,6,Syn
-0.330501651676852,-0.3672665031312575,-0.11283206316912359,-0.13727659341032694,-0.025851084762982136,-0.013215795217720998,0.013508134346400292,0.045196780597061476,-0.19074519298860562,-0.23769540455294533,-0.18608519945338975,-0.271006359149647,269.4,6,Syn
-0.31307906104051136,-0.3795095077902384,-0.11020493163524567,-0.13218786238592184,0.1250899671232902,0.13396520016867972,0.04821503494966307,0.04273471597622958,-0.18078284790140414,-0.2290424443679068,-0.1775693842340832,-0.26844484845690336,269.4,6,Syn
-0.3448224223368517,-0.3993924387481296,-0.11335132008677852,-0.13706647111286607,-0.10467359907236796,0.11303954633693569,-0.07221240111181698,0.008892518642613007,-0.20496369469309073,-0.24356795883626747,-0.18402693356786398,-0.2603744477807271,269.4,6,Syn
-0.32286640250432036,-0.39689284426773525,-0.11536408328739145,-0.14345903793177203,-0.1267154619655854,0.040559628037040184,-0.08668279141624612,-0.019712195770324813,-0.2068159779068378,-0.25176594351011605,-0.18738668879110604,-0.2789618202434565,269.4,6,Syn
-0.33297187935031813,-0.3750521252833056,-0.11154677376898761,-0.13605088000847182,0.13362230114647117,0.3295440764843655,0.03752751317659485,0.12948892025208794,-0.19028754173943535,-0.22785445275535526,-0.18728689408150478,-0.2738552187983073,269.5,6,Syn
-0.30034896729145577,-0.3552192772749305,-0.10167575117594337,-0.12185684942742865,0.04311861525773047,0.06838256441667749,0.02419565611946851,0.0353485221137339,-0.18904706598510537,-0.23836522961108608,-0.18027631573201705,-0.2608916759013773,269.7,6,Syn
-0.312414719507117,-0.35627101921476856,-0.10694800829530111,-0.13411667732158836,0.13941209923362965,0.14168080437479763,0.029410872929694243,0.02921574296729809,-0.19021768970666725,-0.24271277338467895,-0.18078776361872345,-0.27314916136376904,269.7,6,Syn
-0.3378936208512393,-0.3763406229844925,-0.10956485751397795,-0.12802582457083136,-0.14266280055653072,-0.0277117788777001,-0.08855586224245396,-0.034932231608194704,-0.20626679640783346,-0.2511171821330489,-0.1812368398119291,-0.2637815854008829,269.7,6,Syn
-0.3353532162552315,-0.35201396850590017,-0.11301971542154343,-0.13331659626587195,-0.1302706011419108,-0.023503267492544874,-0.0828264691269947,-0.018324486620401384,-0.2063896396378739,-0.24735942142951706,-0.18776091895211072,-0.2833952041347435,269.7,6,Syn
-0.30367067495842726,-0.31827627251369184,-0.11250817024028932,-0.13870704135842601,0.12905140791976707,0.16938683766040283,0.07825762192687889,0.09922790782149958,-0.1761967006465609,-0.2155532630083677,-0.1682219464347662,-0.24673768732993495,269.8,6,Syn
-0.32425590557064504,-0.3917160884859348,-0.11086299980811529,-0.13986002011885237,0.33352269826099606,0.42061158673536325,0.13591882187092394,0.20626057161075517,-0.17507425074070115,-0.21215779761930195,-0.17240500801221856,-0.26564524862925726,270.0,6,Syn
-0.34152410697739405,-0.3912289179770055,-0.11149536219298217,-0.133755697990053,-0.15637548023664297,-0.12626108714675158,-0.09806812388927412,-0.08345728704422693,-0.20854782658132956,-0.26527197581451406,-0.18304561892345173,-0.26892102672670826,270.0,6,Syn
-0.34491131310540446,-0.3975302636252128,-0.11393484147444025,-0.1408863867256805,-0.1696818582966037,-0.10182834049404485,-0.09817830452610987,-0.07531009138983775,-0.20918612963938282,-0.26351105207676034,-0.18880876340292382,-0.28592387494681093,270.0,6,Syn
-0.2994319888369115,-0.33787236476071814,-0.11081929996851066,-0.13826793963424494,0.16825951426438426,0.23532018269450133,0.11178926240389361,0.1476634336349561,-0.17545964126631824,-0.21263804954778023,-0.1795694365390082,-0.25025976453245746,270.0,6,Syn
-0.31657855024458836,-0.3644390929813032,-0.11561857058861837,-0.14248385496150487,-0.0012698367438179986,-0.007019931234020253,0.002416616904934303,0.012652762790792626,-0.18824738064444993,-0.23443474672275066,-0.1711783647067032,-0.25609705332265204,270.1,6,Syn
-0.33364089934521524,-0.37255253080291123,-0.11447209244369709,-0.14209593687388478,-0.015084091828968093,0.013905722597723772,-0.027956511982788784,0.006475218833068965,-0.20005237418225807,-0.2476753766456212,-0.18188966353723723,-0.27369101939492635,270.1,6,Syn
-0.28329129665233166,-0.2963854705797461,-0.11014837890163968,-0.133755697990053,0.31310604184838453,0.35128805197433416,0.13441301983416862,0.1625253509825232,-0.16975827017797057,-0.21208196836743695,-0.16980202933678598,-0.24856030070746407,270.3,6,Syn
-0.32777410862073314,-0.37956414373516506,-0.10726161890893429,-0.13441569751412882,0.07846685621090865,0.09211389250519167,0.038151870118664125,0.03830299965873217,-0.18224974058953414,-0.2255205968923994,-0.1738936124304372,-0.25837942502964795,270.4,6,Syn
-0.33148412859243515,-0.38436755389329996,-0.11204546605624037,-0.14026948921134022,-0.033164513925708655,0.031674992890601376,-0.03184956115098546,0.0105040518489757,-0.19594314770286597,-0.23804927439498194,-0.17756522612118314,-0.26640056588480987,270.4,6,Syn
-0.3408644439055025,-0.3848456184114082,-0.11423045803647153,-0.14202320223245601,-0.16358733399433162,-0.0845266825772956,-0.09593796491044952,-0.049659854521898215,-0.20840812251579335,-0.25412928852657496,-0.1868087110979988,-0.2801112160671235,270.4,6,Syn
-0.32052717175293194,-0.3643025031189866,-0.11176013180941019,-0.13854540882191763,0.07409911379428032,0.06066696021055958,0.02320403038794672,0.032214985323584217,-0.18614700227983685,-0.23311194755132802,-0.17985218821621174,-0.26750891185763165,270.4,6,Syn
-0.28098481513146273,-0.32493275180392245,-0.10963169256278502,-0.13303912707819923,0.11625290688499568,0.08182642023036779,0.04186128489213454,0.062475997754172584,-0.1813392554727638,-0.22477494258239364,-0.18204767182743922,-0.2580920760737312,270.5,6,Syn
-0.32153771943753173,-0.3876320516026675,-0.1105313951428802,-0.13782883791006387,-0.02097546532116446,-0.003045226036929209,-0.032510644971999986,-0.05131615253954876,-0.196417659787532,-0.2563199113582303,-0.1815985956342336,-0.2729603320498809,270.6,6,Syn
-0.3091210826091622,-0.3533616551474243,-0.11087585270211664,-0.13625561455471574,0.11655763310010928,0.12578198358643344,0.0488761187706776,0.05186673747895151,-0.1855954120900474,-0.23602294827570078,-0.17590198096116233,-0.2625172499948492,270.6,6,Syn
-0.31669551178215777,-0.3674987058971958,-0.10971909224199426,-0.13438337100682715,0.11889386741598025,0.11888470103854017,0.05096955087055694,0.054284037288495554,-0.18634692361500071,-0.23698766486887207,-0.18140732244083121,-0.2740358381420264,270.6,6,Syn
-0.3268805224737028,-0.3692379501440276,-0.10807392180982023,-0.13143088333994096,0.34154715525898766,0.42353416408616545,0.14039950110224464,0.18589258247478221,-0.17601123145610767,-0.21303404675196408,-0.17634689904146789,-0.2577062074757859,270.6,6,Syn
-0.24814201538196984,-0.2852397378147089,-0.09315942361064243,-0.11897440252636275,0.4007656163960649,0.4233003578981013,0.1530335474594112,0.16189864362449324,-0.16298744038103552,-0.201331065547467,-0.17075839530379794,-0.24598237007438237,270.7,6,Syn
-0.3285460547686913,-0.372033489326108,-0.11245932924308416,-0.135738390437889,0.15383580674900696,0.23929488789159237,0.028859969745515468,0.06413229577182313,-0.18979376012848845,-0.2345400651281187,-0.18613093869529032,-0.26658118522852897,270.7,6,Syn
-0.3177575225432881,-0.3488541896909754,-0.10961883966878366,-0.13441569751412882,-0.02310854882695969,-0.0377654449644598,-0.02241075326205579,-0.03188822444062073,-0.19558425277588506,-0.24952055510766932,-0.18085013531222424,-0.27110487879167555,271.2,6,Syn
-0.3451405577190405,-0.40189658622393454,-0.11377546558882339,-0.13938320413615268,-0.12173826711872986,-0.01508624472223443,-0.08514026250054556,-0.03743906104031445,-0.2060283360201079,-0.25389758803476525,-0.18880876340292382,-0.28592387494681093,271.3,6,Syn
-0.2912821088990744,-0.2841788898840497,-0.10966253950838828,-0.135094554167464,-0.032656636900519315,-0.010643927149015029,-0.008123997352352912,0.00262544506231364,-0.1909547490869099,-0.23949424291663152,-0.18080855418322372,-0.25961913052517455,271.4,6,Syn
-0.3174768148531215,-0.3837346875312329,-0.09543695642768336,-0.11658224098603891,0.05175252468594928,0.03494827952349989,-0.020904951225300474,-0.03215681330834784,-0.19332490081945494,-0.24781439694070703,-0.18212251785964015,-0.2750620844131577,271.6,6,Syn
-0.3359894870196092,-0.38332491794428303,-0.11223054772985995,-0.1384780619317058,-0.09939167801039882,-0.019060949919325474,-0.06196560188609178,-0.03211204849705999,-0.2033137415052926,-0.2550476650213843,-0.18487103048657455,-0.26892102672670826,271.6,6,Syn
-0.2947675627186431,-0.37801612529557654,-0.11182439627941698,-0.13657079800090707,0.04840053631969962,0.045469557986387944,0.015638293325224886,0.017666421655032117,-0.18506309142653882,-0.2304579237360533,-0.1744050603171436,-0.26132680432033695,271.7,6,Syn
-0.2956517919426679,-0.3376265030085482,-0.11017151411084213,-0.13978189772620664,-0.020670739106050853,-0.016605984944651594,0.06841481836955146,0.10576357026952607,-0.17863911310265915,-0.22133734983118067,-0.1681886815315658,-0.24085113871872607,271.8,6,Syn
-0.3062438287849545,-0.38253269674284657,-0.11070362392249843,-0.1372604301566761,0.03732881717057197,0.13770609917770657,0.016923734088308693,0.06892213057962336,-0.19723420596368318,-0.2471529973549957,-0.18708314654940222,-0.2751277641745101,271.8,6,Syn
-0.32530388094726703,-0.35222795929019624,-0.11052368340647939,-0.13643341034487497,-0.03285978771059505,0.045352654892355855,-0.035522249045510615,-0.01707107190434151,-0.19836388194189825,-0.25000923250857704,-0.18268386310114718,-0.2630262681453303,271.8,6,Syn
-0.3035443564978523,-0.3588206966446791,-0.10677320893688262,-0.13465275856767445,0.1424593613847657,0.056926061201532714,0.04020857533959822,0.03892970701676211,-0.18057329180309986,-0.23189025404905872,-0.16725310612905409,-0.25507901702168984,272.2,6,Syn
-0.32930396553214114,-0.3739867243572359,-0.10744413000375361,-0.13317651473423134,0.047994234699548145,0.07878693978553346,0.015638293325224886,0.017308303164729297,-0.19125101805347805,-0.24023568449042254,-0.18154038205363288,-0.26132680432033695,272.3,6,Syn
-0.31422528410869166,-0.3607557196941647,-0.10532083191472898,-0.12677856016410846,-0.08750735562096822,-0.10030860027162769,-0.05164534890247608,-0.07257943790127876,-0.19812783024495778,-0.2596311220230016,-0.1809831949250259,-0.273797749007124,272.4,6,Syn
-0.324821999412481,-0.3707176736524578,-0.11224083004506104,-0.1413120190718192,0.13941209923362965,0.16669806649766478,-0.02417364345142787,-0.034215994627589064,-0.19478938481679983,-0.25227568459209737,-0.17957359465190825,-0.269536774489387,273.0,6,Syn
-0.3401767100645944,-0.38142176586267124,-0.11328191445917117,-0.13924851035572905,-0.0019808645790830768,0.11011696898613345,-0.0338695394929743,0.012831822035944036,-0.19561556575609146,-0.23529414491055392,-0.18880876340292382,-0.2801768958284759,273.0,6,Syn
-0.3139632902645362,-0.3663786690261994,-0.11203261316223902,-0.13985463236763543,0.13077818980541084,0.16517832627524762,0.06470540359608104,0.09940696706665099,-0.17774789751216966,-0.21753324902928692,-0.17911204412000248,-0.2507195228619242,273.1,6,Syn
-0.33372043319076244,-0.39969748944063677,-0.11181154338541563,-0.13693177733244244,0.11117413663310226,0.15114995499139688,0.04637869100240049,0.08347069424817546,-0.1837383114947301,-0.2260640398640985,-0.1854406919538817,-0.27020999204324914,273.3,6,Syn
-0.3110298949022951,-0.3722747980828674,-0.11003013227682718,-0.1372307975249829,-0.015388818044081699,-0.033323127391240395,-0.004010586910484729,-0.007536167100028903,-0.19172071275657385,-0.24565326326255474,-0.18377744679386088,-0.27216396494348305,273.4,6,Syn
-0.3105480133675091,-0.34864930489750046,-0.1110352285877335,-0.13157365874719004,0.078974733236098,0.13034120425368495,0.020633148861779107,0.028633800420556008,-0.1897744906022076,-0.2376153625648656,-0.18880876340292382,-0.2746926357555505,273.4,6,Syn
-0.3170136471643466,-0.3756166967142144,-0.11001984996162609,-0.13456116679698638,-0.04332205442949549,-0.06360102874555158,0.0032980619996203424,0.0044608023251155975,-0.19142926117157594,-0.24412825275282546,-0.17603088246106394,-0.2573695986988548,273.6,6,Syn
-0.33802461777331705,-0.40465114844732,-0.11303770947314534,-0.1423222224249965,-0.0043170988949540485,0.060316250928463315,-0.025642718609237933,-0.006640870874271851,-0.1973787274107896,-0.24956268246981655,-0.1838855577292622,-0.27770569480759183,273.7,6,Syn
-0.344228257725999,-0.39354639264097774,-0.11397082957764405,-0.13952328566779326,-0.14134232029103844,-0.05740516476185084,-0.09516670045259924,-0.06129870545673989,-0.20871884362707213,-0.2634478610335395,-0.18648437829179473,-0.27743476579201315,273.7,6,Syn
-0.31353755026778346,-0.33591002373876916,-0.10748268868575768,-0.13442108526534577,0.08638973780386237,0.11654663915789837,0.04127365482901051,0.05316491700629924,-0.18371663327766416,-0.22785445275535526,-0.1757647632354606,-0.2526160259709748,273.7,6,Syn
-0.32809692246442473,-0.35289269662013717,-0.11320993825276356,-0.14064663179652642,-0.032148759875329974,-0.019879271577550102,-0.019619510462216667,-0.003999747008288547,-0.19417998604816783,-0.24213141578704736,-0.18382318603576145,-0.2703988213571373,273.8,6,Syn
-0.30113962728542504,-0.31646873333570175,-0.11364693664880979,-0.1410749580182736,0.291165754360205,0.33761038997257964,0.12269714545063334,0.14573854674957845,-0.1784488265306357,-0.21765963111572859,-0.1834364815360566,-0.26598185740618835,273.9,6,Syn
-0.27054248905726497,-0.3480665214849495,-0.10886308950150371,-0.13564949254280936,0.4265657692756834,0.4909872493426811,0.15542079459085253,0.195069368788792,-0.16607779065832748,-0.20058962397367597,-0.17472107689754754,-0.2541759203030943,273.9,6,Syn
-0.3063935395530433,-0.35125817126774816,-0.1041923478214096,-0.12921921146538481,0.05388560819174451,0.06452476231361853,0.016336104025184667,0.0028940339300407556,-0.18546052540608143,-0.23464117079727204,-0.17836774191089316,-0.26702452361765766,274.0,6,Syn
-0.32874722861331074,-0.37303970131184055,-0.11195292521943058,-0.13989504050176252,-0.07003638595445487,-0.09551557341631202,-0.03923166381898103,-0.051763800652427285,-0.1964489727677384,-0.25172802888418355,-0.1831786785362534,-0.26741860218577207,274.0,6,Syn
-0.3424410854319383,-0.40507457702050154,-0.11423816977287234,-0.1415975698863173,0.03763354338568558,0.08661944708568346,-0.015946822567691504,0.009026813076476565,-0.19427633367957212,-0.24495394905091095,-0.18094577190892544,-0.268871766905694,274.2,6,Syn
-0.33515204241061214,-0.37699625432361233,-0.11449008649529899,-0.14171071266187318,-0.0724741956753637,0.018932555641103622,-0.028654322682748565,0.029931979947903736,-0.19683195460257036,-0.23657481671982933,-0.18343232342315655,-0.2644876428354212,274.3,6,Syn
-0.34376041157572135,-0.4090857659772,-0.11449779823169981,-0.14240573256885916,-0.15881328995755178,-0.07914914025181949,-0.08995148364237351,-0.04330325131902314,-0.20951130289537226,-0.2593657196414741,-0.18643863904989416,-0.27953651815529,274.3,6,Syn
-0.33618130394122303,-0.3949669272090707,-0.11112776942454329,-0.13113994477422591,0.040376079321708024,0.11374096490112823,-0.01627736447819877,0.01426429599715532,-0.19791104807429818,-0.24646210861578133,-0.18697919372690094,-0.27377311909661683,274.4,6,Syn
-0.2952494442534291,-0.3193735444076355,-0.11224854178146186,-0.13598892086947695,-0.014474639398740883,-0.040921828503326214,0.053577159275669806,0.06086446454780989,-0.18335051227832794,-0.23879914144120243,-0.17075007907799786,-0.25037470411482415,274.4,6,Syn
-0.33355200857666245,-0.39003603317944024,-0.11269068133510864,-0.1418184676862121,-0.06729385001843242,-0.09189157750131725,-0.053151150939231395,-0.058299463100453766,-0.1986673769808217,-0.25362376018080834,-0.18552801232478278,-0.26921658565279405,274.6,6,Syn
-0.2916236365887771,-0.35571100077927037,-0.11071390623769951,-0.13718500163963887,0.3506889417123958,0.3983999988692662,0.15251937115417766,0.20294797557545408,-0.16664624168361267,-0.1959134867753348,-0.1726544947862217,-0.26208212157588956,274.8,6,Syn
0.15084186003633543,0.3296013154219721,-0.06963605700935391,-0.0810284707054149,0.32163837587156546,0.36262765209544684,0.4301745759802799,0.5012606779977039,-0.11217369957842371,-0.11708476672546099,-0.1191063168593516,-0.1721911581949603,274.8,6,Syn
-0.3111702487473784,-0.35371678878944757,-0.10990160333681358,-0.137123042500644,-0.07765454133229499,-0.11211581276886874,0.013618314983236046,0.015741534769654456,-0.19151115665826957,-0.24480229054718095,-0.17653401412197023,-0.2539953009593752,274.8,6,Syn
-0.2579246783842761,-0.291103995903503,-0.10618197581282007,-0.13214745425179475,0.4009687672061406,0.45170780974789904,0.20951948727720818,0.25509898072580234,-0.1637244997612782,-0.19646956795567805,-0.17203493596411393,-0.24786245324309483,275.1,6,Syn
-0.32866301630626077,-0.3920894341096003,-0.11276008696271597,-0.1410938151475329,0.013052295366521438,0.011450757623049892,-0.0038269525157584717,-0.0151909498302517,-0.19196639921665473,-0.2415626963980599,-0.18091666511862506,-0.2702592518642634,275.1,6,Syn
-0.3047139718735465,-0.3442966412850104,-0.11054938919448211,-0.1345881055530711,0.08831967049958188,0.12227489076547077,0.022469492809041685,0.026216500611011967,-0.18842562376254782,-0.23676860258570653,-0.18581492211488637,-0.2743067671576051,275.1,6,Syn
-0.30649178724460163,-0.34372296386328055,-0.11216114210225261,-0.14115846816213626,-0.04108739551866239,-0.05436568431701651,0.051263365902118954,0.08015809821287437,-0.18331438191655133,-0.22418937224854732,-0.17110351867450227,-0.24349474911316019,275.3,6,Syn
-0.30392799034108,-0.36718454921386756,-0.10641589848364483,-0.13380688162661397,0.3225525545169063,0.3247510496290498,0.1260760183135965,0.15048361674609081,-0.16944032299433648,-0.207932423195936,-0.16961075614338358,-0.25063742316023374,275.7,6,Syn
-0.3079982518484958,-0.37413242021037363,-0.1108707115445161,-0.13877438824863783,0.10233707639480771,0.07820242431537301,0.017694998546158976,0.010548816660263553,-0.18650830589760287,-0.23752268236814172,-0.18287929440744963,-0.2690605962195821,275.7,6,Syn
-0.33017883783316043,-0.3806386506520559,-0.11095554064492508,-0.1341516977044985,-0.029101497724193924,0.014607141161916309,-0.02314529084096082,0.007907692794280248,-0.19369102181879116,-0.2367601771132771,-0.1815985956342336,-0.26354349626598045,275.7,6,Syn
-0.2820374689695875,-0.3332374154327737,-0.10902760654472111,-0.13694255283487633,0.11097098582302652,0.10240136478001555,0.080608142179375,0.09237889169445813,-0.1805227092966126,-0.22755956122032475,-0.1745422780428453,-0.24906931885794517,275.8,6,Syn
-0.3227026563517231,-0.353293360216266,-0.11171129081220502,-0.13859389858287013,-0.015084091828968093,-0.00526638482353891,-0.0048920320051707685,0.010101168547385027,-0.1916243651251696,-0.23962062500307318,-0.18462570182547147,-0.26216422127758005,275.8,6,Syn
-0.2956938980961929,-0.32462314811600473,-0.10980392134240324,-0.13684557331297129,0.15759409673540808,0.14565550957188866,0.07359330830083194,0.0996755559343781,-0.17454433876797767,-0.21371229728253427,-0.17619304886416595,-0.24341264941146967,275.9,6,Syn
-0.32562201632945587,-0.3768277934934218,-0.11434870466128404,-0.14366646635362443,-0.05154966223756283,0.028869318633831232,-0.05039663501833752,-0.026919330387669086,-0.20040163434609856,-0.25330359222848947,-0.184908453502675,-0.27530017354806013,276.1,6,Syn
-0.2841802043378593,-0.36387907454580504,-0.11172414370620638,-0.14026948921134022,0.07409911379428032,0.15407253234219911,0.041751104255298786,0.08669376066090084,-0.18535936039310694,-0.22028416577750023,-0.1734486943501316,-0.26072747649799627,276.2,6,Syn
-0.33083850090505196,-0.3418107057908477,-0.11554916496101103,-0.14500262865542693,-0.14703054297315907,-0.04407821204219263,-0.09336708338428192,-0.04594437518500644,-0.2083454965553806,-0.25184598549819576,-0.18786071366171198,-0.28187635965346924,276.2,6,Syn
-0.32594483017314746,-0.3817177105643573,-0.11076274723490467,-0.13817096011233992,0.12285530821245712,0.11011696898613345,0.040428936613269725,0.06328176435735393,-0.18390691984968757,-0.22913512456463067,-0.17833447700769275,-0.2581905957157598,276.5,6,Syn
-0.31555864563698305,-0.3982041069459749,-0.10940291104956082,-0.13940744901662894,0.13941209923362965,0.1586317530094506,0.05508296131242512,0.05759663332379665,-0.18311205189060237,-0.23350373201929717,-0.18016820479661572,-0.2740358381420264,276.6,6,Syn
-0.3183282948466269,-0.3775016368141839,-0.1083875324234534,-0.13463390143841514,0.28964212328463695,0.34672883130708265,0.14403546211782453,0.20115738312393996,-0.16986184388173017,-0.20306671286793235,-0.1696897602884846,-0.23988236223877815,276.7,6,Syn
-0.325912080942628,-0.3724204939360051,-0.11288347474512903,-0.13990042825297946,0.11889386741598025,0.15570917565864836,0.02100041765123162,0.04501772135191007,-0.19026345483158427,-0.23927518063346598,-0.18638874169509353,-0.26576018821162395,276.8,6,Syn
-0.32968759937536884,-0.3536211758858259,-0.111181751579349,-0.13700720584947967,-0.05673000789449412,-0.03612880164801054,-0.0373585929927732,-0.022353319636308117,-0.1979929435609918,-0.25025778394524567,-0.186825343549599,-0.28100610281554994,277.0,6,Syn
-0.3335239378076458,-0.38897973824419163,-0.11267268728350673,-0.13794736843683666,0.04657217902901799,0.08241093570052824,-0.0015498860211528712,0.011265053640869195,-0.19096920123162056,-0.23956164669606705,-0.1849375602929754,-0.26201644181453715,277.1,6,Syn
-0.2621259368137696,-0.3144517563688261,-0.10152151644792705,-0.12932157873850678,0.005434139988681312,-0.030751259322534426,0.06154689200678941,0.06565429935561012,-0.17573904939739063,-0.22521306714872472,-0.16275402797119778,-0.25201669814863414,277.1,6,Syn
-0.326122611710253,-0.37233398702320464,-0.11043628372727014,-0.1368428794373628,-0.0024887416042724186,0.009229598836440192,-0.0040840406683752325,0.006699042889508228,-0.1918531907497547,-0.24155427092563048,-0.18352796001985774,-0.2623366306511301,277.1,6,Syn
-0.3384784285390864,-0.39068711152314956,-0.11475999726932755,-0.14353446644880927,-0.16531411587997538,-0.1148045839316068,-0.10754365865714904,-0.10145274118194368,-0.21033989252544896,-0.2679049359487152,-0.18879213095132363,-0.2850782480193988,277.2,6,Syn
-0.31499723025664983,-0.3828878303848698,-0.1101560906380405,-0.13921618384842735,0.06272266843003906,0.02395938868448347,-0.0012193441106456066,-0.007849520779043872,-0.19278294539280594,-0.2484294564280564,-0.1804467983609192,-0.2637323255798686,277.4,6,Syn
-0.2688301721472487,-0.30565536923563497,-0.10940291104956082,-0.13476051359201335,0.10995523177264784,0.15056543952123644,0.07429111900079172,0.0943933082024115,-0.17275227282385827,-0.20726259813779524,-0.16586845453333676,-0.2355639179298578,277.4,6,Syn
-0.31253635950618924,-0.3850186322370093,-0.10758808241656882,-0.13182957692999495,0.10873632691219341,0.11981992579079688,0.03444245534519371,0.044659602861607244,-0.18118750795330207,-0.22527625819194555,-0.1834988532295574,-0.2591429522553696,277.5,6,Syn
-0.3164475533225106,-0.3554833510087427,-0.112089165895845,-0.14054695839901293,0.0754195940597726,0.07551365315263495,0.02412220236157801,0.02899191891085883,-0.18259900075337462,-0.22905508257655097,-0.17714941483117794,-0.25427443994512294,277.6,6,Syn
-0.30919125953170384,-0.3475247150310935,-0.10535167886033224,-0.13292598430264338,0.09989926667389887,0.11888470103854017,0.040906386039558,0.034408461076689,-0.18353116408721093,-0.23218093284787453,-0.17150269751290725,-0.24815801216918063,277.6,6,Syn
-0.3057946964806879,-0.3607739316758069,-0.11275237522631516,-0.14186426357155613,-0.014373063993703014,0.003968959604996163,-0.01855443097280437,-0.02047319756221831,-0.19468099373147005,-0.2524231303596126,-0.18113704510232784,-0.2728043426166689,277.7,6,Syn
-0.305457847252488,-0.3524738210423662,-0.09801267638555586,-0.11871309659234089,0.16439964887294525,0.15056543952123644,0.07583364791649229,0.08924535490430845,-0.1742312089659138,-0.21142478151794036,-0.17490403386514983,-0.2584533147611694,277.8,6,Syn
0.286971054382631,0.42709915914358465,1.3762759594616083,2.3000908734993004,0.23702606347502114,0.21369311029856478,0.07458493403235374,0.06493806237500448,-0.1740915049003776,-0.21721729381318278,-0.17136547978720554,-0.2537490018543037,277.9,6,Syn
-0.34519202079557104,-0.40838005168856406,-0.11106607553333676,-0.13249227032967925,-0.07694351349702991,-0.02525681390302622,-0.058219460233676114,-0.03846865169993506,-0.2023478565004648,-0.2526127034892751,-0.18542821761518152,-0.2746926357555505,277.9,6,Syn
0.16724454606507078,0.29021790512067625,0.4460554678496008,0.7757640543205757,0.10233707639480771,0.10205065549791928,0.056809124622851946,0.049762791348422444,-0.17818627923505906,-0.21910459963737813,-0.16692045709704992,-0.24821548196036397,278.1,6,Syn
-0.3194324117612822,-0.38291970135274367,-0.11250559966148906,-0.1388767555217598,-0.053987471958471665,-0.07704488455924188,-0.028911410835365327,-0.03963253679341923,-0.19526630559225097,-0.25042629339383454,-0.1874324280330066,-0.2726319332431189,278.2,6,Syn
-0.27552505055772225,-0.32935371034757077,-0.10693258482249948,-0.1308813327158125,0.08049836431166602,0.08018977691391853,0.05401788182301283,0.05200103191281508,-0.17078196376164095,-0.2134426821647921,-0.17383539884983645,-0.2571232995937833,278.3,6,Syn
-0.3137387241124029,-0.3658687335402173,-0.11468802106291993,-0.14283405879060634,0.019349970478869275,0.009346501930472281,0.0074849261993790266,-0.006596106062983998,-0.18956734319468843,-0.24236732901507177,-0.18226389369824192,-0.2626650294578921,278.3,6,Syn
-0.31192815951082825,-0.37978268751487165,-0.11147736814138028,-0.1413820598376395,0.20960070411479667,0.2311116713093461,0.1045907941306243,0.12537055761360552,-0.17024000833499192,-0.21142899425415507,-0.17156506920640804,-0.25354375260007744,278.3,6,Syn
-0.3337063978062541,-0.3975848995701395,-0.11138482730457049,-0.13602932900360404,0.02148305398466451,0.08533351305133047,0.008182736899338808,0.06560953454432226,-0.1935633612071805,-0.23785970126531947,-0.17984803010331168,-0.26086704599087013,278.5,6,Syn
-0.27053313213425945,-0.2839011571640059,-0.10602259992720321,-0.13074663893538888,0.04535327416856357,0.012853594751434966,0.13217268021850825,0.1780139756881202,-0.170444747051726,-0.20484448755054493,-0.16939037615968083,-0.23691856300775108,278.6,6,Syn
-0.3236009209602563,-0.3891117751110977,-0.11328448503797145,-0.14219830414700674,0.06394157329049348,0.09901117505308495,-0.00720582537872162,-0.014206123981918943,-0.19225062472929733,-0.24409876359932242,-0.18568602061498476,-0.2761950602964866,278.7,6,Syn
-0.29987644267967534,-0.3264762172481004,-0.10825900348343981,-0.13392810602899527,0.2868995873486145,0.3939576812960468,0.1135521525932657,0.14900637797359167,-0.17399515726897333,-0.21187554429291558,-0.1800808844257146,-0.25734496878834767,278.7,6,Syn
-0.20514695417145137,-0.23807525835677554,-0.10605858803040702,-0.13230369903708616,0.40198452125651934,0.4063494092634483,0.2025046533986651,0.21315435254908446,-0.15064290010736348,-0.17973236697458847,-0.15504904476740136,-0.21862674947110752,278.9,6,Syn
-0.3280641732339053,-0.38454056771890105,-0.10719992501772777,-0.13443994239460508,0.13138764223563806,0.14343435078527897,0.06165707264362516,0.07648738368727045,-0.1804841702440509,-0.2254194912232461,-0.17266696912492183,-0.24944697748572148,278.9,6,Syn
-0.33510525779558437,-0.3948348903421646,-0.10972937455719535,-0.13071700630369568,-0.019756560460710035,-0.004681869353378463,-0.01763625899917308,-0.002701567480940821,-0.1962755470312107,-0.24952055510766932,-0.182829397052649,-0.26447943286525216,279.0,6,Syn
-0.3073713380071237,-0.36904217134137374,-0.10481442789107541,-0.13242222956385896,-0.04322047902445762,-0.0812533959443971,0.010790345304451672,0.00656474845564467,-0.1920603381572739,-0.2460113458408061,-0.17248401215731954,-0.2574681183408834,279.3,6,Syn
-0.14443923771142006,-0.07386692587971942,0.00032481561884721485,0.04602009074137924,-0.00919271833677173,-0.04010350684510159,0.05515641507031563,0.06162546633970339,-0.1843477102633621,-0.2314816186362307,-0.1649204047921249,-0.2525503462096224,279.4,6,Syn
-0.32777878708223596,-0.35480495469257006,-0.11037716041486388,-0.13542590086730613,0.03407840420936018,0.06896707988683794,0.018319355488228252,0.031006335418812196,-0.1906657061926971,-0.24099397700907246,-0.185864819469687,-0.2650623407472547,279.5,6,Syn
-0.3156709287130497,-0.3420520145476071,-0.11171129081220502,-0.14103185600853801,-0.08781208183608183,-0.10101001883582023,-0.04128836903991512,-0.02978427831009165,-0.19962603591329417,-0.25418405409736633,-0.1747252350104476,-0.26141711399219647,279.6,6,Syn
-0.2958716796332984,-0.3024045305124991,-0.11147993872018054,-0.1365681041252986,0.5154442486838182,0.7031663650109236,0.23368577362318374,0.30599657116009077,-0.16078107962187776,-0.18306464132043337,-0.17581881870316127,-0.2545946287817159,279.6,6,Syn
-0.31654580101406893,-0.34563066894030287,-0.10968053355999019,-0.13830565389276356,0.03021853881792119,0.004319668887092431,0.007705287473050536,0.0019987377042837034,-0.18468733566406217,-0.23587971524440024,-0.17934905655530545,-0.26380621531139004,279.8,6,Syn
0.23991041012619949,0.45194030210356967,0.11234549857709782,0.20961646256832384,0.2222976297445302,0.2658318902368767,0.1034522608833215,0.09152836027998894,-0.16624399032249984,-0.21203562826907502,-0.16274155363249762,-0.2335606852086096,280.1,6,Syn
-0.3332853362710042,-0.3603960330567309,-0.11317909130716029,-0.13924851035572905,0.7895962668810249,1.9371954256136608,0.414418744912767,1.0650734761682075,-0.16741702273484682,-0.16984507507863647,-0.15966455008645913,-0.20949726264312385,280.1,6,Syn
-0.3427872915831438,-0.3854966967551175,-0.11400938825964814,-0.14120695792308877,-0.050940209807335615,0.10906484113984465,-0.06310413513339458,0.01614441807124513,-0.20241289115166267,-0.23981019813273566,-0.18286682006874946,-0.26122828467830833,280.2,6,Syn
-0.3109222902877313,-0.36830458608486394,-0.11476256784812781,-0.14366377247801596,0.03397682880432232,0.05131471268799242,0.004399868367977891,0.009922109302233617,-0.19056935856129284,-0.24320987625801613,-0.180272157619117,-0.2707600600445755,280.2,6,Syn
-0.3288969393813996,-0.36598711142089174,-0.11463146832931395,-0.1434536501805551,-0.08679632778570315,0.08965892753051778,-0.07551782021688963,-0.001761506443895916,-0.20593198838870364,-0.24705189168584238,-0.18877134038682336,-0.2821390786988789,280.7,6,Syn
-0.3285133055381719,-0.3629639224682836,-0.1109066996477199,-0.13660043063260027,-0.032250335280367845,0.05341896838057003,-0.041178188403079366,-0.007133283798438229,-0.1962779557219958,-0.24184073698823155,-0.1833158962619551,-0.27239384410821643,280.8,6,Syn
-0.336265516248273,-0.37716471515380284,-0.11367521301561279,-0.14201781448123907,-0.18014412501550414,-0.15911085656976873,-0.08297337664277571,-0.045049078959249395,-0.20587899719143127,-0.25413350126278966,-0.17991455990971253,-0.2647996217018451,280.8,6,Syn
-0.3340900316494818,-0.4006991484309587,-0.11291175111193202,-0.14196932472028656,-0.013763611563475804,0.08650254399165136,-0.006140745889309324,0.039198295884489226,-0.19057658463364816,-0.23066434781057468,-0.17156506920640804,-0.25537457594777563,280.8,6,Syn
-0.34488792079789055,-0.4049789641168799,-0.11561857058861837,-0.147817728666281,-0.16988500910667945,-0.14215990793511574,-0.09619505306306629,-0.07248990827870305,-0.20907292117248283,-0.25956371824356606,-0.18517457272827836,-0.27346114023019297,280.8,6,Syn
-0.33506315164205935,-0.3915339686695127,-0.11473172090252455,-0.14264009974679628,-0.17333857287796697,-0.16799549171620753,-0.09737031318931434,-0.08954530137937489,-0.20684488219625907,-0.2504810589646259,-0.17049227607819462,-0.2032084254936315,280.9,6,Syn
-0.3307308962904881,-0.38854720368018897,-0.11364179549120924,-0.14154638624975632,0.09400789318170251,0.5898872668938289,0.037417332539759096,0.35796851706528765,-0.1880570940724265,-0.176589665758406,-0.18522031197017894,-0.27859237158584926,280.9,6,Syn
-0.3137714733429223,-0.3483943371545094,-0.11287062185112767,-0.14077324395012464,-0.05500322600885035,-0.08873519396245083,-0.03177610739309495,-0.03752859066289015,-0.1953867401315063,-0.25244419404068624,-0.18260901706894625,-0.2723610042275402,281.0,6,Syn
-0.344041119265888,-0.40898104708275723,-0.11464946238091585,-0.14291487505886052,-0.13433361734342553,-0.02759487578366801,-0.08422209052691426,-0.05113709329439735,-0.20666663907816119,-0.2541924795697958,-0.1841475188419655,-0.27122802834421134,281.0,6,Syn
-0.3365275100924285,-0.4017599963616179,-0.11277808101431788,-0.14198010022272045,-0.016912449119649724,-0.04057111922122995,-0.02924195274587259,-0.03802100358705653,-0.19632612953769793,-0.2531350827799006,-0.1818938216501373,-0.2756532022653293,281.1,6,Syn
-0.2671038198527241,-0.3466277749352143,-0.10880139561029718,-0.13572492105984663,0.1562736164699158,0.13384829707464763,0.034222094071522206,0.04837508219849901,-0.18023848378397,-0.2228118075063333,-0.1717605005127105,-0.26159773333591557,281.3,6,Syn
-0.29787406115648685,-0.36066921278136416,-0.11152620913858544,-0.1416595290253122,0.4946212906510552,0.5434767385630893,0.16452906056927494,0.19220442086636944,-0.1701653389206536,-0.21310987600382905,-0.1842265229870665,-0.2742575073365908,281.3,6,Syn
-0.30069985190416404,-0.3362150744312763,-0.1114105330925732,-0.13805781733678407,-0.07704508890206778,-0.10101001883582023,-0.029609221535325105,-0.04021447934016131,-0.19285761480714422,-0.24548054107775116,-0.18662991224329656,-0.2700704225503753,281.4,6,Syn
-0.287455127389803,-0.34699201456805867,-0.11340530224158422,-0.13953136729461868,0.42514371360515324,0.5432429323750252,0.21455106969270765,0.2645443559075393,-0.15795568533094756,-0.18185558602680824,-0.17387282186593692,-0.24763257407836142,281.4,6,Syn
-0.3150159441026609,-0.37637704694777696,-0.11031546652365735,-0.1375298177175234,-0.046978769010858755,-0.04372750276009636,0.053577159275669806,0.06283411624447541,-0.18628911503615814,-0.23263590835906447,-0.18190629598883745,-0.24912678864912854,281.7,6,Syn
-0.309921099526137,-0.3199290098477231,-0.1090841592783271,-0.1349221461285217,-0.06790330244865964,-0.12345541288998142,0.03069631369277805,0.056969925965766714,-0.18798242465808818,-0.23608192658270688,-0.18289592685904985,-0.26328077722057086,281.8,6,Syn
-0.3232547148090508,-0.37094077042757495,-0.10905074175392357,-0.13393888153142916,0.07044239921291705,0.1050901359427536,0.01666664593569193,0.027559444949647547,-0.18879415345266917,-0.23877807776012883,-0.17551111834855743,-0.26159773333591557,281.9,6,Syn
-0.30510228417827695,-0.3498239777134235,-0.09997402801016335,-0.11818509697308022,0.21061645816517535,0.20001544829681028,0.0760540091901638,0.0954228988620321,-0.17497067703694158,-0.21985446668359862,-0.17447574823644446,-0.2604647574525867,282.0,6,Syn
-0.31045912259895636,-0.34913192241101926,-0.1120249014258382,-0.138262551883028,0.09675042911772495,0.14588931575995284,0.03025559114543503,0.07286143397295439,-0.18445851003947702,-0.22703718192969924,-0.17953201352290774,-0.2695696143700632,282.0,6,Syn
-0.17392758056342203,-0.1554702626230865,-0.032429499454217844,-0.017622720508790633,0.1781123285530575,0.17008825622459536,0.07105915365360957,0.06932501388121404,-0.16812999520723843,-0.21064963805443154,-0.17233016198001763,-0.2568770004887118,282.1,6,Syn
-0.3383567885400142,-0.3728439225091867,-0.113554395812,-0.13502451340164368,-0.10853346446380696,0.003384444134835715,-0.06148815245980351,0.0036550357219342503,-0.2050335467258588,-0.2491666852656327,-0.18541574327648136,-0.2736828094247573,282.3,6,Syn
-0.3387263869987336,-0.36383809758711005,-0.1133436083503777,-0.1346877789505846,-0.09451605856858114,0.006657730767734221,-0.05230643272349061,0.007146691002386754,-0.2028151425127755,-0.247481590779744,-0.18692513825920026,-0.28044782484405456,282.3,6,Syn
-0.3285133055381719,-0.3860066322410996,-0.11331276140477443,-0.1406493256721349,0.176182395857338,0.2044577658700297,0.059967636212143585,0.0790837427419659,-0.18842803245333295,-0.23954900848742292,-0.17919520637800354,-0.26432344343204023,282.4,6,Syn
-0.32310500404096193,-0.3592851021765556,-0.10619996986442198,-0.12948051739940666,0.05794862439325924,0.08474899758117002,0.0074849261993790266,0.025365969196542767,-0.18441274491456,-0.22759326311004252,-0.18127426282802955,-0.2623694705318063,282.5,6,Syn
-0.26461955679474963,-0.2662856179205708,-0.056844856899200734,-0.04974449326422029,0.35404093007864545,0.4083367618619938,0.12453348939789594,0.15433339051684614,-0.17543073697689696,-0.21482445964322083,-0.17694982541197543,-0.25434011970647535,282.6,6,Syn
-0.26562074755634385,-0.31854489924291457,-0.11074732376210304,-0.13926467360937989,0.1967006276749874,0.1921829409966603,0.08372992688972139,0.10419680187445123,-0.1784175135504293,-0.22548689500268163,-0.1804093753448187,-0.25721360926564285,282.8,6,Syn
-0.27194602750809804,-0.3133544844748825,-0.10619996986442198,-0.12503292876981809,-0.035703899051655365,-0.029114616006085173,0.046599052276072,0.048061728519484044,-0.18507754357124945,-0.23565222748880527,-0.1737356041402352,-0.25643366209958307,282.8,6,Syn
-0.3175423133141604,-0.3761903741359442,-0.1106599240828938,-0.13827871513667883,0.020568875339323694,0.008294374084183475,0.07991033147941522,0.08669376066090084,-0.18136093368982975,-0.22648952622178542,-0.17335305775343043,-0.2536504822122751,283.0,6,Syn
-0.33943751314715565,-0.40273433737947656,-0.1113925390409713,-0.1365088388619122,-0.013154159133248595,0.010983145246921533,-0.026009987398690447,-0.013221298133586185,-0.19685845020120654,-0.2497438301270496,-0.18393129697116278,-0.27497998471146723,283.2,6,Syn
-0.34310542696533264,-0.40314410696642644,-0.11267782844110727,-0.13808206221726033,-0.11625319524668497,-0.0790322371577874,-0.07382838378540806,-0.04831691018326263,-0.20466501703573747,-0.25744471192756097,-0.1868003948721987,-0.27095709932863266,283.3,6,Syn
-0.3393720146861168,-0.4036585954478191,-0.11362123086080707,-0.14355601745367705,-0.1454053364925532,-0.09446344557002322,-0.08712351396358914,-0.05744893168598457,-0.2069243689921676,-0.2596142710781427,-0.1878482393230118,-0.28101431278571903,283.3,6,Syn
-0.33272859935217375,-0.38211382116507553,-0.11038230157246443,-0.13770491963207412,0.14560819894093963,0.16085291179606032,0.06283233276987321,0.0877681161318093,-0.18012768400785512,-0.2243957963230687,-0.1830206702460514,-0.2762196902069938,283.6,6,Syn
-0.3429650731202493,-0.3967243834375447,-0.11427929903367669,-0.1389360207851462,-0.16897083046133862,-0.17138568144313812,-0.10045537102071547,-0.07557868025756488,-0.2098461109145021,-0.2656469093376243,-0.18858838341922107,-0.2835183536872793,283.6,6,Syn
-0.30875148415044285,-0.33773122190299093,-0.10900447133551867,-0.12667080513976953,0.021990931009853852,0.05645844882540436,0.012516508614878498,0.03946688475221634,-0.1883822673284159,-0.23186076489555568,-0.18399366866466357,-0.2671640931105315,283.6,6,Syn
-0.30437712264534655,-0.3495143740255058,-0.10434144139182537,-0.1284864772998802,0.2002557668513128,0.1934688750310133,0.07429111900079172,0.08736523283021864,-0.17399515726897333,-0.21691397680572283,-0.17949459050680727,-0.26503771083674754,283.7,6,Syn
-0.32669806247509453,-0.37306701928430386,-0.10793253997580526,-0.1316167607569256,0.12925455872984282,0.20936769581937745,0.030329044903325532,0.05620892417387322,-0.18460784886815365,-0.22485919730668807,-0.1817732363760358,-0.2500545152782312,284.1,6,Syn
-0.3301835162946632,-0.36029131416228816,-0.11212515399904881,-0.13586769646709568,-0.030421977989686214,0.03728634140414168,-0.035522249045510615,-0.006551341251696146,-0.19789659592958753,-0.24559428495554864,-0.18272128611724767,-0.2601117287353175,284.2,6,Syn
-0.3444621808011379,-0.4034901346176286,-0.11561857058861837,-0.147817728666281,-0.1500778051242951,-0.11948070769289038,-0.09979428719970095,-0.08967959581323845,-0.20935714668512542,-0.2667969863242433,-0.183469746439257,-0.2671312532298553,284.2,6,Syn
-0.33228414550940993,-0.35552432796743766,-0.11313025030995513,-0.13935357150445948,0.1758776696422244,0.3468457344011147,0.05063900896004968,0.13392063656958536,-0.1866576447262795,-0.22054114268659827,-0.1864719039530946,-0.2774265558218441,284.2,6,Syn
-0.32914957630254954,-0.3872313880065387,-0.11136683325296858,-0.1376968380052487,0.14347511543514438,0.21416072267469313,0.03881295393967866,0.07608450038567978,-0.1866672794894199,-0.23181863753340845,-0.18264228197214666,-0.2647585718509999,284.4,6,Syn
-0.1975538111524447,-0.18708626275397647,0.8816426161344814,1.4031542141558482,0.2744058125289567,0.28851109047910206,0.11928154570872496,0.13736752703875002,-0.1586180752968519,-0.19865176531490394,-0.16813878417676517,-0.2428379514996362,284.4,6,Syn
-0.32030728406230147,-0.3847909824664815,-0.11029747247205546,-0.13904646968509357,-0.106197230147936,-0.14917409357704112,-0.07213894735392648,-0.08860524034232999,-0.20143978007447955,-0.26391968748958833,-0.1863762673563934,-0.2777221147479299,284.7,6,Syn
-0.3425861177385244,-0.39035474285817906,-0.11340530224158422,-0.13741128719075058,-0.1497730789091815,-0.03624570474204263,-0.08804168593722043,-0.03238063736478711,-0.2073555246427017,-0.252629554434134,-0.18080855418322372,-0.2583958449699861,284.7,6,Syn
-0.3347169454908539,-0.3749519593842734,-0.11328191445917117,-0.1368752059446645,-0.030421977989686214,0.11678044534596255,-0.022851475809398808,0.04412242512615301,-0.1954830877629106,-0.2315953625140282,-0.1878482393230118,-0.28282050622291,284.7,6,Syn
-0.32054588559894304,-0.3748426874944201,-0.11109692247894003,-0.13806051121239254,0.10091502072427755,0.10158304312179091,0.02522400872993556,0.03136445390911502,-0.18428026692137914,-0.23111511058554993,-0.17831784455609254,-0.26775521096270316,284.9,6,Syn
-0.27915085822237423,-0.3595173049424939,-0.10878083097989501,-0.13616941053524462,0.10142289774946689,0.14495409100769613,0.05405460870195808,0.06372941247023246,-0.1805877439478105,-0.22921095381649567,-0.17050890852979483,-0.2565978615029641,284.9,6,Syn
-0.3073479456996098,-0.36243122200524874,-0.11107378726973759,-0.1403314483503351,0.06089431113935743,0.06464166540765062,0.040465663492214976,0.05535839275940402,-0.1829145392462236,-0.23205455076143286,-0.17879602753959853,-0.25829732532795746,285.3,6,Syn
-0.33821175623342814,-0.3946937474844374,-0.11268039901990755,-0.13910842882408844,-0.10000113044062603,-0.0343752552375292,-0.0748567363958751,-0.04021447934016131,-0.20561885858663975,-0.2572762024789721,-0.18650932696919506,-0.2764906192225724,285.3,6,Syn
-0.31933884253122663,-0.36454381187574597,-0.1103206076812579,-0.13782883791006387,0.22067242326392433,0.30172114010472817,0.08692516535795827,0.1174471860156556,-0.17804416647873778,-0.21320255620055295,-0.18213083408544026,-0.2504978536673599,285.4,6,Syn
-0.3058929441722462,-0.3722247151333513,-0.10730788932733919,-0.13498949301873353,0.28212554331183465,0.3045268143614983,0.15769786108545814,0.1786406830461501,-0.16439170710875275,-0.19639795144002778,-0.17084987378759908,-0.25591643397893293,285.4,6,Syn
-0.3066461764741933,-0.36190762753303496,-0.1055933132675578,-0.13443186076777966,0.04890841334488896,0.010281726682728996,0.011341248488630447,0.0028940339300407556,-0.1878089989215605,-0.24242209458586314,-0.1791203603458026,-0.25289516495672254,285.6,6,Syn
-0.3423241238943689,-0.3909967152110672,-0.11339501992638314,-0.13574377818910593,-0.15739123428702165,-0.12848224593336127,-0.10258552999954007,-0.0912463642083133,-0.20868753064686574,-0.26516244467293126,-0.18306640948795197,-0.26947930469820364,285.7,6,Syn
-0.322894473273337,-0.29615782080921843,-0.11376261269482203,-0.1349221461285217,-0.03722753012722339,0.02933693100995959,-0.03746877362960895,-0.0040445118195764,-0.19524462737518503,-0.23473806373021064,-0.18568602061498476,-0.276917537671363,285.7,6,Syn
-0.3303425839857576,-0.3770235722960757,-0.11508646077696208,-0.14318695649531626,-0.1616574012986121,-0.09060564346696426,-0.09608487242623054,-0.07893604110415382,-0.2075723068133613,-0.25416299041629276,-0.18653427564659536,-0.2818106798921169,285.7,6,Syn
-0.23836403084116642,-0.275919756209304,-0.11028461957805409,-0.13377724899492077,0.19680220308002527,0.2099522112895379,0.13848970339709155,0.1381285288306435,-0.16302597943359723,-0.19838215019716174,-0.16499109271142579,-0.24773109372039,285.8,6,Syn
-0.3301554455256465,-0.370276033097634,-0.11243876461268199,-0.13859120470726166,-0.13646670084922077,-0.13783449345592844,-0.03085793541946366,-0.014967125773812437,-0.19869387257945786,-0.2519344529587049,-0.18448016787396967,-0.27750865552353465,285.9,6,Syn
-0.2865287920122532,-0.3344166412441073,-0.10915613548473471,-0.1371338180030779,0.06434787491064495,0.07890384287956555,0.03569116922933227,0.03346840003964409,-0.18110079508503824,-0.23182285026962318,-0.16057933492447057,-0.23807616880158713,286.1,6,Syn
-0.3329484870428043,-0.374833581503599,-0.11192721943142786,-0.13771030738329107,0.1370758649177587,0.23087786512128192,0.03664606808190881,0.0721899618036366,-0.18300125211448745,-0.22390711892216097,-0.18164433487613418,-0.2671230432596863,286.2,6,Syn
-0.3127468902738142,-0.3652222081919186,-0.10960084561718175,-0.1348063094773574,0.11097098582302652,0.17394605832765433,0.04799467367599156,0.06099875898167345,-0.18107911686797226,-0.22559221340804966,-0.17391024488203738,-0.25047322375685277,286.3,6,Syn
-0.1707696190490477,-0.09204703655406327,-0.06664904444343792,-0.06701762366574787,0.07470856622450753,0.0370525352160775,0.14811214568074746,0.18190851427016336,-0.17072415518279838,-0.21321940714541182,-0.16144006429478133,-0.23024385726031338,286.5,6,Syn
-0.3128872441188975,-0.3435818210055534,-0.10900961249311922,-0.1328047599002621,0.34957161225697925,0.5556346603424266,0.14403546211782453,0.23047833451748342,-0.16973659196090463,-0.19397562811656277,-0.17968170558730961,-0.2612775444993226,286.6,6,Syn
-0.3403451346786943,-0.3896126046062587,-0.11509160193456262,-0.1456087506673333,-0.1494683526940679,-0.08768306611616203,-0.0988393883471244,-0.07105743431749176,-0.21058317029474474,-0.26750051327210184,-0.1864968526304949,-0.2779355739723252,286.6,6,Syn
0.08084739749329227,0.21904548086288939,0.038271699868461594,0.09568707533479223,0.16328231941752872,0.1574627220691297,0.056809124622851946,0.05920816653015935,-0.17918106852930815,-0.22468226238566977,-0.17129894998080472,-0.2609737756030678,286.7,6,Syn
-0.2584439876110843,-0.3105407333111599,-0.10837467952945204,-0.13509724804307247,0.25144977099039845,0.279275746050567,0.11560885781419979,0.13571122902109947,-0.17281489878427103,-0.2090150964031195,-0.15622994883101615,-0.21938206672666014,286.8,6,Syn
-0.05315309686923984,0.03430769207964332,-0.07850712444909237,-0.08454128449886343,0.12844195548953988,0.15991768704380357,0.20849113466674113,0.2554123344048173,-0.15811465892276458,-0.1827781752578323,-0.15679961029832326,-0.2290205717051249,286.9,6,Syn
-0.09795872268133292,-0.03515735889918564,0.007242243170379006,0.044953316000424015,0.09380474237162677,0.07539675005860286,0.15042593905429832,0.18217710313789048,-0.17050014693978346,-0.2103336828383274,-0.1564503288147189,-0.2298415687220299,286.9,6,Syn
-0.29608221040092336,-0.3611745952719357,-0.10616398176121818,-0.13276435176613502,0.03621148771515542,-0.010643927149015029,0.008770366962462833,-0.0014481527648809477,-0.18265440064143207,-0.23510457178089142,-0.1782970539915923,-0.268058979858958,287.1,6,Syn
-0.32063009790599306,-0.3317394799427013,-0.11242077056108007,-0.13904916356070204,0.1351459322220392,0.20059996376697073,0.05416478933879383,0.07823321132749671,-0.18441997098691532,-0.22498557939312974,-0.17502461913925133,-0.2515979896700126,287.6,6,Syn
-0.31748617177612704,-0.38385306541190733,-0.10870114303708658,-0.13684018556175434,0.06576993058117511,0.04114414350720063,0.0034449695154013488,-0.01465377209479747,-0.1959214694858,-0.2542935852389491,-0.1811120964249275,-0.2712198183740423,287.7,6,Syn
-0.3413229331327747,-0.3854557197964225,-0.11223054772985995,-0.13564949254280936,0.025444494781141375,0.17043896550669163,-0.0009255290790835938,0.07975521491128369,-0.18984916001654592,-0.21632840647187648,-0.18693345448500037,-0.2700129527591919,287.7,6,Syn
-0.3421463423572634,-0.39800832814332104,-0.11497078473094983,-0.14345634405616356,-0.08446009346983217,-0.04290918110187174,-0.056272935649577784,-0.04124406999978192,-0.19951041875560904,-0.24625147180504525,-0.18001019650641373,-0.2664087758549789,287.8,6,Syn
-0.308391242614729,-0.37941844788202733,-0.11005069690722935,-0.1357761046964076,0.007668798899514415,0.01437333497385213,-0.007536367289228885,-0.006640870874271851,-0.19725829287153426,-0.2559323396264759,-0.18383566037446158,-0.27756612531471797,288.0,6,Syn
-0.30766140262029584,-0.3409729546353057,-0.10777830524778895,-0.1333516166487821,0.06556677977109937,0.0894251213424536,0.03003522987176352,0.05262773927084501,-0.18228827964209585,-0.22308984809650495,-0.16948185464348198,-0.24777214357123528,288.0,6,Syn
-0.34164574697646627,-0.40678650329487,-0.11404794694165221,-0.14082442758668562,-0.1754716563837622,-0.17465896807603662,-0.10346697509422612,-0.09545425646937143,-0.2092391208366552,-0.2647411710514591,-0.18709977900100244,-0.28299291559646006,288.0,6,Syn
-0.31655983639857727,-0.3587478487181102,-0.11052882456407993,-0.133260024878094,-0.10304839259176207,-0.05413187812895233,-0.0736447493906818,-0.04616819924144571,-0.20538039819891418,-0.2555658315757951,-0.18529515800237986,-0.2731902112146143,288.0,6,Syn
-0.32175292866665944,-0.34388687169806054,-0.10954429288357577,-0.1269213355713575,0.10731427124166326,0.17908979446506626,0.02070660261966961,0.06140164228326412,-0.19080541025823328,-0.23234101682403396,-0.18772349593601026,-0.2757353019670198,288.5,6,Syn
-0.32923846707110227,-0.3987777843677048,-0.1088553777651029,-0.13562794153794158,-0.10101688449100471,-0.14566700075607844,-0.05829291399156662,-0.07727974308650327,-0.2017697707120392,-0.26229778404692045,-0.1857941315503861,-0.27903570997497795,288.5,6,Syn
-0.3423615515863911,-0.40838915767938516,-0.11082701170491148,-0.13676206316910863,-0.02310854882695969,-0.002110001284672493,-0.04367561617135648,-0.044870019714097986,-0.19961880984093885,-0.25536783297370313,-0.18723699672670416,-0.2768600678801797,288.6,6,Syn
-0.33020690860217705,-0.3852235170304842,-0.1077731640901884,-0.12866427309003942,-0.002895043224423892,0.22865670633467222,-0.02241075326205579,0.062028349641294056,-0.19925509753238774,-0.2388328433309202,-0.182351214069143,-0.2720243954506092,288.7,6,Syn
-0.3385766762306447,-0.3849139133425665,-0.11324592635596736,-0.13914075533139011,-0.03438341878616308,-0.015904566380459055,-0.025973260519745196,-0.011341176059496376,-0.19577935672947872,-0.24596921847865888,-0.18557375156668335,-0.27606370077378184,288.8,6,Syn
-0.3344315593391845,-0.38915275206979266,-0.1108064470745093,-0.13648459398143595,-0.055612678439077565,-0.06184748233507024,-0.034346988919262564,-0.02665074151994197,-0.19536987929601057,-0.2460703241478122,-0.18425147166446681,-0.26878966720400344,288.9,6,Syn
-0.32420912095561727,-0.3551008993942561,-0.11158276187219142,-0.13795545006366208,0.19934158820597198,0.2655980840488125,0.06378723162244976,0.10168997244233148,-0.18442719705927063,-0.22662854651687123,-0.18345727210055687,-0.2701114724012205,289.0,6,Syn
-0.267524881387974,-0.30358830931924324,-0.1088553777651029,-0.1308813327158125,0.36785518516379556,0.4831547420425311,0.17764055635272977,0.23065739376263483,-0.16106289644373525,-0.19031476034596956,-0.16686224351644918,-0.2276741365974007,289.0,6,Syn
-0.31482880564254984,-0.3243363094051398,-0.11172928486380693,-0.13461235043354736,0.20513138629313046,0.34310483539208786,0.08148958727406104,0.15706404400540516,-0.17620392671891622,-0.20061068765474957,-0.18212251785964015,-0.2529362148075678,289.0,6,Syn
-0.29672783808830655,-0.33380198686368245,-0.1089093599199086,-0.1326242702344944,0.5132095897729851,0.6443641087127826,0.18785062869950972,0.24565360554406546,-0.16030656753721173,-0.18983872115370598,-0.16913673127277765,-0.24978358626265254,289.1,6,Syn
-0.3263799270929057,-0.380565802725487,-0.11159561476619279,-0.13988157112372016,-0.035297597431503895,-0.04431201823025681,-0.028691049561693816,-0.03958777198213138,-0.1953482010789446,-0.2514457755577972,-0.18032621308681768,-0.2700704225503753,289.3,6,Syn
-0.3359614162505925,-0.36472593169216816,-0.11339244934758287,-0.14035299935520287,-0.050026031161994805,0.09760833792469988,-0.04059055833995534,0.04882273031137754,-0.19925509753238774,-0.2358923534530444,-0.18343232342315655,-0.2685105282182558,289.4,6,Syn
-0.3065432503211322,-0.32597083475752886,-0.114168764145265,-0.14228720204208636,0.30721466835618816,0.4065832154515125,0.1294916180555049,0.1769396202172117,-0.1745587909126883,-0.20612937209603507,-0.17777313176618573,-0.26423313376018065,289.5,6,Syn
-0.2927324319649352,-0.3295312771685824,-0.11108406958493867,-0.13757291972725896,0.4464745486631056,0.4716982388273864,0.20643442944580703,0.26029169883519326,-0.16275138868409508,-0.19524366171719404,-0.17047148551369437,-0.24476729448936294,289.6,6,Syn
-0.323544779422223,-0.37922722207478404,-0.1106959121860976,-0.13738704231027432,0.1659232799485133,0.2378920507632073,0.07899215950578392,0.1022271501777857,-0.17904377315455708,-0.2212446696344568,-0.17273349893132267,-0.25888023320996,289.6,6,Syn
-0.3194511256072933,-0.38169039259189397,-0.108516061363467,-0.13409782019232905,0.06556677977109937,0.09667311317244315,0.01369176874112655,0.014667179298745994,-0.1843790232435685,-0.2304368600549797,-0.17853822453979531,-0.26225453094943957,289.7,6,Syn
-0.3381743285414059,-0.38511879813604144,-0.11045684835767232,-0.1326646783686215,-0.01467779020881662,0.040208918754943916,-0.02417364345142787,0.006296159587917555,-0.19396320387750823,-0.23670962427870043,-0.18457580447067087,-0.27308348160241663,289.9,6,Syn
-0.27328874595939495,-0.31893190385281167,-0.10494552740988927,-0.129943864004064,0.03296107475394363,0.037753953780270036,0.022836761598494203,0.011936525810186983,-0.1844440578947664,-0.2342662372741618,-0.17962765011960893,-0.26732829251391255,290.1,6,Syn
-0.335301753178701,-0.40133201479302577,-0.11180640222781509,-0.1376483482442962,-0.10162633692123192,-0.06523767206200083,-0.051975890812983344,-0.041467894056221186,-0.1995561838805261,-0.2509107580585275,-0.18586066135678694,-0.28133450162231194,290.3,6,Syn
-0.3340292116499457,-0.3798008994965139,-0.10975508034519807,-0.13323577999761774,0.035906761500041816,0.09468576057389763,0.022359312172205933,0.059163401718871494,-0.18931443066225223,-0.2325642918434142,-0.1829582985525506,-0.25307578430044164,290.4,6,Syn
-0.32760100554513044,-0.37262082573406957,-0.11199148390143467,-0.13897642891927328,0.34215660768921485,0.38355330592719084,0.12648001398199427,0.14444036722223072,-0.173265323961086,-0.21581866538989516,-0.17628036923506704,-0.2575994778635882,290.6,6,Syn
-0.3147679856430137,-0.36316425426634796,-0.1118963724858246,-0.13914075533139011,0.054596636027009586,0.07820242431537301,0.023057122872165714,0.026619383912602643,-0.18646013208190074,-0.2364147327436699,-0.18317036231045328,-0.2593564114797649,290.7,6,Syn
-0.31723353485497713,-0.3702487151251707,-0.11059051845528646,-0.1361613289084192,0.1424593613847657,0.20001544829681028,0.04314672565521835,0.06507235680886804,-0.18554964696513038,-0.23191553046634705,-0.18877965661262347,-0.267730581052196,290.8,6,Syn
-0.289593184296572,-0.3487449178011221,-0.11271638712311136,-0.1409241009841991,-0.08811680805119543,-0.1435627450635008,-0.007793455441845646,-0.005118867290484862,-0.19068979310054818,-0.2463020246396219,-0.17537805873575577,-0.26456153256694265,290.8,6,Syn
-0.3135235148832751,-0.33712112051797666,-0.11012524369243723,-0.1326350457369283,0.09553152425727053,0.1318609444761021,0.027133806435088642,0.03158827796555428,-0.18699245274540932,-0.23365960325924187,-0.18312878118145276,-0.2575173781618977,290.8,6,Syn
-0.28323515511429836,-0.2618919773493858,-0.08368684073164033,-0.08623573225659283,-0.0019808645790830768,-0.0024607105667687613,-0.004634943852554007,-0.0005528565391238955,-0.1892012221953522,-0.24029887553364337,-0.18070044324782236,-0.26318225757854224,291.0,6,Syn
-0.3364994393234118,-0.3817951114863367,-0.11254929950109367,-0.1375998584833437,0.08425665429806714,0.44036820962678636,-0.008748354294422188,0.13338345883413114,-0.19736186657529384,-0.2222852154794931,-0.1836194385036589,-0.27254983354142837,291.0,6,Syn
-0.3163259133234384,-0.35275610675782054,-0.10944661088916544,-0.1351134112967233,0.22311023298483318,0.3219453753722797,0.08545609020014822,0.12908603695049728,-0.17353991471058816,-0.20865280108865342,-0.1812368398119291,-0.2525503462096224,291.4,6,Syn
-0.31933416406972387,-0.36610548930156617,-0.11219970078425669,-0.1382329192513348,0.1691736929097251,0.20141828542519538,0.04880266501278709,0.0680268343538663,-0.18313613879845342,-0.22720990411450284,-0.18594798172768803,-0.2760801207141199,291.5,6,Syn
-0.2584346306880787,-0.28215735992176355,-0.10326436887451143,-0.12888517088993418,0.15962560483616545,0.14717524979430582,0.07197732562724087,0.06968313237151685,-0.17846809605691655,-0.2246274968148784,-0.16387256034131178,-0.25078520262327664,291.6,6,Syn
-0.3035443564978523,-0.3278147978988034,-0.11287576300872822,-0.14076516232329922,0.02747600288189874,-0.0016423889085441347,-0.01763625899917308,-0.023517204729792286,-0.1963863468073256,-0.2531687846696184,-0.184746287099573,-0.2697830735944585,291.6,6,Syn
-0.34038256237071657,-0.38328394098558805,-0.11561857058861837,-0.14552254664786218,-0.06444973867737211,0.09667311317244315,-0.054106049791807935,0.05088191163061876,-0.20215756992844136,-0.23950688112527568,-0.17719099596017845,-0.2509740319371648,291.6,6,Syn
-0.3452668761796155,-0.40263417148044434,-0.11501448457055446,-0.14502687353590318,-0.04210314956904107,0.11233812777274316,-0.033575724461412285,0.06578859378947367,-0.2000668263269687,-0.23719408894339344,-0.18637210924349334,-0.27034956153612294,291.6,6,Syn
-0.2744677182580947,-0.32599815272999216,-0.11168815560300258,-0.13759716460773522,-0.03194560906525424,-0.0176581127909404,-0.018627884730694873,-0.046973965844627055,-0.19397283864064865,-0.2529792115399559,-0.18601035342118882,-0.2651772803296214,291.7,6,Syn
-0.342384943893905,-0.40632209776299344,-0.11419446993326772,-0.14198279409832892,0.004519961343340497,0.0738770098361857,-0.02784633134595303,0.002849269118752903,-0.19539878358543183,-0.2396627523652204,-0.1860477764372893,-0.27216396494348305,291.7,6,Syn
-0.34133229005578025,-0.37766554464896385,-0.11449008649529899,-0.1401051627992234,-0.15921959157770327,-0.12848224593336127,-0.0997575603207557,-0.07701115421877616,-0.20936437275748074,-0.26343522282489534,-0.17867128415259698,-0.25007914518873836,291.7,6,Syn
-0.32972970552889386,-0.3602275722265404,-0.11099666990572943,-0.1388067147559395,0.1562736164699158,0.22713696611225506,0.060187997485815097,0.10844945894679722,-0.18228346226052564,-0.21732261221855084,-0.1830539351492518,-0.266589395198698,291.7,6,Syn
-0.3418562777440912,-0.3892392589825932,-0.1131610972555584,-0.1382517763805941,-0.04565828874536646,0.010983145246921533,-0.04026001642944808,-0.010893527946617848,-0.19848431648115358,-0.24420408200469046,-0.1863845835821935,-0.2775497053743799,291.7,6,Syn
-0.328008031695872,-0.35875240171352074,-0.1065829861056625,-0.12567137728902614,0.0873039164492032,0.06651211491216406,0.011818697914918717,0.02044183995487898,-0.18847861495982018,-0.24036627931307894,-0.1807752892800233,-0.2678619405749008,291.7,6,Syn
-0.33324790857898196,-0.37907697322623574,-0.11058023614008537,-0.1375998584833437,0.11950331984620746,0.1429667384091506,0.056882578380742455,0.1011080298955894,-0.18078284790140414,-0.2203515695569358,-0.18048422137701967,-0.2625090400246802,292.2,6,Syn
-0.3404808100622749,-0.3835753326918635,-0.1128577689571263,-0.1386693270999074,-0.07968604943305235,0.025829838188996902,-0.06350813080179235,-0.015996716433433047,-0.2022057437441435,-0.24836626538483558,-0.18571512740528512,-0.2702920917449396,292.2,6,Syn
-0.33466080395282055,-0.3860658211814368,-0.11508646077696208,-0.14478711860674912,-0.11990990982804822,0.0019816070064506406,-0.08003522632715558,-0.033544522458271275,-0.20580191908630788,-0.25453371120318824,-0.18649269451759484,-0.27704889719406783,292.2,6,Syn
-0.3048122195651048,-0.36152972891395896,-0.10866001377628223,-0.13424598335079505,-0.03509444662142815,-0.028296294347860546,0.02166150147224615,0.03566187579274887,-0.18772710343486687,-0.23542052699699556,-0.16157728202048305,-0.24362610863586498,292.2,6,Syn
-0.3292712163016217,-0.3820182082614539,-0.11351840770879619,-0.14205822261536616,-0.007973813476317308,0.007242246237894669,-0.03309827503512401,-0.032559696609938515,-0.19706559760872572,-0.25109190571576057,-0.18634716056609302,-0.2737074393352644,292.4,6,Syn
-0.3454727284857377,-0.4060671300200024,-0.11555687669741184,-0.14329471151965517,-0.1488589002638407,-0.07599275671295307,-0.09432198223685846,-0.05382298197166851,-0.20801068853625074,-0.2539902682314891,-0.18310383250405243,-0.26594901752551214,292.4,6,Syn
-0.29771967192689525,-0.3396025030167288,-0.10768062325337861,-0.13436720775317632,-0.07328679891566665,-0.08955351562067546,-0.015249011867731725,-0.03363405208084698,-0.19458223740928066,-0.2503294004608959,-0.175236682897154,-0.26219706115825625,292.4,6,Syn
-0.34219312697229115,-0.3928088073844679,-0.11336417298077987,-0.13724965465424221,-0.014779365613854487,0.17371225213959016,-0.024394004725099377,0.08933488452688415,-0.197027058556164,-0.22012829453755553,-0.18013078178051523,-0.2580346062825479,292.6,6,Syn
-0.2846199797191203,-0.29313463185661026,-0.10664467999686902,-0.12621284628632917,0.16125081131677135,0.20527608752825433,0.10073447184137288,0.1348159327953424,-0.1722247695419199,-0.20696349386655,-0.17486661084904936,-0.24757510428717808,292.6,6,Syn
-0.29575939655723177,-0.33687070577039613,-0.1147728501633289,-0.14310883410267056,0.04829896091466175,0.03974130637881556,0.004730410278485155,0.007862927982992396,-0.19000572491757786,-0.2418702261417346,-0.18124515603772917,-0.27173704649469244,292.7,6,Syn
-0.34205745158871065,-0.38964447557413256,-0.11561857058861837,-0.14659470914003436,-0.1668377469555434,-0.14379655125156499,-0.10060227853649649,-0.07275849714643016,-0.20994968461826166,-0.26295497089641706,-0.1868502922269993,-0.28028362544067353,292.7,6,Syn
-0.29160960120426876,-0.31807594071562745,-0.10623338738882551,-0.1297364355822116,-0.027273140433512293,-0.06032774211265308,0.045093250239316686,0.0558508056835704,-0.1799133105279806,-0.22594187051387157,-0.17388529620463708,-0.2461219395672562,292.8,6,Syn
-0.3337531824212819,-0.3480164385354334,-0.113289626195572,-0.13840532729027705,-0.03255506149548145,0.059497929270238684,-0.050727176928844785,-0.02168184746699033,-0.20043776470787514,-0.24882124089602553,-0.18649269451759484,-0.2785020619139897,292.9,6,Syn
-0.33856264084613635,-0.3929909272008901,-0.11167530270900121,-0.13607512488894807,-0.07450570377612108,-0.09610008888647247,-0.03897457566636427,-0.04231842547069038,-0.1997753747419708,-0.2567959505504938,-0.184105937712965,-0.2739783683508431,293.0,6,Syn
-0.28442816279750643,-0.335645950004957,-0.10769861730498052,-0.1370233691031305,0.1370758649177587,0.1351342311090006,0.03594825738194903,0.05132955974349728,-0.1824472532339129,-0.22824623722332438,-0.1864968526304949,-0.26078494628917964,293.1,6,Syn
-0.33218121935634887,-0.37079962756984775,-0.11046970125167367,-0.13261349473206052,0.19182500823316972,0.35327540457287965,0.07811071441109789,0.17107542993850303,-0.18019512734983809,-0.20524048475472878,-0.18403109168076404,-0.26438912319339264,293.3,6,Syn
-0.3156896425590608,-0.33419354446899013,-0.0993827948861008,-0.11170093838348619,0.013357021581635042,0.023725582496419293,-0.028911410835365327,-0.033499757646983416,-0.19518922748712755,-0.24949527869038102,-0.1859230330502877,-0.2719258758085806,293.4,6,Syn
-0.26978457829381514,-0.3669978764020348,-0.09705642107185469,-0.11911987180922028,0.06749671246681888,0.07808552122134092,0.03682970247663507,0.025679322875557735,-0.18871948403833086,-0.2435553206276233,-0.17435516296234296,-0.2540445607803895,293.6,6,Syn
-0.29829980115323956,-0.35406736943606026,-0.11063421829489108,-0.1316275362593595,0.07745110216052997,0.08182642023036779,0.017952086698775738,0.025858382120709147,-0.1838105722182833,-0.22964907838282675,-0.1811994167958286,-0.25397067104886806,293.6,6,Syn
-0.3274887224690638,-0.35180908371242525,-0.11173185544260719,-0.13906802068996135,0.12021434768147254,0.2098353081955058,0.025517823761497572,0.057954751814099474,-0.18985638608890124,-0.23306982018918082,-0.17882929244279894,-0.25973407010754124,293.7,6,Syn
-0.34340017004000756,-0.39270408849002514,-0.11467002701131802,-0.14374458874627014,-0.1668377469555434,-0.1236892190780456,-0.10596440286250322,-0.08345728704422693,-0.21090111747837884,-0.26684753915882,-0.18868402001592227,-0.28549695649802037,293.7,6,Syn
-0.32400794711099784,-0.37981455848274553,-0.11154163261138707,-0.13679708355201878,0.2814145154765696,0.3217115691842155,0.1250109388241842,0.16364447126471948,-0.17239819527844757,-0.20730051276372774,-0.1751826274294533,-0.2575337981022358,293.7,6,Syn
-0.311619381051645,-0.3743919409487752,-0.10287621147567036,-0.12823594686829223,0.13372387655150902,0.16821780672008194,0.023975294845797003,0.014711944110033846,-0.18927589160969052,-0.2415416327169863,-0.1830123540202513,-0.2715153773001281,293.8,6,Syn
-0.2872492750836808,-0.3516633878592875,-0.10918698243033798,-0.13290173942216713,0.1305750389953351,0.11911850722660434,0.04975756386536364,0.04313759927782026,-0.18261104420730015,-0.23705928138452234,-0.1773697948148807,-0.2573367588181786,294.0,6,Syn
-0.27600693209250826,-0.34638191318304434,-0.1070868195505158,-0.13108067951083952,0.39619472316936083,0.4942605359755796,0.17940344654210186,0.21346770622809944,-0.16825765581884908,-0.2062094140841148,-0.17380213394663604,-0.2552842662759161,294.1,6,Syn
-0.3427966485061493,-0.403690466415693,-0.11374975980082067,-0.13942630614588825,-0.09390660613835393,0.03564969808769242,-0.06508738659643817,-0.002074860122910884,-0.20371599286640543,-0.2424894983652987,-0.1884137426774189,-0.2830421754174744,294.2,6,Syn
-0.32905132861099123,-0.34742454913206133,-0.11213029515664935,-0.13838647016101774,-0.08192070834388546,-0.08359145782503889,-0.05594239373907051,-0.04133359962235763,-0.20142532792976892,-0.25586493584704034,-0.183228575891054,-0.27162210691232574,294.3,6,Syn
-0.3365181531694229,-0.3883559778729457,-0.11160846766019414,-0.13740589943953363,-0.025749509357944268,0.018348040170943172,-0.027772877588062527,-0.00010520842624536932,-0.19760514434458962,-0.24619670623425385,-0.1878066581940113,-0.28374002288184363,294.3,6,Syn
-0.33490408395096494,-0.38028351701003266,-0.10844922631465993,-0.13080590419877527,-0.06719227461339455,0.09129557084696703,-0.057080926986373313,0.020531369577454685,-0.20093636370039225,-0.2348855094977259,-0.18335747739095562,-0.2616469931569299,294.4,6,Syn
-0.34047613160077206,-0.4048150562820999,-0.11435384581888458,-0.1419154472081171,-0.13920923678524322,-0.16706026696395082,-0.053004243423450385,-0.06752101422575141,-0.19740522300942576,-0.25322355024040977,-0.18657169866269582,-0.26314941769786604,294.4,6,Syn
-0.3393158731480834,-0.40263417148044434,-0.10927952326714777,-0.13031561883803322,-0.058659940590213615,-0.07762940002940233,-0.04896428673947271,-0.03439505387274047,-0.2023767607898861,-0.26087387920634453,-0.18880876340292382,-0.28389601231505557,294.5,6,Syn
-0.3356853870219287,-0.3855740976770969,-0.1128577689571263,-0.13817904173916534,-0.059167817615402955,-0.018125725167068757,-0.048890832981582207,-0.031216752271302935,-0.20000179167577084,-0.24995025420157096,-0.17773570875008526,-0.2618604523813252,294.5,6,Syn
-0.3116006672056339,-0.3146657471531222,-0.11183467859461807,-0.1365869612545579,0.193145488498662,0.30405920198536995,0.06944317098001851,0.13580075864367516,-0.17952551131157843,-0.2112983994314987,-0.17904551431360166,-0.25979153989872455,294.6,6,Syn
-0.32245937635357874,-0.36054172890986863,-0.11331533198357471,-0.1412042640474803,0.041899710397276045,0.05657535191943645,-0.009666526268053479,-0.008028580024195282,-0.18906874420217132,-0.2378428503204606,-0.18112457076362767,-0.26362559596767093,294.7,6,Syn
-0.3119234810493255,-0.364798779618737,-0.10772175251418296,-0.13209357673962527,0.20624871574854703,0.23485257031837298,0.09133239083138847,0.10773322196619158,-0.17885348658253364,-0.22512038695200084,-0.18165680921483432,-0.26447943286525216,294.8,6,Syn
-0.3201809656017265,-0.36491715749941145,-0.0955346384220937,-0.10791873702919039,0.014068049416900121,0.031674992890601376,0.0160055621146774,0.028409976364116747,-0.1880643201447818,-0.23398398394777545,-0.1783053702173924,-0.2593235715990887,294.9,6,Syn
-0.2884422827668889,-0.36670648469575934,-0.11561857058861837,-0.14421601697775288,0.05855807682348645,0.0370525352160775,-0.014624654925662447,-0.015593833131842373,-0.19029476781179067,-0.2409392114382811,-0.1796068595551087,-0.26961066422090846,294.9,6,Syn
-0.30777836415786525,-0.3649854524305698,-0.1104671306728734,-0.1363121859424937,-0.08872626048142264,-0.11620742105999186,-0.007022190983995362,-0.006506576440408293,-0.19290819731363149,-0.2469044459183271,-0.1781764687174908,-0.26546462928553816,294.9,6,Syn
-0.294309073491371,-0.35186827265276244,-0.11074475318330278,-0.14127430481330058,0.24332373858736897,0.2844194821879789,0.10620677680421538,0.09792972829415185,-0.1761268486137928,-0.21998927424246972,-0.1751493625262529,-0.25487376776746357,295.0,6,Syn
-0.29196048581697703,-0.3244956642445092,-0.10538766696353605,-0.1269725192079185,-0.010208472387150412,-0.0466500801108986,0.06364032410666876,0.07738267991302751,-0.1806311003819424,-0.2300113736972928,-0.17457554294604571,-0.26016098855633185,295.0,6,Syn
-0.3375567716230394,-0.3892483649734143,-0.11110206363654057,-0.13342165741460238,-0.014474639398740883,0.039273694002687196,-0.035889517834963136,-0.017339660772068624,-0.1988167158094983,-0.25019880563823954,-0.18677960430769844,-0.2791916994081899,295.3,6,Syn
-0.31374340257390565,-0.33483096382646776,-0.11356724870600136,-0.143510221568333,0.17983911043870127,0.24969926326044833,0.1250843925820747,0.15451244976199757,-0.1689465413833896,-0.20377866528822033,-0.17145695827100668,-0.2504978536673599,295.3,6,Syn
-0.26017969682861447,-0.25899627226827315,-0.1001154098441783,-0.12082509506938356,0.4556163351165138,0.5191608950044146,0.21535906102950317,0.26118699506095033,-0.14387447900121353,-0.16521949071487196,-0.16092861640807493,-0.22467749748569743,295.3,6,Syn
-0.34722247308777615,-0.41530060471260677,-0.11561857058861837,-0.147817728666281,-0.10345469421191356,0.10111543074566255,-0.07522400518532761,0.03422940183153759,-0.2042434961483438,-0.23856322821317802,-0.17874197207189785,-0.24483297425071535,295.4,6,Syn
-0.31233050720006705,-0.35849288097511917,-0.11131285109816287,-0.13797969494413834,0.2002557668513128,0.22608483826596626,0.06525630678025982,0.08235157396597914,-0.17540665006904588,-0.21491292710372997,-0.16824273699926648,-0.2505306935480361,295.4,6,Syn
-0.34360134388462693,-0.4143444756763904,-0.11252102313429069,-0.1379527561880536,0.15962560483616545,0.2823152264954013,0.06665192818017938,0.14197830260139882,-0.18179690672193408,-0.2112773357504251,-0.18549890553448242,-0.26718051305086965,295.4,6,Syn
-0.25607668609067924,-0.2668137653881951,-0.09813863474676918,-0.11859456606556809,0.07298178433886376,0.09562098532615435,0.054495331249301095,0.0738014950099993,-0.18509681309753032,-0.2313088964514271,-0.17262954610882136,-0.2553171061565923,295.5,6,Syn
-0.3433861346554992,-0.40792930514291914,-0.11326392040756927,-0.1417376514179579,0.1714083518205582,0.25694725509043786,0.037343878781868595,0.08544034594484097,-0.18923012648477347,-0.23142685306543934,-0.18566107193758444,-0.27374848918610967,295.5,6,Syn
-0.26080193220848374,-0.24242792196926558,0.31574511672741534,0.587718067471132,0.008176675924703758,0.0012801884422581034,0.05067573583899493,0.053120152195011386,-0.1885171540123819,-0.23807455081227027,-0.1752699478003544,-0.24952086721724293,295.6,6,Syn
-0.33010866091061875,-0.37304425430725113,-0.10730788932733919,-0.12431635785796431,-0.10274366637664847,-0.12731321499304038,-0.05722783450215432,-0.061880648003481975,-0.20240084769773714,-0.26074749711990286,-0.18570265306658496,-0.2777467446584371,295.9,6,Syn
-0.3203681040618375,-0.3851597750947364,-0.11147736814138028,-0.1393320204995917,-0.11015867094441287,-0.11164820039274037,-0.03016012471950388,-0.04442237160121946,-0.19670911137252992,-0.254976048505734,-0.1804093753448187,-0.26580123806246925,296.0,6,Syn
-0.31784173485033806,-0.38336134190756743,-0.11088099385971718,-0.13863430671699722,0.019349970478869275,-0.015320050910298609,0.0035551501522371035,0.008579164963598038,-0.18989733383224805,-0.24286864462462365,-0.18185639863403683,-0.2582809053876194,296.1,6,Syn
-0.24153602774004906,-0.2326526408228052,0.16901390822909274,0.3530437877146326,-0.007059634830976494,-0.05646994000959412,-0.004194221305210988,-0.011923118606238459,-0.19000331622679276,-0.2432056635218014,-0.17193929936741273,-0.2517293491927174,296.1,6,Syn
-0.2877217996954613,-0.3510669454605049,-0.10752381794656203,-0.13234141329560478,0.2057408387233577,0.2489978446962558,0.07583364791649229,0.1097028736628571,-0.18282541768717467,-0.2190961741649487,-0.18487103048657455,-0.26663865501971235,296.1,6,Syn
-0.3103328041383814,-0.3803791299136543,-0.11364179549120924,-0.14320042587335863,0.1845115790704432,0.21147195151195508,0.08200376357929456,0.11046387545475059,-0.1822666014250299,-0.2284063211994838,-0.1783303188947927,-0.26558777883807394,296.2,6,Syn
-0.29990451344869196,-0.3255656181659895,-0.10951858709557305,-0.13602124737677862,0.19375494092888923,0.22760457848838342,0.07061843110626656,0.1046892147986176,-0.17504293776049476,-0.21198928817071308,-0.1788750316846995,-0.2605961169752915,296.2,6,Syn
-0.32937414245468283,-0.3772193510987295,-0.11037458983606362,-0.13764565436868773,0.14002155166385685,0.19475480906536627,0.050308467049542414,0.08606705330287091,-0.17899559933885495,-0.2123642216938233,-0.18726194540410449,-0.26525938003131194,296.3,6,Syn
-0.32770861015969427,-0.3824780607979199,-0.10936178178875647,-0.1342890853605306,0.0798889118814388,0.10158304312179091,0.013067411799057273,0.02523167476267921,-0.18481499627567283,-0.22846529950648992,-0.1854406919538817,-0.2625500898755254,296.5,6,Syn
-0.2554170230187877,-0.28783494519872493,-0.10965739835078774,-0.13512688067476566,0.09126535724568006,0.059147219988142416,0.13544137244463567,0.16735995060161127,-0.17060372064354304,-0.21233051980410553,-0.15801377926513846,-0.2273785776713149,296.5,6,Syn
-0.32263715789068426,-0.4010861530408559,-0.1102666255264522,-0.13622867579863102,0.023819288300535483,0.022790357744162576,0.0034449695154013488,-0.008968641061240188,-0.19654532039914266,-0.25382175878290025,-0.1782429985238916,-0.2704562911483206,296.7,6,Syn
-0.17494748517102734,-0.11423833618510557,0.07297965482973333,0.13487488381124604,-0.03235191068540571,-0.05179381624831054,0.0408329322816675,0.045196780597061476,-0.18629393241772838,-0.2364526473696024,-0.16684976917774905,-0.2555798252020019,296.8,6,Syn
-0.2128336664205136,-0.2579718483008984,-0.10305358141288913,-0.13269161712470623,0.22189132812437876,0.18715610795328044,0.09423381426806335,0.09766113942642474,-0.17535365887177354,-0.2161177696611404,-0.16344843282550647,-0.24080187889771176,296.8,6,Syn
-0.3077690072348597,-0.3939971391866226,-0.11403252346885058,-0.1434536501805551,-0.15708650807190805,-0.10299737143436576,-0.09362417153689867,-0.058970935269771554,-0.2039472271817757,-0.2549676230333046,-0.17824715663679166,-0.267402182245434,296.9,6,Syn
-0.3043303380303188,-0.3223921803648331,-0.10850320846946564,-0.13518883981376054,-0.008887992121658124,0.018932555641103622,0.01005580772554664,0.014891003355185256,-0.18799928549358394,-0.23412300424286125,-0.18069212702202225,-0.2627471291595826,297.0,6,Syn
-0.30827895953866236,-0.369438281942092,-0.10958028098677958,-0.13679708355201878,0.03682094014538263,0.056926061201532714,0.009615085178203621,-0.0026120378583651157,-0.18912173539944369,-0.24379965932807718,-0.17931579165210504,-0.26021024837734613,297.0,6,Syn
-0.3454914423317488,-0.40681382126733334,-0.11237192956387491,-0.13580034957688386,-0.04565828874536646,0.07259107580183272,-0.04837665667634868,-0.0005080917278360429,-0.2008111117795667,-0.2460113458408061,-0.18435958259986815,-0.2717863063157067,297.1,6,Syn
-0.3157177133280774,-0.3704672589048773,-0.10867543724908386,-0.13197504621285247,0.16521225211324822,0.12601578977449762,0.04241218807631331,0.04770361002918122,-0.18154399418949788,-0.22841053393569855,-0.17310772909232736,-0.24548977186423934,297.2,6,Syn
-0.28369364434157046,-0.30282795908568066,-0.05282961281317596,-0.026525979394793234,0.03184374529852708,0.016243784478365563,0.01281032364644051,0.0079524576055681,-0.18847379757824997,-0.24056427791517085,-0.17956112031320812,-0.25652397177144265,297.3,6,Syn
-0.27918360745289367,-0.350074392461004,-0.10713051939012043,-0.13197504621285247,0.37587964216178715,0.43908227559243335,0.18799753621529072,0.22327119990013916,-0.16870326361409382,-0.20531210127037905,-0.1712490526260041,-0.23507131971971482,297.5,6,Syn
-0.2887089550725472,-0.3207940789757284,-0.1070328373957101,-0.13082476132803458,0.28659486113350086,0.3792278914480035,0.12468039691367694,0.1349949920404938,-0.16000066380750316,-0.19031476034596956,-0.16652127825864493,-0.2300386080060871,297.8,6,Syn
-0.3285647686147024,-0.36438901003178714,-0.10954943404117631,-0.12830598763411252,0.1020323501796941,0.21649878455533492,0.032679565155821634,0.08969300301718697,-0.1804095008297126,-0.20943215728837694,-0.18106635718302694,-0.2566881711748236,297.9,6,Syn
-0.3093924333763233,-0.35135833716678033,-0.11083729402011257,-0.13575994144275677,0.11208831527844307,0.1384075177418991,0.0433303600499446,0.06337129397992963,-0.1797302500283125,-0.2192899600308259,-0.17457970105894577,-0.2439216675619508,297.9,6,Syn
-0.34623999617219303,-0.40790198717045584,-0.11274209291111408,-0.13603471675482098,-0.11777682632225299,-0.02245113964625607,-0.08536062377421706,-0.04397472348834093,-0.20656065668361648,-0.2561345509647825,-0.1865301175336953,-0.2775825452550561,298.0,6,Syn
-0.3129620995029419,-0.3683865400022539,-0.10757522952256747,-0.13797969494413834,0.04860368712977536,0.020803005145617053,0.026729810766690874,0.006519983644356818,-0.1854099428995942,-0.23814195459170584,-0.17729494878267976,-0.2600460489739651,298.0,6,Syn
-0.3082087826161207,-0.3591439593188284,-0.10558046037355645,-0.13576532919397372,0.14652237758628045,0.1685685160021782,0.07359330830083194,0.086648995849613,-0.17189718759514536,-0.21193030986370698,-0.1688040822407735,-0.2401532912543568,298.2,6,Syn
-0.3214862563610012,-0.36594613446219676,-0.10877568982229446,-0.13388500401925968,0.07420068919931817,0.14565550957188866,0.001498444931303013,0.01511482741162452,-0.19410772532461462,-0.24652529965900216,-0.18320362721365369,-0.27470905569588855,298.2,6,Syn
-0.33523157625615935,-0.3995244756150357,-0.11432814003088186,-0.14214712051044576,-0.06912220730911404,-0.06360102874555158,-0.04569559451334532,-0.020920845675096836,-0.20004273941911765,-0.2515216048096622,-0.1856111745827838,-0.2778534742706347,298.2,6,Syn
-0.33172740859057953,-0.3748700054668834,-0.11298115673953936,-0.13896026566562245,-0.14144389569607632,-0.14590080694414262,-0.06442630277542365,-0.0485407342397019,-0.20426758305619486,-0.2569518217904385,-0.18402693356786398,-0.26451227274592837,298.3,6,Syn
-0.34281068389065766,-0.3897810654364492,-0.11289632763913039,-0.13230639291269464,-0.18430871662205675,-0.21323698910662617,-0.09737031318931434,-0.07275849714643016,-0.2099954497431787,-0.26611031032124366,-0.17886671545889943,-0.2529033749268916,298.4,6,Syn
-0.32205702866433994,-0.3388740237510401,-0.10995815607041956,-0.13027521070390613,-0.11066654796960221,-0.12392302526610978,-0.030453939751065893,-0.006506576440408293,-0.1945581505014296,-0.23817144374520888,-0.18447600976106962,-0.2660803770482169,298.4,6,Syn
-0.28722120431466414,-0.30108871483884886,-0.1041640714546066,-0.12569831604511086,0.32834235260406475,0.35327540457287965,0.13779189269713177,0.16489788598077937,-0.16485899312106347,-0.19662543919562278,-0.17748206386318208,-0.23902031537102789,298.5,6,Syn
-0.33176951474410454,-0.3914975447062282,-0.11467516816891857,-0.14210132462510172,-0.13738087949456157,-0.04641627392283442,-0.08866604287928971,-0.05364392272651709,-0.20680634314369736,-0.26126145093809894,-0.183469746439257,-0.27354323993188345,298.5,6,Syn
-0.3380292962348198,-0.3780844202267349,-0.11378831848282475,-0.14199895735197976,-0.02940622393930753,0.0169452030425581,-0.03368590509824804,-0.007894285590331724,-0.19800257832413223,-0.24737205963816122,-0.1872411548396042,-0.2801604758881378,298.5,6,Syn
-0.30103670113236397,-0.3591348533280073,-0.10750068273735959,-0.13351594306089892,0.18481630528555681,0.142148416750926,0.05265898730203852,0.06972789718280471,-0.18295789568035553,-0.23108562143204686,-0.1766047020412711,-0.2594467211516245,298.7,6,Syn
-0.2881381827692084,-0.3021859867327925,-0.10893506570791132,-0.13380149387539703,0.37120717353004523,0.477777199717055,0.1815703323998717,0.2317317492335433,-0.16162653008745023,-0.19452328382447662,-0.1694984870950822,-0.2480759124674901,298.8,6,Syn
-0.3021735672775387,-0.33913809748485224,-0.11268554017750809,-0.1418076921837782,0.1351459322220392,0.142148416750926,0.05306298297043628,0.07415961350030212,-0.18043840511913387,-0.2216490923110701,-0.18454253956747044,-0.2614006940518584,298.8,6,Syn
-0.2880399350776501,-0.30733542454212953,-0.10967539240238965,-0.13375300411444452,-0.006450182400749284,-0.010059411678854581,0.06867190652216822,0.10074991140528657,-0.17921479020029965,-0.22384814061515484,-0.1696523372723841,-0.22060535228184858,299.0,6,Syn
-0.323376354808123,-0.3720790192802136,-0.1095134459379725,-0.1374382259468353,-0.06231665517157687,-0.07926604334585158,-0.04169236470831289,-0.043392780941598846,-0.19732573621351723,-0.2528991695518762,-0.1756857590903596,-0.2690195463687369,299.1,6,Syn
-0.18564244816637504,-0.1328600874142732,-0.10328750408371387,-0.12356746043880887,0.5791320276425617,0.6338428302498945,0.10422352534117178,0.1294441554408001,-0.19297804934639956,-0.24896447392732607,-0.1812950533925298,-0.2605304372139391,299.1,6,Syn
-0.338801242382778,-0.4046147244840355,-0.1149193731549444,-0.1422548755347847,0.05033046901541912,0.09246460178728794,-0.006838556589269104,0.00759433911526528,-0.1946713589683296,-0.24463378109859207,-0.18006841008701446,-0.27084215974626596,299.3,6,Syn
-0.31021116413930916,-0.37537083496204443,-0.11103008743013296,-0.13496794201386575,-0.07186474324513649,-0.08534500423552023,0.012149239825425982,0.016547301372835804,-0.19007557695034594,-0.24393867962316299,-0.17793945628218782,-0.24984105605383589,299.4,6,Syn
0.16447021839392417,0.282710015688672,-0.0914114300264575,-0.11118102039105095,0.5476436520808224,0.6184116218376587,0.3405977182328112,0.39727202137602224,-0.13037617584147534,-0.1554543681691469,-0.13202973175271332,-0.19529401425066722,299.5,6,Syn
-0.34301653619677985,-0.40616274292362403,-0.11316623841315894,-0.13639569608635635,-0.09451605856858114,-0.033440030485272484,-0.05531803679700124,-0.010132526154724354,-0.20372321893876075,-0.2530929554177534,-0.1858024477761862,-0.2770324772537297,299.5,6,Syn
-0.3162978425544218,-0.37508854924659,-0.10916384722113553,-0.13482247273100822,0.08181884457715831,0.1028689771561439,0.029300692292858487,0.04515201578577362,-0.1888736402485777,-0.23413985518772015,-0.1824759574561446,-0.26174551279895847,299.7,6,Syn
-0.30665085493569605,-0.3379497656826975,-0.10609200555481056,-0.12933235424094067,-0.08496797049502151,-0.11877928912869784,-0.07562800085372538,-0.09115683458573759,-0.20406766172103102,-0.2660386938055934,-0.18479618445437362,-0.2779437839424943,300.0,6,Syn
-0.3247518224899394,-0.38241431886217214,-0.11231537683026893,-0.13844304154879566,-0.040782669303548784,-0.03951899137494114,-0.02083149746740997,-0.02423344171039793,-0.19644656407695327,-0.25351001630301084,-0.1820393556016391,-0.2629113285629636,300.2,6,Syn
-0.3343145978016151,-0.3842355170263939,-0.11136683325296858,-0.13354288181698365,0.008176675924703758,0.07902074597359764,-0.019068607278037893,0.022769610141847318,-0.19776170924562156,-0.24551845570368366,-0.18808525175831478,-0.27997164657424967,300.2,6,Syn
-0.3084941687677901,-0.36155249389101174,-0.10755723547096556,-0.1339146366509529,0.07745110216052997,0.0336623454891469,0.017217549119870706,0.03342363522835624,-0.18503177844633242,-0.2313847257032921,-0.1749414568812503,-0.2549230275884779,300.6,6,Syn
-0.32385355788140624,-0.37746521285089946,-0.11088613501731773,-0.13608051264016502,0.10579064016609524,0.1318609444761021,0.028639608471843957,0.04551013427607645,-0.18640714088462837,-0.23031469070475277,-0.185386636486181,-0.26594901752551214,300.8,6,Syn
1.1235267556941444,1.5083308502558195,0.5893832300163634,0.9736211361360774,0.5833981946541521,0.6713687234341953,0.3079107959715373,0.33240780981992385,-0.13902819314157877,-0.18453909899558602,-0.15886619240964914,-0.2172803143633833,300.9,6,Syn
-0.29725650423812033,-0.3656820607283846,-0.10945175204676598,-0.13769953188085718,-0.031640882850140634,-0.06886166797699561,-0.015102104351950718,-0.02342767510721658,-0.18876284047246278,-0.24666010721787326,-0.18285434573004933,-0.2681246596203104,301.0,6,Syn
-0.3279986747728664,-0.37550742482436106,-0.1139297003168397,-0.142570058980976,0.12569941955351743,0.1731277366694297,0.0398413065501457,0.08624611254802232,-0.18704544394268166,-0.2293710377926551,-0.17601009189656366,-0.26000499912311986,301.1,6,Syn
-0.07667640130520141,-0.0371105939303135,-0.019162742266014363,0.014210807556532432,1.0347992946424391,1.2747055917338095,0.4850078062455406,0.5547546274866878,-0.10721179656110381,-0.09896578826594266,-0.14985140364233632,-0.21380749698187512,301.2,6,Syn
-0.3077690072348597,-0.3635649178624768,-0.10986047407600923,-0.13557945177698907,0.2176251611127883,0.20106757614309909,0.10113846750977065,0.11216493828368898,-0.17503330299735434,-0.21510671296960718,-0.1792409456199041,-0.2631904675487113,301.2,6,Syn
0.34907295237048974,0.610311694464295,0.1196125248454666,0.22245816759391365,0.4316445395275768,0.43487376420727814,0.3833110784461389,0.4503630875634155,-0.11182443941458323,-0.11751025308314789,-0.09927211832610339,-0.12125650326617368,301.3,6,Syn
-0.3374491670084755,-0.38230049397690824,-0.11347470786919157,-0.14280442615891312,-0.0018792891740452085,0.06206979733894465,-0.012567949704728356,0.031677807588129984,-0.19737391002921936,-0.24602819678566498,-0.1875197484039077,-0.2786662613173707,301.3,6,Syn
-0.29435117964489593,-0.2912223737841774,-0.11055453035208265,-0.13537741110635362,0.16765006183415707,0.21930445881210506,0.047039774823415016,0.06144640709455197,-0.17875954764191448,-0.22088658705620545,-0.17451317125254492,-0.25522679648473273,301.4,6,Syn
-0.33548889163881207,-0.3952036829704195,-0.11463918006571476,-0.1398681017456778,-0.0865931769756274,-0.005733997199667268,-0.06523429411221918,-0.02342767510721658,-0.200953224535888,-0.2409602751193547,-0.18880876340292382,-0.28395348210623894,301.5,6,Syn
-0.3456084038693182,-0.4131606968696462,-0.11489109678814141,-0.14022369332599618,-0.10792401203357976,-0.000824067250319508,-0.0678786293962773,0.009295401944203679,-0.2035281149851671,-0.2429739630299917,-0.1878482393230118,-0.2830996452086577,301.6,6,Syn
-0.3459452530975181,-0.40717350790476714,-0.1138011713768261,-0.13807128671482644,-0.16216527832380145,-0.1492909966710732,-0.10236516872586857,-0.09867732288209682,-0.2101062495192936,-0.26667060423780165,-0.186584173001396,-0.27773853468826804,301.7,6,Syn
-0.3444434669551268,-0.40932707473395935,-0.11244390577028253,-0.1406681828013942,-0.051041785212373486,-0.07494062886666426,-0.03827676496640449,-0.0400354200950099,-0.2000692350177538,-0.25561638441037177,-0.1831786785362534,-0.2699308530575014,301.9,6,Syn
-0.21216464642561653,-0.15393590316972966,-0.002783014150681561,0.033695609832616186,-0.07328679891566665,-0.10451711165678292,0.004363141489032639,-0.010938292757905702,-0.19207479030198454,-0.2474015487916643,-0.1761888907512659,-0.25970123022686503,302.0,6,Syn
-0.34245979927794945,-0.40950008855956044,-0.11492194373374467,-0.14098875399880245,-0.14195177272126566,-0.06979689272925232,-0.09696631752091657,-0.07208702497711238,-0.20830695750281888,-0.25646314438953083,-0.1836527034068593,-0.27237742416787836,302.0,6,Syn
-0.34473353156829895,-0.403148659961837,-0.11529724823858438,-0.1428286710393894,-0.0859837245454002,0.00700844004983049,-0.0602027116967197,-0.015146185018963847,-0.20083760737820286,-0.2398776019121712,-0.1875280646297078,-0.2800783761864473,302.0,6,Syn
-0.2925827211968463,-0.35319774731264436,-0.105264279181123,-0.1295559459164439,0.27735149927505487,0.29985069060021474,0.11726156736673611,0.12957844987466366,-0.16954148800731098,-0.20598192632851983,-0.17463375652664645,-0.2618194025304799,302.1,6,Syn
-0.2976167457738341,-0.32231933243826416,-0.11264955207430428,-0.1431330789831468,0.173846161541467,0.2056267968103506,0.0602614512437056,0.055268863136828314,-0.18332160798890665,-0.237109834219099,-0.17710783370217742,-0.2590280126730029,302.1,6,Syn
-0.25488835686897393,-0.3066934521892414,-0.11409678793885739,-0.14355601745367705,0.7505913113464834,0.8830802267263094,0.34702492204823027,0.43885853106243733,-0.1362196596861443,-0.14520478095872882,-0.16776039590286043,-0.23915988486390174,302.2,6,Syn
-0.2733168167284116,-0.3132133416171553,-0.1142690167184756,-0.14150597811562923,-0.005536003755408469,0.008294374084183475,0.08218739797402082,0.07769603359204247,-0.17996389303446786,-0.2237006948476396,-0.16077060811787297,-0.24806770249732107,302.3,6,Syn
-0.34177206543704125,-0.38126241102330183,-0.11344386092358831,-0.13877977599985478,-0.11726894929706365,0.043014593011714064,-0.08653588390046511,-0.025889739728048474,-0.20719655105088466,-0.2520313458916435,-0.18487934671237466,-0.26915911586161073,302.5,6,Syn
-0.34533237464065436,-0.41360233742447,-0.11232822972427028,-0.13734124642493029,-0.028593620699004584,0.01413952878578795,-0.040076382034721816,-0.011744059361087049,-0.19703428462851932,-0.2413899742132563,-0.18687108279149958,-0.26988159323648714,302.5,6,Syn
-0.2831509428072484,-0.3500152035206668,-0.11047998356687476,-0.13938589801176116,0.03021853881792119,0.012970497845467055,0.0016086255681387678,0.0032521524203435767,-0.18604342857607725,-0.23851688811481606,-0.17219710236721594,-0.25813312592457643,302.6,6,Syn
-0.32564073017546696,-0.3742644570772797,-0.11015352005924023,-0.133704514353492,0.07389596298420457,0.08357996664084913,0.01049653027288966,0.01632347731639654,-0.18847379757824997,-0.2389507999449324,-0.17952369729710763,-0.25946314109196256,302.6,6,Syn
-0.295188624253893,-0.3701986321756546,-0.11076274723490467,-0.1416487535228783,-0.04515041172017712,-0.04524724298251353,-0.015359192504567479,-0.021055140108960393,-0.192016981723142,-0.24433046409113213,-0.18039690100611858,-0.26111334509594164,302.7,6,Syn
-0.336223410094748,-0.39273140646248844,-0.11551060627900694,-0.14203936548610685,0.02717127666678514,0.06055005711652749,0.010900525941287428,0.044480543616455835,-0.19152079142140999,-0.23933415894047208,-0.18329926381035488,-0.26621994654109077,302.8,6,Syn
-0.3270068409342778,-0.36851857686916,-0.1065290039508568,-0.12934582361898303,0.02879648314739103,0.09632240389034688,0.005538401615280691,0.02764897457222325,-0.18839671947312656,-0.2302388614528878,-0.18070875947362247,-0.24979179623282158,302.8,6,Syn
-0.33337422703955694,-0.354590963908274,-0.10997615012202146,-0.13113994477422591,-0.041188970923700254,0.09456885747986554,-0.041325095918860376,0.030827276173660788,-0.19800739570570244,-0.23456112880919233,-0.18226389369824192,-0.2697748636242895,302.9,6,Syn
-0.3272314070864111,-0.3792773050243001,-0.10562673079196135,-0.12475815345775385,0.1659232799485133,0.23064405893321774,0.05159390781262622,0.08011333340158651,-0.18199923674788304,-0.22078548138705212,-0.17937816334560583,-0.2563515623978926,302.9,6,Syn
-0.31345801642223625,-0.3912289179770055,-0.11083215286251202,-0.13903030643144274,0.19456754416919217,0.24385410855884387,0.07098569989571907,0.0798447445338594,-0.1837069985145237,-0.2282083225973919,-0.18168175789223465,-0.2704727110886587,302.9,6,Syn
-0.3439241577283185,-0.393860549324306,-0.11492708489134522,-0.14207707974462547,-0.1051814760975573,-0.010877733337079207,-0.0703026034066639,-0.0331416391566806,-0.2045614433319779,-0.2533836342165692,-0.18740747935560628,-0.280850113382338,303.0,6,Syn
-0.30988835029561757,-0.30990331395368226,-0.11200947795303656,-0.13806051121239254,0.19588802443468445,0.2823152264954013,0.10308499209386898,0.16489788598077937,-0.17554635413458208,-0.2044105757204286,-0.18715383446870312,-0.2699472729978395,303.0,6,Syn
-0.31590953024969126,-0.3650719593433703,-0.10952629883197387,-0.135339696847835,0.2396670240060057,0.3296609795783976,0.09643742700477845,0.1423811859029895,-0.1765122391394099,-0.21090661496352958,-0.17417636410764073,-0.2571068796534452,303.1,6,Syn
-0.3409205854435359,-0.4051747429195337,-0.114168764145265,-0.1377076135076826,0.12234743118726778,0.1921829409966603,0.03363446400839818,0.0722794914262123,-0.18975281238514163,-0.23330994615341996,-0.1829957215686511,-0.2710309890601541,303.2,6,Syn
-0.3368643593206284,-0.3635785768487084,-0.11561857058861837,-0.14662703564733603,-0.17537008097872434,-0.11422006846144635,-0.10728657050453227,-0.08390493515710547,-0.21048441397255538,-0.26753842789803434,-0.18785655554881192,-0.2822293883707384,303.2,6,Syn
-0.32812967169494417,-0.4048196092775105,-0.11309683278555159,-0.13985193849202696,-0.16805665181599783,-0.05857419570217173,-0.10596440286250322,-0.0734747341270358,-0.20825637499633162,-0.2570402892509477,-0.1878316068714116,-0.2830996452086577,303.3,6,Syn
-0.33122213474827966,-0.3685458948416233,-0.10741328305815034,-0.13236565817608104,0.2986823343330072,0.3549120478893289,0.10190973196762093,0.13629317156784154,-0.17981455420579123,-0.2215353484332726,-0.181868872972737,-0.258551834403198,303.3,6,Syn
-0.33909130699595014,-0.38047018982186537,-0.1129503097939361,-0.13991120375541335,-0.07034111216956847,0.0037351534169319835,-0.06031289233355546,-0.015101420207675995,-0.2017745880936094,-0.24644104493470773,-0.1810081436024262,-0.2654482093452001,303.3,6,Syn
-0.3459920377125459,-0.4035174525900919,-0.11556201785501238,-0.14097259074515162,-0.11777682632225299,-0.001525485814512045,-0.07658289970630193,-0.017339660772068624,-0.20491311218660346,-0.24695078601668904,-0.1864719039530946,-0.2703167216554468,303.3,6,Syn
-0.3097386395275287,-0.36632858607668334,-0.11064707118889244,-0.13862083733895486,0.08181884457715831,0.06475856850168271,0.016997187846199194,0.011309818452157047,-0.18842562376254782,-0.24065695811189472,-0.1818148175050363,-0.26787015054506985,303.3,6,Syn
-0.3130322764254836,-0.3726026137524273,-0.1130042919487418,-0.13972802021403719,0.006449894039059995,-0.016605984944651594,-0.0015131591422076196,-0.010132526154724354,-0.19157137392789722,-0.24564062505391057,-0.17987713689361207,-0.26946288475786556,303.4,6,Syn
-0.33874977930624744,-0.39320947098059666,-0.11362894259720789,-0.14077324395012464,-0.11716737389202578,-0.1181947736585374,-0.07658289970630193,-0.08068186874438008,-0.20452049558863108,-0.26303501288449677,-0.18642616471119403,-0.27756612531471797,303.6,6,Syn
-0.33411342395699567,-0.40864867841778674,-0.11346699613279075,-0.14152214136928007,-0.015084091828968093,0.07130514176747973,-0.0015131591422076196,0.029752920702752324,-0.19192786016409302,-0.2415079308272685,-0.17822220795939137,-0.2620574916653824,303.6,6,Syn
-0.3362842300942841,-0.36259968283543925,-0.11309169162795105,-0.13619904316693782,-0.045455137935290726,0.08065738929004689,-0.044299973113425754,0.0010586766672387986,-0.19943574934127076,-0.24305821775428613,-0.18614757114689054,-0.2708832095971112,303.9,6,Syn
-0.1924589665759208,-0.18096703692219132,-0.09954988250811847,-0.12381529699478837,0.006957771064249337,0.010398629776761086,0.11050382164080981,0.13213004411807125,-0.17260534268596675,-0.2115722272854556,-0.15700335783042582,-0.22940644030307025,303.9,6,Syn
-0.3157036779435691,-0.3476886228658735,-0.10961369851118312,-0.1351430439284165,0.04068080553682163,0.028635512445767054,0.015197570777881865,0.022277197217680938,-0.1895938387933246,-0.24027359911635504,-0.18208509484353969,-0.27041524129747535,304.0,6,Syn
-0.3246629317213866,-0.38878395944153776,-0.11232822972427028,-0.13940744901662894,0.009395580785158177,0.010164823588696907,-0.03192301490887596,-0.04034877377402487,-0.1966055376687703,-0.25669484488134053,-0.18124931415062923,-0.26939720499651315,304.1,6,Syn
-0.3310864593646991,-0.37940478889579565,-0.11427929903367669,-0.14409209869976314,-0.01752190154987693,-0.028179391253828456,-0.036697509171758666,-0.046078669618870007,-0.196417659787532,-0.2524652577217599,-0.17901224941040123,-0.2591101123746934,304.2,6,Syn
-0.28756741046586964,-0.3655181528936046,-0.1122716769906643,-0.14022369332599618,-0.04575986415040433,-0.08779996921019412,0.05493605379664412,0.04273471597622958,-0.18797519858573286,-0.2396416886841468,-0.16805562191876414,-0.24896258924574752,304.3,6,Syn
-0.33836614546301974,-0.37357695477028596,-0.1151661487197705,-0.14412981295828176,-0.05886309140028935,-0.004798772447410552,-0.04385925056608273,-0.017339660772068624,-0.20269229928273505,-0.2535184417754403,-0.18880876340292382,-0.28592387494681093,304.4,6,Syn
-0.34624467463369585,-0.4079338581383297,-0.11350298423599456,-0.1384996129365736,-0.13768560570967517,-0.026075135561250844,-0.09109001688967631,-0.050823739615382384,-0.20983406746057656,-0.2638396455015086,-0.18669228393679735,-0.27874015104889216,304.5,6,Syn
-0.34634292232525415,-0.41107997796702284,-0.11377032443122284,-0.14024524433086397,-0.07450570377612108,0.03903988781462302,-0.06637282735952198,-0.02580021010547277,-0.20576578872453127,-0.25749105202592293,-0.18880876340292382,-0.28592387494681093,304.5,6,Syn
-0.29795359500203406,-0.2929934889988831,-0.10809705701902267,-0.13187537281533898,0.5142253438233638,0.6979057257794796,0.23254724037588093,0.3324525746312117,-0.15713191308244104,-0.17365760135295966,-0.18124515603772917,-0.24622866917945385,304.6,6,Syn
-0.33300462858083757,-0.3735132128345382,-0.1097242333995948,-0.13368026947301576,0.342055032284177,0.49297460194122666,0.1531804549751922,0.219063307639081,-0.17215010012758158,-0.2023210585579266,-0.18669228393679735,-0.27447917653115517,304.6,6,Syn
-0.3433159577329576,-0.39798101017085774,-0.11341301397798505,-0.1374894095833963,-0.0987822255801716,0.0437160115759066,-0.05719110762320907,0.013324234960110416,-0.20277901215099892,-0.24448633533107683,-0.1840435660194642,-0.2697830735944585,304.7,6,Syn
-0.3141925348781722,-0.3714051759594515,-0.11204032489863983,-0.13689406307392382,0.29766658028262855,0.36800519442092294,0.1746656791581644,0.23177651404483116,-0.16573575656684233,-0.19795666383947486,-0.1762928435737672,-0.2649720310753952,304.7,6,Syn
-0.33540935779326486,-0.3593761620847667,-0.11354154291799864,-0.13983308136276762,0.004519961343340497,0.10976625970403718,-0.011319235820589801,0.0558508056835704,-0.1950278452045254,-0.2331245857599722,-0.1863055794370925,-0.2768518579100106,304.7,6,Syn
-0.34197791774316344,-0.3978990562534678,-0.11230509451506784,-0.1319427197055508,-0.17394802530819417,-0.13070340471997097,-0.095276881089435,-0.06940113629984121,-0.20868030457451042,-0.25849789598124145,-0.18252169669804516,-0.27219680482415926,304.9,6,Syn
-0.343306600809952,-0.39197560922433644,-0.11196577811343195,-0.1320504747298897,-0.09918852720032308,-0.03788234805849189,-0.055391490554891745,-0.01416135917063109,-0.2013458411338604,-0.24515194765300286,-0.18880876340292382,-0.28592387494681093,304.9,6,Syn
-0.3221927040479205,-0.35327514823462375,-0.11191693711622677,-0.13911112269969692,-0.07145844162498502,-0.07985055881601202,-0.06464666404909515,-0.06658095318870651,-0.20307528111756704,-0.263409946407607,-0.18410177960006494,-0.2751934439358625,304.9,6,Syn
-0.3097292826045232,-0.3423889362079881,-0.11022806684444811,-0.13484132986026753,0.1277309276542748,0.19288435956085284,0.03730715190292334,0.03901923663933782,-0.18670340985119652,-0.23551741992993416,-0.18036363610291814,-0.26888818684603205,304.9,6,Syn
-0.30946728876036766,-0.32423159051069705,-0.11016123179564104,-0.1333408411463482,0.24180010751180095,0.3371427775964513,0.08244448612663757,0.12246084487989509,-0.18147173346594467,-0.22292133864791608,-0.18209756918223985,-0.2626896593683993,305.1,6,Syn
-0.33893691776635854,-0.3951854709887773,-0.1145080805469009,-0.14221985515187452,0.031132717463262002,0.059381026176206594,-0.0015131591422076196,0.025634558064269883,-0.19033812424592259,-0.2409771260642136,-0.18051748628022007,-0.26172088288845136,305.2,6,Syn
-0.3226511932751926,-0.3590028164611012,-0.11354154291799864,-0.13967414270186773,-0.06759857623354602,0.009931017400632729,-0.06949461206986836,-0.026113563784487738,-0.20374489715582672,-0.24609981330131525,-0.18174412958573544,-0.26471752200015464,305.3,6,Syn
-0.34318028234937703,-0.39532661384650447,-0.11489109678814141,-0.14480058798479148,-0.16592356831020258,-0.09493105794615157,-0.10280589127321157,-0.08797853298430006,-0.20912591236975517,-0.26410926061925083,-0.18880876340292382,-0.28592387494681093,305.3,6,Syn
-0.3120638348944088,-0.3584883279797086,-0.11100952279973078,-0.13679169580080183,0.0667856846315538,0.08112500166617524,0.01097397969917793,0.01287658684723189,-0.19318519675391876,-0.24815562857409948,-0.18319946910075363,-0.2662856263024432,305.4,6,Syn
-0.32558926709893643,-0.37442836491205966,-0.11173699660020774,-0.1380039398246146,-0.08029550186327956,-0.06184748233507024,-0.04143527655569613,-0.030008102366530915,-0.1988793417699111,-0.25227568459209737,-0.182987405342851,-0.27305885169190947,305.5,6,Syn
-0.3371357100877895,-0.3907599594497184,-0.11306084468234778,-0.14121503954991418,-0.13931081219028107,-0.08031817119214038,-0.09685613688408082,-0.07486244327695923,-0.20769033266183154,-0.2595889946608544,-0.1792658942973044,-0.2624023104124825,305.5,6,Syn
-0.3362421239407591,-0.3894441437760682,-0.11267268728350673,-0.13927006136059683,0.027577578286936612,0.13490042492093643,0.017364456635651712,0.08754429207537005,-0.19118357471149505,-0.22552480962861413,-0.18575255042138558,-0.27876478095939927,305.5,6,Syn
-0.17381997594885815,-0.17657339635100627,-0.08458140215413497,-0.09971319192578224,0.5119906849125306,0.5585572376932288,0.21190673440864952,0.2534874475194397,-0.14721051573858637,-0.1730425418656103,-0.15638379900831806,-0.22007991419102937,305.5,6,Syn
-0.3335847578071819,-0.3711729731935132,-0.11087585270211664,-0.134399534260478,-0.050940209807335615,-0.026308941749315026,-0.03397972012981005,-0.030052867177818767,-0.19560833968373614,-0.25094024721203056,-0.18193124466623778,-0.2727632927658237,305.5,6,Syn
-0.2747671397942724,-0.3652404201735608,-0.10893506570791132,-0.1389441024119716,0.35190784657285024,0.36239384590738266,0.11259725374068916,0.13629317156784154,-0.1660850167306828,-0.20779761563706492,-0.1706502843683966,-0.25601495362096155,305.6,6,Syn
0.25594817615771825,0.47150452338272203,0.013349938399825135,0.05577192044405077,0.12539469333840383,0.16389239224089464,0.07616418982699955,0.07809891689363314,-0.17448412149835002,-0.2192520454048934,-0.172280264625217,-0.2547998780359421,305.8,6,Syn
-0.3436949131146825,-0.41210895492980815,-0.1126932519139089,-0.1376887563784233,-0.12813751763611556,-0.16074749988621798,-0.06523429411221918,-0.06689430686772146,-0.20471319085143963,-0.26381858182043505,-0.18361528039075883,-0.27213112506280684,305.9,6,Syn
-0.3302443362941993,-0.3725935077616062,-0.10964968661438693,-0.13283708640756378,-0.06373871084210703,-0.10662136734936052,-0.05271042839188837,-0.06304453309696614,-0.20060396437204753,-0.2586790436384745,-0.18541574327648136,-0.27470905569588855,306.2,6,Syn
-0.2810035289774738,-0.32658093614254313,-0.11213286573544962,-0.13753789934434882,0.018740518048642064,-0.020814496329806816,0.08211394421613032,0.08799194018824857,-0.17872100858935278,-0.22187236733045035,-0.16433411087321756,-0.24473445460868676,306.4,6,Syn
-0.21427463256336884,-0.22251767303891104,-0.07039180717663386,-0.06986505018390363,0.10294652882503492,0.12028753816692524,0.020853510135450615,0.009071577887764417,-0.18751272995499238,-0.24204716106275292,-0.1788500830072992,-0.26660581513903614,306.6,6,Syn
-0.3153855425613803,-0.33713022650879776,-0.10846722036626183,-0.13191847482507454,-0.09106249479729361,-0.12427373454820605,-0.01789334715178984,-0.006864694930711114,-0.19446902894238063,-0.24441050607921183,-0.18231379105304255,-0.257402438579531,306.8,6,Syn
-0.14835978845074702,-0.11896889841667162,-0.05581148422149141,-0.04466923161785753,0.3757780667567493,0.43674421371179156,0.045864514697166965,0.0438538362584259,-0.1967356069711661,-0.2530761044728945,-0.17993119236131275,-0.2688142971145106,307.0,6,Syn
-0.31967569175942656,-0.3600955353596343,-0.10918955300913825,-0.13768606250281482,0.057237596557994166,0.04850903843122227,0.021220778924903132,0.0199494270307126,-0.18719237408057318,-0.2354668670953575,-0.18032621308681768,-0.26318225757854224,307.1,6,Syn
-0.3245646840298283,-0.3662011022051878,-0.11184753148861944,-0.136479206230219,0.11340879554393536,0.1553584663765521,0.008292917536174562,0.006833337323371786,-0.1929106060044166,-0.2475995473937562,-0.18453006522877027,-0.27603907086327467,307.1,6,Syn
-0.34148667928537185,-0.3774424478738467,-0.11431785771568077,-0.14223063065430844,-0.1754716563837622,-0.13982184605447395,-0.10130008923645627,-0.08444211289255969,-0.20992800640119572,-0.2662493306163295,-0.1835944898262586,-0.26732829251391255,307.2,6,Syn
-0.3331824101179431,-0.3750612312741267,-0.11258785818309776,-0.14031259122107578,0.029609086387693977,0.09550408223212226,0.007411472441488523,0.03476657956699181,-0.19172071275657385,-0.23671383701491516,-0.18825989250011696,-0.2764085195208819,307.2,6,Syn
-0.34026092237164435,-0.39038661382605294,-0.11467002701131802,-0.1430253239588079,0.05886280303860006,0.20410705658793343,0.010423076514999156,0.10827039970164581,-0.19270345859689741,-0.22607667807274268,-0.18503735500257665,-0.2700622125802062,307.3,6,Syn
-0.3402936716021638,-0.3760219133057537,-0.11469830337812102,-0.14207707974462547,-0.07145844162498502,0.1664642603096006,-0.053114424060286144,0.08029239264673793,-0.20269229928273505,-0.23166276629346375,-0.18821831137111644,-0.2826727267598671,307.3,6,Syn
-0.2506262784399443,-0.34736991318713467,-0.10296875231248015,-0.12657113174225604,0.30955090267205915,0.36683616348060205,0.12640656022410376,0.12832503515860377,-0.1761268486137928,-0.22622833657647265,-0.16810967738646482,-0.2544304293783349,307.3,6,Syn
-0.30232795650713035,-0.3426621159326214,-0.11407879388725548,-0.13881210250715645,0.11990962146635893,0.11140290302048643,0.03278974579265739,0.04985232097099815,-0.18471142257191323,-0.23106877048718796,-0.18411841205166513,-0.26970097389276804,307.3,6,Syn
-0.32514013479466986,-0.37358150776569654,-0.11053653630048074,-0.1359242678548736,-0.007973813476317308,-0.019294756107389652,-0.014624654925662447,-0.010803998324042144,-0.19496281055332754,-0.24890128288410523,-0.1833741098425558,-0.2743724469189575,307.4,6,Syn
-0.2958529657872873,-0.3462544293115488,-0.10237237803081706,-0.1160973433765138,0.20685816817877423,0.23952869407965655,0.08754952230002755,0.09707919687968265,-0.17733360269713128,-0.22173755977157925,-0.17542379797765634,-0.24131910701836193,307.4,6,Syn
-0.31791191177287975,-0.36809514829597845,-0.10766005862297644,-0.13769953188085718,0.08059993971670389,0.04956116627751107,0.024012021724742254,0.02594791174328485,-0.1906295758309205,-0.24383336121779495,-0.17589782284826228,-0.2596273404953436,307.6,6,Syn
-0.32372723942083126,-0.3664378579665366,-0.1114105330925732,-0.1394694081556238,0.027882304502050214,0.13887513011802746,-0.011135601425863543,0.024067789669195042,-0.1933056312931741,-0.23906875655894463,-0.17903719808780155,-0.26314941769786604,307.8,6,Syn
-0.30194432266390264,-0.32975437394369955,-0.10081460727785227,-0.1159195475863546,0.2932988378660002,0.3730320274643028,0.13287049091846806,0.171388783617518,-0.1686237768181853,-0.21203562826907502,-0.17612236094486508,-0.25218089755201517,307.9,6,Syn
-0.34485049310586835,-0.41177658626483765,-0.11428186961247697,-0.14320042587335863,-0.16653302074042978,-0.14765435335462396,-0.10280589127321157,-0.09881161731596039,-0.20997377152611274,-0.2657438022705629,-0.18524110253467918,-0.2777467446584371,308.0,6,Syn
-0.33154494859197126,-0.3402717933420803,-0.1108707115445161,-0.13012435366983166,0.06597308139125084,0.22175942378677896,0.003187881362784587,0.08651470141574943,-0.19349832655598262,-0.23095081387317576,-0.186825343549599,-0.2677059511416888,308.1,6,Syn
-0.3179586963879075,-0.35431323118823016,-0.11186038438262079,-0.13912997982895622,0.1524137510784768,0.18844204198763342,0.0852357289264767,0.11032958102088702,-0.1736242188880669,-0.20693821744926166,-0.17299546004402594,-0.24781319342208052,308.2,6,Syn
-0.33834743161700864,-0.3801696921247688,-0.11179354933381372,-0.13768336862720634,0.01955312128894501,0.1363032620493215,-0.023696194025139596,0.03427416664282544,-0.19643452062302774,-0.2382346347884297,-0.18702909108170157,-0.27309169157258567,308.2,6,Syn
-0.32071431021304303,-0.37537083496204443,-0.10946974609836789,-0.13382035100465633,0.04250916282750326,0.09304911725744838,0.00619948543629522,0.014174766374579614,-0.18765002532974345,-0.2341482806601496,-0.17915778336190305,-0.26242694032298963,308.2,6,Syn
-0.3454914423317488,-0.40987798717863644,-0.11272924001711271,-0.13737357293223196,-0.0625198059816526,-0.007253737422084432,-0.02219039198838428,0.02724609127063258,-0.1970294672469491,-0.24128465580788827,-0.1839811943259634,-0.25919221207638393,308.3,6,Syn
-0.30894797953355946,-0.3455805859907868,-0.11070876508009897,-0.13993006088467266,0.16612643075858902,0.2110043391358267,0.04891284564962285,0.04443577880516798,-0.18387078948791097,-0.22414724488640012,-0.18265475631084682,-0.25535815600743755,308.3,6,Syn
-0.3274091886235166,-0.3943841437965197,-0.10296104057607934,-0.1291922727093001,0.01965469669398288,-0.04290918110187174,-0.015946822567691504,-0.028262274726304663,-0.19615752118274046,-0.25432307439245216,-0.18006841008701446,-0.2674596520366173,308.4,6,Syn
-0.1766457666965353,-0.1774703364468855,-0.06790605747677089,-0.07962226763779211,0.3851230040202332,0.45357825925241246,0.19820760856207068,0.2267180903693038,-0.14856419995981637,-0.1781736545751414,-0.1549076689287996,-0.2236430412443971,308.4,6,Syn
-0.3111328210553562,-0.36122923121686235,-0.11255187007989395,-0.13703683848117287,0.2185393397581291,0.3840209183033192,0.06922280970634699,0.15339332947980125,-0.1859181766552517,-0.2236248655957746,-0.18286682006874946,-0.266252786421767,308.5,6,Syn
-0.34110304544214415,-0.3951945769795984,-0.11432814003088186,-0.1431330789831468,-0.13738087949456157,-0.008773477644501596,-0.08693987956886289,-0.026919330387669086,-0.20654138715733564,-0.24733835774844345,-0.1776899695081847,-0.25277201540418676,308.6,6,Syn
-0.3468341607830457,-0.41337013465853173,-0.11433585176728267,-0.14234107955425582,0.0058404416088327854,0.27191085112654534,-0.02648743682497872,0.09609437103134989,-0.19496281055332754,-0.2157891762363921,-0.18652180130789522,-0.28044782484405456,308.6,6,Syn
-0.09582534423606671,-0.06664587515858009,0.033025148537106565,0.09993531716935385,0.9009229108025286,0.9798759885848796,0.24143514508063182,0.2972674329589595,-0.18518834334736436,-0.2336301141057388,-0.1728873491086246,-0.25783756699849064,308.6,6,Syn
-0.2982810873072284,-0.3460859684813583,-0.11152620913858544,-0.14040148911615538,-0.029812525559459003,-0.03870066971671651,-0.010107248815396498,-0.018503545865552792,-0.19024900268687364,-0.2408212548242689,-0.17332395096313005,-0.2583383751788027,308.7,6,Syn
-0.3358725254820397,-0.3982724018771332,-0.11271124596551081,-0.14140361084250727,0.11950331984620746,0.17511508926797523,0.010790345304451672,0.038482058903883586,-0.18828591969701164,-0.2305506039327772,-0.18819336269371614,-0.27992238675323533,308.8,6,Syn
-0.29502019963979303,-0.3465867979765193,-0.10381961389537017,-0.13022133319173668,0.9900045410207391,1.1929903290053787,0.4627513176047181,0.5753464406791,-0.12931394320524328,-0.13667399012391723,-0.16008036137646434,-0.2353668786458006,308.8,6,Syn
-0.3423475162018828,-0.39265400554050905,-0.11435898697648512,-0.14219022252018132,-0.08649160157058954,-0.04232466563171129,-0.04481414941865928,-0.00883434662737663,-0.20062564258911347,-0.24859796587664526,-0.18623904963069168,-0.274947144830791,308.9,6,Syn
-0.3365649377844507,-0.3560206044671881,-0.11350555481479484,-0.13930508174350698,0.05022889361038125,0.3350385219038737,0.0030777007259488324,0.16485312116949152,-0.1932068749709847,-0.21303404675196408,-0.17959438521640853,-0.2584204748804932,309.0,6,Syn
-0.31844993484569906,-0.3553604201326577,-0.10849292615426455,-0.13465545244328292,0.10690796962151179,0.14039487034044465,0.06330978219616148,0.08038192226931364,-0.18382743305377905,-0.2319408068836354,-0.1780517253304892,-0.2517293491927174,309.1,6,Syn
-0.2685494644570821,-0.32777837393551895,-0.10882453081949964,-0.13520769694301984,0.15535943782457498,0.13104262281787749,0.055854225770275406,0.05970057945432572,-0.1752308156417331,-0.21531734978034328,-0.17033426778799265,-0.24478371442970104,309.1,6,Syn
-0.32443368710775056,-0.3749200884163995,-0.11428186961247697,-0.13901144930218343,-0.12021463604316182,-0.11936380459885829,-0.05605257437590627,-0.05342009867007783,-0.200705129385022,-0.2574067973016285,-0.18543653384098163,-0.27780421444962045,309.2,6,Syn
-0.331989402434735,-0.3913290838760377,-0.10969852761159209,-0.13501912565042673,0.01528695427735454,0.05996554164636705,-0.03016012471950388,-0.014071829548055385,-0.19791104807429818,-0.24910349422241188,-0.18877134038682336,-0.28364971320998406,309.3,6,Syn
-0.2774525766968663,-0.32816082555000553,-0.10762407051977263,-0.1380416540831332,0.18877774608203368,0.17055586860072372,0.08663135032639627,0.08629087735931018,-0.17397107036112228,-0.22232313010542556,-0.1743343723978427,-0.25538278591794467,309.4,6,Syn
-0.3382585408484559,-0.39071898249102344,-0.10998900301602282,-0.13046647587210772,0.05205725090106288,0.13139333209997375,0.008513278809846071,0.04412242512615301,-0.1912799223428993,-0.23230310219810146,-0.18598956285668855,-0.2637076956693615,309.7,6,Syn
-0.32686648708919447,-0.37170112066113753,-0.11264184033790346,-0.14081903983546867,-0.005231277540294864,0.0783193274094051,-0.008344358626024421,0.03297598711547771,-0.1929106060044166,-0.23277492865415028,-0.17429694938174223,-0.24432395610023425,309.7,6,Syn
-0.3251541701791782,-0.3691969731853326,-0.10889907760470752,-0.1320208420981965,0.02412401451564909,0.02594674128302899,0.011928878551754472,0.016413006938972245,-0.18683588784437738,-0.231961870564709,-0.17863801924939657,-0.2597833299285555,310.0,6,Syn
-0.34158492697693016,-0.4107976922515684,-0.1136649307004117,-0.14320850750018405,0.07836528080587078,0.22386367947935656,0.02261640032482269,0.08740999764150649,-0.19021046363431193,-0.23006192653186947,-0.18482113313177392,-0.2685844179497772,310.0,6,Syn
-0.34668445001495685,-0.4123775816590308,-0.11561857058861837,-0.1449864654017761,-0.1475384199983484,-0.05763897094991502,-0.10130008923645627,-0.06555136252908589,-0.21014719726264042,-0.26397866579659446,-0.18742826992010655,-0.2789946601241327,310.0,6,Syn
-0.24466124002390394,-0.3247096550288053,-0.09466064163000125,-0.11455375265285889,0.0834440510577642,0.020101586581424517,0.09045094573670243,0.09631819508778916,-0.17532716327313738,-0.22014935821862913,-0.1673570589515554,-0.24901184906676183,310.1,6,Syn
-0.3011676980544417,-0.3374625951737682,-0.11179869049141426,-0.13864238834382264,0.24342531399240683,0.32872575482614086,0.14308056326524798,0.18105798285569416,-0.16188907738302685,-0.1956438716575926,-0.17138211223880576,-0.23731264157586549,310.1,6,Syn
-0.33884802699780575,-0.3895488626705109,-0.11235907666987355,-0.1354178192404807,-0.15850856374243819,-0.10054240645969187,-0.09714995191564284,-0.07052025658203753,-0.20848760931170188,-0.26362900869077255,-0.18313293929435281,-0.26990622314699425,310.3,6,Syn
-0.3409533346740553,-0.40757872449630644,-0.1127395223323138,-0.13624483905228185,-0.03712595472218552,0.07130514176747973,-0.04143527655569613,0.011578407319884163,-0.20060878175361774,-0.24331098192716943,-0.1874324280330066,-0.2801276360074616,310.3,6,Syn
-0.30012907960082524,-0.31379157203429575,-0.11204032489863983,-0.13788810317345027,0.28700116275365234,0.33655826212629086,0.14866304886492623,0.18763841011500848,-0.1659019562310147,-0.1955848933505865,-0.17784797779838668,-0.24668842750892067,310.5,6,Syn
-0.28738495046726137,-0.37166014370244255,-0.10705597260491254,-0.1375298177175234,0.1735414353263534,0.17382915523362225,0.09232401656291027,0.09219983244930673,-0.17149975361560277,-0.21561645405158852,-0.17075839530379794,-0.253962461078699,310.6,6,Syn
-0.300868276518264,-0.37342670592173766,-0.10668066810007283,-0.1306469655378754,0.12529311793336595,0.14542170338382449,0.0444688932972474,0.05674610190932745,-0.18240148810899587,-0.23394606932184295,-0.17807251589498949,-0.26120365476780116,310.7,6,Syn
-0.3334490824236014,-0.3979536921983944,-0.11320736767396329,-0.13994353026271503,-0.0901483161519528,-0.11796096747047322,-0.03831349184534974,-0.043124192073871734,-0.1988480287897047,-0.2547359225414949,-0.1877442865005105,-0.2745776961731837,310.8,6,Syn
-0.14251639003377883,-0.07752753418980518,-0.08060728732891455,-0.08525246765950026,0.536470357526657,0.5620643305141916,0.31705578882890495,0.37878415431413914,-0.16917777569875986,-0.20844637701413207,-0.1638517697768115,-0.24071977919602125,310.8,6,Syn
-0.30500403648671864,-0.3309199407688015,-0.10964968661438693,-0.1370152874763051,0.1158466052648442,0.14355125387931106,0.04843539622333458,0.05294109294985998,-0.17882458229311235,-0.22370912032006904,-0.17247569593151943,-0.26087525596103917,311.1,6,Syn
-0.3349368331814844,-0.3908054894038239,-0.11115090463374575,-0.13825447025620258,-0.023718001257186903,-0.024321589150769502,-0.035558975924455866,-0.03681235368228451,-0.19550476597997654,-0.2512899043178525,-0.18401445922916385,-0.2677141611118579,311.3,6,Syn
-0.28605626740047274,-0.3798191114781561,-0.11176013180941019,-0.13655194087164776,0.04382964309299554,0.03985820947284765,-0.006728375952433349,0.006072335531478292,-0.18715865240958168,-0.2451561603892176,-0.17694982541197543,-0.27173704649469244,311.4,6,Syn
-0.29572664732671233,-0.34826230028760335,0.03701725741392889,0.12161293419073445,0.22798585242665084,0.2502837787306088,0.06077562754893912,0.0755025578389377,-0.17731674186163554,-0.2194837458967031,-0.17497472178445073,-0.2531743039424702,311.4,6,Syn
-0.31585338871165797,-0.36722097317715197,-0.10930008789754994,-0.13832720489763134,0.01782633940330125,-0.018944046825293385,-0.02193330383576752,-0.029963337555243063,-0.19546381823662973,-0.25252423602876595,-0.180351161764218,-0.27296854202004994,311.5,6,Syn
-0.33587720394354253,-0.36458934182985153,-0.112382211879076,-0.1371823077640304,0.025647645591217114,0.1562936911288088,-0.010694878878520523,0.048554141443650424,-0.1949917148427488,-0.23448529955732733,-0.18408930526136477,-0.2697666536541204,311.6,6,Syn
-0.3042554826462744,-0.36966137871720917,-0.10717936038732559,-0.12755978409056556,0.3243809118075879,0.3687066129851155,0.15160119918054638,0.20487286246083172,-0.1650107406405252,-0.19575340279917536,-0.18082518663482391,-0.240842928748557,311.7,6,Syn
-0.3300244486035688,-0.39002237419320857,-0.11102237569373215,-0.13534508459905195,0.08913227373988483,0.09866046577098868,0.018502989882954513,0.03002150957047944,-0.18732003469218383,-0.23645686010581712,-0.17669202241217222,-0.25820701565609794,311.7,6,Syn
-0.3323402870474433,-0.37253431882126903,-0.11263669918030292,-0.13820059274403312,-0.14916362647895431,-0.18003651040151275,-0.06571174353850745,-0.06174635356961842,-0.2017071447516264,-0.2548749428365807,-0.18440532184176872,-0.26444659298457596,311.7,6,Syn
-0.3193575563772378,-0.3825554617198993,-0.10894791860191269,-0.1359943086206939,0.056628144127766955,0.06733043657038869,0.0056853091310616975,0.00862392977488589,-0.19165326941459088,-0.24474331224017484,-0.1863762673563934,-0.277245936478125,312.0,6,Syn
-0.3267214547826084,-0.3688782635065938,-0.11050054819727693,-0.1350703092869877,-0.03864958579775355,-0.05483329669314487,-0.04687085463959337,-0.04639202329788497,-0.2009604506082433,-0.259125593677235,-0.18738668879110604,-0.2732723109163048,312.2,6,Syn
-0.2837123581875816,-0.30535942453394893,-0.11054424803688156,-0.1376375727418623,0.3715118997451588,0.46608689031384604,0.20140284703030756,0.25389033082103035,-0.1487906168936164,-0.1673174333498034,-0.1456309190487835,-0.2166727765708736,312.2,6,Syn
-0.32031196252380423,-0.36629671510880946,-0.10761892936217209,-0.13310378009280258,0.28303972195717547,0.33328497549339237,0.12717782468195404,0.18311716417493537,-0.17047124265036218,-0.20548061071896792,-0.1780018279756886,-0.2577472573266311,312.2,6,Syn
-0.29907174730119773,-0.38292880734356477,-0.10702512565930927,-0.1347955339749235,0.0002537943317500266,-0.026776554125443382,-0.002614965510565168,-0.006193222761393325,-0.1866600534170646,-0.23857165368560745,-0.18061728098982133,-0.2668356943037695,312.4,6,Syn
-0.3478587438521538,-0.4210874618794215,-0.11335132008677852,-0.1354770845038671,0.018131065618414856,0.20960150200744163,-0.015028650594060215,0.07362243576484788,-0.1953843314407212,-0.22889499860039153,-0.1860976737920899,-0.2775414954042108,312.4,6,Syn
-0.25933289529661185,-0.3194281803525621,-0.09971182897253561,-0.1208116256913412,0.4218933006439415,0.4674897274422311,0.1696340967426649,0.19475601510977703,-0.16640055522353178,-0.19633476039680697,-0.17526578968745435,-0.2596273404953436,312.5,6,Syn
-0.3362748731712785,-0.3917388534629876,-0.1090841592783271,-0.13273202525883335,0.31544227616425546,0.46713901816013487,0.20569989186690202,0.33992829811628306,-0.16350290020904837,-0.1920504076664349,-0.17212225633501502,-0.23092528478434451,312.6,6,Syn
-0.34286214696718825,-0.3961734709928676,-0.11301971542154343,-0.13907610231678677,-0.15312506727543118,-0.12976817996771425,-0.09737031318931434,-0.07951798365089591,-0.20909700808033388,-0.26153527879205585,-0.18319115287495352,-0.271507167329959,312.6,6,Syn
-0.3180803363869797,-0.360946945501408,-0.11280892795992115,-0.14169185553261388,-0.0978680469348308,-0.04688388629896278,-0.057521649533716336,-0.019577901336461256,-0.2026031777236861,-0.2490908560137677,-0.18720373182350375,-0.281506910995862,312.6,6,Syn
-0.31668615485915225,-0.37656371975960967,-0.11119460447335036,-0.1344183913897373,0.041899710397276045,0.0648754715957148,-0.0146613818046077,-0.012012648228814165,-0.19303585792524214,-0.24798290638929588,-0.17879602753959853,-0.2690770161599202,312.7,6,Syn
-0.26003934298353115,-0.2838556272099004,-0.11198891332263439,-0.1386801026023413,0.22625907054100708,0.17873908518297,0.12673710213461103,0.11610424167702002,-0.16675463276894248,-0.20907828744634033,-0.16284134834209887,-0.24353579896400543,313.0,6,Syn
-0.3057572687886657,-0.342543738051947,-0.10939776989196028,-0.13236296430047256,0.3805521107935291,0.5113283877042647,0.2039737285564752,0.26199276166413166,-0.1661163297108892,-0.19240427750847156,-0.17824715663679166,-0.24622045920928481,313.1,6,Syn
-0.31744874408410484,-0.35338897311988765,-0.11155962666298898,-0.13985193849202696,-0.03956376444309436,-0.04524724298251353,-0.035522249045510615,-0.02096561048638469,-0.19719807560190658,-0.25020301837445424,-0.18480450068017373,-0.27449559647149324,313.3,6,Syn
-0.28419423972236757,-0.3086330282341376,-0.10924353516394396,-0.1355282681404281,0.2977681556876664,0.32112705371405503,0.12372549806110039,0.14896161316230383,-0.1717719356743198,-0.21150061076980534,-0.17112846735190257,-0.25376542179464184,313.3,6,Syn
-0.3456692238688543,-0.4060580240291813,-0.11258785818309776,-0.13349708593163961,-0.1696818582966037,-0.14660222550833515,-0.09259581892643164,-0.05292768574591145,-0.20726640308365277,-0.25432728712866687,-0.18430968524506752,-0.2708339497760969,313.5,6,Syn
-0.31353755026778346,-0.3676899317044391,-0.112382211879076,-0.1388767555217598,0.03153901908341348,0.15547536947058418,0.005097679067937671,0.05589557049485825,-0.19240959832111437,-0.23089183556616966,-0.18518288895407845,-0.2727468728254856,313.6,6,Syn
-0.3413229331327747,-0.3841763280860567,-0.11269839307150945,-0.13708802211773385,-0.08892941129149838,0.11479309274741703,-0.07459964824325833,0.018785541937228433,-0.2044602783190034,-0.24397238151288075,-0.18756548764580827,-0.2743724469189575,313.6,6,Syn
-0.31152581182158945,-0.3381546504761725,-0.11123830431295498,-0.1345180647872508,0.10751742205173899,0.18680539867118418,0.03686642935558032,0.0954228988620321,-0.1819101151888341,-0.21492556531237414,-0.17470860255884738,-0.25195101838728173,313.7,6,Syn
-0.31996107791109596,-0.36242211601442764,-0.10961112793238284,-0.13847536805609734,0.08049836431166602,0.07294178508392898,0.01982515752498357,0.012966116469807594,-0.1869490963112774,-0.23716459978989038,-0.17133221488400513,-0.2550133372603374,313.8,6,Syn
-0.33419763626404564,-0.38901616220747604,-0.11439240450088865,-0.1394316938971052,-0.10182948773130766,-0.07505753196069635,-0.0693109776751421,-0.04222889584811468,-0.20339563699198623,-0.2545000093134705,-0.18224310313374167,-0.266260996391936,313.8,6,Syn
-0.32813902861794975,-0.3764407888835247,-0.11115861637014655,-0.13830834776837203,0.021686204794740246,0.02688196603528571,-0.003386229968415452,0.001819678459132293,-0.18998163800972678,-0.23800293429662,-0.17759017479858344,-0.26275533912975163,313.9,6,Syn
-0.34118257928769136,-0.3919300792702309,-0.11509417251336289,-0.1358650025914872,0.015794831302543885,0.1384075177418991,-0.019546056704326163,0.03570664060403672,-0.1985951162572685,-0.2426453696052434,-0.1881517815647156,-0.28125240192062145,313.9,6,Syn
-0.3000401888322725,-0.34630451226106496,-0.10850320846946564,-0.1382140621220755,0.6496253587388423,0.699776175283993,0.2946523926723014,0.3667424200777068,-0.13849346378728508,-0.16082560684291716,-0.16949432898218214,-0.24342085938163874,314.2,6,Syn
-0.3022063165080581,-0.3352543923996493,-0.11139768019857184,-0.13571414555741274,0.13819319437317523,0.1117536123025827,0.05475241940191786,0.0645351790734138,-0.1844874143288983,-0.2325853555244878,-0.18113704510232784,-0.2753822732497507,314.2,6,Syn
-0.28812882584620286,-0.33468526797333004,-0.10783228740259466,-0.1329044332977756,-0.0019808645790830768,-0.011345345713207566,0.0942705411470086,0.11538800469641437,-0.17756242832171643,-0.2178744806626794,-0.16828016001536694,-0.24782961336241863,314.3,6,Syn
-0.32718930093288606,-0.3379270007056448,-0.1116213205541955,-0.1373385525493218,0.028491756932277425,0.12215798767143866,-0.022520933898891544,0.011130759207005637,-0.19604672140662557,-0.24325621635637806,-0.1866091216787963,-0.2759159213107389,314.4,6,Syn
-0.34335806388648255,-0.40713253094607216,-0.10927952326714777,-0.12982263960168272,-0.08537427211517298,-0.06430244730974412,-0.05024972750255652,-0.030052867177818767,-0.20175290987654343,-0.2537669932121089,-0.18751559029100764,-0.2757188820266817,314.6,6,Syn
-0.3349976531810205,-0.3849366783196193,-0.11086814096571583,-0.13370182047788354,0.11858914120086664,0.2086662772551849,0.011010706578123182,0.04282424559880529,-0.1922096769859505,-0.23675596437706237,-0.1849375602929754,-0.2679440402765913,314.8,6,Syn
-0.30433969495332436,-0.33694810669237557,-0.106436463114047,-0.12825749787316001,0.38390409915977874,0.45088948808967444,0.17371078030558784,0.21798895216817255,-0.15744504288450492,-0.18733214310594654,-0.16173529031068504,-0.23253443893747833,315.0,6,Syn
-0.33204086551126555,-0.3874772497587087,-0.10884766602870208,-0.1346662279457168,0.1790265071983983,0.24549075187529312,0.06191416079624192,0.09152836027998894,-0.18049621369797644,-0.219016132176869,-0.17518678554235337,-0.25334671331602027,315.0,6,Syn
-0.313275556423628,-0.34657313899028763,-0.10941062278596163,-0.13558214565259755,-0.047892947656199565,0.052717549816377496,-0.041178188403079366,0.05562698162713114,-0.19710654535207253,-0.22974597131576535,-0.17339463888243095,-0.2585189945225218,315.0,6,Syn
-0.3015092257441444,-0.3654817289303202,-0.1074081419005498,-0.13365063684132256,0.4050317834076554,0.4797645523156005,0.177089653168551,0.2324032214028611,-0.16978235708582165,-0.20328577515109789,-0.1879688245971133,-0.26081778616985585,315.0,6,Syn
-0.33095546244262136,-0.3784987428090953,-0.10747754752815714,-0.12657651949347298,-0.07816241835748433,-0.011579151901271744,-0.05979871602832194,-0.014788066528661027,-0.20092672893725183,-0.24108244446958163,-0.18012662366761517,-0.2653414797330024,315.1,6,Syn
-0.26856349984159045,-0.29557503739666746,-0.1038993018381786,-0.12251684895150448,0.34835270739652485,0.40108877003200427,0.14576162542825136,0.19730760935318464,-0.158553040645654,-0.1817544803576549,-0.15461660102579597,-0.23581842700509836,315.1,6,Syn
-0.28841421199787226,-0.3204662633061685,-0.11336417298077987,-0.1408944683525059,0.4583588710525362,0.5357611343569714,0.2373584615177089,0.30165438446516907,-0.15811465892276458,-0.18454331173180072,-0.1754612209937568,-0.24384777783042932,315.2,6,Syn
-0.3278208932357609,-0.38137623590856573,-0.11442325144649192,-0.14373381324383624,-0.057136309514645586,-0.07634346599504933,-0.025165269182949663,-0.03215681330834784,-0.19722938858211297,-0.25418405409736633,-0.18510804292187752,-0.268879976875863,315.2,6,Syn
-0.3408316946749831,-0.40862136044532343,-0.11159561476619279,-0.1383703069073669,-0.006856484020900757,0.013671916409659594,-0.014220659257264678,0.0010139118559509461,-0.1947363936195275,-0.24363957535191774,-0.18715383446870312,-0.271507167329959,315.2,6,Syn
-0.3252898455627587,-0.3891618580606138,-0.11294516863633555,-0.1425485079761082,0.12813722927442628,0.15945007466767522,0.023865114208961247,0.04072029946827622,-0.19013579421997362,-0.2404968741357353,-0.18880876340292382,-0.27621148023682474,315.2,6,Syn
0.1794272598183015,0.2698796746217296,-0.044860818532332945,-0.02866761050352911,0.8168184754311736,0.9944888753388909,0.17653874998437222,0.22900109574498428,-0.15501467388233223,-0.1739524928879902,-0.15982671648956115,-0.23343753565607384,315.2,6,Syn
-0.34179077928305235,-0.39635103781387926,-0.11350555481479484,-0.13785308279054012,-0.13717772868448583,-0.14777125644865605,-0.08664606453730087,-0.08180098902657638,-0.2049564686207354,-0.258261982753217,-0.1869209801463002,-0.275439743040934,315.3,6,Syn
-0.32153771943753173,-0.3504340790984378,-0.11561857058861837,-0.1430064668295486,-0.023006973421921824,0.24537384878126103,-0.03214337618254747,0.09117024178968611,-0.19842650790231103,-0.23054217846034775,-0.18027631573201705,-0.2629277485033017,315.3,6,Syn
-0.3368035393210923,-0.3899722912436925,-0.11561857058861837,-0.14190467170568322,-0.026460537193209347,0.21264098245227597,-0.041104734645188865,0.09390089527824512,-0.20048112114200708,-0.23094238840074632,-0.18880876340292382,-0.2846349096302701,315.3,6,Syn
-0.290075065831358,-0.3047402171581135,-0.11108921074253922,-0.13745438920048614,0.1363648370824936,0.14495409100769613,0.057837477233318994,0.06847448246674484,-0.17985309325835294,-0.22905086984033624,-0.1705546477716954,-0.2449068639822368,315.3,6,Syn
-0.32817645630997194,-0.38398965527422396,-0.10551876648234992,-0.13123692429613093,-0.03692280391210979,-0.08160410522649338,-0.024136916572482615,-0.02736697850054761,-0.19963807936721972,-0.26035992538814845,-0.17882097621699886,-0.2748978850097767,315.4,6,Syn
-0.3372526716253589,-0.3615752588680645,-0.11215085978705153,-0.13113725089861744,-0.09410975694842966,0.10801271329355584,-0.07180840544341921,0.019680838162985485,-0.20493719909445454,-0.24308349417157446,-0.1866174379045964,-0.27878941086990644,315.5,6,Syn
-0.3302443362941993,-0.37024416212976013,-0.11449008649529899,-0.14257544673219294,-0.1405297170507355,-0.198624102352615,0.14682670491766367,0.08311257575787263,-0.18946136080014372,-0.2524905341390482,-0.12005436660056346,-0.1900642632529823,315.7,6,Syn
-0.3210371240567346,-0.37566677966373047,-0.11431014597927995,-0.1440463028144191,0.06404314869553135,0.09071105537680658,0.03003522987176352,0.0405412402231248,-0.19061271499542476,-0.2415247817721274,-0.1788168181040988,-0.27525091372704585,315.8,6,Syn
-0.3427966485061493,-0.38895242027172827,-0.1151301606165667,-0.14240034481764222,-0.036211776076844705,0.08135880785423942,-0.0351549802560581,0.030155804004342996,-0.20089300726626033,-0.24540471182588616,-0.18699582617850113,-0.27839533230179203,315.8,6,Syn
-0.2638288968007803,-0.2786879774189211,-0.11156990897819007,-0.1375298177175234,0.07684164973030276,0.05961483236427077,0.12545166137152722,0.15348285910237694,-0.1660151646979147,-0.20354696479641063,-0.15813852265214004,-0.23205826066767343,315.8,6,Syn
-0.33154494859197126,-0.3895898396292059,-0.11561857058861837,-0.14150597811562923,-0.11605004443660923,-0.09563247651034411,-0.08506680874265504,-0.05077897480409453,-0.20397372278041184,-0.24624725906883052,-0.17931579165210504,-0.26433165340220927,315.8,6,Syn
-0.34187967005160513,-0.40452366457582445,-0.1122536829390624,-0.13736549130540654,-0.11381538552577612,-0.06488696277990456,-0.08025558760082709,-0.06076152772128566,-0.20595125791498448,-0.2568254397039969,-0.18378576301966099,-0.275275543637553,315.9,6,Syn
-0.29616642270797333,-0.37833938796972594,-0.1118038316490148,-0.13985463236763543,0.14967121514245435,0.15617678803477672,0.05276916793887427,0.06587812341204938,-0.18352875539642582,-0.2291772519267779,-0.17834695134639292,-0.25813312592457643,315.9,6,Syn
-0.3312080993637713,-0.3630868533443686,-0.11339501992638314,-0.14117193754017862,-0.08100652969854465,0.022790357744162576,-0.06501393283854767,-0.05530022074416764,-0.20297411610459254,-0.25385124793640335,-0.1830913581653523,-0.26828064905352234,316.2,6,Syn
-0.310005311833187,-0.35606158142588307,-0.10971909224199426,-0.1338957795216936,0.13016873737518364,0.1844673367905424,0.05982072869636258,0.0885291179237028,-0.18364196386332585,-0.22860853253779045,-0.17810162268528984,-0.26162236324642274,316.2,6,Syn
-0.31664404870562723,-0.3464957380683082,-0.10573469510157275,-0.12416550082388983,0.1081268744819662,0.11689734843999464,0.025113828093099803,0.045913017577667116,-0.18681661831809654,-0.23224833662731006,-0.1827088117785475,-0.26831348893419854,316.3,6,Syn
-0.3209388763651763,-0.3782301160798726,-0.1076909055685797,-0.134348350623917,0.07145815326329573,0.05482180550895511,0.044836162086699924,0.05450786134493482,-0.18307110414725555,-0.22452217840951033,-0.17381045017243615,-0.25196743832761986,316.4,6,Syn
-0.34313349773434926,-0.3877914064420369,-0.11414562893606255,-0.14071936643795518,-0.11879258037263167,-0.04548104917057771,-0.07772143295360473,-0.03694664811614807,-0.2052045637716014,-0.25165219963231855,-0.186505168856295,-0.2785020619139897,316.6,6,Syn
-0.27594611209297215,-0.25303184828044684,-0.10681176761888671,-0.12695635595426766,-0.15830541293236244,-0.21218486126033737,-0.1203246125300966,-0.15476763142577615,-0.16238767637554394,-0.16680347953160735,-0.13626269068496627,-0.09662659275902347,16.6,-1,Noise
-0.33152155628445734,-0.38687625436451545,-0.1137189128552174,-0.14189928395446627,-0.19202844740493474,-0.2328767089040172,-0.12208750271946868,-0.1532008630307013,-0.19896605463817493,-0.2668433264226053,-0.18318283664915344,-0.2772213065676179,16.9,-1,Noise
-0.3308478578280575,-0.3519820975380263,-0.11513530177416724,-0.14455275142881197,-0.20299859114902452,-0.2578939710268844,-0.11959007495119157,-0.15476763142577615,-0.20807331449666353,-0.24540049908967143,-0.12679882572444784,-0.015446407727456373,16.9,-1,Noise
-0.33525029010217045,-0.38153559074793514,-0.1123462237758722,-0.13812247035138742,-0.1988339995424719,-0.2518150101372157,-0.11848826858283402,-0.1529322741629742,-0.20159152759394128,-0.25704871472337715,-0.18552385421188272,-0.27654808901375577,17.6,-1,Noise
-0.32815774246396084,-0.3690968072863004,-0.11314824436155703,-0.14066548892578573,0.5255002137825672,1.005243959989843,0.2825325226203684,0.5852842287850032,-0.18938910007659052,-0.22127837152417457,-0.18636379301769324,-0.2671723030807006,17.8,-1,Noise
-0.3341742439565318,-0.3595309639287256,-0.11561857058861837,-0.14651928062299713,-0.18491816905228395,-0.23100625939950378,-0.11499921508303512,-0.1502911502969909,-0.20094358977274757,-0.2529581478588823,-0.18624320774359174,-0.2674596520366173,17.8,-1,Noise
-0.3441159746499324,-0.4019876461321456,-0.11367778359441305,-0.1404823053844096,-0.18593392310266266,-0.22925271298902244,-0.11610102145139267,-0.1510521520888844,-0.19865533352689616,-0.24679912751295907,-0.18446353542236946,-0.27131833801607086,18.1,-1,Noise
-0.3323917501239738,-0.3817586875230523,-0.11413791719966174,-0.1397468773432965,-0.1973103684669039,-0.2499445606327023,-0.11217124540425075,-0.14809767454388612,-0.2102772665650362,-0.2675468533704638,-0.172920614011825,-0.23526014903360296,18.1,-1,Noise
-0.33389353626636514,-0.4010861530408559,-0.11561857058861837,-0.14481405736283384,-0.19497413415103293,-0.24924314206850975,-0.11437485814096585,-0.14778432086487114,-0.20726158570208256,-0.24147844167376548,-0.1051142669506765,0.10609399065516087,18.1,-1,Noise
-0.34839208846347036,-0.42327745267189815,-0.11561857058861837,-0.14619062779876343,-0.2008655076432293,-0.2578939710268844,-0.11830463418810776,-0.15476763142577615,-0.20319812434760748,-0.2536532493343114,-0.1876777566941097,-0.2828943959544315,18.2,-1,Noise
-0.34517330694955994,-0.40662259546009005,-0.11561857058861837,-0.1466809131595055,-0.20482694843970617,-0.2578939710268844,-0.11613774833033792,-0.15284274454039848,-0.20926561643529135,-0.2584010030483028,-0.18258406839154592,-0.2245461379629926,18.2,-1,Noise
-0.3429229669667243,-0.40222440189349445,-0.1152586895565803,-0.14510230205294042,-0.203404892769176,-0.2566080369925314,-0.11808427291443625,-0.15476763142577615,-0.2103543446701596,-0.24580070903007,-0.1372148985390782,-0.05091347885775268,18.2,-1,Noise
-0.3466002377079069,-0.4096958673622143,-0.11561857058861837,-0.14617177066950413,-0.1970056422517903,-0.25380236273576123,-0.11764355036709323,-0.15382757038873124,-0.20962210267148715,-0.2567496104521319,-0.1887588660481232,-0.2686500977111296,18.2,-1,Noise
-0.20869790645205893,-0.1837762350905034,-0.06837133223962011,-0.05729273271916107,-0.1793315217752012,-0.22995413155321498,-0.12208750271946868,-0.15458857218062474,-0.12443875305618723,-0.10806108575352695,-0.06348739870825558,-0.03755585739270821,18.9,-1,Noise
-0.34034045621719156,-0.39025457695914684,-0.11530753055378547,-0.14493258788960664,-0.1953804357711844,-0.24351489046093736,-0.11845154170388877,-0.15476763142577615,-0.20790711483249116,-0.2676816609293349,-0.18170670656963495,-0.26933973520532983,19.7,-1,Noise
-0.3340104978039346,-0.3830062082655442,-0.11347470786919157,-0.143561405204894,-0.18979378849410164,-0.2363838017249799,-0.11624792896717367,-0.14975397256153666,-0.20291389883496488,-0.2624957826490124,-0.1860976737920899,-0.2776646449567466,19.7,-1,Noise
0.7964976181885457,1.381771236828638,0.029002192714680977,0.11907530336755308,-0.18593392310266266,-0.21101583032001647,-0.11841481482494352,-0.15145503539047506,0.609759102533769,1.1319199044238941,0.3233085794803847,0.7208729768539683,19.7,-1,Noise
-0.3348151931824122,-0.395240106933704,-0.11442068086769165,-0.14424564960944608,-0.19223159821501049,-0.24328108427287318,-0.12080206195638488,-0.15476763142577615,-0.19428596844271254,-0.253568994610017,-0.18639705792089364,-0.2778534742706347,20.1,-1,Noise
-0.348546477693062,-0.42468432825375946,-0.11561857058861837,-0.14690989258622567,-0.1943646817208057,-0.24445011521319407,-0.11808427291443625,-0.15476763142577615,-0.20911868629739985,-0.2652298484523668,-0.17044653683629404,-0.20758433959373518,20.1,-1,Noise
-0.3469558007821179,-0.4159061531022105,-0.11540007139059526,-0.145094220426115,-0.17912837096512546,-0.21557505098726795,-0.1201042512564251,-0.15476763142577615,-0.20961005921756162,-0.24264115686902868,-0.15936516595765537,-0.1011092364713248,20.1,-1,Noise
-0.3454259438707099,-0.4128920701404235,-0.11561857058861837,-0.14559258741368247,-0.19202844740493474,-0.24573604924754705,-0.1190391717670128,-0.15342468708714058,-0.21089630009680863,-0.2673025146700099,-0.1835404343585579,-0.26344497662395183,20.1,-1,Noise
-0.3107491872121285,-0.3715053418584837,-0.11361608970320652,-0.1419747124715035,1.8177425166743282,2.4785736540762673,0.6863812835023552,1.0049990994199094,-0.17220309132485392,-0.20513516634936074,-0.17719099596017845,-0.24417617663719135,20.3,-1,Noise
-0.34819559308035375,-0.42421536972647234,-0.11403252346885058,-0.13780998078080456,-0.1967009160366767,-0.24795720803415677,-0.11661519775662618,-0.153290392653277,-0.21123592549750866,-0.26724774909921856,-0.17139042846460587,-0.21723926451253806,20.4,-1,Noise
-0.32423251326313113,-0.379391129909564,-0.09634180016537909,-0.12368060321436473,-0.18715282796311705,-0.23685141410110824,-0.11077562400433118,-0.14836626341161321,-0.19885525486206002,-0.26378066719450255,-0.18507061990577706,-0.27719667665711073,20.8,-1,Noise
-0.3440738684964074,-0.4042186138833173,-0.11464946238091585,-0.14377960912918028,-0.1895906376840259,-0.24269656880271273,-0.11889226425123178,-0.15476763142577615,-0.2027428817892223,-0.2525368742374101,-0.18418909997096602,-0.2730424317515714,20.9,-1,Noise
-0.34641777770929855,-0.4099417291143842,-0.11512244888016589,-0.14559258741368247,-0.18806700660845788,-0.23007103464724707,-0.11646829024084518,-0.15270845010653494,-0.21344710363823666,-0.26686439010367885,-0.18428473656766722,-0.2538064716454871,20.9,-1,Noise
-0.34045741775476096,-0.409463664596276,-0.11496564357334929,-0.14316540549044848,-0.1931457768603513,-0.2398908945459426,-0.11951662119330106,-0.15315609821941345,-0.20939568573768713,-0.2624368043420063,-0.17828457965289213,-0.26583407794314545,20.9,-1,Noise
-0.3220289578953233,-0.36400655841730056,-0.11535123039339008,-0.14095642749150078,-0.1973103684669039,-0.24222895642658437,-0.11408104310940383,-0.15145503539047506,-0.18129108165706165,-0.23777544654102503,-0.1730703060762269,-0.24116311758514997,21.4,-1,Noise
-0.34385865926727965,-0.39052320368836957,-0.11561857058861837,-0.147817728666281,-0.1950757095560708,-0.2397739914519105,-0.11679883215135245,-0.15176838906949003,-0.21004121486809574,-0.26169536276821526,-0.15270386909177203,-0.13315275004112723,21.4,-1,Noise
-0.25214677842834676,-0.2677744474198221,-0.11350555481479484,-0.1325084335833301,-0.1790267955600876,-0.23498096459659482,-0.12208750271946868,-0.15427521850160977,-0.15288539122829786,-0.17440746839918014,-0.08128828003337833,-0.08201284585811434,21.4,-1,Noise
-0.3327847408902071,-0.3913700608347327,-0.11561857058861837,-0.1444207515239968,-0.208788389236183,-0.2522826225133441,-0.12168350705107091,-0.15476763142577615,-0.19765331816029175,-0.2626137392630246,-0.18381071169706129,-0.273469350200362,21.5,-1,Noise
1.2652326761517498,1.9135246768181111,-0.001649388899761635,0.04283054202094745,-0.13260683545778176,-0.17699702995667843,-0.11848826858283402,-0.1514102705791872,0.901579217221806,1.4409578076634537,0.4999285830229949,0.8837505750377527,21.5,-1,Noise
-0.07943201513033693,-0.019740916439048337,-0.026031328820340986,0.01017807577064865,-0.19202844740493474,-0.23673451100707615,-0.11529303011459713,-0.15042544473085445,-0.18978653405613313,-0.24464220657102154,-0.17250896083471987,-0.24424185639854373,21.6,-1,Noise
-0.32873787169030516,-0.37532075201252835,-0.1075443825769642,-0.12734427404188775,-0.19690406684675243,-0.24924314206850975,-0.11720282781975021,-0.14953014850509738,-0.1954517747827042,-0.2484294564280564,-0.1837483400035605,-0.26842842851656523,23.4,-1,Noise
-0.33528771779419264,-0.35289269662013717,-0.11561857058861837,-0.14637381134013958,-0.20157653547849436,-0.252165719419312,-0.11499921508303512,-0.14908250039221888,-0.20402671397768418,-0.25989231166831434,-0.18600619530828877,-0.27395373844033594,23.8,-1,Noise
-0.20543701878462353,-0.1840858387784211,-0.06825565619360788,-0.06341321810161127,-0.16693932236058126,-0.2329936119980493,-0.12208750271946868,-0.15436474812418546,-0.10242331928031162,-0.08460457050995612,-0.08031112350186612,0.01507826136107179,24.1,-1,Noise
-0.3391380916109779,-0.37255253080291123,-0.11405308809925276,-0.14163797802044442,-0.19284105064523768,-0.24152753786239184,-0.1191860792827938,-0.15476763142577615,-0.20768310658947622,-0.26712557974899165,-0.18880876340292382,-0.28560368611021797,24.7,-1,Noise
-0.34605753617358476,-0.40694130513882887,-0.11538721849659389,-0.145840423969662,-0.2008655076432293,-0.2578939710268844,-0.11771700412498373,-0.15476763142577615,-0.20466019965416726,-0.2504220806576198,-0.17644669375106914,-0.2458428005815085,25.2,-1,Noise
-0.3442937561870379,-0.40627201481347736,-0.11444638665569437,-0.144353404633785,-0.20035763061803996,-0.25625732771043513,-0.11459521941463735,-0.14639661171494772,-0.2026320820131074,-0.25292865870537923,-0.11968013643955877,-0.03388600072714283,25.2,-1,Noise
-0.34466335464575726,-0.3971933419648318,-0.11561857058861837,-0.14759683086638625,-0.18430871662205675,-0.22445968613370676,-0.11540321075143288,-0.1504702095421423,-0.20730735082699958,-0.26097919761171257,-0.1832119434394538,-0.2661378468394003,25.3,-1,Noise
-0.3440738684964074,-0.4139756830481354,-0.11428186961247697,-0.1420824674958424,-0.20614742870519845,-0.24503463068335452,-0.11808427291443625,-0.1514998002017629,-0.20589585802692703,-0.2593446559604005,-0.14380134937276062,-0.1700894058316835,25.3,-1,Noise
-0.27518352286801956,-0.3038842540209293,-0.10659069784206332,-0.1312800263058665,-0.2020844125036837,-0.25134739776108733,-0.11889226425123178,-0.15423045369032193,-0.17886071265488895,-0.22176283618886758,-0.15830900528104216,-0.17793813731329536,26.0,-1,Noise
-0.3243494748007006,-0.38980838340891255,-0.11528439534458301,-0.1421040185007102,-0.1895906376840259,-0.23708522028917245,-0.11936971367752006,-0.14863485227934034,-0.179380989864472,-0.2442082947409052,-0.18122020736032887,-0.27431497712777414,26.4,-1,Noise
-0.3401954239106055,-0.39373306545281045,-0.11505561383135882,-0.14496222052129984,-0.2008655076432293,-0.24936004516254184,-0.11088580464116693,-0.14433743039570648,-0.2062041704474207,-0.267892297740071,-0.18426394600316695,-0.2746515859047052,27.7,-1,Noise
-0.3440224054198769,-0.39537214380061003,-0.11505047267375827,-0.14445038415569,-0.19223159821501049,-0.243047278084809,-0.1181209997933815,-0.15476763142577615,-0.20767828920790601,-0.2610887287532953,-0.176276211122167,-0.2352026792424196,27.8,-1,Noise
-0.3445931777232156,-0.4012227429031725,-0.11561857058861837,-0.1451938938236285,-0.1919268719998969,-0.22644703873225228,-0.11635810960400943,-0.15002256142926376,-0.20996654545375742,-0.2626558666251718,-0.15219242120506563,-0.10319456889426352,27.8,-1,Noise
-0.3410983669806414,-0.3887429824828428,-0.1152406955049784,-0.1449756898993422,-0.19842769792232046,-0.25602352152237096,-0.11672537839346195,-0.15042544473085445,-0.20766383706319538,-0.25917614651181164,-0.18299987968155113,-0.26195076205318474,27.8,-1,Noise
-0.3311332439797269,-0.3952492129245251,-0.11311225625835322,-0.14092948873541605,-0.20096708304826716,-0.2476064987520605,-0.11268542170948427,-0.14948538369380954,-0.1786607913197251,-0.23626728697615465,-0.16933632069198015,-0.2580346062825479,28.5,-1,Noise
-0.34368555619167696,-0.41051995953152465,-0.11561857058861837,-0.1470876883763849,-0.19324735226538917,-0.243047278084809,-0.11775373100392898,-0.1510521520888844,-0.19963567067643462,-0.2538680988812622,-0.18090419077992492,-0.2645533225967736,28.5,-1,Noise
-0.3365415454769368,-0.39021360000045185,-0.1140402352052514,-0.14307111984415194,-0.1940599555056921,-0.24573604924754705,-0.1201777050143156,-0.15476763142577615,-0.20315958529504577,-0.26134149292617864,-0.1756857590903596,-0.2555223554108185,28.8,-1,Noise
-0.34234283774038,-0.3861841990621112,-0.11499649051895255,-0.1433216502757399,-0.1953804357711844,-0.24655437090577167,-0.11867190297756028,-0.15476763142577615,-0.20089300726626033,-0.2410782317333669,-0.14833369243381733,-0.1444742989042473,29.4,-1,Noise
-0.334127459341504,-0.38220488107328665,-0.1147188680085232,-0.14533666923087757,-0.20543640086993337,-0.2578939710268844,-0.11834136106705301,-0.15346945189842842,-0.19636707728104474,-0.25741522277405793,-0.09125943476770311,-0.11505797578854088,29.4,-1,Noise
-0.34439200387859625,-0.40526124983233425,-0.1135364017603981,-0.1403907136137215,-0.19111426875959392,-0.2439825028370657,-0.11646829024084518,-0.1516788594469143,-0.19786528294938116,-0.23444738493139483,-0.18261733329474636,-0.2630508980558375,30.2,-1,Noise
-0.3458470054059598,-0.4143535816672115,-0.11484225579093624,-0.14289332405399274,-0.19974817818781274,-0.24655437090577167,-0.11635810960400943,-0.15145503539047506,-0.21019777976912768,-0.26260952652680986,-0.16575618548503535,-0.2277726562394293,30.2,-1,Noise
-0.34434989772507124,-0.3966560885063864,-0.11553117090940912,-0.14509152655050653,-0.19944345197269914,-0.2578939710268844,-0.11518284947776138,-0.15002256142926376,-0.20612468365151218,-0.257777518088524,-0.18269217932694728,-0.26492277125438085,31.5,-1,Noise
-0.24187287696824897,-0.2737616363847012,-0.09883783218044315,-0.11853530080218168,-0.1742527515233078,-0.2318245810577284,-0.12208750271946868,-0.1546333369919126,-0.14676249925255652,-0.18132899399996802,-0.08784978218966044,-0.09572349604042796,31.9,-1,Noise
-0.3453744807941794,-0.41047898257282966,-0.11510445482856398,-0.14544442425521648,-0.1965993406316388,-0.25017836682076644,-0.1166886515145167,-0.15011209105183948,-0.2048480775354056,-0.26410083514682137,-0.18559454213118362,-0.2798156571410377,32.1,-1,Noise
1.1280555064288322,1.5610044541605237,-0.07933228024397966,-0.09497735860608705,-0.12356662440941148,-0.20446925705421945,-0.1159173870566664,-0.1516788594469143,0.6598502361008487,1.0251775942152739,0.3522157803615465,0.8357140395786407,32.1,-1,Noise
-0.25511760148261,-0.27844211566675114,-0.09838541031159528,-0.11577677217910554,-0.17821419231978464,-0.23124006558756796,-0.12157332641423516,-0.15418568887903406,-0.14260269026667718,-0.15203783909900753,-0.11358018481518244,-0.07720180333905101,32.4,-1,Noise
-0.3360222362501286,-0.38541929583313805,-0.11561857058861837,-0.1463711174645311,-0.20249071412383518,-0.2578939710268844,-0.11367704744100605,-0.14939585407123385,-0.20050761674064324,-0.25331201770091893,-0.18625152396939182,-0.27003758266969907,32.8,-1,Noise
-0.34120597159520527,-0.37999212530375714,-0.11375747153722149,-0.1388848371485852,-0.19934187656766125,-0.25625732771043513,-0.11790063851971,-0.15476763142577615,-0.20954502456636373,-0.26618192683689396,-0.15209678460836443,-0.11893308170833251,34.0,-1,Noise
-0.2577001122321428,-0.2682934888966253,-0.10347258575733345,-0.1275759473442164,-0.1919268719998969,-0.250879785384959,-0.12109587698794688,-0.15476763142577615,-0.1418584048140792,-0.16128900782653655,-0.13462855231524584,-0.11003347404508224,34.0,-1,Noise
-0.10560800723837292,-0.014919294299271196,-0.107901693030202,-0.13417594258497476,-0.19131741956966966,-0.21721169430371723,-0.12208750271946868,-0.15476763142577615,-0.0677622588826256,-0.04184529793053014,-0.06602800569018738,0.10294136211024564,34.6,-1,Noise
-0.34708679770419565,-0.41369339733268107,-0.11555687669741184,-0.14721699440559158,-0.19791982089713112,-0.25625732771043513,-0.11624792896717367,-0.15172362425820218,-0.20976662411859356,-0.26763953356718767,-0.17341127133403114,-0.21384033686255133,35.0,-1,Noise
-0.3463288869407458,-0.4115079595356149,-0.11273438117471325,-0.1319615768348101,-0.2040143451994032,-0.2557897153343068,-0.11786391164076475,-0.15342468708714058,-0.2045566259504077,-0.25433571260109633,-0.14851664940141962,-0.14747093801595057,35.1,-1,Noise
-0.3457861854064237,-0.4042550378466017,-0.11008154385283261,-0.12002232013805866,-0.1970056422517903,-0.2549713936760821,-0.11859844921966978,-0.15476763142577615,-0.2004136778000241,-0.2290424443679068,-0.16482061008252363,-0.19392294923243586,35.1,-1,Noise
-0.34450896541616566,-0.4141122729104521,-0.11396568842004351,-0.13899797992414106,-0.186441800127852,-0.24339798736690527,-0.11290578298315578,-0.147829085676159,-0.20397854016198205,-0.26532674138530543,-0.04107932828987517,0.2491773507613655,35.1,-1,Noise
-0.3073479456996098,-0.329626890072204,-0.10638762211684183,-0.13144435271798333,-0.1886764590386851,-0.23650070481901198,-0.12208750271946868,-0.15476763142577615,-0.179019686246706,-0.21949217136913254,-0.14782224454711093,-0.1976995355101989,35.2,-1,Noise
-0.34442943157061845,-0.4099827060730792,-0.11561857058861837,-0.147817728666281,-0.20096708304826716,-0.2507628822909269,-0.11716610094080496,-0.1512312113340358,-0.20862249599566787,-0.26767323545690547,-0.16657117561344556,-0.2115415452152173,35.3,-1,Noise
-0.3445791423387073,-0.40082207930704367,-0.11538207733899335,-0.14610172990368384,-0.2011702338583429,-0.2578939710268844,-0.11540321075143288,-0.14988826699540023,-0.20684729088704418,-0.25862006533146836,-0.18028879007071721,-0.25805102622288595,35.3,-1,Noise
-0.3417954577445551,-0.39432040186077194,-0.11468802106291993,-0.14497299602373373,-0.18593392310266266,-0.2329936119980493,-0.11823118043021726,-0.15476763142577615,-0.20640409178258454,-0.2670413250246972,-0.18450511655136997,-0.2709653092988017,37.4,-1,Noise
8.448879316743394,4.774636098801337,10.71615784905727,9.284599143108633,0.3908112267023538,0.02185513299190586,-0.05531803679700124,-0.12258173210981012,-0.04902264457449515,-0.08704795751449476,-0.012438246634316762,-0.076709205128908,37.8,-1,Noise
-0.1746761344038663,-0.1391250090991961,-0.0720729657120117,-0.07737557538032579,-0.18105830366084497,-0.24047541001610304,-0.12208750271946868,-0.15458857218062474,-0.1065277283781335,-0.1024202319620145,-0.051823892023609625,-0.02663659706787162,37.9,-1,Noise
-0.2766759520874053,-0.33345595921248034,-0.09023410493593297,-0.10777596162194132,-0.18044885123061774,-0.2251611046978993,-0.12205077584052343,-0.15423045369032193,-0.1530419561293298,-0.18611887507610667,-0.12615847633783983,-0.14089475191054146,38.0,-1,Noise
-0.19975736652025256,-0.13927981094315495,-0.10963683372038556,-0.13524271732593,-0.21234352841250842,-0.2578939710268844,-0.12208750271946868,-0.15476763142577615,-0.1373228400657232,-0.16183245079823566,-0.12733938040145462,-0.10992674443288458,38.5,-1,Noise
-0.3446773900302656,-0.3989599041841269,-0.11561857058861837,-0.147817728666281,-0.1963961898215631,-0.25146430085511945,-0.11566029890404965,-0.15091785765502083,-0.20600665780304195,-0.2622640821572027,-0.18811020043571508,-0.2843065108235081,39.7,-1,Noise
1.2562640654509267,1.643932712568362,0.02580953384474323,0.07616725267579834,-0.14256122515149286,-0.19324656002713886,-0.12208750271946868,-0.15154456501305077,0.8204063377637089,1.2296006190346478,0.530137273241873,0.9054741561050591,39.7,-1,Noise
-0.3232406794245425,-0.3831883280819664,-0.11561857058861837,-0.14469822071166952,-0.18918433606387444,-0.24491772758932243,-0.11970025558802733,-0.1516788594469143,-0.19302622316210172,-0.25334150685442197,-0.18356954114885826,-0.2769996373730535,40.2,-1,Noise
-0.3408644439055025,-0.3942976368837192,-0.11392455915923916,-0.14165683514970373,-0.20005290440292633,-0.25111359157302315,-0.112501787314758,-0.14662043577138698,-0.2044988173715651,-0.2622430184761291,-0.18759875254900868,-0.27782884436012756,40.2,-1,Noise
-0.3424457638934411,-0.4034127336956492,-0.11561857058861837,-0.14680213756188676,-0.20188126169360798,-0.2518150101372157,-0.11764355036709323,-0.1504702095421423,-0.20200100502740942,-0.2392204150626746,-0.08754623994795666,0.08382855155669708,40.2,-1,Noise
-0.08139696896150317,-0.06688718391533947,-0.10319753382570436,-0.13018361893321806,-0.1873559787731928,-0.23451335222046646,-0.12208750271946868,-0.15445427774676118,-0.023697669659882868,0.0023083903359687485,0.07321887910675513,0.12257140078444437,42.9,-1,Noise
-0.3372246008563422,-0.3833795538892097,-0.11486539100013869,-0.1451238530578082,-0.19385680469561636,-0.24456701830722616,-0.12087551571427538,-0.15476763142577615,-0.20900788652128494,-0.26698234671769105,-0.13398404481573775,-0.14339879281210172,43.0,-1,Noise
-0.2401979877502549,-0.21207765456250974,-0.10544936085474257,-0.13085978171094473,-0.20767105978076647,-0.24819101422222095,-0.12208750271946868,-0.15476763142577615,-0.14783918403349924,-0.18013678965120175,-0.1041080036288639,-0.10798919147298877,43.2,-1,Noise
1.6277105164638879,2.107172677619812,1.0510000592327975,1.5891366922892018,2.407184592109078,2.4745989488791764,1.7047441828962921,1.9156048906374075,-0.1203921525372079,-0.13236436097625687,-0.10364229498405807,-0.13757792396224522,45.4,-1,Noise
-0.2541398030285297,-0.29928117566085877,-0.09486885851282327,-0.11278387637809226,-0.19944345197269914,-0.24211205333255229,-0.12157332641423516,-0.1546333369919126,-0.15019006623976341,-0.1752289519610509,-0.14504878324277623,-0.11592002265629114,46.4,-1,Noise
-0.3391474485339835,-0.4028709272417932,-0.11561857058861837,-0.1456087506673333,-0.21234352841250842,-0.253451653453665,-0.11338323240944405,-0.15015685586312733,-0.2080998100952997,-0.24949527869038102,-0.12453265419391948,-0.13699501608024267,47.0,-1,Noise
-0.1865594266209193,-0.14711096304930857,-0.1069402965589003,-0.13486826861635226,-0.19873242413743405,-0.24386559974303362,-0.12208750271946868,-0.15449904255804903,-0.13043398442031792,-0.14323322041023903,-0.09737186073077961,-0.09674153234139017,47.9,-1,Noise
-0.3423662300478939,-0.39834069680829154,-0.11543863007259933,-0.14697185172522054,-0.18745755417823068,-0.22936961608305453,-0.11330977865155355,-0.1450984321876,-0.2061319097238675,-0.2621545510156199,-0.17665044128317167,-0.24182812516884303,47.9,-1,Noise
-0.34485049310586835,-0.4123411576957464,-0.11561857058861837,-0.1471765862714645,-0.18552762148251117,-0.23802044504142916,-0.11694573966713345,-0.152081742748505,-0.20275733393393294,-0.2514668392388708,-0.17481671349424874,-0.24997241557654068,47.9,-1,Noise
-0.34235687312488833,-0.4076151484595909,-0.11479855595133162,-0.14473593497018813,-0.1943646817208057,-0.24433321211916198,-0.11510939571987087,-0.1504702095421423,-0.2031379070779798,-0.25987967345967017,-0.1031724282263522,-0.03813055530454172,47.9,-1,Noise
-0.3410702962116247,-0.3772011391170873,-0.11541292428459661,-0.14618254617193802,-0.19020009011425312,-0.2386049605115896,-0.11867190297756028,-0.15476763142577615,-0.2045325390425566,-0.22965750385525618,0.028369473366793897,0.7800258119219741,47.9,-1,Noise
-0.3419638823586551,-0.3991830009592441,-0.11561857058861837,-0.1476614838809896,-0.18471501824220823,-0.2328767089040172,-0.11518284947776138,-0.15172362425820218,-0.2060283360201079,-0.2601324376325535,-0.18201440692423881,-0.2617290928586204,47.9,-1,Noise
-0.3427966485061493,-0.3940973050856548,-0.11456977443810742,-0.14166761065213762,-0.207264758160615,-0.2578939710268844,-0.11859844921966978,-0.15476763142577615,-0.2041326963722289,-0.24768380211805063,-0.1690452527889765,-0.20879941517875458,48.6,-1,Noise
-0.3453370531021571,-0.40450089959877167,-0.11145423293217782,-0.13247071932481147,-0.19385680469561636,-0.24608675852964332,-0.11936971367752006,-0.15476763142577615,-0.1818450805376362,-0.18431161123999104,-0.17509946517145228,-0.2323456096235902,48.6,-1,Noise
-0.3396059377612556,-0.4125824664525058,-0.11190922537982596,-0.13855887819996,-0.21234352841250842,-0.2578939710268844,-0.11856172234072453,-0.1504702095421423,-0.19030199388414598,-0.23737523660062645,-0.16365218035760903,-0.24396271741279604,48.6,-1,Noise
-0.32328746403957026,-0.32194143381918816,-0.11561857058861837,-0.14601283200860424,-0.21122619895709185,-0.2578939710268844,-0.11507266884092562,-0.15176838906949003,-0.2056357194221355,-0.25831253558779366,-0.14337306374405526,-0.20632000418770147,51.5,-1,Noise
-0.3466984853994652,-0.41196325907667036,-0.11561857058861837,-0.147817728666281,-0.19873242413743405,-0.2578939710268844,-0.1168355590302977,-0.1530218037855499,-0.19993916571535805,-0.24266222055010228,-0.1692282097565788,-0.2185610697097551,51.5,-1,Noise
-0.3466517007844374,-0.4107430563066418,-0.11484225579093624,-0.14319503812214168,-0.20614742870519845,-0.2578939710268844,-0.11459521941463735,-0.1484110282229011,-0.20698458626179528,-0.26051158389187845,-0.1755235926872576,-0.24344548929214588,51.5,-1,Noise
-0.3447382100298017,-0.40696862311129217,-0.11497078473094983,-0.14172418203991555,-0.20584270249008485,-0.2576601648388202,-0.11646829024084518,-0.15091785765502083,-0.20673408242014418,-0.2603430744432896,-0.13727311211967894,-0.09276790677956993,51.5,-1,Noise
-0.335133328564601,-0.37929551700594233,-0.11500677283415364,-0.14430491487283248,-0.2085852384261073,-0.2578939710268844,-0.11382395495678707,-0.14778432086487114,-0.20815280129257205,-0.26177540475629496,-0.17988961123231223,-0.26311657781718983,51.5,-1,Noise
-0.34805523923527043,-0.42131055865453865,-0.11561857058861837,-0.1458781382281806,-0.20025605521300208,-0.25415307201785753,-0.11731300845658597,-0.15449904255804903,-0.20081833785192202,-0.2558565103746109,-0.15096577789955026,-0.181320645022944,51.8,-1,Noise
-0.34343759773202975,-0.40154600557732184,-0.11516100756216996,-0.1442537312362715,-0.1967009160366767,-0.2515812039491515,-0.11716610094080496,-0.15346945189842842,-0.20671963027543352,-0.26291705627048456,-0.15530268965430455,-0.1770268306245308,51.8,-1,Noise
-0.3309461055196158,-0.40046239266960987,-0.11208659531704472,-0.14085944796959576,-0.20828051221099367,-0.2563742308044672,-0.11169379597796247,-0.14769479124229543,-0.1997103400907729,-0.26616507589203503,-0.18578165721168596,-0.2818188898622859,52.3,-1,Noise
-0.34360134388462693,-0.4097049733530354,-0.11341815513558559,-0.13814671523186367,-0.1943646817208057,-0.2463205647177075,-0.1168355590302977,-0.15342468708714058,-0.1995561838805261,-0.26091179383227703,-0.18494171840587545,-0.2750456644728196,52.5,-1,Noise
-0.34188902697461065,-0.3787810285245497,-0.11509931367096343,-0.14365569085119054,-0.20279544033894878,-0.2578939710268844,-0.11760682348814798,-0.15476763142577615,-0.2107084222155703,-0.2610044740290009,-0.14311526074425204,-0.0001266033920089418,52.5,-1,Noise
-0.2619434768151613,-0.27648432764021275,-0.10672436793967746,-0.12871276285099192,-0.17983939880039054,-0.2308893563054717,-0.12208750271946868,-0.15476763142577615,-0.16298744038103552,-0.1980240676189104,-0.13029995678629167,-0.15008170852970848,52.6,-1,Noise
-0.34318028234937703,-0.3954449917271789,-0.1151481546681686,-0.14386042539743446,-0.19558358658126013,-0.24900933588044558,-0.10938000260441162,-0.13739888464608935,-0.20589585802692703,-0.26339730819896284,-0.18321610155235385,-0.26711483328951724,54.2,-1,Noise
-0.33055311475338256,-0.40371323139274573,-0.1019662265803741,-0.12939970113115248,-0.19690406684675243,-0.24211205333255229,-0.11841481482494352,-0.15163409463562647,-0.1882738762430861,-0.2528528294535143,-0.14600099109688813,-0.2291355112874916,54.6,-1,Noise
-0.336831610090109,-0.4011225770041403,-0.1130865504703505,-0.1414494067278513,-0.18319138716664018,-0.23474715840853064,-0.11661519775662618,-0.1523503316162321,-0.2049179295681737,-0.26654843488757474,-0.1850040900993762,-0.27926558913971133,54.6,-1,Noise
-0.33936733622461396,-0.39391973826464316,-0.11561857058861837,-0.147817728666281,-0.20025605521300208,-0.252165719419312,-0.1137137743199513,-0.1453670210553271,-0.2017697707120392,-0.26113085611544257,-0.13490714587954933,-0.1528074186258331,54.9,-1,Noise
-0.343914800805313,-0.4102240148298386,-0.11561857058861837,-0.14768572876146585,-0.18979378849410164,-0.24141063476835975,-0.11459521941463735,-0.15015685586312733,-0.2076397501553443,-0.26492653144490685,-0.16509088742102704,-0.2228384641678302,54.9,-1,Noise
-0.33488537010495384,-0.39624176592402593,-0.11452093344090225,-0.13910034719726302,-0.19324735226538917,-0.24655437090577167,-0.12028788565115135,-0.15181315388077787,-0.20619212699349515,-0.26308556571907343,-0.14566834206488397,-0.16858698129074734,55.8,-1,Noise
0.1536489369380015,0.29598199731043817,-0.11008668501043316,-0.14121503954991418,-0.1677519256008842,-0.2375528326653008,-0.12208750271946868,-0.15333515746456486,0.19360477820930694,0.32112826706611247,0.07440809939617002,0.23191999346602224,55.8,-1,Noise
0.2051354057760598,0.3180640250516271,-0.08508523559898827,-0.09536527669370715,1.8598963097650436,2.1715861291480003,1.2007779500095495,1.4624059411591874,-0.16507577529172307,-0.2068666009336114,-0.17569407531615971,-0.27017715216257293,55.9,-1,Noise
-0.3397182208373222,-0.405029047066396,-0.11561857058861837,-0.147817728666281,-0.20767105978076647,-0.2578939710268844,-0.11801081915654575,-0.15176838906949003,-0.19860234232962382,-0.26130779103646085,-0.1581135739747397,-0.23842098754868724,55.9,-1,Noise
-0.34289957465921045,-0.38667136957104054,-0.11507360788296071,-0.1449056491335219,-0.19416153091073,-0.23147387177563214,-0.11775373100392898,-0.1530218037855499,-0.20951130289537226,-0.26306871477421456,-0.1620596231168891,-0.1060270086025858,56.7,-1,Noise
-0.3300946255261104,-0.36045977499247867,-0.11437183987048648,-0.14234107955425582,-0.2011702338583429,-0.23685141410110824,-0.10849855750972558,-0.14380025266025226,-0.20746150703724642,-0.24841260548319752,-0.10758834412620745,-0.02350859843346354,56.9,-1,Noise
-0.34242705004743,-0.4153916646208179,-0.10859574930627543,-0.13530467646492486,-0.18979378849410164,-0.23474715840853064,-0.11878208361439603,-0.15436474812418546,-0.19873722901358978,-0.25656846279489887,-0.18016820479661572,-0.25901159273266483,56.9,-1,Noise
-0.20209191881013816,-0.2580492492228778,-0.07905722831235057,-0.08878144470659961,-0.21234352841250842,-0.2549713936760821,-0.12208750271946868,-0.15476763142577615,-0.12501202146304263,-0.13141228259172974,-0.07488478616729821,-0.044542542006569825,57.3,-1,Noise
-0.34199663158917454,-0.4099553881006159,-0.11561857058861837,-0.1472439331616763,-0.19020009011425312,-0.24433321211916198,-0.11499921508303512,-0.15114168171146009,-0.19685845020120654,-0.25238521573368017,-0.17223036727041638,-0.24981642614332875,58.6,-1,Noise
-0.33723863624085054,-0.3839577843063501,-0.11561857058861837,-0.14757258598590997,-0.1944662571258436,-0.24737269256399633,-0.1214631457773994,-0.15476763142577615,-0.1997464704525495,-0.25937414511390355,-0.18880876340292382,-0.28574325560309183,59.3,-1,Noise
-0.3369205008586617,-0.4028345032785087,-0.11523041318977731,-0.14315732386362306,-0.19751351927697963,-0.24129373167432766,-0.1159173870566664,-0.1504702095421423,-0.20014149574130702,-0.2677195755552674,-0.17679181712177344,-0.272319954376695,59.3,-1,Noise
3.0031922336647656,3.5709652551084723,1.6682525819116965,2.5396572313607866,0.08303774943761273,0.047807619867029735,-0.0715145904118572,-0.09433513618717512,-0.11745354977937768,-0.1274354596050324,-0.01815565187188831,-0.015520297458977823,60.2,-1,Noise
-0.2241087586422056,-0.22674285277990555,-0.10316411630130082,-0.12358092981685123,-0.19324735226538917,-0.24351489046093736,-0.12109587698794688,-0.1547228666144883,-0.14466693826951366,-0.1596376152303656,-0.10186678077573585,-0.06770286785346007,60.8,-1,Noise
-0.3467171992454763,-0.41557378443724,-0.11503247862215636,-0.14356409908050247,-0.1889811852537987,-0.23895566979368588,-0.11499921508303512,-0.14662043577138698,-0.20823710547005078,-0.26693179388311444,-0.18010167499021487,-0.26030876801937475,61.0,-1,Noise
-0.3447662807988184,-0.40218342493479947,-0.11561857058861837,-0.147817728666281,-0.19903715035254765,-0.2546206843939859,-0.11771700412498373,-0.1537828055774434,-0.20604037947403342,-0.26076434806476173,-0.18683365977539912,-0.2750538744429887,61.0,-1,Noise
-0.2951231257928541,-0.37111833724858656,-0.11561857058861837,-0.14336744616108393,-0.15921959157770327,-0.2287851006128941,-0.1201042512564251,-0.15114168171146009,-0.2060620576910994,-0.2532109120317656,-0.07940049677675472,0.010300058722684647,62.2,-1,Noise
-0.06347378294436538,-0.013416805813788233,-0.08314701918358322,-0.09335564548978643,-0.15485184916107494,-0.2228230428172575,-0.12208750271946868,-0.15427521850160977,-0.04839397627958229,-0.009959097521301051,-0.031174703361951227,0.12051890824218185,62.2,-1,Noise
-0.14133741773507907,-0.11375571867158679,-0.093079735667834,-0.11345195752899351,-0.20025605521300208,-0.24047541001610304,-0.12208750271946868,-0.15423045369032193,-0.08850349523317975,-0.07868146339205732,0.03199118970273922,0.07396837738366795,62.4,-1,Noise
0.5434443139648533,0.8371055018548323,0.0006461379688812073,0.03423438495431075,-0.15850856374243819,-0.22551181397999556,-0.12208750271946868,-0.15400662963388265,0.2182818153027255,0.33280175911710647,0.15368252183566206,0.27152488956151977,63.0,-1,Noise
3.3633916632250513,2.7786165698005054,5.863933305663955,7.554699982371739,1.2289098936698055,1.2499221357990065,0.48526489439815734,0.562901823141077,-0.09011490936841617,-0.09715431169361229,-0.10945949493123087,-0.18836479942798895,63.8,-1,Noise
-0.25343803380311314,-0.24505044732574494,-0.09902548443286299,-0.12148778846906787,-0.17211966801751255,-0.23486406150256273,-0.1201777050143156,-0.15476763142577615,-0.1508283692978167,-0.1797787070729504,-0.12562623788663319,-0.13706069584159508,63.9,-1,Noise
-0.33536725163973985,-0.3950670931081029,-0.11262898744390211,-0.14049308088684348,-0.1962946144165252,-0.24176134405045602,-0.12208750271946868,-0.15476763142577615,-0.16191798167244814,-0.17529635574048644,-0.14141459256813074,-0.21457102420759677,64.3,-1,Noise
-0.3398258254518861,-0.40913584892671606,-0.11493479662774603,-0.1386585515974735,-0.1959898882014116,-0.2528671379835045,-0.1168355590302977,-0.15333515746456486,-0.20994245854590635,-0.26405028231224476,-0.1387658746507976,-0.1696132275618786,64.7,-1,Noise
-0.3437931608062408,-0.3949077382687335,-0.11495022010054766,-0.144057078316853,-0.1973103684669039,-0.2549713936760821,-0.11400758935151332,-0.14559084511176637,-0.20546470237639292,-0.2601956286757743,-0.18880876340292382,-0.2837892827028579,66.3,-1,Noise
-0.3451031300270183,-0.4043005678007073,-0.11561857058861837,-0.147817728666281,-0.21041359571678891,-0.2578939710268844,-0.11187743037268873,-0.1444269600182822,-0.20928488596157221,-0.2583715138947998,-0.11165082042955829,0.09174296279966135,66.3,-1,Noise
-0.34062584236886095,-0.4043187797823495,-0.11561857058861837,-0.14389275190473613,-0.20523325005985762,-0.25777706793285227,-0.11900244488806755,-0.15476763142577615,-0.1918772776576058,-0.22967435480011508,-0.16844232641846896,-0.24530915252052024,66.4,-1,Noise
-0.34363409311514637,-0.41036515768756576,-0.1153589421297909,-0.1460263013866466,-0.20513167465481977,-0.2578939710268844,-0.11297923674104628,-0.1477395560535833,-0.20528164187672482,-0.2659965664434462,-0.1866881258238973,-0.27782884436012756,67.8,-1,Noise
-0.20262994188295747,-0.22023206934281273,-0.09556034421009642,-0.11389644700439153,-0.21234352841250842,-0.2519319132312478,-0.12208750271946868,-0.15476763142577615,-0.1470105944034225,-0.17926475325475436,-0.11071108691414654,-0.10002552040901021,68.3,-1,Noise
-0.32457871941433664,-0.38525083500294754,-0.11561857058861837,-0.14314924223679765,-0.20299859114902452,-0.25263333179544034,-0.10376079012578812,-0.1459489636020692,-0.20661605657167395,-0.2668812410485378,-0.18213083408544026,-0.2767369183276439,68.5,-1,Noise
-0.3471335823192234,-0.4177136922802006,-0.11479855595133162,-0.14331626252452295,-0.19934187656766125,-0.2576601648388202,-0.1146319462935826,-0.14863485227934034,-0.20561885858663975,-0.2616742990871416,-0.18635963490479318,-0.27459411611352186,68.5,-1,Noise
-0.3296033870683189,-0.39088744332121395,-0.11561857058861837,-0.14543364875278258,-0.2011702338583429,-0.2498276575386702,-0.11962680183013683,-0.153290392653277,-0.19810374333710673,-0.26667060423780165,-0.18277534158494832,-0.2763182098490224,68.6,-1,Noise
-0.34388673003629633,-0.39072353548643396,-0.11556201785501238,-0.14593201574035006,-0.19812297170720686,-0.2486586265983493,-0.11801081915654575,-0.15431998331289762,-0.20207326575096263,-0.25109190571576057,-0.18807693553251467,-0.2807680136806475,70.0,-1,Noise
1.9371954233340738,2.4049431304654822,0.025858374841948396,0.05192506607515162,0.06333212086026627,0.027934093881574515,-0.12208750271946868,-0.1514998002017629,0.9380925608332391,1.2054532150518626,0.6150043575319349,0.8479304751901872,70.0,-1,Noise
-0.2122909648861915,-0.2325342629421308,-0.10657013321166114,-0.13578418632323302,-0.1738464499031563,-0.2262132325441881,-0.12208750271946868,-0.15476763142577615,-0.14688775117338207,-0.17930688061690156,-0.1147361402013969,-0.12003321771098523,70.2,-1,Noise
-0.18199324819420917,-0.12416386618011423,-0.11138482730457049,-0.13800663370022306,-0.18776228039334428,-0.24164444095642393,-0.12208750271946868,-0.15467810180320044,-0.09865612689240467,-0.1021506168442723,-0.08084752006597282,0.010809076873165752,70.4,-1,Noise
-0.19127999427722103,-0.22832274218736795,-0.09538040369407738,-0.1190875453019186,-0.16348575858929373,-0.22703155420241275,-0.12208750271946868,-0.15476763142577615,-0.11004200823360424,-0.1286360894262281,-0.08178725358138458,-0.10509107200331409,70.5,-1,Noise
-0.3317040162830656,-0.3648215445957898,-0.11390399452883698,-0.1413901414644649,-0.19355207848050276,-0.24900933588044558,-0.1156970257829949,-0.15270845010653494,-0.20493719909445454,-0.26017035225848595,-0.14023784661741603,-0.1762715133689782,70.8,-1,Noise
-0.3427264715836077,-0.39784897330395164,-0.11544891238780042,-0.1431142218538875,-0.1950757095560708,-0.2488924327864135,-0.11808427291443625,-0.15476763142577615,-0.18929756982675647,-0.2165221923377537,-0.1469074597090995,-0.1866817555433337,70.8,-1,Noise
-0.3463569577097625,-0.41154893649430996,-0.1151661487197705,-0.1457191995672807,-0.19873242413743405,-0.25625732771043513,-0.11628465584611893,-0.15221603718236856,-0.19912261953920687,-0.23833574045758305,-0.1599015625217621,-0.1883073296368056,70.8,-1,Noise
-0.3383801808475281,-0.37163737872538977,-0.11270867538671053,-0.1320127604713711,-0.1950757095560708,-0.24550224305948287,-0.11580720641983065,-0.1514102705791872,-0.20779631505637625,-0.25712875671145685,-0.08194526187158656,0.11945161212020533,70.8,-1,Noise
-0.3399708577584722,-0.38563783961284465,-0.11561857058861837,-0.14700417823252224,-0.19416153091073,-0.24830791731625304,-0.11679883215135245,-0.15373804076615555,-0.20716523807067827,-0.26757634252396684,-0.1829582985525506,-0.27039061138696824,71.9,-1,Noise
1.5738661030284302,2.0925848803243956,-0.06124311722646602,-0.06550097169817769,-0.18796543120342002,-0.19979313329293588,-0.12208750271946868,-0.15476763142577615,0.7752867419770894,1.0569331998018465,0.8052671294996159,1.2650954794199594,71.9,-1,Noise
-0.3446867469532712,-0.4113394987054244,-0.11512244888016589,-0.14374997649748708,-0.2069600319455014,-0.2578939710268844,-0.11532975699354238,-0.15154456501305077,-0.20973771982917228,-0.26559635650304764,-0.1594774350059568,-0.1063225675286716,72.1,-1,Noise
-0.2757542951713583,-0.2902161617984449,-0.10842866168425776,-0.1340627998094189,-0.18887960984876082,-0.2387218636056217,-0.12208750271946868,-0.15476763142577615,-0.15085968227802307,-0.18091193311471057,-0.11965518776215846,-0.09752968947761897,72.4,-1,Noise
-0.32530388094726703,-0.3287663739396093,-0.11330247908957335,-0.1376887563784233,-0.20391276979436534,-0.253451653453665,-0.12208750271946868,-0.15476763142577615,-0.20651970894026966,-0.2668054117966728,-0.1823013167143424,-0.27293570213937374,72.9,-1,Noise
-0.3420106669736829,-0.4062082728777296,-0.11561857058861837,-0.1468856477057494,-0.19172372118982114,-0.23381193365627392,-0.12208750271946868,-0.15476763142577615,-0.1889916660970479,-0.22737420082687698,-0.1832784732458546,-0.26811644965014136,72.9,-1,Noise
-0.34332063619446035,-0.3903274248857157,-0.11561857058861837,-0.1452046693260624,-0.20157653547849436,-0.2576601648388202,-0.11900244488806755,-0.15476763142577615,-0.1978821437848769,-0.2276101140549014,-0.1871663088074033,-0.27300138190072615,72.9,-1,Noise
-0.3450984515655155,-0.4129922360394557,-0.11561857058861837,-0.14611789315733467,-0.19070796713944246,-0.24386559974303362,-0.11415449686729433,-0.14939585407123385,-0.20333060234078834,-0.2550940051197462,-0.13626269068496627,-0.13839892097915024,72.9,-1,Noise
-0.10418575494152879,-0.07755029916685795,-0.0905425743919656,-0.10412037242124374,-0.21234352841250842,-0.24445011521319407,-0.12208750271946868,-0.15476763142577615,-0.1062386854839207,-0.10660769175944794,-0.09711821584387643,-0.03207159731978276,73.0,-1,Noise
-0.3346280547223011,-0.3942065769755081,-0.11386800642563318,-0.1403987952405469,-0.2017796862885701,-0.24234585952061646,-0.11639483648295468,-0.15203697793721713,-0.2000306959651921,-0.25761322137614984,-0.18462570182547147,-0.2748650451291005,74.6,-1,Noise
-0.3453838377171849,-0.4043688627318656,-0.11540264196939552,-0.14646540311082767,-0.19009851470921524,-0.23439644912643437,-0.11628465584611893,-0.15069403359858155,-0.20657029144675693,-0.2641598134538275,-0.18043432402221904,-0.25078520262327664,74.6,-1,Noise
-0.3477464607760872,-0.41799142500024444,-0.11456977443810742,-0.14233838567864734,-0.1943646817208057,-0.24445011521319407,-0.1166886515145167,-0.15163409463562647,-0.20865140028508913,-0.2614299603866878,-0.17693735107327527,-0.22692702931201714,74.6,-1,Noise
-0.2572182306973568,-0.29934491759660653,-0.1055933132675578,-0.13310378009280258,-0.18715282796311705,-0.24222895642658437,-0.12157332641423516,-0.1546333369919126,-0.15438359689663425,-0.1806507434693978,-0.1430487309378512,-0.18590180837727394,75.6,-1,Noise
-0.34350777465457144,-0.4168258581751425,-0.1103206076812579,-0.13618557378889545,-0.1940599555056921,-0.23802044504142916,-0.11657847087768093,-0.15373804076615555,-0.17835970497158676,-0.2310519195423291,-0.17843842983019406,-0.26965992404192274,76.7,-1,Noise
-0.2744630397965919,-0.2866784843644441,-0.1027451119568565,-0.12036983009155167,-0.1965993406316388,-0.24257966570868064,-0.12208750271946868,-0.15476763142577615,-0.17335685421092006,-0.2138344666327612,-0.1413854857778304,-0.16214215470804302,77.6,-1,Noise
-0.29916999499275604,-0.3397117749065821,-0.10717421922972505,-0.13526696220640624,1.0321583341114544,1.1980171620487587,0.6847285739498189,0.8728981413094563,-0.16403040349098674,-0.19571548817324286,-0.15716552423352786,-0.17939951200338627,77.7,-1,Noise
-0.33882931315179465,-0.3816266506561462,-0.11258528760429748,-0.13662198163746805,-0.1895906376840259,-0.235214770784659,-0.11268542170948427,-0.14617278765850844,-0.19718362345719595,-0.2486400932387925,-0.1547080795095971,-0.18733034318668865,79.3,-1,Noise
-0.322810260966287,-0.3792818580197107,-0.11247732329468606,-0.1407974888306009,-0.1947709833409572,-0.25111359157302315,-0.1203246125300966,-0.15002256142926376,-0.18506309142653882,-0.25282755303622595,-0.1754362723163565,-0.2662363664814289,79.5,-1,Noise
-0.15457278532643454,-0.05775842811717784,-0.05715332635523337,-0.04792612722850115,-0.17537008097872434,-0.2319414841517605,-0.12208750271946868,-0.15476763142577615,-0.14003020850818318,-0.17338377349900275,-0.08625722494894052,-0.11807103484058226,79.8,-1,Noise
-0.33607369932665915,-0.37587166445720543,-0.11328448503797145,-0.1387770821242463,-0.19497413415103293,-0.24608675852964332,-0.11184070349374348,-0.1433973693586616,-0.2106722918537937,-0.26741625854780743,-0.15698256726592558,-0.17880018418104562,80.0,-1,Noise
-0.33341633319308195,-0.39268587650838294,-0.11384487121643073,-0.14094295811345842,-0.1919268719998969,-0.23954018526384632,-0.11650501711979043,-0.14926155963737028,-0.20125431088402634,-0.26748787506345767,-0.18430552713216747,-0.2781161933160443,80.7,-1,Noise
-0.3240547317260256,-0.35730910216837497,-0.1156160000098181,-0.14466589420436785,-0.19324735226538917,-0.24573604924754705,-0.11496248820408987,-0.1503806799195666,-0.20118686754204335,-0.2667548589620961,-0.18880876340292382,-0.28592387494681093,81.6,-1,Noise
-0.2310562739738291,-0.26593959026936864,-0.10567814236796678,-0.13102141424745312,-0.20127180926338076,-0.235214770784659,-0.12208750271946868,-0.15476763142577615,-0.1359257994103613,-0.1583948580470227,-0.0714959241537558,-0.12239768911967164,82.2,-1,Noise
-0.29906239037819216,-0.3444833140968432,-0.11449522765289953,-0.1407974888306009,-0.1973103684669039,-0.24690508018786794,-0.12208750271946868,-0.15221603718236856,-0.1887387535646117,-0.2640376441036006,-0.1825715940528458,-0.27479115539757903,83.3,-1,Noise
-0.34324110234891314,-0.40171901940292293,-0.11453892749250416,-0.14276132414917755,-0.2081789368059558,-0.24819101422222095,-0.11558684514615915,-0.1512312113340358,-0.20346548902475434,-0.2511382458141225,-0.18176076203733563,-0.2612857544694917,83.4,-1,Noise
-0.347709033084065,-0.41708082591813356,-0.11516100756216996,-0.1457191995672807,-0.19720879306186603,-0.24924314206850975,-0.11742318909342173,-0.15476763142577615,-0.20014149574130702,-0.23670962427870043,-0.18396871998726327,-0.26834632881487475,83.4,-1,Noise
-0.3415194285158913,-0.40271612539783436,-0.11502733746455582,-0.14271552826383352,-0.19324735226538917,-0.2476064987520605,-0.1168355590302977,-0.15418568887903406,-0.20462888667396087,-0.26109294148951007,-0.18341984908445638,-0.27218859485399016,83.4,-1,Noise
-0.34716633154974286,-0.41518222683193234,-0.11515329582576915,-0.14327046663917892,-0.20279544033894878,-0.2578939710268844,-0.1135668668041703,-0.14447172482957005,-0.20784208018129327,-0.26461478896501744,-0.1622675287618917,-0.18991648378993942,83.6,-1,Noise
-0.030121030891069822,0.009088650500582322,-0.10366280858855358,-0.12824133461950918,-0.1937552292905785,-0.24445011521319407,-0.12208750271946868,-0.15440951293547334,-0.05020772044076767,-0.02277424108648468,0.023841288418637235,0.11655349265053067,85.0,-1,Noise
-0.34792892077469545,-0.42003116694417286,-0.11515586640456942,-0.14452311879711877,-0.19822454711224471,-0.2578939710268844,-0.11345668616733455,-0.14585943397949347,-0.20784689756286348,-0.2658112060499984,-0.18775676083921067,-0.28135092156265007,85.0,-1,Noise
-0.33941879930114455,-0.3927632774303623,-0.11488852620934113,-0.14376344587552944,-0.18684810174800345,-0.2375528326653008,-0.12135296514056365,-0.15476763142577615,-0.19939721028870905,-0.24390076499723048,-0.1768749793797745,-0.24863419043898552,85.7,-1,Noise
-0.34240833620141886,-0.3850368442186515,-0.11561857058861837,-0.14754295335421677,-0.19822454711224471,-0.25017836682076644,-0.1191860792827938,-0.15476763142577615,-0.20590308409928235,-0.2589570842286461,-0.156217474492316,-0.16825037251381628,85.7,-1,Noise
-0.3385111777696058,-0.3899677382482819,-0.11561857058861837,-0.1469556884715697,-0.20574112708504697,-0.2499445606327023,-0.118194453551272,-0.15315609821941345,-0.19472194147481686,-0.225693319077203,-0.040705098128870486,0.21131296834170657,85.7,-1,Noise
-0.34006442698852773,-0.39818134196892213,-0.11482940289693488,-0.14376344587552944,-0.20005290440292633,-0.25567281224027466,-0.12208750271946868,-0.15476763142577615,-0.20319330696603727,-0.2535395054565139,-0.17004735799788906,-0.23838814766801103,86.4,-1,Noise
-0.32767586092917483,-0.35005618047936177,-0.11528439534458301,-0.14495144501886595,-0.186441800127852,-0.23802044504142916,-0.1214631457773994,-0.15476763142577615,-0.1692693059485939,-0.20478129650732413,-0.1714652744968068,-0.24870808017050697,86.4,-1,Noise
-0.3425486900465022,-0.41266442036989576,-0.115369224444992,-0.1453932406186555,-0.20492852384474403,-0.2578939710268844,-0.12208750271946868,-0.15476763142577615,-0.1960250431895596,-0.23963747594793205,-0.16825521133796661,-0.23653269440980573,86.4,-1,Noise
-0.3322560747403933,-0.397876291276415,-0.11263669918030292,-0.1368671243178391,-0.19233317362004834,-0.24445011521319407,-0.11279560234632002,-0.14662043577138698,-0.20258631688819037,-0.26594601360886955,-0.18099566926372607,-0.2763182098490224,86.5,-1,Noise
-0.34523412694909605,-0.40014823598628163,-0.11561857058861837,-0.14779348378580476,-0.20330331736413812,-0.2578939710268844,-0.1159908408145569,-0.1513207409566115,-0.20499500767329712,-0.25302555163831786,-0.1790579886523018,-0.24855209073729503,87.0,-1,Noise
-0.31892245945747955,-0.37184226351886474,-0.11408907620245656,-0.14224948778356775,-0.21153092517220545,-0.2578939710268844,-0.12091224259322063,-0.15248462605009566,-0.20813594045707628,-0.2621671892242641,-0.12821258411046554,-0.06616760343184772,87.5,-1,Noise
-0.34362473619214084,-0.4010907060362664,-0.11561857058861837,-0.14425642511187997,-0.1943646817208057,-0.24164444095642393,-0.11823118043021726,-0.15476763142577615,-0.2070327600774974,-0.2572593515341132,0.049916814414863536,0.8239163124457157,88.5,-1,Noise
-0.3433159577329576,-0.3959640332039821,-0.1147728501633289,-0.14318695649531626,-0.20005290440292633,-0.2504121730088306,-0.11290578298315578,-0.14653090614881126,-0.20529850271222055,-0.2598206951526641,-0.18294998232675053,-0.26513623047877616,88.7,-1,Noise
-0.16328875910610766,-0.15745536862208823,-0.10267827690804943,-0.12116991114726808,-0.1546486983509992,-0.2276160696725732,-0.12208750271946868,-0.1539618648225948,-0.11296134146515362,-0.11183991013813238,-0.06458098240096927,0.006121183906638162,89.9,-1,Noise
-0.19896670652628326,-0.2145180601025669,-0.07089049946388662,-0.07460627125481575,-0.17506535476361074,-0.2328767089040172,-0.12208750271946868,-0.1545438073693369,-0.11191356097363218,-0.13851916858596536,-0.04428939144871534,-0.03845895411130372,89.9,-1,Noise
-0.32884547630486904,-0.3701212312536752,-0.11556201785501238,-0.14483022061648468,-0.19223159821501049,-0.24363179355496944,-0.12194059520368768,-0.15476763142577615,-0.20065454687853476,-0.22369226937521014,-0.08496405183702434,-0.016874942536871086,90.6,-1,Noise
-0.33058118552239923,-0.37079962756984775,-0.10730274816973864,-0.12844337529014463,-0.2017796862885701,-0.2504121730088306,-0.12135296514056365,-0.15476763142577615,-0.15712468701008572,-0.1752289519610509,-0.15959386216715823,-0.14559906481740714,93.8,-1,Noise
2.2641590623786336,2.8585034272740937,2.0843547428905156,3.4141323558807932,1.0068660582570252,1.0909339279153647,0.4373730442535492,0.505199981391035,-0.09177931470092493,-0.08905321995270232,-0.10580867180498518,-0.16153461691553334,94.3,-1,Noise
-0.3366257577839868,-0.36326897316079076,-0.11450293938930035,-0.14211748787875256,-0.19781824549209323,-0.24959385135060602,-0.1155501182672139,-0.15127597614532365,-0.20633905713138667,-0.24041683214765558,-0.15703246462072618,-0.1467074107902289,94.8,-1,Noise
-0.12869621475457627,-0.063836676990268,-0.06272634119422293,-0.050816655756392465,-0.21234352841250842,-0.2498276575386702,-0.12208750271946868,-0.15423045369032193,-0.08671383797984544,-0.08742710377381972,-0.05602358605266218,-0.03013404435988695,95.0,-1,Noise
-0.1960426680870478,-0.19267278812272676,0.07900766211637103,0.18099134035269188,0.8109271019389772,0.9769534112340774,0.48284092038777077,0.5703775466261484,-0.180373370467936,-0.22819568438874774,-0.17898730073300093,-0.2663513060637956,95.5,-1,Noise
-0.3444575023396351,-0.4107931392561579,-0.11522784261097703,-0.14623103593289052,-0.1944662571258436,-0.24737269256399633,-0.12043479316693236,-0.15476763142577615,-0.2070255340051421,-0.2652677630782993,-0.18606025077598945,-0.2776318050760704,95.5,-1,Noise
-0.3230909686564536,-0.4003212498118827,-0.11561857058861837,-0.14469552683606104,-0.2031001665540624,-0.24152753786239184,-0.12135296514056365,-0.14679949501653838,-0.2026730297564542,-0.2577817308247387,-0.0910182642195001,0.015488759869524292,95.5,-1,Noise
-0.2877358350799696,-0.3296587610400779,-0.11054167745808129,-0.1358165128305347,-0.17211966801751255,-0.22258923662919333,-0.10060227853649649,-0.13529493851556026,-0.20145904960076041,-0.26704975049712665,-0.1881600977905157,-0.28277945637206475,95.9,-1,Noise
-0.3445136438776684,-0.40705057702868214,-0.11561857058861837,-0.14520736320167088,-0.19253632443012408,-0.2376697357593329,-0.11367704744100605,-0.147829085676159,-0.2094221813363233,-0.2655542291409004,-0.16830510869276724,-0.1574296318310083,96.0,-1,Noise
-0.2095681002915754,-0.2568335994482598,-0.10181713300995833,-0.12518378580389256,-0.17608110881398942,-0.23498096459659482,-0.12208750271946868,-0.15476763142577615,-0.13840434222823614,-0.1716102115526049,-0.08027370048576564,-0.12509876930528913,96.1,-1,Noise
-0.17693583130970747,-0.16922030876296087,-0.07822693135986274,-0.08340446899208791,-0.1970056422517903,-0.23743592957126872,-0.12208750271946868,-0.15476763142577615,-0.10544140883405036,-0.10781253431685837,-0.04664288335014479,0.027302906942787343,96.3,-1,Noise
-0.3073900518531348,-0.34373662284951223,-0.11338730818998233,-0.14140361084250727,0.22158660190926513,0.26115576647559313,0.014242671925305324,0.02796232825123822,-0.20428926127326083,-0.26546997441660597,-0.1847130221963726,-0.2737156493054335,96.5,-1,Noise
-0.3461323915576292,-0.41037426367838686,-0.11482940289693488,-0.14266165075166407,-0.19964660278277488,-0.2500614637267344,-0.1157704795408854,-0.1484110282229011,-0.20868271326529553,-0.2617880429649391,-0.1555230696380073,-0.09725876046204032,96.8,-1,Noise
-0.20017374959399967,-0.21114429050334607,-0.043033137005339596,-0.03291854621369918,-0.18471501824220823,-0.23381193365627392,-0.12208750271946868,-0.15476763142577615,-0.10999865179947232,-0.12003368207576623,-0.04783210363955968,-0.07374540589788092,96.8,-1,Noise
-0.09110477657976496,-0.044372621610147815,-0.09760395435631261,-0.12138811507155438,-0.147843146213462,-0.22738226348450902,-0.12208750271946868,-0.15418568887903406,-0.13529713111544842,-0.16061497003218106,-0.06673904299609627,-0.0757732685296363,97.2,-1,Noise
-0.3464130992477958,-0.4138117752133555,-0.11561857058861837,-0.14419177209727663,-0.20127180926338076,-0.2522826225133441,-0.11408104310940383,-0.14742620237456833,-0.2100990234469383,-0.2673488547683719,-0.14089482845562423,-0.036201212314814955,100.0,-1,Noise
-0.001194103419401086,0.08347548951822062,-0.10348543865133482,-0.13136084257412067,-0.1937552292905785,-0.22551181397999556,-0.12208750271946868,-0.1547228666144883,-0.12065229114199943,-0.14325849682752737,-0.08244839353249285,-0.08193074615642384,100.1,-1,Noise
-0.33017883783316043,-0.387126669112096,-0.10977307439679998,-0.13850230681218206,-0.21234352841250842,-0.2578939710268844,-0.12091224259322063,-0.1537828055774434,-0.19487368899427857,-0.25548578958771534,-0.17496224744575056,-0.2668603242142767,101.2,-1,Noise
-0.34200598851218006,-0.3835070377607052,-0.11364693664880979,-0.1344372485189966,-0.19781824549209323,-0.252165719419312,-0.11859844921966978,-0.15476763142577615,-0.20775777600381454,-0.2650192116416307,-0.18489597916397488,-0.2748157853080862,101.2,-1,Noise
-0.34726457924130116,-0.415778669230715,-0.11561857058861837,-0.1466405050253784,-0.2017796862885701,-0.2522826225133441,-0.1166886515145167,-0.15203697793721713,-0.2023478565004648,-0.24826515971568225,-0.17183950465781148,-0.21492405292486594,101.6,-1,Noise
-0.3458891115594848,-0.40894917611488335,-0.11554145322461021,-0.14542826100156564,-0.1895906376840259,-0.2362668986309478,-0.11415449686729433,-0.1485900874680525,-0.20493479040366944,-0.2580850478321987,-0.17298714381822583,-0.2342667426431479,101.6,-1,Noise
-0.3465815238618958,-0.41401666000683046,-0.11555687669741184,-0.14677519880580203,-0.1940599555056921,-0.24573604924754705,-0.11566029890404965,-0.15136550576789934,-0.20653897846655053,-0.26145523680397614,-0.15885787618384903,-0.17192843914955072,101.6,-1,Noise
-0.34421422234149074,-0.3964648626991431,-0.11481140884533299,-0.144154057838758,-0.20035763061803996,-0.2578939710268844,-0.11738646221447648,-0.15431998331289762,-0.20827082714104228,-0.26658213677729253,-0.18346143021345693,-0.2517621890733936,102.0,-1,Noise
-0.34135100390179135,-0.39555881661244274,-0.11561857058861837,-0.14738940244453383,-0.18857488363364722,-0.24374869664900153,-0.11720282781975021,-0.15342468708714058,-0.2042073657865672,-0.2625800373733068,-0.18415167695486556,-0.27428213724709793,102.0,-1,Noise
-0.33347247473111524,-0.3746059317330713,-0.11519699566537377,-0.14432107812648332,-0.1965993406316388,-0.24713888637593215,-0.11936971367752006,-0.1545438073693369,-0.20531295485693118,-0.26603026833316396,-0.1811037801991274,-0.259364621449934,102.0,-1,Noise
-0.3425019054314744,-0.4026523834620866,-0.11549261222740505,-0.14588352597939755,-0.1959898882014116,-0.2419951502385202,-0.11393413559362282,-0.14917203001479457,-0.21044105753842346,-0.2677954048071324,-0.1534689618653816,-0.14560727478757618,102.5,-1,Noise
-0.33668189932202014,-0.3894623557577104,-0.11198377216503384,-0.1375783074784759,-0.18552762148251117,-0.2307724532114396,-0.1168355590302977,-0.153290392653277,-0.2033089241237224,-0.26575222774299234,-0.18294998232675053,-0.2673529224244197,102.5,-1,Noise
-0.3399240731434444,-0.3719287704316653,-0.11515586640456942,-0.14333781352939073,-0.20025605521300208,-0.2578939710268844,-0.11709264718291446,-0.15405139444517052,-0.1933803007075124,-0.2127096660634305,-0.18762785933930906,-0.2719669256594258,102.8,-1,Noise
-0.3360082008656203,-0.34051310209883967,-0.11214828920825125,-0.12648223384717644,-0.19527886036614653,-0.24000779763997468,-0.11738646221447648,-0.1547228666144883,-0.19757142267359812,-0.2059397989663726,0.018606224277471724,0.7017847962109269,102.8,-1,Noise
-0.23754997853968324,-0.2403563090574633,-0.10758037068016801,-0.13375300411444452,-0.1729322712578155,-0.2328767089040172,-0.12208750271946868,-0.15476763142577615,-0.14102499780243227,-0.16140696444054875,-0.1096466100117332,-0.12011531741267573,104.4,-1,Noise
-0.33061861321442143,-0.36020025425407703,-0.11495022010054766,-0.14417291496801732,-0.19812297170720686,-0.23930637907578214,-0.11195088413057923,-0.14375548784896441,-0.2094631290796701,-0.2662324796714706,-0.11917284666575242,-0.08686493822802294,105.7,-1,Noise
-0.34481306541384615,-0.41068842036171516,-0.11301200368514262,-0.13557945177698907,-0.1898953638991395,-0.24141063476835975,-0.1191860792827938,-0.15476763142577615,-0.20934751192198497,-0.26579014236892484,-0.16776871212866054,-0.1697281671442453,106.3,-1,Noise
-0.13937246390391284,-0.10577431771688488,-0.09708212685985741,-0.11418199781888964,-0.21234352841250842,-0.24269656880271273,-0.12208750271946868,-0.15476763142577615,-0.11219537779548967,-0.12123852463317666,-0.028638254492919485,-0.011924330524933894,106.4,-1,Noise
-0.3440972608039213,-0.40950919455038154,-0.11519699566537377,-0.14442883315082222,-0.19913872575758554,-0.25415307201785753,-0.1137137743199513,-0.14738143756328048,-0.20652452632183987,-0.265802780577569,-0.17162328278700878,-0.2280025354041627,108.9,-1,Noise
-0.32344185326916186,-0.3807479225419092,-0.11445923954969572,-0.14421871085336135,-0.1944662571258436,-0.24912623897447767,-0.1201777050143156,-0.1545438073693369,-0.13891016729310854,-0.162114704124622,-0.11294815165437452,-0.19215780564609009,108.9,-1,Noise
-0.34246915620095497,-0.4008812682473809,-0.11561857058861837,-0.1457488321989739,-0.19466940793591933,-0.2498276575386702,-0.11786391164076475,-0.15427521850160977,-0.157717224943222,-0.1530573212629702,-0.1568495076531239,-0.19645162004450328,108.9,-1,Noise
-0.3447194961837906,-0.4033626507461331,-0.11426644613967533,-0.14198818184954587,-0.195685161986298,-0.24819101422222095,-0.11760682348814798,-0.15405139444517052,-0.19392707351573163,-0.21904140859415733,-0.16534037419503014,-0.21553159071737565,108.9,-1,Noise
-0.3402936716021638,-0.37938657691415345,-0.11556201785501238,-0.14432646587770026,-0.1962946144165252,-0.25017836682076644,-0.11892899113017703,-0.15476763142577615,-0.20624270949998239,-0.26351105207676034,-0.16613041564604003,-0.20659914317344916,108.9,-1,Noise
-0.3467546269374985,-0.41526418074932236,-0.11561857058861837,-0.147817728666281,-0.19934187656766125,-0.25719255246269185,-0.11760682348814798,-0.15476763142577615,-0.20214793516530094,-0.25129832979028194,-0.0915380283320066,0.02115363928616884,108.9,-1,Noise
-0.33861410392266694,-0.3678629455300402,-0.11482940289693488,-0.1409241009841991,-0.19964660278277488,-0.2576601648388202,-0.11867190297756028,-0.15476763142577615,-0.20782040196422732,-0.26413032430032446,-0.14711952346700213,-0.11856363305072526,110.6,-1,Noise
-0.15010953305278552,-0.11691094449110101,-0.10612028192161355,-0.13032370046485867,-0.16247000453891505,-0.22001736856048737,-0.12208750271946868,-0.15476763142577615,-0.14160067490007278,-0.17014839208609642,-0.10046133861551827,-0.10298931964003728,111.2,-1,Noise
-0.14694689307690842,-0.14101450219457617,-0.09780960066033437,-0.12268386923922979,-0.1962946144165252,-0.24351489046093736,-0.12208750271946868,-0.1545438073693369,-0.09093868161692267,-0.09144184138644956,-0.021727470853033004,0.015020791569888439,111.3,-1,Noise
1.06065759001983,1.5437440485591118,0.1886017186871649,0.3478365261634547,0.07074712542803066,0.0659275994420036,0.02100041765123162,0.01735306797601715,-0.045002539654152,-0.01737351325921137,0.08159331848745993,0.1559941893426472,111.4,-1,Noise
-0.3402094592951138,-0.37590808842048984,-0.114433533761693,-0.1381332458538213,-0.19080954254448032,-0.24433321211916198,-0.11279560234632002,-0.14608325803593275,-0.2091403645144658,-0.26102132497385977,-0.18582739645358654,-0.2745202263820004,111.4,-1,Noise
-0.1983959342229445,-0.19747164528545114,-0.06330472142428412,-0.05765371205069643,-0.17882364475001186,-0.23474715840853064,-0.12208750271946868,-0.15476763142577615,-0.10883043676869555,-0.11352921736023582,-0.09530527861945375,-0.041160034296921194,111.8,-1,Noise
-0.34785406539065106,-0.4190158489676192,-0.11561857058861837,-0.147817728666281,-0.1940599555056921,-0.24678817709383585,-0.11613774833033792,-0.15042544473085445,-0.20558995429721846,-0.2529581478588823,-0.14575566243578508,-0.1288343057322069,112.0,-1,Noise
-0.3476622484690372,-0.4163386876662132,-0.11431785771568077,-0.1420339777348899,-0.1965993406316388,-0.24561914615351496,-0.11264869483053902,-0.14147248247328392,-0.19903349798015793,-0.2401514297661281,-0.15841711621644353,-0.16687930749558494,112.0,-1,Noise
-0.3266372424755584,-0.39406998711319147,-0.11561857058861837,-0.14245961008102861,-0.207264758160615,-0.2531009441715687,-0.11139998094640045,-0.14738143756328048,-0.20454699118726724,-0.2626516538889571,-0.18067965268332212,-0.2697748636242895,112.4,-1,Noise
1.297963192825176,1.7962713860101027,0.10584450479121009,0.20402128292952582,-0.16500938966486176,-0.1826083784702187,-0.1201042512564251,-0.1530218037855499,0.32361386333544334,0.5448877511110594,0.2851620517353074,0.568651919949611,113.3,-1,Noise
-0.34080362390596647,-0.39571361845640163,-0.1147728501633289,-0.14411095582902245,-0.1943646817208057,-0.2451515337773866,-0.11749664285131223,-0.15476763142577615,-0.2075289503792294,-0.2601872032033449,-0.13723568910357845,-0.03718640873510096,113.3,-1,Noise
-0.04148969234281736,0.001589867059399173,-0.08908248563341113,-0.10317751595827826,-0.21234352841250842,-0.25298404107753664,-0.12208750271946868,-0.1545438073693369,0.002316190819269941,0.03989863557993112,0.053135193799503815,0.15942595687331013,113.4,-1,Noise
-0.33236835781645996,-0.3897583004593964,-0.11490909083974331,-0.14452311879711877,-0.1934505030754649,-0.24596985543561123,-0.12028788565115135,-0.15476763142577615,-0.20732662035328042,-0.266287245242262,-0.18158612129553345,-0.2664334057654861,113.8,-1,Noise
-0.3410328685196025,-0.38581085343844573,-0.11551060627900694,-0.14551446502103677,-0.21031202031175106,-0.2578939710268844,-0.11580720641983065,-0.15127597614532365,-0.19451479406729769,-0.23710140874666955,-0.18542405950228147,-0.27420003754540745,115.1,-1,Noise
-0.3351660777951204,-0.38862005160675783,-0.11561857058861837,-0.14602091363542966,-0.20005290440292633,-0.24807411112818886,-0.11749664285131223,-0.15221603718236856,-0.19783156127838966,-0.2604989456832343,-0.18812267477441524,-0.28167932036941207,116.1,-1,Noise
-0.34428439926403237,-0.41160357243923656,-0.10955200461997659,-0.11814199496334465,-0.18562919688754903,-0.23661760791304406,-0.11764355036709323,-0.15360374633229198,-0.2019937789550541,-0.2329687145200275,-0.10107673932472597,-0.04971482321307137,116.1,-1,Noise
-0.3394702623776751,-0.3901498580647041,-0.11493479662774603,-0.14495144501886595,-0.2037096189842896,-0.25415307201785753,-0.1159173870566664,-0.15279797972911063,-0.2078950713785656,-0.2669275811468997,-0.1758520836063617,-0.25637619230839975,116.4,-1,Noise
-0.3444762161856462,-0.41585607015269443,-0.11507360788296071,-0.14502956741151166,-0.1988339995424719,-0.2532178472656008,-0.1159908408145569,-0.1508283280324451,-0.20351607153124157,-0.2663335853406239,-0.17205988464151423,-0.24846178106543548,116.4,-1,Noise
-0.3462119254031764,-0.411680973361216,-0.11293745689993474,-0.13598622699386848,-0.19974817818781274,-0.2554390060522105,-0.11694573966713345,-0.15458857218062474,-0.20251164747385206,-0.2222473008535606,0.029255151414504982,1.013993541799563,116.4,-1,Noise
-0.3457253654068876,-0.40524303785069204,-0.11458262733210878,-0.14361797659267192,-0.2075694843757286,-0.2578939710268844,-0.11639483648295468,-0.15266368529524707,-0.2010640243120029,-0.24157533460670408,-0.18499161576067608,-0.27197513562959486,116.8,-1,Noise
-0.3380714023883448,-0.39182080738037756,-0.11512244888016589,-0.1447386288457966,-0.20360804357925175,-0.2578939710268844,-0.11529303011459713,-0.14926155963737028,-0.20905365164620196,-0.264121898827895,-0.15339827394608072,-0.10416334537421143,117.2,-1,Noise
-0.23909854929710236,-0.21844729514187539,-0.10428745923701965,-0.12364827670706306,-0.19080954254448032,-0.233928836750306,-0.12208750271946868,-0.15476763142577615,-0.14964811081311438,-0.1814216741966919,-0.08941323264008001,-0.08071567057140444,117.3,-1,Noise
-0.3461323915576292,-0.4106611023892518,-0.11482940289693488,-0.14263201811997087,-0.20157653547849436,-0.256140424616403,-0.118194453551272,-0.15476763142577615,-0.20851892229190827,-0.2661735013644645,-0.17196424804481303,-0.22965273940814177,117.8,-1,Noise
-0.3472365084722845,-0.4153825586299968,-0.11561857058861837,-0.14738670856892536,-0.2031001665540624,-0.2578939710268844,-0.11749664285131223,-0.15476763142577615,-0.19943574934127076,-0.2408254675604836,-0.15627568807291672,-0.17200232888107217,117.8,-1,Noise
-0.3416223546689524,-0.3976805124737611,-0.11492708489134522,-0.144154057838758,-0.18806700660845788,-0.2408261192981993,-0.11749664285131223,-0.15078356322115727,-0.2072784465375783,-0.2655331654598268,-0.18312878118145276,-0.27066154040254686,117.9,-1,Noise
-0.3392176254565251,-0.3938787613059482,-0.1129323157423342,-0.14105879476462277,0.5194056894802951,0.8981607258564489,0.37240319539939915,0.6656818298579865,-0.186623923055288,-0.21947532042427365,-0.17985218821621174,-0.261663413097268,118.2,-1,Noise
-0.3465113469393541,-0.4143353696855692,-0.1153589421297909,-0.14313577285875528,-0.21163250057724334,-0.2578939710268844,-0.11540321075143288,-0.1512312113340358,-0.205669441093127,-0.26114770706030144,-0.18490429538977496,-0.27405225808236455,118.5,-1,Noise
-0.3398445392978972,-0.39502156315399733,-0.11561857058861837,-0.1466405050253784,-0.21041359571678891,-0.2578939710268844,-0.11771700412498373,-0.15257415567267138,-0.19724865810839382,-0.250843354279092,-0.18582739645358654,-0.27239384410821643,118.5,-1,Noise
2.0233960765227357,2.62664668898702,-0.059646787791497145,-0.0629848918798641,-0.13616197463410715,-0.1827252815642508,-0.12208750271946868,-0.15342468708714058,1.6500317048780238,2.3937186554573593,0.8207477838265096,1.4981026427877695,118.5,-1,Noise
-0.34303525004279095,-0.3893986138219626,-0.11502733746455582,-0.14388467027791071,-0.19609146360644947,-0.24842482041028513,-0.11389740871467757,-0.14675473020525054,-0.205240694133378,-0.25858215070553586,-0.18215578276284058,-0.2592332619272292,119.0,-1,Noise
-0.31565689332854135,-0.36170729573497057,-0.1004264498790112,-0.12778606964167727,-0.15068725755452234,-0.21803001596194185,-0.11286905610421052,-0.1496196781276731,-0.19251076333408887,-0.2631024166639323,-0.17932410787790515,-0.2730095918708952,120.4,-1,Noise
-0.3449534192589294,-0.4130969549338984,-0.11557487074901375,-0.14460393506537295,-0.19009851470921524,-0.23790354194739707,-0.11400758935151332,-0.14970920775024882,-0.19836629063268335,-0.25344682525979,-0.18234289784334293,-0.26964350410158466,120.5,-1,Noise
0.15042079850108553,0.281749333657045,-0.07610877442843865,-0.07492684245222402,-0.16653302074042978,-0.22469349232177094,-0.12208750271946868,-0.1538723352000191,0.051041596711194216,0.1315340737225591,-0.022588200223343777,0.04638287761565971,120.6,-1,Noise
-0.33738834700893944,-0.3727756275780284,-0.11492708489134522,-0.14329740539526364,-0.20005290440292633,-0.25275023488947246,-0.1155501182672139,-0.152081742748505,-0.20565498894841636,-0.26532674138530543,-0.17766086271788434,-0.2618850822918323,122.9,-1,Noise
-0.3453744807941794,-0.4031714249388898,-0.11527154245058166,-0.14558719966246553,-0.20482694843970617,-0.2546206843939859,-0.11378722807784182,-0.14765002643100758,-0.20175531856732853,-0.2480629483773756,-0.18509556858317736,-0.2723856341380474,122.9,-1,Noise
-0.33550760548482317,-0.39478480739264854,-0.11466231527491721,-0.14119079466943793,-0.19964660278277488,-0.25263333179544034,-0.11231815292003175,-0.14581466916820562,-0.20339081961041602,-0.254158777680078,-0.0955007099257562,0.08385318146720423,122.9,-1,Noise
-0.3471990807802623,-0.4178912591012123,-0.11460576254131123,-0.1428286710393894,-0.20005290440292633,-0.25485449058205006,-0.11400758935151332,-0.1488586763357796,-0.20876942613355937,-0.2659418008726548,-0.18366517774555946,-0.2614910037237179,122.9,-1,Noise
-0.3053549210994269,-0.31147409737032355,-0.10940805220716136,-0.13088402659142098,0.9151434675078302,1.1694928071049289,0.43157019738019947,0.600235675755146,-0.18657574923958586,-0.230280988815035,-0.17994366670001288,-0.258543624433029,123.0,-1,Noise
-0.3455429054082793,-0.4059760701117913,-0.11561857058861837,-0.147817728666281,-0.20025605521300208,-0.25204881632527987,-0.11602756769350216,-0.15266368529524707,-0.20439283497702043,-0.2553341310839854,-0.17981476520011128,-0.25739422860936195,124.4,-1,Noise
-0.34286214696718825,-0.40378152632390407,-0.11532038344778682,-0.14616099516707023,-0.19223159821501049,-0.23463025531449855,-0.11415449686729433,-0.14836626341161321,-0.20785653232600393,-0.2672730255165069,-0.18124515603772917,-0.2656288286889192,124.4,-1,Noise
-0.339891323912925,-0.3970203281392307,-0.11381916542842802,-0.14196932472028656,-0.19791982089713112,-0.24386559974303362,-0.11720282781975021,-0.15409615925645836,-0.20418327887871612,-0.26201974345674883,-0.18709146277520233,-0.26723798284205297,124.9,-1,Noise
-0.3412761485177469,-0.4075058765697376,-0.1155054651214064,-0.14367185410484137,-0.17730001367444384,-0.226096329450156,-0.1213896920195089,-0.15476763142577615,-0.2020949439680286,-0.25900342432700807,-0.18527852555077964,-0.27355965987222153,125.0,-1,Noise
-0.31701832562584936,-0.3888477013772855,-0.11561857058861837,-0.14329471151965517,-0.18684810174800345,-0.24573604924754705,-0.11518284947776138,-0.15020162067441517,-0.19843855135623656,-0.26449261961479054,-0.17241748235091872,-0.2715728470913114,125.0,-1,Noise
-0.3357929916364925,-0.3994926046471618,-0.10253689507403446,-0.12263268560266881,-0.2066553057303878,-0.25239952560737616,-0.11959007495119157,-0.15476763142577615,-0.2010567982396476,-0.2647201073703855,-0.1687167618698724,-0.24901184906676183,125.6,-1,Noise
-0.33506315164205935,-0.3840761621870245,-0.11429986366407886,-0.14309267084901972,-0.20066235683315356,-0.2497107544446381,-0.11110616591483845,-0.14250207313290453,-0.20854060050897422,-0.2592646139723208,-0.11498978508830007,-0.06846639507918173,126.3,-1,Noise
-0.20835637876235624,-0.26962751655191775,-0.09776590082072975,-0.11765709735381955,-0.18065200204069348,-0.23275980580998512,-0.12208750271946868,-0.15476763142577615,-0.14534378038012866,-0.17231373850046341,-0.12855354936826982,-0.10899901780378193,126.3,-1,Noise
-0.18027157436118732,-0.22400650253816234,-0.09802295870075695,-0.12133423755938492,-0.1809567282558071,-0.23778663885336498,-0.12208750271946868,-0.15427521850160977,-0.11056710282475751,-0.11215586535423652,-0.04572394039923329,-0.009297140070837871,127.2,-1,Noise
-0.34666573616894575,-0.4202041807697739,-0.11446438070729627,-0.14422140472896983,-0.19162214578478326,-0.24748959565802842,-0.11936971367752006,-0.15476763142577615,-0.19491463673762538,-0.24264958234145811,-0.18498745764777602,-0.2723035344363569,127.2,-1,Noise
-0.3413743962093052,-0.40135022677466803,-0.11498106704615092,-0.14263471199557934,-0.19040324092432886,-0.23802044504142916,-0.12102242323005638,-0.15476763142577615,-0.20797455817447413,-0.26556265461332984,-0.18142811300533146,-0.26654013537768373,127.2,-1,Noise
-0.015697334078009058,0.019041498468054308,-0.06709118399708469,-0.0665408076830482,-0.11381538552577612,-0.20353403230196274,-0.12208750271946868,-0.15476763142577615,-0.04554690377158612,-0.022622582582754697,0.0395256902776335,0.16892489235890107,127.4,-1,Noise
-0.33987728852841664,-0.3796916276066606,-0.11457491559570797,-0.14102108050610412,-0.19781824549209323,-0.2340457398443381,-0.11845154170388877,-0.15427521850160977,-0.20431575687189701,-0.26229778404692045,-0.1848668723736745,-0.2707928999252517,127.4,-1,Noise
-0.342216519279805,-0.3852644939891792,-0.11468545048411966,-0.14385234377060904,-0.2008655076432293,-0.2578939710268844,-0.11646829024084518,-0.15024638548570304,-0.21195612404225558,-0.26603448106937866,-0.1563131110890172,-0.035248855775205146,127.4,-1,Noise
2.514171366625521,2.8694715932181194,0.7836675757409166,1.2274785041005116,-0.18948906227898804,-0.1837774094105396,-0.12208750271946868,-0.15185791869206572,0.7820792499910904,1.1899250693643981,0.5075711945332906,0.9240943684484647,127.4,-1,Noise
-0.3473581484713567,-0.41816899182125605,-0.11449779823169981,-0.14385234377060904,-0.19995132899788848,-0.2552051998641463,-0.11602756769350216,-0.1529322741629742,-0.2042362700759885,-0.2554731513790712,-0.1863055794370925,-0.27764822501640846,127.4,-1,Noise
0.17554413677099676,0.3191704029363919,0.008558379516118238,0.00813611805942627,0.0937031669665889,0.08977583062454987,0.008880547599298587,0.013145175714959004,-0.08329108837420876,-0.09556189740444745,-0.04173215201518334,-0.017728779434452294,127.8,-1,Noise
-0.2678710875391795,-0.26179636444576415,-0.099611576399325,-0.1219107269395981,-0.20218598790872158,-0.23930637907578214,-0.12208750271946868,-0.15476763142577615,-0.15033940506844004,-0.17792089040225811,-0.1375018083291818,-0.16373488892083876,128.0,-1,Noise
-0.10419043340303157,-0.06116406868427256,-0.08953233692345872,-0.10200029231737565,-0.1604384964381577,-0.23240909652788885,-0.11628465584611893,-0.14993303180668807,-0.19533134024344886,-0.25724671332546906,-0.16240058837469337,-0.234611561390248,130.5,-1,Noise
-0.33854860546162807,-0.3934689917189983,-0.11438983392208839,-0.14321658912700946,-0.19324735226538917,-0.24339798736690527,-0.11437485814096585,-0.14984350218411235,-0.20421940924049273,-0.25241049215096845,-0.12073629711617198,-0.08678283852633244,130.7,-1,Noise
-0.3406351992918665,-0.3811121621747536,-0.1155800119066143,-0.14704458636664933,-0.20157653547849436,-0.2578939710268844,-0.11437485814096585,-0.1496196781276731,-0.20440006104937575,-0.259942864502891,-0.1690452527889765,-0.2269516592225243,131.2,-1,Noise
-0.34199663158917454,-0.39497148020448125,-0.11561857058861837,-0.14493797564082359,-0.19497413415103293,-0.252165719419312,-0.11610102145139267,-0.1502911502969909,-0.19832775158012164,-0.2455479448571867,-0.18354459247145796,-0.26946288475786556,131.8,-1,Noise
-0.34318496081087985,-0.39819044795974323,-0.11490394968214276,-0.14496222052129984,-0.19223159821501049,-0.24386559974303362,-0.1156970257829949,-0.15243986123880782,-0.2051708421006099,-0.2638859855998706,-0.1821973638918411,-0.26399504462527823,131.8,-1,Noise
-0.33461869779929554,-0.38768668754759417,-0.11383201832242937,-0.13887944939736827,-0.18471501824220823,-0.22270613972322542,-0.1157704795408854,-0.15176838906949003,-0.20525273758730353,-0.26201131798431937,-0.15266644607567156,-0.19130396874850888,131.8,-1,Noise
-0.3349134408739705,-0.40097688115100255,-0.10760607646817073,-0.10471571893071623,-0.19233317362004834,-0.24924314206850975,-0.1203980662879871,-0.15476763142577615,-0.2069653167355144,-0.2633846699903187,-0.10760081846490761,-0.057711334157726134,132.1,-1,Noise
-0.34177206543704125,-0.3936237935629571,-0.11465717411731667,-0.1439843436754242,-0.20482694843970617,-0.2578939710268844,-0.11742318909342173,-0.15006732624055164,-0.20206844836939242,-0.2565179099603222,-0.1865592243239957,-0.27851848185432776,133.0,-1,Noise
-0.3444247531091157,-0.4032397198700481,-0.11561857058861837,-0.147817728666281,-0.1970056422517903,-0.2499445606327023,-0.1144115850199111,-0.14832149860032537,-0.20947035515202544,-0.2652677630782993,-0.1434562260020563,-0.014535101038691815,133.0,-1,Noise
-0.2036685603365739,-0.219922465654895,-0.09317227650464378,-0.11367554920449675,-0.1619621275137257,-0.23170767796369632,-0.12208750271946868,-0.15476763142577615,-0.11958524112419715,-0.1259483637212356,-0.06825675420461526,-0.036800540137155606,133.3,-1,Noise
-0.3305484362918798,-0.39250375669196075,-0.11518671335017268,-0.1451831183211946,-0.17760473988955744,-0.2350978676906269,-0.1155501182672139,-0.14827673378903752,-0.20797455817447413,-0.26678434811559915,-0.14899899049782567,-0.14495868714422125,133.6,-1,Noise
-0.3455054777162571,-0.40524303785069204,-0.11484225579093624,-0.14234107955425582,-0.1931457768603513,-0.2439825028370657,-0.11529303011459713,-0.15100738727759652,-0.20691232553824207,-0.26407555872953303,-0.1742221033495413,-0.23208289057818057,133.7,-1,Noise
-0.33977904083685834,-0.4020604940587145,-0.11561857058861837,-0.14606132176955675,-0.19812297170720686,-0.25380236273576123,-0.11588066017772115,-0.15020162067441517,-0.20732662035328042,-0.266059757486667,-0.18339490040705608,-0.2731573713339381,133.9,-1,Noise
-0.33547485625430373,-0.4016507244717646,-0.11455178038650551,-0.1443426291313511,-0.20421749600947894,-0.2578939710268844,-0.11378722807784182,-0.1503806799195666,-0.1854460732613708,-0.2479449917633634,-0.1860976737920899,-0.27722951653778694,133.9,-1,Noise
-0.3439709423433463,-0.4122546507829459,-0.11512501945896615,-0.14478711860674912,-0.1963961898215631,-0.25368545964172917,-0.11650501711979043,-0.15203697793721713,-0.20470355608829918,-0.2601745649947007,-0.13820037129639054,-0.15520472991519574,133.9,-1,Noise
-0.21543489101605748,-0.2054166222768686,-0.09628781801057339,-0.1106503268961818,-0.19101269335455606,-0.2518150101372157,-0.12124278450372789,-0.15391710001130696,-0.09793592834765776,-0.0851985663162319,-0.06385331264346016,-0.021529995622722477,134.2,-1,Noise
-0.33813222238788093,-0.39432040186077194,-0.11529210708098384,-0.1432219768782264,-0.2037096189842896,-0.2578939710268844,-0.11900244488806755,-0.15476763142577615,-0.2096389635069829,-0.26543205979067347,-0.18594798172768803,-0.271663156763171,134.2,-1,Noise
-0.11321518564188794,-0.07602049270891166,-0.09122634835283792,-0.10916869531152176,-0.17760473988955744,-0.23591618934885153,-0.12061842756165861,-0.1538723352000191,-0.05617886489704728,-0.02466575964689476,-0.026064382607787276,0.06606217611087273,134.3,-1,Noise
-0.346179176172657,-0.40929065077067495,-0.11530753055378547,-0.14642768885230906,-0.20157653547849436,-0.2578939710268844,-0.11775373100392898,-0.15476763142577615,-0.19783637865995987,-0.23986496370352703,-0.1685712279183706,-0.21988287490697217,135.3,-1,Noise
-0.33474969472137334,-0.3858518303971407,-0.11522784261097703,-0.14561144454294178,-0.1953804357711844,-0.2487755296923814,-0.12109587698794688,-0.15476763142577615,-0.20594403184262916,-0.24961744804060793,-0.1282250584491657,-0.006300500959134595,135.3,-1,Noise
-0.34726457924130116,-0.41513214388241626,-0.1153229540265871,-0.14451503717029335,-0.19822454711224471,-0.23357812746820975,-0.1124283335568675,-0.13851800492828564,-0.20345344557082878,-0.2559576160437642,-0.1778188710080863,-0.256745640966007,135.6,-1,Noise
-0.24438988925674288,-0.25933319392865417,-0.10808677470382158,-0.13634451244979537,-0.1947709833409572,-0.23907257288771797,-0.11650501711979043,-0.14988826699540023,-0.19818082144223012,-0.25771432704530317,-0.1724715378186194,-0.24802665264647583,135.6,-1,Noise
-0.341776743898544,-0.4078063742668342,-0.11462375659291313,-0.14250271209076418,-0.19202844740493474,-0.24468392140125825,-0.11727628157764072,-0.15060450397600586,-0.2092078078564488,-0.26660741319458087,-0.1574649083623316,-0.15059072668018958,136.0,-1,Noise
-0.2902107412149385,-0.37222016213794074,-0.11399139420804623,-0.1404607543795418,-0.19233317362004834,-0.2340457398443381,-0.11378722807784182,-0.1477395560535833,-0.20151444948881786,-0.2601872032033449,-0.1799686153774132,-0.26399504462527823,136.7,-1,Noise
-0.3472411869337873,-0.41266897336530634,-0.1153769361813928,-0.14430491487283248,-0.2043190714145168,-0.2578939710268844,-0.11738646221447648,-0.1532008630307013,-0.20737479416898258,-0.26602605559694925,-0.18426394600316695,-0.26918374577211784,136.8,-1,Noise
-0.334735659336865,-0.36967959069885137,-0.11561857058861837,-0.1444315270264307,-0.21234352841250842,-0.2408261192981993,-0.12157332641423516,-0.15391710001130696,-0.20080147701642626,-0.2623778260350002,-0.18454253956747044,-0.2778781041811419,136.8,-1,Noise
-0.3451405577190405,-0.41216814387014533,-0.11082701170491148,-0.1289902320386646,-0.18552762148251117,-0.23357812746820975,-0.1168355590302977,-0.15078356322115727,-0.2011001546737795,-0.24935625839529518,-0.180592332312421,-0.25964376043568166,137.4,-1,Noise
-0.34056502236932484,-0.40115444797201416,-0.11028976073565464,-0.1129778354219023,-0.19720879306186603,-0.24842482041028513,-0.11610102145139267,-0.14787385048744683,-0.2057465191982504,-0.24777648231477453,-0.07904705718025029,0.17665868425814624,137.4,-1,Noise
-0.22734157554062434,-0.21735002324793176,-0.07782592106702031,-0.08814299618739156,0.6733940035177035,0.6969705010272229,0.30721298527157753,0.3686225421517966,-0.19500375829667435,-0.254870730100366,-0.17886255734599937,-0.2705794407008564,138.6,-1,Noise
-0.32768989631368317,-0.3793410469600479,-0.11526126013538057,-0.14379577238283112,-0.21234352841250842,-0.25029526991479856,-0.11059198960960492,-0.14738143756328048,-0.1941679425942423,-0.2563873151376658,-0.18109962208622735,-0.2747665254870719,139.1,-1,Noise
-0.33049229475384645,-0.37885387645111857,-0.11533837749938873,-0.1442645067387054,-0.20482694843970617,-0.2452684368714187,-0.11239160667792225,-0.14465078407472146,-0.20627402248018878,-0.26473274557902965,-0.15387229881668665,-0.20887330491027603,139.1,-1,Noise
1.1397235894167574,1.577062868973549,0.1083996601186804,0.19346398441992094,1.0818287071749721,1.2668730844336593,0.5441380813473957,0.6245877330957378,-0.0879856267143818,-0.0719832128106497,-0.12827495580396633,-0.197551756047156,140.4,-1,Noise
0.52758432947044,0.7974671238105455,0.068401453986449,0.14619724299365722,-0.12976272411672146,-0.20026074566906424,-0.12208750271946868,-0.1537828055774434,0.06111233288372551,0.11086217711691937,0.0902047703034677,0.13035445250470382,141.4,-1,Noise
-0.3474423607784067,-0.4228358121170744,-0.11501962572815501,-0.14480328186039995,-0.19050481632936672,-0.23696831719514036,-0.11543993763037813,-0.14957491331638526,-0.2111395778661044,-0.26760161894125517,-0.16548590814653197,-0.18157515409818456,141.4,-1,Noise
-0.2660745583221132,-0.3099078669490928,-0.08920073225822364,-0.09818307058016969,-0.21234352841250842,-0.2578939710268844,-0.12208750271946868,-0.15476763142577615,-0.14866777366357595,-0.17334585887307025,-0.11007905375333862,-0.11641262086643414,142.6,-1,Noise
-0.3481815576958454,-0.4236507982955636,-0.11507617846176099,-0.1441836904704512,-0.18552762148251117,-0.2329936119980493,-0.11834136106705301,-0.15476763142577615,-0.20947517253359565,-0.26603448106937866,-0.1475561253215076,-0.0709211761597277,142.6,-1,Noise
-0.3474330038554011,-0.42202082593858514,-0.1120249014258382,-0.13475243196518794,-0.19172372118982114,-0.2431641811788411,-0.1156970257829949,-0.15212650755979285,-0.20705443829456338,-0.2650318498502749,-0.17610988660616492,-0.24227967352814078,142.6,-1,Noise
-0.3462072469416736,-0.4133200517090156,-0.11532038344778682,-0.1447386288457966,-0.19497413415103293,-0.2477234018460926,-0.11621120208822842,-0.15091785765502083,-0.20267784713802442,-0.25484966641929235,-0.18360696416495872,-0.2725908833922736,143.1,-1,Noise
-0.33787958546673097,-0.36346930495885515,-0.11538721849659389,-0.1455791180356401,-0.19944345197269914,-0.2578939710268844,-0.11951662119330106,-0.15476763142577615,-0.2010327113317965,-0.2537290785861764,-0.18480865879307376,-0.2740686780227026,143.1,-1,Noise
-0.3440925823424185,-0.40614908393739235,-0.11527925418698247,-0.14433454750452568,-0.19162214578478326,-0.24211205333255229,-0.11624792896717367,-0.15127597614532365,-0.2074253766754698,-0.2447728013936779,-0.12357213011400747,0.037943028281876234,143.1,-1,Noise
-0.3342163501100568,-0.39051409769754847,-0.11531010113258573,-0.14399242530224962,-0.20543640086993337,-0.2578939710268844,-0.11716610094080496,-0.1539618648225948,-0.20467465179887792,-0.26576065321542175,-0.15363944449428374,-0.20821650729675203,143.7,-1,Noise
0.10490872500207317,0.217802513115808,-0.062160813858163105,-0.060579260961497884,-0.14378013001194728,-0.22492729850983512,-0.12208750271946868,-0.15467810180320044,-0.06312793781208023,-0.05408329663429689,0.02933415555960597,0.07185841505022207,144.2,-1,Noise
-0.34204809466570507,-0.38787791335483746,-0.11465460353851639,-0.14194238596420183,-0.20096708304826716,-0.2578939710268844,-0.1159173870566664,-0.15158932982433862,-0.2075289503792294,-0.26287914164455206,-0.17088313869079952,-0.22704196889438386,145.1,-1,Noise
-0.34386333772878247,-0.4044690286308978,-0.11517386045617133,-0.14570573018923832,-0.19558358658126013,-0.25204881632527987,-0.1170559203039692,-0.1537828055774434,-0.20432539163503743,-0.262592675581951,-0.18839295211291862,-0.28131808168197386,145.7,-1,Noise
-0.32191199635775386,-0.3676170837778702,-0.1140042471020476,-0.1430441810880672,-0.21234352841250842,-0.2578939710268844,-0.11510939571987087,-0.14626231728108416,-0.19908648917743027,-0.26150157690233805,-0.18142811300533146,-0.26267323942806114,146.4,-1,Noise
-0.3413416469787858,-0.38506871518652536,-0.11561857058861837,-0.1444126698971714,-0.20513167465481977,-0.2487755296923814,-0.1133465055304988,-0.1477395560535833,-0.208061271042738,-0.2603725635967926,-0.10959671265693259,0.03237666850726029,146.4,-1,Noise
-0.33631697932480353,-0.36168908375332837,-0.11529724823858438,-0.14411364970463092,-0.1953804357711844,-0.25275023488947246,-0.11801081915654575,-0.15476763142577615,-0.20578746694159722,-0.26507818994863686,-0.18781913253271146,-0.2819830892656669,147.0,-1,Noise
0.4457346454793605,0.7148985520401409,-0.07373613019578765,-0.07610406609312663,-0.2017796862885701,-0.2297203253651508,-0.12208750271946868,-0.15476763142577615,0.37392418776396785,0.6121819994050249,0.20056940289664876,0.4553871714973961,147.6,-1,Noise
-0.3458470054059598,-0.416616420386257,-0.11561857058861837,-0.1439843436754242,-0.19913872575758554,-0.24070921620416721,-0.1201777050143156,-0.15476763142577615,-0.2067124042030782,-0.26426934459541024,-0.18453006522877027,-0.27311632148309284,147.7,-1,Noise
-0.34466335464575726,-0.4110207890266856,-0.11483454405453543,-0.14515617956510987,-0.19466940793591933,-0.23053864702337543,-0.1191126255249033,-0.1514102705791872,-0.2048890252787524,-0.2589318078113578,-0.18880876340292382,-0.28592387494681093,147.7,-1,Noise
-0.34380251772924636,-0.41016482588950137,-0.11471629742972292,-0.14326507888796197,-0.1867465263429656,-0.23451335222046646,-0.11970025558802733,-0.15476763142577615,-0.14934943315576116,-0.166293738449626,-0.15868323544204685,-0.21664814666036644,148.4,-1,Noise
-0.34491131310540446,-0.41333826369065785,-0.11505561383135882,-0.14389275190473613,-0.2037096189842896,-0.2554390060522105,-0.1166886515145167,-0.15288750935168635,-0.2073145768993549,-0.265575292821974,-0.16970223462718473,-0.22872501277903912,148.4,-1,Noise
-0.33091335628909635,-0.38489570136092427,-0.1116213205541955,-0.12842451816088532,-0.19162214578478326,-0.2375528326653008,-0.12208750271946868,-0.15476763142577615,-0.1678024132604639,-0.13224219162602993,0.33455211676212543,1.2687324962048485,148.4,-1,Noise
-0.3329999501193348,-0.37534806998499165,-0.10578867725637847,-0.12333848101208869,-0.2040143451994032,-0.2578939710268844,-0.11892899113017703,-0.15476763142577615,-0.18114656020995526,-0.20358487942234313,-0.16667512843594687,-0.23948828367066374,149.2,-1,Noise
-0.3437557331142186,-0.40826167380788964,-0.11331276140477443,-0.14184540644229682,-0.20127180926338076,-0.2566080369925314,-0.11779045788287423,-0.15364851114357983,-0.20473486906850558,-0.2665400094151453,-0.16783524193506136,-0.2453830422520417,149.2,-1,Noise
-0.3367286839370479,-0.3807388165510881,-0.11242591171868062,-0.13683210393492892,-0.19812297170720686,-0.24433321211916198,-0.1179740922776005,-0.1529322741629742,-0.19319001413548897,-0.23632626528316075,-0.0450295355449246,0.029314349634204612,149.2,-1,Noise
-0.31582999640414405,-0.357564069911366,-0.10890421876230806,-0.12986035386020134,0.47989285692056427,0.6441303025247184,0.1977301591357824,0.27340778854253406,-0.1942402033177955,-0.2475742709764679,-0.18354459247145796,-0.2717534664350305,149.4,-1,Noise
0.031714194791130676,0.11050207027527173,-0.10486583946708085,-0.13052574113549412,-0.18004254961046628,-0.2287851006128941,-0.12208750271946868,-0.1541409240677462,0.009792767016241268,0.06347732017372888,-0.08679362151304723,-0.03839327434995132,149.8,-1,Noise
-0.20273286803601856,-0.20844891722029785,-0.10738500669134735,-0.13610745139624975,0.2930956870559245,0.2790419398625028,-0.09142055880018359,-0.13023651484003293,-0.15849764075759656,-0.19365546016424393,-0.11232859283226677,-0.10864598908651278,150.0,-1,Noise
-0.22165256635324782,-0.2284183550909896,-0.09405912619073761,-0.11844101515588513,-0.20584270249008485,-0.24912623897447767,-0.12208750271946868,-0.15476763142577615,-0.14368900981076033,-0.17264233192521172,-0.10782535656151042,-0.15521293988536478,150.7,-1,Noise
-0.20088487574242175,-0.2184154241740015,-0.0955346384220937,-0.11154469359819477,-0.16561884209508898,-0.2239920737575784,-0.12208750271946868,-0.15476763142577615,-0.06745394646213194,-0.038483534431182166,-0.02640118975269149,0.13000142378743468,150.8,-1,Noise
-0.33283620396673763,-0.39656958159358585,-0.11561857058861837,-0.14563299554780956,-0.18796543120342002,-0.24117682858029557,-0.11779045788287423,-0.15145503539047506,-0.20394481849099055,-0.26433674837484583,-0.14064949979452118,-0.19389831932192872,150.8,-1,Noise
-0.33871235161422525,-0.39622810693779426,-0.11501191399175419,-0.14048769313562653,-0.1940599555056921,-0.24959385135060602,-0.1179740922776005,-0.15476763142577615,-0.18771505998094135,-0.2156922833034535,-0.14645838351589385,-0.17826653612005738,150.8,-1,Noise
-0.34207148697321893,-0.40239286272368496,-0.11277808101431788,-0.13875014336816158,-0.19588831279637375,-0.250879785384959,-0.11970025558802733,-0.15476763142577615,-0.17146603194461127,-0.19903933704665835,-0.16425926484101663,-0.20821650729675203,150.8,-1,Noise
-0.33748659470049774,-0.38643006081428116,-0.11561857058861837,-0.14672670904484952,-0.195685161986298,-0.24924314206850975,-0.11529303011459713,-0.1506492687872937,-0.19936830599928776,-0.2490276649705469,-0.1712823175292045,-0.2325262289673093,150.8,-1,Noise
-0.3448177438753489,-0.4005352405961788,-0.11516100756216996,-0.14400050692907504,-0.1889811852537987,-0.2396570883578784,-0.1159173870566664,-0.15176838906949003,-0.2077385064775337,-0.2661566504196056,-0.17852575020109515,-0.24806770249732107,150.8,-1,Noise
-0.3343145978016151,-0.37081783955149,-0.11561857058861837,-0.14752409622495746,-0.1944662571258436,-0.24257966570868064,-0.11679883215135245,-0.14948538369380954,-0.2086008177786019,-0.26086124099770036,-0.14455396780767005,-0.17831579594107166,150.8,-1,Noise
-0.3469370869361068,-0.41533702867589123,-0.11520470740177459,-0.14445577190690695,-0.195685161986298,-0.24900933588044558,-0.11507266884092562,-0.149037735580931,-0.2047493212132162,-0.2502493584728162,-0.13307341809062637,-0.04276918845005501,150.8,-1,Noise
-0.32617875324828627,-0.3853464479065692,-0.11164959692099849,-0.13938320413615268,-0.19050481632936672,-0.24445011521319407,-0.12208750271946868,-0.15476763142577615,-0.17960018072591674,-0.22734892440958865,-0.16487882366312437,-0.19673896900042004,151.4,-1,Noise
-0.04605587076952748,0.0033974062373892822,-0.06226363701017398,-0.05239796073856599,-0.1812614544709207,-0.22270613972322542,-0.12208750271946868,-0.15445427774676118,0.0013647579591527781,0.046521056909473744,0.08299876064767751,0.19913758258100533,151.5,-1,Noise
-0.34213230697275504,-0.3996929364452262,-0.11462632717171341,-0.14069242768187046,-0.20127180926338076,-0.2578939710268844,-0.11859844921966978,-0.15476763142577615,-0.1994261145781303,-0.24487390706283121,-0.18415999318066564,-0.27233637431703306,152.6,-1,Noise
-0.34646924078582914,-0.41534158167130175,-0.11488852620934113,-0.14425911898748844,-0.2014749600734565,-0.2578939710268844,-0.11635810960400943,-0.15279797972911063,-0.1963863468073256,-0.23844948433538052,-0.18463401805127158,-0.2701607322222348,152.6,-1,Noise
-0.34197791774316344,-0.41656633743674093,-0.11446438070729627,-0.14285560979547413,-0.2014749600734565,-0.256140424616403,-0.11716610094080496,-0.1512312113340358,-0.20432539163503743,-0.2632498624314476,-0.18063807155432157,-0.26790299042574606,153.2,-1,Noise
-0.33859539007665584,-0.38985391336301806,-0.10989646217921303,-0.13499488076995048,-0.18715282796311705,-0.24433321211916198,-0.11900244488806755,-0.15423045369032193,-0.14297362864758362,-0.17016103029474058,-0.183469746439257,-0.25571118472470666,153.2,-1,Noise
-0.33905387930392794,-0.40114534198119306,-0.11561857058861837,-0.14614213803781093,-0.19558358658126013,-0.2452684368714187,-0.11452176565674685,-0.14988826699540023,-0.20097249406216885,-0.2667169443361636,-0.1712490526260041,-0.25645829201009024,153.2,-1,Noise
0.06735939298078684,0.20970728727584223,-0.09328795255065603,-0.11349505953872907,-0.20706160735053927,-0.24491772758932243,-0.12208750271946868,-0.1537828055774434,0.008501708755424053,0.03995761388693723,0.12519944847030562,0.2004265478975462,154.2,-1,Noise
-0.3415007146698802,-0.37564856768208826,-0.11533837749938873,-0.1451130775553743,-0.15637548023664297,0.04243007754155362,-0.11613774833033792,-0.14675473020525054,-0.20551528488288015,-0.2474605270986704,-0.10807900144841359,0.19735601905432146,157.2,-1,Noise
-0.3447849946448295,-0.40997815307766866,-0.1151121665649648,-0.14502687353590318,-0.19253632443012408,-0.24924314206850975,-0.1144850387778016,-0.1475604968084319,-0.20553696309994612,-0.2661271612661026,-0.1862182590661914,-0.2783296525404396,157.3,-1,Noise
-0.3455429054082793,-0.4060124940750757,-0.1154874710698045,-0.14578385258188403,-0.19751351927697963,-0.2509966884789911,-0.11239160667792225,-0.1454565506779028,-0.20748318525431236,-0.26664532782051337,-0.187943875919713,-0.28319816485068633,157.3,-1,Noise
-0.3387357439217391,-0.39888705625755805,-0.11561857058861837,-0.14457699630928822,-0.1947709833409572,-0.2504121730088306,-0.11543993763037813,-0.15109691690017224,-0.20557309346172273,-0.2647790856773916,-0.18307888382665213,-0.27588308143006274,158.4,-1,Noise
-0.3362842300942841,-0.38612956311718455,-0.11428701077007751,-0.144946057267649,-0.19761509468201752,-0.24608675852964332,-0.11521957635670663,-0.15136550576789934,-0.20725917701129745,-0.2634478610335395,-0.11934332929465455,-0.026152208827897667,158.4,-1,Noise
-0.34344227619353257,-0.39144290876130156,-0.11437183987048648,-0.14187234519838154,-0.18491816905228395,-0.22913580989499036,-0.11661519775662618,-0.1539618648225948,-0.20925839036293603,-0.26774906470877047,-0.17253390951212016,-0.17956371140676727,158.9,-1,Noise
-0.337626948545581,-0.38451780274184827,-0.1027528236932573,-0.11460763016502834,-0.1947709833409572,-0.24667127399980376,-0.1166886515145167,-0.1532008630307013,-0.20233340435575414,-0.26105923959979227,-0.17053385720719513,-0.24920067838065,160.4,-1,Noise
-0.20088487574242175,-0.17897282493236846,-0.09691503923783973,-0.11277579475126684,-0.20553797627497122,-0.2331105150920814,-0.12208750271946868,-0.15423045369032193,-0.13078324458415838,-0.1375755156738677,-0.10512674128937664,-0.047292882013201594,160.4,-1,Noise
-0.33518947010263433,-0.3754664478656661,-0.11509417251336289,-0.14070320318430435,-0.20492852384474403,-0.2578939710268844,-0.11859844921966978,-0.15315609821941345,-0.19976814866961548,-0.2561935292717886,-0.1886715456772221,-0.28592387494681093,160.7,-1,Noise
-0.3343333116476262,-0.37376362758211873,-0.11501191399175419,-0.14259699773706072,-0.20675688113542565,-0.24819101422222095,-0.1170559203039692,-0.1494406188825217,-0.20242975198715843,-0.2579670912181865,-0.1854905893086823,-0.27773853468826804,160.7,-1,Noise
-0.32792381938882204,-0.3913518488530905,-0.11513787235296752,-0.1437580581243125,-0.20584270249008485,-0.24596985543561123,-0.11753336973025748,-0.15239509642751997,-0.18958179533939906,-0.25606293444913225,-0.18459243692227106,-0.27657271892426294,160.7,-1,Noise
-0.3256547655599753,-0.3736543556922654,-0.11561857058861837,-0.14369340510970915,-0.19355207848050276,-0.24900933588044558,-0.11808427291443625,-0.15364851114357983,-0.2044650957005736,-0.2551319197456787,-0.08705974073865057,0.03057868504023832,161.1,-1,Noise
-0.33854860546162807,-0.38702650321306376,-0.11561857058861837,-0.147817728666281,-0.1962946144165252,-0.253451653453665,-0.1192595330406843,-0.15405139444517052,-0.21033989252544896,-0.2654194215820293,-0.14737316835390532,-0.16697782713761353,161.2,-1,Noise
0.5267094571694207,0.8464983313868062,0.03342615882994899,0.09168667005621013,-0.2014749600734565,-0.2442163090251299,-0.12208750271946868,-0.15476763142577615,0.18439394464705877,0.30202772106856396,0.07343510097755784,0.22883304468245944,161.2,-1,Noise
-0.14631530077403357,-0.13874711048012006,-0.07031983097022625,-0.06940709133046324,-0.17638583502910302,-0.23591618934885153,-0.12208750271946868,-0.15476763142577615,-0.08433646017494509,-0.07424966489417001,-0.032197599135364026,0.04289364029381343,162.4,-1,Noise
-0.3313999162853852,-0.3752570100767806,-0.10145211082031971,-0.12382876637283073,-0.19324735226538917,-0.24924314206850975,-0.11808427291443625,-0.15476763142577615,-0.1954132357301425,-0.26027988340006875,-0.18546564063128199,-0.2742246674559146,162.7,-1,Noise
-0.3405322731388054,-0.3874453787908348,-0.10828985042904307,-0.12514607154537394,-0.20452222222459254,-0.2578939710268844,-0.11628465584611893,-0.15024638548570304,-0.20541171117912058,-0.26558371829440347,-0.18737005633950582,-0.2800455363057711,162.7,-1,Noise
-0.3481113807733038,-0.4213834065811075,-0.11527925418698247,-0.14460124118976447,-0.19416153091073,-0.23743592957126872,-0.11661519775662618,-0.15315609821941345,-0.20776500207616985,-0.2594373361571244,-0.12877808746487263,-0.05671792776727108,165.1,-1,Noise
-0.3431007485038298,-0.40844834661972235,-0.11235136493347274,-0.13981153035789984,-0.18745755417823068,-0.24234585952061646,-0.11393413559362282,-0.14675473020525054,-0.19808929119239607,-0.2567116958261994,-0.1842972109063674,-0.27374848918610967,165.4,-1,Noise
-0.34159428389993574,-0.3791543741482152,-0.11378060674642393,-0.1398357752383761,-0.19101269335455606,-0.2429303749907769,-0.11588066017772115,-0.1512312113340358,-0.20686656041332505,-0.2602967343449276,-0.1862806307596922,-0.2759816010720913,165.4,-1,Noise
-0.3388807762283252,-0.37058108379014115,-0.11159047360859224,-0.12846762017062088,-0.203404892769176,-0.2578939710268844,-0.11543993763037813,-0.14988826699540023,-0.20764938491848473,-0.26001026828232654,-0.15079529527064814,-0.0652480867729141,165.6,-1,Noise
-0.3412855054407525,-0.379268199033479,-0.10936178178875647,-0.11983644272107405,-0.19913872575758554,-0.2578939710268844,-0.11749664285131223,-0.15476763142577615,-0.20675576063721013,-0.2634815629232573,-0.18277949969784837,-0.2646025824177879,166.2,-1,Noise
0.002543987321317549,-0.06769761709841816,-0.0809054744697461,-0.08987515820363957,-0.21234352841250842,-0.23065555011740752,-0.12208750271946868,-0.15476763142577615,-0.03501369896831434,-0.006513079297658642,0.09902828587737811,0.1368074890575772,166.3,-1,Noise
3.420889955094178,4.31783406926041,1.0719374235610124,1.5010038578824056,0.42839412656636505,0.4814011956320498,0.5635298734304885,0.658250871184203,-0.08321160157830025,-0.08174412262016005,-0.059770045775609064,-0.07597030781369349,166.3,-1,Noise
-0.34286214696718825,-0.38738618985049755,-0.11465717411731667,-0.14345903793177203,-0.1970056422517903,-0.2497107544446381,-0.11867190297756028,-0.15476763142577615,-0.20339081961041602,-0.25010612544151567,-0.18751559029100764,-0.28161364060805966,166.7,-1,Noise
0.7462930478022481,0.9810484517595107,-0.05586546637629712,-0.06139281139525667,-0.17079918775202027,-0.2229399459112896,-0.12208750271946868,-0.15476763142577615,0.20027203430248242,0.31172122709863875,0.19338418380535885,0.3349140692367554,167.0,-1,Noise
-0.3451686284880572,-0.4183829826055521,-0.11388085931963454,-0.1424326713249439,-0.18776228039334428,-0.235214770784659,-0.11929625991962955,-0.15382757038873124,-0.19972720092626867,-0.25776487987987984,-0.18509556858317736,-0.27867447128753975,167.8,-1,Noise
1.5511849216629683,1.9364399027194314,-0.033917864579575296,-0.02806148849162273,-0.06404343705722064,-0.1312879201901314,-0.12208750271946868,-0.15212650755979285,1.4916434249217598,2.055178960506103,1.028304147345507,1.6352994542827652,167.8,-1,Noise
-0.2983231934607534,-0.34953258600714804,-0.11402738231125004,-0.14329471151965517,0.9090489432055581,1.0361063768143146,0.3720359266099466,0.45188509114720243,-0.1965959029056299,-0.2504557825473376,-0.1786338611364965,-0.26906880618975115,167.9,-1,Noise
-0.3242231563401256,-0.3680223003694096,-0.11535123039339008,-0.14626605631580067,-0.2066553057303878,-0.2557897153343068,-0.12208750271946868,-0.15476763142577615,-0.2083479052461657,-0.2589570842286461,-0.1402669534077164,-0.10906469756513433,170.5,-1,Noise
-0.3372339577793478,-0.36918331419910094,-0.11496307299454903,-0.14437764951426124,-0.19913872575758554,-0.25356855654769705,-0.11808427291443625,-0.15342468708714058,-0.2056790758562674,-0.2646442781185205,-0.1851704146153783,-0.2752591236972149,170.8,-1,Noise
-0.12346569479447184,-0.054507589394041975,-0.09142171234165859,-0.10322869959483924,-0.16622829452531618,-0.2350978676906269,-0.12208750271946868,-0.15476763142577615,-0.038142588298168,0.0024474106310545672,0.024968137014551334,0.19091119247161714,171.1,-1,Noise
-0.32455064864531996,-0.3764817658422197,-0.11225625351786267,-0.14016442806260979,-0.1947709833409572,-0.23731902647723663,-0.12208750271946868,-0.15476763142577615,-0.17452506924169683,-0.2151909676939016,-0.14255807361564507,-0.1885043689208628,171.2,-1,Noise
-0.3401767100645944,-0.3823050469723188,-0.11561857058861837,-0.14667552540828854,-0.19934187656766125,-0.2578939710268844,-0.1144115850199111,-0.14917203001479457,-0.20671722158464842,-0.24810928847573754,-0.11580477521671027,-0.035503364850445696,171.6,-1,Noise
-0.2999419411407142,-0.3347444569136672,-0.10113335904908599,-0.12268925699044674,-0.19903715035254765,-0.25380236273576123,-0.12135296514056365,-0.15423045369032193,-0.15192673229582537,-0.17356913389245052,-0.1291689500774775,-0.12493456990190811,172.7,-1,Noise
-0.3444996084931601,-0.4175270194683679,-0.11516871929857078,-0.14477364922870675,-0.1895906376840259,-0.23205838724579259,-0.11312614425682728,-0.14908250039221888,-0.17739863734832917,-0.23696660118779844,-0.1752782640261545,-0.24402839717414843,172.7,-1,Noise
-0.345276233102621,-0.40189203322852396,-0.11561857058861837,-0.14611250540611773,-0.19141899497470755,-0.24105992548626348,-0.11393413559362282,-0.14635184690365985,-0.2072760378467932,-0.25739837182919906,-0.18679623675929866,-0.2784692220333135,173.3,-1,Noise
-0.3475031807779428,-0.4158105401985889,-0.11473172090252455,-0.14077055007451617,-0.1895906376840259,-0.2396570883578784,-0.11338323240944405,-0.143576428603813,-0.20989428473020422,-0.2652256357161521,-0.17189356012551216,-0.17737985934179998,173.3,-1,Noise
-0.34282004081366324,-0.40626290882265625,-0.1118963724858246,-0.13476859521883877,-0.19791982089713112,-0.25684184318059555,-0.11709264718291446,-0.1489482059583553,-0.19901904583544727,-0.23491499865122895,-0.14628790088699173,-0.1674950552582637,173.9,-1,Noise
-0.34198727466616896,-0.405447922644167,-0.11379860079802584,-0.13463120756280667,-0.19101269335455606,-0.24351489046093736,-0.11716610094080496,-0.15351421670971627,-0.2026296733223223,-0.25962269655057213,-0.16782276759636122,-0.24899542912642372,173.9,-1,Noise
-0.30888715953402335,-0.36984349853363135,-0.11215600094465207,-0.141629896393619,-0.21234352841250842,-0.2532178472656008,-0.12208750271946868,-0.1547228666144883,-0.20097249406216885,-0.2565136972241075,-0.17836774191089316,-0.2740358381420264,174.8,-1,Noise
-0.34383058849826303,-0.40371323139274573,-0.11561857058861837,-0.14551446502103677,-0.19974817818781274,-0.25695874627462767,-0.11940644055646531,-0.15476763142577615,-0.20598979696754618,-0.2653604432750232,-0.1854406919538817,-0.2759487611914151,175.5,-1,Noise
-0.19629062654669496,-0.17505724887929167,-0.09453211268998765,-0.1122343257539638,-0.15637548023664297,-0.21265247363646572,-0.12208750271946868,-0.15431998331289762,-0.09937150805558137,-0.09562087571145356,-0.05219812218461431,-0.01966633239434811,176.1,-1,Noise
-0.32503253018010597,-0.3651721252424025,-0.11472400916612374,-0.14345634405616356,-0.1873559787731928,-0.24678817709383585,-0.1192595330406843,-0.15346945189842842,-0.20479990371970347,-0.2562398693701506,-0.08433617678911648,-0.04400889394558157,176.6,-1,Noise
-0.3411311162111608,-0.3755620607692877,-0.11553631206700966,-0.14673748454728341,-0.2014749600734565,-0.25204881632527987,-0.11507266884092562,-0.14693378945040195,-0.20876220006120405,-0.2541208630541455,-0.15508646778350182,-0.08555955297114398,176.7,-1,Noise
-0.331633839360524,-0.37591719441131094,-0.11561857058861837,-0.14310614022706208,-0.18654337553288985,-0.2361499955369157,-0.11779045788287423,-0.15333515746456486,-0.20155539723216467,-0.25314772098854477,-0.15578918886361062,-0.229857988662368,176.8,-1,Noise
-0.3473347561638428,-0.41739042960605127,-0.11519185450777322,-0.14595895449643478,-0.1953804357711844,-0.23837115432352543,-0.11621120208822842,-0.15261892048395923,-0.20600665780304195,-0.2515426684907358,-0.05965777672730766,0.36597238638627183,176.8,-1,Noise
-0.34047613160077206,-0.3979354802167522,-0.11236421782747409,-0.1330229638245484,-0.19751351927697963,-0.2543868782059217,-0.11892899113017703,-0.15373804076615555,-0.20054856448399005,-0.23401768583749322,-0.12009594772956397,-0.006054201854063092,178.4,-1,Noise
-0.29570793348070123,-0.36086043858860745,-0.11174470833660856,-0.14022908107721313,0.27135855037782064,0.32533556509921024,0.25326120010100284,0.33616805396810345,-0.19566133088100848,-0.25227147185588267,-0.17337384831793068,-0.2544386393485039,179.1,-1,Noise
-0.2438237954149069,-0.22210790345196116,-0.0932802408142552,-0.11108404086914592,-0.19842769792232046,-0.23591618934885153,-0.11507266884092562,-0.14805290973259827,-0.18900611824175856,-0.24409876359932242,-0.16249622497139457,-0.22404532978268057,179.2,-1,Noise
-0.3415381423619024,-0.3940244571590859,-0.11561857058861837,-0.147817728666281,-0.1950757095560708,-0.25263333179544034,-0.11801081915654575,-0.15476763142577615,-0.20460961714768003,-0.25555740610336564,-0.1767627103314731,-0.2450053836242654,179.3,-1,Noise
-0.3348105147209094,-0.3729031114495239,-0.11442068086769165,-0.14310883410267056,-0.2040143451994032,-0.2506459791968948,-0.1156970257829949,-0.15078356322115727,-0.20244661282265417,-0.2486990715457986,-0.12026227224556606,-0.11149484873517315,179.4,-1,Noise
-0.34251594081598274,-0.39109688111009944,-0.11515586640456942,-0.144797894109183,-0.1950757095560708,-0.24608675852964332,-0.11602756769350216,-0.1521712723710807,-0.1922771203279335,-0.2268349705913926,-0.11691083324812411,-0.05705453654420213,179.4,-1,Noise
-0.34402708388137965,-0.4061946138914979,-0.11561857058861837,-0.14606401564516522,-0.195685161986298,-0.2388387666996538,-0.11936971367752006,-0.15476763142577615,-0.2026730297564542,-0.25582702122110784,-0.10056529143801957,-0.013968613097027361,179.4,-1,Noise
-0.3401579962185833,-0.3678492865438085,-0.11370863054001631,-0.13951251016535937,-0.19233317362004834,-0.243047278084809,-0.1156970257829949,-0.15020162067441517,-0.20647876119692285,-0.25865376722118616,-0.12889035651317401,-0.06469801877158775,180.0,-1,Noise
-0.3439943346508602,-0.40663170145091115,-0.11529210708098384,-0.14485177162135246,-0.19588831279637375,-0.23159077486966423,-0.11801081915654575,-0.1512312113340358,-0.19933940170986647,-0.2462430463326158,-0.18191877032753762,-0.2602841381088676,180.7,-1,Noise
-0.3106088333670452,-0.3577370837369671,-0.1109066996477199,-0.14048499926001806,-0.21234352841250842,-0.24959385135060602,-0.1098574520306999,-0.14742620237456833,-0.1850606827357537,-0.24072014915511555,-0.1035965557421575,-0.19502308523508857,182.3,-1,Noise
-0.3467125207839735,-0.4152049918089851,-0.11515329582576915,-0.145589893538074,-0.19842769792232046,-0.2522826225133441,-0.11510939571987087,-0.1514998002017629,-0.202239465415135,-0.24925093998992714,-0.17223036727041638,-0.23041626663386341,182.3,-1,Noise
-0.3423475162018828,-0.39159771060526044,-0.11561857058861837,-0.14688834158135788,-0.20482694843970617,-0.2578939710268844,-0.1144850387778016,-0.14988826699540023,-0.21129614276713635,-0.2639112620171589,-0.1625378061003951,-0.1656806518509036,182.3,-1,Noise
-0.34340017004000756,-0.40131835580679415,-0.11375747153722149,-0.1416164270155766,-0.1751669301686486,-0.15081073689349037,-0.10754365865714904,-0.11931390088579688,-0.21057594422238943,-0.2677827665984882,-0.18880876340292382,-0.2843886105251986,182.7,-1,Noise
-0.3363403716323174,-0.36719820820009924,-0.11561857058861837,-0.147817728666281,-0.2017796862885701,-0.25415307201785753,-0.1166886515145167,-0.15382757038873124,-0.20647876119692285,-0.26181753211844216,-0.11881524895634794,-0.06153718025650347,183.4,-1,Noise
-0.3476575700075344,-0.41783207016087504,-0.11483454405453543,-0.14325699726113655,-0.20188126169360798,-0.2578939710268844,-0.11962680183013683,-0.15476763142577615,-0.20216479600079668,-0.24936889660393935,-0.15394714484888758,-0.16022102168848532,183.4,-1,Noise
-0.3461089992501153,-0.4136296553969333,-0.11481140884533299,-0.1435991194634126,-0.2011702338583429,-0.2533347503596329,-0.11929625991962955,-0.15476763142577615,-0.20469151263437366,-0.2642187917608336,-0.13693630497477471,-0.1517237025635185,183.4,-1,Noise
-0.3378561931592171,-0.3761585031680703,-0.11561857058861837,-0.147817728666281,-0.2043190714145168,-0.2578939710268844,-0.1181209997933815,-0.14921679482608244,-0.20486734706168644,-0.25945418710198326,-0.1836527034068593,-0.27309169157258567,184.3,-1,Noise
-0.33949365468518894,-0.37162827273456867,-0.11487053215773924,-0.14402205793394285,-0.19873242413743405,-0.252165719419312,-0.1156970257829949,-0.15154456501305077,-0.20729289868228895,-0.26275275955811045,-0.15269555286597192,-0.14865317372029377,184.3,-1,Noise
-0.11896033636729782,-0.13240478787321774,-0.09384319757151477,-0.11149350996163379,-0.19944345197269914,-0.23930637907578214,-0.12208750271946868,-0.15436474812418546,-0.08089925842459778,-0.07695424154402139,0.015030247183426973,0.021334258629887942,184.7,-1,Noise
-0.3327800624287043,-0.37968707461125,-0.1155054651214064,-0.14407862932172077,-0.18684810174800345,-0.23357812746820975,-0.11088580464116693,-0.14644137652623557,-0.1938764910092444,-0.23759851162000672,-0.14466623685597144,-0.20771569911643997,185.7,-1,Noise
-0.3436107008076325,-0.39058694562411733,-0.1101920787412443,-0.12282125689526191,-0.1985292733273583,-0.24912623897447767,-0.11558684514615915,-0.15024638548570304,-0.20452049558863108,-0.2563578259841628,-0.1854115851635813,-0.273469350200362,186.5,-1,Noise
-0.33123617013278794,-0.36776277963100795,-0.11561857058861837,-0.14536899573817924,-0.2110230481470161,-0.2578939710268844,-0.1102247208201524,-0.14590419879078134,-0.20701349055121657,-0.2659712900261579,-0.17598514321916336,-0.26122828467830833,186.7,-1,Noise
-0.3455522623312849,-0.40965489040351927,-0.11561857058861837,-0.1455306282746876,-0.19934187656766125,-0.2578939710268844,-0.11551339138826865,-0.14984350218411235,-0.20562608465899507,-0.25263376717034874,-0.1839562456485631,-0.2700704225503753,186.7,-1,Noise
-0.3414352162088413,-0.4070460240332716,-0.11561857058861837,-0.14623103593289052,-0.20279544033894878,-0.24596985543561123,-0.11518284947776138,-0.1510521520888844,-0.2067124042030782,-0.2627780359753987,-0.15822584302304113,-0.17899722346510283,186.7,-1,Noise
-0.3405930931383415,-0.39217138802699025,-0.11490909083974331,-0.1432920176440467,-0.19141899497470755,-0.24164444095642393,-0.11610102145139267,-0.1530218037855499,-0.20585491028358022,-0.24048423592709114,-0.0794878171476558,0.26815880179220924,186.7,-1,Noise
0.08091757441583391,0.18610455906752807,-0.06913479414330088,-0.06615558347103657,-0.16125109967846063,-0.2238751706635463,-0.11834136106705301,-0.1537828055774434,0.0303485341763422,0.11771208620205698,0.0695638978676094,0.3639198938440093,187.0,-1,Noise
1.501775689732143,1.9660116079109826,0.1398661152128092,0.22305351410338614,-0.13524779598876635,-0.16776168552814336,-0.12208750271946868,-0.15163409463562647,0.7807424266053561,1.1552921649431704,0.2289235747621036,0.4543691351964339,188.3,-1,Noise
-0.33878720699826964,-0.3868534893874627,-0.1154514829666007,-0.1451238530578082,-0.1828866609515266,-0.2217709149709687,-0.11521957635670663,-0.15212650755979285,-0.19997529607713466,-0.25622301842529166,-0.1883097898549176,-0.2835265636574483,189.0,-1,Noise
-0.3412153285182108,-0.37321271513744164,-0.11488852620934113,-0.14445307803129848,-0.18979378849410164,-0.24141063476835975,-0.11749664285131223,-0.15418568887903406,-0.20803959282567203,-0.2648801913465449,-0.18786071366171198,-0.2835265636574483,189.0,-1,Noise
-0.1643273775597241,-0.14722023493916186,-0.08837300588453607,-0.10143457843959636,-0.21234352841250842,-0.24678817709383585,-0.12208750271946868,-0.15476763142577615,-0.1023486498659733,-0.10679726488911043,-0.047948530800761134,-0.01726081113481644,189.1,-1,Noise
-0.34224926851032444,-0.4075969364779487,-0.11561857058861837,-0.14467397583119326,-0.18593392310266266,-0.23848805741755752,-0.12208750271946868,-0.15476763142577615,-0.18871225796597554,-0.2485811149317864,-0.18394377130986295,-0.27452843635216945,189.2,-1,Noise
-0.33653218855393124,-0.3858700423787829,-0.1142972930852786,-0.14101030500367023,-0.1988339995424719,-0.2498276575386702,-0.11657847087768093,-0.14814243935517396,-0.1959575998475766,-0.23960377405821429,-0.16191824727828732,-0.22588436310054777,189.3,-1,Noise
-0.34303525004279095,-0.39973846639933175,-0.1154874710698045,-0.14713079038612045,-0.195685161986298,-0.2515812039491515,-0.11635810960400943,-0.15369327595486768,-0.2067798475450612,-0.262820163337546,-0.1600221477958636,-0.2053101778569083,189.3,-1,Noise
-0.34282004081366324,-0.39376493642068433,-0.11543091833619852,-0.14633340320601249,-0.19070796713944246,-0.23603309244288362,-0.11613774833033792,-0.15257415567267138,-0.20529850271222055,-0.26020405414820375,-0.1546373915902962,-0.1936848600975334,189.3,-1,Noise
-0.3468294823215429,-0.418578761408206,-0.11561857058861837,-0.14212556950557798,-0.20025605521300208,-0.2578939710268844,-0.1168355590302977,-0.15176838906949003,-0.2023478565004648,-0.24801660827901367,-0.18197698390813835,-0.266589395198698,189.8,-1,Noise
-0.34575343617590426,-0.41605184895534825,-0.11561857058861837,-0.147817728666281,-0.19284105064523768,-0.2463205647177075,-0.11995734374064408,-0.15476763142577615,-0.1761653876663545,-0.20223680383363216,-0.17868375849129714,-0.2501366149799217,189.8,-1,Noise
-0.34422357926449626,-0.4170671669319019,-0.11561857058861837,-0.147817728666281,-0.19009851470921524,-0.24830791731625304,-0.11823118043021726,-0.1523503316162321,-0.19869387257945786,-0.2569139071645061,-0.07538375971530445,0.07869732020104078,189.8,-1,Noise
0.09004525280775139,0.2019671950778997,-0.045033047311951166,-0.03569323809042617,-0.18491816905228395,-0.2340457398443381,-0.12208750271946868,-0.15476763142577615,0.05375619122600952,0.138303940819617,0.1666890989870248,0.40885306057922033,190.0,-1,Noise
-0.3367941823980868,-0.38900705621665493,-0.11235136493347274,-0.13884442901445812,-0.18837173282357147,-0.24047541001610304,-0.1137137743199513,-0.14742620237456833,-0.19750157064083004,-0.23970487972736762,-0.1415850751970329,-0.1758117550395114,191.3,-1,Noise
-0.3457066515608765,-0.41815988583043495,-0.11410964083285874,-0.14194777371541878,-0.19050481632936672,-0.24573604924754705,-0.11602756769350216,-0.15199221312592928,-0.20022098253721554,-0.2514668392388708,-0.15602204318601354,-0.1989802908565707,191.3,-1,Noise
-0.34246915620095497,-0.3961962359699204,-0.11561857058861837,-0.1459778116256941,-0.20330331736413812,-0.24433321211916198,-0.11801081915654575,-0.15373804076615555,-0.20644263083514625,-0.25393128992448305,-0.16127373977877926,-0.15027053784359662,192.1,-1,Noise
-0.340812980828972,-0.3775471667682894,-0.11504533151615773,-0.14514001631145904,-0.2014749600734565,-0.2578939710268844,-0.11779045788287423,-0.15476763142577615,-0.20748318525431236,-0.26449261961479054,-0.18559870024408365,-0.27254162357125933,193.3,-1,Noise
-0.34324110234891314,-0.3911970470091316,-0.11522270145337649,-0.1454821385137351,-0.195685161986298,-0.25111359157302315,-0.11947989431435581,-0.15476763142577615,-0.19869387257945786,-0.23865169567368716,-0.18742826992010655,-0.28013584597763064,193.3,-1,Noise
-0.34060245006134704,-0.38366639260007457,-0.10844922631465993,-0.11729342414667572,-0.20096708304826716,-0.25415307201785753,-0.11628465584611893,-0.15333515746456486,-0.20585491028358022,-0.2614468113315467,-0.180592332312421,-0.26257471978603253,193.3,-1,Noise
-0.1517610299632657,-0.04180473219859511,-0.09508735771084638,-0.10766281884638547,-0.2031001665540624,-0.24959385135060602,-0.12208750271946868,-0.15476763142577615,-0.07870012373779532,-0.06632550807427837,-0.026920953865197998,0.07700606634621647,195.2,-1,Noise
-0.3393018377635751,-0.40701870606080826,-0.11551317685780722,-0.14473593497018813,-0.19141899497470755,-0.24655437090577167,-0.11775373100392898,-0.15324562784198917,-0.2026971166643053,-0.26603448106937866,-0.17642590318656887,-0.2633710868924304,195.5,-1,Noise
-0.3373696331629283,-0.3508119777175138,-0.11561857058861837,-0.1466997702887648,-0.19385680469561636,-0.24795720803415677,-0.11947989431435581,-0.15476763142577615,-0.2032053504199628,-0.2435763843086969,-0.184105937712965,-0.2706122805815326,195.6,-1,Noise
-0.34523412694909605,-0.4072281438496938,-0.11561857058861837,-0.14479250635796606,-0.19974817818781274,-0.2554390060522105,-0.11771700412498373,-0.15476763142577615,-0.2045927563121843,-0.25886019129570753,-0.12716473965965241,-0.08731648658732069,195.6,-1,Noise
-0.2752536997905612,-0.3224058393510647,-0.07467182087908664,-0.07531206666423562,-0.18522289526739757,-0.23112316249353587,-0.11889226425123178,-0.15248462605009566,-0.1997488791433346,-0.2638143690842203,-0.1797523935066105,-0.2595452407936531,196.8,-1,Noise
-0.31456681179839435,-0.392735959457899,-0.11390656510763726,-0.14145479447906825,-0.21234352841250842,-0.24713888637593215,-0.10743347802031328,-0.1464861413375234,-0.1726944642450157,-0.2489307720376083,-0.1688914026116746,-0.26718051305086965,197.7,-1,Noise
-0.34519202079557104,-0.4033398857690803,-0.11512501945896615,-0.1454013222454809,-0.19466940793591933,-0.23708522028917245,-0.1147788538093636,-0.1489482059583553,-0.2072856726099336,-0.2605410730453815,-0.1825009061335449,-0.2607438964383344,197.8,-1,Noise
-0.34400837003536855,-0.402688807425371,-0.11561857058861837,-0.14693144359109345,-0.1950757095560708,-0.24842482041028513,-0.11345668616733455,-0.14845579303418893,-0.2017697707120392,-0.25468536970691824,-0.18629310509839234,-0.2692904753843155,197.8,-1,Noise
-0.3492482469184785,-0.4275982453165143,-0.11481655000293352,-0.14343479305129578,-0.19609146360644947,-0.24725578946996424,-0.11580720641983065,-0.1522608019936564,-0.2041375137537991,-0.24167644027585738,-0.12613352766043953,-0.048130298970444706,197.8,-1,Noise
-0.3138369718039612,-0.37143249393191485,-0.11114062231854466,-0.13269161712470623,-0.19873242413743405,-0.24000779763997468,-0.12201404896157818,-0.15172362425820218,-0.20558754560643336,-0.26629988345090616,-0.10343438933905547,-0.06259626640831092,198.6,-1,Noise
-0.3337063978062541,-0.38842427280410396,-0.11529210708098384,-0.14675634167654272,-0.20035763061803996,-0.2543868782059217,-0.12098569635111113,-0.15476763142577615,-0.19871314210573873,-0.2604231164313693,-0.1757897119128609,-0.2606125369156296,198.8,-1,Noise
-0.33878720699826964,-0.3623583740786799,-0.11561857058861837,-0.142667038502881,-0.19385680469561636,-0.24152753786239184,-0.1156970257829949,-0.15011209105183948,-0.2064859872692782,-0.26179225570115383,-0.18574423419558547,-0.2708175298357588,198.9,-1,Noise
-0.34318496081087985,-0.39288165531103675,-0.11561857058861837,-0.14591046473548228,-0.20279544033894878,-0.2578939710268844,-0.1159908408145569,-0.15248462605009566,-0.2037762101360331,-0.2580176440527632,-0.18581492211488637,-0.27018536213274197,199.2,-1,Noise
-0.00629362645742776,0.021522880966806473,-0.09808979374956402,-0.12077929918403953,-0.20584270249008485,-0.24468392140125825,-0.12208750271946868,-0.15476763142577615,-0.020783153809903712,0.024341000738963618,0.11031756240101938,0.25059767560061114,199.9,-1,Noise
-0.21854606791540404,-0.16457625344419535,-0.09941364183170406,-0.11545081323048033,-0.18491816905228395,-0.2308893563054717,-0.12208750271946868,-0.15476763142577615,-0.13081214887357967,-0.14790093213615074,-0.10367555988725849,-0.05144712691874093,200.5,-1,Noise
-0.346618951553918,-0.4203680886045539,-0.11561857058861837,-0.14693144359109345,-0.18918433606387444,-0.2398908945459426,-0.11103271215694795,-0.1446060192634336,-0.20495887731152052,-0.25648842080681916,-0.16304509587420143,-0.23073645547045638,200.6,-1,Noise
0.25526979923981563,0.4315019057055908,0.15802725443673046,0.3090177786453616,1.9469464318824967,2.059943674347355,0.7301229963261499,0.8337736962438731,-0.16853224656835125,-0.20763331892469075,-0.15821336868434097,-0.23527656897394106,202.6,-1,Noise
-0.340812980828972,-0.39450252167719413,-0.11561857058861837,-0.14192891658615947,-0.2017796862885701,-0.24445011521319407,-0.11727628157764072,-0.15172362425820218,-0.19746784896983854,-0.25232202469045933,-0.14696151517680017,-0.2101622702268169,203.4,-1,Noise
-0.3443171484945518,-0.3982632958863121,-0.11546176528180178,-0.14639536234500738,-0.1963961898215631,-0.24468392140125825,-0.11720282781975021,-0.1530218037855499,-0.2114984727930853,-0.26761004441368463,-0.18606025077598945,-0.2714496975387757,203.4,-1,Noise
-0.07018737520085004,0.007112650492401698,-0.09169419369448742,-0.10943000124554363,-0.20553797627497122,-0.23579928625481944,-0.12208750271946868,-0.15405139444517052,-0.04350915136738582,-0.02208335234727031,0.07644973283009557,0.10526478366808681,203.5,-1,Noise
-0.3412153285182108,-0.37906331424000406,-0.11414562893606255,-0.14183463093986293,-0.19284105064523768,-0.24363179355496944,-0.1169824665460787,-0.1541409240677462,-0.19684158936571078,-0.22452639114572506,-0.1826464400850467,-0.2666468649898814,204.2,-1,Noise
-0.05385486609465635,-0.012870446364521702,-0.10042387930021093,-0.11838713764371568,-0.21234352841250842,-0.24690508018786794,-0.12208750271946868,-0.15476763142577615,-0.07149091221797084,-0.05202326862529794,0.08181785658406274,0.1345825871417646,206.6,-1,Noise
1.608786139685156,2.3854972870670044,0.17288005874470175,0.32040479084237616,-0.08842153426630904,-0.18108863824780155,-0.12208750271946868,-0.15476763142577615,-0.07904215782928048,-0.09043499743113106,-0.013544304665730603,-0.003197132235233668,208.3,-1,Noise
-0.20922189414036993,-0.1889211199044299,-0.09407712024233951,-0.11077693904978002,-0.20939784166641023,-0.24959385135060602,-0.12208750271946868,-0.15476763142577615,-0.11328892341192813,-0.12775562755735123,-0.04855145717126868,-0.020388809769224515,208.6,-1,Noise
-0.33844567930856695,-0.38542840182395915,-0.11471115627212237,-0.14358295620976178,-0.1970056422517903,-0.24900933588044558,-0.11848826858283402,-0.15476763142577615,-0.2054622936856078,-0.26757212978775213,-0.18243853444004413,-0.2748650451291005,209.1,-1,Noise
-0.34251594081598274,-0.3933278488612711,-0.11561857058861837,-0.147817728666281,-0.19131741956966966,-0.24141063476835975,-0.11635810960400943,-0.15194744831464144,-0.1992358280061069,-0.24513088397192925,-0.18492924406717529,-0.2664662456461623,209.4,-1,Noise
-0.34576279309890984,-0.4106110194397357,-0.11420732282726907,-0.13862891896578028,-0.1889811852537987,-0.24141063476835975,-0.11415449686729433,-0.14738143756328048,-0.2067485345648548,-0.2664094145924889,-0.1019748917111372,0.13112618970059453,210.4,-1,Noise
-0.3405790577538332,-0.3914110377934277,-0.11420732282726907,-0.1428475281686487,-0.19233317362004834,-0.24702198328190003,-0.11529303011459713,-0.1521712723710807,-0.19960435769622822,-0.2438249357453655,0.37688170608465515,1.7359701084956571,210.4,-1,Noise
-0.3423241238943689,-0.39512172905302956,-0.09923627189448529,-0.094834583198838,-0.184105565811981,-0.23264290271595303,-0.1147788538093636,-0.15011209105183948,-0.19987172237337505,-0.2512140750659875,-0.18170670656963495,-0.2656288286889192,210.5,-1,Noise
-0.343559237731102,-0.4018237382973657,-0.11365207780641033,-0.1380416540831332,-0.19040324092432886,-0.2442163090251299,-0.11650501711979043,-0.1516788594469143,-0.20593921446105895,-0.2597490786370138,-0.15425068709059137,-0.18045038818502468,210.5,-1,Noise
-0.3380760808498476,-0.39371485347116825,-0.11449008649529899,-0.14364491534875665,-0.21132777436212974,-0.2578939710268844,-0.11749664285131223,-0.1538723352000191,-0.2069267776829527,-0.26745838590995463,-0.18163601865033407,-0.26775521096270316,211.1,-1,Noise
-0.3409954408275803,-0.3783985769100631,-0.1152766836081822,-0.14275054864674366,-0.20523325005985762,-0.2578939710268844,-0.11635810960400943,-0.153290392653277,-0.20646430905221222,-0.26105502686357757,-0.1847795520027734,-0.2679768801572675,211.1,-1,Noise
0.5760017275626768,0.8717401379429199,-0.07570519355679596,-0.09154805495650119,-0.14682739216308333,-0.22317375209935378,-0.12208750271946868,-0.15360374633229198,0.252073338326988,0.45370728847962133,0.16031471191124505,0.3770558461144894,211.5,-1,Noise
-0.14682525307783623,-0.15573433635689865,-0.0920437924113244,-0.10883734861167961,-0.1488589002638407,-0.2218878180650008,-0.12208750271946868,-0.1545438073693369,-0.09746623364456194,-0.0930342556756144,0.002065251161064732,0.09510905056897187,211.7,-1,Noise
-0.33865153161468914,-0.36213072430815213,-0.11561857058861837,-0.1464223011010921,-0.19822454711224471,-0.2578939710268844,-0.11323632489366305,-0.14585943397949347,-0.2082130185621997,-0.26776170291741463,-0.18419741619676613,-0.2680753997992961,211.9,-1,Noise
-0.3397275777603278,-0.39622355394238373,-0.1147188680085232,-0.13848614355853123,-0.20035763061803996,-0.25707564936865973,-0.10791092744660155,-0.14080101030396613,-0.20836717477244654,-0.26658213677729253,-0.06191979014493597,0.17243054962108545,211.9,-1,Noise
-0.23479436471454773,-0.2490115533329273,-0.10990160333681358,-0.1365869612545579,0.9834021396932776,1.148800959461249,0.5253706462063721,0.6368980561998973,-0.1037071514687735,-0.09662771966677207,-0.16833005737016757,-0.2267217800577909,212.0,-1,Noise
-0.16765844214970116,-0.19413429964951473,-0.06947411054493677,-0.06269934106536598,-0.21234352841250842,-0.24503463068335452,-0.12208750271946868,-0.15427521850160977,-0.1329269793829034,-0.14185565566802502,-0.0930557395405256,-0.06299034497642533,212.6,-1,Noise
-0.3465628100158846,-0.4185878673990271,-0.09263502553538695,-0.07731900399254786,-0.19416153091073,-0.2525164287014083,-0.12028788565115135,-0.1527532149178228,-0.19394875173279758,-0.22873912736044683,-0.1844676935352695,-0.27548079289177924,213.5,-1,Noise
-0.342866825428691,-0.3870720331671693,-0.11519185450777322,-0.1449649143969083,-0.1947709833409572,-0.25029526991479856,-0.1169090127881882,-0.1539618648225948,-0.20873811315335297,-0.26047366926594595,-0.1644339055828188,-0.12132218302752608,214.5,-1,Noise
-0.34058373621533594,-0.40385437425047294,-0.11374461864322012,-0.1404823053844096,-0.19172372118982114,-0.21931594999629483,-0.11661519775662618,-0.15181315388077787,-0.19792790890979392,-0.25598710519726725,-0.18112457076362767,-0.2646354222984641,215.0,-1,Noise
-0.3453043038716377,-0.40312134198937366,-0.11561857058861837,-0.147817728666281,-0.19974817818781274,-0.25473758748801795,-0.1170559203039692,-0.15409615925645836,-0.20910664284347433,-0.26627881976983253,-0.18499161576067608,-0.2717288365245234,215.0,-1,Noise
-0.342866825428691,-0.3962964018689526,-0.11493479662774603,-0.14300916070515707,-0.20604585330016056,-0.2578939710268844,-0.11679883215135245,-0.15364851114357983,-0.20274769917079252,-0.25039259150411675,-0.18645942961439443,-0.2781408232265515,215.3,-1,Noise
-0.34240833620141886,-0.38666226358021943,-0.11518671335017268,-0.14310614022706208,-0.1970056422517903,-0.2462036616236754,-0.11753336973025748,-0.15181315388077787,-0.21000990188788934,-0.26535201780259376,-0.15310720604307707,-0.06968968063437019,216.5,-1,Noise
-0.19944858806106927,-0.15225129486782452,-0.08182060052264291,-0.08973238279639052,-0.17912837096512546,-0.2363838017249799,-0.12208750271946868,-0.15476763142577615,-0.10182114658403493,-0.09711639706767979,-0.06581594193228472,0.03057868504023832,217.3,-1,Noise
-0.24251850465563218,-0.25333234597754345,-0.07848398923988992,-0.08619263024685726,-0.17577638259887582,-0.22422587994564258,-0.1181209997933815,-0.15431998331289762,-0.134181907281944,-0.15630112814830596,-0.09178751510600973,-0.07285872911962352,217.4,-1,Noise
-0.3221833471249149,-0.38174958153223115,-0.1127215282807119,-0.14300107907833165,-0.21234352841250842,-0.2578939710268844,-0.10996763266753565,-0.14729190794070476,-0.20260799510525632,-0.2663209471319798,-0.185544644776383,-0.2788386706909207,217.8,-1,Noise
-0.3406164854458554,-0.37892217138227685,-0.11518671335017268,-0.1443911188923036,-0.18979378849410164,-0.23837115432352543,-0.11437485814096585,-0.14975397256153666,-0.20807090580587842,-0.2573899463567696,-0.11335980483147967,0.018436139160213267,217.8,-1,Noise
-0.334211671648554,-0.3584154800531397,-0.11555687669741184,-0.14283405879060634,-0.19497413415103293,-0.2439825028370657,-0.1213162382616184,-0.15476763142577615,-0.2102411362032596,-0.26629988345090616,-0.15700751594332588,-0.19861084219896344,218.2,-1,Noise
0.04734025621040507,0.26683827368747925,-0.09439587201357323,-0.10876192009464238,-0.1389045105701296,-0.21662717883355678,-0.11992061686169883,-0.15360374633229198,0.12001927472429598,0.20325169504198254,-0.04653893052764349,0.025915421984217882,218.4,-1,Noise
-0.3339216070353818,-0.33455323110642393,-0.11561857058861837,-0.14629030119627692,-0.19781824549209323,-0.24784030494012468,-0.11867190297756028,-0.15476763142577615,-0.2114623424313087,-0.26422721723326303,-0.18759875254900868,-0.28059560430709746,218.4,-1,Noise
-0.3462072469416736,-0.40940902865134937,-0.1137934596404253,-0.1341112895703714,-0.19355207848050276,-0.2476064987520605,-0.1169090127881882,-0.15002256142926376,-0.20725435962972724,-0.25307189173667977,-0.13165134347880858,0.030997393518859877,218.5,-1,Noise
-0.3450329531044766,-0.40010725902758665,-0.11561857058861837,-0.147817728666281,-0.2008655076432293,-0.2578939710268844,-0.1159908408145569,-0.1519026835033536,-0.20493479040366944,-0.25078016323587116,-0.18094577190892544,-0.2595452407936531,218.6,-1,Noise
-0.34597800232803755,-0.4198854710910351,-0.11479084421493081,-0.14330548702208906,-0.19761509468201752,-0.2542699751118896,-0.11532975699354238,-0.15100738727759652,-0.2063535092760973,-0.2632161605417298,-0.14405083614676373,-0.14321817346838261,218.6,-1,Noise
-0.34628210232571804,-0.4173858766106407,-0.11470601511452183,-0.14094295811345842,-0.1985292733273583,-0.24129373167432766,-0.11973698246697258,-0.1530218037855499,-0.19828921252755993,-0.24385863763508328,-0.18739500501690615,-0.27928200908004946,218.8,-1,Noise
-0.3228383317353037,-0.3683592220297906,-0.1069402965589003,-0.12460190867246243,-0.19162214578478326,-0.2331105150920814,-0.11892899113017703,-0.15476763142577615,-0.18410443249406633,-0.2268349705913926,-0.18178571071473595,-0.24775572363089718,219.8,-1,Noise
-0.3436949131146825,-0.406030706056718,-0.11519956624417405,-0.1436395275975397,-0.18593392310266266,-0.22738226348450902,-0.1169824665460787,-0.15427521850160977,-0.20098212882530928,-0.2604062654865104,-0.18261733329474636,-0.2653661096435096,220.0,-1,Noise
-0.3457861854064237,-0.4069048811755444,-0.1136649307004117,-0.1402209994503877,-0.1944662571258436,-0.2476064987520605,-0.11764355036709323,-0.15239509642751997,-0.20857673087075082,-0.26734042929594243,-0.18666733525939702,-0.2777795845391133,220.0,-1,Noise
2.3044967574555746,2.8393580815727124,0.9784326197011207,1.3206165593878503,0.27074909794759344,0.21696639693146327,0.056772397743906695,0.059879638699477135,1.0451395967049528,1.4186008165719253,0.49362488386651604,0.8062074067910747,220.0,-1,Noise
-0.3334210116545847,-0.3880145032171541,-0.11495279067934794,-0.14013748930652506,-0.19527886036614653,-0.23813734813546125,-0.12113260386689213,-0.15476763142577615,-0.20319571565682237,-0.25272223463085786,-0.12960971004488303,-0.11721719794300105,222.0,-1,Noise
-0.21377403718257174,-0.2251902813449065,-0.10681176761888671,-0.13095137348163283,-0.1931457768603513,-0.2329936119980493,-0.12168350705107091,-0.15405139444517052,-0.10249558000386481,-0.11284254135723616,-0.10557581748258227,-0.03023256400191555,222.3,-1,Noise
-0.33853457007711973,-0.3729714063806822,-0.11561857058861837,-0.14486524099939482,-0.21092147274197826,-0.2578939710268844,-0.1147788538093636,-0.1503806799195666,-0.2078926626877805,-0.2665652858324336,-0.16558570285613322,-0.17652602244421875,223.1,-1,Noise
-0.346010751558557,-0.4047285493692994,-0.11561857058861837,-0.147521402349349,-0.19040324092432886,-0.2396570883578784,-0.11621120208822842,-0.1510521520888844,-0.20744705489253576,-0.26655264762378944,-0.18763617556510917,-0.2774265558218441,223.9,-1,Noise
-0.3444621808011379,-0.39733903781796953,-0.11481140884533299,-0.14428605774357317,-0.1985292733273583,-0.24667127399980376,-0.11499921508303512,-0.1469785542616898,-0.20493238171288433,-0.25871274552819223,-0.18381071169706129,-0.26089988587154633,224.4,-1,Noise
-0.34624467463369585,-0.41938919459128465,-0.11555687669741184,-0.14584311784527046,-0.18613707391273837,-0.24000779763997468,-0.11628465584611893,-0.15355898152100414,-0.2014879538901817,-0.2580513459424809,-0.179153625249003,-0.2605879070051224,224.4,-1,Noise
-0.3389790239198835,-0.3872404939973598,-0.11463918006571476,-0.1446712819555848,-0.19355207848050276,-0.24737269256399633,-0.1137137743199513,-0.1473366727519926,-0.20472764299615026,-0.2604568183210871,-0.17070018172319723,-0.23620429560304373,224.9,-1,Noise
-0.3446961038762767,-0.4004897106420732,-0.11493993778534657,-0.14427528224113928,-0.19974817818781274,-0.25134739776108733,-0.11716610094080496,-0.15024638548570304,-0.20291149014417978,-0.24667695816273214,-0.18220983823054127,-0.2602512982281914,225.6,-1,Noise
-0.33155898397647954,-0.3240084937355799,-0.11478570305733027,-0.14256736510536752,-0.2020844125036837,-0.25450378129995377,-0.11786391164076475,-0.15476763142577615,-0.18384911127084502,-0.19003671975579792,-0.18880876340292382,-0.27936410878173995,225.6,-1,Noise
0.0005135350291124331,0.029508834916918948,0.23458423226642938,0.269916174188379,64.93812126287625,63.5963295357109,1.98614552937481,2.0395138882821833,-0.17559934533185442,-0.22522149262115415,-0.18732431709760525,-0.2809075831735214,225.7,-1,Noise
-0.33261163781460434,-0.39085557235334006,-0.11561857058861837,-0.14347789506103134,-0.18562919688754903,-0.24374869664900153,-0.11452176565674685,-0.14908250039221888,-0.21001953665102976,-0.2637638162496436,-0.16504930629202652,-0.19479320607035516,227.0,-1,Noise
-0.345758114637407,-0.419835388141519,-0.1149193731549444,-0.1446308738214577,-0.18623864931777626,-0.2319414841517605,-0.11779045788287423,-0.1514998002017629,-0.20044739947101559,-0.2559660415161936,-0.18460906937387128,-0.27408509796304076,227.2,-1,Noise
-0.33339294088556803,-0.3635603648670662,-0.11561857058861837,-0.1452450774601895,-0.20462379762963043,-0.25391926582979335,-0.12208750271946868,-0.15476763142577615,-0.2058428668296547,-0.25472749706906544,-0.1368240359264733,-0.04983797276560712,227.5,-1,Noise
-0.18231606203790077,-0.16921575576755032,-0.10700713160770738,-0.13111031214253271,-0.18857488363364722,-0.24000779763997468,-0.12208750271946868,-0.15476763142577615,-0.11583972695335616,-0.11815480172400032,-0.11598773218431256,-0.033344142695985526,227.5,-1,Noise
-0.3444341100321212,-0.40503360006180655,-0.11561857058861837,-0.14702303536178155,-0.20269386493391092,-0.2578939710268844,-0.11566029890404965,-0.15203697793721713,-0.20282477727591594,-0.25870853279197753,-0.1845550139061706,-0.2732230510952905,228.9,-1,Noise
1.4009829151163204,1.9170213772934168,-0.033812470848764146,-0.021491125882557572,-0.12854381925626704,-0.20306641992583438,-0.12208750271946868,-0.1514998002017629,0.9711807461482505,1.3792622857988535,0.454946117670232,0.8582093578418379,228.9,-1,Noise
-0.32261844404467316,-0.34240714818963036,-0.11283206316912359,-0.1391218982021308,0.8081845660029547,1.024766776693202,0.44706894029509564,0.6262440311133883,-0.19518441010555734,-0.24798290638929588,-0.1822056801176412,-0.2709735192689708,229.1,-1,Noise
-0.2374189816176055,-0.2512789450473834,-0.1108064470745093,-0.1327966782734367,-0.18136302987595856,-0.2376697357593329,-0.12208750271946868,-0.15476763142577615,-0.12011033571535042,-0.12781460586435733,-0.08419895906341476,-0.07161081365392791,230.1,-1,Noise
-0.34199663158917454,-0.38608858615848957,-0.1152406955049784,-0.14048769313562653,-0.18887960984876082,-0.24152753786239184,-0.11566029890404965,-0.15199221312592928,-0.20622825735527175,-0.2586495544849714,-0.18580660588908626,-0.27750044555336556,230.3,-1,Noise
-0.3440925823424185,-0.39623721292861536,-0.11561857058861837,-0.1467778926814105,-0.19751351927697963,-0.24550224305948287,-0.11848826858283402,-0.15476763142577615,-0.19890824605933238,-0.23628413792101352,-0.1848668723736745,-0.27204081539094727,230.3,-1,Noise
-0.315474433329933,-0.36597345243466006,-0.11561857058861837,-0.1425296508468489,-0.17597953340895153,-0.22270613972322542,-0.11125307343061945,-0.14505366737631215,-0.20656306537440158,-0.26748366232724297,-0.1437847169211604,-0.2210486906709773,230.3,-1,Noise
-0.34754996539297056,-0.4207050102649349,-0.11561857058861837,-0.147817728666281,-0.19050481632936672,-0.23591618934885153,-0.11848826858283402,-0.15476763142577615,-0.20705443829456338,-0.26694021935554385,-0.18880876340292382,-0.28387138240454846,230.3,-1,Noise
-0.32898583014995236,-0.395413120759305,-0.10054726708262399,-0.12731194753458605,-0.18562919688754903,-0.23217529033982467,-0.11169379597796247,-0.1480081449213104,-0.19411495139696996,-0.2613625566072522,-0.1837483400035605,-0.2736171296634049,231.1,-1,Noise
-0.3461604623266458,-0.4143626876580326,-0.11531010113258573,-0.14567070980632818,-0.19324735226538917,-0.23369503056224183,-0.1181209997933815,-0.15476763142577615,-0.19614788641960004,-0.2343631302071004,-0.18796466648421326,-0.2729439121095428,231.9,-1,Noise
-0.3441955084954796,-0.40400007010361066,-0.11561857058861837,-0.14678058655701898,-0.20421749600947894,-0.25052907610286274,-0.11760682348814798,-0.15476763142577615,-0.20249719532914143,-0.2533625705354956,-0.18654259187239547,-0.2760719107439509,231.9,-1,Noise
-0.346848196167554,-0.41242766460854696,-0.11487053215773924,-0.1440032008046835,-0.19284105064523768,-0.23942328216981423,-0.11540321075143288,-0.14966444293896095,-0.2085622787260402,-0.26767323545690547,-0.17850495963659488,-0.23243591929544974,231.9,-1,Noise
-0.14740538230418054,-0.13288740538673652,-0.09482258809441838,-0.11464265054793848,-0.17760473988955744,-0.23603309244288362,-0.12208750271946868,-0.15467810180320044,-0.10878467164377852,-0.11656660017105021,-0.062181751257639244,-0.025093122676090207,232.7,-1,Noise
-0.3414024669783219,-0.37623590409004976,-0.11561857058861837,-0.147817728666281,-0.19903715035254765,-0.2506459791968948,-0.1156970257829949,-0.1496196781276731,-0.2085309657458338,-0.25849789598124145,-0.15487024591269913,-0.08445120699832222,232.8,-1,Noise
-0.23365749856937298,-0.20535288034112084,-0.10886308950150371,-0.132963698561162,-0.21092147274197826,-0.2519319132312478,-0.12208750271946868,-0.15476763142577615,-0.11730902833227128,-0.12340808378375837,-0.08580399064283485,-0.03444427869863824,232.8,-1,Noise
-0.3436715208071686,-0.4023382267787583,-0.11561857058861837,-0.14551715889664524,-0.2043190714145168,-0.2578939710268844,-0.1144850387778016,-0.14863485227934034,-0.19608526045918725,-0.2478312478855659,-0.17444248333324405,-0.2418773849898573,233.0,-1,Noise
-0.34301653619677985,-0.3928771023156262,-0.1140042471020476,-0.14049846863806043,-0.20604585330016056,-0.2578939710268844,-0.11764355036709323,-0.15476763142577615,-0.2041784614971459,-0.256324124094445,-0.17549864400985726,-0.23476755082345996,233.0,-1,Noise
-0.2677728398476211,-0.2873386686989745,-0.07329913179974142,-0.07386006771126878,-0.19141899497470755,-0.23579928625481944,-0.12208750271946868,-0.15423045369032193,-0.1364677548370103,-0.15651597769525677,-0.07730064976222843,-0.07548591957371954,233.9,-1,Noise
-0.3384924639235947,-0.3631141713168319,-0.11561857058861837,-0.14759413699077778,-0.19944345197269914,-0.2578939710268844,-0.12054497380376811,-0.15476763142577615,-0.20968231994111483,-0.26432411016620166,-0.1685712279183706,-0.17928457242101958,234.6,-1,Noise
-0.3399474654509583,-0.39517181200254564,-0.11289632763913039,-0.13661928776185958,0.5108733554571141,0.9248146312957654,0.3064417208137272,0.5949534280231794,-0.19277090193888038,-0.23202927434414453,-0.1871995737106037,-0.27293570213937374,235.0,-1,Noise
-0.34477095926032114,-0.4022608258567789,-0.11446438070729627,-0.14366107860240748,-0.19558358658126013,-0.2532178472656008,-0.11727628157764072,-0.15476763142577615,-0.20433261770739275,-0.25038837876790204,-0.1849375602929754,-0.2697502337137823,237.4,-1,Noise
-0.3447849946448295,-0.40328524982415365,-0.11464946238091585,-0.14351291544394149,-0.18857488363364722,-0.23124006558756796,-0.1147788538093636,-0.1504702095421423,-0.2013434324430753,-0.24106980626093746,-0.18237616274654334,-0.25714792950429044,237.4,-1,Noise
-0.29938520422188375,-0.3786080146989486,-0.11141567425017375,-0.14246499783224556,-0.19253632443012408,-0.23381193365627392,-0.1122814260410865,-0.14930632444865813,-0.20118205016047314,-0.2667506462258814,-0.0704563959287428,-0.16205184503618347,237.4,-1,Noise
-0.338885454689828,-0.38771855851546805,-0.11314824436155703,-0.13616671665963614,-0.20005290440292633,-0.25567281224027466,-0.1157704795408854,-0.15176838906949003,-0.20015835657680278,-0.2571793095460335,-0.07355419003928156,0.05595570283277209,237.4,-1,Noise
-0.2660652013991076,-0.29049844751389925,-0.08794886038249121,-0.09740992828053799,-0.1668377469555434,-0.21709479120968514,-0.11995734374064408,-0.1541409240677462,-0.13169372970092874,-0.13849810490489176,-0.13840411882849307,-0.0994836623778529,238.2,-1,Noise
-0.20117961881709667,-0.19000473281214186,-0.10175029796115126,-0.12539390810135342,-0.19781824549209323,-0.24351489046093736,-0.12208750271946868,-0.15436474812418546,-0.10144057343998807,-0.10184308710059763,-0.026634044075094405,0.01782860136770356,238.2,-1,Noise
0.7433970801320294,1.1235981850685595,0.25234179061870793,0.3997097948802069,1.0114369514837294,1.0500178450041333,0.5108635290229977,0.6024291515082508,-0.07534722616492673,-0.04975260380556291,-0.11316853163807729,-0.16138683745249044,238.8,-1,Noise
-0.30240749035267755,-0.37712373819510786,-0.11292717458473366,-0.14021830557477924,-0.1970056422517903,-0.24433321211916198,-0.11125307343061945,-0.1469785542616898,-0.16852261180521083,-0.2486190295577189,-0.177153572944078,-0.27311632148309284,238.9,-1,Noise
-0.343306600809952,-0.3887293234966111,-0.111767843545811,-0.1210298296156275,-0.2011702338583429,-0.2578939710268844,-0.1169824665460787,-0.1514102705791872,-0.2056790758562674,-0.24114142277658773,-0.13298193960682522,0.051514108971316,239.0,-1,Noise
-0.33590995317406197,-0.37972349857453447,-0.11561857058861837,-0.14648426024008698,-0.19101269335455606,-0.24655437090577167,-0.11540321075143288,-0.15257415567267138,-0.2070327600774974,-0.26614822494717616,-0.18524110253467918,-0.2766383986856153,239.5,-1,Noise
4.374126486284943,5.407730110638931,0.0824907963907395,0.08892275368191704,0.36978511785951507,0.4557994180390222,0.308020976608373,0.33200492651833313,-0.03786077147631051,-0.06176311475373468,0.04912677296385365,0.009881350244063095,239.8,-1,Noise
-0.3399053592974333,-0.40224716687054723,-0.11431785771568077,-0.14324083400748572,-0.19294262605027557,-0.24141063476835975,-0.11496248820408987,-0.15154456501305077,-0.2051033987586269,-0.24608717509267108,-0.11479435378199762,0.03878865520928839,240.5,-1,Noise
-0.3376175916225755,-0.3583062081632864,-0.11509160193456262,-0.14462817994584923,-0.18918433606387444,-0.2218878180650008,-0.11936971367752006,-0.15476763142577615,-0.2011651893249774,-0.24684968034753574,-0.18778170951661097,-0.28010300609695443,240.8,-1,Noise
-0.3356760300989231,-0.3743555169854908,-0.11547461817580314,-0.1377749603978944,-0.19761509468201752,-0.2462036616236754,-0.11400758935151332,-0.14836626341161321,-0.20901752128442536,-0.26610609758502896,-0.12852444257796944,-0.13167495541069824,241.0,-1,Noise
-0.33852521315411416,-0.3948986322779124,-0.1135903839152038,-0.1370449201079983,-0.2031001665540624,-0.25450378129995377,-0.11551339138826865,-0.15154456501305077,-0.20411101815516294,-0.231961870564709,-0.08148371133968078,0.05024977356528229,241.3,-1,Noise
-0.20296211264965464,-0.21328419834630666,-0.10375534942536337,-0.12568215279146003,-0.13220053383763028,-0.19137611052262543,-0.12208750271946868,-0.15476763142577615,-0.11472932050142196,-0.13952601254128388,-0.08708053130315083,-0.11547668426716243,241.7,-1,Noise
0.03970968549937617,0.19625773883306444,-0.08590525023627502,-0.09847131527027628,-0.21234352841250842,-0.2452684368714187,-0.12208750271946868,-0.15423045369032193,0.012856621694897043,0.0612361445074969,0.1368005834614508,0.28445559257777364,241.9,-1,Noise
-0.25977734913937567,-0.27846032764839335,-0.10546735490634448,-0.12764868198564516,-0.20056078142811568,-0.24047541001610304,-0.12208750271946868,-0.15476763142577615,-0.15950447350577118,-0.18764388558583595,-0.13997588550471274,-0.11067385171826814,242.0,-1,Noise
-0.3393345869940945,-0.3933369548520922,-0.11488338505174059,-0.14201242673002212,-0.17973782339535269,-0.22586252326209183,-0.11628465584611893,-0.15288750935168635,-0.19239032879483353,-0.24152056903591268,-0.18622657529199152,-0.2731409513936,242.2,-1,Noise
-0.3457206869453848,-0.4120406599986498,-0.11453121575610334,-0.1425592834785421,-0.18471501824220823,-0.22340755828741796,-0.11657847087768093,-0.15315609821941345,-0.20769274135261664,-0.26252105906630074,-0.18675465563029814,-0.273469350200362,242.2,-1,Noise
-0.27565136901829723,-0.33560952604167255,-0.11236421782747409,-0.1427478547711352,0.9311923815038133,1.148684056367217,0.30398101992439536,0.3667424200777068,-0.19775448317326624,-0.2587253837368364,-0.18304561892345173,-0.27572709199685075,242.7,-1,Noise
-0.33569006548343144,-0.3967243834375447,-0.11318937362236138,-0.14073283581599755,-0.21041359571678891,-0.25380236273576123,-0.11580720641983065,-0.1487691467132039,-0.2070303513867123,-0.26334254262817147,-0.14430032292076686,-0.1637102590103316,243.1,-1,Noise
0.45108680543853713,0.8061451330630622,-0.05497347553260276,-0.046773148468074795,0.08852282130965762,0.09901117505308495,-0.028323780772241302,-0.03309687434539275,-0.139574965949798,-0.16254861595473835,-0.09632401627996649,-0.11290696360424976,243.2,-1,Noise
-0.3397088639143167,-0.38663039261234555,-0.11555687669741184,-0.14318695649531626,-0.19588831279637375,-0.2388387666996538,-0.11786391164076475,-0.15163409463562647,-0.2020202745536903,-0.2623567623539266,-0.18738253067820598,-0.28287797601409337,244.0,-1,Noise
-0.15866643914136422,-0.13208152519906838,-0.06901140636088783,-0.06742439888262727,-0.19172372118982114,-0.23790354194739707,-0.12208750271946868,-0.15405139444517052,-0.09421690977545295,-0.10837282823341636,-0.06600305701278707,-0.022449512281656085,244.4,-1,Noise
-0.2964752011671566,-0.333469618198712,-0.10577068320477656,-0.12909529318739504,1.2205807104567001,1.4754282041869071,0.8169453381527247,0.9948374872575668,-0.1723813344429518,-0.20898981998583116,-0.17828457965289213,-0.2704727110886587,244.5,-1,Noise
-0.33133441782434625,-0.39865030049620925,-0.1142690167184756,-0.1424919365883303,-0.2031001665540624,-0.25111359157302315,-0.11848826858283402,-0.15476763142577615,-0.1786704260828655,-0.21577653802774793,-0.16116147073047785,-0.24290363126098857,245.1,-1,Noise
-0.3216453240520956,-0.3809573603307947,-0.11464946238091585,-0.14031797897229273,-0.19263789983516194,-0.23907257288771797,-0.11947989431435581,-0.15230556680494425,-0.19847709040879827,-0.25042629339383454,-0.09421169492674006,-0.1053866309293999,245.1,-1,Noise
-0.23616047547335856,-0.2303260601680119,-0.11038230157246443,-0.13732777704688792,1.2564368284350678,1.3178428334316503,0.5915892089446608,0.6770520919251011,-0.08156164839050213,-0.06841081250056563,-0.14769750116010938,-0.20881583511909269,245.3,-1,Noise
-0.33365961319122633,-0.3655818948293524,-0.11508131961936154,-0.1443426291313511,-0.1937552292905785,-0.24959385135060602,-0.11753336973025748,-0.14899297076964316,-0.20021616515564533,-0.24011772787641034,-0.1654734338078318,-0.23205826066767343,246.1,-1,Noise
-0.3375754854690505,-0.3934963096914616,-0.1147728501633289,-0.14490026138230497,-0.1844102920270946,-0.23018793774127916,-0.1157704795408854,-0.15060450397600586,-0.1939150300618061,-0.23768276634430116,-0.14401757124356332,-0.18458821315022592,246.1,-1,Noise
-0.3482798053874037,-0.4244248075153579,-0.11561857058861837,-0.1467967498106698,-0.18522289526739757,-0.2331105150920814,-0.11661519775662618,-0.15360374633229198,-0.2052382854425929,-0.2582998973791495,-0.16571044624313477,-0.20051555527818307,246.1,-1,Noise
-0.3417252808220135,-0.4039499871540946,-0.11561857058861837,-0.14691797421305108,-0.1963961898215631,-0.24480082449529034,-0.11103271215694795,-0.1440240767166915,-0.1991972889535452,-0.25523302541483206,-0.18496666708327575,-0.27236921419770926,246.3,-1,Noise
-0.33621405317174247,-0.3842992589621417,-0.11561857058861837,-0.14639805622061586,-0.18796543120342002,-0.24000779763997468,-0.11801081915654575,-0.15279797972911063,-0.20059673829969218,-0.26244944255065045,-0.18618083605009095,-0.2732723109163048,246.4,-1,Noise
-0.3435545592695992,-0.4115125125310255,-0.11439240450088865,-0.1447386288457966,-0.18075357744573137,-0.23159077486966423,-0.1168355590302977,-0.15427521850160977,-0.20502632065350349,-0.26736991844944547,-0.18722868050090405,-0.28169574030975014,247.6,-1,Noise
-0.3465628100158846,-0.4187745402108598,-0.11551060627900694,-0.14310883410267056,-0.19812297170720686,-0.24152753786239184,-0.11889226425123178,-0.15476763142577615,-0.20902233866599557,-0.261366769343467,-0.14212562987403965,-0.0890898401438355,247.9,-1,Noise
-0.06764229214333947,-0.04528777368766925,-0.06866951938045165,-0.06676978710976837,-0.18745755417823068,-0.220835690218712,-0.12208750271946868,-0.15405139444517052,-0.009833245500808465,0.0472667112194795,0.02933415555960597,0.2015595237808751,248.1,-1,Noise
-0.34575343617590426,-0.40259774751715993,-0.11510445482856398,-0.1440759354461123,-0.1937552292905785,-0.2440994059310978,-0.1159908408145569,-0.1510521520888844,-0.2095353898032233,-0.25894023328378724,-0.15710315254002707,-0.07289977897046877,248.2,-1,Noise
-0.343119462349841,-0.39391973826464316,-0.11396054726244297,-0.1380658989636095,-0.18745755417823068,-0.2386049605115896,-0.11518284947776138,-0.1503806799195666,-0.20532018092928653,-0.2561345509647825,-0.14449159611416926,-0.05252263301088649,248.2,-1,Noise
-0.33703746239623117,-0.3602230192311298,-0.11526640129298112,-0.14348597668785676,-0.1934505030754649,-0.24819101422222095,-0.11823118043021726,-0.15476763142577615,-0.2098870586578489,-0.263970240324165,-0.18880876340292382,-0.28102252275588807,248.7,-1,Noise
-0.32731561939346104,-0.3692971390843648,-0.11136940383176885,-0.13976842834816428,-0.21234352841250842,-0.2578939710268844,-0.11731300845658597,-0.1531113334081256,-0.19667538970153842,-0.25941627247605076,-0.1597269217799599,-0.25757484795308105,248.8,-1,Noise
1.732246060281932,2.119793580897869,0.00033766851284857454,0.021891046916288383,-0.12945799790160784,-0.10966084779419485,-0.12208750271946868,-0.15427521850160977,1.5242185590995434,2.1215464068328296,0.8719008887229497,1.5593736501593902,248.8,-1,Noise
-0.15503127455370666,-0.15863914742883237,-0.1034597328633321,-0.1264175808325731,-0.1744559023333835,-0.235214770784659,-0.12208750271946868,-0.1541409240677462,-0.14926994635985263,-0.17970709055730014,-0.11906057761745101,-0.13430214586479425,249.0,-1,Noise
-0.3424504423549439,-0.41252783050757913,-0.11561857058861837,-0.147817728666281,-0.2011702338583429,-0.2498276575386702,-0.1169824665460787,-0.15002256142926376,-0.19147502629649296,-0.2462978119034072,-0.11577982653930996,-0.1655328723878607,249.8,-1,Noise
-0.34213230697275504,-0.4123730286636203,-0.11534608923578954,-0.14325430338552808,-0.1959898882014116,-0.24819101422222095,-0.11518284947776138,-0.1496196781276731,-0.19899736761838133,-0.25823249359971395,-0.11544301939440574,-0.15819315905672995,249.8,-1,Noise
-0.3445417146466851,-0.4059851761026124,-0.11561857058861837,-0.14499724090420998,-0.19690406684675243,-0.25263333179544034,-0.1157704795408854,-0.15015685586312733,-0.2073820202413379,-0.25807240962355454,-0.08192031319418625,0.07323769003862249,249.8,-1,Noise
-0.3475218946239539,-0.4172766047207874,-0.11266240496830564,-0.13539357436000446,-0.19913872575758554,-0.25695874627462767,-0.1156970257829949,-0.15024638548570304,-0.2042386787667736,-0.25302555163831786,-0.18660496356589626,-0.28025078555999733,250.2,-1,Noise
-0.3439709423433463,-0.4148407521761408,-0.11076274723490467,-0.1346877789505846,-0.1953804357711844,-0.24339798736690527,-0.11139998094640045,-0.14599372841335703,-0.19704873677322995,-0.2464958105054991,-0.18611846435659016,-0.27837891236145396,250.2,-1,Noise
-0.34714761770373176,-0.4155191484923134,-0.11561857058861837,-0.1450753632968557,-0.18501974445732183,-0.22995413155321498,-0.11378722807784182,-0.13824941606055854,-0.20751931561608897,-0.26421457902461887,-0.1750537259295517,-0.2410235480922761,250.7,-1,Noise
-0.34350777465457144,-0.3913655078393221,-0.11338730818998233,-0.1368967569495323,-0.19842769792232046,-0.2563742308044672,-0.11867190297756028,-0.15476763142577615,-0.20622825735527175,-0.2569855236801563,-0.13636664350746758,-0.03509286634199319,251.4,-1,Noise
-0.3457206869453848,-0.40572110236880027,-0.11459548022611014,-0.14279095678087075,-0.19111426875959392,-0.23837115432352543,-0.11764355036709323,-0.15270845010653494,-0.20762288931984857,-0.26295075816020236,-0.18292087553645014,-0.2660803770482169,251.6,-1,Noise
-0.3329391301197987,-0.3865803096628294,-0.11385515353163182,-0.14160565151314272,-0.19497413415103293,-0.24936004516254184,-0.11992061686169883,-0.15476763142577615,-0.20393036634627992,-0.26208714723618437,-0.18406435658396447,-0.27500461462197434,251.6,-1,Noise
-0.3249670317190671,-0.3676489547457441,-0.11266754612590618,-0.14125005993282433,-0.19263789983516194,-0.23825425122949334,-0.12168350705107091,-0.15476763142577615,-0.19803870868590884,-0.26330462800223897,-0.18868402001592227,-0.28461027971976294,251.6,-1,Noise
-0.33884802699780575,-0.3768733234475274,-0.11372148343401768,-0.13958524480678813,-0.19172372118982114,-0.24047541001610304,-0.11841481482494352,-0.15476763142577615,-0.1950278452045254,-0.23387024006997795,-0.18194371900493791,-0.25793608664051926,251.9,-1,Noise
-0.3258886886351141,-0.3815765677066301,-0.11248760560988715,-0.14242189582251,-0.21234352841250842,-0.2578939710268844,-0.1146319462935826,-0.15042544473085445,-0.1929539624385485,-0.24203873559032346,-0.17205988464151423,-0.2604319175719105,251.9,-1,Noise
-0.3412200069797136,-0.40254766456764385,-0.11404537636285195,-0.14174573304478333,-0.1944662571258436,-0.2486586265983493,-0.11870862985650553,-0.15476763142577615,-0.20543820677775676,-0.26217561469669354,-0.14065365790742124,-0.14754482774747202,251.9,-1,Noise
-0.34385865926727965,-0.40860770145909175,-0.11561857058861837,-0.1477584634028946,-0.19466940793591933,-0.24480082449529034,-0.11709264718291446,-0.1539618648225948,-0.19479179350758494,-0.22292555138413078,-0.17569823342905977,-0.23574453727357692,252.4,-1,Noise
-0.3425627254310105,-0.4070733420057349,-0.11561857058861837,-0.14676172942775967,-0.19253632443012408,-0.24690508018786794,-0.11639483648295468,-0.15333515746456486,-0.19848431648115358,-0.24990391410320903,-0.1734237456727313,-0.2482565318112092,252.4,-1,Noise
-0.3379731546967865,-0.3590210284427435,-0.11531010113258573,-0.1457569138257993,-0.1943646817208057,-0.2462036616236754,-0.11731300845658597,-0.15423045369032193,-0.20809258402294437,-0.2672224726819302,-0.17934074032950534,-0.2519263884767746,252.4,-1,Noise
-0.31698089793382717,-0.3699891943867691,-0.11560314711581673,-0.14519928157484543,-0.2110230481470161,-0.2506459791968948,-0.12208750271946868,-0.15476763142577615,-0.20217683945472223,-0.26370905067885225,-0.10734717357800444,-0.1508041859045849,252.4,-1,Noise
-0.32980923937444107,-0.3802015630926427,-0.1130505623671467,-0.14320850750018405,-0.1931457768603513,-0.24655437090577167,-0.11973698246697258,-0.15261892048395923,-0.2085333744366189,-0.2645684488666555,-0.14855407241752008,-0.13889151918929324,253.3,-1,Noise
1.3074745050603211,1.8429623539453386,-0.03209018305258195,-0.019845167885780692,-0.08029550186327956,-0.15081073689349037,-0.12208750271946868,-0.15382757038873124,0.865788480845905,1.1262664124237374,0.37736820529396126,0.5819110217726268,253.6,-1,Noise
0.6969446358709589,1.0208598436293987,-0.043215648100158904,-0.027652019399134864,-0.12082408847338903,-0.21709479120968514,-0.12208750271946868,-0.15409615925645836,0.3134901359656397,0.47491420258453076,0.12078769068335041,0.32854313238557253,253.7,-1,Noise
-0.06514399370085669,-0.04787842807627472,-0.07880274101112364,-0.08728364986828874,-0.18400399040694315,-0.23065555011740752,-0.12208750271946868,-0.15476763142577615,-0.11175940476338535,-0.12627274440976918,-0.026891847074897633,0.01514394112242419,254.3,-1,Noise
-0.3438071961907491,-0.4028436092693299,-0.11561857058861837,-0.147817728666281,-0.19913872575758554,-0.2361499955369157,-0.11452176565674685,-0.14867961709062819,-0.21026281442032554,-0.2632540751676623,-0.15988908818306194,-0.1430211341843254,255.2,-1,Noise
-0.34148667928537185,-0.3755620607692877,-0.11561857058861837,-0.14617985229632954,-0.19385680469561636,-0.24947694825657393,-0.11558684514615915,-0.15042544473085445,-0.19898291547367067,-0.234535852391904,-0.17707041068607693,-0.24248492278236702,256.7,-1,Noise
-0.32540212863882534,-0.38310182116916586,-0.11433585176728267,-0.1412231211767396,-0.1973103684669039,-0.24480082449529034,-0.11588066017772115,-0.15042544473085445,-0.20203472669840092,-0.2638859855998706,-0.17520757610685364,-0.25943030121128635,256.7,-1,Noise
-0.3412855054407525,-0.39284523134775234,-0.11561857058861837,-0.1436395275975397,-0.19609146360644947,-0.2504121730088306,-0.1156970257829949,-0.1516788594469143,-0.2067485345648548,-0.26374275256857005,-0.15406773012298908,-0.12110051383296173,256.7,-1,Noise
-0.33770180392962545,-0.36049164596035255,-0.11553631206700966,-0.14519658769923696,-0.2040143451994032,-0.2578939710268844,-0.1191126255249033,-0.15476763142577615,-0.20332096757764792,-0.2549928994505929,-0.18360696416495872,-0.2676156414698293,256.9,-1,Noise
-0.33836614546301974,-0.3855467797046336,-0.11443610434049328,-0.1435694868317194,-0.19466940793591933,-0.23942328216981423,-0.11764355036709323,-0.15181315388077787,-0.20851169621955296,-0.26327513884873593,-0.1558515605571114,-0.127701329848878,256.9,-1,Noise
-0.32955192399178834,-0.38188161839913726,-0.10351628559693808,-0.12226362464430804,-0.18491816905228395,-0.23042174392934334,-0.11338323240944405,-0.146307082092372,-0.18895553573527132,-0.2426074549793109,-0.1812950533925298,-0.26952035454904893,257.5,-1,Noise
-0.2476273846166644,-0.2690128621714929,-0.08456340810253306,-0.09746649966831593,-0.1889811852537987,-0.2440994059310978,-0.12208750271946868,-0.15476763142577615,-0.12816740639153248,-0.13929009931325945,-0.12758055094965765,-0.09227530856942694,258.3,-1,Noise
-0.14040640389602652,-0.10457232692849851,-0.08434747948331021,-0.09808878493387314,-0.17658898583917876,-0.22644703873225228,-0.12208750271946868,-0.15476763142577615,-0.06559684586681465,-0.04357251977856607,0.021741441404110957,0.06847590734057345,258.4,-1,Noise
-0.1640887760230825,-0.13154427174062294,-0.10308699893729266,-0.12909798706300352,-0.1873559787731928,-0.22726536039047693,-0.12208750271946868,-0.1545438073693369,-0.11794010531796925,-0.12844651629656562,-0.0377653123085337,-0.029583976358560596,258.7,-1,Noise
-0.3423615515863911,-0.4012773788480991,-0.11561857058861837,-0.14686140282527316,-0.1898953638991395,-0.24176134405045602,-0.12087551571427538,-0.15476763142577615,-0.2079649234113337,-0.25909610452373194,-0.18548643119578226,-0.27201618548044015,259.0,-1,Noise
-0.3334397255005958,-0.3899449732712292,-0.11482940289693488,-0.14372034386579388,-0.1947709833409572,-0.2085608653453426,-0.1091596413307401,-0.12199978956306803,-0.20954984194793397,-0.2673572802408013,-0.16797661777366313,-0.20369281373360545,259.8,-1,Noise
-0.31353755026778346,-0.32867531403139816,-0.11327677330157063,-0.13976842834816428,1.6968677846792648,2.1705340013017116,1.005427680899756,1.3599840529325806,-0.15780634650227093,-0.18002304577340428,-0.15981424215086099,-0.16032775130068297,260.0,-1,Noise
-0.3168358656272411,-0.37130045706500875,-0.10916384722113553,-0.13811708260017047,-0.16561884209508898,-0.22738226348450902,-0.12208750271946868,-0.15288750935168635,-0.18417669321761954,-0.2554900023239301,-0.1735110660436324,-0.2669506338861362,260.1,-1,Noise
-0.34337677773249364,-0.3996565124819418,-0.11486539100013869,-0.1402506320820809,-0.1934505030754649,-0.24538533996545078,-0.11856172234072453,-0.15476763142577615,-0.210205005841483,-0.2618217448546569,-0.11590041181341147,0.14321947575960528,260.1,-1,Noise
-0.3454914423317488,-0.41260523142955857,-0.11561857058861837,-0.14728164742019492,-0.203404892769176,-0.2578939710268844,-0.11848826858283402,-0.15127597614532365,-0.20390387074764374,-0.2608528155252709,-0.17253390951212016,-0.24375746815856977,260.9,-1,Noise
-0.31200769335637546,-0.37232032803697296,-0.11561857058861837,-0.14484638387013551,-0.21234352841250842,-0.25777706793285227,-0.11264869483053902,-0.1453670210553271,-0.18893144882742025,-0.247633249283474,-0.1759643526546631,-0.2708832095971112,260.9,-1,Noise
-0.3435030961930686,-0.40387258623211514,-0.11559286480061565,-0.14562491392098414,-0.20391276979436534,-0.24035850692207095,-0.1135668668041703,-0.1477395560535833,-0.20908978200797856,-0.2639323256982325,-0.1614525386334815,-0.1742354407670538,261.0,-1,Noise
-0.3441487238804518,-0.40500172909393267,-0.1146366094869145,-0.14334589515621615,-0.18623864931777626,-0.22562871707402765,-0.1146319462935826,-0.1477395560535833,-0.2021696133823669,-0.24561956137283697,-0.17226779028651684,-0.23516162939157437,261.3,-1,Noise
-0.33907259314993904,-0.4033398857690803,-0.11519699566537377,-0.14369340510970915,-0.20066235683315356,-0.2554390060522105,-0.11760682348814798,-0.15405139444517052,-0.18151027251850638,-0.2194289803259117,-0.1771244661537776,-0.26237768050197535,261.3,-1,Noise
-0.3424457638934411,-0.4088490102158512,-0.11553631206700966,-0.14473593497018813,-0.1947709833409572,-0.24947694825657393,-0.11488903444619936,-0.14930632444865813,-0.19947910577540268,-0.24540049908967143,-0.060443660065417494,0.20886639723132966,261.3,-1,Noise
-0.3427872915831438,-0.39869127745490424,-0.11561857058861837,-0.147817728666281,-0.20056078142811568,-0.2578939710268844,-0.11551339138826865,-0.15055973916471801,-0.20569834538254828,-0.262592675581951,-0.1842597878902669,-0.2697338137734442,261.3,-1,Noise
-0.34383058849826303,-0.4081979318721419,-0.11561857058861837,-0.147817728666281,-0.20188126169360798,-0.24281347189674482,-0.12172023393001616,-0.15476763142577615,-0.17564270176598634,-0.19826419358314953,-0.187943875919713,-0.27155642715097333,261.7,-1,Noise
-0.3490236807663452,-0.42694716697280505,-0.11476256784812781,-0.14300916070515707,-0.1931457768603513,-0.2398908945459426,-0.11635810960400943,-0.1530218037855499,-0.20533704176478226,-0.25531306740291176,-0.180592332312421,-0.25757484795308105,261.7,-1,Noise
-0.32966888552935775,-0.3560388164488303,-0.11561857058861837,-0.147817728666281,-0.20279544033894878,-0.24795720803415677,-0.11507266884092562,-0.15055973916471801,-0.20583564075729935,-0.2672014090008566,-0.14341048676015572,-0.16634565943459667,261.9,-1,Noise
-0.33620937471023965,-0.3839350193292973,-0.11367007185801224,-0.14022638720160466,-0.19233317362004834,-0.24947694825657393,-0.11613774833033792,-0.1502911502969909,-0.20495887731152052,-0.2617248519217183,-0.1277136105624593,-0.012925946885558003,263.0,-1,Noise
-0.3460481792505792,-0.4148088812082669,-0.11495022010054766,-0.14362605821949734,-0.20056078142811568,-0.2578939710268844,-0.11551339138826865,-0.15136550576789934,-0.2066353260979548,-0.26598814097101675,-0.1866174379045964,-0.27200797551027106,265.5,-1,Noise
-0.3269460209347417,-0.37047181190028783,-0.11290146879673094,-0.13936973475811032,-0.19162214578478326,-0.24351489046093736,-0.11679883215135245,-0.14975397256153666,-0.19202661648628241,-0.239199351381601,-0.16366465469630917,-0.24404481711448653,266.8,-1,Noise
-0.3428481115826799,-0.3910012682064778,-0.11561857058861837,-0.14633879095722943,-0.2020844125036837,-0.24655437090577167,-0.11430140438307533,-0.14827673378903752,-0.20905124295541685,-0.2623019967831352,-0.12770945244955925,0.003428313691189739,267.1,-1,Noise
-0.33814157931088645,-0.3669386874616976,-0.11502733746455582,-0.1442348741070122,-0.20421749600947894,-0.2516981070431836,-0.11657847087768093,-0.15409615925645836,-0.20493719909445454,-0.25890231865785474,-0.18706651409780203,-0.2762771599981771,268.0,-1,Noise
-0.3426188669690438,-0.4035083465992708,-0.11431014597927995,-0.142074385869017,-0.19080954254448032,-0.24059231311013513,-0.11834136106705301,-0.15476763142577615,-0.2078854366154252,-0.25749526476213763,-0.1363915921848679,-0.016694323193151984,268.0,-1,Noise
-0.3445183223391712,-0.4091722728900005,-0.113554395812,-0.14136320270838018,-0.1886764590386851,-0.23474715840853064,-0.11856172234072453,-0.15324562784198917,-0.2066377347887399,-0.2623441241452824,-0.13851222976389443,-0.10795635159231257,268.2,-1,Noise
0.02271751332129096,0.1550258123950835,-0.020427467035748156,0.008553668778739554,-0.14235807434141712,-0.21008060556775976,-0.12208750271946868,-0.15476763142577615,-0.02669167230577055,0.008770727689351946,0.04245715987217019,0.19325103396979643,268.6,-1,Noise
-0.33506315164205935,-0.3823369179401927,-0.11519699566537377,-0.14523160808214713,-0.1867465263429656,-0.2419951502385202,-0.11338323240944405,-0.14890344114706747,-0.19237587665012287,-0.24832413802268835,-0.18446353542236946,-0.2746023260836909,268.7,-1,Noise
-0.3426609731225688,-0.38436300089788944,-0.11519185450777322,-0.14455544530442044,-0.1937552292905785,-0.24748959565802842,-0.11694573966713345,-0.15194744831464144,-0.20886095638339341,-0.2563283368306597,-0.15750233137843206,-0.08976305769769762,269.5,-1,Noise
-0.3474376823169039,-0.4153962176162284,-0.11459290964730987,-0.14349675219029065,-0.19903715035254765,-0.25111359157302315,-0.10949018324124737,-0.13815988643798283,-0.2061319097238675,-0.2607180079663998,-0.1871039371139025,-0.28190919953414545,270.2,-1,Noise
-0.32303014865691754,-0.3285432771644921,-0.11424845208807342,-0.14094295811345842,-0.2043190714145168,-0.2518150101372157,-0.11848826858283402,-0.15337992227585273,-0.19998493084027508,-0.2359723954411241,-0.08677698906144703,0.10239129410891928,270.5,-1,Noise
-0.008642214131821696,0.10057198728485252,-0.08694633465038515,-0.09382707372126917,-0.19253632443012408,-0.24164444095642393,-0.12208750271946868,-0.1538723352000191,-0.024150503527482936,0.03200396791354252,-0.006184444832638503,0.18618224965424432,270.5,-1,Noise
-0.3297718116824188,-0.37536172897122333,-0.11122545141895362,-0.13485749311391837,0.309652478077097,0.40786914948586545,0.18465539023127284,0.2551885103483781,-0.1969837021220321,-0.25337520874413977,-0.1823262653917427,-0.2668931640949529,270.9,-1,Noise
-0.34303525004279095,-0.4028345032785087,-0.11553631206700966,-0.14552524052347066,-0.1919268719998969,-0.24538533996545078,-0.11566029890404965,-0.15145503539047506,-0.20686896910411015,-0.2639281129620178,-0.18552801232478278,-0.2744052867996337,272.2,-1,Noise
-0.33963400853027226,-0.37569865063160435,-0.11540007139059526,-0.14619062779876343,-0.19791982089713112,-0.25777706793285227,-0.11859844921966978,-0.1546333369919126,-0.20779390636559114,-0.26559635650304764,-0.18726194540410449,-0.27842817218246824,272.2,-1,Noise
2.2980264451972343,2.8454181184641603,0.8281822888252258,1.3309987559829044,1.0833523382505401,1.2052651538787482,0.48397945363507355,0.5325512810879128,-0.08669215976277948,-0.08397687281396259,-0.13269087170382157,-0.19512981484728623,272.7,-1,Noise
-0.20296211264965464,-0.21185455778739257,-0.10791197534540309,-0.13112378152057508,0.9076268875350278,1.0571489337400908,0.43931956883764756,0.5245383798673873,-0.10083358336214117,-0.08847186235507072,-0.14121500314892826,-0.19885714130403495,273.0,-1,Noise
0.3294748771353579,0.4824089473909999,-0.012402120021299161,0.008914648110274908,-0.20452222222459254,-0.2287851006128941,-0.12208750271946868,-0.15476763142577615,0.17005259971253323,0.2677107718634404,0.08092386231055156,0.17567348783786021,273.2,-1,Noise
-0.3345765916457706,-0.4022926968246528,-0.11561857058861837,-0.142718222139442,-0.1950757095560708,-0.24468392140125825,-0.11657847087768093,-0.15015685586312733,-0.210070119157517,-0.2659291626640106,-0.14785550945031134,-0.19370949000804055,274.1,-1,Noise
-0.3381743285414059,-0.4002301899036716,-0.11363408375480843,-0.14088099897446354,-0.18461344283717035,-0.23556548006675526,-0.11360359368311555,-0.14662043577138698,-0.1978508308046705,-0.2574278609827021,-0.14458723271087046,-0.1980936140783133,274.5,-1,Noise
-0.3475546438544733,-0.4193163466647158,-0.11444124549809383,-0.14118540691822098,-0.1965993406316388,-0.24561914615351496,-0.1169090127881882,-0.1532008630307013,-0.20790229745092095,-0.2639997294776681,-0.17230105518971725,-0.2287578526597153,274.5,-1,Noise
-0.33174144397508787,-0.3833932128754413,-0.11273438117471325,-0.1384699803048804,-0.19974817818781274,-0.25368545964172917,-0.1170559203039692,-0.15346945189842842,-0.20508894661391627,-0.26626618156118836,-0.12481124775822297,-0.17861956483732652,275.1,-1,Noise
-0.33106306705718525,-0.3869536552864949,-0.11561857058861837,-0.14617985229632954,-0.1963961898215631,-0.23813734813546125,-0.10904946069390435,-0.14478507850858502,-0.196892171872198,-0.25741943551027263,-0.15269555286597192,-0.21824909084333122,275.1,-1,Noise
-0.34479435156783506,-0.4085348535325229,-0.11345671381758966,-0.14110189677435833,-0.1940599555056921,-0.23065555011740752,-0.11510939571987087,-0.14250207313290453,-0.20891153888988068,-0.2664094145924889,-0.11714368757052702,0.05150589900114695,275.1,-1,Noise
-0.2519128553532079,-0.28533990371374107,-0.10386845489257533,-0.12625594829606474,-0.17811261691474678,-0.2350978676906269,-0.12208750271946868,-0.15476763142577615,-0.1450475114135605,-0.16123845499195988,-0.11353444557328186,-0.0989253844063575,275.3,-1,Noise
-0.24064712005452146,-0.2455421708300848,-0.07656890803368732,-0.07571884188111502,-0.16439993723463456,-0.22223852734709706,-0.12208750271946868,-0.15476763142577615,-0.11861935611936934,-0.1181337380429267,-0.09363371723363283,-0.04417309334896257,279.6,-1,Noise
-0.34303992850429377,-0.39373761844822097,-0.11511730772256534,-0.14419177209727663,-0.2011702338583429,-0.2578939710268844,-0.1191126255249033,-0.15476763142577615,-0.20879110435062534,-0.26738255665808963,-0.18747816727490718,-0.28149049105552393,281.3,-1,Noise
-0.33053440090737146,-0.38369826356794845,-0.11456977443810742,-0.14264279362240476,-0.21010886950167532,-0.2578939710268844,-0.11808427291443625,-0.14939585407123385,-0.19569505255199998,-0.2559744669886231,-0.1827088117785475,-0.27318200124444525,281.3,-1,Noise
-0.33550292702332035,-0.39340980277866106,-0.11486024984253815,-0.14455544530442044,-0.20909311545129664,-0.2549713936760821,-0.11694573966713345,-0.1527532149178228,-0.2058139625402334,-0.25653054816896637,-0.09269814183112111,0.039149893896726594,281.4,-1,Noise
-0.34546805002423486,-0.41211806092062925,-0.11027690784165328,-0.12884476275580709,-0.19009851470921524,-0.24047541001610304,-0.12061842756165861,-0.15476763142577615,-0.20663050871638458,-0.2671087288041327,-0.18642616471119403,-0.2803903550528712,282.2,-1,Noise
-0.32466761018288937,-0.3535164569913832,-0.11444124549809383,-0.14234646730547276,-0.19751351927697963,-0.24339798736690527,-0.11389740871467757,-0.14805290973259827,-0.1933851180890826,-0.25488758104522485,-0.1851870470669785,-0.27162210691232574,282.7,-1,Noise
-0.3422960531253522,-0.4037177843881563,-0.11561857058861837,-0.1464923418669124,-0.1870512525580792,-0.24059231311013513,-0.1144850387778016,-0.14926155963737028,-0.20808776664137416,-0.2664052018562742,-0.1633403218901051,-0.2052937579165702,282.7,-1,Noise
-0.34297910850475766,-0.40415031895215897,-0.1146443212233153,-0.142171365390922,-0.20127180926338076,-0.253451653453665,-0.11716610094080496,-0.1523503316162321,-0.20570075407333338,-0.2583715138947998,-0.1879688245971133,-0.28410126156928184,282.7,-1,Noise
-0.3435218100390798,-0.40837094569774296,-0.11561857058861837,-0.1473031984250627,-0.19141899497470755,-0.23673451100707615,-0.1169090127881882,-0.15315609821941345,-0.2007797987993603,-0.2550097503954518,-0.1840435660194642,-0.27302601181123326,284.1,-1,Noise
-0.3404246685242415,-0.3942566599250242,-0.11483968521213597,-0.14517773056997765,-0.20249071412383518,-0.2578939710268844,-0.1170559203039692,-0.1503806799195666,-0.1991057587037111,-0.2539144389796241,-0.18687524090439964,-0.27888793051193506,284.1,-1,Noise
-0.33206425781877946,-0.38015148014312655,-0.11467002701131802,-0.14174303916917486,-0.19253632443012408,-0.2409430223922314,-0.12208750271946868,-0.15476763142577615,-0.20602110994775258,-0.2652214229799374,-0.17633858281566778,-0.2608588360207011,284.7,-1,Noise
2.011653138150766,2.4844065593658886,0.12932931271049453,0.15964237615554497,-0.012951008323172858,-0.09422963938195904,-0.12208750271946868,-0.15181315388077787,1.6550104687308396,2.056931458771427,0.930738186258686,1.4438183200300103,284.7,-1,Noise
0.967944518419303,1.378634222990766,-0.02170247412068304,0.006347384655400331,-0.15424239673084772,-0.21113273341404856,-0.12208750271946868,-0.15418568887903406,0.19268465832939616,0.3238707583418963,0.17886405355837717,0.3748063142881697,284.7,-1,Noise
-0.3454212654092071,-0.40361306549371356,-0.115369224444992,-0.14602899526225507,-0.19903715035254765,-0.2554390060522105,-0.1191860792827938,-0.15476763142577615,-0.20951371158615736,-0.26744574770131047,-0.16221763140709108,-0.18608242772099304,285.3,-1,Noise
-0.3465815238618958,-0.4202178397560056,-0.11561857058861837,-0.14660548464246825,-0.20056078142811568,-0.2578939710268844,-0.1170559203039692,-0.15445427774676118,-0.20659196966382287,-0.26760161894125517,-0.17066275870709677,-0.22483348691890936,286.6,-1,Noise
-0.3429463592742382,-0.4069777291021133,-0.11443610434049328,-0.13868279647794976,-0.19385680469561636,-0.24807411112818886,-0.11720282781975021,-0.1525293908613835,-0.20669072598601226,-0.2532109120317656,-0.15114041864135244,-0.0938598328120536,287.4,-1,Noise
-0.21194008027348324,-0.2194352951459657,-0.07401375270621702,-0.07742945289249524,-0.17973782339535269,-0.22562871707402765,-0.12208750271946868,-0.15476763142577615,-0.12171934115980172,-0.13476140788243354,-0.052925791942123414,-0.042112390836531004,287.4,-1,Noise
-0.34561776079232376,-0.40666357241878504,-0.1127395223323138,-0.1328748006660824,-0.20025605521300208,-0.2578939710268844,-0.11738646221447648,-0.15261892048395923,-0.20722545534030595,-0.2624325916057916,-0.1843221595837677,-0.27108024888116844,287.6,-1,Noise
-0.34505634541199054,-0.40670454937748,-0.1100918261680337,-0.13086786333777015,-0.20706160735053927,-0.2578939710268844,-0.11499921508303512,-0.15091785765502083,-0.20665218693345055,-0.26535201780259376,-0.18603114398568907,-0.27928200908004946,287.6,-1,Noise
-0.33213911320282385,-0.37696893635114903,-0.1145157922833017,-0.14186156969594765,-0.20249071412383518,-0.2531009441715687,-0.11488903444619936,-0.15051497435343014,-0.20630774415118028,-0.2638312200290792,-0.1812077330216287,-0.2647585718509999,288.6,-1,Noise
-0.34499552541245443,-0.4119814710583126,-0.1146083331201115,-0.14451234329468488,-0.2066553057303878,-0.256140424616403,-0.1159908408145569,-0.15221603718236856,-0.2047493212132162,-0.2582409190721434,-0.17672944542827268,-0.2517129292523793,288.6,-1,Noise
-0.19452684656014813,-0.19473984803911845,-0.08871746344377252,-0.10310747519245797,-0.21234352841250842,-0.2451515337773866,-0.12208750271946868,-0.15409615925645836,-0.10813914251336991,-0.12484883956919322,-0.08957539904318204,-0.03176782842352791,288.7,-1,Noise
-0.34136971774780245,-0.3771783741400345,-0.11528953650218356,-0.14469822071166952,-0.2008655076432293,-0.2578939710268844,-0.12050824692482286,-0.15476763142577615,-0.2057441105074653,-0.2580513459424809,-0.18616836171139078,-0.27416719766473124,289.0,-1,Noise
-0.17285153441778336,-0.18816532266627786,-0.09987120485815247,-0.12088705420837843,-0.1985292733273583,-0.24678817709383585,-0.12208750271946868,-0.15476763142577615,-0.09630524468614049,-0.08997580918372639,-0.07308432328157567,-0.0052414148073271355,289.6,-1,Noise
-0.3433720992709909,-0.39977944335802673,-0.11345671381758966,-0.13955561217509493,-0.19720879306186603,-0.24047541001610304,-0.11646829024084518,-0.150873092843733,-0.2061391357962228,-0.2558101702762489,-0.14237511664804275,-0.06896720325949378,289.8,-1,Noise
0.02403216100357123,0.12970205192157977,-0.09136001845045207,-0.11146118345433212,-0.1591180161726654,-0.2238751706635463,-0.12208750271946868,-0.15476763142577615,0.011095868730984015,0.06650206477589911,0.04785854852933778,0.24780628574313415,290.5,-1,Noise
-0.3438539808057769,-0.39249009770572907,-0.11186038438262079,-0.1305284350111026,-0.19355207848050276,-0.24819101422222095,-0.11419122374623958,-0.1481872041664618,-0.20841293989736356,-0.2668391136863905,-0.1870789884365022,-0.28079264359115463,291.2,-1,Noise
-0.1675087313816123,-0.18336646550355348,0.01066625413234123,0.04975380233472254,-0.15180458700993887,-0.2207187871246799,-0.12208750271946868,-0.15476763142577615,-0.08485432869374304,-0.076006375895709,-0.022359504013840913,0.02018486280622093,291.5,-1,Noise
2.365583429297331,1.593157707749859,20.568029630039494,26.15952085219177,2.019064969459383,1.2104088900161603,0.1281327235345306,0.027872798628662515,-0.00787016251094647,-0.06327127431860508,0.20587931307001522,0.1397138184974209,291.7,-1,Noise
-0.08915385813310704,-0.06276672306878771,-0.08959146023586498,-0.10711865597347396,-0.17750316448451958,-0.23907257288771797,-0.12208750271946868,-0.1541409240677462,-0.09123013320192058,-0.09552398277851497,-0.008658522008169463,0.018058480532436964,293.5,-1,Noise
-0.34358730850011865,-0.40260230051257045,-0.1139219885804389,-0.14218752864457285,-0.18979378849410164,-0.23743592957126872,-0.11540321075143288,-0.14362119341510085,-0.20565498894841636,-0.2659755027623726,-0.18654674998529552,-0.27870731116821595,293.6,-1,Noise
-0.34726457924130116,-0.41902040196302975,-0.1145440686501047,-0.1441055680778055,-0.18369926419182955,-0.23018793774127916,-0.11771700412498373,-0.15257415567267138,-0.2072447248665868,-0.26567218575491264,-0.1871372020171029,-0.2775989651953942,293.6,-1,Noise
-0.3454914423317488,-0.4042095078924962,-0.11561857058861837,-0.1472439331616763,-0.20279544033894878,-0.25567281224027466,-0.11437485814096585,-0.1488586763357796,-0.20823469677926568,-0.2660218428607345,-0.18324105022975415,-0.2682395992026771,294.4,-1,Noise
-0.3248032855664699,-0.36140679803787396,-0.11471629742972292,-0.1446901390848441,-0.1988339995424719,-0.23556548006675526,-0.11529303011459713,-0.15297703897426204,-0.20297893348616275,-0.26702026134362356,-0.17035921646539295,-0.25162261958051974,294.4,-1,Noise
-0.3313718455163685,-0.38540108385149585,-0.11324078519836682,-0.13960679581165591,-0.17811261691474678,-0.22890200370692618,-0.11694573966713345,-0.15418568887903406,-0.1947773413628743,-0.24007560051426313,-0.07936307376065424,0.07148075642244578,294.4,-1,Noise
-0.21773669407542365,-0.23071306477790904,-0.10554190169155236,-0.12828174275363627,-0.186441800127852,-0.24012470073400677,-0.12208750271946868,-0.1546333369919126,-0.12025485716245682,-0.13079301036816562,-0.07086389099294789,-0.06060124365723176,294.9,-1,Noise
0.49936384968569053,0.7919671053545958,0.09102254742884208,0.1854146841018042,0.15667991809006726,0.14694144360624165,-0.014183932378319428,-0.027187919255396202,-0.14263159455609845,-0.16583033746600662,-0.12151802234138176,-0.17824190620955022,297.2,-1,Noise
-0.3312548839787991,-0.3576369178379349,-0.11402738231125004,-0.13411937119719683,-0.20249071412383518,-0.2578939710268844,-0.1134934130462798,-0.15020162067441517,-0.20883446078475726,-0.25774802893502097,-0.12162613327678312,-0.10855567941465323,297.4,-1,Noise
-0.055052552239367204,-0.07088471388580626,-0.0971746676966672,-0.12413586819219663,-0.17912837096512546,-0.2297203253651508,-0.12208750271946868,-0.15436474812418546,-0.08793745289867967,-0.09464352090963811,0.026914133851775688,0.028788911543385406,297.9,-1,Noise
-0.33993810852795275,-0.4028800332326143,-0.11561857058861837,-0.147817728666281,-0.19720879306186603,-0.2507628822909269,-0.1168355590302977,-0.15288750935168635,-0.20662328264402927,-0.2555658315757951,-0.12071550655167172,-0.06244848694526803,298.4,-1,Noise
-0.34318028234937703,-0.3916705585318293,-0.11452093344090225,-0.14066010117456879,-0.1943646817208057,-0.24947694825657393,-0.1146319462935826,-0.14657567096009913,-0.20401948790532887,-0.2557427664968134,-0.18880876340292382,-0.28592387494681093,299.0,-1,Noise
-0.3295940301453133,-0.39777612537738277,-0.11173699660020774,-0.14074091744282297,-0.19294262605027557,-0.24795720803415677,-0.11382395495678707,-0.1448746081311607,-0.20114591979869653,-0.2604441801124429,-0.18195203523073802,-0.2747501055467338,299.0,-1,Noise
-0.3405088808312915,-0.4058622452265275,-0.11556201785501238,-0.1453528324845284,-0.1953804357711844,-0.2477234018460926,-0.11496248820408987,-0.15069403359858155,-0.2083816269171572,-0.26776170291741463,-0.1704174300459937,-0.23117158388941603,299.0,-1,Noise
-0.347100833088704,-0.4235278674194786,-0.11528439534458301,-0.14515617956510987,-0.19202844740493474,-0.2488924327864135,-0.11841481482494352,-0.15476763142577615,-0.20818893165434865,-0.26694021935554385,-0.16619278733954082,-0.21138555578200535,299.2,-1,Noise
-0.321406722515454,-0.3641112773117433,-0.11561857058861837,-0.14445307803129848,-0.1919268719998969,-0.23918947598175005,-0.11474212693041835,-0.15091785765502083,-0.2045927563121843,-0.2674499604375252,-0.18020146969981612,-0.27398657832101214,299.6,-1,Noise
-0.3446961038762767,-0.4006991484309587,-0.11447209244369709,-0.14181307993499515,-0.18887960984876082,-0.21990046546645528,-0.11790063851971,-0.15476763142577615,-0.2050672683968503,-0.26126145093809894,-0.1833158962619551,-0.26750891185763165,299.6,-1,Noise
-0.3324525701235099,-0.39249009770572907,-0.11547975933340368,-0.144353404633785,-0.2069600319455014,-0.25719255246269185,-0.1133465055304988,-0.1488586763357796,-0.19722938858211297,-0.26090758109606227,-0.1655025405981322,-0.24874092005118317,299.6,-1,Noise
0.031185528641316903,0.1897378494051505,-0.08294394345836174,-0.09324519658983904,-0.17364329909308057,-0.21019750866179185,-0.12208750271946868,-0.15476763142577615,0.026947462787771482,0.08351730634716034,-0.03421428389188926,0.08350015274993508,299.8,-1,Noise
-0.3327847408902071,-0.385542226709223,-0.11561857058861837,-0.14695299459596123,-0.1937552292905785,-0.2477234018460926,-0.12208750271946868,-0.15476763142577615,-0.20461684322003534,-0.26287071617212265,-0.1783053702173924,-0.26681927436343145,300.5,-1,Noise
-0.3416176762074496,-0.3887429824828428,-0.11519185450777322,-0.14343748692690425,-0.19070796713944246,-0.2375528326653008,-0.11628465584611893,-0.1529322741629742,-0.20662087395324416,-0.26682647547774635,-0.18665070280779683,-0.27617043038597944,301.5,-1,Noise
-0.3299870209115466,-0.35287903763390555,-0.11561857058861837,-0.147817728666281,-0.20096708304826716,-0.24363179355496944,-0.11870862985650553,-0.15440951293547334,-0.20332096757764792,-0.2596943130662224,-0.18479618445437362,-0.27444633665047896,301.5,-1,Noise
-0.3445510715696906,-0.40630843877676176,-0.115340948078189,-0.14255120185171669,-0.1985292733273583,-0.2576601648388202,-0.11845154170388877,-0.15476763142577615,-0.20622584866448665,-0.26327935158495064,-0.17818478494329087,-0.25685237057820465,302.9,-1,Noise
-0.3397088639143167,-0.4025112406043594,-0.11357238986360191,-0.14152752912049701,-0.20299859114902452,-0.24912623897447767,-0.11801081915654575,-0.15333515746456486,-0.20432780032582254,-0.2662324796714706,-0.16150243598828212,-0.23732085154603452,302.9,-1,Noise
-0.3395451177617195,-0.3767048626173369,-0.11483968521213597,-0.134895207372437,-0.20604585330016056,-0.2578939710268844,-0.11845154170388877,-0.15476763142577615,-0.21007734522987234,-0.26669588065509,-0.1609410907467751,-0.1236209746748601,303.2,-1,Noise
0.28175924826853765,0.4980803575941283,-0.05314322342680914,-0.042923600223567164,-0.20970256788152383,-0.24141063476835975,-0.12208750271946868,-0.1546333369919126,0.02500605801497545,0.060519979350994194,0.05615814187784164,0.1090988397370332,303.2,-1,Noise
-0.3461089992501153,-0.4091449549175372,-0.11369577764601496,-0.13291251492460102,-0.19822454711224471,-0.2476064987520605,-0.11679883215135245,-0.15418568887903406,-0.2079215669772018,-0.2627316958770368,-0.15512389079960232,-0.09497638875504441,303.4,-1,Noise
-0.3386281393071753,-0.4043096737915284,-0.11395540610484242,-0.1445204249215103,-0.19020009011425312,-0.2418782471444881,-0.10857201126761608,-0.1446060192634336,-0.2086369481403785,-0.2679049359487152,-0.16108662469827692,-0.22468570745586647,304.1,-1,Noise
-0.3429042531207132,-0.4072372498405149,-0.11516871929857078,-0.14145479447906825,-0.18979378849410164,-0.2408261192981993,-0.11999407061958933,-0.15476763142577615,-0.20741092453075916,-0.2571582458649599,-0.1285036520134692,-0.10674948597746221,304.2,-1,Noise
-0.341903062359119,-0.3846726045858071,-0.11500677283415364,-0.14467397583119326,-0.19588831279637375,-0.24655437090577167,-0.11738646221447648,-0.15476763142577615,-0.20497092076544604,-0.2546263913999121,-0.18494171840587545,-0.26585870785365256,304.4,-1,Noise
-0.3338420731898346,-0.372156420202193,-0.11463146832931395,-0.14369340510970915,-0.19781824549209323,-0.25146430085511945,-0.11881881049334128,-0.15405139444517052,-0.2039255489647097,-0.2589318078113578,-0.18596461417928825,-0.27543153307076496,304.4,-1,Noise
-0.3340385685729512,-0.3456170099540712,-0.11483454405453543,-0.1443830372654782,-0.2031001665540624,-0.2578939710268844,-0.11566029890404965,-0.150873092843733,-0.20919335571173817,-0.26217982743290824,-0.14337306374405526,-0.10119954614318435,304.4,-1,Noise
0.0030165119330980024,0.038560189793101156,-0.06847672597043127,-0.07541174006174912,-0.17354172368804271,-0.2140553107648508,-0.12208750271946868,-0.15476763142577615,0.010298592081113684,0.07083697034084781,0.0845081556303964,0.19022155497741694,305.9,-1,Noise
-0.3256266947909586,-0.39659234657063863,-0.11502476688575555,-0.14414867008754106,-0.18532447067243543,-0.21791311286790976,-0.1075803855360943,-0.1411143639829811,-0.18163552443933192,-0.24866536965608083,-0.1795694365390082,-0.2748814650694386,306.1,-1,Noise
-0.34247851312396055,-0.4056254894651786,-0.11560314711581673,-0.14422679248018677,-0.19944345197269914,-0.25356855654769705,-0.11275887546737477,-0.1376227087025286,-0.2057127975272589,-0.2590918917875172,0.0072545760603296705,0.24690318902453864,306.1,-1,Noise
-0.3300431624495799,-0.3686870376993505,-0.11561857058861837,-0.1466297295229445,-0.17608110881398942,-0.233928836750306,-0.1203980662879871,-0.15476763142577615,-0.2076084371751379,-0.2591972101928853,-0.14364334108255863,-0.12791478907327328,307.5,-1,Noise
-0.3385018208466003,-0.3833750008937991,-0.11092983485692236,-0.13341626966338543,-0.20249071412383518,-0.2578939710268844,-0.11613774833033792,-0.15002256142926376,-0.20261522117761163,-0.26067588060425256,-0.18444274485786918,-0.2697173938331061,308.1,-1,Noise
-0.3432691731179298,-0.40435065075022336,-0.11137968614696994,-0.11996305487467226,-0.20767105978076647,-0.2578939710268844,-0.1168355590302977,-0.15427521850160977,-0.20347271509710965,-0.24453688816565347,-0.026875214623297422,0.36402662345620695,308.1,-1,Noise
-0.1345255777870361,-0.13170817957540293,-0.08683322918317318,-0.10006070187927522,1.2334807868965094,1.3951157785868615,0.7923016023804609,0.9732608482168218,-0.16593326921122106,-0.19981448051016715,-0.16741943064505616,-0.24796918285529249,308.9,-1,Noise
-0.34430779157154623,-0.4123957936406731,-0.11468802106291993,-0.14410018032658856,-0.2066553057303878,-0.2578939710268844,-0.11720282781975021,-0.15409615925645836,-0.2059584839873398,-0.2558143830124637,-0.18614757114689054,-0.27608833068428895,310.3,-1,Noise
-0.3410375469811053,-0.4108159042332107,-0.10980906250000379,-0.13688867532270688,-0.20360804357925175,-0.24550224305948287,-0.1159908408145569,-0.1494406188825217,-0.2004883472143624,-0.26449261961479054,-0.17446327389774433,-0.25852720449269084,312.7,-1,Noise
-0.34628210232571804,-0.41123933280639224,-0.10874998403429174,-0.09819384608260358,-0.1988339995424719,-0.2549713936760821,-0.11672537839346195,-0.1516788594469143,-0.20723990748501658,-0.2569096944282913,-0.08125917324307798,0.061210083740964136,312.7,-1,Noise
-0.3353719301012426,-0.3936875354987049,-0.11561857058861837,-0.14529087334553353,-0.18918433606387444,-0.23720212338320454,-0.11694573966713345,-0.15158932982433862,-0.19293710160305275,-0.25662744110190494,-0.17743216650838148,-0.2597422800777103,313.3,-1,Noise
-0.21985135867467875,-0.26426408795828465,-0.10803793370661642,-0.13262157635888594,-0.21234352841250842,-0.2500614637267344,-0.12208750271946868,-0.15467810180320044,-0.14583274460950532,-0.17605464825913636,-0.0843860741439171,-0.1341625763719204,313.6,-1,Noise
-0.34544933617822376,-0.4038816922229363,-0.11549518280620531,-0.1451642611919353,-0.1959898882014116,-0.252165719419312,-0.1181209997933815,-0.15476763142577615,-0.20605724030952918,-0.2607938372182648,-0.18472133842217267,-0.27392910852982877,313.9,-1,Noise
-0.33939072853212787,-0.3922123649856853,-0.11378317732522421,-0.14276940577600297,-0.19934187656766125,-0.25017836682076644,-0.12208750271946868,-0.15476763142577615,-0.2082515576147614,-0.2671929835284272,-0.13847480674779397,-0.08630666025652753,313.9,-1,Noise
1.2866366375269533,1.7303986484102012,0.036498000496273955,0.07428692750108432,-0.11513586579126842,-0.1546685389965493,-0.12208750271946868,-0.15158932982433862,1.0556535319819438,1.5351503766884178,0.5029556892142328,0.9809319919287983,313.9,-1,Noise
2.368409220045008,2.477003388828327,0.39540992432664307,0.542358589975667,6.872033095953619,6.224499496146511,72.11270527559087,72.43719329729466,3.4958644447025926,4.91919925061227,1.4806985146453682,2.0983335618470202,315.7,-1,Noise
