FSC-A,FSC-H,SSC-A,SSC-H,FL1-A,FL1-H,FL2-A,FL2-H,FL3-A,FL3-H,FL4-A,FL4-H,Time,Cluster,Label
1.1349106352559917,4.168708338646978,-0.047493231010304816,0.0364104092668018,0.3860955957145216,0.652775570024507,9.47177495642615,14.951606642375905,0.5010644683313316,1.5745205219916478,0.5515934276919926,1.8799784675989433,18.7,1,Crypto
0.20388376632517152,1.1153624152371158,-0.10375086500687519,-0.07575460268056365,-0.28151362461934504,-0.3775190038674519,0.015606670446710349,0.0896309174700577,-0.06650679631561664,0.062348693632019364,-0.026093140698026464,0.2741562756211901,19.7,1,Crypto
1.3018076380321002,3.4651624557154905,-0.009281918237027694,0.06936196697985193,0.30947463682389575,0.27858228084700903,9.174649571943208,11.035518520942768,0.5083374077057146,1.174724431005559,0.4727606258393307,1.3994054256624389,22.0,1,Crypto
0.9643542204337412,2.4660932588820925,-0.0425845469848146,0.013983776845868646,0.5432667934388823,0.65041791653734,5.7862369017850375,7.561553498962353,0.6814360828251413,1.6731187061794734,0.651099219434618,2.047981548872928,22.3,1,Crypto
0.6507815792814395,1.7952319971811028,-0.07516410012166104,-0.04416390188286289,0.01576096107649664,-0.01326154010015749,3.8009218960498656,4.538995739515754,0.17338695265948026,0.4647422169592679,0.14253318943556034,0.5608525249571705,30.8,1,Crypto
-0.15206399310779992,-0.23036344234261993,-0.13109723189283373,-0.13842206363240236,1.5093784994508121,2.1456754388627246,1.924810246272144,2.688071227075752,-0.10659743067456422,-0.09516805894551808,-0.13436062757649234,-0.1591245692517841,36.4,1,Crypto
0.4148263127658051,1.3629864740097448,-0.11067828207949515,-0.10507527832585183,-0.3225254840255454,-0.3829079261238335,0.18287131483332852,0.14322585889273903,-0.03200393568342181,0.06160450175723901,0.01037425298114819,0.17646180000355272,38.4,1,Crypto
2.8399831965310707,5.421984345709643,3.072924871344555,4.129843399395636,2.2207009591517664,1.9949540195045514,0.5814786058625895,0.42343878097667925,0.020922496693161704,0.09742416514647258,0.13896144766311624,0.325736683738491,41.6,1,Crypto
2.7258832787335487,3.7799626583932047,0.1360668611563142,0.18536198953228175,0.34496094631009905,0.08845436748904538,7.170482196217218,5.1112377912413915,0.3928242855773549,0.43178349354000706,0.4307050879704939,0.6089030582912623,56.4,1,Crypto
1.8432421487530892,3.489189007526392,0.02160222834538595,0.08877734154554393,0.57445545298731,0.2868340680520934,11.440543999137468,9.962494339388403,1.0439426202222772,1.6193747326544794,1.0284014938593649,1.8197990678422395,58.7,1,Crypto
0.4940963251007301,1.5885643711411719,-0.07452920446327428,-0.035801870454077796,-0.3022651343188895,-0.4024427693032168,0.2728211865448372,0.3362239156694288,0.02255896467758767,0.19143557918000992,0.16279601283531028,0.4211019836679752,79.5,1,Crypto
1.7192943213837575,4.705803246158253,0.11049702638113784,0.29371949755691434,0.4359483349927173,0.5170420906918952,3.4648884288199153,4.289308020289352,0.46258538687331,1.0870661569458275,0.5787976453075109,1.5008644991946496,87.9,1,Crypto
0.43853891472984785,1.4347617058295872,-0.07811518920045875,-0.039885888920248636,-0.2806540946317899,-0.3760033694828446,0.30240336286021635,0.2715161123769526,0.04352160993137637,0.2312310225072724,0.123443981102699,0.4429176931657362,88.7,1,Crypto
0.5306775090635353,1.7512967957634022,-0.07828214324396045,-0.03541243374106824,-0.2637090748771323,-0.3446802588676265,0.38332816383143986,0.5154363969620692,0.0032101373323159352,0.16421321414183815,0.04404383217050808,0.3441759912697043,88.8,1,Crypto
1.0467904408050543,2.843064619399651,0.05427113716748681,0.19107614085662641,0.17698422874218853,0.20162173487305918,6.595886025752397,8.495877910850671,0.37510286618614547,0.9206277889356119,0.44062692555128163,1.120807124358526,93.3,1,Crypto
0.26980816327485074,0.933529863936873,-0.043770861279837266,0.03059926069423543,-0.32731429395620953,-0.4058108457134553,0.22809694709853523,0.27559551736713045,-0.03455320172698088,0.07187550790449944,-0.007438050183274421,0.12891682418316852,94.6,1,Crypto
6.594235948155449,8.324581660053093,9.66979645248516,9.633163242269735,1.7098945665475942,1.0478509329454837,0.6799521554954786,0.508684278357637,0.39054115792572663,0.45351563369653075,0.09414701621229518,0.10312887707770428,98.0,1,Crypto
0.41438485475051706,1.2862095294968428,0.07355315345923281,0.23387509084436425,0.8172112794725142,1.1719645486627726,0.5914061836769031,0.792976605431755,-0.04693033570745935,0.044296973214195436,-0.047745141115726156,0.030856722149367508,101.6,1,Crypto
0.2797353089006867,0.9811083285923848,-0.08714011341115645,-0.0629466227549297,-0.18168535606473152,-0.34518547032916225,0.18618050743809975,0.17276637778713033,-0.00011036379594492096,0.13291661576586108,0.04243460232751671,0.23481306767943863,102.1,1,Crypto
0.20621233607614137,0.8440555087326237,-0.12157262128433163,-0.12210046696894614,-0.2920735644664505,-0.40968413358522965,0.13684345405787424,0.10735522880669249,-0.0293618043286358,0.07061588352500739,-0.0014367455874117227,0.21818383660355375,103.1,1,Crypto
0.32870965853809797,1.0903964056101747,-0.10318298611242925,-0.09243089077408434,-0.2542542450140262,-0.3861075987135601,0.24283789597433433,0.2104657066618773,-0.00113414722703217,0.13593392290018455,0.04207533240908143,0.26161212981231824,105.4,1,Crypto
0.4931293218291468,1.5999360660990836,-0.09650717583776255,-0.08270221154945902,-0.2951433144220044,-0.3269978577138743,0.6200858529182537,0.6976029301441489,0.046184126354480486,0.2293951561702656,0.1546061556529793,0.39865884118445194,117.9,1,Crypto
0.12518942817868073,0.6635715867710854,0.023525727043757685,0.16167728832471176,1.436564030505073,1.7399906352494967,3.0149385131348097,3.860267150632717,-0.060516983741478965,-0.002312024515238957,-0.09193234716727894,-0.08075864072072077,118.8,1,Crypto
0.5440118050124917,1.7174501274085352,-0.10561322560480968,-0.0960270275589012,0.08661079005068112,0.03810162515597972,1.7113171839825096,2.091774752821825,0.01991570081900621,0.15244803286855957,0.06438898825989943,0.24621068126972345,123.5,1,Crypto
0.31736596631375535,1.1062624405730412,-0.118836691289765,-0.1219745153182702,-0.2702169447829066,-0.36168904473933094,0.2140579481692028,0.16713961228343674,-0.008814787967777439,0.1298790388139366,-0.0011687901065787411,0.23418563469367643,124.3,1,Crypto
0.4323504172041801,1.5404130663539286,-0.08072649152874947,-0.04185913144750523,-0.3039841942939997,-0.4248404774313029,0.09813592843842903,0.09342898418505087,-0.02500619473133319,0.08452676977576552,0.020451774193257864,0.2039063507476841,125.3,1,Crypto
1.3901283482115934,3.877018143569395,1.1295445330037093,2.1258802511350914,1.0203059365319616,1.028989705048148,0.2739242507464276,0.3308784884409199,0.3963531674039786,0.8510675663053638,0.1176402749619757,0.3724014478162591,129.2,1,Crypto
0.8524648268373138,2.050731789421992,-0.049186286099336174,-0.014003548566401692,0.17698422874218853,0.05426839192512455,4.990325941055668,5.285386183580708,0.2702466047729749,0.5606560981590725,0.2736397644205558,0.6940443602872831,133.5,1,Crypto
0.38018560359547476,1.2309353668430434,-0.10199432035200516,-0.08585968913709412,-0.16621381628873977,-0.25778388748347303,1.9428603877527142,2.582850712156682,0.016592934683154453,0.1694486184593591,0.008203663890601691,0.17172219831254318,134.1,1,Crypto
0.7257663764496493,2.0805096561554763,-0.09142565910526707,-0.07601664002277454,0.2160314481768344,0.23681813336005156,5.758058625362592,7.233372400959425,0.1955908220730827,0.543195098139907,0.255156824075054,0.7238993370342708,139.2,1,Crypto
0.7329040895613026,1.4589584729939178,1.3930027165802,2.1515193745083225,1.1731794843185468,1.028989705048148,0.24454263155861042,0.23100340075035886,0.24189323975007626,0.5660768265232314,0.14829797466845315,0.38546017895158347,139.9,1,Crypto
1.4762013417564697,2.0756585185827574,0.0956686855597049,0.14016271958108723,1.9721740027501211,1.3540090786361638,32.96423465051596,26.192477427379753,2.268892700495398,3.1219618329770538,1.9620212613171986,3.3672248530803826,141.0,1,Crypto
0.5208878137354996,1.0007551084246782,0.3281180948875057,0.7184125387148774,0.5314789536095552,0.3708675744875441,5.333579464877847,5.147671097877808,0.5079591514380342,0.9181664539412021,0.5701452281051944,1.417912441789238,143.6,1,Crypto
0.3847974653522567,1.2250825773828402,-0.09573236798799058,-0.07544044741393513,-0.16179337635274213,-0.23286012204770806,2.2348715654828295,2.9328355264864228,0.04164052112713309,0.22119456710653806,0.0283691850207754,0.23802245511020795,149.4,1,Crypto
0.6355375327242225,1.949925019726007,-0.018821813370639096,0.053771468978365315,0.06671881033869172,0.052247546078981445,2.7792838882495863,3.5154870943938925,0.07313205416722506,0.27045601525347757,0.10746994235427025,0.39676300050804814,151.5,1,Crypto
1.534140684935115,3.157269068340365,0.09228022391624074,0.17587942272851748,0.7995295197285236,0.7339462115112549,11.211608038025567,11.881924721835874,0.9424895327144353,1.7429105838680188,0.9516554514496145,2.010470986918367,152.0,1,Crypto
0.23700767103271736,0.8618364664215636,-0.08770799230560238,-0.06164946552497965,-0.21569818557226897,-0.31807245522674227,0.14255933219338818,0.10440117691725335,-0.020985806257483926,0.0959763210321139,0.040671185811196865,0.19622819600824865,155.0,1,Crypto
2.4634987455444066,3.343622146623013,5.299550974614945,6.308720092882256,1.8951846738648288,1.1817319702524642,0.6840635766104973,0.7150459032055989,0.17543791703304112,0.36687953758153646,0.07401592511597152,0.1969233375895967,158.5,1,Crypto
0.4960190122076073,1.6456519819834234,-0.111362558511312,-0.10332064153712477,-0.08713705743367077,-0.17627643835570117,2.198470446830346,3.032429275901799,-0.020845375786848065,0.10578112137455083,-0.004960584704064452,0.1976139652645724,160.6,1,Crypto
8.393088422026183,8.174268409486798,3.1736616491419207,1.9482449920783165,6.975989220301234,4.835421260079196,3.075105651403377,2.4449949573161893,0.15928728040612158,0.1504471123025159,0.17850059914491256,0.14420993897282594,161.3,1,Crypto
1.646930782247716,3.9682142925410195,12.396555731986215,24.144342460670796,1.6912304868178263,1.9782820412738709,4.173958153314985,5.450953758526892,-0.03709114273258544,0.058248399100155605,-0.06177912230460438,-0.025445232033453336,165.2,1,Crypto
0.03183642003736944,0.33140941804364044,-0.12428386089218324,-0.1253621804054165,0.4883796642335782,0.6741628552295216,1.8102921264343035,2.4765048441368736,-0.09987715315236098,-0.07562216340167599,-0.07775016713704616,-0.060671757363585134,168.4,1,Crypto
0.31701344672645576,1.1866957418124797,-0.11511902449010031,-0.10776803775409634,-0.2696029947917958,-0.3243033965856835,0.12641448342465583,0.08020608525137096,-0.028118315161231155,0.07703562432807375,-0.01257411305890548,0.1902292144393423,170.8,1,Crypto
0.3350307551745848,1.2268469249885725,-0.09514920456843533,-0.07535068876632697,-0.13981396667097604,-0.20456828020170462,1.5599968312370618,2.0476046436178303,-0.016085462334569627,0.08822745933206629,-0.007342244871691678,0.14166409577879796,171.9,1,Crypto
1.5941660385156704,3.230003398209335,0.0009457805265026967,0.04400514903054949,0.91261910809113,0.8130960071518598,16.628656053472277,16.881305871867617,0.7456943481790025,1.3789544260887645,0.8700622590569749,1.4447431012667242,176.2,1,Crypto
0.36196939648111703,1.0669034134648283,-0.11763509246963302,-0.1139715184799177,-0.19506946587094662,-0.24515360094507863,1.7035957345713768,2.1109057555343833,0.07106410223673244,0.2532527314866678,0.0830575513965928,0.2909254377946191,177.4,1,Crypto
0.6265353467494662,1.9919322049289092,-0.09259786460788114,-0.07026629569536208,-0.12495637688609508,-0.20860997189399083,0.6349270803578337,0.7659681310140258,0.10082290446978515,0.3750048387513173,0.08299617611886011,0.5288579565896699,178.2,1,Crypto
0.5388679297501062,1.4590501274149947,-0.07025188889806867,-0.04080519119817082,-0.03777547814836373,-0.0705188390742121,3.6434845509137803,4.655610454579804,0.17852965239462099,0.5161812226542029,0.15339062576227327,0.6359503852746234,180.6,1,Crypto
0.39339538574524735,1.2622779054791995,-0.08735292102998608,-0.06716093603214461,-0.26726998482557485,-0.34636429707274574,0.32867634657082423,0.3498688220158857,0.02588739333241668,0.1859569370512767,0.12602623364145257,0.34627495773286565,192.8,1,Crypto
0.5436253271163238,1.6683822784105218,-0.07478081126122754,-0.03519093256229329,0.3962871655669606,0.5150212448457522,0.485512020324224,0.5479309677458997,0.06796670435617534,0.2809760505884077,0.1151343672808896,0.42821138620448945,195.5,1,Crypto
0.7148350351187076,1.823687421553333,-0.010602266059932008,0.060313716212901304,0.1983496884328438,0.17972923820650888,4.603752077680121,5.212378901170284,0.2452556435187688,0.5702929485842438,0.26471939173740644,0.7368452205102853,195.7,1,Crypto
0.38800086582216725,1.2904321796107479,-0.11020093460300437,-0.0966973219757169,-0.23608132527714698,-0.3520900269701512,0.1293225617743033,0.11467002396149413,-0.02761435097225568,0.08221021919279164,0.004789102707473027,0.19079796664226345,198.4,1,Crypto
1.2805723755531169,3.038969397707396,0.009448679418082393,0.09776623578746335,0.1259035894817713,0.09199084771979582,6.496509969045479,6.9706024519369345,0.41855703681758105,0.8457221258351516,0.38370509784919155,0.894051037741513,205.6,1,Crypto
0.7341314398675429,1.8364994002710264,0.2791723425566895,0.62464660180706,0.6961403412254675,0.7056543696652515,5.53533993520511,6.629198455000327,0.6176659266071193,1.350327652259665,0.7282494405026079,1.783119064660198,208.8,1,Crypto
13.882077126253272,11.24659007143178,5.403309385453151,1.510353086561587,13.012345532902462,6.098449913918635,2.0322085880815375,0.547227622057938,4.488656764768144,2.0036383519817287,3.7109621938400883,1.7734367354914216,210.4,1,Crypto
0.45803260108258487,1.5643905175821107,-0.09960640723685052,-0.08143979960245407,-0.20869915567360603,-0.30055845789350205,0.31223066211074907,0.29303849042858054,0.016688065001972296,0.17309428993931425,0.10111086479796574,0.3703476204168217,210.5,1,Crypto
0.14301592327221643,0.6007293876340701,-0.11401736294952922,-0.11241377162787947,-0.2295734553713727,-0.3564685263034612,0.06965681632464032,0.027455158654243673,-0.05585673062320017,0.00892614150041306,-0.022034887577701254,0.0625533726962903,210.8,1,Crypto
0.28762333893209696,0.9455005860039667,-0.08570336805088122,-0.056465179765547616,-0.25216681504424954,-0.3736457159956776,0.2680078154833518,0.27629886305509216,0.009364162956793935,0.16582321679700499,0.03024187947061931,0.30701300010581717,211.9,1,Crypto
0.5207228733781393,1.3168712067192838,0.06700197085084204,0.22095997962964958,0.8232279893853998,0.8309468121261239,14.261981669678168,17.662160254642696,0.9112856556383877,2.0484085876859277,0.8633079845903916,2.4823457312752755,217.2,1,Crypto
1.2965796755287076,3.045974414175425,0.0565461799433727,0.1853330351298275,0.2764441273021356,0.274203781513699,8.02274970979148,9.038016767131548,0.3764618707406861,0.7914163887937865,0.3231606318028791,0.797507608248835,217.9,1,Crypto
0.4125042112641435,1.2193214423437138,-0.09950059129378605,-0.09422895916649277,0.27337437734658165,0.23378686459083692,0.7213672023370094,0.7963526647339711,0.08473342304781994,0.27852919403514154,0.13645254606604318,0.4605715809881536,218.3,1,Crypto
0.5764258193584572,1.7710646903664042,-0.05874852015426118,-0.0073802290049938294,-0.13048192680609214,-0.19278001276586984,1.5461583894352913,1.977410743959253,0.07234722903697785,0.2965432705059921,0.08806637284277803,0.45948824345878,219.3,1,Crypto
0.25232610245697934,1.0188830435648382,-0.06897504318509086,-0.02235255051408238,1.7925322353511057,2.4893876365275642,2.2399857722356575,3.0861648864620728,-0.07779672665246264,-0.03571957960995097,-0.11462772730643443,-0.14143457017838754,220.5,1,Crypto
0.9662235444838253,2.184190446626662,0.10757768208525947,0.30161246766594074,0.36657198599719865,0.30131679661611893,5.655373376050903,6.3384353475969615,0.6168403313402359,1.2390637277594296,0.6150854040274678,1.4844790190628736,226.3,1,Crypto
0.4424538226236659,1.3244654301799503,-0.10568141810145122,-0.09636579406761583,-0.24848311509758483,-0.30140047699606165,0.31132815503672057,0.3410066663475683,0.04264052197851588,0.21960483426897226,0.07189772955519684,0.3617396009646739,232.8,1,Crypto
1.0898140010788762,2.8228777331574397,-0.04856197203525586,0.00410598244860398,0.35945016610031355,0.44900694720507744,4.098348116224152,5.107861731939176,0.41240527620069395,0.971409473402628,0.41929228022819975,1.1906237142202827,240.5,1,Crypto
0.9016396922032809,1.4550009660266998,0.3545991225057371,0.37272882325392725,2.2010545594362214,1.4447787378920915,24.21533107488354,16.03602502407525,2.3683944839636784,2.7369511260867956,2.392202079903645,3.380956156265193,242.6,1,Crypto
0.3952210491125008,1.1021216247636694,0.3492448357866754,0.70341415824358,2.1706026398771265,2.668232493911229,2.0616904858331355,2.696792713606477,-0.08581032350907035,-0.047603484100606955,-0.11329543469223693,-0.14658493734928457,253.5,1,Crypto
0.9393107761745261,2.2692948499688463,-0.08837933567771133,-0.07044436527045567,0.3802016757998581,0.49784405515353575,3.826492929814007,4.459517676776083,0.4488277307661774,1.005801562495104,0.47347467480222083,1.258630227626711,261.1,1,Crypto
7.357230636556563,6.160195240041328,7.217594273255356,17.308063269211985,7.343376894981927,3.966625950058173,3.448543022923621,3.493824047204672,0.3242636383045772,0.2508811628273483,0.2494144932120634,0.21325916475127624,262.8,1,Crypto
0.3641880059938466,1.135873365325278,0.267739517774925,0.5906049108416077,1.1853356941425404,1.5077617667635517,0.8238518945211362,1.1453527951005653,-0.06637655837913983,-0.01847575620793918,-0.06809478807909795,-0.025088633430034524,274.3,1,Crypto
0.3435025447060646,1.169503991116178,-0.05342832968352029,0.0002651809630487758,0.1890176485679599,0.2317660187446938,0.17775710808050027,0.22481395869629592,-0.03495184306297945,0.05353132297557505,0.0016305213412295017,0.1389783214872259,279.2,1,Crypto
1.0018409592997013,2.34768556696714,-0.024888594106334788,0.039776358552107434,0.6092050224841805,0.4954864016663688,4.971674128192412,5.2281338445806265,0.318629431922211,0.6358455387059471,0.3496343339175789,0.811175716744432,286.3,1,Crypto
3.6422563288565297,6.202880013285764,0.6106831105833354,0.919748423900572,3.219965964683679,1.9976484806327424,32.613560512974,23.66690373104689,2.570036784743639,3.256871947552995,3.203014407492338,4.178748482427779,296.4,1,Crypto
1.3385505282276116,2.5670211433487866,0.046376092082177404,0.11182215045887514,30.202208544015082,33.897036969642656,2.0414342159493843,2.1322874644484187,1.0123457643292082,1.2073820028490332,0.43598036793951866,0.6280736186548028,297.6,1,Crypto
0.7753697633322878,2.0207542469854474,0.12292216956230685,0.3114178760570698,2.7952353608332383,3.147341363267657,3.674470627122093,4.480899385690118,0.31573248721344865,0.7506248287158452,0.3624408095518033,1.0976101595108139,300.3,1,Crypto
0.9447085302222603,2.0670528231180625,-0.059616210887389755,-0.03241275764680877,0.30640488686834183,0.15295303074511277,6.528298273764039,6.378948059223555,0.2831061853703153,0.5226386074042425,0.2710620027557826,0.6116836246166546,308.4,1,Crypto
1.9007772263499687,4.104648445058511,2.194770117179611,3.1849164753014474,6.170486831963886,5.683839707818275,1.9001417195820312,1.5997141095238216,0.3356101938311958,0.7729621677121709,0.12863992229806925,0.4642865259326306,311.8,1,Crypto
1.5176628198223492,2.8457225976108846,0.8811028074807665,1.098760464794046,-0.14865484654297134,-0.26805652053470047,-0.29355214168994664,-0.48851923803445746,0.2900608911781768,0.798797498088787,0.15996975614361938,0.4975088768334212,22.3,2,Nano1
0.2622015020883493,0.9196965930986072,-0.10951077950768394,-0.09851710616996602,-0.23755480525581288,-0.35528969955987777,-0.31471091864772627,-0.4962560406020361,0.3242251331755319,0.8208481639504696,0.1394509529269843,0.533082972954227,24.6,2,Nano1
1.9388590441522877,3.6851003325785,1.0028170081243108,1.257265550149303,0.29866911698034593,0.06959313959170975,-0.2562485159634347,-0.4142459333857022,2.3306254823854045,4.44807121420045,1.906094910680773,4.391249652720785,27.1,2,Nano1
1.9875326201968655,5.068656552457771,0.046333765704951624,0.1734675210040791,-0.10567834716521646,-0.1956428777145726,-0.2765047858471858,-0.4795164132285477,1.3338522668196497,2.685436832497914,0.6330593786551864,1.6193094024061638,28.4,2,Nano1
0.20583717761626288,0.4083598512821525,-0.10068455412340728,-0.1040893809222849,-0.18438673602561897,-0.2988744196883828,-0.302176098175108,-0.47923507495336304,1.0825496746091845,1.6230812135872377,0.6916847445538571,1.3778560366406487,28.5,2,Nano1
2.466360945863307,4.609467902861954,0.6034594088701349,0.8749617541843504,0.09324144995467759,-0.14343769335587575,-0.2498306878814541,-0.4699509118722686,1.1444636571064633,1.781316096845497,0.6028911842125769,1.051017617935004,30.3,2,Nano1
1.3296017053096483,2.2457036566580606,1.3760133790548505,1.9308868278069982,0.1293417094319917,0.05308956518154107,-0.25985854425954874,-0.4254994643930894,1.742301085686826,2.9932195343282806,1.410242544920344,2.8730107860865153,32.0,2,Nano1
2.4228296280187878,3.8415675228456805,1.8493280923821789,2.0248583409722407,0.45927843465492707,0.15564749187330357,-0.20540728412649498,-0.39736563687462145,1.9391189202981678,3.5092890904502863,1.9277708624263683,4.08123907697141,37.1,2,Nano1
0.6163155128424319,1.7496142824622027,-0.08128378882888895,-0.0544774600370639,-0.1498827465251929,-0.27950798032951135,-0.3123042331169836,-0.48950392199760384,0.8078201088860304,1.8251394424989054,0.33325611651091047,1.1340734951869804,39.3,2,Nano1
1.0064689916797538,2.2069534767755736,0.13462188566713396,0.3302975941773583,0.2841798971901314,0.27740345410342554,-0.25965798713198684,-0.439425709014731,1.7671482189590098,3.1634570452945736,0.9430239916592068,2.146921862649345,39.7,2,Nano1
0.38135473965794087,1.233089245738353,-0.06667178282438778,-0.028583537922235263,0.03516178079559742,0.04146970156621823,-0.2646719153210341,-0.4699509118722686,0.3090427872937226,0.7097724591851009,0.14258707992332564,0.5033814690239007,41.5,2,Nano1
1.1753194057469536,2.7128858811206658,-0.026929666074778143,0.03537239393881723,0.49206336418024293,0.3700255553849845,-0.24642121671290193,-0.41185455804663246,0.8925619703882047,1.9644394204295819,0.4727441593014024,1.2433010015860744,44.1,2,Nano1
4.006354082417896,5.265451687998836,1.7938217515813661,2.0816234469837824,0.08955775000801289,-0.0991474885612394,-0.21814266172667512,-0.4238114347419813,1.470035848222572,2.4896448729131904,1.6372711942115727,2.6385855725428113,45.1,2,Nano1
0.5886475764263946,1.735892306278102,-0.00630378730611351,0.08978640247107425,-0.19322761589761425,-0.31588320556008725,-0.3235354322604495,-0.4976627319779595,0.49938496520267844,1.178595966167354,0.1491602224726978,0.6477903616894025,45.3,2,Nano1
0.25914687135252845,0.9269929396907735,-0.09782046926446257,-0.07890339394746247,-0.2657965048469089,-0.3455222779701861,-0.3232345965691067,-0.4944273418133357,0.34031234958990625,0.8525414716137809,0.061169031615923214,0.326558214698266,46.0,2,Nano1
1.7820848515435899,3.5313500412218164,2.415490417085067,3.954698218949926,0.8820443985338129,0.7186214638446697,-0.21563569763215146,-0.4298602076584519,1.0539086536222415,2.1767802382414247,1.2538029498116805,2.9492822620607897,51.6,2,Nano1
0.2964347115522599,1.0415544192926727,-0.0989385910628437,-0.0818741156392677,-0.19236808591005916,-0.2756346924577371,-0.302176098175108,-0.49217663561185826,0.26987401102427166,0.6705851103858691,0.08707239273510708,0.38108620367673757,52.5,2,Nano1
0.3791733225787337,1.2244770035292956,-0.11063007703876579,-0.10305860419491387,-0.20440150573583055,-0.347879931457353,-0.30678891210903153,-0.4759996847887392,0.3444992161216867,0.854446834468277,0.04235526355386225,0.3211956939278666,53.8,2,Nano1
0.7727970171699315,1.5789308368115418,-0.009047947429585167,0.05268712660645396,0.011094941144054678,-0.15556276843273437,-0.2991677412616796,-0.4819077885676175,0.9004385342855629,1.9555815101379357,0.4788457600828283,1.2035109169134564,54.4,2,Nano1
2.8013030656677382,4.452411505602135,0.7690578325679123,0.9053276837582368,0.14002443927731933,0.015367109386869809,-0.2215521328952273,-0.42606214094345873,3.4151903921744813,4.8766041151683295,2.8128472760716217,4.617396361977526,56.5,2,Nano1
1.106893413377309,2.130317287266468,0.9129522306104682,1.4433815536849253,0.1429713992346511,-0.05940418692042502,-0.2589560371855202,-0.4395663781523233,0.508054281756852,1.212924350118798,0.28652108795445413,0.8689943434683759,58.0,2,Nano1
1.8607711043784454,4.000817079466985,1.111696910606837,1.600879025834775,0.2786543472701344,0.08154981084805644,-0.24922901649876844,-0.4177626618255107,0.44358876820842336,0.9743399098900899,0.4078674968219578,1.1006841297504113,60.6,2,Nano1
0.6060051234450822,0.8177572366278847,-0.029310524793728487,-0.0534727422719017,0.04437103066225918,-0.2606467524321757,-0.2796134213243951,-0.46868488963393756,2.6376699114079427,2.83074246781495,2.075610433862487,2.4839752514757083,60.6,2,Nano1
0.41036322074311293,0.5667386909032249,-0.06764646523328152,-0.07610205551001456,0.04191523069781604,-0.2143357017913963,-0.24792539516961612,-0.45363329191155727,2.3179980650661314,2.775145253823577,1.9742963168637375,2.563460628787124,61.0,2,Nano1
0.4946736163514914,1.2636134413291786,-0.08973142828353499,-0.06420469154156651,-0.10273138720788469,-0.14747938504816194,-0.29475548445531796,-0.4743116551376312,1.0994579562752604,2.3380961337750397,0.660539036541505,1.9632058732930706,61.8,2,Nano1
4.069645901899118,4.701515128600722,4.662621298655948,5.802669523988241,1.0869809055665927,0.19825365846282067,-0.1224769118796525,-0.4027110641031304,0.5466115059767596,1.1475512926672753,0.397418730027465,0.7947360697361875,62.2,2,Nano1
0.7061772834196156,1.9039177737175295,-0.07352512873686262,-0.043780256050344184,-0.15921478639007683,-0.1956428777145726,-0.33035437459755385,-0.49667804801481313,0.8764566339131031,1.8468426257731418,0.34082773004193406,1.1352290552183122,62.7,2,Nano1
1.0586144005405345,2.1171976115637308,-0.030836625839258138,0.01686618761018844,-0.026110428317258835,-0.16802465115061682,-0.2994685769530224,-0.4404103929778774,2.86112423528828,4.099980532226337,1.8859009473487232,2.888642443854102,63.4,2,Nano1
0.49577160167156675,1.4897019845208919,-0.10648679500144183,-0.09681024414528845,-0.19138576592428191,-0.23420735261180348,-0.3135075758823549,-0.4879565614840881,0.5942717957044984,1.3511471320283919,0.18382677568571562,0.7375539038107506,66.3,2,Nano1
1.0943336902830154,2.819450512483596,0.596357983357809,0.977083931640462,-0.16142500635807566,-0.24077510161176857,-0.3222318109312972,-0.4619327710295053,0.28248783829799934,0.7472745174352193,0.23457365166469926,0.7598887125413365,67.9,2,Nano1
7.105567226595845,7.8904997750880135,4.717339898547281,4.480177191890737,0.8486455190173863,0.18680219866800976,-0.13671646793654685,-0.4020077184151687,4.701997829755108,3.8067052284218446,4.546354571681729,3.416674697389915,68.5,2,Nano1
0.7056824623475345,1.9364321795945987,-0.05552701255429874,-0.011118242361836474,-0.2233111654620427,-0.26889853963726007,-0.3343655171487917,-0.4872532157961264,0.8165290630730447,1.7287796253118783,0.4273324416111827,1.11962448088896,70.7,2,Nano1
1.2676213233756743,2.108411880629063,-0.028126561964107254,0.008368070489868405,0.09704793989956445,-0.08129668358697531,-0.25143514490194924,-0.4340802817862221,3.0287574470908627,4.665826968999994,1.7141250175968537,3.214370441592139,72.7,2,Nano1
0.3870451819868734,1.2395737960295516,-0.08332838799543446,-0.04952770493751123,-0.24664126512425247,-0.3106626871242176,-0.343190030761515,-0.5014607986929527,0.42376542177285786,1.053786012133179,0.08460989683583192,0.5398357768873225,74.0,2,Nano1
0.6608995382618689,1.5005237529523416,-0.06691751095883747,-0.02503951906183604,-0.1089936771172147,-0.20254743435556152,-0.3122039545532026,-0.4918952973366736,1.1707150950850058,2.3986970970256363,1.4935781964173946,3.7824365307446794,74.1,2,Nano1
2.2226696531750063,4.220100281893729,0.7889817989142492,1.0866184361248596,0.5603346031917621,0.4188626633334428,-0.2662763723415293,-0.425358795255497,2.1023127172225844,3.9185077509326214,1.6203256297253754,3.363825881581973,75.8,2,Nano1
1.1492167856635127,2.2427019743677885,0.06600494952063468,0.10661904433784786,0.1356039993413217,-0.07119245435625979,-0.2532401590500063,-0.4591193882776585,1.7678390462742346,2.4211068282276798,0.873141501649564,1.4415291999295825,80.4,2,Nano1
0.7871904889431138,2.1002317235479397,-0.07053053754813841,-0.04588668882889029,-0.25990258493224544,-0.3542792766368062,-0.2890396063198041,-0.4793757440909554,0.6796886294687612,1.4478978671262959,0.25526759896657153,0.7436747608517115,81.5,2,Nano1
0.4620121914694854,1.3681813156615026,-0.0953208615427399,-0.07899025715482519,-0.12237778692342978,-0.24986890791941252,-0.32463849646203996,-0.4972407245651825,0.3109250086017613,0.7034193192112951,0.14443133217129342,0.5275895488990283,83.4,2,Nano1
-0.1701912617941692,-0.2391720868825568,-0.11947981707705677,-0.12289526531631509,-0.25928863494113463,-0.3403017595343164,-0.31701732561468804,-0.4907699442359349,0.5055865559865653,1.1618965321523411,0.4880131308349019,0.8313980172927393,83.9,2,Nano1
-0.17442634802874557,-0.27369306990677617,-0.11943984216523242,-0.12567054479155418,-0.19212250591361485,-0.348048335277865,-0.3137081330099168,-0.48851923803445746,0.7258630742168688,1.131810331455968,0.5111351440021993,0.7957516986699753,83.9,2,Nano1
-0.18104175000875777,-0.2839027177403188,-0.12266252549789557,-0.12280695438882964,-0.3037386142975554,-0.4113681717903489,-0.32985298177864913,-0.4972407245651825,0.07848539960831954,0.7589383496204928,-0.09212844866442486,-0.05205922400506496,83.9,2,Nano1
-0.16925013151981888,-0.2771137438362574,-0.11720359856847017,-0.10973838484110751,-0.211032165639827,-0.3337340105343513,-0.3123042331169836,-0.4904886059607502,0.6536048020519454,1.0323637106171282,0.6277721230222137,0.7443744163394319,83.9,2,Nano1
3.2909171970556863,4.305928100487987,0.9786850944421105,1.1677747307638546,0.3487674362549859,-0.03734328643336281,-0.21242678359116118,-0.4300008767960442,3.8476369664672534,4.026285266805481,3.5443657387456606,4.375857231990935,84.5,2,Nano1
0.3560719701743205,1.2004799120680258,-0.08084171333341966,-0.051621108234952924,-0.21287401561315936,-0.3098206680216579,-0.2877359849906517,-0.48345514908113324,0.29237459643228214,0.6850867170352856,0.116170262212378,0.4056192848106774,86.7,2,Nano1
0.42270302336092597,0.6846291900135284,0.32498947017089985,0.2202057174457166,0.20596266832261756,-0.21130443302218163,-0.21994767587473216,-0.46713752912042183,0.44953441313453846,0.6623208161811098,0.29541750930970784,0.4416086603177431,89.1,2,Nano1
0.5830703284603564,1.7138297777759932,-0.07974005179284856,-0.04874883151149212,-0.22920508537670622,-0.28607572932947645,-0.32734601768412547,-0.49302065043741233,0.673094059867853,1.5418745329010886,0.23948816475729523,0.8338445545465747,90.9,2,Nano1
0.6938779073599791,1.2731618679820942,-0.020651253452953534,0.021013905761758607,-0.14202418663897487,-0.28270765291923794,-0.3129059044996692,-0.48078243546687877,1.5492658137522888,2.522997409931557,1.098092373245842,2.1717889728548414,91.6,2,Nano1
1.0112231549213173,2.191179096233784,0.04546607497182305,0.15417230720857222,0.24611499774126283,0.0778449267967941,-0.2774072929212143,-0.455180652425073,1.5210891193214804,2.7291327678692587,1.5850872385588481,3.4206333932785014,92.9,2,Nano1
0.35055778763903783,1.092474996945314,-0.08071708566714374,-0.04319972028113663,-0.22920508537670622,-0.36118383327779513,-0.32995326034243005,-0.5017421369681374,0.43980960304300504,1.0151054087739728,0.18133733454255782,0.6680532873950613,95.3,2,Nano1
1.043333161549795,2.5077436465172305,0.4738078367640553,0.8832485041667545,0.05370307052714309,-0.03363840238210045,-0.27409810031644305,-0.46151076361672827,0.49192289769445513,1.1353401754067742,0.41501098036684597,0.98683438322599,98.3,2,Nano1
0.6532378969562473,1.7853104060995166,-0.014176493470109314,0.04724659438530188,-0.175791436150068,-0.19968456940685878,-0.276103671592062,-0.4584160425896968,0.7541677415765631,1.665100545474155,0.2533589775248841,0.8191111641470937,99.8,2,Nano1
0.36802206077131155,1.2027156252678686,-0.02433364827159673,0.04211876971065562,-0.14607625658030604,-0.2715930007654509,-0.29485576301909894,-0.4872532157961264,0.33122060912002965,0.8023128635984499,0.06882447479458169,0.2812747059704492,102.7,2,Nano1
1.978525583035128,3.7333498385311827,3.0599095103476266,4.119246088097383,0.31193043678833887,0.1452064550015642,-0.18424850716871533,-0.3970842985994368,0.5554065304522282,1.248607916161282,0.28423074222442923,0.7945239161366852,103.3,2,Nano1
0.5360801142982508,1.5862533703811588,-0.06412044286383359,-0.0210148571206964,-0.16940635624251585,-0.24986890791941252,-0.3014741482286414,-0.4855651861450183,0.487726971132311,1.1316423815387022,0.22949297623482698,0.7970065646414997,105.6,2,Nano1
1.4933260318000603,3.014615508678362,0.49133565986633265,0.6678842109919796,0.18926322856440422,-0.02185013494626568,-0.2771064572298715,-0.43379894351103737,1.1433198282730581,2.0436046409144857,0.9147284916664414,1.586177329632821,105.8,2,Nano1
0.6358269868807667,1.808253471718401,-0.1061152634680155,-0.09634842142614329,-0.2551137750015813,-0.34990077730349617,-0.30799225487440285,-0.49062927509834253,0.8482810719860903,1.9202106784241533,0.3328010412808925,1.0637107226541647,106.3,2,Nano1
1.2314541073685972,2.8183637529193972,0.09990720194578687,0.2573933042378223,0.7220490308503426,0.31782037102628763,-0.2653738652675008,-0.4506792400221181,1.8136827999140708,3.607945188402686,0.8137901111240553,2.258826115527266,109.9,2,Nano1
1.3121988805458031,2.505223149937613,0.5307638559848511,0.8478039724023941,0.24685173773059577,0.09805338525822513,-0.20791424822101862,-0.409181844432378,1.475845592693233,2.860365358394729,1.1066534760105562,2.5024732397897624,111.0,2,Nano1
0.6446981908070308,1.8988931474192006,-0.10195787263828295,-0.09354997842894079,-0.2580607349589131,-0.32245095456005235,-0.32905075326840155,-0.49653737887722077,0.5663465171162799,1.2867006948100588,0.13992698556891106,0.6431545798449579,114.9,2,Nano1
0.8975695463260648,2.088486864161357,-0.05431600787256104,-0.037136668407218354,1.2527474031665045,1.3890370733026443,-0.12588638304820465,-0.34377069545194017,0.7033975964265173,1.4266464112157393,0.4262097231160724,0.8801436922081792,115.7,2,Nano1
0.5807740999559279,1.6848178801329383,-0.05215501116864463,0.0074256046899828275,-0.1792295561002884,-0.24751125443224556,-0.33807582400868674,-0.5038521740320224,0.6537180524314904,1.4880002534058023,0.2553993312699978,0.7482247784750806,115.8,2,Nano1
0.3599335150113455,1.0902818375838286,-0.09665649389075352,-0.07733840849481069,-0.2581835249571352,-0.3566369301239732,-0.32844908188571587,-0.5000541073170293,0.5297122843410473,1.2149600189435865,0.15585761253552888,0.6609483987649194,116.0,2,Nano1
1.5418702428584732,2.9477077812921455,0.15687850569169196,0.3264944334149936,0.1656875489057501,0.07767652297628216,-0.24160784565141652,-0.43928503987713863,2.1712142481377925,3.1769799093226836,1.277866549556877,2.37472066163838,124.6,2,Nano1
0.4821769586879533,1.5997396637682044,-0.009473562667244438,0.04015855666450343,0.040318960720928,-0.04222699722820864,-0.2885382135008993,-0.46418347723098274,0.28277096424686193,0.6822663167005149,0.14130568388090645,0.6874405152644765,124.8,2,Nano1
0.8605840967814941,2.1223859064711257,-0.03999558357783749,0.0016318287588889993,-0.07780501756878686,-0.16431976709935447,-0.2912457347229849,-0.46179210189191294,1.2361058642343175,2.6688445389473636,1.7814282489837299,4.406551795323187,125.8,2,Nano1
0.6836564563906178,1.9490543027257754,-0.03927721089769988,0.020204630213162544,-0.13158703679009154,-0.24885848499634097,-0.2985660698789939,-0.4880972306216804,0.7027554667744969,1.6294922673256178,0.2775468247835395,1.0579193807783882,128.9,2,Nano1
0.5098691510388966,1.5792123468191355,-0.08638529301729662,-0.06731584208527482,-0.22515301543537503,-0.3217773392780046,-0.2884379349371184,-0.4821891268428022,0.5437904390222924,1.2111811458051103,0.12566247284903687,0.5208863979360292,129.1,2,Nano1
2.700657106431376,2.773021001463728,8.03036653193347,4.924757564374396,1.0619317459292728,-0.012756328638621715,0.050704167770041504,-0.38343939225297985,0.5524189854398297,1.0882562848078303,0.4182623731286853,0.7997690753414024,129.9,2,Nano1
0.6044899360446248,1.790472514029461,-0.07891821463504792,-0.04460256108004466,-0.16682776627985055,-0.2697405587398197,-0.33015381746999195,-0.4855651861450183,0.5182219008324066,1.1771365393000806,0.21739007085753842,0.7777051009931599,130.2,2,Nano1
0.6007173296355882,1.5550908672149755,-0.04810578774737797,0.004934078358795301,-0.0867686874390043,-0.2614887715347354,-0.2748000502629097,-0.4805010971916941,0.7951677764832574,1.6884426882858456,0.3808099810898006,1.1252172108843512,130.3,2,Nano1
1.0357426709865643,2.6058891646298012,0.011152316101420196,0.04214193323261901,3.7897115564344865,3.955679701724898,0.02503285544211929,-0.156399404178944,0.6043737295599168,1.0103188361319029,0.2107869891482966,0.3857084438020649,130.5,2,Nano1
0.5427893058932325,1.617144183656292,0.010927751155583398,0.12296525224339018,-0.22257442547270975,-0.33407081817537515,-0.33937944533783904,-0.4996320999042523,0.540335169942373,1.2129590983775427,0.26748876402534505,0.7469699125035563,133.5,2,Nano1
3.7986100852601914,4.215386625952626,11.911683566210847,9.349308757809574,1.2683417329407183,0.29070735592386765,0.12130027667182759,-0.26119791168523687,0.4106646178670865,0.3671864805337805,0.2941271315193278,0.3177290138338711,133.6,2,Nano1
0.37471346468069566,1.173494231805209,-0.0904568553598769,-0.06533825639765008,-0.23644969527181348,-0.3403017595343164,-0.29345186312616567,-0.4873938849337187,0.3125739341279372,0.7792805594272321,0.08030913652056289,0.39498903530369883,136.6,2,Nano1
1.0926713502107952,2.3877581892108815,0.07406577291674508,0.1972115787366803,0.15082995912086913,0.021261243104787195,-0.32624295348253507,-0.46066674879117425,1.8579863483920942,3.480679690750559,1.004995058673306,2.4327243585235916,137.1,2,Nano1
0.12489673989748244,0.4971926255388627,-0.10633747694845087,-0.10036584476666936,0.28761801714035184,-0.1031891802535256,-0.32423738220691617,-0.47923507495336304,0.49932494250151954,1.1902800681702286,0.36540628333688785,0.8537915068061663,142.9,2,Nano1
0.4717598431770174,1.4250823442894187,-0.1046585306518281,-0.08486220997254548,-0.18205372605939799,-0.2813604223551426,-0.30247693386645086,-0.4837364873563179,0.5105061524740023,1.136307335275166,0.22642870322217273,0.6799519445926815,143.9,2,Nano1
1.175099485270473,2.307498376697053,0.40269011716313263,0.6652175105259439,0.08083966013423975,0.05494200720717225,-0.2776078500487762,-0.4219827359532809,1.9473408978531384,3.7993501803209027,1.6106403115075576,3.9037477645026617,147.3,2,Nano1
0.466719459903564,1.0466739733842598,-0.076183460373182,-0.08368376579265782,-0.22220605547804329,-0.3893072713032867,-0.3425883593788293,-0.49850674680351353,0.5494801380906357,0.8220440831889299,0.2723898044959997,0.40445469696660075,148.4,2,Nano1
0.3436448461908461,1.1734091241284947,-0.1166627615261407,-0.1115074988310617,-0.25732399496958014,-0.36337308294445014,-0.2998696912081462,-0.4743116551376312,0.3283134718771082,0.7863865783405045,0.14015901405790052,0.6768373491957324,153.0,2,Nano1
0.6484707972160674,1.7552346624975323,-0.08430542186972964,-0.057097833459172805,-0.17910676610206622,-0.27091938548340316,-0.3217304181123925,-0.4935833269877817,0.8452369017839193,1.799796379121171,0.24911659857136081,0.8041024254588969,153.5,2,Nano1
1.4457358875146145,3.430202840818974,0.041425081679461406,0.1291976873716658,2.1891439296086723,2.3982811696306126,-0.07624849397663633,-0.24094155587194,0.7594327517216124,1.1752746117690152,0.4420909504689054,0.7114003302891228,157.1,2,Nano1
2.7563163917288627,3.0053191316834087,19.29293346130727,23.613318719659997,3.004101147809127,1.207160947149765,0.2575788448501334,-0.1610414857194912,0.5056816863053832,1.0076461158967969,0.19902688715151504,0.49123906088217145,158.0,2,Nano1
2.125144624229874,4.376829341935416,1.688476101597193,2.2616040126393506,0.055176550505808976,-0.11497744768936037,-0.2997694126443653,-0.4648868229189444,1.4594129626212464,2.826833288706182,0.9034803493034301,2.224570080067198,161.5,2,Nano1
0.5316364270234832,0.6273419034682162,-0.0910376673140307,-0.09500928031263459,-0.1706342562247374,-0.3719616777905584,-0.31731816130603085,-0.4719202797985614,0.8040737863306802,1.2569851422069613,0.652573723058196,1.0069889751787116,161.8,2,Nano1
4.2469082741916955,5.634720803773744,7.750871354319211,6.870232819677372,1.7134554764960368,0.5955182710504524,-0.026209490649944194,-0.2967872034960988,2.6047027259223787,2.7161311277223175,1.7734045541386754,2.16056740161308,164.3,2,Nano1
0.4721091286396629,1.522756496807879,-0.10935440705848869,-0.10248385930619718,-0.14349766661764074,-0.27007736638084356,-0.31661621135956425,-0.49203596647426595,0.40815951947155005,0.9526454136805396,0.09479220510748522,0.496348802895717,166.8,2,Nano1
0.5584440862815234,1.6128560660987608,-0.07321120810577139,-0.03783736494661101,-0.19249087590828132,-0.3335656067138394,-0.31641565423200235,-0.4944273418133357,0.5889184502634038,1.3330606633518234,0.23462155432049064,0.8668953770052146,168.3,2,Nano1
0.9233762440036534,1.9836571200545279,-0.0931751493639328,-0.08759405784410321,0.04216081069426035,0.01604072466891751,-0.263067458300539,-0.4374563410884382,2.7886666424553574,4.78788022784043,1.3534479586476997,2.9984883554262134,169.5,2,Nano1
0.39162308543478697,1.2834304365149007,-0.09617444348345987,-0.07609771234964642,-0.2090675256682725,-0.2882649789961315,-0.29505632014666083,-0.4900665985479732,0.3083678150316341,0.7528226560814417,0.07782119233539855,0.3929622913424957,170.8,2,Nano1
0.4444767675948209,1.37245961310249,-0.09588286177368224,-0.07916543128967336,-0.13244656677764663,-0.2656988670475335,-0.30558556934366016,-0.485846524420203,0.5328504523582406,1.1949913529183516,0.1299243122564754,0.47839699725272183,171.8,2,Nano1
0.49631655167578675,1.5593855315168696,-0.07005671726974978,-0.022013784005367746,-0.22650370541581877,-0.3256506271497789,-0.3220312538037353,-0.4904886059607502,0.4851063573496386,1.1088793763727551,0.18983257115555877,0.6222913045917712,172.4,2,Nano1
1.338608742471386,2.820714034145586,1.6628333713945722,2.4593336269993693,1.6175564878845323,1.3364950813029237,-0.11274989119290073,-0.29945991711035325,0.46553895677184487,0.8271665556655309,0.1683916418149398,0.5192388221101069,178.4,2,Nano1
3.4384256225303167,3.799995696142894,6.237127259474087,6.163050494134964,1.6465349274649612,0.5940026366658451,0.09653147141793389,-0.2983345640096145,0.557502794977607,0.7009435057757417,0.9845975090541429,1.3055883956186844,178.6,2,Nano1
0.6126286107367297,1.1404757266122165,0.10020348658636735,0.004673488736707123,-0.1587236263971882,-0.32329297366261195,-0.3461983876749434,-0.49400533440055866,0.8452946594774873,1.6537320734882108,0.7407969424039602,1.3878543392554927,184.3,2,Nano1
2.5071755989983617,4.013452296086887,3.3635542376345975,3.7361214348228526,1.806898665143098,0.8764158436643438,-0.0662206375985417,-0.3139488382823642,0.2286055727180556,0.5230729606385501,0.030897547071763704,0.1866587144987818,190.6,2,Nano1
0.9247313422337317,1.831347112457626,0.27643170963131997,0.48433646295404864,0.1241845295066611,-0.09224293192025045,-0.2660758152139674,-0.4401290547026927,1.8433543993548738,3.282064435142836,1.6633631720379352,3.678819809966466,197.1,2,Nano1
1.0588052138951278,2.4491666513324777,0.05411006178748869,0.17757325527209064,1.3935875311273183,1.335989869841388,-0.22516216119134136,-0.3410979818376857,0.7199581994273899,1.0745857406800556,0.26996473254656156,0.5188867374130604,198.6,2,Nano1
5.8092168708597445,7.006656552409323,12.775141661616837,11.85445813535182,1.8033377551946554,0.7438820369214585,-0.0018417996511742804,-0.27456147975650913,0.176035879037039,0.41331768970547655,0.12220300292610378,0.3096175240826862,200.0,2,Nano1
0.632856443385953,1.2899313536670056,0.03787554465599914,0.15557370028735756,0.23862480784971127,0.12971330351446708,-0.26256606548163425,-0.4598227339656202,1.345585006140517,2.666325290188379,1.7217445337836685,3.8855567218219296,200.9,2,Nano1
1.2853556459165676,2.523446012871031,-0.01949198101004734,0.03363947295193084,0.5145339338548975,0.3797929769746761,-0.21363012635653256,-0.41044786667070904,2.2782471818458188,3.4111542163790554,1.2039707151667134,2.254018805240671,202.4,2,Nano1
3.6260695349626353,8.334958249867883,1.0783884031955466,1.8810128695795665,1.1855812741389846,1.1455251488424003,-0.16910644403779246,-0.37120117728244634,0.9272834042529214,1.8714038533291224,0.3892378545930949,1.0864382412391485,202.9,2,Nano1
0.3978164341474359,1.2906122150807207,-0.1017944457928834,-0.08651261091243727,-0.2991953843633356,-0.3576473530470447,-0.29375269881750854,-0.48007908977891706,0.3816249555441449,0.8764801262005872,0.05449259896500088,0.3597173709098431,203.1,2,Nano1
0.7209216577177704,2.014980018457596,-0.030047709197077558,0.04928643203820323,-0.22318837546382053,-0.3008952655345259,-0.34359114501663873,-0.48697187752094173,0.6894677997424762,1.6320144117728308,0.3709929305685565,1.2797823928877305,204.4,2,Nano1
0.5440037197008564,1.4886643255394127,-0.06329155130982865,-0.011651003366994529,-0.2042787157376084,-0.2805184032525829,-0.3293515889597444,-0.4872532157961264,0.7548483763576288,1.6727567451508838,0.22580297478089795,0.821706660311218,207.6,2,Nano1
0.6217472251990345,1.8823331575538937,0.07732725542853187,0.23988168163349674,-0.1306047168043143,-0.24734285061173364,-0.33596997416928687,-0.4838771564939102,0.28338025128881433,0.7568939937310183,0.15744139409263108,0.46434520671547164,208.7,2,Nano1
1.9918825178566633,4.434211556273986,1.1454286817903854,1.7097186246602707,0.04179244069959388,-0.042732208689744415,-0.28442679238588053,-0.4305635533464136,1.423206816280694,2.8019014130569255,1.198967881552502,3.0246464428542135,212.2,2,Nano1
3.903492747793458,3.993975731608022,2.5977877723311167,3.2905566126557493,0.925880427899123,0.18292891079623547,-0.10893930576922477,-0.41016652839552437,2.749278160449589,2.6479666268183113,2.487154125430103,2.822698785659856,212.9,2,Nano1
1.7146210112585474,3.9471010419714943,0.24622948801532174,0.3066534291332243,0.32347269662122163,0.15278462692460085,-0.2543432232515967,-0.4138239259729252,1.5147923982187756,3.2084849972511282,1.2266466348519536,3.1235055063159276,216.0,2,Nano1
1.0888728708045257,2.946791237081375,0.2765469314359902,0.5606110453392583,0.13081518941065756,0.129881707334979,-0.2877359849906517,-0.4405510621154697,0.5249976710405869,1.1953330441293404,0.38564665236673557,1.1219446287643684,216.2,2,Nano1
2.0246765418494883,1.7687766032116603,0.45754157484964636,0.22270013921714954,0.23862480784971127,-0.26536205940650964,-0.1930730207814386,-0.4658715068820908,2.4100253234844384,2.0597220415955264,2.314075842223906,1.999271985208467,217.0,2,Nano1
0.4454874315492349,1.4567063929331685,-0.09282948394992223,-0.06545407400746706,-0.3357868038335383,-0.4142310367390516,-0.2991677412616796,-0.4890819145848268,0.30997030790219654,0.8122971966110673,0.12394246811452794,0.5146210958911518,220.8,2,Nano1
0.6128404459015749,1.6979146422304068,-0.05395505793344116,0.002144321682329083,-0.21090937564160483,-0.25795229130398495,-0.337574431189782,-0.4925986430246353,0.7501496181103048,1.7281194083957307,0.3336049077233914,1.1930657375677458,227.6,2,Nano1
1.7554194937703311,2.8427831093920575,1.8708557581322929,2.3095525031035753,0.9003401082689143,0.510811149332954,-0.2267666182118365,-0.3976469751498062,2.298541649860292,3.6449231270834064,2.007079696920957,3.656489515142253,230.1,2,Nano1
0.9724767245025755,2.7228500260406094,-0.05497206671956069,-0.021218985657998804,-0.07706827757945392,-0.13468069468925561,-0.2773070143574334,-0.4733269711744848,0.447258080505683,0.9594908206532274,0.19426805769024102,0.5645764977143922,230.1,2,Nano1
0.7956428737266689,2.1847534666418493,-0.0031222546179754214,0.08762929948823323,-0.09671467729499901,-0.17695005363774888,-0.33787526688112485,-0.48500250959464897,0.7774021894440255,1.6536046632061472,0.4490353386006607,1.142284290878358,233.4,2,Nano1
1.6034641468962791,3.0958606062187686,2.384462831113166,3.366561919098135,1.7965843052924368,1.3364950813029237,-0.06652147328988454,-0.27864088474668697,0.3032908005166295,0.6698032745641155,0.21505481638770907,0.4950668534859582,233.5,2,Nano1
1.195367744477873,2.460463058730219,0.8473240069891895,1.1260992115913413,0.2529912376417036,0.0665618708224951,-0.2380980959190834,-0.4388630324643616,0.551416719580856,1.24746122362271,0.40495890744062546,1.2005949333968924,234.9,2,Nano1
0.7740130480398825,2.10508613449284,0.6509684158406759,1.344140339273011,1.084770685598594,1.2280430208932438,-0.20390310566978076,-0.3166215518966186,0.17640281026676494,0.4858633668995322,0.020936788583145495,0.22008870509270234,237.0,2,Nano1
1.9447936628926068,3.677735245170526,1.292042549569698,2.350407164966511,0.2523772876505928,0.0972113661556655,-0.2491287379349875,-0.41902868406384175,2.0706479111017884,3.8434225551619807,1.5872727972293292,3.6786482815243153,238.6,2,Nano1
0.5298010612822674,1.5540433881169524,-0.06692574108774249,-0.02278107567040516,-0.2127512256149372,-0.3382809136881733,-0.32774713193924926,-0.48950392199760384,0.6021540221208338,1.4231513155236775,0.1931438422371373,0.8500539923298274,238.7,2,Nano1
0.6256055359114053,1.7432966741522518,-0.05847222296959287,-0.0067881114748045805,-0.1100987871012141,-0.22090345079136137,-0.3001705268994891,-0.48359581821872555,0.9006163373814486,1.9390471303519596,0.40362511786843447,1.2485235912589296,240.0,2,Nano1
0.5224854713146373,1.532003773220113,-0.10091499773274766,-0.08407609794591281,-0.23497621529314758,-0.3355864525599825,-0.3229337608777639,-0.494146003538151,0.6472174806456046,1.4707187860568174,0.18686859432846767,0.631431964995861,240.3,2,Nano1
1.444426067029694,3.3511836363618666,0.6619168387497454,1.0984216982853314,1.284550012706043,1.1749958174319872,-0.16188638744556433,-0.3360338928843615,0.3093395032881306,0.575331446102212,0.2690336246746168,0.6042808181659349,243.0,2,Nano1
0.43076246199900486,1.293139258404701,-0.10657732641939698,-0.0974631659206316,-0.17419516617317995,-0.31891447432930187,-0.33617053129684876,-0.4990694233538829,0.4283146895191825,1.0165822097706185,0.1981002701535507,0.48690119685830463,243.2,2,Nano1
0.37977810388905503,1.236464092457296,-0.11175290176794977,-0.10398948823381776,-0.3066855742548872,-0.3904860980468701,-0.32925131039596345,-0.4935833269877817,0.4895299171746682,1.1792272262012145,0.120168637012964,0.5097821882599497,244.5,2,Nano1
1.0135581929215953,2.042865876070276,-0.07629868217785218,-0.059525660104961,-0.24320314517403208,-0.34619589325223377,-0.19196995657984817,-0.46755953653319887,0.5379523819567451,1.1225151722417852,0.4430430157527589,0.881877032255177,249.9,2,Nano1
0.5173351278029436,1.5314309330883817,-0.089826662632293,-0.06448699696549537,-0.18328162604161957,-0.30274770756015706,-0.2899421133938326,-0.4727642946241154,0.5084710431535778,1.2080306370122658,0.1331996563462104,0.6038203997159513,252.4,2,Nano1
4.097815127636544,2.871107598877035,4.165674358044224,1.4193493996479045,1.8581020944017375,0.15581589569381551,-0.027513111979096495,-0.4219827359532809,2.5497536417671207,2.2864833867863816,2.1555180515544676,2.1067571237478186,253.0,2,Nano1
0.5110593089116144,1.5270217007601412,-0.11324843376326081,-0.11134824961756337,-0.22650370541581877,-0.3172304361241826,-0.2956579915293465,-0.48429916390668726,0.607949044042154,1.4576418580159298,0.1389330054612401,0.7172909781050918,254.4,2,Nano1
1.536841179021309,2.708178771923925,0.10605863543593412,0.16062045263513194,0.05554492050047544,-0.08921166315103579,-0.2376969816639596,-0.4463184967567556,3.13554122996389,4.939614291025219,2.2234799444584756,4.376895430456584,255.8,2,Nano1
0.3996647363872682,1.2762519313212621,-0.10677602524581802,-0.10025726575746596,-0.24099292520603327,-0.3197564934318615,-0.31942401114543073,-0.48106377374206344,0.34805641054319675,0.7760489713639835,0.14128322951100425,0.36651531390666253,258.4,2,Nano1
1.8657839975923387,3.4809728433512745,1.1812297425271943,1.1391677811390635,0.41065359535895296,0.1905070827192721,-0.1820423787655345,-0.39806898256258316,1.4966043872638406,3.173389255919074,1.6150713071682594,3.3424480210023337,258.8,2,Nano1
0.6157576263395954,1.8312587314087303,-0.09131161303329759,-0.06609541402182852,-0.1669505562780727,-0.22258748899648062,-0.3440925378355435,-0.502445482656099,0.6570657336508421,1.4143194664260896,0.23086718367284195,0.7280160196458905,260.9,2,Nano1
1.7289966953461318,4.304782420224524,2.0654160054468127,2.7154787483108214,0.2166453981679452,0.02429251187400185,-0.2491287379349875,-0.41213589632181713,0.25376074702260204,0.6446078912860458,0.13177754625240407,0.5257298194736036,261.1,2,Nano1
0.539896381390118,1.6194944648824812,-0.04752144859512201,0.008298579923978224,-0.16167058635451997,-0.2143357017913963,-0.3344657957125727,-0.5001947764546216,0.4577699807350545,1.0042697434221124,0.23386409357578958,0.5645087891188064,267.1,2,Nano1
1.4712369604123883,2.60863552388993,0.7712952518973752,0.9389538790484707,0.806896919621853,0.3375236180261829,-0.16579725143302124,-0.38442407621612623,1.8457213322873653,3.5846348981615113,1.4313646222083516,3.3156083337121025,269.6,2,Nano1
0.3394970813219311,1.052359820863216,-0.09590402496229514,-0.07458339710128956,0.17403726878485679,0.06454102497635199,-0.2975632842411845,-0.4737489785872618,0.25409370313846447,0.6444688982510673,0.09763642529509786,0.458955602506838,273.9,2,Nano1
0.10170159787809964,0.23433101926218078,-0.07876654511665553,-0.07328189671097138,-0.036056418173253536,-0.2710877893039151,-0.3461983876749434,-0.49639670973962846,0.44767031188722695,0.8049305657572103,0.2849193429014302,0.5430632199435814,276.9,2,Nano1
0.8005344872660326,2.2371405150317227,-0.04302074381678032,0.02319417226656303,-0.17677375613584526,-0.22393471956057603,-0.32925131039596345,-0.49287998129981997,0.8880863153885843,1.9271632258613036,0.41989405734157886,1.2347155516657886,279.6,2,Nano1
11.937883090426173,3.1573018020621784,1.5022282844767365,0.24328816708223833,3.4003444720720273,0.16726735548862642,0.10966796327323784,-0.42324875819161195,14.035573160112195,2.6596941641446166,14.551168534048065,2.739060614485841,281.6,2,Nano1
0.5034542647874402,1.650764989330648,-0.0886015491581467,-0.06794125717828645,-0.20771683568782878,-0.3236297813036358,-0.3001705268994891,-0.4876752232089034,0.6279988912368096,1.3877051959159485,0.20272886426939193,0.6677418278553664,281.9,2,Nano1
0.6004877067851454,1.6777703098265526,-0.08866974165478825,-0.07033289082100683,-0.1035909171954398,-0.15808882574041325,-0.28412595669453766,-0.4734676403120771,0.6427180430662797,1.342961021405808,0.3322411789913308,0.9533050866918769,285.2,2,Nano1
0.6707943426411636,1.8376581740232143,-0.07663729319565846,-0.04795548088424589,-0.16756450626918348,-0.24464838948354284,-0.2580535301114917,-0.4736083094496695,0.7733444283449263,1.7340874218351172,0.27542713226477133,1.0175740856219662,297.7,2,Nano1
0.8575860632271204,1.8955935882604282,-0.014385773890836801,0.061057844355975326,0.04081012071381663,-0.003999329972001599,-0.3445939306544482,-0.48176711943002515,2.1036603967391705,4.192063417899549,1.077021192529613,2.8042007973458016,304.9,2,Nano1
0.5925689525695209,1.634293380514237,-0.03634023061131076,0.04166563331224673,-0.13760374670297723,-0.20136860761197803,-0.26968584351008146,-0.45503998328748063,0.8999289075776101,1.8938280629723094,0.35065376231113904,1.0682607402775337,305.6,2,Nano1
0.5589583121015292,1.718854404074322,-0.01934854162055996,0.06235355386580265,-0.1980164258282784,-0.31116789858575333,-0.30247693386645086,-0.49456801095092806,0.4224698374308625,0.989603082543659,0.1314931242336428,0.5198436855640071,305.7,2,Nano1
0.7534132910554348,1.7279543787383966,1.2325387175864502,2.141515628460382,-0.10273138720788469,-0.2192194125862421,-0.3010730339735176,-0.48359581821872555,0.7354021536859484,1.5896968239983553,0.3060833350132553,0.8514939284626197,308.4,2,Nano1
2.943572209202687,4.6754590860374,2.6103210829207515,3.5269693086946354,0.6311844321659466,0.17130904718091264,-0.16880560834644961,-0.3821733700146488,1.88713699608699,3.0505541612568843,1.3952579954056057,2.6169188219553394,309.2,2,Nano1
0.7291056101550331,1.8804018679669139,-0.04529461085996549,0.002142873962206371,-0.043914978059471574,-0.12743933040724284,-0.28081676408976647,-0.46601217601968314,0.8215075497578451,1.7445611261583878,0.41467416481831293,1.309425216035216,309.5,2,Nano1
1.6662385064328409,2.4542829320518837,1.5729721210788314,1.840056867308041,1.4602625001619494,0.6842670844602371,-0.11174710555509126,-0.38090734777631774,1.6217573816990751,1.9713890721785037,1.2960620739676307,1.6252000502221329,311.1,2,Nano1
0.43576241871428173,1.2897545915692143,-0.10523228820977762,-0.09208343794463343,-0.17787886611984466,-0.2751294809962013,-0.29375269881750854,-0.4823297959803945,0.45595231214335646,1.0468334646960287,0.17070893278884736,0.6210860915903431,315.2,2,Nano1
1.1818717422962104,3.048560378198669,0.36772852957463514,0.7730190940234551,0.07924339015735171,0.017893166694548688,-0.2628669011729771,-0.4274688323193821,2.699833044740221,6.3406061698432445,2.479639396302832,6.51233425710686,19.0,3,Nano2
0.48188588746908206,1.3751830587573497,0.013985831910146284,0.12224283990215686,0.28282920720968774,0.3515011351286727,-0.2535409947413491,-0.4288755236953055,3.6237636161825995,8.401033128987072,1.9553298590863415,5.460955184849774,19.6,3,Nano2
6.640014982634584,7.381064862508906,9.456118791456994,8.345532010727139,1.7295409662631394,0.745060863665042,0.17033649436071024,-0.23278274589158432,3.930139867965822,3.2621131432469737,3.590726527803747,3.7582690760269033,20.5,3,Nano2
7.914486485085531,5.416092275783264,3.1286781160125186,1.5588082790687612,1.878853604101282,0.3240513123852289,0.42544516061943727,0.14252251320477735,12.290271560943435,6.245511768412166,12.386417579676138,6.651046599930406,24.7,3,Nano2
1.9388590441522877,3.6851003325785,1.0028170081243108,1.257265550149303,0.29866911698034593,0.06959313959170975,-0.2562485159634347,-0.4142459333857022,2.3306254823854045,4.44807121420045,1.906094910680773,4.391249652720785,27.1,3,Nano2
24.07096046034755,11.28014213629033,16.087768545884785,-0.144347582094663,22.019114692495886,4.691941205003036,5.510671408514997,0.9631862619184858,14.376909804060976,7.021990566942723,14.343226099173709,8.296365472666572,30.3,3,Nano2
15.883903263416876,8.620068966861009,12.104151009318091,4.514864566030919,4.905381480281004,0.7741947246136051,0.5672390498056951,-0.27610884027002486,15.042935286165411,16.256687810909785,10.715932215591552,18.551103108525965,34.9,3,Nano2
6.903094852624364,5.665916040661741,3.5779490956102,2.1259381599399996,1.6227136678098628,0.11674620933504884,-0.08517328615314053,-0.4273281631817898,15.494464549411525,7.055406809102121,15.331862066807933,8.79551323932546,36.8,3,Nano2
1.9994018576775032,3.36434259253078,1.555394917203124,1.8805351219390714,0.25458750761859167,-0.010735482792478612,-0.24150756708763557,-0.4156526247616256,2.9545557984129465,4.650421907623218,2.2706341212531065,4.257132466584332,38.1,3,Nano2
6.585794882808183,5.930928252461551,12.457693832423459,8.536587635321455,2.4304262761152104,0.7216527326138844,0.2780356718614464,-0.22335791367289756,9.559906835453878,9.318531944256163,10.608390753339924,11.931323996224815,48.1,3,Nano2
4.202018623992444,5.771613228396621,1.3539683909164213,1.5496586878932208,0.8102122495738512,0.3120946411288822,-0.07253818711674132,-0.3229516630882739,10.465286994726776,12.683350622908007,9.513710281447553,13.658479991492412,55.1,3,Nano2
0.5104561446636202,0.9865650400186483,-0.030023018810362515,0.013755037066480133,0.2114882182426146,0.15851035682200632,-0.28342400674807106,-0.4314075681719676,3.055495861701449,5.306526946485993,1.6305348832409112,3.4868478858550906,56.1,3,Nano2
2.8013030656677382,4.452411505602135,0.7690578325679123,0.9053276837582368,0.14002443927731933,0.015367109386869809,-0.2215521328952273,-0.42606214094345873,3.4151903921744813,4.8766041151683295,2.8128472760716217,4.617396361977526,56.5,3,Nano2
9.867816923060534,9.558021031696947,0.016001037759173883,15.447742911526936,3.296955293568971,0.9399040839973396,0.39365685590087734,-0.21674646420605762,3.800298307817423,3.234517234427297,3.86847211391409,3.8531739575064035,62.2,3,Nano2
2.082470349418698,4.155516648756251,3.322626982322666,5.344567445558451,0.7500451504449943,0.6197684212041696,-0.09409807832964474,-0.30382066037571576,5.221590571107797,8.990624209236211,5.162682116757456,9.785367767726871,65.5,3,Nano2
4.864108623184865,7.461688019334861,7.554441692010553,8.618239050242417,1.3590835416268923,0.612358653101645,-0.052783310051894926,-0.31521486052069525,1.8757779830186214,3.054376469718791,1.5236670520863496,2.666197137822721,68.0,3,Nano2
1.2676213233756743,2.108411880629063,-0.028126561964107254,0.008368070489868405,0.09704793989956445,-0.08129668358697531,-0.25143514490194924,-0.4340802817862221,3.0287574470908627,4.665826968999994,1.7141250175968537,3.214370441592139,72.7,3,Nano2
1.2332296418037116,2.3450112218950006,0.028845917514498578,0.08116522914032369,8.17699819291215,9.752981222847925,0.3763086643667736,0.3006346238585669,1.4381785164565495,1.9249190674840477,0.7326100791376161,1.2132248434268396,73.0,3,Nano2
0.7659067145943188,1.4340415639496964,0.9649384277053364,1.1000243244611736,0.5261989836860025,0.08778075220699769,-0.18334600009468682,-0.40144504186479935,9.597200185438062,11.385329417503169,7.475512155844457,11.228734469362307,73.8,3,Nano2
3.9279103889320997,5.222177707761762,3.4340746850235564,3.81452995666894,1.6857049368978292,0.8839940155873803,0.13313314719797922,-0.21660579506846528,13.887554914046815,16.826790909379657,13.339530734125074,15.885144865928691,86.5,3,Nano2
5.8539771560728315,9.88093919738434,2.433679001965147,2.6646348176011725,1.6038040080836506,0.9836890773304402,0.06464288813559302,-0.2270153112502984,2.0751213010938176,3.158910814775487,2.387995627941965,3.4703315024385155,89.1,3,Nano2
17.771694165276042,10.180976491524293,18.307904604647224,17.698079070270627,5.2268456956266105,0.8809627468181658,1.0276179361240187,-0.18734661444925868,2.027420241229443,2.950595003601561,2.230530616607768,3.2125919624814174,92.8,3,Nano2
3.9713770242835364,3.8481142672083237,11.82573750578849,11.612153218413496,4.251156369753352,1.7940482616338247,0.35825852288620336,-0.16821561173670052,2.387522473068837,4.159921278560787,2.1082441181203584,4.03989620850669,98.5,3,Nano2
4.097572568287485,4.945806894492765,4.070651641172339,5.309822162613361,1.6278708477351935,0.8358305229209697,0.09753425705574335,-0.30142928503664596,9.158977841788493,11.45650543416504,9.047347988158688,11.507152214411324,99.9,3,Nano2
3.146675237481722,4.5787636718011555,5.509313445749726,6.69469675479853,0.9650504373319909,0.43502943010258766,-0.16238778026446907,-0.3828767157026105,3.045224052276713,4.542818133044081,2.5749656813276602,4.775428224074901,104.4,3,Nano2
5.370346155295015,5.272751307963183,3.3635307229805833,2.934345076462437,1.1175556151239097,0.050900315514886045,-0.061708102228399134,-0.40580578513016186,5.969949079141485,4.323788275423901,5.971653186014168,5.1062524221073655,106.1,3,Nano2
3.7420452450595496,4.54727383141684,9.095968350573601,9.62459273914328,2.353314157231696,0.88921453402325,0.10485459221175242,-0.29284846764351324,6.654943999819718,8.466910036190392,5.738247495670714,7.267691349462607,107.7,3,Nano2
7.906902462771608,12.485004968791246,3.6351837634810655,4.662966334584367,1.225979183554074,0.43721867976924267,-0.07915657232628376,-0.3824547082898335,7.676167972329249,9.721524875046756,7.9396888904628415,9.857048600920425,107.8,3,Nano2
2.1502737727924237,6.02074958511702,0.05472379425726256,0.20658701425136386,10.366466651211427,13.320110948931527,0.49574043382988053,0.5622792197803183,1.0977139004302667,2.442361179826465,0.47254955476224997,1.4596073949510047,113.5,3,Nano2
2.588707881528847,4.817294302654073,0.15490092328908728,0.22566651774858665,1.7012992666720432,1.6140245775065765,-0.16248805882825001,-0.31197947035607143,9.673202515150745,14.899681436285976,6.776327985829592,11.913494066053874,114.2,3,Nano2
1.8164312553703947,4.7830220959156335,0.003457145575232541,0.08869337377842662,15.585409945647758,19.475270588642395,0.8249549587227266,0.9448992740314816,1.4492317535001464,3.1578973238954364,0.582743626578325,1.7180601321149405,115.8,3,Nano2
3.7482224231489276,4.177022703987535,4.236994303669669,3.8002409590577715,1.1313080949247913,0.37709851584648535,-0.02811478336178217,-0.3607916611006132,3.322562906744585,5.262773097350075,3.910746207649975,5.890633932437581,121.1,3,Nano2
1.810367271643911,3.452003499546577,1.8058612544367,2.3753224282783862,0.9697164572644329,0.7637536877418657,-0.09500058540367325,-0.3090254184666323,1.9686772693594257,3.6769783957753077,2.330287897293298,4.319704236718403,126.1,3,Nano2
4.804665412042052,6.257970867097409,7.579955091616095,6.082151893677812,1.3529440417157843,0.6499127050758043,0.005979928323739519,-0.27174809700466235,4.470378153509572,5.321700352804473,4.563674375666296,5.234176528700899,127.9,3,Nano2
6.966532207715021,5.531805982392988,3.7716628153802043,3.593680251949209,1.607119338035649,0.20061131194998763,0.001968785772501673,-0.38090734777631774,14.921530879293119,7.214756532328437,15.247134244376946,8.342001066091434,146.2,3,Nano2
3.4908346125504086,3.069739096211821,3.0973683541924455,2.2636452980123747,1.3277720920802423,0.3816454190003073,0.06554539520962153,-0.34953813009322604,6.053482559093913,5.76685450420519,6.432237221448201,6.152575919227375,150.5,3,Nano2
0.6151156525957516,1.1974945966386603,0.05324354678706084,0.09761712061482401,0.8188075494494022,0.5530805082814473,-0.2269671753393984,-0.4126985728721865,4.484715651559976,7.047212011414851,2.207222980649279,3.935385734266743,159.0,3,Nano2
4.2469082741916955,5.634720803773744,7.750871354319211,6.870232819677372,1.7134554764960368,0.5955182710504524,-0.026209490649944194,-0.2967872034960988,2.6047027259223787,2.7161311277223175,1.7734045541386754,2.16056740161308,164.3,3,Nano2
7.921698583064229,5.860681685450386,7.794890786634027,3.4369935030680785,6.211989851362974,1.4702077147893924,0.4886206558014333,-0.2220918914345665,4.65871353469299,3.8945024955165546,4.589062783235723,3.8271106621122235,169.3,3,Nano2
4.399882370331797,6.615881381403131,3.4017537930808674,3.4175361446188277,0.9806447671062049,0.33129267666724166,-0.12448248315527143,-0.3522108437074805,4.739381780042929,7.282805205703294,5.118941004187961,8.05690273961128,172.7,3,Nano2
2.726384568054938,4.420234257059742,3.6128565994944646,3.412787622616332,2.9489684386073787,1.4095823394050992,0.06624734515608816,-0.26471464012504536,2.169696693051889,4.231502691574679,1.8288069694773827,3.9058151336212164,173.1,3,Nano2
11.122786653847108,8.738172235163098,15.828872205187075,10.79352539782471,3.5604626297537196,0.8999923785360133,0.30531144120986375,-0.25950988203412884,13.15901522243351,10.082617197167808,12.243083851800394,9.244556645250821,173.9,3,Nano2
5.163620907403359,4.257580393369864,12.126842650441915,9.271450369610116,5.712234558598796,1.3710178645078683,0.6236958812143678,-0.20464891837311644,14.889481021881869,9.00906974325314,16.519249147236543,11.336345997280086,183.3,3,Nano2
1.1230236100897562,2.207077864918464,0.0974087699567649,0.22739509557510487,7.239496556485983,8.390257507265426,0.30380726275314957,0.2504157417381017,1.2132745877180353,2.3691581814044906,0.577264760322187,1.396999513565955,193.0,3,Nano2
6.204394562347249,5.63314958512671,2.3141892875913577,1.189581738972267,1.954737823002575,0.49683363223046423,-0.06461618057804656,-0.3766872736485476,5.0342970934161935,4.999381296065945,5.2933515800083555,5.427597416757812,196.2,3,Nano2
13.842847194198738,4.925872057908516,6.377639074536682,3.6268619971617704,7.354796364816588,1.2469042487905795,1.3861138016409014,-0.016292943136973898,7.695511137155543,6.6011022828986565,4.854473435479788,7.63598097038591,204.1,3,Nano2
13.882077126253272,11.24659007143178,5.403309385453151,1.510353086561587,13.012345532902462,6.098449913918635,2.0322085880815375,0.547227622057938,4.488656764768144,2.0036383519817287,3.7109621938400883,1.7734367354914216,210.4,3,Nano2
3.3269615163259068,4.417484624427432,4.358153558478476,5.222915523646953,0.8043183296591877,0.3489750778209938,-0.06040448089924683,-0.3243583544641973,4.666165409667054,7.036729620026894,4.150214577867025,7.039423104210844,216.2,3,Nano2
6.46466074388794,5.622707527868293,9.911562367733437,7.272206788949614,3.686199587933208,1.860904578377059,1.4179021063594612,0.9049492389552571,6.138069267576111,7.305883840886171,6.252362748951603,7.8785131597744265,216.8,3,Nano2
1.404972980374026,2.7281397954856255,0.3046175496655899,0.5125684530670573,0.8697653987115972,0.7432084216394108,-0.10121785635809191,-0.3425046732136091,3.9902305193524255,6.823201570041277,2.8458252606679935,6.0401345114911384,222.8,3,Nano2
3.555177522544221,6.515519790323806,3.389537930320426,4.286168218246089,0.5255850336948917,0.17922402674497312,-0.13360783245933752,-0.37795329588687865,2.1989605911263297,3.8119753809981103,1.975314248299304,3.6588141769240337,228.0,3,Nano2
15.353555332010227,5.132127239053601,11.363098445383667,4.112847165154996,3.815251876064695,0.1504269734374339,0.2759298220220466,-0.3831580539777952,14.834441337422975,5.258400608124711,16.420749311265535,6.528674598174912,236.5,3,Nano2
0.9450190061890563,1.8948538061474496,0.3648091852787568,0.742818204543558,0.19712178845062225,0.15968918356558978,-0.2365939174623692,-0.3668404340170838,3.255858433192551,6.254951712037785,1.8568599622752044,4.5255835063631125,236.9,3,Nano2
3.183754476641262,3.1956984577490823,5.012707467621209,4.788628441235777,1.0125701666439657,0.20229535015510688,-0.14935156697294608,-0.38259537742742583,5.66293862523281,7.327977942071285,5.969916714741731,7.786158635395326,238.0,3,Nano2
13.389148017094847,5.354291008999908,6.659556261514417,1.9768085100994262,4.132172861476082,0.31394708315451336,0.9759744757768315,0.2800969297700853,9.880563960097732,7.953909909590826,5.463076677309156,9.30865411573876,243.3,3,Nano2
2.278522985951741,3.8786220959382427,1.1204090899191443,1.4835847414926404,1.3583468016375593,1.026968859202005,-0.056995009730694664,-0.271185420454293,4.193571575825562,7.502877511085813,5.533164250563907,9.44939771642988,244.8,3,Nano2
6.520966854116252,6.410215407250685,10.845717270433493,7.457384669845719,10.65919800697305,4.120883849647097,1.181846367219114,0.18781797550951065,4.084250984450725,4.0167005387684265,3.689570664113254,3.9111957100171053,250.3,3,Nano2
2.547100867853532,4.837491009012828,1.8736775166140118,3.0883245887140958,2.345823967340144,1.4974891337123242,0.027539819536642942,-0.21688713334364995,2.8931287925477114,5.222117634618884,2.435613861714575,4.492180599207426,250.5,3,Nano2
8.71363868711976,8.202059339306219,16.152786564234393,10.812577394639602,6.995144460023891,2.3484336387590825,0.8887321252874084,-0.012354207284388394,6.085668316960617,4.66617445158744,5.362361343507799,4.493895883628934,252.1,3,Nano2
4.929793694910139,5.871549281092374,4.774586323745154,3.3504198397298945,2.0852635911127275,0.767458571793128,0.05250918191809853,-0.27456147975650913,10.020122402811095,11.205478221617533,10.324298065337224,11.563892017512266,253.1,3,Nano2
0.9276808639182934,1.4916136338747836,0.06566986570093056,0.11516059306184925,0.5933651127135222,0.3973069743079164,-0.26276662260919614,-0.4284535162825285,6.270062584935866,9.269015675545095,4.334924224682565,7.4679733752055535,257.2,3,Nano2
3.998980278206491,4.393032534232958,3.6774983833798425,3.3965586800407293,2.7822196210216896,1.0911307148170486,0.08550082940202981,-0.28567434162630395,5.384773042994259,5.372722379394472,4.910744086454714,5.550917338851508,257.7,3,Nano2
1.392843395858731,2.3950970896414048,0.032805785250510804,0.07281043631215216,0.43496601500694,0.3996646277950833,-0.22456048980865567,-0.4401290547026927,3.631940293585752,5.4706255984074055,1.7635096618017703,3.3089187244682203,265.1,3,Nano2
15.05865167542386,12.027976744835101,3.4633621865983972,13.494392058756405,7.7705632987968105,2.433140760476581,1.8395734670583397,1.1798167338106884,14.846219376895661,11.733593840771002,13.130675154874696,11.179171777393464,265.6,3,Nano2
1.2391788141049742,2.9656131271239756,-0.061266939599195325,-0.02413035082477284,0.7078053910565724,0.778910031587939,-0.21884461167314176,-0.3757025896854012,1.8930939660510595,4.002917062799732,1.0222235482202713,2.666653042366333,283.0,3,Nano2
3.9308696129906235,5.284044441988743,6.94757550120887,7.096772064479361,3.7514010769891732,2.002532191427588,0.25075990251302904,-0.20211687389645433,2.1869787009704633,4.3786905242403815,1.7626563957454864,3.797634853500517,293.0,3,Nano2
0.9384504990165289,1.7620334565181375,0.32914333380253025,0.5814003063014042,0.8522064289658288,0.7216527326138844,-0.21082232657066605,-0.4149492790736639,4.5237417323512,7.689099221074625,2.367741786290176,5.282114214375681,293.2,3,Nano2
1.9908475979673432,3.0295093521033762,0.8571884043481985,1.1041604608517621,5.920977555576463,3.856321447622862,0.7737126126306633,0.2723601272025067,4.318022417907617,6.362005305853465,3.641817704121231,6.227190791562982,295.4,3,Nano2
7.8081161252113676,6.518629493896062,12.782783924171493,9.08009072379003,5.00250836887473,0.9213796637410278,0.5158964251498507,-0.2801882452602027,12.752899361384962,6.386068475034107,13.818557292038784,7.590435655088495,303.6,3,Nano2
10.66714700195074,9.956946899434632,12.268283294338076,6.8686113731399345,4.2030226904502666,1.2351159813547445,0.5494897440164677,-0.20225754303404667,16.31054678441315,11.732435565479516,15.802206268359457,12.641993415493902,305.1,3,Nano2
4.373993202475528,4.445079151915975,4.141007485983198,4.043096009642727,2.6536584928830913,1.5921320808400263,0.8661694484366955,0.8429141492770355,5.33223619192331,9.118555715180943,6.38922961829551,10.227640314093646,307.6,3,Nano2
11.0502937497249,6.802398128294845,8.434289501264528,3.858656466009205,8.886478802639772,1.3779224211488572,1.042158327872256,-0.19508341701683735,17.515870573911116,8.059226090469275,18.32203565878492,9.222032252452594,308.0,3,Nano2
1.7378096850286218,3.5977994965026485,0.26865894074688507,0.4924943658455313,0.40991685536962,0.3152943137186088,-0.2187443331093608,-0.3752805822726242,3.636039957325283,6.567859782032982,1.9921699953058927,4.224334422882547,311.4,3,Nano2
7.212665264517186,4.458827315077526,3.21895087277351,1.576383601358486,10.427616070326062,2.9001245547561503,1.384810180311749,-0.040066027390079265,0.04763373121265712,10.316965245517903,21.908597315364474,12.546704851972748,312.8,3,Nano2
-0.14970793329727,-0.12495431135969638,-0.12309049220095628,-0.12007800195751733,-0.29809027437933616,-0.4169254978672424,-0.3254407249722875,-0.5035708357568378,-0.1253392359854745,-0.0992133354010362,-0.0965205234172962,-0.05553041800543289,16.7,4,PEuk1
-0.17939558055980828,-0.23129635341429663,-0.13053170446378923,-0.13455809862488377,-0.32805103394554247,-0.4495958390465559,-0.3295521460873063,-0.501179460417768,-0.1481773075245292,-0.1673430880462979,-0.12624711525182886,-0.12482339472799224,16.9,4,PEuk1
-0.1635807110011382,-0.18051980413763338,-0.1265436191429598,-0.12758298307365687,-0.32031526405754657,-0.4376391677902092,-0.32764685337546834,-0.49302065043741233,-0.1407514801377603,-0.14480305087396209,-0.12800155002018782,-0.10501637356594479,16.9,4,PEuk1
-0.16609200879506605,-0.22427169671318012,-0.12495755572969364,-0.1219281882743434,-0.3532229835810846,-0.44555414735426974,-0.31451036152016437,-0.4962560406020361,-0.13391002470944385,-0.12206610690207349,-0.09838723003516618,-0.07248465034012984,17.1,4,PEuk1
-0.14415817539079193,-0.19596030071692816,-0.125962807188806,-0.12384496971681422,-0.34118956375531323,-0.45330072309781827,-0.3461983876749434,-0.5010387912801757,-0.12790209207457898,-0.11125650274427165,-0.09507595895358767,-0.06384051963700293,17.2,4,PEuk1
-0.12504126456026043,-0.07651494982049686,-0.12406517460985002,-0.12098572247445782,-0.34892533364330913,-0.4307346111492203,-0.3352680242228202,-0.5049775271327611,-0.12438680029350062,-0.10771507604055033,-0.08846090158039803,-0.0448866267793372,17.3,4,PEuk1
-0.12775792926972523,-0.017771012654496435,-0.11325783962486653,-0.0882267115377284,-0.354328093565084,-0.4554899727644733,-0.3461983876749434,-0.5111669691868241,-0.1280844251856465,-0.09913804750708956,-0.11180446453073051,-0.014372619701980593,17.4,4,PEuk1
-0.12606971620027213,-0.028036307815121498,-0.10562380719911613,-0.07953749536121037,-0.35641552353486067,-0.4428596862260789,-0.31751871843359275,-0.48894124544723444,-0.10871294776446574,-0.036411649096614415,-0.07823967240091424,0.05233840257557166,18.0,4,PEuk1
-0.14173743308717954,-0.13373349555000136,-0.12607567752807475,-0.127215262162488,-0.34106677375709105,-0.4352815143030423,-0.3333627315109822,-0.5048368579951689,-0.1367231641373429,-0.14208110393896778,-0.11681478293490921,-0.10507054044241347,18.2,4,PEuk1
-0.11999441303749875,-0.05203012590421005,-0.12051563758638775,-0.1109342016624677,-0.308895794222886,-0.4349447066620184,-0.3302540960337729,-0.5014607986929527,-0.11916709030026928,-0.0867589803293229,-0.10187813607596234,0.00021632569358398401,18.2,4,PEuk1
-0.16477733712316434,-0.21669384011342022,-0.12151265891659511,-0.1137210628986885,-0.3354184338388719,-0.43326066845689915,-0.3397805595929628,-0.5061028802334999,-0.14853744373148248,-0.17836986882125355,-0.13288313003692723,-0.13834254431330037,18.3,4,PEuk1
-0.13654342889265517,-0.11257441776993746,-0.128485929564543,-0.13174662614657687,-0.30545767427266557,-0.42989259204666064,-0.3358696956055059,-0.5108856309116394,-0.1323233868920177,-0.13129756097522438,-0.10088116205230444,-0.06395788120268507,18.6,4,PEuk1
-0.14380565580349233,-0.13739312564871908,-0.1269704101133198,-0.1276698462810196,-0.2696029947917958,-0.41793592079031394,-0.3461983876749434,-0.5120109840123781,-0.13513652631991674,-0.1412818939878418,-0.10865037403846742,-0.07428118507634107,19.0,4,PEuk1
-0.16501342822291545,-0.22164972559594137,-0.12366189829350435,-0.11915580423934972,-0.3011600243348901,-0.4347763028415065,-0.3210284681659259,-0.493723996125374,-0.13562803296714226,-0.13508222549015797,-0.11344363353359148,-0.075044035253275,19.0,4,PEuk1
-0.1886839865664546,-0.31083929742041555,-0.13112544947765092,-0.131750969306945,-0.31442134414288303,-0.4319134378928038,-0.341284738049677,-0.5021641443809144,-0.1541625900834851,-0.20514919356043157,0.2362232993735146,1.7916548616103876,19.0,4,PEuk1
-0.14623286635641294,-0.159589862410262,-0.1296828254538721,-0.13580892881090703,-0.34413652371264497,-0.4514482810721871,-0.3322596673093918,-0.4954120257764821,-0.1350776361225533,-0.1396632042679888,-0.11647946434436962,-0.10304831038758273,19.1,4,PEuk1
-0.19404131405601227,-0.3290261532598393,-0.1327420819411357,-0.14105401881549295,-0.32694592396154304,-0.44521733971324584,-0.33095604598023953,-0.5120109840123781,-0.12008328587078873,-0.1243218480322443,-0.13438308194639453,-0.18788718065665336,19.6,4,PEuk1
-0.19256655321373137,-0.3097885449502113,-0.132471663419971,-0.1356134865943409,-0.35138113360775225,-0.46643622109774846,-0.32804796763059213,-0.5004761147298064,-0.15320222686494306,-0.13647505152817102,0.150821845845461,1.495556145300719,19.6,4,PEuk1
-0.1286877401077861,-0.06595832453573416,-0.12551720449523454,-0.12327167254822023,-0.3359095938317605,-0.4406704365594239,-0.31721788274224993,-0.49245797388704293,-0.11951250395788168,-0.10330494286821382,-0.08871239052330272,-0.013397615925544346,19.6,4,PEuk1
-0.12111503723015299,-0.055467166694597905,-0.1083844275803978,-0.08404714354345856,-0.33480448384776107,-0.43578672576457805,-0.341284738049677,-0.5079315790222003,-0.10800966290749099,-0.06103079041716929,-0.056972390187538996,0.00848128826143013,19.9,4,PEuk1
-0.17498908571856328,-0.2770679166257189,-0.11405733786135357,-0.09518011128711462,-0.33406774385842813,-0.4341026875594588,-0.32864963901327776,-0.5063842185086845,-0.1577560246264495,-0.20987495674969828,-0.14262084178451687,-0.21991334636876061,19.9,4,PEuk1
-0.1595865670532941,-0.20847440256612126,-0.13103609379239647,-0.14016511866014775,-0.27623365469579225,-0.43022939968768453,-0.3369727598070963,-0.5046961888575765,-0.1543245381262345,-0.20077091295861094,-0.1309445694353702,-0.16043811600614957,20.0,4,PEuk1
-0.12342420223319807,-0.11111776714924927,-0.12729843953681963,-0.13209263125590506,-0.306562784256665,-0.43898639835430464,-0.32844908188571587,-0.4923173047494506,-0.12835396108896371,-0.13811690675385374,-0.09165091906450464,-0.07860099347471833,20.1,4,PEuk1
-0.13316861981607597,-0.11403106839062564,-0.1167356569535851,-0.10707168437507182,-0.3139301841499944,-0.41642028640570666,-0.31441008295638345,-0.49470868008852037,-0.10927806715839555,-0.07976878894519923,-0.09605646643931728,-0.01866083075575112,20.4,4,PEuk1
-0.18276553844940627,-0.3101715294954259,-0.08890253672953005,-0.08795743559490395,-0.28139083462112285,-0.4186095360723617,-0.34138501661345794,-0.5101822852236777,-0.08541394718066268,-0.14760028570290304,-0.09501009280187453,-0.1619186772962935,20.5,4,PEuk1
-0.19308724728304547,-0.31776575295609244,-0.1243544048542262,-0.10639704679788799,-0.32547244398287717,-0.4373023601491854,-0.34098390235833415,-0.5132770062507092,-0.15585568325768356,-0.1926803600475747,-0.1349264776980279,-0.19360178612409912,20.5,4,PEuk1
-0.11124933997274539,-0.04472395919549987,-0.108325640945362,-0.08851915100251624,-0.3161404041179932,-0.4186095360723617,-0.3425883593788293,-0.5101822852236777,-0.12038906189556037,-0.1026852655872683,-0.09355504963221163,-0.03301956692632381,20.7,4,PEuk1
-0.1300201994652855,-0.09186051860653331,-0.12753241034426216,-0.13006147992373998,-0.34966207363264207,-0.44319649386710275,-0.3216301395486115,-0.5008981221425833,-0.11718973867341272,-0.0981274523152672,-0.11780427216859972,-0.03006747215878073,21.2,4,PEuk1
-0.1459126880156546,-0.1347318740653045,-0.12436263498313123,-0.12056733135899403,-0.3302612539135413,-0.4415124556619835,-0.33877777395515335,-0.5061028802334999,-0.11985905011928955,-0.10886466426735111,-0.10973716554173416,-0.0704624202852991,21.2,4,PEuk1
-0.16223208102036815,-0.27516608738837095,-0.12871167024308053,-0.13606662299274977,-0.29538889441844873,-0.43241864935433955,-0.3327610601282966,-0.5048368579951689,-0.1525238570914682,-0.2009330714994191,-0.132710979867677,-0.18530974011801865,21.2,4,PEuk1
-0.16759264263457996,-0.23413109372332128,-0.1297968715258416,-0.13537750821433883,-0.29109124448067325,-0.4194515551749213,-0.2998696912081462,-0.48429916390668726,-0.15140381083776766,-0.19756538608942084,-0.13485162979835388,-0.1721110778851502,21.3,4,PEuk1
-0.17421612992622748,-0.2814116815103329,-0.13259864255164833,-0.13737680970380423,-0.33652354382287125,-0.4406704365594239,-0.29224852036079435,-0.48429916390668726,-0.15469486686734682,-0.20566752175337197,-0.13963590754551705,-0.1758621340806063,21.5,4,PEuk1
-0.16548399336009062,-0.21296546919889472,-0.13039649520320687,-0.13601740050857758,-0.34659232367708814,-0.4590264529952237,-0.3371733169346582,-0.5045555197199841,-0.14717164415416917,-0.1889304437913857,-0.1320388457286043,-0.16552077458146075,21.5,4,PEuk1
-0.1455181248078514,-0.15224768860755727,-0.12446374799539282,-0.12487719416430795,-0.3173683041002148,-0.4341026875594588,-0.3321593887456109,-0.5051181962703535,-0.12741964545771706,-0.13544708220697635,-0.10567142763144154,-0.10057920360188538,21.6,4,PEuk1
-0.0035141794945412834,0.3316581943294209,-0.11703194159416559,-0.11023640056332047,-0.3307524139064299,-0.4090105183031819,-0.3353683027866012,-0.4890819145848268,-0.08412289285384912,-0.017945845262083905,-0.07299582854975259,0.06457560275112104,21.9,4,PEuk1
-0.14309576544191194,-0.0906559176438069,-0.12808147751549662,-0.13201879752964674,-0.3285421939384311,-0.4330922646363872,-0.3461983876749434,-0.5066655567838693,-0.12811953280330546,-0.13306393079474196,-0.12723959840150634,-0.09879621058479132,21.9,4,PEuk1
-0.1887793932437513,-0.2956901309652584,-0.13340989811514253,-0.14232077392286605,-0.327682663950876,-0.43578672576457805,-0.3191231754540879,-0.49105128251111957,-0.16180246068759413,-0.21778597699055408,-0.14112388379103652,-0.21994042980699496,22.3,4,PEuk1
-0.19128260572604383,-0.30143489914347815,-0.1336556262495922,-0.14236565324667014,-0.3384881837944258,-0.45313231927730635,-0.32864963901327776,-0.502023475243322,-0.1598103865113967,-0.2150032206027567,-0.14450401494031515,-0.224986977131327,22.3,4,PEuk1
-0.051086536094389484,0.07493416089271733,-0.11583386997213577,-0.1112338797278691,-0.31208833417666204,-0.4361235334056019,-0.30989754758624083,-0.48865990717204977,-0.06740487182540889,-0.00684667228141032,-0.06715170454320533,-0.05619847614854661,22.6,4,PEuk1
-0.11847599151238718,-0.09724848921698895,-0.1144229907312763,-0.10327141905295255,-0.31208833417666204,-0.44184926330300733,-0.3461983876749434,-0.5035708357568378,-0.11695078037257266,-0.10618615265578757,-0.11075809089328775,-0.023310154319312854,22.8,4,PEuk1
-0.16981125214730955,-0.23835374383722635,-0.12885040670176504,-0.12985300822606943,-0.3161404041179932,-0.4322502455338276,-0.3112011689153931,-0.49555269491407444,-0.15232113891208257,-0.20310773335918583,-0.13710904245252223,-0.15900269377972956,22.9,4,PEuk1
-0.1488864656351223,-0.17994369063372076,-0.1273760378950669,-0.1332942389577561,-0.3063172042602207,-0.404295211328848,-0.3224323680588591,-0.49203596647426595,-0.12725543240737675,-0.13544708220697635,-0.11359332933293952,-0.08100239166482982,23.0,4,PEuk1
-0.08438184940860392,-0.00384936076733496,-0.12988857867649745,-0.13693525506637705,-0.3404528237659803,-0.44521733971324584,-0.3461983876749434,-0.494146003538151,-0.11284545411406462,-0.1079930621105072,-0.07369041705872748,-0.05084046928451964,23.1,4,PEuk1
-0.16643644307073036,-0.19646767340503302,-0.12857058231899457,-0.13287005696180146,-0.3251040739882107,-0.44235447476454315,-0.31721788274224993,-0.49470868008852037,-0.1459791176575598,-0.18330701725121665,-0.11895393590759262,-0.14428735900573805,23.3,4,PEuk1
-0.16657227630620358,-0.21482801797006681,-0.1300955076318235,-0.1341556324307698,-0.32473570399354423,-0.4339342837389469,-0.32463849646203996,-0.5013201295553603,-0.1482531852788244,-0.19266009022997366,-0.1388799437588095,-0.1784531163383582,24.0,4,PEuk1
-0.19294494579826396,-0.30196191206467093,-0.13126418593633543,-0.13578721300906635,-0.34254025373575697,-0.449427435226044,-0.333763845766106,-0.5072282333342386,-0.13437435126557856,-0.1141695651023613,-0.03970348277474975,0.24268983429925922,24.7,4,PEuk1
-0.19383271301582122,-0.3102239034503271,-0.1309937674151707,-0.1324661430475648,-0.3375058638086485,-0.4415124556619835,-0.3308557674164586,-0.5066655567838693,-0.1363109327557989,-0.11998989844208316,-0.05048457424379518,0.24014399110523124,24.7,4,PEuk1
-0.1394007780245744,-0.1727815523009887,-0.12719732652455804,-0.13105895908828863,-0.3554332035490834,-0.4546479536619137,-0.30799225487440285,-0.4978034011155518,-0.09797001676082234,-0.07239636671488486,-0.07145545877446133,-0.008066692499751721,24.9,4,PEuk1
-0.10226979287056799,-0.05954906180470615,-0.10704761949968346,-0.08858429840803829,-0.30779068423888656,-0.41170497943137274,-0.31511203290285006,-0.48415849476909495,-0.102667642504351,-0.08681689409389726,-0.10038566895646245,-0.026898709885362925,25.1,4,PEuk1
-0.14653363994924656,-0.2025986995006487,-0.11560930502629897,-0.10571951378045871,-0.35641552353486067,-0.4495958390465559,-0.33035437459755385,-0.4976627319779595,-0.13690549724841042,-0.16216849318158003,-0.12103620447652379,-0.1291883421900934,25.3,4,PEuk1
-0.13316053450444065,-0.15301365769798658,-0.1239040992298519,-0.12541864149020227,-0.3384881837944258,-0.451616684892699,-0.31791983268871654,-0.48880057630964213,-0.12040038693351487,-0.12425814289121252,-0.10836595201970615,-0.061127661907196526,25.8,4,PEuk1
-0.15458822740034428,-0.22164645222376006,-0.1261662089460299,-0.1290828211207866,-0.3215431640397681,-0.42905057294410104,-0.3267443463014398,-0.501179460417768,-0.12806970263630563,-0.1438011427468259,-0.12288794151445898,-0.10017746593474268,25.9,4,PEuk1
-0.17750846882412646,-0.2690514281536619,-0.13084680082758118,-0.13643579162404137,-0.323753384007767,-0.43376587991843496,-0.34008139528430564,-0.507790909884608,-0.15067674340108844,-0.1965229383270826,-0.1359548878395489,-0.16338118296094786,26.0,4,PEuk1
-0.050161576443309805,0.05274069750335575,-0.11771033936247885,-0.116796020439329,-0.35641552353486067,-0.4507746657901394,-0.33777498831734387,-0.5041335123072072,-0.08129503087660922,-0.047073573154751684,-0.09790520956126551,-0.10098996908177288,26.1,4,PEuk1
-0.15752966377327074,-0.2269002145747815,-0.12527265209348556,-0.12746571774371718,-0.2973535343900032,-0.4309030149697322,-0.33877777395515335,-0.5044148505823918,-0.1442905544985431,-0.18566121178116385,-0.12869763548715618,-0.1538703822343221,26.3,4,PEuk1
-0.1953947952237635,-0.32522576815732473,-0.13279616564536867,-0.13732903493975473,-0.3404528237659803,-0.4655942019951888,-0.32423738220691617,-0.4897852602727885,-0.16279340150861332,-0.20729779422613984,-0.13330826610707563,-0.16372423984524953,27.1,4,PEuk1
-0.16174372819759533,-0.20728289509212014,-0.1276958371896617,-0.1280896851166061,-0.26690161483090835,-0.38257111848280967,-0.30678891210903153,-0.4876752232089034,-0.1420368719455966,-0.17564213050980182,-0.1292380373228026,-0.1384644197853549,27.1,4,PEuk1
-0.10249133040937554,-0.031512629071685214,-0.10055169632822636,-0.07553020606154327,-0.29809027437933616,-0.43258705317485147,-0.3461983876749434,-0.502445482656099,-0.0943561971495398,-0.0638859390106846,-0.0926359174242147,-0.04087827792065485,27.3,4,PEuk1
-0.1483285791322858,-0.18578338660519877,-0.12697628877682338,-0.13003252552128575,-0.3189645740771028,-0.4169254978672424,-0.3224323680588591,-0.49484934922611273,-0.13658046865911613,-0.17097717677333818,-0.1091698184622051,-0.126475484460287,27.8,4,PEuk1
-0.12662113445380038,-0.13284968506104447,-0.12406517460985002,-0.12171537341630471,-0.32805103394554247,-0.4263561118159102,-0.3461983876749434,-0.5097602778109007,-0.13108895775497667,-0.1577612556974722,-0.1026820025184613,-0.11873864893801048,28.1,4,PEuk1
-0.1951570870616853,-0.3220604172579866,-0.1330607055030298,-0.14076737023119598,-0.3281738239437646,-0.44218607094403123,-0.33115660310780143,-0.5056808728207228,-0.16064504180864372,-0.21095504845900986,-0.1450788468098116,-0.2274831673552587,28.4,4,PEuk1
-0.15204943954685635,-0.18036595564511126,-0.1321530398580769,-0.13818463753227758,-0.29624842440600385,-0.4342710913799707,-0.32142958242104963,-0.49133262078630424,-0.1198556526079032,-0.12241069380129085,-0.12685038932320145,-0.1126584170544011,28.5,4,PEuk1
-0.150147774250231,-0.19234649782874894,-0.1298180347144545,-0.1347520931213272,-0.35641552353486067,-0.451616684892699,-0.3366719241157535,-0.49456801095092806,-0.13524864419566635,-0.16288083248584448,-0.11568757356581852,-0.12806889340974068,29.0,4,PEuk1
-0.12999756059270665,-0.12483974333335011,-0.12323158012504222,-0.12346566704466365,-0.3154036641286603,-0.4287137653030772,-0.32423738220691617,-0.5044148505823918,-0.12430073000504639,-0.1404131875192266,-0.10241704095361527,-0.10059725922737495,29.0,4,PEuk1
-0.144808234446271,-0.13180220596302153,-0.1237524297114595,-0.12491483488749847,-0.33210310388687364,-0.4469013779183651,-0.31641565423200235,-0.49245797388704293,-0.13732112614134076,-0.17374255903176325,-0.12074429766779513,-0.13476753046636747,29.0,4,PEuk1
-0.14707050464183127,-0.19262146109197995,-0.1293112939204458,-0.13644592566490035,-0.33480448384776107,-0.4374707639696973,-0.3461983876749434,-0.5127143297003398,-0.13238567460076747,-0.15532598189712093,-0.10157575056127932,-0.10231705755525555,29.5,4,PEuk1
-0.1031591771504523,-0.07069489408210677,-0.12114583031397165,-0.11968277436401693,-0.2661648748415754,-0.3926753477135252,-0.32844908188571587,-0.5080722481597927,-0.13097910488681797,-0.15751801788625996,-0.12089249650914967,-0.10704763143352031,29.8,4,PEuk1
-0.19214773407102223,-0.3036280585049637,-0.11774090841269748,-0.09710992221068986,-0.3432769937250899,-0.4627313370464861,-0.3327610601282966,-0.5113076383244164,-0.12705271422799108,-0.11472843293050375,-0.12752851129424803,-0.16356625312221587,30.3,4,PEuk1
-0.19141520483686295,-0.32796230730090975,-0.0845711374600915,-0.04071688027068538,-0.3258408139775436,-0.43780757161072115,-0.33617053129684876,-0.5032894974816531,-0.08952720096573889,-0.12128137539209109,-0.10462954486797922,-0.15343704722257265,30.3,4,PEuk1
-0.18842363953179755,-0.3144236399589629,-0.003217488966733435,0.12466777110769962,-0.31749109409843695,-0.4367971486876496,-0.32905075326840155,-0.5037115048944301,-0.14548421349894794,-0.1910298177572058,-0.08809564382998883,-0.11064070090594276,30.3,4,PEuk1
-0.03116109410032682,0.11262049481627484,-0.1184169547156093,-0.11377607626335155,-0.27439180472245994,-0.3893072713032867,-0.322632925186421,-0.5041335123072072,-0.04739239725600316,0.03957410571315745,-0.017294021612349005,0.12352270606816243,30.5,4,PEuk1
-0.11505105350366905,-0.11796893512475573,-0.11640057313388098,-0.11087194969719108,-0.35101276361308575,-0.4416808594824954,-0.3438919807079816,-0.5006167838673986,-0.1214773980429883,-0.13108328004629932,-0.07313354868515279,-0.04924254642869358,30.9,4,PEuk1
-0.15208339785572464,-0.20876245931807758,-0.12821551104337828,-0.1337719865982511,-0.27402343472779345,-0.4086737106621581,-0.33055493172511574,-0.48683120838334937,-0.12860424442775828,-0.15313105021975318,-0.10456068480027912,-0.1220383144962276,30.9,4,PEuk1
0.004310785106113581,0.25209888346239534,-0.09280361783050647,-0.06573927487164133,-0.3219115340344346,-0.4189463437133855,-0.3220312538037353,-0.4959747023268514,-0.09063478967768947,-0.06166205045102967,-0.053342267053349164,0.034747709442367714,31.1,4,PEuk1
-0.1952735155492338,-0.3240637210329555,-0.13146993915896077,-0.1347187955585048,-0.33922492378375874,-0.4546479536619137,-0.3302540960337729,-0.5041335123072072,-0.1609496853296199,-0.20897150202233847,-0.14523453044113355,-0.22556927105336533,31.3,4,PEuk1
-0.12652087658952252,-0.07579480794060608,-0.12693161093419617,-0.13127611710669543,-0.3095097442139968,-0.4361235334056019,-0.31751871843359275,-0.4923173047494506,-0.11722824380245804,-0.12226880507808371,-0.11359332933293952,-0.09447640218641407,31.8,4,PEuk1
-0.0549933586765722,0.10749766735250628,-0.10388607426745755,-0.09186917536647204,-0.35641552353486067,-0.45868964535419987,-0.32844908188571587,-0.5072282333342386,-0.10632449725986065,-0.10679714287204693,-0.08870340877534184,-0.04981581253798711,31.9,4,PEuk1
-0.18429204528615317,-0.28918921381315343,-0.12814261561593387,-0.13360839422438464,-0.32805103394554247,-0.438144379251745,-0.3429894736339531,-0.5061028802334999,-0.1310719701980449,-0.18993524760675065,-0.12637884755525514,-0.200092783487596,32.0,4,PEuk1
-0.17035620215152955,-0.256946497827134,-0.12962991748233987,-0.1378024394198816,-0.3448732637019779,-0.45380593455935403,-0.31832094694384033,-0.49639670973962846,-0.14049326927239758,-0.17945575190702256,-0.12407353224529541,-0.15785164765477008,32.2,4,PEuk1
-0.14089009242779885,-0.17236910740614217,-0.10336640041374098,-0.08831357474509112,-0.3381198137997593,-0.42905057294410104,-0.3461983876749434,-0.5103229543612701,-0.1326280304129939,-0.17002449534609018,-0.0985533923724425,-0.14338909163763244,32.5,4,PEuk1
-0.1490206818082685,-0.23066786595548286,-0.13027539473503308,-0.1386985781758404,-0.26776114481846347,-0.40732648009806266,-0.3325605030007347,-0.5035708357568378,-0.14206858205186923,-0.18665443284361388,-0.10941831348912284,-0.15058877230159454,33.3,4,PEuk1
-0.12059272609851183,-0.11368409093940554,-0.12832367845184417,-0.13328844807726525,-0.323016644018434,-0.45178508871321094,-0.3312568816715824,-0.49555269491407444,-0.11398248792469691,-0.11636449677972904,-0.09858333153231211,-0.09621877004615662,33.8,4,PEuk1
-0.1717646634384009,-0.2834280787740271,-0.13055992204860642,-0.13923568234136657,-0.3469606936717546,-0.4231564392261836,-0.322733203750202,-0.493723996125374,-0.1503234022169079,-0.19925067663853435,-0.12544624272531688,-0.17642637237715506,34.0,4,PEuk1
-0.15656589462634157,-0.2363569868066201,-0.13059284256422646,-0.1389895699205055,-0.35616994353841636,-0.4556583765849852,-0.3325605030007347,-0.4990694233538829,-0.14662011480578477,-0.19240526966584653,-0.13454026253570997,-0.15057974448884975,34.4,4,PEuk1
-0.16113247863796573,-0.18289299896909167,-0.12155851249192304,-0.1183870648541896,-0.33676912381931556,-0.45111147343116326,-0.337574431189782,-0.48612786269538766,-0.14048194423444307,-0.17843067827405662,-0.13172298759197995,-0.15537802696270037,34.7,4,PEuk1
-0.10473742998166519,-0.06438710588869972,-0.1164734685613254,-0.11237902634493438,-0.33222589388509577,-0.43780757161072115,-0.32734601768412547,-0.5025861517936914,-0.08708892029413397,-0.05810614530616477,-0.10199489879945381,-0.026343499401558952,35.1,4,PEuk1
-0.1440126397813563,-0.17950505876142364,-0.1270726988582821,-0.1314498435214209,-0.33652354382287125,-0.4527955116362825,-0.3432903093252959,-0.5000541073170293,-0.13106857268665856,-0.15344378454845464,-0.11393463575545304,-0.11752440812383756,35.1,4,PEuk1
-0.10025493321104827,-0.04586309271459984,-0.1251209825750932,-0.12848201726986108,-0.3335765838655395,-0.4396600136363523,-0.341284738049677,-0.500335445592214,-0.09664611982394071,-0.07612890884170152,-0.08798187502248432,-0.03492894932184479,35.4,4,PEuk1
-0.13759451940524572,-0.21676258092922798,-0.12315515749949567,-0.12639295713278753,-0.25241239504069385,-0.3904860980468701,-0.3324602244369537,-0.5008981221425833,-0.1348466053482814,-0.16176309682955958,-0.0952032003830335,-0.11204452578775606,35.9,4,PEuk1
-0.10415852166857685,-0.062488550023533096,-0.1166545313972357,-0.11165082312321019,-0.1425153466318635,-0.1804865338684993,-0.30879448338465043,-0.4761403539263316,-0.10081826380638034,-0.08839504417854821,-0.09527804828270751,-0.034473044778233396,35.9,4,PEuk1
-0.17328470202583954,-0.2527991352733993,-0.1280955863079052,-0.13273686671051194,-0.33394495386020595,-0.4526271078157706,-0.33617053129684876,-0.5041335123072072,-0.14465861823206452,-0.1811815820913381,-0.13457618952755349,-0.16764682448285645,36.1,4,PEuk1
-0.15884918663215367,-0.21955476739989546,-0.12800152769184792,-0.13382410452266874,-0.3219115340344346,-0.42467207361079096,-0.3135075758823549,-0.485846524420203,-0.13385113451208042,-0.16527846233922244,-0.11176853753888698,-0.13284912025810172,36.3,4,PEuk1
-0.154866362120599,-0.18714183606044732,-0.12903264527037606,-0.1330061426533364,-0.3070539442495536,-0.43460789902099456,-0.33035437459755385,-0.5027268209312837,-0.12825316825116861,-0.14781456663182813,-0.11621599973751708,-0.12186227214770438,36.3,4,PEuk1
-0.15893650799781503,-0.24997094170873732,-0.1282531344898012,-0.13345493589137714,-0.3375058638086485,-0.4492590314055321,-0.34098390235833415,-0.49808473939073655,-0.1263822719810844,-0.145941056347848,-0.10888988731742427,-0.11733482405619718,36.5,4,PEuk1
-0.19692291912283744,-0.3431114737560669,-0.133010148996899,-0.14106125741610653,-0.335541223837094,-0.4554899727644733,-0.3315577173629252,-0.5097602778109007,-0.16014107761966825,-0.20090411461713195,-0.021777410802822635,0.6039874142517296,36.8,4,PEuk1
-0.04724601306761633,0.08993602559971499,-0.11736349821576757,-0.11445505700090354,-0.28360105458912166,-0.4209671895595286,-0.3093961547673361,-0.48851923803445746,-0.06673442957850219,-0.028439819402955566,-0.09838872699315966,-0.092427088693349,36.9,4,PEuk1
-0.11789384907464472,-0.14053228957060668,-0.12737368642966546,-0.13365616898843413,-0.31503529413399384,-0.43460789902099456,-0.3461983876749434,-0.5058215419583152,-0.11708554832423128,-0.12179680789680278,-0.08358381243763907,-0.06680164221729079,37.9,4,PEuk1
-0.16091094109915818,-0.23095919607962048,-0.12375713264226237,-0.12430389699571395,-0.2780755046691246,-0.41170497943137274,-0.3265437891738779,-0.49639670973962846,-0.15128489793924538,-0.2062553464638016,-0.12741174857075657,-0.16657251476622761,38.0,4,PEuk1
-0.1951570870616853,-0.3283812989401189,-0.13204604818231172,-0.13677166269251056,-0.323016644018434,-0.42921897676461296,-0.3308557674164586,-0.49850674680351353,-0.15481264726207367,-0.17995091459413323,-0.1354070012139351,-0.18433022243521,38.1,4,PEuk1
-0.12865539886124486,-0.10979205141581395,-0.12426504916897178,-0.12698073150260863,-0.33517285384242756,-0.44319649386710275,-0.3461983876749434,-0.49484934922611273,-0.12108555172976243,-0.12628512465131467,-0.11200056602787643,-0.09811009681618804,38.4,4,PEuk1
-0.17039662870970612,-0.22661215782282518,-0.13184382215778853,-0.13908801488884992,-0.3426630437339791,-0.46744664402082,-0.3343655171487917,-0.5055402036831306,-0.1407265650542604,-0.17439698457145336,-0.13306126803815138,-0.13875782369956027,38.8,4,PEuk1
-0.14171156008994654,-0.1741923757111384,-0.09543373188200865,-0.06646747809336552,-0.31282507416599503,-0.4287137653030772,-0.3451956020371339,-0.5093382703981237,-0.12757026846251196,-0.14821996298384857,-0.12564683509644325,-0.117506352498348,39.4,4,PEuk1
-0.08177514493737936,-0.011748007840864385,-0.11763156527153087,-0.11544529756483861,-0.28593406455534265,-0.41389422909802775,-0.33747415262600106,-0.5056808728207228,-0.1258443326782454,-0.15069288073117318,-0.108910844729333,-0.13316960761054142,39.6,4,PEuk1
-0.15497632235883926,-0.2116495735820034,-0.12847534797023655,-0.13349112889444495,-0.34708348366997677,-0.4428596862260789,-0.33687248124331537,-0.5034301666192454,-0.14119542162557688,-0.1785262359856043,-0.12406305353934104,-0.1246202689412347,39.6,4,PEuk1
-0.08601993354591811,-0.013171924739739353,-0.11505083199345877,-0.10903479286146943,-0.31466692413932734,-0.43039780350819645,-0.3461983876749434,-0.5118703148747858,-0.12630979173817558,-0.14803174324898194,-0.09505500154167894,-0.09636772895644549,39.9,4,PEuk1
-0.1293038408543969,-0.2002844253684542,-0.12434852619072263,-0.1257805715208803,-0.337874233803315,-0.4514482810721871,-0.33807582400868674,-0.5056808728207228,-0.13417842810896563,-0.1660255499022315,-0.10718036128886972,-0.13632934207121442,39.9,4,PEuk1
-0.1485695214190181,-0.1914692340841547,-0.1212869182380576,-0.11456797917047508,-0.33934771378198086,-0.4504378581491155,-0.2967610557309369,-0.48162645029243284,-0.12758159350046647,-0.1497459906803826,-0.11112185168570347,-0.12423207299320914,40.3,4,PEuk1
-0.13310232026066643,-0.1380870805511593,-0.1267035187902572,-0.1294404079910965,-0.3111060141908848,-0.4122101908929085,-0.3384769382638105,-0.5018828061057297,-0.14288058727320724,-0.18326068623955716,-0.1326496045899443,-0.1576124106170334,40.5,4,PEuk1
-0.062228095527849296,0.06350681860772305,-0.11067828207949515,-0.09853013565107042,-0.35641552353486067,-0.4634049523285338,-0.31420952582882156,-0.49850674680351353,-0.07373556804197716,-0.026685032336352853,-0.05150699655334226,0.07279994016161567,40.8,4,PEuk1
-0.0939516242601591,-0.0016725682667559849,-0.1086666034285697,-0.09508311403889291,-0.2993181743615578,-0.4347763028415065,-0.3325605030007347,-0.5008981221425833,-0.09698813597016676,-0.07927073056985985,-0.09410892408979936,-0.02572509422854152,41.4,4,PEuk1
-0.06070320575342947,0.0275291849628155,-0.12166197696958607,-0.1194873321474508,-0.29809027437933616,-0.4154098634826351,-0.31812038981627844,-0.5001947764546216,-0.09027918348591801,-0.05700578377925218,-0.04093997007736452,-0.002212155934761852,41.6,4,PEuk1
-0.12817028016312615,-0.13127519304182872,-0.12724435583258667,-0.1302192814171156,-0.3232622240148783,-0.43915480217481656,-0.31852150407140223,-0.4976627319779595,-0.12688850117765077,-0.14726438586837184,-0.12328613234072475,-0.1224851912270942,41.7,4,PEuk1
-0.06265661704452083,0.05619410515465022,-0.1194821685424582,-0.1180627755467021,-0.3113515941873291,-0.4285453614825653,-0.33877777395515335,-0.500757453004991,-0.0847956001083467,-0.04845192075162114,-0.03599402086690546,0.03939703300592944,41.9,4,PEuk1
0.16209725873155253,0.7477954529964945,-0.08768330191888733,-0.06098785742890022,-0.2005950157909437,-0.3237981851241477,-0.2976635628049654,-0.4762810230639239,-0.09313988807322597,-0.0839212058651799,-0.06073873649913554,-0.021883759905637602,42.3,4,PEuk1
-0.036376120105103,0.08989674513353912,-0.1228529941954116,-0.1265551017865313,-0.35641552353486067,-0.4186095360723617,-0.3461983876749434,-0.49710005542759017,-0.10656345556070071,-0.09916990007760544,-0.08113928003428567,-0.06079363283563966,42.3,4,PEuk1
-0.08703544868731329,-0.04624935063199581,-0.10252340006732745,-0.0871380260054489,-0.33971608377664736,-0.4373023601491854,-0.3123042331169836,-0.49555269491407444,-0.10476277452593442,-0.09370573639001581,-0.08709417893235047,-0.04325259267253201,42.6,4,PEuk1
-0.0936767236645585,-0.0074533435389702255,-0.12802504234586223,-0.13107198856939303,-0.3147897141375495,-0.43982841745686424,-0.3314574387991443,-0.5001947764546216,-0.10817387595783132,-0.10797858366936361,-0.10438853463102889,-0.05996758796949229,43.1,4,PEuk1
-0.1596641860449931,-0.2021142404178131,-0.13054581325619782,-0.13664136788146647,-0.3171227241037705,-0.4327554569953634,-0.3314574387991443,-0.5018828061057297,-0.13530526938543885,-0.17331399717391308,-0.11588966289493836,-0.1336661373115043,43.1,4,PEuk1
-0.14775452200617867,-0.18443148389431288,-0.1236078145892714,-0.12100309511593037,-0.35641552353486067,-0.46980429750798697,-0.3421872451237055,-0.5117296457371935,-0.1285170416355086,-0.1415309231755115,-0.13646085964134524,-0.14632313077968595,43.1,4,PEuk1
-0.14342079496965146,-0.18707309524463955,-0.12170195188141042,-0.12162995792906471,-0.32927893392776403,-0.40985253740574157,-0.3461983876749434,-0.49639670973962846,-0.12282621006336984,-0.1319201339443986,-0.09178564528391787,-0.08967360580619108,43.3,4,PEuk1
0.04789223188277183,0.39288662098104454,-0.1075790506804072,-0.09582434674172151,-0.35641552353486067,-0.4396600136363523,-0.30618724072634584,-0.4996320999042523,-0.02719872207932535,0.066593772575319,-0.054758389315181566,0.003980923608157269,44.2,4,PEuk1
0.3127573386816276,1.0787235604115812,0.07568828404373347,0.23974559594196182,-0.2261353354211523,-0.39924309671349023,-0.3461983876749434,-0.5087755938477543,-0.03910133696951007,0.03165150271938679,-0.07339252241802488,-0.04705330183808441,44.4,4,PEuk1
-0.11495241270171824,-0.07637419481670003,-0.1089993357828724,-0.09991994696887405,-0.2637090748771323,-0.4162518825851947,-0.3362708098606297,-0.5096196086733084,-0.09787828395339085,-0.0862232780070102,-0.06666219927933727,-0.036368885454637206,44.4,4,PEuk1
-0.1427400117299582,-0.1564179647665612,-0.1327479606046393,-0.14016367094002502,-0.3389793437873144,-0.43999682127737616,-0.3001705268994891,-0.4872532157961264,-0.13045135811813804,-0.15147761224115558,-0.12017245971428563,-0.10227191849153165,44.4,4,PEuk1
-0.13902400250236885,-0.13533090117448637,-0.10587306253166796,-0.08921839982178618,-0.3298928839188748,-0.4307346111492203,-0.32804796763059213,-0.5008981221425833,-0.11871295627829363,-0.12332283559333683,-0.11152453338594968,-0.09240000525511466,44.7,4,PEuk1
-0.1317666267785129,-0.17279791916189532,-0.12800505488995007,-0.13455230774439292,-0.3139301841499944,-0.43022939968768453,-0.3461983876749434,-0.5117296457371935,-0.12421012970141035,-0.13379364422837875,-0.1289865483798979,-0.11488828680236178,45.0,4,PEuk1
-0.07834535574168006,-0.0018689705976352908,-0.11853217652027949,-0.11730127476215553,-0.2880214945251193,-0.4169254978672424,-0.3137081330099168,-0.47923507495336304,-0.06030067551654792,0.0002188069966600029,-0.05099952779355242,0.07524196350907868,45.1,4,PEuk1
-0.10801844944327475,-0.07208607725916852,-0.12299643358489898,-0.12329917923055175,-0.3113515941873291,-0.42787174620051754,-0.3252401678447256,-0.5048368579951689,-0.07426104980306619,-0.034442581101086625,-0.02614553422779828,0.033655344100249326,45.1,4,PEuk1
-0.09858450782719282,-0.05378792676557984,-0.13004612685839342,-0.13822372597559082,-0.28372384458734384,-0.42500888125181485,-0.31250479024454547,-0.49386466526296635,-0.09238677304925139,-0.06471121015586903,-0.07021747451385307,-0.007231619820859566,45.5,4,PEuk1
-0.062208690779924546,0.034796071205349825,-0.10626105432290431,-0.093322686369675,-0.333208213870873,-0.4315766302517799,-0.34008139528430564,-0.5053995345455382,-0.1503188722017261,-0.19996012025457008,-0.12266788868941736,-0.16877981498232636,46.1,4,PEuk1
-0.16780771192407926,-0.23874000175462234,-0.12700803355974272,-0.1303003537439875,-0.32485849399176636,-0.43326066845689915,-0.3229337608777639,-0.4986474159411059,-0.13037774537143376,-0.14658100344639455,-0.11482981663555428,-0.09099166646692897,46.3,4,PEuk1
-0.16911914947132684,-0.24628185126038768,-0.12362780204518359,-0.12138384550820365,-0.35641552353486067,-0.4556583765849852,-0.32644351061009697,-0.49245797388704293,-0.14752385283455427,-0.19482606502505423,-0.13747130628694448,-0.1784124911810067,47.5,4,PEuk1
-0.13642214921812548,-0.14945222876470848,-0.12937360775358375,-0.13430329988328643,-0.300300494347335,-0.40378999986731223,-0.3260423963549732,-0.5058215419583152,-0.13041625050047906,-0.15603252982492796,-0.11996438255319186,-0.11023444933242767,47.7,4,PEuk1
-0.1535937340692009,-0.20333193486926476,-0.12441671868736418,-0.12257821460944113,-0.3451188436984223,-0.44235447476454315,-0.3344657957125727,-0.5039928431696148,-0.126929271314287,-0.1368891349448776,-0.12345079772000758,-0.11359279567348585,48.2,4,PEuk1
-0.10953525390605927,-0.08540215529278547,-0.128216686776079,-0.13090839619552655,-0.333208213870873,-0.4186095360723617,-0.2869337564804042,-0.48711254665853404,-0.1258726452731317,-0.14604240543585312,-0.10311911425255756,-0.1016128881611627,48.8,4,PEuk1
-0.08890638979972447,-0.03991864883331951,-0.11970790922099571,-0.11906459787161887,-0.3225254840255454,-0.42837695766205336,-0.3461983876749434,-0.5097602778109007,-0.12520107052242954,-0.14634934838809716,-0.09672410970440952,-0.09742398304758476,49.1,4,PEuk1
-0.1466096418786185,-0.14529831946661118,-0.1255936271207811,-0.12588046420934743,-0.3375058638086485,-0.4315766302517799,-0.32824852475815397,-0.49850674680351353,-0.13304932182490148,-0.15930465752337855,-0.1292140859949069,-0.12708486182055964,49.3,4,PEuk1
-0.09017254960181431,-0.05443932782966287,-0.11592440139009091,-0.11144524686578508,-0.31245670417132854,-0.4120417870723966,-0.3461983876749434,-0.5075095716094232,-0.09828032280077577,-0.08563834898480929,-0.05381829969527591,-0.008816000957568466,49.4,4,PEuk1
-0.15097085897470575,-0.21521100251528147,-0.12923604702759994,-0.13542528297838832,-0.3270687139597652,-0.4309030149697322,-0.3128056259358883,-0.49484934922611273,-0.13328714762194607,-0.16271288256857888,-0.11484628317348257,-0.11775010344245707,50.0,4,PEuk1
0.17884679031526468,0.6397250704301564,-0.0781916118260053,-0.0532686137345993,-0.2562188849855807,-0.3893072713032867,-0.3238362679517924,-0.4972407245651825,-0.02028365390430462,0.09341942832615649,-0.02841791646190144,0.1209542933422725,50.4,4,PEuk1
-0.19411893304771127,-0.31302918340971986,-0.13202135779559668,-0.13791101842908499,-0.3329626338744287,-0.4566687995080568,-0.32554100353606846,-0.49921009249147524,-0.16154651482982232,-0.20626692921671647,-0.1389622764484509,-0.1957865168083359,51.6,4,PEuk1
-0.11273542025131572,-0.09298655863690801,-0.11774443561079963,-0.11122664112725555,-0.3225254840255454,-0.4408388403799358,-0.32423738220691617,-0.5039928431696148,-0.11718520865823091,-0.12186051303783456,-0.09248622162486667,-0.06223356896843208,52.4,4,PEuk1
-0.06710515550626944,0.05202382899564628,-0.08674741868911723,-0.05307461923815587,-0.30337024430288895,-0.41389422909802775,-0.341284738049677,-0.4968187171524055,-0.09716933657743884,-0.07207204963326852,-0.08277994599514012,-0.016042765059764905,52.6,4,PEuk1
-0.1302093957575518,-0.1320837159706152,-0.12838011362147855,-0.13560190483335918,-0.31331623415888366,-0.4415124556619835,-0.2995688555168034,-0.48275180339317153,-0.12893833304741617,-0.15711841291069698,-0.10190508131984499,-0.12251227466532855,52.8,4,PEuk1
-0.18478363223358013,-0.2938144887053611,-0.12100003945908283,-0.11528460063121757,-0.3432769937250899,-0.449427435226044,-0.3461983876749434,-0.5044148505823918,-0.15201083287212913,-0.20274287664236745,-0.1413394457420977,-0.1894986452315966,53.0,4,PEuk1
-0.16399144483221204,-0.2598041517414279,-0.11074529884343598,-0.09806541749167984,-0.35641552353486067,-0.44184926330300733,-0.30518445508853637,-0.4855651861450183,-0.15018070673868114,-0.20387798642802465,-0.1292305525328352,-0.17806943429670502,53.5,4,PEuk1
-0.06738975847583242,0.024756638725235963,-0.1284577119797258,-0.1348013156054994,-0.308895794222886,-0.4388179945337927,-0.3461983876749434,-0.5059622110959076,-0.1153256374261012,-0.13193461238554222,-0.08829473924312171,-0.08910936750964232,53.5,4,PEuk1
-0.12310078976778559,-0.07516959385397362,-0.1303706290837911,-0.13220265798523118,-0.2966167944006703,-0.41709390168775434,-0.31591426141309764,-0.48781589234649575,-0.11532223991471485,-0.1123192203242109,-0.09757438184470636,-0.04227758889609576,53.6,4,PEuk1
-0.16363730818258537,-0.20195711855310963,-0.12223455879483487,-0.12207730344698274,-0.3403300337677581,-0.4495958390465559,-0.34158557374101983,-0.5075095716094232,-0.14239361064116351,-0.17776466998145163,-0.12988771709197305,-0.1479391092610016,53.9,4,PEuk1
-0.1680987831429505,-0.25349309017583954,-0.12866464093505187,-0.1343916108107719,-0.32485849399176636,-0.40648446099550306,-0.33887805251893427,-0.5097602778109007,-0.13396325238783002,-0.160929138619689,-0.13621535853041447,-0.16489785550207092,54.3,4,PEuk1
-0.19264578926775744,-0.3252846888565885,-0.13193317784304295,-0.14039675387978168,-0.3406984037624246,-0.4460593588158055,-0.3232345965691067,-0.494146003538151,-0.14308557046018378,-0.1412355629761823,-0.047086479598594806,0.06370441882124976,55.1,4,PEuk1
-0.1903301560154041,-0.31448583403040803,-0.1276523350797352,-0.13183928023443045,-0.35101276361308575,-0.46104729884136686,-0.32774713193924926,-0.501601467830545,-0.0321001985060351,0.03633962196168017,-0.04005227398723067,0.024799059797620086,55.1,4,PEuk1
-0.19592842579169406,-0.33700008789353914,-0.13351336259280555,-0.14214270434777246,-0.34892533364330913,-0.46980429750798697,-0.3317582744904871,-0.5079315790222003,-0.15952612805873864,-0.2094637690212204,-0.1026730207705004,-0.04743698387973756,55.1,4,PEuk1
-0.11399672886642438,-0.07014496755564471,-0.11933872915297082,-0.11492411832066225,-0.35101276361308575,-0.44976424286706784,-0.31531259003041195,-0.4944273418133357,-0.10378429124666519,-0.08423683588211009,-0.09677350931819438,-0.0460151033724347,55.2,4,PEuk1
-0.09910681895883397,-0.06342473446739112,-0.12080604356346467,-0.1202415943313838,-0.321420374041546,-0.43359747609792304,-0.33727359549843916,-0.4959747023268514,-0.09216593480913854,-0.0552394139597346,-0.09475710690097636,-0.0028125054822897263,55.3,4,PEuk1
-0.15282562946384629,-0.19855935822889764,-0.1306386961395544,-0.13918935529743978,-0.3255952339810993,-0.43039780350819645,-0.3350674670952583,-0.5032894974816531,-0.13690776225600132,-0.16744733282253174,-0.12185653745695102,-0.12239942700601879,55.4,4,PEuk1
-0.07791845128733559,-0.011937863427381047,-0.08862623954486175,-0.05791289988825972,-0.32485849399176636,-0.4460593588158055,-0.2871343136079661,-0.4875345540713111,-0.07847509642593749,-0.04747317813031468,-0.07355868475530121,-0.04992414629092447,55.6,4,PEuk1
-0.19491129358797182,-0.32534688292803365,-0.13364034172448291,-0.14353975426618965,-0.33922492378375874,-0.4689622784054273,-0.3340646814574489,-0.5129956679755245,-0.15025205447779452,-0.171880631500698,-0.11988354682154392,-0.11935705411102791,56.1,4,PEuk1
-0.195304239733448,-0.33291491941124957,-0.12948059942934892,-0.11936572365714299,-0.35641552353486067,-0.46980429750798697,-0.3322596673093918,-0.5061028802334999,-0.15838116672153818,-0.19775360582428747,0.10115727049576363,0.9152799394108633,56.5,4,PEuk1
-0.09717928066497561,-0.10768727310322405,-0.125353777649835,-0.13173359666547246,-0.306562784256665,-0.4275349385594937,-0.26226522979029143,-0.4844398330442796,-0.0910662736237561,-0.06789936289568684,-0.08860161563178517,-0.026849056915266636,56.5,4,PEuk1
-0.06167506021199396,0.10473166785928938,-0.11939163712450306,-0.1141278722531706,-0.3185962040824364,-0.43376587991843496,-0.3350674670952583,-0.49386466526296635,-0.12025769145528811,-0.13847886778244342,-0.07995967713542315,-0.05721861898870676,56.6,4,PEuk1
-0.12429903295213882,-0.14895140282096625,-0.1279121720065935,-0.13261525822020412,-0.2684978848077964,-0.42517728507232677,-0.3461983876749434,-0.5014607986929527,-0.12499835234304389,-0.1443542191985109,-0.0794911292834638,-0.0632221144639855,56.7,4,PEuk1
0.13085884869736145,0.6600821720257964,-0.11242659660546017,-0.10474085497750533,-0.33996166377309167,-0.4012639425596334,-0.31822066838005936,-0.4972407245651825,-0.027939379561549977,0.05795014321259772,-0.055667042817224135,0.0266497614103,57.4,4,PEuk1
-0.1633268322157894,-0.24524419227890867,-0.12907732311300327,-0.13554399602845071,-0.26469139486290955,-0.3928437515340371,-0.3150117543390691,-0.49710005542759017,-0.13681716195236526,-0.1731836912036208,-0.11905273513516233,-0.1449012502723831,57.6,4,PEuk1
-0.13636878616133244,-0.18051980413763338,-0.12237211952081867,-0.12374218158810166,-0.32743708395443166,-0.444880532072222,-0.32764685337546834,-0.5035708357568378,-0.13367899393517194,-0.16331518572015208,-0.11643605256255869,-0.11806156298215198,58.2,4,PEuk1
-0.08964700434551903,-0.0357516460464969,-0.11787964487138199,-0.1131825110130396,-0.2784438746637911,-0.3967170394058114,-0.3461983876749434,-0.5017421369681374,-0.07483296421976869,-0.022373352563792727,-0.041465402333076114,0.04337378452000506,58.7,4,PEuk1
-0.0896227484106131,-0.022088590561659845,-0.11267114900720913,-0.10490589507149452,-0.3303840439117634,-0.4408388403799358,-0.3461983876749434,-0.5084942555725697,-0.10555552718274977,-0.09621340239608503,-0.07640589885890081,-0.03527652011251882,59.0,4,PEuk1
-0.13964657149828788,-0.14312807371039482,-0.13007552017591134,-0.13844812259461117,-0.30840463422999737,-0.4416808594824954,-0.3293515889597444,-0.49667804801481313,-0.12995305644813981,-0.1541706022938627,-0.10861444704662389,-0.10433928761008628,59.0,4,PEuk1
-0.12205940162915742,-0.1135727962852406,-0.11731059024423535,-0.11046514034270899,-0.34843417365042045,-0.4435333015081266,-0.3461983876749434,-0.4990694233538829,-0.11889075937417937,-0.1299279004430411,-0.11020271947770655,-0.07308499988765771,59.9,4,PEuk1
-0.10779206071748602,-0.05791237571404527,-0.11934343208377368,-0.11700883529736768,-0.31810504408954776,-0.4438701091491505,-0.32684462486522076,-0.5001947764546216,-0.09263479138045505,-0.07820511730169187,-0.07679061706322526,-0.04513037772344626,60.3,4,PEuk1
-0.1729903966823142,-0.26355870963340394,-0.1253396688574264,-0.12934341074287478,-0.3359095938317605,-0.45650039568754486,-0.33887805251893427,-0.5075095716094232,-0.14386926308663553,-0.18704245506626202,-0.13155832221269712,-0.15633046120727465,60.5,4,PEuk1
-0.17217216314482062,-0.27322497768484716,-0.13193317784304295,-0.13746656835141238,-0.31184275418021773,-0.43022939968768453,-0.322632925186421,-0.4990694233538829,-0.1447322309787688,-0.1891099764615662,-0.12449417744146338,-0.16998954189012688,60.7,4,PEuk1
-0.1519734376174844,-0.22453356648768585,-0.129007954883661,-0.13668335176502514,-0.2896177645020074,-0.4162518825851947,-0.3353683027866012,-0.5114483074620088,-0.1307197615176598,-0.1543530306522719,-0.11262629446915122,-0.13125119740227564,61.0,4,PEuk1
-0.1921525852580034,-0.32791975346255253,-0.133697952626818,-0.14336313241121876,-0.3328398438762066,-0.4408388403799358,-0.32554100353606846,-0.4979440702531442,-0.1382259966739057,-0.1844044830899005,-0.14011792801941772,-0.21307026430821732,61.0,4,PEuk1
-0.07201940791821201,0.022357256916327107,-0.12741366134148982,-0.1357698403675938,-0.279917354642457,-0.40732648009806266,-0.3014741482286414,-0.49217663561185826,-0.08972652163373818,-0.06507896256091614,-0.06879536442004675,-0.008834056583058027,61.4,4,PEuk1
-0.1950067002652685,-0.33387401746037687,-0.1336321115955779,-0.1432835078044696,-0.34339978372331204,-0.4541427422003779,-0.3198251254005545,-0.4923173047494506,-0.16389532770158666,-0.2186952230943713,-0.0070488411049695315,0.37125491559767204,61.8,4,PEuk1
-0.12512211767661358,-0.10587055154259048,-0.12579350167990286,-0.1253621804054165,-0.354328093565084,-0.4669414325592842,-0.3461983876749434,-0.5122923222875628,-0.11241623517558888,-0.1062237966027609,-0.11081497529704,-0.09100069427967375,62.0,4,PEuk1
-0.1760337079818456,-0.27504497261766203,-0.12981333178365162,-0.13719874012871064,-0.35641552353486067,-0.46963589368747505,-0.32052707534702113,-0.4900665985479732,-0.15224186364640105,-0.20498124364316597,-0.13418997436523555,-0.1704680159656002,62.0,4,PEuk1
-0.12996198522151128,-0.15867659157167321,-0.11818298390816677,-0.11683076572227409,-0.3142985541446609,-0.4415124556619835,-0.3295521460873063,-0.4959747023268514,-0.12948533238061877,-0.15379705851235817,-0.08839653238667837,-0.09411077577025047,62.2,4,PEuk1
-0.16098856009085719,-0.2552934448755665,-0.12969810997898143,-0.13653423659238578,-0.3429086237304234,-0.44555414735426974,-0.33637108842441066,-0.5044148505823918,-0.13482961779134967,-0.16541745537420088,-0.11875484049445974,-0.1275227107386815,62.4,4,PEuk1
-0.13432805350457971,-0.15177304964126562,-0.1312971064519555,-0.13595659626342366,-0.35641552353486067,-0.4568372033285687,-0.29796439849630824,-0.4873938849337187,-0.1261489761992216,-0.1461408588356295,-0.11549596294265303,-0.09591633831920648,62.8,4,PEuk1
-0.16407714913554633,-0.24139143322149295,-0.12866934386585474,-0.13408903730512506,-0.3307524139064299,-0.44336489768761467,-0.3258418392274113,-0.48851923803445746,-0.14732226715896407,-0.19151918906785903,-0.13373639609321103,-0.16274472216244087,63.0,4,PEuk1
-0.15783528855308554,-0.17281101265062063,-0.12715500014733225,-0.12743531562114024,-0.32547244398287717,-0.43999682127737616,-0.3330618958196394,-0.5072282333342386,-0.1285170416355086,-0.14290927077238094,-0.12163798158990288,-0.10642922626050287,63.2,4,PEuk1
-0.10351331380007896,-0.08592589484179695,-0.10885589639338501,-0.09237153424905314,-0.2676383548202413,-0.38257111848280967,-0.3365716455519725,-0.49991343817943695,-0.10771974193585566,-0.10613403026767067,-0.10592441353233972,-0.04728802496944869,63.6,4,PEuk1
-0.16289184244980962,-0.2436827937484182,-0.12551015009903024,-0.12788845201954913,-0.3377514438050928,-0.45431114602088984,-0.3461983876749434,-0.5055402036831306,-0.1330855619463559,-0.161768888206017,-0.12855991535175598,-0.1369748306824662,63.6,4,PEuk1
-0.12269329006136587,-0.1206105464750824,-0.12417686921641806,-0.1237942995125193,-0.3000549143508907,-0.42383005450823136,-0.3461983876749434,-0.5100416160860853,-0.12036301430826502,-0.13351565815842187,-0.11050809890837653,-0.08348504016964435,64.0,4,PEuk1
-0.12694131279455875,-0.12247309524625448,-0.12618854786734351,-0.12601075902039152,-0.34143514375175754,-0.44437532061068624,-0.3103989404051456,-0.48345514908113324,-0.11346833120156238,-0.11563188765786356,-0.1216978599096421,-0.0945937637520962,64.5,4,PEuk1
-0.14516398815822473,-0.19114517023820385,-0.1264636693193111,-0.12957938912287686,-0.2807768846300121,-0.4255140927133506,-0.3150117543390691,-0.4958340331892591,-0.11672088210209622,-0.12344735018717166,-0.10648427582190137,-0.03575950809436455,65.2,4,PEuk1
-0.13036301667862274,-0.10172646236103712,-0.12648718397332542,-0.12977483133944298,-0.2828643145997887,-0.41271540235444426,-0.3148111972115072,-0.49386466526296635,-0.12167218869580579,-0.1363592239990223,-0.1143792322795167,-0.088075682950365,65.4,4,PEuk1
-0.1940493993676476,-0.3133499738834894,-0.13103256659429433,-0.1331118262222944,-0.33468169384953894,-0.43915480217481656,-0.320827911038364,-0.48922258372241917,-0.1317129673462699,-0.09521728564540627,-0.11879376140229023,-0.10450178823949233,65.5,4,PEuk1
-0.19537377341351167,-0.3294320514103232,-0.13097965862276212,-0.12656234038714484,-0.3165087741126597,-0.41372582527751584,-0.32874991757705874,-0.493723996125374,-0.1572690479944058,-0.18505022156490447,0.2734197115955142,2.331806953756068,65.5,4,PEuk1
-0.1347323190863453,-0.1522182282579254,-0.12984742803197238,-0.13588131481704263,-0.2966167944006703,-0.4263561118159102,-0.3366719241157535,-0.5032894974816531,-0.13199949080651888,-0.16397540263629964,-0.10930155076563138,-0.12286887326874736,65.9,4,PEuk1
-0.13748941035398665,-0.15731486874424336,-0.12147033253936933,-0.11986229165923323,-0.2951433144220044,-0.41524145966212317,-0.3150117543390691,-0.4927393121622276,-0.12086584599344503,-0.12578127489951785,-0.11912458911884939,-0.08416664003187524,65.9,4,PEuk1
-0.14561838267212926,-0.15902684239507467,-0.13044705170933765,-0.13857117880504172,-0.34597837368597734,-0.440502032738912,-0.3176189969973737,-0.493723996125374,-0.12344342463189036,-0.13811690675385374,-0.11310232711107797,-0.10074621813766382,66.3,4,PEuk1
-0.06453240934391319,0.0423117337336646,-0.10978825242505297,-0.10051640765943143,-0.28396942458378815,-0.4036215960468003,-0.3461983876749434,-0.5111669691868241,-0.06673103206711584,-0.016367695177432952,-0.056360134368205535,0.06150614641789581,66.4,4,PEuk1
-0.12507522286912875,-0.15760947224056232,-0.10817985009047318,-0.09310408063114547,-0.35641552353486067,-0.4458909549952936,-0.33907860964649617,-0.49062927509834253,-0.1105215563258002,-0.10890230821432445,-0.06805137629728703,-0.0649012876345146,66.4,4,PEuk1
-0.10373970252586769,-0.052979403836793365,-0.1101315663736621,-0.10056852558384906,-0.2872847545357864,-0.42248282394413594,-0.31471091864772627,-0.4917546281990813,-0.1139711628867424,-0.12388170342147928,-0.0715632397499919,-0.05446965000792123,66.6,4,PEuk1
-0.16716735524256254,-0.26276000682116146,-0.1303482901624775,-0.13782415522172226,-0.3375058638086485,-0.44976424286706784,-0.3317582744904871,-0.5038521740320224,-0.13908216954326627,-0.17531781342818548,-0.12276968183297403,-0.13935365934071575,66.7,4,PEuk1
-0.1462571222913189,-0.1442508403685882,-0.1164593597689168,-0.10752337305335799,-0.3448732637019779,-0.4526271078157706,-0.30799225487440285,-0.4872532157961264,-0.12305044581486904,-0.12320411237595941,-0.118468921517705,-0.08497462927253305,67.1,4,PEuk1
-0.16235982894420609,-0.21587222369590847,-0.13022718969430372,-0.1346797071151916,-0.33517285384242756,-0.44892222376450824,-0.32052707534702113,-0.49752206284036715,-0.1364457007074575,-0.16610373348440688,-0.12958533157729002,-0.1374758742898015,67.1,4,PEuk1
0.059114644432584754,0.24914630175484312,0.04373774790177021,0.1395952132929841,-0.21999583551004445,-0.33541804873947056,-0.2786106356865857,-0.463058124130244,-0.14307198041463837,-0.1945191220728102,-0.13739196751329003,-0.21387373964250275,67.3,4,PEuk1
-0.12221302255022834,-0.11769397186152471,-0.11868267030597117,-0.11655425117883608,-0.3188417840788807,-0.42147240102106437,-0.30799225487440285,-0.4875345540713111,-0.12106856417283067,-0.13195488220314322,-0.09170331259427646,-0.09479237563248137,67.5,4,PEuk1
-0.1371401248913412,-0.13901344487847336,-0.12234037473789933,-0.12165891233151895,-0.3285421939384311,-0.44117564802095965,-0.3306552102888967,-0.49808473939073655,-0.11773900301420621,-0.12531796478292306,-0.10714892517100663,-0.08423886253383348,67.9,4,PEuk1
-0.1797691219573597,-0.2670906782170502,-0.12715500014733225,-0.1297777267796884,-0.32485849399176636,-0.4416808594824954,-0.32834880332193495,-0.5000541073170293,-0.14573223183015158,-0.18143929834369396,-0.13908951787789672,-0.17837637993002756,68.4,4,PEuk1
-0.11862314418414985,-0.1095138147804016,-0.12640840988237745,-0.13182769847344875,-0.3063172042602207,-0.40715807627755074,-0.34068306666699133,-0.5051181962703535,-0.10839471419794416,-0.11055574619292205,-0.06357397493878732,-0.028604966494126357,68.8,4,PEuk1
-0.10887549247661782,-0.13268274307979708,-0.1213022027631669,-0.11626036399392553,-0.32289385402021187,-0.44875381994399627,-0.34379170214420063,-0.507368902471831,-0.11079562224429922,-0.11327479743968763,-0.07230872483074512,-0.05719153555047242,68.9,4,PEuk1
0.005669117460845982,0.24782713276577042,-0.12203115703761096,-0.11779060416363221,-0.27684760468690306,-0.4076632877390865,-0.31601453997687856,-0.49499001836370504,-0.07195753708311987,-0.020572234485530538,-0.0464472785353787,0.09987435058321106,69.0,4,PEuk1
-0.1513977634290502,-0.24701508662900376,-0.1279568498492207,-0.13528630184660795,-0.3166315641108819,-0.4394916098158404,-0.3325605030007347,-0.5032894974816531,-0.1369677849571602,-0.1730157412863552,-0.12066046802016021,-0.12211505090455822,69.0,4,PEuk1
-0.14628946353786013,-0.18696507396265594,-0.11507199518207166,-0.10704417769274029,-0.2989498043668913,-0.4329238608158753,-0.32684462486522076,-0.5032894974816531,-0.13429394349610158,-0.16140403148919863,-0.1285913514696191,-0.1214921318251684,69.2,4,PEuk1
-0.15276094697076378,-0.18232997895390432,-0.12284006113570373,-0.12350620320809959,-0.3041069842922219,-0.420125170456969,-0.3293515889597444,-0.4993507616290676,-0.1321976789707227,-0.15464839085160106,-0.12799256827222694,-0.1328039811943778,69.3,4,PEuk1
-0.10889166309988844,-0.0600531611206297,-0.12903264527037606,-0.13476222716218617,-0.2942837844344493,-0.43107141879024413,-0.33777498831734387,-0.5056808728207228,-0.1230810234173462,-0.13195777789137195,-0.12014850838638995,-0.10626221172472443,69.4,4,PEuk1
-0.10068183766539272,-0.07395517277470325,-0.11996657041515328,-0.11611848742189974,-0.35641552353486067,-0.4352815143030423,-0.322632925186421,-0.5006167838673986,-0.12309574596668706,-0.13747406396707848,-0.11114729997159263,-0.08897395031847062,69.8,4,PEuk1
-0.1564785732606802,-0.18742661944022232,-0.1249763674529051,-0.12484389660148557,-0.2931786744504499,-0.4322502455338276,-0.3369727598070963,-0.5100416160860853,-0.13523392164632547,-0.15985194259860613,-0.12116943373794353,-0.11864385690419028,70.3,4,PEuk1
-0.09826109536178035,-0.013099910551750273,-0.09791217641511844,-0.0740376066150271,-0.27856666466201324,-0.42180920866208826,-0.3331621743834204,-0.5006167838673986,-0.09713422895977987,-0.08111238828332408,-0.0820359578723804,-0.046796009174858176,70.4,4,PEuk1
-0.12849692675319274,-0.16227730097112716,-0.12672115478076795,-0.13155118393001072,-0.3244901239970999,-0.42585090035437445,-0.3248390535896018,-0.5034301666192454,-0.12302553073136913,-0.13788814738378508,-0.12291788067432857,-0.12431332330791217,70.6,4,PEuk1
-0.16029807447720154,-0.217607110952009,-0.12956877938190264,-0.13498807150132927,-0.32891056393309753,-0.45111147343116326,-0.3306552102888967,-0.5001947764546216,-0.13460991205503225,-0.16505839003383993,-0.13736202835342043,-0.15218669515742062,71.5,4,PEuk1
-0.1317229660956822,-0.14756349301608582,-0.11316730820691139,-0.10350160655246378,-0.335541223837094,-0.4474065893799009,-0.3239365465155733,-0.4961153714644438,-0.1256665295823597,-0.14542562384313631,-0.0942271837712843,-0.09958614419995958,71.8,4,PEuk1
-0.14545505937709596,-0.1860583498684298,-0.11620892870366424,-0.10925195087987624,-0.31442134414288303,-0.43662874486713765,-0.3302540960337729,-0.5013201295553603,-0.11982167749403967,-0.12356317771632036,-0.11667257192552859,-0.08465865582646576,72.6,4,PEuk1
-0.1838861626420605,-0.29855105825173367,-0.1332182536849258,-0.14259584074618134,-0.3259636039757658,-0.44252287858505507,-0.33637108842441066,-0.5065248876462769,-0.15072204355290647,-0.19896979488034874,-0.1372273021340072,-0.20374001983648712,72.9,4,PEuk1
-0.16835266192829929,-0.2658697103934171,-0.12654832207376268,-0.13157579517209683,-0.3171227241037705,-0.4376391677902092,-0.3229337608777639,-0.4927393121622276,-0.1282350481904414,-0.14092282864748085,-0.12423969458257172,-0.13395954122570966,73.0,4,PEuk1
-0.19329099713625533,-0.3211700600246671,-0.13287964266711952,-0.1408440993976997,-0.32927893392776403,-0.444880532072222,-0.3355688599141631,-0.5013201295553603,-0.15871185782980973,-0.21572714265993603,-0.14180949055205053,-0.21836959038940323,73.0,4,PEuk1
-0.16794516222187955,-0.23137491434664836,-0.12861526016162178,-0.13420485491494202,-0.34143514375175754,-0.4546479536619137,-0.3461983876749434,-0.5104636234988624,-0.14445250254129252,-0.1821168893892138,-0.13062871129874584,-0.1524981546971155,73.2,4,PEuk1
-0.11752192473942037,-0.072701471229257,-0.12215225750578473,-0.12256518512833672,-0.3041069842922219,-0.4293873805851249,-0.30498389796097447,-0.4890819145848268,-0.10056571545999488,-0.07283361563742119,-0.09565378473907107,-0.008296901724743613,73.5,4,PEuk1
-0.19387313957399777,-0.3214417499157168,-0.13298428287748326,-0.139057612766273,-0.34082119376064673,-0.46087889502085494,-0.3336635672023251,-0.5082129172973849,-0.10461894654391221,-0.03850523168597706,-0.11848838197162025,-0.14099220735389334,73.8,4,PEuk1
-0.19670784983333814,-0.34095104811639454,-0.133697952626818,-0.144347582094663,-0.3259636039757658,-0.4394916098158404,-0.33035437459755385,-0.4976627319779595,-0.16085455501080206,-0.2001309658600644,-0.1257785673998695,-0.1299150811160482,73.8,4,PEuk1
-0.1955710550174133,-0.32787392625201406,-0.13362153000127144,-0.14397841346337142,-0.33001567391709696,-0.44639616645682934,-0.33015381746999195,-0.5079315790222003,-0.16105161067121046,-0.192298129201384,-0.04238902541505349,0.3260887684355374,73.8,4,PEuk1
-0.19309533259468079,-0.32095401746069985,-0.133697952626818,-0.144347582094663,-0.3447504737037558,-0.46963589368747505,-0.33035437459755385,-0.5008981221425833,-0.1616133325537539,-0.21296176040151096,-0.1171665680633771,-0.1416873489352414,73.8,4,PEuk1
-0.149085364301351,-0.18370479527005945,-0.12648953543872687,-0.12792898818298507,-0.294038204438005,-0.42905057294410104,-0.3210284681659259,-0.5035708357568378,-0.1372146707845684,-0.1696625343175005,-0.1275464747901698,-0.14115019407692697,73.9,4,PEuk1
-0.15416132294599982,-0.2044514281552768,-0.12631552699902088,-0.12845161514728412,-0.35641552353486067,-0.4462277626363174,-0.32965242465108724,-0.5010387912801757,-0.13574015084289184,-0.1642186404475119,-0.11498699722486971,-0.12440811534173235,74.5,4,PEuk1
-0.1357720901626464,-0.1390461786002866,-0.13049172955196486,-0.13694828454748145,-0.3267003439650987,-0.4261877079953983,-0.3461983876749434,-0.5120109840123781,-0.11249211292988406,-0.11150263624371262,-0.1130843636151562,-0.07718814078016026,74.8,4,PEuk1
-0.16656904218154947,-0.2567304552631668,-0.12940770400190452,-0.13504742802636047,-0.29575726441311523,-0.4248404774313029,-0.32574156066363036,-0.5061028802334999,-0.13862690301749517,-0.17617493714388582,-0.12088950259316271,-0.13536788001389535,74.8,4,PEuk1
-0.1521238244139012,-0.1963138249125109,-0.12544195760238872,-0.12471070635019606,-0.35641552353486067,-0.4566687995080568,-0.3346663528401346,-0.5034301666192454,-0.13871410580974486,-0.17539020563390342,-0.10909197664654412,-0.13938977059169486,74.8,4,PEuk1
-0.19188738703636518,-0.31924204380986854,-0.13251163833179533,-0.1407717133915641,-0.3354184338388719,-0.44892222376450824,-0.32824852475815397,-0.502023475243322,-0.1578115173124266,-0.20743678726111828,-0.10665792294914508,-0.13698837240158337,75.8,4,PEuk1
-0.10340658768649284,-0.06644933036293244,-0.11082642439978539,-0.10303544067295048,-0.3359095938317605,-0.4167570940467305,-0.34038223097564846,-0.4925986430246353,-0.13801195345656556,-0.1704125175687383,-0.11280443247037537,-0.10771117567026163,76.2,4,PEuk1
-0.08087767534585974,0.06556249633759312,-0.11061008958285361,-0.09777153030676929,-0.3044753542868883,-0.42787174620051754,-0.3350674670952583,-0.5035708357568378,-0.11799947888715982,-0.12649361420378233,-0.09193085020928546,-0.0844058770696119,76.9,4,PEuk1
-0.08036991777516216,0.004520651900304799,-0.11139312756153061,-0.10037887424777378,-0.30766789424066443,-0.4207987857390167,-0.3419866879961436,-0.5010387912801757,-0.08395528229212244,-0.04306304495797816,-0.05226146338205635,0.03883730861575308,77.0,4,PEuk1
-0.08555745372037828,-0.0031750460979826757,-0.12750889569024781,-0.13446978769739834,-0.2931786744504499,-0.4169254978672424,-0.32012596109189734,-0.4925986430246353,-0.11917162031545109,-0.13385734936941052,-0.11080449659108564,-0.08659512166022107,77.0,4,PEuk1
-0.16885233418736154,-0.24168603671781191,-0.12786161550046268,-0.1314512912415436,-0.3500304436273085,-0.46508899053365305,-0.31822066838005936,-0.49569336405166675,-0.14082509288446457,-0.17702916517135744,-0.13122599753814448,-0.14459430463906056,77.1,4,PEuk1
-0.09610555127980619,-0.05973564401904149,-0.11732469903664394,-0.11361972249009865,-0.31810504408954776,-0.42652451563642213,-0.32734601768412547,-0.4902072676855655,-0.09372765754306478,-0.06317939108287755,-0.08567655971252458,-0.028279965235314276,77.2,4,PEuk1
-0.12211276468595048,-0.11615221356412216,-0.11491679846557712,-0.10400106999479945,-0.2881442845233415,-0.3564685263034612,-0.3080925334381838,-0.47571834651355455,-0.10708440730660794,-0.09609178349047891,-0.12110805846021085,-0.07062040700833276,77.2,4,PEuk1
-0.12970972349848955,-0.14665349554967838,-0.11467694899463102,-0.11021902792184793,-0.2824959446051223,-0.4396600136363523,-0.277908685740119,-0.477969052715032,-0.10795643522910482,-0.10327888167415536,-0.07522180508605787,-0.08579164632593565,77.3,4,PEuk1
-0.14999900451614123,-0.2074727506786368,-0.12238622831322726,-0.12137515918746737,-0.2872847545357864,-0.3935173668160848,-0.34098390235833415,-0.510744961774047,-0.1348216902647815,-0.16070327493784903,-0.12480853862009425,-0.1369296916187423,77.4,4,PEuk1
-0.16379416322831042,-0.23645518797205975,-0.13045528183824268,-0.13647922322772274,-0.31921015407354714,-0.42702972709795795,-0.30428194801450786,-0.4821891268428022,-0.1400878329136263,-0.17474446715889944,-0.12144038313476348,-0.14728007893063264,77.7,4,PEuk1
-0.01848332545615775,0.14826097112650624,-0.10886059932418787,-0.09727641002480174,-0.2099270556558276,-0.3989062890724664,-0.3198251254005545,-0.4962560406020361,-0.040582651933959324,0.0600002904785296,-0.004291444480978738,0.1390685996146737,77.7,4,PEuk1
-0.16299695150106866,-0.25510358928904986,-0.12891742346570587,-0.1337386890354287,-0.32068363405221306,-0.4341026875594588,-0.3241371036431352,-0.5013201295553603,-0.14264276147616264,-0.18134084494391756,-0.1187578344104467,-0.15161342904812708,78.1,4,PEuk1
-0.14432149868582522,-0.16558340687426215,-0.12332681447380023,-0.12381456759423727,-0.3219115340344346,-0.4056424418929434,-0.3336635672023251,-0.5021641443809144,-0.1257967675188365,-0.14539377127262043,-0.09915217556983465,-0.11176466359266789,79.3,4,PEuk1
-0.04590385133615455,0.09772992476344212,-0.1199242440379275,-0.11606492177735939,-0.24099292520603327,-0.37920304207257116,-0.32834880332193495,-0.49034793682315786,-0.06836976505913271,-0.005685501301694665,-0.04892624097258215,0.09458405231476995,79.8,4,PEuk1
-0.16371977836126556,-0.20324028044818776,-0.12824490436089617,-0.13519943863924522,-0.3225254840255454,-0.4351131104825303,-0.3328613386920775,-0.5031488283440607,-0.13164275211095194,-0.16135190910108171,-0.11848688501362677,-0.13034841612779763,79.9,4,PEuk1
-0.16197496811036524,-0.22972186139508086,-0.1216784372273961,-0.12009537459898988,-0.34634674368064383,-0.4469013779183651,-0.3235354322604495,-0.5008981221425833,-0.13996325749612676,-0.1746662835767241,-0.1293218669704375,-0.1352640601673304,79.9,4,PEuk1
-0.04749018947900275,0.10217516418567708,-0.12251320744490461,-0.12458620241964281,-0.32264827402376756,-0.4197883628159451,-0.30648807641768866,-0.4893632528600115,-0.10056005294101762,-0.08210850503400284,-0.09876296649152976,-0.01250837637018351,80.0,4,PEuk1
0.02135947322033227,0.30807027439081625,-0.12288121178022879,-0.12239145871361128,-0.3111060141908848,-0.39435938591864445,-0.3340646814574489,-0.49555269491407444,-0.07991564125375052,-0.03719058923013938,-0.06718014674508146,0.038065430626074384,80.1,4,PEuk1
-0.09681544164138657,-0.03956185126555544,-0.1289280050600123,-0.13488094021224856,-0.285442904562454,-0.4143994405595635,-0.3080925334381838,-0.4904886059607502,-0.09650342434571395,-0.07321295079538316,-0.06005462669611503,0.0023062643440005678,80.3,4,PEuk1
-0.13664368675693303,-0.1728666599777031,-0.1280579628614823,-0.13230834155418916,-0.2869163845411199,-0.43039780350819645,-0.3355688599141631,-0.49062927509834253,-0.12312858857675513,-0.14011203594344,-0.10686150923625841,-0.096593424275065,80.5,4,PEuk1
-0.16061178456865166,-0.19151178792251186,-0.1225919815358526,-0.11921371304425821,-0.33480448384776107,-0.44656457027734126,-0.3204267967832402,-0.5018828061057297,-0.13903913439903914,-0.1698275885465374,-0.12271130047122829,-0.1480203595757046,80.7,4,PEuk1
-0.15137835868112545,-0.18354440003317468,-0.1288492309690643,-0.1353977762960568,-0.3452416336966444,-0.45751081861061643,-0.32864963901327776,-0.5041335123072072,-0.13609009451568604,-0.16281133596835526,-0.10562352497565017,-0.09927468466026466,80.8,4,PEuk1
-0.1470915264520831,-0.15187452417888658,-0.130130779612845,-0.13270356914768958,-0.3395932937784252,-0.447069781738877,-0.33637108842441066,-0.5114483074620088,-0.1366314313299114,-0.16272156963326503,-0.12935629700428752,-0.14324464663371594,80.9,4,PEuk1
-0.06389528678705061,0.01063531113501386,-0.09935244897349581,-0.07733261761431984,-0.32006968406110226,-0.4373023601491854,-0.3461983876749434,-0.508634924710162,-0.09105155107441526,-0.059681399702587005,-0.06250963780542279,-0.009899338486942074,81.0,4,PEuk1
-0.11561217413115969,-0.1050914889634359,-0.12637431363405668,-0.13026416074091968,-0.2828643145997887,-0.4229880354056717,-0.313407297318574,-0.49400533440055866,-0.10260308978801032,-0.08736128348089611,-0.09539630796419246,-0.029309135888219203,81.7,4,PEuk1
-0.18199743384405165,-0.3054807871595918,-0.13297370128317682,-0.14216586786973587,-0.30582604426733206,-0.4320818417133157,-0.32844908188571587,-0.494146003538151,-0.1537050585501231,-0.21280249754893152,-0.14075712908263383,-0.2214480745353732,81.9,4,PEuk1
-0.19323278289248108,-0.317507156553768,-0.1336838438344094,-0.1434485478984588,-0.32964730392243047,-0.44201766712351925,-0.3306552102888967,-0.4954120257764821,-0.16086474754496113,-0.21599933735343546,-0.14446210011649768,-0.22455815602594995,81.9,4,PEuk1
-0.17425655648440402,-0.24703472686209169,-0.12619677799624854,-0.1262814826833387,-0.3166315641108819,-0.4255140927133506,-0.31661621135956425,-0.4968187171524055,-0.15008217890847694,-0.19731056552529372,-0.1394936965361364,-0.18294445317888627,82.3,4,PEuk1
-0.15668394017621712,-0.2014857529589993,-0.13112897667575307,-0.1376851740899419,-0.35076718361664144,-0.4647521828926292,-0.3425883593788293,-0.5113076383244164,-0.14007084535669456,-0.1754394323337916,-0.13036674364988676,-0.14160609862053838,82.3,4,PEuk1
-0.1030686216601368,-0.036884232821234236,-0.12460248445407733,-0.12759601255476127,-0.3166315641108819,-0.447238185559389,-0.3102986618413646,-0.493723996125374,-0.12006969582524334,-0.12851770027565573,-0.09087549482388182,-0.08253260592507004,82.3,4,PEuk1
-0.12002675428404,-0.13784812438192282,-0.12383708246591107,-0.1267490962829747,-0.3329626338744287,-0.42601930417488637,-0.3254407249722875,-0.49133262078630424,-0.10595190351115744,-0.09366519675481377,-0.08382931354856984,-0.03517721417232624,83.0,4,PEuk1
0.17716181137046566,0.7982250248219377,-0.10093733665406128,-0.09300997882316918,-0.23964223522558953,-0.34282781684199526,-0.3121036759894217,-0.48669053924575706,-0.059069643890893225,0.006878889922709897,-0.0452212699387183,0.004847593631656155,83.3,4,PEuk1
-0.07854263734558166,0.026147821902297714,-0.11531066892031705,-0.11423066038188316,-0.2702169447829066,-0.3808870802776904,-0.3232345965691067,-0.5018828061057297,-0.05378991119650301,0.0073422000393046725,-0.07945520229162027,-0.040119941650093326,83.3,4,PEuk1
-0.05372396474982823,0.11575965873816241,-0.12639312535726813,-0.1288786925834842,-0.32068363405221306,-0.4354499181235542,-0.33095604598023953,-0.5008981221425833,-0.025698154550353444,0.07070275417186891,-0.09945905195849811,-0.016236863033777676,83.7,4,PEuk1
-0.19019432277993087,-0.2981844405674256,-0.13364386892258506,-0.14266967447243967,-0.308895794222886,-0.42702972709795795,-0.32824852475815397,-0.5031488283440607,-0.1532611170623065,-0.21612385194727032,-0.12730696151121296,-0.19104691511732638,83.9,4,PEuk1
-0.151548150225467,-0.20228772914342313,-0.127624117494918,-0.13150920004645208,-0.3168771441073262,-0.44302809004659083,-0.31942401114543073,-0.4934426578501893,-0.12979677092436764,-0.15868787593066178,-0.11874885266248582,-0.13919115871130971,84.0,4,PEuk1
-0.1286359941133201,-0.11554991308275894,-0.12410985245247724,-0.12576898975989861,-0.31785946409310345,-0.43982841745686424,-0.3314574387991443,-0.49921009249147524,-0.11356459402417568,-0.1196308331017222,-0.10862342879458478,-0.08102496119669178,84.2,4,PEuk1
-0.18672248996372792,-0.2898504349937804,-0.13034476296437536,-0.13702935687435333,-0.35641552353486067,-0.46980429750798697,-0.3410841809221151,-0.5059622110959076,-0.1331240670754012,-0.1660429240316038,-0.04205670074050085,0.04184808416613723,84.5,4,PEuk1
-0.1382397272737436,-0.1990339971951893,-0.12213462151527399,-0.12100454283605308,-0.2529035550335825,-0.4115365756108608,-0.32844908188571587,-0.48429916390668726,-0.125121795256748,-0.14212453926239854,-0.09583192274029524,-0.08235204967017444,84.5,4,PEuk1
-0.16346913370057087,-0.21079849681485974,-0.13176857526494268,-0.13744195710932627,-0.3432769937250899,-0.4438701091491505,-0.32874991757705874,-0.500335445592214,-0.14440606988567906,-0.1817983636840549,-0.1273264219651282,-0.1460793798355769,84.7,4,PEuk1
0.009656793159381814,0.27015807778674755,-0.12388999043744331,-0.1282214276477729,-0.31208833417666204,-0.4305662073287084,-0.3216301395486115,-0.4986474159411059,-0.03748978406858401,0.03534640089923012,-0.08486520848005824,-0.06743810301579779,85.1,4,PEuk1
-0.17160295720569466,-0.2553163584808358,-0.13016252439576434,-0.13615638164035793,-0.3357868038335383,-0.44033362891840006,-0.3150117543390691,-0.47853172926540133,-0.15000403614659086,-0.19838197016991913,-0.1390625726340141,-0.18010971997702532,85.3,4,PEuk1
-0.09739434995447491,-0.03494966986207307,-0.11888136913239221,-0.11772111359774204,-0.35641552353486067,-0.4689622784054273,-0.3334630100747632,-0.4976627319779595,-0.0848986579537327,-0.06024316321895817,-0.09525858782879226,-0.09223299071933622,85.4,4,PEuk1
-0.045572353559106764,0.11735706436264744,-0.12252378903921106,-0.12275628418453473,-0.2754969147064593,-0.43258705317485147,-0.32614267491875415,-0.5034301666192454,-0.031178340416538396,0.04317634186968182,-0.06881632183195548,0.007596562612441684,85.5,4,PEuk1
-0.19328614594927412,-0.32269872483334433,-0.12828605500542126,-0.12159666036624232,-0.34413652371264497,-0.46441537525160537,-0.33185855305426804,-0.5042741814447995,-0.16308785249543045,-0.2113662361874877,-0.12821411805526203,-0.16918606655584145,86.0,4,PEuk1
-0.1882198896785877,-0.29892422268040436,-0.12923604702759994,-0.12553880226038738,-0.3188417840788807,-0.4367971486876496,-0.3252401678447256,-0.49752206284036715,-0.16087154256773384,-0.20195524944415635,-0.1449471145063853,-0.22832726784689564,86.0,4,PEuk1
-0.16341577064377782,-0.22975132174471277,-0.09604276142097966,-0.0642756298275794,-0.35224066359530737,-0.4615525103029026,-0.3461983876749434,-0.509478939535716,-0.14021354083492132,-0.17865075057943913,-0.11663814189167854,-0.13797691789713679,86.0,4,PEuk1
-0.19463477593004416,-0.3218541948105633,-0.12948295089475037,-0.12631188480591565,-0.34254025373575697,-0.46980429750798697,-0.3229337608777639,-0.49386466526296635,-0.10222709852792075,0.05817890258266639,-0.02450486826694382,0.27419238687216924,86.5,4,PEuk1
-0.19153648451139263,-0.31618471419251404,-0.13158398523093023,-0.13543252157900187,-0.3474518536646432,-0.449427435226044,-0.3328613386920775,-0.5051181962703535,-0.130818289347864,-0.10636278963773933,-0.055159574057434296,0.02518725574564563,86.5,4,PEuk1
-0.19460405174582998,-0.3386760544503759,-0.133697952626818,-0.1437728372059463,-0.33652354382287125,-0.4595316644567595,-0.3312568816715824,-0.49555269491407444,-0.15082736640588337,-0.21140677582268977,0.04931013039157193,0.21562445169040861,86.5,4,PEuk1
-0.1582152981999452,-0.24349293816190154,-0.13233998135749078,-0.13941809507682829,-0.3454872136930887,-0.4416808594824954,-0.3223320894950782,-0.494146003538151,-0.14651365944901243,-0.18678184312567744,-0.12974999695657286,-0.15067002261629756,86.5,4,PEuk1
-0.139779170609107,-0.1284306326162601,-0.1268387280508396,-0.1304957959605536,-0.35641552353486067,-0.45835283771317603,-0.3343655171487917,-0.5063842185086845,-0.12297343555677841,-0.13392395019867104,-0.10597231618813109,-0.11330841957202527,86.6,4,PEuk1
-0.15167104696232375,-0.17041490421389308,-0.12090127791222267,-0.12053692923641707,-0.3085274242282195,-0.4347763028415065,-0.333763845766106,-0.5065248876462769,-0.12887491283487093,-0.14983865270370156,-0.12303164948183308,-0.11122299482798108,86.6,4,PEuk1
-0.13616988749510375,-0.186375866970018,-0.12642722160558892,-0.1324806202487919,-0.35641552353486067,-0.4460593588158055,-0.32423738220691617,-0.49470868008852037,-0.11292925939492796,-0.10962623027150378,-0.10364005563428871,-0.09060347051890343,86.6,4,PEuk1
-0.1549876417951287,-0.22017016136998394,-0.12820492944907183,-0.13234598227737968,-0.3193329440717693,-0.42989259204666064,-0.3442930949631054,-0.4997727690418446,-0.13721127327318206,-0.17071077345629618,-0.1141741490344099,-0.1308539736415053,87.3,4,PEuk1
-0.13889140339154973,-0.14646036659098038,-0.12532085713421495,-0.1264117774943828,-0.35629273353663854,-0.45111147343116326,-0.3191231754540879,-0.4952713566388897,-0.1207888357353544,-0.13282648435998715,-0.1043496137231984,-0.0978573180593342,88.1,4,PEuk1
-0.14234221439750086,-0.17662121786967916,-0.1218959477770286,-0.11811055031075159,-0.2610076949162448,-0.3995799043545141,-0.3336635672023251,-0.49921009249147524,-0.14205499200632382,-0.17755328474075527,-0.12241190887253223,-0.13754358288538734,88.4,4,PEuk1
-0.1209727357453715,-0.12771703748073196,-0.12406987754065288,-0.12478164463620896,-0.3048437242815548,-0.4100209412262535,-0.30819281200196474,-0.4897852602727885,-0.12098136138058098,-0.13439884306818067,-0.09456100540383043,-0.07387493350282597,88.5,4,PEuk1
-0.15789188573453272,-0.22720791155982575,-0.12945473330993318,-0.1345132193010797,-0.3184734140842142,-0.4305662073287084,-0.31832094694384033,-0.48317381080594857,-0.13806857864633806,-0.1732155437741367,-0.12544324880932992,-0.1479797344183531,89.2,4,PEuk1
-0.1494928640077707,-0.2071094063665101,-0.11611604582030766,-0.1073192445160556,-0.33173473389220715,-0.4342710913799707,-0.3238362679517924,-0.5023048135185068,-0.13005271678213945,-0.1554736619967855,-0.11004853280437807,-0.11988969506296994,89.6,4,PEuk1
-0.15275124459680142,-0.19331214262223884,-0.11068298501029801,-0.09897748116898847,-0.2968623743971146,-0.4207987857390167,-0.31471091864772627,-0.5001947764546216,-0.12765860375855712,-0.15416481091740528,-0.10592291657434623,-0.09366841294575626,89.9,4,PEuk1
-0.07248673893073304,0.03289096859582055,-0.08733175784137319,-0.04954942073935191,-0.3087730042246638,-0.43241864935433955,-0.3235354322604495,-0.5008981221425833,-0.07914214116145783,-0.03229108474714963,-0.06678345287680917,0.0320845046826576,89.9,4,PEuk1
-0.1715932548317323,-0.2297284081394435,-0.13299016154098683,-0.13990308131793686,-0.3267003439650987,-0.4393232059953285,-0.3410841809221151,-0.5039928431696148,-0.14998818109345455,-0.19469865474299067,-0.14222115400025762,-0.18902468506249565,90.3,4,PEuk1
-0.12480840758516346,-0.13961574535983656,-0.12893741092161803,-0.13577852668833007,-0.3111060141908848,-0.447069781738877,-0.3454964377284767,-0.5089162629853466,-0.11716595609370825,-0.12305064089983739,-0.09884979005515161,-0.09291459058156712,90.8,4,PEuk1
-0.15424541018700705,-0.1722087121692574,-0.12589461469216445,-0.12946212379293717,-0.3157720341233268,-0.4277033423800056,-0.3450953234733529,-0.5039928431696148,-0.12951137996791412,-0.16005174508638764,-0.09833034563141393,-0.10388338306647489,91.5,4,PEuk1
-0.10489913621437141,-0.02127679426069205,-0.12268956735001205,-0.12250582860330553,-0.2947749444273379,-0.4115365756108608,-0.3317582744904871,-0.49245797388704293,-0.126539690008652,-0.14591209946556083,-0.10607261237369427,-0.09817780541177389,91.9,4,PEuk1
-0.06340208277729659,0.07115996276765334,-0.10169803571142466,-0.08369534755363953,-0.29170519447178406,-0.4234932468672075,-0.32895047470462063,-0.49752206284036715,-0.07539581860610758,-0.01609550048393352,-0.034443172385659825,0.07345445658561223,92.4,4,PEuk1
-0.19449409150758973,-0.32722252518793105,-0.13279381417996722,-0.14130302667659944,-0.3166315641108819,-0.4393232059953285,-0.32844908188571587,-0.509056932122939,-0.14691569829639736,-0.18281185456410598,-0.13490701724411266,-0.1835267471009246,92.9,4,PEuk1
-0.14048582684603325,-0.19215664224223225,-0.12386765151612969,-0.12781172285304537,-0.32547244398287717,-0.4393232059953285,-0.3236357108242305,-0.49892875421629057,-0.1205713950066279,-0.13357936329945366,-0.08842198067256754,-0.1195466381786683,93.0,4,PEuk1
-0.17048718420002162,-0.24067456471378348,-0.12864700494454112,-0.13260078101897702,-0.32633197397043223,-0.40446361514935997,-0.3112011689153931,-0.49470868008852037,-0.1537616837398956,-0.20904389422805641,-0.1326555924219182,-0.1691680109303519,93.5,4,PEuk1
-0.13627661360868987,-0.16575689559987222,-0.11852394639137448,-0.11567258962410441,-0.31061485419799617,-0.43561832194406613,-0.3141092472650406,-0.5004761147298064,-0.1244400279718868,-0.14307432500141784,-0.10860247138267605,-0.12565846740688438,93.6,4,PEuk1
-0.16685526221343952,-0.24365988014314896,-0.12396053439948627,-0.1249915640540022,-0.3357868038335383,-0.4442069167901743,-0.33095604598023953,-0.5032894974816531,-0.14765069325964472,-0.19054913351123873,-0.13448038421597075,-0.15783359202928052,94.4,4,PEuk1
-0.1637602049194421,-0.20698829159580118,-0.1252244470527562,-0.12162271932845115,-0.32215711403087893,-0.4273665347389818,-0.3198251254005545,-0.49316131957500464,-0.13692814732431943,-0.16310959185591314,-0.13835900237707832,-0.1769951245800762,94.5,4,PEuk1
-0.1357429830407593,-0.09138260626806034,-0.13075979660772818,-0.13858855144651425,-0.28433779457845465,-0.3921701362519894,-0.3118028402980788,-0.49316131957500464,-0.1259156804173588,-0.14991683628587693,-0.11783870220244977,-0.10468234449438793,94.9,4,PEuk1
-0.1698047838980013,-0.2419380863757737,-0.12391820802226049,-0.1222264186196221,-0.31921015407354714,-0.43022939968768453,-0.31791983268871654,-0.494146003538151,-0.15152612124767634,-0.20572543551794634,-0.13576178025838992,-0.17392115434047858,94.9,4,PEuk1
-0.1575490685211955,-0.20909961665275373,-0.12979569579314088,-0.1353500015320073,-0.3011600243348901,-0.4187779398928736,-0.3461983876749434,-0.5097602778109007,-0.14637096397078567,-0.19290332804118593,-0.13371843259728927,-0.15707074185234662,94.9,4,PEuk1
0.0723179583330491,0.4568352199153466,-0.11449353469331928,-0.10808943162133842,-0.2654281348522425,-0.35040598876503193,-0.31400896870125966,-0.48415849476909495,-0.05322479180257322,0.025058020622597394,-0.053096765942418384,0.0008257030538566381,95.2,4,PEuk1
-0.1696624824132198,-0.22305727563390976,-0.13159926975603956,-0.13752592487644358,-0.300300494347335,-0.41709390168775434,-0.3141092472650406,-0.4899259294103808,-0.13909575958881168,-0.16591840943776898,-0.1340582420618093,-0.15181204092851222,95.8,4,PEuk1
-0.11047800124273664,-0.08470165364598262,-0.12129279690156118,-0.1194294233425423,-0.2810224646264564,-0.4300609958671726,-0.2992680198254606,-0.47487433168800053,-0.10840717173969412,-0.09563716043857029,-0.10100690652375678,-0.04297273047744382,95.8,4,PEuk1
-0.11812023780043346,-0.10573634328315629,-0.12746069064951845,-0.1312239991822778,-0.31466692413932734,-0.43258705317485147,-0.3178195541249356,-0.49808473939073655,-0.10728712548599358,-0.10824788267463432,-0.10078984761470214,-0.08003641570113836,95.9,4,PEuk1
-0.12053451185473758,-0.09704554014174699,-0.08472515844388533,-0.0420473350634578,-0.2699713647864623,-0.4207987857390167,-0.3030786052491365,-0.4873938849337187,-0.1219485196218957,-0.13355040641716648,-0.1194359563814933,-0.08240170264027073,96.1,4,PEuk1
-0.1485436484217851,-0.1587158720378491,-0.12506219594005738,-0.13015558173171626,-0.35138113360775225,-0.45111147343116326,-0.30207581961132707,-0.4865498701081647,-0.13832339200031443,-0.1763399913729227,-0.11497502156092188,-0.14653979828556069,96.7,4,PEuk1
-0.17040956520832262,-0.2523114028183824,-0.12573236357946563,-0.12796083802568473,-0.3403300337677581,-0.45852124153368795,-0.3122039545532026,-0.49133262078630424,-0.14814559741825659,-0.19490135291900088,-0.13283373042314237,-0.1680711316818611,97.2,4,PEuk1
-0.15365194831297516,-0.22537482313828555,-0.11549643468703022,-0.1044136702297724,-0.18757927597939505,-0.29264347832944154,-0.3461983876749434,-0.5072282333342386,-0.14141625986568973,-0.179994349917564,-0.1056429854295654,-0.13375641543895211,97.4,4,PEuk1
0.044986370881040724,0.4196038847249928,-0.10334288575972665,-0.08661105588078169,-0.2883898645197858,-0.4068212686365269,-0.3461983876749434,-0.4875345540713111,-0.043720819951152644,0.0437902277741699,-0.04562395163896451,0.14407903568802663,97.7,4,PEuk1
1.4967703745567034,1.84378920011883,2.9832164662799077,2.904102203098981,0.1853339486212952,-0.17358197722751037,-0.18013708605369652,-0.4480065264078637,-0.09730863454427925,-0.10410125713111108,-0.04699965603497295,-0.011813234788835445,97.9,4,PEuk1
-0.09186884798290275,0.025578255142747728,-0.1257170790543563,-0.1300006756785861,-0.3037386142975554,-0.4285453614825653,-0.32614267491875415,-0.4986474159411059,-0.09177408849591268,-0.06110607831111594,-0.043162952697682826,0.04426753798173829,98.2,4,PEuk1
-0.19380522295626115,-0.3178803209824387,-0.12709503777959572,-0.11964513364082642,-0.34339978372331204,-0.4580160300721522,-0.3315577173629252,-0.49850674680351353,-0.1620753941022977,-0.20951878709756605,-0.10791836157965554,-0.11140355108287668,98.5,4,PEuk1
-0.16512015433650157,-0.2552345241763027,-0.13113720680465807,-0.13781112574061785,-0.3528546135864181,-0.42804015002102946,-0.3461983876749434,-0.5127143297003398,-0.14600063522967335,-0.195402306982569,-0.11554236864045092,-0.15765754968075732,98.9,4,PEuk1
-0.1340143434131296,-0.14763223383189358,-0.12920547797738133,-0.1358653898956928,-0.3014056043313344,-0.422314420123624,-0.32764685337546834,-0.49203596647426595,-0.12187264186760052,-0.1436534626471613,-0.08890699506245517,-0.08543504772251684,99.3,4,PEuk1
-0.1462441857927024,-0.1632134854149852,-0.10797997553135143,-0.0908702484818007,-0.05226469793857824,-0.08129668358697531,-0.3306552102888967,-0.49203596647426595,-0.12218974293032667,-0.13141049281614436,-0.1052253341493844,-0.0878996406018418,99.3,4,PEuk1
-0.04913959305260638,0.07433840715571677,-0.12712560682981433,-0.13605793667201352,-0.3259636039757658,-0.41928315135440936,-0.33787526688112485,-0.5041335123072072,-0.057878249898079305,0.004840325409692886,-0.014424353138847185,0.12916960294002236,99.6,4,PEuk1
-0.19653482416434245,-0.3406957250862514,-0.133697952626818,-0.14362661747355238,-0.34254025373575697,-0.46980429750798697,-0.322733203750202,-0.49062927509834253,-0.16524300721817275,-0.21776281148472432,-0.0972974446159125,0.021300782359017816,99.8,4,PEuk1
-0.1462053762968529,-0.20637617099789402,-0.12812027669462026,-0.13263842174216753,-0.2683750948095742,-0.4243352659697671,-0.30578612647122205,-0.49147328992389655,-0.1361648397661858,-0.1687590795901407,-0.11329393773424346,-0.1426713805244224,100.2,4,PEuk1
-0.11269175956848504,-0.15601533998825862,-0.12476003263597331,-0.13143826176043918,-0.3188417840788807,-0.41928315135440936,-0.3369727598070963,-0.4986474159411059,-0.12680469589678744,-0.14534454457273224,-0.0950579954576659,-0.08698331760824661,100.7,4,PEuk1
-0.13384131774413394,-0.15377635341623455,-0.11084406039029614,-0.10062209122838942,-0.32485849399176636,-0.42989259204666064,-0.32513988928094467,-0.4979440702531442,-0.12059291257874145,-0.1304607070771251,-0.09740672254943657,-0.07573466292825067,100.8,4,PEuk1
-0.09398073138204623,-0.06794853482197781,-0.12806972018848947,-0.1352674814850127,-0.30582604426733206,-0.43039780350819645,-0.3461983876749434,-0.5056808728207228,-0.11443662194667256,-0.11679305863757922,-0.07588495747716965,-0.05293492184130862,101.2,4,PEuk1
-0.1247728322139681,-0.13870247452124781,-0.12704683273886636,-0.13150196144583853,-0.30840463422999737,-0.42164080484157634,-0.3461983876749434,-0.5076502407470156,-0.11075258710007209,-0.10362057288514401,-0.08006895506894722,-0.04165466981670594,101.9,4,PEuk1
0.060479445036625404,0.44278263314093225,-0.11552700373724883,-0.10900439073889247,-0.3306296239082077,-0.4221460163031121,-0.3116022831705169,-0.4875345540713111,-0.08690658718306643,-0.05683204248552914,-0.067939104447776,0.04119808164851307,102.3,4,PEuk1
-0.15821691526227227,-0.199214032665162,-0.12459072712707017,-0.12717327827892935,-0.302633504313556,-0.4293873805851249,-0.3461983876749434,-0.5117296457371935,-0.1436620148920681,-0.18324910348664228,-0.12447471698754814,-0.14524882106305712,103.0,4,PEuk1
-0.14201556780743427,-0.17875218315971964,-0.12719732652455804,-0.13175531246731315,-0.3239989640042113,-0.4462277626363174,-0.3461983876749434,-0.5034301666192454,-0.12759971356119368,-0.14862535933586898,-0.10857103526481296,-0.09602467207214385,103.1,4,PEuk1
-0.16526892407059132,-0.23659266960367525,-0.1279121720065935,-0.13185086199541213,-0.3406984037624246,-0.42804015002102946,-0.3249393321533828,-0.5000541073170293,-0.14392588827640804,-0.1848880630240963,-0.11208289871751785,-0.14292415928127625,103.3,4,PEuk1
-0.11161156193400737,-0.0789568854677629,-0.11149188910839078,-0.096158770090068,-0.29096845448245107,-0.4174307093287782,-0.3216301395486115,-0.4904886059607502,-0.08527917922900408,-0.036263968996949836,-0.10414752439407855,0.008846914677593722,103.3,4,PEuk1
-0.1373632794924758,-0.16137057687690104,-0.10482430896262909,-0.08559041319426966,-0.3043525642886662,-0.42568249653386253,-0.3429894736339531,-0.49386466526296635,-0.10982053647641633,-0.09602228697298969,-0.11677137115309828,-0.07305340254305098,103.7,4,PEuk1
-0.10668437302344828,-0.023437219900364414,-0.12409809512547007,-0.12626266232174344,-0.30582604426733206,-0.43696555250816155,-0.3229337608777639,-0.5004761147298064,-0.10669935601615477,-0.09594699907904304,-0.0982569946897334,-0.009976074895272705,104.0,4,PEuk1
-0.08385468708998159,-0.0205173719146254,-0.11916707217866625,-0.12176314818035422,-0.3070539442495536,-0.36522552497008137,-0.32965242465108724,-0.49921009249147524,-0.1043675307013222,-0.09959846193545561,-0.04794273957086556,-0.03917202131189142,104.2,4,PEuk1
-0.09360072173518656,-0.027466741055571512,-0.1227377723907414,-0.12420545202736953,-0.3258408139775436,-0.43258705317485147,-0.2757025573369382,-0.46966957359708394,-0.095163672355696,-0.0732187421718406,-0.06015192896569124,-0.00188264076957738,104.6,4,PEuk1
-0.13476142620823242,-0.152417903960986,-0.12502457249363447,-0.12499735493449306,-0.31699993410554833,-0.442691282405567,-0.3336635672023251,-0.5066655567838693,-0.12430639252402365,-0.14133980775241614,-0.10064913356331498,-0.10467783058801554,104.7,4,PEuk1
-0.11636087398858957,-0.12293464072382085,-0.127702891585866,-0.13384582032450942,-0.3329626338744287,-0.43561832194406613,-0.32764685337546834,-0.4876752232089034,-0.12040038693351487,-0.13594224489408702,-0.09465531375741969,-0.08161628293147487,104.8,4,PEuk1
-0.14611805493119154,-0.2099245064424468,-0.13076567527123176,-0.13556136866992324,-0.3554332035490834,-0.4558267804054972,-0.29345186312616567,-0.48697187752094173,-0.13196778070024626,-0.16018784243313736,-0.10684803661431709,-0.10920527867952273,104.8,4,PEuk1
-0.1349910490586753,-0.16307273041118836,-0.11632415050833443,-0.10955452438552307,-0.3091413742193303,-0.42450366979027904,-0.3141092472650406,-0.4902072676855655,-0.1301138719870938,-0.15200752318701086,-0.10193801439570156,-0.10133302596607452,105.0,4,PEuk1
-0.1588216965725936,-0.22537482313828555,-0.1263402173857359,-0.12916244572753577,-0.32178874403621244,-0.4209671895595286,-0.3265437891738779,-0.5041335123072072,-0.13507423861116696,-0.16407096034784732,-0.12075178245776252,-0.11417057568915177,105.3,4,PEuk1
-0.19203777383278198,-0.3215530445698817,-0.12990033600350462,-0.13410930538684301,-0.33480448384776107,-0.4620577217644384,-0.3293515889597444,-0.500335445592214,-0.13677639181572906,-0.16593578356714128,-0.12502110665516847,-0.17707637489477923,106.1,4,PEuk1
-0.191649678874287,-0.32589026271013305,-0.12458484846356659,-0.12788266113905827,-0.335541223837094,-0.44437532061068624,-0.31731816130603085,-0.4823297959803945,-0.10209459558385305,-0.13756383030216873,-0.1251633176645491,-0.16976836047787977,106.1,4,PEuk1
-0.14990359783884455,-0.20195057180874698,-0.12788160295637488,-0.1337835683592328,-0.3298928839188748,-0.4266929194569341,-0.3204267967832402,-0.49147328992389655,-0.1276472787206026,-0.1462566863647782,-0.12496571920940969,-0.11529905228224928,106.2,4,PEuk1
-0.10927490687140222,-0.045738704571709615,-0.1273760378950669,-0.13228662575234848,-0.3529774035846403,-0.4568372033285687,-0.3317582744904871,-0.5038521740320224,-0.1155430781548277,-0.12025340607089643,-0.09394725262650348,-0.05906932060138667,107.0,4,PEuk1
-0.1429340592092057,-0.16147532478670334,-0.12291765949395099,-0.11951628654990504,-0.29784469438289185,-0.4122101908929085,-0.30548529077987924,-0.4772657070270703,-0.12412519191675156,-0.13054178634752917,-0.12788329033870288,-0.11717232342679114,107.0,4,PEuk1
-0.12717740389430984,-0.12062363996380768,-0.12822138970688185,-0.13345638361149986,-0.35641552353486067,-0.46929908604645115,-0.34379170214420063,-0.507790909884608,-0.11937207348724582,-0.12426103857944125,-0.11658874227789369,-0.08796734919742764,107.3,4,PEuk1
-0.1360566931322094,-0.12148126347531399,-0.1304129554610169,-0.13771557621251887,-0.3193329440717693,-0.3935173668160848,-0.31822066838005936,-0.49892875421629057,-0.12463595112849973,-0.14494783528539795,-0.10038566895646245,-0.09272049260755434,107.6,4,PEuk1
-0.13180705333668946,-0.10904899593065391,-0.12592400800968237,-0.1290350463567371,-0.3043525642886662,-0.41591507494417085,-0.337574431189782,-0.5079315790222003,-0.12024070389835635,-0.1352907150426256,-0.09371971501149447,-0.057855079787213756,107.7,4,PEuk1
-0.1549391299253168,-0.20900141548731407,-0.1281085193676131,-0.13108646577062016,-0.30987811420866324,-0.42517728507232677,-0.32895047470462063,-0.5056808728207228,-0.14629395371269502,-0.19010609321224498,-0.12841770434237537,-0.15506205351663305,107.7,4,PEuk1
-0.19504712682344508,-0.3147575239214577,-0.11953625224669115,-0.07456747217993973,-0.32522686398643286,-0.4253456888928387,-0.33115660310780143,-0.5110263000492318,-0.14468693082695078,-0.10238121832325298,-0.06865015949467916,0.20573899673487445,107.7,4,PEuk1
-0.19494848602149425,-0.3240669944051368,-0.130644574803058,-0.13094024603822624,-0.32731429395620953,-0.43039780350819645,-0.32764685337546834,-0.49738139370277484,-0.14681490545860226,-0.13858600824690595,-0.09690075074764021,-0.024831340766808294,107.7,4,PEuk1
-0.19543522178194003,-0.33151391611764386,-0.13250340820289033,-0.13728126017570524,-0.3333310038690952,-0.45245870399525867,-0.32834880332193495,-0.4997727690418446,-0.15852386219976494,-0.19262823765945777,-0.11999581867105495,-0.11640044543711245,107.8,4,PEuk1
-0.05347978833844181,0.06873112060911259,-0.1023235255082057,-0.08414558851180298,-0.33517285384242756,-0.4147362482005874,-0.3302540960337729,-0.4961153714644438,-0.11050909878405024,-0.11899957306786182,-0.07958992851103351,-0.07931870458792835,108.1,4,PEuk1
-0.13237302515116128,-0.1640121882272277,-0.12760413003900584,-0.1302308631780973,-0.31921015407354714,-0.4307346111492203,-0.34268863794261023,-0.5121516531499705,-0.12689416369662804,-0.14120371040566643,-0.11360081412290692,-0.07897564770362671,108.2,4,PEuk1
-0.07873991894948328,-0.0603837717109432,-0.10638450625647952,-0.09303459006525529,-0.2870391745393421,-0.42989259204666064,-0.3027777695577937,-0.48880057630964213,-0.10809799820353613,-0.1086445919619686,-0.08206140615826955,-0.05437937188047343,108.2,4,PEuk1
-0.1302708441259802,-0.15304966479198112,-0.11906478343370394,-0.1149168797200487,-0.2898633444984517,-0.41271540235444426,-0.343190030761515,-0.5066655567838693,-0.10312857154909935,-0.08679951996452495,-0.08307334976186227,0.00010347803427423326,109.0,4,PEuk1
-0.12487147301591889,-0.15135733137423776,-0.12704800847156708,-0.1315728997318514,-0.34597837368597734,-0.4435333015081266,-0.33115660310780143,-0.5061028802334999,-0.13365181384408115,-0.15576612650788596,-0.12308553996959838,-0.1112997312363117,109.6,4,PEuk1
-0.15043237721979397,-0.17026105572137096,-0.12496578585859865,-0.12457606837878384,-0.2802857246371234,-0.41524145966212317,-0.31441008295638345,-0.501179460417768,-0.13735963127038606,-0.17153314891325191,-0.12329361713069215,-0.1410418603239896,109.6,4,PEuk1
-0.17028828553379294,-0.28763108865484427,-0.13252221992610178,-0.138866513710075,-0.32805103394554247,-0.44302809004659083,-0.3461983876749434,-0.5076502407470156,-0.12749778821960314,-0.20026706320681412,-0.13248344225266798,-0.21534075921352952,109.9,4,PEuk1
-0.12004615903196475,-0.10837140788912031,-0.12174662972403763,-0.12311097561459919,-0.2955116844166709,-0.4209671895595286,-0.3461983876749434,-0.5023048135185068,-0.14017616820967144,-0.1806314013278818,-0.11667556584151555,-0.15768914702536405,110.1,4,PEuk1
-0.1360308201349764,-0.17771779755042194,-0.12611212524179696,-0.1284487197070387,-0.2947749444273379,-0.4263561118159102,-0.3086942048208695,-0.4840178256315026,-0.10255892213998775,-0.09558503805045337,-0.0886689787414918,-0.04114911230299825,110.2,4,PEuk1
-0.006559107856399748,0.29600135115828285,-0.11080173401307035,-0.09787866159584997,-0.24737800511358543,-0.3482167390983769,-0.3454964377284767,-0.5063842185086845,-0.06324292037712831,0.001695607993305849,-0.024299785021837012,0.07862739328837119,110.3,4,PEuk1
-0.13869735591230226,-0.15211348034812308,-0.1279568498492207,-0.13277016427333432,-0.28912660450911876,-0.4108629603288131,-0.3445939306544482,-0.5055402036831306,-0.13004818676695765,-0.1536870223596669,-0.10796327031945994,-0.10044378641071369,110.3,4,PEuk1
-0.14408702464840117,-0.17543298376785935,-0.12941593413080954,-0.13107922717000658,-0.34597837368597734,-0.45868964535419987,-0.34008139528430564,-0.5125736605627474,-0.13377299175019433,-0.15994460462192508,-0.10461307833005093,-0.1055083893605353,110.4,4,PEuk1
-0.10768371754157284,-0.05446878817929477,-0.11400325415712062,-0.10458739664449786,-0.302633504313556,-0.42837695766205336,-0.3461983876749434,-0.5121516531499705,-0.11184658576647727,-0.10900365730232955,-0.08243564565663965,-0.026808431757915127,110.5,4,PEuk1
-0.1697789109007683,-0.2460887223016897,-0.12712678256251506,-0.1313195487103768,-0.3451188436984223,-0.4568372033285687,-0.33055493172511574,-0.5045555197199841,-0.13988511473424067,-0.17421745190127289,-0.135755792426416,-0.16153499525464035,111.2,4,PEuk1
-0.09277278582373062,-0.019155649087195543,-0.12628730941420369,-0.13127322166645,-0.3147897141375495,-0.44302809004659083,-0.33205911018182993,-0.5037115048944301,-0.07628483408553623,-0.021794214918049257,-0.06466974819001492,0.06175441126837727,111.3,4,PEuk1
-0.08054941169346608,0.04305806259100596,-0.09907850325422893,-0.07334270095612529,-0.333208213870873,-0.43713395632867347,-0.320727632474583,-0.49850674680351353,-0.08871632824819634,-0.05522493551859101,-0.09855938020441643,-0.007272244978211076,112.2,4,PEuk1
-0.1485565849204016,-0.16166518037322,-0.12426387343627106,-0.12394920556564949,-0.2828643145997887,-0.3596681988931878,-0.2997694126443653,-0.4812044428796558,-0.12210933516084968,-0.1397761361089088,-0.11482981663555428,-0.11701885061012987,112.2,4,PEuk1
-0.15419689831719519,-0.24600361462497533,-0.132558667639824,-0.13983503847216938,-0.3111060141908848,-0.42837695766205336,-0.27359670749753834,-0.47403031686244645,-0.14406065622806666,-0.1881109640226587,-0.1161306731318887,-0.1579328979694731,112.5,4,PEuk1
-0.1444039688645054,-0.1818946204537885,-0.12724788303068882,-0.13144694808117546,-0.2918279844700062,-0.3669095631752006,-0.3461983876749434,-0.5097602778109007,-0.1308341444010003,-0.16310959185591314,-0.11442713493530807,-0.12168622979918117,112.6,4,PEuk1
-0.13653857770567399,-0.18511889205239046,-0.11347652590719975,-0.107427823525259,-0.32805103394554247,-0.44117564802095965,-0.3461983876749434,-0.49386466526296635,-0.11936980847965492,-0.12895205350996333,-0.08951176609182122,-0.08267705092898653,112.7,4,PEuk1
-0.15455103496682185,-0.22450410613805397,-0.1278475067080541,-0.13242560688412885,-0.34855696364864264,-0.4526271078157706,-0.31691704705090706,-0.478391060127809,-0.13620107988764021,-0.16485569185782972,-0.12582796701365437,-0.13351717840121544,112.9,4,PEuk1
0.011479222401981118,0.3109246549329288,-0.12760413003900584,-0.13648211866796814,-0.30729952424599793,-0.4069896724570388,-0.34078334523077225,-0.49808473939073655,-0.06285220656769788,0.007860528232245078,-0.055961943541939764,-0.003268410025901119,113.2,4,PEuk1
-0.1453499503258369,-0.20092600631599328,-0.12818494199315966,-0.1328382071191018,-0.33443611385309463,-0.4401652250978881,-0.33617053129684876,-0.5045555197199841,-0.14031093616133006,-0.17955710099502767,-0.1260225715528068,-0.14514500121649215,113.2,4,PEuk1
0.11207181858155069,0.4717945307839871,-0.10991758302213175,-0.10184975789244927,-0.3100009042068854,-0.38644440635458394,-0.32965242465108724,-0.494146003538151,-0.07731767754698708,-0.0292969431186559,-0.08468856743682757,-0.04993768801004164,113.5,4,PEuk1
-0.1271709356450016,-0.14627705774882638,-0.1286587622715483,-0.13744050938920357,-0.31024648420332973,-0.43359747609792304,-0.30769141918306003,-0.4823297959803945,-0.14002894271626287,-0.17810346550421158,-0.11558278650627489,-0.14008942607941532,113.9,4,PEuk1
-0.19580067786785613,-0.3348396622538668,-0.13323588967543654,-0.14180828099942597,-0.3354184338388719,-0.45751081861061643,-0.3355688599141631,-0.5097602778109007,-0.1303222526854567,-0.07430172956938089,-0.13038021627182808,-0.1585648448616077,114.2,4,PEuk1
-0.1515141919165987,-0.16352118240002944,-0.1255207316933367,-0.1275641627120616,-0.31257949416955066,-0.42804015002102946,-0.3438919807079816,-0.4768436996142933,-0.13021579732868432,-0.15430380395238372,-0.12548516363314738,-0.12171331323741551,114.3,4,PEuk1
-0.16351441144572862,-0.2517451094310137,-0.12846946930673298,-0.13268619650621702,-0.3041069842922219,-0.415578267303147,-0.29475548445531796,-0.48781589234649575,-0.15097345939549647,-0.20276025077173976,-0.12717073833380624,-0.17352844448608065,114.5,4,PEuk1
-0.19155588925931738,-0.3220276835361734,-0.13036004748948465,-0.13492292409580722,-0.33369937386376164,-0.44841701230297243,-0.33015381746999195,-0.5061028802334999,-0.15739815342708716,-0.20066087680591968,-0.14436479784692147,-0.22496892150583744,114.7,4,PEuk1
-0.14889778507141177,-0.20098165364307574,-0.12794626825491426,-0.1314035164774941,-0.3015283943295566,-0.3785294267905234,-0.3239365465155733,-0.5039928431696148,-0.12184999179169151,-0.1379779137188753,-0.08239522779081568,-0.08793575185282092,114.9,4,PEuk1
-0.16544841798889523,-0.2673623681080999,-0.1219829519968816,-0.12063826964500692,-0.3236305940095448,-0.4492590314055321,-0.3258418392274113,-0.4990694233538829,-0.14628942369751324,-0.19389654910363596,-0.11966349399650231,-0.16566973349174963,115.2,4,PEuk1
-0.16558263416204141,-0.22946981173711908,-0.10736859452697899,-0.0898061741916073,-0.34229467373931266,-0.4480802046619486,-0.3163153756682214,-0.48851923803445746,-0.14464502818651911,-0.1861390003389022,-0.12752851129424803,-0.14489222245963831,115.5,4,PEuk1
-0.13542927294930918,-0.13559604432117345,-0.13040119813400972,-0.13677745357300142,-0.3258408139775436,-0.4394916098158404,-0.324538217898259,-0.5001947764546216,-0.11589641933900825,-0.10757897869380062,-0.12169336903566166,-0.06382697791788576,115.6,4,PEuk1
-0.19476899210319035,-0.33259412893748,-0.13312184360346704,-0.14170259743046798,-0.3233850140131005,-0.42450366979027904,-0.324538217898259,-0.4986474159411059,-0.16121922123293714,-0.21297334315442584,-0.13324689082934296,-0.19459484552602493,115.8,4,PEuk1
-0.19524602548967374,-0.3277233511316732,-0.13321002355602077,-0.14161283878285985,-0.2896177645020074,-0.2404382939707447,-0.33095604598023953,-0.5068062259214616,-0.1613890968022547,-0.20863560218780725,-0.050140273905294706,0.2307144406933085,115.8,4,PEuk1
-0.14626844172760833,-0.2503702931148586,-0.12838011362147855,-0.13584801725422024,-0.3070539442495536,-0.4228196315851598,-0.3198251254005545,-0.49203596647426595,-0.145951937566469,-0.19560790084680793,-0.12504954885704458,-0.179527426054987,116.5,4,PEuk1
-0.16453316071177793,-0.19503393638961408,-0.11901422692757314,-0.11034208413227846,-0.29809027437933616,-0.4022743654827049,-0.32744629624790644,-0.4880972306216804,-0.1400878329136263,-0.170282211598446,-0.13451780816580777,-0.16245131824823553,116.5,4,PEuk1
-0.09558324014816504,-0.048534164414558406,-0.12962168735343488,-0.13654002747287663,-0.32068363405221306,-0.4309030149697322,-0.3230340394415448,-0.502023475243322,-0.11797909381884171,-0.13125702134002235,-0.0903515595261637,-0.079928081948201,116.5,4,PEuk1
-0.16152380772111483,-0.2285107136879918,-0.13187556694070787,-0.13924436866210285,-0.26444581486646523,-0.40176915402116914,-0.3150117543390691,-0.5006167838673986,-0.14427356694161134,-0.18928661344351796,-0.11484628317348257,-0.15486795554262028,117.0,4,PEuk1
-0.07766133837733266,0.01804295238134502,-0.10018251626020146,-0.07656966910965056,-0.29624842440600385,-0.4275349385594937,-0.3260423963549732,-0.49752206284036715,-0.09585563217471627,-0.06992055327933154,-0.09825549773173992,-0.010431979438884097,117.1,4,PEuk1
-0.15691356302665999,-0.20582297109925063,-0.12752653168075856,-0.13175531246731315,-0.30300187430822245,-0.42046197809799285,-0.3461983876749434,-0.5091976012605314,-0.13771863497354386,-0.17496743515251068,-0.1096413602301514,-0.13486683640656005,118.2,4,PEuk1
-0.14678428460994122,-0.20382621406864437,-0.13177327819574555,-0.14129868351623132,-0.2903545044913403,-0.41187338325188466,-0.30819281200196474,-0.4883785688968651,-0.12836415362312276,-0.14901627724674582,-0.1249956583692793,-0.12174039667564984,118.3,4,PEuk1
-0.17133452485940232,-0.22088048313333078,-0.13034593869707606,-0.13741734586724016,-0.3162631941162154,-0.42164080484157634,-0.34048250953942943,-0.501601467830545,-0.14573109932635614,-0.1874565384829686,-0.13667193071842598,-0.18394202648718447,118.3,4,PEuk1
0.022006298151157223,0.35141299544369775,-0.08895074177025943,-0.055382285113758964,-0.2628495448895772,-0.40176915402116914,-0.29415381307263233,-0.48950392199760384,-0.07058833999442023,-0.0153570999856106,-0.052107276708727876,0.0712471563695135,118.5,4,PEuk1
-0.15458499327569017,-0.19448400986315204,-0.1274360002628034,-0.1296199252863128,-0.33369937386376164,-0.4288821691235891,-0.3312568816715824,-0.5079315790222003,-0.13363822379853574,-0.15823035719052442,-0.12427113070043481,-0.12238588528690163,118.7,4,PEuk1
-0.164457158782406,-0.22571852721732433,-0.12477649289378333,-0.12334261083423312,-0.30558046427088775,-0.4061476533544792,-0.32874991757705874,-0.5018828061057297,-0.14544457586610715,-0.18618243566233297,-0.12956587112337478,-0.14459430463906056,119.2,4,PEuk1
-0.15378616448612134,-0.24296592524070873,-0.12722789557477665,-0.13073901294116924,-0.32522686398643286,-0.4462277626363174,-0.33747415262600106,-0.5035708357568378,-0.13665634641341132,-0.16666260131254934,-0.1282635176690469,-0.14684223001251082,119.2,4,PEuk1
-0.1456507239186705,-0.1859961557969847,-0.09458602860479226,-0.06542077644464467,-0.31773667409488127,-0.43696555250816155,-0.31751871843359275,-0.4986474159411059,-0.13113765541818104,-0.14914947890526684,-0.12022934411803789,-0.10316567195326487,119.3,4,PEuk1
-0.13553276493824118,-0.16072572255718065,-0.12751712581915284,-0.13188705499847994,-0.31245670417132854,-0.4285453614825653,-0.31561342572175477,-0.4968187171524055,-0.1212395722459437,-0.13342878751156037,-0.10241255007963483,-0.0852725470931108,119.3,4,PEuk1
-0.06698872701872095,-0.0023239693308390163,-0.12436616218123338,-0.1277668435292413,-0.35641552353486067,-0.4415124556619835,-0.32513988928094467,-0.4942866726757434,-0.10470275182477554,-0.1034699970972507,-0.03741463400271831,-0.017180269465607193,119.5,4,PEuk1
-0.11513675780700336,-0.09764456725092888,-0.12860703003271678,-0.1367615286516516,-0.3161404041179932,-0.4187779398928736,-0.33877777395515335,-0.4986474159411059,-0.1104162334728233,-0.10197582197123255,-0.11528938273955275,-0.06964088932552412,119.8,4,PEuk1
-0.15238417144855826,-0.18265076942767386,-0.1203663195333968,-0.11839285573468045,-0.33394495386020595,-0.4559951842260091,-0.32774713193924926,-0.5038521740320224,-0.1426937241469579,-0.1771392013240487,-0.12569922862621505,-0.11464002195188033,120.1,4,PEuk1
-0.1600975587486458,-0.22086084290024283,-0.11245246272487593,-0.10170932904054619,-0.20440150573583055,-0.2987060158678709,-0.3243376607706971,-0.49484934922611273,-0.1369791099951147,-0.1711653965082048,-0.12336397415638573,-0.1425901302097194,120.3,4,PEuk1
-0.06691595921400315,0.050374049416260114,-0.10340284812746318,-0.0855715928326744,-0.32927893392776403,-0.44218607094403123,-0.32844908188571587,-0.49808473939073655,-0.08239922207717346,-0.038007173310637674,-0.08136382373330772,0.04908387608107845,121.7,4,PEuk1
-0.11168594680105223,-0.10705223890004764,-0.12019701402449366,-0.12212797365127767,-0.35224066359530737,-0.44774339702092475,-0.3211287467297068,-0.4934426578501893,-0.09779447867252751,-0.07733061945661923,-0.06567121308765328,-0.01691394898963618,122.4,4,PEuk1
-0.143097382504239,-0.15106927462228145,-0.1310443239213015,-0.13941230419633743,-0.2946521544291158,-0.42517728507232677,-0.3176189969973737,-0.49147328992389655,-0.13920447995317492,-0.1727667120986855,-0.12033862205156194,-0.13424391732717023,122.8,4,PEuk1
-0.10514654675041196,-0.051689695197352586,-0.13058696390072289,-0.13667466544428886,-0.3421718837410905,-0.4458909549952936,-0.3222318109312972,-0.5035708357568378,-0.09558383126380814,-0.07552081431367089,-0.08190422556895412,-0.003972579419993964,122.9,4,PEuk1
-0.15188449918949598,-0.20218625460580217,-0.12746656931302205,-0.1324342932048651,-0.285442904562454,-0.42180920866208826,-0.3461983876749434,-0.500757453004991,-0.139008556796562,-0.1749239998290799,-0.10565645805150674,-0.13352620621396022,123.2,4,PEuk1
-0.08397758382683833,0.0010246904106531514,-0.12541374001757152,-0.1284733309491248,-0.31294786416421716,-0.4342710913799707,-0.34008139528430564,-0.502445482656099,-0.10123729021069702,-0.0876276867979381,-0.05168812847055338,-0.015591374422525901,124.4,4,PEuk1
-0.127906699003815,-0.14342922395107643,-0.1276441049508302,-0.13224608958891254,-0.3521178735970852,-0.4600368759182953,-0.320727632474583,-0.49850674680351353,-0.1155611982155549,-0.11196305067207868,-0.11705729012985304,-0.08681178916609579,124.5,4,PEuk1
-0.16955252217497957,-0.234026345813519,-0.13067749531867803,-0.13855670160381459,-0.31356181415532797,-0.44201766712351925,-0.3265437891738779,-0.5006167838673986,-0.148181837539711,-0.19279329188849467,-0.13116462226041178,-0.1697141936014111,124.8,4,PEuk1
-0.1492308999107866,-0.1780254945354662,-0.11866033138465756,-0.1105853011128941,-0.3113515941873291,-0.41507305584161125,-0.3302540960337729,-0.5051181962703535,-0.10833469149678529,-0.10174416691293517,-0.10499180870240146,-0.05691167335538424,124.9,4,PEuk1
-0.055459072626766165,0.06085538714085241,-0.10915570823206765,-0.0957041859715364,-0.3281738239437646,-0.4440385129696624,-0.3330618958196394,-0.4987880850786982,-0.038250826619126745,0.0491327725561534,-0.07934592435809622,-0.018918123418977355,125.1,4,PEuk1
-0.11834177533924099,-0.12391337900603606,-0.12204761729542099,-0.12026186241310177,-0.2747601747171264,-0.40968413358522965,-0.3461983876749434,-0.5097602778109007,-0.12301873570859642,-0.140798314053646,-0.09643070593768738,-0.09358264872468085,125.9,4,PEuk1
-0.19382301064185883,-0.3167935614182399,-0.13114778839896452,-0.13526458604476727,-0.32068363405221306,-0.4263561118159102,-0.3333627315109822,-0.49653737887722077,-0.1539610044078949,-0.1895790779546184,-0.14109244767317344,-0.1989101400180298,126.1,4,PEuk1
-0.12588213697033288,-0.11519966225935752,-0.1259992549025282,-0.13062174761122958,-0.35395972357041755,-0.4394916098158404,-0.3346663528401346,-0.5000541073170293,-0.11693492531943636,-0.12955435666153656,-0.08844144112648278,-0.059764462182734734,126.3,4,PEuk1
-0.08586792968717426,-0.022108230794747778,-0.11209151278575605,-0.10200032078521133,-0.3233850140131005,-0.4351131104825303,-0.34038223097564846,-0.5063842185086845,-0.10018972419990531,-0.08997608995142788,-0.06789120179198463,-0.016038251153392514,126.8,4,PEuk1
-0.0022399343808161267,0.27059670965904464,-0.12505631727655378,-0.12530716704075345,-0.2655509248504646,-0.4048004227903838,-0.3371733169346582,-0.49653737887722077,-0.13051024831550145,-0.15443990129913343,-0.10427626278151786,-0.11348446192054848,126.8,4,PEuk1
-0.1357510683523946,-0.14011329793139748,-0.13065515639736444,-0.13686576450048685,-0.3096325342122189,-0.42164080484157634,-0.34359114501663873,-0.5121516531499705,-0.11627354310289327,-0.11897061618557465,-0.07858546969740819,-0.05337728466580284,127.0,4,PEuk1
-0.16837530080087815,-0.26565694120163125,-0.1314581818319536,-0.13892297479486077,-0.3063172042602207,-0.4248404774313029,-0.3461983876749434,-0.5113076383244164,-0.13790436559599775,-0.17026773315730243,-0.12310500042351362,-0.15201516671526977,127.9,4,PEuk1
-0.19513929937608762,-0.33185762019668263,-0.1269774645095241,-0.12366255698135249,-0.34229467373931266,-0.46980429750798697,-0.3331621743834204,-0.5066655567838693,-0.1503120771789534,-0.16391459318349658,-0.13401632723799184,-0.17689581863988363,127.9,4,PEuk1
-0.13366829207513825,-0.10860054394181283,-0.1192505492004171,-0.11536712067821216,-0.34855696364864264,-0.45784762625164027,-0.3202262396556783,-0.49752206284036715,-0.12015350110610666,-0.12427551702058483,-0.11038235443692418,-0.07493118759396523,128.0,4,PEuk1
-0.150744470248917,-0.18033649529547935,-0.11126262123175111,-0.09670745601657589,-0.3091413742193303,-0.4248404774313029,-0.3032791623766984,-0.4813451120172481,-0.11872428131624814,-0.12603319977541627,-0.10477774370933378,-0.08468573926470009,128.3,4,PEuk1
-0.11956912564548135,-0.14144556040919545,-0.10476317086219185,-0.09141169580769502,-0.30582604426733206,-0.42450366979027904,-0.30989754758624083,-0.49752206284036715,-0.10841056925108047,-0.10909052794919107,-0.08796690544254951,-0.042273074989723367,128.4,4,PEuk1
-0.10499939407864929,-0.10355955078257731,-0.12488113310414707,-0.13363445318659345,-0.3298928839188748,-0.4255140927133506,-0.3461983876749434,-0.5091976012605314,-0.11476844555873955,-0.1229695616294333,-0.08723189906775067,-0.07909752317568124,128.4,4,PEuk1
-0.14348062627575278,-0.18149199567548593,-0.12665531374952785,-0.13092287339675368,-0.29784469438289185,-0.4229880354056717,-0.33947972390161996,-0.5079315790222003,-0.13730300608061355,-0.17116829219643354,-0.10653966326766014,-0.13895192167357304,128.5,4,PEuk1
-0.14808601978322644,-0.1990045368455574,-0.11002339896519621,-0.09786128895437743,-0.3233850140131005,-0.440502032738912,-0.3122039545532026,-0.4954120257764821,-0.13486132789762226,-0.16786720761569576,-0.1122625336767355,-0.11095667435201007,128.9,4,PEuk1
-0.07738320365707793,0.001954328110148533,-0.12816260307184604,-0.13339847480659137,-0.2371864352611464,-0.38577079107253626,-0.311502004606736,-0.4900665985479732,-0.09833355047916195,-0.08230251614532691,-0.08662413412239764,-0.03027511185191067,129.3,4,PEuk1
-0.13443316255583876,-0.1351803260541456,-0.1278475067080541,-0.1308548305509862,-0.35641552353486067,-0.46508899053365305,-0.3440925378355435,-0.5093382703981237,-0.12244455628430302,-0.13241240094328058,-0.13088020024165054,-0.12085115712028902,129.7,4,PEuk1
-0.11053621548651088,-0.03072701974816799,-0.12813673695243027,-0.133460726771868,-0.31331623415888366,-0.4233248430466956,-0.3295521460873063,-0.49991343817943695,-0.09975937275763412,-0.08367217667751022,-0.09751150960898018,-0.045026557876881285,130.5,4,PEuk1
-0.15255881417988099,-0.19840223636419418,-0.1225343706335175,-0.12198175391888375,-0.31331623415888366,-0.4442069167901743,-0.3460981091111624,-0.5070875641966462,-0.12155667330866983,-0.13536600293657228,-0.11774888472284095,-0.08510101865095998,130.5,4,PEuk1
-0.14178432789466433,-0.18379317631895514,-0.12520798679494619,-0.12794346538421217,-0.23276599532514877,-0.3103258794831937,-0.32985298177864913,-0.4951306875012974,-0.1374457015588403,-0.17182850911258107,-0.1026745177284939,-0.12368589032214995,130.7,4,PEuk1
-0.1440595345888411,-0.18986528171530703,-0.12887274562307863,-0.13611005459643113,-0.3158948241215489,-0.4351131104825303,-0.3010730339735176,-0.4909106133735272,-0.1301184020022756,-0.1488946583411397,-0.1216529511698377,-0.10907437539472342,130.7,4,PEuk1
-0.08777606323310787,-0.010396105129978494,-0.12705859006587353,-0.1336547212683114,-0.3384881837944258,-0.4556583765849852,-0.3434908664528578,-0.5091976012605314,-0.08949322585187537,-0.0679427982191176,-0.06361588976260477,-0.005150708983187762,130.9,4,PEuk1
-0.13210297574254187,-0.17896822572368687,-0.12385119125831967,-0.12693295673855914,-0.30840463422999737,-0.40597924953396725,-0.31852150407140223,-0.49470868008852037,-0.12597004059954042,-0.13666906263949508,-0.10844379383536713,-0.10234865489986228,131.1,4,PEuk1
-0.13569932235792861,-0.11256132428121217,-0.12790394187768847,-0.13317552590769371,-0.33713749381398206,-0.451616684892699,-0.3198251254005545,-0.5025861517936914,-0.1270889543494455,-0.1464709672937033,-0.11183739760658708,-0.09542432252461597,132.6,4,PEuk1
-0.13314274681884297,-0.15238189686699147,-0.11903068718538316,-0.1150384882103565,-0.2898633444984517,-0.4036215960468003,-0.3410841809221151,-0.5072282333342386,-0.12600514821719938,-0.13437278187412222,-0.11991348598141353,-0.08627914821415378,133.6,4,PEuk1
-0.015289627360209546,0.24278613960653492,-0.11752692506116713,-0.11212133216309163,-0.2637090748771323,-0.37448773509823724,-0.32714546055656357,-0.49245797388704293,-0.08080578923697461,-0.038178018916132,-0.09274070448375833,0.06160545235808839,134.2,4,PEuk1
-0.16267192197332914,-0.2330050536929466,-0.12433441739831404,-0.12693585217880457,-0.29649400440244816,-0.4297241882261487,-0.3202262396556783,-0.4872532157961264,-0.14911049065198043,-0.19661560035040154,-0.13592644563767275,-0.17788887804180945,134.2,4,PEuk1
-0.16263796366446082,-0.20928292549490773,-0.12844477892001793,-0.13299890405272283,-0.3432769937250899,-0.4415124556619835,-0.32794768906681115,-0.5056808728207228,-0.14016031315653515,-0.17393077876662988,-0.1313996446653882,-0.14504569527629957,134.4,4,PEuk1
-0.1614526569787241,-0.2027656414818961,-0.12957113084730407,-0.135245765683172,-0.3041069842922219,-0.40884211448267,-0.32995326034243005,-0.5068062259214616,-0.1439700559244306,-0.1837182049796945,-0.12751204475631975,-0.1518752356177257,135.4,4,PEuk1
-0.16632486577016303,-0.19379660170507446,-0.1288633397614729,-0.13034668078791425,-0.18647416599539565,-0.2296604494579815,-0.32614267491875415,-0.500335445592214,-0.14490437155567729,-0.17937177694838977,-0.13595788175553586,-0.16579160896380415,135.6,4,PEuk1
-0.11648377072544633,-0.11500325992847821,-0.12786631843126556,-0.13657911591618987,-0.31699993410554833,-0.42450366979027904,-0.2659755366501864,-0.4736083094496695,-0.1453200004486076,-0.1916987217380395,-0.10680013395852572,-0.146485631409092,135.9,4,PEuk1
-0.14038718604408246,-0.13433252265918325,-0.11912944873224333,-0.11535553891723047,-0.32952451392420834,-0.4514482810721871,-0.3036802766318222,-0.4902072676855655,-0.12667219295271973,-0.14788116746108862,-0.10305923593281834,-0.09248576947619007,136.4,4,PEuk1
-0.09223106994416472,-0.05978801797394264,-0.10652912137866762,-0.09138129368511806,-0.3309979939028742,-0.44454372443119816,-0.31721788274224993,-0.4772657070270703,-0.08669820648470354,-0.060269224413016624,-0.07980249654610772,-0.021716745369859174,136.8,4,PEuk1
-0.19020725927854737,-0.3075528317503685,-0.13356979776243993,-0.14004495788996263,-0.3267003439650987,-0.43898639835430464,-0.3324602244369537,-0.5108856309116394,-0.1557911305413429,-0.20904678991628511,-0.14515818558346605,-0.21911889884721997,137.1,4,PEuk1
-0.1424861329446094,-0.16371758473090875,-0.11702018426715843,-0.11160015291891527,-0.30508930427799913,-0.4086737106621581,-0.3135075758823549,-0.4969593862899978,-0.1349451331784856,-0.15909616797091092,-0.12486841693983347,-0.12407860017654788,137.3,4,PEuk1
-0.035945981526104405,0.11938000837070428,-0.11962795939734701,-0.11590422484373834,-0.29575726441311523,-0.42500888125181485,-0.322733203750202,-0.49667804801481313,-0.035080948495660805,0.05353711435203248,-0.08496251074963446,-0.04127550168142517,137.8,4,PEuk1
-0.13817666184298816,-0.15568472939794514,-0.12799564902834434,-0.1325182609719824,-0.32227990402910106,-0.44437532061068624,-0.3019755410475461,-0.49217663561185826,-0.10666085088710946,-0.09469027038777972,-0.08895190380225958,-0.05116547054333173,138.1,4,PEuk1
-0.15455912027845717,-0.19197006002789693,-0.12862113882512538,-0.13413970750941998,-0.30300187430822245,-0.4277033423800056,-0.3438919807079816,-0.5063842185086845,-0.13026109748050235,-0.148112822519386,-0.10230327214611076,-0.11210772047696953,138.1,4,PEuk1
-0.10964198001964538,-0.0772121780951184,-0.1229552829403739,-0.12325864306711581,-0.29330146444867206,-0.3982326737904187,-0.3321593887456109,-0.5045555197199841,-0.11048305119675488,-0.10888493408495215,-0.09621813790261317,-0.03199039627341888,138.4,4,PEuk1
-0.07734277709890137,0.06998482215455883,-0.12268486441920919,-0.12136068198624025,-0.30558046427088775,-0.40412680750833607,-0.33205911018182993,-0.493723996125374,-0.08457362936443841,-0.04978972871328855,-0.04456709929556739,0.038995295338786734,138.6,4,PEuk1
-0.08107172282510723,-0.019247303508272553,-0.11396092777989483,-0.10910138798711419,-0.2996865443562242,-0.42652451563642213,-0.3457972734198196,-0.5061028802334999,-0.09077861765971168,-0.070079816131911,-0.06934325104566055,-0.00488890241358914,138.7,4,PEuk1
-0.07075971636543042,-0.006317483392051572,-0.12497989465100724,-0.13087220319245876,-0.2966167944006703,-0.40193755784168106,-0.33687248124331537,-0.4979440702531442,-0.09408892625381349,-0.07091377434178159,-0.06928037880993439,-0.016363252412204595,139.4,4,PEuk1
-0.16871003270258006,-0.25649804583829294,-0.12450960157072075,-0.12494668473019813,-0.33922492378375874,-0.44976424286706784,-0.33877777395515335,-0.5052588654079458,-0.13428488346573797,-0.1647051160699364,-0.12699559424856904,-0.12716611213526266,139.6,4,PEuk1
-0.11606980276971836,-0.13575643955805822,-0.11288865955684164,-0.10308611087724541,-0.26628766483979754,-0.37246688925209415,-0.32423738220691617,-0.5023048135185068,-0.10823389865899019,-0.10392751583738805,-0.08512867308691079,-0.04794705529981764,140.2,4,PEuk1
-0.1052435704900357,-0.04471741245113722,-0.12686694563565676,-0.12858770083881907,-0.32657755396687654,-0.44892222376450824,-0.3315577173629252,-0.48865990717204977,-0.10172426684274073,-0.09689678481806233,-0.06745259309989488,-0.027056696608396578,140.3,4,PEuk1
-0.15656751168866864,-0.2157543822973809,-0.10944728994184527,-0.09454600987336673,-0.302633504313556,-0.4253456888928387,-0.3195242897092117,-0.4969593862899978,-0.12372994809213933,-0.13084004223508705,-0.09569420260489504,-0.07651556873067414,140.8,4,PEuk1
-0.08927346294796763,0.0024551540538907636,-0.1196338380608506,-0.11723467963651077,-0.18500068601672975,-0.2594679256885923,-0.31701732561468804,-0.4958340331892591,-0.0957310567572167,-0.081164510671441,-0.09445023051231288,-0.02009173907579876,141.0,4,PEuk1
-0.13402081166243784,-0.14736054394084389,-0.11894368296553016,-0.11446663876188523,-0.2993181743615578,-0.43578672576457805,-0.32423738220691617,-0.4944273418133357,-0.11869483621756642,-0.1337212520226608,-0.10757705515714201,-0.088527073587604,141.0,4,PEuk1
-0.1132819873178628,-0.13283331820013788,-0.10789414704419914,-0.09323437544218956,-0.31024648420332973,-0.40378999986731223,-0.3461983876749434,-0.5045555197199841,-0.10764839419674228,-0.09680122710651466,-0.0725691955216107,-0.050393592553653034,141.2,4,PEuk1
-0.11166815911545455,-0.05825935316526538,-0.130731579022911,-0.13562941151569072,-0.28360105458912166,-0.41591507494417085,-0.3265437891738779,-0.4882378997592728,-0.12123843974214825,-0.1271393526787863,-0.11352746318122638,-0.07904787020558494,141.3,4,PEuk1
-0.09859582726348226,-0.0601120818198935,-0.11737878274087689,-0.11452599528691643,-0.31257949416955066,-0.43780757161072115,-0.3132067401910121,-0.49921009249147524,-0.09876390192143314,-0.08589316954893642,-0.09107309327902123,-0.02911955182057882,141.5,4,PEuk1
-0.11847760857471423,-0.09666255559653235,-0.12584170672063222,-0.1313311304713585,-0.35641552353486067,-0.46980429750798697,-0.322733203750202,-0.493301988712597,-0.1256042418736099,-0.1544862323107929,-0.10258320329089159,-0.13508801781880717,141.6,4,PEuk1
-0.07336318671200086,0.0493789442731383,-0.12949823541985966,-0.13643000074355052,-0.3528546135864181,-0.42787174620051754,-0.3333627315109822,-0.501179460417768,-0.096159143191897,-0.07356043338282925,-0.07810045530752056,-0.02189278771838238,142.0,4,PEuk1
-0.16239217019074734,-0.23608529691557037,-0.12823314703388902,-0.13383423856352772,-0.26211280490024425,-0.3421542015599476,-0.29315102743482285,-0.46418347723098274,-0.13986359716212712,-0.1760591096147371,-0.11904375338720145,-0.14024741280244898,142.0,4,PEuk1
-0.12858263105652706,-0.11764159790662355,-0.1283401387096542,-0.1341426029496654,-0.3219115340344346,-0.4174307093287782,-0.3141092472650406,-0.49991343817943695,-0.13500062586446268,-0.16611531623732176,-0.12021587149609655,-0.11385460224308447,142.0,4,PEuk1
-0.17613073172146934,-0.25566006255987456,-0.1263460960492395,-0.1268214822891103,-0.32633197397043223,-0.4408388403799358,-0.33015381746999195,-0.5032894974816531,-0.14092248821087333,-0.17601567429130635,-0.1274626451425349,-0.14466652714101882,142.2,4,PEuk1
-0.15371339668140352,-0.18521054647346746,-0.125258543301077,-0.12560684510615486,-0.3381198137997593,-0.4388179945337927,-0.32614267491875415,-0.4890819145848268,-0.1409621258437141,-0.17382074261393862,-0.13061374171881102,-0.14053630281028193,142.4,4,PEuk1
-0.1634513460149732,-0.23345023230960635,-0.11640410033198313,-0.11153066235302508,-0.2778299246726803,-0.41187338325188466,-0.3333627315109822,-0.5038521740320224,-0.131069705190454,-0.14808676132532755,-0.10962489369222313,-0.09778058165100358,142.5,4,PEuk1
-0.15490193749179437,-0.20643836506933913,-0.12556893673406608,-0.12515515642786867,-0.35641552353486067,-0.46980429750798697,-0.3154128685941929,-0.500757453004991,-0.13149779162513428,-0.15364358703623615,-0.12710038130811266,-0.11147125967846253,142.6,4,PEuk1
-0.13227923553619167,-0.15379272027714114,-0.1285576492592867,-0.13439884941138544,-0.32522686398643286,-0.44572255117478166,-0.3461983876749434,-0.507368902471831,-0.12844229638500884,-0.14800857774315218,-0.11438072923751018,-0.0989903085588041,142.6,4,PEuk1
-0.16451375596385318,-0.25004950264108905,-0.12550427143552667,-0.12479756955755879,-0.31921015407354714,-0.45094306961065134,-0.3204267967832402,-0.49850674680351353,-0.13353290094555884,-0.1614156142421135,-0.10089762859023273,-0.10953479384470721,143.7,4,PEuk1
-0.1719150502348177,-0.26486478513375133,-0.12935362029767158,-0.1358784193767972,-0.3306296239082077,-0.4330922646363872,-0.3239365465155733,-0.501179460417768,-0.14354989701631848,-0.18337651376870584,-0.12280860274080452,-0.1398276195098167,144.2,4,PEuk1
-0.09223106994416472,-0.036461967809843725,-0.1221569604365876,-0.12327601570858837,-0.2955116844166709,-0.4027795769442407,-0.318922618326526,-0.48865990717204977,-0.10004476371408765,-0.07740011597410844,-0.08107940171454645,-0.011190315709445621,144.6,4,PEuk1
-0.11273056906433454,-0.0991830521761501,-0.12702802101565489,-0.13441187889248984,-0.29612563440778167,-0.43780757161072115,-0.31561342572175477,-0.4880972306216804,-0.11613990765503011,-0.12382378965690492,-0.07341946766190753,-0.07949926084282395,144.7,4,PEuk1
-0.10422805534864053,-0.06904184113053928,-0.1272902094079146,-0.13466088675359633,-0.3014056043313344,-0.41928315135440936,-0.3129059044996692,-0.4942866726757434,-0.11767218529027464,-0.12699456826735042,-0.072317706578706,-0.07214610736220059,145.0,4,PEuk1
-0.1548534256219825,-0.22978078209434466,-0.1289056661386987,-0.1343930585308946,-0.32289385402021187,-0.42113559338004053,-0.333763845766106,-0.49850674680351353,-0.13725091090602282,-0.16756895172813785,-0.1318202898615562,-0.1596526962973537,145.2,4,PEuk1
-0.12399664229697814,-0.1226564040884085,-0.11985605154128595,-0.11832191744866756,-0.3136846041535501,-0.4196199589954332,-0.32423738220691617,-0.4990694233538829,-0.12193153206496395,-0.12815573924706608,-0.09518523688711172,-0.07452944992682252,145.6,4,PEuk1
-0.14519309528011184,-0.16117090117384042,-0.11979256197544728,-0.11345323467598677,-0.31061485419799617,-0.4327554569953634,-0.33817610257246766,-0.5014607986929527,-0.12199721728510007,-0.13006978916624823,-0.1261064012004417,-0.107819509423199,145.7,4,PEuk1
-0.03160740330259604,0.10366127515599716,-0.09834131885087986,-0.07651755118523293,-0.29845864437400266,-0.4342710913799707,-0.33747415262600106,-0.5037115048944301,-0.06717837106631878,0.0007139696837706689,-0.04652961122502012,0.1006733120111241,145.9,4,PEuk1
-0.08285049138487585,0.016056015467282705,-0.10990935289322674,-0.098431690682726,-0.27144484476512815,-0.4024427693032168,-0.34098390235833415,-0.5023048135185068,-0.11872428131624814,-0.12373691901004341,-0.10554418620199571,-0.051950890252127596,146.2,4,PEuk1
-0.13214501936304549,-0.14856187153138897,-0.1266952886613522,-0.12945054203195547,-0.3162631941162154,-0.42719813091846986,-0.322733203750202,-0.4996320999042523,-0.13660764875020692,-0.17153314891325191,-0.12489236826772915,-0.12697652806762227,146.7,4,PEuk1
-0.1541273646371315,-0.21740416187676706,-0.1261227068361034,-0.12992684195232776,-0.33480448384776107,-0.4588580491747118,-0.3365716455519725,-0.5010387912801757,-0.13504479351248524,-0.15810005122023216,-0.1354758612816352,-0.1538613544215773,146.8,4,PEuk1
-0.08024702103830542,-0.005780650354314802,-0.11125791830094825,-0.10235501221527579,-0.24848311509758483,-0.379539849713595,-0.3384769382638105,-0.5059622110959076,-0.09099832339602908,-0.05906751379809893,-0.08141022943110561,0.001421538695012122,146.9,4,PEuk1
-0.19297243585782403,-0.32580842840560004,-0.13278793551646365,-0.1391068352504452,-0.3451188436984223,-0.456163588046521,-0.33747415262600106,-0.5125736605627474,-0.14929169125925248,-0.18481277513014965,-0.12525014122817096,-0.18458300119206383,147.3,4,PEuk1
-0.09175403655768131,-0.049846786659268436,-0.11273111137494567,-0.09979689075844352,-0.33443611385309463,-0.4253456888928387,-0.3230340394415448,-0.4994914307666599,-0.11015802260746059,-0.11606044951571372,-0.08619151326228182,-0.09064409567625493,147.4,4,PEuk1
-0.15567974447111138,-0.19937770127422808,-0.11011393038315137,-0.0951410228438014,-0.34622395368242165,-0.45111147343116326,-0.3235354322604495,-0.48626853183298,-0.11906516495867873,-0.11742142298321087,-0.11643156168857825,-0.10147295706361861,147.5,4,PEuk1
-0.1490206818082685,-0.19840223636419418,-0.1313417842945827,-0.14088463556113565,-0.29366983444333855,-0.3955382126622279,-0.3163153756682214,-0.4909106133735272,-0.13568465815691477,-0.16459507991724515,-0.11363674111475044,-0.1318650886689207,147.8,4,PEuk1
-0.056429310023003595,0.13521985635612033,-0.12858821830950531,-0.13468984115605057,-0.31356181415532797,-0.4320818417133157,-0.3222318109312972,-0.500335445592214,-0.06407191315539808,-0.016903397499745662,-0.07489397128548567,-0.05608562848923686,147.9,4,PEuk1
-0.09761103630630126,-0.06368333086971555,-0.12691515067638615,-0.13155552709037888,-0.33185752389042933,-0.4435333015081266,-0.34228752368748644,-0.5052588654079458,-0.12399042396509295,-0.1386584004526239,-0.09537235663629677,-0.09504515438933521,148.0,4,PEuk1
-0.1422548930318395,-0.18152800276948047,-0.11490504113856996,-0.10706734121470368,-0.3311207839010964,-0.43662874486713765,-0.3328613386920775,-0.502445482656099,-0.13986019965074076,-0.17785154062831315,-0.1176695459491865,-0.1299557062733997,148.1,4,PEuk1
-0.06771640506589902,-0.04454065035334585,-0.12071903934361167,-0.12506974094062867,-0.35616994353841636,-0.4319134378928038,-0.26336829399188183,-0.48894124544723444,-0.12292587039736948,-0.14769873910267944,-0.0901075553732264,-0.10267365615867437,148.2,4,PEuk1
-0.1537101625567494,-0.23861234023955077,-0.13235996881340295,-0.14001889892775382,-0.35641552353486067,-0.4512798772516752,-0.343190030761515,-0.5068062259214616,-0.14330867370788752,-0.1845695373189374,-0.11902129901729924,-0.14697313329731013,148.7,4,PEuk1
-0.15761698513893213,-0.2411590237966191,-0.12782751925214192,-0.13465220043286005,-0.33406774385842813,-0.451616684892699,-0.33727359549843916,-0.4917546281990813,-0.14206631704427833,-0.18269023565849984,-0.12268285826935217,-0.15138773372950756,148.9,4,PEuk1
-0.14022062862439502,-0.14200530705220146,-0.11612192448381124,-0.10976444380331633,-0.3044753542868883,-0.4293873805851249,-0.333763845766106,-0.49921009249147524,-0.1181965345475682,-0.13195488220314322,-0.10054284954577788,-0.08617081446121641,149.2,4,PEuk1
-0.1304244650470511,-0.12864994855240866,-0.12616033028252632,-0.12689531601536863,-0.2648141848611317,-0.3948645973801802,-0.34188640943236265,-0.5117296457371935,-0.11489415348003457,-0.11427960125505256,-0.10039914157840377,-0.0699207515206123,149.3,4,PEuk1
-0.12862629173935775,-0.12035195007275798,-0.12698804610383055,-0.13169740366240465,-0.2606393249215784,-0.3850971757904885,-0.33617053129684876,-0.5076502407470156,-0.12047399968021916,-0.1369412573329945,-0.103161029076375,-0.0864506766563046,149.4,4,PEuk1
-0.13258809444066058,-0.12988400986476697,-0.1273619291026583,-0.13379225467996908,-0.31282507416599503,-0.4406704365594239,-0.3459978305473815,-0.5045555197199841,-0.12425882736461472,-0.13780127673692355,-0.12595820235908717,-0.1091285422711921,149.7,4,PEuk1
-0.1557557464004833,-0.18392738457838934,-0.10885236919528286,-0.09055319777492675,-0.34082119376064673,-0.4502694543286036,-0.32704518199278265,-0.5062435493710922,-0.13728148850849997,-0.15878632933043815,-0.13174095108790174,-0.13522794891635126,150.0,4,PEuk1
-0.13207063449600062,-0.17817606965580698,-0.12145152081615787,-0.12387392411926847,-0.30103723433666796,-0.43999682127737616,-0.3178195541249356,-0.49738139370277484,-0.11872428131624814,-0.13599726297043266,-0.09605646643931728,-0.07949023303007917,150.3,4,PEuk1
-0.117563968359924,-0.13338979147096258,-0.1292325198294978,-0.13732469177938658,-0.35641552353486067,-0.41574667112365893,-0.31441008295638345,-0.4978034011155518,-0.12278090991155181,-0.13881766330520334,-0.11969043924038496,-0.10996361495008426,151.1,4,PEuk1
0.016540627485686372,0.284842425392157,-0.10449745527182999,-0.08486076225242277,-0.31282507416599503,-0.43696555250816155,-0.3249393321533828,-0.4986474159411059,-0.07693715627171571,-0.038354655898083755,-0.01388544826119426,0.06741484985935436,151.4,4,PEuk1
-0.19580714611716438,-0.3349051296974932,-0.13312772226697064,-0.14108876409843807,-0.33517285384242756,-0.4591948568157357,-0.31882233976274504,-0.47304563289930013,-0.1605906816264621,-0.22057452475480888,-0.14100113323557112,-0.21229838631853865,152.0,4,PEuk1
-0.15489870336714026,-0.24057309017616252,-0.12432148433860615,-0.12510882938394188,-0.28151362461934504,-0.411031364149325,-0.3060869621625649,-0.49738139370277484,-0.1369745799799329,-0.1636047545430238,-0.10939735607721411,-0.12491818676181243,152.6,4,PEuk1
-0.12877991266042868,-0.130911848729702,-0.12693513813229831,-0.129860246826683,-0.3095097442139968,-0.41827272843133784,-0.3093961547673361,-0.4875345540713111,-0.13976393682812746,-0.17464311807089433,-0.12836381385461007,-0.15900269377972956,154.5,4,PEuk1
-0.1425896249335414,-0.18448713122139537,-0.12476355983407546,-0.1251927971510592,-0.3147897141375495,-0.43578672576457805,-0.3233348751328876,-0.4934426578501893,-0.13211387368985936,-0.15711262153423952,-0.1222083225854189,-0.11351154535878283,155.1,4,PEuk1
0.019585555847544837,0.24937871117971694,-0.12012647006245068,-0.11995205030684138,-0.2684978848077964,-0.4101893450467654,-0.33015381746999195,-0.4968187171524055,-0.016669834293022084,0.08735296148699365,-0.04942323102641762,0.022749746304555014,156.6,4,PEuk1
-0.14904817186782857,-0.18628748592112232,-0.12021112281690226,-0.11674100707466595,-0.33443611385309463,-0.4507746657901394,-0.32704518199278265,-0.502023475243322,-0.1126925661016788,-0.10181076774219566,-0.12077872770164516,-0.07551799542237594,157.1,4,PEuk1
-0.09582094831024321,-0.059542515060343505,-0.12050740745748274,-0.1207902802578917,-0.26174443490557775,-0.39301215535454903,-0.3230340394415448,-0.4918952973366736,-0.14433472214656567,-0.18816598209900434,-0.12229814006502772,-0.13604947987612626,158.1,4,PEuk1
-0.1283918177019337,-0.12195917581378696,-0.12155145809571874,-0.11980872601469289,-0.35641552353486067,-0.46188931794392646,-0.33015381746999195,-0.49400533440055866,-0.12739926038939894,-0.14848347061266184,-0.10654565109963406,-0.11716329561404636,158.2,4,PEuk1
-0.12585464691077283,-0.17358025511323125,-0.11485095743433701,-0.10872787619545446,-0.32043805405576875,-0.4341026875594588,-0.3461983876749434,-0.507790909884608,-0.10580128050636252,-0.09267197569236373,-0.06598407730829066,-0.06862977429810875,158.6,4,PEuk1
-0.07927516657974092,0.02562080898110491,-0.11332250492340593,-0.10623345442402152,-0.35641552353486067,-0.4570056071490806,-0.3223320894950782,-0.49822540852832886,-0.117137643498822,-0.12849743045805473,-0.08650587444091269,-0.08825172529888821,158.7,4,PEuk1
-0.1893372797465878,-0.3053694925054269,-0.133697952626818,-0.14354844058692592,-0.32633197397043223,-0.4307346111492203,-0.3342652385850108,-0.5055402036831306,-0.1578749375249718,-0.20562987780639866,-0.1082551771281886,-0.12833972779208408,159.0,4,PEuk1
-0.16029484035254743,-0.2392768347923591,-0.12756062792907935,-0.1290335986366144,-0.2977219043846697,-0.4329238608158753,-0.3461983876749434,-0.5111669691868241,-0.13670617658041112,-0.16523502701579168,-0.1235480999895838,-0.1340227359149231,159.3,4,PEuk1
-0.12060242847247421,-0.11583796983471525,-0.1127840193464779,-0.10500723548008437,-0.24099292520603327,-0.3677515822777602,-0.31420952582882156,-0.4969593862899978,-0.10681487140329071,-0.09875871234912759,-0.11360979587086781,-0.04461579239699379,159.3,4,PEuk1
-0.10211778901182413,-0.048409776271668176,-0.12972044890029502,-0.13620994728489827,-0.2610076949162448,-0.43039780350819645,-0.3342652385850108,-0.5041335123072072,-0.12790662208976078,-0.1503280240143548,-0.12342984030809885,-0.10909694492658538,159.5,4,PEuk1
-0.12153385637286214,-0.10699004482860253,-0.1167133180322715,-0.1075595660564258,-0.3043525642886662,-0.4165886902262186,-0.3071900263641553,-0.48950392199760384,-0.11385904501099281,-0.11465893641301453,-0.08643551741521913,-0.07383430834547446,159.7,4,PEuk1
-0.10079179790363298,-0.08766078209789749,-0.12873400916439412,-0.1352066772398588,-0.3162631941162154,-0.4396600136363523,-0.32734601768412547,-0.4972407245651825,-0.12920220643175614,-0.1551030139035097,-0.10175089464651652,-0.12649805399214895,159.9,4,PEuk1
-0.17016215467228207,-0.22452047299896058,-0.11151422802970438,-0.0955478321982835,-0.3370147038157599,-0.4474065893799009,-0.3461983876749434,-0.510744961774047,-0.142314335375482,-0.1770204781066713,-0.12683691670126013,-0.15212801437457954,160.2,4,PEuk1
-0.1667921967826841,-0.2606486817642089,-0.12390645069525333,-0.12457896381902926,-0.2732866947384605,-0.39435938591864445,-0.33807582400868674,-0.501179460417768,-0.14189870648255165,-0.18553090581087156,-0.11956768868491957,-0.15381170145148101,160.8,4,PEuk1
-0.1717856852486527,-0.24100190193191567,-0.1244331789451742,-0.12254057388625061,-0.35138113360775225,-0.4669414325592842,-0.3123042331169836,-0.4848618404570566,-0.14742532500435007,-0.18943139785495383,-0.1337753170010415,-0.1558565010381737,160.9,4,PEuk1
-0.1292682654832015,-0.0961289959309769,-0.12815084574483887,-0.132505231490878,-0.34364536371975635,-0.4450489358927339,-0.34038223097564846,-0.4918952973366736,-0.11047625617398217,-0.10279530173995956,-0.11435228703563405,-0.06701830972316551,161.0,4,PEuk1
-0.10363297641228157,-0.06323815225305578,-0.08618189126007272,-0.05326137513398574,-0.28372384458734384,-0.37987665735461884,-0.3344657957125727,-0.502445482656099,-0.0954819059222176,-0.0720662582568111,-0.07453021049306995,0.00855351076338837,161.1,4,PEuk1
-0.14398838384645038,-0.17651646995987685,-0.12633669018763374,-0.12954753928017718,-0.2676383548202413,-0.4016007502006572,-0.324538217898259,-0.49499001836370504,-0.1395646161601282,-0.1758564114387269,-0.11800037366574564,-0.14946932352124181,161.1,4,PEuk1
-0.12055068247800821,-0.08998160297445462,-0.12270485187512135,-0.12296475588220526,-0.3184734140842142,-0.404295211328848,-0.3342652385850108,-0.5000541073170293,-0.11188169338413624,-0.12205452414915863,-0.09301464779656524,-0.08994444018853448,161.3,4,PEuk1
-0.06345382877176257,-0.007561364820953844,-0.11235605264341719,-0.10708326613605351,-0.11415085704254528,-0.20187381907351382,-0.2852290208961281,-0.47712503788947797,-0.07412514934761213,-0.019263383406150296,-0.02628774523717891,0.03676542559082606,161.4,4,PEuk1
-0.19409791123745945,-0.3312487729709568,-0.12964402627474847,-0.133737241315306,-0.33664633382109344,-0.4501010505080917,-0.33637108842441066,-0.5044148505823918,-0.14992702588850024,-0.20012227879537825,-0.13976015505897593,-0.20500842752712872,161.5,4,PEuk1
-0.16270264615754332,-0.23617040459228475,-0.12567004974632767,-0.12614539699180374,-0.3208064240504352,-0.43326066845689915,-0.34078334523077225,-0.5084942555725697,-0.1454298533167663,-0.18932425739049127,-0.11841802494592667,-0.15017349291533466,161.7,4,PEuk1
-0.10869276443365977,-0.09089160044086207,-0.12686694563565676,-0.12856308959673296,-0.33431332385487245,-0.43999682127737616,-0.3461983876749434,-0.5056808728207228,-0.10856798727864808,-0.10367559096148964,-0.08295059920639689,-0.07305340254305098,162.2,4,PEuk1
-0.12957874144999748,-0.16678800783698858,-0.11425956388587676,-0.10575715450364923,-0.2848289545713433,-0.4277033423800056,-0.31601453997687856,-0.49470868008852037,-0.1145113671971723,-0.1106628866573846,-0.1043496137231984,-0.0628564880478219,162.3,4,PEuk1
-0.16931804813755552,-0.26310698427238155,-0.11244305686327019,-0.10251426142877412,-0.3361551738282048,-0.43561832194406613,-0.3141092472650406,-0.48711254665853404,-0.14058839959121544,-0.18235144013573992,-0.12819016672736636,-0.1344425292075554,162.5,4,PEuk1
-0.15842228217780918,-0.22921121533479466,-0.12870108864877408,-0.13707857935852555,-0.2417296651953662,-0.3470379123547934,-0.33035437459755385,-0.5045555197199841,-0.14179564863716565,-0.1810310063034448,-0.12216940167758841,-0.15987387770960082,162.9,4,PEuk1
-0.052309035213648644,0.13054220750901152,-0.12812850682352528,-0.1343467314869678,-0.32522686398643286,-0.3989062890724664,-0.3103989404051456,-0.48415849476909495,-0.15046383268754376,-0.20501888759013928,-0.1396927919492693,-0.20100910648119116,163.1,4,PEuk1
-0.16253285461320177,-0.21848764806878457,-0.12700803355974272,-0.12912770044459068,-0.3550648335544169,-0.46980429750798697,-0.3219309752399544,-0.5013201295553603,-0.1497628128381599,-0.19961842904358143,-0.13697132231712206,-0.1613273555615104,163.1,4,PEuk1
-0.1320754856829818,-0.13009023231219025,-0.13055639485050427,-0.13582340601213413,-0.3324714738815401,-0.447069781738877,-0.3210284681659259,-0.500335445592214,-0.13863483054406334,-0.17603304842067866,-0.11241672035006396,-0.13252411899928962,163.5,4,PEuk1
-0.11913898706648275,-0.1140703488568015,-0.11838873713079212,-0.11528749607146299,-0.33480448384776107,-0.4362919372261138,-0.3060869621625649,-0.49217663561185826,-0.09224521007482007,-0.05763414812488384,-0.07190454617250543,-0.005019805698388451,163.7,4,PEuk1
-0.19478031153947978,-0.3348003817876909,-0.11517193246163254,-0.0823518632797627,-0.35555599354730555,-0.46980429750798697,-0.3333627315109822,-0.5023048135185068,-0.1491523932924121,-0.19945337481454456,-0.13625577639623845,-0.20030042318072594,164.3,4,PEuk1
-0.10915201013454548,-0.12542567695380671,-0.1278698456293677,-0.13203182701075114,-0.26690161483090835,-0.4135574214570039,-0.33035437459755385,-0.49752206284036715,-0.11479109563464857,-0.11417246079059001,-0.10974614728969503,-0.04795156920619003,164.5,4,PEuk1
-0.14676649692434354,-0.1384307846301981,-0.11486271476134417,-0.10546326731873867,-0.354328093565084,-0.43713395632867347,-0.32704518199278265,-0.4900665985479732,-0.14308217294879744,-0.17794999402808956,-0.13500881038766932,-0.1767604014487119,164.9,4,PEuk1
-0.14596119988546646,-0.1970339667924017,-0.1301531185341586,-0.1374187935873629,-0.27316390474023833,-0.42248282394413594,-0.3204267967832402,-0.49569336405166675,-0.14950120446141082,-0.19914064048584307,-0.12312296391943539,-0.16969162406954913,165.1,4,PEuk1
-0.1563977201443271,-0.2146905363384513,-0.1285517705957831,-0.13517917055752726,-0.34376815371797853,-0.4581844338926641,-0.3461983876749434,-0.5097602778109007,-0.12435735519481891,-0.14748735386198308,-0.10265206335859169,-0.11594905479987344,165.5,4,PEuk1
-0.14614716205307865,-0.19703069342022037,-0.13035887175678393,-0.13668335176502514,-0.3328398438762066,-0.444880532072222,-0.3461983876749434,-0.5106042926364548,-0.12307309589077804,-0.14122687591149616,-0.09580797141239955,-0.09529341923981666,165.6,4,PEuk1
-0.08870910819582285,-0.03643250746021183,-0.05488976543051055,0.011360507983514317,-0.33443611385309463,-0.420125170456969,-0.2994685769530224,-0.4907699442359349,-0.08579673346352495,-0.0579439867653566,-0.06593916856848625,0.005651068965941581,165.7,4,PEuk1
-0.13194935482147094,-0.1070620590165916,-0.1273772136277676,-0.130529093523376,-0.28630243455000914,-0.42113559338004053,-0.3312568816715824,-0.5041335123072072,-0.11891567445767927,-0.1287783122162403,-0.09135901225577597,-0.055069999555449105,165.9,4,PEuk1
-0.11406302842183394,-0.11717677905687586,-0.1242086139993374,-0.12357135061362164,-0.1768965461340674,-0.3040949381242525,-0.2997694126443653,-0.4765623613391086,-0.10245359928701085,-0.09059287154414467,-0.05803972123689048,-0.03779979377468485,166.6,4,PEuk1
-0.08836305685783151,-0.04724118240293631,-0.1255289618222417,-0.1292753678971073,-0.3375058638086485,-0.4384811868927688,-0.3333627315109822,-0.5034301666192454,-0.10283865057746402,-0.09070290769683592,-0.06455747634050389,-0.038242156599179074,166.7,4,PEuk1
-0.1548065308144977,-0.23573177271998763,-0.12732077845813322,-0.131378905235408,-0.35641552353486067,-0.43578672576457805,-0.32905075326840155,-0.5017421369681374,-0.12884660023998468,-0.15418218504677758,-0.09893511666077999,-0.11561502572831658,166.9,4,PEuk1
-0.14283865253190903,-0.1989750764959255,-0.11223495217524343,-0.09692750947522813,-0.3014056043313344,-0.4103577488672773,-0.3252401678447256,-0.4990694233538829,-0.13381602689442146,-0.16176309682955958,-0.10338706973339053,-0.13788663976968898,166.9,4,PEuk1
-0.14604852125112786,-0.21034022470947467,-0.12593694106939024,-0.12980812890226537,-0.2993181743615578,-0.43258705317485147,-0.3198251254005545,-0.48865990717204977,-0.13645702574541202,-0.1791922442782093,-0.09825100685775948,-0.1360314242506367,167.0,4,PEuk1
-0.1014612617070368,-0.06434127867816122,-0.1241286641756887,-0.12337880383730092,-0.31331623415888366,-0.4300609958671726,-0.31531259003041195,-0.49892875421629057,-0.0719065744123246,-0.03075636998592944,-0.10985243130723214,-0.11985809771836321,167.3,4,PEuk1
-0.15959303530260235,-0.2310377570119722,-0.1300813988394149,-0.13567718627974024,-0.2947749444273379,-0.42265122776464786,-0.31591426141309764,-0.48429916390668726,-0.1435306444517958,-0.18344311459796636,-0.1285359640238603,-0.1529991983044508,167.3,4,PEuk1
-0.1500653040715508,-0.215155355188199,-0.12076371718623888,-0.11982030777567458,-0.3478202236593097,-0.4462277626363174,-0.31591426141309764,-0.49555269491407444,-0.13666087642859312,-0.16651492121288475,-0.1228774628085046,-0.12921091172195534,168.6,4,PEuk1
-0.12450763399232986,-0.1297989021880526,-0.13050583834437346,-0.13826570985914946,-0.08087476752434078,-0.04037455520257746,-0.3105994975327075,-0.4688255587715299,-0.10518293343404655,-0.09039886043282061,-0.10737646278601565,-0.045180030693542546,168.6,4,PEuk1
-0.05287338996579342,0.09149087738584283,-0.12175721131834408,-0.12421992922859666,-0.350398813621975,-0.4147362482005874,-0.3089950405122123,-0.4876752232089034,-0.08894169650349099,-0.07969350105125259,-0.10742137152582006,-0.14083873453723206,168.7,4,PEuk1
-0.12182977877871455,-0.10179520317684487,-0.12388999043744331,-0.12483810572099473,-0.3114743841855513,-0.38779163691867935,-0.2988669055703368,-0.48950392199760384,-0.10578429294943077,-0.08876569227182403,-0.11294514652176253,-0.047784554670411594,168.8,4,PEuk1
-0.14091919954968596,-0.1662806351488837,-0.1305646249794093,-0.13736957110319067,-0.33148915389576283,-0.44757499320041283,-0.3252401678447256,-0.5056808728207228,-0.12758385850805737,-0.15068419366648703,-0.11035091831906109,-0.1235279035991163,168.9,4,PEuk1
-0.17894442017055787,-0.2846654134585667,-0.13013430681094715,-0.1367615286516516,-0.35641552353486067,-0.4620577217644384,-0.30528473365231734,-0.48345514908113324,-0.14513766733754008,-0.18502705605907474,-0.13349987673024113,-0.17678297098057388,168.9,4,PEuk1
-0.14312648962612612,-0.17569812691454642,-0.11766213432174949,-0.10878433728024023,-0.3157720341233268,-0.4393232059953285,-0.3219309752399544,-0.4993507616290676,-0.11211951918118085,-0.11015614121735906,-0.11473101740798458,-0.07548188417139683,169.3,4,PEuk1
-0.1501639448735016,-0.2400853577211456,-0.12970869157328788,-0.1361520384799898,-0.2921963544646727,-0.4347763028415065,-0.3099978261500218,-0.4925986430246353,-0.14414559401272545,-0.1911282711569822,-0.12319930877710289,-0.1502366876045481,169.5,4,PEuk1
-0.19340095737449556,-0.3152190693990241,-0.133697952626818,-0.1421571815489996,-0.34082119376064673,-0.4622261255849503,-0.3322596673093918,-0.5021641443809144,-0.14404253616733945,-0.18511682239416496,-0.13000597677345802,-0.18803162566056983,169.5,4,PEuk1
0.1323869725964354,0.5601297524691363,-0.10103374673552,-0.08247926265056135,-0.21655771555982406,-0.35916298743165204,-0.28141843547245216,-0.4900665985479732,-0.04733577206623063,0.026867825765545732,0.0555344817284632,0.20239419211293344,169.7,4,PEuk1
-0.13180220214970825,-0.17289284695515367,-0.11959386314902624,-0.11713333922792092,-0.21434749559182523,-0.3391229327907329,-0.34078334523077225,-0.5080722481597927,-0.12732338263510376,-0.14634645269986843,-0.1052103645694496,-0.0884819345238801,169.8,4,PEuk1
-0.01643289042544265,0.24234423436205646,-0.12023463747091657,-0.11633275000006113,-0.32068363405221306,-0.42265122776464786,-0.3461983876749434,-0.5041335123072072,-0.08695301983867991,-0.06300564978915452,-0.07619632473981357,0.009894140955988208,169.9,4,PEuk1
-0.14805529559901226,-0.21677240104577195,-0.12883629790935644,-0.1340716646636525,-0.35641552353486067,-0.45431114602088984,-0.3425883593788293,-0.4993507616290676,-0.1300130791492987,-0.15476132269252105,-0.10535257557883022,-0.10644728188599242,170.3,4,PEuk1
-0.1258384762875022,-0.14597590750814476,-0.1284330215930108,-0.13759831088257918,-0.3017739743260009,-0.43561832194406613,-0.3461983876749434,-0.5076502407470156,-0.12441171537700053,-0.14280792168437584,-0.09130063089403023,-0.11761017234491297,170.6,4,PEuk1
-0.1658672371316044,-0.19567879070933447,-0.13198491008187446,-0.1407340726683736,-0.3456100036913109,-0.45734241479010446,-0.32774713193924926,-0.4934426578501893,-0.1513754982428814,-0.20232589753743216,-0.12941467836603326,-0.16302458435752906,170.9,4,PEuk1
-0.14364556663311315,-0.15358649782971787,-0.1279709586416293,-0.13308287181984013,-0.33259426387976226,-0.44858541612348435,-0.33727359549843916,-0.4986474159411059,-0.13030979514370672,-0.1555373671378173,-0.11689112779257671,-0.10201011192193303,171.3,4,PEuk1
-0.09724881434503929,0.012638614909982781,-0.1268387280508396,-0.1322316123876854,-0.3041069842922219,-0.4108629603288131,-0.3450953234733529,-0.5027268209312837,-0.11930299075572334,-0.13449440077972835,-0.10172394940263388,-0.06779018771284422,171.3,4,PEuk1
-0.1278759748196008,-0.16409729590394206,-0.13023306835780732,-0.13750999995509375,-0.308895794222886,-0.43595512958509,-0.3260423963549732,-0.4951306875012974,-0.12955554761593668,-0.150397520531844,-0.09000725918766322,-0.07251173377836419,171.6,4,PEuk1
0.09342870701284849,0.54228332733657,-0.06844008480626497,-0.02096129147615605,-0.2724271647509054,-0.36067862181625937,-0.3331621743834204,-0.507368902471831,-0.04101187087243506,0.04804399378215568,-0.010562201515667898,0.14615994652569844,171.7,4,PEuk1
-0.14732923461416125,-0.2084940427992092,-0.12538552243275433,-0.12662604007254416,-0.32952451392420834,-0.4297241882261487,-0.31591426141309764,-0.49752206284036715,-0.1298432035799811,-0.15317448554318394,-0.10549478658821086,-0.12463381066035185,172.4,4,PEuk1
-0.10190271972232483,-0.06897964705909417,-0.12777108408250754,-0.13366775074941584,-0.3500304436273085,-0.4549847613029375,-0.3461983876749434,-0.5013201295553603,-0.11382393739333384,-0.11963952016640836,-0.09510739507145076,-0.07193846766907065,172.5,4,PEuk1
-0.09480866729350215,0.00546665646070679,-0.11740347312759192,-0.11615902358533568,-0.3447504737037558,-0.4362919372261138,-0.3229337608777639,-0.4944273418133357,-0.08529956429732218,-0.037291938318144494,-0.07988333227775565,0.019504247622806583,172.6,4,PEuk1
-0.142345448522155,-0.20096201340998782,-0.12431442994240186,-0.1275149402278894,-0.25781515496246876,-0.3914965209699417,-0.33887805251893427,-0.4987880850786982,-0.1273358401768537,-0.14949406580448418,-0.09963419604373532,-0.07488153462386894,172.7,4,PEuk1
-0.1957376124371007,-0.33581185379171935,-0.13057050364291287,-0.1326702715848672,-0.3239989640042113,-0.43326066845689915,-0.3325605030007347,-0.5096196086733084,-0.13480130519646338,-0.12205162846092991,-0.1351091065732325,-0.1661346658481058,172.7,4,PEuk1
-0.11199157158086702,-0.04460611779697228,-0.12363720790678932,-0.12452250273424348,-0.32178874403621244,-0.4440385129696624,-0.3249393321533828,-0.4993507616290676,-0.12194512211050935,-0.13673566346875557,-0.12065747410417325,-0.10857333178738814,172.8,4,PEuk1
-0.14372156856248508,-0.20823217302470345,-0.11841460325020788,-0.11605189229625498,-0.28912660450911876,-0.4255140927133506,-0.34098390235833415,-0.507790909884608,-0.14203347443421027,-0.17411031143681036,-0.1352677841205414,-0.16108811852377375,172.9,4,PEuk1
-0.15652708513049207,-0.18017937343077592,-0.11177524068926338,-0.09606032512172358,-0.3122111241748842,-0.4437017053286385,-0.33968028102918185,-0.5089162629853466,-0.1336642713858311,-0.1561222961600182,-0.11608875830807125,-0.11855809268311487,173.0,4,PEuk1
-0.1951279799397982,-0.3335957808249645,-0.13086678828349335,-0.13608399563422233,-0.34917091363975344,-0.46980429750798697,-0.320827911038364,-0.48669053924575706,-0.1629587470627491,-0.2176411925791182,-0.1387272540434745,-0.20478273220850923,173.1,4,PEuk1
-0.19540773172238,-0.32544835746565465,-0.1285799881806003,-0.1231124233347219,-0.335541223837094,-0.46054208737983104,-0.33095604598023953,-0.5045555197199841,-0.1628783392932721,-0.21109983287044573,-0.14260736916257555,-0.2148577712316838,173.1,4,PEuk1
-0.14481470269557925,-0.14836874257269098,-0.12621911691756213,-0.1281982641258095,-0.3241217540024334,-0.4506062619696275,-0.31852150407140223,-0.49667804801481313,-0.10873559784037476,-0.08905236540646704,-0.11825485652463731,-0.06733879707560521,173.2,4,PEuk1
-0.068830561009245,0.009774414251326234,-0.12227923663746208,-0.12666802395610283,-0.3225254840255454,-0.40985253740574157,-0.3211287467297068,-0.5014607986929527,-0.1137265420669251,-0.11269276410571545,-0.0817994385094105,-0.07262458143767393,173.5,4,PEuk1
-0.1302223322561683,-0.14482040712813818,-0.120315763027266,-0.11808449134854278,-0.34339978372331204,-0.43107141879024413,-0.311502004606736,-0.4983660776659212,-0.11784319336338765,-0.12856692697554395,-0.09398317961834701,-0.07587459402579476,173.9,4,PEuk1
-0.11752192473942037,-0.17088626980800342,-0.11676152307300086,-0.114809748430968,-0.3474518536646432,-0.44454372443119816,-0.3461983876749434,-0.5066655567838693,-0.1358307511465279,-0.16563173630312597,-0.11693753349037461,-0.12722479291810374,174.1,4,PEuk1
-0.11765937503722067,-0.10287214262449974,-0.12500811223582442,-0.13076217646313265,-0.3100009042068854,-0.42500888125181485,-0.31882233976274504,-0.4935833269877817,-0.11723730383282163,-0.11370046360930909,-0.10147096350173569,-0.05551236237994333,174.2,4,PEuk1
-0.11728745070199632,-0.10885586697195593,-0.12976747820832368,-0.13596528258415994,-0.3154036641286603,-0.4288821691235891,-0.3112011689153931,-0.4823297959803945,-0.12906970348768843,-0.14785221057880146,-0.12510643326079685,-0.13278141166251586,175.2,4,PEuk1
-0.12939601340703943,-0.16337715402405129,-0.11773032681839103,-0.109042031462083,-0.323016644018434,-0.4095157297647177,-0.3137081330099168,-0.4968187171524055,-0.1353913396738931,-0.16586628704965206,-0.12059160795246013,-0.1288227157739298,175.9,4,PEuk1
-0.1329778064614826,-0.15856529691750829,-0.12941005546730594,-0.13617954516232134,-0.30619441426199856,-0.41456784438007543,-0.343190030761515,-0.500757453004991,-0.13326449754603706,-0.16059903016161522,-0.12561390202058667,-0.10611325281443557,176.3,4,PEuk1
-0.1296418068807529,-0.11283956091662452,-0.12595222559449956,-0.12724421656494223,-0.3241217540024334,-0.4469013779183651,-0.3461983876749434,-0.5062435493710922,-0.1332135348752418,-0.15712709997538313,-0.11593756555072973,-0.1255230502157127,176.3,4,PEuk1
-0.14115367358711,-0.20087690573327344,-0.12923604702759994,-0.13523707936243576,-0.16142500635807566,-0.2697405587398197,-0.3454964377284767,-0.5052588654079458,-0.1322894117781542,-0.1622206155696969,-0.10271044472033741,-0.13302516260662492,176.4,4,PEuk1
-0.12258979807243388,-0.07876375650906492,-0.11886843607268434,-0.11342717571377794,-0.348065803655754,-0.44555414735426974,-0.3461983876749434,-0.5099009469484931,-0.09458383041242535,-0.06829317649479238,-0.1044020072529702,-0.014724704399027016,176.4,4,PEuk1
-0.1320593150597112,-0.16001867416601515,-0.1254560663947973,-0.1267838415659198,-0.3404528237659803,-0.4502694543286036,-0.3410841809221151,-0.5017421369681374,-0.11448871712126328,-0.11297364586390103,-0.1120260143137656,-0.058125914169557154,176.6,4,PEuk1
-0.17400106063672818,-0.22347626727311892,-0.13113720680465807,-0.13803552235963823,-0.35641552353486067,-0.46980429750798697,-0.3211287467297068,-0.4993507616290676,-0.15188172743944778,-0.19948522738506044,-0.1381629008799324,-0.1843708475925615,177.0,4,PEuk1
-0.184002591129609,-0.30217795462863817,-0.12947236930044392,-0.13285702748069705,-0.3333310038690952,-0.45330072309781827,-0.32995326034243005,-0.5082129172973849,-0.1549610052592777,-0.20885567449318979,-0.1370955698305809,-0.1893948253850316,177.4,4,PEuk1
-0.10781631665239196,-0.09969042486425499,-0.115451756844403,-0.10868154915152768,-0.23362552531270386,-0.3544476804573181,-0.3202262396556783,-0.49808473939073655,-0.09221802998372927,-0.06598531297650467,-0.07095996567861933,0.003190989992989014,177.6,4,PEuk1
-0.10601005803306328,-0.09854474460079236,-0.12555482794165748,-0.1271341898356161,-0.31921015407354714,-0.42467207361079096,-0.3102986618413646,-0.49667804801481313,-0.1259383304932678,-0.14725280311545696,-0.1027493656281679,-0.10567540389631373,177.7,4,PEuk1
-0.12853250212438813,-0.16057842080902118,-0.1309643740976528,-0.1381889806926457,-0.3232622240148783,-0.3994115005340022,-0.3315577173629252,-0.49470868008852037,-0.11526787973253322,-0.11818878036382097,-0.10997518186269753,-0.08042009774279152,178.2,4,PEuk1
-0.142293702527689,-0.19585227943494454,-0.12132454168448051,-0.11777323152215967,-0.31466692413932734,-0.442691282405567,-0.32744629624790644,-0.49808473939073655,-0.13237321705901753,-0.15611071340710334,-0.12137751089903731,-0.12202928668348281,178.5,4,PEuk1
-0.139779170609107,-0.19311574029135953,-0.1310019975440757,-0.13646908918686373,-0.33861097379264793,-0.44976424286706784,-0.3219309752399544,-0.4952713566388897,-0.13381489439062602,-0.1550190389448769,-0.12072184329789291,-0.11233792970196142,179.0,4,PEuk1
-0.15260409192503874,-0.19141686012925355,-0.12819317212206466,-0.13420485491494202,-0.26886625480246285,-0.4069896724570388,-0.33687248124331537,-0.5115889765996011,-0.13840266726599598,-0.16450531358215492,-0.13022902351448656,-0.13393697169384772,179.5,4,PEuk1
-0.07155207690569099,0.014962709158721237,-0.1252961667474999,-0.12960110492471755,-0.2622355948984664,-0.3770137924059161,-0.2985660698789939,-0.4844398330442796,-0.08856344023581052,-0.06194872358567269,-0.08619600413626227,0.01028685081038614,179.6,4,PEuk1
-0.1403726324831389,-0.18048707041582016,-0.12916197586745484,-0.13621718588551185,-0.3147897141375495,-0.44572255117478166,-0.3382763811362486,-0.5017421369681374,-0.12063821273055948,-0.13049545533586968,-0.10104283351560031,-0.09680106396819493,179.6,4,PEuk1
-0.14184739332541976,-0.19039556800868115,-0.11076998923015101,-0.1041386034064571,-0.3303840439117634,-0.4447121282517101,-0.3090953190759933,-0.48964459113519615,-0.1319213480446328,-0.15999962269827073,-0.12056017183459704,-0.1206751147717658,179.7,4,PEuk1
-0.14719178431636096,-0.22096886418222644,-0.12248381412738671,-0.12204545360428308,-0.26776114481846347,-0.40732648009806266,-0.2885382135008993,-0.4875345540713111,-0.1282701558081004,-0.15146023811178327,-0.09445172747030636,-0.11101084122847875,180.1,4,PEuk1
-0.10375102196215713,-0.06619728070497066,-0.12236976805541723,-0.12205703536526477,0.02963623087560036,-0.028586287766742692,-0.3032791623766984,-0.4819077885676175,-0.13307763441978773,-0.16005464077461634,-0.11769499423507566,-0.1300098731498684,180.1,4,PEuk1
-0.09394030482386966,-0.06510724776859052,-0.1197431812020172,-0.11660781682337643,-0.34671511367531027,-0.43326066845689915,-0.3438919807079816,-0.5101822852236777,-0.08674010912513522,-0.05611970318126467,-0.05466707487757927,0.048284914653165416,180.3,4,PEuk1
-0.15421630306511994,-0.19878194753722753,-0.12328683956197588,-0.12452829361473433,-0.27721597468156955,-0.40446361514935997,-0.3461983876749434,-0.5127143297003398,-0.1319145530218601,-0.157425355862941,-0.11098562850829675,-0.11866642643605224,180.6,4,PEuk1
-0.1417180283392548,-0.15915777728232752,-0.12382767660430534,-0.1254461481725338,-0.3014056043313344,-0.4122101908929085,-0.30588640503500303,-0.49484934922611273,-0.12017615118201568,-0.11934705565530791,-0.12416185276691075,-0.10558963967523832,180.8,4,PEuk1
-0.15036122647740321,-0.17487651049703465,-0.12003358717909411,-0.11555532429416474,-0.3189645740771028,-0.41372582527751584,-0.32774713193924926,-0.5001947764546216,-0.13170164230831538,-0.15677961738793703,-0.11052157153031786,-0.10157677691018359,180.9,4,PEuk1
-0.12489087776384364,-0.09822395412702283,-0.1254925141085195,-0.12532164424198056,-0.2637090748771323,-0.3941909820981325,-0.3113014474791741,-0.4968187171524055,-0.11219992695065784,-0.11176324818429718,-0.11829078351648084,-0.05339985419766479,181.0,4,PEuk1
-0.16916604427881166,-0.23219980413634145,-0.12982156191255664,-0.13555557778943242,-0.3173683041002148,-0.4058108457134553,-0.30528473365231734,-0.48500250959464897,-0.14609236803710485,-0.19542836817662745,-0.1306616443746024,-0.1778617946035751,181.3,4,PEuk1
-0.16267353903565618,-0.2264026620032206,-0.1291172980248276,-0.1340832464246342,-0.30766789424066443,-0.40917892212369383,-0.32764685337546834,-0.5051181962703535,-0.13941625816292416,-0.1679743480801583,-0.12169336903566166,-0.1388751852652424,181.4,4,PEuk1
-0.11228587692439237,-0.09427626727634877,-0.11381278545960459,-0.10690953972132806,-0.31036927420155186,-0.3982326737904187,-0.32012596109189734,-0.49822540852832886,-0.11617954528787088,-0.12200819313749915,-0.11103203420609464,-0.0522172107280986,181.6,4,PEuk1
-0.14355662820512471,-0.2155612533386829,-0.12964167480934705,-0.13774887377534123,-0.335541223837094,-0.44336489768761467,-0.33877777395515335,-0.5044148505823918,-0.13975600930155932,-0.17198777196516052,-0.13234123124328734,-0.1467609796978078,181.7,4,PEuk1
-0.13933286140683776,-0.14388749605646148,-0.1282025779836704,-0.13240389108228817,-0.25216681504424954,-0.3544476804573181,-0.34158557374101983,-0.49555269491407444,-0.13105498264111315,-0.15635105553008688,-0.13024848396840183,-0.1246157550348623,181.9,4,PEuk1
-0.1512910373154641,-0.21039587203655716,-0.1281096951003138,-0.13336228180352358,-0.27402343472779345,-0.40597924953396725,-0.3461983876749434,-0.5089162629853466,-0.13755895193838535,-0.17148681790159243,-0.10914886105029638,-0.1362932308202353,182.0,4,PEuk1
-0.10254145934151447,-0.06532329033255775,-0.09090010658804691,-0.05970662512030001,-0.16940635624251585,-0.2505425232014602,-0.32714546055656357,-0.4899259294103808,-0.10265971497778284,-0.09835331599710716,-0.07440745993760456,-0.03778173814919529,182.1,4,PEuk1
-0.10583379823941348,-0.06307775701617102,-0.11115915675408808,-0.09718375593694817,-0.2832326845944552,-0.3662359478931529,-0.29355214168994664,-0.4795164132285477,-0.08536524951745832,-0.043126750099009944,-0.08953422046172343,0.018497646501763606,182.3,4,PEuk1
-0.19626477475572304,-0.3416220894135655,-0.1309714284938571,-0.1345132193010797,-0.32952451392420834,-0.4362919372261138,-0.3324602244369537,-0.5110263000492318,-0.1447141109180416,-0.14387353495254382,-0.10642739141814911,-0.11654489044102892,183.3,4,PEuk1
-0.19481588691067514,-0.3204990187274961,-0.1294135826654081,-0.1168322134423968,-0.3361551738282048,-0.4634049523285338,-0.3325605030007347,-0.5110263000492318,-0.15370845606150943,-0.1624696447573666,0.27706779822562577,2.336411138255906,183.3,4,PEuk1
-0.18569242126138918,-0.3009111595944667,-0.1296522564036535,-0.1342497342387461,-0.3389793437873144,-0.4593632606362476,-0.3213293038572687,-0.5037115048944301,-0.1512339352684501,-0.20147166950996054,-0.1375686085565207,-0.17402497418704357,183.6,4,PEuk1
-0.13084813537674145,-0.1667192670211808,-0.12860703003271678,-0.13589579201826976,-0.32473570399354423,-0.4108629603288131,-0.34228752368748644,-0.4954120257764821,-0.11745134705016179,-0.11869263011561779,-0.10870725844221968,-0.06204849880716409,183.9,4,PEuk1
-0.13687492666970294,-0.13808053380679666,-0.12211228259396038,-0.11945982546511927,-0.29133682447711756,-0.41389422909802775,-0.2748000502629097,-0.4813451120172481,-0.10737999079722052,-0.09468447901132228,-0.10476427108739245,-0.04087376401428246,184.1,4,PEuk1
-0.14730174455460118,-0.1701759480446566,-0.127363104835359,-0.13203906561136472,-0.3158948241215489,-0.4416808594824954,-0.34078334523077225,-0.5056808728207228,-0.11546380288914616,-0.11732296958343448,-0.1180273189096283,-0.06952352775984198,184.3,4,PEuk1
-0.13465308303231924,-0.13083001442516895,-0.12476238410137473,-0.12621199211744852,-0.2872847545357864,-0.3970538470468352,-0.31791983268871654,-0.4944273418133357,-0.13214898130751832,-0.15502483032133432,-0.1080051851432774,-0.10792332926976397,184.5,4,PEuk1
-0.12298921246721828,-0.11674142055676007,-0.12832955711534774,-0.12898003299207406,-0.29845864437400266,-0.4194515551749213,-0.3451956020371339,-0.5104636234988624,-0.10948305034537209,-0.11479792944799296,-0.07828757505670561,-0.0697853343294406,184.7,4,PEuk1
-0.14277720416348064,-0.16425441776864552,-0.12378535022707957,-0.12123038717519617,-0.1368670067136443,-0.14579534684304268,-0.31721788274224993,-0.4776877144398473,-0.12655441255799288,-0.1436997936588208,-0.12253765334398457,-0.11923969254534578,184.8,4,PEuk1
-0.08297500518405965,-0.004399287293797017,-0.11884021848786715,-0.12146347011495282,-0.3241217540024334,-0.4113681717903489,-0.3126050688083264,-0.4907699442359349,-0.1020934630800576,-0.09403584484808959,-0.049637296019485314,-0.013456296708385418,184.9,4,PEuk1
-0.15642844432854128,-0.20907670304748446,-0.12827782487651623,-0.13227070083099865,-0.3403300337677581,-0.44252287858505507,-0.31751871843359275,-0.4916139590614889,-0.13094286476536354,-0.15591091091932183,-0.10347089938102544,-0.1286466734254066,184.9,4,PEuk1
-0.13228893791015403,-0.16005140788782837,-0.12553836768384743,-0.12861375980102788,-0.3162631941162154,-0.4147362482005874,-0.3457972734198196,-0.5076502407470156,-0.13337774792558213,-0.1588413474067838,-0.12150924320246358,-0.1202643492918783,184.9,4,PEuk1
-0.13026761000132606,-0.13123591257565284,-0.12944062451752458,-0.13536737417347983,-0.29109124448067325,-0.415578267303147,-0.343190030761515,-0.5052588654079458,-0.11199041374849948,-0.12021576212392311,-0.09187845667951365,-0.0763079290375442,185.0,4,PEuk1
-0.07697085276367703,-0.03650124827601959,-0.10070101438121731,-0.0842541675210064,-0.31073764419621835,-0.4416808594824954,-0.3419866879961436,-0.4962560406020361,-0.07563364440315219,-0.048509834516195484,-0.0992704352513196,-0.10365768774785539,185.0,4,PEuk1
0.009926842568001231,0.2724297980805848,-0.06725964917474589,-0.013711109101613848,-0.30766789424066443,-0.3628678714829144,-0.3336635672023251,-0.4934426578501893,-0.12982848103064026,-0.15072183761346034,-0.09161050119868067,-0.08837360077094275,185.0,4,PEuk1
-0.11523539860895417,-0.12014900099751602,-0.12040511871252044,-0.1171912480328294,-0.30337024430288895,-0.4295557844056368,-0.3445939306544482,-0.5001947764546216,-0.11536187754755561,-0.11643109760898954,-0.10271493559431787,-0.04522968366363884,185.0,4,PEuk1
-0.034594117420680255,0.11945529593087469,-0.10608351868509616,-0.09155936326021166,-0.35334577357930674,-0.4329238608158753,-0.34098390235833415,-0.4961153714644438,-0.08378653922660032,-0.0595974247439542,-0.056363128284192494,0.001259038065606081,185.3,4,PEuk1
-0.1147826211573767,-0.10173300910539977,-0.12838246508687998,-0.1319304866021613,-0.2624811748949107,-0.41507305584161125,-0.3461983876749434,-0.5075095716094232,-0.12112405685880774,-0.1329654773949656,-0.0791183867430872,-0.09126701475564475,185.5,4,PEuk1
-0.10836126665661198,-0.05026905167065894,-0.12486232138093561,-0.12571252867511284,-0.30619441426199856,-0.43646034104662573,-0.32925131039596345,-0.500335445592214,-0.12601534075135845,-0.1420202944861647,-0.11470257520610845,-0.09861565432989572,185.8,4,PEuk1
-0.14123776082811726,-0.18885053633909726,-0.12656595806427343,-0.1331393329046259,-0.35641552353486067,-0.45515316512344944,-0.30027080546327,-0.4899259294103808,-0.12928714421641493,-0.1551030139035097,-0.09506398328963982,-0.12513485426768714,186.0,4,PEuk1
-0.12508815936774526,-0.11799184873002498,-0.11649110455183613,-0.11404100904580787,-0.3526090335899738,-0.44976424286706784,-0.32142958242104963,-0.49470868008852037,-0.11677410978048239,-0.1225670609656416,-0.09145032669337827,-0.08088503009914769,186.2,4,PEuk1
-0.11069145346990887,-0.06794853482197781,-0.1301237252166407,-0.13646329830637288,-0.33922492378375874,-0.44858541612348435,-0.3110006117878313,-0.49217663561185826,-0.1257718524353366,-0.14835895601882698,-0.09889469879495602,-0.11310077987889533,186.4,4,PEuk1
-0.08542970579654034,-0.008196399024130267,-0.13064104760495585,-0.13584801725422024,-0.2637090748771323,-0.4103577488672773,-0.3461983876749434,-0.5032894974816531,-0.1308273493782276,-0.15708366465195236,-0.09389635605472516,-0.0870826235484392,186.6,4,PEuk1
-0.11387706625422177,-0.09316986747906202,-0.11624302495198502,-0.1081096997030564,-0.350398813621975,-0.43999682127737616,-0.3027777695577937,-0.49302065043741233,-0.09951475193781682,-0.08372719475385584,-0.08622145242215143,0.003231615150340524,186.7,4,PEuk1
-0.12399987642163227,-0.14554054900802899,-0.1228894419091338,-0.1267042169591706,-0.2657965048469089,-0.4253456888928387,-0.3135075758823549,-0.49133262078630424,-0.12945362227434615,-0.1588587215361561,-0.08788457275290809,-0.11467613320285945,186.8,4,PEuk1
-0.14317823562059212,-0.15541958625125807,-0.12563595349800688,-0.12804914895317016,-0.3307524139064299,-0.4394916098158404,-0.3238362679517924,-0.48922258372241917,-0.1341897531469201,-0.1619628993173411,-0.12976047566252724,-0.140965123915659,187.1,4,PEuk1
-0.15931328352002055,-0.22250734910744768,-0.1182935027820341,-0.10849768869594324,-0.31208833417666204,-0.4069896724570388,-0.3121036759894217,-0.47923507495336304,-0.1338930371525121,-0.15289360378499836,-0.11866951388883136,-0.12247616341434943,187.3,4,PEuk1
-0.1178129959582916,-0.1438187552406537,-0.12279655902577721,-0.12315006405791241,0.262691647501254,0.3535219809748158,-0.33115660310780143,-0.46784087480838354,-0.14101308851450936,-0.18143929834369396,-0.123227750978979,-0.15738220139204154,187.7,4,PEuk1
-0.17331057502307254,-0.2519218715288051,-0.12409339219466721,-0.1239144602827044,-0.2810224646264564,-0.390822905687894,-0.3306552102888967,-0.502445482656099,-0.14054876195837465,-0.17780231392842497,-0.11989103161151132,-0.13666788504914368,187.8,4,PEuk1
-0.12498466737881327,-0.07342815985351045,-0.1049771542137222,-0.08787636326803207,-0.29882701436866915,-0.4288821691235891,-0.32554100353606846,-0.49738139370277484,-0.11226900968218032,-0.11540023259956617,-0.08907016348374452,-0.03146678313422164,187.9,4,PEuk1
-0.1245399752388711,-0.11896731364005887,-0.1196926246958864,-0.11252090291696017,-0.3161404041179932,-0.44252287858505507,-0.3235354322604495,-0.49752206284036715,-0.11899608222715626,-0.12343866312248551,-0.09547115586386648,-0.10981916994616778,188.0,4,PEuk1
-0.1487894418954986,-0.2178035132828883,-0.11932697182596366,-0.11890390093799783,-0.33443611385309463,-0.4396600136363523,-0.3429894736339531,-0.49555269491407444,-0.1334355056191501,-0.1578741875383922,-0.10472684713755544,-0.12777097558916292,188.2,4,PEuk1
-0.17162883020292766,-0.2740858745685348,-0.1280438540690737,-0.13121676058166423,-0.3114743841855513,-0.4248404774313029,-0.3163153756682214,-0.4902072676855655,-0.14629282120889958,-0.19227785938378297,-0.1375760933464881,-0.1787600619716807,188.3,4,PEuk1
-0.14195088531435177,-0.13687265947188892,-0.11684029716394885,-0.11053318318847645,-0.29649400440244816,-0.42450366979027904,-0.320727632474583,-0.5023048135185068,-0.12159517843771515,-0.13353013659956547,-0.10921023632802906,-0.09732919101376457,188.4,4,PEuk1
-0.0689421383098123,0.024995594894472454,-0.12743835172820486,-0.1314295754397029,-0.3147897141375495,-0.40378999986731223,-0.3461983876749434,-0.49639670973962846,-0.06857927826129105,-0.010373620543988047,-0.024139610516534616,0.04943596077812487,188.4,4,PEuk1
-0.1289674918903679,-0.1375437007690599,-0.125258543301077,-0.12921745909219884,-0.31749109409843695,-0.42568249653386253,-0.3293515889597444,-0.493301988712597,-0.110526086340982,-0.10554041418078361,-0.12379809197449503,-0.0946389028158201,188.8,4,PEuk1
-0.14977423285267957,-0.18182587963798078,-0.1164593597689168,-0.10754219341495325,-0.2739006447295713,-0.3815606955597381,-0.31380841157369777,-0.4893632528600115,-0.13340945803185472,-0.1600604321510738,-0.13118258575633357,-0.14391721868320206,188.8,4,PEuk1
-0.13470321196445817,-0.20093255306035593,-0.0912833954484804,-0.06329407558438059,-0.29133682447711756,-0.43595512958509,-0.31451036152016437,-0.5037115048944301,-0.1265793276414928,-0.1478927502140035,-0.10824320146424077,-0.09365035732026669,189.5,4,PEuk1
-0.148074700346937,-0.1923595913174742,-0.12563595349800688,-0.1301107024079122,-0.2516756550513609,-0.37465613891874916,-0.3086942048208695,-0.4927393121622276,-0.11752156228547972,-0.12072540325217737,-0.11101556766816637,-0.10490352590663504,189.7,4,PEuk1
-0.15279167115497796,-0.2175187299031133,-0.12219458388301052,-0.12088148662562255,-0.3184734140842142,-0.40530563425191957,-0.3213293038572687,-0.49752206284036715,-0.13225770167188158,-0.15247662468006307,-0.13214363278814795,-0.1312647391213928,190.0,4,PEuk1
-0.12349373591326175,-0.12812620900339716,-0.1284788751683387,-0.13557295043090495,-0.29575726441311523,-0.36067862181625937,-0.3080925334381838,-0.49822540852832886,-0.10672766861104103,-0.10060616143904925,-0.09556546421745574,-0.04690885683416793,190.2,4,PEuk1
-0.1583058536902607,-0.2391426265329249,-0.12490935068896426,-0.13064635885331569,-0.31810504408954776,-0.43561832194406613,-0.3461983876749434,-0.5079315790222003,-0.13254649013972145,-0.15970136681071284,-0.11084491445690961,-0.1324970355610553,190.6,4,PEuk1
-0.16680351621897352,-0.2615848662080669,-0.1269127992109847,-0.13073466978080112,-0.3184734140842142,-0.42113559338004053,-0.3350674670952583,-0.5037115048944301,-0.14410255886849832,-0.1858870754630038,-0.12537139482564286,-0.134889405938422,190.8,4,PEuk1
-0.13436039475112094,-0.13176292549684565,-0.13273737901033286,-0.1411640455448191,-0.2721815847544611,-0.3510796040470796,-0.3204267967832402,-0.4958340331892591,-0.1325295025827897,-0.15554605420250345,-0.11961259742472398,-0.10889833304620021,191.5,4,PEuk1
-0.14809733921951587,-0.15973716415842149,-0.1283483688385592,-0.1320028726082969,-0.2870391745393421,-0.4036215960468003,-0.33095604598023953,-0.49752206284036715,-0.12464727616645424,-0.14060430294232193,-0.12600610501487852,-0.1179126040718631,191.9,4,PEuk1
-0.1463557630932697,-0.1951124973219658,-0.12779930166732473,-0.13286860924167876,-0.33443611385309463,-0.4327554569953634,-0.31601453997687856,-0.494146003538151,-0.13732112614134076,-0.16963068174698462,-0.10127785592057673,-0.12988799767781387,192.9,4,PEuk1
-0.14283865253190903,-0.14562238331256203,-0.1263907738918667,-0.13047552787883565,-0.32068363405221306,-0.4388179945337927,-0.3397805595929628,-0.5104636234988624,-0.11622484543968889,-0.12002754238905648,-0.11318615675871287,-0.10248858599740637,193.0,4,PEuk1
-0.14601779706691365,-0.17609093157630504,-0.1284506575835215,-0.13471155695789125,-0.2758652847011258,-0.40109553873912146,-0.3461983876749434,-0.5013201295553603,-0.13201194834826882,-0.15005582932085534,-0.1197862445519677,-0.09760905320885274,193.1,4,PEuk1
-0.14093375311062953,-0.16720045273183512,-0.11960091754523054,-0.11387307351157328,-0.2758652847011258,-0.4027795769442407,-0.3150117543390691,-0.49991343817943695,-0.12068464538617295,-0.1331479057533748,-0.07787591160849852,-0.07178048094603699,194.4,4,PEuk1
-0.1314302778144839,-0.16988789129270027,-0.1173435107598554,-0.11111516667780671,-0.337874233803315,-0.4329238608158753,-0.32463849646203996,-0.5031488283440607,-0.12096210881605832,-0.13560055368309837,-0.07486253516762259,-0.04809150030373412,195.0,4,PEuk1
-0.16855641178150912,-0.22636992828140737,-0.12856823085359315,-0.1295359575191955,-0.31515808413221597,-0.4450489358927339,-0.33857721682759145,-0.5032894974816531,-0.13979451443060464,-0.17202541591213386,-0.12129068733541544,-0.1286376456126618,196.3,4,PEuk1
-0.14760898639674305,-0.2123926290671634,-0.12318219935161213,-0.12316888441950767,-0.3166315641108819,-0.4384811868927688,-0.3447944877820101,-0.4935833269877817,-0.13641285809738946,-0.1676760921926004,-0.108377927683654,-0.13142723975079884,196.3,4,PEuk1
-0.12620069824876418,-0.1330199004144732,-0.12985800962627883,-0.1382816347804993,-0.30803626423533087,-0.4373023601491854,-0.28302289249294726,-0.478391060127809,-0.12453176077931828,-0.1420318772390796,-0.10154431444341623,-0.10286775413268713,196.7,4,PEuk1
-0.19086216952100762,-0.3222306326114153,-0.13280439577427366,-0.14187777156531614,-0.33222589388509577,-0.4506062619696275,-0.3176189969973737,-0.48950392199760384,-0.16138569929086835,-0.21205830567415115,-0.0858891277475988,-0.09541078080549881,197.1,4,PEuk1
-0.18773153685581484,-0.3049243138887671,-0.132392889329023,-0.1401260302168345,-0.33861097379264793,-0.4590264529952237,-0.33727359549843916,-0.510744961774047,-0.13200968334067792,-0.1898628554010327,-0.08152100432262316,-0.1087674297614009,197.1,4,PEuk1
0.23037448136710748,0.8656204846631717,-0.04231765566175202,0.016191550033004598,-0.08836495741589234,-0.13501750233027948,-0.3410841809221151,-0.4994914307666599,-0.05795865766755629,0.011465660076998173,-0.05110132093710909,0.014403533422005848,197.6,4,PEuk1
-0.10869438149598683,-0.08656092904497337,-0.11857803009560743,-0.11619811202864891,-0.35641552353486067,-0.4677834516618439,-0.31441008295638345,-0.485424517007426,-0.11194511359668147,-0.10264183026383754,-0.11326549553236732,-0.0695596390108211,198.1,4,PEuk1
-0.14067987432528073,-0.24283499035345585,-0.12618502066924137,-0.1328135958770157,-0.30472093428333263,-0.4197883628159451,-0.322632925186421,-0.4837364873563179,-0.13678545184609267,-0.16811334111513673,-0.12591479057727623,-0.13737205444323652,198.4,4,PEuk1
-0.12497819912950502,-0.10038765313887651,-0.1300719929778092,-0.13674560373030176,-0.3199468940628801,-0.4352815143030423,-0.3425883593788293,-0.5039928431696148,-0.1293562269479374,-0.15671301655867653,-0.10483462811308603,-0.08818853060967476,198.9,4,PEuk1
-0.1323584715902177,-0.14728525638067347,-0.12524678597406982,-0.12969520673269383,-0.3158948241215489,-0.4288821691235891,-0.3442930949631054,-0.5058215419583152,-0.12250004897028009,-0.13735244506147237,-0.11519208046997652,-0.09838093119853145,199.5,4,PEuk1
-0.15880552594932298,-0.22012433415944543,-0.13197667995296947,-0.140747102149478,-0.2699713647864623,-0.3684251975598079,-0.3365716455519725,-0.5041335123072072,-0.14090097063875975,-0.17462574394152203,-0.13420494394517038,-0.1636384756241741,199.9,4,PEuk1
-0.1483722398151165,-0.1915903488548636,-0.12970869157328788,-0.13666308368330715,-0.20661172570382935,-0.25660506073988953,-0.31591426141309764,-0.49316131957500464,-0.13541172474221122,-0.1639348630010976,-0.10810697828683406,-0.12553659193482986,200.1,4,PEuk1
-0.16536271368556094,-0.24057963692052517,-0.1282895822035234,-0.1340470534215664,-0.3074223142442201,-0.40395840368782415,-0.34168585230480075,-0.508634924710162,-0.1363358478392988,-0.16709695454685694,-0.13059428126489578,-0.1499703671285771,200.5,4,PEuk1
-0.19323439995480815,-0.31383770633850633,-0.13259041242274333,-0.14028527943033284,-0.32031526405754657,-0.4293873805851249,-0.33857721682759145,-0.5089162629853466,-0.15366428841348687,-0.1986628519281047,-0.08262725627980513,-0.031137267969037166,200.9,4,PEuk1
-0.19587829685955513,-0.3379166321043092,-0.1330748142954384,-0.13985820199413276,-0.3241217540024334,-0.43646034104662573,-0.33185855305426804,-0.5082129172973849,-0.16086814505634747,-0.21010661180799567,-0.11044372971465688,-0.09006180175421662,200.9,4,PEuk1
-0.15554391123563815,-0.21148263160075598,-0.11809362822291235,-0.11395559355856787,-0.35641552353486067,-0.45094306961065134,-0.33857721682759145,-0.4990694233538829,-0.1297752533522541,-0.15121120892411358,-0.12537738265761678,-0.12648902617940416,201.0,4,PEuk1
-0.13060719309000915,-0.13244706028274192,-0.12623675290807287,-0.13027574250190138,-0.34413652371264497,-0.43797597543123307,-0.34379170214420063,-0.5070875641966462,-0.11779676070777419,-0.12878699928092646,-0.1024454831554914,-0.1026556005331848,201.1,4,PEuk1
-0.1301544156384317,-0.1290165662367167,-0.13053170446378923,-0.13642276214293694,-0.32522686398643286,-0.4309030149697322,-0.3308557674164586,-0.49752206284036715,-0.14319089331316068,-0.18502705605907474,-0.127453663394574,-0.13279495338163302,201.2,4,PEuk1
-0.11901285620497189,-0.07928094931371377,-0.13050583834437346,-0.13703370003472146,-0.29366983444333855,-0.3797082535341069,-0.3366719241157535,-0.49892875421629057,-0.11001532712923383,-0.1116821689138931,-0.09344577169868758,-0.06228322193852837,201.4,4,PEuk1
-0.127984317995514,-0.10784766834010882,-0.11918588390187772,-0.11450283176495303,-0.302633504313556,-0.4293873805851249,-0.3349671885314774,-0.509056932122939,-0.13526902926398446,-0.16747049832836147,-0.10506665660207548,-0.13105709942826288,202.5,4,PEuk1
-0.15314580780460463,-0.21952530705026355,-0.12964990493825207,-0.13504453258611504,-0.30361582429933326,-0.4367971486876496,-0.3321593887456109,-0.502445482656099,-0.14617051079899093,-0.19381257414500316,-0.12375018931870364,-0.1675339768235467,202.5,4,PEuk1
-0.13219353123285735,-0.14308551987203766,-0.130043775392992,-0.1365241025515268,-0.2622355948984664,-0.36337308294445014,-0.3333627315109822,-0.5072282333342386,-0.12072088550762737,-0.12594922481678344,-0.11160087824361718,-0.10702506190165835,202.5,4,PEuk1
-0.11331594562673111,-0.07008932022856224,-0.11808774955940876,-0.1163892110848469,-0.31061485419799617,-0.4319134378928038,-0.3176189969973737,-0.4952713566388897,-0.10244000924146544,-0.09137181167766964,-0.07974860605834243,-0.042661270937748914,202.8,4,PEuk1
-0.09804440900995398,-0.03512970533204577,-0.12604510847785613,-0.12992249879195963,-0.032004348231922365,-0.014440366843740967,-0.2915465704143277,-0.4530706153611879,-0.09872766179997872,-0.07387316771153071,-0.09208353992462046,-0.028266423516197105,202.9,4,PEuk1
-0.09173301474742951,-0.03492675625680382,-0.12218282655600335,-0.1197985919738339,-0.30558046427088775,-0.42164080484157634,-0.32764685337546834,-0.49850674680351353,-0.11802439397065974,-0.12386432929210697,-0.0870462762765591,-0.07433986585918215,203.0,4,PEuk1
-0.0971323858574908,-0.018792304775068828,-0.11265821594750126,-0.10462648508781108,-0.2996865443562242,-0.3962118279442756,-0.32463849646203996,-0.5049775271327611,-0.07729389496728262,-0.03587594677430171,-0.06445718015494072,0.048537693410019254,203.2,4,PEuk1
-0.14010420013684652,-0.18755428095529386,-0.10517115010934038,-0.088299097543864,-0.2821275746104558,-0.40075873109809756,-0.3352680242228202,-0.494146003538151,-0.12971409814729976,-0.1591917256824586,-0.10710102251521526,-0.12654319305587283,203.4,4,PEuk1
-0.1336747603244465,-0.19099459511786304,-0.10743208409281767,-0.09726917142418819,-0.35641552353486067,-0.45767922243112835,-0.3324602244369537,-0.5035708357568378,-0.1330006241616971,-0.15626997625968278,-0.1058031599348678,-0.11405772802984201,203.8,4,PEuk1
-0.14910962023625693,-0.19435307497589915,-0.11749282881284635,-0.11129178853277759,-0.34450489370731147,-0.45111147343116326,-0.3419866879961436,-0.509056932122939,-0.11455100483001306,-0.11682201551986639,-0.10204878928721911,-0.061213426128271936,203.9,4,PEuk1
-0.18828618923399726,-0.310070054957805,-0.1318355920288835,-0.14044018548346304,-0.33627796382642694,-0.4554899727644733,-0.32644351061009697,-0.493301988712597,-0.11780355573054689,-0.1600980760980471,-0.09140092707959342,-0.13857726744466467,204.1,4,PEuk1
-0.18708794604964402,-0.31012897565706876,-0.12307873487394912,-0.12714142843622966,-0.3447504737037558,-0.46188931794392646,-0.32965242465108724,-0.500757453004991,-0.08154418171160834,-0.15045253860818963,-0.04991573020627266,-0.10429414854636239,204.1,4,PEuk1
-0.18893139710249515,-0.3023874504482428,-0.12397464319189487,-0.12807376019525626,-0.3357868038335383,-0.4315766302517799,-0.3461983876749434,-0.5023048135185068,-0.07674236561889823,-0.12973968070817446,-0.048257100749496434,-0.09022881628999505,204.1,4,PEuk1
-0.19487895234143057,-0.3303485956210933,-0.13235291441719865,-0.1385480152830783,-0.33713749381398206,-0.4536375307388421,-0.3355688599141631,-0.5108856309116394,-0.13506064856562155,-0.14350288685926801,-0.10251134930720453,-0.05893390341021497,204.1,4,PEuk1
-0.19627771125433954,-0.33920634074375,-0.13220124489880625,-0.1379819567150979,-0.33259426387976226,-0.45296391545679443,-0.32864963901327776,-0.507368902471831,-0.14088511558562347,-0.1300089797134452,-0.10659355375542542,-0.0490484484546808,204.1,4,PEuk1
-0.11316232470566019,-0.10547774688083186,-0.13095967116684992,-0.14013037337720263,-0.3193329440717693,-0.40412680750833607,-0.3438919807079816,-0.48458050218187193,-0.12465407118922694,-0.14064194688929527,-0.12251070810010192,-0.10556255623700399,204.9,4,PEuk1
-0.14881369783040452,-0.21444176005267085,-0.13059284256422646,-0.1364647460264956,-0.32915614392954184,-0.44302809004659083,-0.3461983876749434,-0.5037115048944301,-0.1477197759911672,-0.19593221792842427,-0.11478790181173683,-0.1606999225757482,205.1,4,PEuk1
-0.16572170152216878,-0.23160405039934087,-0.12007121062551702,-0.11576090055158984,-0.30079165434022365,-0.43107141879024413,-0.3369727598070963,-0.5035708357568378,-0.14245703085370875,-0.17998566285287784,-0.13111222873064,-0.14760959409581711,205.5,4,PEuk1
-0.10097776007124515,-0.10122890978947621,-0.12416276042400946,-0.12864850508397296,0.17944002870663167,0.21576765579606091,-0.3293515889597444,-0.48007908977891706,-0.09566990155226238,-0.0799135733566351,-0.05397548028459135,-0.03909528490356079,206.4,4,PEuk1
-0.08931874069312537,8.195922243248242e-05,-0.12298820345599397,-0.1248482397618537,-0.2710764747704617,-0.397559058508371,-0.32995326034243005,-0.4986474159411059,-0.10110705227422022,-0.08597714450756921,-0.0806407930224567,-0.011677817597663745,206.7,4,PEuk1
-0.1691045959103833,-0.2580267106469702,-0.12001124825778049,-0.11569575314606781,-0.2727955347455719,-0.37920304207257116,-0.33777498831734387,-0.4899259294103808,-0.13886472881453976,-0.16808727992107828,-0.13129934847982502,-0.14941515664477312,206.8,4,PEuk1
-0.06602495787179177,0.042429575132192185,-0.12382179794080177,-0.12640019573340108,-0.3381198137997593,-0.42905057294410104,-0.3312568816715824,-0.4899259294103808,-0.12214784028989499,-0.13367781669923004,-0.10240805920565439,-0.07351833489940715,207.0,4,PEuk1
-0.12884621221583822,-0.14163214262353077,-0.12071080921470664,-0.12005918159592208,-0.3443821037090893,-0.4467329740978532,-0.33937944533783904,-0.5042741814447995,-0.12169030875653299,-0.1308979559996614,-0.10770429658658784,-0.09500001532561131,207.2,4,PEuk1
-0.11909209225899794,-0.15786806864288674,-0.12899384609125242,-0.13489107425310756,-0.3014056043313344,-0.42517728507232677,-0.3030786052491365,-0.4883785688968651,-0.12770616891796602,-0.15745141705699947,-0.1057657359850308,-0.13295745401103906,207.6,4,PEuk1
-0.14490364112356768,-0.17884383758079664,-0.12927719767212503,-0.13572785648403515,-0.32743708395443166,-0.41642028640570666,-0.3112011689153931,-0.4969593862899978,-0.12782961183167013,-0.14943325635168112,-0.0935191226403681,-0.09842607026225535,208.2,4,PEuk1
-0.1325347313838675,-0.15165520824273804,-0.12948059942934892,-0.13453348738279766,-0.31282507416599503,-0.4243352659697671,-0.30588640503500303,-0.48711254665853404,-0.1181852095096137,-0.12878989496915516,-0.1134271669956632,-0.0772558493757461,208.3,4,PEuk1
-0.13244741001820615,-0.16759980413795636,-0.12040629444522115,-0.11504427909084736,-0.3476974336610875,-0.4595316644567595,-0.32463849646203996,-0.4944273418133357,-0.11734942170857124,-0.11619365117423472,-0.12227418873713203,-0.09139340413407168,208.4,4,PEuk1
-0.1581085720863591,-0.21162338660455282,-0.12647189944821613,-0.12668539659757536,-0.301896764324223,-0.41726230550826626,-0.32774713193924926,-0.49921009249147524,-0.13009122191118477,-0.1490915651406925,-0.12228766135907336,-0.12033205788746416,208.5,4,PEuk1
-0.1315936011095172,-0.13586118746786052,-0.1297686539410244,-0.1349316104165435,-0.3395932937784252,-0.46071049120034296,-0.31942401114543073,-0.49752206284036715,-0.11177297301977299,-0.09863419775529274,-0.10496186954253185,-0.045848088836656274,208.6,4,PEuk1
-0.1330732131387793,-0.15144571242313346,-0.1306974827745902,-0.1372899464964415,-0.28335547459267735,-0.37532975420079684,-0.30357999806804126,-0.4857058552826107,-0.11044114855632321,-0.10527690655197033,-0.0729344532720199,-0.03648624702031935,208.9,4,PEuk1
-0.11449640112548666,-0.10318638635390663,-0.12165021964257891,-0.12094808175126731,-0.3281738239437646,-0.43107141879024413,-0.31791983268871654,-0.4979440702531442,-0.11126900883079752,-0.1069737798539987,-0.09947701545441988,-0.04769427654296379,209.1,4,PEuk1
-0.1556150619780289,-0.24080877297321768,-0.12847534797023655,-0.13686576450048685,-0.35641552353486067,-0.4615525103029026,-0.2871343136079661,-0.47754704530225495,-0.1342837509619425,-0.1622669465813564,-0.11449000717103425,-0.12559075881129855,209.5,4,PEuk1
-0.14034352536125178,-0.1578451550376175,-0.12282830380869655,-0.1239506532857722,-0.3474518536646432,-0.4595316644567595,-0.3295521460873063,-0.4907699442359349,-0.12407083173456994,-0.14016994970801433,-0.1128403594622189,-0.10589207140218845,209.6,4,PEuk1
-0.09499139533646021,-0.051634047870270115,-0.11149188910839078,-0.10039479916912361,-0.3039841942939997,-0.4228196315851598,-0.33777498831734387,-0.4976627319779595,-0.10951815796303105,-0.10606163806195273,-0.10931352642957921,-0.05410853749813003,210.6,4,PEuk1
-0.13561846924157547,-0.09764456725092888,-0.11638176141066953,-0.10869313091250937,-0.04342381806658295,-0.0925797395612743,-0.28252149967404255,-0.47037291928504565,-0.13097457487163616,-0.1553346689618071,-0.1162833628472237,-0.10927298727510859,210.6,4,PEuk1
-0.1739088880840856,-0.23575468632525687,-0.12940417680380237,-0.13324212103333846,-0.292441934461117,-0.42147240102106437,-0.3176189969973737,-0.47712503788947797,-0.15026111450815813,-0.19856439852832833,-0.13142509295127738,-0.1644193814265976,210.9,4,PEuk1
-0.07140007304694712,0.019607624284016825,-0.11942338190742238,-0.11383832822862817,-0.3241217540024334,-0.4181043246108259,-0.318922618326526,-0.4951306875012974,-0.09979108286390674,-0.07993673886246484,-0.07313953651712671,-0.03206713268174951,211.1,4,PEuk1
-0.19483205753394578,-0.3320016485726608,-0.13088677573940552,-0.1369164347047818,-0.35113555361130794,-0.46643622109774846,-0.333763845766106,-0.4979440702531442,-0.14810369477782492,-0.19795340831206898,-0.14004757099372414,-0.20870983075248856,212.2,4,PEuk1
-0.09632708881861374,-0.0555260873938617,-0.12217694789249978,-0.12414899094258376,-0.3087730042246638,-0.4329238608158753,-0.3382763811362486,-0.5051181962703535,-0.10481939971570695,-0.0966101116834193,-0.08165273662604942,-0.03549318761839355,212.8,4,PEuk1
-0.19381007414324233,-0.3254025302551161,-0.12777461128060968,-0.12795504714519387,-0.34339978372331204,-0.4666046249182604,-0.32644351061009697,-0.49287998129981997,-0.15471864944705127,-0.2034639030113181,-0.10071499971502812,-0.07231312189797902,212.9,4,PEuk1
-0.19573437831244658,-0.331189852271693,-0.1332323624773344,-0.14191106912813853,-0.3430314137286456,-0.46980429750798697,-0.32574156066363036,-0.4961153714644438,-0.15941854019817084,-0.1992419895738482,-0.12527259559807316,-0.11853100924488054,212.9,4,PEuk1
-0.16058591157141866,-0.201757442850049,-0.1262249955810657,-0.1271935463606473,-0.32547244398287717,-0.4406704365594239,-0.31942401114543073,-0.4916139590614889,-0.13406970774460236,-0.15790314442067938,-0.12910331110338935,-0.11384557443033969,213.4,4,PEuk1
-0.11173284160853704,-0.08970336633904227,-0.1266306233628128,-0.13004700272251285,-0.3182278340877699,-0.43359747609792304,-0.3331621743834204,-0.5008981221425833,-0.09965404990465723,-0.08400807651204142,-0.05841396073526057,0.017093821619950305,213.7,4,PEuk1
-0.08947882986350456,-0.07128410107474469,-0.12360193592576783,-0.12645665681818685,-0.3285421939384311,-0.4416808594824954,-0.3461983876749434,-0.5010387912801757,-0.11323390291590413,-0.1200478122066575,-0.07010819658032902,-0.043518913148503015,213.7,4,PEuk1
-0.11994428410535982,-0.1825394747735089,-0.12507630473246598,-0.13226780539075322,-0.3091413742193303,-0.43662874486713765,-0.29485576301909894,-0.49034793682315786,-0.13677412680813816,-0.17391050894902885,-0.10156826577131192,-0.12843903373227666,214.1,4,PEuk1
-0.16333653458975175,-0.2384061177921275,-0.12646131785390968,-0.12637558449131497,-0.2951433144220044,-0.4181043246108259,-0.3343655171487917,-0.5079315790222003,-0.14286246721248003,-0.18238908408271323,-0.1251782872444839,-0.1526019745436805,214.2,4,PEuk1
-0.11508986299951855,-0.08365090117577832,-0.12378299876167813,-0.12671724644027502,-0.29858143437222484,-0.426861323277446,-0.3461983876749434,-0.5100416160860853,-0.10297681604050898,-0.0875929385391935,-0.07698522160237771,-0.033525124440031494,214.2,4,PEuk1
-0.1177483134652091,-0.08538906180406018,-0.11830526010904126,-0.1156711419039817,-0.3000549143508907,-0.43123982261075605,-0.33857721682759145,-0.502023475243322,-0.06965628937076447,-0.029366439636145117,-0.1114092676204517,-0.10750353597713169,214.7,4,PEuk1
-0.12366837864458448,-0.140159125141936,-0.10795175794653424,-0.0901753428228989,-0.31699993410554833,-0.42702972709795795,-0.3224323680588591,-0.4969593862899978,-0.12526222572738385,-0.13883793312280437,-0.10890186298137212,-0.09773544258727968,214.7,4,PEuk1
-0.15505070722588413,-0.18796017910577775,-0.12671997904806725,-0.13083745790951368,-0.327682663950876,-0.4393232059953285,-0.3019755410475461,-0.4880972306216804,-0.12529620084124737,-0.13828775235934807,-0.11737913609845131,-0.08079475197169989,215.3,4,PEuk1
-0.19511180931652755,-0.3300572654969557,-0.12836835629447138,-0.12369006366368403,-0.34843417365042045,-0.46980429750798697,-0.333763845766106,-0.5059622110959076,-0.13847401500510936,-0.12706985616129707,-0.13463157697331227,-0.18005103919418425,216.2,4,PEuk1
-0.18747765807046607,-0.2921319754041617,-0.1263319872568309,-0.12893081050790184,-0.34143514375175754,-0.4588580491747118,-0.30839336912952664,-0.4821891268428022,-0.11977184732703985,-0.1313467876751126,-0.1298293357302273,-0.1958767949357837,216.2,4,PEuk1
-0.13257515794204408,-0.1621463660838743,-0.129078498845704,-0.13207815405467793,-0.3502760236237528,-0.4558267804054972,-0.3109003332240503,-0.48612786269538766,-0.1199949505747436,-0.13631578867559155,-0.09881685697929504,-0.07000200183531533,216.7,4,PEuk1
-0.18966069221200027,-0.301097741808802,-0.12458014553276373,-0.12523333331449513,-0.32927893392776403,-0.4408388403799358,-0.33687248124331537,-0.5062435493710922,-0.13303346677176517,-0.1414469482168787,-0.10531066075501277,-0.13517829594625497,216.8,4,PEuk1
-0.11960793514133085,-0.13028663464306953,-0.12648130530982185,-0.13167568786056397,-0.3302612539135413,-0.4058108457134553,-0.3322596673093918,-0.4990694233538829,-0.10003570368372404,-0.0863391055361589,-0.08865999699353092,-0.06607038938496361,216.8,4,PEuk1
-0.06351204301553683,0.0521613106272618,-0.12197824906607874,-0.12162561476869657,-0.3406984037624246,-0.40850530684164615,-0.33205911018182993,-0.5028674900688761,-0.09361893717870153,-0.07509804383227815,-0.05068217269893459,-0.002537157193573934,216.8,4,PEuk1
-0.06607023561694951,0.07440714797152453,-0.11225729109655704,-0.09873715962861826,-0.3500304436273085,-0.4467329740978532,-0.3001705268994891,-0.49400533440055866,-0.08205607342715196,-0.03966929835392143,-0.023477955083416303,0.02532718684318972,217.2,4,PEuk1
-0.06645024526380917,0.03670117381487909,-0.12455192794794653,-0.12847043550887938,-0.29023171449311813,-0.3861075987135601,-0.30247693386645086,-0.49555269491407444,-0.11390774267419718,-0.1271914750669032,-0.09333948768115047,-0.07293152707099645,217.5,4,PEuk1
-0.010773172280724315,0.21928987408900727,-0.0849403175281164,-0.05373188417386717,-0.2848289545713433,-0.43561832194406613,-0.3222318109312972,-0.4968187171524055,-0.0845487142809385,-0.06372957184633385,-0.054788328475051176,0.012191719299534734,217.8,4,PEuk1
-0.11001713847952385,-0.10351045019985748,-0.10779303403193755,-0.08877105430386815,-0.2343622653020368,-0.3404701633548283,-0.302176098175108,-0.4855651861450183,-0.10803344548719546,-0.09746433971089093,-0.09974197701926589,-0.007872594525738949,218.2,4,PEuk1
-0.16821359456817192,-0.23019977373355385,-0.12495755572969364,-0.12297633764318697,-0.323753384007767,-0.4416808594824954,-0.322632925186421,-0.5017421369681374,-0.14366880991484077,-0.1775272235466968,-0.13144455340519262,-0.14926619773448424,218.4,4,PEuk1
-0.15045501609237283,-0.19133175245253917,-0.11799251521065075,-0.11132363837547726,-0.30251071431533383,-0.4199567666364571,-0.3235354322604495,-0.49850674680351353,-0.13118522057758997,-0.15178455519339962,-0.11193769379215025,-0.12218275950014407,218.6,4,PEuk1
-0.08442712715376167,-0.009509021268840295,-0.12315398176679496,-0.12296620360232798,-0.31331623415888366,-0.43039780350819645,-0.34038223097564846,-0.49217663561185826,-0.11629392817121137,-0.12741733874874314,-0.09986023670075084,-0.09182673914582112,218.8,4,PEuk1
-0.1610532425839397,-0.22590183605947836,-0.12920782944278275,-0.13420775035518745,-0.3285421939384311,-0.4435333015081266,-0.3254407249722875,-0.5039928431696148,-0.12875939744773499,-0.14484359050916415,-0.11968445140841104,-0.1159219713616391,218.9,4,PEuk1
-0.17261362116010864,-0.22541410360446143,-0.13068102251678018,-0.13823096457620437,-0.2973535343900032,-0.41372582527751584,-0.3154128685941929,-0.4961153714644438,-0.1484173983291647,-0.19658664346811439,-0.13765393516214908,-0.17236837054837642,220.0,4,PEuk1
-0.15834466318611018,-0.2524161507281847,-0.12670704598835936,-0.13281793903738381,-0.35641552353486067,-0.447238185559389,-0.3265437891738779,-0.501601467830545,-0.13886472881453976,-0.17476473697650047,-0.09876895432350367,-0.127459516049468,220.7,4,PEuk1
-0.11969687356931927,-0.09016491181660864,-0.11293333739946886,-0.10555157824622412,-0.3021423443206674,-0.42568249653386253,-0.33857721682759145,-0.5097602778109007,-0.11321691535897238,-0.11368888085639421,-0.09277513451760838,-0.040521679317236034,221.2,4,PEuk1
-0.024739739599562105,0.18065426223286646,-0.11408202824806861,-0.10777093319434176,-0.335541223837094,-0.4309030149697322,-0.3295521460873063,-0.4987880850786982,-0.051060577049467315,0.02411981763649297,-0.04391442561040996,0.09689517237743364,221.4,4,PEuk1
-0.12233430222475802,-0.105814904215508,-0.10911926051834545,-0.09537700122380346,-0.30594883426555425,-0.4009271349186095,-0.3073905834917172,-0.4821891268428022,-0.10207647552312583,-0.09370573639001581,-0.07956897109912478,-0.050542551463941904,222.2,4,PEuk1
-0.14018020206621845,-0.13797251252481305,-0.12586169417654441,-0.1304711847184675,-0.22171489548515463,-0.3131887444318964,-0.2880368206819946,-0.47459299341281586,-0.13866201063515413,-0.17948470878930975,-0.1218730039948793,-0.1453075018458982,222.2,4,PEuk1
-0.19692130206051037,-0.34306564654552835,-0.13353922871222132,-0.1431401835123211,-0.3377514438050928,-0.46374175996955763,-0.32965242465108724,-0.5072282333342386,-0.15881491567519573,-0.1794789174128523,-0.12913474722125245,-0.12755430808328821,222.8,4,PEuk1
-0.1962744771296854,-0.336856059517561,-0.1334886722060905,-0.1431865105562479,-0.348065803655754,-0.46980429750798697,-0.3238362679517924,-0.4962560406020361,-0.16373337965883722,-0.21461519838010856,-0.13601925703326856,-0.18284966114506607,222.8,4,PEuk1
-0.19555165026948854,-0.3381817752509963,-0.13325705286404943,-0.14171997007194054,-0.33627796382642694,-0.45111147343116326,-0.32774713193924926,-0.49822540852832886,-0.15836757667599277,-0.2131007534364894,0.007184235497041577,0.5815578134873236,222.8,4,PEuk1
-0.1616547897696069,-0.24674667011013537,-0.11998067920756188,-0.11825966548339094,-0.31970131406643576,-0.40884211448267,-0.3293515889597444,-0.4994914307666599,-0.1397356242332412,-0.17541337113973315,-0.1206694497681211,-0.13763386101283515,223.0,4,PEuk1
-0.08899371116538583,-0.04728700961347481,-0.09166315711081174,-0.07313857241882288,-0.3329626338744287,-0.4293873805851249,-0.30779169774684095,-0.4880972306216804,-0.13225770167188158,-0.16581706034976387,-0.13749376065684668,-0.21188310693227874,223.0,4,PEuk1
-0.12591286115454706,-0.13391353101997405,-0.12777461128060968,-0.13460297794868784,-0.3188417840788807,-0.4428596862260789,-0.3331621743834204,-0.4993507616290676,-0.11988623021038035,-0.1297946987845201,-0.10284367398175717,-0.0906124983316482,223.1,4,PEuk1
-0.07186902112179522,-0.011607252837067547,-0.11266644607640627,-0.10235356449515308,-0.32006968406110226,-0.4103577488672773,-0.28121787834489026,-0.47388964772485415,-0.100985874368107,-0.08492311399231611,-0.08999378656572189,-0.04006126086725226,223.5,4,PEuk1
-0.1578110326181796,-0.22746323458996884,-0.12256611541643685,-0.12136357742648568,-0.03495130818925413,0.001557996104891935,-0.30267749099401275,-0.46530883033172143,-0.1410697137042819,-0.17120304045517812,-0.1313083302277859,-0.1413623476764293,223.7,4,PEuk1
-0.1232333888786047,-0.10371994601946208,-0.1283319085807492,-0.13540646261679307,-0.308895794222886,-0.4167570940467305,-0.3248390535896018,-0.4978034011155518,-0.1202327763717882,-0.1412471457290972,-0.07713641435971923,-0.06890060868045216,223.9,4,PEuk1
-0.04699051721994047,0.13029343122323106,-0.12792275360089994,-0.134607321109056,-0.3021423443206674,-0.4315766302517799,-0.31561342572175477,-0.49287998129981997,-0.055635892383087325,0.012108502863773423,-0.011084639855392538,0.10489381446930879,224.0,4,PEuk1
-0.09826594654876153,-0.08166723763389733,-0.1240052122421135,-0.12597890917769186,-0.2272404454051517,-0.4058108457134553,-0.30989754758624083,-0.4986474159411059,-0.11187150084997718,-0.1132024052339697,-0.08060037515663274,-0.04675538401750667,224.5,4,PEuk1
-0.16728378373011105,-0.24631785835438222,-0.13010021056262638,-0.13476801804267702,-0.2931786744504499,-0.415578267303147,-0.3343655171487917,-0.49991343817943695,-0.12991115380770815,-0.15191196547546318,-0.10721778523870673,-0.10775631473398553,225.2,4,PEuk1
-0.14228723427838075,-0.15543595311216468,-0.11689085367007965,-0.10582954050978484,-0.3161404041179932,-0.44538574353375776,-0.3369727598070963,-0.5066655567838693,-0.1290663059763021,-0.14286583544895018,-0.1118194341106653,-0.06458982809481968,225.6,4,PEuk1
-0.10373970252586769,-0.04968311805020235,-0.12332093581029666,-0.12263033253385877,-0.35641552353486067,-0.4492590314055321,-0.34008139528430564,-0.501179460417768,-0.13077978421881867,-0.15436171771695806,-0.10772974487247701,-0.0916145855463188,225.6,4,PEuk1
-0.1661114135429908,-0.2303274352486254,-0.13013665827634857,-0.13639959862097356,-0.2560960949873586,-0.37381411981618956,-0.30658835498146964,-0.477969052715032,-0.13431093105303332,-0.1580566158968014,-0.11442713493530807,-0.11988969506296994,226.4,4,PEuk1
-0.16640248476186204,-0.21453014110156654,-0.12886098829607148,-0.13380673188119618,-0.3447504737037558,-0.4593632606362476,-0.32574156066363036,-0.49302065043741233,-0.13130753098749862,-0.14251256148504668,-0.12764976489171995,-0.1266018738387139,226.5,4,PEuk1
-0.15220467753025432,-0.14832291536215247,-0.1203016542348574,-0.11267580897009036,-0.3381198137997593,-0.42702972709795795,-0.3442930949631054,-0.5099009469484931,-0.12208102256596341,-0.1293284929796966,-0.11359782020691996,-0.07636660982038526,226.9,4,PEuk1
-0.0948199867297916,-0.0034761963386642785,-0.1273619291026583,-0.1318204598728352,-0.26407744487179874,-0.3808870802776904,-0.31972484683677355,-0.49639670973962846,-0.10122370016515161,-0.09364492693721276,-0.07357515129322949,-0.039275841158456386,227.3,4,PEuk1
-0.11867003899163465,-0.10014869696964003,-0.1270503599369685,-0.12836764738016682,-0.20833078567893956,-0.309652264201146,-0.2982652341876511,-0.48275180339317153,-0.10560535734974959,-0.09767282926335857,-0.06619215446938444,-0.029489692143114803,227.5,4,PEuk1
-0.157587878017045,-0.21018637621695255,-0.12474357237816328,-0.12400132349006712,-0.3147897141375495,-0.4342710913799707,-0.32864963901327776,-0.5053995345455382,-0.13022938737422973,-0.14804911737835424,-0.1284386617542841,-0.12239039919327402,227.5,4,PEuk1
0.1928683377532226,0.8517315664978232,-0.07451509567086569,-0.030529273767160324,-0.25965700493580113,-0.33777570222663755,-0.3461983876749434,-0.5059622110959076,-0.01965058428264779,0.07607425583613958,-0.036149704498227415,0.09646635127205659,227.8,4,PEuk1
-0.19147827026761838,-0.3210685854870461,-0.12317749642080927,-0.12391590800282712,-0.3069311542513315,-0.4199567666364571,-0.33687248124331537,-0.5097602778109007,-0.130131992047821,-0.17325897909756743,-0.13424685876898781,-0.20143792758656823,228.0,4,PEuk1
-0.14963678255487928,-0.1978130293715563,-0.12269897321161777,-0.11912829755701819,-0.2531491350300268,-0.3443434512266026,-0.32905075326840155,-0.49850674680351353,-0.1455261161393796,-0.18770267198240956,-0.11260234314125553,-0.14921654476438795,228.4,4,PEuk1
-0.1310357146066807,-0.14217224903344888,-0.13030949098335387,-0.13488094021224856,-0.35641552353486067,-0.46980429750798697,-0.32965242465108724,-0.4979440702531442,-0.12346494220400392,-0.13386603643409667,-0.11286730470610155,-0.1049667205958485,228.8,4,PEuk1
-0.11219693849640394,-0.04231475727004705,-0.11611604582030766,-0.11055489899031713,0.10478370978756033,0.0978849814377132,-0.29575827009312744,-0.4762810230639239,-0.12979450591677674,-0.15848517775465154,-0.11847490934967891,-0.1357019090854522,229.7,4,PEuk1
-0.1953850928498011,-0.33653526904379144,-0.13199078874537806,-0.13771123305215072,-0.3421718837410905,-0.46172091412341454,-0.3358696956055059,-0.5128549988379322,-0.15265749253933136,-0.18841790697490274,-0.12698212162662773,-0.16669890414465455,230.1,4,PEuk1
-0.1143912920742276,-0.06343128121175377,-0.125780568620195,-0.12548523661584704,-0.33713749381398206,-0.44774339702092475,-0.3448947663457911,-0.5010387912801757,-0.1229553154960512,-0.13725978303815342,-0.11963654875261967,-0.10506151262966869,230.1,4,PEuk1
-0.10764814217037746,-0.09396857029130454,-0.13030361231985027,-0.1371220109622069,-0.26444581486646523,-0.39924309671349023,-0.3344657957125727,-0.5018828061057297,-0.0907050049130074,-0.06186474862703988,-0.04940526753049586,0.006671211806101727,230.6,4,PEuk1
-0.16547429098612823,-0.21670693360214552,-0.12854236473417738,-0.13244877040609224,-0.3100009042068854,-0.43258705317485147,-0.32423738220691617,-0.49808473939073655,-0.1370866978556825,-0.1686577305021356,-0.11850784242553548,-0.12510777082945282,231.1,4,PEuk1
-0.05779896181402543,0.04703193641913059,-0.11157301466474019,-0.10229710341036731,-0.30594883426555425,-0.4330922646363872,-0.3331621743834204,-0.49133262078630424,-0.06394960274548941,0.003511204512711625,-0.05183183643792749,0.05101131410208899,231.1,4,PEuk1
0.06528373721032774,0.438710558147368,-0.11745755683182486,-0.11694079245160022,-0.25032496507091717,-0.3197564934318615,-0.3202262396556783,-0.5001947764546216,-0.06248414283417648,-0.009096622035123698,0.010353295569239465,0.10984556975982064,231.5,4,PEuk1
-0.1593035811460582,-0.2256105059353407,-0.12463305350429596,-0.12674620084272928,-0.25474540500691484,-0.3662359478931529,-0.3105994975327075,-0.4899259294103808,-0.13729281354645448,-0.1669579615118785,-0.1230226677338722,-0.13323731620612725,231.9,4,PEuk1
-0.13530961033710656,-0.11863015630538273,-0.13252221992610178,-0.13662833840036206,-0.2999321243526685,-0.42804015002102946,-0.3419866879961436,-0.5121516531499705,-0.12620446888519868,-0.14088808038873624,-0.1265195616066423,-0.12387547438979034,231.9,4,PEuk1
-0.03256632126254403,0.2079738264581779,-0.10791648596551275,-0.09971871387181706,-0.17087983622118172,-0.24414317802200705,-0.3461983876749434,-0.5117296457371935,-0.07516818534322203,-0.03223896235903272,-0.059892955232819144,-0.014350050170118643,232.6,4,PEuk1
-0.06455019702951087,0.054112240447329575,-0.12558186979377395,-0.1289872715926876,-0.28630243455000914,-0.39115971332891786,-0.3339644028936679,-0.5068062259214616,-0.08128144083106383,-0.040714641804488395,-0.04867774594566441,0.06415129555211636,232.6,4,PEuk1
-0.11508986299951855,-0.05902859562787599,-0.1252103382603476,-0.12739912261807243,-0.3255952339810993,-0.447069781738877,-0.33887805251893427,-0.49752206284036715,-0.11246946285397505,-0.11373810755628241,-0.08142070813705997,-0.07379819709449534,233.1,4,PEuk1
-0.15237770319925,-0.2149163990189625,-0.1280132850188551,-0.1353963285759341,-0.33934771378198086,-0.4354499181235542,-0.3453961591646958,-0.500757453004991,-0.1296721955068681,-0.15580087476663057,-0.12183707700303577,-0.11923969254534578,234.1,4,PEuk1
-0.09302019635977117,-0.014311058258839328,-0.11469340925244104,-0.10838766196661712,-0.3381198137997593,-0.4341026875594588,-0.33947972390161996,-0.4996320999042523,-0.07446263547865638,-0.027455285405191668,-0.06593916856848625,0.018800078228713737,235.0,4,PEuk1
-0.12419392390087976,-0.12824077702974343,-0.11787611767327984,-0.11208658688014654,-0.1416558166443084,-0.1537103264071032,-0.2954574344017846,-0.48429916390668726,-0.1050674180469106,-0.0937520674016753,-0.08218864758771538,-0.02123375738801344,235.6,4,PEuk1
-0.1413428698793763,-0.17277173218444475,-0.10915688396476836,-0.09899051065009287,-0.2739006447295713,-0.4061476533544792,-0.34078334523077225,-0.5000541073170293,-0.1339134222208302,-0.165139469304244,-0.11193320291816981,-0.13391891606835815,235.7,4,PEuk1
-0.14881693195505863,-0.17209414414291116,-0.1274924354324378,-0.1319883954070698,-0.31036927420155186,-0.4394916098158404,-0.32614267491875415,-0.494146003538151,-0.12852043914689493,-0.14708195750996264,-0.12427113070043481,-0.11054139496575019,235.9,4,PEuk1
-0.09843412103077602,-0.00655316618910674,-0.10402481072614206,-0.08577716909009953,-0.2479919551046962,-0.3674147746367364,-0.32614267491875415,-0.4900665985479732,-0.12187830438657778,-0.13745089846124875,-0.09046981920764864,-0.07293604097736885,236.1,4,PEuk1
-0.1597207832264403,-0.22661215782282518,-0.1284130341370986,-0.135160350195932,-0.3117199641819956,-0.42652451563642213,-0.31852150407140223,-0.49245797388704293,-0.1334513606722864,-0.15430669964061242,-0.1294580901478442,-0.11394939427690466,236.1,4,PEuk1
-0.16212050371980086,-0.21086723763066748,-0.1262673219582915,-0.12603826570272306,-0.3306296239082077,-0.4558267804054972,-0.3135075758823549,-0.49316131957500464,-0.1350142159100081,-0.1572545102574467,-0.1296946095108141,-0.13346301152474677,236.2,4,PEuk1
-0.1409483066715731,-0.14639489914735396,-0.12607332606267332,-0.1306868950167516,-0.29845864437400266,-0.41844113225184976,-0.3353683027866012,-0.5027268209312837,-0.1297446757497769,-0.1560064686308695,-0.1099317700808866,-0.1282404218518915,236.7,4,PEuk1
-0.15243106625604305,-0.21362014363515908,-0.1298180347144545,-0.13667611316441158,-0.2947749444273379,-0.41911474753389744,-0.31441008295638345,-0.49105128251111957,-0.13624751254325368,-0.17053992785080185,-0.12741474248674353,-0.1337157902816006,236.9,4,PEuk1
-0.18868722069110871,-0.2865443290906454,-0.13178268405735127,-0.1391661917754764,-0.3452416336966444,-0.44791180084143667,-0.3325605030007347,-0.5111669691868241,-0.1411818315800315,-0.16696375288833593,-0.13586207644395312,-0.195289987107373,236.9,4,PEuk1
-0.19638120324327152,-0.33933072888664023,-0.1336685593093001,-0.14161139106273712,-0.3546964635597505,-0.46980429750798697,-0.3302540960337729,-0.5066655567838693,-0.1634343986568383,-0.20964330169140089,0.007411773112050589,0.7720401484958105,236.9,4,PEuk1
0.07107443740353812,0.48213511350478255,-0.12213462151527399,-0.12331365643177888,-0.2754969147064593,-0.39200173243147746,-0.3461983876749434,-0.5111669691868241,-0.033471660602325655,0.05838739213513404,-0.04158665593054802,0.010977478485361816,237.2,4,PEuk1
-0.11885438409691977,-0.11798530198566234,-0.12407575620415646,-0.1260802495862817,0.020672561005382912,0.0013895922843800098,-0.30779169774684095,-0.4736083094496695,-0.1182995923929542,-0.1268903234911166,-0.10903060136881143,-0.10519692982084039,237.3,4,PEuk1
-0.15773988187578886,-0.1933808834380466,-0.12204996876082243,-0.11941784158156062,-0.2810224646264564,-0.3775190038674519,-0.3254407249722875,-0.49569336405166675,-0.11959404423115412,-0.1216346493559946,-0.1153073462354745,-0.07213256564308342,237.5,4,PEuk1
-0.10827717941560473,-0.08805686013183742,-0.1229047264342431,-0.12443853496712619,-0.272918324743794,-0.41170497943137274,-0.3325605030007347,-0.5010387912801757,-0.12382168089957082,-0.1481620492192742,-0.0890881269796663,-0.10054309235090626,238.3,4,PEuk1
-0.1954206682209965,-0.32261034378444864,-0.13301837912580403,-0.14061825505855663,-0.3421718837410905,-0.46980429750798697,-0.32804796763059213,-0.5014607986929527,-0.16383303999283688,-0.2113285922405144,-0.14369266370784878,-0.2167942370654391,238.6,4,PEuk1
-0.14862450153813822,-0.16381905926852972,-0.13256219483792614,-0.14092082856420346,-0.33713749381398206,-0.44538574353375776,-0.32794768906681115,-0.4923173047494506,-0.1283494310737819,-0.13891901239320845,-0.1250630214789859,-0.09760453930248036,239.6,4,PEuk1
-0.1534352619611488,-0.22362029564909708,-0.12860467856731533,-0.13663992016134377,-0.30042328434555715,-0.43578672576457805,-0.3036802766318222,-0.4803604280541018,-0.13441059138703296,-0.16723884327006408,-0.1098479404332517,-0.13566579783447308,239.7,4,PEuk1
-0.15290809964252647,-0.2550381218454234,-0.10954840295410687,-0.09344574258010552,-0.26444581486646523,-0.3736457159956776,-0.3461983876749434,-0.5028674900688761,-0.1306767263734327,-0.15312236315506703,-0.10968477201196233,-0.12408762798929267,239.8,4,PEuk1
-0.14535641857514514,-0.1525684790813268,-0.11635001662775019,-0.1042225711735744,-0.32264827402376756,-0.4320818417133157,-0.3260423963549732,-0.4994914307666599,-0.1379745808313157,-0.16963357743521332,-0.1288024225466998,-0.1312241139640413,240.5,4,PEuk1
-0.13951720651212288,-0.1272718588640722,-0.12490112056005925,-0.1264971929816228,-0.3100009042068854,-0.43696555250816155,-0.31862178263518315,-0.49639670973962846,-0.11389641763624267,-0.11374969030919728,-0.10605913975175295,-0.06368704682034167,240.8,4,PEuk1
-0.11377680838994389,-0.11478067062014832,-0.1251292127039982,-0.12939697638741512,-0.28114525462467854,-0.40597924953396725,-0.3038808337593841,-0.49217663561185826,-0.11425655384319593,-0.12383826809804852,-0.05837054895344964,-0.05115192882421456,240.8,4,PEuk1
-0.13547455069446693,-0.16359319658801852,-0.12108704367893584,-0.12236684747152517,-0.3158948241215489,-0.43376587991843496,-0.32463849646203996,-0.4994914307666599,-0.12713538700505897,-0.14756553744415843,-0.09537684751027721,-0.0982635696328493,240.9,4,PEuk1
-0.13298265764846381,-0.15480091890898826,-0.09142918630336921,-0.05644635940395236,-0.335541223837094,-0.4142310367390516,-0.3099978261500218,-0.49386466526296635,-0.12404251913968367,-0.14301061986038605,-0.08936656116645364,-0.10169865238223812,241.7,4,PEuk1
-0.1845151998872878,-0.29160823585515017,-0.13318768463470718,-0.1411785227460462,-0.337874233803315,-0.4458909549952936,-0.3045827837058507,-0.4761403539263316,-0.15542533181541238,-0.209611449120885,-0.1254761818851865,-0.18947156179336225,242.6,4,PEuk1
-0.19424991509620332,-0.32680680692090314,-0.13293960503485605,-0.14018972990223386,-0.3287877739348754,-0.4440385129696624,-0.28402567813075674,-0.45391463018674194,-0.15036190734595323,-0.1918666716553051,-0.13348640410829982,-0.18916461616003974,242.6,4,PEuk1
-0.1353856122664785,-0.20502426828700812,-0.11244070539786877,-0.1045092197578714,-0.28654801454645346,-0.4090105183031819,-0.3340646814574489,-0.4942866726757434,-0.13246041985126722,-0.160816206778769,-0.11814557859111324,-0.14918043351340884,242.7,4,PEuk1
-0.14316368205964855,-0.1622642074824019,-0.12654597060836123,-0.1289641080707242,-0.32964730392243047,-0.41490465202109933,-0.3461983876749434,-0.5120109840123781,-0.12156007082005618,-0.1413629732582459,-0.08659120104654108,-0.07972947006781583,242.7,4,PEuk1
-0.07155692809267218,-0.006896870268145525,-0.10675603778990585,-0.09431437465373278,-0.2977219043846697,-0.42921897676461296,-0.3000702483357081,-0.49316131957500464,-0.08723501328374708,-0.05969298245550188,-0.08239971866479612,-0.04433141629553322,242.8,4,PEuk1
-0.07742848140223568,-0.029368570292919456,-0.11113093916927089,-0.10045126025390938,-0.31184275418021773,-0.43342907227741106,-0.3461983876749434,-0.5108856309116394,-0.0664343160727078,-0.00882153165339555,-0.02681617140887747,0.06521657745600042,243.2,4,PEuk1
-0.12182169346707925,-0.15430336633742733,-0.1256865100041377,-0.13013097048963015,-0.35641552353486067,-0.44774339702092475,-0.32774713193924926,-0.5018828061057297,-0.12904592090798397,-0.15577191788434339,-0.10052638300784959,-0.11426988162934434,243.2,4,PEuk1
-0.14485189512910168,-0.17697146869308059,-0.12089069631791623,-0.12092926138967205,-0.2676383548202413,-0.3643835058675217,-0.32012596109189734,-0.4972407245651825,-0.12061329764705957,-0.1369065090742499,-0.11108592469385994,-0.10382470228363382,243.3,4,PEuk1
-0.14077689806490448,-0.15667983454106696,-0.12508453486137097,-0.1308750986327042,-0.33738307381042637,-0.42989259204666064,-0.3438919807079816,-0.5076502407470156,-0.12750911325755765,-0.15483371489823897,-0.1093763986653054,-0.12121226963008022,243.8,4,PEuk1
-0.0830332194278339,-0.042399864946761415,-0.11393035872967622,-0.10657366865285886,-0.3236305940095448,-0.4384811868927688,-0.34359114501663873,-0.5089162629853466,-0.10364159576843843,-0.09343064600828767,-0.09079914996621433,-0.022303553198269876,243.8,4,PEuk1
-0.11736830381834945,-0.10290487634631296,-0.12475532970517045,-0.12683161632996928,-0.32952451392420834,-0.43326066845689915,-0.32644351061009697,-0.5014607986929527,-0.10434035061023138,-0.0933032357262241,-0.09868063380188834,-0.03473936525420441,244.1,4,PEuk1
-0.10073358365985872,-0.05436404026949247,-0.1265436191429598,-0.12638861397241938,-0.33652354382287125,-0.43326066845689915,-0.3358696956055059,-0.4976627319779595,-0.09264724892220501,-0.06000282109597463,-0.07072045239966247,-0.01560040223527068,244.5,4,PEuk1
-0.17390241983477736,-0.25940152696312535,-0.12806736872308802,-0.13523852708255846,-0.32436733399887774,-0.42921897676461296,-0.3440925378355435,-0.509056932122939,-0.14008896541742177,-0.1772405504120538,-0.10505917181210808,-0.12476020003877877,244.9,4,PEuk1
-0.13299882827173443,-0.14536706028241891,-0.10594360649371093,-0.088585746128161,-0.2991953843633356,-0.38577079107253626,-0.3148111972115072,-0.4934426578501893,-0.10263253488669204,-0.09128494103080811,-0.09384545948294683,-0.03618832919974161,245.0,4,PEuk1
0.05173113784721792,0.3634262713491486,-0.106854799336766,-0.09031866711504738,-0.2977219043846697,-0.40597924953396725,-0.3121036759894217,-0.49133262078630424,-0.039250827470509536,0.05598397090529864,-0.02632516918701592,0.0544057716941263,245.2,4,PEuk1
-0.1204827658602716,-0.1522836957015518,-0.12982744057606022,-0.13912565561204046,-0.3232622240148783,-0.4086737106621581,-0.26968584351008146,-0.4751556699631852,-0.13865068559719962,-0.17788339319882904,-0.10092756775010232,-0.13999012013922274,246.6,4,PEuk1
-0.16805350539779274,-0.24222941649991134,-0.12111055833295016,-0.12084095046218661,-0.3147897141375495,-0.4339342837389469,-0.3444936520906673,-0.500335445592214,-0.14169259079177968,-0.18141034146140678,-0.12027724677382925,-0.15089120402854467,246.7,4,PEuk1
-0.13535003689528313,-0.16148187153106597,-0.12541021281946937,-0.1248221807996449,-0.005358918617714334,0.01890358961762024,-0.2954574344017846,-0.46516816119412907,-0.12621126390797138,-0.14007728768469538,-0.11537171542919417,-0.12124386697468695,247.1,4,PEuk1
0.016767016211475107,0.3123158381099906,-0.11841225178480644,-0.1167598274362612,-0.3171227241037705,-0.44235447476454315,-0.32864963901327776,-0.4994914307666599,-0.05678991375065138,0.000244868190718459,-0.08968391626107147,-0.03509596385762322,247.4,4,PEuk1
-0.07607500023448446,-0.019266943741360485,-0.11102394749350572,-0.1048074501031501,-0.20612056571094073,-0.37145646632902257,-0.343190030761515,-0.493301988712597,-0.09639357147755524,-0.08082571514868106,-0.0591804032279225,-0.029385872296549834,247.4,4,PEuk1
0.0045452591435376265,0.31217835647837505,-0.09927249914984711,-0.07757583459493547,-0.25990258493224544,-0.42130399720055245,-0.3200256825281164,-0.49569336405166675,-0.05749886112660339,0.007544898215314887,-0.056503842335579646,0.015509440483241406,247.7,4,PEuk1
-0.1409693284818249,-0.16224784062149528,-0.11937164966859087,-0.11762266862939762,-0.3448732637019779,-0.45970006827727145,-0.3084936476933076,-0.494146003538151,-0.12632451428751643,-0.14357817475321466,-0.10900665004091574,-0.1043799127674378,248.2,4,PEuk1
-0.15412898169945857,-0.22684784061988036,-0.13004730259109415,-0.13350705381579478,-0.3311207839010964,-0.39840107761093063,-0.3045827837058507,-0.49555269491407444,-0.14180697367512016,-0.179615014759602,-0.13230081337746338,-0.14668424328947716,248.3,4,PEuk1
-0.15040812128488804,-0.20718796729886182,-0.13201783059749453,-0.13855670160381459,-0.35641552353486067,-0.44656457027734126,-0.3211287467297068,-0.4911919516487119,-0.12449665316165932,-0.14186971869827142,-0.12161103634602023,-0.10539554170122555,248.7,4,PEuk1
-0.11476321640945195,-0.07532998909085839,-0.1253678864422436,-0.1289163333066747,-0.2659192948451311,-0.39924309671349023,-0.29345186312616567,-0.48162645029243284,-0.12490548703181695,-0.13560055368309837,-0.11866502301485092,-0.07886731395068934,249.0,4,PEuk1
-0.07340361327017741,0.04353924830166026,-0.11537063128805358,-0.11160449607928341,-0.34843417365042045,-0.4442069167901743,-0.3235354322604495,-0.4814857811548405,-0.08133353600565454,-0.03390108740231648,-0.07237758489844522,0.033095619710072965,249.3,4,PEuk1
-0.13424396626357246,-0.15168794196455126,-0.12729491233871748,-0.1289612126304788,-0.35641552353486067,-0.4595316644567595,-0.320827911038364,-0.4925986430246353,-0.12184659428030516,-0.12625037639257006,-0.10544838089041297,-0.07440757445476799,249.3,4,PEuk1
-0.19655746303692134,-0.341759571045181,-0.13042471278802406,-0.1331509146656076,-0.3354184338388719,-0.4469013779183651,-0.3260423963549732,-0.4996320999042523,-0.14703234618732874,-0.15856625702505564,-0.13797428417275387,-0.20012889473857512,250.5,4,PEuk1
-0.08789895996996461,-0.045741977943890934,-0.12139508564652349,-0.12099296107507138,-0.2903545044913403,-0.39722225086734714,-0.3461983876749434,-0.4927393121622276,-0.09182731617429885,-0.053530957904791364,-0.10708904685126742,-0.01398893766032744,250.6,4,PEuk1
-0.12649823771694366,-0.1473670906852065,-0.10144995611157355,-0.09512220248220614,-0.35641552353486067,-0.4546479536619137,-0.31731816130603085,-0.4983660776659212,-0.08976276175519259,-0.0652903478016125,-0.1297934087383838,-0.19476637396817575,250.8,4,PEuk1
-0.13005415777415383,-0.09490148136298124,-0.1287457664914013,-0.13484040404881262,-0.28630243455000914,-0.42450366979027904,-0.33015381746999195,-0.5041335123072072,-0.11994965042292557,-0.1310630102286983,-0.10862342879458478,-0.10185663910527176,251.0,4,PEuk1
-0.11541650958958515,-0.06652461792310284,-0.12070963348200593,-0.11900813678683309,-0.3092641642175525,-0.4396600136363523,-0.30658835498146964,-0.4876752232089034,-0.10571294521031739,-0.0873091610927792,-0.06980730802363946,-0.007348981386541707,251.3,4,PEuk1
-0.1216470507357565,-0.1276188363152923,-0.11161886824006813,-0.10073646111808367,-0.31036927420155186,-0.42585090035437445,-0.34228752368748644,-0.5034301666192454,-0.11710593339254938,-0.1293082231620956,-0.08690556222517194,-0.07410965663419025,251.4,4,PEuk1
-0.1259063929052388,-0.11606710588740779,-0.1312183323610075,-0.13656174327471732,-0.3241217540024334,-0.4341026875594588,-0.33095604598023953,-0.5032894974816531,-0.11381034734778843,-0.10826525680400663,-0.1087895911318611,-0.0636780190075969,251.6,4,PEuk1
-0.16903344516799254,-0.23266462298608914,-0.133697952626818,-0.1423381465643386,-0.3236305940095448,-0.43797597543123307,-0.32463849646203996,-0.5032894974816531,-0.14606971796119583,-0.19089372041045607,-0.12382503721837766,-0.139159561366703,251.6,4,PEuk1
-0.15398668021467707,-0.22000649276091785,-0.09224279333226483,-0.05980217464839901,-0.30594883426555425,-0.4103577488672773,-0.3461983876749434,-0.509056932122939,-0.13913992723683424,-0.17784864494008443,-0.10703066548952168,-0.13737205444323652,251.7,4,PEuk1
-0.1596512495463766,-0.21647452417727167,-0.13036475042028753,-0.13565402275777683,-0.34339978372331204,-0.4546479536619137,-0.3222318109312972,-0.5025861517936914,-0.13817729901070133,-0.16998106002265942,-0.10468942318771843,-0.12472408878779966,251.9,4,PEuk1
-0.17518151613548372,-0.2767962267346692,-0.12701626368864774,-0.12774512772740063,-0.27746155467801387,-0.37128806250851065,-0.3325605030007347,-0.501601467830545,-0.1403743563738753,-0.1714984006545073,-0.12311997000344843,-0.16349854452663,252.0,4,PEuk1
-0.1389318299497263,-0.26978139015009667,-0.04293726679502947,-0.08112709205594826,-0.3091413742193303,-0.4266929194569341,-0.33998111672052467,-0.4997727690418446,-0.014943898508755526,-0.13080818966457117,-0.09465531375741969,-0.19750180122984412,252.1,4,PEuk1
-0.16035952284562993,-0.21793444817014118,-0.12115170897747524,-0.11779349960387764,-0.17284447619273624,-0.2584575027655207,-0.31812038981627844,-0.4917546281990813,-0.13217389639101823,-0.14949406580448418,-0.12419029496878688,-0.123397000314317,252.2,4,PEuk1
-0.1578110326181796,-0.19827784822130395,-0.1261297612323077,-0.12957794140275414,-0.2848289545713433,-0.3653939287905933,-0.31511203290285006,-0.4918952973366736,-0.1412271317318495,-0.1818331119427995,-0.12362743876323826,-0.14611097718018362,252.3,4,PEuk1
-0.08541515223559679,-0.054521162134195916,-0.1203663195333968,-0.12326298622748395,-0.32952451392420834,-0.4123785947134204,-0.33998111672052467,-0.5032894974816531,-0.09021916078475914,-0.06448245078580037,-0.06689722168431367,-0.005173278515049712,252.4,4,PEuk1
-0.15653193631747325,-0.1979505110031718,-0.12310930392416773,-0.12202952868293325,-0.2371864352611464,-0.31925128197032576,-0.31420952582882156,-0.4883785688968651,-0.11975372726631264,-0.1211655478629424,-0.10594986181822888,-0.07982426210163603,252.6,4,PEuk1
-0.11868459255257822,-0.1291998750788707,-0.10279969725199577,-0.07873835385347329,-0.2753741247082372,-0.41372582527751584,-0.32142958242104963,-0.4879565614840881,-0.12152609570619267,-0.1288449130455008,-0.11147513377216484,-0.09098263865418418,252.7,4,PEuk1
-0.19008759666634475,-0.3087607060852762,-0.13122185955910964,-0.13771557621251887,-0.3096325342122189,-0.41591507494417085,-0.3362708098606297,-0.5125736605627474,-0.15214333581619685,-0.19743218443089985,-0.14281694328166278,-0.21242477569696555,252.7,4,PEuk1
-0.19103681225233035,-0.30233834986552294,-0.13259276388814475,-0.14033305419438233,-0.34413652371264497,-0.46980429750798697,-0.31571370428553575,-0.48626853183298,-0.1565227279932039,-0.20531424778946847,-0.14273461059202136,-0.21826577054283824,253.0,4,PEuk1
-0.1894537082341363,-0.3177297458620979,-0.1296016998975227,-0.13633300349532881,-0.35641552353486067,-0.46980429750798697,-0.31751871843359275,-0.4851431787322413,-0.13795306325920212,-0.1880906942050577,-0.14006852840563289,-0.21424839387141112,253.0,4,PEuk1
-0.15650121213325907,-0.2107624897208652,-0.12700803355974272,-0.1319782613662108,-0.2903545044913403,-0.41642028640570666,-0.3362708098606297,-0.5065248876462769,-0.14038907892321614,-0.17556394692762645,-0.11129998968692763,-0.13096230739444267,253.2,4,PEuk1
-0.18314554809626593,-0.2843675365900664,-0.13083034056977114,-0.13672388792846107,-0.3236305940095448,-0.4440385129696624,-0.3349671885314774,-0.5046961888575765,-0.14395533337508976,-0.18115841658550835,-0.12882337995860854,-0.14839501380461298,253.9,4,PEuk1
-0.059787948476312164,0.04961790044237478,-0.11716362365664582,-0.11240798074738863,-0.28617964455178696,-0.3989062890724664,-0.3350674670952583,-0.5055402036831306,-0.07788053193332597,-0.03504777994088855,-0.06883578228587071,-0.011817748695207837,253.9,4,PEuk1
-0.16697654188796918,-0.23025869443281763,-0.12297762186168752,-0.12121590997396904,-0.34229467373931266,-0.44201766712351925,-0.3241371036431352,-0.49850674680351353,-0.1341444529951021,-0.1674415414460743,-0.12062753494430366,-0.13395051341296488,253.9,4,PEuk1
-0.16632809989481717,-0.2294272578987619,-0.12986741548788455,-0.13539053769544324,-0.3473290636664211,-0.4657626058157007,-0.33998111672052467,-0.5080722481597927,-0.143812637896863,-0.17986983532372916,-0.12537139482564286,-0.15347315847355175,255.0,4,PEuk1
-0.1053729354762007,-0.13207389585407123,-0.12090362937762411,-0.12095532035188086,-0.2966167944006703,-0.4394916098158404,-0.30518445508853637,-0.48781589234649575,-0.09336412382472517,-0.06587817251204213,-0.060069596276049825,-0.03586332794092953,255.3,4,PEuk1
-0.14932468952575623,-0.14402170431589567,-0.13133708136377983,-0.1366934858058841,-0.3335765838655395,-0.4460593588158055,-0.33937944533783904,-0.4994914307666599,-0.1343958688376921,-0.15870525006003408,-0.1299820254455623,-0.12222789856386797,255.5,4,PEuk1
-0.07759018763494192,0.00346662605791919,-0.11524600362177766,-0.1077752763547099,-0.2753741247082372,-0.4054740380724315,-0.30548529077987924,-0.49653737887722077,-0.10562913992945405,-0.09860234518477684,-0.08280689123902277,-0.02152716130221879,255.7,4,PEuk1
-0.1963488619967303,-0.33880371596544745,-0.133697952626818,-0.14430559821110434,-0.33222589388509577,-0.4502694543286036,-0.32554100353606846,-0.4983660776659212,-0.15152951875906268,-0.17130438954318325,-0.14412378760997113,-0.22094251702166554,255.8,4,PEuk1
-0.13852271318097953,-0.1553508454354503,-0.12696570718251693,-0.13075204242227365,-0.3161404041179932,-0.41911474753389744,-0.3141092472650406,-0.4951306875012974,-0.13253063508658514,-0.1667552633358683,-0.10404722820851536,-0.10784207895506094,255.8,4,PEuk1
-0.07389520021760437,0.04624305372343204,-0.12537376510574716,-0.1277668435292413,-0.3208064240504352,-0.4219776124826002,-0.3461983876749434,-0.509056932122939,-0.1191852103609965,-0.13287571105987533,-0.10767286046872476,-0.10500283184682761,255.9,4,PEuk1
-0.13268673524261138,-0.15157010056602366,-0.12213227004987255,-0.12121880541421447,-0.30324745430466676,-0.4189463437133855,-0.3254407249722875,-0.49555269491407444,-0.12886811781209823,-0.14744391853855232,-0.11564266482601411,-0.0997125335783865,256.6,4,PEuk1
-0.1148343671518427,-0.11714404533506265,-0.12878574140322563,-0.13381541820193246,-0.287775914528675,-0.4078316915595984,-0.29475548445531796,-0.48598719355779535,-0.1373064035919999,-0.1732155437741367,-0.11644503431051957,-0.13160328209932207,256.6,4,PEuk1
0.07838841030884128,0.5277528282236826,-0.12258610287234901,-0.1250147275759656,-0.2633407048824658,-0.3761717733033565,-0.3461983876749434,-0.5125736605627474,-0.11430978152158211,-0.12271184537707747,-0.11662766318572418,-0.12422755908683676,256.9,4,PEuk1
-0.03960539357224658,0.0899523924606216,-0.12855647352658597,-0.1329945608923547,-0.30582604426733206,-0.438144379251745,-0.3432903093252959,-0.49499001836370504,-0.08538223707439006,-0.06459538262672034,-0.09595617025375411,-0.10072364860580187,257.1,4,PEuk1
-0.19207334920397734,-0.32241721482575064,-0.1330654084338327,-0.14259004986569052,-0.35641552353486067,-0.46980429750798697,-0.3425883593788293,-0.5100416160860853,-0.11508101660628389,-0.10527690655197033,-0.12146283750466569,-0.16917703874309667,257.2,4,PEuk1
-0.19437281183306004,-0.3223812077317561,-0.13324059260623938,-0.14221509035390806,-0.34634674368064383,-0.46980429750798697,-0.32965242465108724,-0.507368902471831,-0.1563834300263635,-0.1948521262191127,-0.002822928689374521,0.7393188412023551,257.2,4,PEuk1
-0.12254775445193025,-0.0992419728754139,-0.12829428513432625,-0.1342859272418139,-0.22539859543181934,-0.29735878530377546,-0.3122039545532026,-0.4820484577052098,-0.11443662194667256,-0.12511816229514158,-0.10060422482351057,-0.08826978092437777,257.4,4,PEuk1
-0.12799240330714928,-0.19025808637706565,-0.11945865388844387,-0.12010406091972615,-0.34339978372331204,-0.44454372443119816,-0.32684462486522076,-0.49062927509834253,-0.12456007337420455,-0.14861667227118283,-0.09445472138629332,-0.11665322419396629,257.6,4,PEuk1
-0.11087903269984811,-0.10247279121837849,-0.12820728091447325,-0.13542962613875645,-0.27623365469579225,-0.4113681717903489,-0.3260423963549732,-0.5018828061057297,-0.1113177064940019,-0.10329915149175638,-0.0916389434005568,-0.04369946940339862,258.0,4,PEuk1
-0.1376592018983282,-0.12646660930746703,-0.11195865499057511,-0.09918160970629086,-0.2754969147064593,-0.4142310367390516,-0.30648807641768866,-0.4904886059607502,-0.10852381963062552,-0.10641201633762752,-0.0857978133099965,-0.060107519067036375,258.0,4,PEuk1
-0.15147699948307625,-0.21643197033891448,-0.12906674151869682,-0.1312008356603144,-0.35592436354197204,-0.4548163574824256,-0.3045827837058507,-0.4875345540713111,-0.1378760530011115,-0.17369333233187506,-0.10161616842710329,-0.12426818424418827,258.0,4,PEuk1
0.03116533917163855,0.3121227091512926,-0.12986153682438098,-0.13766490600822393,-0.3095097442139968,-0.41389422909802775,-0.3461983876749434,-0.5058215419583152,-0.070524919781875,-0.022888785068504412,-0.07134168996695682,-0.014390675327470154,258.2,4,PEuk1
-0.12276767492841073,-0.13541600885120075,-0.10581897882743502,-0.09261040806930064,-0.31036927420155186,-0.4501010505080917,-0.3429894736339531,-0.5032894974816531,-0.11047965368536852,-0.11009533176455599,-0.08778277960935144,-0.06467559231589509,258.4,4,PEuk1
-0.18499546739842532,-0.3003579596958233,-0.12963226894774132,-0.1359956847067369,-0.35641552353486067,-0.4588580491747118,-0.31661621135956425,-0.4876752232089034,-0.14116710903069063,-0.192164927542863,-0.1365791193228302,-0.2130792921209621,258.8,4,PEuk1
-0.13795027311719943,-0.1682086513636822,-0.11291687714165884,-0.10785345324133636,-0.3069311542513315,-0.4120417870723966,-0.31601453997687856,-0.48683120838334937,-0.1353958696890749,-0.16477750827565435,-0.1197637901820655,-0.13115189146208306,259.1,4,PEuk1
-0.151548150225467,-0.2174859961813001,-0.13104902685210437,-0.13873477117890817,-0.27181321475979464,-0.40059032727758564,-0.3461983876749434,-0.5045555197199841,-0.14387266059802187,-0.1872596316834158,-0.11371458293041142,-0.14451305432435754,259.2,4,PEuk1
-0.1586745439008309,-0.22159735164104025,-0.12349611998270336,-0.12387392411926847,-0.308895794222886,-0.4315766302517799,-0.31942401114543073,-0.48640920097057233,-0.13636755794557143,-0.1708642449324182,-0.11389272093163559,-0.13210432570665737,259.4,4,PEuk1
-0.0893737208122455,0.011738437560119296,-0.12770054012046458,-0.13271659862879398,-0.21459307558826954,-0.3077998221755148,-0.3267443463014398,-0.4962560406020361,-0.10946719529223578,-0.10260997769332166,-0.10225387253232592,-0.017735479949411166,259.5,4,PEuk1
-0.15036769472671146,-0.15763238584583159,-0.1160678407795783,-0.10298332274853285,-0.3166315641108819,-0.4374707639696973,-0.3347666314039155,-0.5013201295553603,-0.11656006656314225,-0.1207977954578953,-0.10003538078598805,-0.09534758611628534,260.1,4,PEuk1
-0.009937151057633063,0.19462174133056642,-0.11269466366122347,-0.10309914035834981,-0.321420374041546,-0.42787174620051754,-0.3445939306544482,-0.49555269491407444,-0.0765464424622853,-0.03551688143394076,-0.013129484474486688,0.03284284095321912,260.5,4,PEuk1
-0.16968027009881748,-0.25934587963604283,-0.12199941225469163,-0.11921805620462635,-0.33406774385842813,-0.45296391545679443,-0.32794768906681115,-0.49921009249147524,-0.14585454224006023,-0.1946696978607035,-0.13079487363602216,-0.16253256856293855,260.8,4,PEuk1
0.023497229616708738,0.3088624304586961,-0.0857233555067934,-0.04818566838375711,-0.30779068423888656,-0.43123982261075605,-0.3461983876749434,-0.5008981221425833,-0.03638446036422433,0.04027196657627832,-0.05999474837637581,-0.0030291729881644475,261.2,4,PEuk1
-0.14592885863892524,-0.22025199567451698,-0.12656243086617128,-0.13091708251626283,-0.05226469793857824,-0.15286830730454357,-0.2926496346159181,-0.4640428080933904,-0.14132226205066736,-0.1812481829205986,-0.11724440987903807,-0.15505302570388826,261.2,4,PEuk1
-0.1605115267043738,-0.182041922201948,-0.12954879192599048,-0.1337386890354287,-0.2440626751615872,-0.32733466535489814,-0.2764045072834048,-0.4523672696732262,-0.135793378521278,-0.16373216482508737,-0.11961559134071094,-0.12313519374471837,261.9,4,PEuk1
-0.15707850338402035,-0.22410802810411404,-0.12728080354630888,-0.1330293061752998,-0.28372384458734384,-0.37987665735461884,-0.3267443463014398,-0.5039928431696148,-0.13285000115690218,-0.15953052120521852,-0.11137932846058209,-0.10937229321530116,262.1,4,PEuk1
-0.09249788522813002,-0.016370009360890718,-0.11735291662146112,-0.11404535220617601,-0.2516756550513609,-0.36791998609827214,-0.3223320894950782,-0.4942866726757434,-0.11355553399381207,-0.11665116991437206,-0.09263142655023426,-0.06821900881822127,262.7,4,PEuk1
-0.11543753139983697,-0.12510161310785586,-0.12751830155185356,-0.13220265798523118,-0.3066855742548872,-0.4374707639696973,-0.3461983876749434,-0.5018828061057297,-0.13291002385806105,-0.1658691827378808,-0.11013236245201297,-0.13989081419903016,262.9,4,PEuk1
-0.11581592398436956,-0.07995526398306604,-0.12860467856731533,-0.13497214657997944,-0.31331623415888366,-0.44184926330300733,-0.30267749099401275,-0.48964459113519615,-0.11916369278888293,-0.12549749745310354,-0.11922189138842561,-0.09125347303652759,263.1,4,PEuk1
0.02362821166520079,0.3046528738335163,-0.12452606182853078,-0.12636400273033327,-0.32215711403087893,-0.4413440518414716,-0.3456969948560386,-0.502023475243322,-0.02574005719078511,0.059125792633456964,-0.06506344814230025,0.019662234345840232,263.2,4,PEuk1
0.0384065442722239,0.2932222581763407,-0.11160946237846239,-0.10482192730437721,-0.25720120497135796,-0.33322879907281555,-0.3121036759894217,-0.48880057630964213,-0.05820667599875995,0.008150097055116812,-0.01675062586071564,0.08946076858210728,263.6,4,PEuk1
-0.1485614361073828,-0.19611414920945028,-0.12974513928701006,-0.1357553631663667,-0.287775914528675,-0.4069896724570388,-0.341284738049677,-0.5110263000492318,-0.1390855670546526,-0.1770407479242723,-0.11965900312252187,-0.15004710353690773,263.8,4,PEuk1
-0.15665483305433,-0.21106691333372812,-0.12637196216865523,-0.12918850468974458,-0.34892533364330913,-0.4362919372261138,-0.31400896870125966,-0.501179460417768,-0.13919428741901588,-0.17742297877046298,-0.11022367688961526,-0.14430541463122762,264.6,4,PEuk1
-0.011397358338970393,0.1803760255974541,-0.11730471158073176,-0.11413800629402958,-0.3298928839188748,-0.43460789902099456,-0.3110006117878313,-0.4959747023268514,-0.05651245032076601,0.010762007837419858,-0.014153403742027244,0.1343109422981746,265.0,4,PEuk1
-0.09479896491953979,-0.04948671571932304,-0.12824137716279402,-0.13304378337652692,-0.3173683041002148,-0.43241864935433955,-0.3137081330099168,-0.4944273418133357,-0.09784430883952733,-0.0684958746708026,-0.10473582888551633,-0.007624329675257498,266.0,4,PEuk1
-0.13115699428121036,-0.11034852468663865,-0.12470712466444107,-0.1274309724607721,-0.29882701436866915,-0.4034531922262884,-0.31471091864772627,-0.49667804801481313,-0.11764613770297927,-0.11810480540518817,-0.09994556330637923,-0.05493006845790501,266.0,4,PEuk1
-0.13085783775070384,-0.13531126094139845,-0.12452371036312934,-0.1265826084688628,-0.29170519447178406,-0.4068212686365269,-0.32995326034243005,-0.49738139370277484,-0.10630071468015619,-0.10455877587124843,-0.08232936163910254,-0.055006804866235645,266.4,4,PEuk1
-0.1828771157499736,-0.2957588717810662,-0.12972280036569647,-0.1343119862040227,-0.2821275746104558,-0.36051021799574745,-0.32824852475815397,-0.5065248876462769,-0.14916711584175293,-0.1936185630336791,-0.13755513593457938,-0.18416772180580396,266.5,4,PEuk1
-0.15251030231006912,-0.2025365054292036,-0.1257241334505606,-0.12823735256912275,-0.3306296239082077,-0.451616684892699,-0.3106997760964884,-0.4972407245651825,-0.13889983643219875,-0.16837395305572128,-0.13833654800717612,-0.1744628231051654,267.0,4,PEuk1
0.08342232533298648,0.46536890119205243,-0.11946218108654602,-0.11820030895835974,-0.30337024430288895,-0.3994115005340022,-0.3461983876749434,-0.5058215419583152,-0.02619192620516986,0.07026550524933259,-0.02076097632524948,0.14385785427577952,267.4,4,PEuk1
-0.1500653040715508,-0.19235304457311156,-0.12262019912066979,-0.12266652553692657,-0.3028790843100003,-0.3620258523803548,-0.3119031188618598,-0.49639670973962846,-0.13706065026838712,-0.17305338523332853,-0.10310264771462926,-0.14152033439946296,268.0,4,PEuk1
-0.10779852896679427,-0.12094770380975854,-0.12876575394731346,-0.13483895632868992,-0.26923462479712934,-0.43107141879024413,-0.32574156066363036,-0.4962560406020361,-0.14457934296638297,-0.18549326186389822,-0.11281940205031019,-0.14864779256146682,268.1,4,PEuk1
-0.125133437112903,-0.08791937850022191,-0.12159731167104668,-0.11914567019849075,-0.2968623743971146,-0.40968413358522965,-0.33596997416928687,-0.5023048135185068,-0.1356314304785286,-0.16502653746332405,-0.13612554105080565,-0.16486174425109182,268.4,4,PEuk1
-0.1743131536658512,-0.26415773674258586,-0.1202652065211352,-0.11555821973441016,-0.2974763243882254,-0.39318055917506095,-0.32704518199278265,-0.494146003538151,-0.1441557865468845,-0.18464482521288406,-0.1284371647962906,-0.15610927979502753,269.1,4,PEuk1
-0.16060855044399752,-0.2360427430772132,-0.1303259512411639,-0.13613177039827182,-0.35641552353486067,-0.43780757161072115,-0.31862178263518315,-0.5014607986929527,-0.13840606477738232,-0.17232656748792047,-0.13702970367886777,-0.1625596520011729,269.7,4,PEuk1
-0.14086583649289292,-0.17820225663325756,-0.12876575394731346,-0.13797037495411618,-0.28912660450911876,-0.40732648009806266,-0.33917888821027714,-0.4923173047494506,-0.13014671459716184,-0.1535335508835449,-0.0976477327863869,-0.11239661048480248,269.7,4,PEuk1
-0.15204943954685635,-0.20443178792218888,-0.1275794396522908,-0.1293202472209114,-0.3474518536646432,-0.4287137653030772,-0.33596997416928687,-0.5069468950590539,-0.14359179965675015,-0.18405700050245444,-0.1112640626950841,-0.1484356389619645,269.7,4,PEuk1
-0.06515012715285103,0.11535048721549719,-0.1273619291026583,-0.13335649092303273,-0.31061485419799617,-0.41524145966212317,-0.3252401678447256,-0.5041335123072072,-0.08134712605119995,-0.05286205392395766,-0.10420889967181124,-0.086085050240141,269.8,4,PEuk1
-0.13023365169245776,-0.1572723149058862,-0.09243443776248157,-0.06691627133140628,-0.25253518503891603,-0.3635414867649621,-0.32704518199278265,-0.5032894974816531,-0.1082814638183991,-0.1093279743839459,-0.09124823736425842,-0.053259923100120704,271.0,4,PEuk1
-0.14097094554415196,-0.15472563134881787,-0.1285517705957831,-0.13443504241445325,-0.32068363405221306,-0.42467207361079096,-0.32804796763059213,-0.5035708357568378,-0.11734036167820763,-0.12450138070242478,-0.09427508642707569,-0.06360579650563865,271.1,4,PEuk1
-0.15801478247138948,-0.21488039192496797,-0.11433128358062045,-0.1071889497050115,-0.33431332385487245,-0.4559951842260091,-0.3258418392274113,-0.49400533440055866,-0.1428284920986165,-0.18531083350548905,-0.13455074124166433,-0.1759027592379578,271.2,4,PEuk1
-0.13618444105604732,-0.14948168911434037,-0.129173733194462,-0.1326615852641309,-0.2824959446051223,-0.39200173243147746,-0.29575827009312744,-0.4865498701081647,-0.12096324131985377,-0.1267744959619679,-0.11494508240105226,-0.0872586658969624,271.3,4,PEuk1
-0.13770286258115888,-0.16906300150300718,-0.12082485528667612,-0.12101322915678935,-0.3255952339810993,-0.44319649386710275,-0.3112011689153931,-0.49456801095092806,-0.11374805963903865,-0.11523228268230055,-0.08303742277001874,-0.08830589217535689,271.7,4,PEuk1
-0.14470635951966607,-0.169305231044425,-0.12790394187768847,-0.13278898463492958,-0.2966167944006703,-0.384086752867417,-0.313407297318574,-0.4899259294103808,-0.136869257126956,-0.1644358170646657,-0.12899103925387834,-0.13603593815700907,271.8,4,PEuk1
-0.09782610559580056,-0.058089137811836646,-0.11775031427430321,-0.1108386521343687,-0.32473570399354423,-0.420125170456969,-0.31942401114543073,-0.49850674680351353,-0.09281938949911347,-0.06873332110555742,-0.0453050995863532,0.024889337925067888,272.1,4,PEuk1
-0.13363433376626993,-0.1627814002870507,-0.11405145919784998,-0.10400830859541302,-0.2993181743615578,-0.43713395632867347,-0.3369727598070963,-0.502445482656099,-0.10615122417915673,-0.09894693208399422,-0.09683787851191403,-0.07094540826714484,272.6,4,PEuk1
-0.1081930921745975,-0.05072732377604399,-0.1290020762201574,-0.13515455931544115,-0.3139301841499944,-0.4383127830722569,-0.3384769382638105,-0.5103229543612701,-0.12920220643175614,-0.15420245486437859,-0.12004372132684632,-0.13246543821644857,272.7,4,PEuk1
-0.1436989296899062,-0.21924379704266989,-0.12161142046345527,-0.12245515839901061,-0.2440626751615872,-0.3968854432263233,-0.3461983876749434,-0.4990694233538829,-0.1301976772679571,-0.15044095585527476,-0.12426963374244133,-0.1412224165788852,272.9,4,PEuk1
-0.13841275294273928,-0.17574722749726623,-0.13138175920640704,-0.13821214421460912,-0.29845864437400266,-0.42601930417488637,-0.3128056259358883,-0.4872532157961264,-0.1103131756274373,-0.10993027753551911,-0.0969471564454381,-0.029155663071557942,273.1,4,PEuk1
-0.19044496744062553,-0.2866032497899092,-0.12427563076327823,-0.1111253007186657,-0.3350500638442054,-0.4581844338926641,-0.3314574387991443,-0.49105128251111957,-0.16295761455895363,-0.2185938740063662,-0.1432810002596417,-0.21460950638120233,273.3,4,PEuk1
-0.026552466468199035,0.13167152091156753,-0.09913023549306045,-0.07681867697075705,-0.33480448384776107,-0.4293873805851249,-0.33205911018182993,-0.49653737887722077,-0.023385581800043527,0.07090255665965041,-0.09662381351884634,-0.017690340885687265,273.4,4,PEuk1
-0.07265491341274753,0.06258700102477163,-0.12926073741431499,-0.13390807228978605,-0.3017739743260009,-0.3970538470468352,-0.3191231754540879,-0.49752206284036715,-0.09169028321504934,-0.0738528978939297,-0.07138360479077427,-0.010725383353089448,273.5,4,PEuk1
-0.1629743126284898,-0.2342685753549368,-0.128137912685131,-0.1331856599485527,-0.34339978372331204,-0.44100724420044773,-0.3219309752399544,-0.4916139590614889,-0.12659178518324274,-0.1473946918386641,-0.10742436544180702,-0.12483242254073702,273.6,4,PEuk1
-0.17990333813050585,-0.2532017600517019,-0.1298356707049652,-0.13633589893557424,-0.3267003439650987,-0.4373023601491854,-0.32995326034243005,-0.5083535864349773,-0.14930641380859336,-0.19848621494615296,-0.14002212270783498,-0.18531876793076343,273.7,4,PEuk1
-0.11373476476944028,-0.10744831693398757,-0.12345849653628045,-0.12361622993742571,-0.2977219043846697,-0.37465613891874916,-0.3211287467297068,-0.4983660776659212,-0.10592585592386208,-0.09539681831558675,-0.0715557549600245,-0.04297724438381621,273.8,4,PEuk1
-0.1441759630763896,-0.18279152443147068,-0.12165844977148392,-0.11848406210241132,-0.3244901239970999,-0.4317450340722918,-0.30769141918306003,-0.4918952973366736,-0.12111726183603504,-0.13267880426032258,-0.09538133838425765,-0.0873534579307826,273.8,4,PEuk1
-0.14914357854512525,-0.16047367289921888,-0.1305799095045186,-0.13903879240467773,-0.27181321475979464,-0.3807186764571785,-0.3448947663457911,-0.5010387912801757,-0.13408216528635233,-0.1647861953403405,-0.1145843155246235,-0.10234414099348989,274.0,4,PEuk1
-0.14029177936678577,-0.18755755432747517,-0.12668470706704577,-0.13184941427528943,-0.2810224646264564,-0.36472031350854556,-0.3334630100747632,-0.500757453004991,-0.10902665131580554,-0.11240609097107243,-0.10137066731617252,-0.09456668031386187,274.5,4,PEuk1
-0.10828849885189418,-0.07245596831565788,-0.12022052867850798,-0.11973054912806642,-0.31073764419621835,-0.4406704365594239,-0.3000702483357081,-0.48697187752094173,-0.08952380345435254,-0.06164757200988608,-0.06333146774384349,-0.025517454535411578,274.6,4,PEuk1
-0.15166942989999668,-0.20430412640711734,-0.13063281747605082,-0.13702501371398518,-0.34364536371975635,-0.45330072309781827,-0.32012596109189734,-0.49456801095092806,-0.13509462367948508,-0.16890965537803398,-0.12940869053405935,-0.14110054110683068,274.6,4,PEuk1
-0.019953235111457454,0.1979573075833333,-0.10258571390046542,-0.0837402268774436,-0.29588005441133736,-0.4408388403799358,-0.3325605030007347,-0.4959747023268514,-0.08485109279432379,-0.049025267020907176,-0.06992856162111137,0.009361500004046185,275.0,4,PEuk1
-0.019872381995104334,0.23540468533765432,-0.12468948867393033,-0.1285905962790645,-0.2944065744326715,-0.4187779398928736,-0.3154128685941929,-0.49555269491407444,-0.027575845843210368,0.07372585268264982,-0.04045495568747688,0.05008144938937665,275.5,4,PEuk1
-0.15043399428212104,-0.20016003722556397,-0.10958485066782907,-0.09660322016774062,-0.3382426037979815,-0.46188931794392646,-0.3176189969973737,-0.49133262078630424,-0.14846722849616453,-0.19523435706530337,-0.12060508057440145,-0.16059158882281083,275.6,4,PEuk1
-0.14328819585883235,-0.16439844614462368,-0.1150966855687867,-0.11105001927228467,-0.30066886434200146,-0.4460593588158055,-0.32734601768412547,-0.49738139370277484,-0.1017820245363087,-0.07915779872893987,-0.07948963232547032,-0.02887128697009737,275.8,4,PEuk1
-0.11539225365467921,-0.08745128627829289,-0.11487212062294991,-0.10594246267935638,-0.2807768846300121,-0.384086752867417,-0.30518445508853637,-0.4904886059607502,-0.09336412382472517,-0.06126244547546668,-0.09863273114609696,0.010530601754495203,276.0,4,PEuk1
-0.10402753962008479,-0.027961020254951098,-0.11252770961772177,-0.09957538957966856,-0.35641552353486067,-0.4570056071490806,-0.3314574387991443,-0.5089162629853466,-0.08990545723341935,-0.07138577152306251,-0.07695677940050158,-0.020606324402251224,276.4,4,PEuk1
-0.013399281499873622,0.20209485002052402,-0.12155498529382089,-0.1208033097389961,-0.23031019536070563,-0.38122388791871425,-0.3461983876749434,-0.49752206284036715,-0.10331996469053048,-0.1076253097054601,-0.07746125424430446,-0.0903416639493048,276.4,4,PEuk1
-0.15679875160143855,-0.23965654596539243,-0.12480471047860052,-0.12429231523473226,-0.2851973245660097,-0.4143994405595635,-0.3461983876749434,-0.5111669691868241,-0.14264615898754898,-0.18135242769683244,-0.12394928473183653,-0.15309850424464339,276.9,4,PEuk1
-0.16740829752929484,-0.24600361462497533,-0.12163023218666673,-0.11957709079505895,-0.21962746551537798,-0.3305343379446247,-0.309596711894898,-0.47923507495336304,-0.13178205007779237,-0.1588123905244966,-0.12114697936804134,-0.14748320471739018,276.9,4,PEuk1
-0.09189957216711693,-0.03630484594514028,-0.12972867902920004,-0.1365125207905451,-0.28912660450911876,-0.39452778973915636,-0.3366719241157535,-0.5001947764546216,-0.11156572482520555,-0.10640332927294137,-0.08354189761382162,-0.07054367060000213,277.0,4,PEuk1
-0.12669713638317232,-0.1426141542779273,-0.11891076244991011,-0.11676561831675204,-0.2554821449962478,-0.3967170394058114,-0.33747415262600106,-0.5055402036831306,-0.11921578796347365,-0.12788064886533793,-0.10820727447239724,-0.07275097081610085,277.5,4,PEuk1
-0.15245855631560312,-0.16078464325644445,-0.1313194453732691,-0.13839455695007083,-0.32891056393309753,-0.4048004227903838,-0.3005716411546129,-0.4813451120172481,-0.14191569403948343,-0.180813829686291,-0.1110514946600099,-0.13808073774370175,279.2,4,PEuk1
0.06334811360483407,0.41810468026594744,-0.122569642614539,-0.12079751885850525,-0.2974763243882254,-0.36370989058547404,-0.3461983876749434,-0.5079315790222003,-0.049775185241631,0.03024419824023016,-0.049351377042730564,0.04576615489737178,279.3,4,PEuk1
-0.13978402179608818,-0.15789752899251866,-0.1233597349894203,-0.12306609629079511,-0.20206849576960956,-0.2837180758423095,-0.3331621743834204,-0.500335445592214,-0.12233696842373523,-0.13336218668229985,-0.1067477404287539,-0.08633331509062245,279.6,4,PEuk1
-0.086665141414416,-0.012932968570502863,-0.12653421328135409,-0.12841542214421633,-0.3092641642175525,-0.42164080484157634,-0.33947972390161996,-0.5041335123072072,-0.09557590373724,-0.07810087252545804,-0.07726515274715853,-0.00938475316048961,279.8,4,PEuk1
-0.1259807777722837,-0.11833555280906377,-0.12650129276573402,-0.12808678967636067,-0.24737800511358543,-0.3162200132011111,-0.3293515889597444,-0.4844398330442796,-0.11964160939056304,-0.12953698253216425,-0.09315087097397194,-0.05260089276975176,280.1,4,PEuk1
-0.1145416788706444,-0.09446612286286545,-0.12026755798653663,-0.11941349842119248,-0.17566864615184585,-0.23420735261180348,-0.31601453997687856,-0.4972407245651825,-0.10769935686753755,-0.10735311501196067,-0.08106892300859209,-0.03019386153720765,280.7,4,PEuk1
-0.11376710601598151,-0.05700237824763781,-0.1310302151288929,-0.13911117841081333,-0.20255965576249818,-0.3150411864575276,-0.3099978261500218,-0.4923173047494506,-0.10010138890386017,-0.07564532890750574,-0.12333852587049655,-0.06061759048711645,280.9,4,PEuk1
-0.14683117941742604,-0.1762807871628217,-0.1286669924004533,-0.13345348817125444,-0.34708348366997677,-0.4474065893799009,-0.3461983876749434,-0.5041335123072072,-0.1325181775448352,-0.15427774275832526,-0.12261100428566511,-0.09875107152106742,281.0,4,PEuk1
-0.13757834878197508,-0.15330826119430552,-0.11685440595635745,-0.10786648272244076,-0.20255965576249818,-0.2724350198680105,-0.337574431189782,-0.5079315790222003,-0.13208895860635944,-0.15504220445070663,-0.12274423354708486,-0.12270637263934131,281.0,4,PEuk1
-0.07084056948178354,-0.01677918088355594,-0.13069513130918878,-0.13689182346269568,-0.31515808413221597,-0.4361235334056019,-0.3459978305473815,-0.49653737887722077,-0.10897682114880572,-0.11783261071168874,-0.08357932156365863,-0.09054478973606235,281.5,4,PEuk1
-0.17372292591647345,-0.2950321831568128,-0.133697952626818,-0.14264506323035356,-0.35641552353486067,-0.44639616645682934,-0.32513988928094467,-0.4961153714644438,-0.15856010232121936,-0.21509009124961823,-0.12331756845858784,-0.20197056853851025,281.6,4,PEuk1
-0.18555982215057007,-0.3007834980793951,-0.1333428813512017,-0.14170983603108156,-0.3359095938317605,-0.45431114602088984,-0.3128056259358883,-0.49034793682315786,-0.13593720650330024,-0.2042196776390133,-0.11915602523671248,-0.18642467499199897,281.6,4,PEuk1
-0.19478677978878803,-0.3241651955705765,-0.1333052579047788,-0.141405814805312,-0.34082119376064673,-0.46980429750798697,-0.32774713193924926,-0.5042741814447995,-0.15864051009069635,-0.20578334928252068,-0.13525730541458705,-0.18348612194357308,281.6,4,PEuk1
-0.18972699176740984,-0.2923480179681289,-0.13305012390872337,-0.14192409860924293,-0.3515039236059744,-0.46980429750798697,-0.3216301395486115,-0.48640920097057233,-0.1475691529863723,-0.19641000648616264,-0.12458998275304613,-0.17624581612225945,281.6,4,PEuk1
-0.12342581929552512,-0.12267931769367775,-0.125875802968953,-0.12754968551083448,-0.30729952424599793,-0.4209671895595286,-0.3324602244369537,-0.5076502407470156,-0.11369483196065248,-0.11597068318062348,-0.11413822204256636,-0.0769850149934027,281.9,4,PEuk1
-0.1369848869079432,-0.1416943366949759,-0.10882062441236352,-0.09565206804711876,-0.3113515941873291,-0.4162518825851947,-0.34028195241186754,-0.5023048135185068,-0.11525315718319237,-0.11936442978468022,-0.08569452320844635,-0.05912800138422774,282.2,4,PEuk1
-0.07922988883458318,0.035971211818444336,-0.09560303739091179,-0.06935567973817616,-0.24725521511536327,-0.3859391948930482,-0.34078334523077225,-0.5028674900688761,-0.09466537068569779,-0.05857235111098826,-0.09265687483612343,0.014705965148955981,283.0,4,PEuk1
-0.15835436556007257,-0.2524390643334539,-0.12750066556134282,-0.13646764146674104,-0.25756957496602445,-0.39924309671349023,-0.3019755410475461,-0.4923173047494506,-0.1413030094861447,-0.18351550680368428,-0.1044184737908985,-0.13147237881452276,283.0,4,PEuk1
-0.1650587059680732,-0.23419001442258508,-0.12545253919669516,-0.12886855854262522,-0.2606393249215784,-0.36472031350854556,-0.3461983876749434,-0.5117296457371935,-0.14003573773903558,-0.1766729955192252,-0.12393730906788869,-0.14273908912000827,283.0,4,PEuk1
-0.1560193275597945,-0.2091716308407428,-0.12400756370751492,-0.12399408488945357,-0.3044753542868883,-0.413389017636492,-0.3353683027866012,-0.5065248876462769,-0.14162237555646173,-0.18043159884010032,-0.11366668027462005,-0.13436127889285238,283.2,4,PEuk1
-0.15972725147574854,-0.24006571748805763,-0.12142212749863995,-0.12554024998051008,-0.2832326845944552,-0.3783610229700115,-0.3123042331169836,-0.47810972185262435,-0.12981715599268576,-0.15900640163582067,-0.10664594728519725,-0.13505642047420044,283.9,4,PEuk1
-0.12048599998492572,-0.11606055914304514,-0.11767624311415809,-0.11282202870248428,-0.32178874403621244,-0.40075873109809756,-0.31972484683677355,-0.48275180339317153,-0.11445700701499067,-0.11076713143361841,-0.1092761024797422,-0.04843907109440815,284.3,4,PEuk1
-0.15800184597277298,-0.2436075061882478,-0.12653421328135409,-0.1280882373964834,-0.3447504737037558,-0.4554899727644733,-0.33115660310780143,-0.5027268209312837,-0.13091794968186363,-0.15218126448073388,-0.11790905922814335,-0.1272834737009448,284.5,4,PEuk1
-0.14577362065552724,-0.21468071622190735,-0.11569395778075053,-0.10897543633643823,-0.35641552353486067,-0.46980429750798697,-0.3314574387991443,-0.4944273418133357,-0.12342983458634496,-0.14496520941477026,-0.10278379566201795,-0.08512358818282192,284.8,4,PEuk1
-0.104654959802985,-0.06445257333232615,-0.1150602378550645,-0.10708760929642165,-0.31184275418021773,-0.4261877079953983,-0.3419866879961436,-0.5115889765996011,-0.10813537082878599,-0.1122178712362058,-0.07216052598939056,-0.06399399245366419,284.8,4,PEuk1
-0.06510970059467446,0.050914155826178205,-0.11662043514891492,-0.11339387815095557,-0.29538889441844873,-0.4293873805851249,-0.3110006117878313,-0.4934426578501893,-0.09120104157541473,-0.06701907367415676,-0.06999293081483103,-0.01974416828512473,284.8,4,PEuk1
-0.11815743023395589,-0.14421483327459367,-0.12805561139608088,-0.13271370318854855,-0.31773667409488127,-0.44555414735426974,-0.3350674670952583,-0.5044148505823918,-0.11965972945129025,-0.13152342465706435,-0.0782651206868034,-0.07094540826714484,284.9,4,PEuk1
-0.10365561528486045,-0.02507063261884398,-0.12536553497684216,-0.12388695360037287,-0.2551137750015813,-0.41844113225184976,-0.3265437891738779,-0.4958340331892591,-0.10945020773530402,-0.10578365199199587,-0.07954651672922258,-0.0560675728637473,285.2,4,PEuk1
-0.15577029996142688,-0.21577729590265013,-0.11844046936962363,-0.1132302857770891,-0.3236305940095448,-0.4480802046619486,-0.3456969948560386,-0.510744961774047,-0.13059745110775114,-0.15248531174474922,-0.12344630684602714,-0.12180359136486331,285.6,4,PEuk1
-0.11823666628798195,-0.12456150669793777,-0.12451783169962577,-0.12308781209263579,-0.28396942458378815,-0.3994115005340022,-0.30678891210903153,-0.48711254665853404,-0.11639245600141557,-0.11454890026032327,-0.10861893792060434,-0.07840238159433317,285.8,4,PEuk1
-0.1558931966982836,-0.1943563483480805,-0.12946649063694032,-0.1353890899753205,-0.29612563440778167,-0.4012639425596334,-0.31751871843359275,-0.49400533440055866,-0.12711273692914998,-0.13753776910811027,-0.12380258284847546,-0.11521328806117387,286.0,4,PEuk1
-0.1551849233990303,-0.19569843094242242,-0.12924427715650497,-0.1343221202448817,0.16261779895019618,0.2029689654371546,-0.2868334779166232,-0.4602447413783972,-0.13313425960956027,-0.15897165337707606,-0.1333426961409257,-0.14320402147636443,286.2,4,PEuk1
-0.14191692700548345,-0.18016627994205062,-0.11188928676123286,-0.1017107767606689,-0.28335547459267735,-0.39722225086734714,-0.30518445508853637,-0.48781589234649575,-0.1182860023474088,-0.13164214787444176,-0.08370207211912402,-0.057719662596042054,286.3,4,PEuk1
-0.14539522807099464,-0.19417303950592646,-0.12794861972031568,-0.13353745593837174,-0.2632179148842437,-0.4101893450467654,-0.30498389796097447,-0.4890819145848268,-0.11516935190232903,-0.11781813227054515,-0.11085090228888353,-0.10131948424695736,286.4,4,PEuk1
-0.15826219300743002,-0.21054972052907928,-0.10055169632822636,-0.08170038922454224,-0.30324745430466676,-0.4374707639696973,-0.322733203750202,-0.4997727690418446,-0.13933358538585627,-0.17880132636733245,-0.11509178428441334,-0.13507899000606238,287.1,4,PEuk1
-0.16945549843535582,-0.25940480033530666,-0.1284189128006022,-0.1327802983141933,-0.33001567391709696,-0.43443949520048264,-0.3423878022512674,-0.5082129172973849,-0.14614672821928645,-0.1887451197447478,-0.13372741434525015,-0.16914544139848994,287.2,4,PEuk1
-0.10950291265951802,-0.07549365769992449,-0.11158359625904664,-0.10181501260950418,-0.3236305940095448,-0.4495958390465559,-0.3461983876749434,-0.5096196086733084,-0.09894850004009156,-0.08268764267974632,-0.0791183867430872,-0.002473962504360474,287.4,4,PEuk1
-0.1536163729417798,-0.1920257073549794,-0.12511863110969176,-0.12686346617266894,-0.32031526405754657,-0.4458909549952936,-0.3461983876749434,-0.507790909884608,-0.14086699552489626,-0.17514407213446243,-0.11111586385372955,-0.14800230395021505,287.6,4,PEuk1
-0.07070311918398324,0.07731390246853825,-0.12762764469302015,-0.13337531128462798,-0.3147897141375495,-0.4197883628159451,-0.30648807641768866,-0.49217663561185826,-0.07325085641752435,-0.02988766351731424,-0.06506943597427417,0.04619046209637644,288.0,4,PEuk1
-0.12430388413912,-0.1407450587623926,-0.11945159949223957,-0.11943231878278773,-0.2929330944540056,-0.41574667112365893,-0.31832094694384033,-0.4907699442359349,-0.13061783617606926,-0.1577902125797594,-0.10904257703275927,-0.12531541052258274,288.5,4,PEuk1
-0.1211829538478896,-0.11487232504122534,-0.12888332721738507,-0.13665005420220275,-0.26911183479890716,-0.36269946766240246,-0.3461983876749434,-0.509478939535716,-0.1162384354852343,-0.1184783491866927,-0.09673309145237041,-0.07902981458009538,288.7,4,PEuk1
-0.07428491223842641,0.05944783710288405,-0.1304211855899219,-0.13687879398159128,-0.30103723433666796,-0.4300609958671726,-0.30648807641768866,-0.49133262078630424,-0.0341522953833914,0.05675132828590874,-0.10145000608982697,-0.04146508574906555,288.7,4,PEuk1
0.01528902124454009,0.2450087593176524,-0.11486624195944632,-0.1092476077195081,-0.3244901239970999,-0.42517728507232677,-0.33596997416928687,-0.5052588654079458,-0.09082165280393881,-0.07497642492667203,-0.06600054384621895,-0.007389606543893217,288.7,4,PEuk1
-0.1000511833578384,-0.05837719456379296,-0.12165844977148392,-0.12750046302666226,-0.3142985541446609,-0.43898639835430464,-0.31471091864772627,-0.49133262078630424,-0.1070968648483579,-0.10600372429737838,-0.09909978204006283,-0.03031122310288979,289.0,4,PEuk1
0.04657270902388892,0.3542510091249037,-0.10883003027396926,-0.1004165149709643,-0.24320314517403208,-0.2815288261756545,-0.2884379349371184,-0.4830331416683562,-0.07560533180826592,-0.039362355401677394,-0.05335124880131004,0.0430848945121721,289.3,4,PEuk1
-0.08480228561364014,0.004101660261095612,-0.10002849527640764,-0.08010789708955894,-0.25020217507269504,-0.3455222779701861,-0.3461983876749434,-0.4969593862899978,-0.08627012005002326,-0.060121544313352045,-0.04242195849091005,0.014232004979855028,289.4,4,PEuk1
-0.09827241479806978,-0.10274120773724688,-0.12477766862648405,-0.12879906797673504,-0.2920735644664505,-0.3751613503802849,-0.3340646814574489,-0.4969593862899978,-0.11392586273492439,-0.11903432132660643,-0.08147609558281874,-0.05231651666829119,290.1,4,PEuk1
-0.04708107271025597,0.10314408235134832,-0.12373244225554733,-0.12469767686909165,-0.06970087768612451,-0.13215463738157673,-0.31591426141309764,-0.4736083094496695,-0.09682279041603098,-0.07740590735056588,-0.0961088599690891,-0.0260952345510775,290.4,4,PEuk1
-0.1350719021750284,-0.1500381623851651,-0.12103648717280505,-0.11684958608386935,-0.3303840439117634,-0.438144379251745,-0.2904435062127373,-0.48064176632928646,-0.1197684498156535,-0.11971770374858373,-0.12107961625833472,-0.08212184044518256,290.5,4,PEuk1
-0.1557169369046338,-0.22365630274309162,-0.1272690462193017,-0.13413970750941998,-0.33369937386376164,-0.44639616645682934,-0.3327610601282966,-0.5070875641966462,-0.13716370811377313,-0.16460087129370257,-0.13443098460218592,-0.14673841016594583,290.9,4,PEuk1
-0.1091342224489478,-0.061889522914351215,-0.12505514154385308,-0.12757140131267516,-0.3158948241215489,-0.417767516969802,-0.3428891950701721,-0.5124329914251552,-0.1364479657150484,-0.16775138008654705,-0.11209637133945917,-0.08887464437827804,292.4,4,PEuk1
-0.03039298949497219,0.15848698582095544,-0.10891468302842082,-0.09880809791463115,-0.3122111241748842,-0.4165886902262186,-0.3461983876749434,-0.4902072676855655,-0.07607758589096879,-0.035128859211292635,-0.020591820071986202,0.05804398023027266,292.7,4,PEuk1
-0.10162943618905128,-0.048789487444701504,-0.12300231224840256,-0.12440813284454923,-0.31552645412688246,-0.4239984583287433,-0.3369727598070963,-0.502445482656099,-0.10087375649235741,-0.08775220139177295,-0.06770557900079306,-0.029950110593098586,293.2,4,PEuk1
-0.19019432277993087,-0.32077070861854584,-0.13319826622901362,-0.14212533170629993,-0.34229467373931266,-0.46289974086699803,-0.3260423963549732,-0.502023475243322,-0.1378715229859297,-0.14618139847083156,-0.13704766717478956,-0.20800114745202333,293.2,4,PEuk1
-0.18944723998482804,-0.30917969772448545,-0.13349102367149196,-0.14349342722226285,-0.33738307381042637,-0.4514482810721871,-0.32734601768412547,-0.5045555197199841,-0.15345477521132853,-0.20080276552912685,0.0183395664644571,0.6499073837780533,293.2,4,PEuk1
-0.19457171049928873,-0.32462346767596156,-0.133697952626818,-0.1439422204603036,-0.33934771378198086,-0.4681202593028677,-0.3191231754540879,-0.4840178256315026,-0.15985568666321473,-0.2117658411630507,-0.1445758689240022,-0.22482899040829335,293.2,4,PEuk1
-0.17266860127922876,-0.2587861329930368,-0.12926426461241713,-0.13492437181592992,-0.3302612539135413,-0.4376391677902092,-0.3258418392274113,-0.4996320999042523,-0.13830300693199632,-0.17362383581438584,-0.13707910329265263,-0.15107627418981265,293.6,4,PEuk1
-0.16748106533401264,-0.229590926507828,-0.13077037820203463,-0.1393225455487293,-0.31245670417132854,-0.4248404774313029,-0.3243376607706971,-0.5006167838673986,-0.1474796851865317,-0.1895443296958738,-0.1346989400830189,-0.15387941004706687,293.7,4,PEuk1
-0.11366846521403072,-0.09269850188495168,-0.09716676188286436,-0.07114940497021646,-0.24393988516336504,-0.3360916640215183,-0.31731816130603085,-0.49892875421629057,-0.11587829927828104,-0.11520622148824211,-0.11209936525544613,-0.04947275565368547,294.3,4,PEuk1
-0.09787300040328538,-0.06299264933945666,-0.12806736872308802,-0.13505611434709675,-0.16572265629585115,-0.23959627486818508,-0.3198251254005545,-0.4883785688968651,-0.09449209760499386,-0.0767427947461896,-0.08854922210201337,-0.017604576664611855,294.3,4,PEuk1
-0.14975806222940893,-0.20219607472234613,-0.12659887857989346,-0.12948094415453243,-0.2974763243882254,-0.3856023872520243,-0.34008139528430564,-0.5076502407470156,-0.13137548121522563,-0.15352196813063002,-0.12835932298062963,-0.1324834938419381,294.4,4,PEuk1
-0.13887361570595205,-0.1461624897224801,-0.12571472758895488,-0.12809547599709695,-0.1501283265216372,-0.25205815758606753,-0.2967610557309369,-0.4772657070270703,-0.12350797734823103,-0.14010624456698256,-0.09016294281898518,-0.07057978185098125,295.1,4,PEuk1
-0.1940138239964522,-0.31834186646000506,-0.13362740866477504,-0.1416345545847005,-0.31503529413399384,-0.4273665347389818,-0.3333627315109822,-0.501601467830545,-0.16173451045986711,-0.20392721312791284,-0.13374986871515235,-0.18689412125472754,295.4,4,PEuk1
-0.1928446879339861,-0.30555607471976226,-0.1331453582574814,-0.13917198265596722,-0.32547244398287717,-0.4416808594824954,-0.3328613386920775,-0.5059622110959076,-0.13297231156681083,-0.12175337257337203,-0.13747879107691188,-0.19423373301623373,295.4,4,PEuk1
-0.11383017144673695,-0.08752002709410066,-0.12313281857818206,-0.12360030501607587,-0.34229467373931266,-0.4342710913799707,-0.2865326422252804,-0.4857058552826107,-0.10891000342487414,-0.1032354463507246,-0.10495438475256445,-0.02729593364613325,295.9,4,PEuk1
-0.017427383756586014,0.1471873050510327,-0.11637470701446523,-0.1123095357790442,-0.30472093428333263,-0.42921897676461296,-0.3236357108242305,-0.501179460417768,-0.02631083910369216,0.07066511022489558,-0.05420152094160688,0.03860709939076119,296.2,4,PEuk1
-0.1073117932063485,-0.0987149599542211,-0.11374459296296305,-0.1048914178702674,-0.0182518684310408,-0.06108822512554427,-0.31451036152016437,-0.4847211713194643,-0.11532223991471485,-0.1214145770506121,-0.08215122363787837,-0.07948571912370678,296.6,4,PEuk1
-0.1628578841409413,-0.22335842587459134,-0.12917138172906056,-0.13554978690894157,-0.2844605845766768,-0.41928315135440936,-0.31250479024454547,-0.49287998129981997,-0.14703234618732874,-0.1923299817718999,-0.12784886030485282,-0.15333322737600766,296.8,4,PEuk1
-0.01893286878308109,0.10577260021294971,-0.11206094373553742,-0.11093130622222228,-0.24700963511891896,-0.4061476533544792,-0.313407297318574,-0.49105128251111957,-0.025223635460059686,0.05945879677975946,-0.0631488388686389,-0.026366068933420903,296.8,4,PEuk1
-0.12525633384975973,-0.13703960145313634,-0.11982900968916949,-0.11932229205346162,0.0681922903173576,0.005094476335642366,-0.28583069227881375,-0.45278927708600325,-0.12110933430946688,-0.13733217524387134,-0.11196912991001334,-0.0904319420767526,296.9,4,PEuk1
-0.1953381980423163,-0.3292912964065264,-0.13320061769441505,-0.1394065133158466,-0.34671511367531027,-0.46963589368747505,-0.33015381746999195,-0.5108856309116394,-0.16236871258531937,-0.2002960200891013,-0.08198356434260858,0.16004923643354255,297.7,4,PEuk1
-0.11757528779621343,-0.05520529692009216,-0.10708877014420853,-0.09353115806734554,-0.2780755046691246,-0.3928437515340371,-0.3461983876749434,-0.5099009469484931,-0.08822821911235716,-0.06785303188402736,-0.06730439425854033,-0.02849211883481661,297.9,4,PEuk1
-0.15962214242448947,-0.18944956344827915,-0.1289703314372381,-0.13070281993810146,-0.3096325342122189,-0.4354499181235542,-0.32834880332193495,-0.49991343817943695,-0.1296676654916863,-0.1428687311371789,-0.1289865483798979,-0.11856712049585966,298.0,4,PEuk1
-0.1352999079631442,-0.16888951277739714,-0.11769623057007027,-0.11399612972200379,-0.24074734520958896,-0.3736457159956776,-0.3461983876749434,-0.5014607986929527,-0.1298250835192539,-0.15796974524993987,-0.10370741874399533,-0.12061192008255234,298.4,4,PEuk1
-0.12613278163102756,-0.16256535772308348,-0.12877163261081703,-0.13611005459643113,-0.26432302486824305,-0.41490465202109933,-0.3444936520906673,-0.49470868008852037,-0.12203232490275905,-0.1382790652946619,-0.07439398731566324,-0.07706626530810572,298.4,4,PEuk1
-0.14216757166617813,-0.20266089357209383,-0.12731725126003107,-0.13522694532157675,-0.2903545044913403,-0.4295557844056368,-0.3005716411546129,-0.4969593862899978,-0.1476280431837357,-0.19928542489727893,-0.11775786647080183,-0.16357076702858825,298.4,4,PEuk1
-0.10511743962852484,-0.07409592777850009,-0.10646680754552965,-0.0946270822002386,-0.19543783586561309,-0.2628360020988308,-0.30418166945072694,-0.49034793682315786,-0.10440263831898115,-0.09593541632612818,-0.06388384524343774,-0.05779188509800029,298.6,4,PEuk1
-0.1520203324249692,-0.21277561361237807,-0.1297898171296373,-0.13541225349728392,-0.1453395165909731,-0.19749531974020376,-0.3060869621625649,-0.4769843687518856,-0.1348216902647815,-0.16000830976295688,-0.12923953428079607,-0.13245189649733138,299.1,4,PEuk1
-0.15082370630294306,-0.23806241371308873,-0.12878221420512348,-0.13437568588942203,-0.3154036641286603,-0.4199567666364571,-0.318922618326526,-0.4962560406020361,-0.13059292109256934,-0.15921489118828833,-0.10076290237081949,-0.11928934551544207,299.1,4,PEuk1
-0.14829947201039867,-0.16457520824241506,-0.12339147977233962,-0.12457606837878384,-0.13944559667630957,-0.15219469202249586,-0.3306552102888967,-0.49203596647426595,-0.13530526938543885,-0.1662890575310448,-0.12237448492269522,-0.1360223964378919,299.3,4,PEuk1
-0.1396837639318103,-0.16207762526806654,-0.12624380730427717,-0.12738754085709073,-0.2784438746637911,-0.39856948143144255,-0.34078334523077225,-0.49203596647426595,-0.11517614692510174,-0.1144707166781479,-0.11636120466288467,-0.055331806125047726,299.7,4,PEuk1
-0.03173838535108809,0.15752788777182816,-0.1252961667474999,-0.12896555579084693,-0.29612563440778167,-0.39840107761093063,-0.32905075326840155,-0.4959747023268514,-0.10607761143245245,-0.09939865944767412,-0.09360594620398997,-0.0584238319901349,299.7,4,PEuk1
-0.1339448097330659,-0.10385415427889627,-0.12191593523294077,-0.11967264032315794,-0.3173683041002148,-0.44892222376450824,-0.318922618326526,-0.4923173047494506,-0.13564955053925581,-0.16798593083307317,-0.12172330819553126,-0.12783868418474878,299.8,4,PEuk1
-0.07015655211743616,0.048390385874379126,-0.10341342972176963,-0.08420639275695689,-0.3085274242282195,-0.42063038191850477,-0.32824852475815397,-0.4996320999042523,-0.10614669416397493,-0.09742380007568889,-0.11132693493081028,-0.053566868733443226,301.2,4,PEuk1
-0.135398548765095,-0.13367457485073758,-0.12184774273629922,-0.11860422287259642,-0.22208326547982113,-0.35023758494452,-0.31250479024454547,-0.4983660776659212,-0.11884885673374769,-0.12473882713717961,-0.09948450024438728,-0.06682872565552513,302.1,4,PEuk1
-0.1708963009687684,-0.2523343164236516,-0.12448373545130499,-0.12229011830502143,-0.3415579337499797,-0.4527955116362825,-0.3461983876749434,-0.49850674680351353,-0.13783754787206617,-0.1688256804194012,-0.1289940331698653,-0.14916237788791928,302.2,4,PEuk1
-0.061023384094187824,0.0689307963121732,-0.12884217657286,-0.13269198738670787,-0.3432769937250899,-0.43107141879024413,-0.30558556934366016,-0.4944273418133357,-0.12178204156396448,-0.13587564406482652,-0.10324186480802294,-0.058387720739155775,302.3,4,PEuk1
-0.15041135540954215,-0.18253292802914628,-0.12263901084388125,-0.12129987774108635,-0.31503529413399384,-0.43241864935433955,-0.3010730339735176,-0.48781589234649575,-0.12713765201264987,-0.14916395734641041,-0.12214395339169924,-0.11959629114876458,302.4,4,PEuk1
-0.13411945246438867,-0.15908903646651976,-0.11984194274887736,-0.12115944888918327,-0.3225254840255454,-0.4401652250978881,-0.2921482417970134,-0.4847211713194643,-0.1273800078248763,-0.15546787062032807,-0.11432683874974489,-0.112888626279393,302.9,4,PEuk1
-0.09103444382213856,-0.0036627785529996194,-0.10317122878542209,-0.08297727837277433,-0.2607621149198005,-0.30190568845759747,-0.33035437459755385,-0.49569336405166675,-0.08254531506678657,-0.046479957067864626,-0.08455533817540781,0.012196233205907124,303.1,4,PEuk1
-0.1280781076104836,-0.14004455711558972,-0.1255571794070589,-0.1280419103525566,-0.31957852406821363,-0.3921701362519894,-0.33637108842441066,-0.5079315790222003,-0.12268917710412033,-0.13466235069699395,-0.11326100465838689,-0.09973510311024845,303.2,4,PEuk1
-0.19472048023337846,-0.31964466858817114,-0.12401344237101851,-0.10616396385813133,-0.3381198137997593,-0.45111147343116326,-0.3336635672023251,-0.5068062259214616,-0.11751363475891156,-0.05516991744224538,-0.09752198831493454,-0.009195169092849228,303.6,4,PEuk1
-0.13015764976308583,-0.16422823079119495,-0.12506689887086023,-0.13155552709037888,-0.3284194039402089,-0.4209671895595286,-0.3461983876749434,-0.5065248876462769,-0.11823843718799988,-0.1305157251534707,-0.11029852478928928,-0.08991284284392774,304.1,4,PEuk1
-0.1418215203281868,-0.16411693613703002,-0.11824764920670616,-0.11592159748521089,-0.35641552353486067,-0.4415124556619835,-0.335669138477944,-0.509478939535716,-0.12998250154682153,-0.15772071606227017,-0.09459094456370003,-0.11218897079167255,304.1,4,PEuk1
0.0784304539293449,0.4740367907281925,-0.12888332721738507,-0.13646764146674104,-0.35641552353486067,-0.4239984583287433,-0.31862178263518315,-0.4979440702531442,-0.028439946239139095,0.08333085053730525,-0.04064656631064237,0.15326483515584036,304.3,4,PEuk1
-0.14502815492275148,-0.21687714895557425,-0.11962795939734701,-0.11992164818426443,-0.27426901472423776,-0.42804015002102946,-0.31731816130603085,-0.4872532157961264,-0.12706743677733195,-0.15403740063534171,-0.09833783042138133,-0.11728517108610088,304.6,4,PEuk1
-0.16411919275604997,-0.2109425251908379,-0.12630964833551728,-0.12865429596446382,-0.302633504313556,-0.4189463437133855,-0.3325605030007347,-0.5025861517936914,-0.13720108073902298,-0.169995538463803,-0.11195565728807202,-0.12573520381521502,304.8,4,PEuk1
-0.19497112489407314,-0.32543526397692935,-0.133697952626818,-0.14400736786582566,-0.3430314137286456,-0.4679518554823558,-0.3293515889597444,-0.5046961888575765,-0.1573211431689965,-0.19870049587507804,-0.14166278866868945,-0.21161227254993534,304.9,4,PEuk1
-0.14472253014293668,-0.19308627994172764,-0.13104902685210437,-0.13640104634109626,-0.2969851643953368,-0.42467207361079096,-0.30779169774684095,-0.49034793682315786,-0.13262689790919843,-0.1592930747704637,-0.10703216244751516,-0.1262543030480399,304.9,4,PEuk1
-0.1464236797110063,-0.15682713628922643,-0.1311677758548767,-0.13569021576084464,-0.2944065744326715,-0.4194515551749213,-0.322733203750202,-0.5053995345455382,-0.12913652121162,-0.150397520531844,-0.1004036324523842,-0.09743301086032953,305.5,4,PEuk1
-0.15793069523038222,-0.19587519304021378,-0.12503280262253946,-0.12377837459116947,-0.140550706660309,-0.2143357017913963,-0.3101983832775837,-0.4927393121622276,-0.13885793379176706,-0.17282462586325983,-0.12996406194964055,-0.13627968910111812,306.1,4,PEuk1
-0.0735588512535754,0.029578315948322928,-0.12575705396618067,-0.12982694926386062,-0.3219115340344346,-0.45431114602088984,-0.3450953234733529,-0.5096196086733084,-0.06704813312984198,-0.028853902819662144,-0.11943296246550633,-0.10873131851042178,306.6,4,PEuk1
-0.1556102107910477,-0.22603931769109387,-0.1292101809081842,-0.1377430828948504,-0.3100009042068854,-0.4248404774313029,-0.3342652385850108,-0.5072282333342386,-0.14214672481375532,-0.18277131492890392,-0.1228864445564655,-0.16299298701292234,306.8,4,PEuk1
-0.13243609058191672,-0.1809878963595624,-0.11587619634936155,-0.1124774713132788,-0.3171227241037705,-0.4322502455338276,-0.3314574387991443,-0.493301988712597,-0.12083640089476332,-0.13725109597346727,-0.11353644492918727,-0.09608335285498491,306.8,4,PEuk1
-0.15042752603281279,-0.21030094424329882,-0.12369599454182513,-0.1226925844991354,-0.30545767427266557,-0.4080000953801104,-0.29254935605213717,-0.47740637616466264,-0.12839812873698628,-0.14813019664875832,-0.13123048841212492,-0.12861958998717227,306.9,4,PEuk1
-0.1334855640321802,-0.09067883124907615,-0.12955349485679332,-0.13434962692721322,-0.3087730042246638,-0.44218607094403123,-0.3224323680588591,-0.49738139370277484,-0.12257139670939347,-0.13945181902729245,-0.11033295482313933,-0.1031115050767962,307.7,4,PEuk1
-0.19461213705746527,-0.30926153202901846,-0.12854236473417738,-0.12047467727114045,-0.3403300337677581,-0.46980429750798697,-0.3293515889597444,-0.5080722481597927,-0.12914444873818817,-0.054272254091343,-0.0710527770742151,0.17364512242718133,308.0,4,PEuk1
-0.19431459758928582,-0.3232617448485317,-0.1275794396522908,-0.12610920398873596,-0.3447504737037558,-0.4634049523285338,-0.3346663528401346,-0.5120109840123781,-0.11148644955952401,-0.08270501680911863,-0.028679884110760497,0.16617009347450343,308.0,4,PEuk1
-0.19536245397722224,-0.3329312862721562,-0.12643662746719464,-0.12959241860398127,-0.33664633382109344,-0.4512798772516752,-0.32965242465108724,-0.5079315790222003,-0.09859515885591101,-0.08691245180544492,0.0022218197486542374,0.11867928453058793,308.0,4,PEuk1
-0.19100285394346206,-0.31870193739995045,-0.1273184269927318,-0.13272528494953026,-0.3415579337499797,-0.44993264668757976,-0.32804796763059213,-0.4925986430246353,-0.1426574840255035,-0.19441198160834766,0.05046428500454528,0.26186942247554446,308.0,4,PEuk1
-0.14139299881151524,-0.16878476486759483,-0.1312912277884519,-0.13671954476809295,-0.32227990402910106,-0.442691282405567,-0.34068306666699133,-0.5079315790222003,-0.12297003804539205,-0.1327975274777,-0.1147295204499911,-0.09376320497957644,308.5,4,PEuk1
-0.17680666377418142,-0.24717548186588853,-0.13109252896203086,-0.13837139342810745,-0.31098322419266267,-0.43022939968768453,-0.34098390235833415,-0.507368902471831,-0.148181837539711,-0.1916002683382631,-0.13958351401574526,-0.1874222483002972,308.8,4,PEuk1
-0.14214169866894513,-0.18675557814305135,-0.1253043968764049,-0.13018887929453865,-0.2010861757838323,-0.35259523843168694,-0.2675799936706816,-0.48247046511798686,-0.13460991205503225,-0.1716953074540601,-0.11577589408743386,-0.14587625404881935,309.9,4,PEuk1
-0.06861710878207276,0.03986979808639856,-0.12859056977490674,-0.13251247009149156,-0.26911183479890716,-0.3813922917392262,-0.3461983876749434,-0.5052588654079458,-0.1260436533462447,-0.1449043999619672,-0.09141439970153474,-0.07996419319918012,310.5,4,PEuk1
-0.16012989999518706,-0.19579663210786208,-0.13188850000041574,-0.13919948933829876,-0.17873839610739975,-0.22258748899648062,-0.3163153756682214,-0.48317381080594857,-0.13439473633389667,-0.16729386134640972,-0.116259411519328,-0.1414932509612286,310.7,4,PEuk1
-0.11080141370814911,-0.12175950011072634,-0.12109057087703799,-0.12094518631102188,-0.30803626423533087,-0.39772746232888295,-0.30468306226963165,-0.49302065043741233,-0.11104250807170742,-0.12365004836318189,-0.07449128958523946,-0.09321702230851725,310.8,4,PEuk1
-0.16045169539827248,-0.24478264680134232,-0.12235448353030792,-0.12319783882196192,-0.3354184338388719,-0.42500888125181485,-0.32142958242104963,-0.4959747023268514,-0.1444004073667018,-0.18354156799774274,-0.14258042391869288,-0.20849316324661385,311.0,4,PEuk1
-0.19397663156292977,-0.31771010562901,-0.133697952626818,-0.1422672082783257,-0.3251040739882107,-0.43646034104662573,-0.3324602244369537,-0.5069468950590539,-0.16121582372155077,-0.21451674498033219,-0.14193822893948982,-0.21381957276603408,311.1,4,PEuk1
-0.11424899058944611,-0.09757909980730244,-0.09518094935135467,-0.06940345450222567,-0.23497621529314758,-0.35495289191885393,-0.29355214168994664,-0.485424517007426,-0.12618408381688057,-0.13669801952178223,-0.11309933319509101,-0.08921318735620729,311.1,4,PEuk1
-0.1569345848369118,-0.21142371090149217,-0.1277828414095147,-0.1314628730025253,-0.292441934461117,-0.41389422909802775,-0.3200256825281164,-0.5063842185086845,-0.13508782865671237,-0.1675921172339676,-0.11665311147161334,-0.14303700694058602,311.2,4,PEuk1
-0.14986155421834094,-0.1968408378337037,-0.12542784880998012,-0.1299688258358864,-0.2732866947384605,-0.36034181417523553,-0.27319559324241455,-0.46418347723098274,-0.15580585309068376,-0.21683619125153478,-0.14047719793785302,-0.21704701582229294,311.3,4,PEuk1
-0.11413094503957055,-0.15048334100182484,-0.13014253693985214,-0.13970474366112529,-0.30361582429933326,-0.4253456888928387,-0.3011733125372985,-0.4805010971916941,-0.1273935978704217,-0.1500818905149138,-0.10425829928559609,-0.08437879363137757,312.4,4,PEuk1
-0.13036625080327688,-0.13417212742229848,-0.11353413680953485,-0.10343935458718716,-0.32068363405221306,-0.4239984583287433,-0.33998111672052467,-0.5037115048944301,-0.1198805676914031,-0.1267252692620797,-0.11522950441981353,-0.08558852053917809,312.9,4,PEuk1
-0.061034703530477255,0.07307161212154525,-0.11721770736087876,-0.1106953278422202,-0.308895794222886,-0.40059032727758564,-0.3461983876749434,-0.501179460417768,-0.06453510720773732,-0.004981849062116349,-0.028179900140938064,0.07719197106195116,313.0,4,PEuk1
-0.07478458449748869,0.04277655258341229,-0.11752810079386784,-0.11576524371195798,-0.3114743841855513,-0.37145646632902257,-0.3461983876749434,-0.5075095716094232,-0.06268006599078942,0.002474548126830815,-0.03416773211485944,0.057570020061171706,313.2,4,PEuk1
-0.16232587063533777,-0.19776720216101776,-0.12361722045087714,-0.12255505108747775,-0.31184275418021773,-0.39654863558529946,-0.3355688599141631,-0.5039928431696148,-0.13168125723999727,-0.14923924524035706,-0.1283982438884601,-0.12588867663187628,313.7,4,PEuk1
-0.16300988799968516,-0.19816982693932034,-0.13010021056262638,-0.13730876685803675,-0.11943082696609801,-0.13889079020205375,-0.32714546055656357,-0.48894124544723444,-0.1442769644529977,-0.18760421858263318,-0.1092237089499704,-0.1277890312146525,314.0,4,PEuk1
-0.07586639919429342,0.0403869908910474,-0.12520445959684404,-0.13214764462056813,-0.32215711403087893,-0.43258705317485147,-0.33205911018182993,-0.4976627319779595,-0.10056684796379033,-0.08964887718158282,-0.1044708673206703,-0.08012669382858616,314.2,4,PEuk1
-0.10744439231716761,-0.03897591764509884,-0.1234255760206604,-0.12369006366368403,-0.10788856713321528,-0.18183376443259472,-0.31471091864772627,-0.4872532157961264,-0.10713197246601686,-0.09974903772334892,-0.11830275918042868,-0.07586556621304998,314.6,4,PEuk1
-0.17489529610359367,-0.2670088439125171,-0.1314076253258228,-0.14023605694616062,-0.2707081047757952,-0.386276002534072,-0.3235354322604495,-0.49653737887722077,-0.14231320287168653,-0.17735348225297376,-0.1344923598799186,-0.1692492612450549,314.7,4,PEuk1
-0.19472209729570553,-0.31757262399739444,-0.132384659200118,-0.13691353926453637,-0.3359095938317605,-0.4559951842260091,-0.3306552102888967,-0.5062435493710922,-0.16199045631763892,-0.2140186866049928,-0.14521806390320527,-0.2198682073050367,314.9,4,PEuk1
-0.12155487818311395,-0.13382514997107836,-0.12571237612355343,-0.12643638873646887,-0.2925647244593391,-0.4288821691235891,-0.3150117543390691,-0.49808473939073655,-0.12279449995709722,-0.1361565258230121,-0.08427540703062698,-0.09050867848508323,315.1,4,PEuk1
-0.10329015919894435,-0.11309488394676762,-0.12263313218037766,-0.12421848150847395,-0.31319344416066147,-0.4233248430466956,-0.3461983876749434,-0.5056808728207228,-0.10368689592025644,-0.09597595596133021,-0.1066190020413146,-0.03908625709081601,315.2,4,PEuk1
-0.14290980327429975,-0.1685654489314463,-0.13061870868364223,-0.13559611395286836,-0.3208064240504352,-0.43595512958509,-0.3340646814574489,-0.5058215419583152,-0.13615577973582219,-0.1725813880520476,-0.10665941990713856,-0.12519804895690062,315.9,4,PEuk1
-0.17159002070707816,-0.24783015630215288,-0.13149110234757366,-0.13736233250257712,-0.32485849399176636,-0.4383127830722569,-0.3334630100747632,-0.5079315790222003,-0.1478069787834169,-0.19605962821048784,-0.13336964138480834,-0.1593908897277551,316.0,4,PEuk1
-0.12322692062929645,-0.12426362982943749,-0.12075195985923172,-0.11921805620462635,-0.2551137750015813,-0.3748245427392611,-0.3461983876749434,-0.5032894974816531,-0.1123380924137028,-0.11456917007792429,-0.08455683513340129,-0.06966797276375847,316.1,4,PEuk1
-0.13220808479380092,-0.16243114946364928,-0.12829193366892483,-0.13286860924167876,-0.18954391595094955,-0.19496926243252488,-0.34359114501663873,-0.5035708357568378,-0.14100629349173666,-0.17770096484041986,-0.12332505324855524,-0.1312150861512965,316.4,4,PEuk1
-0.03822765646958943,0.3562019389449715,-0.1216784372273961,-0.11301747091905041,-0.32891056393309753,-0.4373023601491854,-0.3461983876749434,-0.509056932122939,-0.04875593182572555,0.13367818177001373,-0.03145674118866654,0.13098419330172315,16.5,5,PEuk2
-0.06623517597430988,0.12407729745090103,-0.12286240005701733,-0.11713189150779821,-0.3370147038157599,-0.4300609958671726,-0.29646022003959405,-0.47993842064132475,-0.0703052140455576,0.015623868373436281,-0.086254385498008,0.01622715159645142,22.0,5,PEuk2
0.13036887881226153,0.6614013410148691,-0.09906557019452106,-0.06828002368700108,-0.3091413742193303,-0.41069455650830117,-0.31420952582882156,-0.4900665985479732,0.11094862090490804,0.42144878225171484,-0.004785440618827252,0.19395770110293648,22.2,5,PEuk2
0.31455551198932097,1.286618701019508,-0.08268878940624484,-0.04160288498578519,-0.3502760236237528,-0.4199567666364571,-0.3113014474791741,-0.48894124544723444,0.07932684992833927,0.3688399185123781,0.04255286200900166,0.32960510149962924,22.5,5,PEuk2
-0.0936589359789608,0.00989225564985382,-0.12377124143467097,-0.1253390168834531,-0.3236305940095448,-0.4396600136363523,-0.30588640503500303,-0.4917546281990813,-0.038225911535626836,0.08027879514423716,-0.08848934378227415,-0.036739025777173195,23.6,5,PEuk2
0.03957729739701706,0.38245111046699076,-0.09297057187400817,-0.06569729098808269,-0.2832326845944552,-0.38122388791871425,-0.29595882722068934,-0.4872532157961264,0.08075267220681144,0.29974879737518223,-0.037288889531265954,0.10994938960638562,27.8,5,PEuk2
0.10445545502108687,0.5847815183666705,-0.12173604812973118,-0.12124052121605515,-0.33652354382287125,-0.44252287858505507,-0.3233348751328876,-0.501601467830545,0.028179581014408487,0.18136437552053097,-0.045743708278442936,0.06419192070946789,29.3,5,PEuk2
0.5605672891169564,1.0882785338088596,0.35428402614194515,0.494577635102114,0.015883751074718795,-0.2057471069452881,-0.2682819436171482,-0.47107626497300736,0.24937908983800405,0.633233627923644,0.08645714299978666,0.32774537207420457,31.1,5,PEuk2
0.3577149054986159,1.1964667577737254,-0.03672822240254711,0.021646559455383796,-0.11132668708343567,-0.1198611584842062,-0.2967610557309369,-0.48697187752094173,-0.010548651278612148,0.08599777939595393,-0.043818620298827216,0.006454544300227006,31.7,5,PEuk2
1.0105229669336993,2.5156455669629416,0.11050055357923999,0.2097748939615759,-0.08357614748522822,-0.26401482884241423,-0.30398111232316505,-0.47459299341281586,-0.0022983611287552804,0.10371359997924665,-0.022042372367668654,0.09929205666117276,33.0,5,PEuk2
0.032693463070712504,0.374742318979978,-0.09998029023567827,-0.0819334721642989,-0.32915614392954184,-0.43258705317485147,-0.3336635672023251,-0.4994914307666599,0.03115806599644329,0.202734554648465,-0.012752251060129642,0.14098249591656709,33.7,5,PEuk2
0.02766601629587556,0.37250987915231654,-0.10040590547333754,-0.07962001540820496,-0.3357868038335383,-0.4248404774313029,-0.3135075758823549,-0.4917546281990813,0.006347172845713811,0.14913536553490692,-0.06041988444652423,0.008314273725651697,35.9,5,PEuk2
0.5862316853097634,1.52644886062841,0.6039073630291077,1.0606434416831592,-0.031144818244367267,-0.22595556540671913,-0.31822066838005936,-0.4802197589165094,0.13792259630494796,0.4323423613681495,0.03998707600817635,0.34114264618745815,36.1,5,PEuk2
0.5135592872692529,1.4041033019793276,0.6355898321153077,0.9763311171766518,-0.1476725265571941,-0.20692593368887158,-0.30819281200196474,-0.4820484577052098,0.13829632255744662,0.4162973528928267,0.06253874817995773,0.2641128339426223,36.5,5,PEuk2
0.02068677529227432,0.3328464284312407,-0.1260921377858848,-0.12701402906543102,-0.3070539442495536,-0.40311638458526455,-0.3336635672023251,-0.49034793682315786,0.03305953986900468,0.19930605978566365,-0.05446199163247246,0.09422745371135115,38.7,5,PEuk2
4.131466194662712,7.010584599026909,5.817437714626425,6.938101939030115,0.7467298204929961,0.373393631795223,-0.09820949944466353,-0.32056028774920414,0.04011843602604762,0.138398153582823,0.0448042868311961,0.14854328909032039,41.5,5,PEuk2
0.18438199466079921,0.8273514904913387,-0.0805912822681671,-0.04616465109245101,-0.10616950715810508,-0.151857884381472,-0.29345186312616567,-0.4776877144398473,-0.006978999315352183,0.10115381158506051,-0.06413683114433592,0.018186186962068692,42.3,5,PEuk2
-0.03407989160067442,0.11009345149229444,-0.11682853983694169,-0.11460561989366559,-0.2781982946673468,-0.4014323463801453,-0.3198251254005545,-0.4897852602727885,0.005806968535283924,0.10082370312698674,-0.059619011920012246,-0.013239629202510695,43.3,5,PEuk2
0.841839110286187,1.8997507709307069,2.47116136046398,4.334102231509086,-0.09352213734122293,-0.2278080074323503,-0.28302289249294726,-0.4534926227739649,0.25377546957194286,0.5855271643555258,0.12449334865612871,0.37915425174935463,44.3,5,PEuk2
-0.07834535574168006,-0.0018689705976352908,-0.11853217652027949,-0.11730127476215553,-0.2880214945251193,-0.4169254978672424,-0.3137081330099168,-0.47923507495336304,-0.06030067551654792,0.0002188069966600029,-0.05099952779355242,0.07524196350907868,45.1,5,PEuk2
-0.00738866083018275,0.2026349564304421,-0.13020955370379297,-0.1379587931931345,-0.31552645412688246,-0.43123982261075605,-0.32704518199278265,-0.49456801095092806,0.0184038082520798,0.17718300171826315,-0.06256352829318808,0.014218463260737857,47.2,5,PEuk2
0.17884679031526468,0.6397250704301564,-0.0781916118260053,-0.0532686137345993,-0.2562188849855807,-0.3893072713032867,-0.3238362679517924,-0.4972407245651825,-0.02028365390430462,0.09341942832615649,-0.02841791646190144,0.1209542933422725,50.4,5,PEuk2
0.5005969156555209,1.6581889974378858,-0.051347282803252584,-0.0074540627312521465,-0.1146420170354339,-0.19278001276586984,-0.3382763811362486,-0.5061028802334999,0.11081951547222668,0.3418752697265622,0.03818024771004557,0.2104695706131392,51.6,5,PEuk2
0.2964347115522599,1.0415544192926727,-0.0989385910628437,-0.0818741156392677,-0.19236808591005916,-0.2756346924577371,-0.302176098175108,-0.49217663561185826,0.26987401102427166,0.6705851103858691,0.08707239273510708,0.38108620367673757,52.5,5,PEuk2
-0.028992613519736168,0.16997324880521353,-0.12304816582373049,-0.12362057309779384,-0.350398813621975,-0.4536375307388421,-0.32513988928094467,-0.49752206284036715,0.001284880880050091,0.11039684841112628,-0.06440478662516891,-0.013569144367695168,55.4,5,PEuk2
0.8770522595202973,1.751427730650655,0.14589598653430177,0.28144138319619305,-0.09573235730922175,-0.28321286438077375,-0.2549448946342824,-0.46502749205653676,0.0349417611770434,0.21582596113049612,0.031172987342564084,0.21559736825217427,57.7,5,PEuk2
0.02990241349420283,0.354080793771475,-0.12150678025309153,-0.121150762568447,-0.28654801454645346,-0.41507305584161125,-0.3210284681659259,-0.4944273418133357,0.008317729449797676,0.13064350050631796,-0.08043421281935642,-0.022181677726215345,58.6,5,PEuk2
0.26898669561270305,0.9294839759207593,-0.09973456210122858,-0.08417743835450266,-0.22429348544781993,-0.3849287719699766,-0.3113014474791741,-0.48683120838334937,0.1912420074985528,0.5292523593186329,0.07006096209719645,0.31385156825998806,59.2,5,PEuk2
0.046066568515518394,0.374915807705588,-0.07774365766703242,-0.035622353158861496,-0.3142985541446609,-0.4228196315851598,-0.30548529077987924,-0.4909106133735272,-0.029306311642658726,0.07244016710909931,-0.07595232058687627,0.04252065621562334,61.7,5,PEuk2
0.10720446097709292,0.5341293572328975,-0.11625360654629147,-0.11196642610996144,-0.23362552531270386,-0.39385417445710863,-0.31380841157369777,-0.49822540852832886,0.09324192406303952,0.3132687657150635,-0.01549467810418563,0.16163813147662384,61.9,5,PEuk2
0.23964024850117494,0.7020697169956107,0.024896631372792796,0.1336392927081465,-0.3193329440717693,-0.386276002534072,-0.3084936476933076,-0.4944273418133357,0.0022203290150922014,0.13384323599905062,0.06712991834596194,0.3012036026045512,63.6,5,PEuk2
0.5822731167331147,1.8397171251252658,0.005063196444410896,0.11496370312516041,-0.09376771733766724,-0.1929484165863818,-0.34268863794261023,-0.48429916390668726,0.22476525234768296,0.6024611491170648,0.20027385316008417,0.5687067220451292,64.6,5,PEuk2
4.469998192833222,4.304782420224524,4.741101456428756,3.3043533854251956,1.2401000333496222,0.43502943010258766,0.040576032828165944,-0.29101976885481284,0.11329969878426327,0.2913802583941891,0.08000076317390593,0.21511438027032853,65.9,5,PEuk2
0.2952380854302337,1.07267764199268,0.07899797159624962,0.24866210417774565,-0.10936204711188116,-0.18621226376590477,-0.322733203750202,-0.4762810230639239,0.06041177153672507,0.27694525257403313,0.045102181471898685,0.2835677704076233,66.0,5,PEuk2
0.503968490607446,1.7158559951562313,-0.0970174438298734,-0.08030189158600236,-0.2724271647509054,-0.3754981580213088,-0.3016747053562033,-0.49105128251111957,0.05074358663496418,0.21107703243539966,0.0018131502164341036,0.1713520579900072,69.4,5,PEuk2
-0.024000742116094594,0.19000301318272142,-0.049456704620500905,0.025675564556891572,-0.29882701436866915,-0.4175991131492901,-0.3461983876749434,-0.5093382703981237,0.022586144768678484,0.180431963910884,-0.06247520777157274,0.08694652273268602,70.0,5,PEuk2
0.16564347641480032,0.7270488201112771,-0.1135952749099721,-0.10451066747799412,-0.2903545044913403,-0.36337308294445014,-0.32423738220691617,-0.4855651861450183,-0.015484102819185414,0.10563344127488625,-0.025539266240438736,0.08042392802458243,71.3,5,PEuk2
0.27940866231062006,1.0492533906631414,-0.09692691241191825,-0.07720232280327576,-0.04059964810747334,-0.07489733840752215,-0.32744629624790644,-0.4629174549926517,0.010082170363109549,0.1797804340594226,0.027691063049728806,0.21995328790153065,71.5,5,PEuk2
-0.0036629492286310225,0.2218365576460756,-0.11967146150727351,-0.1158868522022658,-0.3452416336966444,-0.45229030017474675,-0.29034322764895637,-0.4844398330442796,-0.008687947542686984,0.09545220146271606,-0.06984024109949603,0.01771222679296774,73.4,5,PEuk2
0.13896194801827103,0.6853264182881499,-0.10025893888574801,-0.07760044583702158,-0.24615010513136384,-0.3736457159956776,-0.3084936476933076,-0.4890819145848268,-0.019516948834784633,0.10324160279796572,-0.0539410502507413,0.07524647741545107,74.0,5,PEuk2
0.3681918523156531,1.2593122302829218,-0.0010412077377077136,0.10218033444161255,-0.22736323540337386,-0.253236984329651,-0.27239336473216696,-0.4682628822211606,0.0670867489071103,0.3109290496262599,0.044186043179888716,0.28850598397901805,76.2,5,PEuk2
0.5262516094743656,1.6261426837827457,-0.007025687184353269,0.07499215053707929,-0.1624073263438529,-0.2614887715347354,-0.2802150927070808,-0.4723422872113384,0.24307783872011748,0.621228104527382,0.07717450648221505,0.41132034855900595,77.5,5,PEuk2
0.1969303983188033,0.8342943128879222,-0.11866503431546042,-0.11578695951379867,-0.22846834538737326,-0.31335714825240835,-0.3382763811362486,-0.5021641443809144,0.013553294496165321,0.1598001852812729,5.572153208817997e-05,0.13688838283680932,77.7,5,PEuk2
0.0949325749770165,0.41569875171267595,-0.11532242624732421,-0.11286401258604294,-0.3329626338744287,-0.4128838061749562,-0.33887805251893427,-0.4954120257764821,0.18893962728240193,0.46511576074077243,0.03832096176143273,0.23932246014545627,79.1,5,PEuk2
0.4649584790293931,1.5568683083094332,-0.04336170629998802,0.01687487393092471,-0.15786409640963311,-0.2815288261756545,-0.3121036759894217,-0.47487433168800053,0.0829338745168491,0.31468186157067757,0.06989629671791361,0.2842538841762266,79.2,5,PEuk2
0.29718017728503565,1.0233315563592544,-0.05124616979099099,0.009979382986446973,-0.20317360575360896,-0.30998907184216984,-0.2919476846694515,-0.47923507495336304,0.07797577290036682,0.3016570559179069,0.007356385666291817,0.18175661217836622,84.0,5,PEuk2
0.21771126628388196,0.8693783159273291,-0.10686420519837174,-0.09424198864759718,-0.31245670417132854,-0.41928315135440936,-0.3461983876749434,-0.5082129172973849,0.05419659070729275,0.2479072910164556,-0.006448560949583914,0.19238686168534475,85.1,5,PEuk2
0.3560719701743205,1.2004799120680258,-0.08084171333341966,-0.051621108234952924,-0.21287401561315936,-0.3098206680216579,-0.2877359849906517,-0.48345514908113324,0.29237459643228214,0.6850867170352856,0.116170262212378,0.4056192848106774,86.7,5,PEuk2
0.20394198056894577,0.7887060585186539,-0.0910658848988479,-0.0661764863487004,-0.354328093565084,-0.4581844338926641,-0.33205911018182993,-0.5045555197199841,0.15021479250076766,0.4494645658645552,-0.003071423716292258,0.19374103359706174,87.5,5,PEuk2
0.299444064542923,1.0764485667455628,-0.031329257840858236,0.036487138433305547,-0.26948020479357365,-0.34080697099585217,-0.3132067401910121,-0.4911919516487119,0.06656579716120307,0.2872046759683787,0.018129992345369852,0.2912052999897073,88.1,5,PEuk2
0.42270302336092597,0.6846291900135284,0.32498947017089985,0.2202057174457166,0.20596266832261756,-0.21130443302218163,-0.21994767587473216,-0.46713752912042183,0.44953441313453846,0.6623208161811098,0.29541750930970784,0.4416086603177431,89.1,5,PEuk2
-0.005957560670732542,0.21964339828459,-0.13037885921269612,-0.13810935608589656,-0.3384881837944258,-0.44033362891840006,-0.32684462486522076,-0.4978034011155518,-0.010185117560272539,0.09739810395241412,-0.08179494763543005,-0.0028937557969927466,90.0,5,PEuk2
0.33407183721463685,1.137408576878318,-0.09123166320964889,-0.07087289042677844,-0.14362045661586292,-0.27310863515005823,-0.3243376607706971,-0.4969593862899978,0.2623009581440942,0.6345366876265669,0.09182822828039414,0.39743105865116185,90.4,5,PEuk2
0.21315115052156605,0.8927403731854224,-0.11978080464844011,-0.11968422208413965,-0.29109124448067325,-0.39856948143144255,-0.3382763811362486,-0.5072282333342386,0.11843786850422217,0.3871812077530738,0.013886116433853075,0.2614180318383055,91.4,5,PEuk2
0.21927334849182423,0.8495056734145244,-0.08313791929791843,-0.046603310289632785,-0.24393988516336504,-0.4016007502006572,-0.33055493172511574,-0.4900665985479732,0.07033363728866687,0.26479494476633514,0.009612301362466694,0.16683363771124476,95.2,5,PEuk2
0.0723179583330491,0.4568352199153466,-0.11449353469331928,-0.10808943162133842,-0.2654281348522425,-0.35040598876503193,-0.31400896870125966,-0.48415849476909495,-0.05322479180257322,0.025058020622597394,-0.053096765942418384,0.0008257030538566381,95.2,5,PEuk2
0.195497681097026,0.6894574139809779,-0.11119795593321172,-0.10760154993998444,-0.2633407048824658,-0.37128806250851065,-0.2888390491922422,-0.47037291928504565,0.25565429336859524,0.6229307692058678,-0.009012849992415743,0.1694923285645825,95.2,5,PEuk2
0.16871427777389178,0.7137032817280283,-0.09451078171194642,-0.07042264946861498,-0.31810504408954776,-0.40294798076475263,-0.3450953234733529,-0.49921009249147524,0.056170544822762965,0.23299739232678998,-0.02441954166131544,0.12178485211479227,95.5,5,PEuk2
0.12085893526680767,0.6084905530759841,-0.1217148849411183,-0.1186852951994683,-0.31319344416066147,-0.42113559338004053,-0.31591426141309764,-0.4865498701081647,0.06186024389110626,0.2504786621635566,-0.009851146468764735,0.15526900958518153,95.6,5,PEuk2
0.044986370881040724,0.4196038847249928,-0.10334288575972665,-0.08661105588078169,-0.2883898645197858,-0.4068212686365269,-0.3461983876749434,-0.4875345540713111,-0.043720819951152644,0.0437902277741699,-0.04562395163896451,0.14407903568802663,97.7,5,PEuk2
0.3804119923212635,1.3745873050203492,-0.08721771176940371,-0.05981520412950342,-0.22367953545670916,-0.3094838603806341,-0.287234592171747,-0.48458050218187193,0.04180926419265522,0.23393269962466567,0.009308418889790185,0.23503424909168574,98.5,5,PEuk2
0.24236823264692917,0.8658267071105948,-0.042001383565259356,0.030453040961841506,-0.21889072552604505,-0.35074279640605577,-0.33947972390161996,-0.5038521740320224,0.13689881287386071,0.3965603419258893,-0.02767243138114823,0.1853857929017678,99.5,5,PEuk2
0.20333719925862445,0.8206247106587226,-0.1127475716327557,-0.10817629482870116,-0.26726998482557485,-0.3566369301239732,-0.3004713625908319,-0.4855651861450183,0.1639237509446959,0.45183613452387467,0.03201876860888048,0.26594547992981266,100.0,5,PEuk2
2.1514703989144497,3.8893914904147913,7.850879177842133,11.905620564488466,0.4958698541251298,0.10091625020692786,-0.21844349741801797,-0.42324875819161195,0.113831975568125,0.3668071453758185,0.12953809709415748,0.35056768269300853,100.2,5,PEuk2
0.8718760430113707,1.8853282930998032,0.9309056689504048,1.2543976165862105,-0.055948397885242945,-0.1584256333814371,-0.2448167596924068,-0.46263611671746696,0.15759531973571855,0.404963629165627,0.02549652263128662,0.20572545501575729,100.7,5,PEuk2
-0.006019009039160913,0.2585932538701377,-0.12919372065037416,-0.1382483372176769,-0.3122111241748842,-0.43915480217481656,-0.2693850078187386,-0.48359581821872555,-0.017572439817996128,0.07678949082863278,-0.004200130043376438,0.05914537338513583,100.8,5,PEuk2
0.136757892066485,0.7227050552266632,-0.1266365020263164,-0.12750914934739854,-0.323016644018434,-0.4376391677902092,-0.3314574387991443,-0.5030081592064685,-0.002328938731232444,0.11833682553426925,-0.0413067247857672,0.07044819494160046,103.0,5,PEuk2
0.1817219271327816,0.7987749513483997,-0.01458799991535999,0.0829965950955545,-0.19875316581761132,-0.2845600949448691,-0.32804796763059213,-0.49667804801481313,0.0026495479535679394,0.13334517762371123,-0.02410817439867153,0.08314129966076123,104.7,5,PEuk2
-0.025084173875226393,0.21948300304770524,-0.11919528976348344,-0.11425382390384656,-0.27660202469045875,-0.42147240102106437,-0.33727359549843916,-0.49822540852832886,-0.012836308945422151,0.10659770545504912,-0.05822235011209508,0.013577488555858473,105.3,5,PEuk2
0.12440191882540134,0.627564492776546,-0.09519153094566112,-0.07665363687676786,0.0006577912951713494,-0.02504980753599226,-0.2615632798438248,-0.45180459312285687,0.00536529205505823,0.167175503199816,-0.014078555842353225,0.15502977254744485,112.7,5,PEuk2
0.5679507957023232,1.6406600894069077,0.4343020422872896,0.8428006516583011,0.0032363812578366426,-0.08213870268953494,-0.2557471231445299,-0.4558839981130347,0.06357485463741831,0.2802202759607124,0.03354117488824999,0.2559291216894792,113.5,5,PEuk2
1.3469689547022983,3.3370099348167432,1.5105054426897788,2.630859507138299,0.27079578738391635,0.10108465402743978,-0.2637694082470056,-0.4361903188501072,0.15559192052156662,0.453932612801466,0.057782912634670676,0.28741813254327203,116.9,5,PEuk2
0.2451738357843824,0.9793014271482953,-0.09897739024196733,-0.07665218915664515,-0.1490232165376378,-0.20338945345812115,-0.2978641199325273,-0.485424517007426,0.040460452172273675,0.218009310054949,0.0013341236585203936,0.19241394512357907,117.8,5,PEuk2
-0.046018662761375985,0.11298383912840156,-0.11921998015019848,-0.11995784118733223,-0.041213598098584124,-0.11464064004833652,-0.2802150927070808,-0.45124191657248747,-0.047274616861276306,0.02634660188437661,-0.028259238914592522,0.1344508733957187,119.5,5,PEuk2
0.3014799460126945,1.0705270364695516,-0.10356627497286273,-0.08702365611575465,-0.23055577535714994,-0.3869496178161197,-0.32614267491875415,-0.4916139590614889,0.04410031937085157,0.2344075924941753,0.04516355674963138,0.22767658170469,120.3,5,PEuk2
0.08264613541599652,0.47923817912431277,-0.11960326901063197,-0.11961473151824946,-0.21422470559360307,-0.32986072266257704,-0.3119031188618598,-0.4934426578501893,-0.003701533331318446,0.11972965157228228,-0.053962007662650024,0.07171208872586968,120.8,5,PEuk2
2.0223803133450597,2.8755331980661816,3.0437314283857715,2.9839873994702346,0.49451916414468605,0.04685862382259984,-0.18495045711518196,-0.41002585925793206,0.07636535250323621,0.2564727367970015,0.04217862251063157,0.1932174204578645,123.3,5,PEuk2
0.4821769586879533,1.5997396637682044,-0.009473562667244438,0.04015855666450343,0.040318960720928,-0.04222699722820864,-0.2885382135008993,-0.46418347723098274,0.28277096424686193,0.6822663167005149,0.14130568388090645,0.6874405152644765,124.8,5,PEuk2
0.2435147298368164,0.9306067425789527,-0.0887673274689477,-0.058946572055876154,-0.1660910262905176,-0.3064525916114194,-0.3223320894950782,-0.4987880850786982,0.00864615555047832,0.1613349000424931,-0.02145706179221784,0.1392130446185902,125.3,5,PEuk2
0.07995049251678354,0.44107065949010094,-0.11531302038571849,-0.10992369301681466,-0.33259426387976226,-0.3948645973801802,-0.3315577173629252,-0.494146003538151,0.11449562279225899,0.37713027391119586,-0.05994534876259096,0.024365724785870645,126.1,5,PEuk2
-0.05680608554520913,0.08179514898476775,-0.12755357353287505,-0.12965756600950332,-0.34708348366997677,-0.45835283771317603,-0.31691704705090706,-0.48598719355779535,-0.04893373492161128,0.029193063413205763,-0.10746777722361794,-0.08297496874956427,128.4,5,PEuk2
0.056454576904567136,0.3367744750488268,-0.0925449566363489,-0.07340784836164733,-0.2977219043846697,-0.4122101908929085,-0.2932513059986038,-0.4797977515037324,0.009175034822953702,0.16500373702827797,-0.010253828169010947,0.1244390290617576,134.0,5,PEuk2
0.26289522182665903,0.8936045434412914,-0.09389940070757398,-0.07192248751574472,-0.11132668708343567,-0.24346956273995937,-0.2802150927070808,-0.4629174549926517,0.06102105857867744,0.2858726593831687,0.02065086960639075,0.2871111869099495,134.4,5,PEuk2
0.010282596279954957,0.29846292703863686,-0.1273619291026583,-0.1342135412356783,-0.35641552353486067,-0.44909062758502016,-0.3461983876749434,-0.5055402036831306,-0.012182854255447215,0.11489385223032432,-0.03847298330410891,0.047747759794851,137.7,5,PEuk2
0.08844330385851516,0.5372161471998839,-0.10749439792595562,-0.09705490884602679,-0.2735322747349048,-0.3990746928929783,-0.31832094694384033,-0.4923173047494506,0.050683563933805305,0.2249386919862696,0.0007158800072130116,0.11778553106885471,139.6,5,PEuk2
0.10595770592292782,0.5764409660486627,-0.12378299876167813,-0.12720802356187444,-0.2562188849855807,-0.3958750203032518,-0.2978641199325273,-0.4837364873563179,0.0013426385736180662,0.11332728489858823,-0.04010017664302204,0.07450168286400671,141.0,5,PEuk2
-0.0028738228130245807,0.30443683126954907,-0.13146993915896077,-0.14101058721181162,-0.34671511367531027,-0.4219776124826002,-0.3258418392274113,-0.48598719355779535,-0.03219985884003474,0.07205214488645119,-0.060111511099867274,0.07739509684870872,141.8,5,PEuk2
0.1619145306885945,0.6363076698728565,-0.09075666719855953,-0.07359026109710906,-0.22552138543004152,-0.35023758494452,-0.2861315279701566,-0.4820484577052098,-0.04129386431750223,0.033637944844286886,-0.034419221057764134,0.03628695151535272,142.0,5,PEuk2
0.37832113073237184,1.3122295649661695,-0.005848778750936334,0.07123386909851868,-0.2391510752327009,-0.3401333557138045,-0.3461983876749434,-0.49569336405166675,0.10075155673067177,0.3518132717275201,0.05129958756490731,0.28708861737808755,142.4,5,PEuk2
0.3436286755675755,1.0197243002154377,0.0787357832039899,0.2246936498261241,0.053334700532476624,-0.038185305535922434,-0.26096160846113914,-0.455180652425073,0.09657941274823213,0.3148990381878314,0.07508175920732953,0.2627225507799262,144.4,5,PEuk2
0.27588184937529703,1.0116718046493862,-0.11652755226555835,-0.11425092846360113,-0.3267003439650987,-0.4095157297647177,-0.31661621135956425,-0.48781589234649575,0.14441524056426566,0.4452165912330268,0.08380902430931993,0.3523145644591235,149.9,5,PEuk2
0.20353771498718018,0.7997405961418896,-0.11712247301212074,-0.10992803617718279,-0.3044753542868883,-0.3770137924059161,-0.3176189969973737,-0.49062927509834253,0.06040610901774782,0.25740225271841977,-0.00912661879992025,0.1587718009301562,150.3,5,PEuk2
0.3318289717670013,0.820487229027107,-0.030155876605543447,0.014853856639618617,-0.17824723611451113,-0.2737822504321059,-0.3461983876749434,-0.49752206284036715,0.19596001831039958,0.3028356010269949,0.15195953392050607,0.3261113379673994,150.7,5,PEuk2
0.045270973850603705,0.3788667679284434,-0.10117483465960594,-0.08268049574761833,-0.2872847545357864,-0.4187779398928736,-0.3132067401910121,-0.4927393121622276,0.014115016378708769,0.1708675056914306,-0.0531790986320598,0.043522743430293935,150.9,5,PEuk2
0.043750935263165064,0.35171414568437936,-0.10084210230530326,-0.08378655392137038,-0.3258408139775436,-0.43359747609792304,-0.3038808337593841,-0.4899259294103808,0.06660543479404384,0.24406181704871896,-0.0438350868367555,0.07364855455962499,151.2,5,PEuk2
0.039473805408085066,0.3233601958497702,-0.10568964823035623,-0.08932553111086688,-0.3219115340344346,-0.40513723043140765,-0.3198251254005545,-0.4918952973366736,0.003224859881656792,0.13672444578662438,-0.045785623102260385,0.051598121930499695,151.4,5,PEuk2
0.4722805372463315,1.5520499044585274,-0.07889822717913575,-0.0457202010147784,-0.2283455553891511,-0.2968535738422397,-0.3434908664528578,-0.5046961888575765,0.09715585718011643,0.36982445251014195,0.08911424343821427,0.3548107546830552,153.6,5,PEuk2
0.9523297449697053,2.1828614575210454,0.6431580235098181,0.8934969149154335,0.18447441863374012,-0.00972505986940706,-0.17391981509927787,-0.4045397628918308,-0.01025646529938592,0.056780285168195915,-0.05580775686861129,-0.03740708392028692,155.8,5,PEuk2
0.019585555847544837,0.24937871117971694,-0.12012647006245068,-0.11995205030684138,-0.2684978848077964,-0.4101893450467654,-0.33015381746999195,-0.4968187171524055,-0.016669834293022084,0.08735296148699365,-0.04942323102641762,0.022749746304555014,156.6,5,PEuk2
0.3435090129553729,1.0730082525829936,-0.07828214324396045,-0.053067380637542315,-0.10420486718655057,-0.25559463781681796,-0.2653738652675008,-0.4662935142948678,0.20477995786936803,0.48899360587477564,0.057244007757017754,0.29770081125957654,160.5,5,PEuk2
0.13214279618504896,0.6660200691627142,-0.09475298264829396,-0.07380018051490231,-0.2974763243882254,-0.39840107761093063,-0.3366719241157535,-0.500757453004991,0.049126371215060874,0.23473190957579165,-0.025127602792231644,0.14026027089698467,162.1,5,PEuk2
0.09756353538314701,0.4683443965048739,-0.11469458498514175,-0.10656932549249072,-0.2898633444984517,-0.42500888125181485,-0.3126050688083264,-0.4848618404570566,0.05206182105286856,0.22552941238492794,-0.039913056893837,0.07004645727445775,165.1,5,PEuk2
-0.03385511993721275,0.12012306385586433,-0.11203860481422381,-0.10561962109199158,-0.35592436354197204,-0.4199567666364571,-0.2994685769530224,-0.4820484577052098,0.02942533518940403,0.19319326193484135,-0.01610843088151257,0.07375688831256236,165.3,5,PEuk2
-0.05423819056983407,0.08997530606589085,-0.12862936895403038,-0.1348013156054994,-0.34708348366997677,-0.44100724420044773,-0.3347666314039155,-0.4927393121622276,-0.013305165516738658,0.07638409447661235,-0.07859744536135604,-0.02895705119117278,166.9,5,PEuk2
0.13437110807174094,0.6272240620696885,-0.04712405094227992,-0.007090684980451409,-0.23583574528070267,-0.3295239150215532,-0.3027777695577937,-0.4872532157961264,-0.021036768928279197,0.08698520908194654,-0.02183728912256185,0.11278412280824655,169.1,5,PEuk2
0.23819944596776235,0.9365937402985902,-0.11804542318218297,-0.11139312894136744,-0.3157720341233268,-0.4140626329185397,-0.3343655171487917,-0.49105128251111957,0.022757152841791507,0.19663044386232884,0.01268405916508836,0.19844903794346455,169.3,5,PEuk2
0.1323869725964354,0.5601297524691363,-0.10103374673552,-0.08247926265056135,-0.21655771555982406,-0.35916298743165204,-0.28141843547245216,-0.4900665985479732,-0.04733577206623063,0.026867825765545732,0.0555344817284632,0.20239419211293344,169.7,5,PEuk2
0.1772766227956871,0.7347216045042954,-0.029230574970079783,0.0462447720603851,0.28896870712079553,0.4168418174872997,-0.22827079666855069,-0.4029924023783151,-0.046752532611573624,0.04631526790961143,-0.08432330968641835,-0.034003598515504836,170.7,5,PEuk2
0.12163835930845174,0.6190013511502083,-0.10376850099738592,-0.08699325399317769,-0.14239255663364134,-0.2582890989450088,-0.3252401678447256,-0.4855651861450183,-0.005652837370879652,0.1254254703181693,0.046230887798982864,0.26822048874149723,171.0,5,PEuk2
0.052583329693579796,0.3893022784424972,-0.08541296207380432,-0.056162606259900785,-0.3182278340877699,-0.3839183490469051,-0.3128056259358883,-0.4857058552826107,-0.04782501370586525,0.0351755552937358,-0.007147640332539234,0.15141864744953282,172.5,5,PEuk2
0.0608966471170075,0.35552107753125656,-0.1252103382603476,-0.13167424014044127,-0.25990258493224544,-0.404295211328848,-0.31531259003041195,-0.4976627319779595,-0.010616601506339179,0.11429734045520855,-0.04968819259126364,0.08629200630868947,177.4,5,PEuk2
0.1447057534039966,0.6219539328577605,-0.11415374794281229,-0.10902755426085586,-0.3225254840255454,-0.4295557844056368,-0.33877777395515335,-0.4997727690418446,0.04354086249589902,0.22076021387223047,-0.021313353824843728,0.10932647052699579,180.9,5,PEuk2
0.017839128534317465,0.26369644110081836,-0.113711672447343,-0.11069243240197478,-0.2585518949518017,-0.4113681717903489,-0.29415381307263233,-0.4897852602727885,-0.02197334956711676,0.05862773425811758,-0.0584034820293062,-4.999478238702775e-05,183.9,5,PEuk2
0.44682312503138844,1.4978134007862072,-0.09911612670065185,-0.0826747048671275,-0.24357151516869857,-0.3328919914317917,-0.32804796763059213,-0.4983660776659212,0.0796484810062472,0.26624568456892256,-0.005036929561731949,0.1592999279757258,186.1,5,PEuk2
1.4498432258253529,3.184339856279896,0.7183567113149267,1.1536232665643438,0.20829567828883852,0.10984165269405989,-0.2461203810215591,-0.42873485455771315,-0.06524178957609844,-0.05363230699279647,-0.1049439060466101,-0.14452208213710233,186.6,5,PEuk2
0.18787646634958102,0.7352191570758563,-0.09472946799427964,-0.07037197926432005,-0.11709781699987704,-0.20271583817607344,-0.3007721982821748,-0.4761403539263316,0.13465532285507328,0.4051113092652916,0.006069001791898721,0.2163015376462671,188.1,5,PEuk2
0.01454193844943727,0.28811579757347877,-0.11931521449895649,-0.11605044457613227,-0.302633504313556,-0.39638023176478754,-0.33968028102918185,-0.48429916390668726,-0.022214572875547716,0.06663431221052103,-0.10637799180436426,-0.09303646605362165,189.5,5,PEuk2
0.8786903436576116,1.8630038948231888,0.4937741294876181,0.813972200854735,0.08747032003823622,-0.07961264538185606,-0.27319559324241455,-0.46685619084523716,0.016907770738289692,0.15389877267114696,0.03616833616680799,0.16592634253039437,191.4,5,PEuk2
1.7472371583953956,3.9281154833198277,1.5655532477373122,2.1120110923595092,0.09041727999556798,-0.0738869154844506,-0.24321230267191166,-0.44870987209582536,0.1401615563085536,0.4255751379776371,0.13507085383806083,0.41196132326388535,199.3,5,PEuk2
0.05805061742137771,0.372107254374014,-0.12390880216065477,-0.12658550390910822,-0.21311959560960367,-0.36152064091881897,-0.3461983876749434,-0.5069468950590539,0.10960773641109464,0.3424312418664759,0.07659668069673163,0.2432089335320841,200.0,5,PEuk2
0.2519784340566609,0.9231958279604402,-0.11025736977263874,-0.10478573430130941,0.11632596962044307,0.1384703021810872,-0.29074434190408016,-0.4525079388108185,-0.026222503807647023,0.08010505385051413,-0.023639626546712183,0.1104098080563694,201.5,5,PEuk2
0.3238309814973508,1.2159335021360458,-0.09599455638025028,-0.07055004883941364,-0.2676383548202413,-0.34535387414967417,-0.33095604598023953,-0.493723996125374,0.026719783622072796,0.20638601750487756,0.018257233774815678,0.22324843955337537,202.2,5,PEuk2
0.07925515571614672,0.5009962840135586,-0.10321120369724644,-0.08585534597672598,-0.3171227241037705,-0.40513723043140765,-0.33095604598023953,-0.5044148505823918,0.07242423929506848,0.284670948768251,-0.03847448026210239,0.15999958346344628,204.3,5,PEuk2
0.2608965327904099,0.9100172315584387,-0.07952841990671963,-0.03907806109177528,-0.19543783586561309,-0.3241349927651716,-0.33857721682759145,-0.4951306875012974,0.2103994417023934,0.5449788420887968,0.07446052164003518,0.39181124521753624,206.4,5,PEuk2
0.010830780408829102,0.3132389290651233,0.05464619589901529,0.21753612153943547,-0.21692608555449053,-0.2596363295091042,-0.3109003332240503,-0.4654494994693138,-0.03216135371098943,0.061294663116766256,-0.06695260913007245,-0.0012642355965599458,207.0,5,PEuk2
0.1397882668673999,0.6417512878103946,-0.068361310715317,-0.019422364985713085,-0.29588005441133736,-0.4287137653030772,-0.289139884883585,-0.47993842064132475,0.06510599976886738,0.27539026799521193,-0.0037181095694757667,0.14295055909492912,207.5,5,PEuk2
0.20244781497874012,0.8643962434673573,-0.0785184655168044,-0.03599152179015308,-0.301896764324223,-0.42046197809799285,-0.3461983876749434,-0.5082129172973849,0.08385346759875491,0.2955558408199995,0.032997779136616626,0.24563290125405754,209.8,5,PEuk2
0.08644138069761194,0.4847570846220213,-0.11102042029540357,-0.09965501418641773,-0.35641552353486067,-0.43898639835430464,-0.2699866792014243,-0.4851431787322413,0.06454767539771028,0.2691963908739855,0.013089734781321532,0.17811388973584746,214.5,5,PEuk2
0.6982261879574498,1.8063025418983332,0.25222337332357303,0.5433281625143213,0.373079855902973,0.3740672470772707,-0.30749086205549814,-0.4458964893439786,-0.002018632691279008,0.14041065690178156,0.048407464721503285,0.22236822781075932,216.3,5,PEuk2
0.4985028199419751,1.6228005707856161,0.12518898220928773,0.29985493543696823,-0.08419009747633902,-0.1324914450226006,-0.2699866792014243,-0.4754370082383699,-0.030801216652653382,0.06666906046926564,-0.012583094806866361,0.09923788978470408,216.5,5,PEuk2
0.33279435797625756,1.109512899149094,-0.0638606059369753,-0.04048234961080602,-0.1908946059313933,-0.26553046322702156,-0.33998111672052467,-0.5038521740320224,0.1236371934291354,0.3227463532876554,0.02557137053096064,0.20216849679431392,219.3,5,PEuk2
-0.0820662161562506,-0.038658400543510635,-0.12716205454353655,-0.13140785963786225,0.14456766921153913,0.14133316712978994,-0.27991425701573797,-0.45208593139804154,-0.065389015069507,0.0010440781418444463,-0.011753780078478252,0.09879101305383746,223.1,5,PEuk2
0.1704121932173073,0.7293892812209222,-0.11900246960056599,-0.11838272169382147,-0.2705853147775731,-0.3856023872520243,-0.309596711894898,-0.4902072676855655,-0.03684652191276813,0.06351855167642118,-0.002840892185296285,0.1990539013973648,224.0,5,PEuk2
0.09258621754044899,0.4918733957442148,-0.10611408773531479,-0.100513512219186,-0.34413652371264497,-0.4482486084824605,-0.32463849646203996,-0.5039928431696148,0.07066432839693843,0.23923470477144712,-0.013324089013639132,0.1062886115383773,224.2,5,PEuk2
0.019590407034526025,0.2876902591899069,-0.12008531941792562,-0.11766175707271084,-0.35224066359530737,-0.42517728507232677,-0.3460981091111624,-0.4909106133735272,-0.01308206226903491,0.0971954057764039,-0.03133099671721419,0.016502499885167214,225.1,5,PEuk2
0.051558112178222246,0.3695278370951324,0.03944749927685672,0.15078464212142592,-0.35641552353486067,-0.44774339702092475,-0.3093961547673361,-0.49287998129981997,0.03069600444789949,0.16237734780483135,0.00780547306433592,0.1357644201500842,225.1,5,PEuk2
0.22213554881072464,0.9103674823818402,-0.11088050810401834,-0.10535468830953526,-0.3074223142442201,-0.32194574309851653,-0.3461983876749434,-0.4978034011155518,0.14253415176002238,0.41190169816163374,0.04556623844987759,0.22505400210233137,226.2,5,PEuk2
0.14926748622863958,0.6155544902432765,-0.08357999479338774,-0.05032105556475746,-0.3324714738815401,-0.3717932739700464,-0.33887805251893427,-0.5034301666192454,0.12637672011033016,0.4149537535547019,0.0070315457817065816,0.20600080330447307,227.5,5,PEuk2
0.23115875659573273,0.8595189189171878,-0.11806541063809516,-0.10775356055286922,-0.125693116875428,-0.31773564758571843,-0.3365716455519725,-0.5031488283440607,0.061216981735290374,0.24774513247564742,0.07220011506987986,0.2307956910080115,228.1,5,PEuk2
0.009440106807555455,0.28475077097108,-0.12407340473875503,-0.12425177907129632,-0.25585051499091427,-0.3827395223033216,-0.34098390235833415,-0.5031488283440607,0.017135404001175244,0.14102164711804094,-0.06603647083806248,0.020343834208071128,228.3,5,PEuk2
0.14155733305320614,0.6526352503132894,-0.09738074523439472,-0.07529712312178663,-0.20440150573583055,-0.30123207317554973,-0.29535715583800365,-0.4823297959803945,-0.015776288798411642,0.11024337693500426,-0.062391378123937836,0.036620980586909574,229.1,5,PEuk2
0.28252959260185045,1.0174263929441498,-0.11148248324678504,-0.10527072054241797,-0.28630243455000914,-0.3989062890724664,-0.320727632474583,-0.48950392199760384,0.00431432853288017,0.15925000451781662,0.04156337277531115,0.37179658436235885,229.3,5,PEuk2
0.7052361531452652,1.7256826584445593,0.4275368763273685,0.7099274510756618,-0.06159673780346216,-0.1771184574582608,-0.29164684897810866,-0.4754370082383699,0.09601316085050689,0.30639729754831724,0.06256419646584689,0.2289359615825868,232.1,5,PEuk2
0.4146807771563695,1.4084536136083043,-0.0938852919151654,-0.06986382950124811,-0.16031989637407623,-0.2763083077397848,-0.31441008295638345,-0.4944273418133357,0.1956938799184687,0.5618172691387882,0.003164903284546854,0.36790108316298625,232.1,5,PEuk2
1.2571233547483853,3.061195594818571,1.0094446133582482,1.7129470405339187,-0.13674421671542214,-0.23791223666306582,-0.30618724072634584,-0.49555269491407444,0.22752176658580947,0.6340617947570573,0.10444758416543343,0.47416746698179235,238.3,5,PEuk2
0.16030878779782154,0.7073005657413629,-0.12101179678609,-0.1219745153182702,-0.2465184751260303,-0.39856948143144255,-0.2994685769530224,-0.4847211713194643,0.00012746200109968334,0.13457874080914484,0.01846980180988989,0.260452055874614,244.3,5,PEuk2
0.05173113784721792,0.3634262713491486,-0.106854799336766,-0.09031866711504738,-0.2977219043846697,-0.40597924953396725,-0.3121036759894217,-0.49133262078630424,-0.039250827470509536,0.05598397090529864,-0.02632516918701592,0.0544057716941263,245.2,5,PEuk2
0.056355936102616334,0.36420533392830323,-0.13036004748948465,-0.13756790876000222,-0.2793034046513462,-0.42046197809799285,-0.3073905834917172,-0.4883785688968651,0.07041970757712111,0.2759520315115831,-0.02894484567560652,0.1146619078591608,246.6,5,PEuk2
0.19020988728753202,0.7697106797504437,-0.09269897762014273,-0.062190912850873976,-0.1721077362034033,-0.3088102450985864,-0.2885382135008993,-0.4741709860000388,0.0006053786027797929,0.1345063486034269,-0.004336353220783149,0.14868773409423686,248.9,5,PEuk2
-0.08361051067859517,-0.022563229527951503,-0.12477766862648405,-0.13063332937221125,-0.3074223142442201,-0.422314420123624,-0.30658835498146964,-0.48880057630964213,0.09444237808621704,0.2622496348132926,-0.010828660038507399,0.24889194165492312,251.2,5,PEuk2
0.07765749813700909,0.3662217311919974,-0.1145382125359465,-0.10854401573987002,-0.24136129520069974,-0.4263561118159102,-0.3353683027866012,-0.5027268209312837,0.053826261966180435,0.2318159515294733,-0.0011223844087808505,0.10079970138955102,252.1,5,PEuk2
0.0708092391818999,0.347285273123051,-0.12476943849757903,-0.12400132349006712,-0.35101276361308575,-0.40715807627755074,-0.3371733169346582,-0.5063842185086845,0.05125434584671235,0.23525023776873208,-0.017996094911291286,0.11105981057399356,252.4,5,PEuk2
0.3692057503947212,1.2821145408980092,-0.07153578900725079,-0.03365924467246389,-0.18242209605406445,-0.22662918068876683,-0.31972484683677355,-0.4647461537813521,0.01190776648137575,0.16818320270340964,0.02457439650730273,0.2391328760778159,252.5,5,PEuk2
0.0586440792954096,0.388323540160282,-0.0775179169884949,-0.03739581030918382,-0.28765312453045283,-0.42719813091846986,-0.3302540960337729,-0.49639670973962846,-0.009195309243048806,0.1173783527305638,-0.05908010704235932,0.03516750273499999,253.3,5,PEuk2
-0.014684846049888215,0.20764976261222706,-0.10921331913440274,-0.09540161246588957,-0.29624842440600385,-0.438144379251745,-0.31601453997687856,-0.5006167838673986,-0.0005497752685797137,0.1217189893854111,-0.07522479900204483,-0.06384503354337533,254.0,5,PEuk2
0.1894967628012975,0.785684735995294,-0.0660133725119867,-0.009227519881574471,-0.3193329440717693,-0.40109553873912146,-0.32995326034243005,-0.5018828061057297,0.1110981114059075,0.37201938418750974,-0.002966636656748634,0.21147617173418218,258.7,5,PEuk2
0.15160414129124472,0.7018798614090941,-0.1039401579716905,-0.08525019896543232,-0.34118956375531323,-0.44656457027734126,-0.3327610601282966,-0.49245797388704293,0.06610600062025017,0.273073717412238,0.018230288530933034,0.16212111945846958,262.6,5,PEuk2
0.06712557120085179,0.45894654497229914,-0.10992228595293461,-0.10182225121011775,-0.30779068423888656,-0.4241668621492552,-0.3419866879961436,-0.5017421369681374,0.04221809806281284,0.19156588515030218,-0.03874992053290277,0.04502587425229981,265.8,5,PEuk2
0.004037501572840038,0.2773725900743807,-0.11869090043487618,-0.11221832941131334,-0.31957852406821363,-0.4374707639696973,-0.3410841809221151,-0.5059622110959076,-0.005131885624972423,0.1254254703181693,-0.055268851990958365,0.06412872602025442,266.6,5,PEuk2
0.06861326854174918,0.42219639549259963,-0.08973613121433785,-0.06521809562746497,-0.3329626338744287,-0.4462277626363174,-0.3461983876749434,-0.5041335123072072,0.04730190760059012,0.21254514636735936,-0.05442456768263545,0.03352895472182241,267.7,5,PEuk2
1.501815609017138,3.643266636101208,-0.02504379082282933,0.024649130989888694,-0.12250057692165194,-0.24077510161176857,-0.23779726022774056,-0.4540552993243343,0.29975625617102847,0.5504082575176419,0.24242519634050366,0.6373135849990852,270.2,5,PEuk2
0.3394970813219311,1.052359820863216,-0.09590402496229514,-0.07458339710128956,0.17403726878485679,0.06454102497635199,-0.2975632842411845,-0.4737489785872618,0.25409370313846447,0.6444688982510673,0.09763642529509786,0.458955602506838,273.9,5,PEuk2
0.6675747715479824,1.9620986908683427,0.1790575273580027,0.38121391089314294,1.5377429890401304,1.2586925162264142,-0.07745183674200767,-0.2696380599407773,0.0468081359457737,0.25223924060661673,0.005540575620200159,0.234470010795137,274.4,5,PEuk2
0.039336355110284764,0.36710554168095433,-0.12141624883513638,-0.1200490475550631,-0.261130484914467,-0.38341313758536927,-0.33035437459755385,-0.49892875421629057,0.0025702726878864047,0.1190144165797891,-0.04169293994808513,0.042615448249443535,274.5,5,PEuk2
-0.019872381995104334,0.23540468533765432,-0.12468948867393033,-0.1285905962790645,-0.2944065744326715,-0.4187779398928736,-0.3154128685941929,-0.49555269491407444,-0.027575845843210368,0.07372585268264982,-0.04045495568747688,0.05008144938937665,275.5,5,PEuk2
0.2518458349458418,0.9896092761472776,-0.11252183095421818,-0.10449184711639886,-0.2872847545357864,-0.34855354673940075,-0.3202262396556783,-0.48683120838334937,0.05461561711160943,0.2554418717875781,0.012359219280503125,0.21936196616674755,276.6,5,PEuk2
0.3211595945330437,1.0654925900546788,-0.06358430875230699,-0.021993515923649776,-0.16658218628340624,-0.16330934417628293,-0.3461983876749434,-0.4987880850786982,0.23093286801770635,0.5973589464580649,0.10176054456713622,0.40422448774160885,277.9,5,PEuk2
-0.06864945002861401,0.062472432998425365,-0.10908398853732396,-0.09455469619410299,0.39984807551540313,0.5460075478199464,-0.26066077276979627,-0.42184206681568853,-0.08086581193813348,-0.04010075590000031,-0.04794273957086556,0.024090376497154852,279.2,5,PEuk2
0.1188845021654645,0.459178954397173,-0.11408555544617076,-0.11985070989825153,-0.279917354642457,-0.43039780350819645,-0.3347666314039155,-0.4907699442359349,0.06928833628546606,0.21608657307108067,-0.05045463508392558,0.01761292085277516,279.9,5,PEuk2
0.1074292326405546,0.5632721897632051,-0.11837580407108424,-0.11661360770386728,-0.29612563440778167,-0.4108629603288131,-0.3461983876749434,-0.5048368579951689,0.1053053544921782,0.3634162944599905,0.002245771076549923,0.18465454006944063,280.3,5,PEuk2
0.23280330898235518,0.8703079536268243,0.04531675691883209,0.15767434218541282,0.04289755068359329,-0.007367406382240105,-0.25103403064682545,-0.433236266960668,0.07444349356235673,0.27598388408209895,0.009386260705451163,0.20893484244652658,282.5,5,PEuk2
-0.01924981299918532,0.2335224963333943,-0.11074529884343598,-0.1009203215736681,-0.30472093428333263,-0.42601930417488637,-0.30498389796097447,-0.48626853183298,0.03556010824935937,0.1913487085331484,-0.043821614214814175,0.051580066305010136,284.1,5,PEuk2
-0.04083597800314105,0.10867935470996343,-0.12056149116171569,-0.11909210455395039,-0.3085274242282195,-0.4162518825851947,-0.33205911018182993,-0.5017421369681374,0.00534037697155832,0.12720631857883047,-0.03604641439667727,0.05197277615940807,287.2,5,PEuk2
-0.0038278895859913857,0.28778846035534655,-0.12722789557477665,-0.132696330547076,-0.337874233803315,-0.43140822643126797,-0.3461983876749434,-0.507368902471831,0.0027344857382267268,0.11967173780770794,-0.08141621726307953,0.00014410319162574354,287.4,5,PEuk2
0.33401524003318966,1.0835157772850363,-0.0949810747922329,-0.07241471235746683,-0.3092641642175525,-0.3754981580213088,-0.313407297318574,-0.4968187171524055,0.08743897461515117,0.32360347700335573,0.18102447032192043,0.7517185420073106,287.8,5,PEuk2
-0.07428491223842641,0.05944783710288405,-0.1304211855899219,-0.13687879398159128,-0.30103723433666796,-0.4300609958671726,-0.30648807641768866,-0.49133262078630424,-0.0341522953833914,0.05675132828590874,-0.10145000608982697,-0.04146508574906555,288.7,5,PEuk2
0.0616016862916067,0.4214304264021704,-0.1115589058723316,-0.10647667140463715,-0.24725521511536327,-0.35175321932912734,-0.3461983876749434,-0.49822540852832886,0.028945153580133023,0.1892464388790996,-0.028308638528377374,0.04947207202910399,293.5,5,PEuk2
0.00873021644597507,0.2837622125723208,-0.11350591922471766,-0.10739886912280476,-0.34597837368597734,-0.42905057294410104,-0.29595882722068934,-0.4904886059607502,-0.015905394231093,0.08305865584380583,-0.08123209142988144,-0.03753798720508623,293.6,5,PEuk2
-0.01893286878308109,0.10577260021294971,-0.11206094373553742,-0.11093130622222228,-0.24700963511891896,-0.4061476533544792,-0.313407297318574,-0.49105128251111957,-0.025223635460059686,0.05945879677975946,-0.0631488388686389,-0.026366068933420903,296.8,5,PEuk2
0.4849906471370418,1.1990527217969695,0.889254162294832,1.5967964550887268,0.42551118514383396,0.3776037273080211,-0.2675799936706816,-0.4112918814962631,0.07915697435902169,0.2631704636700247,0.09096598047614946,0.2897969612015216,298.3,5,PEuk2
-0.04530392121281441,0.12040130049127667,-0.11040786355833042,-0.09901367417205627,0.03074134085959977,0.06555144789942355,-0.31420952582882156,-0.46784087480838354,-0.057780854571670565,0.012922191256042997,-0.014563570232240856,0.16178257648054034,298.3,5,PEuk2
-0.056731700678164264,0.06176211123507854,-0.12638254376296168,-0.13016426805245254,-0.3241217540024334,-0.44218607094403123,-0.2890396063198041,-0.48528384786983364,-0.020024310535146455,0.07912341554097894,-0.09148775064321528,-0.03446401696548862,303.7,5,PEuk2
0.21776301227834796,0.8931266311028184,-0.11698373655343623,-0.11466063325832865,-0.2602709549269119,-0.34973237348298425,-0.3137081330099168,-0.4872532157961264,0.024753757033170735,0.1946700629314872,-0.010890035316240094,0.15819853482086266,304.4,5,PEuk2
0.32893766432621374,1.0699083691272817,-0.09094831162877627,-0.07230902878850885,-0.2090675256682725,-0.3103258794831937,-0.30628751929012676,-0.49133262078630424,0.09954883769990333,0.33674990156173246,0.08255457351078341,0.2692406315816574,305.1,5,PEuk2
0.054362098253348416,0.4277087542459455,-0.11319199859362643,-0.1048798361092857,-0.24921985508691777,-0.39856948143144255,-0.30779169774684095,-0.4762810230639239,0.024914572572124705,0.20468624851462047,-0.04790381866303507,0.1138945437758545,305.5,5,PEuk2
0.13067288652974926,0.56434912921086,-0.10952253683469111,-0.09710557905032172,-0.30042328434555715,-0.43241864935433955,-0.3461983876749434,-0.49738139370277484,0.08160205005339932,0.3047409638814909,0.012324789246653077,0.18720489716984098,308.9,5,PEuk2
0.5739695016836494,1.7950683285720368,0.3598828652627558,0.7867029446233299,0.38879697567540905,0.1903386788987602,-0.3346663528401346,-0.47909440581577073,0.021366438180978296,0.17475351929436928,0.06752062438226031,0.22619602041454606,309.0,5,PEuk2
0.2617503416990989,0.9296378244132815,-0.09624616317820356,-0.07850382319359393,-0.18315883604339742,-0.2859073255089645,-0.33857721682759145,-0.48683120838334937,0.08336988847809754,0.28292774445456315,-0.06644663732827609,0.006210793356117944,309.2,5,PEuk2
0.1331647795757524,0.5615012954131101,-0.12561008737859114,-0.1313311304713585,-0.28617964455178696,-0.4103577488672773,-0.30628751929012676,-0.4927393121622276,0.14714683971889225,0.4626602171228201,0.002563126171167756,0.252200635025885,309.3,5,PEuk2
0.4508156519169055,1.2448144648918478,0.09218498956748274,0.24409599491071168,0.2464833677359293,0.15851035682200632,-0.28051592839842365,-0.44420845969287054,0.15507323378325027,0.4469018817821403,0.05458091948661622,0.31028558222579994,312.2,5,PEuk2
-0.03325033862689142,0.07377211376834811,-0.0950680790120859,-0.07136077210813242,0.18054513869063107,0.32135685125703806,-0.24642121671290193,-0.43731567195084586,-0.051376545608398,0.02824617336241519,-0.027440402892158773,0.13564254467802966,312.3,5,PEuk2
-0.19096404444761256,-0.3258346153830506,-0.1329090359846374,-0.1418603989238436,-0.2735322747349048,-0.24666923532968593,-0.2491287379349875,-0.2212478766090125,-0.1676756253708004,-0.23518037618045917,-0.1462344983807784,-0.2315095718394306,16.9,6,Syn
-0.1939329708800991,-0.3110717068452894,-0.13279616564536867,-0.14040254476027253,-0.24578173513669738,-0.22056664315033753,-0.22125129720388445,-0.24192623983508638,-0.166872680179826,-0.23504138314548073,-0.14587971933632357,-0.2315456830904097,16.9,6,Syn
-0.19160763525378338,-0.31898344740754414,-0.133697952626818,-0.14290275741219632,-0.06049162781946275,0.1211247086683589,-0.03483344713510556,0.10862125104502354,-0.16191797607473007,-0.21631207168213695,-0.14352650137057246,-0.22287446894904847,17.1,6,Syn
-0.19243071997825814,-0.32625360702225975,-0.13284084348799588,-0.1397032959410026,-0.18794764597406152,-0.16954028553522416,-0.18164126451041074,-0.18411122428463486,-0.16495421875033286,-0.23269587568021968,-0.14417767809773643,-0.22460780899604624,17.2,6,Syn
-0.19393782206708027,-0.3286431687146247,-0.13217067584858763,-0.13926608446394353,-0.06712228772345921,0.06571985171993547,-0.06612035903476077,0.014372928858156104,-0.16168241528527638,-0.21938729258103476,-0.14393217698680563,-0.21927237166388122,17.3,6,Syn
-0.18614196458831253,-0.2936115396301191,-0.13244697303325595,-0.14073262494825087,-0.14718136656430547,0.010820206233047826,-0.10603122741957732,-0.007008780055879494,-0.16423168132883545,-0.2227665607439479,-0.1461686322290653,-0.23096338916837142,17.4,6,Syn
-0.1712051598732373,-0.20185891738766998,-0.1271091465720043,-0.12532453968222598,-0.05889535784257471,0.06369900587379236,0.1918963855736137,0.541038180003875,-0.1545238587942338,-0.1941542653559918,-0.1415909346850024,-0.19965944847584655,17.5,6,Syn
-0.189135146955705,-0.28461303950366557,-0.13133120270027626,-0.13661530891925766,-0.17530027615717936,-0.11396702476628881,-0.14022621766887997,-0.05005353615913537,-0.16455217990294793,-0.2263224658888128,-0.14384984429716421,-0.2238585005382295,17.5,6,Syn
-0.1940008874978357,-0.3323649928847875,-0.1321683243831862,-0.13914447597363572,-0.19285924590294778,-0.24464838948354284,-0.18846020684751508,-0.20943166905125596,-0.164562372437107,-0.2292123627410727,-0.14352201049659202,-0.21714632176248552,17.6,6,Syn
-0.17868245607357378,-0.27722176511824104,-0.13299251300638829,-0.1390243152034506,-0.02095324839192825,0.19656962025770142,0.041177704210851616,0.22200057594444914,-0.15783643239592648,-0.20587601130583963,-0.13929460112300354,-0.2154400651537221,17.6,6,Syn
-0.193386403813552,-0.31963812184380846,-0.13307128709733626,-0.14058350977561154,-0.138217696694088,0.05628923777126765,-0.1340089467144613,0.0012906990620685339,-0.16364617686658753,-0.219230925416684,-0.14437976742685626,-0.22190397907898463,17.7,6,Syn
-0.1948304404716187,-0.3253861633942095,-0.13240464665603016,-0.1374564343105534,-0.2138563355989366,-0.19362203186842947,-0.1991900131720763,-0.19578676270479903,-0.16537324515464955,-0.22915155328826964,-0.14582133797457783,-0.22990713507723215,17.7,6,Syn
-0.1771672686731163,-0.30264932022274854,-0.1321165921443547,-0.14120892486862316,0.0029908012613923288,0.13207095700163404,0.058927010000079084,0.23423879091498268,-0.1587718805309686,-0.2128314544312187,-0.1433887812351723,-0.22206196580201826,17.7,6,Syn
-0.18151069808360587,-0.31083929742041555,-0.13188379706961287,-0.14179090835795344,-0.18328162604161957,-0.01326154010015749,-0.1259866616119856,0.088505564369319,-0.16465976776351574,-0.2187097015355149,-0.1435309922445529,-0.2230414834848269,17.8,6,Syn
-0.19274443006970823,-0.29180136481384816,-0.13264096892887411,-0.13944994491952795,-0.2417296651953662,-0.05014197679226913,-0.21784182603533228,-0.055398963387644266,-0.16665637195489497,-0.22722302492794388,-0.14507435593583115,-0.2250727413524024,17.8,6,Syn
-0.1944698355726838,-0.31355619633091264,-0.13270916142551567,-0.13941809507682829,-0.24295756517758776,-0.2111360292016697,-0.22105074007632255,-0.20661828629940918,-0.16697687052900745,-0.23364276573101025,-0.1462344983807784,-0.23288631328300957,17.9,6,Syn
-0.16777698773986507,-0.2739974935196391,-0.13040707679751332,-0.1368368100980326,-0.026110428317258835,0.07835013825832987,0.036464611713147146,0.12958095254628213,-0.15978207391651045,-0.21561710650724478,-0.14283490677758456,-0.2203331396613929,17.9,6,Syn
-0.19057756655144464,-0.3042860063134094,-0.13271974301982212,-0.13963380537511239,-0.21127774563627133,-0.17004549699675994,-0.15707301638407892,-0.09084758606091381,-0.16440948442472117,-0.22475879424530543,-0.1441192967359907,-0.21631576298996577,18.0,6,Syn
-0.18624545657724453,-0.2527664015515861,-0.13260922414595477,-0.13953101724639982,0.22818765800082794,0.6586697037424244,0.2251888687488878,0.6215009267066932,-0.15402329211664467,-0.19140336153871032,-0.1440279822983884,-0.21288970805332172,18.0,6,Syn
-0.18573608194421987,-0.2944495229085375,-0.13151108980348583,-0.13650238674968612,-0.19691131584427896,-0.23151289148361268,-0.09219278561780676,-0.06904386973410119,-0.16243553030925095,-0.2227839348733202,-0.1423498923876969,-0.20664246163393393,18.3,6,Syn
-0.18225616381638163,-0.31357256319181925,-0.13212011934245685,-0.1406037778573295,-0.0631930077803502,0.0406276824636586,0.07737826573577318,0.2079336621852152,-0.15757369151538198,-0.2129530733368248,-0.14045324660995734,-0.21728173895365724,18.5,6,Syn
-0.17629405501650264,-0.2635161557950468,-0.13180737444406632,-0.13968013241903918,0.026198110925379967,0.19539079351411795,0.13333370432554112,0.30077529299615924,-0.15324186449778382,-0.1971078673492835,-0.14080802565441217,-0.21078171377741559,18.6,6,Syn
-0.18211386233160015,-0.2990256972180253,-0.13261627854215907,-0.1410815254978245,-0.13944559667630957,-0.10470481463813293,-0.1120479412464341,-0.08536148969481257,-0.1623290749524786,-0.22676550618780655,-0.14301304477880872,-0.22284287160444174,18.7,6,Syn
-0.1866594245329725,-0.2691365358303763,-0.13344987302696687,-0.14089766504224005,-0.11574712701943331,-0.08432795235618996,0.01039218513010115,0.1131226634479784,-0.15931095233760303,-0.21388258925824308,-0.1432181280239155,-0.21380151714054452,18.8,6,Syn
-0.19517487474728298,-0.3254843645596492,-0.1333993165208361,-0.14234104200458403,-0.2710764747704617,-0.29180145922688194,-0.2546440589429395,-0.22603062728715204,-0.16842307787579774,-0.2361214748547923,-0.144780952169109,-0.2256685769935579,19.0,6,Syn
-0.18958792440728248,-0.32147448363753,-0.13308657162244558,-0.1382222782554681,-0.19998106579983288,-0.08415954853567804,-0.19347413503656238,-0.1350176952649084,-0.16672545468641745,-0.2308802791608139,-0.1450698650618507,-0.2275237925126102,19.1,6,Syn
-0.1933912550005332,-0.3210947724644967,-0.1334722119482805,-0.14126393823328623,-0.16903798624784938,-0.036838074971827034,-0.13671646793654685,0.023797761076842845,-0.16453066233083438,-0.22157353719371636,-0.14409833932408198,-0.2227706491024835,19.2,6,Syn
-0.18989031506244314,-0.3178312203997189,-0.13193317784304295,-0.13899680852111906,-0.10273138720788469,-0.051320803535852604,-0.08477217189801675,-0.0683405240461395,-0.16028490560169048,-0.21971740103910853,-0.14347710175678763,-0.21640604111741357,19.2,6,Syn
-0.19354164179695,-0.2995887172332127,-0.13237290187311082,-0.13766780144846935,-0.19101739592961545,-0.06731916648448551,-0.17803123621429667,-0.056524316488382985,-0.1618511583507985,-0.20767133800764437,-0.14453245714219126,-0.2235380131857898,19.3,6,Syn
-0.18550969321843114,-0.2929928722878493,-0.1327115128909171,-0.1410931072588062,0.04081012071381663,0.2002745043089638,0.08610250078471549,0.24014689469386094,-0.1589712011989679,-0.21381309274075386,-0.14265078094438646,-0.21961542854818286,19.3,6,Syn
-0.18301618311010096,-0.2895492847530988,-0.13232469683238146,-0.14153031873586525,0.03000460087026683,0.15480547277074394,0.04689358234636555,0.14364786630551607,-0.15804141558290302,-0.21252161579074594,-0.1433124363775048,-0.2213307129696911,19.6,6,Syn
-0.1927234082594564,-0.3063384106710981,-0.13015076706875717,-0.1329091454051147,-0.07633153759012097,0.1505953772579458,-0.00033762119446008825,0.20807433132280753,-0.16064164429725739,-0.21280249754893152,-0.14496058712832663,-0.22262169019219463,19.8,6,Syn
-0.19390062963355784,-0.32067250745310616,-0.13288316986522167,-0.14030120435168267,-0.273655064733127,-0.12828134950980247,-0.24100617426873083,-0.12517085563344463,-0.1679440287703222,-0.2323512887810023,-0.14441419746070633,-0.22677899796116585,20.1,6,Syn
-0.1792225548908126,-0.29545444816820327,-0.13209425322304108,-0.1376735923289602,0.029267860880933888,0.15581589569381551,0.05391308181103178,0.1512439997355024,-0.15884209576628652,-0.21386521512887077,-0.14431839214912356,-0.22132619906331868,20.2,6,Syn
0.1518758077621912,0.4687895751215337,1.1247005142767585,1.4105038296981336,0.3420139863527673,0.46517371397422225,0.39435880584734395,0.6617323000581022,-0.1449768517985861,-0.18504732587667577,-0.13423039223105954,-0.19932993331066207,20.3,6,Syn
-0.17161751076663823,-0.224779069401285,-0.12940182533840094,-0.13493450585678893,-0.2568328349766915,-0.2835496720217976,-0.16820393696376393,-0.22138854574660483,-0.1646054075813341,-0.23183875196451934,-0.14288131247538244,-0.2166046529977987,20.3,6,Syn
-0.19304358660021478,-0.2972908099619248,-0.133697952626818,-0.14381337336938224,-0.18217651605762014,-0.06866639704858091,-0.09299501412805433,0.103838500366884,-0.1630912500068168,-0.2159211537712601,-0.14498304149822885,-0.22211613267848695,20.6,6,Syn
-0.17671772534619298,-0.25732948237234865,-0.13222123235471844,-0.13782270750159956,0.1293417094319917,0.375582881461878,0.29528358483176914,0.564248587706611,-0.14828829289648335,-0.18087463913909407,-0.13983350600065647,-0.20319835107180034,20.7,6,Syn
-0.19376156227343047,-0.30387028804638155,-0.1322553286030392,-0.1384264067927705,-0.2529035550335825,-0.23521777553487502,-0.2040033842335617,-0.1589314486556061,-0.1654502554127402,-0.22500782343297512,-0.14508782855777247,-0.22708594359448836,20.9,6,Syn
-0.13065085377283986,-0.10471177779040257,-0.1197502355982215,-0.11448401140335777,-0.027092748303036093,0.09165404007877197,0.09723342136440051,0.1983681608289361,-0.15577754049579748,-0.20645225326335437,-0.14088437051207967,-0.21315151462292034,21.0,6,Syn
-0.17800814108318874,-0.2671986994990338,-0.12612035537070196,-0.1277436800072779,0.07936618015557387,0.2553425536163633,0.15960668803614902,0.34691477012644656,-0.15129848798479079,-0.1954573250589146,-0.1389009011707182,-0.20975254312451067,21.1,6,Syn
-0.1744764769608845,-0.26779445323603435,-0.13083621923327474,-0.13789654122785788,-0.1234828969074292,-0.038858920817970134,-0.022098069534925404,0.05657367013585794,-0.1598907942808737,-0.21474260866217215,-0.13855061300024382,-0.21523242546059215,21.1,6,Syn
-0.1935836854174536,-0.3008325986621149,-0.1331030318802556,-0.1391560577346174,-0.05079121795991236,0.3100737952827391,-0.0006384568858029267,0.40093171896190494,-0.16105387567880136,-0.2037187235754452,-0.145962052025965,-0.22868838035668684,21.2,6,Syn
-0.18467852318232109,-0.30189971799322585,-0.13048114795765842,-0.13599423698661417,-0.2661648748415754,-0.2869177484320361,-0.1368167465003278,-0.024592422254921927,-0.16472998299883368,-0.22207159556905573,-0.14106699938728426,-0.21520082811598543,21.3,6,Syn
-0.1933265725074507,-0.3221978988896021,-0.13368031663630725,-0.13964683485621682,-0.3041069842922219,-0.3275030691754101,-0.27239336473216696,-0.18903464410036674,-0.1684355354175477,-0.22958301083434854,-0.1460443847156064,-0.23167207246883664,21.3,6,Syn
-0.1863845239373719,-0.2864035740868486,-0.13169097690669543,-0.13853064264160578,-0.18536905601139622,-0.20524189548375232,-0.014777734378916333,0.0863955273054339,-0.162171656924911,-0.22339492508957956,-0.1434037508151071,-0.21238866444598642,21.5,6,Syn
-0.1741498303708179,-0.27984373623547976,-0.12871990037198552,-0.13396453337457181,-0.13097308679898076,-0.17492920779160576,-0.09299501412805433,-0.09534899846386867,-0.1614026868478001,-0.22580992907232983,-0.1444606031585042,-0.2224095365926923,21.5,6,Syn
-0.19679355413667243,-0.34420150669244703,-0.13362623293207432,-0.13970474366112529,-0.28654801454645346,-0.18958034017614328,-0.29405353450885136,-0.26823136856485386,-0.16875829899925107,-0.23424217319435475,-0.14437078567889539,-0.2251765611989674,21.7,6,Syn
-0.18636997037642833,-0.302704967549831,-0.13228119472245495,-0.13947021300124593,-0.10801135713143743,0.19539079351411795,-0.04977495313846654,0.24661767502310855,-0.16280925656174963,-0.21425613303974764,-0.14278251324781274,-0.2196425119864172,21.8,6,Syn
-0.18741782676436475,-0.27937237064136944,-0.13246931195456957,-0.13888967723203838,-0.0182518684310408,0.14756410848873117,0.053511967555907994,0.24380429227126174,-0.15597799366759224,-0.20005278227788906,-0.1448857392286526,-0.21839667382763756,21.9,6,Syn
-0.18005857611390386,-0.2631004375280189,-0.13042353705532334,-0.1345407259834112,0.2594991075474779,0.4594479840768168,0.36136715836341265,0.6074340129474592,-0.15351366540869193,-0.20366080981087087,-0.1441956415936582,-0.2147945765424703,22.0,6,Syn
-0.1883007427949408,-0.30890800783343575,-0.13123479261881751,-0.1362635129294386,-0.11685223700343272,-0.09005368225359542,-0.020894726769554048,0.02351642280165817,-0.1605170688797578,-0.22158801563485994,-0.14116879253084094,-0.22003070793444277,22.1,6,Syn
-0.18502457452031243,-0.29626297109698974,-0.13329937924127522,-0.14241487573084236,-0.12618427686831665,-0.15034224999686469,-0.07474431551992212,-0.11138528014939537,-0.1606246567403256,-0.22180519225201376,-0.14376601464952932,-0.22113210108930592,22.3,6,Syn
-0.18720275747486545,-0.3141061228573747,-0.13147699355516507,-0.14040254476027253,-0.015918858464819823,0.03237589525857426,0.07406907313100196,0.1516660071482794,-0.16053065892530322,-0.22147508379393996,-0.14621503792686316,-0.22739740313418327,22.3,6,Syn
-0.17819248618847386,-0.3050159683098442,-0.13230000644566642,-0.14017814814125215,-0.15995152637940976,-0.17088751609931957,-0.09600337104148271,-0.10097576396756225,-0.16237550760809208,-0.22504257169171973,-0.14077060170457517,-0.2212810599995948,22.4,6,Syn
-0.17972222714987487,-0.28180775954427284,-0.12521856838925263,-0.12204979676465122,0.27877713726835657,0.5118215722560255,0.3620691083098793,0.6572308876551474,-0.1488069796347997,-0.18739862471839425,-0.14099215148761024,-0.20608725115012996,22.5,6,Syn
-0.19046437218855028,-0.26993523864261876,-0.13196727409136372,-0.13610281599581758,-0.2414840851989219,4.236172028460741e-05,-0.21212594789981837,0.0664205097673217,-0.16643553371478212,-0.21658426637563638,-0.14387828649904036,-0.21534075921352952,22.6,6,Syn
-0.19008597960401769,-0.29322200834054185,-0.13268799823690278,-0.13634024209594237,-0.018129078432818642,0.1830973146167474,0.012096920714377235,0.24900905036217832,-0.15899951379385416,-0.20532872623061205,-0.1446132928738392,-0.2224953008137677,22.6,6,Syn
-0.16392676233912953,-0.23621623180282325,-0.12975689661401724,-0.1388795431911794,0.23629179788349028,0.39124443676948706,0.3537459875160608,0.456074020898102,-0.1465691521349895,-0.18991497778914962,-0.14097418799168848,-0.2092830968617821,22.7,6,Syn
-0.19547079715313542,-0.33478728829896565,-0.13344046716536115,-0.14291723461342343,0.04228360069248251,0.5832247921530819,0.13092701879479843,0.9114200192845048,-0.16294855452859003,-0.211117206999818,-0.14512076163362903,-0.22786233549053947,22.7,6,Syn
-0.16988240288970027,-0.2361638578479221,-0.1318355920288835,-0.13827729162013117,-0.21176890562915995,-0.28540211404742877,-0.007557677786688211,-0.011510192458834357,-0.16018864277907718,-0.22428969275225322,-0.14321513410792855,-0.22076647467314234,22.8,6,Syn
-0.07734116003657432,0.07257078617780302,-0.07632925122807081,-0.024886060728828555,-0.04907215798480216,-0.003662522330977749,0.32586854678495775,0.5009474757900583,-0.15218637096042398,-0.20396196138665745,-0.13503425867355848,-0.1991358353366493,22.8,6,Syn
-0.19038351907219717,-0.31094077195803654,-0.1317250731550162,-0.1383047983024627,-0.13956838667453172,-0.14141684750973263,-0.0939977997658638,-0.09253561571202189,-0.16206067155295684,-0.22419123935247684,-0.146036899925639,-0.2191956352555506,22.8,6,Syn
-0.19648792935685766,-0.3373110582507647,-0.133697952626818,-0.14376994176570088,-0.24615010513136384,-0.2170301629195871,-0.2029003200319713,-0.15836877210523675,-0.16653632655257722,-0.2309121317313298,-0.14564619388934064,-0.22922553521500125,23.0,6,Syn
-0.18572152838327632,-0.2886687476363232,-0.1321894875717991,-0.1394412585987917,0.1838604686426293,0.39444410935921365,0.2797404074457225,0.46521751484160406,-0.15229848883617356,-0.19977190051970345,-0.14209391257081178,-0.21180637052394813,23.0,6,Syn
-0.18601745078912874,-0.31442691333114425,-0.130731579022911,-0.13895482463756043,0.11301063966844484,0.2794242999495687,0.14767353894621643,0.26940607531306754,-0.15661559330443087,-0.21151102059892357,-0.14384984429716421,-0.2209560587407827,23.1,6,Syn
-0.19030590008049816,-0.30420744538105765,-0.13215656705617904,-0.13832796182442608,0.024724630946714087,0.17535073887319882,0.024330905495652665,0.11284132517279372,-0.16073224460089341,-0.22100019092443032,-0.1462344983807784,-0.2249418380676031,23.2,6,Syn
-0.18802422513701314,-0.3010224542486316,-0.1304576333036441,-0.13468839343592787,-0.12876286683098193,-0.12289242725342085,-0.12388081177258574,-0.1554147202157976,-0.1628647492477267,-0.22775872725025662,-0.1451701612474139,-0.22805191955817983,23.2,6,Syn
-0.18649448417561212,-0.31703251758747636,-0.13284437068609803,-0.14132619019856285,0.020672561005382912,0.06353060205328044,0.08118885115944913,0.10833991276983886,-0.16033360326489485,-0.22360631033027592,-0.1448647818167439,-0.22663455295724938,23.2,6,Syn
-0.18942460111224918,-0.30337928221918325,-0.13059284256422646,-0.1366428156015892,0.03246040083470997,0.14335401297593303,0.036564890276928094,0.09483567556097428,-0.1574264660219734,-0.21531305924322947,-0.14600246989178897,-0.2231272477059023,23.2,6,Syn
-0.18395731338445126,-0.28584055407166126,-0.131696855570199,-0.13935294767130624,0.1563555090408662,0.32135685125703806,0.221077447633869,0.3917882250184029,-0.15060652816577053,-0.19299888575273358,-0.1434262051850093,-0.21278137430038435,23.3,6,Syn
-0.1939588438773321,-0.3253959835107535,-0.13154753751720805,-0.13739418234527678,-0.2378003852522572,-0.23723862138101812,-0.22205352571413203,-0.25796252152061305,-0.16732228418661985,-0.23874496839001022,-0.14606384516952164,-0.23140123808649324,23.3,6,Syn
-0.08563345564975021,0.01158131569541585,-0.08435715410856115,-0.042985457702975245,0.19147344853240306,0.233618460770325,0.19490474248704207,0.3152642141681702,-0.15197119523928837,-0.20062612854717507,-0.1408888613860601,-0.21553485718754228,23.8,6,Syn
-0.18455562644546433,-0.3061190947349496,-0.13158516096363096,-0.13862040128921393,-0.04649356802213687,-0.014103559202717117,-0.04044904670683855,-0.04892818305839665,-0.1613936268174365,-0.22722302492794388,-0.14419115071967775,-0.22585816106119827,23.9,6,Syn
-0.19071501684924494,-0.32147448363753,-0.13092557491852916,-0.13819187613289113,0.030250180866711142,0.02109283928427527,0.03867074011632796,0.08048742352655565,-0.16041061352298547,-0.22090752890111137,-0.1450249563220463,-0.22119529577851937,24.0,6,Syn
-0.19201836908485723,-0.3152059759102988,-0.12977923553533086,-0.13213751057970913,0.09434655993867701,0.3661522675132102,0.16983510154180553,0.45311996900866286,-0.15539588671673069,-0.19992247630759677,-0.1456776300072037,-0.22094703092803794,24.5,6,Syn
-0.1941173159853842,-0.32047610512222685,-0.13146993915896077,-0.13653857975275394,-0.14312929662297427,0.06908792813017398,-0.09710643524307312,0.1205781277403724,-0.1634026885505657,-0.21903401861713123,-0.14512674946560297,-0.22545190948768318,25.2,6,Syn
-0.18447477332911122,-0.3112059151047236,-0.13230823657457144,-0.13986544059474634,0.020672561005382912,0.021934858386834895,0.13313314719797922,0.1695309876225065,-0.15926225467439867,-0.22262467202074077,-0.14408187278615367,-0.21820708975999717,25.3,6,Syn
-0.1959866400354683,-0.3366825707919509,-0.13273973047573429,-0.14087450152027667,-0.2343622653020368,-0.1565731913558059,-0.22105074007632255,-0.07748401798964157,-0.16618638287978302,-0.2205774204430376,-0.14573750832694293,-0.22971755100959176,25.5,6,Syn
-0.1848240587917567,-0.31028937089395353,-0.13042706425342548,-0.1367977216547194,0.025952530928935652,0.11556738259146536,0.08650361503983928,0.08949024833246537,-0.15764730426208626,-0.21804369324290993,-0.1462344983807784,-0.22129460171871196,25.5,6,Syn
-0.18994206105690914,-0.3065118993967082,-0.1331030318802556,-0.14190383052752498,-0.30472093428333263,-0.2643516364834381,-0.26968584351008146,-0.24670899051322592,-0.16934040595011263,-0.2390432242775681,-0.14423755641747563,-0.2256279518362064,25.5,6,Syn
-0.18327006189544975,-0.2882890364632899,-0.13155341618071162,-0.1385465675629556,0.004341491241836054,0.07700290769423447,0.09322227881316267,0.16038749367900446,-0.1567175186460214,-0.21318762408335093,-0.14545458326617516,-0.22522170026269128,25.6,6,Syn
-0.17925004495037267,-0.26385331312972293,-0.1293406872379637,-0.13393847441236298,0.4176526252576159,0.7176110409215982,0.43828081678339836,0.7043550487485811,-0.1477378960518944,-0.18484462770066554,-0.14053857321558572,-0.20992858547303386,25.8,6,Syn
-0.19424668097154918,-0.30769358675416536,-0.1323258725650822,-0.13831348462319895,-0.16830124625851642,0.21543084815503705,-0.11996994778512884,0.34086599720997596,-0.16433926918940325,-0.202317210472746,-0.1458617558404018,-0.2212404348422433,25.8,6,Syn
-0.1963617984953468,-0.3399755832063606,-0.13329702777587377,-0.14009273265401212,-0.05312422792613334,0.27858228084700903,-0.010064641881211865,0.4082465141167066,-0.16042420356853088,-0.19751036801307523,-0.1462344983807784,-0.23288631328300957,25.8,6,Syn
-0.1904627551262232,-0.3056837362348338,-0.13287964266711952,-0.14153321417611067,-0.24762358511002974,-0.1538787302276151,-0.20520672699893308,-0.0997097417292312,-0.1667718873420309,-0.23215148629322083,-0.14464472899170228,-0.22855747707188753,25.9,6,Syn
-0.17232093287891034,-0.25761099237994234,-0.12978746566423585,-0.13561927747483174,0.6390429920521646,1.013328149740539,0.8460134571167253,1.2906640142334518,-0.13397004741060273,-0.15205964557512777,-0.13631565471597765,-0.19280733860255847,25.9,6,Syn
-0.18832499872984676,-0.30300284441833125,-0.1324293370427452,-0.13974817526480665,-0.02561926832437021,0.0399540671816109,0.04980166069601299,0.11284132517279372,-0.15828377139512945,-0.21618176571184466,-0.14448904536038032,-0.22438662758379913,25.9,6,Syn
-0.18931787499866304,-0.30262967998966056,-0.1329654711542718,-0.1415028120535337,-0.050545637963468046,0.07481365802757943,-0.05609250265666615,0.008605494216870185,-0.16166882523973097,-0.22157064150548764,-0.14535428708061196,-0.22542933995582123,26.0,6,Syn
-0.18518466369069161,-0.2949208885026478,-0.13166040785647679,-0.13966710293793477,-0.06540322774834902,0.015198705566357884,0.012397756405720073,0.03659865259774574,-0.15886248083460464,-0.2176556710202618,-0.14563272126739932,-0.22305502520394407,26.0,6,Syn
-0.19685500250510082,-0.3417464775564557,-0.13069160411108663,-0.13063043393196583,-0.26776114481846347,-0.2747926733551775,-0.26858277930849106,-0.3375812533978772,-0.1678477659477089,-0.23738399492251305,-0.145962052025965,-0.22881928364148615,26.1,6,Syn
-0.16329449096924814,-0.2151979090265562,-0.11914120605925049,-0.11993612538549155,-0.003148698649715512,0.0013895922843800098,0.16702730175593902,0.24380429227126174,-0.155766215457843,-0.21088844762974934,-0.1377212982718557,-0.2103709482975281,26.2,6,Syn
-0.19513929937608762,-0.31926823078731914,-0.13295371382726465,-0.1385552538836919,-0.24848311509758483,-0.2197246240477779,-0.24401453118215924,-0.25106973377858843,-0.16758276005957345,-0.2331157504733837,-0.14614917177515002,-0.23206026841686217,26.4,6,Syn
-0.17487750841799599,-0.290069750929929,-0.12938771654599235,-0.1336026033438938,-0.05852698784790824,0.12398757361706163,-0.021797233843582564,0.1217034808411111,-0.15976168884819233,-0.21212490650341165,-0.14083048002431436,-0.2180265335051016,26.5,6,Syn
-0.1939022466958849,-0.31787704761025737,-0.13226591019734565,-0.13605069807139994,-0.21090937564160483,-0.14360609717638767,-0.19557998487596223,-0.1724356858644707,-0.16692477535441674,-0.23422769475321115,-0.14618509876699357,-0.23139221027374846,26.8,6,Syn
-0.18455562644546433,-0.3066952082388622,-0.13108665029852729,-0.13802538831877925,0.07433179022846544,0.17669796943729424,0.21355655535029805,0.3149828758929855,-0.1542996230427346,-0.20789720168948433,-0.1413080096242346,-0.21870813336733247,27.0,6,Syn
-0.19006172366911175,-0.2986165256953601,-0.13111957081414732,-0.1365255502716495,0.014655851092497226,0.07565567713013906,0.11337827013313284,0.19879016824171314,-0.15614447172552345,-0.20878617797570057,-0.1462344983807784,-0.22842657378708822,27.1,6,Syn
-0.17408676494006248,-0.26032461791825806,-0.11704252318847204,-0.10721500866722032,-0.17198494620518112,-0.2424591398168878,0.06464288813559302,0.11424801654871712,-0.15803915057531212,-0.2180900242545694,-0.13974967635302157,-0.20949525046128442,27.2,6,Syn
-0.18684053551360347,-0.3034251094297218,-0.1309432109090399,-0.13645605970575933,-0.1291312368256484,-0.14865821179174543,0.16592423755434862,0.29557053490524265,-0.15581944313622917,-0.21125620003479645,-0.14422108987954735,-0.21349457150722198,27.2,6,Syn
-0.1836193473580952,-0.3147215168274632,-0.12896562850643523,-0.1356134865943409,-0.19285924590294778,-0.2596363295091042,-0.1481482242075747,-0.2465683213756336,-0.16437777431844855,-0.23519195893337402,-0.1442165990055669,-0.2265217052979396,27.4,6,Syn
-0.1808088930336608,-0.28302872736790585,-0.13316769717879498,-0.1406761638634651,0.31794714670122454,0.4596163878973287,0.4560301225726258,0.6734078384782665,-0.14617051079899093,-0.19033485258231364,-0.14435731305695407,-0.215936594854685,27.5,6,Syn
-0.19589446748282577,-0.3307021198166761,-0.13262098147296195,-0.1378893026272443,-0.22318837546382053,-0.14545853920201884,-0.19437664211059089,-0.1589314486556061,-0.16688400521778052,-0.2340510577712594,-0.14572702962098857,-0.22973560663508133,27.6,6,Syn
-0.1880856735054415,-0.30653808637415875,-0.13230000644566642,-0.1391560577346174,0.026689270918268594,0.04079608628417053,0.13904958246105506,0.24099090951941496,-0.15425885290609836,-0.2047032575732091,-0.14588271325231053,-0.2223147445588721,27.6,6,Syn
-0.18477069573496363,-0.28505821812032534,-0.13059284256422646,-0.13662689068023937,-0.07989244753856352,-0.07759179953571295,-0.045262417768323966,-0.05582097080042128,-0.15909804162405836,-0.21810160700748427,-0.14502196240605933,-0.22237342534171317,27.7,6,Syn
-0.18690683506901304,-0.29563448363817596,-0.12990856613240964,-0.13628088557091117,-0.17468632616606858,-0.22713439215030262,-0.012571605975735518,0.0014313681996608733,-0.1604785637507125,-0.22312273039608013,-0.1446357472437414,-0.21962897026730005,27.7,6,Syn
-0.18884245867450672,-0.28563105825205665,-0.13222946248362344,-0.14026211590836946,-0.18843880596695015,-0.24549040858610247,-0.15015379548319363,-0.18903464410036674,-0.1645374573536071,-0.2317982123293173,-0.14597851856389327,-0.22823247581307543,27.7,6,Syn
-0.18172738443543224,-0.28379796983051647,-0.13131356670976552,-0.13957589657020392,0.19491156848262342,0.3075477379750602,0.30631422684767323,0.4526979615958858,-0.1517345019460392,-0.1999456418134265,-0.14312381967032625,-0.22346579068383157,27.8,6,Syn
-0.1890882521482202,-0.3076281193105389,-0.1312547800747297,-0.13769096497043276,-0.030776448249700796,0.11405174820685803,0.05672088159689827,0.2450703145095928,-0.1589225035357635,-0.21082763817694627,-0.14209091865482482,-0.2127181796111709,27.8,6,Syn
-0.1940493993676476,-0.32289512716422364,-0.13333935415309955,-0.13947600388173678,-0.3096325342122189,-0.3020740922781094,-0.27600339302828103,-0.26921605252800024,-0.16949329396249846,-0.2372073579405613,-0.14561625472947104,-0.23089116666641316,27.8,6,Syn
-0.19105136581327392,-0.2852120666128475,-0.13293372637135245,-0.14081659271536817,-0.19015786594206036,-0.12760773422775476,-0.15566911649114568,-0.09661502070219972,-0.16388853267881395,-0.2237163464829672,-0.1456417030153602,-0.22894115911354068,27.8,6,Syn
-0.1940493993676476,-0.30348730350116687,-0.13357332496054208,-0.14267546535293052,-0.29391541443978286,-0.2165249514580513,-0.2699866792014243,-0.18833129841240506,-0.16814674694970783,-0.22997103305699665,-0.1453003965928467,-0.2287425472331555,27.8,6,Syn
-0.18710088254826052,-0.30692761766373605,-0.12948882955825394,-0.13622876764649353,0.05971978044002878,0.13745987925801564,0.1400523680988645,0.23803685762997584,-0.15650347542868126,-0.21158630849287025,-0.14387080170907296,-0.22300537223384778,27.9,6,Syn
-0.17255217279168028,-0.29372283428428403,-0.12742541866849696,-0.136498043589318,-0.10027558724344156,-0.08129668358697531,0.031651240651661736,0.02548579072795092,-0.1581150283296073,-0.21993168196803362,-0.14246216423720795,-0.2202383476275727,28.0,6,Syn
-0.18498738208679,-0.30872797236346305,-0.130739809151816,-0.13864501253130004,-0.04317823807013863,0.015030301745845959,-0.024905869320791894,-0.06608981784466207,-0.1607299795933025,-0.22550877749654322,-0.14357290706837036,-0.22650816357882245,28.1,6,Syn
-0.18372930759633546,-0.2718632548574173,-0.13114896413166524,-0.1366819040449024,0.3928490456167402,0.7229999631779798,0.45913875804983517,0.8011354154121106,-0.1490583954773897,-0.1865212311850929,-0.14375852985956192,-0.21688000128651452,28.1,6,Syn
-0.18450711457565247,-0.31385407319941294,-0.1312559558074304,-0.13924726410234828,-0.00818308857682394,4.236172028460741e-05,0.096330914290372,0.13619240201312208,-0.15733360071074648,-0.21619334846475952,-0.14460281416788484,-0.22328072052256356,28.1,6,Syn
0.6239043863433357,1.8361131423536305,0.4369674283198133,0.9580102190237301,0.7561846503561022,1.0737851213043201,1.2212558427850257,1.6811615401897861,-0.11900514225751986,-0.12995106594887082,-0.12674260834767084,-0.16738953181963023,28.2,6,Syn
-0.19035117782565592,-0.3150390339290514,-0.13145230316845002,-0.13905182188578213,0.18717579859462755,0.3897288023848797,0.17033649436071024,0.31188815486595406,-0.1551093632564817,-0.20409516304517847,-0.14469412860548714,-0.22184529829614355,28.3,6,Syn
-0.18267174883443665,-0.2758829558960804,-0.1317344790166219,-0.1399190062392867,0.18496557862662874,0.3624473834619478,0.26660391559041857,0.42597082545334136,-0.15160652901715332,-0.19752195076599008,-0.14098316973964936,-0.20649801663001743,28.6,6,Syn
-0.1878544335926716,-0.29207632807707923,-0.13127829472874403,-0.13597686434514164,-0.1552855064469678,-0.14006961694563724,0.024130348368090773,0.13534838718756803,-0.1585272597111513,-0.21441539589232708,-0.14378846901943154,-0.2175119481786491,28.9,6,Syn
-0.18560833402038196,-0.2638205794079097,-0.13136765041399845,-0.13723348541165573,0.297932376991013,0.5192313403585502,0.33920559576782355,0.5293626415837108,-0.15305613387532996,-0.20404014496883283,-0.1458557680084279,-0.2242241269543931,29.0,6,Syn
-0.18747280688348486,-0.29219089610342547,-0.13255396470902112,-0.1405675848542617,0.024724630946714087,0.15682631861688706,0.03967352575413743,0.11720206843815624,-0.1609134452081655,-0.22476168993353415,-0.14602791817767813,-0.22949185569097225,29.0,6,Syn
-0.18750029694304493,-0.2995952639775753,-0.13251163833179533,-0.14042281284199049,-0.08640031744433783,-0.04828953476663795,-0.0766496082317601,-0.09070691692332147,-0.1608262424159158,-0.2234991698658134,-0.14552044941788828,-0.22876963067138986,29.0,6,Syn
-0.18325389127217911,-0.2974479318266282,-0.1315510647153102,-0.13860302864774138,0.029267860880933888,0.129881707334979,0.17254262276389107,0.30598005108707577,-0.15541174176986697,-0.20620032838745597,-0.1394652543342603,-0.22022029200208312,29.1,6,Syn
-0.18845921490299292,-0.3046657174864427,-0.13080682591575682,-0.13678324445349227,0.04584451064092506,0.07902375354037756,0.06905514494195465,0.07486065802286207,-0.15506746061605003,-0.20977360766169317,-0.1423274380177947,-0.2216512003221308,29.4,6,Syn
0.004124822938501407,0.2664722607105792,-0.10354040885344698,-0.08635046625869351,0.2817240972256883,0.43115614223081333,0.790860247037205,1.057293914967761,-0.13125317080531698,-0.1593133445880647,-0.12829495378690997,-0.17666560941489173,29.5,6,Syn
-0.18231922924713706,-0.28806317378277874,-0.13096202263225137,-0.13699750703165367,-0.017146758447041388,0.05376318046358877,0.08519999371068698,0.12648623151925065,-0.15584662322731996,-0.20972727665003368,-0.14170620045050036,-0.21683937612916301,29.6,6,Syn
-0.19465256361564184,-0.3145709417071224,-0.1327479606046393,-0.14003482384910365,-0.18647416599539565,0.06353060205328044,-0.15586967361870757,0.1609501702293738,-0.1648047282493334,-0.21425034166329018,-0.14424354424944955,-0.22002168012169798,29.8,6,Syn
-0.17713007623959387,-0.310151889262338,-0.12789218455068133,-0.13803697007976096,-0.1356391067314227,-0.1809917453300351,0.045890796708556086,0.06796787028083744,-0.15963258341551098,-0.2221121352042578,-0.14029307210465494,-0.2150744387375585,30.0,6,Syn
-0.19428549046739868,-0.3301652867789393,-0.13334523281660313,-0.14242500977170133,-0.20206849576960956,0.029007818848335757,-0.19688360620511455,-0.0622917511296689,-0.16612522767482868,-0.22567383172558012,-0.1447195768913763,-0.22582656371659154,30.1,6,Syn
-0.19500184907828733,-0.3321915041591775,-0.13234821148639578,-0.1353500015320073,-0.23927386523092306,-0.24818486971429327,-0.210922605134447,-0.20310155785960068,-0.16723281638677925,-0.2364052523012066,-0.1462344983807784,-0.23288631328300957,30.2,6,Syn
-0.1934300644963827,-0.3228656668145917,-0.1324434458351538,-0.1393486045109381,-0.2540086650175819,-0.24801646589378135,-0.23819837448286435,-0.25683716841987436,-0.16728151404998365,-0.23743032593417254,-0.145239021315114,-0.22972206491596414,30.4,6,Syn
-0.17652044374229137,-0.262226447155606,-0.1285940969730089,-0.13250812693112343,0.2197151481234991,0.3809718037182596,0.2313058611395255,0.32750242913870375,-0.15134039062522245,-0.19899006469794978,-0.14542314714831206,-0.21726368332816767,30.5,6,Syn
-0.18713969204411002,-0.308279520374622,-0.13105725698100937,-0.13546437142170153,0.10552044977689327,0.20111652341152342,0.14817493176512117,0.2383181959051605,-0.15524979372711756,-0.2061684758169401,-0.14482586090891342,-0.2263817742003955,30.5,6,Syn
-0.19252127546857362,-0.3151143214892218,-0.13359919107995785,-0.14247857541624168,-0.1706342562247374,-0.11750350499703925,-0.1466440457508605,-0.0983030503533078,-0.16533927004078602,-0.23136096340678097,-0.1440803758281602,-0.2262508709155962,30.6,6,Syn
-0.18138295015976794,-0.2670186640290611,-0.13202488499369883,-0.13962656677449883,0.1475146291688709,0.4636580795896149,0.0948267358336578,0.31216949314113873,-0.15745591112065513,-0.20525922971312283,-0.14456988109202826,-0.22035570919325484,30.7,6,Syn
-0.18460575537760326,-0.2740891479407161,-0.1297898171296373,-0.13678324445349227,0.08562847006490387,0.3107474105647868,0.18778496445859488,0.4193593759865014,-0.15425658789850746,-0.20076222589392478,-0.1414532145496022,-0.2174622952085528,30.8,6,Syn
-0.1746915462503838,-0.30348403012898556,-0.129165503065557,-0.13889981127289736,0.12013245956532993,0.18680219866800976,0.2533671451713337,0.28333231993470914,-0.15314220416378418,-0.2118642945628271,-0.14111490204307564,-0.21492547982726962,30.8,6,Syn
-0.19569233469194297,-0.33086578842574216,-0.13368854676521227,-0.1408643674794177,-0.27169042476157246,-0.13872238638154183,-0.2567499087823394,-0.20830631595051724,-0.16869261377911496,-0.23189377004086498,-0.1442240837955343,-0.2239578064784221,30.9,6,Syn
-0.191078855872834,-0.30133669797803847,-0.13146993915896077,-0.1379834044352206,-0.1965429458496125,-0.163140940355771,-0.1917693994522863,-0.14430185834600281,-0.16592477450303394,-0.2292268411822163,-0.14485879398476997,-0.226792539680283,30.9,6,Syn
-0.18919012707482513,-0.3055593480919436,-0.13308069295894198,-0.1393949315548649,-0.2665332448362419,-0.21517772089395593,-0.24451592400106395,-0.1789064661937183,-0.1670652058250526,-0.2297596478163003,-0.14590965849619317,-0.23181200356638074,30.9,6,Syn
-0.19306460841046658,-0.31740240864396574,-0.13191671758523293,-0.13808184940356502,0.04989658058225623,0.3088949685391556,0.083294700998849,0.37279789144343706,-0.15650574043627216,-0.19589746966967966,-0.14286035506347372,-0.2173313919237535,31.0,6,Syn
-0.17746319107896874,-0.2931761811300033,-0.12912552815373263,-0.13628957189164745,0.007411241197389974,0.05831008361741076,0.053511967555907994,0.05952772202529707,-0.1561614592824552,-0.21506113436733104,-0.1401957698350787,-0.21418519918219767,31.3,6,Syn
-0.19183564104189918,-0.31178530198081755,-0.132558667639824,-0.13976410018615648,-0.07387573762567784,-0.029596710689814242,0.01299942778840575,0.06473248011621363,-0.15989419179226005,-0.22018360684393204,-0.14395014048272742,-0.22368697209607868,31.3,6,Syn
-0.18918527588784392,-0.31244324978926324,-0.13140409812772066,-0.13746801607153508,-0.211032165639827,-0.2192194125862421,0.003773799920558704,0.1598248171286351,-0.16239249516502385,-0.2177425416671233,-0.1390011973562814,-0.21147234145239124,31.8,6,Syn
-0.1727575397072172,-0.24125722496205876,-0.10383316629592532,-0.08675438017293019,-0.06270184778746157,-0.026228634279575738,-0.037741525484753,-0.07467063523779477,-0.15747289867758688,-0.2192772564283435,-0.1396403984194975,-0.21559353797038336,31.9,6,Syn
-0.16833810836735572,-0.2881220944820425,-0.12921958676978992,-0.1369801343901811,0.22425837805771892,0.34998550074406537,0.37440337165493565,0.5015101523404276,-0.14971411517495553,-0.1976725265538834,-0.14281095544968886,-0.21789111631392988,32.0,6,Syn
-0.18218339601166383,-0.2993235740865256,-0.13105490551560794,-0.1384264067927705,0.14076117926665227,0.26915166689834125,0.18597995031053785,0.2625132875710429,-0.15563371251377528,-0.20869351595238161,-0.14382738992726202,-0.21908730150261324,32.0,6,Syn
-0.19318103689801508,-0.3057557504228229,-0.13303248791821262,-0.14049230340788066,-0.2357129552824805,-0.19951616558634686,-0.22756884672208405,-0.22279523712252822,-0.1669462929265303,-0.23357906058997846,-0.14574199920092337,-0.23057970712671824,32.1,6,Syn
-0.15866484152686855,-0.2437875416582205,-0.13025188008101876,-0.13610860687630844,0.48948477421757763,0.7263680395882183,0.6470607865753283,0.9268936244196622,-0.13817390149931497,-0.1710958999907156,-0.13744585800105533,-0.20270633527720983,32.2,6,Syn
-0.17553241866045624,-0.2761480990427675,-0.13038708934160112,-0.13592908958109212,-0.16424917631718525,-0.19092757074023867,0.001868507208720727,-0.0034920516160710075,-0.16004141728566862,-0.22563329209037808,-0.14237833458957305,-0.2141671435567081,32.2,6,Syn
-0.18015721691585465,-0.31709143828674013,-0.12907497164760184,-0.13525010884354016,0.6594261317570426,0.9665118876382238,0.761278070721826,1.1221423873978293,-0.1421150147074827,-0.17851754892091815,-0.14126908871640412,-0.21414006011847375,32.6,6,Syn
-0.19433723646186468,-0.32617831946208936,-0.1325962910862469,-0.13976844334652463,-0.22797718539448464,-0.1863806675864167,-0.21754099034398944,-0.1845332316974119,-0.16686928266843964,-0.23115826523077077,-0.1454051836523903,-0.2293428967806834,32.6,6,Syn
-0.18757144768543568,-0.2959258137623136,-0.1329372535694546,-0.1420124095367284,0.018830711032050557,0.05881529507894653,0.07226405898294493,0.07443865061008505,-0.15799724793488046,-0.2179568225960484,-0.14350255004267679,-0.22255849550298118,32.9,6,Syn
-0.17977073901968674,-0.2843577164735225,-0.1299990975503648,-0.13680930341570108,0.12406173950843895,0.25584776507789914,0.19420279254057543,0.23845886504275285,-0.15700517461006583,-0.2141837408340297,-0.14372110590972492,-0.22356058271765175,33.1,6,Syn
-0.182110628206946,-0.28469814718037995,-0.13164394759866677,-0.1390503741656594,-0.03126760824258942,-0.01359834774118134,0.014603884808900888,-0.001100676277001237,-0.15884662578146833,-0.22283895294966583,-0.14314028620825453,-0.2213577964079254,33.1,6,Syn
-0.18163197775813555,-0.31549730603443643,-0.13176504806684053,-0.14025487730775588,0.13941048928620856,0.19471717823207024,0.2486540526736292,0.318499604332794,-0.1482690403319607,-0.19733662671935218,-0.13745334279102273,-0.21459596466208516,33.1,6,Syn
-0.188876416983375,-0.309683797040409,-0.12740190401448265,-0.13151064776657478,0.12185151954044013,0.4306509307692776,0.2004200634949941,0.4909599670210022,-0.15397572695723574,-0.2004813441357392,-0.1408738918061253,-0.21859077180165035,33.2,6,Syn
-0.19583625323905152,-0.3277462647369425,-0.13268917396960347,-0.137614235803929,-0.2369408552647021,0.14284880151439724,-0.22205352571413203,0.11635805361260221,-0.16758615757095982,-0.2229837373611017,-0.1462344983807784,-0.23043977602917418,33.2,6,Syn
-0.1801119391706969,-0.3089669285326995,-0.12828017634191766,-0.1311617472170012,0.16310895894308483,0.3164731404621922,0.18668190025700448,0.27629886305509216,-0.15428490049339375,-0.20811727399486685,-0.14199810725922904,-0.22570920215090942,33.3,6,Syn
-0.1898579738159019,-0.2848421755563581,-0.13238701066551942,-0.14026501134861488,0.21443517819994637,0.6846038921012609,0.23601895363723,0.7157492488935606,-0.15504820805152736,-0.19141783997985393,-0.14315375883019588,-0.21861785523988467,33.3,6,Syn
-0.18681951370335168,-0.3088458137619906,-0.1328126259031787,-0.14040544020051796,-0.14128744664964193,0.33011384992365816,-0.17883346472454423,0.29008443853914145,-0.16624074306196462,-0.21275906222550076,-0.14579888360467563,-0.22619219013275516,33.3,6,Syn
-0.18352070655614441,-0.28263592270614724,-0.13118423611268673,-0.1387130553770675,-0.07313899763634489,-0.052499630279436084,0.001868507208720727,0.01268489920704803,-0.15961446335478377,-0.22303875543744733,-0.14203403425107256,-0.2139865873018125,33.3,6,Syn
-0.19208305157793973,-0.3089374681830676,-0.13326058006215158,-0.14252200701992304,-0.020093718404373153,0.10512634571972598,0.058726452872517196,0.18289455569377877,-0.16025999051819056,-0.21694912309245476,-0.1462344983807784,-0.22595746700139085,33.3,6,Syn
-0.19309533259468079,-0.32242703494229463,-0.13080094725225325,-0.13358523070242123,-0.1550399264505235,0.10950484505303605,-0.08326799344130255,0.2125757437257624,-0.16316939276870288,-0.21003711529050645,-0.14285586418949328,-0.22347481849657636,33.5,6,Syn
-0.1719279867334342,-0.2741840757339744,-0.13040707679751332,-0.13790233210834874,0.20755893829950559,0.2676360325137339,0.317946540246263,0.4308942452690732,-0.14768013835832644,-0.1911108970276099,-0.14265826573435386,-0.21305672258910016,33.6,6,Syn
-0.18961379740451548,-0.2990486108232946,-0.13291373891544028,-0.14027514538947386,0.2015422283866199,0.44243919820511235,0.21666519082750738,0.448196549192931,-0.14832113550655143,-0.18126266136174218,-0.14577044140279952,-0.2175616011487454,33.8,6,Syn
0.07620052498032588,0.5350524481880302,-0.08864857846617535,-0.05606271357143365,0.5975399726530756,0.878099881869463,0.615974431803235,0.8671092409429179,-0.13861671048333613,-0.17258428374027632,-0.13380525616091113,-0.20431328594578066,33.8,6,Syn
-0.185713443071641,-0.30244964451968787,-0.13129240352115262,-0.13873187573866275,-0.1680556662620721,0.06689867846351895,-0.1351120109160517,0.06205976650195918,-0.16473791052540182,-0.2248196036981085,-0.14356841619438993,-0.22624635700922383,34.2,6,Syn
-0.19418846672777496,-0.32056121279894123,-0.13297605274857824,-0.14130157895647674,-0.24615010513136384,-0.05401526466404341,-0.23498946044187408,-0.06623048698225441,-0.16751933984702824,-0.22911970071775375,-0.1462344983807784,-0.23229950545459885,34.2,6,Syn
-0.19570850531521358,-0.32804741497762413,-0.13251751699529893,-0.13875938242099428,-0.07117435766479038,0.20751586859097657,-0.10312314906992989,0.08020608525137096,-0.16371752460570094,-0.21823770435423398,-0.14563721214137976,-0.2268512204631241,34.4,6,Syn
-0.18728199352889152,-0.28590602151528766,-0.1297615995448201,-0.13420051175457387,-0.02868901827992413,0.04803745056618332,0.02784065522798578,0.11129396465927799,-0.15926225467439867,-0.21410555725185432,-0.14432587693909096,-0.21836056257665845,34.4,6,Syn
-0.15363901181435866,-0.16533135721630038,-0.12924074995840282,-0.13642131442281424,0.6367099820859436,0.9053813007923949,0.7660914417833113,1.1366313085698403,-0.1330006241616971,-0.15254901688578099,-0.14245318248924707,-0.1948837355338579,34.5,6,Syn
-0.18240169942581724,-0.29414509929567456,-0.13156752497312021,-0.13934426135057,0.3803244657980802,0.6005703856658102,0.45001340874576906,0.6393659071809203,-0.14467334078140537,-0.18195473084840563,-0.14398457051657745,-0.21270915179842612,34.6,6,Syn
-0.1921994800654882,-0.3149375593914304,-0.13192494771413796,-0.1407934291934048,-0.19813921582650054,-0.2576154836629611,-0.197886391842924,-0.2981938948720222,-0.16574810391094366,-0.23634444284840353,-0.14614917177515002,-0.2306022766585802,34.7,6,Syn
-0.19572629300081126,-0.329022879887658,-0.1336462203879865,-0.14030120435168267,-0.27746155467801387,-0.2857389216884526,-0.28492818520478524,-0.3457400633782329,-0.16878661159413735,-0.23954128265290747,-0.14329297592358953,-0.2188345227457594,35.1,6,Syn
-0.1817888328038606,-0.26892704001077167,-0.1299367837172268,-0.1369178824249045,0.326910816571442,0.5832247921530819,0.3549493302814321,0.563826580293834,-0.15161898655890327,-0.19846304944032322,-0.1446896377315067,-0.22212064658485933,35.1,6,Syn
-0.10968078951549488,-0.051931924738770396,-0.06974397237135926,-0.020990245878610293,-0.022672308367038447,-0.03144915271544542,0.5089772042489654,0.6597629321318095,-0.14802328700834794,-0.19424692737931076,-0.14027510860873316,-0.19844069375530124,35.1,6,Syn
-0.1873854855178235,-0.2847308809021932,-0.13261863000756052,-0.1407224909073919,-0.12434242689498429,-0.11868233174062272,0.09953982833136228,0.2253766352466653,-0.15124186279501825,-0.19402106369747082,-0.136326133421932,-0.1830663286509408,35.3,6,Syn
-0.16241804318798034,-0.2605242936213187,-0.12932892991095654,-0.13771557621251887,-0.121763836932319,-0.09426377776639355,-0.027212276287753655,-0.0990063960412695,-0.1598058564962149,-0.22439104184025832,-0.1422525901181207,-0.2203195979422757,35.5,6,Syn
-0.16564084840581567,-0.24142089357112487,-0.1268704728337589,-0.13204196105161015,0.15586434904797758,0.24203865179592124,0.27312202223618004,0.36787447162770515,-0.14983982309625055,-0.1984949020108391,-0.14227953536200336,-0.21116088191269636,35.5,6,Syn
-0.18810507825336625,-0.3113695837137897,-0.13129945791735692,-0.13807171536270604,-0.011252838532377862,0.14419603207849266,0.03195207634300457,0.17192236296157629,-0.16059634414543936,-0.21743559871487927,-0.14265826573435386,-0.21918660744280583,35.6,6,Syn
-0.19304843778719596,-0.3145742150793037,-0.13312772226697064,-0.14159401842126457,-0.14128744664964193,-0.0972950465356082,-0.08417050051533106,-0.03204788654731592,-0.16374470469679173,-0.22689291646987012,-0.14559978819154273,-0.22741545875967284,35.7,6,Syn
-0.18163197775813555,-0.3114415979017788,-0.1302836248639381,-0.1351835137178954,0.1418662892506517,0.2297451728985507,0.3106262050902539,0.3898188570921101,-0.1537548887171229,-0.2071240529324168,-0.14288580334936288,-0.21513763342677197,35.7,6,Syn
-0.18011032210836986,-0.26542125840457603,-0.12803915113827083,-0.13237204123958848,0.09103122998667877,0.17922402674497312,0.13904958246105506,0.1990715065168978,-0.15659294322852185,-0.21371463934097748,-0.14296514212301734,-0.2188751479031109,35.9,6,Syn
-0.18968333108457916,-0.29534970025840096,-0.1315592948442152,-0.13640973266183254,-0.2306785653553721,-0.24481679330405476,-0.1306997541096901,-0.12277948029437487,-0.16350461389215623,-0.2267220708643758,-0.14460131720989136,-0.22068522435843932,36.1,6,Syn
-0.09062370999106471,-0.01788885405302402,0.002046266334373078,0.10722419134914152,0.07040251028535642,0.07447685038655559,0.06935598063329748,0.06923389251916849,-0.15690211676467983,-0.21782941231398484,-0.14111190812708868,-0.21705604363503772,36.3,6,Syn
-0.012293210868162954,0.2525898892895936,-0.03156087718289933,0.024319050801910335,0.3398037663847685,0.38585551451310546,0.26850920830225655,0.33383254033035903,-0.14710369392644213,-0.19696308293784764,-0.1348501328403604,-0.20936886108285752,36.4,6,Syn
-0.1880048203890884,-0.28908773927553244,-0.13226120726654278,-0.14015353689916604,0.06635044034402525,0.1165778055145369,0.1380467968232456,0.187958644647103,-0.15625885460886396,-0.21065679257145195,-0.14415222981184725,-0.22445433617938498,36.6,6,Syn
-0.18333959557551344,-0.2925247800659203,-0.1324152282503366,-0.14039675387978168,0.26060421753147733,0.4560799076665783,0.27964012888194156,0.42006272167446307,-0.1508126438565425,-0.20045238725345205,-0.1440279822983884,-0.21696576550758992,36.9,6,Syn
-0.18853521683236485,-0.32862025510935544,-0.13027774620043453,-0.138866513710075,0.5204278537695611,0.7944031830750361,0.42825296040530375,0.5673433087336425,-0.14958953975745598,-0.20365212274618472,-0.14288280943337592,-0.21989529074327105,37.5,6,Syn
-0.16175504763388476,-0.23734227183319795,-0.12617443907493492,-0.12982115838336977,0.23837922785326696,0.32472492766727656,0.4012780267482292,0.5423042022422061,-0.14395986339027156,-0.18511392670593627,-0.13707760633465915,-0.20808691167309873,37.6,6,Syn
-0.19200219846158662,-0.2912743518926554,-0.13289492719222884,-0.13920672793891234,-0.1775104961251782,-0.10015791148431094,-0.12729028294113792,-0.0469588151321039,-0.16477528315065168,-0.22746047136269873,-0.14576145965483864,-0.23075123556886906,37.6,6,Syn
-0.19309533259468079,-0.29302887938184385,-0.13294783516376105,-0.14039675387978168,-0.31184275418021773,-0.31352555207292027,-0.2986663484427749,-0.3499601375060031,-0.16928944327931736,-0.23923723538889216,-0.14485879398476997,-0.22618316232001037,37.6,6,Syn
-0.18984342025495832,-0.2908258999038143,-0.13299251300638829,-0.14118431362653705,-0.1840183660309525,-0.1619621136121875,-0.1537638237793077,-0.1624481770954146,-0.16543213535201298,-0.23405684914771682,-0.1461686322290653,-0.23002901054928668,37.6,6,Syn
-0.18813256831292632,-0.3026820539445617,-0.13255396470902112,-0.1410091394916889,0.06254395039913839,0.19875886992435646,0.13744512544055992,0.24127224779459963,-0.15719543524770152,-0.21190772988625786,-0.1462344983807784,-0.22841303206797103,37.6,6,Syn
-0.1924145493549875,-0.31157253278903163,-0.13040119813400972,-0.13466667763408718,0.20019153840617618,0.8681640564592594,0.19570697099728962,0.7935392819821243,-0.15753858389772302,-0.19714261560802812,-0.14415073285385377,-0.22055883498001239,37.8,6,Syn
-0.188150355998524,-0.31179839546954286,-0.13283849202259446,-0.14164324090543678,-0.21066379564516052,0.2610682835137688,-0.19347413503656238,0.21173172890020836,-0.16756463999884627,-0.2228997624024689,-0.1459141493701736,-0.23151408574580298,37.8,6,Syn
-0.17942145355704128,-0.30311086570031487,-0.1312183323610075,-0.140183939021743,-0.16314406633318584,-0.010567078971966687,-0.1157582481063291,0.009168170767239543,-0.16387381012947308,-0.22446343404597627,-0.14275257408794315,-0.22196265986182567,37.9,6,Syn
-0.1949258471489154,-0.323071889262015,-0.13321472648682364,-0.14190383052752498,-0.273655064733127,-0.14158525133024455,-0.24692260953180667,-0.12024743581771276,-0.16795308880068577,-0.22973648231047056,-0.14597402768991283,-0.23032241446349203,37.9,6,Syn
-0.18471248149118938,-0.29515329792752165,-0.1294782479639475,-0.1351227094727415,0.2101375282621709,0.40741120353863186,0.263896394368333,0.4065584844655985,-0.15253857964080908,-0.2026675887484208,-0.14287382768541504,-0.21776472693550294,37.9,6,Syn
-0.1891399981426862,-0.30035468632364193,-0.13153342872479945,-0.1381745034914186,0.2623232775065875,0.5359033185892309,0.2373225749663823,0.4692969198317819,-0.1535034728745329,-0.19683567265578408,-0.14522554869317267,-0.22346127677745917,38.0,6,Syn
-0.18819725080600883,-0.313255046090231,-0.12974513928701006,-0.13379949328058263,-0.160933846365187,-0.20406306874016886,-0.0016412425236123883,-0.029797180345838486,-0.15910030663164926,-0.21800025791947916,-0.14086491005816443,-0.20575773598494548,38.0,6,Syn
-0.1849744455881735,-0.30235471672642955,-0.13120775076670105,-0.13887664775093397,0.06708718033335818,0.14554326264258804,0.15208579575257805,0.2945858509420963,-0.1563449248973182,-0.21085369937100473,-0.14311483792236537,-0.21827028444921065,38.0,6,Syn
-0.19304843778719596,-0.3301227329405821,-0.1329654711542718,-0.14005653965094433,-0.059263727837241174,0.10714719156586909,-0.03573595420913408,0.1333790192612753,-0.15997120205035067,-0.2122812736677624,-0.1412166951866323,-0.21596819219929173,38.2,6,Syn
-0.1964943976061659,-0.3406629913644382,-0.13351924125630915,-0.1419660824928016,-0.3000549143508907,-0.22679758450927875,-0.28272205680160445,-0.21927850868271972,-0.16936079101843074,-0.2379370713741981,-0.1462344983807784,-0.23285922984477522,38.2,6,Syn
-0.1860142166644746,-0.31124519557089947,-0.13155341618071162,-0.1401593277796569,0.03909106073870643,0.06420421733532815,0.05230862479053664,0.08090943093933267,-0.15781604732760837,-0.22083803238362215,-0.14503393807000717,-0.220369250912372,38.3,6,Syn
-0.16827665999892735,-0.2612869893395667,-0.12874811795680272,-0.13667756088453428,0.35048649623009615,0.4678681751024131,0.4096011475420478,0.517827772301139,-0.14729055705269148,-0.19477973401339477,-0.1400610436156655,-0.21763833755707604,38.3,6,Syn
-0.18192951722631504,-0.3013857985607583,-0.12999557035226264,-0.13495043077813876,0.13744584931465403,0.27403537769318703,0.10525570646687621,0.18247254828100176,-0.15832454153176564,-0.21840565427149958,-0.14390672870091648,-0.22826407315768216,38.4,6,Syn
-0.1815478905171283,-0.30404377677199157,-0.12808147751549662,-0.1352081249599815,-0.09499561731988881,-0.10807289104837144,0.024531462623214557,0.03209724019479088,-0.15993496192889625,-0.22328778462511703,-0.13861647915195693,-0.21316505634203753,38.4,6,Syn
-0.1481571705256172,-0.22704424295075964,-0.12505279007845163,-0.12768577120236943,0.4714346444789206,0.6763521048961766,0.5824813915003989,0.7843957880386223,-0.14165408566273435,-0.18190550414851744,-0.1372557443358833,-0.21042511517399676,38.4,6,Syn
-0.19455877400067223,-0.31161835999957016,-0.13328879764696877,-0.14212533170629993,-0.15577666643985644,0.05106871933539797,-0.119669112093786,0.09413232987301258,-0.16488400351501495,-0.2202096680379905,-0.14596654289994543,-0.23161339168599557,38.6,6,Syn
-0.1749712980329656,-0.26646219075823635,-0.12973455769270362,-0.13570179752182632,0.43238742504427474,0.6111798263580615,0.45913875804983517,0.6427419664831364,-0.14365182235790902,-0.18774321161761162,-0.13940537601452108,-0.21089907534309774,38.7,6,Syn
-0.189161019952938,-0.293549345558674,-0.13164159613326534,-0.13992045395940939,-0.10506439717410566,-0.10638885284325218,-0.08035991509165512,-0.12840624579806845,-0.16168241528527638,-0.22735043521000747,-0.14470311035344802,-0.22375919459803692,38.8,6,Syn
-0.17798550221060988,-0.29743483833790296,-0.13216479718508406,-0.13820345789387284,0.036635260774263295,0.09098042479672426,0.09452590014231498,0.050946904632164364,-0.1621625968945474,-0.23060229309085703,-0.144628262453774,-0.22808351690278655,38.8,6,Syn
-0.17771221867733633,-0.29431858802128463,-0.13093145358203273,-0.1387492483801353,0.17416005878307894,0.31579952518014454,0.22268190465436416,0.30330733747282135,-0.15465522923450606,-0.2104454073307556,-0.1432585458897395,-0.22072584951579083,38.9,6,Syn
-0.17973192952383726,-0.28776857028645975,-0.1327620693970479,-0.140948335246535,0.2285560279954944,0.35402719243635156,0.29548414195933104,0.4363803416351745,-0.15255556719774083,-0.20253728277812852,-0.14412827848395157,-0.22125849046773285,38.9,6,Syn
-0.18357892079991867,-0.30963796982987046,-0.1305963697623286,-0.13605069807139994,-0.12655264686298312,-0.1724031504839269,-0.11455490534095775,-0.1845332316974119,-0.16063145176309832,-0.2253524103321925,-0.14411630282000373,-0.2241383627333177,39.0,6,Syn
-0.1542906879321648,-0.22500165870961486,-0.1081739714269696,-0.09707228148749934,-0.13834048669231017,-0.22915523799644572,0.0443866182518419,0.02070304004981138,-0.16117958360009635,-0.22599814880719646,-0.14196816809935944,-0.21830639570018975,39.1,6,Syn
-0.19555165026948854,-0.3227085449498883,-0.1326527262558813,-0.13848576331780169,-0.19506946587094662,-0.038185305535922434,-0.21172483364469458,-0.05525829425005193,-0.16592250949544304,-0.22072510054270217,-0.1448722666067113,-0.22519010291808456,39.3,6,Syn
-0.19470269254778078,-0.321657792479684,-0.13341342531324468,-0.1414883348523066,-0.25928863494113463,-0.15421553786863895,-0.24531815251131153,-0.10730587515921752,-0.16730189911830173,-0.2244692254224337,-0.14575996269684516,-0.2315998499668784,39.3,6,Syn
-0.19410599654909477,-0.3288232041845974,-0.13259041242274333,-0.13971922086235242,-0.2535175050246933,-0.29668517002172773,-0.20731257683833293,-0.2713260895918853,-0.1661705278266467,-0.23579136639671852,-0.1458407984284931,-0.22870643598217638,39.5,6,Syn
-0.17610324166190927,-0.28759180818866836,-0.13134531149268486,-0.13942533367744187,-0.05447491790657706,-0.10975692925349068,-0.06892815882062725,-0.11715271479068129,-0.16238570014225115,-0.22922104980575886,-0.14247863077513623,-0.22195363204908092,39.7,6,Syn
-0.18417723386093174,-0.26865207674754066,-0.13095379250334635,-0.13784876646380836,0.12013245956532993,0.24473311292411207,0.2214785618889928,0.36084101474808816,-0.152734502797422,-0.20161066254493898,-0.14476747954716768,-0.2246664897788873,39.9,6,Syn
-0.19542551940797767,-0.32740583403008505,-0.13281027443777726,-0.13964249169584866,-0.19384156588872506,-0.08769602876642847,-0.12027078347647169,0.006495457152985094,-0.16518411702080932,-0.22659755627054096,-0.14537674145051419,-0.22837692081699193,40.0,6,Syn
-0.17190858198550946,-0.23525386038151466,-0.12886098829607148,-0.13408614186487963,0.3716063759243071,0.4786460196151763,0.43697719545424607,0.5330200391611116,-0.14510595723126746,-0.18878855506817857,-0.1393275341988601,-0.20431328594578066,40.1,6,Syn
-0.1903948385084866,-0.3044234879450249,-0.1326609563847863,-0.14049375112800339,-0.1390772266816431,-0.11800871645857502,-0.10863847007788192,-0.08648684279555129,-0.16450008472835723,-0.23218913024019414,-0.1462344983807784,-0.23076026338161384,40.3,6,Syn
-0.1775246394473971,-0.2644523402389048,-0.1309855372862657,-0.1367629763717743,0.0807168701360176,0.14806931995026693,0.2086429057250317,0.32609573776278034,-0.15297799111344387,-0.19780283252417566,-0.142343904555723,-0.21523693936696453,40.3,6,Syn
-0.19103357812767624,-0.3138966270377701,-0.13117130305297886,-0.13680930341570108,0.1284821794444366,0.2883497024367007,0.1864813431294426,0.3540888961436559,-0.15635511743147723,-0.21021664796068693,-0.14088736442806662,-0.2162525683007523,40.4,6,Syn
-0.17060199562524306,-0.21692297616611275,-0.13366385637849723,-0.14045755812493557,-0.03384619820525472,-0.02690224956162344,0.3082195195595112,0.42962822303074216,-0.14947968688929728,-0.19686173384984254,-0.1348651024202952,-0.19784937202051814,40.5,6,Syn
-0.1673711050957724,-0.26197767086982554,-0.1309291021166313,-0.13731600545865033,0.2427996677892646,0.3678363057183294,0.3575565729397367,0.4700002655197436,-0.15016938170072663,-0.19793892987092537,-0.14328549113362213,-0.2180626447560807,40.5,6,Syn
-0.17847223797105566,-0.28927759486204907,-0.13058461243532146,-0.13791536158945314,0.527426883668224,0.7881722417160949,0.671829591829222,0.9717670793116184,-0.14326450605986496,-0.1793949424542195,-0.13951465394804516,-0.2110390064406418,40.6,6,Syn
-0.18759893774499573,-0.3121519196651256,-0.13156752497312021,-0.13690195750355466,-0.1371125867100886,-0.17307676576597458,-0.052883588615675874,-0.08325145263092748,-0.16007992241471392,-0.22165172077589174,-0.1444920392763673,-0.22339356818187334,40.8,6,Syn
-0.18498738208679,-0.3156511545269586,-0.13168392251049113,-0.14056613713413899,-0.17849281611095544,-0.1658354014839618,-0.15546855936358378,-0.17313903155243238,-0.16540042524574036,-0.23315629010858574,-0.14448904536038032,-0.22882379754785853,41.0,6,Syn
-0.190949490886669,-0.3150684942786833,-0.1299062146670082,-0.1356120388742182,-0.14840926654652703,-0.17728686127877272,-0.12037106204025264,-0.1606194783067142,-0.16327698062927068,-0.22887067153008406,-0.14536626274455983,-0.2293925497507797,41.2,6,Syn
-0.15669525961250658,-0.20665440763330636,-0.09576176130550848,-0.06292056379272087,0.2746022773288032,0.44243919820511235,0.43005797455336076,0.602791931406912,-0.14645363674785356,-0.1870743076367779,-0.14161488601289807,-0.20735114493439916,41.3,6,Syn
-0.19687117312837144,-0.34339298376366056,-0.13116424865677456,-0.1305884500484072,-0.23767759525403503,-0.14411130863792343,-0.2319811035284457,-0.16793427346151582,-0.1675317973887782,-0.23293042642674577,-0.14553242508183614,-0.22690990124596516,41.3,6,Syn
-0.16745519233677966,-0.22710316365002345,-0.12617679054033634,-0.12546786397437448,-0.16130221635985348,-0.23757542902204198,-0.008560463424497672,-0.035564614987124404,-0.1607163895477571,-0.2249180570978849,-0.14180050880408965,-0.21803104741147397,41.6,6,Syn
-0.1864314187448567,-0.3145611215905784,-0.1312324411534161,-0.13665729280281633,-0.03126760824258942,-0.020502904382170277,0.004776585558368165,0.0012906990620685339,-0.15904141643428582,-0.22157064150548764,-0.1435085378746507,-0.21981855433494044,41.6,6,Syn
-0.18836704235035037,-0.3176708251628341,-0.13062106014904365,-0.13746656835141238,-0.2391510752327009,-0.3076314183550029,-0.06812593031037968,-0.09956907259163886,-0.1625669007495232,-0.22886777584185536,-0.1446357472437414,-0.2226352319113118,41.7,6,Syn
-0.1789654419808097,-0.28612533745143626,-0.12998851595605834,-0.1350430848659923,0.08378662009157152,0.08508629107880689,0.20814151290612695,0.2829103125219321,-0.15587153831081987,-0.21402737366967894,-0.14335435120132223,-0.21868556383547053,41.7,6,Syn
-0.17807282357627124,-0.2893365155613129,-0.12990386320160677,-0.13586828533593823,-0.1100987871012141,-0.10672566048427602,0.03195207634300457,0.050384228081795004,-0.15925206214023963,-0.22081776256602112,-0.14367470021192702,-0.21709666879238923,41.9,6,Syn
-0.17497614921994678,-0.25536218569137425,-0.12845888771242653,-0.13300903809358183,0.3013704969412334,0.5072746691022035,0.47438109974453896,0.6826920015593608,-0.14500403188967692,-0.18608108657432784,-0.143141783166248,-0.21268658226656417,42.2,6,Syn
0.18650196337157798,0.7847354580627106,0.08768310905644033,0.22932780193892555,2.2495566087339736,2.930100434807273,2.1199523313898654,2.9846017691204034,-0.11373446959349326,-0.13821825584185884,-0.11994043122529617,-0.14830473567716518,42.2,6,Syn
-0.19262476745750562,-0.32368073648774087,-0.13169803130289973,-0.13905182188578213,-0.0515279579492453,0.0898015980531408,-0.04014821101549571,0.0671238554552834,-0.1610029130080061,-0.21888633851746667,-0.14350255004267679,-0.22352898537304502,42.3,6,Syn
-0.19151061151415963,-0.3006034626094224,-0.13310773481105848,-0.1414506941291161,0.722417400845009,2.496460596989065,0.9204201514421874,2.796949139572223,-0.15462691663961978,-0.18285528988753674,-0.1419023019476463,-0.20671468413589217,42.5,6,Syn
-0.18929200200143004,-0.30074749098540055,-0.13232469683238146,-0.1396584166171985,0.21701376816261167,0.5160316677688237,0.35244236618690844,0.6684844186625346,-0.13717276814413673,-0.1515152561881289,-0.14144722671762827,-0.19987611598172128,42.5,6,Syn
-0.1722708039467714,-0.2406876582025088,-0.12813438548702885,-0.1340702169435298,0.07703317018935289,0.10883122977098834,0.1635175520236059,0.21989053888056403,-0.15119316513181388,-0.20176702970928972,-0.14081401348638609,-0.21377894760868257,42.6,6,Syn
-0.1937518598994681,-0.3298935968878896,-0.1321542155907776,-0.1378415278631948,-0.05312422792613334,0.062014967668673114,0.03425848330996633,0.10538586088039972,-0.15922601455294424,-0.21587771844782933,-0.14499202324618973,-0.22724393031752202,42.6,6,Syn
-0.17891693011099782,-0.3147313369440072,-0.12891742346570587,-0.13770978533202802,-0.02561926832437021,-0.06479310917680663,-0.013975505868668765,-0.05582097080042128,-0.16004141728566862,-0.22658597351762608,-0.14367320325393354,-0.22519913073082934,42.7,6,Syn
-0.1782765734294811,-0.2997163787482842,-0.13059401829692718,-0.13681798973643736,-0.16289848633674153,-0.19362203186842947,-0.13210365400262333,-0.18804996013722036,-0.16413315349863125,-0.23366013986038256,-0.14553242508183614,-0.2273432362577146,43.1,6,Syn
-0.184028464126842,-0.31561514743296404,-0.1329090359846374,-0.13683825781815534,-0.31515808413221597,-0.33659687548305406,-0.28462734951344243,-0.3378625916730619,-0.16874923896888747,-0.23907797253631272,-0.14235887413565781,-0.22139842156527692,43.2,6,Syn
-0.19192296240756054,-0.3227674656491521,-0.13099847034597356,-0.13461600742979227,-0.09462724732522235,-0.04357422779230404,-0.06672203041744644,0.0012906990620685339,-0.16109351331164212,-0.21835932325984012,-0.14464173507571532,-0.22373662506617498,43.2,6,Syn
-0.17354181493584245,-0.29553955584491765,-0.13255984337252472,-0.1388100526252892,-0.10199464721855175,-0.16431976709935447,-0.0033459781078884728,-0.04963152874635835,-0.16022714790812248,-0.22653385112950916,-0.1427166470960996,-0.2180626447560807,43.2,6,Syn
-0.18087842671372448,-0.2735326746698914,-0.12853766180337453,-0.12894528770912894,-0.011498418528822175,0.023787300412466073,0.03145068352409984,0.06079374426362812,-0.15943552775510259,-0.21821164316017552,-0.14537075361854027,-0.22723490250477724,43.3,6,Syn
-0.1952055989314972,-0.332980386854876,-0.13275971793164645,-0.13796747951387076,-0.0930309773483343,0.002736822848475412,-0.03954653963281003,0.08330080627840243,-0.16254991319259146,-0.22168936472286505,-0.1450025019521441,-0.2278036547076984,43.4,6,Syn
-0.18898799428394233,-0.3260637514357431,-0.1329372535694546,-0.14032581559376878,-0.2725499547491276,-0.20069499232993035,-0.2561482373996537,-0.20225754303404667,-0.16880926167004637,-0.23531936921543758,-0.14569409654513202,-0.23034949790172637,43.5,6,Syn
-0.18741944382669182,-0.3000633561995043,-0.1313841106718085,-0.13718860608785166,-0.017146758447041388,0.07818173443781794,-0.002844585288983742,-0.005602088679956099,-0.1584717670251742,-0.21709680319211935,-0.14315375883019588,-0.21769701833991711,43.6,6,Syn
0.046357639734389625,0.34359290930252007,-0.026881461034048777,0.051460907662516805,0.17600190875641128,0.2617418987958165,0.5327432238650497,0.7060430783996892,-0.13977073185090017,-0.1742029734601293,-0.13252386011849193,-0.1913989998143728,43.8,6,Syn
-0.1934332986210368,-0.3068883371975602,-0.13186968827720427,-0.136010161907964,-0.06454369776079392,0.1505953772579458,0.018414470232576842,0.2674367073867748,-0.1605521764974168,-0.20923500965115174,-0.14533332966870324,-0.2260296895033491,44.0,6,Syn
-0.18941974992526797,-0.32039427081769384,-0.13259041242274333,-0.13976265246603378,0.060333730431139564,0.08912798277109309,0.12631420486087488,0.1705156715856529,-0.15585568325768356,-0.21137492325217386,-0.14314777099822196,-0.2178324355310888,44.1,6,Syn
-0.18560509989572782,-0.2928684841449591,-0.13064927773386084,-0.13765042880699682,-0.016778388452374917,0.08609671400187843,0.026737591026395374,0.0357546377721917,-0.15905840399121757,-0.22082355394247857,-0.1462344983807784,-0.23003352445565906,44.3,6,Syn
-0.1685968383396857,-0.25950954824510897,-0.12674937236558514,-0.12814614620139186,0.5511253533251003,0.7287256930753853,0.5837850128295512,0.7849584645889917,-0.1400153526707175,-0.17312867312727517,-0.14306992918256098,-0.21225324725481473,44.3,6,Syn
-0.19341065974845795,-0.30513380970837173,-0.13266330785018773,-0.14048651252738983,-0.17456353616784642,-0.012251117177085939,-0.1520590881950316,-0.04428610151784945,-0.16533587252939969,-0.22868534748344616,-0.14438276134284322,-0.22579496637198482,44.4,6,Syn
-0.1905145011206892,-0.2994414154850532,-0.13315711558448853,-0.1424221143314559,-0.13121866679542507,0.07750811915577024,-0.1298975255994425,0.14336652803033137,-0.1645669024522888,-0.22100019092443032,-0.144933641884444,-0.22725747203663918,44.5,6,Syn
-0.1703464997775672,-0.2678533739352981,-0.12836482909636923,-0.13131231010976324,0.24243129779459813,0.4415971791025527,0.2406317675711535,0.4093718672174453,-0.15240834170433226,-0.20135873766904056,-0.13695485577919375,-0.21139109113768823,44.5,6,Syn
-0.19342197918474738,-0.3226889047168004,-0.13335111148010673,-0.14044887180419932,0.9233018379364576,2.370662943066657,1.023305957881438,2.818190179348666,-0.14591229993362823,-0.16643094625425195,-0.1424891094810906,-0.20644384975354876,44.7,6,Syn
-0.19341389387311206,-0.31917657636624214,-0.13254573458011612,-0.13907932856811367,0.06401743037780426,1.479806732558572,0.23050363262927795,2.047041967067461,-0.16285682172115853,-0.19172767862032666,-0.1462344983807784,-0.23288631328300957,44.7,6,Syn
-0.19352061998669817,-0.32972010816227953,-0.1319954916761809,-0.13799209075595686,-0.08492683746567195,-0.08298072179209456,-0.06451590201426563,-0.08198543039259643,-0.16177867810788968,-0.22693635179330088,-0.14575696878085817,-0.22898629817726457,44.7,6,Syn
-0.1867402776493256,-0.2938013952166358,-0.13162631160815602,-0.1380311791992701,0.08120803012890622,0.21896732838578747,0.1719409513812054,0.23691150452923712,-0.15274696033917196,-0.20176702970928972,-0.1436612275899857,-0.21146782754601887,44.8,6,Syn
-0.15312316893202577,-0.19231703747911702,-0.12890331467329727,-0.13562796379556802,0.5933651127135222,0.8794471124335584,0.7084312676092673,0.9468686419577743,-0.13371183654524002,-0.15873420694232124,-0.13408668426368542,-0.2065205861618794,44.9,6,Syn
-0.19621626288591118,-0.33235844614042487,-0.13348514500798836,-0.1429606662171048,-0.2613760649109113,-0.1910959745607506,-0.24531815251131153,-0.15977546348116015,-0.16824640728370746,-0.2314825823123871,-0.13751621502674888,-0.18335521865877377,44.9,6,Syn
-0.19479809922507746,-0.32842057940629477,-0.13349102367149196,-0.14313728807207568,0.4088117453856206,1.0385887228173278,0.6236958812143678,1.4746592462042318,-0.15183869229522065,-0.18200395754829382,-0.1449111875145418,-0.22031057012953092,44.9,6,Syn
-0.16950562736749475,-0.2628745748475077,-0.12939006801139377,-0.13553386198759174,0.5311105836148887,0.6654058565629014,0.6368323730696718,0.8835675300412216,-0.1418953089711653,-0.17743456152337786,-0.13824972444355427,-0.20649350272364506,45.0,6,Syn
-0.18507793757710547,-0.2876343620270256,-0.12822256543958258,-0.1322316123876854,0.27079578738391635,0.3819822266413312,0.3321860963031573,0.4695782581069666,-0.14978206540268257,-0.19592353086373812,-0.14381541426331418,-0.21927237166388122,45.0,6,Syn
-0.18176781099360878,-0.2668091682094565,-0.1309079389280184,-0.13815857857006877,0.6419899520094964,0.9090861848436572,0.5251220530176978,0.7300975009279792,-0.14485454138867745,-0.18937348409037946,-0.14346812000882675,-0.2185997996143951,45.1,6,Syn
-0.18879071268004072,-0.29339222369397056,-0.13183794349428493,-0.13864501253130004,-0.090452387385669,0.051573930796933745,-0.05248247436055208,0.10158779416540656,-0.16145251701479993,-0.21236814431462392,-0.14441419746070633,-0.22307308082943364,45.3,6,Syn
0.30734664813527685,0.9927124329751705,0.18369226566422606,0.4472212621680785,0.4358255449944951,0.6642270298193179,0.7392167866900178,1.0115764452502505,-0.1350663110845988,-0.16356131921959305,-0.1309056485275397,-0.18449272306461606,45.6,6,Syn
-0.17724003647783412,-0.3112844760370753,-0.13111369215064375,-0.13893745199608787,0.3409088763687679,0.4655105216152461,0.3340913890149953,0.37575194333287615,-0.15249327948899105,-0.20978808610283675,-0.14322261889789595,-0.22087932233245208,45.7,6,Syn
-0.18811801475198275,-0.2946753855890487,-0.13169803130289973,-0.13931675466823845,0.0915223899795674,0.4323349689743968,0.11628634848278029,0.5539797406623702,-0.1598477591366466,-0.20521579438969206,-0.14287382768541504,-0.21798139444137768,45.8,6,Syn
-0.17683577089606853,-0.302979930813062,-0.133697952626818,-0.14325600112213807,-0.26002537493046757,-0.06041460984349657,-0.2549448946342824,-0.06004104492819147,-0.1687447089537057,-0.23213990354030595,-0.1460069607657694,-0.23142380761835518,45.8,6,Syn
-0.17336717220451972,-0.27974226169785876,-0.13122773822261322,-0.1401477460186752,0.11043204970577955,0.13897551364262298,0.1952055781783849,0.24127224779459963,-0.15580811809827466,-0.2151509007024213,-0.14176607877023958,-0.22039633435060635,45.8,6,Syn
-0.1917143613673695,-0.321006391415601,-0.13231646670347644,-0.139323993268852,0.22671417802216204,0.3895603985643678,0.2458462528877627,0.43834970956146724,-0.15568694019216145,-0.20866745475832316,-0.14244569769927967,-0.2185095214869473,45.9,6,Syn
-0.189186892950171,-0.3055691682084875,-0.1321965419680034,-0.14001021260701754,-0.14718136656430547,-0.12272402343290893,-0.11766354081816709,-0.1250301864958523,-0.16386701510670038,-0.23049804831462323,-0.14531985704676192,-0.2288283114542309,46.1,6,Syn
-0.1759771108003984,-0.2761775593923994,-0.13244579730055522,-0.13999863084603584,0.42502002515094534,0.5411238370251006,0.4459019876307503,0.5836609286943538,-0.14579678454649225,-0.19011767596515983,-0.1440938484501015,-0.21533624530715711,46.1,6,Syn
-0.1853010921782401,-0.27863258852839073,-0.13117835744918316,-0.13620415640440742,0.3464344262887649,0.5584694305378288,0.3864367993086492,0.6364118552914811,-0.14967221253452387,-0.19505772008335162,-0.14192026544356806,-0.2202925145040414,46.3,6,Syn
-0.09662462828679322,-0.09545795463380594,-0.09311988992699913,-0.07216425677623764,0.11669433961510954,0.11203090236071493,0.21275432684005047,0.20680830908447648,-0.1527967905061718,-0.20773214746044744,-0.1359399182596141,-0.20571711082759397,46.4,6,Syn
-0.19438251420702243,-0.31994909220103407,-0.13231058803997287,-0.13543252157900187,-0.30987811420866324,-0.24936369645787676,-0.289139884883585,-0.28679969472704264,-0.16915014531247696,-0.23901137170705222,-0.1459006767482323,-0.231699155907071,46.4,6,Syn
-0.19225931137158953,-0.3208983701336174,-0.13242110691384018,-0.13904168784492316,-0.07043761767545745,-0.062098648048615826,-0.05308414574323776,-0.06679316353262377,-0.16164730766761742,-0.22609949789520156,-0.1462344983807784,-0.22862969957384577,46.7,6,Syn
-0.1700489603093877,-0.24749627233965807,-0.13036004748948465,-0.13830335058233997,0.35957295609853573,0.5143476295637045,0.48210254915567186,0.7004163128959956,-0.14199836681655129,-0.1746865533943251,-0.14084844352023615,-0.20457509251537928,46.7,6,Syn
-0.18160448769857548,-0.2953889807245768,-0.13194493517005013,-0.140269354508983,0.18742137859107186,0.2903705482828438,0.3475287165616421,0.4868805620308243,-0.1497039226407965,-0.19883369753359903,-0.14412827848395157,-0.21694319597572798,46.7,6,Syn
-0.18999865823835632,-0.29264916820881054,-0.13207191430172746,-0.13908511944860452,0.12528963949066052,0.36278419110297166,0.1406540394815502,0.342132019448307,-0.1577197845049951,-0.20964909306785834,-0.14489322401862004,-0.22761858454643039,46.9,6,Syn
-0.1874372315122895,-0.3034611165237163,-0.13215656705617904,-0.14009273265401212,-0.2028052357589425,-0.2550894263552822,-0.08236548636727403,-0.1300942754491765,-0.1612679188961415,-0.225306079320533,-0.1440025340124992,-0.22093348920892075,46.9,6,Syn
-0.17813265488237257,-0.2956835842208958,-0.1297615995448201,-0.13524866112341744,0.16863450886308187,0.19505398587309408,0.23180725395843024,0.3110441400404,-0.1522860312944236,-0.2058180975412653,-0.14140082101983037,-0.21614423454781495,46.9,6,Syn
-0.19295464817222635,-0.30729096197586275,-0.13222711101822202,-0.13722769453116487,-0.27918061465312405,-0.34990077730349617,-0.19537942774840034,-0.20366423440997006,-0.1667401772357583,-0.23716681830535927,-0.14565966651128195,-0.2288779644243272,46.9,6,Syn
-0.19178874623441436,-0.3226758112280751,-0.13196139542786015,-0.1396453871360941,0.026320900923602123,0.19067548653978403,0.05391308181103178,0.17825247415323156,-0.1585725598629693,-0.21479762673851777,-0.14525848176902922,-0.22665260858273892,46.9,6,Syn
-0.19094140557503367,-0.2887211215912244,-0.1311031105563373,-0.13560190483335918,-0.15381202646830192,-0.11177777509963378,-0.04656603909747626,0.024079099352027525,-0.1630980450295895,-0.2249730751742305,-0.1448034065390112,-0.22288349676179325,47.0,6,Syn
-0.06267440473011851,0.04206950419224679,-0.10719341035457228,-0.09222965767702736,0.06954298029780133,0.16962500897579338,0.12601336916953207,0.13211299702294424,-0.15421128774668946,-0.20964330169140089,-0.14108047200922558,-0.2218227287642816,47.0,6,Syn
-0.18735476133360932,-0.28332987760858747,-0.13249988100478818,-0.13843364539338407,-0.08173429751189587,-0.04374263161281597,-0.03503400426266746,0.00044668423651449715,-0.1605544415050077,-0.21978689755659775,-0.14410283019806241,-0.22555121542787576,47.1,6,Syn
-0.18239846530116313,-0.2957555984088849,-0.1298497794973738,-0.1359377759018284,-0.15172459649852527,-0.1963164929966203,-0.06682230898122739,-0.12320148770715188,-0.16270053619738636,-0.22956853239320496,-0.14459383241992396,-0.22574531340188853,47.3,6,Syn
-0.18225131262940045,-0.2881646483203997,-0.13146641196085862,-0.1392516072627164,-0.217294455549157,-0.23723862138101812,0.04248132554000392,0.08133143835210968,-0.16013428259689555,-0.21992299490334746,-0.14519261561731608,-0.22768177923564387,47.5,6,Syn
-0.1787762456885434,-0.28899935822663675,-0.1289491682486252,-0.1349924146616974,-0.15602224643630075,-0.24801646589378135,0.1065593277960285,0.12662690065684298,-0.15657482316779464,-0.215686603024734,-0.14407588495417975,-0.22105536468097528,47.5,6,Syn
-0.19386828838701659,-0.31182785581917477,-0.13222358382011987,-0.13857117880504172,-0.2371864352611464,-0.09510579686895318,-0.20259948434062847,-0.11448000117642684,-0.16612183016344234,-0.226525164064823,-0.14477646129512856,-0.22584010543570873,47.6,6,Syn
-0.1635629233155405,-0.2651593886300703,-0.12919959931387776,-0.1321809421833905,-0.15467155645585703,-0.18469662938129744,0.0819910796696967,0.07739270249952418,-0.1585476447794694,-0.2193091089988594,-0.1428693368114346,-0.21441540840718956,47.8,6,Syn
-0.19175155380089193,-0.2958570729465059,-0.13170626143180472,-0.1380080156773067,1.405989320947756,3.1862426458059114,1.9466709731763903,4.223334194758545,-0.14316597822966076,-0.14987050527421744,-0.14373158461567928,-0.2091025406068865,48.1,6,Syn
-0.19475120441759264,-0.31488191206434796,-0.13362623293207432,-0.14313584035195298,-0.013708638496820998,1.4432631035074843,0.06725013079389762,1.8299894877624814,-0.1657220563236483,-0.20033945541253206,-0.14553841291381006,-0.2289276173944235,48.1,6,Syn
-0.18474158861307652,-0.3153074504479198,-0.1303847378761997,-0.13698737299079466,0.2453782577519299,0.3895603985643678,0.3316847034842526,0.4781590755000993,-0.1508500164817924,-0.2026328404896762,-0.141583449895035,-0.21428901902876263,48.2,6,Syn
-0.18991942218433025,-0.30059036912069714,-0.1315792823001274,-0.13899680852111906,-0.223556745458487,-0.2722666160474986,-0.16720115132595448,-0.24066021759675532,-0.16396894044829094,-0.23241209823380538,-0.14403247317236884,-0.22401648726126314,48.2,6,Syn
-0.19252612665555482,-0.3158639237187445,-0.1289715071699388,-0.12680410964763775,0.00949867116716664,0.14655368556565962,0.013901934862434264,0.1359110637379374,-0.1606484393200301,-0.21652924829929074,-0.1462344983807784,-0.22538420089209732,48.2,6,Syn
-0.18040301038956813,-0.3057492036784602,-0.13081505604466184,-0.1390619559266411,-0.03224992822836668,0.012167436797143228,-0.01096714895524038,-0.01601160486178922,-0.16043552860648538,-0.22449528661649215,-0.14388876520499472,-0.2215880056329173,48.2,6,Syn
-0.1730922716089191,-0.26199076435855084,-0.12922193823519135,-0.13355048541947614,0.5336891735775541,0.8386933878696725,0.6160747103670159,0.8765340731616046,-0.14140266982014435,-0.177443248588064,-0.1440429518783232,-0.21578763594439612,48.2,6,Syn
-0.1884899390872071,-0.2893397889334942,-0.13054228605809567,-0.13655450467410377,-0.010393308544822764,-0.005514964356608927,0.026436755335052534,0.05615166272308092,-0.15893949109269528,-0.21973477516848083,-0.14311034704838493,-0.22307759473580602,48.2,6,Syn
-0.1826103004660083,-0.274108788173804,-0.13043294291692906,-0.13641118038195527,0.09250470996534464,0.17737158471934195,0.11618606991899934,0.23241009212628225,-0.15693156186336155,-0.21262296487875104,-0.1453003965928467,-0.22039182044423394,48.2,6,Syn
-0.1939717803759486,-0.31794578842606513,-0.133697952626818,-0.14102506441303872,-0.2681295148131299,-0.1865490714069286,-0.2890396063198041,-0.2355961286434311,-0.16901084734563654,-0.23783572228619296,-0.1462344983807784,-0.23288631328300957,48.2,6,Syn
-0.18173223562241342,-0.2977392619507659,-0.13192494771413796,-0.13912565561204046,0.2738655373394703,0.4596163878973287,0.3325872105582811,0.44383580592756844,-0.15139248579981318,-0.20378822009293443,-0.1434860835047485,-0.22125397656136045,48.4,6,Syn
-0.18129562879410657,-0.29338240357742656,-0.13300074313529328,-0.14178366975733986,-0.07412131762212215,-0.06816118558704513,-0.07113428722380807,-0.1296722680363995,-0.16183077328248038,-0.23069495511417598,-0.14460131720989136,-0.22728906938124593,48.4,6,Syn
-0.19353840767229585,-0.33143862855747347,-0.13151461700158798,-0.13894469059670145,-0.08578636745322706,-0.09982110384328709,-0.036638461283162595,-0.036127291537493764,-0.15990778183780546,-0.22390746190606253,-0.14441868833468677,-0.22708594359448836,48.5,6,Syn
-0.1818664517955596,-0.2858798345378371,-0.13164042040056462,-0.13910393981019978,-0.10764298713677097,-0.1356911176123272,-0.07634877254041728,-0.07734334885204922,-0.1617073303687763,-0.2240174980587538,-0.14255497563280373,-0.22008036090453906,48.7,6,Syn
-0.19105459993792806,-0.3128655148006538,-0.13189437866391931,-0.14041123108100878,0.4163019352771722,0.7438820369214585,0.530135981206745,0.89369570794787,-0.14899157775345812,-0.1875578875709737,-0.14199810725922904,-0.21916403791094385,48.8,6,Syn
-0.18665295628366424,-0.2799517575174634,-0.13102433646538933,-0.13496056481899774,0.019076291028494872,0.129881707334979,0.03195207634300457,0.07162526785823826,-0.15856689734399207,-0.21659584912855123,-0.14497705366625493,-0.22815573940474482,48.9,6,Syn
-0.18053722656271431,-0.30793581629558314,-0.13045880903634482,-0.13613611355863997,-0.004499388630159237,0.011325417694583602,0.06745068792145952,0.054604302209565185,-0.1566189908158172,-0.217991570854793,-0.14126908871640412,-0.22342967943285244,49.0,6,Syn
-0.18941974992526797,-0.3141028494851934,-0.13157105217122236,-0.1392009370584215,0.20633103831728403,0.38922359092334397,0.25075990251302904,0.402619748613013,-0.1539542093851222,-0.20293109637723408,-0.14437078567889539,-0.22280224644709024,49.1,6,Syn
-0.18690198388203186,-0.3081813192091823,-0.13140174666231924,-0.1399566469624772,-0.17345842618384702,-0.20221062671453766,-0.1265883329946713,-0.16624624381040776,-0.1642554639085399,-0.23243815942786383,-0.14489023010263308,-0.22723941641114964,49.1,6,Syn
-0.1738539079649655,-0.2929961456600306,-0.12997440716364975,-0.13541659665765204,-0.07891012755278627,-0.08163349122799916,0.3410106099158806,0.4370836873231362,-0.15183982479901612,-0.20638565243409387,-0.13847875901655676,-0.20023722849151246,49.2,6,Syn
-0.19260212858492676,-0.3112190085934489,-0.13269387690040635,-0.14033739735475048,-0.11058994709410273,0.21543084815503705,-0.12819279001516642,0.10566719915558441,-0.1647129954419019,-0.22089015477173907,-0.14530488746682713,-0.22343870724559722,49.5,6,Syn
-0.17372130885414638,-0.27086160296993284,-0.1305646249794093,-0.1387955754240621,0.6360960320948328,0.9013396091001087,0.7066262534612102,0.9792225436040124,-0.13682169196754707,-0.16858244260818894,-0.1395790231417648,-0.2149751327973659,49.5,6,Syn
-0.1887793932437513,-0.3039128418847387,-0.13161337854844815,-0.13789219806748973,-0.10715182714388234,-0.151857884381472,-0.03503400426266746,-0.07199792162354032,-0.1622214870919108,-0.23011292178020382,-0.14567613304921023,-0.22674740061655912,49.6,6,Syn
-0.19190840884661697,-0.3289934195380261,-0.1296687166614635,-0.13612308407753554,-0.06761344771634784,-0.04155338194616094,-0.06952983020331294,-0.11673070737790427,-0.16216825941352464,-0.22898070768277531,-0.1462344983807784,-0.2269369846841995,49.8,6,Syn
-0.19546918009080835,-0.32636490167642473,-0.13338991065923037,-0.142371444127161,-0.12495637688609508,0.08104459938652067,-0.08457161477045486,0.13942779217774587,-0.16313994767002116,-0.21604277267686622,-0.14578241706674736,-0.23056616540760108,50.1,6,Syn
-0.1758477458142334,-0.275431230535058,-0.12700215489623914,-0.13031917410558275,-0.1439888266105294,-0.20945199099655046,-0.003045142416545634,-0.02346706915418321,-0.15979566396205586,-0.22292292790829865,-0.14023918161688964,-0.22076647467314234,50.1,6,Syn
-0.18469954499257288,-0.28761799516611897,-0.13089735733371197,-0.13561782975470904,0.17342331879374598,0.3676679018978175,0.18527800036407124,0.3071054041878145,-0.152860210718717,-0.20441079306210866,-0.1439441526507535,-0.22351092974755546,50.1,6,Syn
-0.19275413244367062,-0.32066923408092485,-0.13186968827720427,-0.13805868588160164,-0.250938915062028,-0.3035897266627167,-0.23338500342137894,-0.27498348716928617,-0.1667673573268491,-0.23658478497138707,-0.14492166622049615,-0.22862518566747336,50.1,6,Syn
-0.16979346446171187,-0.25271402759668493,-0.1319143661198315,-0.13841048187142066,0.43950924494115984,0.6239785167169678,0.5881972696359129,0.8417887961762968,-0.14251931856245853,-0.17627049485543347,-0.13741442188319222,-0.20386640921491406,50.6,6,Syn
-0.17177598287469034,-0.2609105515387147,-0.13045175464014053,-0.13681798973643736,0.17342331879374598,0.23126080728315804,0.27833650755278927,0.35887164682179545,-0.1500674563591361,-0.1969051691732733,-0.14299508128288696,-0.21274977695577763,50.7,6,Syn
-0.17894927135753905,-0.28898953811009276,-0.131270064599839,-0.13970040050075716,0.11964129957244131,0.21054713736019123,0.3335899961960906,0.4553706752101403,-0.15266881757728587,-0.20691556337994915,-0.1423977950434883,-0.2138963091743647,51.0,6,Syn
-0.19009891610263419,-0.3105348738075526,-0.13024129848671231,-0.13608978651471318,-0.17800165611806681,-0.21888260494521827,-0.16369140159362136,-0.22996936313973754,-0.1650266989932417,-0.23587823704358005,-0.1448647818167439,-0.2251630194798502,51.1,6,Syn
-0.19031075126747934,-0.30672794196067543,-0.1320966046884425,-0.13706699759754384,-0.12753496684876037,-0.0193240776385868,-0.11746298369060519,-0.07579598833853349,-0.16483983586699236,-0.22908205677078045,-0.1462344983807784,-0.2321911717016615,51.3,6,Syn
-0.18742591207600007,-0.28593220849273826,-0.13228589765325782,-0.13959616465192187,-0.19249087590828132,-0.06479310917680663,-0.16910644403779246,-0.02839048896991509,-0.165454785427922,-0.22384375676503077,-0.14250108514503843,-0.2210102256172514,51.3,6,Syn
-0.19255038259046076,-0.32973647502318615,-0.13142761278173498,-0.13735798934220897,-0.07498084760967726,-0.1265973113046832,0.02703842671773821,-0.014042236935496466,-0.1585000796200605,-0.21851858611241956,-0.14303849306469787,-0.21963799808004483,51.4,6,Syn
-0.19563735457282283,-0.3339002044378274,-0.13132062110596981,-0.13409048502524776,-0.24099292520603327,-0.2571102722014253,-0.22987525368904582,-0.2755461637196555,-0.16680246494450807,-0.23529330802137913,-0.1451222585916225,-0.22523975588818085,51.8,6,Syn
-0.18800643745141546,-0.2938897762655315,-0.12999674608496334,-0.13481579280672654,-0.10162627722388527,-0.07809701099724872,-0.0766496082317601,-0.12052877409289743,-0.163773017291678,-0.23083394814915442,-0.14455640847008694,-0.22758698720182366,51.8,6,Syn
-0.18919174413715217,-0.2670677646117809,-0.13144054584144285,-0.13581471969139788,-0.14804089655186056,-0.10201035350994211,-0.15015379548319363,-0.1503506312624734,-0.1650063139249236,-0.23187639591149267,-0.14497705366625493,-0.22872900551403835,51.8,6,Syn
-0.1948951229647012,-0.31617162070378874,-0.1328349648244923,-0.14011010529548468,-0.19212250591361485,-0.10622044902274025,-0.1487498955902604,-0.04470810893062647,-0.16451480727769807,-0.22243645228587414,-0.14543362585426642,-0.2265848999871531,51.9,6,Syn
-0.18836704235035037,-0.31794906179824645,-0.13203311512260385,-0.13973804122394767,-0.019970928406150997,0.04736383528413561,0.04348411117781338,0.09469500642338192,-0.15802216301838037,-0.21578216073628168,-0.14512674946560297,-0.22758247329545128,52.2,6,Syn
-0.18950383716627522,-0.3010846483200767,-0.1317485878090305,-0.13832651410430336,0.29670447700879143,0.5657107948198417,0.3857348493621826,0.684380031210469,-0.15259407232678615,-0.1973221482782086,-0.1462344983807784,-0.22672031717832478,52.2,6,Syn
-0.17036913865014605,-0.27545087076814595,-0.12983802217036666,-0.1378632436650355,0.002499641268503702,0.005599687797178142,0.03806906873364228,0.062200435639551514,-0.15605613642947833,-0.2150524473026449,-0.14122118606061274,-0.2186404247717466,52.3,6,Syn
-0.19458788112255934,-0.32925528931253184,-0.1322635587319442,-0.13916040089498555,-0.08345335748700607,0.034733548745741215,-0.03292815442326759,0.08822422609413431,-0.16145025200720903,-0.21771358478483613,-0.14566116346927543,-0.22805643346455223,52.4,6,Syn
-0.19603353484295313,-0.33797882617575437,-0.13191083892172936,-0.13491279005494825,-0.14312929662297427,0.2112207526422389,-0.1377192535743563,0.23283209953905928,-0.16382171495488237,-0.21129094829354106,-0.1437839781454511,-0.22022029200208312,52.5,6,Syn
-0.18287549868764652,-0.2904625555916876,-0.13041883412452046,-0.13785600506442194,0.006183341215168406,0.05241594989949337,0.10966796327323784,0.15813678747752702,-0.15515579591209516,-0.21239420550868238,-0.14271964101208656,-0.2193310524467223,52.5,6,Syn
-0.19329423126090944,-0.3220276835361734,-0.13186145814829928,-0.13878109822283496,0.053580280528920936,0.29003374064181997,0.0922194931753532,0.3170929129568706,-0.1584151418354017,-0.2106481055067658,-0.14482137003493298,-0.22000362449620842,52.6,6,Syn
0.056516025272995506,0.39514524778615656,-0.05701078722260261,0.0011367084769214606,0.14960205913864758,0.2706673012829485,0.8598518989184959,1.107090789675449,-0.136160309751004,-0.16842897113206692,-0.12709139956015178,-0.1820777831553874,53.0,6,Syn
-0.1861338792766772,-0.28411548693210464,-0.13189437866391931,-0.14001166032714024,-0.17358121618206918,-0.1717295352018792,-0.08236548636727403,-0.08606483538277426,-0.16223167962606988,-0.22726935593960337,-0.14507435593583115,-0.22429634945635132,53.1,6,Syn
-0.18698768818536615,-0.2881384613429491,-0.13275148780274146,-0.1390112857223462,-0.11537875702476684,-0.020166096741146427,-0.05529027414641858,0.11551403878704818,-0.16338796600122482,-0.21918169871679583,-0.14425102903941694,-0.22421058523527593,53.9,6,Syn
-0.18903327202910006,-0.30804056420538545,-0.133697952626818,-0.1440363222682799,-0.26923462479712934,-0.1750976116121177,-0.25835436580283455,-0.1354397026776854,-0.1683052974810709,-0.23016504416832073,-0.1453752444925207,-0.2274786534488863,53.9,6,Syn
-0.16613566947789674,-0.24684159790339372,-0.12859879990381176,-0.13491423777507094,0.3126671767776718,0.4060639729745365,0.40498833360812425,0.5951957979769257,-0.1464796843351489,-0.18868720598017347,-0.14111190812708868,-0.21297547227439714,54.2,6,Syn
-0.19355942948254767,-0.3283812989401189,-0.13251751699529893,-0.14101493037217974,-0.1345339967474233,0.023113685130418372,-0.14915100984538418,-0.0990063960412695,-0.16480812576071976,-0.22679446307009374,-0.14509082247375943,-0.22647205232784332,54.3,6,Syn
-0.18906399621331427,-0.3269966625074198,-0.13160514841954313,-0.14087305380015394,-0.13576189672964487,-0.19766372356071568,-0.09028749290596878,-0.1728576932772477,-0.16320223537877096,-0.2328319730269694,-0.14390972261690343,-0.2242286408607655,55.0,6,Syn
-0.19674827639151468,-0.34184467872189533,-0.13322883527923224,-0.1422787900393074,-0.2721815847544611,-0.1651617862019141,-0.26025965851467253,-0.15696208072931336,-0.16862579605518338,-0.23573055694391545,-0.14424354424944955,-0.2187397307119392,55.1,6,Syn
-0.1932441023287705,-0.32904906686510854,-0.13234821148639578,-0.14005943509118976,-0.08062918752789647,0.08895957895058117,-0.07504515121126497,0.057699023236596654,-0.16451707228528897,-0.22757050751538999,-0.14531836008876844,-0.2270724018753712,55.1,6,Syn
-0.1914006512759194,-0.3148557250868974,-0.13195316529895512,-0.13956721024946764,-0.2295734553713727,-0.28405488348333335,-0.16018165186128824,-0.2130890666286568,-0.16476962063167444,-0.23318814267910162,-0.145656672595295,-0.22677899796116585,55.1,6,Syn
-0.19609174908672736,-0.3344206706146576,-0.13198491008187446,-0.1362707515300522,-0.1083797271261039,0.12365076597603777,-0.10974153427947234,0.04138140327588528,-0.16485002840115143,-0.22404066356458355,-0.1447510130092394,-0.22425572429899981,55.2,6,Syn
-0.19250672190763007,-0.3248886108226486,-0.13234586002099435,-0.14064431402076544,0.13658631932709894,0.26460476374451924,0.08419720807287752,0.17206303209916862,-0.15797459785897144,-0.21463257250948087,-0.14448904536038032,-0.21962445636092764,55.3,6,Syn
-0.19534790041627867,-0.3326759632420131,-0.1330583540376284,-0.14026645906873758,-0.2576923649642466,-0.19917935794532302,-0.22315658991572243,-0.11616803082753491,-0.16671186464087204,-0.22957721945789109,-0.1462344983807784,-0.231143945423267,55.3,6,Syn
-0.1873385907103387,-0.30712074662243405,-0.1318191317710735,-0.1402085502638291,0.582191222875306,0.9745952710227962,0.7538574570020359,1.1732052843438483,-0.141215806693895,-0.17055440629194546,-0.13936196423271016,-0.20411467406539552,55.4,6,Syn
-0.18851096089745892,-0.28002049833327114,-0.1320742657671289,-0.13900549484185534,-0.08455846747100548,-0.008883040766847433,-0.0021426353425171188,0.07148459872064593,-0.15942193770955718,-0.21547811347226634,-0.1424052798334557,-0.22086578061333492,55.5,6,Syn
-0.18545147897465689,-0.29799131160872766,-0.1308491522929826,-0.1365241025515268,0.19036833854840363,0.38652912979515314,0.22328357603704982,0.31202882400354637,-0.15292702844264858,-0.20198999770290094,-0.14474502517726548,-0.22149321359909713,55.5,6,Syn
-0.1871105849222229,-0.2785573009682203,-0.1309291021166313,-0.1358538081347111,0.0033591712560587994,0.10596836482228561,0.08369581525397278,0.20371358805744502,-0.1566303158537717,-0.20734412523779933,-0.1447195768913763,-0.223899125695581,55.8,6,Syn
-0.19172406374133188,-0.301840797293962,-0.1331171406726642,-0.14048651252738983,-0.13956838667453172,-0.017471635612955623,-0.0820646506759312,0.08330080627840243,-0.16294855452859003,-0.22144033553519535,-0.14386331691910556,-0.22302342785933735,55.8,6,Syn
-0.19411569892305713,-0.31229267466892247,-0.1335815550894471,-0.14181407187991682,-0.29784469438289185,-0.22359791191955217,-0.28202010685513784,-0.21491776541735721,-0.16919657796809043,-0.23713786142307208,-0.14619408051495444,-0.23194290685118005,55.8,6,Syn
-0.17992597700308474,-0.2718763483461426,-0.13045175464014053,-0.13609123423483588,-0.08983843739455823,-0.11514585150987229,-0.053485259998361546,-0.027687143281953392,-0.16199158882143436,-0.2271882766691993,-0.14553691595581658,-0.2296543563203783,55.9,6,Syn
-0.15913864078869783,-0.27106127867299346,-0.12935479603037228,-0.13743327078859,0.24525546775370774,0.2849816260264622,0.2951833062679882,0.326377076037965,-0.15419543269355315,-0.2126982527726977,-0.13947124216623422,-0.21696125160121754,56.0,6,Syn
-0.17873905325502096,-0.2766129178925152,-0.12964167480934705,-0.13501123502329265,-0.09082075738033547,-0.1417536551507565,0.15338941708173034,0.21904652405501002,-0.15395081187373583,-0.20811148261840942,-0.14089185530204706,-0.2103754622039005,56.0,6,Syn
-0.19249863659599475,-0.3252355882738687,-0.13174270914552694,-0.14002324208812195,-0.1297451868167592,-0.08045466448441568,-0.10181952774077759,-0.09928773431645417,-0.16147063707552714,-0.2246024270809547,-0.14306693526657402,-0.22139842156527692,56.1,6,Syn
-0.17787554197236963,-0.2785114737576818,-0.13199901887428306,-0.13886506598995227,0.057632350470252114,0.07363483128399596,0.05541726026774597,0.057980361511781334,-0.1564287301781815,-0.21773964597889459,-0.14176158789625914,-0.22202585455103915,56.2,6,Syn
-0.16748753358332089,-0.2374273795099123,-0.13169803130289973,-0.13881729122590278,0.1284821794444366,0.20280056161664264,0.21706630508263117,0.30330733747282135,-0.15245024434476392,-0.20496097382556494,-0.14228702015197076,-0.21848243804871298,56.3,6,Syn
-0.18637805568806365,-0.29877692093224484,-0.1322635587319442,-0.1402910703108237,0.23076624796349324,0.4668577521793415,0.3521415304955656,0.547227622057938,-0.1504038099863849,-0.19413109985016208,-0.14479891566503075,-0.22786233549053947,56.3,6,Syn
-0.19392973675544495,-0.3088490871341719,-0.13271739155442067,-0.14009562809425755,-0.046861938016803335,0.632567111563076,-0.06712314467257022,0.44707119609219226,-0.1630504798701806,-0.20015702705412286,-0.145161179499453,-0.2229557192637515,56.4,6,Syn
-0.19040939206943017,-0.31241051606745,-0.13258806095734188,-0.14091793312395803,0.04302034068181545,0.0818866184890803,0.12330584794744652,0.16742095055862144,-0.15477414213302834,-0.20829970235327605,-0.14044127094600947,-0.21667236159338457,56.5,6,Syn
-0.1776329826233103,-0.2937293810286467,-0.13180972590946777,-0.13838876606957998,-0.019602558411484526,0.02850260738679998,0.08369581525397278,0.07345396664693868,-0.15654764307670382,-0.21585165725377087,-0.1404098348281464,-0.21603590079487758,56.5,6,Syn
-0.17948290192546965,-0.2518367638520907,-0.13225180140493706,-0.13982779987155583,0.29265240706746026,0.4767935775895451,0.28956770669625526,0.44538316644108417,-0.144270169430225,-0.1788129091202473,-0.14179751488810266,-0.2107726859646708,56.6,6,Syn
-0.18859666520079324,-0.31617816744815136,-0.13129240352115262,-0.13832940954454878,0.26342838749058695,0.5675632368454728,0.2627933301667426,0.45832472709957944,-0.15532793648900364,-0.2062524507755729,-0.14445760924251724,-0.2252623254200428,56.6,6,Syn
-0.1867111705274385,-0.308453009100232,-0.1319813828837723,-0.1412871017552496,-0.14067349665853116,-0.11110415981758609,-0.11395323395827207,-0.15879077951801376,-0.16356576909711057,-0.23065151979074525,-0.1434726108828072,-0.22384044491273994,57.1,6,Syn
-0.1898531226289207,-0.3083318943295231,-0.13240229519062874,-0.1380775062431969,-0.04379218806124942,-0.02723905720264729,0.010492463693882096,-0.009259486257356925,-0.16111729589134657,-0.22459953139272598,-0.14340824168908753,-0.21976438745847174,57.4,6,Syn
-0.190845998897737,-0.2873659455081572,-0.13279263844726652,-0.13898812220038279,-0.07461247761501077,0.013009455899702855,-0.014577177251354441,0.08344147541599478,-0.1617254504295035,-0.22133609075896155,-0.145962052025965,-0.23198353200853156,57.4,6,Syn
-0.12872493254130854,-0.15321660677322851,-0.12031341156186456,-0.11983044181653356,0.375412865869194,0.5608270840249958,0.5286318027500309,0.6618729691956946,-0.14195306666473329,-0.18165068358439032,-0.13347891931833242,-0.20576224989131786,57.5,6,Syn
-0.18802745926166728,-0.2956835842208958,-0.13253397725310895,-0.14064286630064274,-0.00044731868882806196,0.04669022000208791,0.022225055656252796,0.08991225574524239,-0.1585000796200605,-0.21385363237595592,-0.1462344983807784,-0.22961824506939918,57.6,6,Syn
-0.18327814720708505,-0.29114014363322116,-0.13065515639736444,-0.13673112652907463,0.07285831024979955,0.21593605961657283,0.09653147141793389,0.1669989431458444,-0.1582939639292885,-0.21808133718988323,-0.14426599861935177,-0.22447239180487455,58.1,6,Syn
-0.1842483846033225,-0.2989929634962121,-0.13011196788963353,-0.13700619335238992,0.14604114919020503,0.21745169400118017,0.2300022398103732,0.3305971501657352,-0.15376961126646377,-0.20712984430887424,-0.14230198973190555,-0.2139911012081849,58.1,6,Syn
-0.17592698186825947,-0.2949208885026478,-0.13310891054375917,-0.14177353571648088,0.6201333323259525,0.882646785023285,0.7806318335315485,1.1144055848302505,-0.13983528456724084,-0.17392209170194373,-0.1390625726340141,-0.2155754823448938,58.2,6,Syn
-0.18933566268426075,-0.3146331357785675,-0.13168392251049113,-0.14000007856615856,0.651076411877936,1.2169283687394568,0.8342808651543546,1.4133275022139717,-0.15112747991167774,-0.20435577498576302,-0.13867486051370267,-0.21416262965033572,58.3,6,Syn
-0.19216713881894695,-0.28563760499641927,-0.13051994713678206,-0.1268446458110737,-0.25278076503536034,-0.04492145835639944,-0.23609252464346447,-0.05919703010263743,-0.16723508139437016,-0.22387560933554665,-0.14506088331388983,-0.2227751630088559,58.3,6,Syn
-0.19318588808499626,-0.31655133187682205,-0.1305375831272928,-0.1274440019418765,-0.10052116723988587,0.10276869223255904,-0.07574710115773159,0.09272563849708917,-0.16272884879227265,-0.2160543554297811,-0.14567313913322327,-0.2305165124375048,58.3,6,Syn
-0.1912114549836531,-0.29187337900183724,-0.13175329073983338,-0.13763016072527884,-0.039003378130585305,0.4146525678206447,-0.029318126127153524,0.38250406193730846,-0.16275149886818166,-0.21354958511194058,-0.14338578731918533,-0.22353349927941743,58.4,6,Syn
-0.19541743409634235,-0.3216283321300521,-0.13281027443777726,-0.14026501134861488,-0.21606655556693544,0.183939333719307,-0.20861619816748525,0.1391464539025612,-0.16747970221418748,-0.2229837373611017,-0.1462344983807784,-0.23288631328300957,58.4,6,Syn
-0.1786258588921266,-0.2662428748220878,-0.128999724754756,-0.1338183136421779,0.08513731007201523,0.20364258071920227,0.07737826573577318,0.17670511363971583,-0.15640608010227253,-0.21228706504421982,-0.14113735641297784,-0.2192859133829984,58.4,6,Syn
-0.18644758936812733,-0.3113106630145259,-0.1335897852183521,-0.14137541268273504,-0.17615980614473448,-0.2109676253811578,-0.10803679869519625,-0.1998661676949769,-0.16441288193610754,-0.235438092432815,-0.14526297264300966,-0.22955505038018573,58.5,6,Syn
-0.17417893749270502,-0.25445546159714816,-0.1319813828837723,-0.13929214342615234,0.025461370936047025,0.06218337148918504,0.06434205244425018,0.07865872473785523,-0.15742080350299617,-0.21619913984121697,-0.1454590741401556,-0.2239442647593049,58.6,6,Syn
-0.17078795779285522,-0.25599394652236934,-0.13102433646538933,-0.13759107228196563,-0.06282463778568373,-0.10824129486888336,0.3109270407815968,0.40599580791522916,-0.1502226093791128,-0.19997170300748496,-0.1346675039651558,-0.20489557986781898,58.6,6,Syn
-0.1921056904505186,-0.3247118487248572,-0.13105255405020652,-0.13662399523999394,0.013182371113831345,0.05679444923280343,0.0691554235057356,0.14843061698365562,-0.15825772380783407,-0.2171749867742947,-0.14334536945336135,-0.22048209857168174,58.7,6,Syn
-0.18975609888929695,-0.28981442789978584,-0.13212247080785827,-0.13824399405730878,-0.27316390474023833,-0.3542792766368062,-0.18495045711518196,-0.18326720945908084,-0.16695648546068934,-0.23460702991117313,-0.14343818084895713,-0.22210259095936977,58.7,6,Syn
-0.18899284547092352,-0.30518291029109157,-0.13288669706332382,-0.13845536119522475,-0.294038204438005,-0.3544476804573181,-0.2543432232515967,-0.23404876812991537,-0.168370982701207,-0.235417822615214,-0.1462344983807784,-0.2320106154467659,58.7,6,Syn
-0.19468005367520191,-0.3209769310659691,-0.13219889343340482,-0.13588131481704263,-0.229819035367817,-0.09645302743304858,-0.203501991414657,0.019155679536295645,-0.1660697349888516,-0.2196768614039065,-0.1433333937894135,-0.2162931934581038,58.7,6,Syn
-0.19662052846767678,-0.33833889711569975,-0.13284437068609803,-0.13701632739324893,-0.19470109587628015,-0.015282385946300594,-0.13932371059485146,0.1252202092809196,-0.16395535040274553,-0.2120003919095768,-0.14560876993950364,-0.23058873493946302,58.7,6,Syn
-0.17126822530399274,-0.2596142961549112,-0.13030008512174812,-0.13785600506442194,0.26281443749947614,0.37272001651317527,0.3436178525741852,0.4400377392125753,-0.14944231426404742,-0.20200737183227324,-0.14531536617278148,-0.21859077180165035,58.9,6,Syn
-0.19270076938687755,-0.30519600377981687,-0.13076567527123176,-0.13492292409580722,-0.12139546693765253,-0.11548265915089614,-0.0990117279549111,-0.11518334686438854,-0.162320014922115,-0.22561012658454835,-0.14464921986568272,-0.22550156245777947,59.0,6,Syn
-0.19018462040596848,-0.28102869696511823,-0.13184147069238708,-0.1387130553770675,0.11153715968977895,0.4474913128204701,0.07707743004443034,0.30598005108707577,-0.15978320642030588,-0.21305442242482991,-0.14384535342318377,-0.22468905931074926,59.0,6,Syn
-0.191649678874287,-0.32421429615329633,-0.1321177678770554,-0.14000731716677212,-0.279917354642457,-0.0912325089971789,-0.26186411553516764,-0.13839375456712455,-0.16928378076034012,-0.23681064865322704,-0.14577343531878648,-0.2303765813399607,59.0,6,Syn
-0.17967209821773594,-0.29683908460090236,-0.1321542155907776,-0.13965117801658494,0.006551711209834877,0.07632929241218676,0.12801894044515097,0.16249753074288956,-0.1582271462053569,-0.21968554846859265,-0.14268221706224957,-0.22123592093587088,59.1,6,Syn
-0.18604332378636174,-0.27002034631933314,-0.1322412198106306,-0.13925739814320726,-0.03237271822658883,0.07447685038655559,0.04789636798417501,0.3003532855833822,-0.15787833503635818,-0.20633353004597696,-0.14137836664992817,-0.21753451771051108,59.2,6,Syn
-0.18434702540527328,-0.2702887628382015,-0.12714089135492365,-0.12901912143538727,-0.17566864615184585,-0.2416171207143282,-0.14714543856976525,-0.21533977283013422,-0.16394062785340466,-0.2309642541194467,-0.14384834733917073,-0.22330329005442554,59.3,6,Syn
-0.16237438250514966,-0.2477123149036253,-0.12899149462585097,-0.1335953647432802,-0.11083552709054705,-0.1985057426632753,0.09071531471863901,0.09356965332264322,-0.15381491141828177,-0.2120467229212363,-0.13577525288033124,-0.2109983812832903,59.6,6,Syn
-0.1934510863066345,-0.3169965104934818,-0.13307951722624128,-0.1414506941291161,-0.025742058322592368,0.08087619556600875,-0.023000576608953917,0.04630482309161716,-0.16025319549541786,-0.21833905344223908,-0.1448123882869721,-0.22312273379952993,59.7,6,Syn
-0.19402837755739577,-0.31785413400498813,-0.13343223703645612,-0.1413348765192991,-0.2807768846300121,-0.1836862064582259,-0.2874351492993089,-0.2402382101839783,-0.1687096013360467,-0.23398156125377018,-0.14617162614505225,-0.2322859637354817,59.7,6,Syn
-0.17993082819006592,-0.2575684385415851,-0.13090911466071914,-0.13778217133816362,0.2715325273732493,0.4602900031793764,0.4028824837687244,0.72292337491077,-0.14856915383775507,-0.18782139519978697,-0.14389175912098168,-0.21414006011847375,59.7,6,Syn
-0.18526551680704473,-0.29375229463391594,-0.12972044890029502,-0.13604056403054096,0.018093971042717618,0.0399540671816109,0.08499943658312509,0.07612668026119312,-0.1571501350958835,-0.22042394896691558,-0.14204151904103998,-0.21745778130218044,59.7,6,Syn
-0.19116779430082242,-0.30146435949311,-0.1328208560320837,-0.14035042683585489,-0.10506439717410566,-0.06614033974090203,-0.06521785196073225,-0.03134454085935422,-0.16302782979427158,-0.22805119176135705,-0.14605336646356729,-0.23182103137912552,59.8,6,Syn
-0.1880129057007237,-0.3025871261513034,-0.1309502653052442,-0.1369294641858862,-0.1857374260060627,-0.06647714738192588,-0.13260504682152807,-0.10491449982014775,-0.16279453401240876,-0.2237192421711959,-0.14326303676371993,-0.2220980770529974,59.8,6,Syn
-0.19619200695100522,-0.3327676176630901,-0.13368854676521227,-0.1432719260434879,-0.321420374041546,-0.31470437881650376,-0.2994685769530224,-0.32238898653790454,-0.16956011168643004,-0.23963104898799772,-0.1457330174529625,-0.23081443025808254,59.8,6,Syn
-0.1763458010109686,-0.29479977373193894,-0.13091381759152199,-0.13617520200195318,0.04891426059647898,0.13223936082214596,0.16853148021265324,0.21271641286335474,-0.1551274833172089,-0.21492793270881005,-0.14040085308018552,-0.21715083566885793,59.8,6,Syn
-0.17450396702044457,-0.2337906630164638,-0.12756768232528365,-0.12997751215662268,0.46725978453936723,0.7782364163058914,0.5058685687717561,0.7111071673530134,-0.1412203367090768,-0.17441146301259694,-0.14283340981959108,-0.206967462892746,60.1,6,Syn
-0.18307601441620225,-0.27320861082394055,-0.12951234421226826,-0.13437568588942203,-0.09708304728966548,-0.054352072305067264,0.18788524302237583,0.3545109035564329,-0.15236304155251423,-0.19495637099534652,-0.13713149682242445,-0.197650760140133,60.3,6,Syn
-0.1856487605785585,-0.3188525125202913,-0.13077860833093963,-0.1393225455487293,-0.19052623593672682,-0.22477673866313566,0.10465403508419054,0.11213797948483202,-0.1581433409244936,-0.2198795595799167,-0.1405909667453575,-0.21595916438654694,60.6,6,Syn
-0.19199087902529716,-0.3240899080104061,-0.13227531605895138,-0.14086002431904954,-0.05091400795813451,-0.04812113094612602,-0.031724811657896236,-0.03739331377582482,-0.16130189401000503,-0.22543928097905402,-0.1447944247910503,-0.2268060813994002,60.6,6,Syn
-0.1497467427931195,-0.15705954571410027,-0.11616660232643847,-0.10838331880624898,0.4425789948967137,0.5601534687429481,0.3445203596482137,0.4503065862568161,-0.15593156101197875,-0.2157387254128509,-0.14263880528043862,-0.2237682224107817,60.9,6,Syn
-0.19211700988680802,-0.33384455711074495,-0.1306974827745902,-0.13916474405535367,-0.04907215798480216,-0.09089570135615505,-0.02269974091761108,-0.05961903751541445,-0.1582067611370388,-0.22049923686086223,-0.14538422624048158,-0.21992688808787778,60.9,6,Syn
-0.1809932381389459,-0.2771923047686091,-0.13039649520320687,-0.13579010844931177,0.3490130162514302,0.48033005782029553,0.5286318027500309,0.6967589153185948,-0.1447209059408143,-0.1920635784548579,-0.14045474356795082,-0.2037580754619767,61.2,6,Syn
-0.19548373365175192,-0.33851238584130977,-0.13253397725310895,-0.14009273265401212,-0.1388316466851988,-0.09897908474072746,-0.0831677148775216,-0.022482385191036833,-0.16310823756374856,-0.22489199590382644,-0.1435384770345203,-0.2233574569308942,61.2,6,Syn
-0.1895054542286023,-0.29770652822895266,-0.13164042040056462,-0.1402708022291057,-0.03261829822303315,-0.023197365510361084,0.061534252658383685,0.11438868568630946,-0.15812182335238,-0.21837090601275497,-0.1449471145063853,-0.22069876607755648,61.3,6,Syn
-0.18954588078677884,-0.31876085809921423,-0.13177915685924912,-0.13898233131989196,-0.10543276716877215,0.12819766912985975,-0.05759668111338034,0.2039949263326297,-0.16291004939954473,-0.22286211845549558,-0.14416869634977553,-0.22341613771373528,61.3,6,Syn
0.2673550797246971,0.9914129042191858,0.42147597425517636,0.8419117515029558,0.6445685419721616,0.6377876299989457,0.9970329741708303,1.1533709359433286,-0.12796890979851056,-0.15200752318701086,-0.128902718732263,-0.18204167190440826,61.5,6,Syn
-0.1751216848293824,-0.2601085753542908,-0.13052582580028566,-0.13806158132184707,0.0789978101609074,0.14756410848873117,0.19510529961460396,0.23705217366682946,-0.1539496793699404,-0.2105959831186489,-0.13764645037218168,-0.21323276493762336,61.5,6,Syn
-0.1875229358156238,-0.29786365009365606,-0.13120775076670105,-0.1386406693709319,-0.03409177820169903,-0.006020175818144703,-0.016081355708068634,-0.012213538146796054,-0.16189645850261652,-0.22654543388242404,-0.1450563924399094,-0.2265307331106844,61.7,6,Syn
-0.1942838734050716,-0.33075122039939586,-0.13309127455324843,-0.14111192762040145,-0.27181321475979464,-0.2801815956115591,-0.27189197191326225,-0.2880657169653737,-0.16871752886261487,-0.23860307966680305,-0.14389325607897516,-0.224986977131327,61.7,6,Syn
-0.16287728888886605,-0.3012941441396813,-0.1310302151288929,-0.13745209115018525,-0.08271661749767313,-0.11261979420219341,-0.034733168571324614,-0.050897550984689406,-0.16074017212746156,-0.22538426290270838,-0.14438575525883018,-0.22572725777639896,61.8,6,Syn
-0.1618989661809933,-0.27563090623811864,-0.13223534114712704,-0.14098887140997093,0.46112028462825944,0.580698734845403,0.582381112936618,0.780175713910852,-0.14206178702909653,-0.18182442487811334,-0.13588453081385532,-0.20550947113446402,61.8,6,Syn
-0.19277353719159535,-0.2963218917962535,-0.1328996301230317,-0.1406877456244468,-0.2198730455118223,-0.19075916691972675,-0.19778611327914306,-0.1496472855745117,-0.16696328048346204,-0.23264375329210277,-0.14570008437710594,-0.227532820325355,61.8,6,Syn
-0.17479180411466166,-0.2595030015007463,-0.1324810692815767,-0.14072683406776004,-0.25695562497491364,-0.24616402386815017,-0.24040450288604517,-0.16723092777355414,-0.1677537681326865,-0.2332170995613888,-0.1462344983807784,-0.2318706843492218,61.8,6,Syn
-0.18180338636480417,-0.25481553253709355,-0.13153342872479945,-0.1391299987724086,0.38683233570385456,0.578509485178748,0.4015788624395721,0.5894283633356397,-0.14369712250972705,-0.18142192421432166,-0.14018379417113086,-0.21310186165282405,61.8,6,Syn
-0.18673866058699856,-0.30972635087876615,-0.13223534114712704,-0.13916040089498555,0.03626689077959683,0.17282468156551994,0.06143397409460274,0.20329158064466799,-0.15744005606751882,-0.21093767432963756,-0.14182745404797228,-0.22155640828831058,61.8,6,Syn
-0.1949905296419979,-0.32430595057437334,-0.13224592274143349,-0.13821648737497724,-0.21839956553315643,-0.20860997189399083,-0.18334600009468682,-0.14444252748359515,-0.16593609954098845,-0.23056754483211242,-0.14564319997335368,-0.2301463721149688,61.9,6,Syn
-0.17901395385062155,-0.2687993784957001,-0.13102668793079075,-0.1385335380818512,0.4210907452078363,0.64166091787072,0.5660357070403238,0.8194224032991148,-0.1440549937090894,-0.18138717595557705,-0.14240677679144917,-0.21428901902876263,62.1,6,Syn
-0.10236196542321055,-0.06063254799672366,-0.12838834375038355,-0.1353384197710256,0.07445458022668759,0.05814167979689883,0.5630273501268954,0.7495098419157221,-0.1431059555285019,-0.17969030265354868,-0.12983532356220126,-0.18748092908313824,62.2,6,Syn
-0.18840746890852691,-0.3022401487000833,-0.13198961301267734,-0.13896785411866483,0.020672561005382912,0.10512634571972598,0.10294929949991445,0.2257986426594423,-0.15507425563882274,-0.20613372755819548,-0.14310136530042405,-0.21829736788744497,62.4,6,Syn
-0.18121477567775346,-0.2928848510058657,-0.13143819437604143,-0.1390836717284818,0.0295134408773782,-0.0026520994079061973,-0.025206705012134734,-0.07846870195278793,-0.1596597635066018,-0.2212173675415841,-0.1443558160989606,-0.22462135071516343,62.5,6,Syn
-0.1889410994764575,-0.30040378690636177,-0.13300427033339543,-0.1410699437368428,-0.17824723611451113,-0.18823310961204787,-0.11736270512682424,-0.164276875884115,-0.16392024278508657,-0.23185902178212037,-0.1450563924399094,-0.22654878873617396,62.5,6,Syn
-0.18588000049132844,-0.2919715801672769,-0.1318273618999785,-0.13900839028210077,-0.09499561731988881,-0.04222699722820864,0.0009660001346922117,0.06838987769361446,-0.16068014942630268,-0.21871549291197234,-0.14392319523884475,-0.2201480695001249,62.7,6,Syn
-0.18979975957212764,-0.32234192726558025,-0.1335956638818557,-0.13977278650689276,-0.16989751623540447,0.0679091013865905,-0.17472204360952545,0.055166978759934544,-0.16586928181705687,-0.2241188471467589,-0.14294418471110862,-0.22112307327656114,62.7,6,Syn
-0.1855371832779912,-0.26763078462696827,-0.12757356098878722,-0.12783343865488606,-0.17419516617317995,-0.20928358717603854,-0.12568582592064279,-0.1956460935672067,-0.16302896229806702,-0.22909653521192402,-0.14352650137057246,-0.22645851060872615,62.8,6,Syn
-0.18774932454141255,-0.3053989528550588,-0.13028009766583595,-0.13486646301102145,0.20854125828528283,0.41734702894883546,0.19139499275470895,0.3524008664925478,-0.1546654217686651,-0.2051723590662613,-0.14439623396478454,-0.22147064406723518,62.9,6,Syn
-0.1915898475681857,-0.3127542201464888,-0.1320895502922382,-0.13907932856811367,0.015883751074718795,0.082560233771128,-0.01176937746548795,-0.016292943136973898,-0.1597650863595787,-0.22165172077589174,-0.14511776771764207,-0.22725747203663918,63.2,6,Syn
-0.18746795569650368,-0.3057557504228229,-0.13205427831121672,-0.1412740722741452,-0.20329639575183112,-0.25677346456040145,-0.037942082612314895,-0.04963152874635835,-0.16110030833441483,-0.22542769822613914,-0.14143525105368043,-0.21753451771051108,63.4,6,Syn
-0.17723033410387173,-0.2667044202996542,-0.1296381476112449,-0.13347665169321782,0.633149072137501,0.9048760893308592,0.7604758422115784,1.0854277424862286,-0.14016937318689873,-0.17121751889632172,-0.14254449692684937,-0.20930566639364404,63.5,6,Syn
-0.18625839307586103,-0.301952091948127,-0.13253985591661252,-0.14089766504224005,0.007042871202723504,0.0406276824636586,0.04248132554000392,0.06571716407936,-0.15819656860287976,-0.21575030816576576,-0.1459081615381997,-0.229153312713043,63.7,6,Syn
-0.19568424938030765,-0.3264369158644138,-0.13281850456668226,-0.13932833642922013,-0.2684978848077964,-0.13333346412516023,-0.27189197191326225,-0.21280772835347211,-0.1688953319585006,-0.2370249295821521,-0.14453096018419778,-0.22433697461370283,63.8,6,Syn
-0.184961509089557,-0.29739555787172706,-0.13128064619414545,-0.13444083329494408,0.09336423995289975,0.2004429081294757,0.2004200634949941,0.31540488330576255,-0.15337323493805607,-0.2021145122967358,-0.143752542027588,-0.22190397907898463,63.8,6,Syn
-0.1937728817097199,-0.3254745444431052,-0.1331253708015692,-0.1415737503395466,-0.1754230661554015,0.27201453184704394,-0.17763012195917288,0.24661767502310855,-0.16701311065046187,-0.21980427168597005,-0.14532285096274888,-0.22958213381842005,63.9,6,Syn
-0.18804039576028378,-0.3036837058320462,-0.13158516096363096,-0.13800512023706127,-0.05496607789946569,-0.029259903048790392,0.009289120928510742,0.033925938983491284,-0.1598149165265785,-0.22065849971344167,-0.144095345408095,-0.2264359410768642,63.9,6,Syn
-0.18951192247791054,-0.2978178228831176,-0.12684460671434317,-0.12438931248295397,-0.22846834538737326,-0.2835496720217976,-0.19698388476889547,-0.18734661444925868,-0.1652464047295591,-0.23135517203032355,-0.1419936163852486,-0.21892931477957958,64.1,6,Syn
-0.17663687222983984,-0.30871815224691906,-0.13180972590946777,-0.13694683682735873,0.05701840047914133,0.030860260873966934,0.20122229200524167,0.2158111338903862,-0.15448535366518848,-0.2119482695214599,-0.13866438180774832,-0.2115806752053286,64.2,6,Syn
-0.17579114863278622,-0.2870713420118382,-0.13334758428200458,-0.1407340726683736,1.3951838011042064,1.9833341558892288,1.6855455930908065,2.353700687018761,-0.1310765002132267,-0.1591627688001714,-0.12312745479341583,-0.1669065438377845,64.3,6,Syn
-0.1912583497911379,-0.3146920564778313,-0.13265860491938486,-0.14150860293402456,0.6442001719774951,1.0284844935866122,0.6559855787518325,1.0579972606557224,-0.14514106484892642,-0.18672972073756053,-0.1399832018000045,-0.20397474296785142,64.6,6,Syn
-0.18387484320577108,-0.28462285962020956,-0.13056227351400784,-0.1376127880838063,0.015515381080052324,-0.002988907048930048,0.13463732565469344,0.17642377536453116,-0.1553698391294353,-0.2112996353582272,-0.14294867558508906,-0.2171102105115064,64.7,6,Syn
-0.17244221255344003,-0.24418689306434174,-0.13142761278173498,-0.13580313793041618,0.1096953097164466,0.20886309915507198,0.202425634770613,0.3116068165907694,-0.15223506862362834,-0.19885107166297133,-0.14405343058427755,-0.2163834715855516,64.7,6,Syn
-0.16657551043085772,-0.23561720469364136,-0.13030596378525172,-0.13864356481117732,0.4736448644469194,0.6734892399474739,0.6004312544171883,0.7896005461295388,-0.1411569164965316,-0.17821639734513153,-0.13547286736564823,-0.19956465644202637,64.7,6,Syn
-0.18576357200377994,-0.30373607978694733,-0.1331171406726642,-0.1397423843843158,-0.15282970648252467,-0.06950841615114053,-0.09179167136268297,0.004948096639469359,-0.16315693522695293,-0.221382421770621,-0.1459231311181345,-0.2320557545104898,64.8,6,Syn
-0.19477222622784446,-0.31823384517802145,-0.13269387690040635,-0.1400275852484901,-0.24357151516869857,-0.035659248228243554,-0.24421508830972113,-0.12334215684474423,-0.16805614664607177,-0.23052700519691038,-0.1449950171621767,-0.22360572178137567,65.2,6,Syn
-0.1924113152303334,-0.32151376410370586,-0.13275383926814288,-0.13685418273950517,-0.21803119553848993,-0.0009680612027869443,-0.1813404288190679,0.041944079826254636,-0.1670097131390755,-0.22497886655068797,-0.1457869079407278,-0.22903143724098848,65.2,6,Syn
-0.18631175613265408,-0.2865377823462828,-0.12994031091532895,-0.13458994846758343,-0.13748095670475508,-0.1358595214328391,-0.06421506632292279,-0.05174156581024344,-0.16247290293450084,-0.2249035786567413,-0.14456239630206086,-0.22191752079810179,65.4,6,Syn
-0.19176287323718136,-0.31171983453719115,-0.13324647126974298,-0.14010865757536198,-0.2971079543935589,-0.2805184032525829,-0.28663292078906133,-0.2441769460365638,-0.16920903550984037,-0.23804710752688935,-0.1453587779545924,-0.2276095567336856,65.4,6,Syn
-0.18470116205489995,-0.2879322388955258,-0.13064339907035727,-0.13545568510096528,0.17735259873685502,0.41583139456422813,0.18938942147909002,0.36773380249011284,-0.155273576306822,-0.20731516835551214,-0.14388876520499472,-0.22243210612455425,65.5,6,Syn
-0.16980640096032834,-0.2476108403660043,-0.13317357584229858,-0.14237578728752912,-0.1516018065003031,-0.15421553786863895,0.13614150411140763,0.18486392362007154,-0.15826565133440224,-0.21803500617822377,-0.14386181996111208,-0.2193716776040738,65.8,6,Syn
-0.1743180048528324,-0.28022344740851307,-0.13122773822261322,-0.1379602409132572,0.5393375134957733,0.7792468392289629,0.5611220574150574,0.7194066464709614,-0.1439428758333398,-0.18836578458678585,-0.13961495013360833,-0.21504735529932417,65.8,6,Syn
-0.1937179015905998,-0.322512142619009,-0.13299604020449043,-0.14166929986764562,-0.0981881572736649,0.04231172066877786,-0.10924014146056761,-0.023045061741406192,-0.16329170317861152,-0.22021545941444792,-0.14425252599741042,-0.22477933743819706,65.9,6,Syn
-0.1408108563737728,-0.2744557656250241,-0.122577872743444,-0.13076796734362348,0.30861510683634064,0.3676679018978175,0.3211554542872533,0.5058708956057901,-0.14617164330278637,-0.192031725884342,-0.14046671923189866,-0.2147088123213949,65.9,6,Syn
-0.19159793287982102,-0.29862961918408537,-0.1318214832364749,-0.13877820278258954,0.0011489512880599767,0.22890315379599108,0.06905514494195465,0.3117474857283617,-0.15679226389652112,-0.20072168625872275,-0.1448857392286526,-0.22027445887855182,66.2,6,Syn
-0.18858696282683085,-0.2690579748980245,-0.1321248222732597,-0.13839600467019356,0.5559141632557644,1.2689651492776417,0.47327803554294856,1.0716421670021794,-0.151487616118631,-0.18557434113430232,-0.14282891894561064,-0.2176654209953104,66.2,6,Syn
-0.17610485872423634,-0.29311726043073955,-0.13024364995211377,-0.13744919570993983,0.12885054943910307,0.18932825597568864,0.23852591773175363,0.3090747721141073,-0.15352046043146464,-0.2043181310387897,-0.14077359562056213,-0.2212765460932224,66.2,6,Syn
-0.19381654239255058,-0.32415864882621387,-0.13302190632390617,-0.1408194881556136,-0.21140053563449349,-0.21214645212474126,-0.22014823300229405,-0.2817356057737184,-0.16748649723696019,-0.23858280984920205,-0.14445611228452376,-0.2264810801405881,66.2,6,Syn
-0.1834738117486596,-0.286000949308546,-0.1311031105563373,-0.13730876685803675,-0.013340268502154527,-0.011914309536062088,0.0168100132120817,0.01803032643555693,-0.15905613898362667,-0.2189905832937005,-0.14396361310466874,-0.2193761915104462,66.3,6,Syn
-0.19203130558347373,-0.29355589230303664,-0.13217067584858763,-0.138750696100258,-0.14975995652697074,-0.06849799322806899,-0.09500058540367325,0.04264742551421633,-0.16327358311788434,-0.21998959573260796,-0.1449396297164179,-0.22491024072299637,66.3,6,Syn
-0.18376003178054964,-0.28161135721339353,-0.13184382215778853,-0.13855380616356916,0.13597236933598816,0.1398175327451826,0.1365426183665314,0.17234437037435332,-0.1561070991002736,-0.21274747947258588,-0.142724131886067,-0.2238539866318571,66.4,6,Syn
-0.19332010425814244,-0.3040306832832663,-0.13238818639822014,-0.13870726449657664,0.03221482083826565,0.41498937546166853,0.0168100132120817,0.34607075530089254,-0.16032341073073578,-0.20602658709373292,-0.1454815285100578,-0.22445433617938498,66.7,6,Syn
-0.15835436556007257,-0.19864119253343068,-0.12111878846185517,-0.118314678848054,-0.11537875702476684,-0.1836862064582259,0.10776267056139986,0.12043745860278005,-0.15795421279065336,-0.22046448860211762,-0.14017032154918954,-0.2065205861618794,66.8,6,Syn
-0.17674198128109891,-0.26229518797141377,-0.13130063365005765,-0.13644737338502305,0.23899317784437774,0.4323349689743968,0.33499389608902386,0.4695782581069666,-0.14879905210823152,-0.19337242953423814,-0.1423124684378599,-0.21781437990559924,67.1,6,Syn
-0.1754871409152985,-0.2860795102408977,-0.13185557948479568,-0.14178077431709443,-0.08897890740700312,-0.07877062627929643,-0.09179167136268297,-0.1545707053902436,-0.16353858900601975,-0.2323657672221459,-0.1434726108828072,-0.22396683429116687,67.4,6,Syn
-0.1924404223522205,-0.31599813197817866,-0.13320061769441505,-0.14069208878481493,-0.24578173513669738,-0.26081515625268764,-0.1759253863748968,-0.17271702413965537,-0.16574130888817096,-0.23145652111832865,-0.1461282143632413,-0.2324665199903773,67.4,6,Syn
-0.17523649625460383,-0.28665235037262904,-0.13072334889400597,-0.13883032070700718,0.20117385839195343,0.21021032971916737,0.2758295434582656,0.31835893519520164,-0.15210483068715153,-0.20613083186996675,-0.14276904062587142,-0.21640604111741357,67.4,6,Syn
-0.19167716893384706,-0.31758571748611975,-0.13207779296523106,-0.14078039971230039,-0.034214568199921185,-0.000799657382275019,-0.01698386278209715,0.015638951096487157,-0.16056463403916674,-0.2212810726826159,-0.14450401494031515,-0.22799323877533878,67.5,6,Syn
-0.17838168248074016,-0.27795827385903843,-0.13113367960655592,-0.13841048187142066,0.01833955103916193,0.020924435463763342,0.13092701879479843,0.13323835012368293,-0.15664503840311256,-0.22082355394247857,-0.14340824168908753,-0.22148418578635234,67.6,6,Syn
-0.1920539444560526,-0.32061031338166107,-0.13124067128232111,-0.1380775062431969,0.027057640912935065,0.020250820181715642,0.1289214475191795,0.19077202739894977,-0.1560040412548876,-0.2116992403337902,-0.14365973063199222,-0.22293766363826192,67.7,6,Syn
-0.18912059339476145,-0.2893561557944008,-0.13236232027880437,-0.13856249248430544,-0.16645939628518408,-0.2084415680734789,-0.11585852667011005,-0.16694958949836947,-0.16398366299763178,-0.23155497451810506,-0.14437827046886278,-0.22518558901171218,67.8,6,Syn
-0.1777008992410469,-0.30540877297160274,-0.13178268405735127,-0.13771557621251887,-0.014445378486153938,-0.051152399715340684,0.01009134943875831,-0.04105071135322564,-0.15823394122812962,-0.2206787695310427,-0.14285137331551284,-0.21943035838691488,67.9,6,Syn
-0.17997772299755074,-0.3074579039571102,-0.1308997087991134,-0.13765332424724225,0.3224903766354444,0.4333453918974684,0.3410106099158806,0.4404597466253523,-0.14994288094163652,-0.19846594512855195,-0.14193822893948982,-0.22179113141967485,68.0,6,Syn
-0.1912632009781191,-0.3255792923529075,-0.13036827761838968,-0.1374463002696944,-0.07989244753856352,-0.09998950766379902,-0.04305628936514315,-0.11377665548846513,-0.16183077328248038,-0.2303938035383894,-0.14362080972416175,-0.22454912821320516,68.1,6,Syn
-0.186465377053725,-0.31393590750394595,-0.1318050229786649,-0.13942388595731914,0.5222697037428935,0.7373142879214934,0.5624256787442097,0.8450241863409206,-0.14192362156605157,-0.17758224162304245,-0.14561625472947104,-0.21918660744280583,68.2,6,Syn
-0.19341065974845795,-0.3145283878687652,-0.13279263844726652,-0.1405313918511939,0.6760027815170337,1.5955001572502647,0.9379689001038529,2.090086723170717,-0.15074242862122458,-0.17758513731127115,-0.1440115157604601,-0.22063557138834303,68.2,6,Syn
-0.17985967744767517,-0.29769670811240867,-0.13119246624159175,-0.13832651410430336,-0.1857374260060627,-0.163140940355771,-0.2376969816639596,-0.17749977481779491,-0.16676169480787187,-0.22979729176327363,-0.14305645656061963,-0.22272099613238722,68.5,6,Syn
-0.1886791353794734,-0.2915689553889743,-0.13239053786362157,-0.13851471772025595,-0.198507585821167,-0.14023802076614916,-0.1535632666517458,-0.11630869996512724,-0.16500744642871903,-0.22790061597346375,-0.1462344983807784,-0.2316901280943262,68.5,6,Syn
-0.1894828153560234,-0.3072647749984122,-0.1328349648244923,-0.14065444806162442,-0.15639061643096722,-0.18873832107358365,-0.12347969751746196,-0.1435985126580411,-0.16465297274074303,-0.23399314400668506,-0.14573451441095597,-0.2283859486297367,68.7,6,Syn
-0.18397348400772187,-0.2687077240746231,-0.12963579614584347,-0.1345146670212024,0.2593763175492558,0.515189648666264,0.3680858221367361,0.6217822649818778,-0.14809010473227951,-0.1921996758016076,-0.14382589296926854,-0.20898066513483196,69.1,6,Syn
-0.19057433242679053,-0.3037000726929528,-0.13318533316930573,-0.141214715749114,-0.19396435588694722,-0.1079044872278595,-0.14584181724061296,-0.06651182525743908,-0.16524074221058185,-0.23026639325632584,-0.14572104178901465,-0.23039012305907788,70.0,6,Syn
-0.19465579774029598,-0.3270981370450408,-0.13185440375209498,-0.13742892762822187,-0.1269210168576496,0.09603253941208202,-0.10282231337858705,0.1316909896101672,-0.1631274901282712,-0.2167232594106148,-0.14445611228452376,-0.21934910807221186,70.1,6,Syn
-0.19334436019304838,-0.3032516207041117,-0.132923144777046,-0.13883611158749803,-0.25720120497135796,-0.0326279794590289,-0.2159365333234943,0.03561396863459936,-0.16722828637159745,-0.2231372088372237,-0.14535728099659892,-0.22947831397185509,70.1,6,Syn
-0.1843680472155251,-0.31909146868952776,-0.12882806778045142,-0.13405284430205724,-0.14939158653230428,-0.13215463738157673,-0.058198352496066016,-0.07298260558668669,-0.16229849735000146,-0.229055995576722,-0.1462344983807784,-0.22706788796899882,70.2,6,Syn
-0.19382301064185883,-0.3284500397559267,-0.1297028129097843,-0.13356496262070328,0.21271611822483616,0.641492514050208,0.34943400927348006,0.8215324403629999,-0.15569147020734325,-0.2041183285510082,-0.14365523975801178,-0.20957198686961506,70.4,6,Syn
-0.14935703077229748,-0.23189538052347852,-0.12938536508059093,-0.13536882189360255,1.2055960438491962,1.6837437591985136,1.1525650265950778,1.5202360467841498,-0.12454761583245459,-0.1413832430758469,-0.13967033757936712,-0.19964590675672939,70.6,6,Syn
-0.17871318025778796,-0.2426156744173073,-0.1317485878090305,-0.13662689068023937,0.5447402734175482,0.7561755158188291,0.6116624535606543,0.9630455927808934,-0.14317956827520617,-0.17289412238074905,-0.1456806239231907,-0.21460499247482995,70.7,6,Syn
-0.1107674553992808,-0.0010440808079422055,-0.09417452215954158,-0.07375819663134366,0.2930207770621267,0.46652094453831766,0.39566242717649625,0.5039015276794974,-0.1440232836028168,-0.1886901016684022,-0.13537257118008503,-0.19554276586422684,70.7,6,Syn
-0.19319882458361276,-0.2990977114060144,-0.13036239895488608,-0.13031193550496917,0.036880840770707614,0.39781218576945215,0.0924200503029151,0.4843485175541622,-0.15558274984298,-0.18671524229641695,-0.1441941446356647,-0.22263071800493942,70.8,6,Syn
-0.19024283464974273,-0.30943829412680984,-0.1317909141862563,-0.13852340404099223,-0.013463058500376685,0.11102047943764337,0.07376823743965912,0.19035001998617276,-0.15799951294247136,-0.2122146728385019,-0.14507285897783767,-0.2233168317735427,70.8,6,Syn
-0.14791299411423076,-0.19132520570817654,-0.10652089124976259,-0.08834397686766808,0.5295143136380007,0.7460712865881136,0.3899465490409823,0.555105093763109,-0.15462012161684707,-0.2095767008621404,-0.1440100188024666,-0.2165143748703509,70.8,6,Syn
-0.18379399008941796,-0.304200898636695,-0.12865523507344614,-0.13496346025924316,0.020672561005382912,0.10175826930948749,0.12571253347818923,0.1273302463448047,-0.15643892271234058,-0.21497136803224082,-0.14502944719602673,-0.2216918254794823,70.9,6,Syn
-0.19306784253512072,-0.31392936075958333,-0.13228001898975425,-0.1412161634692367,-0.19384156588872506,-0.20860997189399083,-0.18585296418921046,-0.263729956161899,-0.1654932905569673,-0.23727685445805052,-0.1462344983807784,-0.22754636204447215,71.0,6,Syn
-0.1921525852580034,-0.2902727000051709,-0.1318273618999785,-0.1361780974421986,-0.02168998838126119,0.3403864829748856,0.03365681192728066,0.463951492603273,-0.15851480216940134,-0.19736558360163936,-0.14543212889627294,-0.22444079446026782,71.0,6,Syn
-0.19462183943142766,-0.3268428140148977,-0.1336908982306137,-0.13893745199608787,-0.18500068601672975,0.18798102541159323,-0.16629864425192598,0.2777055544310156,-0.16511050427410504,-0.21030930998400588,-0.1456417030153602,-0.2306474157223041,71.0,6,Syn
-0.18707015836404634,-0.31039739217593715,-0.13142055838553068,-0.1381498922493325,-0.08824216741767019,-0.09493739304844126,-0.07474431551992212,-0.13881576197990156,-0.16253179313186425,-0.2277413531208843,-0.1435309922445529,-0.22715365219007422,71.1,6,Syn
-0.09950946747827251,0.002700656967489896,-0.1293489173668687,-0.13528340640636252,0.08329546009868288,0.10950484505303605,0.5799744274058752,0.7516198789796071,-0.15513088082859525,-0.2145862414978214,-0.13854761908425683,-0.2089264982583633,71.3,6,Syn
-0.19683721481950311,-0.3417301106955491,-0.13203193938990312,-0.13774018745460498,-0.14804089655186056,-0.025555018997528038,-0.08356882913264539,0.07809604818748588,-0.16308105747265775,-0.21817979058965964,-0.1462344983807784,-0.23235367233106755,71.3,6,Syn
-0.14418728251267904,-0.1491379850353016,-0.124317957140504,-0.12596443197646473,-0.06012325782479627,0.0007159770023323086,0.3620691083098793,0.4842078484165699,-0.14904027541666248,-0.19337532522246684,-0.14087089789013835,-0.2083351765235802,71.6,6,Syn
-0.18964452158872966,-0.2819485145480697,-0.132218880889317,-0.13843943627387492,-0.2454133651420309,-0.3269978577138743,-0.14413708165633687,-0.20915033077607129,-0.16429396903758522,-0.2335703735252923,-0.14537973536650114,-0.22432343289458567,71.8,6,Syn
-0.18519436606465398,-0.3135987501692698,-0.1306516291992623,-0.1385581493239373,0.020795351003605068,0.051573930796933745,0.129823954593208,0.16924964934732184,-0.15507991815779998,-0.21392023320521641,-0.14011044322945032,-0.21699736285219665,71.8,6,Syn
-0.1785741128976606,-0.305340032155795,-0.1302107294364937,-0.13460442566881056,0.31659645672078085,0.6718052017423546,0.31894932588407243,0.5245798909055713,-0.1523709690790824,-0.2003626209183618,-0.14080952261240565,-0.2164240967429031,71.8,6,Syn
-0.18947796416904222,-0.3137722388948799,-0.13124419848042326,-0.1374810455526395,0.004464281240058211,0.11994588192477541,0.05040333207869866,0.1031351546789223,-0.1595770907295339,-0.21915274183450867,-0.1429995721568674,-0.21908730150261324,72.0,6,Syn
-0.17353049549955302,-0.2610840402643247,-0.1319425837046487,-0.13746656835141238,0.5607029731864286,0.837514561126089,0.6708268061914124,1.008059716810442,-0.14192135655846067,-0.17145206964284782,-0.14328399417562865,-0.20734663102802678,72.0,6,Syn
-0.18378428771545557,-0.27077976866539977,-0.13214833692727404,-0.13953101724639982,0.025952530928935652,0.06336219823276852,0.0611331384032599,0.0998997645142985,-0.15738229837395085,-0.2167580076693594,-0.14296963299699778,-0.22156543610105536,72.1,6,Syn
-0.1912632009781191,-0.28853781274907037,-0.13310891054375917,-0.14050967604935322,-0.1649859163065182,0.009472975668952425,-0.16088360180775488,0.021265716600180735,-0.16488513601881039,-0.22040947052577198,-0.14409833932408198,-0.21631124908359337,72.2,6,Syn
-0.18693755925322722,-0.2850254843985121,-0.1322329896817256,-0.13967723697879375,-0.06564880774479333,0.00964137948946435,-0.019691384004182695,-0.008837478844579907,-0.16068014942630268,-0.22252042724450694,-0.14468814077351322,-0.22540225651758689,72.3,6,Syn
-0.18112907137441914,-0.2955624694501869,-0.13149815674377796,-0.13735364618184084,0.5088855939366783,0.7373142879214934,0.5613226145426193,0.7147645649304143,-0.14324072348016048,-0.18527608524674444,-0.14073317775473815,-0.21250602601166857,72.6,6,Syn
-0.18349645062123848,-0.2762561203247511,-0.1320660356382239,-0.1388332161472526,-0.22060978550115523,-0.26452004030395004,0.03265402628947119,0.05727701582381964,-0.16039136095846282,-0.22232352044495415,-0.14096221232774064,-0.21635187424094487,72.6,6,Syn
-0.19447953794664616,-0.31001113425854115,-0.13304306951251907,-0.14008404633327587,-0.2769703946851252,-0.1624673250737233,-0.2650730295761579,-0.1554147202157976,-0.16853972576672913,-0.23407711896531785,-0.14502944719602673,-0.2232175258333501,72.6,6,Syn
-0.19257948971234787,-0.3040928773547114,-0.13189673012932077,-0.13927477078467979,-0.018620238425707272,0.16490970200145946,0.0026707357189682964,0.1547607281753109,-0.16152273225011787,-0.2207627444896755,-0.1462344983807784,-0.23261999280703854,72.6,6,Syn
-0.1808897461500139,-0.2861351575679802,-0.12630964833551728,-0.12877445673464893,0.02116372099827154,0.07211919689938863,0.13172924730504598,0.16742095055862144,-0.15578546802236565,-0.20900335459285435,-0.14426001078737785,-0.22202585455103915,72.8,6,Syn
-0.18246476485657268,-0.3101682561232446,-0.1316686379853818,-0.13953246496652255,-0.026847168306591777,0.03321791436113389,0.08750640067764874,0.09441366814819725,-0.15872658037915058,-0.2226652116559428,-0.1424052798334557,-0.21960640073543808,73.1,6,Syn
-0.1880646516951897,-0.291290718753562,-0.13300074313529328,-0.14069498422506035,-0.13784932669942154,-0.00972505986940706,-0.1487498955902604,-0.12263881115678253,-0.16407766081265418,-0.22587652990159032,-0.14308040788851534,-0.22348836021569352,73.2,6,Syn
-0.18482082466710256,-0.3099391200705521,-0.13160397268684243,-0.14026645906873758,-0.016778388452374917,0.021598050745811045,0.00648132114264425,0.006776795428169773,-0.15668694104354425,-0.21510746537899053,-0.14185439929185492,-0.22088835014519687,73.3,6,Syn
-0.19390386375821198,-0.3186692036781372,-0.1281449670813353,-0.1293593356642246,-0.07706827757945392,-0.04155338194616094,-0.052181638669209246,-0.03640862981267844,-0.1612815089416869,-0.22286211845549558,-0.1462344983807784,-0.2319564485702972,73.4,6,Syn
-0.1812907776071254,-0.26751294322844066,-0.13100434900947713,-0.13480565876586753,0.1475146291688709,0.19539079351411795,0.3246652040195864,0.4448204898907148,-0.14940041162361575,-0.20002092970737315,-0.14113735641297784,-0.21453276997287168,73.5,6,Syn
-0.18000197893245667,-0.29533006002531303,-0.13076567527123176,-0.13739418234527678,-0.2127512256149372,-0.27310863515005823,-0.04435991069429545,-0.0822667686677811,-0.16032680824212214,-0.22266231596771408,-0.14131699137219547,-0.2193310524467223,73.6,6,Syn
-0.18894271653878458,-0.30523855761817403,-0.1313629474831956,-0.1365009390295634,-0.19273645590472563,-0.2630044059193427,-0.03543511851779124,-0.00546141954236376,-0.16068467944148448,-0.22035734813765506,-0.14438575525883018,-0.21637444377280682,73.7,6,Syn
-0.18184866410996192,-0.28682256572605774,-0.13157575510202524,-0.13953680812689068,0.22818765800082794,0.3843398801284981,0.2518629667146195,0.35577692579476394,-0.15687153916220267,-0.21210174099758192,-0.14517465212139433,-0.22588975840580502,73.7,6,Syn
-0.19101093925509735,-0.31831240611037315,-0.13270798569281494,-0.142265760558203,-0.11574712701943331,-0.10672566048427602,-0.043958796439171666,-0.06819985490854716,-0.15969940113944256,-0.22020098097330434,-0.14267622923027565,-0.2200893887172838,73.9,6,Syn
-0.15029169279733953,-0.19298153203192533,-0.12701626368864774,-0.13270936002818043,0.8456985590600545,1.0870890231247623,1.027417378996457,1.4058720379215779,-0.1251285902795207,-0.13521542714867896,-0.1330373167102557,-0.19158406997564079,73.9,6,Syn
-0.18602068491378285,-0.30217795462863817,-0.13129240352115262,-0.1361998132440393,0.46615467455536785,0.7511234012034713,0.5387599376919064,0.8513542975325759,-0.14670392008664812,-0.1816999102842785,-0.14293520296314774,-0.21209977443815348,74.1,6,Syn
-0.1635030920094392,-0.2818535867548113,-0.12932069978205152,-0.13784587102356294,0.18742137859107186,0.29407543233410616,0.31553985471552026,0.3898188570921101,-0.14625318357605882,-0.1949042486072296,-0.13909400875187716,-0.20676885101236084,74.2,6,Syn
-0.18522509024886816,-0.30142507902693416,-0.1310161063364843,-0.13936018627191982,0.13707747931998757,0.19825365846282067,0.16442005909763444,0.23747418107960647,-0.15498478783898215,-0.2117137187749338,-0.14348458654675503,-0.22315884505050904,74.3,6,Syn
-0.16824270169005903,-0.2812480129012668,-0.12816025160644462,-0.13276871655321162,0.2623232775065875,0.4025274927437861,0.38483234228815405,0.4832231644534235,-0.14841173581018746,-0.19482896071328296,-0.13914340836566202,-0.21189213474502352,74.4,6,Syn
-0.18981107900841707,-0.32038117732896854,-0.13202488499369883,-0.1411886567869052,-0.13306051676875744,-0.1205347737662539,-0.04516213920454302,-0.11377665548846513,-0.162149006849002,-0.22988995378659258,-0.145884210210304,-0.22892310348805112,74.5,6,Syn
-0.19352061998669817,-0.3210947724644967,-0.13302896072011047,-0.1413681740821215,-0.1561450364345229,0.011830629156119378,-0.08326799344130255,0.05136891204494138,-0.16315127270797566,-0.22029943437308072,-0.14416719939178205,-0.22271196831964243,74.7,6,Syn
-0.18069408160843936,-0.28841669797836145,-0.13145583036655217,-0.1398379339124148,-0.022303938372371976,-0.03549084440773163,0.0016679500811588347,0.006636126290577433,-0.15990551683021456,-0.2221121352042578,-0.14315375883019588,-0.22418801570341398,74.7,6,Syn
-0.17758608781582547,-0.2837226822703461,-0.13153930738830302,-0.13895772007780585,0.17526516876707834,0.3154627175391207,0.3879409777653634,0.5721260594117821,-0.14735510976903216,-0.19179717513781588,-0.14199511334324208,-0.21387825354887513,74.8,6,Syn
-0.18655593254404051,-0.3205873997763918,-0.12813673695243027,-0.12978496538030196,-0.14386603661230724,-0.21029401009911008,-0.1310005898010329,-0.18917531323795908,-0.16351707143390617,-0.2311814307366005,-0.14320914627595463,-0.2255737849597377,74.8,6,Syn
-0.17349977131533884,-0.2851073187030452,-0.12878809286862708,-0.13479842016525398,0.12553521948710483,0.11152569089917914,0.10686016348737135,0.0817534457648867,-0.15578886553375199,-0.21681881712216247,-0.1396718345373606,-0.2147042984150225,74.9,6,Syn
-0.18893948241413044,-0.31298662957136264,-0.1326691865136913,-0.14138409900347132,-0.0794012875456749,-0.031112345074421573,-0.08256604349483593,0.011559546106309314,-0.16185002584700306,-0.22122605460627026,-0.142571442170732,-0.22075293295402515,74.9,6,Syn
-0.19545139240521067,-0.33608681705495036,-0.13143819437604143,-0.1365110730704224,0.11546643963288797,0.3708675744875441,0.14767353894621643,0.40163506464986665,-0.15572091530602497,-0.20229694065514497,-0.1440803758281602,-0.22424218257988265,75.0,6,Syn
-0.1904498186276067,-0.3020306528804787,-0.13200489753778666,-0.1391068352504452,-0.08615473744789352,-0.029596710689814242,0.003773799920558704,0.0650138183913983,-0.16004368229325952,-0.21887186007632306,-0.14449653015034775,-0.22398037601028403,75.0,6,Syn
-0.18162712657115437,-0.2683116460406832,-0.12923369556219852,-0.1324560090067058,-0.023040678361704918,-0.016629616510395996,0.014403327681338996,-0.0012413454145935763,-0.15772997703915415,-0.21547811347226634,-0.1431268135863132,-0.22221995252505192,75.1,6,Syn
-0.1869731346244226,-0.2978309163718429,-0.13088324854130337,-0.136498043589318,-0.1038364971918841,-0.10470481463813293,-0.10041562784784434,-0.15006929298728872,-0.16310823756374856,-0.2294787660581147,-0.14568960567115158,-0.22772240439299538,75.1,6,Syn
-0.19361117547701368,-0.31107498021747076,-0.13175681793793553,-0.1365964885576624,-0.265059764857576,-0.2582890989450088,-0.233284724857598,-0.1884719675499974,-0.1680878567523444,-0.23399603969491375,-0.14530488746682713,-0.22804740565180745,75.2,6,Syn
-0.19517325768495594,-0.31952682718964354,-0.1329219690443453,-0.1392878002657842,-0.2793034046513462,-0.26350961738087847,-0.25013152357279694,-0.1888939749627744,-0.1681909145977304,-0.23326922194950572,-0.1459830094378737,-0.23140123808649324,75.2,6,Syn
-0.17472065337227094,-0.29731699693937536,-0.13100434900947713,-0.13747380695202593,0.00949867116716664,0.08828596366853346,-0.02791422623422028,0.09342898418505087,-0.16070846202118896,-0.21973767085670956,-0.1462344983807784,-0.22947831397185509,75.3,6,Syn
-0.17654308261487023,-0.27487803063641464,-0.12849768689155017,-0.13208394493516878,0.3145090267510042,0.5123267837175614,0.38613596361730634,0.5921010769498942,-0.1488545447942086,-0.194736298689964,-0.14274808321396268,-0.2112692156656337,75.3,6,Syn
-0.19017330096967905,-0.31447601391386404,-0.13198491008187446,-0.1406761638634651,-0.08873332741055881,-0.07624456897161755,-0.02109528389711594,-0.024311083979737247,-0.16032680824212214,-0.2240348721881261,-0.1448857392286526,-0.22418350179704158,75.3,6,Syn
-0.17730471897091662,-0.31068872230007477,-0.13038238641079827,-0.13880570946492107,0.16777497887552678,0.23580771043698,0.07858160850114453,0.11973411291481835,-0.15948875543348875,-0.22037472226702737,-0.14288730030735636,-0.22331231786717032,75.5,6,Syn
-0.19418038141613964,-0.3088490871341719,-0.1329513623618632,-0.1402823839900874,-0.22662649541404092,-0.08938006697154773,-0.17000895111182096,0.0003060150989221577,-0.16485342591253777,-0.21976662773899674,-0.14555637640973182,-0.22766823751652668,75.5,6,Syn
-0.1902994318311899,-0.3086755984085619,-0.1329642954215711,-0.1419327849299792,-0.1453395165909731,-0.10504162227915677,-0.10472760609042503,-0.10603985292088647,-0.16393043531924562,-0.23125092725408972,-0.14423456250148867,-0.22514947776073305,75.5,6,Syn
-0.1901797692189873,-0.303457843151535,-0.13040237386671044,-0.13664715876195732,0.26134095752081027,0.45119619687173246,0.2762306577133894,0.44960324056885437,-0.155125218309618,-0.20809989986549454,-0.14590367066421925,-0.2288283114542309,75.8,6,Syn
-0.1921137757621539,-0.3216446989909587,-0.133697952626818,-0.14278549208225663,0.3632566560452004,0.9974981906124181,0.6669159422039556,1.4717051943147927,-0.15101083202074636,-0.18561198508127563,-0.13847277118458284,-0.18840176598310582,76.1,6,Syn
-0.19548211658942485,-0.32901633314329537,-0.1329725255504761,-0.14000586944664942,-0.1450939365945288,-0.042058593407696715,-0.08517328615314053,0.042225418101439316,-0.16319317534840735,-0.22110443570066415,-0.1438752925830534,-0.2202293198148279,76.2,6,Syn
-0.18258604453110236,-0.30635477753200474,-0.1312465499458247,-0.13969026645989815,-0.048949367986580006,-0.07893903009980835,-0.03563567564535313,-0.125733532183814,-0.15884662578146833,-0.226504894247222,-0.1401583458852417,-0.21800396397323962,76.5,6,Syn
-0.1821025428953107,-0.27786007269359875,-0.13245285169675952,-0.14087160608003124,0.12369336951377248,0.3184939863083353,0.13243119725151262,0.20779299304762286,-0.15627017964681847,-0.21332951280655807,-0.14232294714381427,-0.22192654861084657,76.5,6,Syn
-0.19357883423047242,-0.3048293860955088,-0.13268094384069848,-0.13951943548541815,-0.1872109059847286,0.11590419023248921,-0.1537638237793077,0.1447732194062548,-0.16434153419699415,-0.21405922624019486,-0.14585726496642137,-0.23053005415662195,76.5,6,Syn
-0.19506814863369687,-0.31984107091905045,-0.13246696048916812,-0.13888678179179295,-0.29784469438289185,-0.29803240058582314,-0.28412595669453766,-0.29172311454277455,-0.16886815186740978,-0.23694964168820545,-0.14520010040728348,-0.22763664017191995,76.6,6,Syn
-0.19305490603650421,-0.317415502132691,-0.13248342074697814,-0.13883032070700718,-0.15749572641496662,-0.01359834774118134,-0.13741841788301348,-0.05975970665300679,-0.16423054882503998,-0.22412174283498762,-0.14595007636201715,-0.2293428967806834,76.6,6,Syn
-0.18702326355656154,-0.3095790491306067,-0.12938183788248878,-0.13323922559309304,0.5107274439100107,0.8402090222542798,0.5365538092887256,0.8642958581910711,-0.1472622444578052,-0.18152906467878419,-0.1442330655434952,-0.21799493616049484,76.6,6,Syn
-0.19131171284793097,-0.29749375903716674,-0.1327561907335443,-0.13915026685412654,-0.25462261500869265,-0.2598047333296161,-0.18645463557189615,-0.22406125936085927,-0.16612862518621502,-0.23182137783514703,-0.1435549435724486,-0.22095154483441032,76.8,6,Syn
-0.18108055950460727,-0.2871106224780141,-0.13248929941048174,-0.14160560018224627,0.17968560870307598,0.3348291568979921,0.2086429057250317,0.2584338825808651,-0.15506066559327733,-0.21149075078132257,-0.14258940566665376,-0.21986369339866432,76.8,6,Syn
-0.18224322731776513,-0.28051805090483206,-0.13206133270742101,-0.13905616504615026,-0.1846323160220633,-0.18284418735566627,-0.16409251584874515,-0.13389234216416968,-0.1638251124662687,-0.22961486340486442,-0.14269868360017784,-0.22501406056956136,76.8,6,Syn
-0.17953626498226272,-0.3035364040838867,-0.13151461700158798,-0.14097005104837568,0.32764755656077493,0.5488704127686491,0.4316624315738559,0.608137358635421,-0.14947628937791094,-0.1954689078118295,-0.13816589479591937,-0.21509249436304806,76.8,6,Syn
-0.18182117405040185,-0.297608327063513,-0.12972632756379862,-0.13664715876195732,0.013673531106719972,0.0972113661556655,0.10365124944638107,0.0771113642243395,-0.15495307773270953,-0.21026297897234641,-0.14264629007040602,-0.21925882994476406,76.9,6,Syn
-0.18073774229127004,-0.28164409093520676,-0.1308926544029091,-0.13641262810207797,-0.04858099799191353,0.025976550079121103,-0.0016412425236123883,-0.012776214697165411,-0.15870506280703703,-0.2184577766596165,-0.14318369799006547,-0.22074841904765277,77.1,6,Syn
-0.1628109893334565,-0.279500032156441,-0.12979569579314088,-0.13680351253521023,0.09741630989423092,0.18191848787316392,0.24424179586726757,0.33537990084387476,-0.15009123893884055,-0.199991972825086,-0.13697132231712206,-0.20866920559513705,77.1,6,Syn
-0.19294979698524517,-0.32692137494724943,-0.1329219690443453,-0.14192699404948836,-0.131955406784758,-0.14141684750973263,-0.1498529597918508,-0.19297337995295225,-0.16555897577710343,-0.23511667103942738,-0.14607582083346948,-0.2300064410174247,77.2,6,Syn
-0.1734140670120045,-0.26181072888857815,-0.1314076253258228,-0.1394788993219822,0.40844337539095416,0.6162319409734193,0.5368546449800684,0.8147803217585676,-0.1483811582077103,-0.18931846601403385,-0.14278999803778014,-0.20963066765245614,77.5,6,Syn
-0.18583148862151655,-0.2801743468257933,-0.13204722391501245,-0.14005798737106703,0.14825136915820383,0.3183255824878234,0.24805238129094354,0.4248454723526026,-0.15277980294924004,-0.19865126917518985,-0.1433274059574396,-0.21281748555136348,77.6,6,Syn
-0.18973022589206395,-0.31040393892029977,-0.1315087383380844,-0.1375505361185297,-0.20980426565760543,-0.17358197722751037,-0.18715658551836276,-0.14092579904378666,-0.16448875969040272,-0.22671627948791837,-0.1437450572376206,-0.222359883622596,77.9,6,Syn
-0.18213326707952487,-0.30598161310333405,-0.13152872579399658,-0.14020275938333826,0.3221220066407779,0.48622419153821295,0.43928360242120784,0.6492127468123841,-0.14524865270949422,-0.1869555844194005,-0.1397406946050607,-0.2071480191476416,77.9,6,Syn
-0.1939588438773321,-0.3077623275699731,-0.13199314021077949,-0.13535724013262085,-0.1331833067669796,0.09485371266849854,-0.12388081177258574,0.08892757178209601,-0.1636427793552012,-0.2136017075000575,-0.14579888360467563,-0.2306474157223041,78.1,6,Syn
-0.095997208103893,0.009879162161128531,-0.028689737927750324,0.027896367225131936,0.6256588822459495,0.6007387894863221,0.13313314719797922,0.08794288781894964,-0.15321355190289757,-0.20824757996515914,-0.14000116529592627,-0.21609909548409104,78.2,6,Syn
-0.19154780394768206,-0.3105119602022834,-0.13103844525779793,-0.13256748345615463,-0.2991953843633356,-0.2694037510987959,-0.266878043724215,-0.28567434162630395,-0.16918638543393136,-0.2395065343941629,-0.14475550388321984,-0.22860261613561142,78.2,6,Syn
-0.19513929937608762,-0.32759896298878305,-0.1304129554610169,-0.13109515209135642,-0.20329639575183112,-0.12019796612523005,-0.12558554735686184,-0.010244170220503302,-0.1646405151989931,-0.22509469407983665,-0.1462344983807784,-0.2324123531139086,78.2,6,Syn
-0.1655486758531731,-0.25931641928641097,-0.13000262474846694,-0.1380080156773067,0.525830613691336,0.738324710844565,0.6162752674945777,0.8209697638126305,-0.14355329452770482,-0.17856677562080633,-0.1367991721478718,-0.20975254312451067,78.2,6,Syn
-0.1861306451520231,-0.2990551575676572,-0.13184147069238708,-0.13951074916468187,0.08047129013957328,0.14352241679644495,0.2015231276965845,0.2679993839371441,-0.15580132307550196,-0.2137204307174349,-0.14345015651290496,-0.21992688808787778,78.2,6,Syn
-0.1838602896448275,-0.30625002962220244,-0.13181560457297134,-0.14047782620665356,-0.21925909552071152,-0.2715930007654509,-0.15887803053213595,-0.279906906985018,-0.16538457019260405,-0.23762723273372532,-0.14437527655287583,-0.2287109498885488,78.2,6,Syn
-0.1888990558559539,-0.2889371641551916,-0.1325092868663939,-0.13919659389805333,-0.16989751623540447,-0.14276407807382804,-0.1377192535743563,-0.1315009668250999,-0.1645759624826524,-0.23130015395397793,-0.14566565434325587,-0.22834983737875758,78.3,6,Syn
-0.17186977248965996,-0.25166000175429937,-0.13040942826291474,-0.13672388792846107,0.03847711074759565,0.031533876156014634,0.11528356284497082,0.13253500443572125,-0.1530459413411709,-0.20730068991436856,-0.14050414318173565,-0.2123570671013797,78.6,6,Syn
-0.1755647599069975,-0.2886589275197793,-0.13217890597749266,-0.13999863084603584,0.6739153515472571,1.0236007827917664,0.6675176135866413,0.9652962989823708,-0.14584208469831028,-0.19052307231718027,-0.14151758374332185,-0.21314248681017556,78.7,6,Syn
-0.1656521678421051,-0.25537200580791825,-0.13087149121429623,-0.1366934858058841,0.4781880943811392,0.5800251195633553,0.5534006080039245,0.6674997346993882,-0.14614672821928645,-0.192298129201384,-0.1426807201042561,-0.2130838060273345,78.8,6,Syn
-0.1917919803590685,-0.32325847147635034,-0.13297017408507467,-0.1423135353222525,-0.20845357567716172,-0.09510579686895318,-0.16619836568814503,-0.03964401997730225,-0.16610371010271513,-0.22763131696819305,-0.14384535342318377,-0.22536614526660778,78.9,6,Syn
-0.1920846686402668,-0.3287086361582511,-0.13199078874537806,-0.13969750506051173,-0.33173473389220715,-0.32312456984210003,-0.28272205680160445,-0.30733738881552425,-0.1691512778162724,-0.2394109766826152,-0.14584678626046702,-0.2301102608639897,78.9,6,Syn
-0.18736122958291757,-0.292420032156118,-0.13187439120800715,-0.13766201056797853,-0.1163610770105441,-0.09072729753564313,-0.01828748411124945,0.018593002985926286,-0.16075715968439333,-0.22258992376199616,-0.14405941841625147,-0.22492829634848593,78.9,6,Syn
-0.19503419032482858,-0.32361854241629573,-0.13307246283003699,-0.1417257609524314,-0.05742187786390882,0.3053584883084052,-0.039446261069029084,0.33720859963257516,-0.15785341995285826,-0.19107035739240785,-0.14502196240605933,-0.21812132553892177,79.4,6,Syn
-0.19465579774029598,-0.31910783555043437,-0.13286670960741165,-0.14065300034150172,-0.1996126958051664,-0.05974099456144887,-0.17472204360952545,-0.026702459318807017,-0.16574470639955732,-0.22182546206961476,-0.14436629480491495,-0.22510885260338154,79.5,6,Syn
-0.1739315269566645,-0.27775205141161513,-0.1299990975503648,-0.1365125207905451,0.18128187867996404,0.30485327684686936,0.2460468100153246,0.26068458878234246,-0.15201762789490184,-0.208658767693637,-0.14128106438035196,-0.21586888625909914,79.6,6,Syn
-0.1946331588677171,-0.31069854241661876,-0.13353452578141844,-0.14217310647034942,-0.2576923649642466,-0.11666148589447962,-0.30588640503500303,-0.3976469751498062,-0.16898253475075029,-0.23813397817375084,-0.14167177041665033,-0.19971361535231522,79.6,6,Syn
-0.17426787592069345,-0.2590349092788173,-0.13031419391415672,-0.13790812298883956,2.1602882800264656,3.13454267290875,0.5635287429458001,0.8024014376504417,-0.13880130860199455,-0.17435644493625133,-0.13833205713319568,-0.19942021143810987,79.6,6,Syn
-0.18322640121261904,-0.3062303893891145,-0.1321307009367633,-0.13879412770393937,-0.2951433144220044,-0.2791711726884875,-0.2646719153210341,-0.27273278096780873,-0.16838457274675242,-0.23886369160738763,-0.1421837300504206,-0.22048661247805415,79.7,6,Syn
-0.19502287088853912,-0.3207936222238151,-0.13283261335909086,-0.13962511905437613,-0.11599270701587763,0.1371230716169918,-0.11305072688424356,0.09961842623911381,-0.16340835106954293,-0.21446462259221527,-0.14554589770377746,-0.22840400425522625,79.7,6,Syn
-0.17789332965796734,-0.26461273547578956,-0.1293336328417594,-0.1356960066413355,0.012445631124498403,0.007283726002297395,0.08429748663665847,0.04321010206458569,-0.15635058741629546,-0.21711128163326293,-0.14340824168908753,-0.22136231031429782,79.7,6,Syn
-0.17815852787960557,-0.2903152538435281,-0.12921605957168777,-0.1367398128498109,-0.04723030801146981,-0.05654132197172229,-0.027813947670439335,-0.06594914870706972,-0.16145704702998173,-0.22557827401403244,-0.14484532136282866,-0.22936998021891772,80.0,6,Syn
-0.17119384043694788,-0.2725833967373081,-0.13031419391415672,-0.13705541583656214,0.06475417036713721,0.08289704141215185,0.17384624409304336,0.23494213660294436,-0.1539474143623495,-0.20874563834049853,-0.14351751962261158,-0.21696125160121754,80.0,6,Syn
-0.1922350554366836,-0.2942662140663835,-0.13310891054375917,-0.14038951527916813,-0.16842403625673857,0.1763611617962704,-0.15516772367224094,0.20427626460781437,-0.16563825104278496,-0.21506403005555977,-0.14524351218909443,-0.22809254471553134,80.1,6,Syn
-0.1863198414442894,-0.29387340940462486,-0.1313770562756042,-0.1374202413074856,0.04216081069426035,0.22014615512937097,0.07597436584283992,0.1686869727969525,-0.15926451968198957,-0.21788443039033045,-0.1441941446356647,-0.21841021554675474,80.1,6,Syn
-0.18956366847237652,-0.3149277392748865,-0.1327115128909171,-0.13970474366112529,-0.1721077362034033,-0.16027807540706826,-0.12187524049696682,-0.12376416425752124,-0.16557256582264884,-0.23454332477014134,-0.1441118119460233,-0.22284287160444174,80.3,6,Syn
-0.19366292147147968,-0.30495704761058035,-0.13282320749748514,-0.13858276056602342,-0.25756957496602445,-0.2759715000987609,-0.16519558005033555,-0.10786855170958688,-0.16585116175632966,-0.2299941985628264,-0.1462344983807784,-0.23208735185509652,80.4,6,Syn
-0.1934300644963827,-0.3125905515374227,-0.13304659671062122,-0.13877675506246684,-0.2443082551580315,0.022945281309906446,-0.21342956922897066,-0.009962831945318622,-0.1673234166904153,-0.22510917252098023,-0.14265826573435386,-0.2128129716449911,80.4,6,Syn
-0.19261829920819737,-0.2941680129009438,-0.1316615835891775,-0.1360087141878413,0.005078231231168994,0.30468487302635744,0.016408898956957917,0.2753141790919458,-0.16005160981982766,-0.20784797498959615,-0.14587373150434965,-0.22990262117085974,80.4,6,Syn
-0.19246791241178057,-0.3076215725661763,-0.13165570492567394,-0.13419182543383762,0.06254395039913839,0.34510178994921953,0.11277659875044717,0.3944609386326573,-0.1557571554274794,-0.19515038210667057,-0.1450788468098116,-0.22784879377142228,80.8,6,Syn
-0.1918695993507675,-0.3247511291910331,-0.1328631824093095,-0.14145793272972965,-0.18500068601672975,-0.2530685805091391,-0.17642677919380154,-0.2714667587294777,-0.16618638287978302,-0.2392430267653496,-0.1456806239231907,-0.22930678552970427,80.9,6,Syn
-0.18389748207834994,-0.27346720722626494,-0.1311760059837817,-0.1373970777855222,-0.18070303607895427,-0.21416729797088435,0.0402751971368231,0.10651121398113844,-0.15883983075869562,-0.21771068909660743,-0.14444862749455636,-0.21721403035807138,81.0,6,Syn
-0.1879789473918554,-0.3081944126979076,-0.1325680735014297,-0.14014050741806164,-0.15823246640429958,-0.16886667025317645,-0.10984181284325328,-0.095489667601461,-0.16434606421217596,-0.2320153889464711,-0.14437827046886278,-0.22608837028619017,81.0,6,Syn
-0.1936742409077691,-0.314109396229556,-0.13313595239587564,-0.14081369727512275,-0.2488514850922513,-0.09847387327919169,-0.23529029613321692,-0.07804669454001092,-0.16783757341354982,-0.22883881895956817,-0.14550248592196652,-0.23024567805516138,81.0,6,Syn
-0.1910659193742175,-0.31255127107124686,-0.13017428172277148,-0.13402968078009386,-0.14718136656430547,-0.14545853920201884,-0.115958805233891,-0.1375497397415705,-0.16362918930965578,-0.2292123627410727,-0.14602791817767813,-0.22975817616694327,81.5,6,Syn
-0.16779639248778982,-0.25053068835174336,-0.1330654084338327,-0.14258425898519966,0.06303511039202701,0.1391439174631349,0.2255899830040116,0.30330733747282135,-0.15164390164240318,-0.20265600599550593,-0.13725275041989635,-0.2029410584085741,81.8,6,Syn
-0.1856228875813255,-0.2866949042109862,-0.13216714865048548,-0.1393225455487293,-0.2380459652487015,-0.2562682530988657,-0.115958805233891,-0.09816238121571547,-0.16369260952220102,-0.22841894416640415,-0.14288131247538244,-0.21795882490951574,81.8,6,Syn
-0.17111298732059477,-0.2872775644592615,-0.130748039280721,-0.13768083092957378,0.18889485856973776,0.2883497024367007,0.26008580894465705,0.39038153364247946,-0.15390211421053146,-0.2032351436412494,-0.14369565762383574,-0.2154400651537221,82.0,6,Syn
-0.18939387692803497,-0.3128655148006538,-0.13319591476361217,-0.1402577727480013,4.3841304060565316e-05,0.11287292146327456,0.020620598635757655,0.07964340870100162,-0.15898479124451328,-0.21294438627213866,-0.14458934154594352,-0.2283904625361091,82.0,6,Syn
-0.18896373834903638,-0.2747470957491618,-0.13187203974260572,-0.13683825781815534,0.022514410978715264,0.37709851584648535,0.10114428535185742,0.49658673252469576,-0.15815806347383443,-0.19913195342115692,-0.1431881888640459,-0.21918660744280583,82.1,6,Syn
-0.18166108488002267,-0.3069799916186372,-0.13062106014904365,-0.13956576252934494,0.3757812358638604,0.6310514771784687,0.3321860963031573,0.45579268262291733,-0.1506665508669294,-0.1969920398201348,-0.14337530861323095,-0.21876230024380117,82.3,6,Syn
-0.17392020752037504,-0.24362387304915442,-0.12895974984293165,-0.13600726646771857,0.2764441273021356,0.30721093033403635,0.39395769159222016,0.5476496294707149,-0.14468353331556444,-0.18367766534449245,-0.14141129972578476,-0.20687267085892583,82.4,6,Syn
-0.1912583497911379,-0.31134339673633915,-0.1305093655424756,-0.13580313793041618,-0.03274108822125531,0.054773603386660326,0.04528912532587041,0.14069381441607692,-0.1580742581929711,-0.21403026935790767,-0.14371362111975752,-0.22482447650192097,82.5,6,Syn
-0.15398668021467707,-0.20936148642725946,-0.12995441970773755,-0.13932833642922013,0.129587289428436,0.19758004318077296,0.3901471061685442,0.4818164730775001,-0.1450844396591539,-0.1862374537386786,-0.1338666314386438,-0.20604211208640605,82.5,6,Syn
-0.18737901726851525,-0.3086755984085619,-0.1321248222732597,-0.14066602982260612,0.24525546775370774,0.46180563756398374,0.2885649210584458,0.4813944656647231,-0.15062238321890684,-0.19690227348504458,-0.1413065126662411,-0.21683937612916301,82.5,6,Syn
-0.18974477945300752,-0.294770313382307,-0.13225297713763778,-0.13923423462124385,-0.04538845803813746,0.11725142079658461,-0.00785851347803105,0.1245168635929579,-0.16111616338755114,-0.2192135512873117,-0.1462344983807784,-0.22849428238267405,82.7,6,Syn
-0.18873411549859354,-0.2965150207549515,-0.13140997679122424,-0.13904168784492316,0.030372970864933298,0.14419603207849266,0.11999665534267528,0.21482644992723982,-0.1542078902353031,-0.20216084330839526,-0.1462344983807784,-0.2228564133235589,82.9,6,Syn
-0.19135860765541576,-0.30095044006064253,-0.1308044744503554,-0.13598699838600062,-0.18905275595806093,-0.2010317999709542,-0.07725127961444578,-0.08930022554739807,-0.16232567744109228,-0.22564487484329293,-0.14400702488647965,-0.22307308082943364,82.9,6,Syn
-0.19125188154182965,-0.3279164800903712,-0.1322635587319442,-0.13914013281326756,-0.11488759703187822,-0.08584358674079728,-0.002844585288983742,0.013528914032602066,-0.16049894881903062,-0.2237337206123395,-0.14469861947946758,-0.22296926098286865,83.0,6,Syn
-0.10758992792660323,-0.0268186133636698,0.07506632144505458,0.24003803540674967,0.1401472292755415,0.2949174514366658,0.1580022310156539,0.24900905036217832,-0.15140947335674493,-0.20322935226479197,-0.14060294240930535,-0.21637895767917922,83.2,6,Syn
-0.18277847494802277,-0.29098629514069907,-0.13135119015618843,-0.1371915015280971,-0.06749065771812568,-0.02909149922827847,-0.052783310051894926,0.05530764789752689,-0.1624026876991829,-0.220450010160974,-0.14620156530492184,-0.23026373368065095,83.2,6,Syn
-0.1769230922617299,-0.2998702272408063,-0.12913375828263765,-0.13572061788342157,0.34213677635098944,0.4682049827434369,0.42735045333127525,0.5631232346058723,-0.14572203929599253,-0.19087634628108377,-0.14081700740237305,-0.21288519414694934,83.2,6,Syn
-0.19467520248822073,-0.32711123053376606,-0.13233057549588503,-0.1398147703904514,0.23985270783193283,0.5707629094351995,0.28164570015756046,0.5814102224928764,-0.1544593060778931,-0.20145139969235953,-0.1442330655434952,-0.21978695699033368,83.3,6,Syn
-0.1705437813814688,-0.27282889965090723,-0.13069160411108663,-0.13748683643313034,-0.031144818244367267,0.010483398592023975,0.08840890775167726,0.057980361511781334,-0.15505047305911826,-0.2132136852774094,-0.14162237080286547,-0.21790917193941944,83.4,6,Syn
-0.18491946546905338,-0.2926851753028051,-0.13203193938990312,-0.14022737062542437,-0.11341411705321233,-0.09426377776639355,-0.0468668747888191,-0.0523042423606128,-0.1605612365277804,-0.2236815982242226,-0.1420475068730139,-0.2206400852947154,83.4,6,Syn
-0.17487104016868774,-0.23036998908698259,-0.13070100997269235,-0.13688892802245026,0.1656875489057501,0.27588781971881826,0.34813038794432777,0.47675238412417587,-0.14730980961721413,-0.18904916700876312,-0.14440820962873238,-0.20582995848690372,83.5,6,Syn
-0.18461384068923858,-0.2873364851585253,-0.13169097690669543,-0.13866962377338612,-0.10604671715988293,-0.1284497533303144,-0.06551868765207508,-0.10027241827960055,-0.16124640132402793,-0.22609370651874414,-0.14543661977025338,-0.22560538230434443,83.5,6,Syn
-0.184521668136596,-0.27994193740091944,-0.12937360775358375,-0.1294302739502375,0.02263720097693742,0.13358659138624138,0.07627520153418277,0.17951849639156262,-0.1580516081170621,-0.21277064497841564,-0.14538422624048158,-0.22796615533710443,83.8,6,Syn
-0.1864831647393227,-0.3105545140406406,-0.13246931195456957,-0.13991466307891853,-0.1464446265749725,-0.13333346412516023,-0.05308414574323776,-0.0629950968176306,-0.16286135173634034,-0.22927027650564705,-0.14561625472947104,-0.2310175560448401,83.9,6,Syn
-0.19286409268191085,-0.33223733136971595,-0.13173683048202334,-0.14023895238640605,0.08415499008623799,0.19808525464230875,0.16091030936530132,0.28065960632045467,-0.1554728969748213,-0.2109145088238078,-0.143905231742923,-0.22044598732070264,83.9,6,Syn
-0.16320716960358678,-0.20133845121083982,-0.1304352943823305,-0.13717847204699268,0.49034430420513275,0.7024546970755249,0.6559855787518325,0.883286191766037,-0.13645476073782112,-0.16612689899023664,-0.13723029604999415,-0.2011264680468733,84.0,6,Syn
-0.19512151169048994,-0.31742204887705366,-0.13315946704988998,-0.1404459763639539,-0.23055577535714994,-0.1764448421762131,-0.22576383257402702,-0.2112603678399564,-0.1674128844902559,-0.2346215083523167,-0.14601743947172377,-0.23117102886150134,84.1,6,Syn
-0.19282204906140724,-0.32139264933299694,-0.1314922780802744,-0.13636340561790575,0.002254061272059388,0.18461294900135472,-0.0312234188389915,0.07654868767397015,-0.16122261874432348,-0.21931779606354554,-0.14450102102432819,-0.22728906938124593,84.1,6,Syn
-0.1709868564590839,-0.2663476227318901,-0.1301966206440851,-0.13643000074355052,0.21983793812172125,0.3381972333082306,0.28194653584890333,0.38967818795451775,-0.14782170133275777,-0.19519960880655876,-0.14489921185059396,-0.2190241068133998,84.4,6,Syn
-0.195355985727914,-0.3318478000801387,-0.13349102367149196,-0.1403620085968366,-0.26911183479890716,-0.15556276843273437,-0.2543432232515967,-0.19620877011757606,-0.16799725644870836,-0.2324323680514064,-0.14378846901943154,-0.22339808208824571,84.4,6,Syn
-0.18522509024886816,-0.30590959891534497,-0.1299367837172268,-0.13559756167299106,-0.04858099799191353,-0.08954847079205965,0.04779608942039406,0.037724005698484456,-0.15758388404954105,-0.21659584912855123,-0.1425489878008298,-0.21905570415800651,84.5,6,Syn
-0.1939588438773321,-0.3246136475594176,-0.133697952626818,-0.14278838752250206,-0.2892493945073409,-0.3317131646882082,-0.29355214168994664,-0.34475537941508655,-0.168783214082751,-0.23936754135918445,-0.14374805115360756,-0.22388107007009145,84.6,6,Syn
-0.1922172677510859,-0.3039979495614531,-0.13269387690040635,-0.14110758446003333,-0.15123343650563664,-0.16802465115061682,-0.10733484874872963,-0.13698706319120116,-0.16263032096206845,-0.2261747857891482,-0.14517764603738129,-0.2273928892278109,84.6,6,Syn
-0.1861468157752937,-0.28322185632660385,-0.13103609379239647,-0.13585670357495652,0.11522085963644366,0.22519826974472873,0.19851477078315613,0.34002198238442194,-0.1538760666232361,-0.20562987780639866,-0.1434022538571136,-0.22333940130540464,84.8,6,Syn
-0.19307754490908308,-0.2986001588344535,-0.13289492719222884,-0.1403402927949959,-0.09720583728788763,0.18073966112958045,-0.08376938626020729,0.18458258534488683,-0.1620753941022977,-0.21140677582268977,-0.14403846100434275,-0.2187397307119392,84.8,6,Syn
-0.18970111877017684,-0.3099260265818268,-0.13081035311385897,-0.13731890089889576,0.05689561048091917,0.0999058272838563,0.18206908632308097,0.29838391765708944,-0.15528603384857198,-0.2121335935680978,-0.14208642778084438,-0.21864493867811902,85.4,6,Syn
-0.18204756277619058,-0.2955821096832748,-0.1321753787793905,-0.13854367212271018,-0.003517068644381982,0.043827355053385184,0.08710528642252495,0.10299448554132996,-0.1544989437107339,-0.2047727540906983,-0.14264629007040602,-0.21780535209285448,85.4,6,Syn
-0.17487750841799599,-0.26958826119139867,-0.13040472533211186,-0.13626785608980677,0.04805473060892388,0.12045109338631119,0.1013448424794193,0.1769864519149005,-0.1539542093851222,-0.2079406370129151,-0.14244869161526663,-0.21331852915869878,85.4,6,Syn
-0.1677365611816885,-0.2528547826004818,-0.1309291021166313,-0.13687300310110043,0.2030157083652858,0.3422389250005168,0.3622696654374412,0.463107477777719,-0.14782170133275777,-0.1919130026669646,-0.14205050078900086,-0.2138872813616199,85.5,6,Syn
-0.19042232856804667,-0.3228623934424104,-0.1322318139490249,-0.14056613713413899,-0.034214568199921185,-0.011072290433502462,0.06855375212304991,0.11734273757574859,-0.15800970547663043,-0.2192946305577158,-0.14381092338933374,-0.22323558145883968,85.6,6,Syn
-0.18327006189544975,-0.280720999980074,-0.13239053786362157,-0.13987702235572802,-0.09450445732700018,-0.04508986217691137,-0.03543511851779124,-0.0003973305890395396,-0.16372318712467818,-0.2321485906049921,-0.14483783657286126,-0.22598003653325283,85.6,6,Syn
-0.18933081149727954,-0.2974773921762601,-0.13087266694699692,-0.13605214579152267,0.025215790939602713,0.093843289745427,0.07697715148064939,0.1352077180499757,-0.15631547979863647,-0.21098979671775445,-0.14195619243541158,-0.21632479080271053,86.1,6,Syn
-0.1923935275447357,-0.29293722496076685,-0.13277382672405505,-0.1394079610359693,-0.15025111651985937,0.038606836617515496,-0.11786409794572897,0.09497634469856661,-0.16445138706515283,-0.21657557931095023,-0.14428994994724745,-0.22129460171871196,86.2,6,Syn
-0.194993763766652,-0.33020456724511515,-0.1327761781894565,-0.1395976123720446,-0.21790840554026777,-0.022018538766777607,-0.18775825690104844,0.04489813171569376,-0.16598366470039735,-0.21783230800221354,-0.14535428708061196,-0.22432794680095805,86.2,6,Syn
-0.1955581185187968,-0.322705271577707,-0.13318415743660503,-0.14137686040285777,-0.24700963511891896,-0.21079922156064584,-0.20169697726659996,-0.13881576197990156,-0.16605727744710164,-0.2290907438354666,-0.1462344983807784,-0.23193839294480764,86.3,6,Syn
-0.18579106206334,-0.2916704299265953,-0.13169097690669543,-0.13701922283349435,0.05038774057514486,0.06369900587379236,0.13784623969568371,0.13281634271090592,-0.15445364355891586,-0.21035853668389407,-0.1424576733632275,-0.21984563777317476,86.4,6,Syn
-0.18422897985539774,-0.3019128114819511,-0.13148287221866864,-0.14026645906873758,0.08820706002756916,0.14992176197589813,0.18427521472626177,0.2371928428044218,-0.151693731809403,-0.20267627581310696,-0.13878713236321372,-0.21483971560619422,86.5,6,Syn
-0.1907036974129555,-0.32664641168401837,-0.1321307009367633,-0.13950785372443644,-0.14349766661764074,-0.2203982393298256,-0.10442677039908219,-0.15386735970228188,-0.16335965340633857,-0.2316302624120517,-0.1461506687331435,-0.22807900299641418,86.5,6,Syn
-0.18166270194234974,-0.3018047901999675,-0.1325163412625982,-0.13845246575497933,0.0448621906551478,0.3730568241541991,0.01721112746720549,0.1869739606839566,-0.16065183683141643,-0.21689410501610912,-0.14288131247538244,-0.2226803709750357,86.7,6,Syn
-0.18583148862151655,-0.29974583909791613,-0.13246578475646742,-0.14081369727512275,0.04216081069426035,0.15581589569381551,0.11047019178348541,0.1672802814210291,-0.15746270614342783,-0.2148526448148634,-0.14618060789301313,-0.2280699751836694,86.7,6,Syn
-0.19497921020570844,-0.32552364502582504,-0.13240464665603016,-0.13788206402663075,-0.12274615691809625,0.041974913027754,-0.12257719044343345,-0.018965656751228348,-0.16475829559371993,-0.22702032675193368,-0.1462344983807784,-0.23156373871589928,86.8,6,Syn
-0.1912551156664838,-0.3095757757584254,-0.13166981371808253,-0.13444951961568036,-0.1732128461874027,0.10478953807870214,-0.18013708605369652,-0.013479560385127109,-0.16622602051262378,-0.22344125610123905,-0.1462344983807784,-0.23124325136345958,86.9,6,Syn
-0.18819239961902764,-0.29238402506212346,-0.1305234743348842,-0.1345494123041475,-0.03237271822658883,0.04786904674567139,0.04097714708328973,0.1426631823423697,-0.1589157085129908,-0.21444435277461424,-0.1449725627922745,-0.22309565036129558,87.0,6,Syn
-0.1914523972703854,-0.32320937089363055,-0.13071511876510095,-0.13682088517668278,0.15414528907286737,0.33533436835952785,0.1749493082946338,0.3459300861633002,-0.1526359749672178,-0.19835590897586067,-0.14467616510956538,-0.2264359410768642,87.1,6,Syn
-0.19339772324984145,-0.32244667517538256,-0.13212599800596042,-0.13796313635350263,0.039336640735150745,0.24843799697537441,0.12009693390645623,0.36956250127881324,-0.1564864878717495,-0.20342336337611602,-0.1462344983807784,-0.23285020203203044,87.1,6,Syn
-0.18255208622223404,-0.29086845374217146,-0.13104902685210437,-0.13776335097656836,0.01576096107649664,0.10697878774535717,0.12079888385292285,0.23100340075035886,-0.15654198055772658,-0.20731806404374087,-0.1462344983807784,-0.23108075073405354,87.3,6,Syn
-0.18539811591786384,-0.3038637413020189,-0.13103609379239647,-0.13703370003472146,-0.19285924590294778,-0.2497005040989006,-0.06020392377168494,-0.09408297622553762,-0.16201084138595703,-0.22766316953870894,-0.14291274859324554,-0.22252689815837445,87.4,6,Syn
-0.15699603320534017,-0.23132581376392852,-0.12795920131462213,-0.13160764501479652,0.9027959082333574,1.3019722980979789,0.883818475662142,1.2511359865700045,-0.13407423775978417,-0.16326016764380646,-0.1417271578624091,-0.2123119280376558,87.5,6,Syn
-0.1912583497911379,-0.3235956288110265,-0.13080800164845754,-0.13813251960785994,-0.09204865736255705,-0.029596710689814242,-0.021195562460896888,0.05080623549457202,-0.1613732417491184,-0.22392483603543484,-0.14244569769927967,-0.2211862679657746,87.7,6,Syn
-0.18445860270584058,-0.28732666504198134,-0.13103491805969578,-0.13973659350382495,-0.03458293819458766,-0.011240694254014387,0.04659274665502271,0.06360712701547491,-0.15812295585617547,-0.21788443039033045,-0.14109244767317344,-0.22012549996826294,87.8,6,Syn
-0.18708632898731697,-0.2837586893643406,-0.13239053786362157,-0.1392762185048025,-0.06503485775368255,0.09687455851464165,0.012798870660843857,0.20202555840633693,-0.15845704447583336,-0.20722829770865062,-0.1442255807535278,-0.21582374719537525,88.0,6,Syn
-0.19332172132046951,-0.32842057940629477,-0.13304659671062122,-0.1408440993976997,-0.2898633444984517,-0.298369208226847,-0.3013738696648604,-0.33448653237084575,-0.16883530925734172,-0.2380413161504319,-0.144322883023104,-0.2255828127724825,88.1,6,Syn
-0.18960571209288016,-0.30964778994641445,-0.132558667639824,-0.14072538634763732,0.27767202728435714,0.5439867019738033,0.2290997327363447,0.4571993739988407,-0.15460766407509713,-0.20351023402297755,-0.1424876125230971,-0.21443346403267913,88.1,6,Syn
-0.19609174908672736,-0.33860731363456814,-0.13359331241645425,-0.14240184624973792,-0.24209803519003267,0.023450492771442222,-0.2476245594782733,-0.06060372147856083,-0.16830189996968453,-0.22829442957256932,-0.1458168471005974,-0.23111234807866027,88.1,6,Syn
-0.17498908571856328,-0.2732478912901164,-0.12952645300467686,-0.13844233171412035,0.29952864696790105,0.4170102213078116,0.4332668885943511,0.5636859111562417,-0.15025998200436266,-0.19663587016800257,-0.140287084272681,-0.2140317263655364,88.2,6,Syn
-0.17882637462068232,-0.2994021350188773,-0.13334758428200458,-0.14230774444176164,-0.13723537670831076,-0.145121731560995,-0.12037106204025264,-0.1645582141592997,-0.16530642743071797,-0.23486474616352898,-0.14499052628819625,-0.2269866376542958,88.2,6,Syn
-0.18861606994871796,-0.3117001943041032,-0.13250575966829176,-0.13999863084603584,-0.07633153759012097,-0.0738869154844506,-0.009061856243402402,-0.019246995026413027,-0.16063937928966648,-0.2233341156367765,-0.1442091142155995,-0.22583107762296395,88.2,6,Syn
-0.19439545070563893,-0.3314157149522042,-0.1313558930869913,-0.13575246772612126,-0.17394958617673564,-0.19261160894535792,-0.09028749290596878,-0.06468312646873867,-0.1623290749524786,-0.2229692589199581,-0.1439965461805253,-0.22479287915731425,88.3,6,Syn
-0.17582834106630865,-0.2695358872364975,-0.13186028241559855,-0.1400044217265267,-0.10580113716343861,-0.13367027176618407,0.22809694709853523,0.29796191024431246,-0.152357379033537,-0.20037130798304795,-0.14223911749617937,-0.20998275234950253,88.3,6,Syn
-0.18552101265472057,-0.3061485550845815,-0.13020485077299013,-0.136870107660855,-0.13870885668697663,-0.19732691591969184,-0.1359142394262993,-0.21618378765568827,-0.16279000399722696,-0.23045461299119246,-0.1442570168713909,-0.226896359526848,88.4,6,Syn
-0.17311167635684385,-0.2846916004360173,-0.13128652485764905,-0.14002613752836737,0.27595296730924695,0.3196728130519188,0.3990718983450484,0.45565201348532497,-0.14753857538389512,-0.19826903832899917,-0.1393125646189253,-0.21532270358803995,88.5,6,Syn
-0.18805980050820853,-0.29898314337966814,-0.13131474244246621,-0.13853788124221933,-0.049808897974135104,0.005094476335642366,-0.01929026974905891,-0.014182906073088806,-0.16044572114064443,-0.22170673885223735,-0.14440072483876498,-0.2203241118486481,88.5,6,Syn
-0.19038998732150542,-0.2971696951912159,-0.1325304500550068,-0.1390822240083591,-0.19924432581049994,-0.2017054152530019,-0.19979168455476198,-0.26809069942726155,-0.16653292904119085,-0.23676431764156755,-0.14616264439709137,-0.22853942144639797,88.5,6,Syn
-0.1860659626589406,-0.30260349301221,-0.1319872615472759,-0.14037359035781827,0.14825136915820383,0.36581545987218633,0.09282116455803889,0.18205054086822473,-0.15782623986176744,-0.21490766289120902,-0.1462344983807784,-0.22794809971161487,88.9,6,Syn
-0.19045143568993378,-0.3170783447980149,-0.13128534912494833,-0.1354831917832968,-0.17726491612873388,-0.06176184040759197,-0.11214821981021504,0.01268489920704803,-0.1625906833292277,-0.21963632176870446,-0.14203702816705954,-0.2223553697162236,88.9,6,Syn
-0.19558237445370272,-0.32834201847394306,-0.133262931527553,-0.14001310804726297,-0.27426901472423776,-0.2370702175605062,-0.25213709484841584,-0.19480207874165267,-0.16872205887779668,-0.2354525708739586,-0.14574199920092337,-0.23041269259093983,89.0,6,Syn
-0.1881115465026745,-0.2833495178416754,-0.13201783059749453,-0.1388809909113021,0.011094941144054678,0.12752405384781204,0.09653147141793389,0.22129723025648745,-0.15622148198361407,-0.2086413935642647,-0.14470311035344802,-0.22229217502701015,89.2,6,Syn
-0.18905105971469777,-0.313071737248077,-0.13289492719222884,-0.14058785293597967,-0.03458293819458766,0.02429251187400185,0.06534483808205964,0.12198481911629579,-0.15763711172792721,-0.21404185211082255,-0.1442645016613583,-0.22215675783583846,89.5,6,Syn
-0.18109996425253203,-0.3054938806483171,-0.1288774485538815,-0.1340600829026708,0.5270585136735576,0.7738579169725812,0.5938128692076459,0.8918670091591696,-0.1468205679775795,-0.18681948707265078,-0.14138585143989557,-0.21790917193941944,89.5,6,Syn
-0.18492916784301575,-0.3004659809778069,-0.13230823657457144,-0.14128854947537234,0.05394865052358741,0.044500970335432884,0.10826406338030459,0.09455433728578959,-0.1568047214382711,-0.21409687018716816,-0.14263730832244514,-0.21826125663646587,89.7,6,Syn
-0.1840155276282255,-0.28373904913125264,-0.13069983423999165,-0.13646908918686373,-0.02746111829770256,0.017556359053524838,0.03465959756509012,0.039974711899961886,-0.15745817612824603,-0.21791628296084634,-0.1400820010275742,-0.2162480543943799,89.7,6,Syn
-0.18857564339054142,-0.2915034879453479,-0.13175916940333696,-0.13680785569557838,-0.034214568199921185,0.048374258207207164,-0.02139611958845878,0.0204217017746267,-0.15943552775510259,-0.21553602723684068,-0.14401450967644705,-0.22103730905548574,89.7,6,Syn
-0.18011840742000515,-0.26982721736063514,-0.1306245873471458,-0.13780967802049515,0.2816013072274661,0.4128001257950135,0.3753058787289642,0.5618572123675413,-0.1512180802153138,-0.19897269056857747,-0.14189332019968542,-0.21492096592089724,89.7,6,Syn
-0.1959397452279835,-0.3287217296469764,-0.133697952626818,-0.14177208799635818,-0.09425887733055587,0.19791685082179683,-0.0714351229151509,0.2314254081631359,-0.16379453486379156,-0.21576768229513807,-0.14600546380777593,-0.23174880887716728,89.9,6,Syn
-0.16135886736375446,-0.2748354767980575,-0.13045880903634482,-0.13794286827178467,-0.2272404454051517,-0.2609835600731996,0.04528912532587041,0.033925938983491284,-0.15934152994008022,-0.22234089457432646,-0.1381239799721019,-0.21307026430821732,90.0,6,Syn
-0.18198126322078104,-0.28629555280486496,-0.13164042040056462,-0.1398147703904514,-0.03016249825859001,0.059994121822530014,-0.004649599437040772,0.04461679344050908,-0.16063937928966648,-0.22114207964763746,-0.14556685511568618,-0.2268421926503793,90.0,6,Syn
-0.194293575779034,-0.32366764299901557,-0.13258806095734188,-0.1318349370740623,-0.301896764324223,-0.31655682084213493,-0.3030786052491365,-0.3343458632332534,-0.16932115338558998,-0.23930094052992396,-0.1411403503289648,-0.1944729700539704,90.1,6,Syn
-0.1567453885446455,-0.1731056161469396,-0.07723691687302373,-0.03962964245852859,1.026199856446625,1.353840674815652,1.0717405041876351,1.4559502509044506,-0.12521352806417949,-0.1396660999562175,-0.13905957871802713,-0.18856426661251185,90.1,6,Syn
-0.1885287485830566,-0.3208165358290843,-0.133697952626818,-0.14179669923844426,-0.0856635774550049,-0.019997692920634504,0.0006651644433493733,0.08752088040617262,-0.16082963992730215,-0.22241328678004438,-0.1457943927306952,-0.23066998525416604,90.3,6,Syn
-0.18859666520079324,-0.2858340073272986,-0.13276559659515005,-0.14146082816997507,-0.09499561731988881,-0.08146508740748723,-0.06682230898122739,-0.050616212709504727,-0.16184776083941216,-0.225572482637575,-0.14530937834080757,-0.2279706692434768,90.5,6,Syn
-0.18829589160795962,-0.30718294069387914,-0.13057050364291287,-0.13474774996095906,-0.021321618386594722,0.017724762874036765,0.03796879016986134,0.10904325845780055,-0.1609564803523926,-0.2249354312272572,-0.143905231742923,-0.22273453785150438,90.5,6,Syn
-0.1895054542286023,-0.2962564243526271,-0.13264096892887411,-0.1416533749462958,-0.19359598589228075,0.02142964692529912,-0.18515101424274383,0.006495457152985094,-0.16611843265205598,-0.22376267749462667,-0.14287831855939548,-0.2217324506368338,90.5,6,Syn
-0.19145563139503952,-0.31252181072161495,-0.13322413234842936,-0.14100334861119804,-0.10174906722210744,0.10681038392484524,-0.10061618497540624,0.12128147342833409,-0.16386135258772314,-0.21921644697554044,-0.14558930948558838,-0.23021408071055466,90.5,6,Syn
-0.19521530130545955,-0.32396224649533456,-0.13317357584229858,-0.1409758419288665,-0.2725499547491276,-0.20692593368887158,-0.25685018734612036,-0.19550542442961436,-0.1683460676177071,-0.23491397286341717,-0.1443558160989606,-0.2246348924342806,90.9,6,Syn
-0.1926813646389528,-0.31035483833757993,-0.13147699355516507,-0.13520233407949064,0.557142063237986,1.1054450395605622,0.5145928038206984,0.9878033609971452,-0.15107311972949614,-0.18959934777221943,-0.1451013011797138,-0.22228314721426537,91.1,6,Syn
-0.18752455287795086,-0.3151077747448592,-0.13110898921984088,-0.13980463634959242,-0.05373817791724412,-0.024207788433432634,-0.02470531219323,-0.025014429667698942,-0.16103235810668778,-0.22349627417758466,-0.14364925192603786,-0.22129008781233958,91.1,6,Syn
-0.18161095594788373,-0.3002270248085704,-0.13031419391415672,-0.13866817605326343,0.6857031913765842,0.8888777263822262,0.6461582795012998,0.8298319194809479,-0.155628049994798,-0.2120003919095768,-0.14051462188769,-0.2205001541971713,91.1,6,Syn
-0.19110634593239403,-0.2966295887812978,-0.13279616564536867,-0.14151439381451542,-0.1606882663687427,0.044500970335432884,-0.12378053320880479,0.023938430214435185,-0.16354991404397426,-0.21989114233283158,-0.14583481059651915,-0.2264404549832366,91.1,6,Syn
-0.18888450229501033,-0.28939216288839537,-0.13126065873823328,-0.1363938077404827,-0.05300143792791118,0.0002107655407965327,-0.013875227304887819,0.040256050175146565,-0.16055557400880313,-0.2200619879383259,-0.14394864352473394,-0.21600881735664323,91.2,6,Syn
0.14119349402961712,0.6510673050384362,0.1861754131281387,0.4733902511062224,0.9710671472448766,1.2132234846881944,1.178035781795438,1.5378196889831923,-0.11834602504856767,-0.1266412943034469,-0.12606298941863078,-0.1714791309930156,91.4,6,Syn
-0.17811163307212075,-0.25203643955515137,-0.13062223588174438,-0.13640973266183254,0.12749985945865935,0.22604028884728836,0.23240892534111593,0.32679908345074205,-0.151751489502971,-0.2004465958769946,-0.1458931919582649,-0.22487864337838964,91.4,6,Syn
-0.1801038538590616,-0.2836212077327251,-0.1321448097291719,-0.13945284035977337,0.24722010772526223,0.36800470953884135,0.3933560202095345,0.5601691827164332,-0.14490663656326816,-0.18639382090302933,-0.14121220431265186,-0.20966677890343524,91.5,6,Syn
-0.19114192130358942,-0.31014206914579406,-0.13280086857617152,-0.14104388477463398,-0.2557277249926921,-0.27007736638084356,-0.2261649468291508,-0.29355181333147495,-0.16734153675114252,-0.2379399670624268,-0.1461970744309414,-0.22948734178459987,91.8,6,Syn
-0.18949413479231286,-0.30498323458803095,-0.13197667995296947,-0.13617085884158506,-0.06908692769501372,-0.029933518330838096,-0.0546886027637329,-0.021357032090298118,-0.16146610706034534,-0.22127238561792975,-0.14554589770377746,-0.2285665048846323,91.9,6,Syn
-0.19401867518343338,-0.3295793531584827,-0.13161220281574743,-0.13745353887030798,0.12369336951377248,0.32657736969290774,0.1328323115066364,0.2969772262811661,-0.15788513005913085,-0.21220888146204447,-0.14481538220295906,-0.2219581459554533,91.9,6,Syn
-0.19400897280947102,-0.32524540839041266,-0.13292784770784888,-0.1421962699923128,-0.24185245519358836,-0.1956428777145726,-0.2100200980604185,-0.17623375257946386,-0.16686928266843964,-0.2349342426810182,-0.14470311035344802,-0.2280248361199455,92.6,6,Syn
-0.19270400351153166,-0.3309901765686324,-0.13210836201544968,-0.1405907483762251,-0.1552855064469678,-0.1809917453300351,-0.06261060930242765,-0.12953159889880717,-0.16023960544987245,-0.22393062741189226,-0.1433109394195113,-0.22013452778100773,92.6,6,Syn
-0.18240008236349017,-0.2846752335751107,-0.13235879308070223,-0.13794286827178467,0.18189582867107482,0.4495121586666132,0.3313838677929098,0.5724073976869667,-0.14860652646300496,-0.1824962245471758,-0.14479891566503075,-0.21794528319039855,92.9,6,Syn
-0.16854347528289262,-0.2604653729220549,-0.12889508454439225,-0.13231992331517087,0.12271104952799522,0.22418784682165718,0.2637961158045521,0.37673662729602253,-0.15185341484456152,-0.19951707995557633,-0.14502196240605933,-0.2238675283509743,93.2,6,Syn
-0.19503095620017444,-0.32897377930493815,-0.13355686470273206,-0.14147964853157033,-0.21692608555449053,-0.028249480125718842,-0.20229864864928562,-0.020231678989559403,-0.1666167343220542,-0.22652805975305174,-0.14582133797457783,-0.23080540244533776,93.3,6,Syn
-0.1719845839148814,-0.2609367385161652,-0.12997440716364975,-0.136382225979501,0.17268657880441304,0.26679401341117426,0.3087209123784159,0.43033156871870387,-0.1497854629140689,-0.19968502987284195,-0.13752070590072935,-0.20616850146483298,93.3,6,Syn
-0.1843939202127581,-0.2712053070489716,-0.13171684302611117,-0.13963814853548054,-0.04428334805413805,0.0692563319506859,-0.012070213156830788,0.04349144033977037,-0.1594536478158298,-0.21539703420186226,-0.1420160707551508,-0.2194619557315216,93.3,6,Syn
-0.19337185025260845,-0.2972580762401116,-0.13250575966829176,-0.1384611520757156,-0.08271661749767313,0.6637218183577822,-0.12418164746392858,0.3623883752616039,-0.16469827289256106,-0.2076916078252454,-0.14334686641135483,-0.21506089701844133,93.4,6,Syn
-0.1958152314287997,-0.3368756997506489,-0.13318415743660503,-0.13886217054970684,0.06880624030846838,0.9196956255359086,-0.01778609129234472,0.5522917110112622,-0.16346271125172457,-0.20499282639608082,-0.14558930948558838,-0.22833629565964042,93.4,6,Syn
-0.19397663156292977,-0.3202862495357102,-0.13171214009530832,-0.1379848521553433,-0.17763328612340035,-0.015282385946300594,-0.1761259435024587,-0.06932520800928588,-0.16477641565444714,-0.22464875809261417,-0.14483783657286126,-0.22210710486574217,93.5,6,Syn
-0.18243565773468556,-0.30928444563428775,-0.12976747820832368,-0.1367991693748421,-0.05263306793324471,-0.014440366843740967,-0.006655170712659695,-0.07045056111002458,-0.15997912957691884,-0.22484566489216695,-0.14537225057653375,-0.22480190697005903,93.7,6,Syn
-0.18543692541371334,-0.3091600574913975,-0.1320895502922382,-0.13852919492148305,-0.12765775684698252,-0.09561100833048895,-0.11295044832046261,-0.026843128456399357,-0.16282284660729504,-0.2260531668835421,-0.14172416394642215,-0.2219987711128048,93.7,6,Syn
-0.1929093704270686,-0.32784119253020083,-0.13325822859675013,-0.14125090875218183,-0.261130484914467,-0.17071911227880765,-0.2498306878814541,-0.13642438664083179,-0.16798366640316295,-0.2334516503079149,-0.14573451441095597,-0.22978977351155,93.7,6,Syn
-0.18563744114226907,-0.288086087388048,-0.1314123282566257,-0.13562796379556802,-0.006341238603491589,0.07447685038655559,0.029244555120919027,0.11649872275019454,-0.15803122304874398,-0.2150495516144162,-0.14301005086282176,-0.2141220044929842,93.8,6,Syn
-0.16593030256235983,-0.22352536785583876,-0.13199666740888163,-0.13777348501742734,0.515639043838897,0.6830882577166536,0.6451554938634902,0.8813168238397442,-0.1384570274481776,-0.1712957024784971,-0.13981554250473469,-0.1994518087827166,93.9,6,Syn
-0.1961677510160993,-0.33494113679148774,-0.13356274336623564,-0.1425408273815183,-0.2828643145997887,-0.21955622022726598,-0.26126244415248195,-0.1445831966211875,-0.1685567133236609,-0.2314970607535307,-0.14253701213688197,-0.21572895516155505,94.1,6,Syn
-0.19321176108222926,-0.30005353608296037,-0.13236467174420583,-0.13864935569166817,-0.018497448427485113,0.28515002984697413,0.060932581275698006,0.43849037869905955,-0.15976848387096504,-0.2038490295457375,-0.14622401967482404,-0.22828664268954413,94.1,6,Syn
-0.19344461805732624,-0.31937625206930276,-0.13184029495968638,-0.13934136591032456,-0.17910676610206622,-0.11565106297140806,-0.1478473885162319,-0.11377665548846513,-0.16457256497126604,-0.22993338911002334,-0.14499052628819625,-0.2270272628116473,94.1,6,Syn
-0.17499231984321742,-0.2358790744681471,-0.13039531947050614,-0.13579155616943447,-0.0033942786461598254,0.07885534971986564,0.11347854869691379,0.195836116352274,-0.15483756234557358,-0.20734702092602803,-0.14303999002269135,-0.21735396145561547,94.4,6,Syn
-0.19190032353498168,-0.3122992214132851,-0.13234468428829363,-0.14069353650493766,-0.06159673780346216,-0.032796383279540826,0.014704163372681834,0.045601477403655465,-0.15923620708710332,-0.21954076405715678,-0.1462344983807784,-0.22913525708755345,94.4,6,Syn
-0.18788515777688578,-0.2911957909603036,-0.13063516894145225,-0.134607321109056,0.02840833089337879,0.19421196677053446,0.10826406338030459,0.2862863718241483,-0.157744699588495,-0.2086442892524934,-0.1462344983807784,-0.22741545875967284,94.4,6,Syn
-0.1798839333825811,-0.2476992214149,-0.13060107269313148,-0.13662544296011664,0.4116359153447302,0.6930240831268571,0.4922306840975474,0.6994316289328493,-0.145585006336743,-0.18317091990446693,-0.14125411913646932,-0.21589145579096108,94.5,6,Syn
-0.18859828226312028,-0.30376554013657925,-0.13043294291692906,-0.13441622205285797,0.04216081069426035,0.16693054784760258,0.13884902533349316,0.22959670937443546,-0.15511276076786806,-0.20923790533938047,-0.14409833932408198,-0.22009390262365622,94.5,6,Syn
-0.18486771947458738,-0.28966385277944506,-0.12927484620672358,-0.1340977236258613,-0.08320777749056175,-0.09375856630485778,0.17083788717961498,0.2625132875710429,-0.15221241854771933,-0.19875840963965238,-0.1429756208289717,-0.2064664192854107,94.7,6,Syn
-0.18489197540949331,-0.282603188984334,-0.13197080128946587,-0.14035042683585489,-0.061351157807017845,-0.00433613761302545,0.0015676715173778887,-0.043160748417110734,-0.15920336447703523,-0.22387850502377538,-0.14364925192603786,-0.22255398159660877,94.9,6,Syn
-0.1727623908941984,-0.30223687532790194,-0.13050348687897204,-0.1376258175649107,-0.05852698784790824,-0.08887485551001195,0.02733926240908105,-0.04822483737043495,-0.15937663755773918,-0.22571437136078215,-0.14142177843173911,-0.2161126372032082,95.0,6,Syn
0.005431409298767812,0.19444497923277507,-0.10407301576687143,-0.091336414361314,0.452156614758042,0.4714046553331635,0.3223587970526246,0.3594343233721648,-0.1507877287730426,-0.20361447879921138,-0.13649229575920835,-0.21019039204263248,95.0,6,Syn
-0.19221403362643177,-0.31640075675648127,-0.13020720223839155,-0.1325776174970136,-0.1513562265038588,0.10798921066842872,-0.11926799783866222,0.14336652803033137,-0.1649927238793782,-0.2244373728519178,-0.14448006361241944,-0.22389009788283623,95.3,6,Syn
-0.19493231539822364,-0.32378221102536187,-0.13323588967543654,-0.14271600151636646,-0.25327192502824897,-0.07961264538185606,-0.23749642453639774,-0.061307067166522525,-0.16667562451941761,-0.22579255494295752,-0.14233043193378167,-0.2174713230212976,95.6,6,Syn
-0.17830568055136822,-0.26845894778884266,-0.13094556237444133,-0.13917487809621265,-0.13244656677764663,-0.16482497856089026,0.04919998931332731,0.12761158461998937,-0.15746836866240507,-0.21297913453088327,-0.1406987477208881,-0.2075046177510604,95.8,6,Syn
-0.18410284899388688,-0.3176511849297462,-0.13117130305297886,-0.13959616465192187,-0.12507916688431722,-0.09965270002277517,-0.05318442430701871,-0.1542893671150589,-0.1638941951977912,-0.23344006755500005,-0.14245318248924707,-0.2199584854324845,95.9,6,Syn
-0.1939798656875839,-0.31898017403536283,-0.1329372535694546,-0.1414043670851893,-0.17530027615717936,-0.17476080397109384,-0.12668861155845224,-0.13121962854991523,-0.16406633577469967,-0.22948166174634343,-0.14548601938403824,-0.22599357825237,96.0,6,Syn
-0.19509887281791105,-0.32747130147371145,-0.13313712812857637,-0.14163600230482323,-0.15172459649852527,0.3275877926159793,-0.15506744510846,0.19879016824171314,-0.1654932905569673,-0.21783230800221354,-0.1433408785793809,-0.22135328250155303,96.1,6,Syn
-0.18680334308008104,-0.3159490313954589,-0.1301589971976622,-0.13552517566685546,0.10011768985511837,0.16945660515528144,0.1812668578128334,0.2540731393155025,-0.15517618098041328,-0.20838078162368012,-0.14310885009039145,-0.2200984165300286,96.4,6,Syn
-0.17964622522050294,-0.27152609752274115,-0.1313276755021741,-0.13961353729339443,0.8788518585800369,1.207160947149765,0.6629047996527178,0.8225171243261463,-0.1379745808313157,-0.17987273101195786,-0.1394353151743907,-0.21505186920569655,96.6,6,Syn
-0.17556799403165163,-0.2468121375537618,-0.12324216171934867,-0.12216416665434547,-0.02168998838126119,0.015872320848405584,0.00026405018822558865,-0.015308259173827521,-0.15817165351937984,-0.21851569042419083,-0.14409833932408198,-0.22188592345349506,96.7,6,Syn
-0.1940138239964522,-0.3333699181444533,-0.13286083094390805,-0.1410931072588062,-0.21029542565049406,-0.012587924818109789,-0.21393096204787537,-0.037252644638232475,-0.16643666621857756,-0.22523947849127252,-0.14265826573435386,-0.22192654861084657,97.1,6,Syn
-0.19632945724880554,-0.3355696242503015,-0.1331477097228828,-0.1402910703108237,-0.10322254720077331,0.21694648253964438,-0.0651175733969513,0.2543544775906872,-0.16323847550022536,-0.21194247814500247,-0.14588271325231053,-0.2314644327757067,97.1,6,Syn
-0.1922819502441684,-0.3177133790011913,-0.13054228605809567,-0.1355411005882053,-0.047107518013247654,0.014693494104822107,-0.0050507136921645575,0.04335077120217803,-0.16282171410349958,-0.22604158413062722,-0.1443558160989606,-0.22646753842147094,97.3,6,Syn
-0.19036411432427242,-0.3102631839165029,-0.13072334889400597,-0.13692801646576347,0.10110000984089562,0.30401125774430976,0.18748412876725204,0.40810584497911423,-0.15556349727845734,-0.20447739389136915,-0.14332441204145263,-0.2173313919237535,97.3,6,Syn
-0.16777213655288387,-0.27047207168035553,-0.12938536508059093,-0.13576404948710294,0.005569391224057622,0.07312961982246019,0.1402529252264264,0.19330407187561188,-0.15457482146502907,-0.20886436155787594,-0.142459170321221,-0.21800396397323962,97.5,6,Syn
-0.18933081149727954,-0.31955301416709414,-0.13150638687268298,-0.13955418076836323,0.014287481097830757,0.07683450387372254,0.066548180847431,0.0678272011432451,-0.1606065366795984,-0.22542480253791042,-0.1435160226646181,-0.22307308082943364,97.5,6,Syn
0.03254792746127689,0.36776676286158133,-0.10865014317075967,-0.10828342611778184,0.9433166076466691,1.2347791737137208,1.004654145018182,1.39096110933679,-0.12130978748126163,-0.1317348098977607,-0.12852997619188639,-0.18131041907208106,97.5,6,Syn
-0.18941974992526797,-0.32356289508921326,-0.1321753787793905,-0.1396815801391619,-0.01788349843637433,-0.03986934374104169,-0.01828748411124945,-0.0006786688642242184,-0.15996780453896434,-0.22398854117646663,-0.14527644526495098,-0.22166925594762033,97.5,6,Syn
-0.1791837453949631,-0.276000797294608,-0.1298979845381032,-0.1362953627721383,0.25151775766303774,0.3730568241541991,0.3667822008075838,0.6150301463774456,-0.14869825927043642,-0.1890781238910503,-0.13953261744396692,-0.21011365563430187,98.0,6,Syn
-0.19483205753394578,-0.32845985987247067,-0.13259511535354618,-0.13872029397768107,-0.3044753542868883,-0.25896271422705647,-0.2868334779166232,-0.32984445083029856,-0.16914108528211336,-0.2381050212914637,-0.14556835207367966,-0.22902692333461608,98.0,6,Syn
-0.18327329602010387,-0.29284557053968985,-0.13062223588174438,-0.13637209193864203,-0.15688177642385584,-0.18520184084283323,-0.03232648304058191,-0.06988788455965524,-0.16041854104955364,-0.2250686328857782,-0.14321513410792855,-0.2148848546699181,98.4,6,Syn
-0.18139588665838444,-0.2883152234407405,-0.1291314068172362,-0.13578721300906635,-0.03188155823370021,-0.011240694254014387,-0.0021426353425171188,0.043069432926993355,-0.15918864192769439,-0.22272891679697457,-0.14076461387260122,-0.21920014916192299,98.4,6,Syn
-0.19081689177584987,-0.3038146407192991,-0.1314722906243622,-0.1366934858058841,-0.03642478816792001,0.05780487215587498,-0.0033459781078884728,0.07486065802286207,-0.1590165013507859,-0.2144182915805558,-0.14549051025801868,-0.22728455547487353,98.4,6,Syn
-0.18653167660913456,-0.30291446336943556,-0.13171214009530832,-0.13817016033105045,0.1864390586052946,0.44176558292306467,0.16572368042678673,0.33537990084387476,-0.1567956614079075,-0.20935373286852915,-0.1415744681470741,-0.21644666627476508,98.6,6,Syn
-0.19314869565147383,-0.3274352943797169,-0.13286553387471092,-0.14133632423942183,-0.10801135713143743,-0.08567518292028536,-0.03423177575241989,-0.043160748417110734,-0.16166542772834464,-0.22463138396324187,-0.1448722666067113,-0.22263071800493942,98.7,6,Syn
-0.17074268004769746,-0.28376850948088456,-0.1291231766883312,-0.13247772480854647,0.3271563965678863,0.427451258179551,0.412910340146819,0.49222598925933325,-0.14745024008785,-0.19590615673436582,-0.13934849161076884,-0.21232998366314537,98.8,6,Syn
-0.19418846672777496,-0.31532054393664505,-0.13169215263939613,-0.13572496104378973,0.04707241062314663,0.35975292233375705,0.025133134005900233,0.2678587147995518,-0.16060087416062116,-0.21172819721607739,-0.14571206004105378,-0.22939706365715207,98.9,6,Syn
-0.19166099831057645,-0.3262339667891718,-0.1300802231067142,-0.13837139342810745,-0.008919828566156883,0.00458926487410659,-0.01176937746548795,-0.006586772643102475,-0.1588454932776729,-0.2171373428273214,-0.14367769412791398,-0.2231272477059023,98.9,6,Syn
-0.19292068986335803,-0.29695037925506734,-0.13293372637135245,-0.14008549405339857,-0.1775104961251782,0.1303869187965148,-0.19126800663338156,0.14111582182885396,-0.16603009735601085,-0.21819716471903194,-0.1446058080838718,-0.2207303634221632,99.2,6,Syn
-0.19368070915707736,-0.30817477246481967,-0.1327256216833257,-0.1398379339124148,-0.09425887733055587,0.2331132493087892,-0.06591980190719887,0.272500796340099,-0.16339476102399753,-0.21401289522853537,-0.1455189524598948,-0.22918491005764974,99.2,6,Syn
-0.1804596075710153,-0.271372249030219,-0.13160749988494458,-0.13629825821238373,0.5996274026228523,0.8715321328694979,0.5802752630972181,0.8409447813507427,-0.1422882877881866,-0.17576085372717923,-0.14136339706999337,-0.21407235152288792,99.3,6,Syn
-0.17893633485892255,-0.29862307243972275,-0.13161573001384957,-0.13903010608394145,-0.03789826814658589,0.023450492771442222,0.06063174558435517,0.09553902124893597,-0.15670279609668056,-0.21317893701866478,-0.1452749483069575,-0.2273387223513422,99.3,6,Syn
-0.17650265605669369,-0.29599782795030266,-0.1291090678959226,-0.13531091308869406,0.07691038019113074,0.18191848787316392,0.1916958284460518,0.31793692778242466,-0.1522520561805601,-0.2023809156137778,-0.14467017727759146,-0.2192046630682954,99.7,6,Syn
-0.17364045573779327,-0.24320815478212654,-0.12711972816631076,-0.1310690931291476,0.34103166636699006,0.4975072475125119,0.5807766559161228,0.7676561606651339,-0.14170844584491596,-0.18145377678483754,-0.13551627914745915,-0.20441710579234565,99.7,6,Syn
-0.19332333838279656,-0.32633871469897413,-0.13280086857617152,-0.14026645906873758,0.09974931986045191,0.3629525949234836,0.1421582179382644,0.43919372438702126,-0.1573494557638828,-0.20360579173452523,-0.1450174715320789,-0.22772240439299538,99.9,6,Syn
-0.19233854742561557,-0.2906393176894789,-0.1327761781894565,-0.13947021300124593,-0.1439888266105294,0.056626045412291506,-0.0966050424241684,0.07289129009656932,-0.1636722244538829,-0.22096833835391444,-0.14438276134284322,-0.22484253212741054,100.0,6,Syn
-0.19385535188840008,-0.32638454190951266,-0.1327279731487271,-0.13954404672750426,-0.22736323540337386,0.014525090284310182,-0.2038028271059998,-0.013057552972350091,-0.1670901209085525,-0.2278745547794053,-0.14520159736527696,-0.22741545875967284,100.0,6,Syn
-0.18046122463334238,-0.30072130400795,-0.13094556237444133,-0.1375621178795114,-0.019725348409706682,-0.032122767997493126,-0.05508971701885668,-0.10561784550810945,-0.16075829218818877,-0.22601552293656876,-0.14277203454185838,-0.22283384379169696,100.2,6,Syn
-0.18774932454141255,-0.2983644760373983,-0.13140997679122424,-0.137327587219632,-0.2209781554958217,-0.2950011318166085,-0.13110086836481386,-0.21674646420605762,-0.1635782266388605,-0.23145362543009995,-0.14525399089504878,-0.22097411436627226,100.4,6,Syn
-0.17551463097485856,-0.25913311044425696,-0.13058226096992,-0.1397090868214934,0.21590865817861224,0.2836343954623668,0.24805238129094354,0.319343619158348,-0.15346496774548757,-0.2090120416575405,-0.1423962980854948,-0.22156995000742774,100.5,6,Syn
-0.1947447361682844,-0.3299263306097028,-0.1328208560320837,-0.1407007751055512,-0.2870391745393421,-0.2897806133807388,-0.2663766509053102,-0.2998819245231302,-0.1685499183008882,-0.23514562792171456,-0.14223163270621197,-0.2180175056923568,100.5,6,Syn
-0.18506176695383486,-0.31373623180088533,-0.1313194453732691,-0.1375751473606158,0.0772787501857972,0.14672208938617154,0.19159554988227084,0.2945858509420963,-0.15332566977864717,-0.20359131329338165,-0.1462344983807784,-0.22857553269737707,100.5,6,Syn
0.13004546634684905,0.6057638340489431,0.05293315335407176,0.19672514477544903,1.0956989954403658,1.254482420713616,0.9827934181139358,1.272095688071263,-0.12634036934065274,-0.14773059167319533,-0.12695517638274506,-0.19291567235549584,100.7,6,Syn
-0.18972537470508277,-0.3057655705393668,-0.13295371382726465,-0.14006088281131246,-0.1658454462940733,-0.013093136279645565,-0.11495601959608154,0.07471998888526973,-0.15888739591810455,-0.20090121892890322,-0.1400430801197437,-0.2111834514445583,100.8,6,Syn
-0.18223029081914863,-0.2930386994983878,-0.12957583377810694,-0.13138759155614427,0.2078045182959499,0.4223991435641932,0.29267634217346455,0.49405468804803365,-0.15266315505830863,-0.19818216768213764,-0.1462344983807784,-0.2307783190071034,101.0,6,Syn
-0.19421110560035382,-0.32759896298878305,-0.1321107134808511,-0.13863487849044104,-0.21717166555093484,-0.24060669779125662,-0.21282789784628497,-0.2623232647859756,-0.16606860248505614,-0.23290146954445862,-0.14605486342156077,-0.22949636959734465,101.0,6,Syn
-0.17827980755413522,-0.29116633061067176,-0.13073393048831242,-0.13826570985914946,-0.19642015585139033,-0.26216238681678306,-0.12749084006869982,-0.20521159492348579,-0.16396214542551824,-0.23399893538314248,-0.14235887413565781,-0.2261199676307969,101.1,6,Syn
-0.1806876133591311,-0.28628900606050234,-0.130130779612845,-0.135819062851766,1.0155171266012974,1.405372243892301,0.9865037249738309,1.3659220028453534,-0.13398023994476177,-0.16141271855388478,-0.14283790069357152,-0.20735565884077156,101.2,6,Syn
-0.18887156579639383,-0.31627964198577235,-0.13195669249705727,-0.14069208878481493,0.6205017023206189,1.1613551079705213,0.5437738658809537,0.9652962989823708,-0.14978206540268257,-0.18926923931414566,-0.14532734183672932,-0.22386301444460188,101.2,6,Syn
-0.19459758349652173,-0.317700285512466,-0.13239524079442444,-0.13896785411866483,-0.1461990465785282,0.028839415027823834,-0.058198352496066016,0.19752414600338208,-0.16331208824692964,-0.21725896173292752,-0.1462344983807784,-0.2313786685546313,101.2,6,Syn
-0.19366453853380672,-0.3026198598731166,-0.13301837912580403,-0.14049230340788066,-0.2606393249215784,-0.10891491015093105,-0.2665772080328721,-0.16835628087429286,-0.16848649808834296,-0.22912259640598248,-0.14314028620825453,-0.21557096843852142,101.3,6,Syn
-0.18320376234004018,-0.28255081502943286,-0.1314781692878658,-0.1400898372137667,0.1466550991813158,0.2698252821803889,0.1704367729244912,0.33833395273331385,-0.15597459615620587,-0.20478144115538446,-0.1457464900749038,-0.22667066420822848,101.3,6,Syn
-0.1791885965819443,-0.2908455401369022,-0.1272749248828053,-0.13116464265724662,0.532092903600666,0.7172742332805744,0.7179577311684572,0.9671249977710712,-0.13388963964112574,-0.1638653664836084,-0.13898922169233355,-0.19851291625725948,101.3,6,Syn
-0.19459758349652173,-0.3312618664596821,-0.13206368417282247,-0.13672967880895193,-0.11758897699276566,-0.012251117177085939,-0.0599030880803421,0.050384228081795004,-0.16321129540913454,-0.2237018680418236,-0.1462344983807784,-0.2298800516389978,101.3,6,Syn
-0.17842210903891673,-0.2509627734796778,-0.13062223588174438,-0.13596528258415994,0.14444487921331697,0.2595526491291615,0.13142841161370314,0.19358541015079656,-0.15451366626007473,-0.20640302656346618,-0.14430941040116269,-0.22290155238728282,101.4,6,Syn
-0.16903829635497372,-0.27834125840425306,-0.13194023223924725,-0.1411901045070279,0.5081488539473454,0.7192950791267174,0.6198852957906918,0.8263151910411395,-0.1406891924290105,-0.17986693963550043,-0.14021373333100048,-0.21141817457592257,101.5,6,Syn
-0.19420463735104557,-0.32602447096956727,-0.1329008058557324,-0.1409743942087438,-0.17652817613940094,-0.1737503810480223,-0.15035435261075553,-0.19466140960406034,-0.16504821656535526,-0.2336514527956964,-0.14621054705288272,-0.23035852571447113,101.5,6,Syn
-0.16916281015415752,-0.28435444310134117,-0.13092322345312774,-0.1388476933484797,-0.044651718048804516,-0.06934001233062861,0.022425612783814688,0.01001218559279358,-0.16051593637596237,-0.22484856058039568,-0.14417318722375597,-0.22356058271765175,101.7,6,Syn
-0.19191972828290643,-0.32524540839041266,-0.1314052738604214,-0.13782415522172226,-0.18328162604161957,-0.1565731913558059,-0.1468446028784224,-0.05666498562597532,-0.16397233795967728,-0.2248022295687362,-0.1427555680039301,-0.22115467062116786,101.7,6,Syn
-0.1837875218401097,-0.283915811229044,-0.13022718969430372,-0.13481144964635838,-0.06871855770034725,-0.044584650715375596,0.037166561659613774,0.07359463578453102,-0.1561161591306372,-0.20999367996707569,-0.14432138606511052,-0.21872167508644966,101.8,6,Syn
-0.1647191228793901,-0.21316514490195537,-0.13082916483707044,-0.13924581638222555,0.41617914527895,0.5522384891788876,0.5203086819562123,0.7264401033505784,-0.14225091516293675,-0.17952235273628306,-0.13798326592071475,-0.19365595300056782,101.9,6,Syn
-0.1906487172938354,-0.3251439338527917,-0.1305093655424756,-0.13826136669878134,0.4091801153802871,0.6898244105371305,0.3751053216014023,0.6096847191489366,-0.15186134237112967,-0.20028154164795772,-0.14148315370947182,-0.21578763594439612,101.9,6,Syn
-0.1955742891420674,-0.3350229710960208,-0.1316239601427546,-0.13836125938724847,-0.13576189672964487,-0.12070317758676583,-0.0690284373844082,-0.0376746520510095,-0.16183077328248038,-0.2222511282392362,-0.1447734673791416,-0.22425572429899981,102.1,6,Syn
-0.15936826363914067,-0.19551184872808708,-0.1289056661386987,-0.1336272145859799,0.18373767864440715,0.16693054784760258,0.2575788448501334,0.32089097967186375,-0.15086700403872413,-0.20119368344000368,-0.13898023994437267,-0.2114994248906256,102.2,6,Syn
-0.19465741480262302,-0.32290494728076763,-0.13275854219894576,-0.13985820199413276,-0.29145961447533975,-0.30813662981653867,-0.2542429446878157,-0.26569932408819175,-0.16859408594891076,-0.23771410338058685,-0.14480640045499815,-0.22464392024702537,102.4,6,Syn
-0.19161410350309163,-0.32176908713384894,-0.13209425322304108,-0.14116115010457367,-0.2747601747171264,-0.3052737648678359,-0.2435131383632545,-0.2469903287884106,-0.16811390433963974,-0.2360896222842764,-0.1458692406303692,-0.22772240439299538,102.4,6,Syn
-0.18806303463286264,-0.2957883321306981,-0.13304071804711765,-0.14090490364285363,-0.18242209605406445,-0.176613245996725,-0.1870563069545818,-0.1888939749627744,-0.16612749268241958,-0.2307297033729206,-0.14378697206143806,-0.22638628810676792,102.5,6,Syn
-0.19061961017194826,-0.3055789883250315,-0.1314922780802744,-0.1381238332871237,-0.23473063529670327,-0.28540211404742877,-0.11325128401180545,-0.09591167501423803,-0.1641614660935175,-0.230162148480092,-0.14535428708061196,-0.22293314973188955,102.6,6,Syn
-0.18791749902342703,-0.2781055756071979,-0.13080212298495394,-0.1361288749580264,0.16261779895019618,0.33230309959031323,0.21225293402114576,0.3424133577234917,-0.15407878480262174,-0.2036376443050411,-0.144020497508421,-0.22078453029863188,102.7,6,Syn
-0.19630358425157254,-0.3336219678024151,-0.13319591476361217,-0.14096570788800752,-0.1717393662087368,0.014019878822774407,-0.13080003267347104,0.1238135179049962,-0.16383303999283688,-0.21309785774826068,-0.14513573121356385,-0.22368697209607868,102.7,6,Syn
-0.19461860530677352,-0.314678962989106,-0.133697952626818,-0.1413348765192991,0.19085949854129225,0.882815188843797,0.22528914731266875,0.9523547383238756,-0.1563539849276818,-0.18289582952273878,-0.1462344983807784,-0.23288631328300957,102.9,6,Syn
-0.18633762912988708,-0.2953366067696757,-0.133697952626818,-0.14198490285439685,-0.24872869509402915,-0.07978104920236798,-0.25845464436661547,-0.16329219192096864,-0.16819431210911673,-0.2335037726960318,-0.14568511479717114,-0.23080991635171014,102.9,6,Syn
-0.18259089571808354,-0.26510046793080655,-0.12929248219723433,-0.13408758958500233,0.004709861236502524,0.04972148877130257,0.08660389360362022,0.11692073016297157,-0.15733926322972372,-0.21467890352114036,-0.14296514212301734,-0.22053175154177804,103.1,6,Syn
-0.18370343459910246,-0.2987081801164371,-0.1333569901436103,-0.1401014189747484,0.07850665016801878,0.09704296233515357,0.157801673888092,0.13112831305979786,-0.1573143481462238,-0.220962546977457,-0.14196816809935944,-0.22093348920892075,103.2,6,Syn
-0.18336385151041937,-0.29756904659733713,-0.1323564416153008,-0.1398610974343782,0.1418662892506517,0.26022626441120916,0.23842563916797269,0.37814331867194595,-0.15253404962562728,-0.19903929139783796,-0.14393966177677306,-0.22419704351615874,103.3,6,Syn
-0.17629890620348382,-0.2486910531858405,-0.1312630102036347,-0.13743327078859,0.1597936289910866,0.29390702851359424,0.2195732691771548,0.3830667384876778,-0.15149327863760825,-0.20078828708798324,-0.1390984996258576,-0.20615044583934342,103.7,6,Syn
-0.19247438066108882,-0.3101813496119699,-0.1328126259031787,-0.1374781501123941,-0.23252041532870443,-0.2596363295091042,-0.18986410674044832,-0.2191378395451274,-0.16671979216744018,-0.2379254886212832,-0.14594109461405627,-0.23154116918403733,103.8,6,Syn
-0.1801119391706969,-0.2823871464203668,-0.1308491522929826,-0.13796892723399348,0.5033600440166813,0.8208425828954083,0.5007543620189279,0.7244707354242856,-0.14914899578102572,-0.19362435441013653,-0.14396361310466874,-0.22416093226517964,103.9,6,Syn
-0.18969626758319566,-0.29981457991372384,-0.13166040785647679,-0.1371929492482198,-0.09082075738033547,0.0958641355915701,-0.056894731166913716,0.08794288781894964,-0.16211729674272937,-0.21825507848360629,-0.14358338577432472,-0.2231769006759986,103.9,6,Syn
-0.19007951135470944,-0.2923742049455795,-0.13268564677150135,-0.14107428689721094,-0.07080598767012392,-0.010230271330942835,-0.08005907940031227,-0.06960654628447055,-0.16123167877468708,-0.22130134250021694,-0.1461596504811044,-0.22897727036451979,104.2,6,Syn
-0.16938111356831095,-0.2647829508292183,-0.12651775302354407,-0.126556549506654,-0.05521165789591,-0.09173772045871467,0.18307187196089042,0.32229767104778717,-0.15337096993046517,-0.20429496553295995,-0.14365973063199222,-0.2174622952085528,104.2,6,Syn
-0.19413510367098188,-0.3116543670935647,-0.1320237092609981,-0.13786758682540362,-0.13600747672608918,-0.05940418692042502,-0.09650476386038745,-0.026421121043622337,-0.16285002669838583,-0.2233659682072924,-0.1458228349325713,-0.2293293550615662,104.3,6,Syn
-0.18872603018695822,-0.30832862095734176,-0.1327420819411357,-0.1416533749462958,0.03921385073692859,0.13240776464265788,0.07126127334513546,0.1273302463448047,-0.1578749375249718,-0.21322237234209554,-0.14345165347089844,-0.2200532774663047,104.4,6,Syn
-0.18556629039987832,-0.29895695640221753,-0.13264919905777914,-0.13999139224542229,-0.06343858777679451,-0.015282385946300594,0.005378256941053842,0.01817099557314927,-0.160718654555348,-0.22353681381278673,-0.1428004767437345,-0.22382690319362278,104.5,6,Syn
-0.19289805099077917,-0.3133237869060388,-0.1327115128909171,-0.14094688752641227,-0.1260614868700945,0.09182244389928389,-0.09048805003353068,0.19358541015079656,-0.1626767536176819,-0.21277354066664433,-0.14426001078737785,-0.222359883622596,104.6,6,Syn
-0.19414804016959838,-0.3094022870328153,-0.13317945450580215,-0.14217600191059485,-0.27967177464601267,-0.17812888038133234,-0.27159113622191944,-0.12910959148603013,-0.16851934069841104,-0.2287258871186482,-0.14563272126739932,-0.2291487988066706,104.6,6,Syn
-0.1923935275447357,-0.3142861583273474,-0.13173683048202334,-0.13888967723203838,0.41777541525583806,0.7950767983570838,0.38252593532119233,0.6902881349893472,-0.15232227141587804,-0.1948376477779691,-0.14483783657286126,-0.2229060662936552,104.8,6,Syn
-0.19624213588314418,-0.33561872483302135,-0.13326645872565515,-0.142436591532683,-0.1794751360967327,0.0951905203095224,-0.1598808161699454,0.165592251769921,-0.16499159137558272,-0.21497426372046952,-0.14477646129512856,-0.22264425972405658,104.9,6,Syn
-0.19400735574714395,-0.3055757149528502,-0.13310891054375917,-0.1410713914569655,-0.23657248527003563,-0.008041021664287806,-0.1459420958043939,0.20244756581911397,-0.16463711768760672,-0.21189325144511428,-0.145161179499453,-0.22782622423956034,104.9,6,Syn
-0.1891222104570885,-0.3105414205519153,-0.13261627854215907,-0.13885927510946142,-0.2510617050602501,-0.15135267291993623,-0.24862734511608275,-0.19367672564091395,-0.16813768691934422,-0.2360346042079308,-0.14390074086894256,-0.22581302199747438,104.9,6,Syn
-0.19569233469194297,-0.3282830977746793,-0.1330160276604026,-0.1390952534894635,-0.18500068601672975,-0.059572590740936945,-0.17321786515281126,-0.09281695398720656,-0.16608672254578336,-0.22972489955755568,-0.1462344983807784,-0.2322363107653854,104.9,6,Syn
-0.19226254549624364,-0.32533706281148966,-0.13280909870507654,-0.14069643194518308,-0.17235331619984762,-0.15084746145840044,-0.11485574103230059,-0.09999108000441587,-0.16284096666802225,-0.22718248529274185,-0.1453976988624229,-0.22598003653325283,105.2,6,Syn
-0.18903327202910006,-0.29574905166452226,-0.130826813371669,-0.138484315597679,0.34311909633676674,0.5598166611019243,0.3204535043407866,0.46985959638215125,-0.1544819561538021,-0.20626113784025904,-0.14379595380939894,-0.22339808208824571,105.3,6,Syn
-0.1949468689591672,-0.31852517530215907,-0.13268799823690278,-0.1392646367438208,-0.2657965048469089,-0.21787218202214673,-0.23559113182455976,-0.19620877011757606,-0.16757936254818712,-0.23220071299310902,-0.14547104980410344,-0.22969046757135742,105.4,6,Syn
-0.15369884312045998,-0.26030825105735145,-0.13027421900233238,-0.13709595199999808,0.2052259283332846,0.274203781513699,0.2632947229856473,0.33228517981684325,-0.14979792045581886,-0.20074195607632378,-0.1411328655389974,-0.21514666123951673,105.4,6,Syn
-0.19373568927619747,-0.3045118689939206,-0.13269387690040635,-0.13761857896429716,0.03135529085071055,1.0192222834584563,-0.2137304049203135,-0.0063054343679177964,-0.16779227326173182,-0.2327653721977089,-0.14506537418787027,-0.2239081535083258,105.5,6,Syn
-0.19375347696179515,-0.3316284841439901,-0.1325727764322326,-0.14006956913204874,0.10785345974311425,1.1726381639448202,-0.16369140159362136,0.045601477403655465,-0.16666996200044037,-0.23217754748727928,-0.14555188553575138,-0.23110332026591549,105.5,6,Syn
-0.19163512531334345,-0.30692434429155474,-0.13228824911865925,-0.1390358969644323,0.18557952861773952,0.3808033998977477,0.2762306577133894,0.4857552089300856,-0.15303914631839818,-0.19673432356777898,-0.14309238355246318,-0.2206897382648117,105.5,6,Syn
-0.19362411197563018,-0.31453493461312787,-0.13145230316845002,-0.1353977762960568,-0.2150842355811582,-0.20187381907351382,-0.1548668879808981,-0.12151345805604381,-0.16629963325932806,-0.2354728406915596,-0.1462344983807784,-0.23135158511639695,105.5,6,Syn
-0.18626324426284221,-0.30503233517075073,-0.13195434103165585,-0.13875359154050343,-0.062456267791017255,-0.009893463689918985,0.006782156833987089,0.013247575757417387,-0.159723183719147,-0.22095096422454213,-0.14421959292155387,-0.2239848899166564,105.5,6,Syn
-0.1901070014142695,-0.2995756237444874,-0.13123008968801467,-0.13819332385301386,-0.03888058813236315,-0.025218211356504185,0.00517769981349195,0.02534512159035858,-0.1596484384686473,-0.21885738163517948,-0.14460880199985876,-0.22690087343322038,105.6,6,Syn
-0.17603209091951852,-0.251941511761893,-0.13021660809999727,-0.1338950428086816,0.10416975979644955,0.21324159848838203,0.1004423354053908,0.13577039460034504,-0.1541048323899171,-0.20831418079441963,-0.14134243965808466,-0.21374735026407582,105.6,6,Syn
-0.19233207917630732,-0.3167837413016959,-0.13204604818231172,-0.13785600506442194,-0.19605178585672386,-0.19345362804791755,-0.16278889451959286,-0.17299836241484004,-0.1652396097067864,-0.23307231514995294,-0.14460131720989136,-0.22520364463720172,105.9,6,Syn
-0.16656257393224122,-0.2548679064919947,-0.132471663419971,-0.1416533749462958,1.383273171276657,1.8760609222231324,1.3797962521227016,1.9391487385341368,-0.1265057148947885,-0.14064194688929527,-0.13468546746107757,-0.20614141802659863,106.0,6,Syn
-0.16613081829091556,-0.2352342201484267,-0.13000732767926979,-0.13721176960981504,-0.053860967915466275,-0.0986422770997036,0.06554539520962153,0.04630482309161716,-0.155663157612457,-0.21509588262607565,-0.14309537746845014,-0.21880743930752505,106.1,6,Syn
-0.19455715693834516,-0.32551709828146236,-0.13070806436889665,-0.13265579438364006,-0.09057517738389116,0.21290479084735817,-0.023602247991639593,0.432863613195366,-0.16165636769798103,-0.20839815575305243,-0.14372559678370536,-0.21880743930752505,106.3,6,Syn
-0.1969245361851645,-0.34402147122247434,-0.13361565133776787,-0.14213112258679078,-0.29391541443978286,-0.2097887986375743,-0.29074434190408016,-0.23714348915694683,-0.1694208137195896,-0.2380760644091765,-0.14580337447865607,-0.23149603012031342,106.3,6,Syn
-0.18915455170362974,-0.3096674301795024,-0.1326550777212827,-0.1394079610359693,-0.007569138585713157,0.23698653718056348,-0.025908654958601358,0.33974064410923727,-0.16000177965282783,-0.20525054264843667,-0.14182446013198532,-0.21865848039723618,106.5,6,Syn
-0.1963359254981138,-0.335340488197609,-0.13337580186682177,-0.14217455419047215,-0.2705853147775731,-0.09577941215100089,-0.27159113622191944,-0.12643687787177568,-0.16836532018222977,-0.22923552824690246,-0.14585127713444745,-0.22968143975861263,106.5,6,Syn
-0.19217199000592816,-0.28460976613148425,-0.13235056295179723,-0.13792549563031212,-0.21201448562560427,0.020250820181715642,-0.1984880632256097,0.07795537904989354,-0.1663030307707144,-0.2215967026995461,-0.14439024613281062,-0.21986369339866432,106.7,6,Syn
-0.1880517151965732,-0.2872677443427175,-0.13275971793164645,-0.14153031873586525,-0.11562433702121115,0.14486964736054037,-0.10061618497540624,0.19414808670116593,-0.1648047282493334,-0.21851858611241956,-0.1450159745740854,-0.22632760732392684,106.7,6,Syn
-0.1686097748383022,-0.29404362475805357,-0.13034593869707606,-0.13816726489080502,0.37086963593497413,0.5507228547942803,0.5478852869959725,0.7447270912375825,-0.14280923953409386,-0.1804460772812439,-0.1321990202339067,-0.20734211712165437,106.7,6,Syn
-0.1721252683373358,-0.2654703589872959,-0.12956877938190264,-0.1362606174891932,-0.018129078432818642,-0.020334500561658354,0.26770697979200897,0.3213129870846408,-0.1545487738777337,-0.211363340499259,-0.13833654800717612,-0.20659280866383764,107.0,6,Syn
-0.19412378423469245,-0.32142210968262885,-0.13302660925470905,-0.14088318784101295,-0.11611549701409979,0.010483398592023975,-0.13902287490350862,-0.08536148969481257,-0.16367109195008744,-0.22534951464396377,-0.1446132928738392,-0.2253029505773943,107.2,6,Syn
-0.16220620802313515,-0.25472715148819786,-0.12897973729884382,-0.13327397087603812,-0.05300143792791118,-0.03448042148466008,0.22899945417256376,0.29641454973079673,-0.15319996185735216,-0.20933925442738557,-0.1348875567901974,-0.20881816450542592,107.4,6,Syn
-0.1837616488428767,-0.28006632554380967,-0.1316521777275718,-0.13915316229437197,0.2197151481234991,0.42795646964108675,0.29327801355615024,0.5220478464289092,-0.1537412986715775,-0.2003626209183618,-0.1462344983807784,-0.22610642591167973,107.4,6,Syn
-0.18308086560318346,-0.29751012589807335,-0.1311901147761903,-0.13695262770784958,-0.10052116723988587,-0.13754355963795836,0.025433969697243073,-0.002085360240147613,-0.16040155349262186,-0.22301269424338888,-0.1412017256066975,-0.21851854929969208,107.7,6,Syn
-0.17861777358049127,-0.28442645728933025,-0.13060695135663505,-0.1377083376119053,0.14972484913686973,0.2735301662316513,0.21877104066690725,0.3110441400404,-0.1513075480151544,-0.20111260416959958,-0.14282442807163018,-0.2124383174160827,107.8,6,Syn
-0.19083629652377462,-0.3179097813320706,-0.133697952626818,-0.1412957880759859,-0.2513072850566944,-0.10622044902274025,-0.264972751012377,-0.133611003888985,-0.16905388248986367,-0.2362749463309143,-0.14619258355696096,-0.23103561167032965,108.0,6,Syn
-0.19054684236723046,-0.3203648104680619,-0.13085267949108476,-0.13869278729534953,-0.11955361696432018,-0.04475305453588752,-0.06712314467257022,-0.026561790181214677,-0.16153065977668601,-0.22165751215234916,-0.14170170957651992,-0.21989529074327105,108.3,6,Syn
-0.17489529610359367,-0.3007834980793951,-0.12631435126632015,-0.13121676058166423,-0.04968610797591295,-0.04744751566407832,0.026436755335052534,0.021687724012957755,-0.1587832055689231,-0.2194596847867527,-0.1412017256066975,-0.21987723511778148,108.4,6,Syn
-0.16986299814177552,-0.2371131357805054,-0.12814614281403602,-0.13127611710669543,0.2456238377483742,0.38366626484645044,0.30501060551852094,0.441163092313314,-0.1460108277638324,-0.18566700315762127,-0.14166278866868945,-0.21881646712026984,108.4,6,Syn
-0.18820857024229826,-0.31534018416973303,-0.13209778042114323,-0.1404242605621132,0.04265197068714898,0.15884716446303015,0.04980166069601299,0.10158779416540656,-0.15890551597883176,-0.21860545675928109,-0.141810987510044,-0.21968765105014113,108.4,6,Syn
-0.18561480226969018,-0.29071460524964937,-0.1320683871036253,-0.13889546811252923,-0.00941098855904551,-0.0011364650232988697,0.008687449545825066,0.024641775902396884,-0.15793835773751705,-0.21376097035263697,-0.14519710649129652,-0.22261266237944985,108.6,6,Syn
-0.1938343300781483,-0.31609633314361835,-0.13357097349514066,-0.1432473148014018,-0.24848311509758483,-0.2436379665604713,-0.2152345833770277,-0.08423613659407385,-0.1667039371143039,-0.22711298877525263,-0.1462344983807784,-0.23203769888500023,108.7,6,Syn
-0.1958831480465363,-0.337425626277111,-0.1321177678770554,-0.13855380616356916,-0.12323731691098488,-0.08281231797158263,-0.09179167136268297,-0.05961903751541445,-0.16405954075192697,-0.22888225428299894,-0.14552044941788828,-0.2292435908404908,108.7,6,Syn
-0.18806626875751675,-0.31161508662738885,-0.13179561711705917,-0.13876372558136243,-0.14681299656963898,-0.19614808917610835,-0.15015379548319363,-0.22012252350827377,-0.1655872883719897,-0.23576240951443134,-0.144628262453774,-0.22780816861407077,108.8,6,Syn
-0.18078948828573604,-0.30814531211518775,-0.13253397725310895,-0.1408658151995404,-0.13600747672608918,-0.09982110384328709,-0.049574396010904645,-0.03120387172176188,-0.1622260171070926,-0.2245532003810665,-0.1462344983807784,-0.23067449916053845,108.9,6,Syn
-0.18198288028310808,-0.2767176658023175,-0.13097965862276212,-0.13473472047985466,0.03467062080270879,0.11691461315556076,0.14296044644851197,0.20413559547022203,-0.15359407317816892,-0.2065188540926149,-0.1444531183685368,-0.22112758718293354,109.0,6,Syn
-0.183224784150292,-0.30965761006295844,-0.12955702205489547,-0.13587118077618365,-0.10199464721855175,-0.13198623356106481,-0.08918442870437837,-0.13937843853027093,-0.16228490730445605,-0.23263506622741661,-0.14311783183835233,-0.22419704351615874,109.2,6,Syn
-0.19278647369021185,-0.3220767841188932,-0.13294195650025747,-0.13859144688675967,-0.21066379564516052,-0.26317280973985463,-0.1874574212097056,-0.26204192651079095,-0.1658069941083071,-0.23584348878483544,-0.14553691595581658,-0.22922553521500125,109.3,6,Syn
-0.18059544080648857,-0.28900590497099937,-0.1283483688385592,-0.13315525782597573,0.2200835181181656,0.2971067011033208,0.2460468100153246,0.2913504607774725,-0.1528692707490806,-0.2066723255687369,-0.14414624197987333,-0.21717791910709225,109.3,6,Syn
-0.1847238009274788,-0.30729096197586275,-0.1319813828837723,-0.14038951527916813,0.07998013014668465,0.17231947010398418,0.08770695780521064,0.10369783122929166,-0.15666542347143067,-0.21423875891037533,-0.14353548311853334,-0.22218384127407279,109.4,6,Syn
-0.19236118629819446,-0.31620435442560196,-0.13178268405735127,-0.13760265404294733,0.0007805812933935062,0.17821360382190157,0.027238983845300102,0.17009366417287589,-0.15854198226049215,-0.209898122255528,-0.143752542027588,-0.22231023065249972,110.0,6,Syn
-0.17785613722444488,-0.2695260671199535,-0.13246578475646742,-0.1397539661452975,0.0026224312667258586,0.09822178907873705,0.12420835502147502,0.23297276867665162,-0.15322034692567027,-0.19711945010219836,-0.14025265423883096,-0.2050716222163422,110.1,6,Syn
-0.19440191895494718,-0.32823399719195945,-0.13233175122858576,-0.13912276017179503,-0.04833541799546922,0.18697060248852168,-0.048170496117971404,0.14069381441607692,-0.16302556478668068,-0.22265362890302792,-0.14587522846234313,-0.23183908700461509,110.3,6,Syn
-0.1951797259342642,-0.32085581629526017,-0.133697952626818,-0.14250463437845048,-0.27856666466201324,-0.127102522766219,-0.27008695776520525,-0.13684639405360882,-0.16840042779988873,-0.23368909674266972,-0.1462344983807784,-0.23288631328300957,110.3,6,Syn
-0.1893033214377195,-0.2798961101903809,-0.13152519859589443,-0.13715530852502927,-0.014445378486153938,0.05106871933539797,0.048598317930641635,0.1145293548239018,-0.15826225382301587,-0.21599644166520676,-0.1460144455557368,-0.22283384379169696,110.4,6,Syn
-0.16965924828856568,-0.2695980813079426,-0.12922664116599422,-0.13742168902760832,-0.0398629081181404,-0.08483316381772574,0.247149874216915,0.3265177451755574,-0.15504481054014102,-0.21203803585655015,-0.1412241799765997,-0.20084209194541275,110.5,6,Syn
-0.18320052821538607,-0.29254769367118955,-0.1312559558074304,-0.1383771843085983,-0.04931773798124647,0.016545936130453284,0.025433969697243073,0.10510452260521505,-0.1586054024730374,-0.21180638079825276,-0.1422840262359838,-0.21923626041290212,110.6,6,Syn
-0.19431621465161286,-0.3167706478129706,-0.13231764243617716,-0.13727981245558252,-0.2207325754993774,-0.014945578305276744,-0.22405909698975093,-0.10238245534348564,-0.16716939617423404,-0.22757919458007614,-0.14553691595581658,-0.227799140801326,110.6,6,Syn
-0.157665497008744,-0.24564354368502994,-0.13119246624159175,-0.1356858726004765,0.2883547571296848,0.38383466866696236,0.37249807894309767,0.49869676958858083,-0.14638908403151288,-0.18577703931031253,-0.14066581464503153,-0.21805361694333592,110.8,6,Syn
-0.19111281418170228,-0.31813891738476313,-0.13219536623530267,-0.13936018627191982,0.04707241062314663,0.1751823350526869,0.05381280324725083,0.13942779217774587,-0.15920109946944433,-0.2167551119811307,-0.1452150699872183,-0.22688733171410322,110.9,6,Syn
-0.1796915029656607,-0.26666513983347834,-0.1290643900532954,-0.13425842055948237,-0.09094354737855763,-0.10285237261250174,-0.04706743191638099,-0.10167910965552394,-0.16118751112666452,-0.22546534217311248,-0.1422510931601272,-0.21848243804871298,110.9,6,Syn
-0.1905921201123882,-0.31812909726821914,-0.12923369556219852,-0.1363098399733654,-0.03752989815191942,-0.03784849789489858,0.0009660001346922117,0.012122222656678672,-0.16048196126209885,-0.2224335565976454,-0.1462344983807784,-0.2276230984528028,111.0,6,Syn
0.0481897713509513,0.3271474874635595,0.19872048104478077,0.451507961451429,0.24157176780704304,0.23867057538568273,0.6004312544171883,0.6558241962792241,-0.14474242351292785,-0.19636657116273187,-0.1309655268472789,-0.19926222471507624,111.2,6,Syn
-0.18358377198689985,-0.3076543062879895,-0.1307903656579468,-0.13885927510946142,0.033319930822265066,0.05443679574563648,0.07035876627110695,0.08442615937914115,-0.15541513928125333,-0.21500611629098543,-0.14048019185383998,-0.21650986096397853,111.2,6,Syn
-0.19270562057385873,-0.32675770633818335,-0.13199078874537806,-0.13813107188773724,-0.11230900706921292,-0.08382274089465419,-0.07524570833882686,-0.09169160088646784,-0.16288626681984025,-0.22991022360419358,-0.14514920383550517,-0.22721684687928767,111.3,6,Syn
-0.18748736044442843,-0.27394839293691925,-0.13042706425342548,-0.13173359666547246,0.10932693972178013,0.346280616692803,0.16381838771494875,0.3988216818980198,-0.1563675749732272,-0.20332201428811092,-0.14486927269072433,-0.22491024072299637,111.3,6,Syn
-0.19441485545356368,-0.3293371236170649,-0.13060812708933578,-0.13469997519690954,-0.07338457763278922,0.0025684190279634867,0.157801673888092,0.380253355735831,-0.15587606832600168,-0.20314248161793044,-0.14477945521111552,-0.2130838060273345,111.5,6,Syn
-0.17692147519940282,-0.2666454996003904,-0.13013900974175002,-0.13455665090476104,0.21161100824083676,0.2827923763598072,0.3869381921275539,0.51909379453947,-0.14519995504628985,-0.19009161477110137,-0.1412017256066975,-0.20898517904120434,111.7,6,Syn
-0.19360470722770542,-0.32368073648774087,-0.13308304442434343,-0.1401723572607613,-0.25499098500335915,-0.17897089948389197,-0.22947413943392203,-0.16385486847133798,-0.16716260115146134,-0.23400762244782863,-0.1432420793518112,-0.22291509410639998,111.7,6,Syn
-0.1864961012379392,-0.3033400017530074,-0.1309714284938571,-0.13727981245558252,-0.15209296649319173,-0.15690999899682975,-0.06591980190719887,-0.1282655766604761,-0.16183077328248038,-0.22841894416640415,-0.1428468824415324,-0.22142550500351127,111.8,6,Syn
-0.18147835683706462,-0.27654745044888873,-0.1312688888671383,-0.13735219846171812,-0.04428334805413805,-0.0605830136640085,0.032353190598128356,0.0689525542439838,-0.1589157085129908,-0.21648002159940255,-0.1462344983807784,-0.2309227640110199,111.8,6,Syn
-0.17728208009833774,-0.29805350568017275,-0.1320824958960339,-0.14128999719549504,0.36718593598830945,0.5293355695892658,0.5386596591281254,0.7503538567412761,-0.14395193586370342,-0.18504443018844705,-0.14041432570212684,-0.21058761580340282,111.8,6,Syn
-0.18799511801512603,-0.32185746818274463,-0.13180384724596417,-0.138293216541481,-0.025005318333259426,-0.04222699722820864,-0.025908654958601358,-0.07241992903631735,-0.16165523519418556,-0.22916603172941324,-0.14281993719764974,-0.2243098911754685,111.8,6,Syn
-0.18988222975080782,-0.32065614059219955,-0.13268799823690278,-0.14150715521390186,-0.1308502968007586,-0.13804877109949412,-0.09600337104148271,-0.1371277323287935,-0.16201763640872974,-0.22717669391628442,-0.14462227462180008,-0.22640434373225748,111.9,6,Syn
-0.17288528763105512,-0.2475650131554658,-0.13122421102451107,-0.13837139342810745,0.243904777773264,0.2836343954623668,0.28325015717805563,0.3813787088365697,-0.14836190564318763,-0.1966040175974867,-0.14170620045050036,-0.2128626246150874,111.9,6,Syn
-0.19214611700869516,-0.33116693866642377,-0.13202488499369883,-0.14027369766935113,0.0747001602231319,0.12701884238627628,0.06424177388046923,0.08541084334228753,-0.15689985175708893,-0.21667113702249788,-0.14195020460343766,-0.21777375474824773,112.1,6,Syn
-0.1902525370237051,-0.3208721831561668,-0.13017075452466934,-0.13611729319704471,-0.07817338756345332,-0.0486263424076618,-0.01357439161354498,-0.012916883834757751,-0.16115919853177826,-0.2272403990573162,-0.14465071682367622,-0.22636371857490598,112.2,6,Syn
-0.17880050162344932,-0.29197812691163955,-0.12799329756294292,-0.13465220043286005,0.11116878969511249,0.18612858338596205,0.30350642706180675,0.3830667384876778,-0.15132680057967704,-0.20030760284201618,-0.14161488601289807,-0.2152595088988265,112.3,6,Syn
-0.1934332986210368,-0.3218280078331128,-0.13204604818231172,-0.1389765404394011,-0.10236301721321822,-0.053173245561483784,-0.07474431551992212,-0.03865933601415587,-0.16226338973234247,-0.22229166787443827,-0.14497405975026798,-0.22483801822103813,112.6,6,Syn
-0.17462848081962837,-0.2579514230867998,-0.06226396092940268,-0.012118616966630536,0.41949447523094824,0.5308512039738731,0.6608992283770988,0.7798943756356674,-0.13713766052647777,-0.1751209066286327,-0.13793835718091035,-0.20428168860117393,113.1,6,Syn
-0.19264740633008448,-0.3166757200197123,-0.13047526929415484,-0.13641986670269154,0.15561876905153324,0.3021588157186786,0.2257905401315735,0.34255402686108405,-0.14444457501472438,-0.18034183250501007,-0.14287831855939548,-0.20957650077598744,113.1,6,Syn
-0.19381654239255058,-0.32727162577065083,-0.13247754208347456,-0.14018683446198843,-0.2971079543935589,-0.3448486626881384,-0.2802150927070808,-0.2967872034960988,-0.16888060940915975,-0.24032022278643245,-0.14426599861935177,-0.22741094485330046,113.2,6,Syn
-0.19512959700212526,-0.31853172204652175,-0.1328855213306231,-0.13987847007585075,-0.2002266457962772,-0.08247551033055879,-0.1744212079181826,-0.08817487244665936,-0.16623055052780558,-0.22990443222773616,-0.1458692406303692,-0.23043526212280177,113.2,6,Syn
-0.18047901231894006,-0.2989635031465802,-0.13088324854130337,-0.13936742487253337,0.23555505789415734,0.3255669467698362,0.19099387849958516,0.23958421814349157,-0.15341287257089686,-0.2064898972103277,-0.1427166470960996,-0.22050466810354372,113.3,6,Syn
-0.18676776770888567,-0.3201847749980892,-0.12802739381126368,-0.13290624996486927,0.09287307996001112,0.13442861048880098,0.19731142801778478,0.24070957124423029,-0.15296893108308027,-0.20571095707680273,-0.13902365172618358,-0.2142619355905283,113.3,6,Syn
-0.16693126414281143,-0.27695334859937265,-0.13022366249620157,-0.13823096457620437,0.45854169466559414,0.6864563341268921,0.5565092434811338,0.6983062758321106,-0.1439179607498399,-0.18629826319148166,-0.14077359562056213,-0.21260081804548878,113.5,6,Syn
-0.19006657485609293,-0.31599485860599735,-0.1321165921443547,-0.14029830891143724,-0.211032165639827,-0.16970868935573608,-0.2323822177835695,-0.20689962457459385,-0.16702896570359818,-0.23501532195142227,-0.1445758689240022,-0.22824601753219262,113.5,6,Syn
-0.18161580713486492,-0.3008915193613787,-0.13174741207632978,-0.1385943423270051,-0.12421963689676213,-0.07893903009980835,-0.003646813799231311,-0.03486126929916271,-0.16018298026009992,-0.22359183188913234,-0.14544709847620776,-0.22472065665535598,113.6,6,Syn
-0.15797920710019409,-0.21016018923950197,-0.09545724653602297,-0.06904152447154764,-0.07191109765412333,-0.1212083890483016,0.13213036156016977,0.14280385147996202,-0.15529849139032192,-0.2119482695214599,-0.13894431295252913,-0.2149841606101107,113.6,6,Syn
-0.09631091819534311,-0.06396484087730922,-0.10666315490654926,-0.09724600790222479,0.004464281240058211,-0.002988907048930048,0.49634210521256616,0.6200942353307698,-0.14688512069392018,-0.1914815451208857,-0.13219303240193278,-0.19866638907392073,113.8,6,Syn
-0.19257302146303962,-0.31814546412912575,-0.13058226096992,-0.13741589814711747,-0.12397405690031782,-0.12743933040724284,-0.09219278561780676,-0.13586171009046244,-0.16404595070638156,-0.2330346712029796,-0.14506836810385723,-0.22706337406262642,113.8,6,Syn
-0.182084755209713,-0.2697028292177449,-0.13001320634277339,-0.1362128427251437,-0.061351157807017845,-0.12491327309956396,0.11097158460239014,0.1512439997355024,-0.15595874110306956,-0.21330924298895707,-0.13855660083221774,-0.21110220112985528,113.8,6,Syn
-0.1783461071095448,-0.30309122546722694,-0.13067984678407946,-0.13813107188773724,0.03626689077959683,0.054099988104612626,0.12922228321052234,0.14238184406718501,-0.15462012161684707,-0.21202355741540654,-0.1407915591164839,-0.2188706339967385,113.9,6,Syn
-0.18621796651768446,-0.309592142619332,-0.13145465463385145,-0.13737536198368153,0.27300600735191516,0.4148209716411566,0.31423623338636797,0.47239164085881336,-0.14921241599357096,-0.19647660731542313,-0.14610276607735215,-0.2252668393264152,113.9,6,Syn
-0.18987252737684546,-0.2965575745933087,-0.1327420819411357,-0.14068050702383325,-0.12274615691809625,-0.09426377776639355,-0.09249362130914959,-0.06004104492819147,-0.16293383197924918,-0.2264904158060784,-0.1434651260928398,-0.22496440759946507,113.9,6,Syn
-0.19229973792976607,-0.3174449624823229,-0.1320742657671289,-0.13960774641290358,0.22634580802749557,0.8041706046647278,0.20182396338792735,0.7097004759770901,-0.15795421279065336,-0.19954893252609224,-0.1451536947094856,-0.21860882742713988,114.1,6,Syn
-0.18483376116571906,-0.28696986747421727,-0.13137352907750205,-0.1388332161472526,0.12074640955644071,0.2482695931548625,0.16662618750081526,0.25730852948012634,-0.15325092452814743,-0.2048364592317301,-0.14485879398476997,-0.22275710738336632,114.1,6,Syn
-0.18636997037642833,-0.30012882364313076,-0.1298838757456946,-0.13640828494170984,0.04780915061247957,0.1778767961808777,0.13333370432554112,0.22087522284371042,-0.15524299870434485,-0.20681710998017278,-0.14462227462180008,-0.21795431100314333,114.3,6,Syn
-0.19431621465161286,-0.33140916820784155,-0.1320883745595375,-0.13802394059865655,-0.21999583551004445,-0.2717614045859628,-0.16278889451959286,-0.20872832336329428,-0.1658522942601251,-0.2360230214550159,-0.14489023010263308,-0.2272980971939907,114.4,6,Syn
-0.19279941018882835,-0.3207968955959964,-0.13254573458011612,-0.13943981087866897,-0.03888058813236315,0.04803745056618332,0.026737591026395374,0.11481069309908647,-0.15983869910628298,-0.2179249700255325,-0.1462344983807784,-0.22832726784689564,114.5,6,Syn
-0.17498100040692796,-0.28701242131257443,-0.13036592615298823,-0.13911841701142688,0.017357231053384676,0.09418009738645085,0.11207464880398055,0.15251002197383345,-0.15428150298200738,-0.20697926852098095,-0.14577343531878648,-0.2180220195987292,114.6,6,Syn
-0.1951797259342642,-0.3200931205770122,-0.1325516132436197,-0.13853643352209663,-0.2513072850566944,-0.1297969838944098,-0.23278333203869325,-0.1877686218620357,-0.16779793578070906,-0.2331012720322401,-0.14563721214137976,-0.22851685191453602,115.0,6,Syn
-0.1853091774898754,-0.31655133187682205,-0.13101022767298073,-0.1396685506580575,-0.13097308679898076,-0.16617220912498565,-0.09550197822257799,-0.07649933402649518,-0.16111050086857387,-0.22360341464204722,-0.14558182469562098,-0.22735677797683176,115.2,6,Syn
-0.181281075233163,-0.28940525637712067,-0.12769818865506313,-0.13174662614657687,0.35957295609853573,0.5764886393326049,0.4771888995304055,0.717577947682261,-0.14580924208824222,-0.18752024362400038,-0.1414442328016413,-0.20956295905687028,115.2,6,Syn
-0.1898531226289207,-0.3114677848792294,-0.1316615835891775,-0.13537895593446153,-0.2989498043668913,-0.32986072266257704,-0.277908685740119,-0.31788757413494967,-0.16864731362729693,-0.24003934102824687,-0.1443558160989606,-0.225172047292595,115.4,6,Syn
-0.17731118722022488,-0.289408529749302,-0.13040472533211186,-0.138006567957184,0.0789978101609074,0.16945660515528144,0.15880445952590144,0.2364894971164601,-0.156165989297637,-0.21346271446507908,-0.1441417511058929,-0.22626892654108577,115.4,6,Syn
-0.18099970638825416,-0.2949307086191918,-0.12684460671434317,-0.131952202404002,0.4833452743064698,0.7645957068444253,0.4946373696282901,0.7004163128959956,-0.1476076581154176,-0.1911977676744714,-0.14367320325393354,-0.21631576298996577,115.7,6,Syn
-0.1809722163286941,-0.2614932117869899,-0.12790041467958632,-0.129679281811344,0.312789966775894,0.46955221330753233,0.422135968014666,0.66159163092051,-0.14759406806987221,-0.18607819088609914,-0.14362979147212263,-0.2138963091743647,115.8,6,Syn
-0.18665780747064542,-0.3089178279499797,-0.1300802231067142,-0.13637498737888745,0.0015173212827264471,0.03237589525857426,0.052007789099193805,0.0724692826837923,-0.15937437255014827,-0.22078590999550524,-0.14383936559120986,-0.22581753590384676,115.8,6,Syn
-0.18935345036985843,-0.3088883676003478,-0.1307762568655382,-0.13637643509901018,0.07175320026580015,0.2182937131037398,0.10986852040079972,0.21763983267908663,-0.15689305673431622,-0.21085949074746219,-0.13981554250473469,-0.2174622952085528,115.8,6,Syn
-0.1817370868093946,-0.2816539110517507,-0.1309996460786743,-0.13766345828810123,-0.013094688505710213,0.007957341284345096,-0.019490826876620803,-0.008837478844579907,-0.15966995604076084,-0.219876663891688,-0.14456988109202826,-0.2274831673552587,115.8,6,Syn
-0.19037705082288892,-0.26649165110786827,-0.1329642954215711,-0.13854946300320103,-0.1291312368256484,0.3668258827952579,-0.16499502292277365,0.25533916155383357,-0.1621875119780473,-0.19573241544064277,-0.1434546473868854,-0.20815913417505696,115.8,6,Syn
-0.1934332986210368,-0.31972322952052284,-0.13340637091704038,-0.14204136393918262,0.07003414029068995,0.5800251195633553,0.0896122505170486,0.5612945358171719,-0.15791684016540347,-0.1857915177514561,-0.14560727298151016,-0.2273522640704594,115.8,6,Syn
-0.17900910266364037,-0.279784815536216,-0.13113485533925665,-0.13728270789582794,-0.0660171777394598,-0.0765813766126414,-0.00785851347803105,0.004244750951507663,-0.16046610620896254,-0.22370765941828105,-0.1423888132955274,-0.22153383875644864,115.8,6,Syn
-0.1919682401527183,-0.32310789635600956,-0.12987446988408885,-0.1356250683553226,-0.10346812719721764,-0.09106410517666698,-0.03443233287998178,-0.031625879134538896,-0.1605589715201895,-0.2229518847905858,-0.14584379234448006,-0.22994776023458366,116.0,6,Syn
-0.16879088581893317,-0.2813003868561679,-0.13091969625502559,-0.1363793305392556,0.1284821794444366,0.1990956775653803,0.17906072940965256,0.27798689270620025,-0.15396440191928124,-0.2072398804615655,-0.13862995177389828,-0.2143476998116037,116.2,6,Syn
-0.18275421901311684,-0.298747460582613,-0.1309784828900614,-0.13954694216774968,0.40279503547273493,0.5163684754098475,0.4339688385408177,0.5951957979769257,-0.14792249417055284,-0.19556446552337717,-0.13991134781631745,-0.21729979457914678,116.5,6,Syn
-0.1553660343796613,-0.21248755686042176,-0.12897738583344237,-0.13663847244122107,0.2909333470923501,0.445470466974327,0.4463031018858741,0.640491260281659,-0.14387832311699914,-0.18288135108159517,-0.14147267500351743,-0.20867371950150942,116.5,6,Syn
-0.19076352871905683,-0.31161181325520754,-0.1322318139490249,-0.1397293549032114,-0.1862285859989513,-0.2316812953041246,-0.14112872474290847,-0.22940668658936816,-0.16472771799124278,-0.23532516059189504,-0.1443393495610323,-0.22697760984155102,116.5,6,Syn
-0.19086216952100762,-0.31177875523645493,-0.13315123692098496,-0.14268270395354407,0.42256422518650216,0.7590383807675318,0.26961227250384695,0.4934920114976643,-0.15632000981381827,-0.2098112516086665,-0.14474502517726548,-0.22409322366959378,116.6,6,Syn
-0.18539811591786384,-0.30836790142351767,-0.1311031105563373,-0.13890849759363363,0.17858049871907658,0.26544678284707884,0.22328357603704982,0.31540488330576255,-0.1555442447139347,-0.21582849174794114,-0.14432887085507792,-0.22290155238728282,116.7,6,Syn
-0.18900578196954002,-0.3069047040584668,-0.13236467174420583,-0.14042860372248134,0.23236251794038126,0.4148209716411566,0.224787754493764,0.40627714619041383,-0.1571682551566107,-0.21246080633794287,-0.14374356027962712,-0.223714055534313,116.8,6,Syn
-0.19361117547701368,-0.3253992568829348,-0.1321894875717991,-0.1376735923289602,-0.22318837546382053,-0.1971585120991799,-0.2055075626902759,-0.12685888528455272,-0.16610371010271513,-0.23092661017247337,-0.14473304951331764,-0.2262147596646171,117.0,6,Syn
-0.1868955156327236,-0.2622559075052379,-0.12953468313358188,-0.1323836230005702,-0.08652310744255999,-0.04812113094612602,-0.04044904670683855,0.05727701582381964,-0.15980698900001036,-0.2132165809656381,-0.14199511334324208,-0.21401818464641922,117.1,6,Syn
-0.1929514140475722,-0.32308825612292164,-0.13246343329106597,-0.1397293549032114,-0.27660202469045875,-0.1511842690994243,-0.24040450288604517,-0.09211360829924486,-0.16748762974075562,-0.22527712243824585,-0.14523602739912703,-0.22827310097042694,117.1,6,Syn
-0.19276545187996005,-0.29283902379532717,-0.13216479718508406,-0.1376359516057697,-0.12237778692342978,0.10091625020692786,-0.1422317889444989,-0.003632720753663347,-0.16442194196647114,-0.22005040518541102,-0.1462344983807784,-0.23203769888500023,117.1,6,Syn
-0.19173053199064014,-0.3052745647121686,-0.13230235791106784,-0.14065444806162442,-0.08971564739633607,-0.03043872979237387,-0.027513111979096495,0.024923114177581564,-0.16084209746905212,-0.22180519225201376,-0.1452929118028793,-0.22859358832286664,117.1,6,Syn
-0.19466226598960423,-0.32901633314329537,-0.13239053786362157,-0.14024184782665147,-0.12102709694298605,0.0005475731818203833,-0.11866632645597655,-0.04935019047117367,-0.16286814675911304,-0.2216604078405779,-0.14547554067808388,-0.22520815854357412,117.1,6,Syn
-0.17884416230628,-0.2724033612673354,-0.128485929564543,-0.1322504327492807,0.24832521770926164,0.38130861135928346,0.3236624183817769,0.49672740166228807,-0.15061219068474777,-0.1991956585621887,-0.1449111875145418,-0.21655048612133004,117.2,6,Syn
-0.17351755900093652,-0.2554963939508085,-0.12741366134148982,-0.12803756719218848,0.20019153840617618,0.3240513123852289,0.27964012888194156,0.39530495345821137,-0.15351366540869193,-0.20023810632452696,-0.1379787750467343,-0.21194630162149222,117.4,6,Syn
-0.19341065974845795,-0.3083777215400616,-0.13233645415938863,-0.13862040128921393,0.006674501208057034,0.25685818800097066,0.050804446333822445,0.3210316488094561,-0.15992816690612355,-0.2094811431505927,-0.14499052628819625,-0.22760504282731323,117.6,6,Syn
-0.19025577114835923,-0.2797586285587654,-0.1300661143143056,-0.13162791309651448,-0.0008156886834945324,0.24085982505233777,0.09943954976758133,0.35929365423457243,-0.1568341665369528,-0.20053346652385612,-0.14419863550964515,-0.21818903413450763,117.6,6,Syn
-0.1902606223353404,-0.3158573769743818,-0.133697952626818,-0.14130302667659944,0.0021312712738372312,0.006441706899737769,0.037066283095832826,0.045320139128470785,-0.1597118586811925,-0.22219031878643314,-0.14347410784080067,-0.21979598480307846,117.7,6,Syn
-0.17111298732059477,-0.26162087330206146,-0.12204761729542099,-0.12111891272574733,0.3487674362549859,0.43502943010258766,0.41621953275159024,0.6611696235077329,-0.1436337022971818,-0.1779413069634034,-0.13946974520824074,-0.2097705987500002,117.9,6,Syn
-0.19090421314151124,-0.3168590288618663,-0.13209778042114323,-0.1399682287234589,-0.09278539735189,0.008967764207416648,-0.08697830030119756,-0.033032570510462295,-0.1622565947095698,-0.2242520488052799,-0.1452315365251466,-0.22631406560480968,117.9,6,Syn
-0.19221888481341295,-0.327130870766854,-0.13323824114083796,-0.14164758406580494,0.2231532680737195,0.468036578922925,0.3543476588987464,0.6337391416772267,-0.15304141132598909,-0.19788391179457976,-0.1418948171576789,-0.20058931318855888,118.5,6,Syn
-0.186465377053725,-0.2749762318018543,-0.13097613142465997,-0.13638656913986916,-0.07989244753856352,-0.0765813766126414,-0.02911756899959163,-0.016855619687343254,-0.16112182590652838,-0.22609949789520156,-0.14541416540035118,-0.22214773002309368,118.5,6,Syn
-0.18371960522237307,-0.2905542100127646,-0.1321894875717991,-0.14015643233941147,-0.07706827757945392,0.030860260873966934,-0.011067427519021325,0.10369783122929166,-0.15972658123053338,-0.21606304249446726,-0.14029756297863538,-0.21648277752574419,118.5,6,Syn
-0.18530594336522127,-0.2868160189816951,-0.13086090961998978,-0.13613611355863997,-0.03126760824258942,0.15345824220664855,0.06845347355926897,0.3359425773942441,-0.15661559330443087,-0.20080855690558427,-0.14293370600515426,-0.2124383174160827,118.5,6,Syn
-0.18815682424783226,-0.2795098522729849,-0.13208014443063248,-0.13986544059474634,0.018093971042717618,0.2017901386935711,0.011695806459253449,0.11255998689760904,-0.15871638784499154,-0.21239420550868238,-0.1448123882869721,-0.22461232290241864,118.5,6,Syn
-0.18724965228235027,-0.27957204634443006,-0.12978158700073228,-0.13244008408535596,-0.020830458393706095,0.013851475002262482,0.07988522983029683,0.15138466887309474,-0.15738116587015538,-0.21419821927517327,-0.14335135728533527,-0.220820641549611,118.7,6,Syn
-0.19264902339241155,-0.2936377266075697,-0.13330290643937737,-0.1409367534855533,-0.28630243455000914,-0.26873013581674815,-0.2498306878814541,-0.15907211779319844,-0.16828377990895732,-0.23260610934512943,-0.14518662778534216,-0.22465294805977015,118.7,6,Syn
-0.1899000174364055,-0.31609960651579966,-0.13293960503485605,-0.14080935411475462,-0.1453395165909731,-0.14478492391997114,-0.11495601959608154,-0.0622917511296689,-0.1637594272461326,-0.2276081514623633,-0.14606983300149556,-0.2316359612178575,118.7,6,Syn
-0.19313575915285733,-0.31934679171967084,-0.13309362601864988,-0.14127841543451333,-0.2870391745393421,-0.28523371022691685,-0.2900423919576135,-0.27821887733391,-0.16955558167124823,-0.23878550802521226,-0.14570457525108638,-0.23125679308257677,118.7,6,Syn
-0.18829589160795962,-0.29999461538369654,-0.1308044744503554,-0.13745498659043068,-0.05300143792791118,-0.04492145835639944,0.041779375593537296,0.08442615937914115,-0.1575317888749503,-0.21341348776519087,-0.14294418471110862,-0.21767896271442755,118.8,6,Syn
-0.18669985109114906,-0.3157591758089422,-0.13068102251678018,-0.13908511944860452,-0.15098785650919233,-0.18621226376590477,-0.1079365201314153,-0.2088689925008866,-0.1635601065781333,-0.23522670719211863,-0.1443004286532018,-0.22510885260338154,119.2,6,Syn
-0.19347049105455924,-0.31890815984737375,-0.13186028241559855,-0.13791970474982126,-0.10088953723455234,0.3109158143852987,-0.153162152396622,0.13858377735219185,-0.16572998385021645,-0.22653385112950916,-0.1455952973175623,-0.22867032473119728,119.7,6,Syn
-0.1955581185187968,-0.3345254185244599,-0.13233998135749078,-0.13923278690112115,-0.1717393662087368,-0.17745526509928464,-0.11325128401180545,-0.10097576396756225,-0.16352160144908798,-0.2277558315620279,-0.1458078653526365,-0.2267158032719524,119.9,6,Syn
-0.18073289110428886,-0.2730744025645063,-0.13155576764611304,-0.13987847007585075,0.05431702051825388,0.13897551364262298,0.15830306670699673,0.21595180302797853,-0.15301989375387554,-0.20484804198464496,-0.13913891749168159,-0.2092830968617821,120.1,6,Syn
-0.1770346695622972,-0.29537588723585156,-0.13097377995925852,-0.13857841740565527,0.6063808525250709,0.8023181626390966,0.7141471457447812,0.9575594964147921,-0.13841738981533683,-0.16921370264204932,-0.13835151758711092,-0.2109081031558425,120.3,6,Syn
-0.18151231514593294,-0.3065249928854335,-0.13038826507430185,-0.13664571104183462,-0.1857374260060627,-0.2663724823295812,0.0009660001346922117,-0.009259486257356925,-0.16050121382662152,-0.22429837981693937,-0.1406463541911163,-0.21304769477635538,120.4,6,Syn
-0.19317780277336094,-0.32204405039708,-0.1331112620091606,-0.1416664044274002,-0.17603701614651232,0.11405174820685803,-0.18324572153090588,0.0510875737697567,-0.1667424422433492,-0.22496438810954436,-0.14399205530654485,-0.22546545120680034,120.5,6,Syn
-0.1942030202887185,-0.327801912064025,-0.1328490736169009,-0.14048216936702168,-0.04673914801858118,0.07363483128399596,-0.022800019481392025,0.03547329949700702,-0.15982057904555577,-0.21653503967574816,-0.1462344983807784,-0.22728455547487353,120.6,6,Syn
-0.19225446018460834,-0.31898672077972545,-0.13240699812143158,-0.13993782660088194,-0.09229423735900136,-0.04963676533073336,-0.07023178014977956,-0.04892818305839665,-0.16242873528647825,-0.2272375033690875,-0.14608779649741735,-0.22706337406262642,120.6,6,Syn
-0.18939549399036204,-0.31785740737716944,-0.13209425322304108,-0.14063562770002916,-0.11758897699276566,-0.18200216825310664,-0.11164682699131032,-0.18917531323795908,-0.16323847550022536,-0.2312132833071164,-0.14598001552188675,-0.2238675283509743,120.8,6,Syn
-0.1962841795036478,-0.3342733688664981,-0.1331900361001086,-0.1400623305314352,-0.24578173513669738,-0.23050246856054113,-0.1965827705137717,-0.1503506312624734,-0.16716599866284768,-0.23396129143616917,-0.14600246989178897,-0.2318706843492218,121.3,6,Syn
-0.18251812791336575,-0.3008260519177523,-0.13192024478333508,-0.14027514538947386,0.1969989984524001,0.29508585525717773,0.25507188075560977,0.37758064212157655,-0.15061672069992957,-0.19799394794727102,-0.14157895902105455,-0.21862236914625707,121.4,6,Syn
-0.18792881845971646,-0.3200931205770122,-0.13263273879996912,-0.14141160568580285,-0.22318837546382053,-0.26553046322702156,-0.1911677280696006,-0.26204192651079095,-0.16566429863008034,-0.23517168911577302,-0.14467017727759146,-0.22977171788606043,121.9,6,Syn
-0.1845912018166597,-0.27153591763928514,-0.1325821822938383,-0.1396352530952351,0.29670447700879143,0.6019176162299056,0.288163806803322,0.5307693329596342,-0.1536982635273504,-0.20148904363933284,-0.14424204729145607,-0.2232265536460949,121.9,6,Syn
-0.14179241320629965,-0.24422617353051762,-0.12907497164760184,-0.1377445306149731,0.3001425969590118,0.45119619687173246,0.46204683639948263,0.5847862817950926,-0.14549667104069788,-0.18948641593129945,-0.13689797137544152,-0.20549141550897446,122.1,6,Syn
-0.16055195326255034,-0.24271387558274696,-0.12736545630076046,-0.13002239148042677,0.9002173182706922,1.265765476687915,1.0219020579885048,1.4067160527471319,-0.12591907792874515,-0.14244596065578619,-0.13452678991376865,-0.2009549396047225,122.2,6,Syn
-0.1726977084011159,-0.24191844614268576,-0.12798859463214005,-0.13436555184856305,-0.07719106757767608,-0.13602792525335103,0.3188490473202915,0.4225947661511252,-0.15141400337192673,-0.2011444567401155,-0.13953112048597344,-0.2062858630305151,122.2,6,Syn
-0.18635218269083065,-0.3001484638762187,-0.13063281747605082,-0.13718571064760623,-0.15602224643630075,-0.05839376399735347,-0.08156325785702646,0.03251924760756789,-0.16361673176790584,-0.2222511282392362,-0.14359536143827256,-0.22234182799710644,122.3,6,Syn
-0.19437281183306004,-0.3249508048940937,-0.133088923087847,-0.1412740722741452,-0.24700963511891896,-0.12171360050983737,-0.22987525368904582,-0.0683405240461395,-0.167455919634483,-0.2267741932524927,-0.1462344983807784,-0.23288631328300957,122.3,6,Syn
-0.1906956121013202,-0.2984954109246512,-0.13252574712420392,-0.14060812101769765,-0.014936538479042567,0.021261243104787195,0.0376679544785185,0.10496385346762271,-0.1566926035625215,-0.209211844145322,-0.14213732435262272,-0.21883903665213178,122.3,6,Syn
-0.17304375973910724,-0.31019444310069516,-0.13102433646538933,-0.13913723737302214,0.20817288829061636,0.3250617353083004,0.20683789157697466,0.23817752676756818,-0.1571569301186562,-0.21919907284616813,-0.14388726824700124,-0.2262102457582447,122.6,6,Syn
-0.17042250170693912,-0.2612935360839293,-0.131522847130493,-0.1386319830501956,0.4117587053429524,0.6361035917938265,0.5069716329733465,0.6876154213750927,-0.14241626071707253,-0.17761698988178706,-0.14213433043663576,-0.20931469420638882,122.7,6,Syn
-0.18735637839593638,-0.2939847040587898,-0.13267153797909276,-0.14034753139560946,-0.05938651783546334,-0.06934001233062861,0.004375471303244381,0.03294125502034491,-0.15964277594967002,-0.21892977384089743,-0.14330345462954389,-0.2187397307119392,123.0,6,Syn
-0.1708801303454978,-0.28865238077541666,-0.1289432895851216,-0.13469563203654142,-0.06307021778212804,-0.02471299989496841,0.23682118214747755,0.32497038466204164,-0.15274809284296742,-0.2060381698466478,-0.13765543212014256,-0.20757232634664627,123.2,6,Syn
-0.09264503789989269,-0.044275507206658786,-0.07035535337573169,-0.016757112239800108,-0.06049162781946275,-0.11346181330475304,0.31694375460845353,0.4154206401339159,-0.1500719863743179,-0.20261257067207517,-0.13381124399288505,-0.20345112982865418,123.3,6,Syn
-0.19480295041205864,-0.32216843853997024,-0.13287493973631664,-0.13935584311155166,-0.2306785653553721,-0.06647714738192588,-0.22345742560706527,-0.0815634229798194,-0.1666031442765088,-0.22249726173867718,-0.1439187043648643,-0.22147967187997997,123.4,6,Syn
-0.1821154793939272,-0.2746521679559034,-0.13257865509573616,-0.13962656677449883,0.1060116097697819,0.1984220622833326,0.2034284204084225,0.31484220675539315,-0.15354197800357822,-0.20468588344383679,-0.14285586418949328,-0.20824038448975998,123.7,6,Syn
-0.19535436866558692,-0.3222404527279593,-0.13299839166989186,-0.139409408756092,-0.22282000546915406,0.09098042479672426,-0.19688360620511455,0.18078451862989367,-0.16691345031646224,-0.22159380701131737,-0.1441417511058929,-0.22261266237944985,123.7,6,Syn
-0.17981439970251745,-0.26688118239744557,-0.13201077620129023,-0.1388447979082343,-0.16842403625673857,-0.25239496522709143,0.06975709488842127,0.1256422166936966,-0.15923620708710332,-0.21985060269762954,-0.14472257080736325,-0.21850500758057492,123.9,6,Syn
-0.19413672073330895,-0.32664968505619973,-0.13177562966114698,-0.13932544098897473,-0.02942575826925707,0.05679444923280343,-0.01698386278209715,-0.005602088679956099,-0.1611807161038918,-0.2233341156367765,-0.14329297592358953,-0.22197168767457046,124.0,6,Syn
-0.18126328754756532,-0.3033530952417327,-0.1276664438721438,-0.13359681246340294,-0.012603528512821587,0.010651802412535901,0.039874082881699316,0.02014036349944202,-0.1577129894822224,-0.21722421347418291,-0.1429756208289717,-0.22329877614805313,124.4,6,Syn
-0.19230944030372846,-0.3101486158901567,-0.13205780550931887,-0.13899680852111906,-0.04207312808613922,0.06403581351481621,-0.03152425453033434,0.03983404276236954,-0.16161220004995844,-0.22123763735918514,-0.14454592976413258,-0.22074390514128037,124.4,6,Syn
-0.19022504696414505,-0.31331396678949486,-0.13351924125630915,-0.1419805596940287,-0.042318708082583534,-0.03144915271544542,-0.05448804563617101,-0.09394230708794528,-0.16291231440713563,-0.23151733057113172,-0.14361182797620084,-0.2277404600184849,124.4,6,Syn
-0.15933107120561824,-0.18889309017745445,-0.13097613142465997,-0.13902576292357333,0.1870530085964054,0.2795927037700806,0.3869381921275539,0.4918039818465562,-0.14315918320688806,-0.18135532338506113,-0.13776321309567316,-0.1987656950141133,124.5,6,Syn
-0.18042403219981995,-0.2626290719339086,-0.13106313564451297,-0.13716254712564283,0.1403928092719858,0.26729922487271,0.15860390239833955,0.2602625813695655,-0.1551274833172089,-0.20971858958534753,-0.1460144455557368,-0.22317238676962622,124.6,6,Syn
-0.18187292004486785,-0.30256421254603416,-0.12877045687811634,-0.13662544296011664,0.5926283727241893,0.8796155162540703,0.571250192356933,0.8226577934637386,-0.14169598830316602,-0.18028681442866445,-0.1402272059529418,-0.21686645956739733,124.7,6,Syn
-0.1808509366541644,-0.28859346007615283,-0.1301601729303629,-0.13681798973643736,0.324577806605221,0.5729521591018545,0.37149529330528824,0.6117947562128218,-0.1522633812185146,-0.19876999239256726,-0.14605037254758033,-0.22976720397968806,124.7,6,Syn
-0.16675177022450752,-0.24771886164798793,-0.1305375831272928,-0.13666163596318445,0.3197889966745569,0.4427760058461362,0.5029604904221087,0.7438830764120286,-0.14354649950493212,-0.17858414975017864,-0.13746382149697708,-0.20070216084786865,124.7,6,Syn
-0.18678555539448335,-0.3098932928600136,-0.13058461243532146,-0.13692077786514992,-0.040845228103917657,0.026650165361168803,0.0443866182518419,0.042225418101439316,-0.16085795252218843,-0.22638327534161587,-0.1462344983807784,-0.22828664268954413,124.8,6,Syn
-0.18386352376948165,-0.3093204527282823,-0.13034006003357249,-0.13580313793041618,-0.07117435766479038,-0.02151332730524183,-0.07494487264748402,-0.1096972504982873,-0.161759425543367,-0.22586205146044674,-0.14167626129063077,-0.21785951896932315,124.8,6,Syn
-0.18490006072112863,-0.30449222876083265,-0.1318920271985179,-0.1393124115078703,-0.0956095673109996,-0.12356604253546856,-0.019490826876620803,-0.05835301527708339,-0.1606178617175529,-0.22524237417950124,-0.14332291508345915,-0.2227706491024835,125.0,6,Syn
-0.1906616537924519,-0.3199392720844901,-0.13242463411194233,-0.14104967565512483,-0.24443104515625366,-0.23454416025282732,-0.1742206507906207,-0.14739657937303427,-0.16533587252939969,-0.23117563936014307,-0.14419863550964515,-0.2252171863563189,125.2,6,Syn
-0.19495333720847544,-0.3140897559964681,-0.13306658416653339,-0.14018828218211113,-0.2807768846300121,-0.24212233217586396,-0.2786106356865857,-0.24277025466064042,-0.16881152667763727,-0.23719287949941772,-0.14570756916707334,-0.23048040118652569,125.2,6,Syn
-0.18189070773046553,-0.29076370583236916,-0.1298039259220459,-0.13622731992637083,0.11743107960444248,0.1610364141296852,0.1637181091511678,0.22087522284371042,-0.15444005351337045,-0.20872826421112622,-0.14150411112138053,-0.21596819219929173,125.3,6,Syn
-0.19175155380089193,-0.29683908460090236,-0.13243168850814663,-0.13926608446394353,-0.13392004675631253,-0.062098648048615826,-0.09269417843671149,-0.036689968087863116,-0.16156123737916317,-0.2180407975546812,-0.1462344983807784,-0.23076477728798625,125.4,6,Syn
-0.18703620005517804,-0.301942271831583,-0.12975924807941866,-0.13176689422829485,-0.0523874879368004,-0.019492481459098727,-0.07915657232628376,-0.13093829027473056,-0.16167901777389002,-0.22736491365115105,-0.14488274531266565,-0.22690538733959276,125.6,6,Syn
-0.19264902339241155,-0.3144531003085948,-0.13144054584144285,-0.1371828152073608,0.07875223016446309,0.3722148050516395,0.12039776959779908,0.3879901583034097,-0.15857369236676477,-0.20961724049734243,-0.14491717534651571,-0.22822344800033065,125.6,6,Syn
-0.18954102959979766,-0.29928429362034975,-0.13053993459269425,-0.13483895632868992,0.07298110024802172,0.3616053643593882,0.0900133647721724,0.32257900932297184,-0.15663824338033988,-0.20099967232867963,-0.14338129644520486,-0.21915952400457148,125.6,6,Syn
-0.18726258878096677,-0.29412545906258664,-0.13167804384698753,-0.13897074955891026,0.14076117926665227,0.3264089658723958,0.13082674023101748,0.25336979362754086,-0.15662691834238537,-0.21083922092986115,-0.14400702488647965,-0.22283835769806934,125.7,6,Syn
-0.18245829660726443,-0.2998735006129877,-0.13106666284261512,-0.13920238477854419,-0.07903291755100843,-0.12171360050983737,0.0007654430071303194,-0.01319822210994243,-0.1590006462976496,-0.22073089191915962,-0.14254599388484285,-0.21953869213985225,125.7,6,Syn
-0.191078855872834,-0.31524525637647466,-0.13034006003357249,-0.13586973305606093,0.016988861058718205,0.16171002941173288,0.11026963465592352,0.2397248872810839,-0.15906972902917207,-0.21364514282348826,-0.1462344983807784,-0.23243492264577056,126.0,6,Syn
-0.18832984991682794,-0.30984419227729376,-0.12953468313358188,-0.1313441599524629,-0.0722794676487898,0.07868694589935372,-0.043958796439171666,0.1342230340868293,-0.16083643495007485,-0.2098112516086665,-0.14514321600353125,-0.22888699223707198,126.1,6,Syn
-0.19029296358188166,-0.31243997641708193,-0.13202723645910025,-0.13895048147719227,-0.10064395723810803,-0.07102405053574787,-0.08427077907911201,-0.08170409211741174,-0.16281605158452234,-0.2270550750106783,-0.14573002353697553,-0.22975817616694327,126.1,6,Syn
-0.16938596475529213,-0.28637738710939803,-0.13226708593004635,-0.14030120435168267,-0.012235158518155117,0.047700642925159464,0.1054562635944381,0.057980361511781334,-0.15770732696324513,-0.22148666654685484,-0.1415819529370415,-0.21924980213201928,126.2,6,Syn
-0.17781571066626833,-0.2747209087717112,-0.13159809402333883,-0.13787772086626263,0.13891932929331993,0.2529849001291964,0.22839778278987807,0.34339804168663807,-0.15109576980540515,-0.19799394794727102,-0.14272562884406048,-0.2100910861024399,126.2,6,Syn
-0.19578612430691258,-0.3297626620006367,-0.13323001101193294,-0.14057192801462984,-0.29281030445578343,-0.24852167735531713,-0.2660758152139674,-0.25894720548375944,-0.16798026889177659,-0.23512535810411353,-0.14313130446029365,-0.21287165242783215,126.3,6,Syn
-0.18935183330753136,-0.31805053633586744,-0.13283026189368943,-0.1395512853281178,-0.19998106579983288,-0.18621226376590477,-0.21693931896130378,-0.19789679976868413,-0.16576848897926177,-0.22883302758311075,-0.1462344983807784,-0.2314599188693343,126.3,6,Syn
-0.18657048610498406,-0.29552646235619234,-0.13115131559706666,-0.1359754166250189,0.10416975979644955,0.27319335859062743,0.2980913846176356,0.5280966193453798,-0.1486348390578912,-0.18555986269315872,-0.14448455448639988,-0.21281748555136348,126.4,6,Syn
-0.19284630499631317,-0.3182272984336588,-0.1334439943634633,-0.14200082777574669,-0.18168535606473152,0.012504244438167078,-0.1042262132715203,0.14013113786570758,-0.16347969880865632,-0.21308627499534583,-0.14345165347089844,-0.22425572429899981,126.6,6,Syn
-0.1663782288269561,-0.24199046033067484,-0.12953115593547973,-0.13599278926649147,0.4264935051296112,0.754154669972686,0.4533226013505403,0.6193908896428081,-0.14160878551091632,-0.17187773581246926,-0.14190379890563978,-0.21260081804548878,126.9,6,Syn
-0.16411272450674172,-0.260822170489819,-0.12835424750206278,-0.13627509469042032,0.7882328398920851,1.0072656122021098,0.7598741708288926,0.9903354054738073,-0.13094059975777264,-0.15811452966137574,-0.13926915283711438,-0.21010011391518468,127.1,6,Syn
-0.17909642402930173,-0.2989504096578549,-0.1320519268458153,-0.1391343419327767,0.015515381080052324,0.03641758695086047,0.07537269446015425,0.08287879886562542,-0.1597186537039652,-0.2214837708586261,-0.14427348340931917,-0.22333940130540464,127.4,6,Syn
-0.1668213039045712,-0.26812833719852913,-0.1270221423521513,-0.13261670594032685,-0.17456353616784642,-0.24852167735531713,-0.02821506192556312,-0.0469588151321039,-0.15954877813464766,-0.22280999606737867,-0.13953710831794736,-0.21757965677423496,127.5,6,Syn
-0.1784447479114956,-0.2613655502719184,-0.13134766295808628,-0.1378024394198816,0.5011498240486826,0.7208107135113248,0.6909827975113827,0.9121233649724665,-0.13949440092481025,-0.17362094012615711,-0.14108945375718648,-0.21260081804548878,127.6,6,Syn
-0.18727875940423738,-0.30321234023793586,-0.13251751699529893,-0.14057337573475254,-0.13870885668697663,-0.20338945345812115,-0.1135521197031483,-0.21182304439032573,-0.1631025750447713,-0.232733519627193,-0.14317621320009807,-0.22579948027835722,127.7,6,Syn
-0.18446830507980297,-0.3058965054266197,-0.1313700018793999,-0.14005074877045348,0.17047635883641424,0.4028643003848099,0.33900503864026166,0.5358334219129585,-0.15321241939910213,-0.20353919090526473,-0.1414996202474001,-0.2163473603345725,127.8,6,Syn
-0.17818763500149268,-0.27555234530576694,-0.13149110234757366,-0.13985820199413276,0.25114938766837125,0.3648050369491148,0.3803198069180115,0.5100909697335604,-0.14860652646300496,-0.1916147467794067,-0.13694138315725243,-0.2134855436944772,127.9,6,Syn
-0.18379075596476382,-0.2796964344873203,-0.1321165921443547,-0.13793997283153925,-0.12655264686298312,-0.04744751566407832,0.00026405018822558865,0.13942779217774587,-0.16113201844068745,-0.2217154259169235,-0.14116879253084094,-0.21898799556242066,128.0,6,Syn
-0.18630205375869172,-0.29870490674425576,-0.13166628651998039,-0.13969316190014358,0.6096961824770691,1.0662069493812836,0.6068490824991688,0.9771125065401274,-0.15000177113899996,-0.1926514031652875,-0.14510429509570075,-0.22953248084832376,128.1,6,Syn
-0.18281890150619934,-0.29121215782121024,-0.1290220636760696,-0.13650238674968612,0.012568421122720561,0.016209128489429434,0.05712199585202205,0.08428549024154881,-0.15757482401917744,-0.21679854730456144,-0.14370463937179664,-0.2206400852947154,128.1,6,Syn
-0.18442949558395347,-0.317323847711614,-0.13126418593633543,-0.13869568273559496,0.11657154961688738,0.1785504114629254,0.20312758471707965,0.23269143040146695,-0.1543335981565981,-0.21449647516273115,-0.14049516143377477,-0.2198230682413128,128.2,6,Syn
-0.1784107896026273,-0.2579186893649866,-0.13099259168247,-0.1373261394995093,0.2793910872594673,0.45843756115374523,0.3395064314591664,0.5062929030185672,-0.14911388816336676,-0.18888411277972625,-0.14049516143377477,-0.21088101971760817,128.2,6,Syn
-0.17068931699090442,-0.28663925688390374,-0.1270127364905456,-0.1362258722062481,-0.0577902478585753,-0.11767190881755117,-0.011067427519021325,-0.04653680771932688,-0.16009351246025932,-0.22575491099598421,-0.14002960749780238,-0.2154400651537221,128.3,6,Syn
-0.19057271536446346,-0.3253894367663908,-0.1313053365808605,-0.13735798934220897,0.01723444105516252,0.06184656384816119,-0.009462970498526188,-0.042879410141926054,-0.16122261874432348,-0.22962065478132185,-0.14350704091665722,-0.22701372109253012,128.3,6,Syn
-0.19362896316261136,-0.32021750871990246,-0.1313711776121006,-0.13900694256197807,-0.023900208349260012,0.01957720489966794,0.05842561718117435,0.11171597207205501,-0.15912069169996737,-0.21856491712407902,-0.1433109394195113,-0.22133522687606347,128.5,6,Syn
-0.19215581938265752,-0.30871160550255644,-0.13183206483078136,-0.1385219563208695,0.004095911245391741,0.1165778055145369,0.05451475319371746,0.14195983665440798,-0.15976848387096504,-0.21913247201690764,-0.1455429037877905,-0.22133974078243587,128.5,6,Syn
-0.18698768818536615,-0.2847079672969239,-0.13008962896831994,-0.13210276529676404,0.1241845295066611,0.2683096477957816,0.22709416146072578,0.379409340910277,-0.1531603242245114,-0.2023635414844055,-0.14483334569888082,-0.22071230779667364,128.5,6,Syn
-0.19444881376243198,-0.3143679926318804,-0.1329501866291625,-0.13907932856811367,-0.2064889357056072,-0.13299665648413636,-0.15015379548319363,-0.04906885219598899,-0.164894196049174,-0.22490937003319875,-0.14545458326617516,-0.2265352470170568,128.5,6,Syn
-0.17841564078960848,-0.2655882003858235,-0.13006964151240774,-0.13880136630455295,0.2186100381394997,0.42290435502572904,0.3581582443224224,0.5072775869817135,-0.14776167863159886,-0.1965229383270826,-0.1424891094810906,-0.21626159611349707,128.8,6,Syn
-0.12042778574115147,-0.015093394210175231,0.06287044614052524,0.28017173264857453,0.10453812979111601,0.1984220622833326,0.1315286901774841,0.16010615540381978,-0.15391570425607687,-0.2048219807905865,-0.14010146148148944,-0.209513306086774,128.9,6,Syn
-0.18614034752598546,-0.2783903589869729,-0.13177562966114698,-0.13755777471914324,0.027426010907601536,0.16187843323224482,0.11949526252377056,0.2923351447406189,-0.15417051761005324,-0.20001513833091572,-0.14483334569888082,-0.22469357321712166,128.9,6,Syn
-0.19285600737027553,-0.3053662191332456,-0.13309715321675203,-0.1400290329686128,-0.24393988516336504,-0.18671747522744053,-0.2204490686936369,-0.19466140960406034,-0.16710257845030246,-0.23506165296308176,-0.14599348814382807,-0.23181200356638074,129.0,6,Syn
-0.18482890997873788,-0.27766367036271944,-0.13235879308070223,-0.139897290437446,0.21836445814305538,0.3695203439234487,0.20122229200524167,0.31624889813131657,-0.1560651964598419,-0.2110332320411852,-0.14525399089504878,-0.22589878621854978,129.0,6,Syn
-0.18773477098046898,-0.29781127613875497,-0.1314217341182314,-0.13900549484185534,0.042529180688926825,0.12415597743757355,0.020921434327100495,0.03899002793681551,-0.1601535351614182,-0.22382638263565846,-0.14495909017033315,-0.22365537475147196,129.1,6,Syn
-0.19509402163092987,-0.3343650232875751,-0.13264096892887411,-0.13892007935461534,-0.125693116875428,0.017724762874036765,-0.10071646353918719,0.018311664710741606,-0.16402783064565435,-0.2244489556048327,-0.14442617312465417,-0.22695955421606145,129.4,6,Syn
-0.19014581091011898,-0.2968947319279848,-0.1326691865136913,-0.13909380576934077,-0.06356137777501666,-0.001978484125858496,-0.03282787585948664,0.011840884381493994,-0.16074923215782516,-0.22126659424147233,-0.14519710649129652,-0.22935192459342815,129.9,6,Syn
-0.192867326806565,-0.3252879622287699,-0.13041648265911904,-0.1378646913851582,0.17477400877418972,0.33331352251338475,0.18247020057820473,0.35113484425421676,-0.15578207051097928,-0.20624376371088673,-0.14352500441257898,-0.21853660492518165,129.9,6,Syn
-0.18592204411183205,-0.30004044259423507,-0.13064927773386084,-0.13538040365458423,-0.04563403803458177,0.003410438130523113,-0.014176062996230657,0.021406385737773075,-0.1569281643519752,-0.2075265535962085,-0.14120771343867142,-0.21479006263609793,130.0,6,Syn
-0.1946881389868372,-0.3133990744662092,-0.13292549624244746,-0.1386638328928953,-0.1768965461340674,-0.04037455520257746,-0.12347969751746196,0.0856921816174722,-0.1635782266388605,-0.21360460318828622,-0.14548452242604476,-0.22492378244211356,130.0,6,Syn
-0.17659321154700916,-0.27816122293428036,-0.12836482909636923,-0.13401375585874403,0.4136005553162847,0.5879400991274158,0.5258240029641643,0.719265977333369,-0.13772203248493023,-0.1658199560379926,-0.13672432424819778,-0.20269730746446504,130.0,6,Syn
-0.17254085335539085,-0.2934445976488717,-0.12955467058949405,-0.137051072676194,0.5210418037606719,0.8146116415364671,0.6907822403838207,0.9441959283435198,-0.1431150155588655,-0.18277710630536137,-0.1409876606136298,-0.20998275234950253,130.1,6,Syn
-0.1924113152303334,-0.31953992067836884,-0.13270916142551567,-0.14040688792064066,-0.03409177820169903,-0.001978484125858496,0.041177704210851616,0.0856921816174722,-0.1585453797718785,-0.21509877831430438,-0.1462344983807784,-0.22719879125379813,130.2,6,Syn
-0.17449588170880925,-0.2750351525011181,-0.12998734022335762,-0.1365472660734902,0.3506092862283183,0.48504536479462945,0.4449994805567218,0.5763461335395522,-0.14866654916416383,-0.1953357061533085,-0.1398305120846695,-0.21691611253749363,130.2,6,Syn
-0.18907046446262252,-0.307984916878303,-0.13068690118028375,-0.13387622244708636,-0.18917554595628308,-0.22326110427852833,-0.06491701626938941,-0.03401725447360867,-0.16244798785100092,-0.22424625742882245,-0.1446746681515719,-0.2268421926503793,130.2,6,Syn
-0.1736420728001203,-0.2761546457871301,-0.13022366249620157,-0.1376837263698192,0.051370060560922116,0.06706708228403087,0.16752869457484376,0.17107834813602227,-0.1544185359412569,-0.21069154083019656,-0.14074215950269903,-0.21818000632176285,130.2,6,Syn
-0.19469137311149134,-0.31785740737716944,-0.13333112402419453,-0.14196463477267887,-0.31503529413399384,-0.3416489900984118,-0.2498306878814541,-0.13473635698972372,-0.1681863845825486,-0.22960038496372084,-0.1431896858220394,-0.2147088123213949,130.3,6,Syn
-0.18583957393315187,-0.2716963128761699,-0.12893153225811446,-0.13356061946033512,-0.06307021778212804,0.008799360386904723,0.041177704210851616,0.09610169779930533,-0.1571546651110653,-0.21218571595621472,-0.1456806239231907,-0.22932032724882143,130.5,6,Syn
-0.18437613252716042,-0.2603311646626207,-0.13071982169590382,-0.13545713282108798,0.16888008885952618,0.3728884203336872,0.21415822673298374,0.39854034362283514,-0.15242419675746857,-0.19701810101419326,-0.1445668871760413,-0.22563697964895116,130.6,6,Syn
-0.18914484932966738,-0.31645640408356374,-0.13220947502771127,-0.14107863005757906,-0.0850496274638941,-0.10739927576632373,-0.017384977037220934,-0.06932520800928588,-0.1605589715201895,-0.22437656339911474,-0.1442091142155995,-0.2220484240829011,130.7,6,Syn
-0.19275736656832473,-0.32298678158530064,-0.13272209448522354,-0.1408440993976997,0.018093971042717618,0.16524650964248333,0.027238983845300102,0.1926007261876502,-0.16025772551059966,-0.21586903138314317,-0.14441868833468677,-0.22746511172976913,130.7,6,Syn
-0.18415459498835288,-0.3069668981299119,-0.133001918867994,-0.1413319810790537,0.13634073933065463,0.17467712359115115,0.1339353757082268,0.17543909140138478,-0.15648082535277225,-0.21411424431654047,-0.14029756297863538,-0.21133692426121956,130.7,6,Syn
-0.19029458064420873,-0.32684608738707904,-0.13136529894859703,-0.13722190365067405,-0.2357129552824805,-0.11885073556113465,-0.13350755389555657,0.0471488379171712,-0.16521695963087737,-0.224199926417163,-0.14327650938566125,-0.224535586494088,130.7,6,Syn
-0.19440353601727425,-0.3138900802934075,-0.13270798569281494,-0.13793852511141652,-0.02942575826925707,0.31041060292376293,-0.019591105440401747,0.27812756184379256,-0.1610165030535515,-0.20736729074362906,-0.14557583686364706,-0.22783073814593272,130.8,6,Syn
-0.18835410585173387,-0.30826642688589667,-0.13250575966829176,-0.13975686158554293,-0.15909199639185467,0.08693873310443806,-0.13842120352082293,0.08822422609413431,-0.1644683746220846,-0.21890660833506767,-0.14299059040890652,-0.22469808712349404,131.0,6,Syn
-0.19376317933575754,-0.33570710588191705,-0.1333146637663845,-0.14169825427009985,-0.2989498043668913,-0.2901174210217627,-0.2904435062127373,-0.3190129272356884,-0.16824640728370746,-0.23760117153966687,-0.14308789267848274,-0.22201231283192197,131.1,6,Syn
-0.19546594596615421,-0.32918327512454276,-0.13357920362404566,-0.1432704783233652,-0.28372384458734384,-0.20945199099655046,-0.2859309708425947,-0.2617605882356063,-0.16899952230768203,-0.23428560851778552,-0.14552943116584918,-0.22952796694195138,131.1,6,Syn
-0.19157367694491506,-0.31133030324761385,-0.13283731628989373,-0.14126972911377708,-0.0353196781839206,0.16389927907838792,-0.04927356031956181,0.02829917347979771,-0.162674488610091,-0.22400591530583894,-0.14590965849619317,-0.22682413702488974,131.2,6,Syn
-0.1904886281234562,-0.30104864122608216,-0.1330160276604026,-0.14215283838863146,0.038722690744039966,0.18730741012954552,0.08941169338948672,0.22776801058573506,-0.15773790456572231,-0.21266929589041053,-0.14385433517114465,-0.21705152972866534,131.3,6,Syn
-0.18843981015506817,-0.297415198104815,-0.13090323599721554,-0.13497359430010214,0.007042871202723504,0.04988989259181449,0.10325013519125728,0.21201306717539303,-0.1573653108170191,-0.21182085923939634,-0.14618509876699357,-0.2203737648187444,131.7,6,Syn
-0.1800003618701296,-0.30150036658710455,-0.13108312310042514,-0.1368368100980326,-0.08713705743367077,-0.0806230683049276,-0.013273555922202142,-0.05300758804857449,-0.1626450435114093,-0.22953088844623162,-0.1462344983807784,-0.2267519145229315,131.8,6,Syn
-0.1924194005419687,-0.31005368809689837,-0.13212011934245685,-0.13881729122590278,0.036880840770707614,0.3821506304618431,0.029745947939823755,0.3062613893622605,-0.15818184605353888,-0.20164830649191232,-0.14423456250148867,-0.22029702841041376,131.8,6,Syn
-0.19093493732572542,-0.3107509163715199,-0.13238818639822014,-0.13830045514209455,0.2522544976523707,0.4166734136667878,0.297389434671169,0.4580433888243947,-0.14963823742066035,-0.19544574230599976,-0.14260587220458207,-0.2154897181238184,132.0,6,Syn
-0.17909642402930173,-0.28966385277944506,-0.13137588054290347,-0.1382106964944864,0.024724630946714087,0.041974913027754,0.11648690561034218,0.14800860957087858,-0.15526111876507206,-0.21028035310171872,-0.1423049836478925,-0.21861785523988467,132.0,6,Syn
-0.1953381980423163,-0.3251733942024236,-0.1335027809984991,-0.1424814708564871,-0.29366983444333855,-0.23201810294514844,-0.2839253995669758,-0.26710601546411517,-0.16882624922697811,-0.23562631216768162,-0.14606234821152816,-0.23133804339727979,132.0,6,Syn
-0.19384888363909183,-0.30086860575610946,-0.13282438323018586,-0.13911552157118146,-0.19236808591005916,0.010820206233047826,-0.1805382003088203,-0.003632720753663347,-0.16556237328848977,-0.22315168727836732,-0.1459530702780041,-0.22945123053362074,132.1,6,Syn
-0.18904135734073538,-0.30216486113991287,-0.13001790927357623,-0.13815278768957792,-0.10162627722388527,-0.08365433707414226,-0.03984737532415287,-0.04372342496748009,-0.15878207306512765,-0.21766725377317667,-0.14569110262914506,-0.2207303634221632,132.2,6,Syn
-0.1550393877895947,-0.20182618366585675,-0.12228511530096567,-0.12385076059730507,-0.05938651783546334,-0.0905588937151312,0.2300022398103732,0.257167860342534,-0.15307198892846627,-0.20726304596739523,-0.1352318571286979,-0.20521606722025867,132.5,6,Syn
-0.1702947537831012,-0.26094001188834653,-0.13082211044086614,-0.13637353965876475,0.1645824389217507,0.2736985700521632,0.33479333896146196,0.4728136482715904,-0.15089644913740585,-0.1962710134511842,-0.14435282218297363,-0.22031057012953092,132.5,6,Syn
-0.18904782559004363,-0.31159217302211956,-0.13204134525150885,-0.1389895699205055,-0.0867686874390043,-0.12626050366365937,-0.0234016908640777,-0.09492699105109165,-0.16188173595327568,-0.22848554499566465,-0.1433184242094787,-0.22067619654569454,132.6,6,Syn
-0.19350121523877342,-0.3262077798117213,-0.13295606529266607,-0.14075289302996885,0.3891653456700755,0.8176429103056818,0.4022808123860387,0.8322232948200177,-0.1520776505960607,-0.19195643799039536,-0.14533183271070976,-0.22075744686039755,132.7,6,Syn
-0.1872350987214067,-0.3068686969644723,-0.13166040785647679,-0.13849444963853796,-0.042318708082583534,0.020587627822739492,0.07106071621757357,0.11832742153889496,-0.15767221934558617,-0.21261138212583616,-0.14374954811160104,-0.21785500506295075,132.9,6,Syn
-0.1518747968155336,-0.21558416694395216,-0.11376222895347379,-0.10774776967237837,0.19822689843462166,0.29323341323154656,0.16622507324569147,0.22847135627369675,-0.1519202325684931,-0.2055024675243351,-0.13992482043825877,-0.21816646460264566,133.1,6,Syn
-0.19579420961854788,-0.3303649624819999,-0.1327985171107701,-0.14046334900542642,-0.20550661571982995,-0.14697417358662618,-0.16469418723143084,-0.07734334885204922,-0.16555784327330797,-0.22758209026830484,-0.14554140682979702,-0.22923456302774603,133.2,6,Syn
-0.1852752191810071,-0.2931860012465473,-0.13123008968801467,-0.1362953627721383,0.2197151481234991,0.45001737012814896,0.2767320505322941,0.5010881449276506,-0.15131094552654073,-0.19214465772526199,-0.14545308630818168,-0.2196425119864172,133.4,6,Syn
-0.18485640003829795,-0.31384425308286895,-0.13073745768641457,-0.13876662102160783,-0.01014772854837845,0.020587627822739492,0.046693025218803655,0.048133521880317574,-0.1573721058397918,-0.21517696189647975,-0.14424803512342999,-0.21804007522421875,133.4,6,Syn
-0.18297737361425145,-0.3124072426952687,-0.13161337854844815,-0.13864790797154544,-0.09450445732700018,-0.0499735729717572,-0.058800023878751696,-0.00025666145144720014,-0.16307652745747594,-0.22600973156011134,-0.14565218172131456,-0.2312342235507148,133.5,6,Syn
-0.1959138722307505,-0.3363290465963682,-0.13359213668375355,-0.140832517636718,-0.24222082518825483,0.07936056118140142,-0.2472234452231495,0.019296348673887985,-0.1682871774203437,-0.22944112211114137,-0.14578391402474083,-0.2267022615528352,133.5,6,Syn
-0.19636664968232798,-0.3346530800395314,-0.1326550777212827,-0.13905616504615026,-0.272918324743794,-0.29196986304739386,-0.2321816606560076,-0.23714348915694683,-0.16770167295809577,-0.23684539691197162,-0.1462344983807784,-0.23288631328300957,133.7,6,Syn
-0.19482720634696457,-0.3134318081880224,-0.13299839166989186,-0.14102940757340687,-0.14325208662119643,0.059488910360994234,-0.15586967361870757,-0.02839048896991509,-0.16567335866044394,-0.226924769040386,-0.14543811672824686,-0.22908109021108478,133.7,6,Syn
-0.18542884010207802,-0.2882955832076526,-0.13131709390786767,-0.13753461119717986,0.8531887489516061,1.2826058587391076,1.1766318819025048,1.7952442107771736,-0.13043323805741083,-0.15124016580640076,-0.1415744681470741,-0.19475734615543097,133.9,6,Syn
-0.17543377785850545,-0.25481553253709355,-0.1283177997883406,-0.13446978769739834,-0.16363522632607447,-0.23589139081692273,-0.1591788662234788,-0.21759047903161166,-0.16291231440713563,-0.23280880752113967,-0.14383188080124246,-0.2206445992010878,134.0,6,Syn
-0.15932622001863705,-0.20741382997937302,-0.10964951596636846,-0.0946155004392569,-0.03789826814658589,-0.10571523756120448,0.20112201344146072,0.27658020133027683,-0.1552803713295947,-0.2122146728385019,-0.144933641884444,-0.21564319094047965,134.0,6,Syn
-0.1875407235012215,-0.27862604178402806,-0.13216009425428119,-0.1383641548274939,-0.018865818422151584,0.07228760071990056,0.029745947939823755,0.11790541412611794,-0.159323409879353,-0.21811608544862784,-0.1462344983807784,-0.22981685694978435,134.2,6,Syn
-0.1819521560988939,-0.2819223275706191,-0.12893388372351589,-0.13426855460034134,0.2268369680203842,0.3949493208207494,0.23471533230807767,0.36140369129845756,-0.1524536418561503,-0.2022824622140014,-0.1446058080838718,-0.21351262713271155,134.3,6,Syn
-0.19521368424313248,-0.3261979596951773,-0.13227414032625065,-0.13867541465387698,-0.11341411705321233,-0.011577501895038238,-0.0939977997658638,-0.009118817119764585,-0.16279113650102242,-0.22100598230088775,-0.1462344983807784,-0.23288631328300957,134.6,6,Syn
-0.1784366625998603,-0.28417113425918716,-0.12020524415339867,-0.11880400824953069,0.13548120934309954,0.2762246273598421,0.26138943027380934,0.3117474857283617,-0.15094061678542842,-0.20360868742275395,-0.14016732763320258,-0.21737653098747742,134.6,6,Syn
-0.16380063147761867,-0.2657944228332467,-0.1321753787793905,-0.13757080420024764,0.6299565321837249,0.8594070577926393,0.6499688649249757,0.9264716170068851,-0.14391682824604443,-0.18584653582780175,-0.14118376211077574,-0.2126279014837231,134.6,6,Syn
-0.19170789311806125,-0.32461037418723626,-0.133697952626818,-0.1433052236063103,-0.22220605547804329,0.07329802364297211,-0.1824434930206583,0.03547329949700702,-0.1661388177203741,-0.22204553437499727,-0.1436312884301161,-0.2247612818127075,134.7,6,Syn
-0.19131818109723922,-0.291097589794864,-0.13285495228040448,-0.14136962180224422,0.03724921076537408,0.30199041189816667,0.04238104697622297,0.26659269256122076,-0.16115919853177826,-0.21458045012136398,-0.14420761725760603,-0.2224998147201401,134.7,6,Syn
-0.1931406103398385,-0.3273469133308212,-0.13119364197429245,-0.1364531642655139,-0.21459307558826954,-0.25205815758606753,-0.15667190212895513,-0.2298286940021452,-0.16516259944869577,-0.23613305760770717,-0.1451087859696812,-0.22523524198180847,134.9,6,Syn
-0.1958669774232657,-0.33859749351802415,-0.13286083094390805,-0.13894903375706957,-0.20587498571449642,-0.2257871615862072,-0.16298945164715475,-0.19480207874165267,-0.16450348223974356,-0.2304777784970222,-0.14547104980410344,-0.23067901306691083,135.0,6,Syn
-0.19330555069719887,-0.3240931813825874,-0.13251986846070035,-0.1407601316305824,-0.11685223700343272,0.10041103874539208,-0.12849362570650927,0.10172846330299891,-0.16446497711069824,-0.223933523100121,-0.143294472881583,-0.2217279367304614,135.1,6,Syn
-0.19467035130123952,-0.31667244664753097,-0.13328056751806375,-0.14101203493193432,-0.27893503465667974,-0.1511842690994243,-0.28402567813075674,-0.19001932806351313,-0.1691648678618178,-0.23689751930008854,-0.1460309120936651,-0.2299297046090941,135.1,6,Syn
-0.19522500367942192,-0.32645655609750174,-0.13266330785018773,-0.13963090993486696,-0.043055448071916476,0.2511324581035652,-0.02661060490506798,0.3515568516669938,-0.16270393370877273,-0.21321078958918066,-0.1459006767482323,-0.22785782158416706,135.1,6,Syn
-0.19482073809765632,-0.3204564648891389,-0.13291961757894385,-0.14071670002690104,-0.21889072552604505,0.03102866469447886,-0.2019978129579428,0.10200980157818358,-0.16723847890575652,-0.22326172343105857,-0.14586624671438225,-0.23038560915270548,135.1,6,Syn
-0.18762319367990168,-0.31241378943963133,-0.13269975556390992,-0.14099755773070718,-0.16547707629940683,-0.22157706607340907,-0.11365239826692923,-0.16272951537059926,-0.16335738839874767,-0.23048067418525092,-0.14480789741299163,-0.22663455295724938,135.3,6,Syn
-0.18276553844940627,-0.3025773060347594,-0.13271621582171997,-0.13954404672750426,-0.2747601747171264,-0.2574470798424492,-0.289139884883585,-0.2946771664322137,-0.1685635083464336,-0.23643420918349378,-0.14205050078900086,-0.21804910303696354,135.4,6,Syn
-0.1772836971606648,-0.2674605692735395,-0.1305446375234971,-0.13835836394700304,0.3297349865305516,0.4959916131279046,0.4311610387549512,0.6487907393996071,-0.14734831474625945,-0.1881746691636905,-0.14384834733917073,-0.21866750820998096,135.4,6,Syn
-0.19476414091620914,-0.3248296901233848,-0.13283026189368943,-0.140183939021743,0.016252121069385266,0.4016854736412264,0.07126127334513546,0.4671868827678968,-0.15853858474910582,-0.19830378658774378,-0.1462344983807784,-0.2296994953841022,135.5,6,Syn
-0.1853690087959767,-0.2790188464457867,-0.13150638687268298,-0.13674126056993363,-0.16424917631718525,-0.21164124066320547,0.03275430485325214,0.11579537706223285,-0.15853745224531035,-0.2145862414978214,-0.14406690320621887,-0.21876230024380117,135.6,6,Syn
-0.17481929417422173,-0.28987007522686836,-0.13079624432145037,-0.13865659429228172,-0.07375294762745568,-0.045931881279470996,0.062135924041069365,0.03322259329552959,-0.1564661028034314,-0.21743559871487927,-0.14019277591909174,-0.21807167256882548,135.9,6,Syn
-0.17537879773938533,-0.28696986747421727,-0.1298192104471552,-0.1341889299935922,0.07371784023735466,0.08626511782239035,0.09753425705574335,0.12142214256592643,-0.1555442447139347,-0.21194537383323117,-0.14395313439871438,-0.21575152469341702,135.9,6,Syn
-0.190923617889436,-0.31150706534540523,-0.13275148780274146,-0.14098018508923466,-0.01518211847548688,0.04231172066877786,0.035862940330461474,0.09933708796392914,-0.15997799707312338,-0.22131871662958924,-0.14504291981796805,-0.22483801822103813,136.0,6,Syn
-0.18089621439932216,-0.2878962318015313,-0.13065515639736444,-0.13636485333802847,0.918144658011127,1.5621562007889036,0.9263365867052632,1.508279170088801,-0.1394796783754694,-0.16614427311960894,-0.14111490204307564,-0.20990150203479951,136.0,6,Syn
-0.1681505291374165,-0.22725701214254557,-0.13056227351400784,-0.13563085923581344,0.2527456576452593,0.41650500984627586,0.4120078330727905,0.6252989934216864,-0.14499836937069965,-0.18245858060020245,-0.1442869560312605,-0.21486228513805616,136.0,6,Syn
-0.17376011834999588,-0.3003645064401859,-0.12886098829607148,-0.13505466662697402,0.15181227910664638,0.25399532305226796,0.284353221379646,0.36674911852696646,-0.1510187595473145,-0.20406620616289128,-0.1425415030108624,-0.2165640278404472,136.1,6,Syn
-0.17375688422534175,-0.27188944183486785,-0.1318779184061093,-0.1392139665395259,0.3528195061963171,0.6010755971273459,0.4114061616901048,0.6510414456010845,-0.14786586898078033,-0.19106746170417913,-0.14069575380490115,-0.21465013153855383,136.1,6,Syn
-0.19330393363487183,-0.2992286462932673,-0.1324951780739853,-0.13602029594882298,-0.1996126958051664,-0.05873057163837732,-0.22726801103074123,-0.10407048499459372,-0.1675046172976874,-0.22950193156394444,-0.1453976988624229,-0.22885088098609288,136.2,6,Syn
-0.1924404223522205,-0.32271509169425094,-0.1329360778367539,-0.14016367094002502,0.13891932929331993,0.31259985259041795,0.14636991761706414,0.24492964537200046,-0.1560221613156148,-0.2109608398354673,-0.144057921458258,-0.22374113897254735,136.2,6,Syn
-0.18200066796870576,-0.2852939009173805,-0.1305093655424756,-0.13681364657606923,0.38879697567540905,0.6164003447939311,0.444598366301598,0.6974622610065565,-0.14941853168434296,-0.19098348674554633,-0.14399355226453833,-0.22228314721426537,136.4,6,Syn
-0.18289490343557127,-0.2846588667142041,-0.1301025620280278,-0.1370148796731262,0.29977422696434536,0.4574271382306737,0.4015788624395721,0.49489870287358767,-0.15088965411463315,-0.2005479449649997,-0.14235438326167738,-0.21926785775750884,136.5,6,Syn
-0.19509887281791105,-0.3207347015245513,-0.13266330785018773,-0.13853788124221933,-0.2280999753927068,-0.18806470579153595,-0.210922605134447,-0.2067589554370015,-0.16679227241034902,-0.23354431233123385,-0.1461282143632413,-0.23181200356638074,136.9,6,Syn
-0.19457817874859698,-0.3284696799890146,-0.13315123692098496,-0.14062983681953833,-0.07866454755634196,0.15531068423227973,-0.08106186503812174,0.12015612032759537,-0.16349102384661082,-0.21561421081901605,-0.1462344983807784,-0.23288631328300957,137.0,6,Syn
-0.18115009318467096,-0.3014447192600221,-0.13086913974889477,-0.1381035652054057,0.002254061272059388,0.093843289745427,0.12079888385292285,0.15279136024901813,-0.154026689628031,-0.21048884265418635,-0.14441270050271282,-0.22205745189564588,137.1,6,Syn
-0.1803884568286246,-0.29898314337966814,-0.13271621582171997,-0.13952233092566357,0.32617407658210906,0.4778040005126167,0.37370142170846904,0.44946257143126206,-0.1492090184821846,-0.20094754994056271,-0.14183194492195272,-0.21582374719537525,137.3,6,Syn
-0.19212509519844334,-0.3226005236679047,-0.13089500586831054,-0.13531380852893948,0.04731799061959094,0.25382691923175604,0.11879331257730394,0.2999312781706052,-0.15652839051218118,-0.2056211907417125,-0.14522704565116615,-0.2247612818127075,137.4,6,Syn
-0.19088804251824062,-0.30788344234068205,-0.1334016679862375,-0.14295053217624581,-0.1965429458496125,-0.21467250943242014,-0.15035435261075553,-0.1763744217170562,-0.16536192011669504,-0.23585796722597901,-0.1450174715320789,-0.22749670907437586,137.5,6,Syn
-0.17498585159390917,-0.2860565966356285,-0.12858469111140317,-0.13414984155027895,-0.11243179706743509,-0.1784656880223562,-0.029017290435810687,-0.09309829226239125,-0.16223960715263802,-0.2287780095067651,-0.14384535342318377,-0.22415641835880723,137.6,6,Syn
-0.1678998844767218,-0.2821318233902237,-0.13029185499284313,-0.13659069767717155,0.26097258752614383,0.39461251317972557,0.37380170027225,0.5324573626107423,-0.14881264215377693,-0.19566291892315354,-0.13838445066296748,-0.21218553865922887,137.7,6,Syn
-0.177185056358714,-0.2639384208064373,-0.13268564677150135,-0.1389388997162106,0.23899317784437774,0.30838975707761984,0.2863587926552649,0.3349578934310977,-0.15435171821732532,-0.21116643369970622,-0.14483035178289386,-0.22640434373225748,137.8,6,Syn
-0.16496329929077652,-0.26271417961062293,-0.1292971851280372,-0.13721321732993777,-0.019602558411484526,-0.024207788433432634,0.15900501665346334,0.14800860957087858,-0.15674130122572585,-0.21755432193225668,-0.13705515196475695,-0.21020844766812205,137.8,6,Syn
-0.19142814133547945,-0.3069799916186372,-0.1308914786702084,-0.13606372755250434,0.06524533036002583,0.15615270333483935,0.14265961075716913,0.28122228287082407,-0.15464616920414245,-0.2041646595626677,-0.14570906612506682,-0.22437759977105434,138.0,6,Syn
-0.19523147192873017,-0.327985220906179,-0.1328208560320837,-0.14095123068678042,-0.13392004675631253,0.05443679574563648,-0.07123456578758902,0.11073128810890863,-0.16288286930845391,-0.2181913733425745,-0.14484532136282866,-0.2262644126347134,138.0,6,Syn
-0.1650587059680732,-0.26415773674258586,-0.1303988466686083,-0.13805868588160164,0.30173886693589985,0.5025593621278697,0.34502175246711847,0.4774557298121376,-0.14490323905188182,-0.18456085025425126,-0.14232294714381427,-0.20706225492656619,138.1,6,Syn
-0.19360147310305129,-0.3141748636731825,-0.13183794349428493,-0.1358900011377789,0.08820706002756916,0.4321665651538849,0.06684901653877383,0.33003447361536586,-0.15986587919737377,-0.21038749356618125,-0.14517764603738129,-0.22800678049445594,138.4,6,Syn
-0.19432591702557525,-0.32561529944690204,-0.131357068819692,-0.1346319323511421,-0.08725984743189293,0.0024000152074515613,-0.09088916428865446,-0.0769213414392722,-0.16350121638076986,-0.22794984267335194,-0.14489921185059396,-0.22707691578174358,138.7,6,Syn
-0.1851668760050939,-0.2992384664098112,-0.13210013188654465,-0.14115970238445094,0.22425837805771892,0.359921326154269,0.299294727383007,0.40430777826412106,-0.15095647183856473,-0.20094754994056271,-0.14309537746845014,-0.21948452526338355,138.7,6,Syn
-0.19311635440493258,-0.3201356744153694,-0.1329372535694546,-0.14046624444567185,-0.14091907665497547,-0.05873057163837732,-0.11876660501975748,-0.03711197550064014,-0.16419997122256283,-0.22567962310203754,-0.14524351218909443,-0.22867483863756966,139.0,6,Syn
-0.19402514343274163,-0.32849259359428384,-0.13029185499284313,-0.13430764304365458,-0.03372340820703256,0.14806931995026693,-0.024905869320791894,0.11903076722685665,-0.1600210322173505,-0.21521171015522436,-0.14410283019806241,-0.22398940382302882,139.0,6,Syn
-0.18599642897887692,-0.29545117479602195,-0.13115601852786954,-0.13753750663742528,0.17833491872263227,0.3437545593851241,0.25657605921232396,0.40458911653930574,-0.15340607754812416,-0.2037853244047057,-0.14202056162913124,-0.22247273128190576,139.1,6,Syn
-0.17735646496538263,-0.2684654945332053,-0.12937360775358375,-0.1355787413113958,0.8016169496983002,1.1244746712784097,0.8664702841280383,1.1463374790637118,-0.14092701822605513,-0.17360646168501354,-0.1409652062437276,-0.21354422447731827,139.4,6,Syn
-0.17070548761417503,-0.23791838533711057,-0.12354550075613345,-0.11997521382880477,0.023742310960936833,0.03608077930983662,0.33659835310951897,0.5041828659546821,-0.1495159270107517,-0.19489266585431472,-0.13832756625921525,-0.20288237762573302,139.6,6,Syn
-0.18161095594788373,-0.31526162323738127,-0.1313053365808605,-0.1399117676386731,-0.14460277660164017,-0.08247551033055879,-0.15797552345810745,-0.19733412321831478,-0.16508219167921878,-0.23471417037563566,-0.14499950803615713,-0.2268467065567517,139.9,6,Syn
-0.16978861327473066,-0.2231423833106241,-0.12850121408965232,-0.13068110413626077,0.5647550431277597,0.88045753535663,0.6626039639613749,0.9810512423927128,-0.14207990708982374,-0.1752570039753824,-0.14543661977025338,-0.21736298926836026,139.9,6,Syn
-0.18241948711141492,-0.29608293562701704,-0.13176857526494268,-0.13880426174479837,0.09839862988000818,0.17467712359115115,0.11408022007959946,0.14688325647013986,-0.15719656775149696,-0.21371463934097748,-0.14309238355246318,-0.22161508907115166,140.0,6,Syn
-0.18786090184197984,-0.3048555730729594,-0.131522847130493,-0.1383525730665122,-0.12679822685942743,-0.16937188171471224,-0.06842676600172252,-0.06285442768003825,-0.16064957182382553,-0.22117682790638207,-0.14232594105980123,-0.220102930436401,140.1,6,Syn
-0.1851895148776728,-0.2782201436335442,-0.13289727865763026,-0.13964828257633952,-0.06970087768612451,0.04012247100212283,-0.030421190328743932,0.05854303806215069,-0.1615215997463224,-0.22153589324674303,-0.14506088331388983,-0.2251765611989674,140.1,6,Syn
-0.1670654803159576,-0.25975177778652675,-0.13089500586831054,-0.13787048226564905,0.20129664839017558,0.27251974330857975,0.3094228623248826,0.39910302017320454,-0.15010935899956776,-0.1961580816102642,-0.14054605800555312,-0.2138872813616199,140.1,6,Syn
-0.1839848034440113,-0.31487536531998533,-0.13057403084101502,-0.13876662102160783,-0.005236128619492178,-0.01006186751043091,-0.05037662452115221,-0.08859687985943637,-0.16123507628607345,-0.22971331680464083,-0.14333189683142003,-0.21918209353643342,140.2,6,Syn
-0.19263770395612212,-0.3180341694749608,-0.1308914786702084,-0.13605069807139994,-0.23239762533048228,-0.26216238681678306,-0.18956327104910548,-0.2337674298547307,-0.16598479720419282,-0.23676721332979628,-0.145619248645458,-0.22846719894443973,140.3,6,Syn
-0.19422080797431618,-0.3141650435566385,-0.1334745634136819,-0.14241198029059693,-0.059754887830129805,0.20212694633459496,-0.03613706846425786,0.25083774915087875,-0.16157595992850404,-0.21048594696595763,-0.14619258355696096,-0.22971755100959176,140.3,6,Syn
-0.1905969712993694,-0.3218312812052941,-0.13161573001384957,-0.13665729280281633,0.012814001119164874,0.0519107384379576,0.10525570646687621,0.2000561904800442,-0.15858388490092382,-0.21823770435423398,-0.14463724420173488,-0.22432794680095805,140.4,6,Syn
-0.17858543233395002,-0.25202334606642607,-0.1316545291929732,-0.13941809507682829,0.28270641721146555,0.3708675744875441,0.25567355213829546,0.38672413606507866,-0.15266089005071773,-0.20375347183418982,-0.1411328655389974,-0.21856820226978838,140.6,6,Syn
-0.1618989661809933,-0.22632082769868755,-0.13171684302611117,-0.13781836434123143,0.16630149889686088,0.26022626441120916,0.38172370681094475,0.5403348343159133,-0.14751026278900886,-0.191478649432657,-0.13820182178776289,-0.20170424806253923,140.7,6,Syn
-0.19262315039517855,-0.3049308606331298,-0.13295371382726465,-0.14167074758776832,-0.1388316466851988,0.02496612715604955,-0.06892815882062725,0.08400415196636413,-0.16235059252459216,-0.217991570854793,-0.1438139173053207,-0.22270745441327003,140.9,6,Syn
-0.1845572435077914,-0.28582418721075464,-0.13323001101193294,-0.14170259743046798,-0.10530997717054999,-0.12676571512519513,0.10645904923224755,0.18345723224414812,-0.1565578356108629,-0.21098979671775445,-0.14300555998884132,-0.2085157327784758,141.0,6,Syn
-0.19043526506666317,-0.30963469645768915,-0.13168862544129398,-0.1395976123720446,-0.0685957677021251,0.03304951054062196,-0.020493612514430264,0.08301946800321776,-0.16075489467680243,-0.2207945970601914,-0.1433274059574396,-0.21006851657057796,141.1,6,Syn
-0.1893243432479713,-0.2910681294452321,-0.13364974758608864,-0.14205294570016433,-0.01665559845415276,0.2637627446419596,0.058225060053612464,0.3280651056890731,-0.16075376217300696,-0.21075524597122836,-0.1456042790655232,-0.23065644353504888,141.4,6,Syn
-0.18649448417561212,-0.297415198104815,-0.13182383470187636,-0.1386783100941224,-0.031513188239033735,-0.04087976666411324,0.029545390812261863,0.02056237091221904,-0.15992137188335087,-0.22569989291963857,-0.14506537418787027,-0.22378176412989886,141.5,6,Syn
-0.18888450229501033,-0.31197515756733424,-0.13212247080785827,-0.13713648816343402,0.06696439033513603,0.1359442448734083,0.1095676847094569,0.17389173088786905,-0.15764730426208626,-0.21322816371855297,-0.14338429036119185,-0.2214209910971389,141.5,6,Syn
-0.18286903043833827,-0.30048889458307615,-0.1305011354135706,-0.13634168981606506,0.3469255862816536,0.5165368792303595,0.3901471061685442,0.5247205600431637,-0.15140947335674493,-0.20342336337611602,-0.14250108514503843,-0.2190511902516341,141.8,6,Syn
-0.19072633628553437,-0.2856997990678644,-0.13164042040056462,-0.1381498922493325,-0.10027558724344156,-0.02286055786933723,-0.028716454744467847,0.0824567914528484,-0.16026905054855417,-0.21440670882764093,-0.14429593777922137,-0.22057689060550195,141.9,6,Syn
-0.1601670924287095,-0.19494882871289973,-0.12697628877682338,-0.1299543486346593,0.3076327868505634,0.47376230882033044,0.4781916851682149,0.6900067967141625,-0.141238456769804,-0.17342403332660433,-0.1354294555838373,-0.20080146678806124,142.0,6,Syn
-0.18350453593287377,-0.25692358422186473,-0.1320742657671289,-0.1387955754240621,0.13290261938043424,0.3589109032311974,0.14446462490522616,0.33369187119276666,-0.15462804914341524,-0.1972902957076927,-0.14264629007040602,-0.21961091464181048,142.0,6,Syn
-0.16752957720382453,-0.2304649168802409,-0.130052005521897,-0.1362635129294386,0.22352163806838596,0.3774353234875092,0.35695490155705106,0.46338881605290366,-0.15011388901474956,-0.1998442927254214,-0.14435731305695407,-0.21640604111741357,142.2,6,Syn
-0.19372436983990804,-0.3227805591378774,-0.13229530351486354,-0.1371828152073608,0.02300557097160389,0.21189436792428662,0.10485459221175242,0.3099187869396613,-0.15883190323212748,-0.21108245874107343,-0.1443079134431692,-0.22627344044745817,142.2,6,Syn
-0.18175164037033817,-0.26434759232910254,-0.1320683871036253,-0.1396815801391619,-0.12581590687365019,-0.14310088571485188,-0.0429560108013622,-0.012916883834757751,-0.1594649728537843,-0.21637288113494,-0.1458782223783301,-0.22483350431466576,142.2,6,Syn
-0.16179062300508013,-0.2167658543014093,-0.1304858508884613,-0.13900115168148722,0.1907367085430701,0.2482695931548625,0.3657794151697743,0.4685935741438202,-0.14565522157206096,-0.18869878873308835,-0.1393050798289579,-0.20305841997425625,142.2,6,Syn
-0.1832118476516755,-0.28991917580958815,-0.1295875911051141,-0.13363734862683888,0.22757370800971716,0.4308193345897895,0.288163806803322,0.4860365472052703,-0.15453971384737009,-0.20262415342499004,-0.1432106432339481,-0.22175502016869575,142.4,6,Syn
-0.17389433452314204,-0.2972646229844742,-0.13174270914552694,-0.13931530694811572,0.040318960720928,0.06504623643788777,0.06043118845679328,0.057699023236596654,-0.1579802603779487,-0.21846356803607392,-0.14327501242766777,-0.2228699550426761,142.7,6,Syn
-0.15211250497761178,-0.24869759993020316,-0.12881631045344427,-0.1374795978325168,0.3860955957145216,0.632567111563076,0.6073504753180736,0.8450241863409206,-0.14351705440625043,-0.18107444162687555,-0.1399158386902979,-0.21345846025624288,142.7,6,Syn
-0.17976265370805145,-0.2889502576439169,-0.12921253237358563,-0.1340007263776396,0.10846740973422503,0.16928820133476952,0.12450919071281787,0.17361039261268438,-0.15522261363602674,-0.21278801910778794,-0.14459233546193048,-0.22205745189564588,142.8,6,Syn
-0.19482720634696457,-0.3180178026140542,-0.13331113656828236,-0.14155058681758323,-0.3037386142975554,-0.36674115935468865,-0.3106997760964884,-0.4028517332407227,-0.16841968036441138,-0.23783282659796426,-0.14221217225229674,-0.2138511701106408,143.0,6,Syn
-0.17883931111929882,-0.2774705414040215,-0.1332323624773344,-0.14073841582874172,0.11964129957244131,0.3289350231800747,0.17444791547572905,0.2678587147995518,-0.1522724412488782,-0.2002496890774418,-0.14465371073966318,-0.22165571422850316,143.0,6,Syn
-0.17708964968141733,-0.2828683321310211,-0.130818583242764,-0.13976989106664733,0.10195953982845073,0.18276050697572355,0.17615265106000513,0.22819001799851207,-0.15266881757728587,-0.20333070135279707,-0.14288280943337592,-0.21281748555136348,143.2,6,Syn
-0.18639584337366133,-0.2861678912897934,-0.13018133611897578,-0.13634892841667864,-0.09867931726655352,-0.1324914450226006,-0.05368581712592344,-0.1236234951199289,-0.16244459033961456,-0.23167659342371116,-0.1462344983807784,-0.22633212123029925,143.3,6,Syn
-0.18810992944034746,-0.3132779596955003,-0.132210650760412,-0.13950930144455914,0.14309418923287326,0.3457754052312672,0.1339353757082268,0.2879744014752563,-0.15635058741629546,-0.2064551489515831,-0.1456042790655232,-0.22632309341755447,143.3,6,Syn
-0.17504729996233753,-0.2585700904290696,-0.13108312310042514,-0.1385928946068824,0.04302034068181545,0.022945281309906446,0.11728913412058975,0.13436370322442165,-0.1556450375517298,-0.21559973237787247,-0.14448006361241944,-0.21587340016547155,143.5,6,Syn
-0.18907369858727663,-0.3127509467743075,-0.13028009766583595,-0.1361404567190081,-0.1967885258460568,-0.13771196345847028,-0.17251591520634463,-0.19339538736572928,-0.16512182931205954,-0.23067468529657498,-0.14406690320621887,-0.22447690571124693,143.6,6,Syn
-0.19123085973157786,-0.29681944436781443,-0.1315369559229016,-0.1364517165453912,-0.14656741657319466,-0.09476898922792933,-0.0559922240928852,-0.001804021964962934,-0.16122148624052804,-0.21836801032452627,-0.14523602739912703,-0.2291984517767669,143.7,6,Syn
-0.19016036447106255,-0.31955301416709414,-0.13142055838553068,-0.13817739893166403,-0.09118912737500195,-0.11598787061243192,0.008687449545825066,0.0057921114650233965,-0.159220352033967,-0.22083224100716473,-0.1446971225214741,-0.2252171863563189,143.8,6,Syn
-0.14333994185329835,-0.20833692093450576,-0.12872342757008767,-0.1379341819510484,-0.03667036816436432,-0.046437092741006776,0.31834765450138675,0.3072460733254068,-0.1504491101382029,-0.2034696943877755,-0.13396393370822005,-0.20395668734236186,143.8,6,Syn
-0.07474739206396626,0.1002995219257797,-0.03943240761419442,0.04366638252183485,-0.030776448249700796,-0.03986934374104169,0.11598551279143744,0.14195983665440798,-0.15405386971912183,-0.20835182474139297,-0.13857306737014602,-0.20014695036406466,143.9,6,Syn
-0.19124703035484847,-0.2967245165745561,-0.1326103998786555,-0.13773584429423683,-0.22908229537848407,-0.2111360292016697,-0.22225408284169393,-0.2583845289333901,-0.1672248888602111,-0.23850173057879795,-0.14547703763607736,-0.22916685443216017,144.0,6,Syn
-0.1575539197081767,-0.2112142150818876,-0.12912082522292975,-0.13524866112341744,0.3787281958211922,0.5426394714097079,0.5397627233297159,0.7818637435619602,-0.14261897889645817,-0.1757753321683228,-0.1382991240573391,-0.21038449001664525,144.0,6,Syn
-0.19479809922507746,-0.32171998655112916,-0.1319813828837723,-0.13868410097461326,-0.10346812719721764,-0.028081076305206915,-0.06712314467257022,-0.007008780055879494,-0.16264391100761386,-0.22425784018173733,-0.14468065598354582,-0.22409322366959378,144.0,6,Syn
-0.19035926313729123,-0.3229769614687567,-0.1319872615472759,-0.14102795985328415,-0.0057272886123808054,0.04012247100212283,0.05110528202516529,0.05080623549457202,-0.15707765485297467,-0.21463257250948087,-0.14283790069357152,-0.22382238928725037,144.2,6,Syn
-0.1831633357818636,-0.2774574479152962,-0.13152872579399658,-0.1385349858019739,0.2160314481768344,0.2770666464624017,0.2996958416381308,0.46367015432808834,-0.15109576980540515,-0.1987757837690247,-0.14137836664992817,-0.21129629910386805,144.3,6,Syn
-0.1775246394473971,-0.268553875582101,-0.1315816337655288,-0.13915750545474012,0.033933880813375845,0.027323780643216503,0.14707186756353074,0.23606748970368308,-0.1542950930275528,-0.20711536586773066,-0.14264179919642558,-0.21626611001986948,144.3,6,Syn
-0.1804466710723988,-0.2884101512339988,-0.1286752225293583,-0.13522839304169948,0.06549091035647014,0.10563155718126177,0.1460690819257213,0.19921217565449015,-0.15477414213302834,-0.20915103469251894,-0.1447270616813437,-0.22078904420500428,144.5,6,Syn
-0.1902525370237051,-0.28582091383857333,-0.1320295879245017,-0.13876951646185326,-0.10506439717410566,0.03220749143806234,-0.06391423063157994,0.0724692826837923,-0.16158275495127675,-0.21449937085095988,-0.14474652213525896,-0.22737483360232133,144.5,6,Syn
-0.18417723386093174,-0.28871784821904306,-0.13047291782875342,-0.13579155616943447,0.005569391224057622,0.04416416269440903,0.003272407101653973,0.014091590582971424,-0.16041514353816727,-0.22260729789136846,-0.14384984429716421,-0.2187442446183116,144.6,6,Syn
-0.1957246759384842,-0.32673151936073275,-0.13303483938361405,-0.1388447979082343,-0.13760374670297723,0.10057944256590401,-0.14554098154927012,0.03589530690978404,-0.16549895307594456,-0.22303875543744733,-0.14524950002106835,-0.22614253716265886,144.6,6,Syn
-0.18762319367990168,-0.319297691136951,-0.13333700268769813,-0.14260597478704035,-0.2698485747882401,-0.1897487439966552,-0.2634685725556628,-0.2544457930808046,-0.16929057578311282,-0.23988876524035357,-0.1462344983807784,-0.23163144731148513,144.6,6,Syn
-0.04088287281062586,0.08707182494105845,0.03164768854030533,0.1349523748594464,0.29154729708346083,0.32792460025700315,0.6793504841127929,0.816187013134491,-0.1368669921193651,-0.17329662304454077,-0.13004040680730805,-0.1946580402152384,144.6,6,Syn
-0.193205292832921,-0.3215464978255191,-0.1319872615472759,-0.13820201017375014,-0.2510617050602501,-0.19328522422740563,-0.2530396019224444,-0.2377061657073162,-0.16751933984702824,-0.23411186722406246,-0.1450788468098116,-0.22501406056956136,144.8,6,Syn
-0.18147188858775637,-0.31093749858585523,-0.13058696390072289,-0.13661096575888954,0.10367859980356092,0.06622506318147124,0.1549938741022255,0.15180667628587174,-0.15621808447222774,-0.2149192456441239,-0.1415580016091458,-0.21895639821781393,144.8,6,Syn
-0.18008768323579097,-0.2509595001074965,-0.13081623177736254,-0.13438726765040374,0.1583201490124207,0.3383656371287425,0.24494374581373418,0.4657801913919734,-0.1520346154518336,-0.197307669837065,-0.1427855071637997,-0.21214491350187736,144.9,6,Syn
-0.18779136816191616,-0.3191602095053355,-0.12956877938190264,-0.13364603494757515,0.1833693086497407,0.3577320764876139,0.2319075325222112,0.42597082545334136,-0.15297799111344387,-0.20139059023955647,-0.13977213072292377,-0.21185602349404442,145.0,6,Syn
-0.13767537252159884,-0.16549175245318515,-0.12366424975890579,-0.1247758537557181,0.0241106809556033,0.005094476335642366,0.19099387849958516,0.271656781514545,-0.15041853253572574,-0.19885107166297133,-0.1350477312954998,-0.20459314814086885,145.0,6,Syn
-0.1840979978069057,-0.31050541345792076,-0.13095614396874777,-0.13895482463756043,0.3991113355260702,0.5790146966402837,0.4309604816273893,0.6116540870752294,-0.14730301459444142,-0.1915828942088908,-0.1444920392763673,-0.21651888877672332,145.1,6,Syn
-0.19189708941032754,-0.31647277094447035,-0.13233645415938863,-0.13926608446394353,-0.1550399264505235,0.041806509207242076,-0.13110086836481386,-0.009259486257356925,-0.16473677802160638,-0.22539874134385196,-0.14546356501413604,-0.23017345555320315,145.2,6,Syn
-0.1736905846699322,-0.26763078462696827,-0.1316827467777904,-0.13888533407167025,-0.15344365647363545,-0.19463245479150104,0.13904958246105506,0.19161604222450382,-0.15738569588533718,-0.21765277533203306,-0.13886647113686817,-0.2104612264249759,145.2,6,Syn
-0.18251812791336575,-0.2881090009933172,-0.12988152428029315,-0.13592908958109212,0.47769693438825056,0.6750048743320812,0.5447766515187632,0.8235018082892926,-0.14388625064356728,-0.1791806615252944,-0.14274359233998224,-0.21272720742391568,145.3,6,Syn
-0.1503579923527491,-0.2108541441419422,-0.13005553271999915,-0.13650962535029967,-0.024636948338592955,0.008294148925368946,0.2671053084093233,0.3822227236621238,-0.15321694941428393,-0.20861533237020624,-0.1353531107261698,-0.2022143194826193,145.4,6,Syn
-0.19187121641309454,-0.2961189427210116,-0.1325821822938383,-0.13682088517668278,-0.12642985686476096,0.14689049320668346,-0.08547412184448337,0.15785544920234235,-0.16418185116183562,-0.21712286438617778,-0.14446210011649768,-0.2216376586030136,145.5,6,Syn
-0.19576186837200665,-0.33620465845347797,-0.13271739155442067,-0.1408296221964726,-0.01481374848082041,0.14352241679644495,0.03736711878717566,0.22354793645796486,-0.16094289030684722,-0.21787863901387303,-0.14357440402636384,-0.22193557642359135,145.6,6,Syn
-0.18044828813472588,-0.3056673693739272,-0.1314863994167708,-0.13870581677645394,0.10073163984622915,0.1691197975142576,0.22007466199605955,0.33031581189055054,-0.15347516027964664,-0.20617716288162624,-0.13954459310791476,-0.21869910555458769,145.8,6,Syn
-0.18405433712407498,-0.312043898383142,-0.131270064599839,-0.13957879201044934,-0.05079121795991236,-0.017808443253979473,0.04970138213223204,0.05587032444789624,-0.1585521747946512,-0.21935254432229015,-0.14256246042277113,-0.22174599235595097,145.9,6,Syn
-0.19247761478574293,-0.32822090370323415,-0.1313276755021741,-0.13781112574061785,0.08526010007023739,0.2676360325137339,0.1065593277960285,0.22762734144814273,-0.1570425472353157,-0.21256215542594797,-0.14310435921641101,-0.21882098102664221,146.3,6,Syn
-0.1947447361682844,-0.3092386184237492,-0.13356509483163706,-0.14346012965944047,-0.3100009042068854,-0.2251135463041595,-0.2988669055703368,-0.3064933739899702,-0.16930416582865823,-0.2399959057048161,-0.14596504594195195,-0.2313245016781626,146.3,6,Syn
-0.15948145800203506,-0.22684784061988036,-0.1273043182003232,-0.13365761670855683,-0.08787379742300372,-0.11935594702267042,0.42735045333127525,0.5589031604781022,-0.15167447924488034,-0.20387798642802465,-0.13735304660545952,-0.20961712593333895,146.5,6,Syn
-0.1803140719615797,-0.30758229210000043,-0.1289421138524209,-0.13471010923776855,0.08366383009334936,0.0832338490531757,0.1641192234062916,0.17670511363971583,-0.15913541424930822,-0.22372792923588206,-0.14270616839014524,-0.22383593100636756,146.6,6,Syn
-0.19649763173082002,-0.3415206148759445,-0.13308657162244558,-0.14109600269905162,-0.18107140607362074,-0.01292473245913364,-0.16409251584874515,-0.022904392603813852,-0.1655204706480581,-0.22616899441269078,-0.14503393807000717,-0.22836337909787474,146.6,6,Syn
-0.15417749356927044,-0.21934199820810954,-0.13099259168247,-0.13878833682344852,0.326910816571442,0.5167052830508714,0.39245351313550597,0.5328793700235194,-0.1416710732196661,-0.1826670701526701,-0.14058647587137707,-0.2096848345289248,146.8,6,Syn
-0.19197794252668066,-0.28525789382338596,-0.13316416998069283,-0.14127262455402248,-0.19236808591005916,0.123145554514502,-0.17993652892613465,0.07035924561990721,-0.16533474002560422,-0.2125187201025172,-0.14541117148436422,-0.2240887097632214,146.8,6,Syn
-0.1914087365875547,-0.29711732123631474,-0.133697952626818,-0.14144924640899337,-0.09610072730388822,0.1632256637963402,-0.03984737532415287,0.172625708649538,-0.1605793565885076,-0.20600052589967446,-0.1459455854880367,-0.23059324884583543,146.8,6,Syn
-0.11536314653279209,-0.05814151176673779,-0.06372774814179437,-0.019444080787553768,2.1155927206736003,2.0402546472222594,0.3762083858029927,0.19020935084858043,-0.15017957423488568,-0.21803500617822377,-0.1406598268130576,-0.21617131798604927,146.9,6,Syn
-0.18484184647735438,-0.29597818771721474,-0.12988622721109602,-0.13608544335434503,0.28012782724880025,0.3909076291284632,0.3315844249204717,0.4570587048612484,-0.14920788597838916,-0.1974900981954742,-0.1405295914676248,-0.21323727884399576,147.2,6,Syn
-0.18802745926166728,-0.30701272534045043,-0.1321824331755948,-0.1396699983781802,0.13339377937332286,0.812759199510836,0.10585737784956188,0.6262836773848327,-0.16080245983621133,-0.20404883203351898,-0.1462344983807784,-0.23125227917620436,147.2,6,Syn
-0.1906260784212565,-0.3114874251123173,-0.13096790129575495,-0.13730587141779133,0.46136586462470375,0.8722057481515456,0.47277664272404385,0.8002914005865567,-0.14472203844460974,-0.17529175223412702,-0.1462344983807784,-0.2212268931231261,147.4,6,Syn
-0.18770566385858187,-0.30413215782088726,-0.13021660809999727,-0.1379805089949752,-0.04747588800791412,0.004420861053594665,-0.021496398152239724,-0.022341716053444493,-0.16018411276389538,-0.2221845274099757,-0.14235887413565781,-0.2231769006759986,147.6,6,Syn
-0.1849518067155946,-0.2937162875399214,-0.13310891054375917,-0.13978581598799716,-0.29588005441133736,-0.3136939558934322,-0.18083903600016316,-0.148521932473773,-0.16524753723335456,-0.2275212808155018,-0.14587971933632357,-0.23176686450265682,147.7,6,Syn
-0.18448609276540065,-0.29301905926529986,-0.13304306951251907,-0.14151728925476084,-0.05680792787279804,-0.029596710689814242,0.013701377734872372,0.014654267133340781,-0.16029283312825862,-0.22245093072701771,-0.14424354424944955,-0.22301891395296494,147.8,6,Syn
-0.1808735755267433,-0.3027082409220123,-0.13004730259109415,-0.13859868548737325,0.06782392032269113,0.18023444966804467,0.1628156020771393,0.21960920060537936,-0.15397572695723574,-0.21144152408143435,-0.1434262051850093,-0.22139842156527692,147.8,6,Syn
-0.18830882810657612,-0.3134449016767477,-0.1326550777212827,-0.13965117801658494,0.10478370978756033,0.18915985215517672,0.14707186756353074,0.20385425719503736,-0.1570538722732702,-0.21465863370353933,-0.14550997071193392,-0.22936546631254534,147.8,6,Syn
-0.18458635062967851,-0.29337913020524525,-0.1300813988394149,-0.13699316387128552,0.12602637947999346,0.30737933415454827,0.2528657523524289,0.41232591910688443,-0.15204254297840175,-0.19931727746779485,-0.1441941446356647,-0.22397134819753925,148.0,6,Syn
-0.19298537235644053,-0.32602119759738596,-0.13225180140493706,-0.14080790639463192,0.02730322090937938,0.19286473620643907,0.0040746356119015425,0.09300697677227386,-0.16026905054855417,-0.22065849971344167,-0.14376900856551628,-0.2238585005382295,148.1,6,Syn
-0.19452319862947687,-0.31103242637911355,-0.13363563879368004,-0.1427565376798024,-0.22515301543537503,-0.14966863471481698,-0.20761341252967577,-0.17173234017650899,-0.16715240861730227,-0.23349508563134566,-0.14568661175516462,-0.23039012305907788,148.2,6,Syn
-0.1890963374598555,-0.3120766321049552,-0.13102198499998788,-0.13727112613484624,-0.012726318511043744,0.014188282643286332,-0.026309769213725142,-0.021779039503075137,-0.15985455415941927,-0.22042394896691558,-0.14489472097661352,-0.22220189689956235,148.3,6,Syn
-0.18564067526692318,-0.28619735163942533,-0.13194023223924725,-0.1384828678775563,0.19417482849329049,0.36059494143631665,0.23250920390489688,0.4230167735639022,-0.1520210254062882,-0.19626232638649804,-0.1424891094810906,-0.21903764853251695,148.3,6,Syn
-0.193645133785882,-0.32664641168401837,-0.1329784042139797,-0.14113653886248756,-0.06638554773412628,0.12230353541194237,-0.05318442430701871,0.11298199431038607,-0.16268354864045462,-0.21899637467015792,-0.1437914629354185,-0.22108244811920963,148.6,6,Syn
-0.18398803756866544,-0.2812185525516349,-0.13093733224553633,-0.13957589657020392,0.08366383009334936,0.1431856091554211,0.032954861980814036,0.03209724019479088,-0.15752159634079124,-0.2190948280699343,-0.14496058712832663,-0.22219738299318997,148.7,6,Syn
-0.188150355998524,-0.3145316612409465,-0.13022131103080015,-0.1363214217343471,-0.058158617853241765,0.03894364425853935,0.00387407848433965,0.005651442327431057,-0.1590448139456722,-0.2172068393448106,-0.14402947925638188,-0.21990431855601583,148.8,6,Syn
-0.18166108488002267,-0.2762463002082071,-0.1307762568655382,-0.1384264067927705,0.125658009485327,0.1977484470012849,0.23120558257574456,0.3175149203696476,-0.1509247617322921,-0.20439921030919378,-0.1408125165283926,-0.21554388500028707,149.1,6,Syn
-0.192608596834235,-0.30441694120066226,-0.13261275134405692,-0.14058785293597967,-0.13023634680964782,0.20482140746278577,-0.061808380792180075,0.2577305368929034,-0.16183417079386675,-0.20679973585080047,-0.14347710175678763,-0.21975987355209936,149.1,6,Syn
-0.19323439995480815,-0.3224368550588386,-0.13320061769441505,-0.14164324090543678,-0.22736323540337386,0.03170227997652656,-0.214632911994342,0.01732698074759523,-0.16682285001282618,-0.21667982408718403,-0.1452225547771857,-0.2250230883823061,149.1,6,Syn
-0.1849388702169781,-0.3152354362599307,-0.1295652521838005,-0.13737825742392695,0.018093971042717618,0.07296121600194826,0.083294700998849,0.0892089100572807,-0.15663824338033988,-0.21419821927517327,-0.14194571372945722,-0.2162074292370284,149.1,6,Syn
-0.17513300426567183,-0.26452435442689387,-0.1316615835891775,-0.1407847428726685,0.33869865640076907,0.42307275884624096,0.39506075579381056,0.4590280727875411,-0.15060199815058872,-0.2013819031748703,-0.1412241799765997,-0.21375186417044822,149.2,6,Syn
-0.19400573868481688,-0.3215203108480685,-0.133697952626818,-0.14270007659501663,-0.282250364608678,-0.11430383240731266,-0.24732372378693046,-0.09112892433609848,-0.16755784497607357,-0.22738518346875206,-0.14521357302922483,-0.22514947776073305,149.4,6,Syn
-0.19371628452827272,-0.31208317884931785,-0.13323588967543654,-0.14125814735279538,-0.16731892627273917,-0.05199441881790031,-0.13430978240580416,0.00016534596132981825,-0.16480812576071976,-0.22745757567447,-0.1449860354142158,-0.22636823248127835,149.6,6,Syn
-0.14381212405280058,-0.13814927462260443,-0.1184675112217401,-0.11414379717452043,-0.024636948338592955,-0.0326279794590289,-0.035836232772915026,-0.10407048499459372,-0.1592294120643306,-0.22192101978116244,-0.14161039513891763,-0.22446336399212977,149.7,6,Syn
-0.18526875093169884,-0.28415804077046186,-0.13232234536698004,-0.13941519963658286,0.05689561048091917,0.10293709605307096,0.09031420046351522,0.1769864519149005,-0.15870959282221883,-0.21990562077397516,-0.14498304149822885,-0.225357117453863,149.7,6,Syn
-0.1901070014142695,-0.3182665788998347,-0.13210601055004825,-0.13892152707473804,0.010603781151166052,-0.016966424151419846,0.07447018738612574,0.0771113642243395,-0.16129170147584596,-0.22790351166169248,-0.1462344983807784,-0.22580850809110198,150.0,6,Syn
-0.181358694224862,-0.29974583909791613,-0.13350042953309768,-0.1413334287991764,0.052966330537810156,0.16895139369374568,0.11648690561034218,0.17994050380433965,-0.1574457185864961,-0.21601671148280777,-0.14176757572823306,-0.21789111631392988,150.1,6,Syn
-0.1964943976061659,-0.3406924517140701,-0.13267976810799775,-0.13408903730512506,-0.20575219571627426,0.06167816002764926,-0.21603681188727525,0.06979656906953785,-0.16598139969280645,-0.2167232594106148,-0.14230049277391207,-0.2148081182615875,150.2,6,Syn
-0.19431459758928582,-0.31405047553029225,-0.13106666284261512,-0.13246179988719664,0.10994088971289091,0.526641108461075,0.13904958246105506,0.5566524542766247,-0.15710483494406546,-0.19648239869188056,-0.1462344983807784,-0.2274425421979072,150.2,6,Syn
-0.1845313705105584,-0.2861515244288868,-0.13191906905063436,-0.14073262494825087,0.05886025045247368,0.14082795566825415,0.1719409513812054,0.21876518577982534,-0.15494288519855048,-0.20873984696404108,-0.14383936559120986,-0.21921369088104015,150.4,6,Syn
-0.1963698838069821,-0.3351015320283725,-0.13174270914552694,-0.1348476426494262,-0.2510617050602501,-0.1870542828684644,-0.2552457303256252,-0.20549293319867046,-0.1677696231858228,-0.23013898297426227,-0.14566565434325587,-0.2255241319896414,150.5,6,Syn
-0.16353058206899926,-0.2789631991187042,-0.12908437750920757,-0.13671954476809295,0.0017629012791707608,0.015872320848405584,0.06614706659230721,0.03364460070830661,-0.1554774269900031,-0.21577347367159552,-0.1364863079272344,-0.21115185409995157,150.5,6,Syn
-0.19159793287982102,-0.30999476739763454,-0.13182383470187636,-0.13833375270491693,-0.07191109765412333,0.06555144789942355,-0.07193651573405564,0.02239106970091945,-0.16241061522575104,-0.22342967334832417,-0.14427348340931917,-0.22234182799710644,150.5,6,Syn
-0.1395932084414948,-0.1301884334776299,-0.07199785195863226,-0.019956573710993852,0.10785345974311425,0.1756875465142227,0.10194651386210499,0.1616535159173355,-0.15475375706471023,-0.20938558543904504,-0.14479891566503075,-0.20791086932457553,150.8,6,Syn
-0.18451034870030658,-0.27683878057302636,-0.13168039531238898,-0.13723927629214658,0.1708447288310807,0.33213469576980126,0.17454819403951,0.310622132627623,-0.1546518317231197,-0.20459032573228914,-0.14532434792074236,-0.22310467817404037,151.2,6,Syn
-0.17120677693556438,-0.2825049878188944,-0.1303565202913825,-0.13686431678036415,0.10146837983556209,0.14739570466821925,0.23030307550171605,0.30935611038929195,-0.151899847500175,-0.2048393549199588,-0.1353590985581437,-0.20853378840396536,151.5,6,Syn
-0.18597379010629805,-0.270629193545059,-0.13189437866391931,-0.13708292251889367,0.05394865052358741,0.1359442448734083,0.13844791107836937,0.26757737652436714,-0.15746836866240507,-0.21245501496148544,-0.14414624197987333,-0.22247273128190576,151.6,6,Syn
-0.1922770990571872,-0.299317027342163,-0.1327844083183615,-0.1402085502638291,-0.15025111651985937,0.15901556828354207,-0.13982510341375617,0.11804608326371029,-0.16440835192092573,-0.2129328035192238,-0.14477646129512856,-0.22138036593978738,151.6,6,Syn
-0.17457673482516237,-0.2802103539197878,-0.12968635265197426,-0.13613611355863997,0.21983793812172125,0.32725098497495547,0.31223066211074907,0.44102242317572166,-0.15030188464479433,-0.19629997033347135,-0.1400745162376068,-0.21242477569696555,151.6,6,Syn
-0.17692956051103814,-0.2722135056808187,-0.13231411523807501,-0.13998994452529956,0.07838386016979662,0.12365076597603777,0.11558439853631367,0.06318511960269789,-0.15643439269715878,-0.21855333437116417,-0.1440639092902319,-0.22213418830397652,151.7,6,Syn
-0.19023313227578037,-0.2785965814343962,-0.13180149578056274,-0.138187532972523,0.1401472292755415,0.43048252694876565,0.15880445952590144,0.4065584844655985,-0.15567335014661604,-0.2006000673531166,-0.1462344983807784,-0.22704983234350926,151.8,6,Syn
-0.1860659626589406,-0.2907375188549186,-0.13150638687268298,-0.13971487770198426,0.06856066031202407,0.15430026130920818,0.1415565465555787,0.2257986426594423,-0.15302782128044368,-0.20165120218014101,-0.1434950652527094,-0.21184699568129964,151.8,6,Syn
-0.18354657955337741,-0.297415198104815,-0.13168862544129398,-0.13829611198172642,-0.2996865443562242,-0.2682249243552124,-0.24531815251131153,-0.26035389685968285,-0.1690255698949774,-0.23868705462543588,-0.1434112356050745,-0.22591232793766697,152.0,6,Syn
-0.18862577232268035,-0.302695147433287,-0.13082093470816542,-0.13716399484576555,-0.16474033631007387,-0.07018203143318824,-0.12287802613477629,-0.08578349710758959,-0.16453858985740252,-0.22881275776550972,-0.14401600663444053,-0.2273838614150661,152.2,6,Syn
-0.1766562769777646,-0.279316723314287,-0.13229530351486354,-0.13959616465192187,0.21590865817861224,0.3294402346416105,0.2622919373478379,0.38602079037711695,-0.1540504722077355,-0.20574860102377607,-0.14562972735141236,-0.22400745944851838,152.5,6,Syn
-0.19258919208631026,-0.32560220595817674,-0.13041648265911904,-0.13285413204045163,-0.045756828032803926,0.00964137948946435,-0.04706743191638099,-0.021216362952705778,-0.16290551938436293,-0.22613424615394617,-0.14546356501413604,-0.22642691326411943,152.7,6,Syn
-0.19475605560457385,-0.33223733136971595,-0.13159339109253598,-0.13761568352405174,-0.08419009747633902,0.025808146258609176,-0.07504515121126497,-0.004758073854402063,-0.1621875119780473,-0.22091042458934007,-0.14492915101046355,-0.22626892654108577,152.9,6,Syn
-0.18194568784958565,-0.2597714180196147,-0.1307257003594074,-0.1370380431950896,0.09999489985689622,0.1576683377194467,0.12440891214903692,0.21482644992723982,-0.1565227279932039,-0.2106481055067658,-0.14477197042114812,-0.22895018692628546,153.3,6,Syn
-0.19610306852301682,-0.3340802399078001,-0.13236702320960725,-0.13870726449657664,-0.21054100564693837,-0.09156931663820275,-0.1645939086676499,-0.07002855369724757,-0.16632454834282798,-0.2279730081791817,-0.1457479870328973,-0.2298800516389978,153.3,6,Syn
-0.16905770110289847,-0.25618707548106734,-0.13149110234757366,-0.1393370227499564,0.025461370936047025,0.09754817379668936,0.20423064891867004,0.23015938592480484,-0.1534049450443287,-0.2082417885887017,-0.14056701541746183,-0.21628867955173142,153.5,6,Syn
-0.18872117899997704,-0.29609602911574234,-0.13200724900318808,-0.13820345789387284,0.041424070704927415,0.20532661892432152,0.11939498395998961,0.30752741160059155,-0.1589225035357635,-0.21376386604086567,-0.1462344983807784,-0.2304172064973122,153.5,6,Syn
-0.1754305437338513,-0.2510380610398482,-0.13101375487108288,-0.1374072118263812,-0.03274108822125531,0.020250820181715642,0.20493259886513668,0.3550735801068023,-0.15259860234196795,-0.20223902689057063,-0.14235887413565781,-0.20883170622454308,153.8,6,Syn
-0.1947269484826867,-0.3252355882738687,-0.13275854219894576,-0.13964828257633952,-0.1271665968540939,0.3176519672057757,-0.14634321005951767,0.14800860957087858,-0.16486701595808317,-0.21734293669156032,-0.14518213691136173,-0.22609288419256257,153.8,6,Syn
-0.1903172195167876,-0.31476407066582035,-0.13281850456668226,-0.14125090875218183,-0.23964223522558953,0.07969736882242527,-0.1965827705137717,0.030268541406090463,-0.16749442476352833,-0.22485145626862438,-0.1458931919582649,-0.22994776023458366,153.8,6,Syn
-0.19308724728304547,-0.3149899333463316,-0.13249988100478818,-0.135638097836427,-0.16056547637052054,-0.12205040815086123,-0.17121229387719233,-0.17932847360649531,-0.16587947435121592,-0.23134938065386612,-0.14537674145051419,-0.22601614778423193,153.9,6,Syn
-0.1815220175198953,-0.28732993841416266,-0.13115719426057026,-0.13666018824306175,-0.058649777846130395,-0.019155673818074877,0.0376679544785185,0.11931210550204134,-0.15948196041071608,-0.2155707754955853,-0.1462344983807784,-0.23228144982910928,154.0,6,Syn
-0.1872609717186397,-0.3166757200197123,-0.13061518148554008,-0.13864790797154544,0.6211156523117297,0.9319891044332791,0.6434507582792142,1.0280347343485543,-0.14591343243742366,-0.18586680564540278,-0.14031552647455714,-0.21220359428471844,154.1,6,Syn
-0.17587685293612054,-0.26918890978527743,-0.12518799933903402,-0.12720078496126086,-0.08762821742655941,-0.15236309584300778,0.18377382190735705,0.22453262042111125,-0.1534989428593511,-0.21133727930520055,-0.13702221888890037,-0.20554558238544315,154.3,6,Syn
-0.18060999436743214,-0.29207305470489786,-0.13164394759866677,-0.1380528950011108,-0.06012325782479627,-0.08348593325363034,0.007383828216672765,-0.023045061741406192,-0.1606042716720075,-0.22325593205460115,-0.1437749963974902,-0.21970570667563066,154.4,6,Syn
-0.19534143216697042,-0.3183844202983622,-0.1329008058557324,-0.13935584311155166,-0.18058024608073212,-0.05519409140762689,-0.16138499462665962,-0.037533982913417155,-0.165934967037193,-0.22746047136269873,-0.14597103377392587,-0.23029984493163008,154.4,6,Syn
-0.18834278641544444,-0.3253010557174951,-0.13238701066551942,-0.14076157935070513,-0.15749572641496662,-0.19749531974020376,-0.11305072688424356,-0.1649802215720767,-0.1635691666084969,-0.23113799541316976,-0.1456417030153602,-0.22734775016408698,154.5,6,Syn
-0.18207505283575065,-0.294200746622757,-0.12988975440919817,-0.13748973187337576,0.7831984499649767,1.1657336073038314,0.9428825497291193,1.3569191780394436,-0.13416030804823842,-0.15851123894871,-0.14350704091665722,-0.20888587310101178,154.5,6,Syn
-0.18105953769435545,-0.2956966777096211,-0.1306245873471458,-0.13852919492148305,0.5152706738442305,0.7923823372288931,0.578570527512942,0.7907258992302776,-0.1442611093998614,-0.18718144810124043,-0.14160141339095675,-0.21960640073543808,154.6,6,Syn
-0.18001814955572729,-0.2887734955461255,-0.13255043751091897,-0.14011589617597553,-0.13121866679542507,-0.20069499232993035,0.06624734515608816,0.0304092105436828,-0.15938343258051188,-0.22321539241939908,-0.14180200576208313,-0.21424839387141112,154.6,6,Syn
-0.191804916857685,-0.30813876537082513,-0.13268094384069848,-0.14083686079708616,-0.18757927597939505,-0.12087158140727775,-0.17371925797171597,-0.15485204366542826,-0.16537324515464955,-0.2318966657290937,-0.14300406303084784,-0.22148418578635234,154.6,6,Syn
-0.18691492038064836,-0.29187665237401855,-0.13138998933531207,-0.13887085687044312,0.03614410078137467,0.16204683705275674,0.1054562635944381,0.20174422013115226,-0.15797686286656235,-0.21238551844399622,-0.1429531664590695,-0.22143904672262843,154.7,6,Syn
-0.181306948230396,-0.2957425049201596,-0.13129945791735692,-0.13962801449462156,0.5848926028361934,0.8644591724079971,0.6469605080115473,0.9332237356113174,-0.14539134818772098,-0.18432919519595387,-0.145048907649942,-0.22152481094370385,154.9,6,Syn
0.11272187763702976,0.5774393445639657,0.17405008178565234,0.4443026584006909,31.704053012270283,39.8019485320728,3.0135346132418763,3.7852905002959996,-0.12606403841456282,-0.15584431009006133,-0.1443468343509997,-0.22120432359126416,155.1,6,Syn
-0.16608877467041194,-0.25226557560784385,-0.1211634663044824,-0.11980583057444746,0.2927751970656824,0.3674994980773056,0.3281749537519195,0.4216100821879788,-0.1506892009428384,-0.1990277086449231,-0.14017481242316998,-0.21731785020463634,155.1,6,Syn
-0.18875352024651829,-0.3065871869568786,-0.12782751925214192,-0.1282923659337858,-0.23129251534648287,-0.11834552409959888,-0.2087164767312662,-0.06201041285448422,-0.1661795878570103,-0.2256217093374632,-0.1417271578624091,-0.21858625789527794,155.1,6,Syn
-0.19221079950177766,-0.28394199820649463,-0.13111957081414732,-0.13021349053662476,-0.2309241453518164,-0.06664555120243781,-0.19096717094203872,0.03097188709405216,-0.16566769614146667,-0.22014306720872998,-0.14570906612506682,-0.230426234310057,155.1,6,Syn
-0.18450873163797954,-0.30159856775254423,-0.12986036109168025,-0.13667321772416616,0.15672387903553267,0.267467628693222,0.24133371751762014,0.2993686016202358,-0.15264390249378595,-0.20442816719148096,-0.14371661503574448,-0.22095154483441032,155.1,6,Syn
-0.18765068373946173,-0.2973824643830018,-0.1305963697623286,-0.13598844610612332,-0.05226469793857824,-0.04812113094612602,0.02132254858222428,0.07879939387544757,-0.16015240265762276,-0.22102625211848878,-0.1447360434293046,-0.22717622172193616,155.5,6,Syn
-0.1715495941489016,-0.2535454641307407,-0.1220922951380482,-0.11939467805959722,0.07543690021246485,0.10108465402743978,0.157801673888092,0.21313842027613175,-0.15132680057967704,-0.204735110143725,-0.14321513410792855,-0.20994212719215102,155.5,6,Syn
-0.1912373279808861,-0.30851847654385844,-0.1305011354135706,-0.13478249524390415,-0.02021650840259531,0.047027027643111764,0.028843440865795242,0.0977897274504134,-0.1583188790127884,-0.21465863370353933,-0.14478394608509595,-0.22184529829614355,155.5,6,Syn
-0.18579753031264826,-0.2984495837141127,-0.1317485878090305,-0.13838152746896643,0.3919895156291851,0.5827195806915462,0.4674618788436537,0.7286908095520559,-0.14729621957166872,-0.18631563732085396,-0.13950866611607124,-0.21668590331250173,155.5,6,Syn
-0.1814832080240458,-0.29453463058525187,-0.1301096164242321,-0.1391068352504452,0.02153209099293801,0.026650165361168803,0.08058717977676345,0.1031351546789223,-0.15812522086376637,-0.2180784415016545,-0.1433109394195113,-0.22092897530254837,155.6,6,Syn
-0.15463188808317496,-0.1899372959032961,-0.1297545451486158,-0.1354354170192473,0.554809053271765,0.8366725420235294,0.8649661056713241,1.190085580854929,-0.13729281354645448,-0.164453191194038,-0.13866438180774832,-0.20528377581584453,155.6,6,Syn
-0.19391356613217434,-0.3339591251370912,-0.13242698557734378,-0.1403996493200271,-0.18352720603806388,-0.06698235884346165,-0.2144323548667801,-0.13136029768750757,-0.16746611216864207,-0.23483289359301307,-0.14464023811772184,-0.22601614778423193,155.7,6,Syn
-0.1815349540185118,-0.3015331003089178,-0.1278475067080541,-0.1338675361263501,-0.03863500813591883,-0.055699302869162665,0.045389403889651354,0.06923389251916849,-0.15941854019817084,-0.22039209639639967,-0.14007002536362637,-0.21790917193941944,155.8,6,Syn
-0.18650095242492037,-0.3052745647121686,-0.13158751242903238,-0.13821938281522267,-0.13392004675631253,-0.1651617862019141,-0.07063289440490333,-0.11419866290124216,-0.16078433977548415,-0.22559275245517604,-0.14263730832244514,-0.22368697209607868,155.9,6,Syn
-0.1869472616271896,-0.3167771945573333,-0.13033653283547034,-0.13744050938920357,0.2980551669892352,0.5306828001533612,0.2616902659651522,0.3958676300085807,-0.15295534103753486,-0.20331332722342477,-0.14407738191217323,-0.22031057012953092,156.2,6,Syn
-0.19566322757005583,-0.3251930344355115,-0.13291373891544028,-0.14055310765303458,0.22425837805771892,1.1133600191246227,0.1812668578128334,0.9577001655523845,-0.158579354885742,-0.1912006633627001,-0.14596504594195195,-0.2282008784684687,156.3,6,Syn
-0.18543692541371334,-0.31265601898104917,-0.13217067584858763,-0.14066602982260612,-0.1624073263438529,0.39040241766692746,-0.1583766377132312,0.3073867424629992,-0.16627811568721448,-0.2132658076655263,-0.14577044140279952,-0.2306067905649526,156.3,6,Syn
-0.19627286006735836,-0.3389444709692443,-0.1321894875717991,-0.13867251921363155,-0.20182291577316525,-0.17156113138136728,-0.11736270512682424,-0.0323292248225006,-0.1642237538022673,-0.22510627683275153,-0.1460593542955412,-0.23256582593056987,156.4,6,Syn
-0.1838053095257074,-0.2954970020065604,-0.13171214009530832,-0.13928345710541606,-0.053860967915466275,-0.03549084440773163,0.012297477841939127,-0.0026480367905169708,-0.15758728156092738,-0.22000407417375156,-0.14352500441257898,-0.2248921850975068,156.5,6,Syn
-0.18199743384405165,-0.2779222667650439,-0.12965813506715707,-0.13631273541361083,0.1719498388150801,0.32152525507755,0.17103844430717688,0.2913504607774725,-0.15596327111825137,-0.20796669820697355,-0.14277203454185838,-0.22186335392163312,156.5,6,Syn
-0.189938826932255,-0.3072484081375056,-0.13037885921269612,-0.13388346104769994,-0.040108488114584714,0.031533876156014634,0.014704163372681834,0.0757046728484161,-0.15778773473272212,-0.21012398593736797,-0.14257743000270592,-0.21899250946879303,156.7,6,Syn
-0.18377781946614732,-0.28798133947824567,-0.129007954883661,-0.13275713479222992,0.2897054471101285,0.4606268108204003,0.29478219201286443,0.40627714619041383,-0.15483869484936902,-0.21042803320138329,-0.14440970658672586,-0.22329426224168075,156.9,6,Syn
-0.1886969230650711,-0.2938013952166358,-0.13160514841954313,-0.13665005420220275,0.06806950031913545,0.20162173487305918,0.1732445727103577,0.3445233947873768,-0.15676281879783943,-0.21062494000093607,-0.14483334569888082,-0.2240480846058699,156.9,6,Syn
-0.19482073809765632,-0.3168950359558608,-0.13289492719222884,-0.13887375231068855,-0.2198730455118223,-0.09527420068946511,-0.18174154307419166,-0.03457993102397803,-0.16458275750542511,-0.2178902217667879,-0.1462344983807784,-0.23284568812565806,157.0,6,Syn
-0.18124388279964057,-0.2606126746702144,-0.1282672432822098,-0.1284255561850753,0.12074640955644071,0.2556793612573872,0.20272647046195585,0.40360443257615936,-0.15134039062522245,-0.19115143666281192,-0.1456117638554906,-0.22034216747413768,157.1,6,Syn
-0.18904135734073538,-0.3243354109240052,-0.1312688888671383,-0.14029396575106912,-0.10825693712788174,-0.09645302743304858,0.003272407101653973,-0.012494876421980732,-0.15853745224531035,-0.21800894498416531,-0.14245318248924707,-0.21719597473258181,157.1,6,Syn
-0.18420634098281885,-0.2864363078086618,-0.13116424865677456,-0.1383409913055305,-0.09953884725410861,-0.1265973113046832,-0.019891941131744587,-0.017840303650489633,-0.16078773728687049,-0.22406672475864198,-0.1438573290871316,-0.22375016678529214,157.1,6,Syn
-0.18837997884896687,-0.30603726043041657,-0.13111134068524233,-0.1371249064024523,0.29940585696967886,0.5121583798970494,0.24634764570666745,0.38250406193730846,-0.15409690486334895,-0.20473221445549628,-0.1441192967359907,-0.22060848795010868,157.1,6,Syn
-0.18835410585173387,-0.298361202665217,-0.13060695135663505,-0.1371582039652747,-0.12753496684876037,-0.14865821179174543,-0.09780838518953974,-0.13445501871453905,-0.16254991319259146,-0.22859558114835593,-0.1453288387947228,-0.22406162632498705,157.2,6,Syn
-0.19252450959322776,-0.3248591504730167,-0.13338991065923037,-0.14153031873586525,-0.2950205244237823,-0.2801815956115591,-0.28442679238588053,-0.2855336724887116,-0.16854199077432003,-0.23910692941859987,-0.14124513738850844,-0.21848243804871298,157.4,6,Syn
-0.1958960845451528,-0.3287708302296962,-0.13327468885456017,-0.1413913376040849,-0.16314406633318584,0.0958641355915701,-0.1602819304250692,0.07204727527101527,-0.16449328970558452,-0.21807265012519708,-0.14581385318461043,-0.22876060285864508,157.4,6,Syn
-0.1815220175198953,-0.29976547933100406,-0.13092557491852916,-0.13764029476613784,0.10895856972711367,0.21879892456527555,0.2188713192306882,0.2992279324826435,-0.15358388064400988,-0.2053837443069577,-0.14012241889339816,-0.2144379779390515,157.5,6,Syn
-0.18493725315465107,-0.2937293810286467,-0.13101257913838216,-0.1367658718120197,0.42698466512249983,0.7464080942291375,0.5647320857111715,0.856840393898677,-0.14242305573984523,-0.1756073822510572,-0.14308040788851534,-0.21688000128651452,157.5,6,Syn
-0.19031883657911466,-0.320996571299057,-0.13217890597749266,-0.13850603139951967,-0.0020435886657161006,0.09552732795054625,0.062135924041069365,0.16151284677974317,-0.1593256748869439,-0.2171402385155501,-0.14468065598354582,-0.22606580075432822,157.7,6,Syn
-0.1682475528770402,-0.2426582282556645,-0.129965001302044,-0.13582630145237956,0.1306923994124354,0.09064361715570042,0.23511644656320146,0.31231016227873104,-0.14857141884534597,-0.19692833467910303,-0.13678120865195004,-0.20100459257481879,157.8,6,Syn
-0.18071025223171,-0.27797464071994504,-0.13075156647882316,-0.13790812298883956,-0.04379218806124942,-0.002988907048930048,0.10635877066846662,0.13084697478461318,-0.15594175354613782,-0.21232760467942188,-0.14615815352311093,-0.22405711241861467,157.8,6,Syn
-0.19171112724271538,-0.29095028804670453,-0.13188967573311647,-0.13637643509901018,-0.1865969559936178,-0.15034224999686469,-0.1485493384626985,-0.1454272114467415,-0.16531322245349067,-0.2325829438392997,-0.1450384289439876,-0.22851233800816362,157.9,6,Syn
-0.18199743384405165,-0.28375214261997794,-0.1306516291992623,-0.13589579201826976,0.10036326985156269,0.20229535015510688,0.13012479028455085,0.19246005705005786,-0.15398931700278115,-0.20446291545022557,-0.1405999484933184,-0.21527756452431604,157.9,6,Syn
-0.18808082231846032,-0.30582776461081196,-0.1330160276604026,-0.14117128414543265,-0.08725984743189293,0.2991275469494639,-0.09339612838317811,0.2595592356816038,-0.16359068418061046,-0.21151681197538102,-0.1462344983807784,-0.22681510921214496,158.1,6,Syn
-0.18772345154417955,-0.3095103083147989,-0.13189673012932077,-0.13893021339547432,-0.11574712701943331,-0.10756767958683565,-0.09459947114854947,-0.14191048300693304,-0.16189872351020743,-0.22722881630440134,-0.14275856191991707,-0.2179723666286329,158.3,6,Syn
-0.18360155967249753,-0.2869731408463986,-0.12991091759781107,-0.13736522794282252,-0.025373688327925897,-0.0038309261514896742,0.07888244419248737,0.08470749765432584,-0.1571818452021561,-0.2136538298881744,-0.1409876606136298,-0.2189654260305587,158.5,6,Syn
-0.19537700753816578,-0.3198705312686823,-0.13243874290435093,-0.13849155419829254,-0.138217696694088,0.2017901386935711,-0.14503958873036538,0.09961842623911381,-0.16603349486739719,-0.22484566489216695,-0.14506088331388983,-0.2236734303769615,158.5,6,Syn
-0.18579106206334,-0.2900893911630169,-0.1316521777275718,-0.13900549484185534,-0.03384619820525472,-0.0011364650232988697,-0.0038473709267932035,0.06051240598844344,-0.16119770366082356,-0.2235831448244462,-0.14556386119969922,-0.2298394264816463,158.6,6,Syn
-0.19482558928463753,-0.3173271210837953,-0.13277970538755865,-0.13951219688480457,-0.1749319061625129,-0.02690224956162344,-0.12157440480562398,0.04799285274272523,-0.1648251133176515,-0.22347890004821236,-0.1460833056234369,-0.2317849201281464,158.8,6,Syn
-0.18265557821116604,-0.2926164344869973,-0.12721848971317093,-0.13077375822411433,0.2766897072985799,0.43587144920514725,0.41371256865706657,0.608137358635421,-0.146203353409059,-0.18953853831941636,-0.13908053612993584,-0.2087820532544468,158.9,6,Syn
-0.16725629367055098,-0.24381045526348974,-0.12878221420512348,-0.1363561670172922,0.36951894595453044,0.5020541506663339,0.38112203542825906,0.44594584299145357,-0.15303914631839818,-0.20859216686437648,-0.14234540151371647,-0.22300537223384778,159.2,6,Syn
-0.1893550674321855,-0.31506522090650196,-0.1322035963642077,-0.13971487770198426,-0.08419009747633902,-0.10470481463813293,-0.055591109837761415,-0.08100074642945004,-0.16258388830645498,-0.22931950320553526,-0.14548003155206432,-0.2258536471548259,159.3,6,Syn
-0.18769272735996537,-0.2965182941271328,-0.13058226096992,-0.13727981245558252,0.20203338837950852,0.3887183794618082,0.23762341065772513,0.3560582640699486,-0.15322034692567027,-0.20437314911513532,-0.14337530861323095,-0.22210259095936977,159.3,6,Syn
-0.1699810436916511,-0.24979745298312725,-0.13045175464014053,-0.13531380852893948,0.7624469402654321,1.060818027124902,0.9813895182210026,1.3901170945112358,-0.13942645069708323,-0.17082080960898743,-0.13665396722250422,-0.2048007878339988,159.5,6,Syn
-0.18683406726429524,-0.30852829666040243,-0.13236232027880437,-0.13961932817388528,0.3821663157714126,0.5465127592814821,0.4529214870954165,0.6117947562128218,-0.14698704603551074,-0.19097769536908887,-0.13815391913197153,-0.21650986096397853,159.6,6,Syn
-0.19379713764462583,-0.3196021147498139,-0.1322553286030392,-0.1383395435854078,-0.1260614868700945,0.0832338490531757,-0.10723457018494868,0.05629233186067326,-0.16352499896047434,-0.22096833835391444,-0.1462344983807784,-0.22896372864540263,159.6,6,Syn
-0.19396531212664034,-0.3128000473570273,-0.13273150034682926,-0.14033450191450506,0.0187079210338284,0.29845393166741624,0.03806906873364228,0.2913504607774725,-0.15888852842190002,-0.20564435624754224,-0.1462344983807784,-0.23035852571447113,159.8,6,Syn
-0.18170959674983456,-0.3006132827259664,-0.1281014649714088,-0.1342482865186234,-0.05791303785679745,-0.07405531930496252,0.12922228321052234,0.17600176795175412,-0.15637097248461354,-0.2148729146324644,-0.13993979001819357,-0.21405429589739836,159.9,6,Syn
-0.18051782181478956,-0.3056542758852019,-0.1303118424487553,-0.1392878002657842,0.025829740930713496,0.017219551412500988,0.029745947939823755,0.0038227435387306443,-0.1587447004398778,-0.2224161824682731,-0.1434247082270158,-0.22597100872050804,160.0,6,Syn
-0.17584936287656047,-0.25993508662868076,-0.1274924354324378,-0.1299094693108552,0.286144537161686,0.4112844914104062,0.3069158982303589,0.4518539467703318,-0.14840494078741476,-0.19247187049510703,-0.14260587220458207,-0.20479176002125402,160.1,6,Syn
-0.18134414066391844,-0.2868716663087776,-0.13032007257766032,-0.1383525730665122,0.16053036898041953,0.20195854251408304,0.29387968493883593,0.37040651610436726,-0.15024978947020362,-0.19949101876151787,-0.13973320981509327,-0.21289422195969412,160.1,6,Syn
-0.17985644332302106,-0.30750700453983004,-0.13194493517005013,-0.14063273225978373,-0.15344365647363545,-0.04172178576667286,-0.15326243096040296,-0.05244491149820514,-0.16387834014465488,-0.22197893354573678,-0.14234540151371647,-0.22121335140400894,160.2,6,Syn
-0.19659627253277082,-0.33868914793910115,-0.13365797771499366,-0.14338774365330487,-0.24615010513136384,-0.09274814338178623,-0.21563569763215146,-0.06454245733114633,-0.1674672446724375,-0.2268060458230086,-0.1462344983807784,-0.23288631328300957,160.2,6,Syn
-0.1927929419395201,-0.3168001081626025,-0.13240464665603016,-0.13917343037608995,-0.09131191737322411,0.06218337148918504,-0.062410052174865754,0.06431047270343661,-0.16233360496766042,-0.21835353188338266,-0.1462344983807784,-0.23108977854679832,160.3,6,Syn
-0.1939362050047532,-0.33026676131656024,-0.1301684030592679,-0.13222003062670373,-0.1931048258993921,-0.18941193635563133,-0.16188638744556433,-0.21533977283013422,-0.1642622589313126,-0.23041696904421913,-0.14473304951331764,-0.22828212878317172,160.3,6,Syn
-0.19232722798932614,-0.2898013344110606,-0.13300662179879685,-0.14102651213316145,-0.19580620586027955,0.03254429907908619,-0.17803123621429667,0.05615166272308092,-0.16538004017742225,-0.21853306455356314,-0.14456988109202826,-0.21963348417367243,160.4,6,Syn
-0.19029458064420873,-0.30554298123103696,-0.13222711101822202,-0.13887520003081125,-0.13760374670297723,0.19926408138589222,-0.15536828079980283,0.07007790734472252,-0.16551254312148997,-0.2224451393505603,-0.14466269248762406,-0.22603871731609387,160.5,6,Syn
-0.190742506908805,-0.29515657129970296,-0.13206133270742101,-0.13719729240858794,-0.18279046604873095,0.10091625020692786,-0.21142399795335173,0.09793039658800574,-0.16684436758493976,-0.2257578066842129,-0.14390223782693604,-0.2226397458176842,160.5,6,Syn
-0.1853560722973602,-0.29715005495812796,-0.13172860035311834,-0.13791101842908499,0.0411784907084831,0.1165778055145369,0.14316100357607386,0.24774302812384727,-0.15619996441150052,-0.2114473154578918,-0.14470760122742846,-0.22044598732070264,160.6,6,Syn
-0.18767332261204062,-0.3045609695766404,-0.1330607055030298,-0.14286077352863766,-0.23853712524159013,-0.20524189548375232,-0.22947413943392203,-0.22462393591122862,-0.16670506961809933,-0.2309295058607021,-0.14302801435874352,-0.22342516552648006,161.0,6,Syn
-0.1879999692021072,-0.2917260772536778,-0.13200372180508593,-0.13737536198368153,0.221188628102165,0.34964869310304153,0.19931699929340368,0.30246332264726733,-0.15255330219014993,-0.20100256801690833,-0.1451626764574465,-0.22275710738336632,161.2,6,Syn
-0.1837535635312414,-0.3040601436328982,-0.12939594667489737,-0.13356641034082598,-0.01604164846304198,4.236172028460741e-05,0.019116420179043466,0.06923389251916849,-0.1577197845049951,-0.21749930385591104,-0.14346063521885932,-0.21970119276925829,161.3,6,Syn
-0.1839039503276582,-0.3091175036530403,-0.1315087383380844,-0.138293216541481,0.088084270029347,0.14823772377077887,0.12270417656476083,0.13464504149960635,-0.1582271462053569,-0.22014885858518743,-0.14244120682529923,-0.22478385134456946,161.4,6,Syn
-0.18458635062967851,-0.3039095685125574,-0.13114190973546094,-0.13666597912355258,-0.22478464544070856,-0.27277182750903434,-0.09078888572487351,-0.0943643145007223,-0.1613619167111639,-0.22364974565370668,-0.1440279822983884,-0.22477482353182468,161.4,6,Syn
-0.1852833044926424,-0.30497341447148696,-0.1276817283972531,-0.12893949682863812,-0.06454369776079392,-0.07978104920236798,-0.01016492044499281,-0.022060377778259817,-0.16166882523973097,-0.22609660220697286,-0.14406690320621887,-0.22755087595084456,161.4,6,Syn
-0.1869941564346744,-0.28975223382834076,-0.13174506061092836,-0.13795589775288908,0.35024091623365183,0.7245155975625871,0.2655008513888282,0.6179841982668847,-0.15758388404954105,-0.21515379639065,-0.14498154454023537,-0.2214164771907665,161.5,6,Syn
-0.1950891704439487,-0.31811600377949384,-0.13332524536069096,-0.1411061367399106,-0.21066379564516052,0.23479728751390846,-0.20901731242260901,0.20554228684614542,-0.16783983842114072,-0.22758209026830484,-0.1453752444925207,-0.22791198846063573,161.5,6,Syn
-0.15728548736188433,-0.25901854241791067,-0.12701861515404916,-0.13380383644095076,0.29044218709946146,0.4245883932308483,0.3209548971596914,0.39811833621005815,-0.15004254127563618,-0.20339730218205757,-0.13802218682854525,-0.21874875852468398,161.5,6,Syn
-0.19359015366676185,-0.30562481553557,-0.13355686470273206,-0.14295632305673667,-0.2557277249926921,-0.11615627443294384,-0.24511759538374964,-0.16877828828706987,-0.16787494603879968,-0.23213990354030595,-0.1460458816735999,-0.22859810222923904,161.5,6,Syn
-0.17710258618003383,-0.25152252012268383,-0.1295229258065747,-0.13442346065347155,0.11841339959021974,0.24877480461639825,0.19490474248704207,0.2639199789469663,-0.15414220501516698,-0.2066868040098805,-0.14291873642521946,-0.20993309937940627,161.6,6,Syn
-0.1612844824967096,-0.23786601138220942,-0.13087854561050052,-0.13890270671314278,0.16495080891641717,0.2203145589498829,0.2730217436723991,0.3380526144581292,-0.14902895037870798,-0.1957729550758448,-0.13394447325430478,-0.1978674276460077,161.6,6,Syn
-0.16910944709736447,-0.23881856268697405,-0.13024952861561734,-0.1350039964226791,0.41617914527895,0.6285254198707898,0.5085760899938416,0.7009789894463649,-0.14253857112698118,-0.17884765737899191,-0.14216426959650535,-0.21690257081837647,161.7,6,Syn
-0.1838344166475945,-0.2824231535143613,-0.1309784828900614,-0.1376359516057697,-0.08713705743367077,-0.10857810250990721,-0.03824291830365773,-0.08240743780537343,-0.16098819045866522,-0.22512365096212383,-0.14337530861323095,-0.21558451015763858,161.9,6,Syn
-0.17926944969829742,-0.2757683878697342,-0.13082093470816542,-0.1374926273136212,0.052229590548477214,0.10596836482228561,0.22448691880242116,0.3047140288487447,-0.15265069751655866,-0.20441368875033736,-0.14364775496804438,-0.21588242797821633,162.0,6,Syn
-0.186491250050958,-0.2858340073272986,-0.13104079672319935,-0.13750131363435747,-0.18586021600428485,-0.19075916691972675,-0.13260504682152807,-0.13951910766786327,-0.16382624497006418,-0.23168238480016862,-0.14537075361854027,-0.22610191200530735,162.2,6,Syn
-0.19245174178850993,-0.3124006959509061,-0.132210650760412,-0.1376214744045426,-0.1234828969074292,-0.05620451433069844,-0.08637662891851189,-0.026561790181214677,-0.16147969710589075,-0.2184925249183611,-0.14449653015034775,-0.225623437929834,162.2,6,Syn
-0.1864961012379392,-0.3092386184237492,-0.13093733224553633,-0.13551214618575105,-0.10985320710476978,-0.129291772432874,-0.07253818711674132,-0.07903137850315729,-0.16149555215902706,-0.22382927832388716,-0.1426807201042561,-0.21841924335949953,162.3,6,Syn
-0.19156882575793388,-0.324017893822417,-0.1320237092609981,-0.14015643233941147,-0.24136129520069974,-0.24953210027838868,-0.20129586301147617,-0.25064772636581145,-0.1657197913160574,-0.23526724682732067,-0.1457869079407278,-0.23090470838553034,162.3,6,Syn
-0.19387799076097897,-0.3276546103158655,-0.13100670047487858,-0.1375896245618429,0.3610464360772016,0.6802253927679509,0.5438741444447347,0.9291443306211395,-0.15319429933837492,-0.19956630665546454,-0.1462344983807784,-0.22606580075432822,162.4,6,Syn
-0.19404778230532052,-0.32999834479769186,-0.132914914648141,-0.14176919255611276,-0.17247610619806977,-0.18553864848385707,-0.14253262463584174,-0.20507092578589345,-0.16408672084301779,-0.2313146323951215,-0.14530937834080757,-0.22904949286647802,162.8,6,Syn
-0.16978699621240362,-0.2579317828537119,-0.12471770625874752,-0.12961413440582195,0.0952060899262321,0.111862498540203,0.2356178393821062,0.2613879344703042,-0.15501649794525477,-0.20728331578499626,-0.1407301838387512,-0.2202789727849242,163.0,6,Syn
-0.165883407754875,-0.24155837520274037,-0.12873988782789772,-0.13461455970966954,0.5792442629179743,0.8934246295360482,0.7617794635407307,1.0876784486877062,-0.13631433026718526,-0.16513078223955785,-0.135300717196398,-0.19869347251215508,163.0,6,Syn
-0.17958154272742044,-0.2870058745682118,-0.1281449670813353,-0.13216501726204066,-0.02868901827992413,0.03675439459188432,0.04318327548647054,0.04349144033977037,-0.15736757582461,-0.21688541795142297,-0.13946076346027986,-0.21440638059444478,163.3,6,Syn
-0.1864961012379392,-0.30845955584459467,-0.13230353364376857,-0.14017670042112942,0.009867041161833111,0.06976154341222168,0.11498272715362798,0.20329158064466799,-0.1567243136687941,-0.21152260335183845,-0.14399205530654485,-0.22384495881911232,163.4,6,Syn
-0.18520730256327048,-0.29366064021283894,-0.13098201008816354,-0.13804710412061993,-0.06282463778568373,0.04029087482263475,-0.05027634595737127,0.024219768489619865,-0.162149006849002,-0.22571147567255345,-0.14489771489260048,-0.2292481047468632,163.4,6,Syn
-0.1904934793104374,-0.30298975092960595,-0.1327985171107701,-0.14075578847021428,-0.198507585821167,-0.0705188390742121,-0.181139871691506,0.04911820584346395,-0.16579227155896623,-0.22329357600157446,-0.1446671833616045,-0.22265780144317376,163.5,6,Syn
0.11175810849010058,0.35803175399433035,0.20478491031507504,0.4191803711112678,0.004095911245391741,-0.03616445968977933,0.22177939758033563,0.29275715215339587,-0.15130415050376803,-0.2004610743181382,-0.13716892077226145,-0.20350529670512285,163.6,6,Syn
-0.18810022706638507,-0.3000797230604109,-0.1318120773748692,-0.1388549319490933,0.003604751252503113,0.00425245723308274,0.04278216123134675,0.06290378132751322,-0.15802216301838037,-0.21757459174985772,-0.14422108987954735,-0.21745326739580806,163.7,6,Syn
-0.1833234249522428,-0.2957621451532475,-0.1307033614380938,-0.1371451744841703,-0.13048192680609214,-0.07035043525370016,-0.03914542537768625,-0.016855619687343254,-0.16307086493849868,-0.22644987617087636,-0.1435309922445529,-0.22351092974755546,163.7,6,Syn
-0.19253744609184426,-0.32188038178801387,-0.13135354162158985,-0.13773873973448225,0.05849188045780721,0.17080383571937685,0.03465959756509012,0.07486065802286207,-0.15825092878506136,-0.2168390869397635,-0.14604139079961945,-0.22341162380736287,163.9,6,Syn
-0.19482558928463753,-0.32655475726294136,-0.13228119472245495,-0.1397409366641931,-0.20808520568249525,-0.19025395545819096,-0.12347969751746196,-0.08915955640980573,-0.16462919016103858,-0.2273214783277203,-0.1462344983807784,-0.23149151621394104,164.0,6,Syn
-0.17297099193438945,-0.24111974333044325,-0.13175329073983338,-0.1390822240083591,0.03467062080270879,0.06757229374556666,0.1358406684200648,0.18669262240877194,-0.15487946498600524,-0.20763369406067106,-0.1374847789088858,-0.2115400500479771,164.0,6,Syn
-0.18479980285685074,-0.289113926252983,-0.13193082637764153,-0.1404141265212542,0.4108991753553973,0.7300729236394806,0.4140134043484094,0.649634754225161,-0.1498749307139095,-0.1938704879095775,-0.1448857392286526,-0.22253141206474683,164.1,6,Syn
-0.18900739903186708,-0.2958767131795938,-0.13279263844726652,-0.14043149916272676,0.20313849836350795,0.4360398530256592,0.22298274034570698,0.4432731293771991,-0.15474696204193755,-0.2049696608902511,-0.1443558160989606,-0.2174306978639461,164.1,6,Syn
-0.17916434064703834,-0.2899388160426761,-0.13189673012932077,-0.1390228674833279,0.164828018918195,0.2149256366935013,0.2756289863307037,0.3601376690601265,-0.15045250764958926,-0.2029368877536915,-0.14026313294478532,-0.20796052229467182,164.2,6,Syn
-0.17584127756492515,-0.2839714585561265,-0.1317391819474248,-0.13914447597363572,-0.3528546135864181,-0.3251454156882431,-0.3126050688083264,-0.3150741913831029,-0.16823168473436662,-0.2363762954189194,-0.14361781580817476,-0.22415641835880723,164.3,6,Syn
-0.18209930877065658,-0.2919683067950956,-0.1313288512348748,-0.1395006151238229,0.15807456901597638,0.2883497024367007,0.27933929319059875,0.3740639136817681,-0.15038342491806678,-0.19863679073404628,-0.14230947452187295,-0.22148869969272472,164.6,6,Syn
-0.1911079629947211,-0.29749375903716674,-0.13169450410479758,-0.13724941033300556,-0.1908946059313933,-0.20355785727863307,-0.08396994338776918,-0.040910042215633304,-0.16314108017381662,-0.2258417816428457,-0.14369565762383574,-0.22201682673829437,164.6,6,Syn
-0.18101587701152477,-0.3089341948108863,-0.13325470139864798,-0.14134356284003538,0.034056670811598,0.14099635948876607,0.023127562730281312,0.11199731034723968,-0.1605238639025305,-0.2234528388541539,-0.1422510931601272,-0.2215473804755658,164.6,6,Syn
-0.19386020307538127,-0.30589323205443836,-0.13269505263310707,-0.1395845828909402,-0.1269210168576496,0.05679444923280343,-0.06130698797327535,0.17951849639156262,-0.1611625960431646,-0.20754682341380953,-0.14586025888240833,-0.2312883904271835,165.0,6,Syn
-0.19237412279681096,-0.3153696445193649,-0.13139586799881564,-0.13835691622688032,-0.2005950157909437,-0.24296435127842358,-0.16880560834644961,-0.22926601745177583,-0.1658726793284432,-0.23858860122565947,-0.14502046544806585,-0.22843560159983298,165.1,6,Syn
-0.1925778726500208,-0.2918471920243867,-0.13283261335909086,-0.1397177731422297,-0.28630243455000914,-0.29079103630381037,-0.2809170426535474,-0.2668246771889305,-0.16891231951543234,-0.2384264426848513,-0.14444862749455636,-0.22310016426766796,165.2,6,Syn
-0.1948013333497316,-0.31814546412912575,-0.13262333293836337,-0.13947455616161406,-0.27918061465312405,-0.29668517002172773,-0.23107859645441717,-0.2512104029161808,-0.16748649723696019,-0.2364052523012066,-0.14510579205369423,-0.22520364463720172,165.5,6,Syn
-0.18874543493488297,-0.311179728127273,-0.13190378452552506,-0.13924726410234828,-0.12765775684698252,-0.12777613804826668,-0.09590309247770176,-0.12066944323048977,-0.16378094481824615,-0.22996524168053922,-0.14558631556960142,-0.2303675535272159,165.5,6,Syn
-0.15884271838284542,-0.2374273795099123,-0.1297898171296373,-0.1371915015280971,0.05886025045247368,0.05679444923280343,0.09592980003524822,0.10060311020226019,-0.15336304240389703,-0.20906416404565742,-0.13592794259566623,-0.21069143564996778,165.6,6,Syn
-0.1834398534397913,-0.288829142873208,-0.13184029495968638,-0.1398263521514331,0.33599727643988164,0.6352615726912668,0.32757328236923383,0.5276746119326028,-0.15042532755849844,-0.19554709139400486,-0.143141783166248,-0.21831542351293454,165.7,6,Syn
-0.19068590972735783,-0.3065413597463401,-0.13254573458011612,-0.14030989067241895,-0.09192586736433489,0.010820206233047826,-0.07855490094359809,-0.05441427942449789,-0.16282284660729504,-0.225419011161453,-0.142876821601402,-0.22034216747413768,166.0,6,Syn
-0.1843809837141416,-0.29883584163150867,-0.1310584327137101,-0.13846694295620643,0.08562847006490387,0.17434031595012728,0.1695342658504627,0.1819098717306324,-0.15639022504913622,-0.2170881161274332,-0.14231845626983383,-0.21676263972083237,166.1,6,Syn
-0.18999704117602925,-0.30321234023793586,-0.13189673012932077,-0.13876951646185326,-0.0839445174798947,-0.008377829305311658,-0.023301412300296757,0.05136891204494138,-0.16011842754375924,-0.2159703804711483,-0.14504741069194851,-0.2278442798650499,166.1,6,Syn
-0.1810368988217766,-0.2686815370971725,-0.12844125172191578,-0.1340962759057386,0.10711671975378131,0.21795690546271593,0.19891588503827992,0.2521037713892098,-0.1559032484170925,-0.2139868340344769,-0.14405941841625147,-0.21961091464181048,166.3,6,Syn
-0.18005372492692268,-0.2923611114568542,-0.1266365020263164,-0.13126308762559102,-0.15823246640429958,-0.16128849833013983,-0.08948526439572121,-0.13909710025508623,-0.16210144168959306,-0.2284247355428616,-0.14288580334936288,-0.22433246070733046,166.3,6,Syn
-0.17598034492505252,-0.2750384258732994,-0.13047762075955627,-0.13710608604085706,0.05579050049691976,0.09266446300184351,0.1443643463414452,0.19372607928838892,-0.15212521575546964,-0.20701112109149683,-0.14129154308630631,-0.22283384379169696,166.3,6,Syn
-0.19585565798697627,-0.33692807370555006,-0.13249165087588316,-0.14045176724444472,0.12455289950132757,0.45894277261528105,0.14917771740293062,0.48280115704064647,-0.15707312483779287,-0.20240697680783626,-0.14410582411404937,-0.22486058775290008,166.6,6,Syn
-0.17643473943895704,-0.27818413653954965,-0.13157693083472594,-0.13731600545865033,0.10859019973244718,0.163730875257876,0.21917215492203104,0.2892404237135874,-0.1504559051609756,-0.20148904363933284,-0.1387796475732463,-0.20780704947801054,166.7,6,Syn
-0.19005848954445762,-0.29681944436781443,-0.13249165087588316,-0.13963380537511239,-0.25253518503891603,-0.20962039481706238,-0.259357151440644,-0.21576178024291123,-0.16813768691934422,-0.23357906058997846,-0.14356093140442253,-0.22484704603378292,166.7,6,Syn
-0.1912583497911379,-0.3093302728448262,-0.1321036590846468,-0.13763739932589242,-0.026847168306591777,0.14874293523231463,0.041177704210851616,0.2511190874260634,-0.16117052356973274,-0.2177917683670115,-0.1455189524598948,-0.22936095240617294,166.7,6,Syn
-0.1855711415868595,-0.302511838591133,-0.1321024833519461,-0.13992624483990024,0.1429713992346511,0.2058318303858573,0.2643977871872377,0.36168502957364224,-0.15053291541906624,-0.20302086271232433,-0.1391823292734925,-0.2119056764641407,166.9,6,Syn
-0.17457350070050826,-0.29852814464646443,-0.1293912437440945,-0.1352587951642764,-0.1931048258993921,-0.2050734916632404,-0.11274989119290073,-0.217309140756427,-0.16347969880865632,-0.23183006489983318,-0.14344267172293756,-0.22468454540437688,167.3,6,Syn
-0.19191487709592522,-0.3149146457861612,-0.1315816337655288,-0.13905326960590483,-0.05422933791013275,0.003410438130523113,-0.0677248160552559,-0.022904392603813852,-0.1632169579281118,-0.22746915842738488,-0.14562972735141236,-0.22778559908220883,167.5,6,Syn
-0.18996955111646918,-0.3049210405165858,-0.13250811113369318,-0.14057192801462984,0.0015173212827264471,0.10226348077102326,0.011495249331691557,0.0689525542439838,-0.15897233370276334,-0.2176093400086023,-0.1448034065390112,-0.22251787034562967,167.5,6,Syn
-0.1926943011375693,-0.3001811975980319,-0.13302073059120545,-0.14025922046812403,-0.1120634270727686,0.163730875257876,-0.07384180844589361,0.15743344178956534,-0.1642056337415401,-0.22062085576646834,-0.1451087859696812,-0.22799775268171116,167.6,6,Syn
-0.18604655791101585,-0.28010887938216683,-0.13275971793164645,-0.141214715749114,-0.061965107798128624,-0.000799657382275019,0.047294696601489335,0.1373177551138608,-0.15969487112426076,-0.21925698661074247,-0.1462344983807784,-0.2272529581302668,167.7,6,Syn
-0.1926651940156822,-0.31467241624474335,-0.1334722119482805,-0.1407456544293553,0.10269627981778366,0.15093218489896967,-0.022499183790049188,-0.022763723466221512,-0.1594400577702844,-0.21778308130232535,-0.14413875718990593,-0.22782171033318793,167.8,6,Syn
-0.15079298211872888,-0.19645785328848905,-0.1258534640476394,-0.13046539383797667,-0.012357948516377273,-0.002988907048930048,0.020420041508195763,0.008042817666500827,-0.16060313916821206,-0.22572595411369703,-0.1432510610997721,-0.22587170278031546,168.3,6,Syn
-0.19607557846345675,-0.33766130907416614,-0.13267741664259633,-0.1404343946029722,-0.24553615514025307,-0.2835496720217976,-0.11866632645597655,-0.09239494657442954,-0.16475489808233357,-0.2303764294090171,-0.1459321128660954,-0.22546545120680034,168.4,6,Syn
-0.19406718705324527,-0.3052156440129048,-0.13299368873908898,-0.14022881834554707,-0.20943589566293896,-0.0732133002024029,-0.16589752999680218,0.026611143828689635,-0.16601650731046544,-0.22641223222390305,-0.14461478983183268,-0.22409773757596618,168.4,6,Syn
-0.18767979086134887,-0.29832846894340376,-0.1331112620091606,-0.1423975030893698,-0.25953421493757894,-0.16027807540706826,-0.2213515757676654,-0.08409546745648151,-0.16763372273036875,-0.23238893272797564,-0.14595007636201715,-0.23062484619044216,168.4,6,Syn
-0.19054360824257632,-0.2982924618494092,-0.1308914786702084,-0.13738404830441778,-0.028320648285257658,0.02176645456632297,0.035862940330461474,0.10566719915558441,-0.15953858560048859,-0.21661322325792354,-0.1441192967359907,-0.21785049115657837,168.4,6,Syn
-0.178870035303513,-0.265817336438516,-0.13083034056977114,-0.13705541583656214,0.24709731772704008,0.4646685025126865,0.4046874979167814,0.570016022347897,-0.1496076598181832,-0.19502876320106444,-0.14137387577594773,-0.2122713028803043,168.5,6,Syn
-0.17729501659695424,-0.26600719202503265,-0.1315592948442152,-0.13867541465387698,0.05149285055914427,0.0911488286172362,0.12170139092695137,0.15462005903771853,-0.1565986057474991,-0.21668851115187018,-0.14073467471273163,-0.2164782636193718,168.5,6,Syn
-0.17789332965796734,-0.3024070906813307,-0.13233645415938863,-0.14093096260506244,-0.1083797271261039,-0.17964451476593968,0.023127562730281312,-0.006727441780694815,-0.15809804077267556,-0.2190108531113015,-0.1405325853836118,-0.2202293198148279,168.6,6,Syn
-0.1911079629947211,-0.2945444507017958,-0.13238701066551942,-0.13874345749964445,-0.30545767427266557,-0.32885029973950547,-0.28141843547245216,-0.32309233222586625,-0.1685499183008882,-0.23862045379617536,-0.1429307120891673,-0.21961542854818286,168.6,6,Syn
-0.18854653626865428,-0.2941876531340317,-0.13278675978376295,-0.14014919373879792,-0.2832326845944552,-0.22208227753494486,-0.2653738652675008,-0.1753897377539098,-0.1681105068282534,-0.2316794891119399,-0.14537973536650114,-0.22519913073082934,168.6,6,Syn
-0.17638622756914518,-0.28974568708397813,-0.131357068819692,-0.14065589578174714,0.22904718798838303,0.298959143128952,0.25948413756197136,0.3124508314163234,-0.14862011650855037,-0.19798236519435614,-0.1390910148358902,-0.2141671435567081,168.8,6,Syn
-0.18665295628366424,-0.2942760341829274,-0.1320519268458153,-0.13700764107251265,0.16261779895019618,0.31276825641092987,0.2147598981156694,0.3265177451755574,-0.15390437921812236,-0.20580941047657914,-0.14440820962873238,-0.22201682673829437,168.9,6,Syn
-0.1905145011206892,-0.3034349295462657,-0.13125007714392684,-0.13704093863533504,-0.059263727837241174,-0.015619193587324444,0.03877101868010891,0.09188162367153514,-0.15683756404833915,-0.212582425243549,-0.14575247790687773,-0.2254835068322899,169.0,6,Syn
-0.19545786065451892,-0.32459400732632965,-0.13231411523807501,-0.13831493234332168,-0.26260396489313287,-0.21231485594525318,-0.2187443331093608,-0.1703256488005856,-0.16715807113627953,-0.2310134808193349,-0.14538871711446202,-0.22570017433816464,169.1,6,Syn
-0.193567514794183,-0.32964482060210915,-0.13000262474846694,-0.13497648974034757,0.15365412907997875,0.32455652384676464,0.2530663094799908,0.47225097172122105,-0.1520006403379701,-0.2002467933892131,-0.14419863550964515,-0.2088271923181707,169.2,6,Syn
-0.19353032236066056,-0.30369025257640886,-0.13284437068609803,-0.1404474240840766,-0.013094688505710213,0.7703214367418308,-0.012872441667078356,0.7119511821785675,-0.16136984423773204,-0.19138598740933804,-0.14581385318461043,-0.22751476469986542,169.4,6,Syn
-0.18816490955946757,-0.2971762419355785,-0.1292325198294978,-0.1342280184369054,-0.1297451868167592,-0.11278819802270534,-0.04716771048016194,-0.05146022753505876,-0.1608930601398474,-0.2216806776581789,-0.14423755641747563,-0.22345224896471438,169.4,6,Syn
-0.19342197918474738,-0.31620108105342065,-0.13220124489880625,-0.13784876646380836,-0.19752526583538976,-0.16819305497112877,-0.18404795004115343,-0.1575247572796827,-0.16552386815944448,-0.23150574781821684,-0.14496058712832663,-0.22322203973972252,169.5,6,Syn
-0.19506814863369687,-0.32002110638902315,-0.133697952626818,-0.1431286017513394,-0.2999321243526685,-0.25239496522709143,-0.2899421133938326,-0.27287345010540104,-0.16923508309713575,-0.23868126324897843,-0.14547703763607736,-0.2292932438105871,169.5,6,Syn
-0.18993074162061968,-0.30151018670364854,-0.1306386961395544,-0.13571772244317618,0.29977422696434536,0.5815407539479627,0.31574041184308216,0.6063086598467206,-0.15079565629961075,-0.1932681847580043,-0.1447270616813437,-0.213760891983193,169.8,6,Syn
-0.17779792298067065,-0.29948069595122906,-0.12909731056891544,-0.13523418392219033,0.5287775736486677,0.6874667570499636,0.26028636607221894,0.2945858509420963,-0.1500969014578178,-0.20288476536557462,-0.1404382770300225,-0.21650534705760613,169.9,6,Syn
-0.1853010921782401,-0.28348699947329087,-0.13202723645910025,-0.1399103199185504,-0.07755943757234254,-0.07237128109984327,0.03265402628947119,0.044476124302916746,-0.15782963737315378,-0.2140823917460246,-0.14287831855939548,-0.22093800311529316,170.1,6,Syn
-0.1781989544377821,-0.30112065541407124,-0.13109252896203086,-0.13831348462319895,0.23162577795104833,0.24641715112923132,0.29387968493883593,0.35380755786847123,-0.15070279098838382,-0.20165988924482717,-0.14075563212464035,-0.22024737544031747,170.2,6,Syn
-0.18369049810048596,-0.29311726043073955,-0.13093968371093775,-0.13959616465192187,-0.0794012875456749,-0.06041460984349657,0.021924219964909956,-0.009118817119764585,-0.15901310383939957,-0.22118841065929695,-0.144628262453774,-0.2220980770529974,170.4,6,Syn
-0.19419331791475614,-0.3164105768730252,-0.13180972590946777,-0.13761713124417443,-0.21176890562915995,-0.18014972622747547,-0.1535632666517458,-0.10814988998477156,-0.1645691674598797,-0.22679735875832244,-0.14550398287996,-0.2297401205414537,170.4,6,Syn
-0.19116132605151417,-0.30992929995400814,-0.13236467174420583,-0.13916184861510825,-0.12164104693409684,0.08424427197624726,-0.0677248160552559,0.15068132318513303,-0.16259634584820493,-0.21458334580959268,-0.14555637640973182,-0.23029984493163008,170.4,6,Syn
-0.19537700753816578,-0.3286922692973445,-0.13093380504743418,-0.13609702511532673,-0.09118912737500195,0.02816579974577613,-0.0831677148775216,0.004526089226692342,-0.16395874791413187,-0.22722302492794388,-0.1433109394195113,-0.22218384127407279,170.5,6,Syn
-0.19474311910595735,-0.312796773984846,-0.13277382672405505,-0.13928056166517064,-0.20096338578561015,-0.06614033974090203,-0.18866076397507694,-0.04611480030654986,-0.16561333595928507,-0.22011990170290024,-0.145161179499453,-0.2242150991416483,170.6,6,Syn
-0.1960852808374191,-0.33112438482806655,-0.133349935747406,-0.14178077431709443,-0.2855656945606762,-0.22696598832979067,-0.2669783222879959,-0.1635735301961533,-0.16777075568961825,-0.22569699723140985,-0.1462344983807784,-0.23288631328300957,170.6,6,Syn
-0.17905438040879812,-0.2674900296231714,-0.1321542155907776,-0.1391546100144947,0.2200835181181656,0.45843756115374523,0.3125314978020919,0.5583404839277327,-0.14786586898078033,-0.18921711692602874,-0.13823774877960643,-0.2031622398208212,170.7,6,Syn
-0.1947964821627504,-0.32683626727053505,-0.13160749988494458,-0.13630260137275185,-0.07669990758478744,0.10512634571972598,-0.061006152281932506,0.10862125104502354,-0.16402103562288164,-0.22455899175752395,-0.144780952169109,-0.22651719139156723,170.7,6,Syn
-0.19031236832980641,-0.28152624953667915,-0.13190260879282434,-0.13693235962613162,-0.18536905601139622,-0.14899501943276927,-0.15235992388637445,-0.095489667601461,-0.1644615795993119,-0.2259373393543934,-0.14490669664056136,-0.224084195856849,170.8,6,Syn
-0.19484499403256228,-0.3129506224773681,-0.1327279731487271,-0.13912855105228586,-0.18794764597406152,-0.055699302869162665,-0.153162152396622,-0.024451753117329587,-0.16514674439555946,-0.224220196234764,-0.1450174715320789,-0.22654878873617396,170.9,6,Syn
-0.1934721081168863,-0.3243812381345437,-0.13040942826291474,-0.1360796524738542,-0.03667036816436432,0.007788937463833171,0.006681878270206142,0.02520445245276624,-0.15715126759967896,-0.21279381048424537,-0.1441716902657625,-0.22263071800493942,170.9,6,Syn
-0.16608068935877662,-0.23178408586931357,-0.13267153797909276,-0.14028527943033284,0.15868851900708716,0.25921584148813764,0.29237550648212174,0.40894985980466825,-0.14905046795082155,-0.19361566734545038,-0.13948321783018205,-0.1974070091960239,170.9,6,Syn
-0.19134728821912633,-0.2852055198684848,-0.13301485192770188,-0.14055310765303458,-0.14840926654652703,-0.06900320468960476,-0.10853819151410098,-0.01826231106326665,-0.1639236402964729,-0.2252365828030438,-0.14498154454023537,-0.22781268252044318,171.2,6,Syn
-0.1934252133094015,-0.30092752645537324,-0.13329232484507092,-0.14206163202090058,-0.3048437242815548,-0.2594679256885923,-0.2900423919576135,-0.22842200262622178,-0.16887041687500068,-0.23548152775624576,-0.14555487945173834,-0.2289727564581474,171.2,6,Syn
-0.18925966075488881,-0.29284884391187116,-0.1313276755021741,-0.13819187613289113,-0.15639061643096722,-0.1439429048174115,-0.1222763547520906,-0.15330468315191254,-0.1636495743779739,-0.22970462973995467,-0.14513573121356385,-0.2292526186532356,171.4,6,Syn
-0.1834301510658289,-0.2953889807245768,-0.13120657503400032,-0.13693670278649975,0.11620317962222092,0.19539079351411795,0.19731142801778478,0.2913504607774725,-0.15381830892966813,-0.20295136619483511,-0.1432495641417786,-0.21330047353320922,171.5,6,Syn
-0.18646214292907087,-0.3071763939495165,-0.13092792638393058,-0.13986254515450092,0.14714625917420443,0.18899144833466477,0.2460468100153246,0.28938109285117974,-0.15242646176505947,-0.2083112851061909,-0.14279448891176058,-0.22120432359126416,171.6,6,Syn
-0.19028487827024634,-0.3067017549832249,-0.13153930738830302,-0.13929359114627504,-0.279917354642457,-0.21719856674009902,-0.25103403064682545,-0.1457085497219262,-0.16734833177391523,-0.22955694964029008,-0.1427166470960996,-0.2232671788034464,171.6,6,Syn
-0.19364189966122786,-0.3191111089226157,-0.1323423328228922,-0.13871739853743564,-0.1490232165376378,-0.07708658807417718,-0.11936827640244317,0.007198802840946791,-0.16395535040274553,-0.2231661657195109,-0.14535728099659892,-0.22361926350049283,171.6,6,Syn
-0.190016445923954,-0.30260349301221,-0.1320683871036253,-0.13858710372639155,-0.19015786594206036,-0.16398295945833063,-0.1355131251711755,-0.09000357123535978,-0.16502103647426444,-0.22978570901035875,-0.14457137805002176,-0.22483350431466576,171.7,6,Syn
-0.1957893584315667,-0.3265580306351227,-0.1331900361001086,-0.14078039971230039,-0.26948020479357365,-0.1838546102787378,-0.24230979559788315,-0.13417368043935435,-0.1678953311071178,-0.2314825823123871,-0.14587522846234313,-0.23148700230756866,171.7,6,Syn
-0.19411569892305713,-0.3251733942024236,-0.13301250046230045,-0.14027514538947386,-0.21680329555626837,-0.23589139081692273,-0.21342956922897066,-0.2741394723437321,-0.16694969043791663,-0.23821216175592622,-0.1462344983807784,-0.23153214137129255,171.8,6,Syn
-0.18359185729853517,-0.258930161369015,-0.12940417680380237,-0.13347954713346324,0.2359234278888238,0.3808033998977477,0.23792424634906797,0.38362941503804715,-0.15586587579184263,-0.21076972441237193,-0.14206547036893566,-0.2191550100981991,172.0,6,Syn
-0.1787503726913104,-0.2667044202996542,-0.1322835461878564,-0.14044018548346304,0.07629643020001994,0.14924814669385042,0.17274317989145296,0.26518600118529734,-0.15422714279982577,-0.20842421694711089,-0.14307142614055446,-0.21728625286002962,172.2,6,Syn
-0.16757970613596346,-0.26770934555931997,-0.13067161665517446,-0.1391560577346174,0.5029916740220148,0.7573543425624125,0.6187822315891014,0.8199850798494842,-0.1404332465712387,-0.17788049751060034,-0.13917783839951206,-0.2110028951896627,172.3,6,Syn
-0.19103681225233035,-0.3022565155609899,-0.13222358382011987,-0.13780967802049515,-0.08026081753322999,0.09232765536081966,-0.06010364520790399,0.09160028539635047,-0.16258728581784132,-0.2190600798111897,-0.14424204729145607,-0.22504114400779568,172.4,6,Syn
-0.19275413244367062,-0.30723858802096166,-0.13296782261967324,-0.1393500522310608,-0.2064889357056072,0.02749218446372843,-0.20209809152172373,-0.04709948426969624,-0.16688174021018962,-0.22596629623668057,-0.14283340981959108,-0.22319947020786055,172.6,6,Syn
-0.1915898475681857,-0.3182567587832907,-0.13265860491938486,-0.13892297479486077,0.04670404062848016,0.2664572057701504,-0.0038473709267932035,0.1231101722170345,-0.16056463403916674,-0.21552734017215455,-0.1451701612474139,-0.22881476973511375,172.6,6,Syn
-0.19549505308804135,-0.33394603164836595,-0.13164982626217034,-0.1358798670969199,-0.1872109059847286,-0.03549084440773163,-0.1405270533602228,-0.004195397304032704,-0.16462239513826588,-0.22322697517231396,-0.14389325607897516,-0.22089286405156924,172.6,6,Syn
-0.18336385151041937,-0.28206635594659724,-0.13073628195371384,-0.1363938077404827,-0.15749572641496662,-0.19008555163767904,-0.08757997168388323,-0.10153844051793161,-0.16335059337597496,-0.22921815411753016,-0.1449635810443136,-0.2236734303769615,172.7,6,Syn
-0.19561148157558983,-0.32699993587960113,-0.13285260081500305,-0.13909380576934077,-0.054106547911910594,0.2543321306932918,-0.05027634595737127,0.273344811165653,-0.16221355956534267,-0.20997341014947468,-0.1462344983807784,-0.23170366981344337,172.7,6,Syn
-0.17850134509294277,-0.2923349244794036,-0.1284635906432294,-0.13722479909091945,-0.018129078432818642,0.01738795523301291,0.041177704210851616,0.018311664710741606,-0.15548082450138945,-0.21102454497649906,-0.14147716587749787,-0.2154897181238184,172.7,6,Syn
-0.1664606990056363,-0.23468102024978335,-0.13143231571253786,-0.13671230616747937,0.5129376638780095,0.7836253385622729,0.6936903187334682,1.0518078186016595,-0.14103120857523657,-0.17332557992682796,-0.14036193217235501,-0.20232265323555668,172.9,6,Syn
-0.1945474545643828,-0.30938919354409006,-0.13312889799967134,-0.1405893006561024,-0.27967177464601267,-0.1798129185864516,-0.24251035272544505,-0.09774037380293844,-0.16816599951423047,-0.23042565610890528,-0.14468514685752626,-0.2209109196770588,172.9,6,Syn
-0.18799511801512603,-0.3142828849551661,-0.1336838438344094,-0.14013182109732536,-0.2371864352611464,-0.05940418692042502,-0.2040033842335617,-0.10646186033366349,-0.16741401699405134,-0.23267560586261865,-0.14292622121518686,-0.22346579068383157,173.0,6,Syn
-0.19498406139268964,-0.33038132934290654,-0.13268094384069848,-0.13919659389805333,-0.16682776627985055,-0.019155673818074877,-0.11385295539449113,0.006636126290577433,-0.16515580442592306,-0.22846817086629237,-0.14579888360467563,-0.22867483863756966,173.0,6,Syn
-0.18393305744954533,-0.2874706934179595,-0.13188850000041574,-0.13917343037608995,0.21983793812172125,0.391412840589999,0.2768323290960751,0.44341379851479146,-0.1516552266803577,-0.1955065517588028,-0.14487675748069173,-0.22599809215874236,173.2,6,Syn
-0.19187121641309454,-0.3148393582259908,-0.1321683243831862,-0.13943691543842354,-0.08713705743367077,-0.040206151382065534,-0.012872441667078356,0.05136891204494138,-0.16042533607232634,-0.21983901994471466,-0.1462344983807784,-0.23206026841686217,173.2,6,Syn
-0.19142329014849827,-0.3239917068449664,-0.12982391337795807,-0.13412523030819284,-0.14975995652697074,-0.18604385994539283,-0.08386966482398824,-0.1315009668250999,-0.16330755823174783,-0.231094560089739,-0.14538422624048158,-0.22777205736309167,173.3,6,Syn
-0.17922417195313967,-0.26554891991964763,-0.12724435583258667,-0.13305826057775402,0.4433157348860467,0.6514283394604117,0.48651480596203345,0.6783312582939983,-0.14573902685292428,-0.18861191808622682,-0.14161039513891763,-0.21010914172792947,173.5,6,Syn
-0.17915140414842184,-0.2598336120910598,-0.13090323599721554,-0.13835112534638946,0.044125450665814865,0.16760416312965026,0.2028267490257368,0.32229767104778717,-0.15375828622850926,-0.20386350798688108,-0.14176607877023958,-0.21079074159016037,173.9,6,Syn
-0.1882926574833055,-0.3090422160928699,-0.13207779296523106,-0.13927042762431166,-0.2209781554958217,-0.2823708452782141,-0.08386966482398824,-0.11673070737790427,-0.16303915483222609,-0.22957142808143366,-0.14464622594969576,-0.2219491181427085,174.0,6,Syn
-0.18406080537338323,-0.2936835538181082,-0.1311172193487459,-0.1377662464168138,-0.13748095670475508,-0.1863806675864167,0.13092701879479843,0.2428196083081154,-0.15581944313622917,-0.21270693983738384,-0.14398007964259701,-0.2169341681629832,174.0,6,Syn
-0.1891949782618063,-0.3039979495614531,-0.13271739155442067,-0.1388216343862709,0.2742339073341367,0.46231084902551955,0.25998553038087613,0.4112005660061457,-0.15177300707508454,-0.19844567531095092,-0.1444995240663347,-0.21869910555458769,174.0,6,Syn
-0.19451349625551448,-0.3277757250865744,-0.13250575966829176,-0.13944994491952795,-0.09352213734122293,0.19606440879616566,-0.05759668111338034,0.2602625813695655,-0.162606538382364,-0.20998788859061826,-0.14431839214912356,-0.22319947020786055,174.4,6,Syn
-0.18588161755365548,-0.2970944076310455,-0.12993913518262826,-0.13570469296207174,-0.07645432758834313,-0.02639703810008766,-0.008460184860716726,-0.0037733898912556863,-0.16012522256653194,-0.2213476735118764,-0.14435132522498015,-0.2251675333862226,174.6,6,Syn
-0.1965283559150342,-0.33755656116436383,-0.13299251300638829,-0.14062259821892475,-0.09499561731988881,0.1830973146167474,-0.0966050424241684,0.12944028340868977,-0.16306293741193054,-0.21358722905891392,-0.14505190156592895,-0.22550156245777947,174.7,6,Syn
-0.19033500720238528,-0.3211013192088593,-0.1321036590846468,-0.13915026685412654,-0.20919031566649465,-0.24464838948354284,-0.1296969684718806,-0.17088832535095497,-0.16557256582264884,-0.2333850494786544,-0.14598899726984763,-0.23133352949090738,174.7,6,Syn
-0.1961726022030805,-0.3352848408705265,-0.13260922414595477,-0.13614914303974437,-0.036301998169697855,0.29525425907768965,-0.05529027414641858,0.22776801058573506,-0.16364617686658753,-0.2171894652154383,-0.1462344983807784,-0.2324123531139086,174.8,6,Syn
-0.19545786065451892,-0.33130769367022056,-0.13283261335909086,-0.14000007856615856,-0.1643719663154074,0.011830629156119378,-0.1135521197031483,0.09905574968874445,-0.1631116350751349,-0.2095101000328799,-0.14469861947946758,-0.2174713230212976,174.8,6,Syn
-0.17218348258111005,-0.26094001188834653,-0.13045880903634482,-0.13565402275777683,0.22131141810038715,0.3632894025645075,0.39265407026306787,0.5359740910505508,-0.14654989957046685,-0.18760132289440445,-0.13873024795946146,-0.20373099202374234,174.9,6,Syn
-0.19097859800855613,-0.3185120818134338,-0.13318533316930573,-0.13936452943228794,0.34311909633676674,1.4001517254564313,-0.08868303588547365,-0.01573026658660454,-0.1634729037858836,-0.22732437401594902,-0.1456117638554906,-0.22998838539193517,175.1,6,Syn
-0.1858638298680578,-0.29768361462368337,-0.1315957425579374,-0.1378646913851582,0.2668665074408073,0.46955221330753233,0.3468267666151755,0.5649519333945727,-0.15155556634635803,-0.1970065182612784,-0.14211786389870748,-0.2199223741815054,175.1,6,Syn
-0.1786129223935101,-0.2671103184501381,-0.13097965862276212,-0.13789654122785788,0.6859487713730285,1.0822053123299165,0.751952164290198,1.130723204790962,-0.13909122957362988,-0.17299257578052546,-0.1413828575239086,-0.18925489428748754,175.2,6,Syn
-0.19613217564490393,-0.34385780261340826,-0.1320295879245017,-0.13915316229437197,-0.2944065744326715,-0.27125619312442706,-0.27018723632898617,-0.2295473557269605,-0.1680923867675262,-0.2359419421846118,-0.14168524303859165,-0.2211366149956783,175.5,6,Syn
-0.19379228645764465,-0.33571365262627967,-0.13168627397589255,-0.1399682287234589,-0.1877020659776172,0.02041922400222757,-0.17913430041588707,0.016060958509264176,-0.16629283823655536,-0.22653095544128046,-0.1456806239231907,-0.2309227640110199,175.5,6,Syn
-0.1836193473580952,-0.28161135721339353,-0.13188967573311647,-0.14021723658456536,-0.07669990758478744,-0.01764003943346755,0.18718329307590922,0.33734926877016747,-0.15357708562123717,-0.2003597252301331,-0.1427391014660018,-0.22007584699816665,175.6,6,Syn
-0.18288843518626302,-0.2669761101907039,-0.13239053786362157,-0.1400304806887355,-0.0027803286550490414,0.0999058272838563,0.019417255870386303,0.057980361511781334,-0.15880359063724123,-0.21780045543169765,-0.14359087056429212,-0.22488767119113443,175.7,6,Syn
-0.19383918126512947,-0.3229311342582182,-0.13262098147296195,-0.14073696810861902,-0.20366476574649758,-0.13367027176618407,-0.14844905989891755,-0.06890320059650885,-0.1651659969600821,-0.22581572044878725,-0.1452524939370553,-0.227532820325355,175.8,6,Syn
-0.18426940641357428,-0.27331663210592416,-0.13208014443063248,-0.13845536119522475,-0.019970928406150997,0.0699299472327336,0.07627520153418277,0.14786794043328624,-0.15817731603835708,-0.21498874216161312,-0.14412079369398417,-0.21709215488601685,175.9,6,Syn
-0.18648963298863094,-0.29711077449195206,-0.13202135779559668,-0.13794286827178467,-0.06356137777501666,0.16389927907838792,-0.06481673770560846,0.07795537904989354,-0.16110257334200573,-0.21613543470018518,-0.14017032154918954,-0.2167084728443637,176.2,6,Syn
-0.18700547587096383,-0.29476049326576303,-0.1310948804274323,-0.13745353887030798,1.0684396158350469,1.7761974566595606,1.444375647197631,2.376911094721497,-0.13481149773062245,-0.1522333868688508,-0.1429381968791347,-0.2048368990849779,176.4,6,Syn
-0.193205292832921,-0.3004561608612629,-0.1329642954215711,-0.14174313359390392,-0.0344601481963655,0.22418784682165718,-0.07414264413723645,0.0717659369958306,-0.162149006849002,-0.21686225244559323,-0.145161179499453,-0.22546545120680034,176.6,6,Syn
-0.17375526716301468,-0.24585303950463452,-0.12618266920383994,-0.12808099879586982,-0.07534921760434372,-0.11160937127912186,0.004876864122149112,-0.012354207284388394,-0.15837776921015184,-0.2188081549352913,-0.14179751488810266,-0.21337269603516745,176.6,6,Syn
-0.18510866176131968,-0.29048874256913815,-0.13074333634991814,-0.13763884704601512,-0.17026588623007094,-0.2023790305350496,-0.0744434798285793,-0.10646186033366349,-0.16254311816981876,-0.2284768579309785,-0.14438575525883018,-0.22177307579418531,176.7,6,Syn
-0.18642171637089433,-0.30283917580926517,-0.1291372854807398,-0.13543107385887918,0.21418959820350206,0.33466075307748017,0.3300802464637575,0.5078402635320829,-0.14879905210823152,-0.1960741066516314,-0.14001613487586106,-0.21224421944206995,177.0,6,Syn
-0.1863845239373719,-0.3050356085429321,-0.12986623975518385,-0.1350894119099191,0.19908642842217678,0.32337769710318115,0.31543957615173934,0.4604347641634645,-0.14904480543184428,-0.19177400963198615,-0.14294418471110862,-0.2187307028991944,177.1,6,Syn
-0.18149937864731644,-0.2991729989661848,-0.13065750786276586,-0.13928056166517064,-0.02598763831903668,-0.057720148715305765,0.004375471303244381,-0.07101323766039394,-0.1597605563443969,-0.22135925626479128,-0.1434726108828072,-0.22117272624665743,177.1,6,Syn
-0.1910093221927703,-0.31301608992099456,-0.13178973845355557,-0.1386898918551041,-0.03642478816792001,-0.0018100803053465709,0.01660945608451981,0.04869619843068693,-0.1598103865113967,-0.2236352672125631,-0.14441868833468677,-0.2215880056329173,177.5,6,Syn
-0.1853399016740896,-0.3026787805723804,-0.13156752497312021,-0.13531959940943034,-0.1479181065536384,0.034733548745741215,-0.08757997168388323,0.12409485618018087,-0.160970070397938,-0.2156026280661012,-0.14170919436648732,-0.2211817540594022,177.6,6,Syn
-0.1951926624328807,-0.3371506630138799,-0.13354745884112632,-0.1432328376001747,-0.2881442845233415,-0.34181739391892374,-0.29224852036079435,-0.3517888362947035,-0.1687141313512285,-0.23760985860435302,-0.14271215622211916,-0.2173855588002222,177.9,6,Syn
-0.1887955638670219,-0.29850195766901383,-0.1334298855710547,-0.14179669923844426,-0.03237271822658883,0.05494200720717225,-0.004047928054355096,0.09005292488283473,-0.15940495015262543,-0.21671457234592864,-0.14554739466177094,-0.22604774512883866,177.9,6,Syn
-0.19332818956977776,-0.32208333086325586,-0.13201900633019525,-0.1369439413871133,-0.1862285859989513,-0.1836862064582259,-0.1820423787655345,-0.20605560974903983,-0.16498592885660548,-0.23178662957640242,-0.14509082247375943,-0.22826858706405456,178.0,6,Syn
-0.18791426489877291,-0.3059521527537022,-0.13327233738915872,-0.1410713914569655,-0.18107140607362074,-0.1390591940225657,-0.13982510341375617,-0.04780282995765794,-0.16481718579108334,-0.22732726970417771,-0.14350704091665722,-0.22696406812243383,178.0,6,Syn
-0.170315775593353,-0.2449757757600403,-0.12999557035226264,-0.13530222676795778,0.4392636649447155,0.6591749152039602,0.5478852869959725,0.8202664181246688,-0.14149666763516672,-0.17614598026159864,-0.14222714183223154,-0.20119869054883155,178.4,6,Syn
-0.19085246714704526,-0.3162338147752338,-0.13250811113369318,-0.14007246457229416,-0.008919828566156883,0.016209128489429434,0.05642004590555543,0.12901827599591276,-0.15822374869397057,-0.21716340402137985,-0.1441956415936582,-0.2270227489052749,178.5,6,Syn
-0.18203462627757408,-0.2826621096835978,-0.1330654084338327,-0.13961643273363986,0.13339377937332286,0.2598894567701853,0.18688245738456638,0.3401626515220143,-0.15497346280102764,-0.20692714613286403,-0.14623300142278492,-0.22748768126163108,178.5,6,Syn
-0.18349806768356552,-0.27640014870072926,-0.13013900974175002,-0.13668624720527056,-0.07092877766834607,-0.06176184040759197,0.12801894044515097,0.1477272712956939,-0.1557526254122976,-0.2125650511141767,-0.1397631489749629,-0.21301158352537625,178.6,6,Syn
-0.18022028234661008,-0.27349994094807817,-0.13171684302611117,-0.14029396575106912,-0.02561926832437021,-0.01006186751043091,0.04889915362198447,0.06304445046510555,-0.15697006699240687,-0.21685356538090708,-0.14450102102432819,-0.22724844422389442,178.6,6,Syn
-0.18147188858775637,-0.301749142872885,-0.12819905078556826,-0.1328628183611879,0.2593763175492558,0.37474086235931836,0.3657794151697743,0.4843485175541622,-0.15000743365797722,-0.20059138028843046,-0.14115082903491916,-0.2188751479031109,179.0,6,Syn
-0.18971567233112038,-0.31555622673370026,-0.1317485878090305,-0.13951943548541815,0.06843787031380191,0.09232765536081966,0.08249247248860143,0.07908073215063226,-0.1575136688142231,-0.21427929854557737,-0.14437976742685626,-0.22281127425983502,179.3,6,Syn
-0.1695088614921489,-0.242510926507505,-0.12350905304241125,-0.12529124211940362,-0.17087983622118172,-0.2091151833555266,0.14255933219338818,0.18528593103284854,-0.1570787873567701,-0.21768173221432024,-0.14342171431102885,-0.21455985341110603,179.4,6,Syn
-0.18797247914254714,-0.30955940889751876,-0.13081623177736254,-0.13662689068023937,-0.10457323718121704,-0.14006961694563724,-0.07414264413723645,-0.12095078150567445,-0.16290891689574927,-0.23159840984153582,-0.14562074560345148,-0.22681510921214496,179.5,6,Syn
-0.13348718109450727,-0.13941279628459463,-0.09537024231616997,-0.07502060857834861,0.6983505611934663,0.6342511497681953,0.5830830628830846,0.7157492488935606,-0.14297458508822963,-0.1851023439530214,-0.13383070444680029,-0.20014243645769228,179.6,6,Syn
-0.18906723033796838,-0.29758541345824374,-0.13217067584858763,-0.13968447557940733,0.03909106073870643,0.17484552741166307,0.03486015469265201,0.12254749566666515,-0.15959747579785202,-0.21723290053886907,-0.1460848025814304,-0.2307422077561243,179.6,6,Syn
-0.19057756655144464,-0.30254784568512755,-0.13227531605895138,-0.140460453565181,-0.18131698607006505,-0.18772789815051208,-0.136415632245204,-0.1635735301961533,-0.16521922463846828,-0.2325829438392997,-0.14577343531878648,-0.22959116163116483,179.7,6,Syn
-0.1861953276451056,-0.27431828399340863,-0.13022718969430372,-0.1354600282613334,-0.036056418173253536,0.006946918361273544,-0.02380280511920149,-0.003914059028848026,-0.16054651397843953,-0.2232327665487714,-0.14096071536974716,-0.2174261839575737,179.9,6,Syn
-0.16338019527258246,-0.2588646939253886,-0.1283765864233764,-0.13448281717850274,0.3001425969590118,0.3840030724874743,0.40669306919240034,0.5067149104313442,-0.14911728567475313,-0.1978231023417767,-0.1367003729203021,-0.21142268848229498,180.0,6,Syn
-0.14016726556760195,-0.14579259866599076,-0.07965304757299556,-0.03514315779824379,-0.05668513787457589,-0.17088751609931957,0.07637548009796372,0.059668391162889405,-0.16042080605714454,-0.223667119783079,-0.1359982996213598,-0.2091070545132589,180.3,6,Syn
-0.17463333200660958,-0.26824617859705674,-0.12896797997183665,-0.13378791151960093,0.3286298765465522,0.4328401804359326,0.4598407079963018,0.6144674698270762,-0.14634378387969485,-0.19132228226830625,-0.13667642159240642,-0.21147234145239124,180.3,6,Syn
-0.18907046446262252,-0.2969732928603366,-0.13235996881340295,-0.1405444213322983,-0.17394958617673564,-0.2404382939707447,-0.115958805233891,-0.16371419933374565,-0.1631048400523622,-0.22935714715250857,-0.14493064796845703,-0.2276095567336856,180.4,6,Syn
-0.1905322888062869,-0.3202502424417157,-0.13337580186682177,-0.14155058681758323,-0.2028052357589425,-0.09022208607410735,-0.14564126011305106,-0.09774037380293844,-0.1644683746220846,-0.2279411556086658,-0.1462344983807784,-0.22686476218224125,180.7,6,Syn
-0.1943485558981541,-0.3079980103670283,-0.13261627854215907,-0.13887375231068855,-0.24615010513136384,-0.12794454186877863,-0.1937749707279052,-0.005180081267179081,-0.16724867143991556,-0.23012160884488997,-0.1459455854880367,-0.2307422077561243,180.9,6,Syn
0.17486073167905591,0.6114104010617231,0.05906459938830684,0.17977813301898116,0.6521815218619353,0.702286293255013,0.8332780795165452,1.1113108638032192,-0.13264501796992564,-0.15941758936429853,-0.12547169101120603,-0.1753204653159195,181.1,6,Syn
-0.19579420961854788,-0.3352161000547188,-0.1336556262495922,-0.14394801134079446,-0.14239255663364134,-0.07540254986905792,-0.11846576932841466,-0.09000357123535978,-0.16457029996367514,-0.22943533073468395,-0.14526596655899662,-0.22784879377142228,181.2,6,Syn
-0.1904853939988021,-0.31861355635105476,-0.1303988466686083,-0.13591750782011044,0.21762771815372245,0.36850992100037716,0.3202529472132247,0.5013694832028353,-0.14926111365677533,-0.19089082472222738,-0.14505339852392243,-0.22633663513667163,181.3,6,Syn
-0.18237097524160306,-0.2927997433291513,-0.13032007257766032,-0.1355917707925002,-0.20587498571449642,-0.25273177286811527,-0.04435991069429545,-0.05736833131393702,-0.1603551208370084,-0.22284764001435198,-0.14384535342318377,-0.22302794176570973,181.4,6,Syn
-0.1880517151965732,-0.2845246584547699,-0.132297654980265,-0.13862329672945936,0.14702346917598227,0.3983173972309879,0.2477515455996007,0.43201959836981196,-0.15404480968875822,-0.20181046503272046,-0.14405941841625147,-0.22373662506617498,181.4,6,Syn
-0.19361602666399486,-0.3236971033486475,-0.13333347548959598,-0.1414637236102205,-0.14325208662119643,-0.08112827976646338,-0.12468304028283331,-0.11630869996512724,-0.16407766081265418,-0.22867376473053128,-0.1426028782885951,-0.21931299682123273,181.4,6,Syn
-0.19518781124589948,-0.32561857281908335,-0.133697952626818,-0.14380323932852324,-0.2925647244593391,-0.22662918068876683,-0.2863320850977185,-0.29073843057962817,-0.16904255745190916,-0.23843223406130873,-0.14614917177515002,-0.2291578266194154,181.4,6,Syn
-0.18711705317153116,-0.3159293911623709,-0.13120775076670105,-0.1369164347047818,-0.0785417575581198,-0.15303671112505549,-0.03724013266584827,-0.09675568983979206,-0.16022601540432704,-0.22404645494104097,-0.14482586090891342,-0.22234182799710644,181.5,6,Syn
-0.19420948853802675,-0.30787689559631937,-0.13276794806055148,-0.1386638328928953,-0.28151362461934504,-0.15438394168915087,-0.25013152357279694,-0.102945131893855,-0.16782964588698168,-0.22767764797985252,-0.14459233546193048,-0.22357412443676894,181.5,6,Syn
-0.17772353811362576,-0.2812054590629096,-0.13184617362318996,-0.13863487849044104,0.41949447523094824,0.6542912044091144,0.48511090606910023,0.7046363870237659,-0.15028376458406714,-0.19759434297170803,-0.14022271507896136,-0.21592305313556784,181.7,6,Syn
-0.18472218386515177,-0.2949143417582852,-0.13179561711705917,-0.14037938123830912,-0.013340268502154527,0.03574397166881277,0.058225060053612464,0.08217545317766373,-0.15833926408110652,-0.22142585709405177,-0.1441552237278342,-0.2207800163922595,181.8,6,Syn
-0.17525590100252858,-0.29499944943499956,-0.1322388683452292,-0.14041846968162236,0.08108524013068406,0.11876705518119193,0.16181281643932982,0.18894332861024937,-0.1549281626492096,-0.2136335600705734,-0.14159542555898283,-0.2197373040202374,182.1,6,Syn
-0.05836493362849727,-0.01305408334121177,-0.008718742273384626,0.06354792296704014,0.48322248430824766,0.5071062652816917,0.19420279254057543,0.1865519532711796,-0.1548488873835281,-0.21224073403256036,-0.1401433763053069,-0.21617131798604927,182.2,6,Syn
-0.18347057762400548,-0.28196488140897624,-0.13188614853501432,-0.13888967723203838,0.21836445814305538,0.3555428268209589,0.34913317358213725,0.5060115647433825,-0.15269939517976305,-0.19930279902665124,-0.14403846100434275,-0.2234928741220659,182.4,6,Syn
-0.1728432440105515,-0.259774691391796,-0.1322553286030392,-0.140460453565181,0.12086919955466287,0.17349829684756765,0.13884902533349316,0.18064384949230133,-0.15499837788452756,-0.20860374961729136,-0.140059546657672,-0.21100740909603508,182.4,6,Syn
-0.18956851965935773,-0.2964986538940449,-0.13067279238787516,-0.13646908918686373,-0.08492683746567195,-0.029933518330838096,-0.025206705012134734,0.04349144033977037,-0.16042760107991724,-0.21680144299279017,-0.14568212088118418,-0.22581753590384676,182.4,6,Syn
-0.19200381552391366,-0.3108163838151463,-0.13264684759237771,-0.13953101724639982,0.20019153840617618,0.5663844101018893,0.2034284204084225,0.49335134236007194,-0.15728830055892845,-0.20479012822007062,-0.1462344983807784,-0.2293428967806834,182.4,6,Syn
-0.19432753408790232,-0.3291210810530976,-0.1322247595528206,-0.13963235765498969,-0.15172459649852527,-0.0738869154844506,-0.1537638237793077,-0.11419866290124216,-0.1642973665489716,-0.22624428230663743,-0.14532285096274888,-0.22550156245777947,182.5,6,Syn
-0.19255846790209608,-0.30713384011115935,-0.1322635587319442,-0.1399117676386731,-0.05201911794213392,0.1603627988476375,-0.07464403695614119,0.09539835211134363,-0.16351027641113347,-0.21714892558023624,-0.1459530702780041,-0.2306519296286765,182.5,6,Syn
-0.19025900527301334,-0.30430891991867864,-0.13245167596405882,-0.13863487849044104,-0.03642478816792001,0.04921627730976679,0.05040333207869866,0.11396667827353243,-0.15836757667599277,-0.21792786571376122,-0.14367470021192702,-0.2206491131074602,182.5,6,Syn
-0.17945379480358253,-0.27701554267081774,-0.13121010223210247,-0.13919804161817606,0.12995565942310247,0.22469305828319294,0.2045314846100129,0.3199062957087174,-0.15496440277066403,-0.21032378842514948,-0.14446958490646508,-0.21051539330144456,182.7,6,Syn
-0.19138609771497583,-0.30692761766373605,-0.13176857526494268,-0.1384973450787834,-0.11353690705143449,-0.0605830136640085,-0.02821506192556312,0.009449509042424222,-0.16011842754375924,-0.2193062133106307,-0.14386181996111208,-0.2257137160572818,182.7,6,Syn
-0.19340904268613088,-0.3225546964573662,-0.13172860035311834,-0.13749841819411204,-0.05201911794213392,0.1352706295913606,0.027539819536642942,0.24267893917052305,-0.15880019312585486,-0.2088093434815303,-0.1443079134431692,-0.21881195321389746,182.8,6,Syn
-0.18889097054431858,-0.3141355832070066,-0.1311031105563373,-0.139132894212654,-0.09794257727722057,-0.11868233174062272,-0.03342954724217232,-0.036689968087863116,-0.16105387567880136,-0.22550877749654322,-0.14502944719602673,-0.22356058271765175,182.9,6,Syn
-0.19382786182884004,-0.32347124066813626,-0.1332264838138308,-0.14050098972861694,-0.13760374670297723,-0.09241133574076238,-0.16369140159362136,-0.21266705921587978,-0.16518071950942295,-0.23291015660914477,-0.14585726496642137,-0.22839497644248147,183.2,6,Syn
-0.1908508500847182,-0.2986656262780799,-0.13293960503485605,-0.13936452943228794,-0.1894211259527274,0.00964137948946435,-0.17351870084415408,0.005510773189838718,-0.16563145602001225,-0.2270058483107901,-0.14435282218297363,-0.2260251755969767,183.2,6,Syn
-0.18269600476934258,-0.31094404533021786,-0.1302977336563467,-0.1395020628439456,0.0013945312845042902,0.028671011207311907,0.11408022007959946,0.15363537507457217,-0.15551819712663933,-0.21272141827852742,-0.1390146699782227,-0.2132192232185062,183.3,6,Syn
-0.18080404184667961,-0.279774995419672,-0.12802386661316154,-0.13147155932326157,-0.08492683746567195,-0.08668560584335691,-0.09680559955173028,-0.16090081658189886,-0.1618647483963439,-0.23097004549590414,-0.1450788468098116,-0.22737934750869374,183.5,6,Syn
-0.1908120405888687,-0.30191608485413246,-0.13210601055004825,-0.13850313595927424,-0.051650747947467456,0.2422070556164332,0.027640098100423886,0.40698049187837554,-0.1586461726096736,-0.20068983368820686,-0.14511327684366163,-0.21899702337516544,183.6,6,Syn
-0.1890268037797918,-0.30134651809458246,-0.13290550878653526,-0.14153031873586525,-0.2283455553891511,-0.19732691591969184,-0.21884461167314176,-0.20464891837311644,-0.16699725559732556,-0.2357218698792293,-0.14529590571886625,-0.22712656875183987,183.7,6,Syn
-0.19208305157793973,-0.32527159536786326,-0.13128534912494833,-0.13947455616161406,0.28209246722035475,0.5355665109482071,0.19991867067608937,0.3459300861633002,-0.15630075724929562,-0.2134337575827919,-0.14452347539423038,-0.22650364967245007,183.7,6,Syn
-0.18708794604964402,-0.2938112153331797,-0.1309432109090399,-0.1375157908355846,-0.06356137777501666,0.2031373692576665,0.02262616991137658,0.27981559149490065,-0.15993496192889625,-0.20570227001211658,-0.14181996925800489,-0.21494353545275918,183.7,6,Syn
-0.18286903043833827,-0.2998014864249986,-0.12998734022335762,-0.13377777747874195,0.15770619902130992,0.28093993433417597,0.284353221379646,0.3770179655712072,-0.15234039147660525,-0.20654491528667332,-0.1406523420230902,-0.21683937612916301,183.7,6,Syn
-0.1875876183087063,-0.32363490927720234,-0.13116424865677456,-0.1388447979082343,0.007288451199167817,-0.058225360176841545,-0.021195562460896888,-0.011228854183649677,-0.15888852842190002,-0.22239012127421465,-0.14197265897333988,-0.21893834259232436,183.9,6,Syn
-0.18645082349278144,-0.28003686519417775,-0.1322329896817256,-0.13911841701142688,0.39653274556340495,0.6970657748191433,0.41652036844293305,0.7059024092620969,-0.1532520570319429,-0.20357104347578062,-0.1462344983807784,-0.22087932233245208,184.0,6,Syn
-0.19221403362643177,-0.3038146407192991,-0.1318120773748692,-0.13846839067632916,-0.07301620763812273,0.06605665936095932,0.005779371196177627,0.15068132318513303,-0.16136531422255024,-0.2189616264114133,-0.1440639092902319,-0.22545190948768318,184.1,6,Syn
-0.19418523260312082,-0.30630567694928496,-0.1326245086710641,-0.13845680891534745,-0.2181539855367121,-0.10083152676635865,-0.19317329934521954,-0.11490200858920385,-0.16629510324414626,-0.22734464383355002,-0.14476298867318724,-0.22554218761513098,184.1,6,Syn
-0.1822092690088968,-0.2655751068970982,-0.13194023223924725,-0.1391213124516723,-0.06970087768612451,-0.0705188390742121,0.01580722757427224,0.049821551531425645,-0.15865410013624176,-0.21549259191340994,-0.14437827046886278,-0.21953869213985225,184.3,6,Syn
-0.17775749642249408,-0.2639187805733494,-0.13129945791735692,-0.13936887259265607,0.03467062080270879,0.07414004274553174,0.1739465226568243,0.22495462783388825,-0.15303914631839818,-0.20780164397793666,-0.14383188080124246,-0.21766993490168277,184.6,6,Syn
-0.17990657225516,-0.2938832295211688,-0.133697952626818,-0.1418357876817575,-0.22773160539804033,-0.1532051149455674,-0.2055075626902759,-0.11490200858920385,-0.1657650914678754,-0.23072391199646317,-0.14333189683142003,-0.22536163136023538,184.7,6,Syn
-0.19387475663632484,-0.3204662850056829,-0.13278205685296007,-0.14165916582678661,-0.32473570399354423,-0.3403017595343164,-0.30357999806804126,-0.28919107006611244,-0.16920903550984037,-0.2401986038808263,-0.1459306159081019,-0.2312748487080663,184.7,6,Syn
-0.19019108865527673,-0.307994736994847,-0.13221535369121484,-0.13754474523803883,0.09778467988889739,0.25197447720612487,0.23050363262927795,0.40444844740171343,-0.1491659833379575,-0.19179427944958718,-0.14265976269234734,-0.2121313717827602,184.7,6,Syn
-0.18893948241413044,-0.2954020742133021,-0.12993913518262826,-0.13429461356255018,-0.06356137777501666,-0.0599093983819608,-0.04085016096196233,-0.039784689114894585,-0.16113088593689198,-0.22452424349877934,-0.14467017727759146,-0.2252668393264152,184.7,6,Syn
-0.1905322888062869,-0.31494083276361173,-0.12934539016876656,-0.1353152562490622,0.16900287885774834,0.2176200978216921,0.14356211783119763,0.17178169382398395,-0.15541400677745787,-0.21206120136237988,-0.14434234347701927,-0.21349908541359439,184.8,6,Syn
-0.18966554339898145,-0.29777199567257906,-0.1326386174634727,-0.141405814805312,-0.17394958617673564,-0.2050734916632404,-0.005552106511069288,0.0610750825388128,-0.16036531337116744,-0.21983612425648594,-0.14422108987954735,-0.21387825354887513,184.9,6,Syn
-0.18760378893197693,-0.2973628241499139,-0.1327702995259529,-0.1413927853242076,0.002499641268503702,0.04601660472004021,0.10274874237235256,0.18767730637191832,-0.15667674850938518,-0.21469627765051266,-0.14521057911323787,-0.2255782988661101,185.0,6,Syn
-0.17849487684363452,-0.28872439496340574,-0.13063516894145225,-0.13791680930957584,-0.03863500813591883,-0.04761591948459025,0.059528681382764764,0.09610169779930533,-0.15744005606751882,-0.21706205493337474,-0.1396718345373606,-0.22082515545598339,185.1,6,Syn
-0.19245659297549114,-0.310721456021888,-0.1321624457196826,-0.13890270671314278,-0.08713705743367077,0.022440069848370672,-0.08356882913264539,0.016482965922041196,-0.16189532599882106,-0.22040078346108583,-0.14518213691136173,-0.22713108265821227,185.6,6,Syn
-0.1756375277117153,-0.2824035132812734,-0.13049760821546846,-0.1373145577385276,0.37086963593497413,0.5899609449735589,0.2417348317727439,0.35788696285864907,-0.14362803977820457,-0.18582626601020072,-0.12847758266211456,-0.17157392302683577,185.6,6,Syn
-0.19495818839545664,-0.33383801036638233,-0.1306304660106494,-0.13637064421851933,-0.030776448249700796,0.13830189836057527,-0.06421506632292279,0.010715531280755277,-0.161862483388753,-0.22297505029641554,-0.14415971460181465,-0.22451753086859844,185.8,6,Syn
-0.1883266157921738,-0.29630879830752826,-0.12957583377810694,-0.1340716646636525,0.2624460675048097,0.5225994167687887,0.2762306577133894,0.5040421968170897,-0.1543177431034618,-0.20574570533554734,-0.14568960567115158,-0.22365086084509955,185.8,6,Syn
-0.17188594311293057,-0.29123834479866084,-0.1316545291929732,-0.14022737062542437,0.13339377937332286,0.13611264869392023,0.14316100357607386,0.1184680906764873,-0.15638229752256805,-0.21577926504805295,-0.14296514212301734,-0.22138036593978738,185.9,6,Syn
-0.19232722798932614,-0.32449253278870865,-0.13191201465443006,-0.13962511905437613,-0.2581835249571352,-0.3416489900984118,-0.1133515625755864,-0.15780609555486738,-0.16336871343670217,-0.22951930569331674,-0.14454143889015214,-0.22500954666318895,185.9,6,Syn
-0.18189394185511965,-0.2893954362605767,-0.13135354162158985,-0.1400420624497172,0.09999489985689622,0.17215106628347226,0.1918963855736137,0.23803685762997584,-0.15265749253933136,-0.20563566918285608,-0.14377948727147066,-0.2101858781362601,186.0,6,Syn
-0.1879789473918554,-0.2907276987383746,-0.13220124489880625,-0.1386898918551041,0.049528210587589765,0.2056634265653454,0.03967352575413743,0.14041247614089225,-0.1582962289368794,-0.21160368262224252,-0.14564769084733412,-0.2304172064973122,186.3,6,Syn
-0.18634409737919533,-0.3026656870836551,-0.13117365451838028,-0.13876662102160783,-0.0956095673109996,-0.1471425774071381,-0.01898943405771607,-0.08128208470463473,-0.1604400586216672,-0.2256188136492345,-0.14403846100434275,-0.2213668242206702,186.3,6,Syn
-0.18837674472431273,-0.28460976613148425,-0.13184382215778853,-0.13870581677645394,0.04289755068359329,0.1670989516681145,0.12821949757271286,0.2574491986177187,-0.15559520738472996,-0.20509417548408596,-0.14553691595581658,-0.2251359360416159,186.3,6,Syn
-0.1782345298089775,-0.30766085303235213,-0.13091969625502559,-0.1378893026272443,-0.175791436150068,-0.23791223666306582,-0.13320671820421373,-0.21041635301440234,-0.16398932551660905,-0.2336167045369518,-0.1455952973175623,-0.22987102382625302,186.5,6,Syn
-0.19489188884004707,-0.3256578532852592,-0.13347691487908336,-0.14204281165930532,-0.3017739743260009,-0.35192162314963926,-0.2897415562662707,-0.317606235859765,-0.16880246664727366,-0.23879129940166968,-0.14289029422334332,-0.22121786531038135,186.6,6,Syn
-0.17519283557177315,-0.28069481300262344,-0.13108312310042514,-0.1382353077365725,-0.11857129697854292,-0.13821717492000607,0.15860390239833955,0.17107834813602227,-0.15164276913860772,-0.20562987780639866,-0.14026163598679184,-0.20386640921491406,186.9,6,Syn
-0.18231437806015588,-0.3083057073520725,-0.1330242577893076,-0.14086147203917226,0.11301063966844484,0.13341818756572943,0.08931141482570577,0.0892089100572807,-0.15648082535277225,-0.22059479457240988,-0.1426807201042561,-0.21701993238405862,186.9,6,Syn
-0.1834350022528101,-0.2932809290398056,-0.13064692626845942,-0.13656753415520817,0.3080011568452299,0.5187261288970145,0.37299947176200243,0.5615758740923565,-0.1513075480151544,-0.20065508542946225,-0.1441866598456973,-0.2161036093904634,186.9,6,Syn
-0.19423536153525975,-0.32063977373129293,-0.13310891054375917,-0.13981187495020597,-0.20440150573583055,-0.04879474622817373,-0.2033014342870951,-0.025577106218068302,-0.16726792400443824,-0.227836910832432,-0.14441419746070633,-0.22246821737553338,187.0,6,Syn
-0.18236127286764067,-0.2782266903779068,-0.1300014490157662,-0.13423815247776438,0.6525498918566018,1.0919727339196081,0.5929103621336174,0.9340677504368714,-0.1490538654622079,-0.1929467633646167,-0.14440970658672586,-0.22284287160444174,187.1,6,Syn
-0.1791400847121324,-0.28554595057534227,-0.1290585113897918,-0.13279477551542043,0.29695005700523575,0.48066686546131937,0.2859576784001412,0.36787447162770515,-0.1497650778457508,-0.198127149605792,-0.14586474975638877,-0.22328974833530835,187.4,6,Syn
-0.17849487684363452,-0.2871597230607339,-0.13178268405735127,-0.1399117676386731,-0.0606144178176849,0.47308869353828276,0.10706072061493324,0.937162471463903,-0.16399612053938176,-0.21267219157863923,-0.1387781506152528,-0.2091476796706104,187.4,6,Syn
-0.17511521658007415,-0.2740302272414523,-0.128485929564543,-0.1342396001978871,0.38130678578385746,0.5923185984607259,0.422236246578447,0.6169995143037383,-0.14849214357966445,-0.18990049934800604,-0.14257593304471244,-0.21864493867811902,187.5,6,Syn
-0.19479809922507746,-0.31532054393664505,-0.13338168053032534,-0.14249015717722338,-0.12385126690209566,0.09805338525822513,-0.12538499022929994,0.07387597405971569,-0.16234832751700126,-0.20936531562144403,-0.1452824330969249,-0.22579948027835722,187.6,6,Syn
-0.18397510107004894,-0.3009078862222853,-0.13295606529266607,-0.1399450652014955,-0.1669505562780727,0.0005475731818203833,-0.15185853106746972,0.052072257732903075,-0.16585569177151147,-0.22219031878643314,-0.1456955935031255,-0.22997935757919039,187.8,6,Syn
-0.1855759927738407,-0.2716373921769061,-0.13102668793079075,-0.1365487137936129,0.08120803012890622,0.19235952474490328,0.10174595673454309,0.15096266146031773,-0.15605613642947833,-0.20783349654845254,-0.14317172232611763,-0.21871264727370487,187.9,6,Syn
-0.1896380533394214,-0.289307055211681,-0.1311760059837817,-0.13680640797545565,0.13744584931465403,0.34392296320563603,0.16181281643932982,0.33537990084387476,-0.15630188975309106,-0.207459952766948,-0.14500699282612453,-0.22251335643925726,188.0,6,Syn
-0.173789225471883,-0.2878340377300862,-0.13126418593633543,-0.14002468980824467,0.12786822945332582,0.23126080728315804,0.256475780648543,0.3473367775392236,-0.15218976847181032,-0.20449187233251273,-0.1363650543297625,-0.20477370439576445,188.1,6,Syn
-0.17247778792463542,-0.2730842226810503,-0.12843890025651436,-0.1321939716644949,0.1779665487279658,0.296769893462297,0.2860579569639221,0.38897484226655604,-0.15129509047340442,-0.20135294629258313,-0.14086491005816443,-0.21595465048017456,188.4,6,Syn
-0.18563744114226907,-0.3086297711980234,-0.13303601511631477,-0.1412161634692367,-0.23252041532870443,-0.2363966022784585,-0.23529029613321692,-0.2887690626533354,-0.16681945250143984,-0.23528462095669297,-0.1448647818167439,-0.22913525708755345,188.5,6,Syn
-0.18311482391205175,-0.27987319658511167,-0.13188614853501432,-0.138569731084919,-0.017760708438152174,0.0029052266689873372,0.007985499599358441,0.044757462578101426,-0.1583030239596521,-0.2149047672029803,-0.14199960421722252,-0.22021126418933837,188.5,6,Syn
-0.1877428562921043,-0.3145709417071224,-0.13177327819574555,-0.1403040997919281,0.11325621966488915,0.17349829684756765,0.14817493176512117,0.22692399576018102,-0.1566257858385899,-0.2112156603995944,-0.1423049836478925,-0.21984563777317476,188.8,6,Syn
-0.19202645439649255,-0.30676067568248866,-0.13153460445750015,-0.13888243863142483,-0.08357614748522822,-0.036332863510291254,-0.05849918818740885,-0.03401725447360867,-0.1617322454522762,-0.2234875871128985,-0.1455429037877905,-0.22800226658808354,188.9,6,Syn
-0.1934332986210368,-0.31918312311060476,-0.13208602309413606,-0.1367991693748421,-0.20182291577316525,-0.040206151382065534,-0.1548668879808981,0.029143188305351744,-0.1646405151989931,-0.22221927566872032,-0.1447944247910503,-0.22313176161227471,188.9,6,Syn
-0.18571182600931394,-0.29513693106661504,-0.13043294291692906,-0.1375765950807385,0.04879147059825682,0.048374258207207164,0.08399665094531562,0.09539835211134363,-0.1581127633220164,-0.21756300899694284,-0.14010894627145684,-0.21459145075571276,188.9,6,Syn
-0.19490159121400946,-0.3224761355250145,-0.13212011934245685,-0.13715241308478385,-0.1712482062158482,-0.12356604253546856,-0.09750754949819691,0.010856200418347617,-0.16438343683742582,-0.2271737982280557,-0.14457437196600872,-0.225357117453863,189.2,6,Syn
-0.19601898128200956,-0.33633886671291213,-0.13369442542871585,-0.14343696613747708,-0.27684760468690306,-0.21534612471446785,-0.26276662260919614,-0.17904713533131064,-0.16854199077432003,-0.2357710965791175,-0.1462344983807784,-0.23003352445565906,189.2,6,Syn
-0.19009891610263419,-0.3292782029178011,-0.13201077620129023,-0.14017670042112942,-0.12164104693409684,-0.04963676533073336,-0.0885827573216927,-0.025577106218068302,-0.1614004218402092,-0.2205310894313781,-0.14560727298151016,-0.2277404600184849,189.2,6,Syn
-0.18280596500758284,-0.2789664724908855,-0.13344164289806187,-0.1415375573364788,0.5081488539473454,0.749607766818864,0.4516178657662642,0.7046363870237659,-0.14911502066716223,-0.19125278575081703,-0.1462344983807784,-0.22659392779989787,189.3,6,Syn
-0.1847723127972907,-0.288737488452131,-0.13093733224553633,-0.13817305577129588,0.2041208183492852,0.27976110759059253,0.23371254667026822,0.30837142642614557,-0.1509111716867467,-0.20289634811848947,-0.1448423274468417,-0.22049112638442653,189.3,6,Syn
-0.14444924660966316,-0.16503675371998142,-0.0795178383124132,-0.03268927219024678,0.48690618425491233,0.7502813821009117,0.2780356718614464,0.38897484226655604,-0.15299950868555742,-0.20334807548216938,-0.14125861001044976,-0.21339075166065702,190.0,6,Syn
-0.18919659532413338,-0.3047410050466131,-0.1309855372862657,-0.1388476933484797,0.012936791117387032,0.07346642746348403,0.028843440865795242,0.02843984261739005,-0.15905500647983123,-0.22119999341221183,-0.1462344983807784,-0.22655781654891874,190.0,6,Syn
-0.193257038827387,-0.3229573212356688,-0.1327561907335443,-0.14181262415979412,1.0359002663061754,2.189965643657361,1.9086653975034116,3.9986855820235787,-0.13973449172944574,-0.14866589897107102,-0.1413469305320651,-0.1938816483191873,190.2,6,Syn
-0.19612247327094154,-0.3336285145467777,-0.13309950468215345,-0.1410091394916889,-0.2795489846477905,-0.29584315091916813,-0.24561898820265438,-0.24586497568767188,-0.16653632655257722,-0.22971910818109825,-0.1462344983807784,-0.2312838765208111,190.5,6,Syn
-0.1910610681872363,-0.3068752437088349,-0.13288904852872524,-0.14095412612702582,-0.15172459649852527,-0.176613245996725,-0.12789195432382358,-0.18833129841240506,-0.1641093709189268,-0.2333300314023088,-0.14556835207367966,-0.2298349125752739,190.6,6,Syn
-0.19022019577716387,-0.310803290326421,-0.13271739155442067,-0.14026501134861488,-0.05717629786746451,-0.010735482792478612,-0.06973038733087482,-0.04428610151784945,-0.1617707505813215,-0.22467771497490135,-0.14442168225067373,-0.2254473955813108,190.6,6,Syn
-0.19287864624285442,-0.31339252772184656,-0.13097025276115637,-0.1358784193767972,-0.026847168306591777,0.10950484505303605,0.001868507208720727,0.13464504149960635,-0.1576235216823818,-0.20542428394215972,-0.14499651412017017,-0.22525781151367041,190.7,6,Syn
-0.18068599629680407,-0.2910681294452321,-0.12950528981606396,-0.13647922322772274,-0.05373817791724412,-0.08533837527926151,-0.049373838883342756,-0.11054126532384133,-0.16078886979066595,-0.22833496920777135,-0.1443558160989606,-0.22161057516477928,190.7,6,Syn
-0.19507461688300512,-0.33458761259590497,-0.13321590221952437,-0.1425524091425,-0.10690624714743802,0.005768091617690067,-0.11184738411887221,-0.012635545559573072,-0.16438343683742582,-0.22808014864364423,-0.14533332966870324,-0.22551059027052425,190.8,6,Syn
-0.1885077267728048,-0.2960534752773851,-0.13273737901033286,-0.1397872637081199,-7.894869416159149e-05,0.050226700232838345,0.06594650946474531,0.13858377735219185,-0.15629056471513655,-0.21119249489376468,-0.14544560151821428,-0.2183741042957756,190.8,6,Syn
-0.19065356848081658,-0.31600140535036,-0.1318638096137007,-0.14133777195954453,-0.09192586736433489,-0.07557095368956984,-0.024905869320791894,-0.050897550984689406,-0.16148422712107255,-0.2267741932524927,-0.144855800068783,-0.2265848999871531,190.9,6,Syn
-0.0874219265834812,-0.01931931769626163,-0.0386411395066124,0.043882092820118956,0.1756335387617448,0.26679401341117426,0.31283233349343476,0.4172493389226163,-0.15149101363001735,-0.20600921296436062,-0.14059545761933795,-0.20699454633098036,190.9,6,Syn
-0.18598510954258748,-0.29429240104383403,-0.13157693083472594,-0.13883032070700718,-0.03777547814836373,0.040964490104682456,0.05321113186456516,0.13197232788535188,-0.1585136696656059,-0.21522908428459664,-0.14083048002431436,-0.21622097095614556,191.1,6,Syn
-0.1908282112121393,-0.29955925688358076,-0.13224944993953563,-0.14069353650493766,0.06659602034046956,0.18090806495009237,0.12029749103401813,0.2404282329690456,-0.15587267081461534,-0.2072746287203101,-0.14502196240605933,-0.22588073059306024,191.1,6,Syn
-0.13267864993097608,-0.10093103292097594,-0.11741758192000051,-0.1095458380647868,-0.0015524286728274732,-0.0021468879463704214,0.4542251084245688,0.6601849395445866,-0.14831320797998326,-0.19349115275161555,-0.13567495669476806,-0.1966983258955587,191.3,6,Syn
-0.17875684094061864,-0.2983808428983049,-0.12920195077927918,-0.13531380852893948,0.20055990840084265,0.3030008348212382,0.2084423485974698,0.2885370780256257,-0.15410369988612166,-0.20798696802457456,-0.1462344983807784,-0.2180220195987292,191.5,6,Syn
-0.1894828153560234,-0.31190641675152647,-0.13280086857617152,-0.14154334821696965,0.10159116983378426,0.22957676907803878,0.09723342136440051,0.1586994640278964,-0.15883190323212748,-0.22008225775592694,-0.1438977469529556,-0.2212404348422433,191.7,6,Syn
-0.18097545045334823,-0.3029341036025235,-0.1308997087991134,-0.1369091961041682,-0.05852698784790824,-0.02606023045906381,-0.006655170712659695,-0.0029293750657016495,-0.15995647950100983,-0.22625007368309488,-0.14365523975801178,-0.22356961053039653,191.7,6,Syn
-0.1762309895857472,-0.2835131864507415,-0.12838246508687998,-0.13354614225910802,0.5510025633268781,0.8316204274081717,0.5691443425175331,0.8227984626013309,-0.14125091431155398,-0.17678303167191645,-0.14342171431102885,-0.2133546404096779,191.7,6,Syn
-0.19388122488563309,-0.32148103038189263,-0.13167216518348396,-0.13935294767130624,-0.032004348231922365,0.16002599120661362,0.014904720500243726,0.12831493030795105,-0.16012522256653194,-0.21606593818269595,-0.1442255807535278,-0.21700187675856905,191.7,6,Syn
-0.1823903799895278,-0.2726848712749291,-0.13220947502771127,-0.1399190062392867,0.15893409900353148,0.3525115580517442,0.19660947807131815,0.37307922971862173,-0.1554502468989123,-0.2066868040098805,-0.14448006361241944,-0.21807618647519786,191.9,6,Syn
-0.18928391668979475,-0.3147477038049138,-0.13123596835151824,-0.13937611119326965,0.01723444105516252,0.13089213025805055,0.022826727038938472,0.12015612032759537,-0.15819883361047066,-0.21270114846092641,-0.14475550388321984,-0.2269369846841995,191.9,6,Syn
-0.18265557821116604,-0.2767209391744988,-0.13151696846698943,-0.13864935569166817,-0.0424414980808057,-0.0014732726643227202,0.05451475319371746,0.05882437633733537,-0.1566926035625215,-0.21414030551059893,-0.14413726023191245,-0.21672201456348086,192.1,6,Syn
-0.17599166436134198,-0.24337837013555527,-0.13159339109253598,-0.13793128651080297,0.4275986151136106,0.6613641648706152,0.543172194498268,0.862607828539963,-0.1433664314014555,-0.17511221956394654,-0.14454143889015214,-0.2121313717827602,192.1,6,Syn
-0.1545154595956265,-0.25557168151097887,-0.12772875770528175,-0.1328150435971384,0.49992192406646097,0.6337459383066595,0.6412446298760334,0.8313792799944637,-0.14132452705825826,-0.18170280597250724,-0.1342947614247792,-0.20795149448192704,192.2,6,Syn
-0.18561318520736314,-0.2889764446213675,-0.13167686811428683,-0.1379139138693304,-0.2516756550513609,-0.14579534684304268,-0.2529393233586634,-0.19606810097998373,-0.167455919634483,-0.23262637916273046,-0.14394864352473394,-0.22695504030968905,192.3,6,Syn
-0.18071510341869118,-0.24686778488084427,-0.13130886377896264,-0.1374578820306761,0.3738165958923059,0.5054222270765724,0.43808025965583647,0.616436837753369,-0.14731773714378227,-0.19190431560227844,-0.1433199211674722,-0.2213668242206702,192.5,6,Syn
-0.1907295704101885,-0.30514035645273435,-0.1316615835891775,-0.13792549563031212,0.041424070704927415,0.21846211692425171,0.11558439853631367,0.28769306320007165,-0.15802216301838037,-0.21100137947066933,-0.14344267172293756,-0.2184734102359682,192.6,6,Syn
-0.17276400795652544,-0.2739123858429247,-0.13076567527123176,-0.13865948973252715,0.1332709893751007,0.19421196677053446,0.22067633337874523,0.27840890011897723,-0.1515702888956989,-0.20427469571535894,-0.1389323372885813,-0.2133997794734018,192.6,6,Syn
-0.18508278876408668,-0.2990420640789319,-0.13125830727283186,-0.13860013320749595,-0.06049162781946275,-0.11312500566372918,-0.016382191399411473,-0.06496446474392335,-0.16161673006514024,-0.22872878280687692,-0.14309537746845014,-0.22664358076999414,192.7,6,Syn
-0.1868227478280058,-0.3000568094551417,-0.1320519268458153,-0.13978436826787446,0.09766188989067523,0.2230090200780737,0.14767353894621643,0.23170674643832057,-0.15674809624849856,-0.20985758262032597,-0.1440803758281602,-0.22257655112847072,192.9,6,Syn
-0.18769919560927362,-0.3079423630399458,-0.13120775076670105,-0.13668335176502514,-0.06835018770568078,-0.09443218158690549,0.004475749867025327,-0.020653686402336422,-0.16087947009430198,-0.225152607844411,-0.1431896858220394,-0.22338905427550093,192.9,6,Syn
-0.17591566243197004,-0.29321218822399786,-0.13160162122144098,-0.13959616465192187,-0.06871855770034725,-0.1004947191253348,-0.021496398152239724,-0.04105071135322564,-0.15960313831682926,-0.2238032171298287,-0.14507285897783767,-0.22624635700922383,193.0,6,Syn
-0.16273822152873868,-0.2364911950660543,-0.13011196788963353,-0.1369178824249045,0.8406641691329461,1.1081395006887529,1.0874842387012436,1.4127648256636025,-0.13088623957559103,-0.1595623737757344,-0.13470642487298629,-0.20173133150077358,193.0,6,Syn
-0.19463962711702534,-0.31872812437740106,-0.13227414032625065,-0.13821214421460912,-0.17714212613051172,-0.08567518292028536,-0.19217051370741006,-0.13473635698972372,-0.1650108439401054,-0.22664967865865787,-0.1462344983807784,-0.2317262393453053,193.0,6,Syn
-0.19430327815299636,-0.3198803513852263,-0.13288669706332382,-0.14148254397181576,0.06008815043469525,0.34442817466717185,0.12581281204197017,0.47168829517085165,-0.15611955664202354,-0.19379809570385959,-0.14556835207367966,-0.22889602004981677,193.0,6,Syn
-0.18417238267395056,-0.3111142606836466,-0.13082916483707044,-0.1362504834483342,0.028162750896934475,0.08963319423262886,0.09843676412977187,0.14814927870847092,-0.15926904969717137,-0.22065270833698425,-0.14391571044887735,-0.22061300185648106,193.0,6,Syn
-0.1895992438435719,-0.29872454697734374,-0.13287964266711952,-0.13902576292357333,-0.18315883604339742,-0.08146508740748723,-0.1340089467144613,-0.12235747288159785,-0.16398366299763178,-0.2283060123254842,-0.14511776771764207,-0.2302501919615338,193.4,6,Syn
-0.19548049952709778,-0.32496717175500034,-0.1327338518122307,-0.13940506559572388,-0.16388080632251878,0.20195854251408304,-0.13481117522470887,0.19330407187561188,-0.16523281468401368,-0.21464125957416702,-0.1459231311181345,-0.22329877614805313,193.5,6,Syn
-0.16541284261769987,-0.2984692239472006,-0.13091734478962413,-0.1368961666230638,-0.01518211847548688,-0.03919572845899399,0.08780723636899157,0.030268541406090463,-0.15783529989213105,-0.2193091089988594,-0.14053857321558572,-0.21785049115657837,193.5,6,Syn
-0.18928229962746768,-0.31581809650820597,-0.1318261861672778,-0.13884045474786616,0.018093971042717618,0.13072372643753863,0.13142841161370314,0.22157856853167213,-0.15452272629043834,-0.20397643982780106,-0.14451748756225646,-0.22260363456670507,193.6,6,Syn
-0.17637490813285575,-0.2972515294957489,-0.1292983608607379,-0.13766345828810123,-0.025742058322592368,-0.08466475999721382,-0.05188080297786641,-0.0997097417292312,-0.1614423244806409,-0.2281786020434206,-0.14581385318461043,-0.22681510921214496,193.6,6,Syn
-0.1881034611910392,-0.28105815731475015,-0.13221535369121484,-0.1380181497181657,-0.08836495741589234,0.11590419023248921,-0.08888359301303554,0.13675507856349142,-0.16389532770158666,-0.22111022707712158,-0.14251605472497325,-0.2187036194609601,193.6,6,Syn
-0.19170789311806125,-0.28284541852575185,-0.13234468428829363,-0.13688748030232753,-0.20243686576427602,-0.10504162227915677,-0.17151312956853518,-0.09394230708794528,-0.1651773219980366,-0.22621822111257897,-0.14535728099659892,-0.2280744890900418,193.6,6,Syn
-0.18980622782143589,-0.30497668784366827,-0.13191671758523293,-0.139143028253513,-0.0523874879368004,-0.07287649256137904,0.01249803496950102,0.016764304197225875,-0.15952839306632954,-0.22109285294774927,-0.14364925192603786,-0.22242307831180946,193.7,6,Syn
-0.18069246454611232,-0.2825966422399714,-0.12964167480934705,-0.13477091348292244,0.2380108578586005,0.3541955962568635,0.19891588503827992,0.2871303866497023,-0.15525772125368573,-0.2104772599012715,-0.14264928398639298,-0.22022480590845553,193.8,6,Syn
-0.18815197306085107,-0.29656412133767135,-0.13150638687268298,-0.13942533367744187,0.27055020738747204,0.5522384891788876,0.3743030930911547,0.6493534159499764,-0.149428724218502,-0.19043041029386132,-0.14272862276004744,-0.22058140451187433,194.1,6,Syn
-0.18314878222092007,-0.2956508504990826,-0.13210013188654465,-0.1398857086764643,0.10331022980889445,0.18848623687312901,0.19831421365559423,0.3073867424629992,-0.15384209150937259,-0.20681421429194405,-0.14303250523272396,-0.22253141206474683,194.1,6,Syn
-0.1725295339191014,-0.2833364243529501,-0.13035416882598108,-0.13641697126244612,-0.20980426565760543,-0.2663724823295812,0.03395764761862349,-0.002085360240147613,-0.16014334262725916,-0.22659466058231223,-0.14069575380490115,-0.21641055502378595,194.2,6,Syn
-0.19250348778297593,-0.3118409493079,-0.1305011354135706,-0.1348360608884445,-0.11341411705321233,4.236172028460741e-05,-0.1340089467144613,-0.10730587515921752,-0.16442647198165294,-0.22800486074969759,-0.145239021315114,-0.22805191955817983,194.3,6,Syn
-0.18871309368834172,-0.3202240554642651,-0.13128534912494833,-0.13756935648012494,0.19368366850040186,0.3515011351286727,0.20723900583209845,0.3675931333525205,-0.15420449272391676,-0.2034175719996586,-0.145962052025965,-0.2268467065567517,194.3,6,Syn
-0.19074897515811326,-0.3196577620768964,-0.13169803130289973,-0.13947745160185948,-0.20071780578916584,-0.15606797989427013,-0.15757440920298366,-0.13586171009046244,-0.16561333595928507,-0.23112641266025488,-0.1441192967359907,-0.22022480590845553,194.5,6,Syn
-0.19417391316683139,-0.3269933891352385,-0.13275383926814288,-0.1386985781758404,-0.16547707629940683,-0.14006961694563724,-0.11896716214731938,-0.08015673160389601,-0.16372092211708728,-0.22696530867558806,-0.1448019095810177,-0.22500051885044417,194.5,6,Syn
-0.18023321884522658,-0.2809795963823984,-0.12989445734000105,-0.13514442527458218,-0.05938651783546334,-0.055025687587114964,-0.012872441667078356,-0.022060377778259817,-0.15915013679864906,-0.22266231596771408,-0.14212085781469444,-0.22196717376819808,194.7,6,Syn
-0.1922172677510859,-0.3143418056544299,-0.1318355920288835,-0.1375027613544802,-0.24811474510291837,-0.29281188214995346,-0.12337941895368101,-0.11462067031401918,-0.16308332248024865,-0.22746336705092743,-0.1450998042217203,-0.22576788293375047,194.9,6,Syn
-0.007534196439618364,0.19565285356768278,-0.12346672666518546,-0.12658984706947637,0.019690241019605655,0.04079608628417053,0.3078184053043874,0.379409340910277,-0.11905497242451969,-0.12368769231015521,-0.09668668575457251,-0.08795380747831047,195.0,6,Syn
-0.18302750254639039,-0.2930976201976516,-0.13103609379239647,-0.13881873894602548,0.07617364020179779,0.1625520485142925,0.13664289693031234,0.1398497995905229,-0.15762012417099544,-0.2182608698600637,-0.14257743000270592,-0.22210710486574217,195.1,6,Syn
-0.18497282852584643,-0.2870942556171075,-0.13133120270027626,-0.13838297518908915,0.0018856912773929175,0.032039087617550414,0.01871530592391968,0.019437017811480325,-0.15917505188214898,-0.22335438545437752,-0.14384086254920334,-0.21824771491734868,195.2,6,Syn
-0.1809932381389459,-0.2695358872364975,-0.12787219709476913,-0.1282822318929268,0.0735950502391325,0.23698653718056348,0.1903922071168995,0.3854581138267476,-0.1537616837398956,-0.20053925790031357,-0.14537225057653375,-0.2247251705617284,195.3,6,Syn
-0.1369978234065597,-0.1551086158940325,-0.1253596563133386,-0.12717906915942018,-0.11157226707987998,-0.10403119935608522,0.2537682594264575,0.36365439749993494,-0.15350007536314655,-0.20806804729497866,-0.13757160247250766,-0.2108178250283947,195.6,6,Syn
-0.1655228028559401,-0.2391426265329249,-0.13032359977576247,-0.13656319099484002,0.1414979192559852,0.2331132493087892,0.2610885945824665,0.37743997298398424,-0.14919429593284375,-0.19805765308830278,-0.13709856374656787,-0.20355043576884677,195.6,6,Syn
-0.11357467559906109,-0.11158585937117828,-0.041137220030232936,0.03862686877467403,0.10637997976444837,0.06942473577119783,0.11598551279143744,0.12128147342833409,-0.15475828707989203,-0.21260559074937874,-0.14090532792398838,-0.20634454381335618,195.6,6,Syn
-0.19541905115866942,-0.32180182085566217,-0.13299604020449043,-0.14046334900542642,-0.06343858777679451,0.2644363599240073,-0.1529615952690601,-0.01615227399938156,-0.16373337965883722,-0.21643948196420051,-0.14462227462180008,-0.22174599235595097,195.7,6,Syn
-0.19078293346698158,-0.3031566929108534,-0.13229412778216285,-0.1398726791953599,-0.24295756517758776,-0.10234716115096597,-0.17923457897966802,0.0028380595755842677,-0.1668545601190988,-0.225572482637575,-0.14338429036119185,-0.22189946517261222,195.8,6,Syn
-0.19319559045895865,-0.31189332326280117,-0.13326058006215158,-0.14040544020051796,-0.1550399264505235,0.0005475731818203833,-0.13019836129078535,0.04743017619235587,-0.16504142154258256,-0.22237853852129977,-0.14455640847008694,-0.22484704603378292,195.8,6,Syn
-0.1904465845029526,-0.30266896045583647,-0.1320519268458153,-0.13881294806553462,-0.1425153466318635,-0.10689406430478796,-0.09820949944466353,-0.027265135869176376,-0.16326905310270254,-0.22499044930360282,-0.1446058080838718,-0.2232265536460949,195.9,6,Syn
-0.18433894009363797,-0.30667229463359297,-0.13041060399561547,-0.1355208325064873,0.1486197391528703,0.23648132571902772,0.22358441172839266,0.31653023640650124,-0.15241287171951406,-0.20073906038809505,-0.14064336027512933,-0.21595916438654694,196.2,6,Syn
-0.19116132605151417,-0.27815467618991774,-0.13288081839982024,-0.14138988988396217,-0.1345339967474233,0.11438855584788188,-0.09911200651869205,0.14181916751681564,-0.16443100199683475,-0.21948285029258244,-0.1458003805626691,-0.22609288419256257,196.2,6,Syn
-0.19366292147147968,-0.32246304203628917,-0.13277970538755865,-0.13808329712368775,-0.2017001257749431,0.032712702899598115,-0.19688360620511455,0.0357546377721917,-0.1664083536236913,-0.22329647168980318,-0.1459755246479063,-0.23190228169382854,196.2,6,Syn
-0.1921784582552364,-0.31431561867697927,-0.131609851350346,-0.13793997283153925,0.1060116097697819,0.4808352692818313,0.15228635288013995,0.4934920114976643,-0.1553698391294353,-0.1953357061533085,-0.14300406303084784,-0.22061300185648106,196.2,6,Syn
-0.19157205988258802,-0.3077590541977918,-0.13359331241645425,-0.14283181912618342,-0.18389557603273035,0.22553507738575257,-0.19858834178939064,0.14547656509421647,-0.1661795878570103,-0.21417505376934354,-0.1462344983807784,-0.23094081963650945,196.2,6,Syn
-0.16184075193721906,-0.21144989787894275,-0.08410319584520645,-0.0487705473133328,0.18410604863907362,0.19808525464230875,0.1339353757082268,0.10791790535706185,-0.15378886383098642,-0.2102108565842295,-0.14045773748393778,-0.21699736285219665,196.3,6,Syn
-0.16856126296849033,-0.20831073395705518,-0.13048114795765842,-0.13547161002231511,-0.08762821742655941,-0.08314912561260648,0.2395287033695631,0.36871848645325916,-0.15268240762283128,-0.2047206317025814,-0.1437450572376206,-0.20693135164176688,196.4,6,Syn
-0.18907369858727663,-0.309683797040409,-0.13039531947050614,-0.1330061426533364,0.12774543945510367,0.28531843366748605,0.13884902533349316,0.20413559547022203,-0.1545261238018247,-0.2113488620581154,-0.14389325607897516,-0.22235085580985123,196.4,6,Syn
-0.19431459758928582,-0.3080143772279349,-0.13247519061807314,-0.13618099288244404,-0.2918279844700062,-0.26452004030395004,-0.28332372818429014,-0.2702007364911466,-0.16839363277711603,-0.2358898197964949,-0.14549350417400564,-0.2287922002032518,196.5,6,Syn
-0.18688419619643418,-0.2976410607853262,-0.13201312766669165,-0.13937611119326965,-0.0074463485874910005,0.03288110672011004,-0.016081355708068634,-0.010244170220503302,-0.15969147361287442,-0.22049923686086223,-0.14444263966258244,-0.22419704351615874,196.7,6,Syn
-0.1939022466958849,-0.30209939369628647,-0.13325234993324656,-0.14113653886248756,-0.2551137750015813,-0.16987709317624802,-0.24321230267191166,-0.1524606683263585,-0.16770846798086847,-0.22959748927549212,-0.14520010040728348,-0.22437759977105434,196.7,6,Syn
-0.19116132605151417,-0.3020011925308468,-0.13364034172448291,-0.1408513379983133,-0.21790840554026777,-0.11464064004833652,-0.19217051370741006,-0.09323896139998358,-0.1656280585086259,-0.2257693894371278,-0.1458078653526365,-0.22958664772479245,196.7,6,Syn
-0.19136345884239697,-0.319297691136951,-0.1322318139490249,-0.1378893026272443,-0.054106547911910594,0.09215925154030774,-0.01778609129234472,0.0892089100572807,-0.1608975901550292,-0.21800025791947916,-0.14394864352473394,-0.221642172509386,196.8,6,Syn
-0.18740974145272943,-0.30943829412680984,-0.1320013703396845,-0.13875503926062616,0.0087619311778337,0.041132893925194376,0.0026707357189682964,-0.012635545559573072,-0.15817844854215254,-0.22031970419068175,-0.14522554869317267,-0.22242759221818187,196.9,6,Syn
-0.1796915029656607,-0.3042729128246841,-0.1314781692878658,-0.13944994491952795,-0.13674421671542214,-0.17492920779160576,-0.037942082612314895,-0.055680301662828946,-0.16139928933641376,-0.2260560625717708,-0.1421822330924271,-0.22124946265498807,197.0,6,Syn
-0.18485640003829795,-0.3133401537669454,-0.12917138172906056,-0.13451032386083428,0.2359234278888238,0.47645676994852126,0.23351198954270633,0.418796699436132,-0.15268920264560398,-0.20386350798688108,-0.1415445289872045,-0.2199088324623882,197.2,6,Syn
-0.17680666377418142,-0.261106953869594,-0.13160397268684243,-0.13928200938529336,0.21185658823728107,0.4015170698207145,0.40328359802384817,0.6763618903677056,-0.14573449683774248,-0.1815348560552416,-0.1421687604704858,-0.2144470057517963,197.3,6,Syn
-0.18218986426097208,-0.29144784061826545,-0.13196257116056087,-0.13892007935461534,0.1674066088808603,0.3547008077183993,0.29107188515296945,0.4232981118390869,-0.15193722012542485,-0.2019465623794702,-0.14446659099047812,-0.2205001541971713,197.4,6,Syn
-0.17028343434681176,-0.278462373174962,-0.12733488725054182,-0.13577997440845277,0.23187135794749264,0.28936012535977224,0.35003568065616575,0.4864585546180473,-0.14559859638228842,-0.1868542353313954,-0.139373939896658,-0.21636541596006204,197.6,6,Syn
-0.18372445640935428,-0.27003016643587713,-0.13142055838553068,-0.13836270710737117,-0.163266856331408,-0.1498370385353289,-0.15957998047860258,-0.20507092578589345,-0.16409011835440412,-0.2311293083484836,-0.14410582411404937,-0.22601614778423193,197.6,6,Syn
-0.19448762325828148,-0.32749748845116206,-0.1325727764322326,-0.13899246536075094,-0.05373817791724412,0.05679444923280343,-0.028816733308248795,0.06487314925380597,-0.1621161642389339,-0.22084092807185088,-0.1453976988624229,-0.22968143975861263,197.7,6,Syn
-0.18574093313120107,-0.3134874555151049,-0.1314640604954572,-0.13708147479877097,-0.060859997814129214,-0.01359834774118134,-0.012070213156830788,-0.05216357322302046,-0.15959634329405656,-0.22274049954988945,-0.14350255004267679,-0.22677448405479345,197.8,6,Syn
-0.1886096016994097,-0.2984364902253874,-0.13138763786991065,-0.13624324484772066,0.2467289477323736,0.3941073017181898,0.3171443117360154,0.50165082147802,-0.15084095645142878,-0.1968733166027574,-0.14330794550352435,-0.21519180030324064,197.9,6,Syn
-0.18466396962137752,-0.29627606458571504,-0.13300779753149758,-0.14055600309328,0.11730828960622032,0.15211101164255314,0.19681003519888005,0.27292280375287603,-0.15484095985695992,-0.20907285111034357,-0.14504291981796805,-0.21609006767134625,198.0,6,Syn
-0.1739347610813186,-0.29979821305281723,-0.13190025732742292,-0.14047493076640813,0.039582220731595064,0.03490195256625314,0.13182952586882693,0.08484816679191817,-0.15674469873711222,-0.22140269158822204,-0.14093227316787105,-0.21880292540115268,198.1,6,Syn
-0.17689883632682396,-0.3072745951149562,-0.13267271371179346,-0.1410467802148794,-0.14975995652697074,0.14284880151439724,-0.1316022611837186,0.18345723224414812,-0.16398932551660905,-0.21441250020409836,-0.1438214020952881,-0.22344322115196963,198.2,6,Syn
-0.19293362636197453,-0.31851535518561513,-0.13346633328477692,-0.14082672675622718,-0.23730922525936857,0.009809783309976275,-0.23368583911272178,0.016623635059633535,-0.16734040424734706,-0.2245705745104388,-0.14567613304921023,-0.22971303710321936,198.2,6,Syn
-0.1920070496485678,-0.31644658396701975,-0.1320295879245017,-0.13981187495020597,-0.19101739592961545,-0.24060669779125662,-0.12688916868601413,-0.18959732065073612,-0.16294402451340823,-0.22879248794790868,-0.14396810397864918,-0.21671750065710846,198.2,6,Syn
-0.19044173331597142,-0.327049036462321,-0.12845300904892296,-0.1344770262980119,0.045230560649814275,0.09367488592491507,0.07065960196244979,0.01704564247241055,-0.1582203511825842,-0.22351943968341442,-0.14310136530042405,-0.22347030459020395,198.3,6,Syn
-0.1897884401358382,-0.3071011063893461,-0.13169215263939613,-0.13809922204503758,0.13265703938398993,0.27251974330857975,0.1525871885714828,0.27728354701823854,-0.15677754134718028,-0.2115631429870405,-0.14555188553575138,-0.22572274387002658,198.5,6,Syn
-0.17318606122388874,-0.2636110835883051,-0.1289350594562166,-0.13550201214489205,0.17698422874218853,0.16794097077067413,0.22899945417256376,0.22762734144814273,-0.1522475261653783,-0.20823310152401556,-0.14163135255082634,-0.21500673014197266,198.7,6,Syn
-0.18490329484578275,-0.3089276480665237,-0.13105725698100937,-0.13968881873977546,-0.0577902478585753,-0.03010192215135002,-0.06130698797327535,-0.06707450180780844,-0.16043892611787172,-0.22476748130999158,-0.14344566563892452,-0.22035119528688243,198.8,6,Syn
-0.19513283112677937,-0.33300657383232657,-0.13256219483792614,-0.1386392216508092,-0.29882701436866915,-0.30055845789350205,-0.2643710796296913,-0.2491003658522957,-0.16880020163968276,-0.2393096275946101,-0.1432106432339481,-0.21970570667563066,198.9,6,Syn
-0.19114192130358942,-0.3060536272913231,-0.1314076253258228,-0.1362490357282115,-0.008551458571490412,0.15261622310408893,0.011796085023034395,0.11495136223667882,-0.15918071440112624,-0.21192799970385887,-0.1451312403395834,-0.22677899796116585,198.9,6,Syn
-0.19346078868059688,-0.3304238831812637,-0.13074216061721744,-0.136211395005021,-0.20980426565760543,-0.2670460976116289,-0.20580839838161874,-0.25528980790635863,-0.16587947435121592,-0.2354699450033309,-0.14394564960874698,-0.2253164922965115,199.3,6,Syn
-0.19326835826367644,-0.3236283625328397,-0.13101257913838216,-0.13487080617138958,-0.03458293819458766,0.03894364425853935,-0.031323697402772445,0.013106906619825049,-0.1600991749792366,-0.2184461939067016,-0.14374356027962712,-0.22210259095936977,199.4,6,Syn
-0.1864831647393227,-0.30328762779810625,-0.1319425837046487,-0.14041846968162236,0.06475417036713721,0.055447218668708026,0.13423621139956965,0.16742095055862144,-0.15550573958488936,-0.20935083718030045,-0.14335884207530267,-0.21367512776211758,199.6,6,Syn
-0.19222373600039414,-0.3028751829032597,-0.13255043751091897,-0.13761713124417443,-0.0290573882745906,0.1484061275912908,0.02031976294441482,0.22762734144814273,-0.15873111039433238,-0.20578045359429195,-0.14570756916707334,-0.22690538733959276,199.6,6,Syn
-0.1766772987880164,-0.274861663775508,-0.13116424865677456,-0.13666018824306175,-0.0027803286550490414,0.06083614092508964,0.0650440023907168,0.10819924363224652,-0.15704367973911115,-0.2119308953920876,-0.14254599388484285,-0.2170154184776862,199.6,6,Syn
-0.18353687717941503,-0.3062271160169332,-0.13281615310128084,-0.1400406147295945,-0.2042787157376084,-0.06681395502294973,-0.18645463557189615,-0.11462067031401918,-0.16629510324414626,-0.23017373123300688,-0.14397708572661005,-0.2279706692434768,199.7,6,Syn
-0.18460737243993033,-0.2752937489034425,-0.13245167596405882,-0.1395643148092222,0.00949867116716664,0.06353060205328044,0.05932812425520287,0.1544793899001262,-0.16045704617859893,-0.22115655808878107,-0.14435132522498015,-0.22551510417689663,199.8,6,Syn
-0.18374386115727903,-0.3149473795079744,-0.1321624457196826,-0.13994796064174092,-0.2707081047757952,-0.21164124066320547,-0.2549448946342824,-0.1696223031126239,-0.16796894385382208,-0.23422479906498245,-0.14256844825474504,-0.22543836776856602,199.9,6,Syn
-0.19165938124824938,-0.2842857022855334,-0.13199078874537806,-0.13684404869864616,-0.20464708573227486,-0.1105989483560503,-0.18775825690104844,-0.04878751392080431,-0.16606407246987434,-0.22618057716560566,-0.1462344983807784,-0.232787007342817,199.9,6,Syn
-0.19397016331362152,-0.3036084182718758,-0.13318415743660503,-0.1417402381536585,-0.28433779457845465,-0.2879281713551076,-0.28202010685513784,-0.25346110911765823,-0.1687945391207055,-0.23484447634592795,-0.1442031263836256,-0.21922723260015733,200.0,6,Syn
-0.17200237160047907,-0.30214194753464363,-0.13123008968801467,-0.1391792212565808,0.08476894007734877,0.14874293523231463,0.12611364773331302,0.1911940348117268,-0.15620789193806867,-0.21011819456091055,-0.14377349943949672,-0.22480190697005903,200.0,6,Syn
-0.18994691224389032,-0.3194744532347424,-0.1329078602519367,-0.14059509153659322,0.036880840770707614,0.05628923777126765,0.08519999371068698,0.06627984062972936,-0.15854198226049215,-0.22122026322981284,-0.14291723946722598,-0.21460047856845754,200.3,6,Syn
-0.18792881845971646,-0.32513411373624773,-0.133697952626818,-0.14212533170629993,0.004464281240058211,0.2417018441548974,-0.02911756899959163,0.1298622908214668,-0.16267109109870467,-0.2215648501290302,-0.14162835863483939,-0.22305502520394407,200.4,6,Syn
-0.19130201047396858,-0.31134339673633915,-0.13201783059749453,-0.13766490600822393,-0.10678345714921586,-0.09308495102281007,-0.06210921648352292,-0.0555396325252366,-0.16234039999043312,-0.22734753952177875,-0.14496507800230707,-0.2285710187910047,200.4,6,Syn
-0.18698930524769322,-0.30134324472240115,-0.13113367960655592,-0.13807026764258332,0.06512254036180368,0.1484061275912908,0.1013448424794193,0.1826132174185941,-0.15739135840431445,-0.21327159904198373,-0.144475572738439,-0.21807167256882548,200.4,6,Syn
-0.1562295456623126,-0.21201946463849275,-0.12211580979206253,-0.12267665957778556,0.158565729008865,0.229071557616503,0.17795766520806217,0.2039949263326297,-0.1512339352684501,-0.20145139969235953,-0.13688449875350017,-0.21021747548086683,200.4,6,Syn
-0.19054684236723046,-0.29609275574356103,-0.13035064162787893,-0.1327933277952977,-0.08762821742655941,0.04820585438669524,-0.01096714895524038,0.13225366616053658,-0.15936531251978467,-0.20970121545597523,-0.14498154454023537,-0.2230414834848269,200.7,6,Syn
-0.19418038141613964,-0.308371174795699,-0.13317122437689713,-0.1418821147256843,-0.29784469438289185,-0.181160149150547,-0.27259392185972886,-0.17862512791853363,-0.16823281723816205,-0.2279093030381499,-0.14590516762221273,-0.23130193214630065,200.7,6,Syn
-0.19043849919131728,-0.30627294322747173,-0.13199314021077949,-0.13989584271732328,-0.13207819678298016,-0.0919061242792266,-0.13080003267347104,-0.1396597768054556,-0.16472771799124278,-0.23207330271104545,-0.1459081615381997,-0.23125679308257677,200.8,6,Syn
-0.18876807380746183,-0.2793396369195562,-0.13218125744289408,-0.13954259900738153,0.16666986889152738,0.40421153094890533,0.21706630508263117,0.42948755389314985,-0.15670732611186236,-0.20743678726111828,-0.1462344983807784,-0.22313176161227471,200.8,6,Syn
-0.1926781305142987,-0.3156871616209531,-0.13305717830492766,-0.14251042525894134,-0.1587236263971882,-0.1484898079712335,-0.12779167576004263,-0.14233249041971005,-0.16394062785340466,-0.23025481050341096,-0.14534979620663152,-0.2287876862968794,200.9,6,Syn
-0.1876005548073228,-0.29768034125150206,-0.13072805182480884,-0.13825268037804506,0.2430452477857089,0.3961281475643329,0.24805238129094354,0.3488841380527393,-0.15209010813781068,-0.20257492672510186,-0.14169272782855905,-0.21509249436304806,201.0,6,Syn
-0.19497921020570844,-0.31811600377949384,-0.13346633328477692,-0.14142753060715268,-0.31245670417132854,-0.28944380573971495,-0.29475548445531796,-0.294817835569806,-0.169617869379998,-0.2399756358872151,-0.1460234273036977,-0.23226339420361974,201.0,6,Syn
-0.18240493355047138,-0.3045413293435525,-0.13187556694070787,-0.1376967558509236,-0.22429348544781993,-0.06849799322806899,-0.23839893161042625,-0.17299836241484004,-0.16635286093771423,-0.22962065478132185,-0.1435564405304421,-0.22573177168277136,201.0,6,Syn
-0.1887308813739394,-0.316764101068608,-0.13126065873823328,-0.1400275852484901,-0.09536398731455528,-0.0939269701253697,-0.08537384328070242,-0.13079762113713822,-0.1629168444223174,-0.22906468264140814,-0.14210888215074657,-0.21972827620749263,201.1,6,Syn
-0.18292401055745838,-0.2871662698050966,-0.13085267949108476,-0.13573219964440328,-0.08824216741767019,-0.08415954853567804,-0.07123456578758902,-0.1289689223484378,-0.1606246567403256,-0.22551167318477194,-0.14520010040728348,-0.22192654861084657,201.1,6,Syn
-0.1775375759460136,-0.280354382295766,-0.13175446647253408,-0.1400550919308216,0.36473013602386634,0.4900974794099872,0.3890440419669538,0.5560897777262553,-0.1515702888956989,-0.20120526619291854,-0.1442240837955343,-0.21685743175465255,201.3,6,Syn
-0.18594468298441091,-0.2973366371724633,-0.1317109643626076,-0.13987847007585075,0.18042234869240892,0.2577002071035303,0.30541171977364473,0.4370836873231362,-0.15461445909786983,-0.20953036985048093,-0.14147866283549135,-0.21744875348943565,201.4,6,Syn
-0.18506500107848897,-0.3033400017530074,-0.12997675862905117,-0.13576694492734837,-0.18647416599539565,-0.20557870312477616,-0.16710087276217353,-0.22884401003899882,-0.16576169395648907,-0.2377575387040176,-0.14570457525108638,-0.2272935832876183,201.5,6,Syn
-0.1789557396068473,-0.27304166884269315,-0.13024129848671231,-0.13540791033691577,0.032828770829376436,0.04803745056618332,0.18698273594834733,0.2706720975513986,-0.1538602115700998,-0.20901493734576923,-0.14374056636364016,-0.2222696054951482,201.5,6,Syn
-0.18267983414607197,-0.3131764851578793,-0.130739809151816,-0.13729284193668692,-0.14693578656786113,-0.2229242966375045,-0.16369140159362136,-0.24544296827489487,-0.16333700333042955,-0.23289567816800116,-0.14417767809773643,-0.2214119632843941,201.6,6,Syn
-0.1523825543862312,-0.2233518791302287,-0.12993443225182538,-0.13684404869864616,0.6708456015917033,1.0500401826121388,0.8624591415768005,1.2031678106510166,-0.1355102525724154,-0.16231906896947332,-0.14114484120294524,-0.19556533539608878,201.9,6,Syn
-0.175655315397313,-0.265440898637664,-0.12933716003986154,-0.135924746420724,0.3402949263776571,0.5178841097944549,0.3221582399250627,0.4570587048612484,-0.15064050327963405,-0.19884817597474264,-0.14274359233998224,-0.22153383875644864,202.0,6,Syn
-0.1868437696382576,-0.32457764046542303,-0.13231411523807501,-0.1384162727519115,-0.14730415656252763,-0.1897487439966552,-0.11545741241498626,-0.17862512791853363,-0.1649949888869691,-0.23555971133842113,-0.14414324806388637,-0.22704531843713685,202.1,6,Syn
-0.18560024870874664,-0.28992244918176946,-0.13065750786276586,-0.1367383651296882,0.09704793989956445,0.24187024797540932,0.16050919511017753,0.28839640888803336,-0.15413427748859881,-0.20523027283083567,-0.1451013011797138,-0.22198974330006002,202.4,6,Syn
-0.16287405476421193,-0.26047519303859884,-0.1304999596808699,-0.1369902684310401,0.17784375872974365,0.2790874923085448,0.3807209211731353,0.534426730537035,-0.14812521234993847,-0.19438012903783178,-0.13706113979673087,-0.21287165242783215,202.5,6,Syn
-0.13394804385772005,-0.17631679425681623,-0.07425878594210955,-0.023746704992254133,-0.21287401561315936,-0.1956428777145726,0.02814149091932862,0.039974711899961886,-0.15924413461367146,-0.22229456356266697,-0.1387571932033441,-0.2147539513851188,202.5,6,Syn
-0.18782532647078448,-0.30440384771193696,-0.07485605815407338,-0.0006685985161005293,0.12749985945865935,0.244901516744624,0.21987410486849765,0.34325737254904576,-0.1533041522065336,-0.20247068194886803,-0.14511028292767467,-0.21822063147911436,202.6,6,Syn
-0.18913191283105088,-0.30638751125381797,-0.12899149462585097,-0.13367788479027481,0.04768636061425741,0.129881707334979,0.05391308181103178,0.09596102866171298,-0.15810936581063006,-0.2155389229250694,-0.14426599861935177,-0.21771958787177906,202.7,6,Syn
-0.18941651580061386,-0.30337600884700194,-0.1322035963642077,-0.1393109637877476,-0.05521165789591,0.0002107655407965327,-0.051680245850304514,-0.05680565476356766,-0.1622101620539563,-0.227170902539827,-0.1459395976560628,-0.22709948531360555,202.8,6,Syn
-0.1893194920609901,-0.31347436202637957,-0.12996735276744545,-0.13519654319899982,-0.1621617463474086,-0.15337351876607933,-0.15516772367224094,-0.1400817842182326,-0.16588626937398862,-0.23377596738953124,-0.14518812474333564,-0.22586267496757068,202.9,6,Syn
-0.1924889342220324,-0.3185120818134338,-0.13157693083472594,-0.13839600467019356,0.017357231053384676,0.3523431542312323,0.01039218513010115,0.2629352949838199,-0.16143779446545908,-0.213914441828759,-0.14352650137057246,-0.2215880056329173,203.1,6,Syn
-0.18680334308008104,-0.27275361209073684,-0.13175329073983338,-0.13783284154245853,-0.042809868075472164,0.04332214359184941,0.03275430485325214,0.13366035753645997,-0.16024640047264516,-0.21826666123652114,-0.1457943927306952,-0.22483350431466576,203.2,6,Syn
-0.18545471309931102,-0.2901057580239235,-0.13248342074697814,-0.1406269413792929,-0.06528043775012686,-0.01545078976681252,-0.032627318731924745,-0.020513017264744082,-0.16129170147584596,-0.22551746456122937,-0.1462344983807784,-0.23283214640654087,203.3,6,Syn
-0.1886920718780899,-0.3217559936451237,-0.13174741207632978,-0.13973659350382495,-0.07571758759901019,-0.08516997145874959,-0.0234016908640777,-0.05736833131393702,-0.1600165022021687,-0.2209799211068293,-0.144132769357932,-0.2206897382648117,203.3,6,Syn
-0.19306460841046658,-0.31402428855284165,-0.13256689776872901,-0.1398857086764643,-0.1425153466318635,-0.09645302743304858,-0.11044348422593896,-0.08043806987908068,-0.1642509338933581,-0.22989864085127873,-0.14566116346927543,-0.22615156497540365,203.3,6,Syn
-0.17327985083885836,-0.25021971799451775,-0.13090323599721554,-0.1384510180348566,0.3996024955189588,0.40522195387197685,0.47578499963747223,0.5570744616894017,-0.14514106484892642,-0.19056940332883973,-0.14027660556672664,-0.21380151714054452,203.5,6,Syn
-0.16841734442138176,-0.2742986437603207,-0.13197080128946587,-0.1373348258202456,0.1369546893217654,0.2198093474883471,0.28294932148671276,0.35127551339180907,-0.14785680895041672,-0.19208674396068762,-0.1389488038265096,-0.21147685535876365,203.8,6,Syn
-0.083424548510983,-0.009898552558417586,-0.06187832060356776,-0.005208648820925678,0.14702346917598227,0.17349829684756765,0.07075988052623074,0.059668391162889405,-0.15531661145104914,-0.21320499821272323,-0.1435564405304421,-0.21854563273792643,203.8,6,Syn
-0.1929772870448052,-0.3186331965841427,-0.13046351196714767,-0.1344784740181346,-0.08271661749767313,0.04972148877130257,-0.06712314467257022,-0.005883426955140778,-0.1631048400523622,-0.22170673885223735,-0.1462344983807784,-0.22858907441649426,203.9,6,Syn
-0.1929772870448052,-0.3305089908579781,-0.13162983880625817,-0.13771702393264157,-0.00020173869238374832,0.10175826930948749,0.05170695340785096,0.12606422410647364,-0.15864277509828725,-0.2155389229250694,-0.14450551189830863,-0.225172047292595,203.9,6,Syn
-0.170341648590586,-0.29761814718005697,-0.1314781692878658,-0.13860302864774138,0.13511283934843307,0.2058318303858573,0.17464847260329094,0.2432416157208924,-0.15649101788693132,-0.21434589937483786,-0.13856109170619818,-0.21703798800954816,204.4,6,Syn
-0.1895442637244518,-0.32188038178801387,-0.13258806095734188,-0.14092372400444889,0.027426010907601536,0.025134530976561476,0.1235064050750084,0.2083556695979922,-0.15595307858409233,-0.20943191645070453,-0.14453545105817822,-0.22271196831964243,204.5,6,Syn
-0.17596255723945484,-0.29749703240934805,-0.12945473330993318,-0.1347897338445177,0.19294692851106893,0.2728565509496036,0.29177383509943605,0.3135761845170621,-0.1534321251354195,-0.21221177715027317,-0.14105951459731686,-0.22053175154177804,204.6,6,Syn
-0.1794764336761614,-0.24271714895492827,-0.13037885921269612,-0.13567284311937208,0.09189075997423386,0.265109975206055,0.21375711247785995,0.3622477061240116,-0.15168920179422118,-0.20017150549526647,-0.14227504448802292,-0.2066108642893272,205.6,6,Syn
-0.18582340330988123,-0.3004954413274388,-0.13188379706961287,-0.13932978414934286,0.00949867116716664,0.052247546078981445,0.012096920714377235,-0.014604913485865824,-0.15795194778306246,-0.2205600463136653,-0.14236186805164477,-0.22353349927941743,205.6,6,Syn
-0.19141520483686295,-0.3143581725153365,-0.1322635587319442,-0.14072828178788274,-0.16474033631007387,0.026650165361168803,-0.10803679869519625,0.003541405263545965,-0.16396780794449548,-0.2242723186228809,-0.1448782544386852,-0.22605225903521106,205.7,6,Syn
-0.19231752561536378,-0.32540580362729743,-0.133697952626818,-0.1435701563887666,-0.285442904562454,-0.2316812953041246,-0.30247693386645086,-0.3343458632332534,-0.1694831014283394,-0.23978162477589102,-0.1460593542955412,-0.23113040370414983,205.7,6,Syn
-0.18578135968937762,-0.26470111652468525,-0.13126418593633543,-0.1376837263698192,0.062175580404471915,0.3587424994106855,0.14286016788473102,0.4754863618858448,-0.15293042595403494,-0.18740152040662297,-0.1448647818167439,-0.21436124153072086,205.9,6,Syn
-0.19311312028027847,-0.30516654343018496,-0.1334016679862375,-0.13942388595731914,-0.25990258493224544,0.03001824177140731,-0.22185296858657014,0.12156281170351876,-0.16573677887298915,-0.21289515957225047,-0.14586624671438225,-0.23117554276787375,205.9,6,Syn
-0.18708794604964402,-0.29226291029141455,-0.13276442086244933,-0.14095267840690312,0.031723660845377026,0.05696285305331535,0.06995765201598317,0.08555151247987987,-0.15791910517299437,-0.21940177102217834,-0.14438276134284322,-0.22113210108930592,205.9,6,Syn
-0.17701526481437246,-0.29095028804670453,-0.13328527044886662,-0.14065879122199257,0.35466135616964944,0.5465127592814821,0.3795175784077639,0.5918197386747096,-0.14881717216895873,-0.19649687713302413,-0.14350255004267679,-0.2202925145040414,205.9,6,Syn
-0.17884577936860707,-0.2831891226047906,-0.1296745953249671,-0.13794431599190737,-0.03163597823725589,0.007957341284345096,0.06815263786792614,0.08034675438896331,-0.15426451542507563,-0.20799855077748944,-0.14461778374781964,-0.21920917697466777,206.3,6,Syn
-0.18748736044442843,-0.2884036044896362,-0.13193082637764153,-0.1380080156773067,-0.12065872694831958,-0.0806230683049276,-0.0977081066257588,-0.08423613659407385,-0.1634479887023837,-0.22833496920777135,-0.14611923261528043,-0.2306474157223041,206.5,6,Syn
-0.19218977769152584,-0.3267969868043592,-0.1315369559229016,-0.13918645985719436,-0.0011840586781610028,0.08744394456597383,0.08249247248860143,0.1330976809860906,-0.15793609272992615,-0.2156576461424468,-0.14336033903329615,-0.22305502520394407,206.6,6,Syn
-0.19300962829134646,-0.31558896045551343,-0.1329654711542718,-0.1400044217265267,-0.14091907665497547,-0.05738334107428192,-0.10693373449360584,-0.0683405240461395,-0.16430755908313063,-0.22837840453120212,-0.14484083048884822,-0.22696406812243383,206.9,6,Syn
-0.18110643250184028,-0.2972908099619248,-0.13237642907121297,-0.1408050109543865,-0.05668513787457589,-0.014440366843740967,-0.032527040168143805,-0.08086007729185771,-0.1617118603839581,-0.22777899706785762,-0.14282143415564322,-0.22598003653325283,206.9,6,Syn
-0.195045509761118,-0.3409837818382077,-0.13366032918039508,-0.1431401835123211,-0.175791436150068,-0.11632467825345577,-0.1645939086676499,-0.10055375655478523,-0.16511163677790047,-0.23124224018940356,-0.1445444328061391,-0.2244046832092887,207.1,6,Syn
-0.1941512742942525,-0.320243695697353,-0.133697952626818,-0.14206742290139143,-0.27463738471890425,-0.27748713448336826,-0.2963599414758131,-0.32140430257475816,-0.16916373535802237,-0.23999011432835868,-0.14593510678208235,-0.2282550453449374,207.1,6,Syn
-0.19076352871905683,-0.319408985791116,-0.13199901887428306,-0.1386898918551041,0.030372970864933298,0.09839019289924898,0.05571809595908881,0.1512439997355024,-0.16055783901639403,-0.22127238561792975,-0.14343368997497669,-0.22365086084509955,207.2,6,Syn
-0.18056471662227438,-0.2664949244800496,-0.08859331902924168,-0.0488313515584867,-0.04342381806658295,-0.0612566289460562,-0.01126798464658322,-0.03373591619842399,-0.15969487112426076,-0.2229692589199581,-0.14233043193378167,-0.21940327494868053,207.3,6,Syn
-0.19660920903138732,-0.339297995164827,-0.1332488227351444,-0.1418473694427392,-0.27856666466201324,-0.1963164929966203,-0.2783097999952428,-0.2547271313559893,-0.16844572795170676,-0.23374701050724409,-0.14509531334773987,-0.2237185694406854,207.4,6,Syn
-0.19137962946566758,-0.31187368302971324,-0.13244697303325595,-0.13909959664983162,-0.1425153466318635,-0.0972950465356082,-0.09550197822257799,-0.0629950968176306,-0.16264164600002295,-0.22377426024754155,-0.1453902140724555,-0.22964081460126112,207.5,6,Syn
-0.19379066939531758,-0.3237200169539167,-0.13205780550931887,-0.13765766740761037,-0.09597793730566606,-0.05334164938199571,-0.044861303513200175,-0.029375172933061466,-0.16155330985259503,-0.22570857998432473,-0.1442390533754691,-0.2202383476275727,207.5,6,Syn
-0.17284971225985976,-0.2705539059848886,-0.12917020599635984,-0.13563085923581344,0.16593312890219442,0.24473311292411207,0.38202454250228757,0.5079809326696753,-0.1488522797866177,-0.19568608442898328,-0.13797578113074735,-0.20858344137406165,207.5,6,Syn
-0.16514279320908046,-0.2972580762401116,-0.1295511433913919,-0.13752592487644358,0.0195674510213835,0.006104899258713918,0.1343364899633506,0.1170613993005639,-0.154873802467028,-0.2068605453036035,-0.14304298393867831,-0.21536784265176384,207.6,6,Syn
-0.17645252712455475,-0.2799255705400128,-0.13143466717793928,-0.13856683564467356,-0.17566864615184585,-0.24077510161176857,0.10254818524479066,0.09005292488283473,-0.15542533181541238,-0.21327159904198373,-0.14159542555898283,-0.20939143061471946,207.7,6,Syn
-0.18452813638590426,-0.2765572705654327,-0.13125007714392684,-0.13853064264160578,0.03356551081870938,0.0805393879249849,0.06313870967887883,0.0970863817624517,-0.15633926237834095,-0.2160891036885257,-0.14279448891176058,-0.2212675182804776,208.2,6,Syn
-0.17241633955620703,-0.2713231484474992,-0.13105255405020652,-0.1381962192932593,0.1418662892506517,0.20212694633459496,0.19269861408386124,0.28094094459563934,-0.15084095645142878,-0.20347838145246167,-0.13905059697006625,-0.2162435404880075,208.4,6,Syn
-0.19251965840624657,-0.3231308099612788,-0.13169215263939613,-0.13864356481117732,-0.160933846365187,-0.1944640509709891,-0.08898387157681649,-0.1250301864958523,-0.16297346961208994,-0.2294063738523968,-0.1449471145063853,-0.2261605927881484,208.6,6,Syn
-0.13658223838850467,-0.1555472477663296,-0.1294359215867217,-0.13584512181397482,0.1762474887528556,0.2258718850267764,0.7246763949417806,0.8772374188495663,-0.13681376444097892,-0.17031695985719061,-0.1336914873534066,-0.18085451452846968,208.8,6,Syn
-0.18971405526879334,-0.29768361462368337,-0.13152637432859515,-0.13933412730971098,-0.26407744487179874,-0.17071911227880765,-0.28212038541891876,-0.34489604855267886,-0.1687073363284558,-0.23825270139112828,-0.14476298867318724,-0.22683767874400693,208.9,6,Syn
-0.19588153098420927,-0.33095089610245654,-0.13286553387471092,-0.13865948973252715,-0.28139083462112285,-0.24515360094507863,-0.2624657869178533,-0.19522408615442968,-0.16786928351982244,-0.23216306904613568,-0.14393966177677306,-0.2194709835442664,209.1,6,Syn
-0.18883275630054433,-0.3006001892372411,-0.13353335004871775,-0.14235262376556573,-0.2969851643953368,-0.2768135192013206,-0.30357999806804126,-0.3114167938057021,-0.1686484461310924,-0.2374390129988587,-0.14209540952880526,-0.21879841149478027,209.2,6,Syn
-0.1834560240630619,-0.2993301208308882,-0.13295959249076822,-0.14275943312004782,-0.11906245697143154,0.04349054741236133,-0.04566353202344775,0.024079099352027525,-0.1603483258142357,-0.21885448594695076,-0.14540218973640334,-0.22890053395618917,209.2,6,Syn
-0.1780534188283465,-0.2627992872873373,-0.13146876342626004,-0.13989439499720058,0.04154686070314957,0.09535892413003433,0.16191309500311077,0.25168176397643277,-0.15406179724569,-0.20392721312791284,-0.14372110590972492,-0.22210259095936977,209.2,6,Syn
-0.1837875218401097,-0.3060732675244111,-0.13329232484507092,-0.139982705924686,-0.02782948829236903,-0.037511690253874734,0.010592742257663042,-0.014464244348273486,-0.16001989971355504,-0.2241333255879025,-0.14365224584202482,-0.2245401004004604,209.2,6,Syn
-0.18913838108035913,-0.30796200327303375,-0.1314076253258228,-0.13824544177743148,-0.1803346660842878,-0.21180964448371742,-0.000839014013364819,0.0610750825388128,-0.1593143498489894,-0.2166074318814661,-0.14364027017807698,-0.21734041973649829,209.3,6,Syn
-0.1867920236437916,-0.3094448408711725,-0.13146288476275647,-0.14060812101769765,0.011340521140498992,0.046353412361064064,-0.0018417996511742804,-0.006868110918287155,-0.16086474754496113,-0.22598656605428158,-0.14582732580655175,-0.22655781654891874,209.4,6,Syn
-0.17209616121544868,-0.22506712615324131,-0.13080094725225325,-0.13691498698465907,0.15930246899819794,0.31664154428270413,0.2460468100153246,0.3132948462418774,-0.15403348465080371,-0.20689529356234812,-0.14303549914871092,-0.21569284391057594,209.4,6,Syn
-0.17356607087074838,-0.2713657022858564,-0.13100434900947713,-0.13701053651275807,0.08526010007023739,0.11994588192477541,0.1352389970373791,0.18275388655618643,-0.1532520570319429,-0.20331043153519607,-0.1433633329492831,-0.22078904420500428,209.5,6,Syn
-0.1930726937221019,-0.3198934448739516,-0.13292549624244746,-0.14160560018224627,-0.1717393662087368,-0.2097887986375743,-0.13611479655386116,-0.16301085364578394,-0.16447630214865275,-0.22955694964029008,-0.1460069607657694,-0.22867935254394206,209.7,6,Syn
-0.10218570562956074,-0.035195172775672204,-0.01688067868175662,0.08679541269755106,-0.17309005618918055,-0.21147283684269355,0.11969581965133246,0.14153782924163097,-0.1566031357626809,-0.21648581297585998,-0.13859103086606778,-0.20929663858089925,209.8,6,Syn
-0.1801507486665464,-0.3028555426701718,-0.13148875088217224,-0.14074999758972342,-0.2702169447829066,-0.221745469893921,-0.21473319055812295,-0.16863761914947753,-0.16623281553539648,-0.2331012720322401,-0.1441941446356647,-0.22425572429899981,209.9,6,Syn
-0.17222229207695955,-0.24913950517468159,-0.1301684030592679,-0.13487080617138958,0.41986284522561473,0.632735515383588,0.42323903221625647,0.6182655365420694,-0.1479190966591665,-0.19277302207089364,-0.14424204729145607,-0.2135893635410422,210.0,6,Syn
-0.1869424104402084,-0.30761502582181366,-0.13118776331078888,-0.1380326269193928,-0.2125056456184929,-0.3002216502524782,-0.1487498955902604,-0.2420669089726787,-0.1646008775661523,-0.2346359867934603,-0.1440803758281602,-0.22377273631715408,210.1,6,Syn
-0.18439230315043104,-0.2871531763163713,-0.13146993915896077,-0.1385349858019739,-0.17787886611984466,-0.16650901676600952,-0.13521228947983266,-0.19761546149349946,-0.1639995180507681,-0.23130015395397793,-0.14521956086119875,-0.22796615533710443,210.1,6,Syn
-0.16915634190484927,-0.23386922394881554,-0.13203193938990312,-0.13850747911964237,-0.10936204711188116,-0.13686994435591066,0.29588525621445483,0.3858801212395246,-0.1527367678050129,-0.20375347183418982,-0.1399772139680306,-0.2065205861618794,210.3,6,Syn
-0.1665803616178389,-0.2787340630660117,-0.12877163261081703,-0.13578431756882092,0.09999489985689622,0.13156574554009826,0.25747856628635246,0.29655521886838904,-0.15016824919693117,-0.20217242606131014,-0.13464504959525359,-0.20821330105152566,210.3,6,Syn
-0.19336376494097313,-0.31123210208217417,-0.13264332039427557,-0.1384510180348566,-0.10715182714388234,0.061341352386625414,-0.04646576053369532,0.11523270051186349,-0.16298366214624901,-0.21967107002744907,-0.1462344983807784,-0.23269672921536919,210.4,6,Syn
-0.17162883020292766,-0.29107467618959476,-0.13102668793079075,-0.1377068898917826,0.04694962062492447,0.0665618708224951,0.16722785888350092,0.22242258335722614,-0.15569486771872962,-0.21249555459668748,-0.1415205776593088,-0.21537235655813625,210.4,6,Syn
-0.18542722303975095,-0.29234147122376625,-0.13170038276830115,-0.13827584390000844,0.3301033565252181,0.5860876571017846,0.31764570455492014,0.541882194829429,-0.15220335851735572,-0.20051319670625511,-0.1420475068730139,-0.21767896271442755,210.5,6,Syn
-0.18734829308430107,-0.2649924466488229,-0.13230588510917,-0.13951654004517272,-0.23018740536248347,-0.23151289148361268,-0.14273318176340363,-0.1350176952649084,-0.16536871513946774,-0.23281170320936836,-0.14495010842237227,-0.22610191200530735,210.5,6,Syn
-0.19014581091011898,-0.3122959480411038,-0.1321459854618726,-0.13900549484185534,0.17870328871729874,0.39579133992330906,0.17003565866936743,0.3350985625686901,-0.15777754219856308,-0.2129009509487079,-0.1450923194317529,-0.22409773757596618,210.5,6,Syn
-0.1810368988217766,-0.3128851550337417,-0.13024952861561734,-0.13885203650884786,0.10588881977155974,0.10226348077102326,0.057623388670926784,0.057699023236596654,-0.15822148368637967,-0.22561591796100577,-0.14263730832244514,-0.22446336399212977,210.6,6,Syn
-0.17272843258533008,-0.2666193126229398,-0.13165570492567394,-0.13862184900933663,0.39419973559718396,0.5685736597685443,0.3541471017711845,0.5129043524854071,-0.1514491109895857,-0.2018162564091779,-0.14094424883181889,-0.21799493616049484,210.8,6,Syn
-0.18201037034266815,-0.29404035138587226,-0.13186851254450357,-0.14005219649057618,0.1526718090942015,0.30502168066738133,0.20092145631389882,0.2629352949838199,-0.150424195054703,-0.19991958061936804,-0.14153854115523057,-0.21696125160121754,210.9,6,Syn
-0.17399459238741993,-0.2820238021082401,-0.12494579840268646,-0.12700244730444932,-0.17137099621407034,-0.27529788481671325,-0.012070213156830788,-0.04175405704118734,-0.16012069255135014,-0.2243186496345404,-0.1415909346850024,-0.2137157529194691,211.0,6,Syn
-0.18212679883021665,-0.30916333086357883,-0.13104314818860077,-0.13865948973252715,0.18189582867107482,0.2351340951549323,0.18878775009640436,0.27700220874305387,-0.15428263548580284,-0.2104975297188725,-0.14151009895335445,-0.22011195824914578,211.2,6,Syn
-0.19579582668087495,-0.32750076182334337,-0.13249752953938673,-0.13769096497043276,-0.2053838257216078,-0.09695823889458435,-0.17672761488514435,-0.06862186232132418,-0.16654765159053173,-0.2315289133240466,-0.14609677824537823,-0.23214151873156522,211.3,6,Syn
-0.18086549021510798,-0.2784754666636873,-0.1308773698777998,-0.138856379669216,0.09410097994223268,0.16204683705275674,0.15810250957943484,0.2044169337454067,-0.15512182079823164,-0.21184981612168352,-0.14388876520499472,-0.21948452526338355,211.4,6,Syn
-0.19294494579826396,-0.3252061279242368,-0.131444073039545,-0.13736378022269982,-0.13674421671542214,0.045679797079016364,-0.12347969751746196,0.0678272011432451,-0.1629474220247946,-0.214201114963402,-0.14442617312465417,-0.22125397656136045,211.5,6,Syn
-0.19447630382199205,-0.31459058194021033,-0.13320767209061934,-0.14205728886053245,-0.258797474948246,-0.10756767958683565,-0.2429114669805688,-0.07410795868742541,-0.1680006539600947,-0.22486014333331053,-0.14622851054880448,-0.23288631328300957,211.5,6,Syn
-0.1829159252458231,-0.2843315294960719,-0.132210650760412,-0.1384510180348566,0.003973121247169584,0.05073191169437412,0.06725013079389762,0.11762407585093326,-0.15898592374830875,-0.22056583769012272,-0.14475550388321984,-0.22918491005764974,211.6,6,Syn
-0.18035934970673745,-0.26510374130298786,-0.12998851595605834,-0.1362620652093159,0.2367829578763789,0.4008434545386668,0.4363755240715604,0.646258694922945,-0.1504355200926575,-0.19831826502888736,-0.14054306408956616,-0.21472686794688448,212.0,6,Syn
-0.1886225381980262,-0.2964200929616932,-0.13185440375209498,-0.13925595042308453,-0.2428347751793656,-0.2705825778423793,-0.13832092495704199,-0.11813739875382766,-0.1638488950459732,-0.22814674947290473,-0.1440429518783232,-0.21734944754924307,212.1,6,Syn
-0.19272179119712937,-0.31345144842111033,-0.1325821822938383,-0.13847997243731086,-0.27647923469223656,-0.24498519712456668,-0.27229308616838604,-0.2721701044174394,-0.16845478798207036,-0.23528462095669297,-0.14476448563118072,-0.22691892905870995,212.2,6,Syn
-0.18577489144006937,-0.304109244215618,-0.13281615310128084,-0.13765187652711952,-0.18757927597939505,-0.18419141791976165,-0.1668000370708307,-0.18397055514704252,-0.16378773984101885,-0.22648172874139225,-0.1462344983807784,-0.22751025079349305,212.2,6,Syn
-0.18941166461363268,-0.3095954159915133,-0.1300014490157662,-0.13468984115605057,-0.18315883604339742,-0.20473668402221654,0.04659274665502271,0.12789292289517404,-0.1594468527930571,-0.21851279473596213,-0.13977362768091725,-0.2146275620066919,212.3,6,Syn
-0.1708801303454978,-0.25406593030757085,-0.13094791383984278,-0.13698447755054924,0.19822689843462166,0.3375236180261829,0.3092223051973207,0.4230167735639022,-0.14737322982975937,-0.18957328657816097,-0.14219869963035542,-0.2171147244178788,212.4,6,Syn
-0.19158499638120452,-0.2967245165745561,-0.13091969625502559,-0.13578576528894362,-0.04379218806124942,0.07700290769423447,0.03425848330996633,0.13844310821459951,-0.15945025030444346,-0.21429377698672095,-0.14420761725760603,-0.22122237921675372,212.4,6,Syn
-0.18496312615188407,-0.30575247705064157,-0.1328913999941267,-0.1399320357203911,-0.24357151516869857,-0.320935320175445,-0.06541840908829413,-0.0815634229798194,-0.1612543288505961,-0.2268205242641522,-0.14084395264625568,-0.2113098408229852,212.8,6,Syn
-0.1946881389868372,-0.3193271514865829,-0.13179326565165772,-0.13654292291312206,-0.23534458528781405,-0.07270808874086712,-0.19006466386801021,0.057839692374189,-0.16616033529248764,-0.21895004365849843,-0.1443393495610323,-0.22301891395296494,213.0,6,Syn
-0.18308409972783757,-0.2830843746949883,-0.13093380504743418,-0.13801670199804297,0.1890176485679599,0.40387472330788143,0.3543476588987464,0.5956178053897028,-0.1499711935365228,-0.1909979651866899,-0.1430220265267696,-0.22172342282408902,213.0,6,Syn
-0.1846946938055917,-0.2914674808513534,-0.13131121524436407,-0.13645461198563663,0.18201861866929697,0.3016536042571428,0.3019019700413116,0.43384829715851236,-0.1524762919320593,-0.2050362617195116,-0.14221666312627718,-0.217290766766402,213.0,6,Syn
-0.17278179564212315,-0.25696941143240326,-0.13214833692727404,-0.1398466202331511,0.1412523392595409,0.29087575974437957,0.32566798965739585,0.4368023490479515,-0.15001083116936356,-0.19995722456634138,-0.1385820491181069,-0.20874142809709528,213.1,6,Syn
-0.19089451076754888,-0.32842712615065744,-0.13353687724681987,-0.142743508198698,0.1418662892506517,0.5668896215634252,0.5526986580574579,1.330895387584861,-0.15683982905593005,-0.20377374165179082,-0.13861348523596997,-0.21300706961900387,213.2,6,Syn
-0.19040454088244896,-0.31346454190983564,-0.1310584327137101,-0.13578721300906635,0.009989831160055267,0.13207095700163404,0.016208341829396025,0.04321010206458569,-0.15817391852697074,-0.21567502027181912,-0.14413726023191245,-0.22042793169521308,213.5,6,Syn
-0.17262170647174396,-0.2805344177657387,-0.12980980458554947,-0.13750710451484832,-0.13158703679009154,-0.20018978086839456,0.05832533861739341,0.03153456364442152,-0.15672544617258954,-0.21963921745693316,-0.13787698190317765,-0.21550777374930793,213.6,6,Syn
-0.18003593724132497,-0.29948069595122906,-0.12440260989495558,-0.1276235192370928,-0.062456267791017255,-0.07691818425366526,0.029846226503604703,0.03054987968127514,-0.15871978535637787,-0.22085830220122318,-0.14158794076901543,-0.2150383274865794,213.6,6,Syn
-0.18119213680517457,-0.3097296242509475,-0.13135942028509345,-0.14062115049880206,0.02963623087560036,0.039112048079051276,0.10144512104320025,0.052353596008087755,-0.1580425480866985,-0.21925409092251377,-0.1430759170145349,-0.21740812833208414,213.8,6,Syn
-0.1816724043163121,-0.30265259359492985,-0.13175446647253408,-0.13948179476222763,-0.045756828032803926,-0.04374263161281597,0.083294700998849,0.07457931974767738,-0.15757142650779107,-0.2182724526129786,-0.1437914629354185,-0.22464843415339775,213.8,6,Syn
-0.17218024845645594,-0.25864865136142134,-0.12991091759781107,-0.13549766898452392,0.2140668082052799,0.43907112179487384,0.35083790916641333,0.5320353551979653,-0.1496416349320467,-0.19753932489536238,-0.1424666551111884,-0.20539662347515428,213.9,6,Syn
-0.19210730751284566,-0.32241721482575064,-0.13221535369121484,-0.1401607754997796,0.19380645849862402,0.4122949143334777,0.18146741494039528,0.30794941901336853,-0.15492476513782327,-0.20561250367702635,-0.14324657022579165,-0.2205904323246191,214.3,6,Syn
-0.19152031388812202,-0.32095729083288116,-0.12967812252306926,-0.13349547205481307,0.05971978044002878,0.1425119938733734,0.09021392189973429,0.1969614694530127,-0.15783643239592648,-0.2124810761555439,-0.14555637640973182,-0.2232265536460949,214.6,6,Syn
-0.16508134484065207,-0.24806911247138938,-0.13064692626845942,-0.13634168981606506,0.31684203671722516,0.4090952417437511,0.38864292771183,0.5417415256918368,-0.14752838284973607,-0.19248634893625063,-0.13667642159240642,-0.2086827473142542,214.7,6,Syn
-0.18419502154652942,-0.2896147521967252,-0.13178503552275272,-0.14010286669487113,0.052475170544921526,0.10327390369409481,0.08299386530750616,0.12493887100573492,-0.1568704066584072,-0.21498295078515567,-0.1462344983807784,-0.22143001890988367,214.7,6,Syn
-0.1947964821627504,-0.3192518639264125,-0.13261510280945837,-0.13948469020247306,-0.024145788345704328,0.2575318032830184,0.008687449545825066,0.2715161123769526,-0.16110030833441483,-0.21233629174410804,-0.1462344983807784,-0.22932032724882143,214.8,6,Syn
-0.1520769296064164,-0.22780693866900764,-0.13065750786276586,-0.13786613910528092,0.9057428681906892,1.3036563363030982,0.9387711286141005,1.2794104832260647,-0.13127242336983963,-0.154587581398798,-0.13617793458057748,-0.2063761411579629,215.0,6,Syn
-0.18819239961902764,-0.3005870957485158,-0.1323117637726736,-0.13965986433732122,0.1369546893217654,0.3361763874620875,0.18377382190735705,0.35563625665717163,-0.1552350711777767,-0.2082910152885899,-0.14416869634977553,-0.2273432362577146,215.1,6,Syn
-0.1870459024291404,-0.3024365510309626,-0.13053993459269425,-0.13676876725226514,-0.04047685810925118,0.04248012448928978,-0.024103640810544325,0.03237857846997556,-0.16061672921375747,-0.22038630501994225,-0.14397708572661005,-0.2233168317735427,215.1,6,Syn
-0.19048701106112914,-0.309297539123013,-0.133697952626818,-0.1420992727440911,-0.3215431640397681,-0.3301975303036009,-0.2871343136079661,-0.30494601347645445,-0.1693596585146353,-0.23887237867207378,-0.1462344983807784,-0.23288631328300957,215.1,6,Syn
-0.19273634475807291,-0.3177428393508232,-0.133697952626818,-0.1439523545011626,-0.1297451868167592,-0.07203447345881941,-0.06020392377168494,-0.011650861596426696,-0.1620504790187978,-0.2237510947417118,-0.1462344983807784,-0.22989810726448737,215.1,6,Syn
-0.19171274430504243,-0.2875590744668552,-0.13265742918668416,-0.1393572908316744,-0.01014772854837845,0.48504536479462945,0.06444233100803112,0.6071526746722745,-0.15846497200240153,-0.19319000117582893,-0.14424354424944955,-0.22026543106580704,215.3,6,Syn
-0.16424047243057963,-0.25040957358103444,-0.12742541866849696,-0.12167483725286878,0.15046158912620267,0.26999368600090085,0.2827487643591509,0.3761739507456532,-0.15171071936633476,-0.20310483767095713,-0.13598033612543806,-0.20394765952961708,215.3,6,Syn
-0.19384888363909183,-0.3265743974960293,-0.13161220281574743,-0.13784876646380836,0.32163084664788927,0.7120537148447047,0.28916659244113146,0.5988531955543266,-0.1545057387335066,-0.1996300117964963,-0.14442617312465417,-0.22447239180487455,215.3,6,Syn
-0.19282690024838842,-0.307425170235297,-0.13356274336623564,-0.1434268320966181,-0.1814397760682872,-0.0885380478689881,-0.11736270512682424,-0.03880000515174821,-0.16478207817342438,-0.22751548943904434,-0.1462344983807784,-0.23106269510856398,215.4,6,Syn
-0.19288996567914385,-0.3269606554134253,-0.1321894875717991,-0.14107718233745636,-0.12765775684698252,-0.12878656097133823,-0.08396994338776918,-0.10196044793070863,-0.16314108017381662,-0.23192562261138086,-0.14584678626046702,-0.22909463193020194,215.4,6,Syn
-0.19419331791475614,-0.3331440554639421,-0.13270563422741352,-0.13748828415325307,-0.08725984743189293,0.011999032976631303,-0.08828192163034985,-0.036971306363047796,-0.16319997037118006,-0.22467192359844393,-0.1462344983807784,-0.23030887274437487,215.5,6,Syn
-0.19476414091620914,-0.31420105065063303,-0.13351453832550628,-0.1417634016756219,-0.24615010513136384,-0.05586770668967459,-0.24040450288604517,-0.04949085960876601,-0.16776396066684554,-0.2268060458230086,-0.14235887413565781,-0.21178380099208616,215.6,6,Syn
-0.1893550674321855,-0.29731045019501273,-0.1322553286030392,-0.1402317137857925,0.22450395805416323,0.48723461446128447,0.31393539769502515,0.6358491787411118,-0.15146156853133566,-0.18916499453791183,-0.14352500441257898,-0.2182838261683278,215.6,6,Syn
-0.18797571326720128,-0.2933267562503441,-0.13252809858960538,-0.13971922086235242,0.05554492050047544,0.1876442177705694,0.13112757592236032,0.20807433132280753,-0.15778320471754032,-0.21533332906083047,-0.14455640847008694,-0.2204098760697235,215.8,6,Syn
-0.18175649155731935,-0.2957425049201596,-0.13005553271999915,-0.1370279091542306,-0.046002408029248244,-0.011914309536062088,0.05260946048187948,0.018733672123518626,-0.15880019312585486,-0.21826955692474986,-0.14358787664830516,-0.22171890891771662,215.9,6,Syn
-0.17811486719677486,-0.30912077702522167,-0.13341342531324468,-0.14126538595340893,-0.0398629081181404,-0.04357422779230404,-0.03724013266584827,-0.07354528213705605,-0.15943892526648895,-0.22555221281997398,-0.14291424555123902,-0.21954771995259703,216.0,6,Syn
-0.16834134249200983,-0.24662555533942646,-0.1304576333036441,-0.13602753454943656,0.256429357591924,0.31596792900065646,0.4225370822697898,0.5672026395960501,-0.14625091856846792,-0.18854531725696633,-0.13987691778246739,-0.20417786875460897,216.1,6,Syn
-0.18992427337131143,-0.3014676328652914,-0.13243286424084735,-0.14059509153659322,-0.10285417720610684,0.1544686651297201,-0.06130698797327535,0.13759909338904547,-0.1624208077599101,-0.21627732342339234,-0.141583449895035,-0.22112307327656114,216.2,6,Syn
-0.18382956546061333,-0.3006231028425103,-0.1322835461878564,-0.13865804201240445,-0.016778388452374917,-0.014103559202717117,0.09793537131086713,0.09047493229561175,-0.1588568183156274,-0.22116814084169592,-0.14279149499577362,-0.22445885008575736,216.3,6,Syn
-0.19171274430504243,-0.32256451657391016,-0.13329232484507092,-0.1424221143314559,-0.10457323718121704,-0.05721493725376999,-0.056894731166913716,-0.04414543238025711,-0.16201084138595703,-0.22410726439384404,-0.14491567838852223,-0.22875608895227267,216.3,6,Syn
-0.19387799076097897,-0.33545178285177396,-0.1297545451486158,-0.13403112850021656,0.07298110024802172,0.13442861048880098,0.15278774569904469,0.24408563054644644,-0.1565986057474991,-0.2128314544312187,-0.14205050078900086,-0.21987723511778148,216.5,6,Syn
-0.18216399126373908,-0.27852784061858843,-0.12720790811886448,-0.1308678600320906,-0.1120634270727686,-0.1511842690994243,0.10706072061493324,0.1684056345217678,-0.15735964829804183,-0.2150871955613895,-0.14090083705000794,-0.20894455388385283,216.7,6,Syn
-0.16565701902908628,-0.25920512463224604,-0.1310948804274323,-0.13505756206721944,-0.030408078255034325,0.05847848743792268,0.08018606552163966,0.11734273757574859,-0.155628049994798,-0.2120119746624917,-0.141162804698867,-0.21968765105014113,216.7,6,Syn
-0.18092370445888223,-0.2647371236186798,-0.13204134525150885,-0.1397076391013707,-0.08173429751189587,-0.08028626066390375,-0.04145183234464801,-0.06960654628447055,-0.16097799792450618,-0.22576359806067037,-0.1443992278807715,-0.2241744739842968,216.8,6,Syn
-0.18429204528615317,-0.30947102784862307,-0.13129240352115262,-0.13941809507682829,-0.03495130818925413,0.05005829641232642,-0.012371048848173626,-0.05413294114931321,-0.1600969099716457,-0.22475010718061927,-0.14448754840238684,-0.21948452526338355,217.0,6,Syn
-0.1623937872530744,-0.22515878057431832,-0.1310748929715201,-0.13668335176502514,0.6058896925321823,0.7388299223061008,0.8328769652614214,1.0858497498990056,-0.1352724267753708,-0.16483252635199996,-0.13481570280651034,-0.20514835862467282,217.1,6,Syn
-0.18640877987227783,-0.2926917220471677,-0.13206133270742101,-0.1364517165453912,-0.19322761589761425,-0.08382274089465419,-0.1870563069545818,-0.05244491149820514,-0.166209032955692,-0.22520183454429918,-0.14544111064423382,-0.22959567553753724,217.2,6,Syn
-0.19386182013770833,-0.327903386601646,-0.13295371382726465,-0.1424554118942783,-0.09892489726299783,-0.038858920817970134,-0.05027634595737127,-0.05033487443432005,-0.16208898414784312,-0.22765448247402278,-0.14430941040116269,-0.22560086839797205,217.2,6,Syn
-0.17619056302757063,-0.2912023377046663,-0.130661035060868,-0.13889981127289736,0.07396342023379897,0.16524650964248333,0.1739465226568243,0.19879016824171314,-0.15360766322371433,-0.21212201081518295,-0.1425968904566212,-0.21120150707004787,217.3,6,Syn
-0.19266034282870098,-0.3220375036527173,-0.1312465499458247,-0.13801380655779755,-0.125693116875428,-0.12828134950980247,-0.10633206311092017,-0.12995360631158417,-0.1638941951977912,-0.23255398695701254,-0.14521357302922483,-0.22895470083265784,217.3,6,Syn
-0.19627771125433954,-0.33291164603906825,-0.13343458850185758,-0.14304029082385397,-0.2944065744326715,-0.3168936284831588,-0.2978641199325273,-0.35122615974433413,-0.16936985104879435,-0.23993509625201304,-0.14411031498802981,-0.22192203470447416,217.3,6,Syn
-0.1940235263704146,-0.30504542865947604,-0.13315946704988998,-0.14101782581242517,-0.10862530712254821,0.19926408138589222,-0.10101729923053002,0.15279136024901813,-0.16442194196647114,-0.220542672184293,-0.1461761170190327,-0.22712656875183987,217.3,6,Syn
-0.18859181401381203,-0.30671484847195013,-0.12975924807941866,-0.1347752566432906,-0.21852235553137858,-0.2697405587398197,-0.1107443199172818,-0.11799672961623532,-0.16445365207274373,-0.23396418712439787,-0.14179302401412222,-0.21572444125518267,217.5,6,Syn
-0.1894019622396703,-0.30263950010620455,-0.13118541184538746,-0.1363083922532427,-0.05643955787813157,-0.027070653382135365,-0.027412833415315547,-0.0040547281664403655,-0.15992590189853267,-0.22119130634752568,-0.1459755246479063,-0.23014185820859642,217.8,6,Syn
-0.1806164626167404,-0.2862562723386891,-0.1300719929778092,-0.13647053690698646,0.09004891000090151,0.183939333719307,0.2875621354206363,0.44988457884403904,-0.15114106995722315,-0.19754511627181984,-0.13998170484201103,-0.20885878966277743,217.9,6,Syn
-0.18061161142975918,-0.29059021710675914,-0.13128534912494833,-0.13858276056602342,0.012445631124498403,0.0625201791302089,0.09352311450450551,0.13225366616053658,-0.15454537636634735,-0.20973306802649114,-0.1394278303844233,-0.2192859133829984,217.9,6,Syn
-0.17636520575889336,-0.2820761760631412,-0.13041883412452046,-0.13754908839840696,0.05038774057514486,0.0832338490531757,0.2015231276965845,0.2629352949838199,-0.15263937247860415,-0.20646962739272667,-0.14151758374332185,-0.210416087361252,218.1,6,Syn
-0.14963193136789807,-0.20183927715458205,-0.13105490551560794,-0.13749552275386662,0.875904898622705,1.1717961448422607,0.9817906324761264,1.3199231948526584,-0.13133018106340763,-0.15881528621272534,-0.13856558258017862,-0.19943375315722706,218.2,6,Syn
-0.16924689739516477,-0.2687535512851616,-0.13097965862276212,-0.13865080341179087,-0.1334288867634239,-0.10066312294584671,0.1806651864301477,0.19217871877487316,-0.15503575050977741,-0.21342507051810575,-0.14235438326167738,-0.21129178519749567,218.2,6,Syn
-0.12254452032727613,-0.10409638382031408,-0.1173211718385418,-0.11220529993020893,0.42919488509049863,0.6253257472810632,0.7524535571091027,1.042101648107788,-0.139637096403037,-0.17068760795046645,-0.13333820526694526,-0.18499828057832374,218.6,6,Syn
-0.19081689177584987,-0.2974773921762601,-0.13219889343340482,-0.13971487770198426,0.18521115862307305,0.4554062923845306,0.2121526554573648,0.47872175205046863,-0.15445364355891586,-0.19818795905859507,-0.14575098094888425,-0.22456718383869473,218.6,6,Syn
-0.19449409150758973,-0.3258804425935891,-0.1329725255504761,-0.1405429736121756,-0.282250364608678,-0.22528195012467142,-0.266878043724215,-0.23053203969010688,-0.16891231951543234,-0.23634444284840353,-0.14569409654513202,-0.22946477225273793,218.6,6,Syn
-0.17752787357205121,-0.2806522591642662,-0.1322318139490249,-0.13989005183683242,0.2711641573785828,0.4323349689743968,0.2996958416381308,0.417108669785024,-0.14999044610104545,-0.19821402025265353,-0.14331543029349175,-0.21442895012630672,218.9,6,Syn
-0.18650742067422862,-0.30823041979190213,-0.1331253708015692,-0.14211230222519552,0.19773573844173303,0.22789273087291953,0.20964569136284114,0.2836136582098938,-0.15393608932439498,-0.21222625559141675,-0.14235887413565781,-0.21817549241539044,218.9,6,Syn
-0.17545965085573845,-0.27143771647384546,-0.1315451860518066,-0.13738404830441778,-0.08050639752967431,-0.13939600166358954,0.13313314719797922,0.20497961029577608,-0.1569213693292025,-0.21325422491261142,-0.1419936163852486,-0.2099601828176406,219.1,6,Syn
-0.1868744938224718,-0.2888520564784773,-0.13148875088217224,-0.13791101842908499,-0.19813921582650054,-0.2618255791757592,-0.0038473709267932035,0.02239106970091945,-0.16080019482862046,-0.22303006837276118,-0.1442240837955343,-0.2254338538621936,219.2,6,Syn
-0.1805938237441615,-0.309775451461486,-0.13288316986522167,-0.14123064067046384,-0.1334288867634239,-0.20995720245808622,-0.037340411229629215,-0.11405799376364982,-0.16115919853177826,-0.22612555908926002,-0.14450102102432819,-0.2240390567931251,219.3,6,Syn
-0.16257328117137831,-0.2504324871863037,-0.12988975440919817,-0.1356134865943409,-0.0902068073892247,-0.10066312294584671,0.2661025227715138,0.32933112792740415,-0.15206292804671986,-0.20456716022645938,-0.1360462022771512,-0.21070046346271257,219.5,6,Syn
-0.1751863673224649,-0.2259967638527367,-0.12944062451752458,-0.1318088781118535,-0.13490236674208977,-0.151857884381472,0.12160111236317044,0.21299775113853942,-0.15719203773631515,-0.2142677157926625,-0.14030504776860278,-0.21205012146805718,219.7,6,Syn
-0.1815478905171283,-0.2954609949125659,-0.1316380689351632,-0.13814410136884164,0.012814001119164874,0.07397163892501982,0.09031420046351522,0.12043745860278005,-0.1540244246204401,-0.20862981081134982,-0.14029307210465494,-0.21546263468558405,219.8,6,Syn
-0.17121162812254556,-0.2842824289133521,-0.13152519859589443,-0.1409990054508299,0.22192536809149793,0.310242199103251,0.3120301049831872,0.36070034561049585,-0.1498590756607732,-0.19794472124738283,-0.1411029263791278,-0.21026712845096313,219.9,6,Syn
-0.18635703387781183,-0.3112975695258006,-0.13291138745003886,-0.14192988948973378,-0.14570788658563957,0.3629525949234836,-0.16298945164715475,0.18992801257339575,-0.16732681420180165,-0.22904730851203584,-0.14254449692684937,-0.22361926350049283,220.0,6,Syn
-0.19503904151180976,-0.3262241466726279,-0.13319826622901362,-0.14144490324862524,-0.20317360575360896,0.08912798277109309,-0.16519558005033555,0.08161277662729437,-0.1656994062477393,-0.2226159849560546,-0.14307142614055446,-0.21971924839474785,220.1,6,Syn
-0.1914006512759194,-0.2822103843225754,-0.13309950468215345,-0.14056324169389356,-0.17824723611451113,0.14352241679644495,-0.16880560834644961,0.11874942895167198,-0.16548762803799005,-0.219230925416684,-0.14611923261528043,-0.23210992138695846,220.1,6,Syn
-0.1964895464191847,-0.33676113172430266,-0.1336838438344094,-0.14240329396986065,-0.24553615514025307,0.009472975668952425,-0.23779726022774056,-0.039503350839709905,-0.16723168388298382,-0.22534661895573505,-0.14296963299699778,-0.2138872813616199,220.1,6,Syn
-0.17805988707765474,-0.291840645280024,-0.13151931993239085,-0.1388549319490933,0.2544647176203695,0.37272001651317527,0.21034764130930778,0.3047140288487447,-0.15391457175228143,-0.2101761083254849,-0.1423828254635535,-0.21899250946879303,220.4,6,Syn
-0.17668538409965173,-0.3084366422393254,-0.12987446988408885,-0.13824254633718608,-0.040108488114584714,-0.1356911176123272,-0.09028749290596878,-0.12798423838529144,-0.16298932466522625,-0.23194299674075317,-0.14264629007040602,-0.22556475714699292,220.5,6,Syn
-0.1910222586913868,-0.30897347527706215,-0.13301250046230045,-0.14211664538556365,-0.18917554595628308,-0.20355785727863307,-0.17261619377012558,-0.2505070572282191,-0.16561786597446684,-0.23682512709437062,-0.1445369480161717,-0.22611545372442451,220.7,6,Syn
-0.18437936665181454,-0.3118540427966253,-0.13082093470816542,-0.138866513710075,-0.04133638809680628,-0.027912672484694992,-0.08617607179094999,-0.12390483339511359,-0.1627413063340226,-0.23283486871519812,-0.14246815206918187,-0.22383141709999516,220.7,6,Syn
-0.1906099077979859,-0.29161150922733153,-0.13305012390872337,-0.140842651677577,-0.06159673780346216,0.09131723243774811,-0.023100855172734865,0.12887760685832042,-0.16137663926050475,-0.21676090335758813,-0.14316124362016328,-0.2200984165300286,220.8,6,Syn
-0.1866933828418408,-0.3039128418847387,-0.13061283002013865,-0.1378878549071216,0.043634290672926235,0.1105152679761076,0.09161782179266753,0.10538586088039972,-0.15546270444066226,-0.21090582175912165,-0.1419711620153464,-0.21124664613377175,220.8,6,Syn
-0.19606264196484025,-0.33569401239319174,-0.13161925721195172,-0.13714372676404757,-0.1908946059313933,-0.1590992486634848,-0.1763265006300206,-0.19874081459423817,-0.16487607598844678,-0.23023743637403865,-0.1462344983807784,-0.23217311607617194,220.8,6,Syn
-0.19282043199908017,-0.30854793689349036,-0.13219889343340482,-0.13946442212075508,-0.2127512256149372,-0.25778388748347303,-0.14554098154927012,-0.17764044395538725,-0.16400971058492714,-0.2286245380306431,-0.14482586090891342,-0.226792539680283,221.1,6,Syn
-0.0894076791211138,0.001086884482098265,-0.1017579980791612,-0.08340435580897439,0.7219262408521204,0.778910031587939,0.6935900401696873,0.9619202396801547,-0.1355215776103699,-0.16361344160770996,-0.14277353149985186,-0.19812923421560633,221.2,6,Syn
-0.18084446840485616,-0.2823445925820096,-0.13099024021706854,-0.13878978454357124,-0.18549184600961838,-0.16078328686860405,-0.10252147768724422,-0.10421115413218605,-0.1635691666084969,-0.22921815411753016,-0.14322710977187642,-0.22612899544354167,221.4,6,Syn
-0.18556467333755125,-0.2930616131036571,-0.1320895502922382,-0.1381151469663874,0.08882101001867994,0.18040285348855659,0.060832302711917065,0.10679255225632313,-0.15804141558290302,-0.2159211537712601,-0.14536326882857284,-0.22502760228867852,221.5,6,Syn
-0.18203947746455526,-0.3097689047171234,-0.12963226894774132,-0.1367383651296882,0.12197430953866228,0.2411966326933616,0.19229749982873745,0.2439449614088541,-0.1557979255641156,-0.21493082839703875,-0.1428079615337019,-0.2247612818127075,221.6,6,Syn
-0.1922124165641047,-0.3211045925810406,-0.13294783516376105,-0.13995375152223177,-0.07498084760967726,0.005936495438201993,-0.06672203041744644,-0.053429595461351516,-0.1613755067567093,-0.22191233271647628,-0.14474502517726548,-0.22755538985721693,222.0,6,Syn
-0.1947398849813032,-0.33047298376398354,-0.13198961301267734,-0.13785310962417652,-0.2283455553891511,-0.2737822504321059,-0.16078332324397393,-0.17609308344187152,-0.16520110457774106,-0.23157234864747736,-0.1462344983807784,-0.23005158008114862,222.4,6,Syn
-0.19374539165015986,-0.32992960398188415,-0.12562184470559828,-0.1242966583951004,-0.261130484914467,-0.32548222332926696,-0.06932927307575104,-0.08578349710758959,-0.16280925656174963,-0.2277905798207725,-0.14373906940564668,-0.220473070758937,222.5,6,Syn
-0.17046454532744273,-0.2785736678291269,-0.13070924010159737,-0.14044163320358574,0.34950417624431884,0.48184569220490286,0.5007543620189279,0.6227669489450243,-0.14342079158363713,-0.18857427413925348,-0.1397856033448651,-0.21315151462292034,222.5,6,Syn
-0.1926134480212162,-0.31805380970804875,-0.1322388683452292,-0.1407832951525458,-0.10494160717588351,-0.03549084440773163,-0.08607579322716905,-0.05891569182745275,-0.16280132903518146,-0.2247356287394757,-0.14558182469562098,-0.22419704351615874,222.7,6,Syn
-0.19158499638120452,-0.32223390598359664,-0.13019309344598295,-0.13427724092107762,-0.14914600653585997,-0.14091163604819687,0.014202770553777104,0.05587032444789624,-0.15956916320296574,-0.21855043868293544,-0.14159243164299587,-0.21231644194402818,222.7,6,Syn
-0.1883654252880233,-0.2957555984088849,-0.13287964266711952,-0.1414535895693615,-0.1621617463474086,-0.18334939881720203,0.00257045715518735,-0.005180081267179081,-0.16276735392131797,-0.22822782874330882,-0.14323160064585685,-0.21734944754924307,222.8,6,Syn
-0.18154142226782005,-0.2876507288879322,-0.13027539473503308,-0.13701777511337163,-0.043546608064805106,-0.014945578305276744,0.001066278698473158,-0.020653686402336422,-0.15974130377987422,-0.2230155899316176,-0.1462344983807784,-0.22419704351615874,222.8,6,Syn
-0.18774932454141255,-0.28855090623779567,-0.1325163412625982,-0.14082238359585902,0.33354147647543847,0.5796883119223315,0.43015825311714173,0.6051833067459819,-0.14889078491566302,-0.19504324164220804,-0.14311034704838493,-0.21111122894260007,222.8,6,Syn
-0.18245667954493736,-0.2944691631416254,-0.1308914786702084,-0.137242171732392,0.5715084930299783,0.8215161981774561,0.7660914417833113,1.0911951771275146,-0.1409575958285323,-0.17303601110395622,-0.14085592831020355,-0.2055184989472088,223.0,6,Syn
-0.17535454180447937,-0.2888258695010267,-0.12965813506715707,-0.13661241347901223,0.3635022360416447,0.6007387894863221,0.5556067364071053,0.7848177954513993,-0.14586813228560563,-0.1863909252148006,-0.14322411585588943,-0.2160629842331119,223.1,6,Syn
-0.18080404184667961,-0.28009578589344153,-0.1313288512348748,-0.13981911355081955,0.1427258192382068,0.2270507117703599,0.20613594163050802,0.2861457026865559,-0.1560674614674328,-0.21303994398368634,-0.13816739175391285,-0.21002789141322645,223.1,6,Syn
-0.16773170999470732,-0.2758829558960804,-0.12790276614498777,-0.13364603494757515,0.1745284287777454,0.26915166689834125,0.2784367861165702,0.334254547743136,-0.14888738740427668,-0.19440908592011893,-0.13586956123392052,-0.2124112339778484,223.4,6,Syn
-0.1785256010278487,-0.2936049928857565,-0.13146876342626004,-0.13882742526676176,0.16126710896975247,0.25349011159073215,0.2313058611395255,0.31202882400354637,-0.15354537551496455,-0.20572543551794634,-0.14012241889339816,-0.2193716776040738,223.5,6,Syn
-0.19440030189262011,-0.31909474206170907,-0.13159926975603956,-0.13381686592205516,-0.31061485419799617,-0.2987060158678709,-0.27159113622191944,-0.256696499282282,-0.16896667969761398,-0.23412344997697734,-0.14457437196600872,-0.22175502016869575,223.5,6,Syn
-0.19443587726381548,-0.3058506782160812,-0.13246108182566455,-0.1338805656074545,-0.2465184751260303,-0.19816893502225147,-0.2267666182118365,-0.18270453290871147,-0.1667356472205765,-0.22804829607312835,-0.14577044140279952,-0.23065644353504888,223.5,6,Syn
-0.1945118791931874,-0.3276120564775083,-0.1330383665817162,-0.14130302667659944,-0.273655064733127,-0.24262754363739975,-0.27008695776520525,-0.2929891367811056,-0.1684717755390021,-0.23652687120681273,-0.14412079369398417,-0.22401197335489076,223.6,6,Syn
-0.19308886434537254,-0.3001550106205813,-0.13301837912580403,-0.1407717133915641,-0.09892489726299783,0.09199084771979582,-0.08176381498458836,0.08681753471821092,-0.1637481022081781,-0.22166909490526404,-0.14496507800230707,-0.22715816609644662,223.6,6,Syn
-0.18081374422064198,-0.2735359480420727,-0.13221300222581342,-0.13900549484185534,0.030372970864933298,0.10007423110436824,0.09061503615485807,0.1470239256077322,-0.15763597922413175,-0.21332372143010064,-0.1429381968791347,-0.21867653602272574,223.7,6,Syn
-0.19148150439227252,-0.3097165307622222,-0.1323282240304836,-0.1393572908316744,-0.2951433144220044,-0.2923066706884177,-0.29234879892457527,-0.32421768532660494,-0.16855784582745634,-0.2397642506465187,-0.14403247317236884,-0.22556024324062054,223.9,6,Syn
-0.1933815526265708,-0.31983779754686914,-0.13316416998069283,-0.14174458131402665,-0.20943589566293896,-0.2050734916632404,-0.18324572153090588,-0.2191378395451274,-0.1654887605417855,-0.23408291034177528,-0.1462344983807784,-0.23243040873939816,223.9,6,Syn
-0.16915149071786809,-0.2604588261776923,-0.1310725415061187,-0.13908801488884992,-0.06564880774479333,-0.032122767997493126,0.10174595673454309,0.16109083936696617,-0.15506179809707277,-0.21292701214276635,-0.14373158461567928,-0.21976438745847174,223.9,6,Syn
-0.1948741011544494,-0.31598176511727205,-0.13285847947850662,-0.13998994452529956,-0.22883671538203973,-0.02437619225394456,-0.18926243535776263,0.07373530492212335,-0.16645365377550933,-0.21821453884840425,-0.1460009729337955,-0.2275734454827065,224.0,6,Syn
-0.1670137343214916,-0.2765310835879821,-0.1298556581608774,-0.13561493431446361,0.3821663157714126,0.45978479171784065,0.49664294090390904,0.6912728189524936,-0.1424649583802769,-0.17891715389648113,-0.13382771053081333,-0.20713899133489683,224.2,6,Syn
-0.19583301911439738,-0.32841403266193214,-0.13335581441090957,-0.1401984162229701,-0.23362552531270386,-0.09005368225359542,-0.17291702946146842,0.046726830504394176,-0.16646044879828203,-0.22221058860403417,-0.1459695368159324,-0.2298800516389978,224.5,6,Syn
-0.19204747620674434,-0.3150193936959635,-0.13353452578141844,-0.1419921414550104,-0.15651340642918937,-0.06630874356141396,-0.1291955756529759,-0.06594914870706972,-0.16480133073794706,-0.229609072028407,-0.14420013246763863,-0.22505919963328525,224.6,6,Syn
-0.17593021599291359,-0.2657747826001588,-0.12872813050089055,-0.13522404988133133,0.09741630989423092,0.15817354918098245,0.22398552598351645,0.2888184163008104,-0.1536223857730552,-0.2082070403299571,-0.1427555680039301,-0.21961091464181048,224.6,6,Syn
-0.17595932311480073,-0.2580201639026075,-0.13048702662116202,-0.13863487849044104,0.06401743037780426,0.0658882555404474,0.2197738263047167,0.2750328408167611,-0.1518953174849932,-0.20427180002713022,-0.14392918307081867,-0.21048379595683783,224.6,6,Syn
-0.1964895464191847,-0.3396678862213164,-0.13352511991981272,-0.1424698890955054,-0.2747601747171264,-0.02606023045906381,-0.2542429446878157,-0.10547717637051711,-0.16907653256577268,-0.23875365545469637,-0.14603540296764553,-0.2321911717016615,224.8,6,Syn
-0.19397016331362152,-0.330905068891918,-0.13079624432145037,-0.13408614186487963,-0.15909199639185467,-0.1432692895353638,-0.12979724703566156,-0.18312654032148848,-0.16360540672995133,-0.23140729441844046,-0.14428994994724745,-0.2274786534488863,224.8,6,Syn
-0.19050803287138096,-0.32076088850200185,-0.12790041467958632,-0.1320028726082969,-0.02168998838126119,0.033386318181645815,0.014002213426215212,0.011559546106309314,-0.15908784908989929,-0.21994905609740592,-0.14290077292929768,-0.22177307579418531,225.1,6,Syn
-0.17908995577999348,-0.2684851347662932,-0.13026598887342736,-0.13636340561790575,-0.09573235730922175,-0.1505106538173766,0.18848691440506152,0.26265395670863523,-0.15472997448500578,-0.20836340749430782,-0.14210439127676613,-0.21021296157449443,225.1,6,Syn
-0.04649569614785939,0.0791993648449796,-0.046400975331339446,0.02554237430560206,0.3759040258620826,0.5412922408456124,0.3573560158121748,0.43764636387350553,-0.14934491893763868,-0.19635788409804572,-0.14023618770090268,-0.21057407408428563,225.3,6,Syn
-0.18603200435007228,-0.3040044963058157,-0.1320742657671289,-0.1404474240840766,0.05812351046314074,0.11539897877095343,0.09663174998171484,0.12226615739148046,-0.15744458608270062,-0.2185214818006483,-0.1440803758281602,-0.2185140353933197,225.3,6,Syn
-0.10399358131121648,-0.036439054204574474,-0.07935793866511578,-0.03965135826036927,-0.09352213734122293,-0.1025155649714779,0.15619721686759686,0.17684578277730817,-0.15443552349818865,-0.20956801379745424,-0.1406238998212141,-0.21156261957983905,225.4,6,Syn
-0.16757000376200107,-0.2579383295980745,-0.1299062146670082,-0.13731745317877303,-0.10309975720255116,-0.14427971245843538,0.12440891214903692,0.13366035753645997,-0.155628049994798,-0.21416636670465738,-0.13814044651003018,-0.2056087770746566,225.5,6,Syn
-0.1927234082594564,-0.298076419285442,-0.13321002355602077,-0.14243224837231488,-0.1738267961785135,-0.06310907097168737,-0.15566911649114568,-0.07720267971445688,-0.16641401614266857,-0.23108297733682412,-0.1462344983807784,-0.2325071451477288,225.7,6,Syn
-0.18822312380324183,-0.3210816789757714,-0.13123831981691966,-0.13490989461470282,-0.2090675256682725,-0.1412484436892207,-0.17472204360952545,-0.17510839947872514,-0.16596780964726107,-0.23320262112024523,-0.14527943918093794,-0.2290991458365743,225.9,6,Syn
-0.19274119594505412,-0.32123225409611217,-0.13250575966829176,-0.14010865757536198,-0.03888058813236315,0.06184656384816119,-0.002844585288983742,0.0617784282267745,-0.16063258426689378,-0.22046448860211762,-0.1462344983807784,-0.22663003905087697,225.9,6,Syn
-0.19239191048240864,-0.3245743670932417,-0.13198255861647304,-0.14050967604935322,0.05849188045780721,0.1238191697965497,0.032353190598128356,0.011981553519086332,-0.16003462226289591,-0.22577807650181395,-0.14435132522498015,-0.22363280521961,226.0,6,Syn
-0.19314707858914676,-0.3194842733512864,-0.1320683871036253,-0.13993782660088194,-0.1414102366478641,-0.12474486927905204,-0.10703401305738679,-0.14191048300693304,-0.16293383197924918,-0.22841604847817545,-0.14551595854390784,-0.2300696357066382,226.0,6,Syn
-0.18675159708561506,-0.3036280585049637,-0.1319872615472759,-0.13909235804921807,0.09139959998134524,0.14133316712978994,0.1467710318721879,0.20469827202059138,-0.15480698474309643,-0.2063422171106631,-0.1447270616813437,-0.22794809971161487,226.2,6,Syn
-0.1907036974129555,-0.3147346103161885,-0.13043764584773193,-0.1349576693787523,-0.048703787990135694,-0.014103559202717117,-0.0677248160552559,-0.09056624778572912,-0.1609746004131198,-0.2242549444935086,-0.14328998200760257,-0.22173696454320618,226.2,6,Syn
-0.18111613487580264,-0.29984731363553707,-0.1319225962487365,-0.13914592369375842,-0.016778388452374917,0.022271666027858746,0.08780723636899157,0.06360712701547491,-0.15725885546024673,-0.21626284498224874,-0.14004757099372414,-0.22297377488924106,226.3,6,Syn
-0.18113877374838153,-0.31722237317399304,-0.12945238184453173,-0.13868120553436783,-0.24921985508691777,-0.26014154097063996,0.011695806459253449,-0.021216362952705778,-0.16086927756014294,-0.22491226572142745,-0.14429144690524093,-0.2243144050818409,226.5,6,Syn
-0.1928576244326026,-0.3207543417576392,-0.13210601055004825,-0.13739418234527678,-0.22478464544070856,-0.03902732463848206,-0.16238778026446907,0.14294452061755436,-0.16486248594290137,-0.21509877831430438,-0.14212983956265532,-0.21505186920569655,226.5,6,Syn
-0.19555165026948854,-0.32227645982195385,-0.13285260081500305,-0.1372436194525147,-0.20722567569494013,0.04500618179696866,-0.15506744510846,0.22734600317295803,-0.1657197913160574,-0.2139028590758441,-0.14578990185671475,-0.22951442522283422,226.5,6,Syn
-0.19253582902951719,-0.3327086969638263,-0.12914316414424337,-0.1339529516135901,-0.09082075738033547,-0.06883480086909284,-0.10633206311092017,-0.13642438664083179,-0.1626155984127276,-0.23063124997314421,-0.14362230668215523,-0.22647205232784332,226.6,6,Syn
-0.1791012752162829,-0.2713984360076696,-0.13003554526408698,-0.13812238556700096,0.16016199898575306,0.269656878359877,0.38001897122666867,0.5054488881930131,-0.14902555286732164,-0.1977912497712608,-0.13845630464665454,-0.2085021910593586,226.7,6,Syn
-0.19274119594505412,-0.32823727056414076,-0.129869766953286,-0.13484040404881262,-0.09487282732166666,-0.045258265997423296,-0.01668302709075431,0.0403967193127389,-0.16051593637596237,-0.21895293934672716,-0.1442031263836256,-0.22296474707649627,226.8,6,Syn
-0.18482082466710256,-0.3054742404152292,-0.13125242860932826,-0.14102651213316145,-0.1595831563847433,-0.2882649789961315,-0.13300616107665184,-0.217731148169204,-0.16278660648584062,-0.23272772825073557,-0.1443917430908041,-0.22418801570341398,226.8,6,Syn
-0.05579380452846808,0.09040739119382532,-0.11865327698845327,-0.11528315291109485,-0.004622178628381394,-0.08382274089465419,0.21135042694711723,0.2193278623301947,-0.15132340306829067,-0.20375347183418982,-0.1381629008799324,-0.20627232131139794,226.8,6,Syn
-0.18514747125716915,-0.2900730243021103,-0.12982508911065876,-0.13441187889248984,0.09839862988000818,0.17164585482193648,0.1691331515953389,0.26152860360789654,-0.15743439354854158,-0.21464994663885317,-0.142611860036556,-0.2166181947169159,226.9,6,Syn
-0.19078778465396276,-0.32253178285209694,-0.13130063365005765,-0.1383656025476166,-0.12323731691098488,-0.03448042148466008,-0.1001147921565015,-0.02839048896991509,-0.1633562558949522,-0.2259228609132498,-0.14097119407570152,-0.21870813336733247,227.4,6,Syn
-0.17517989907315665,-0.27748363489274674,-0.13087266694699692,-0.13826426213902676,0.27767202728435714,0.3853503030515697,0.33900503864026166,0.4528386307334782,-0.1521716484110831,-0.20464534380863475,-0.14430491952718225,-0.22210710486574217,227.5,6,Syn
-0.1795880109767287,-0.2778076987386976,-0.13132532403677266,-0.13951798776529542,0.015147011085385853,0.04483777797645674,0.05832533861739341,0.10862125104502354,-0.15789419008949446,-0.2119308953920876,-0.14539620190442942,-0.22089286405156924,227.9,6,Syn
-0.1807312740419618,-0.2694376860710579,-0.13157105217122236,-0.14031133839254165,0.07248994025513308,0.18814942923210515,0.1350384399098172,0.20033752875522887,-0.15635738243906813,-0.2149395154617249,-0.144020497508421,-0.21985917949229195,228.0,6,Syn
-0.1961726022030805,-0.3331276886030355,-0.1330524753741248,-0.14105112337524756,-0.27574249470290363,-0.2311760838425888,-0.24642121671290193,-0.15119464608802743,-0.16712069851102967,-0.22528291381470328,-0.14465371073966318,-0.22152029703733148,228.0,6,Syn
-0.1811355396237274,-0.29607966225483573,-0.1319284749122401,-0.13859144688675967,-0.194578305878058,-0.20743114515040736,-0.14503958873036538,-0.09858438862849248,-0.1630244322828852,-0.22229456356266697,-0.1448857392286526,-0.22769532095476103,228.0,6,Syn
-0.1817597256819735,-0.2960763888826544,-0.13018839051518008,-0.13507927786906013,0.12455289950132757,0.193033140026951,0.263896394368333,0.3751892667825068,-0.1463313263379449,-0.18334466119818996,-0.1430220265267696,-0.21949806698250074,228.3,6,Syn
-0.1667792602840676,-0.27545087076814595,-0.13048702662116202,-0.13931385922799303,0.12185151954044013,0.1404911480272303,0.16000780229127282,0.19330407187561188,-0.15545590941788956,-0.21343665327102063,-0.13775872222169272,-0.21015428079165338,228.4,6,Syn
-0.16931966519988256,-0.2587533992712236,-0.1299990975503648,-0.136382225979501,0.35527530616076025,0.6263361702041348,0.4326652172116654,0.5992752029671036,-0.1457548819060606,-0.18288135108159517,-0.1431357953342741,-0.221908492985357,228.5,6,Syn
-0.1803189231485609,-0.2688713926836892,-0.1305516919197014,-0.13656753415520817,-0.0685957677021251,-0.04946836151022143,0.06364010249778355,0.11424801654871712,-0.15852386219976494,-0.22181967069315733,-0.141237652598541,-0.21220359428471844,228.6,6,Syn
-0.18929523612608418,-0.30578193740027343,-0.12951939860847256,-0.13222871694744,0.10380138980178308,0.23058719200111033,0.18377382190735705,0.35380755786847123,-0.1540731222836445,-0.2036376443050411,-0.14455640847008694,-0.22540225651758689,228.7,6,Syn
-0.18077331766246543,-0.2860304096581779,-0.1293994738729995,-0.13427145004058677,0.4377901849660496,0.702286293255013,0.5422696874242395,0.8298319194809479,-0.14259746132434462,-0.1767917187366026,-0.14259838741461467,-0.2112692156656337,228.7,6,Syn
-0.18319567702840486,-0.24060582389797575,-0.1301237252166407,-0.13321316663088423,0.11693991961155385,0.34122850207744526,0.20914429854393643,0.3937575929446956,-0.15158048142985794,-0.19242264379521884,-0.1418184723000114,-0.21386471182975797,229.1,6,Syn
-0.1729160118152693,-0.261748534817133,-0.1291960721157756,-0.13597686434514164,-0.021567198383039034,0.006778514540761619,0.10996879896458067,0.13675507856349142,-0.15563824252895708,-0.21115485094679134,-0.14183194492195272,-0.21455533950473366,229.2,6,Syn
-0.18053075831340606,-0.29797821812000236,-0.13170038276830115,-0.13829176882135827,0.8550305989249384,1.331106159046542,0.9985371526275444,1.4843654166981033,-0.13093380473499994,-0.1458252288186993,-0.14271515013810612,-0.20038167349542896,229.3,6,Syn
-0.19432753408790232,-0.32338285961924057,-0.13173095181851976,-0.1364415825045322,-0.21680329555626837,-0.11480904386884844,-0.14303401745474645,0.04236608723903165,-0.1649123161099012,-0.22127528130615848,-0.14489322401862004,-0.22383593100636756,229.5,6,Syn
-0.18678717245681042,-0.30088169924483477,-0.1307762568655382,-0.1373608847824544,-0.17873839610739975,-0.2064207222273358,-0.16339056590227852,-0.2476936744763723,-0.16430302906794883,-0.23440433173516292,-0.1449560962543462,-0.22647205232784332,229.6,6,Syn
-0.1895911585319366,-0.3053236652948884,-0.13293372637135245,-0.14095846928739397,0.44613990484515625,0.7534810546906383,0.30511088408230186,0.4868805620308243,-0.15458727900677902,-0.2070053297150394,-0.14504291981796805,-0.22674740061655912,229.7,6,Syn
-0.19386020307538127,-0.32261034378444864,-0.13283261335909086,-0.14047637848653083,-0.07424410762034431,0.11624099787351305,-0.08697830030119756,0.009730847317608902,-0.1634208086112929,-0.2246516537808429,-0.1454051836523903,-0.22823247581307543,229.8,6,Syn
-0.17250689504652253,-0.2678959277736553,-0.13133120270027626,-0.1408773969605221,0.35097765622298477,0.5045802079740128,0.46314990060107303,0.6410539368320284,-0.14813087486891574,-0.19646792025073698,-0.14105053284935598,-0.21852757711243687,229.9,6,Syn
-0.19020240809156616,-0.2997131053761029,-0.13293960503485605,-0.14119879082776418,-0.07154272765945686,0.11758822843760847,-0.05789751680472318,0.15138466887309474,-0.16263032096206845,-0.2168709395102794,-0.14512974338158993,-0.2192859133829984,230.0,6,Syn
-0.17355151730980484,-0.22024872230233566,-0.12364426230299362,-0.12207875116710545,-0.131955406784758,-0.15606797989427013,0.0782807728098017,0.08780221868135729,-0.15783303488454015,-0.21956682525121524,-0.14341572647905493,-0.21809424210068742,230.5,6,Syn
-0.19519751361986187,-0.32757277601133244,-0.13267271371179346,-0.1359001351786379,-0.16253011634207506,0.05376318046358877,-0.1604824875526311,0.021687724012957755,-0.16551027811389907,-0.22146060535279638,-0.1462344983807784,-0.23288631328300957,230.5,6,Syn
-0.1835384942417421,-0.3239851601006038,-0.13105725698100937,-0.13812672872736909,-0.08947006739989176,-0.1511842690994243,-0.011368263210364165,-0.04555212375618051,-0.158305288967243,-0.22242197384473053,-0.14133046399413682,-0.21889771743497285,230.5,6,Syn
-0.19128745691302504,-0.2790679470285065,-0.1327115128909171,-0.13950495828419102,-0.10580113716343861,0.31815717866731147,-0.0714351229151509,0.3550735801068023,-0.16316486275352107,-0.20873115989935492,-0.14535428708061196,-0.22651719139156723,230.6,6,Syn
-0.1915219309504491,-0.3105217803188274,-0.13322178088302794,-0.13975686158554293,-0.1621617463474086,0.244901516744624,-0.15326243096040296,0.24338228485848473,-0.16487607598844678,-0.21157183005172664,-0.1458617558404018,-0.23212346310607565,230.6,6,Syn
-0.16762660094344825,-0.25239978386727807,-0.13045175464014053,-0.13823096457620437,0.18042234869240892,0.19606440879616566,0.2363197893285728,0.2857236952737789,-0.1503992799712031,-0.19947074894391686,-0.14081850436036653,-0.21549423203019077,230.8,6,Syn
0.050730176266766305,0.4289984628853863,-0.035771175984164114,0.031065426573748726,0.3028439769198993,0.479319634897224,0.36236994400122213,0.5144517129989229,-0.14481603625963213,-0.19179138376135846,-0.13653570754101926,-0.20943656967844335,230.8,6,Syn
-0.19261991627052444,-0.31067235543916816,-0.13270210702931137,-0.14019407306260198,-0.11316853705676802,0.012167436797143228,-0.05248247436055208,0.12718957720721236,-0.16237777261568298,-0.21841723702441446,-0.14492016926250267,-0.22384495881911232,230.9,6,Syn
-0.19500508320294144,-0.32599173724775404,-0.133697952626818,-0.14341959349600453,-0.23841433524336797,-0.05047878443329298,-0.21363012635653256,0.02829917347979771,-0.1674695096800284,-0.2246053227691834,-0.14581834405859087,-0.2309272779173923,230.9,6,Syn
-0.1826620464604743,-0.2930386994983878,-0.1305011354135706,-0.1351357389538459,-0.028197858287035502,0.03692279841239625,0.08429748663665847,0.18922466688543405,-0.15668014602077154,-0.21086238643569089,-0.1424352189933253,-0.2187397307119392,231.1,6,Syn
-0.1956098645132628,-0.3428561507259238,-0.1328573037458059,-0.14167798618838187,-0.2531491350300268,-0.15168948056096007,-0.2204490686936369,-0.13304832733861566,-0.16762692770759605,-0.2311293083484836,-0.14351153179063766,-0.22338454036912855,231.3,6,Syn
-0.19335082844235663,-0.3124792568832578,-0.13356979776243993,-0.14298817289943633,-0.20403313574116405,-0.09527420068946511,-0.15426521659821243,-0.06580847956947738,-0.1647866081886062,-0.2256680403491227,-0.1462344983807784,-0.2291623405257878,231.3,6,Syn
-0.17069901936486678,-0.24861576562567012,-0.12689516322047395,-0.12789134745979455,-0.13502515674031193,-0.1525314996635197,0.04478773250696568,0.09089693970838876,-0.15794062274510795,-0.21628311479984977,-0.14306244439259355,-0.2171643773879751,231.4,6,Syn
-0.175707061391779,-0.25705779248129895,-0.13123831981691966,-0.13693235962613162,0.09778467988889739,0.21256798320633433,0.19420279254057543,0.27728354701823854,-0.15268580513421764,-0.20318012556490378,-0.1445833537139696,-0.21745326739580806,231.4,6,Syn
-0.192530977842536,-0.3168753957227729,-0.13240699812143158,-0.13942967683781,0.009130301172500169,0.23075559582162225,-0.012972720230859302,0.14463255026866242,-0.16064164429725739,-0.21457176305667783,-0.1448123882869721,-0.22055432107364,231.5,6,Syn
-0.19420948853802675,-0.33366124826859095,-0.133697952626818,-0.14010286669487113,-0.3028790843100003,-0.24330115891944742,-0.27038779345654806,-0.1970527849431301,-0.16930529833245367,-0.2362749463309143,-0.14531836008876844,-0.227614070640058,231.5,6,Syn
-0.1885513874556355,-0.299317027342163,-0.13317827877310143,-0.1407138045866556,0.17366889879019032,0.41178970287194194,0.23702173927503944,0.4213287439127941,-0.1519157025533113,-0.19389365341540726,-0.14199511334324208,-0.21554839890665944,231.8,6,Syn
-0.1857700402530882,-0.2853069944061058,-0.1299426623807304,-0.1345479645840248,-0.007814718582157472,0.06622506318147124,0.015506391882929403,0.052353596008087755,-0.1560108362776603,-0.2080883171125797,-0.14372559678370536,-0.21860882742713988,231.8,6,Syn
-0.18387484320577108,-0.2720138299777581,-0.12985330669547596,-0.13417155735211964,-0.09978442725055292,-0.03768009407438666,-0.03282787585948664,0.02773649692942835,-0.16011389752857744,-0.2198303328800285,-0.14215678480653796,-0.21847792414234057,231.9,6,Syn
-0.18974801357766163,-0.29430549453255933,-0.13151931993239085,-0.1376591151277331,-0.04747588800791412,0.039112048079051276,0.019417255870386303,0.1210001351531494,-0.1605544415050077,-0.22160828545246097,-0.1453976988624229,-0.22808803080915896,232.0,6,Syn
-0.19396046093965916,-0.32004074662211107,-0.13261275134405692,-0.14070367054579663,-0.04047685810925118,0.06369900587379236,-0.023100855172734865,0.048977536705871606,-0.1622452696716153,-0.22476458562176288,-0.1462344983807784,-0.23013734430222402,232.0,6,Syn
-0.18708956311197109,-0.3065053526523456,-0.13233880562479006,-0.13756646103987952,-0.24099292520603327,-0.22612396922723105,-0.16710087276217353,-0.18368921687185785,-0.16577868151342082,-0.23169396755308347,-0.14607582083346948,-0.23225888029724734,232.0,6,Syn
-0.18582825449686244,-0.264393419539641,-0.1252162169238512,-0.12532019652185786,1.2191029436536334,1.8866703629153836,1.462726624369544,2.259171026556709,-0.14795420427682546,-0.19487818741317114,-0.1410640054712973,-0.20408759062716117,232.0,6,Syn
-0.1874210608890189,-0.3045609695766404,-0.1317768053938477,-0.13968881873977546,-0.08271661749767313,-0.10436800699710908,-0.03543511851779124,-0.08887821813462106,-0.1613619167111639,-0.22864770353647282,-0.14319866757000027,-0.22409322366959378,232.0,6,Syn
-0.19193104771919586,-0.32429285708564803,-0.13306658416653339,-0.14225128335697587,0.09287307996001112,0.18427614136033088,0.10826406338030459,0.14336652803033137,-0.15568014516938875,-0.21037301512503767,-0.14543811672824686,-0.22246821737553338,232.0,6,Syn
-0.18385058727086515,-0.30599470659205935,-0.1303988466686083,-0.13461600742979227,-0.12864007683275977,-0.14562694302253076,-0.10482788465420598,-0.11771539134105065,-0.163189777837021,-0.2307268076846919,-0.14518213691136173,-0.22817830893660676,232.1,6,Syn
-0.15098864666030343,-0.2127625201236528,-0.12283418247220014,-0.12357279833374435,0.2645334974745864,0.41397895253859696,0.26991310819518977,0.3772993038463919,-0.14629395371269502,-0.18900862737356108,-0.13982602121068907,-0.21244283132245512,232.1,6,Syn
-0.19486278171815996,-0.3265318436576721,-0.13152049566509155,-0.1371104292012252,-0.125693116875428,0.018735185797108315,-0.09439891402098757,0.06093441340122046,-0.16261673091652304,-0.216239679476419,-0.14522704565116615,-0.22515850557347783,232.2,6,Syn
-0.19314707858914676,-0.32748766833461807,-0.13357802789134496,-0.1394557358000188,-0.2784438746637911,-0.1858754561248809,-0.27038779345654806,-0.19156668857702885,-0.16801537650943557,-0.2307094335553196,-0.14605785733754773,-0.2320963796678413,232.2,6,Syn
-0.19251480721926537,-0.3090978634199524,-0.13146641196085862,-0.13753461119717986,0.0010261612898378198,0.11085207561713145,0.02603564107992875,0.08527017420469518,-0.16077754475271144,-0.22317195709596832,-0.14596504594195195,-0.22611093981805214,232.3,6,Syn
-0.19079586996559805,-0.30955613552533745,-0.13316769717879498,-0.141320399318072,-0.09597793730566606,-0.06967681997165247,-0.10823735582275815,-0.12939092976121483,-0.1626722236025001,-0.22681762857592347,-0.14582732580655175,-0.22812865596651047,232.5,6,Syn
-0.17410616968798723,-0.29367373370156424,-0.12981568324905304,-0.1395397035671361,-0.03556525818036491,-0.11733510117652732,0.023227841294062256,-0.042598071866741374,-0.1607945323096432,-0.229055995576722,-0.14439623396478454,-0.222359883622596,232.5,6,Syn
-0.19496950783174608,-0.3370819221980722,-0.13112074654684805,-0.1371915015280971,-0.11795734698743214,-0.06243545568963967,-0.09459947114854947,-0.09605234415183037,-0.161862483388753,-0.2231487915901386,-0.14423456250148867,-0.22445433617938498,232.6,6,Syn
-0.1935756001058183,-0.3005609087710652,-0.133697952626818,-0.14416372163907856,-0.2968623743971146,-0.21753537438112286,-0.29605910578447026,-0.31451151483273354,-0.16907426755818178,-0.23844960819068103,-0.14293520296314774,-0.20327057357375858,232.7,6,Syn
-0.18328299839406625,-0.30675412893812604,-0.133697952626818,-0.1408050109543865,1.3217553821673564,1.9705354655303224,1.4176012706681185,2.0484486584433843,-0.12899382573339324,-0.14368821090590592,-0.14195170156143114,-0.19943826706359943,232.7,6,Syn
-0.19077161403069212,-0.30187680438795655,-0.13315593985178784,-0.14123498383083197,-0.2699713647864623,-0.20423147256068078,-0.2751008859542525,-0.23137605451566093,-0.16812069936241245,-0.233532729578319,-0.1400131409598741,-0.2138466562042684,232.8,6,Syn
-0.18066982567353343,-0.2760269842720586,-0.13131121524436407,-0.13936163399204252,0.13548120934309954,0.26207870643684034,0.20403009179110818,0.34621142443848485,-0.15234265648419615,-0.19989351942530958,-0.14356093140442253,-0.22251787034562967,232.8,6,Syn
-0.17642988825197586,-0.2616372401629681,-0.13134531149268486,-0.1376475333667514,0.6663023716574834,1.0446512603557572,0.8506262710506488,1.1979630525601002,-0.1419292840850288,-0.17728109004725584,-0.14185439929185492,-0.21326436228223009,232.9,6,Syn
-0.19270562057385873,-0.32759241624442037,-0.13190378452552506,-0.1364386870642868,-0.08087476752434078,0.0232820889509303,-0.07303957993564604,-0.012635545559573072,-0.16279906402759056,-0.22443447716368908,-0.1456641573852624,-0.2313696407418865,232.9,6,Syn
-0.1926554916417198,-0.3134219880714785,-0.13220124489880625,-0.13763016072527884,-0.01604164846304198,0.17939243056548504,0.0726651732380687,0.3030259991976367,-0.1561229541534099,-0.19885396735120006,-0.14556835207367966,-0.22569566043179223,233.1,6,Syn
-0.19418523260312082,-0.3146462292672928,-0.13215656705617904,-0.13786613910528092,-0.26665603483446404,-0.307463014534491,-0.2367944745899311,-0.2527577634296965,-0.16732001917902894,-0.23528172526846428,-0.14550697679594696,-0.22842205988071582,233.2,6,Syn
-0.19022989815112623,-0.32244667517538256,-0.13130298511545907,-0.13956576252934494,0.9873982170084235,1.49799434517386,0.8288658227101835,1.247197250717419,-0.1436246422668182,-0.1787926393026463,-0.14038887741623768,-0.2177466713100134,233.4,6,Syn
-0.18069084748378525,-0.2780008276973956,-0.13135942028509345,-0.1365950408375397,-0.10616950715810508,-0.0986422770997036,-0.020794448205773104,-0.014604913485865824,-0.16005160981982766,-0.22239012127421465,-0.14431240431714965,-0.22201231283192197,233.6,6,Syn
-0.18716556504134302,-0.298645986044992,-0.12912082522292975,-0.13190008447958435,0.09446934993689916,0.21543084815503705,0.11097158460239014,0.2450703145095928,-0.15564843506311613,-0.20564435624754224,-0.14534829924863804,-0.22234634190347885,233.7,6,Syn
-0.18657048610498406,-0.29927120013162445,-0.13178738698815415,-0.13761857896429716,-0.061965107798128624,0.017724762874036765,-0.008761020552059564,0.04067805758792358,-0.1610187680611424,-0.22197893354573678,-0.14491268447253527,-0.2242647521117446,233.8,6,Syn
-0.19139903421359233,-0.30928444563428775,-0.13279263844726652,-0.14184447400249378,0.1838604686426293,0.3634578063850194,0.254670766500486,0.44439848247793784,-0.15479905721652826,-0.2050507401606552,-0.14456539021804782,-0.22237342534171317,233.8,6,Syn
-0.19030751714282523,-0.3118802297740759,-0.13300662179879685,-0.14008115089303044,-0.19605178585672386,-0.03077553743339772,-0.19367469216412425,-0.07241992903631735,-0.16667222700803128,-0.23103664632516463,-0.144057921458258,-0.22627344044745817,233.8,6,Syn
-0.18158184882599662,-0.30582449123863065,-0.1319367050411451,-0.13897074955891026,-0.057053507869242355,0.002063207566427711,-0.04656603909747626,-0.016996288824935594,-0.161588417470254,-0.22548561199071349,-0.14541117148436422,-0.228968242551775,234.1,6,Syn
-0.16808261251967985,-0.2228543265586678,-0.1272902094079146,-0.12979365170103824,0.19405203849506833,0.33920765623130217,0.35063735203885144,0.46085677157624155,-0.14743212002712278,-0.19120645473915757,-0.13845630464665454,-0.20265216840074113,234.1,6,Syn
-0.19398309981223802,-0.32168070608495325,-0.1328349648244923,-0.1411539115039601,-0.188316015968728,-0.06546672445885433,-0.18996438530422927,-0.13586171009046244,-0.1661524077659195,-0.22997103305699665,-0.14531536617278148,-0.22700920718615775,234.2,6,Syn
-0.19455715693834516,-0.3268788211088922,-0.13241640398303733,-0.13831203690307625,-0.15307528647896898,0.14975335815538618,-0.13320671820421373,0.16418556039399762,-0.16498479635281002,-0.21918749009325325,-0.14533183271070976,-0.2253074644837667,234.5,6,Syn
-0.18771536623254423,-0.309205884701936,-0.1327985171107701,-0.14079922007389564,-0.00941098855904551,0.0392804518995632,0.036564890276928094,0.05446363307197285,-0.15924753212505782,-0.22181098362847118,-0.14477197042114812,-0.22386301444460188,234.6,6,Syn
-0.1906099077979859,-0.31952682718964354,-0.12884100084015931,-0.13479697244513125,0.2930207770621267,0.49565480548688073,0.2521638024059623,0.36871848645325916,-0.15294061848819399,-0.20761052855484133,-0.14294418471110862,-0.22025188934668988,234.6,6,Syn
-0.19313090796587615,-0.3141945039062704,-0.1332041448925172,-0.1405328395713166,-0.27684760468690306,-0.19362203186842947,-0.26056049420601535,-0.22321724453530523,-0.16811390433963974,-0.23292173936205962,-0.14403696404634928,-0.22306405301668886,234.7,6,Syn
-0.18456694588175376,-0.28602058954163395,-0.13193082637764153,-0.1378169166211087,0.07887502016268524,0.24742757405230287,0.15709972394162536,0.3682964790404822,-0.15782284235038108,-0.20968094563837422,-0.14504441677596153,-0.2273928892278109,234.7,6,Syn
-0.18891360941689744,-0.32059394652075446,-0.13200372180508593,-0.14015353689916604,-0.22871392538381757,-0.2594679256885923,-0.12949641134431872,-0.20605560974903983,-0.16438003932603945,-0.23367461830152614,-0.14458784458795004,-0.22455815602594995,234.7,6,Syn
-0.18869368894041696,-0.2942400270889329,-0.13025893447722306,-0.1368252283370509,-0.018865818422151584,0.02361889659195415,0.05030305351491772,0.1070738905315078,-0.15692023682540704,-0.21428798561026352,-0.14224809924414025,-0.2171643773879751,234.8,6,Syn
-0.19385535188840008,-0.32238448110393747,-0.13113485533925665,-0.138272948459763,-0.1035909171954398,-0.13013379153543364,-0.09650476386038745,-0.13304832733861566,-0.16431095659451697,-0.23225862675768336,-0.14506088331388983,-0.22624184310285145,234.9,6,Syn
-0.19260212858492676,-0.333448479076805,-0.13076802673663318,-0.13959326921167645,0.025461370936047025,0.12264034305296621,0.10365124944638107,0.16109083936696617,-0.15462125412064254,-0.21025718759588896,-0.1438064325153533,-0.21902862071977217,234.9,6,Syn
-0.19358691954210774,-0.312603645026148,-0.13212011934245685,-0.1385089268397651,-0.1680556662620721,0.13779668689903948,-0.1459420958043939,0.11734273757574859,-0.16424074135919906,-0.21697807997474192,-0.14527195439097054,-0.22483350431466576,234.9,6,Syn
-0.195278366736215,-0.31697032351603127,-0.13344987302696687,-0.13920672793891234,-0.16130221635985348,0.15834195300149437,-0.1359142394262993,0.1398497995905229,-0.1650448190539689,-0.21659874481677996,-0.14549799504798608,-0.22929775771695948,234.9,6,Syn
-0.1880646516951897,-0.2988423883758713,-0.13246343329106597,-0.14033450191450506,-0.18954391595094955,-0.17257155430443882,-0.15326243096040296,-0.1759524143042792,-0.16531322245349067,-0.2349197642398746,-0.1456701452172363,-0.2286071300419838,235.1,6,Syn
-0.18943430348621154,-0.3050290617985694,-0.13187556694070787,-0.1388086049051665,-0.10322254720077331,0.015198705566357884,-0.044861303513200175,0.012966237482232709,-0.16202556393529788,-0.22105810468900466,-0.14097119407570152,-0.21962445636092764,235.4,6,Syn
-0.19316001508776326,-0.3154612989404419,-0.1329513623618632,-0.13950640600431374,-0.2955116844166709,-0.1466373659456023,-0.2529393233586634,-0.1614634931322682,-0.1684649805162294,-0.2323310189634013,-0.14582133797457783,-0.22981234304341194,235.4,6,Syn
-0.184909763095091,-0.29628915807444034,-0.1324434458351538,-0.14204570709955075,0.07064809028180073,0.24944841989844596,0.07898272275626832,0.172625708649538,-0.15906519901399027,-0.21526093685511255,-0.14258790870866028,-0.220473070758937,235.4,6,Syn
-0.18158508295065073,-0.26011184872647214,-0.1322835461878564,-0.13977278650689276,0.5680703730797579,0.8791103047925346,0.6032390542030548,0.9517920617735063,-0.14387492560561277,-0.17705233067718718,-0.14217923917644015,-0.2090122624794387,235.6,6,Syn
-0.18851904620909424,-0.309592142619332,-0.1310019975440757,-0.13735075074159542,-0.11501038703010037,-0.08264391415107071,-0.05539055271019953,-0.027546474144361056,-0.16184096581663945,-0.22355997931861646,-0.14445611228452376,-0.22280224644709024,235.6,6,Syn
-0.19113221892962703,-0.3148557250868974,-0.13299251300638829,-0.14135369688089436,-0.14460277660164017,-0.12828134950980247,0.10034205684160985,0.2322694229886899,-0.1576167266596091,-0.20979966885575163,-0.14323160064585685,-0.21913244056633713,235.9,6,Syn
-0.19056301299050107,-0.3031305059334028,-0.13015664573226074,-0.13447268313764377,0.17072193883285855,0.3120946411288822,0.23922786767822027,0.41316993393243845,-0.15595194608029686,-0.21043961595429816,-0.14549350417400564,-0.2282008784684687,236.2,6,Syn
-0.18467043787068577,-0.2869731408463986,-0.13152049566509155,-0.138760830141117,0.1273770694604372,0.38585551451310546,0.15138384580611144,0.38278540021249313,-0.15481604477346003,-0.19970529969044296,-0.14215528784854448,-0.220473070758937,236.2,6,Syn
-0.18955558316074123,-0.3115954463943009,-0.13110075909093588,-0.1379732703943616,-0.21962746551537798,-0.23521777553487502,-0.17281675089768747,-0.19438007132887564,-0.164104840903745,-0.2296611944165239,-0.14437527655287583,-0.22497343541220985,236.3,6,Syn
-0.17464626850522605,-0.2662592416829944,-0.1330524753741248,-0.14087305380015394,0.14886531914931464,0.258373822385578,0.33689918880086184,0.46620219880475045,-0.15253518212942271,-0.2034349461290309,-0.14090981879796882,-0.20537405394329233,236.4,6,Syn
-0.18551292734308528,-0.3111175340558279,-0.12795449838381928,-0.13021349053662476,0.2103831082586152,0.3533535771543039,0.2119520983298029,0.2916317990526572,-0.15403688216219008,-0.20925527946875278,-0.1434860835047485,-0.22232377237161688,236.5,6,Syn
-0.18744369976159775,-0.30478683225715164,-0.13132532403677266,-0.13845391347510203,0.7905658498583061,1.209687004457444,2.2421919006388387,3.4354463551038514,-0.1395600861449464,-0.16478040396388305,-0.132785827767351,-0.1564433088665844,236.6,6,Syn
-0.18573446488189282,-0.29852814464646443,-0.1294641391715389,-0.13520088635936794,-0.17272168619451408,-0.20406306874016886,-0.09490030683989231,-0.1696223031126239,-0.16333360581904321,-0.23208488546396033,-0.14464472899170228,-0.2274831673552587,236.6,6,Syn
-0.16483231724228448,-0.3063482307876421,-0.1305364073945921,-0.14086726291966312,0.1634773289377513,0.2090315029755839,0.11909414826864677,0.21552979561520152,-0.1565963407399082,-0.21591536239480266,-0.145161179499453,-0.22343870724559722,236.7,6,Syn
-0.1759948984859961,-0.2797880889083973,-0.1301731059900708,-0.13741445042699474,0.12811380944977013,0.13661786015545602,0.23972926049712498,0.2975399028315354,-0.1521852384566285,-0.2068721280565184,-0.1408888613860601,-0.21861785523988467,236.8,6,Syn
-0.18720437453719252,-0.28844288495581205,-0.13284672215149945,-0.1416461363456822,0.1267631194693264,0.27672983882137786,0.2245871973662021,0.42020339081205543,-0.15494854771752772,-0.20415886818621024,-0.1454276380222925,-0.2282415036258202,237.0,6,Syn
-0.18723348165907963,-0.30662646742305444,-0.12956172498569835,-0.1323228187554163,-0.07191109765412333,-0.027575864843671142,-0.024605033629449057,0.01704564247241055,-0.1621558018717747,-0.2284450053604626,-0.14140381493581736,-0.22072133560941842,237.3,6,Syn
-0.18585574455642248,-0.29150021457316655,-0.13281027443777726,-0.14043729004321762,0.053580280528920936,0.12078790102733504,0.052910296173222314,0.09103760884598111,-0.16121922123293714,-0.22544217666728272,-0.14543212889627294,-0.22706788796899882,237.6,6,Syn
-0.18826193329909133,-0.3090389427206886,-0.13048114795765842,-0.13652120711128138,0.11067762970222386,0.17484552741166307,0.20753984152344127,0.29979060903301286,-0.15406179724569,-0.2074078303788311,-0.14176308485425262,-0.22036473700599962,237.7,6,Syn
-0.19348019342852163,-0.3326497762645625,-0.1321307009367633,-0.13894613831682415,-0.10788856713321528,-0.08752762494591654,-0.09149083567134014,-0.13881576197990156,-0.16368241698804195,-0.23253661282764024,-0.14552943116584918,-0.22899081208363697,237.8,6,Syn
-0.19319882458361276,-0.2995036095564983,-0.13230353364376857,-0.13606372755250434,-0.010393308544822764,0.3624473834619478,0.06725013079389762,0.5370994441512895,-0.15841174432401534,-0.19293807629993054,-0.14618809268298052,-0.22978977351155,237.8,6,Syn
-0.08300411230594677,-0.0032339667972464676,-0.007709963616170108,0.1025219963905726,0.6537777918388235,0.8617647112798063,0.9808881254020979,1.2500106334692658,-0.13031659016647942,-0.15858363115442795,-0.1311810887983401,-0.1872732893900083,237.8,6,Syn
-0.1787762456885434,-0.2780335614192088,-0.1306245873471458,-0.13807316308282874,0.08231314011290564,0.2209881742319306,0.2078406772147841,0.3054173745367064,-0.15312295159926154,-0.20528529090718128,-0.14392319523884475,-0.2198320960540576,238.1,6,Syn
-0.18338649038299823,-0.31722237317399304,-0.13078213552904178,-0.13912855105228586,0.94393055763778,1.326727659713232,1.2836291094567742,1.7039499404797451,-0.1511976951469957,-0.20408647598049232,-0.14173314569438303,-0.2122667889739319,238.2,6,Syn
-0.18888288523268326,-0.3091895178410294,-0.13146993915896077,-0.13745209115018525,-0.1209043069447639,-0.12895496479185017,-0.08808136450278797,-0.1531640140143202,-0.16202103392011608,-0.22885329740071175,-0.14517465212139433,-0.2258942723121774,238.3,6,Syn
-0.18556629039987832,-0.2957654185254288,-0.13160162122144098,-0.1372653352543554,0.05689561048091917,0.13745987925801564,0.12170139092695137,0.1869739606839566,-0.15339701751776055,-0.20131530234560982,-0.14425252599741042,-0.2199584854324845,238.3,6,Syn
-0.18541428654113445,-0.3086035842205728,-0.13016252439576434,-0.13753895435754798,-0.040108488114584714,0.050900315514886045,0.027238983845300102,0.03702066001052275,-0.15949555045626146,-0.22296057185527196,-0.14402947925638188,-0.2260838563798178,238.4,6,Syn
-0.1833363614508593,-0.26637053633715935,-0.12981333178365162,-0.13623455852698438,0.02877670088804526,0.07767652297628216,0.08941169338948672,0.1416784983792233,-0.1589089134902181,-0.21781782956106996,-0.14564619388934064,-0.2263501768557888,238.8,6,Syn
-0.17383612027936782,-0.2797095279760456,-0.12954056179708545,-0.13888243863142483,0.14088396926487443,0.3030008348212382,0.19951755642096558,0.3142795302050238,-0.15310483153853433,-0.20330753584696734,-0.13899820344029443,-0.20949525046128442,239.0,6,Syn
-0.18121639274008053,-0.2671561456606766,-0.12971221877139003,-0.1354093580570385,0.2590079475545893,0.375582881461878,0.2873615782930744,0.35732428630827967,-0.15293269096162584,-0.20551405027724995,-0.1401957698350787,-0.21056956017791326,239.1,6,Syn
-0.18059867493114268,-0.2924363990170246,-0.13000967914467124,-0.13911407385105876,-0.010393308544822764,-0.038858920817970134,0.08640333647605833,0.13900578476496886,-0.15503008799080017,-0.21068574945373914,-0.14263730832244514,-0.21655500002770242,239.1,6,Syn
-0.18282375269318052,-0.27749672838147205,-0.13231411523807501,-0.13982924759167853,0.054685390512920345,0.13779668689903948,0.09432534301475308,0.15222868369864878,-0.15684322656731642,-0.21131990517582824,-0.14428096819928657,-0.22157897782017252,239.1,6,Syn
-0.17825393455690222,-0.2648451449006634,-0.130661035060868,-0.13731166229828218,0.7679724901854292,1.0747955442273918,0.6401415656744429,0.9076219525695116,-0.1475510329256451,-0.19419480499119385,-0.1404098348281464,-0.22086578061333492,239.2,6,Syn
-0.19484175990790814,-0.3160439591887172,-0.1317250731550162,-0.1355179370662419,-0.22908229537848407,-0.10840969868939528,-0.21683904039752283,-0.10238245534348564,-0.16664278190934956,-0.2276602738504802,-0.1452824330969249,-0.22728455547487353,239.2,6,Syn
-0.19546432890382717,-0.3294942454817683,-0.13305012390872337,-0.1401607754997796,-0.25928863494113463,-0.12440806163802819,-0.2450173168199687,-0.14092579904378666,-0.1683528626404798,-0.23163894947673785,-0.14542913498028598,-0.22732969453859744,239.2,6,Syn
-0.18577489144006937,-0.28095013603276653,-0.13106431137721367,-0.13722190365067405,0.07027972028713426,0.20263215779613072,0.10776267056139986,0.15082199232272536,-0.15746157363963237,-0.21718656952720958,-0.14262832657448427,-0.22221995252505192,239.3,6,Syn
-0.19138286359032172,-0.3090062089988754,-0.13036827761838968,-0.1348476426494262,-0.042318708082583534,0.08003417646344912,0.023829512676747933,0.09160028539635047,-0.15795421279065336,-0.21121855608782314,-0.14409833932408198,-0.21877132805654592,239.3,6,Syn
-0.17923064020244792,-0.27659327765942726,-0.13161337854844815,-0.13939348383474218,-0.06282463778568373,-0.013935155382205192,-0.06952983020331294,-0.060744390616153165,-0.1626223934355003,-0.2295627410167475,-0.14511776771764207,-0.2273928892278109,239.4,6,Syn
-0.18880041505400308,-0.30479337900151426,-0.13106313564451297,-0.1368715553809777,0.06303511039202701,0.20280056161664264,0.09452590014231498,0.2044169337454067,-0.155308683924481,-0.20709509605012963,-0.14401600663444053,-0.22473871228084555,239.5,6,Syn
-0.12870229366872968,-0.11164478007044208,-0.1237018732053287,-0.12280405894858422,0.7593771903098783,1.0798476588427495,0.9428825497291193,1.2666095917051619,-0.1238658485475934,-0.13247610608431235,-0.1361075775548839,-0.1933896325245968,239.5,6,Syn
-0.014570034624666786,0.08515035547062257,-0.06390881097770466,-0.02842284098861422,0.42686187512427765,0.5902977526145827,0.2882640853671029,0.35788696285864907,-0.14845363845061912,-0.19758565590702187,-0.1429995721568674,-0.2191143849408476,239.6,6,Syn
-0.16261047360490075,-0.2718665282295986,-0.13206015697472032,-0.1372899464964415,0.19012275855195931,0.26915166689834125,0.32657049673142435,0.4466491886794152,-0.1472124142908054,-0.1913773003446519,-0.13758657205244246,-0.20575773598494548,240.0,6,Syn
-0.18333474438853223,-0.2807340934687993,-0.1299932188868612,-0.13452335334193868,0.305790936877231,0.5487020089481373,0.44048694518657916,0.6573715567927397,-0.14589870988808282,-0.18408016600828417,-0.14341273256306797,-0.21329144572046443,240.3,6,Syn
-0.19654452653830484,-0.338931377480519,-0.13262686013646552,-0.13968013241903918,-0.21496144558293603,-0.05687812961274614,-0.20019279880988577,-0.08564282796999725,-0.16722941887539292,-0.2319835363759552,-0.14587971933632357,-0.22946477225273793,240.4,6,Syn
-0.1959316599163482,-0.32933385024488354,-0.13339343785733251,-0.14158822754077374,-0.2995637543580021,-0.24784806207326943,-0.28031537127086176,-0.2323607384788073,-0.1690029198190684,-0.23637339973069071,-0.14582582884855827,-0.23140123808649324,240.4,6,Syn
-0.1682831282482356,-0.24084478006721222,-0.12355137941963704,-0.12131435494231346,0.19368366850040186,0.2644363599240073,0.23942842480578216,0.34719610840163123,-0.14958274473468328,-0.19342165623412633,-0.14362080972416175,-0.21107511769162093,240.4,6,Syn
-0.18174840624568403,-0.28004995868290306,-0.13134531149268486,-0.1393500522310608,0.264287917478142,0.33735521420567094,0.37350086458090714,0.4846298558293469,-0.14955329963600156,-0.19961553335535273,-0.1426253326584973,-0.2150383274865794,240.4,6,Syn
-0.18338002213368998,-0.25499556800706624,-0.10036357909611175,-0.05568630633952851,-0.01555048847015335,0.07565567713013906,-0.018086926983687558,0.010856200418347617,-0.15860879998442373,-0.21622520103527543,-0.14392469219683823,-0.2186043135207675,240.5,6,Syn
-0.18901548434350238,-0.28908119253116976,-0.1302389470213109,-0.13638512141974643,0.0772787501857972,0.20162173487305918,0.09813592843842903,0.15405738248734918,-0.15711502747822453,-0.21202066172717784,-0.14444862749455636,-0.2226893987877805,240.5,6,Syn
-0.19020240809156616,-0.3024365510309626,-0.13267741664259633,-0.1404590058450583,0.06745555032802465,0.27117251274448434,0.060230631329231385,0.20962169183632326,-0.16119770366082356,-0.220696143660415,-0.14592762199211495,-0.22929775771695948,240.6,6,Syn
-0.1725602581033156,-0.26844585430011736,-0.12971221877139003,-0.13707568391828012,0.16703823888619385,0.2629207255394,0.3215565685423771,0.4503065862568161,-0.14914220075825302,-0.19499691063054855,-0.14102807847945378,-0.2114542858269017,240.7,6,Syn
-0.18698283699838497,-0.31656769873772866,-0.1321448097291719,-0.1359015828987606,-0.050054477970579415,0.14385922443746882,-0.0664211947261036,0.011137538693532296,-0.1638421000232005,-0.2271071973987952,-0.1452225547771857,-0.2299206767963493,240.7,6,Syn
-0.17245029786507535,-0.2993432143196135,-0.1289562226448295,-0.13375750939702397,0.12258825952977306,0.2137468099499178,0.217367140773974,0.2204532154309334,-0.15418524015939408,-0.20950720434465117,-0.14256246042277113,-0.22392169522744296,240.8,6,Syn
-0.16872458626352363,-0.2536207516909111,-0.12979569579314088,-0.1361520384799898,0.13621794933243248,0.14335401297593303,0.24544513863263892,0.28727105578729467,-0.15052272288490717,-0.20452372490302861,-0.13790841802104073,-0.20984733515833084,240.8,6,Syn
-0.16042258827638536,-0.20166251505679067,-0.1274700965111242,-0.1294896304752687,-0.131955406784758,-0.21955622022726598,0.1067598849235904,0.1252202092809196,-0.15579905806791106,-0.21352062822965343,-0.13667642159240642,-0.20816816198780175,240.8,6,Syn
-0.18678555539448335,-0.28301890725136186,-0.13255043751091897,-0.14091069452334448,-0.18586021600428485,-0.246500831509174,-0.04305628936514315,-0.05441427942449789,-0.15986701170116924,-0.22030812143776687,-0.14200409509120296,-0.21518728639686824,241.0,6,Syn
-0.18792073314808116,-0.29787674358238136,-0.13271386435631852,-0.14155927313831948,-0.09794257727722057,-0.08331752943311842,-0.04024848957927665,-0.03204788654731592,-0.16111616338755114,-0.22280420469092121,-0.14558631556960142,-0.22324009536521205,241.0,6,Syn
-0.17680504671185435,-0.28022344740851307,-0.13136765041399845,-0.13846839067632916,0.05886025045247368,0.11085207561713145,0.2140579481692028,0.2860050335489636,-0.15144231596681298,-0.2012458058281206,-0.1423498923876969,-0.21664527815515022,241.1,6,Syn
-0.1915769110695692,-0.318656110189412,-0.13094556237444133,-0.13595659626342366,-0.06871855770034725,-0.017808443253979473,-0.030621747456305824,0.00044668423651449715,-0.16240608521056923,-0.22696241298735934,-0.14531836008876844,-0.22488767119113443,241.8,6,Syn
-0.18836704235035037,-0.30194881857594563,-0.13197550422026874,-0.13824109861706335,-0.2099270556558276,-0.2779923459449041,-0.1757248292473349,-0.27287345010540104,-0.16519770706635473,-0.23581742759077698,-0.14489771489260048,-0.22761858454643039,241.9,6,Syn
-0.18359670848551635,-0.2862529989665078,-0.1309937674151707,-0.13793852511141652,0.2493075376950389,0.4449652555127912,0.2742250864377705,0.4197813833992784,-0.15556349727845734,-0.2106799580772817,-0.14531836008876844,-0.21844181289136147,241.9,6,Syn
-0.19334597725537545,-0.2959716409728521,-0.1326245086710641,-0.13910538753032248,-0.21201448562560427,0.02816579974577613,-0.203501991414657,0.010856200418347617,-0.1662532006037146,-0.22221927566872032,-0.1452450091470879,-0.22435051633282002,242.2,6,Syn
-0.1805081194408272,-0.2727176049967423,-0.13131474244246621,-0.13919804161817606,-0.0009384786817166893,0.06235177530969697,0.1054562635944381,0.15799611833993468,-0.15481264726207367,-0.2106625839479094,-0.1409277822938906,-0.21655951393407483,242.3,6,Syn
-0.18899931372023177,-0.32451871976615926,-0.1318497008212921,-0.13962077589400798,0.38142957578207964,0.5155264563072879,0.3277738394967957,0.47239164085881336,-0.14991343584295483,-0.19753932489536238,-0.1420085859651834,-0.21894737040506915,242.4,6,Syn
-0.17218186551878298,-0.28106143068693146,-0.13121245369750392,-0.13785310962417652,0.1449360392062056,0.2410282288728497,0.2667041941541995,0.3403033206596066,-0.14984435311143235,-0.1980750272176751,-0.14124513738850844,-0.2160629842331119,242.7,6,Syn
-0.19162542293938106,-0.31784758726062545,-0.1315792823001274,-0.13948613792259576,0.11706270960977601,0.3284298117185389,0.10385180657394295,0.2204532154309334,-0.15790664763124443,-0.2143198381807794,-0.1444531183685368,-0.22570920215090942,242.7,6,Syn
-0.18859181401381203,-0.3155595001058816,-0.13173683048202334,-0.1402679067888603,-0.09892489726299783,-0.11649308207396769,-0.06080559515437062,-0.10800922084717922,-0.1624072177143647,-0.23080209557863854,-0.14478993391706987,-0.22542933995582123,242.8,6,Syn
-0.06629339021808413,0.1444049386969092,-0.06668354015139495,-0.012435667673504486,0.3001425969590118,0.26005786059069724,0.23972926049712498,0.2968365571435737,-0.15100743450936,-0.20311062904741456,-0.13962842275554965,-0.21283554117685305,242.9,6,Syn
-0.19318103689801508,-0.3153892847524528,-0.13295959249076822,-0.14206742290139143,-0.06761344771634784,-0.040206151382065534,-0.000839014013364819,0.013669583170194406,-0.16027584557132687,-0.22194418528699217,-0.14415971460181465,-0.22623281529010666,242.9,6,Syn
-0.18416753148696938,-0.31036793182630523,-0.13013900974175002,-0.13791680930957584,0.18484278862840658,0.24641715112923132,0.26881004399359937,0.38883417312896373,-0.15138795578463138,-0.20312510748855814,-0.1413080096242346,-0.2179362553776538,242.9,6,Syn
-0.18391526976394762,-0.2958046989916047,-0.13191671758523293,-0.1380326269193928,0.02337394096627036,0.05005829641232642,0.09723342136440051,0.16235686160529722,-0.156623520830999,-0.21386231944064207,-0.1436312884301161,-0.2151195778012824,242.9,6,Syn
-0.1886354746966427,-0.3164040301286626,-0.13064692626845942,-0.13443793785469865,-0.0705604076736796,0.0965377508736178,-0.022499183790049188,0.19217871877487316,-0.15981831403796487,-0.20790009737771306,-0.14191427761159414,-0.22275710738336632,243.0,6,Syn
-0.19585242386232213,-0.330914889008462,-0.13263273879996912,-0.1356033525534819,-0.23166088534114934,0.012335840617655153,-0.21623736901483714,0.04152207241347762,-0.1659394970523748,-0.21513931794950641,-0.14537973536650114,-0.2268557343694965,243.0,6,Syn
-0.1839977399426278,-0.3074480838405662,-0.13295959249076822,-0.14213112258679078,-0.15712735642030015,-0.19261160894535792,-0.10913986289678666,-0.17131033276373198,-0.16410823841513134,-0.23489370304581614,-0.14373607548965972,-0.22699566546704056,243.1,6,Syn
-0.1596819737305908,-0.23586925435160314,-0.13010373776072853,-0.1377184716527643,0.5414249434655499,0.8051810275877993,0.6080524252645402,0.8091535562548741,-0.1407243000466695,-0.17988720945310144,-0.13784704274330806,-0.20676885101236084,243.3,6,Syn
-0.17890399361238132,-0.2843675365900664,-0.13130651231356122,-0.1374115549867493,-0.01555048847015335,0.08559150254034266,0.06043118845679328,0.07908073215063226,-0.1573721058397918,-0.2155678798073566,-0.14244869161526663,-0.22156543610105536,243.3,6,Syn
-0.19169333955711768,-0.2785082003855005,-0.13334758428200458,-0.13655450467410377,-0.23755480525581288,0.04029087482263475,-0.20189753439416186,0.08906824091968836,-0.1665159414842591,-0.21787863901387303,-0.1435773979423508,-0.21952515042073506,243.4,6,Syn
-0.18091723620957398,-0.2931860012465473,-0.13129240352115262,-0.1355454437485734,0.12344778951732817,0.3602581337952928,0.11117214172995203,0.35563625665717163,-0.1572486629260877,-0.2057891406589781,-0.14554739466177094,-0.22340259599461812,243.4,6,Syn
-0.049388620650973984,0.11271542260953317,-0.10858195067411813,-0.09987651536519268,1.0145348066155202,1.1901521612780606,1.047372813188865,1.3324427480983767,-0.12601987076654025,-0.14583391588338546,-0.12790574470860508,-0.19041496822519177,243.5,6,Syn
-0.1757798291964968,-0.25478934555964294,-0.1299932188868612,-0.13635182385692407,0.9300552878386762,1.3262224482516962,0.9431833854204621,1.2296136085183764,-0.13890663145497145,-0.1733371626797428,-0.1381703856698998,-0.2116348420817973,243.5,6,Syn
-0.17584127756492515,-0.26413154976513525,-0.13145583036655217,-0.13902721064369603,0.02337394096627036,0.06117294856611349,0.09673202854549579,0.09539835211134363,-0.158156930970039,-0.22017202409101716,-0.14201756771314428,-0.22107793421283725,243.7,6,Syn
-0.19435017296048118,-0.32945169164341115,-0.13213657960026687,-0.1394166473567056,-0.20698009569849582,-0.08112827976646338,-0.16619836568814503,-0.042879410141926054,-0.1645601074295161,-0.2238176955709723,-0.14430941040116269,-0.22062654357559824,243.8,6,Syn
-0.19151061151415963,-0.31917330299406077,-0.13254808604551754,-0.1398857086764643,0.23162577795104833,0.4186942595129309,0.2673058655368852,0.44031907748775995,-0.15431434559207544,-0.20580072341189298,-0.1456417030153602,-0.22912171536843629,243.9,6,Syn
-0.18346410937469723,-0.30223687532790194,-0.1319225962487365,-0.13979739774897887,0.017971181044495462,0.018735185797108315,0.1143810557709423,0.11073128810890863,-0.1573630458094282,-0.2195262856160132,-0.1425355151788885,-0.2198727212114091,244.1,6,Syn
-0.19068429266503076,-0.31242688292835663,-0.1317250731550162,-0.1377184716527643,-0.06945529768968019,-0.034648825305172,0.00567909263239668,0.04799285274272523,-0.1588590833232183,-0.21594721496531855,-0.14588271325231053,-0.22781719642681555,244.2,6,Syn
-0.18797571326720128,-0.30095044006064253,-0.13193435357574368,-0.1383656025476166,0.09446934993689916,0.23395526841134884,0.19450362823191827,0.27123477410176794,-0.1576167266596091,-0.2160543554297811,-0.14302801435874352,-0.2226893987877805,244.3,6,Syn
-0.18303882198267982,-0.2986492594171733,-0.1319225962487365,-0.1392878002657842,-0.07301620763812273,0.08761234838648575,-0.0857749575358262,0.029002519167759408,-0.16323054797365721,-0.22559854383163347,-0.14299059040890652,-0.22246370346916097,244.3,6,Syn
-0.19296758467084285,-0.31731402759507005,-0.133697952626818,-0.14309819962876244,-0.28654801454645346,-0.15876244102246095,-0.2662763723415293,-0.22504594332400565,-0.1686892162677286,-0.23683381415905677,-0.14579888360467563,-0.23180748966000833,244.3,6,Syn
-0.1855371832779912,-0.28761472179393766,-0.13233645415938863,-0.14036924719745014,0.4598923846460378,0.8484608094593642,0.49824739792440415,0.9298476763091013,-0.14782170133275777,-0.18231090050053786,-0.14486777573273085,-0.21737653098747742,244.3,6,Syn
-0.1896332021524402,-0.3133336070225828,-0.13234468428829363,-0.1380543427212335,-0.17137099621407034,-0.16869826643266453,-0.11144626986374842,-0.08353279090611215,-0.16376961978029164,-0.229496140187487,-0.145008489784118,-0.2286116439483562,244.6,6,Syn
-0.1907133997869179,-0.30668211475013696,-0.13282438323018586,-0.14184157856224835,-0.10911646711543685,-0.023197365510361084,-0.06541840908829413,0.004948096639469359,-0.1623086898841605,-0.22310825195493655,-0.14450102102432819,-0.22496892150583744,244.8,6,Syn
-0.19443587726381548,-0.32079034885163377,-0.1334745634136819,-0.14323573304042012,-0.10248580721144038,0.5970339054350597,-0.11214821981021504,0.47759639894972994,-0.16484549838596962,-0.20908443386325845,-0.14614468090116958,-0.23057970712671824,245.0,6,Syn
-0.1929093704270686,-0.3171470856138226,-0.13241052531953373,-0.13963814853548054,0.0007805812933935062,0.4767935775895451,-0.001540963959831442,0.32693975258833435,-0.16183303829007128,-0.21503507317327258,-0.14360883406021388,-0.22351092974755546,245.1,6,Syn
-0.18672248996372792,-0.30621729590038926,-0.1284635906432294,-0.1335085015359175,0.060333730431139564,0.12230353541194237,0.07346740174831627,0.07978407783859395,-0.15711502747822453,-0.21459492856250756,-0.14062090590522713,-0.21573798297429983,245.1,6,Syn
-0.16314248711050428,-0.24835062247898304,-0.12983919790306736,-0.1353152562490622,0.10588881977155974,0.12280874687347815,0.29327801355615024,0.38433276072600886,-0.15123959778742735,-0.1995112885791189,-0.13528724457445665,-0.20150563618215406,245.2,6,Syn
-0.1908767230819512,-0.3166953602528002,-0.13138998933531207,-0.13747670239227136,-0.10801135713143743,-0.08129668358697531,-0.0796579651451885,-0.0843768057316662,-0.161759425543367,-0.22587652990159032,-0.1462344983807784,-0.23161339168599557,245.4,6,Syn
-0.1919682401527183,-0.32447616592780204,-0.13146641196085862,-0.1395006151238229,0.29486262703545907,0.5554381617686143,0.24855377410984825,0.3657644345638201,-0.15421128774668946,-0.20546192788913303,-0.1462344983807784,-0.22400745944851838,245.5,6,Syn
-0.1918178533563015,-0.3195890212610887,-0.13105020258480507,-0.1370032979121445,-0.20501545572694133,-0.18419141791976165,-0.14634321005951767,-0.16779360432392348,-0.16478547568481075,-0.2310771859603667,-0.14343668389096365,-0.22105536468097528,245.5,6,Syn
-0.1753027958100134,-0.25488099998071995,-0.130644574803058,-0.13789364578761246,0.2980551669892352,0.472583482076747,0.3217571256699389,0.44285112196442206,-0.1478318938669168,-0.19311181759365356,-0.1391673596935577,-0.20889490091375654,245.6,6,Syn
-0.19349636405179224,-0.3233272122921581,-0.13325705286404943,-0.14230919216188437,0.026689270918268594,0.3794561693336523,0.020420041508195763,0.26912473703788287,-0.1610119730383697,-0.21250424166137363,-0.14377349943949672,-0.22070327998392886,245.7,6,Syn
-0.19464447830400652,-0.3130520970149891,-0.13215891852158046,-0.1366167566393804,0.09410097994223268,1.0894466766119293,0.14887688171158778,1.2602794805135065,-0.16229396733481966,-0.20253728277812852,-0.14335884207530267,-0.21590048360370587,245.7,6,Syn
-0.19169333955711768,-0.3221978988896021,-0.132488123677781,-0.1413812035632259,-0.1479181065536384,-0.14933182707379314,-0.11425406964961492,-0.1556960584909823,-0.1599157093643736,-0.2214837708586261,-0.14454143889015214,-0.21972827620749263,245.8,6,Syn
-0.1939879509992192,-0.31750060980940537,-0.13263038733456767,-0.13899391308087364,-0.2207325754993774,-0.2316812953041246,-0.17121229387719233,-0.20760297026255556,-0.16506860163367337,-0.23155497451810506,-0.1460458816735999,-0.230056093987521,246.0,6,Syn
-0.18826840154839955,-0.3097590846005794,-0.1325375044512111,-0.1390358969644323,-0.0839445174798947,-0.12946017625338593,-0.0546886027637329,-0.1428951669700794,-0.1609225052385291,-0.22415938678196096,-0.14465820161364362,-0.21962445636092764,246.1,6,Syn
-0.18159801944926723,-0.2951172908335271,-0.13120187210319748,-0.1396222236141307,0.009253091170722327,-0.04290061251025634,0.10465403508419054,0.1003217719270755,-0.15595194608029686,-0.21517985758470845,-0.1413918392718695,-0.21206817709354675,246.1,6,Syn
-0.18368241278885064,-0.29403707801369094,-0.13210013188654465,-0.13928200938529336,0.4796615743598051,0.7290625007164091,0.5649326428387333,0.8965090906997168,-0.14662690982855747,-0.18393248590861958,-0.14406690320621887,-0.21404978199102595,246.2,6,Syn
-0.18430498178476967,-0.288940437527373,-0.12960405136292413,-0.13440898345224442,0.36718593598830945,0.5060958423586202,0.4136122900932856,0.6046206301956124,-0.14934038892245688,-0.19398052406226876,-0.14273461059202136,-0.2193220246339775,246.2,6,Syn
-0.18672087290140085,-0.30312395918904017,-0.13203546658800527,-0.14028527943033284,0.07138483027113368,0.22654550030882412,0.05842561718117435,0.15011864663476368,-0.1600731273919412,-0.22152141480559945,-0.14292472425719338,-0.22361926350049283,246.3,6,Syn
-0.17600945204693966,-0.30180806357214884,-0.13103256659429433,-0.13567284311937208,-0.06871855770034725,-0.04424784307435174,0.021222270018443335,0.0008686916492915155,-0.15949668296005692,-0.22195287235167832,-0.1439441526507535,-0.2152956201498056,246.7,6,Syn
-0.18460252125294915,-0.2904494621029623,-0.13173095181851976,-0.1396222236141307,0.22352163806838596,0.3774353234875092,0.28485461419855074,0.4005097115491279,-0.1521603233731286,-0.20020914944223978,-0.14055054887953355,-0.21605847032673953,246.8,6,Syn
-0.1945684763746346,-0.32093765059979323,-0.13189437866391931,-0.135552682349187,-0.22404790545137562,-0.11733510117652732,-0.21854377598179892,-0.20760297026255556,-0.167204503791893,-0.23616780586645178,-0.14548601938403824,-0.22690990124596516,246.8,6,Syn
-0.19566161050772876,-0.32570695386797904,-0.13291138745003886,-0.13974672754468395,-0.20955868566116112,-0.016629616510395996,-0.22385853986218907,-0.10913457394791794,-0.16699046057455286,-0.2264904158060784,-0.1462344983807784,-0.23288631328300957,246.9,6,Syn
-0.18550160790679582,-0.30014191713185606,-0.13246696048916812,-0.13930082974688862,0.033319930822265066,0.030860260873966934,0.06494372382693585,0.09103760884598111,-0.15835738414183373,-0.22067008246635655,-0.14374356027962712,-0.2223643975289684,246.9,6,Syn
-0.18575386962981755,-0.30525819785126196,-0.13238113200201584,-0.13760699720331546,-0.011130048534155706,0.06083614092508964,0.07356768031209722,0.180081172941932,-0.1579644053248124,-0.21376097035263697,-0.1450698650618507,-0.22505919963328525,247.0,6,Syn
-0.16628605627431356,-0.26892049326640904,-0.1315651735077188,-0.13688748030232753,0.2763213373039134,0.3760880929234138,0.3205537829045676,0.4521352850455165,-0.14897006018134457,-0.19558183965274947,-0.1428079615337019,-0.21649631924486137,247.1,6,Syn
-0.16354836975459694,-0.2738043645609411,-0.12714794575112795,-0.1353746127740934,-0.12311452691276273,-0.14798459650969772,0.15328913851794942,0.20019685961763653,-0.15670732611186236,-0.21498295078515567,-0.14204600991502042,-0.21709666879238923,247.1,6,Syn
-0.18381016071268858,-0.2925869741373654,-0.1318638096137007,-0.1382801870603766,0.11485248964177719,0.2482695931548625,0.08560110796581076,0.19879016824171314,-0.15674243372952132,-0.21238551844399622,-0.14354296790850077,-0.2215970334456621,247.1,6,Syn
-0.19191972828290643,-0.3134874555151049,-0.1319061359909265,-0.13737101882331337,-0.08689147743722646,0.04972148877130257,-0.039245703941467196,0.06627984062972936,-0.16208558663645675,-0.22051950667846323,-0.14560876993950364,-0.23120714011248047,247.2,6,Syn
-0.1947754603524986,-0.3280997889325252,-0.13276794806055148,-0.13944704947928255,-0.18279046604873095,-0.09342175866383393,-0.1357136822987374,0.0018533756124378916,-0.1642645239389035,-0.22155905875257276,-0.1459231311181345,-0.2298394264816463,247.3,6,Syn
-0.18857564339054142,-0.3131535715526101,-0.1305011354135706,-0.13489831285372111,-0.05963209783190765,0.10243188459153518,-0.00575266363863118,0.19808682255375143,-0.16230529237277416,-0.21903401861713123,-0.14429144690524093,-0.2245401004004604,247.4,6,Syn
-0.17184389949242695,-0.2823347724654656,-0.13242463411194233,-0.13977712966726089,0.5937334827081887,0.8732161710746171,0.697701461284706,0.9589661877907155,-0.134833015302736,-0.1644358170646657,-0.13971973719315195,-0.1996775041013361,247.5,6,Syn
-0.19167716893384706,-0.3224368550588386,-0.13235056295179723,-0.13982924759167853,-0.03126760824258942,0.054773603386660326,0.015004999064024672,0.11551403878704818,-0.15914673928726272,-0.21295596902505354,-0.14477646129512856,-0.22776302955034688,248.0,6,Syn
-0.19119690142270954,-0.28984388824941776,-0.13297017408507467,-0.141692463389609,-0.18991228594561604,-0.16297253653525906,-0.11806465507329086,-0.08100074642945004,-0.1650516140767416,-0.23091502741955852,-0.1462344983807784,-0.22858004660374948,248.2,6,Syn
-0.1539122953476322,-0.19659206154792325,-0.13004965405649557,-0.13684983957913702,0.377009135846082,0.5423026637686841,0.68857611198064,0.8860995745178837,-0.13931999534031086,-0.17378020297873656,-0.13641595090154085,-0.19929382205968296,248.2,6,Syn
-0.1687423739491213,-0.27945420494590245,-0.12840127681009145,-0.13429171812230475,0.015147011085385853,-0.06934001233062861,0.17454819403951,0.2378961884923835,-0.15346723275307847,-0.20795511545405868,-0.13744436104306185,-0.21467721497678818,248.3,6,Syn
-0.19167555187152,-0.312217387108752,-0.1320519268458153,-0.13799643391632502,-0.2488514850922513,-0.23892265958613737,-0.20109530588391428,-0.17609308344187152,-0.16681605499005348,-0.23321420387316008,-0.14426899253533873,-0.22472968446810077,248.3,6,Syn
-0.19559369388999215,-0.32852532731609707,-0.13293960503485605,-0.13985530655388734,-0.05128237795280098,0.2987907393084401,-0.030320911764962988,0.3161082289937242,-0.16267901862527281,-0.21337294812998883,-0.1462344983807784,-0.23098144479386096,248.4,6,Syn
-0.18890067291828094,-0.2990060569849374,-0.13220947502771127,-0.13906774680713196,-0.03016249825859001,0.09333807828389122,-0.02821506192556312,0.01521694368371014,-0.16168694530045818,-0.22564777053152166,-0.14532285096274888,-0.22614705106903124,248.5,6,Syn
-0.19421757384966207,-0.3076412127992642,-0.13273032461412856,-0.13842206363240236,-0.13306051676875744,0.12061949720682312,-0.10222064199590138,0.1570114343767883,-0.16404934821776793,-0.21455728461553422,-0.14551595854390784,-0.2258446193420811,248.7,6,Syn
-0.1960173642196825,-0.3299885246811479,-0.13168392251049113,-0.13506190522758757,-0.24209803519003267,-0.08365433707414226,-0.21994767587473216,-0.11518334686438854,-0.16764731277591416,-0.22908784814723787,-0.14576145965483864,-0.22818282284297914,248.7,6,Syn
-0.19642809805075634,-0.3357660265811808,-0.13331701523178596,-0.14238881676863352,-0.2687434648042407,-0.24346956273995937,-0.23529029613321692,-0.1928327108153599,-0.16722602136400655,-0.23120749193065895,-0.14573002353697553,-0.23031790055711962,248.8,6,Syn
-0.1960594078401861,-0.33961551226641523,-0.13312301933616777,-0.1419342326501019,-0.2751285447117929,-0.2549210225347703,-0.27038779345654806,-0.30171062331183063,-0.1683324775721617,-0.23793417568596936,-0.14529590571886625,-0.22954602256744094,248.9,6,Syn
-0.189964699929488,-0.31349400225946755,-0.13122421102451107,-0.13693525506637705,-0.1487776365411935,-0.09645302743304858,-0.11024292709837706,-0.043160748417110734,-0.16342647113027015,-0.22631088313589792,-0.14496058712832663,-0.22833629565964042,248.9,6,Syn
-0.1860061313528393,-0.30583103798299327,-0.1318355920288835,-0.13765766740761037,-0.05263306793324471,0.03355472200215774,-0.010666313263897541,0.02084370918740372,-0.15970279865082893,-0.21987376820345927,-0.14002511662382194,-0.2174261839575737,249.1,6,Syn
-0.18060514318045093,-0.29535297363058227,-0.13084680082758118,-0.13792549563031212,-0.06761344771634784,-0.07759179953571295,0.011996642150596287,-0.04864684478321197,-0.15883983075869562,-0.2213447778236477,-0.14393966177677306,-0.22760504282731323,249.3,6,Syn
-0.19239676166938982,-0.31571989534276634,-0.13236232027880437,-0.1392762185048025,0.039582220731595064,0.1359442448734083,0.13533927560116005,0.24563299105996217,-0.15698931955692952,-0.2101790040137136,-0.1439965461805253,-0.22532552010925627,249.4,6,Syn
-0.18276553844940627,-0.30460679678717895,-0.13142643704903426,-0.13951074916468187,0.6907375813036926,0.93906206489478,0.5241192673798882,0.6503380999131227,-0.15063710576824768,-0.20152379189807745,-0.14226456578206853,-0.21985466558591954,249.4,6,Syn
-0.18452490226125015,-0.29256733390427747,-0.12955937352029692,-0.13585525585483382,0.04731799061959094,0.059994121822530014,0.09101615040998186,0.14800860957087858,-0.15654537806911292,-0.21282566305476125,-0.14309238355246318,-0.21567930219145875,249.5,6,Syn
-0.1684464515432689,-0.2807537337018872,-0.1282837035400198,-0.13555847322967784,-0.032004348231922365,-0.058225360176841545,0.0637403810615645,0.04335077120217803,-0.15542080180023057,-0.21447330965690142,-0.1395191448220256,-0.2192317465065297,249.7,6,Syn
-0.18953294428816234,-0.3262110531839026,-0.13280674723967512,-0.14184157856224835,0.35502972616431594,0.5702576979736637,0.31132815503672057,0.4511506010823701,-0.15552725715700294,-0.21447330965690142,-0.14362530059814219,-0.22551059027052425,249.7,6,Syn
-0.18181955698807478,-0.2874412330683276,-0.13156164630961664,-0.1387362188990309,-0.04268707807725001,-0.03717488261285088,0.036364333149366206,0.0257671290031356,-0.15963145091171554,-0.22236985145661362,-0.14221217225229674,-0.2209199474898036,249.8,6,Syn
-0.19333142369443188,-0.29843321685320606,-0.13273973047573429,-0.13960485097265815,-0.16989751623540447,-0.012251117177085939,-0.12749084006869982,0.03434794639626831,-0.16404142069119976,-0.22003592674426745,-0.14572253874700813,-0.23030887274437487,249.9,6,Syn
-0.19477384329017153,-0.33208020950501255,-0.12849768689155017,-0.12066143316697031,0.09852141987823033,1.1586606468423306,0.14767353894621643,1.1321298961668853,-0.16325659556095257,-0.2059194466292704,-0.1457180478730277,-0.23012831648947926,250.0,6,Syn
-0.18582663743453537,-0.2896245723132692,-0.1299203234594168,-0.13522984076182218,0.08673358004890327,0.16120481795019712,0.12170139092695137,0.1904906891237651,-0.15503235299839108,-0.2125013459731449,-0.1443618039309345,-0.21816646460264566,250.1,6,Syn
-0.19242101760429575,-0.30002407573332845,-0.13271386435631852,-0.13993782660088194,-0.026478798311925306,0.41094768376938234,-0.06010364520790399,0.2353641440157214,-0.16257029826090957,-0.21474550435040085,-0.14592612503412147,-0.2310988063595431,250.2,6,Syn
-0.17343185469760222,-0.2518334904799094,-0.13158398523093023,-0.1399942876856677,0.20117385839195343,0.32657736969290774,0.3065147839752351,0.4325822749201813,-0.147118416475783,-0.18758105307680345,-0.14187685366175712,-0.20354140795610198,250.3,6,Syn
-0.19329746538556358,-0.3287544633687896,-0.13003201806598483,-0.13493016269642077,0.049528210587589765,0.2824555687187833,0.13714428974921708,0.3540888961436559,-0.1527367678050129,-0.1944177729848051,-0.1426717383562952,-0.22016161121924208,250.4,6,Syn
-0.19481426984834807,-0.31357583656400057,-0.13324647126974298,-0.14086726291966312,-0.30766789424066443,-0.3020740922781094,-0.289139884883585,-0.30030393193590726,-0.1688217192117963,-0.23793127999774064,-0.14516716733142693,-0.22724393031752202,250.6,6,Syn
-0.19308886434537254,-0.30981800529984316,-0.13311478920726275,-0.14060088241708407,-0.07976965754034136,0.025134530976561476,-0.06401450919536089,0.0032600669883612863,-0.16353179398324705,-0.22783111945597453,-0.1462344983807784,-0.23116200104875656,250.6,6,Syn
-0.18096089689240466,-0.31638111652339335,-0.129165503065557,-0.13699171615116282,0.09225912996890033,0.11691461315556076,0.21636435513616453,0.29979060903301286,-0.15407878480262174,-0.20949851727996502,-0.1408050317384252,-0.22206647970839066,250.7,6,Syn
-0.1864265675578755,-0.2949929026906369,-0.13173095181851976,-0.13927042762431166,0.19822689843462166,0.3141154869750253,0.1847766075451665,0.29374183611654225,-0.156623520830999,-0.2130833793071171,-0.14328549113362213,-0.22430086336272373,250.8,6,Syn
-0.18594953417139212,-0.2824166067699987,-0.13082916483707044,-0.13701632739324893,-0.12507916688431722,-0.1651617862019141,-0.019891941131744587,-0.04822483737043495,-0.1595657656915794,-0.2252365828030438,-0.14386181996111208,-0.22446787789850214,250.9,6,Syn
-0.189238638944637,-0.2903578076818853,-0.13271386435631852,-0.1408296221964726,-0.15381202646830192,-0.17257155430443882,-0.13481117522470887,-0.1849552391101889,-0.16278773898963605,-0.22779637119722992,-0.1452824330969249,-0.22661649733175981,251.0,6,Syn
-0.18382309721130508,-0.26749330299535273,-0.13123831981691966,-0.1375650133197568,-0.06675391772879274,-0.013766751561693267,0.030849012141414164,0.1091839275953929,-0.1581637259928117,-0.21529858080208586,-0.14320914627595463,-0.21469075669590534,251.1,6,Syn
-0.1865818055412735,-0.2860271362859966,-0.13164394759866677,-0.13695697086821773,-0.047844258002580596,0.17231947010398418,-0.016081355708068634,0.20174422013115226,-0.15949215294487512,-0.20871089008175392,-0.143867807793086,-0.21917306572368864,251.2,6,Syn
-0.19602221540666367,-0.33149427588455593,-0.1332041448925172,-0.13990163359781413,-0.3139301841499944,-0.3035897266627167,-0.2926496346159181,-0.24881902757711102,-0.16926679320340834,-0.2340510577712594,-0.1459455854880367,-0.231780406221774,251.2,6,Syn
-0.1855501197766077,-0.29191593284019446,-0.13162983880625817,-0.1386276398898275,-0.07240225764701196,-0.014271963023229042,0.01009134943875831,0.04433545516532441,-0.1588749383763546,-0.21695491446891219,-0.14381840817930114,-0.2216512003221308,251.3,6,Syn
-0.1921008392635374,-0.3198345241746878,-0.13290315732113384,-0.1414651713303432,-0.25216681504424954,-0.1552259607917105,-0.20360226997843794,-0.11096327273661835,-0.16472318797606098,-0.21735162375624648,-0.14592163416014103,-0.23126582089532155,251.4,6,Syn
-0.19017330096967905,-0.31339580109402787,-0.1321036590846468,-0.1394788993219822,0.221188628102165,0.5485336051276253,0.2140579481692028,0.4746423470602908,-0.15522261363602674,-0.2018307348503215,-0.14296514212301734,-0.2174713230212976,251.4,6,Syn
-0.19389577844657666,-0.3268428140148977,-0.13268917396960347,-0.1403026520718054,0.025952530928935652,0.32135685125703806,0.03225291203434741,0.24985306518773234,-0.16139249431364106,-0.2136190816294298,-0.1458617558404018,-0.230056093987521,251.7,6,Syn
-0.17388463214917968,-0.282125276645861,-0.13015076706875717,-0.13662399523999394,0.8104578295702956,1.2012668134318476,0.813222366760356,1.1695478867664475,-0.14162237555646173,-0.17397131840183191,-0.1433184242094787,-0.2231407894250195,251.8,6,Syn
-0.1888602463601044,-0.3202502424417157,-0.13052582580028566,-0.1355208325064873,-0.006341238603491589,0.06639346700198318,0.10104400678807647,0.15433872076253385,-0.15824413376228869,-0.21749930385591104,-0.14490819359855484,-0.22347481849657636,251.8,6,Syn
-0.19530262267112092,-0.330528631091066,-0.13231646670347644,-0.13830190286221727,-0.03568804817858707,0.1505953772579458,-0.06481673770560846,0.03547329949700702,-0.1607299795933025,-0.2149539939028685,-0.1462344983807784,-0.232683187496252,251.9,6,Syn
-0.1929740529201511,-0.30873124573564437,-0.13336757173791675,-0.14016801410039317,-0.06208789779635079,0.2258718850267764,-0.08948526439572121,0.11649872275019454,-0.16291571191852197,-0.21978689755659775,-0.1445444328061391,-0.21500673014197266,251.9,6,Syn
-0.18888450229501033,-0.31279350061266464,-0.13169097690669543,-0.1398726791953599,-0.06798181771101432,-0.0018100803053465709,0.015205556191586565,0.06445114184102894,-0.16055783901639403,-0.22051950667846323,-0.1436911667498553,-0.22436857195830956,252.1,6,Syn
-0.1911597089891871,-0.27143444310166415,-0.1321965419680034,-0.13693959822674517,-0.19101739592961545,-0.021008115843706054,-0.1770284505764872,-0.022201046915852157,-0.16555104825053527,-0.2239045662178338,-0.14577493227677996,-0.22946025834636552,252.1,6,Syn
-0.17475946286812044,-0.2978472832327495,-0.13075156647882316,-0.138846245628357,-0.01788349843637433,-0.0339752100231243,0.057422831543364895,0.04124073413829294,-0.15703461970874755,-0.21863151795333954,-0.14222714183223154,-0.22076196076676993,252.1,6,Syn
-0.195330112730681,-0.33030604178273615,-0.133697952626818,-0.1436193788729388,0.014655851092497226,0.36716269043628175,0.01580722757427224,0.3359425773942441,-0.1613868317946638,-0.21297913453088327,-0.14422857466951475,-0.2227255100387596,252.3,6,Syn
-0.1850682352031431,-0.29499617606281825,-0.13059284256422646,-0.13541804437777477,0.12749985945865935,0.32320929328266923,0.1293225617743033,0.2678587147995518,-0.15493835518336868,-0.20420809488609842,-0.1431672314521372,-0.21985917949229195,252.7,6,Syn
-0.1925875750239832,-0.3035233105951614,-0.13115131559706666,-0.13468694571580514,-0.2335027353144817,-0.014777174484764817,-0.19447692067437183,-0.025436437080475962,-0.16747970221418748,-0.22729831282189056,-0.14438725221682366,-0.22616962060089318,253.0,6,Syn
-0.18170474556285335,-0.2860565966356285,-0.13131709390786767,-0.1377561123759548,0.07998013014668465,0.16187843323224482,0.13182952586882693,0.21510778820242452,-0.1520731205808789,-0.20106048178148267,-0.143447162596918,-0.21915952400457148,253.0,6,Syn
-0.18924510719394524,-0.3064398852087191,-0.13173683048202334,-0.13901418116259162,-0.07792780756700901,-0.09342175866383393,-0.05498943845507574,-0.06637115611984674,-0.16265070603038656,-0.22816991497873446,-0.1462344983807784,-0.23085054150906165,253.2,6,Syn
-0.1469653955905722,-0.17724643195631162,-0.1254842839796145,-0.12815338480200544,0.0195674510213835,-0.013093136279645565,0.3303810821551003,0.41753067719780096,-0.15124526030640462,-0.20329016171759504,-0.1366090584826998,-0.2020789022914476,253.2,6,Syn
-0.18149937864731644,-0.2761579191593114,-0.12437204084473695,-0.1252651831571948,0.43459764501227355,0.6728156246654261,0.5117850040348318,0.7396630022842583,-0.1441648465772481,-0.1839701298555929,-0.14176757572823306,-0.20911608232600365,253.7,6,Syn
-0.18401714469055255,-0.3008162318012083,-0.13178738698815415,-0.13865948973252715,0.08231314011290564,0.11102047943764337,0.08580166509337266,0.0824567914528484,-0.15774583209229046,-0.2208930504599678,-0.14301903261078264,-0.2219581459554533,253.7,6,Syn
-0.1858508933694413,-0.303081405350683,-0.13180149578056274,-0.1358653898956928,-0.06675391772879274,-0.062098648048615826,0.024030069804309825,0.021828393150550095,-0.15997912957691884,-0.22325303636637242,-0.1435773979423508,-0.22296474707649627,253.9,6,Syn
-0.18956205141004948,-0.3141945039062704,-0.13278793551646365,-0.14184013084212563,-0.32289385402021187,-0.29921122732940664,-0.28212038541891876,-0.32126363343716585,-0.1685567133236609,-0.23705099077621056,-0.14145770542358263,-0.21924980213201928,253.9,6,Syn
-0.19428549046739868,-0.317700285512466,-0.1328431949533973,-0.14055021221278916,-0.08173429751189587,0.07851854207884179,-0.04867188893687613,0.10580786829317675,-0.1622588597171607,-0.21949732873372602,-0.1462344983807784,-0.22818733674935154,253.9,6,Syn
-0.19139094890195701,-0.3112059151047236,-0.13268564677150135,-0.14072828178788274,0.1725637888061909,0.40202228128225026,0.30631422684767323,0.6539954974905235,-0.1527299727822402,-0.1959206351755094,-0.14339327210915273,-0.21165289770728685,253.9,6,Syn
-0.1936402825989008,-0.310538147179734,-0.1322047720969084,-0.13643000074355052,-0.11648386700876626,0.02075603164325142,-0.08106186503812174,0.062481773914736194,-0.16281831659211324,-0.2201112146382141,-0.14597103377392587,-0.22567760480630267,254.1,6,Syn
-0.19546432890382717,-0.3252814154844072,-0.1335956638818557,-0.14356147006803033,-0.2971079543935589,-0.2409435054322805,-0.28332372818429014,-0.22870334090140648,-0.1685703033692063,-0.2321485906049921,-0.14554739466177094,-0.22777205736309167,254.1,6,Syn
-0.18853036564538367,-0.2889175239221037,-0.1328349648244923,-0.13932109782860658,-0.07019203767901314,0.029513030309871534,-0.06702286610878928,2.4676823737478787e-05,-0.16166316272075373,-0.22153878893497175,-0.1449560962543462,-0.2231362755186471,254.2,6,Syn
-0.1909446396996878,-0.32001783301684184,-0.13230000644566642,-0.13939203611461948,0.2980551669892352,0.4855505762561652,0.35083790916641333,0.5137483673109612,-0.15326904458887464,-0.20593102938218524,-0.14355045269846817,-0.221086962025582,254.3,6,Syn
-0.18410770018086806,-0.31910456217825306,-0.130052005521897,-0.13783284154245853,0.11030925970755738,0.10613676864279754,0.21165126263846007,0.27883090753175427,-0.1540799173064172,-0.2096925283912891,-0.13809254385423883,-0.2138466562042684,254.4,6,Syn
-0.1769182410747487,-0.26412500302077263,-0.13045293037284125,-0.13493595357691163,0.28896870712079553,0.4301457193077418,0.4131108972743809,0.6459773566477602,-0.14862238151614127,-0.19174505274969897,-0.1403798956682768,-0.20959907030784938,254.5,6,Syn
-0.18770566385858187,-0.3034152893131778,-0.13122185955910964,-0.1394673175610005,-0.013463058500376685,0.07144558161734094,0.05100500346138434,0.0778147099123012,-0.15932907239833025,-0.2204123662140007,-0.14380194164137286,-0.22632760732392684,254.6,6,Syn
-0.18896858953601758,-0.3065839135846973,-0.1319508138335537,-0.13800077707669314,-0.2357129552824805,-0.15034224999686469,-0.16970811542047815,-0.06566781043188505,-0.16661333681066784,-0.22994786755116692,-0.1437226028677184,-0.22601163387785955,254.6,6,Syn
-0.19345593749361567,-0.3328265383623539,-0.13185205228669353,-0.13440753573212172,-0.2557277249926921,-0.10150514204840634,-0.24230979559788315,-0.14416118920841045,-0.16724300892093832,-0.23221808712248132,-0.1444321609566281,-0.22428280773723416,254.7,6,Syn
-0.19609660027370857,-0.3356547319270159,-0.13160397268684243,-0.1336648553091704,-0.16916077624607154,-0.025555018997528038,-0.16469418723143084,-0.06637115611984674,-0.16544232788617202,-0.22836682177828724,-0.14537075361854027,-0.2290675484919676,254.7,6,Syn
-0.1836500715423094,-0.2949339819913731,-0.13152872579399658,-0.14001021260701754,-0.2153298155776025,-0.29264347832944154,-0.14885017415404134,-0.21857516299475804,-0.16403122815704071,-0.234465141187966,-0.1440639092902319,-0.22537065917298016,254.8,6,Syn
-0.19407688942720763,-0.3274483878684422,-0.1320883745595375,-0.1383178277835671,-0.16142500635807566,-0.14899501943276927,-0.1548668879808981,-0.1867839378988893,-0.16555897577710343,-0.23541203123875656,-0.14559380035956881,-0.227799140801326,254.9,6,Syn
-0.18427102347590135,-0.3005314484214333,-0.1313993951969178,-0.13645895514600476,0.0004122112987270358,0.026986973002192653,0.20182396338792735,0.2661706851484437,-0.15370166103873673,-0.20781322673085154,-0.1415909346850024,-0.20499488580801156,255.1,6,Syn
-0.18628750019774815,-0.28253772154070755,-0.1319790314183709,-0.14061825505855663,-0.11501038703010037,-0.10638885284325218,-0.07464403695614119,-0.1175747222034583,-0.16231888241831957,-0.22816412360227703,-0.14408486670214063,-0.22610642591167973,255.2,6,Syn
-0.18392658920023708,-0.27368652316241354,-0.1291372854807398,-0.13341729516818662,0.08882101001867994,0.16069960648866133,0.16592423755434862,0.31005945607725366,-0.15590438092088796,-0.20913655625137537,-0.14601893642971725,-0.22139390765890454,255.2,6,Syn
-0.19663346496629328,-0.34058115705990516,-0.13250811113369318,-0.13904168784492316,0.03921385073692859,0.31933600541089496,0.06063174558435517,0.31287283882910044,-0.16062352423653017,-0.2137667617290944,-0.144322883023104,-0.22461683680879102,255.3,6,Syn
-0.1897625671386052,-0.293925783359526,-0.13285495228040448,-0.14191251684826126,-0.2753741247082372,-0.13956440548410146,-0.2647721938848151,-0.16512089070966904,-0.1684559204858658,-0.2347228574403218,-0.145962052025965,-0.23118005667424613,255.3,6,Syn
-0.17830568055136822,-0.24926061994539048,-0.12980745312014805,-0.13578431756882092,0.0004122112987270358,0.09367488592491507,0.08449804376422035,0.1512439997355024,-0.1577039294518588,-0.21437196056889632,-0.1439666070206557,-0.22224252205691386,255.4,6,Syn
-0.16718999411514143,-0.2806031585815464,-0.13135119015618843,-0.1384495703147339,0.08857543002223563,0.0859283101813665,0.17424735834816715,0.13548905632516037,-0.15391457175228143,-0.21077262010060066,-0.14093975795783845,-0.21474943747874642,255.5,6,Syn
-0.1902088763408744,-0.2868127456095138,-0.1309079389280184,-0.13718571064760623,-0.0938905073358894,-0.03902732463848206,-0.07093373009624618,-0.04752149168247326,-0.16191797607473007,-0.2253379318910489,-0.1441477389378668,-0.22536614526660778,255.6,6,Syn
-0.19310503496864315,-0.32590662957103966,-0.13176857526494268,-0.13817016033105045,-0.060859997814129214,0.02109283928427527,0.007383828216672765,0.08287879886562542,-0.16163711513345835,-0.22447501679889115,-0.14527644526495098,-0.22443176664752304,256.0,6,Syn
-0.1843421742182921,-0.30039396678981783,-0.12982744057606022,-0.13746656835141238,-0.10825693712788174,-0.14731098122765002,-0.028515897616905955,-0.07326394386187138,-0.16213315179586568,-0.22789482459700633,-0.14565218172131456,-0.22375919459803692,256.0,6,Syn
-0.18374224409495196,-0.304119064332162,-0.1321448097291719,-0.14064720946101086,-0.0902068073892247,0.08340225287368763,-0.058800023878751696,0.12282883394184982,-0.1621965720084109,-0.21651476985814716,-0.14450551189830863,-0.22800678049445594,256.0,6,Syn
-0.19123085973157786,-0.31402101518066033,-0.13220712356230985,-0.13859723776725053,-0.24836032509936268,-0.3335656067138394,-0.1876579783372675,-0.24277025466064042,-0.16555557826571707,-0.2339844569419989,-0.1444306639986346,-0.22784879377142228,256.1,6,Syn
-0.18249710610311393,-0.28199434175860816,-0.13073628195371384,-0.136211395005021,-0.08455846747100548,-0.05654132197172229,0.03225291203434741,0.05657367013585794,-0.15781604732760837,-0.21625994929402004,-0.1441552237278342,-0.2263501768557888,256.2,6,Syn
-0.18379399008941796,-0.292125428659799,-0.13273150034682926,-0.14141450112604828,0.0013945312845042902,0.04231172066877786,0.08489915801934414,0.1256422166936966,-0.15867901521974168,-0.2205803161312663,-0.14607881474945647,-0.22441822492840585,256.2,6,Syn
-0.19451996450482273,-0.3286169817371741,-0.13270210702931137,-0.1394673175610005,-0.1317098267883137,-0.032796383279540826,-0.12909529708919495,-0.09534899846386867,-0.16347856630486088,-0.22605895825999953,-0.14545757718216212,-0.2301869972723203,256.4,6,Syn
-0.187450168010906,-0.31101605951820693,-0.13159809402333883,-0.13882887298688446,-0.10825693712788174,0.06605665936095932,-0.09871089226356826,0.030268541406090463,-0.1632056328901573,-0.22103783487140366,-0.1449545992963527,-0.22752830641898258,256.4,6,Syn
-0.18238876292720074,-0.29078661943763845,-0.13249988100478818,-0.13935584311155166,0.3224903766354444,0.5286619543072181,0.2764312148409513,0.40965320549262996,-0.15187153490528874,-0.2001106960424634,-0.14425252599741042,-0.22143453281625605,256.9,6,Syn
-0.18326197658381443,-0.281473875581778,-0.13170861289720617,-0.1386913395752268,-0.15172459649852527,-0.2050734916632404,-0.04967467457468559,-0.07424862782501775,-0.16281831659211324,-0.23024901912695353,-0.14315824970417632,-0.22316335895688144,257.0,6,Syn
-0.18198611440776222,-0.31700305723784444,-0.13193905650654655,-0.13925595042308453,-0.267392774823797,-0.13063900299696943,-0.25053263782792073,-0.141488475594156,-0.16664957693212226,-0.2263572141475574,-0.1380700894843366,-0.209779626562745,257.1,6,Syn
-0.1961160050216333,-0.3357332928593676,-0.13122068382640892,-0.1331263034235215,-0.07891012755278627,0.10563155718126177,0.012698592097062911,0.28051893718286236,-0.15973224374951062,-0.20627561628140262,-0.14611623869929347,-0.23140575199286562,257.1,6,Syn
-0.18757791593474393,-0.2733264522224681,-0.12865758653884757,-0.12919863873060358,-0.06466648775901608,-0.018818866177051027,0.04428633968806095,0.12325084135462684,-0.1580493431094712,-0.21287199406642074,-0.14442767008264765,-0.22218384127407279,257.1,6,Syn
-0.18342206575419362,-0.31123210208217417,-0.132401119457928,-0.14034608367548676,-0.03568804817858707,-0.02656544192059959,6.349306066369634e-05,0.006495457152985094,-0.15889079342949092,-0.22099150385974417,-0.1442091142155995,-0.22443176664752304,257.1,6,Syn
-0.18912059339476145,-0.30421399212542033,-0.1320683871036253,-0.1406269413792929,-0.12200941692876331,-0.12626050366365937,-0.07083345153246523,-0.1022417862058933,-0.1611625960431646,-0.22519893885607048,-0.14518812474333564,-0.2285213658209084,257.2,6,Syn
-0.17441826271711028,-0.2792938097090177,-0.13029185499284313,-0.13795445003276635,-0.010393308544822764,0.04231172066877786,0.3182473759376058,0.4290655464803728,-0.15046609769513467,-0.1962073083101524,-0.13735753747943996,-0.2053424565986856,257.2,6,Syn
-0.193567514794183,-0.3224532219197452,-0.13249165087588316,-0.13816871261092775,-0.01088446853771139,0.28952852918028416,-0.031724811657896236,0.16320087643085124,-0.1619791312796844,-0.2152059187787669,-0.1462344983807784,-0.2301508860213412,257.3,6,Syn
-0.19232399386467203,-0.32310789635600956,-0.13284672215149945,-0.14238013044789724,-0.016778388452374917,0.05763646833536306,-0.010064641881211865,0.03448861553386064,-0.16108332077748308,-0.2240030196176102,-0.14549500113199912,-0.22781268252044318,257.4,6,Syn
-0.19309048140769958,-0.3004627076056256,-0.13264449612697626,-0.14009707581438027,-0.09597793730566606,0.26999368600090085,-0.07564682259395064,0.2885370780256257,-0.16294855452859003,-0.20921763552177944,-0.14506088331388983,-0.22194009032996373,257.4,6,Syn
-0.1852752191810071,-0.2836539414545383,-0.1322835461878564,-0.14027948854984199,-0.11304574705854586,-0.18031813004798738,-0.06682230898122739,-0.12559286304622166,-0.16167562026250368,-0.2268726466522691,-0.145048907649942,-0.22546996511317274,257.4,6,Syn
-0.1814492497151775,-0.29889148895859113,-0.1316521777275718,-0.13970040050075716,-0.1146420170354339,-0.10773608340734758,-0.04626520340613342,-0.10322647016903969,-0.1605793565885076,-0.22603289706594107,-0.14278999803778014,-0.21717791910709225,257.5,6,Syn
-0.18826840154839955,-0.3157886361585741,-0.13114896413166524,-0.1367629763717743,-0.175791436150068,-0.1798129185864516,-0.11274989119290073,-0.1556960584909823,-0.16326565559131617,-0.22973648231047056,-0.1449875323722093,-0.22793907189887008,257.5,6,Syn
-0.19007466016772825,-0.32253178285209694,-0.13145583036655217,-0.13900549484185534,-0.07669990758478744,-0.005346560536097002,0.03686572596827093,0.08090943093933267,-0.15872091786017334,-0.2174413900913367,-0.14313280141828713,-0.22189043735986744,257.7,6,Syn
-0.19388607607261427,-0.32954334606448815,-0.13267271371179346,-0.1396685506580575,-0.19580620586027955,-0.17290836194546266,-0.17853262903320138,-0.19930349114460752,-0.16565750360730763,-0.23280880752113967,-0.14477197042114812,-0.22436857195830956,257.8,6,Syn
-0.1943614923967706,-0.3246169209315989,-0.1334216554421497,-0.14265809271145796,-0.23104693535003856,-0.04374263161281597,-0.22987525368904582,-0.1589314486556061,-0.1673992944447105,-0.23068626804948983,-0.14492166622049615,-0.22613802325628646,257.8,6,Syn
-0.16430030373668095,-0.25012806357344075,-0.1277040673185667,-0.1325385290537004,0.3538018261820944,0.490602690871523,0.3763086643667736,0.49672740166228807,-0.1497718728685235,-0.20260967498384647,-0.14146369325555655,-0.21193727380874744,257.9,6,Syn
-0.19337993556424377,-0.31150051860104255,-0.13293137490595103,-0.14066023894211527,-0.040108488114584714,0.20431619600124998,-0.04656603909747626,0.1705156715856529,-0.1618149182293441,-0.214754191415087,-0.14520459128126392,-0.22794809971161487,258.1,6,Syn
-0.17608707103863863,-0.26832473952940844,-0.12535495338253572,-0.12563000862811824,0.043634290672926235,0.06336219823276852,0.14356211783119763,0.17670511363971583,-0.1532192144218748,-0.2075584061667244,-0.1433199211674722,-0.2162435404880075,258.2,6,Syn
-0.07848765722646155,0.048887938445940034,-0.10736271586347541,-0.0938612382553239,0.20375244835461873,0.274203781513699,0.13092701879479843,0.11255998689760904,-0.15517278346902694,-0.2137493875997221,-0.14114184728695828,-0.2186494525844914,258.2,6,Syn
-0.17037075571247312,-0.2905149295465887,-0.13157105217122236,-0.1387492483801353,1.030006346391512,1.4958050955072049,0.8255566301054122,1.0904918314395529,-0.14343211662159164,-0.18491412421815476,-0.1403634291303485,-0.21700639066494143,258.5,6,Syn
-0.19594621347729174,-0.32990341700443354,-0.13369207396331442,-0.1436063493918344,-0.24553615514025307,-0.032122767997493126,-0.2196468401833893,-0.010244170220503302,-0.1676416502569369,-0.22667863554094503,-0.1454590741401556,-0.22224252205691386,258.5,6,Syn
-0.19361764372632193,-0.3300474453804117,-0.13305717830492766,-0.1419197554488748,-0.08173429751189587,0.17434031595012728,-0.03954653963281003,0.16320087643085124,-0.16276282390613617,-0.21895293934672716,-0.14506088331388983,-0.2265217052979396,258.5,6,Syn
-0.1762875867671944,-0.2958668930630498,-0.1289491682486252,-0.13241692056339258,0.2843026871883536,0.41448416400013277,0.33770141731110936,0.4595907493379105,-0.14974356027363725,-0.19803159189424432,-0.1411403503289648,-0.21583728891449241,258.7,6,Syn
-0.19133435172050983,-0.3064366118365378,-0.13335581441090957,-0.1422672082783257,-0.175791436150068,-0.16482497856089026,-0.1351120109160517,-0.17876579705612597,-0.16483190834042422,-0.2318792915997214,-0.14468814077351322,-0.21934008025946708,259.4,6,Syn
-0.1845022633886713,-0.2722986133575331,-0.13195316529895512,-0.13965552117695307,0.05554492050047544,0.21812530928322785,0.10174595673454309,0.24844637381180895,-0.15593156101197875,-0.20459322142051783,-0.14391421349088387,-0.2183831321085204,259.6,6,Syn
-0.1922738649325331,-0.3171601791025479,-0.13231411523807501,-0.14036635175720472,-0.05201911794213392,0.03355472200215774,-0.027412833415315547,0.02028103263703436,-0.16098819045866522,-0.22171253022869478,-0.1456342182253928,-0.22985296820076345,259.8,6,Syn
-0.19174670261391075,-0.31019771647287653,-0.13249400234128458,-0.13989005183683242,0.11816781959377542,0.2649415713855431,0.12541169778684638,0.26659269256122076,-0.15815126845106173,-0.21304283967191506,-0.14586474975638877,-0.2276998348611334,259.9,6,Syn
-0.1873337395233575,-0.28984716162159907,-0.13184617362318996,-0.13911117841081333,0.009621461165388798,0.10158986548897556,0.10224734955344782,0.1765644445021235,-0.15841174432401534,-0.2159211537712601,-0.1434022538571136,-0.21900605118791022,259.9,6,Syn
-0.1932699753260035,-0.3203320767462487,-0.13245167596405882,-0.14015498461928874,-0.20833078567893956,-0.19412724332996525,-0.17121229387719233,-0.17918780446890298,-0.1662599956264873,-0.2333503012199098,-0.14610276607735215,-0.22964081460126112,260.1,6,Syn
-0.19608851496207325,-0.3311603919220611,-0.13272209448522354,-0.13918790757731705,-0.20133175578027662,-0.06748757030499744,-0.18906187823020074,-0.11532401600198088,-0.16596780964726107,-0.22669890535854606,-0.1461506687331435,-0.23160436387325078,260.2,6,Syn
-0.18548058609654403,-0.27181088090251615,-0.1296757710576678,-0.1319189048411796,-0.07719106757767608,0.04298533595082556,0.009188842364729796,0.15616741955123428,-0.1594083476640118,-0.21153708179298203,-0.1440639092902319,-0.2126775544538194,260.3,6,Syn
-0.1943323852748835,-0.31534673091409565,-0.1328631824093095,-0.1409758419288665,-0.19212250591361485,-0.10857810250990721,-0.17231535807878273,-0.12221680374400551,-0.16562919101242135,-0.2287606353773928,-0.14521057911323787,-0.22757795938907888,260.3,6,Syn
-0.16960426816944554,-0.2263110075821436,-0.12983214350686306,-0.1340456057014437,0.24427314776793047,0.26477316756503116,0.41722231838939966,0.5126230142102225,-0.14659180221089851,-0.18848161211593453,-0.1417271578624091,-0.20829906527260106,260.3,6,Syn
-0.1928317514353696,-0.289316875328225,-0.1332041448925172,-0.13850603139951967,-0.3074223142442201,-0.3290187035600174,-0.2878362635544327,-0.23545545950583877,-0.16873225141195572,-0.23307810652641037,-0.14407588495417975,-0.21694770988210035,260.4,6,Syn
-0.18912544458174263,-0.2901352183735554,-0.13250340820289033,-0.13755632699902054,-0.22294279546737622,-0.226292373047743,-0.1170618694354814,-0.022904392603813852,-0.1629236394450901,-0.22084092807185088,-0.1451222585916225,-0.2272980971939907,260.4,6,Syn
-0.17109519963499706,-0.271097285766988,-0.13006141138350275,-0.13655595239422647,0.026320900923602123,-0.005009752895073151,0.0872055649863059,0.10299448554132996,-0.15618297685456878,-0.21516248345533615,-0.14453545105817822,-0.22334391521177704,260.5,6,Syn
-0.17620673365084125,-0.27313332326377016,-0.1234114672282518,-0.1266535467548757,0.10110000984089562,0.13291297610419367,0.2147598981156694,0.2236886055955572,-0.15340834255571506,-0.20795221976582998,-0.14157147423108715,-0.22003522184081514,260.5,6,Syn
-0.18592042704950498,-0.300161557364944,-0.1320096004685895,-0.1383192755036898,-0.053860967915466275,-0.004167733792513525,0.011996642150596287,0.11016861155853927,-0.16086927756014294,-0.21908324531701945,-0.14555487945173834,-0.230611304471325,260.5,6,Syn
-0.1884947902741883,-0.3048261127233275,-0.1319061359909265,-0.1384148250317888,0.1293417094319917,0.3457754052312672,0.11758996981193258,0.21426377337687047,-0.15625658960127306,-0.20783928792491,-0.1407301838387512,-0.22085675280059014,260.5,6,Syn
-0.19576671955898783,-0.3387513420105463,-0.13366032918039508,-0.14231063988200707,-0.2751285447117929,-0.027407461023159215,-0.27600339302828103,-0.18931598237555142,-0.16906294252022727,-0.23584638447306416,-0.14562972735141236,-0.2279345579924977,260.5,6,Syn
-0.19056139592817403,-0.31955628753927545,-0.1321248222732597,-0.1408194881556136,-0.217294455549157,-0.29617995856019197,-0.18575268562542951,-0.27793753905872526,-0.1650131089476963,-0.23596221200221285,-0.14379745076739242,-0.22301440004659256,260.7,6,Syn
-0.1908799572066053,-0.3149342860192491,-0.13095144103794493,-0.13675718549128346,-0.138217696694088,-0.17425559250955808,-0.10071646353918719,-0.11518334686438854,-0.16243213279786461,-0.2265077899354507,-0.14496956887628754,-0.22826858706405456,260.8,6,Syn
-0.19008759666634475,-0.29817462045088167,-0.13236702320960725,-0.14153031873586525,-0.10580113716343861,0.01671433995096521,-0.09680559955173028,-0.024311083979737247,-0.1626155984127276,-0.22364105858902053,-0.14359087056429212,-0.22170536719859946,260.9,6,Syn
-0.18607243090824885,-0.2794018309910013,-0.1300719929778092,-0.1361288749580264,-0.10309975720255116,-0.04812113094612602,-0.0006384568858029267,0.00044668423651449715,-0.15977074887855594,-0.2186952230943713,-0.14281245240768234,-0.22241405049906468,261.0,6,Syn
-0.1884430442797223,-0.3116707339544713,-0.1327902869818651,-0.14149267801267473,-0.14362045661586292,-0.0745605307664983,-0.10542955603689165,-0.07987539332871132,-0.16418185116183562,-0.23063704134960164,-0.14353548311853334,-0.226792539680283,261.1,6,Syn
-0.1869262398169378,-0.311088073706196,-0.13206015697472032,-0.13969750506051173,0.05149285055914427,0.1105152679761076,0.1704367729244912,0.2589965591312344,-0.15454084635116555,-0.20769450351347413,-0.14523453044113355,-0.2243550302391924,261.3,6,Syn
-0.17710420324236087,-0.31897690066318146,-0.13245285169675952,-0.1414304260473981,-0.15344365647363545,-0.17425559250955808,-0.04837105324553329,-0.11490200858920385,-0.1614185419009364,-0.23103954201339336,-0.1439202013228578,-0.22584010543570873,261.3,6,Syn
-0.17871318025778796,-0.26957516770267337,-0.12955349485679332,-0.13569311120109007,0.17637027875107775,0.22890315379599108,0.284353221379646,0.3698438395539979,-0.1505861430974524,-0.19711655441396966,-0.13911047528980547,-0.21360290526015935,261.3,6,Syn
-0.18785928477965277,-0.31432871216570457,-0.13183206483078136,-0.13984082935266023,-0.02758390829592472,4.236172028460741e-05,-0.009462970498526188,-0.02810915069473041,-0.15893382857371802,-0.22341229921895187,-0.14150411112138053,-0.22036473700599962,261.3,6,Syn
-0.18678232126982924,-0.3044594950390195,-0.12914316414424337,-0.13389938596904977,-0.22576696542648583,-0.2963483623807039,-0.18304516440334398,-0.2800475761226104,-0.16420676624533553,-0.23204434582875827,-0.1444830575284064,-0.2265307331106844,261.7,6,Syn
-0.19524602548967374,-0.3243779647623624,-0.13174506061092836,-0.13680206481508753,-0.3066855742548872,-0.37010923576492716,-0.2888390491922422,-0.3575562709359894,-0.16869034877152406,-0.23885210885447275,-0.14551446158591436,-0.22878317239050702,261.8,6,Syn
-0.18144601559052337,-0.2930485196149318,-0.1319425837046487,-0.13949916740370016,-0.023531838354593545,0.04854266202771909,0.0650440023907168,0.1356297254627527,-0.15835625163803826,-0.21558235824850017,-0.14615815352311093,-0.22550607636415185,262.0,6,Syn
-0.18223029081914863,-0.2751988211101842,-0.12960405136292413,-0.13355048541947614,-0.002289168662160414,0.16120481795019712,0.04147853990219445,0.19752414600338208,-0.15787833503635818,-0.20871957714644007,-0.1426253326584973,-0.21431158856062457,262.1,6,Syn
-0.17927915207225978,-0.30356913780569994,-0.1329219690443453,-0.1402823839900874,-0.2777071346744582,-0.20928358717603854,-0.2765047858471858,-0.18903464410036674,-0.16742081201682404,-0.22933108595845011,-0.14590516762221273,-0.23081894416445492,262.1,6,Syn
-0.19255038259046076,-0.31702269747093237,-0.13160397268684243,-0.1378994366681033,0.0718759902640223,0.4215571244616336,0.09923899264001944,0.3937575929446956,-0.15705273976947476,-0.20098229819930732,-0.14618809268298052,-0.22627795435383055,262.1,6,Syn
-0.17186653836500582,-0.2520495330438766,-0.1305364073945921,-0.13818174209203216,0.24341361778037537,0.3829926495644027,0.33760113874732844,0.48294182617823883,-0.14817844002832467,-0.19340717779298275,-0.13859552174004822,-0.2041101601590231,262.3,6,Syn
-0.19407042117789938,-0.32814561614306376,-0.1330383665817162,-0.14020710254370639,-0.2881442845233415,-0.29937963114991856,-0.276103671592062,-0.30410199865090043,-0.1681909145977304,-0.23903453721288195,-0.14473304951331764,-0.22823698971944784,262.4,6,Syn
-0.18194083666260447,-0.29078661943763845,-0.13243874290435093,-0.14120023854788688,0.18828090857862698,0.3062005074109648,0.27964012888194156,0.38700547434026333,-0.15288852331360328,-0.2091104950573169,-0.14271964101208656,-0.2176157680252141,262.5,6,Syn
-0.1822707173773252,-0.3064988059079829,-0.12854824339768098,-0.13419616859420574,0.06475417036713721,0.0999058272838563,0.1285203332640557,0.2075116547724382,-0.15483416483418722,-0.21241157963805468,-0.14390074086894256,-0.22110953155744398,262.8,6,Syn
-0.18434055715596503,-0.2887734955461255,-0.13121010223210247,-0.13931530694811572,-0.004990548623047864,0.07565567713013906,0.11658718417412312,0.16249753074288956,-0.1583256740355611,-0.21777149854941047,-0.14390074086894256,-0.21628867955173142,262.8,6,Syn
-0.16518645389191114,-0.26929038432289837,-0.1290361724684782,-0.13419182543383762,0.006551711209834877,0.038438432797003576,0.10776267056139986,0.12395418704258854,-0.15575375791609303,-0.21456307599199168,-0.13909550570987064,-0.2163428464282001,262.9,6,Syn
-0.19198926196297011,-0.30497341447148696,-0.13283849202259446,-0.1407586839104597,0.056281660489808386,0.19505398587309408,0.08991308620839145,0.2000561904800442,-0.15848535707071962,-0.21451095360387476,-0.14566116346927543,-0.22977171788606043,263.0,6,Syn
-0.19463477593004416,-0.32308825612292164,-0.13317827877310143,-0.14214125662764976,-0.2899861344966738,-0.29601155473968005,-0.2765047858471858,-0.2739988032061398,-0.16862919356656972,-0.2372363148228485,-0.14377349943949672,-0.2215067553182143,263.0,6,Syn
-0.19105783406258217,-0.2828846989919277,-0.13019544491138438,-0.12969520673269383,-0.07412131762212215,0.10344230751460673,-0.0234016908640777,0.15251002197383345,-0.16156123737916317,-0.2164539604053441,-0.145161179499453,-0.22626892654108577,263.0,6,Syn
-0.1918695993507675,-0.3249900853602696,-0.13111486788334448,-0.137156756245152,0.025461370936047025,0.16625693256555488,0.13082674023101748,0.27629886305509216,-0.15792363518817618,-0.21578216073628168,-0.14460281416788484,-0.2227706491024835,263.0,6,Syn
-0.17111298732059477,-0.2631528114829201,-0.129703988642485,-0.1354108057771612,0.53516265355622,0.7617328418957227,0.6241972740332725,0.8996038117267483,-0.1436597498844772,-0.1842336374844062,-0.1462344983807784,-0.22036473700599962,263.3,6,Syn
-0.18788515777688578,-0.3093237261004636,-0.1331112620091606,-0.1421354657471589,-0.01014772854837845,0.13779668689903948,0.0778796585546779,0.22425128214592657,-0.1570402822277248,-0.20769739920170283,-0.14387828649904036,-0.22216578564858325,263.5,6,Syn
-0.1938343300781483,-0.320152041276276,-0.13249400234128458,-0.13792549563031212,-0.10211743721677391,-0.008377829305311658,-0.11956883353000505,-0.095067660188684,-0.16385908758013223,-0.22735043521000747,-0.14524950002106835,-0.2287425472331555,263.5,6,Syn
-0.18272511189122972,-0.27116929995497707,-0.1308632610853912,-0.13543976017961543,0.06291232039380486,0.16524650964248333,0.13233091868773167,0.2397248872810839,-0.15380018886894092,-0.20144560831590208,-0.1439202013228578,-0.22171890891771662,263.5,6,Syn
-0.17510228008145765,-0.28600749605290865,-0.12934539016876656,-0.13516903651666828,-0.07952407754389705,-0.13367027176618407,-0.01588079858050674,-0.10041308741719289,-0.1613573866959821,-0.22920657136461528,-0.1438214020952881,-0.22584010543570873,263.7,6,Syn
-0.1877848999126079,-0.2857914534889414,-0.13180149578056274,-0.13906774680713196,-0.06564880774479333,-0.007704214023263956,-0.03503400426266746,0.020984378324996056,-0.16048422626968975,-0.21897900054078562,-0.14448455448639988,-0.22320849802060533,263.8,6,Syn
-0.18054531187434963,-0.2789730192352482,-0.1312559558074304,-0.13657622047594445,-0.11022157709943625,-0.13367027176618407,-0.09359668551074,-0.17735910568020258,-0.16343779616822465,-0.23260610934512943,-0.14084694656224264,-0.2232762066161912,263.8,6,Syn
-0.17961711809861583,-0.2877325631924652,-0.13255396470902112,-0.13942967683781,0.0015173212827264471,0.062014967668673114,0.07376823743965912,0.10805857449465418,-0.15618071184697788,-0.2121683418268424,-0.14219869963035542,-0.2152956201498056,263.9,6,Syn
-0.12713374321147916,-0.1106856820213148,-0.12708328045258854,-0.12852255343329702,0.49488753413935255,0.6904980258191782,0.6699242991173839,0.8703446311075417,-0.13677865682331997,-0.17018665388689835,-0.1337004691013675,-0.20075632772433732,264.3,6,Syn
-0.1856487605785585,-0.2609629254936158,-0.13061518148554008,-0.13580458565053888,-0.05791303785679745,-0.008546233125823583,0.30240336286021635,0.5549644246255167,-0.1529134383971032,-0.1983761787934617,-0.14191427761159414,-0.21619840142428362,264.6,6,Syn
-0.1896429045264026,-0.31553985987279365,-0.13158751242903238,-0.13891573619424719,-0.021198828388372563,0.11859865136068001,0.0168100132120817,0.10960593500816991,-0.16043213109509905,-0.21878788511769026,-0.14161488601289807,-0.21860882742713988,264.6,6,Syn
-0.186517123048191,-0.2982106275448762,-0.13102903939619218,-0.13510678455139166,-0.15467155645585703,-0.09106410517666698,-0.1414295604342513,-0.1524606683263585,-0.16387834014465488,-0.2286100595894995,-0.14247114598516883,-0.22219286908681757,264.6,6,Syn
-0.16689730583394313,-0.29047237570823153,-0.13093733224553633,-0.1380528950011108,0.06782392032269113,0.1404911480272303,0.07757882286333508,0.02843984261739005,-0.1573607808018373,-0.22090752890111137,-0.14300406303084784,-0.22412030710782813,264.6,6,Syn
-0.196859853692082,-0.3419068727933405,-0.13305717830492766,-0.14096715560813025,-0.2696029947917958,-0.20322104963760923,-0.23900060299311193,-0.17060698707577027,-0.16730189911830173,-0.23145072974187123,-0.14522554869317267,-0.22772240439299538,264.7,6,Syn
-0.18631175613265408,-0.30647589230271366,-0.12880808032453925,-0.13330002983824696,0.25127217766659343,0.26342593700093575,0.24263733884677244,0.28698971751210994,-0.15340834255571506,-0.21113747681741904,-0.14048468272782041,-0.21986369339866432,264.8,6,Syn
-0.19431621465161286,-0.3333404577948214,-0.1300813988394149,-0.13550345986501477,0.01760281104982899,0.10462113425819021,0.03907185437145175,0.103838500366884,-0.1588590833232183,-0.21620203552944567,-0.1449246601364831,-0.21968313714376872,264.9,6,Syn
-0.18057765312089089,-0.3040699637494422,-0.1313911650680128,-0.139409408756092,0.07445458022668759,0.11405174820685803,0.07737826573577318,0.11889009808926432,-0.15618750686975058,-0.21557367118381401,-0.14305346264463267,-0.2234071099009905,264.9,6,Syn
-0.18914646639199445,-0.2934413242766904,-0.13144172157414358,-0.13608399563422233,-0.08836495741589234,-0.003999329972001599,-0.09299501412805433,-0.08634617365795895,-0.16413655101001762,-0.23111772559556873,-0.14578990185671475,-0.22923004912137362,265.0,6,Syn
-0.1883007427949408,-0.3104563128752009,-0.13121598089560607,-0.1377705895771819,-0.06528043775012686,0.29087575974437957,-0.036638461283162595,0.3013379695465286,-0.16019090778666809,-0.20375926321064725,-0.14143525105368043,-0.21952063651436268,265.4,6,Syn
-0.17836389479514247,-0.29675725029636935,-0.13012842814744358,-0.1380528950011108,0.1403928092719858,0.23816536392414697,0.1197960982151134,0.2758768556423151,-0.1549610052592777,-0.2133034516124996,-0.14292472425719338,-0.2220980770529974,265.4,6,Syn
-0.18612902808969603,-0.31133684999197647,-0.1312912277884519,-0.14026501134861488,0.0054466012258354655,0.04786904674567139,0.048598317930641635,0.03308192415793725,-0.1595612356763976,-0.22608501945405798,-0.14291274859324554,-0.2240887097632214,265.5,6,Syn
-0.18674351177397974,-0.25099550720149105,-0.1317391819474248,-0.13823096457620437,-0.09953884725410861,0.052079142258469525,0.0007654430071303194,0.18556726930803322,-0.16044572114064443,-0.21505823867910234,-0.14427647732530613,-0.21945292791877682,265.6,6,Syn
-0.19395075856569677,-0.30760520570526967,-0.13332289389528953,-0.14229616268077994,-0.306562784256665,-0.34181739391892374,-0.24662177384046383,-0.2547271313559893,-0.1685363282553428,-0.23816872643249545,-0.1451087859696812,-0.22500954666318895,265.6,6,Syn
-0.18402199587753376,-0.282979626785186,-0.1318273618999785,-0.14099466229046176,0.12995565942310247,0.21610446343708475,0.2612891517100284,0.35718361717068736,-0.15334492234316982,-0.20687502374474712,-0.14318369799006547,-0.2220032850191772,265.6,6,Syn
-0.1742614076713852,-0.27788298629886804,-0.13055992204860642,-0.13791970474982126,0.09115401998490093,0.043827355053385184,0.19139499275470895,0.16531091349473634,-0.15536191160286716,-0.2135843333706852,-0.14242324332937745,-0.2238675283509743,265.9,6,Syn
-0.18401391056589844,-0.29545444816820327,-0.13161220281574743,-0.13858565600626885,-0.03703873815903079,-0.0006312535617630937,-0.0022429139062980653,-0.014745582623458164,-0.16095987786377897,-0.22345573454238263,-0.1434860835047485,-0.22352898537304502,266.1,6,Syn
-0.1832587424591603,-0.26843930755575474,-0.12843890025651436,-0.12831118629538105,0.3013704969412334,0.6206104403067293,0.3424145098088138,0.6480873937116454,-0.14662690982855747,-0.17806292586900951,-0.1421388213106162,-0.21719597473258181,266.6,6,Syn
-0.18403816650080437,-0.28422350821408826,-0.13208367162873463,-0.14009418037413485,0.19085949854129225,0.4055587615130007,0.32867634657082423,0.5904130472987862,-0.1529745936020575,-0.20099967232867963,-0.1431268135863132,-0.22055432107364,266.7,6,Syn
-0.18802422513701314,-0.27627903393002035,-0.1322388683452292,-0.1403402927949959,-0.26948020479357365,-0.20406306874016886,-0.2754017216455954,-0.27428014148132446,-0.1683573926556616,-0.2370886347231839,-0.14453096018419778,-0.2261651066945208,266.7,6,Syn
-0.19556458676810504,-0.33177905926433093,-0.13278205685296007,-0.1401260302168345,-0.17873839610739975,0.19067548653978403,-0.1316022611837186,0.27053142841380623,-0.1646563702521294,-0.2114849594048651,-0.1462344983807784,-0.23288631328300957,266.8,6,Syn
-0.18682598195265993,-0.3180930901742246,-0.1323117637726736,-0.1404474240840766,-0.15233854648963605,-0.1611200945096279,-0.0429560108013622,-0.10589918378329413,-0.16201537140113884,-0.22794984267335194,-0.14400552792848617,-0.21831542351293454,267.2,6,Syn
-0.18640877987227783,-0.30187680438795655,-0.1322388683452292,-0.1382946642616037,-0.11574712701943331,-0.11009373689451453,-0.10412593470773936,-0.14345784352044877,-0.16189532599882106,-0.2249209527861136,-0.1439187043648643,-0.22595295309501848,267.2,6,Syn
-0.177159183361481,-0.23810824092362723,-0.13010021056262638,-0.13690050978343196,0.17330052879552382,0.25668978418045874,0.275027314948018,0.3954456225958037,-0.15141060586054036,-0.20167436768597075,-0.14255946650678417,-0.22248175909465054,267.2,6,Syn
-0.19167231774686588,-0.30795872990085243,-0.13259511535354618,-0.14151584153463811,-0.24921985508691777,-0.2968535738422397,-0.11024292709837706,-0.0743892969626101,-0.16407652830885874,-0.22965250735183776,-0.1443393495610323,-0.22357412443676894,267.4,6,Syn
-0.18370666872375657,-0.30991947983746415,-0.13162748734085675,-0.14060667329757492,0.08918938001334642,0.1883178330526171,0.14316100357607386,0.17037500244806056,-0.15700743961765673,-0.21537676438426123,-0.14207445211689654,-0.22398037601028403,267.5,6,Syn
-0.18603685553705349,-0.3102697306608656,-0.13251398979719678,-0.1386276398898275,-0.01088446853771139,0.08272863759163993,0.031149847832757004,0.04686749964198652,-0.1621784519476837,-0.22677129756426398,-0.1462344983807784,-0.2291984517767669,267.7,6,Syn
-0.19022666402647212,-0.3125545444434282,-0.13234821148639578,-0.139228443740753,-0.24725521511536327,-0.2323549105861723,-0.2213515757676654,-0.2281406643510371,-0.16659295174234973,-0.2326466489803315,-0.14540967452637074,-0.22902692333461608,267.8,6,Syn
-0.19554679908250736,-0.33224715148625994,-0.132914914648141,-0.13997546732407246,-0.3070539442495536,-0.3347444334574229,-0.29355214168994664,-0.31099478639292505,-0.1693596585146353,-0.23871311581949434,-0.14596504594195195,-0.23150054402668582,267.8,6,Syn
-0.18325389127217911,-0.2987409138382503,-0.12595927999070386,-0.12699665642395846,0.07592806020535348,0.060162525643041934,0.1549938741022255,0.1677022888338061,-0.1551161582792544,-0.21338163519467498,-0.14356841619438993,-0.2236282913132376,268.1,6,Syn
-0.16967865303649043,-0.21685096197812367,-0.1313429600272834,-0.13940506559572388,0.5184632137980066,0.7548282852547337,0.6207878028647204,0.8970717672500862,-0.14369032748695434,-0.17409293730743805,-0.1433184242094787,-0.21731785020463634,268.2,6,Syn
-0.16751017245589978,-0.26096947223797845,-0.1300661143143056,-0.13940072243535576,0.12528963949066052,0.2935702208725704,0.2530663094799908,0.33566123911905943,-0.15304141132598909,-0.2107928899182017,-0.1414307601797,-0.22252238425200205,268.3,6,Syn
-0.19550475546200372,-0.3249475315219124,-0.1331253708015692,-0.1407109091464102,-0.25069333506558367,-0.13215463738157673,-0.22857163235989353,-0.06862186232132418,-0.1672962365993245,-0.22563329209037808,-0.14497405975026798,-0.22506822744603003,268.4,6,Syn
-0.1930257989146171,-0.3223321071490363,-0.1320824958960339,-0.13892297479486077,-0.08529520746033842,0.049553084950790645,-0.10252147768724422,0.04011538103755422,-0.1633018957127706,-0.22125790717678617,-0.1462344983807784,-0.23139672418012086,268.5,6,Syn
-0.1944989426945709,-0.32859734150408615,-0.1324951780739853,-0.13837428886835287,-0.2161893455651576,-0.12002956230471812,-0.17853262903320138,0.002134713887622571,-0.16535286008633143,-0.2214113786529082,-0.14323309760385033,-0.22135328250155303,268.5,6,Syn
-0.18690683506901304,-0.29824663463887074,-0.13033065417196676,-0.13636340561790575,0.006183341215168406,0.023113685130418372,0.051406117716508125,0.02590779814072794,-0.15893382857371802,-0.22348179573644109,-0.14320914627595463,-0.22419252960978636,268.6,6,Syn
-0.19268944995058812,-0.3274549346128049,-0.13146993915896077,-0.1371943969683425,-0.16940635624251585,-0.2310076800220769,-0.14564126011305106,-0.21449575800458018,-0.16449895222456176,-0.23522670719211863,-0.1441716902657625,-0.2257137160572818,268.6,6,Syn
-0.18615813521158314,-0.30149709321492324,-0.13211188921355183,-0.13854222440258748,-0.08640031744433783,-0.0619302442281039,-0.056995009730694664,-0.059337699240229774,-0.16319997037118006,-0.22937162559365218,-0.1454276380222925,-0.22727101375575637,268.6,6,Syn
-0.18121154155309932,-0.2964069994729679,-0.13193435357574368,-0.13987557463560532,0.5124465038851209,0.8506500591260192,0.5270273457295357,0.7624514025742173,-0.14519769003869895,-0.18890148690909855,-0.14282143415564322,-0.22180918704516442,268.6,6,Syn
-0.1924630612247994,-0.31788359435462,-0.13217067584858763,-0.14024040010652877,-0.20243686576427602,-0.1836862064582259,-0.20841564103992335,-0.21407375059180317,-0.16548083301521735,-0.23104243770162208,-0.14472257080736325,-0.22389009788283623,268.9,6,Syn
-0.18454592407150197,-0.2893561557944008,-0.13066926518977304,-0.13653278887226308,-0.025250898329703737,-0.029596710689814242,0.011695806459253449,-0.01080684677087266,-0.16040381850021276,-0.22402328943521124,-0.1436687123799531,-0.22055883498001239,269.3,6,Syn
-0.18990163449873257,-0.3123155882741917,-0.1309573197014485,-0.13692656874564077,-0.23313436531981524,-0.2692353472782839,-0.20771369109345672,-0.287784378690189,-0.1663166208162598,-0.23737820354605563,-0.1456641573852624,-0.2307918607262206,269.3,6,Syn
-0.18801128863839664,-0.302704967549831,-0.1298838757456946,-0.1374694637916578,-0.02795227829059119,0.031197068514990788,0.058726452872517196,0.12114080429074175,-0.15828263889133398,-0.21675221629290198,-0.14282592502962366,-0.2218678678280055,269.3,6,Syn
-0.1898401861303042,-0.2990387907067506,-0.1325727764322326,-0.14060088241708407,-0.1908946059313933,-0.19614808917610835,-0.048170496117971404,-0.0015226836897782553,-0.1615215997463224,-0.22269706422645869,-0.14272862276004744,-0.2152098559287302,269.3,6,Syn
-0.19438898245633068,-0.31686230223404765,-0.13284672215149945,-0.14017670042112942,-0.31785946409310345,-0.3054421686883479,-0.2809170426535474,-0.2395348644960166,-0.16956350919781638,-0.2368859365471737,-0.1459605550679715,-0.22989810726448737,269.3,6,Syn
-0.1928236661237343,-0.3105446939240966,-0.13080682591575682,-0.13556136866992324,-0.2099270556558276,-0.12727092658673092,-0.19006466386801021,-0.08930022554739807,-0.1663970285857368,-0.23128567551283433,-0.1460443847156064,-0.22741545875967284,269.3,6,Syn
-0.1769230922617299,-0.2718828950905052,-0.13080800164845754,-0.13846404751596103,0.17416005878307894,0.22486146210370486,0.32566798965739585,0.46282613950253426,-0.15056689053292976,-0.20082013965849915,-0.14074215950269903,-0.21431158856062457,269.4,6,Syn
-0.1932877630116012,-0.3255727456085448,-0.13162748734085675,-0.1385335380818512,-0.08615473744789352,-0.05485728376660304,-0.07083345153246523,-0.03457993102397803,-0.16335965340633857,-0.22890541978882867,-0.1452824330969249,-0.22437759977105434,269.5,6,Syn
-0.19223990662366477,-0.3038932016516508,-0.132558667639824,-0.1385943423270051,-0.2357129552824805,-0.09611621979202474,-0.2554462874531871,-0.17510839947872514,-0.16808898925613985,-0.2342537559472696,-0.14314777099822196,-0.22189043735986744,269.6,6,Syn
-0.18013296098094872,-0.3030224846514192,-0.1300719929778092,-0.1364734323472319,0.1023279098231172,0.15295303074511277,0.13052590453967464,0.2222819142196338,-0.15428943050857555,-0.20208555541444861,-0.1462344983807784,-0.2286522691057077,269.6,6,Syn
-0.18793043552204353,-0.30001425561678446,-0.1313982194642171,-0.13672244020833835,-0.23497621529314758,-0.2230927004580164,-0.23137943214576,-0.30227329986220003,-0.1668455000887352,-0.23596800337867027,-0.14458934154594352,-0.22563246574257878,269.7,6,Syn
-0.19026385645999455,-0.3247445824466704,-0.13093968371093775,-0.13754474523803883,0.09299586995823328,0.10832601830945257,0.1330328686341983,0.18627061499599493,-0.15618977187734148,-0.21172819721607739,-0.14527045743297706,-0.22328523442893597,269.8,6,Syn
-0.18941813286294093,-0.318086543429862,-0.13056815217751142,-0.1353890899753205,-0.11058994709410273,-0.07674978043315332,-0.0703320587135605,-0.08944089468499042,-0.16311276757893037,-0.22790351166169248,-0.1462344983807784,-0.2299703297664456,269.8,6,Syn
-0.1943097464023046,-0.3146167689176609,-0.1327338518122307,-0.13911407385105876,-0.08468125746922764,0.1265136309247405,-0.052883588615675874,0.16193485419252018,-0.1606110666947802,-0.2073875605612301,-0.1460309120936651,-0.22447239180487455,270.1,6,Syn
-0.19196338896573711,-0.32608993841319367,-0.13154283458640517,-0.1387622778612397,-0.08050639752967431,0.05376318046358877,-0.09329584981939718,-0.024311083979737247,-0.16281605158452234,-0.2266902182938599,-0.1457479870328973,-0.2265848999871531,270.2,6,Syn
-0.18989031506244314,-0.31877395158793953,-0.1324152282503366,-0.14084120395745428,0.7150500009516797,1.9725563113764655,0.962136033975061,2.3185334026206763,-0.1476189831533721,-0.19015531991213316,-0.1382557122755282,-0.20175390103263552,270.5,6,Syn
0.051865354020364095,0.1969458355793049,0.2482552754586558,0.5114971401762504,0.37344822589763943,0.3557112306414708,0.33699946736464276,0.3320038415416586,-0.14100289598035032,-0.19032037414117003,-0.13261068368211382,-0.1938906761319321,270.6,6,Syn
-0.1888731828587209,-0.31543838533517266,-0.1322635587319442,-0.14076737023119598,-0.09425887733055587,-0.08163349122799916,-0.012671884539516464,-0.035564614987124404,-0.16006519986537307,-0.2214837708586261,-0.14262084178451687,-0.22209356314662498,270.6,6,Syn
-0.19485469640652464,-0.3158442834856566,-0.13229530351486354,-0.13809487888466943,-0.2335027353144817,-0.16145690215065175,-0.22486132549999852,-0.20858765422570194,-0.1674242095282104,-0.23417557236509423,-0.14497405975026798,-0.22537517307935254,270.7,6,Syn
0.12339448899564148,0.6469821365561468,0.20626868498337889,0.5520275127316984,0.4005848155047361,0.6140426913067643,0.9364647216471388,1.3449623013440948,-0.12669710803621964,-0.1418494488806704,-0.1322229715618024,-0.16534021832656515,270.8,6,Syn
-0.1871930551009031,-0.31226321431929055,-0.1321824331755948,-0.13881150034541193,-0.24393988516336504,-0.17273995812495074,-0.22646578252049365,-0.20155419734608496,-0.16714787860212046,-0.2334863985666595,-0.14450850581429558,-0.22645399670235378,271.0,6,Syn
-0.19277677131624948,-0.3179392416817025,-0.13144054584144285,-0.13651975939115868,0.0241106809556033,0.22806113469343145,0.066548180847431,0.26518600118529734,-0.1573256731841783,-0.20528818659541,-0.1456641573852624,-0.22401197335489076,271.2,6,Syn
-0.19583625323905152,-0.33555653076157627,-0.13223534114712704,-0.13828453022074472,-0.24848311509758483,-0.2594679256885923,-0.22375826129840812,-0.2455836374124872,-0.16699725559732556,-0.23616491017822305,-0.14511028292767467,-0.22731615281948025,271.2,6,Syn
-0.19159793287982102,-0.3180047091253289,-0.13051406847327848,-0.1373608847824544,-0.138217696694088,-0.1004947191253348,-0.09088916428865446,-0.05146022753505876,-0.16358841917301956,-0.22777899706785762,-0.14456988109202826,-0.2272123329729153,271.4,6,Syn
-0.17893310073426844,-0.2789173719081657,-0.13085267949108476,-0.14007970317290772,0.01993582101604997,0.039785663361098976,0.10335041375503823,0.12001545119000304,-0.15722827785776958,-0.22003882243249617,-0.14358188881633124,-0.2215473804755658,271.5,6,Syn
-0.17854500577577345,-0.25039975346449045,-0.13236819894230797,-0.13902576292357333,0.2652702374639193,0.4121265105129658,0.2887654781860077,0.3784246569471306,-0.15288739080980782,-0.2061684758169401,-0.14408935757612107,-0.2224546756564162,271.6,6,Syn
-0.18054046068736845,-0.2847341542743745,-0.12956290071839907,-0.13422946615702813,0.17489679877241188,0.24658555494974324,0.1508824529872067,0.20385425719503736,-0.1573256731841783,-0.21624257516464773,-0.14305346264463267,-0.22004424965355993,271.8,6,Syn
-0.1858735322420202,-0.27713011069716403,-0.1319872615472759,-0.14060956873782035,0.10490649978578248,0.256184572718923,0.14506629628791182,0.21890585491741768,-0.15189871499637955,-0.20262415342499004,-0.14546356501413604,-0.21578312203802374,271.9,6,Syn
-0.1811743491195769,-0.28327095690932363,-0.12972044890029502,-0.13588131481704263,-0.22846834538737326,-0.3130203406113845,-0.07524570833882686,-0.09633368242701505,-0.16130302651380046,-0.22656280801179635,-0.14108496288320604,-0.22143001890988367,272.0,6,Syn
-0.19159469875516688,-0.32292458751385555,-0.13319591476361217,-0.14204570709955075,-0.211032165639827,-0.1318178297405529,-0.1876579783372675,-0.1845332316974119,-0.1657016712553302,-0.23144204267718507,-0.14505190156592895,-0.22910365974294672,272.1,6,Syn
-0.1943485558981541,-0.3123876024621808,-0.13227178886084923,-0.13474630224083634,-0.23166088534114934,-0.047110708023054476,-0.2321816606560076,-0.09211360829924486,-0.16792817371718588,-0.23055596207919757,-0.1462344983807784,-0.23288631328300957,272.1,6,Syn
-0.1803916909532787,-0.2918668322574746,-0.13123008968801467,-0.1378646913851582,-0.1527069164843025,-0.17139272756085533,0.0767765943530875,0.10594853743076908,-0.1566993985852942,-0.21573293403639346,-0.140059546657672,-0.20997372453675778,272.5,6,Syn
-0.1948741011544494,-0.33523901365998804,-0.133697952626818,-0.1438452232120819,-0.011866788523488646,0.6650690489218776,-0.013875227304887819,0.5745174347508518,-0.16223960715263802,-0.20242145524897984,-0.14162237080286547,-0.2178820885011851,272.6,6,Syn
-0.19000512648766457,-0.3167084537415255,-0.1328714125382145,-0.14179525151832156,-0.010024938550156294,0.7447240560240181,-0.01798664841990661,0.6544175049033006,-0.1630980450295895,-0.2007651215821535,-0.14513573121356385,-0.22488315728476205,272.6,6,Syn
-0.19175802205020018,-0.3122239338531147,-0.1336697350420008,-0.1433197008075374,-0.30472093428333263,-0.29264347832944154,-0.2985660698789939,-0.30382066037571576,-0.16865863866525144,-0.2355741897795647,-0.1460009729337955,-0.2315547109031545,272.8,6,Syn
-0.17366309461037213,-0.29507801036735126,-0.12568063134063412,-0.12928405421784359,0.19822689843462166,0.29508585525717773,0.35224180905934654,0.45494866779736326,-0.14973336773947818,-0.20130082390446621,-0.1391913110214534,-0.2109893534705455,272.8,6,Syn
-0.19450702800620623,-0.31766100504629013,-0.1325304500550068,-0.1361983655239166,-0.2973535343900032,-0.273613846611594,-0.2926496346159181,-0.2966465343585064,-0.1687163963588194,-0.23554523289727755,-0.14412079369398417,-0.22068522435843932,272.8,6,Syn
-0.18182440817505596,-0.26966682212375037,-0.13117365451838028,-0.13571627472305345,-0.18094861607539858,-0.12440806163802819,-0.14905073128160323,-0.09253561571202189,-0.1639859280052227,-0.22065560402521295,-0.14612372348926086,-0.22991164898360453,272.8,6,Syn
-0.18162227538417317,-0.26601373876939527,-0.12910671643052116,-0.13466233447371903,0.18042234869240892,0.3152943137186088,0.23792424634906797,0.34438272564978445,-0.15118863511663208,-0.20229114927868755,-0.14213732435262272,-0.21739910051933936,272.9,6,Syn
-0.1563152499656469,-0.2844722844998687,-0.1282025779836704,-0.13452190562181596,0.2601130575385887,0.3895603985643678,0.34863178076323253,0.441163092313314,-0.1474615651258045,-0.19647660731542313,-0.13946974520824074,-0.2171643773879751,273.1,6,Syn
-0.1901797692189873,-0.3110389731234762,-0.12888920588088867,-0.13199997716805148,0.02116372099827154,0.12617682328371665,0.14787409607377833,0.24732102071107023,-0.15498139032759578,-0.208525566035116,-0.14345913826086584,-0.22383593100636756,273.2,6,Syn
-0.18839938359689162,-0.30384737444111226,-0.13174035768012549,-0.1379732703943616,-0.10801135713143743,-0.09443218158690549,-0.025607819267258518,-0.019669002439190043,-0.16119996866841446,-0.2238003214416,-0.14549350417400564,-0.22793907189887008,273.2,6,Syn
-0.19114515542824354,-0.2955984765441814,-0.1323787805366144,-0.1384162727519115,-0.0938905073358894,-0.09241133574076238,0.018514748796357786,0.03927136621200018,-0.15887380587255914,-0.21898189622901434,-0.14346812000882675,-0.2226397458176842,273.4,6,Syn
-0.18449094395238183,-0.3031501461664907,-0.13184147069238708,-0.13675429005103804,1.0731056357674889,1.667071780967833,1.9027489622403357,2.9128605089483104,-0.14129621446337198,-0.17487477312919172,-0.1411942408167301,-0.20793343885643747,273.5,6,Syn
-0.18251812791336575,-0.27402368049708964,-0.13140174666231924,-0.13630115365262913,0.23444994791015794,0.5136740142816567,0.2745259221291133,0.5507443504977464,-0.15239588416258232,-0.1937691388215724,-0.14546356501413604,-0.2268060813994002,273.6,6,Syn
-0.1931115032179514,-0.29824663463887074,-0.13329937924127522,-0.14146951449071135,-0.29133682447711756,-0.282539249098726,-0.27159113622191944,-0.2513510720537731,-0.1683324775721617,-0.23618228430759536,-0.14477197042114812,-0.2251675333862226,273.6,6,Syn
-0.19351738586204406,-0.2981844405674256,-0.1334945508695941,-0.1414883348523066,-0.2610076949162448,-0.23791223666306582,-0.2250618826275604,-0.18326720945908084,-0.166953087949303,-0.23177504682348757,-0.1462344983807784,-0.23198804591490393,273.6,6,Syn
-0.1952735155492338,-0.32591972305976497,-0.13201077620129023,-0.13721466505006047,-0.23583574528070267,-0.1710559199198315,-0.20540728412649498,-0.08704951934592065,-0.1670674708326435,-0.22896912492986046,-0.1442719864513257,-0.2238585005382295,273.7,6,Syn
-0.19504065857413683,-0.3298739566548016,-0.13322883527923224,-0.1392863525456615,-0.2710764747704617,-0.19328522422740563,-0.2653738652675008,-0.2351741212306541,-0.16758955508234616,-0.23033878546204375,-0.14619258355696096,-0.22978977351155,273.7,6,Syn
-0.19114838955289767,-0.31794578842606513,-0.132914914648141,-0.14206597518126873,-0.21311959560960367,-0.026733845741111515,-0.203501991414657,-0.09366096881276059,-0.16389759270917756,-0.21778887267878277,-0.12784886030485282,-0.168752731544092,273.7,6,Syn
-0.1888942046689727,-0.2988882155864098,-0.13277852965485792,-0.1386913395752268,0.9376682677284499,1.6995737183266346,1.2734006959511177,2.269158535325765,-0.14014106059201248,-0.15217836879250518,-0.14428246515728005,-0.2240390567931251,273.7,6,Syn
-0.19383109595349415,-0.33441412387029495,-0.1314863994167708,-0.13745498659043068,-0.2516756550513609,-0.24666923532968593,-0.23619280320724542,-0.22082586919623545,-0.16763372273036875,-0.23384256821879174,-0.1462344983807784,-0.23140123808649324,273.7,6,Syn
-0.19494040070985896,-0.32152685759243116,-0.13283849202259446,-0.14151873697488354,-0.18549184600961838,-0.1511842690994243,-0.17502287930086827,-0.1938173947785063,-0.16575716394130727,-0.23315629010858574,-0.14592612503412147,-0.23098595870023336,274.0,6,Syn
-0.1915672086956068,-0.3186790237946812,-0.12869756145067193,-0.13010491152742135,0.14333976922931757,0.4136421448975731,0.16442005909763444,0.4133106030700308,-0.15203574795562905,-0.19523146137707467,-0.14246366119520143,-0.20429523032029112,274.0,6,Syn
-0.19438251420702243,-0.310711635905344,-0.1325022324701896,-0.13722335137079675,-0.30066886434200146,-0.23083927620156497,-0.28753542786308983,-0.21548044196772656,-0.16890325948506874,-0.2343666877881896,-0.14617312310304573,-0.23210992138695846,274.0,6,Syn
-0.19616936807842636,-0.3364861684610716,-0.13325705286404943,-0.1416084956224917,-0.06392974776968313,0.39461251317972557,-0.040549325270619496,0.3940389312198803,-0.16395874791413187,-0.20536926586581408,-0.14435282218297363,-0.22204391017652872,274.1,6,Syn
-0.06885643400647799,-0.0324586336320872,0.20458503575595327,0.43954979323782706,0.2175049281555003,0.10411592279665444,0.050804446333822445,0.042788094651808675,-0.15743326104474611,-0.21916142889919482,-0.14221366921029022,-0.2188841757158557,274.3,6,Syn
-0.1926781305142987,-0.30057727563197184,-0.13274443340653716,-0.13954983760799508,-0.2899861344966738,-0.30055845789350205,-0.2871343136079661,-0.2941144898818443,-0.16919657796809043,-0.2388752743603025,-0.1442465381654365,-0.2249960049440718,274.4,6,Syn
-0.18958469028262834,-0.3144334600755069,-0.13265155052318056,-0.13956865796959034,-0.18905275595806093,-0.22915523799644572,-0.16138499462665962,-0.16596490553522308,-0.16488060600362858,-0.2311611609189995,-0.14476298867318724,-0.22808803080915896,274.4,6,Syn
-0.19643941748704577,-0.34039784821775115,-0.1335615676335349,-0.14037069491757284,-0.23951944522736737,-0.20069499232993035,-0.21934600449204647,-0.18354854773426552,-0.16689306524814412,-0.23238893272797564,-0.1462344983807784,-0.23288631328300957,274.4,6,Syn
-0.18083314896856673,-0.26096619886579714,-0.13245285169675952,-0.1410931072588062,0.2404666578230436,0.7645957068444253,0.29748971323495,0.8793474559134514,-0.15284888568076252,-0.1873436066420486,-0.14265826573435386,-0.21097581175142835,274.5,6,Syn
-0.19237088867215682,-0.3101322490292501,-0.13351453832550628,-0.14265809271145796,-0.21066379564516052,0.03001824177140731,-0.2261649468291508,0.08794288781894964,-0.16737664436880148,-0.2223988083389008,-0.14506088331388983,-0.2280699751836694,274.5,6,Syn
-0.1933395090060672,-0.31512086823358443,-0.13029185499284313,-0.1341773482326105,-0.12753496684876037,-0.08735922112540462,-0.0872791359925404,0.016201627646856516,-0.16174017297884435,-0.21656399655803535,-0.14280347065972146,-0.21623451267526272,274.5,6,Syn
-0.16794192809722544,-0.21927980413666442,-0.11478629213579762,-0.1026546902806772,-0.121763836932319,-0.10116833440738249,0.019918648689291035,0.01001218559279358,-0.16123847379745979,-0.22680025444655116,-0.13979458509282597,-0.20791086932457553,274.8,6,Syn
-0.18930170437539243,-0.3212748079344694,-0.13298193141208184,-0.14104388477463398,-0.2840922145820103,-0.2921382668679058,-0.3014741482286414,-0.32745307549122876,-0.16865863866525144,-0.23690041498831726,-0.14583930147049962,-0.23165853074971948,274.8,6,Syn
-0.19580876317949145,-0.32784446590238214,-0.13309127455324843,-0.14013326881744806,-0.22650370541581877,-0.16768784350959298,-0.19668304907755266,-0.11785606047864298,-0.1667718873420309,-0.23087448778435646,-0.1462344983807784,-0.23288631328300957,275.0,6,Syn
-0.187424295013673,-0.3122828545523785,-0.1333781533322232,-0.14080790639463192,-0.1991215358122778,-0.2409435054322805,-0.16930700116535435,-0.2370028200193545,-0.16496101377310557,-0.2326669187979325,-0.14517764603738129,-0.2287425472331555,275.0,6,Syn
-0.19134728821912633,-0.30167712868489593,-0.1318191317710735,-0.13737101882331337,0.19147344853240306,0.4594479840768168,0.24835321698228635,0.48448918669175456,-0.1524694969092866,-0.19450753931989534,-0.14386631083509252,-0.22019772247022118,275.1,6,Syn
-0.1815187833952412,-0.30077695133503246,-0.13222946248362344,-0.1387825459429577,-0.0015524286728274732,0.13796509071955143,0.015004999064024672,0.11748340671334093,-0.1596733535521472,-0.2152725196080274,-0.14375852985956192,-0.21866750820998096,275.3,6,Syn
-0.19054684236723046,-0.3032287070988425,-0.1308044744503554,-0.13700764107251265,0.011340521140498992,0.10731559538638102,-0.018387762675030395,0.003119397850768947,-0.15971299118498797,-0.22073089191915962,-0.1444531183685368,-0.22366440256421674,275.4,6,Syn
-0.1906357807952189,-0.3117722084920923,-0.13286553387471092,-0.13882308210639363,-0.2224516354744876,-0.17577122689416538,-0.2055075626902759,-0.07312327472427904,-0.1660584099508971,-0.226791567381865,-0.14433336172905836,-0.22464843415339775,275.4,6,Syn
-0.1934074256238038,-0.30685233010356566,-0.1327115128909171,-0.13800077707669314,-0.2585518949518017,-0.20473668402221654,-0.21824294029045607,-0.09084758606091381,-0.16703236321498452,-0.22613424615394617,-0.14574199920092337,-0.2303675535272159,275.4,6,Syn
-0.17527045456347215,-0.2787569766712809,-0.12992502639021966,-0.13620270868428472,1.2804979427647118,1.8063417405311952,2.3561083490939936,3.480038471720623,-0.13039813043975185,-0.14673157923428784,-0.12363941442718611,-0.15941797316598944,275.6,6,Syn
-0.19147988732994545,-0.32148103038189263,-0.13133120270027626,-0.13789654122785788,-0.11955361696432018,-0.002483695587394272,-0.028816733308248795,0.13802110080182248,-0.16011163252098654,-0.21286620268996329,-0.14278251324781274,-0.21753000380413867,275.6,6,Syn
-0.18789162602619403,-0.3154154717299034,-0.1318050229786649,-0.1393355750298337,-0.2073484656931623,-0.2251135463041595,-0.14624293149573672,-0.21097902956477171,-0.16538117268121771,-0.2373202897814813,-0.14552494029186874,-0.22858907441649426,275.8,6,Syn
-0.1836193473580952,-0.28833813704600975,-0.13209778042114323,-0.13871884625755834,0.053334700532476624,0.10546315336074984,0.1169882984292469,0.19274139532524254,-0.1553698391294353,-0.20959697067974142,-0.1421313365206488,-0.21418519918219767,276.0,6,Syn
-0.19153648451139263,-0.31020753658942046,-0.13112780094305235,-0.1362374539672298,0.18496557862662874,0.495149594025345,0.1469715889997498,0.37307922971862173,-0.15758841406472285,-0.20741651744351725,-0.14555188553575138,-0.22669774764646283,276.0,6,Syn
-0.18168695787725567,-0.29440369569799896,-0.1309937674151707,-0.13692512102551804,0.01576096107649664,0.07531886948911522,0.06785180217658329,0.10805857449465418,-0.15757369151538198,-0.21668271977541276,-0.14533931750067716,-0.22006681918542187,276.2,6,Syn
-0.1926134480212162,-0.3205546660545786,-0.13284084348799588,-0.141692463389609,-0.1442344066069737,-0.13956440548410146,-0.08447133620667391,-0.08409546745648151,-0.1630108422373398,-0.22666126141157272,-0.14351153179063766,-0.2206897382648117,276.3,6,Syn
-0.19570203706590533,-0.32770698427076667,-0.1327702995259529,-0.1400160034875084,-0.17284447619273624,0.08643352164290229,-0.15035435261075553,0.11185664120964735,-0.16453066233083438,-0.21563158494838836,-0.14534081445867064,-0.22644948279598137,276.3,6,Syn
-0.19521045011847837,-0.32885266453422923,-0.1336038940107607,-0.14171417919144969,-0.21692608555449053,0.04719543146362369,-0.1709114581858495,0.08597351989265689,-0.16651933899564544,-0.2201749197792459,-0.1451312403395834,-0.22565954918081313,276.3,6,Syn
-0.1910044710057891,-0.31225339420274656,-0.13280086857617152,-0.14090635136297633,-0.22134652549048817,-0.2109676253811578,-0.1761259435024587,-0.20394557268515473,-0.1650629391146961,-0.23095556705476056,-0.14351153179063766,-0.22215224392946606,276.4,6,Syn
-0.1807781688494466,-0.31069854241661876,-0.12912082522292975,-0.13565836591814498,-0.04673914801858118,-0.03869051699745821,0.06584623090096436,0.08301946800321776,-0.15763711172792721,-0.22071930916624474,-0.14063288156917497,-0.21686645956739733,276.4,6,Syn
-0.18795954264393064,-0.3149310126470678,-0.13070806436889665,-0.13627364697029762,0.010972151145832523,0.11068367179661952,0.039974361445480264,0.0977897274504134,-0.16081378487416584,-0.22312852177253756,-0.1460922873713978,-0.22994776023458366,276.7,6,Syn
-0.17882637462068232,-0.2808977620778654,-0.12812027669462026,-0.1320028726082969,1.0417941862208389,1.4890689426867278,1.0938017882194433,1.5729869733812771,-0.13543324231432477,-0.15893980080656017,-0.14416869634977553,-0.21750292036590432,276.8,6,Syn
-0.17957669154043926,-0.29086845374217146,-0.12608390765697977,-0.12971981797477994,-0.15467155645585703,-0.1985057426632753,0.100041221150267,0.08808355695654198,-0.1589712011989679,-0.2217472784874394,-0.13926615892112743,-0.21071400518182973,276.8,6,Syn
-0.1913327346581828,-0.3084922895664079,-0.12824137716279402,-0.12931156090017512,0.01686607106049605,0.13998593656569452,0.08650361503983928,0.20019685961763653,-0.1569349593747479,-0.20939716819195991,-0.1453003965928467,-0.22931581334244905,276.9,6,Syn
-0.1933168701334883,-0.3034905768733482,-0.1326974040985085,-0.13950495828419102,-0.11685223700343272,0.3120946411288822,-0.10282231337858705,0.2864270409617406,-0.16337890597086122,-0.21319920683626578,-0.14541416540035118,-0.22682865093126214,277.1,6,Syn
-0.1912373279808861,-0.31197843093951555,-0.13184029495968638,-0.140289622590701,-0.13023634680964782,-0.11868233174062272,-0.0977081066257588,-0.1164493691027196,-0.16053405643668958,-0.22107547881837697,-0.14593510678208235,-0.2262102457582447,277.2,6,Syn
-0.1777397087368964,-0.2475617397832845,-0.13145465463385145,-0.1383540207866349,-0.045756828032803926,-0.03043872979237387,0.24203566746408675,0.3684371481780745,-0.15214107080860595,-0.2017467598916887,-0.14080952261240565,-0.20731503368342005,277.6,6,Syn
-0.18943915467319272,-0.31187040965753193,-0.1323423328228922,-0.14187198068482532,0.19491156848262342,0.2782454732059852,0.1704367729244912,0.2236886055955572,-0.1532543220395338,-0.20765975525472952,-0.14411630282000373,-0.22238245315445795,277.7,6,Syn
-0.19407203824022645,-0.32188365516019524,-0.13236702320960725,-0.1341672141917515,-0.2209781554958217,-0.004841349074561226,-0.20931814811395186,-0.050897550984689406,-0.16716939617423404,-0.2266902182938599,-0.1442465381654365,-0.2248560738465277,277.8,6,Syn
-0.19510372400489226,-0.33279380464054065,-0.13126653740173685,-0.13357654438168495,-0.0956095673109996,0.11219930618122685,-0.0939977997658638,0.05305694169604945,-0.16428717401481252,-0.22253780137387924,-0.1462344983807784,-0.23288631328300957,277.8,6,Syn
-0.1759560889901466,-0.27610554520441033,-0.1306516291992623,-0.13655160923385834,0.0448621906551478,0.09805338525822513,0.11648690561034218,0.17276637778713033,-0.15556576228604824,-0.21193379108031632,-0.14007751015359377,-0.21680777878455626,278.1,6,Syn
-0.18519598312698105,-0.29710750111977074,-0.13257630363033474,-0.1413667263619988,0.09483771993156563,0.2056634265653454,0.024330905495652665,0.07598601112360079,-0.1596733535521472,-0.2223988083389008,-0.14532285096274888,-0.2279345579924977,278.2,6,Syn
-0.18702488061888858,-0.2809795963823984,-0.13102903939619218,-0.1365574001143492,0.1514439091119799,0.3210200436160142,0.22358441172839266,0.3395999749716449,-0.15604367888772835,-0.21120118195845083,-0.1444995240663347,-0.22728004156850115,278.4,6,Syn
-0.18945855942111747,-0.29555919607800557,-0.13340637091704038,-0.14252055929980031,-0.0245141583403708,0.1517742040015293,0.006381042578863304,0.11720206843815624,-0.1607967973172341,-0.21835063619515396,-0.14534979620663152,-0.22814219768562763,278.5,6,Syn
-0.1811355396237274,-0.28974568708397813,-0.13165570492567394,-0.13949627196345474,-0.09155749736966842,-0.1232292348944447,-0.005652385074850234,-0.015167590036235181,-0.16042420356853088,-0.22300979855516015,-0.14354296790850077,-0.2214074493780217,278.6,6,Syn
-0.18148644214869994,-0.2825999156121527,-0.13121010223210247,-0.1389388997162106,-0.1743179561714021,-0.21837739348368249,-0.008259627733154834,-0.014042236935496466,-0.15819656860287976,-0.22033707832005406,-0.14301753565278916,-0.22147515797360756,278.9,6,Syn
-0.17887326942816711,-0.24738825105767445,-0.13123008968801467,-0.13916329633523097,0.2835659471990207,0.42037829771805013,0.25727800915879057,0.33383254033035903,-0.1527050576987403,-0.2051231323663731,-0.14346961696682023,-0.22110501765107157,278.9,6,Syn
-0.1932441023287705,-0.32582806863868796,-0.13196727409136372,-0.1364661937466183,0.1969989984524001,0.4993596895381431,0.2365203464561347,0.485895878067678,-0.15227583876026454,-0.19289464097649978,-0.1462344983807784,-0.22426023820537222,279.1,6,Syn
-0.19315678096310915,-0.31848916820816453,-0.13224592274143349,-0.13944994491952795,0.1412523392595409,0.4200414900770263,0.1473727032548736,0.40416710912652876,-0.1557911305413429,-0.20219559156713987,-0.14358637969031168,-0.2220077989255496,279.1,6,Syn
-0.18761510836826636,-0.30920915807411736,-0.13152637432859515,-0.1387246371380492,0.23727411786926753,0.36733109425679367,0.12360668363878935,0.16179418505492785,-0.15457255645743817,-0.20983152142626751,-0.1445668871760413,-0.2253977426112145,279.3,6,Syn
-0.1849744455881735,-0.28519569975194087,-0.1320895502922382,-0.13953101724639982,0.3388214463989912,0.6113482301785734,0.40278220520494346,0.6433046430335058,-0.14750346776623616,-0.18836868027501455,-0.14306693526657402,-0.22072133560941842,279.3,6,Syn
-0.16477733712316434,-0.24366970025969292,-0.13067279238787516,-0.13677745357300142,0.38142957578207964,0.4899290755894753,0.5662362641678856,0.7739862718567891,-0.13993834241262684,-0.1766585170780816,-0.14263431440645818,-0.20931018030001644,279.4,6,Syn
-0.17362751923917677,-0.26994178538698144,-0.12010648260653851,-0.11643988128914183,-0.2269948654087074,-0.30813662981653867,-0.004649599437040772,-0.015026920898642843,-0.16034945831803116,-0.22417386522310453,-0.14139483318785645,-0.21520082811598543,279.6,6,Syn
-0.1921056904505186,-0.3096085094802386,-0.13205545404391744,-0.1359508053829328,0.11865897958666405,0.39444410935921365,0.13092701879479843,0.3815193779741621,-0.15773903706951775,-0.2061858499463124,-0.14597402768991283,-0.22891407567530633,279.7,6,Syn
-0.195045509761118,-0.3163909366399373,-0.13336757173791675,-0.14216297242949044,-0.3028790843100003,-0.27327703897057015,-0.290944899031642,-0.2859556799014886,-0.16955671417504367,-0.23928067071232292,-0.1458003805626691,-0.2293925497507797,279.7,6,Syn
-0.19365807028449847,-0.3094186538937219,-0.13186616107910212,-0.1368107511358238,-0.06392974776968313,0.1352706295913606,-0.062410052174865754,0.10088444847744486,-0.1626586335569547,-0.21853306455356314,-0.1462344983807784,-0.22980331523066716,279.8,6,Syn
-0.19121307204598015,-0.3179163280764332,-0.13241287678493519,-0.13930951606762487,-0.22392511545315347,0.05915210271997039,-0.1952791491846194,0.011700215243901654,-0.16723847890575652,-0.22932819027022142,-0.1439591222306883,-0.22400294554214598,279.8,6,Syn
-0.19274119594505412,-0.31850226169688983,-0.13273737901033286,-0.13895048147719227,-0.040845228103917657,0.2063370418473931,-0.052181638669209246,0.1444918811310701,-0.16252273310150064,-0.22033418263182533,-0.1462344983807784,-0.2325974232751766,279.8,6,Syn
-0.18736122958291757,-0.2664261836642418,-0.13206956283632604,-0.14093964892579872,-0.06171952780168431,-0.02942830686930232,-0.03162453309411529,-0.032469893960092935,-0.1610776582585058,-0.22419413504070557,-0.14319866757000027,-0.21847792414234057,279.9,6,Syn
-0.17904952922181694,-0.2748583904033267,-0.13268799823690278,-0.13994796064174092,-0.010393308544822764,0.19488558205258216,0.08419720807287752,0.2592778974064191,-0.16030529067000857,-0.2161035821296693,-0.14189781107366586,-0.22478836525094184,280.0,6,Syn
-0.18804524694726496,-0.2918537387687493,-0.1290302938049746,-0.13067965641613805,0.04437103066225918,0.1371230716169918,0.1315286901774841,0.2439449614088541,-0.15734605825249642,-0.21364224713525953,-0.14441270050271282,-0.21546714859195643,280.1,6,Syn
-0.18284800862808645,-0.26386967999062955,-0.13159339109253598,-0.13809777432491485,0.655005691821045,1.1500720519962224,0.7123421315967242,1.1446494494126036,-0.1469394808761018,-0.18436394345469848,-0.14578241706674736,-0.2160223590757604,280.2,6,Syn
-0.19411084773607595,-0.3182927658772852,-0.13302190632390617,-0.14115535922408282,-0.2996865443562242,-0.21669335527856323,-0.2796134213243951,-0.22223256057215887,-0.1689021269812733,-0.23771989475704428,-0.14582582884855827,-0.2309227640110199,280.2,6,Syn
-0.19217199000592816,-0.28339207168003255,-0.1327420819411357,-0.13748828415325307,-0.21127774563627133,-0.05081559207431683,-0.1548668879808981,0.09103760884598111,-0.16494742372756016,-0.21893556521735485,-0.1447884369590764,-0.2205904323246191,280.2,6,Syn
-0.1934510863066345,-0.32254814971300355,-0.13307128709733626,-0.1405646894140163,-0.19101739592961545,-0.18604385994539283,-0.16850477265510677,-0.18931598237555142,-0.16470280290774286,-0.22973069093401313,-0.1456806239231907,-0.23116200104875656,280.6,6,Syn
-0.18656725198032995,-0.3064529786974444,-0.13055639485050427,-0.13810935608589656,0.16077594897686384,0.25871063002660183,0.17334485127413865,0.22425128214592657,-0.15391910176746323,-0.21131700948759952,-0.1423828254635535,-0.21814389507078372,280.7,6,Syn
-0.1814541009021587,-0.25122464325418353,-0.13040707679751332,-0.13865080341179087,0.20424360834750735,0.2826239725392952,0.37911646415264016,0.5394908194903593,-0.1474864802093044,-0.1938502180919765,-0.14209540952880526,-0.21440638059444478,280.8,6,Syn
-0.18926612900419706,-0.29880965465405807,-0.1319790314183709,-0.13887085687044312,0.18742137859107186,0.38703434125668895,0.22809694709853523,0.3995250275859815,-0.15434945320973442,-0.20725146321448037,-0.1457479870328973,-0.22979428741792238,280.9,6,Syn
-0.1770605425595302,-0.2937162875399214,-0.12928425206832933,-0.13416287103138336,0.1440765092186505,0.15025856961692197,0.12190194805451326,0.1477272712956939,-0.15359407317816892,-0.20706324347961375,-0.14265826573435386,-0.22084772498784536,280.9,6,Syn
-0.18772345154417955,-0.2908095330429077,-0.13175446647253408,-0.13763739932589242,-0.039248958127029616,0.007283726002297395,0.026938148153957266,0.08344147541599478,-0.15845138195685612,-0.21758327881454387,-0.14561326081348408,-0.22456718383869473,280.9,6,Syn
-0.1862810319484399,-0.2941221856904053,-0.13117365451838028,-0.1368324669376645,0.6896324713196932,1.0306737432532673,0.6721304275205647,1.0314107936507704,-0.14572770181496977,-0.18619401841524783,-0.14523602739912703,-0.22207550752113545,281.0,6,Syn
-0.19554679908250736,-0.3318347065914134,-0.1336544505168915,-0.14200227549586938,-0.1749319061625129,-0.11750350499703925,-0.1528613167052792,-0.08648684279555129,-0.16472318797606098,-0.22534951464396377,-0.14571206004105378,-0.2300199827365419,281.1,6,Syn
-0.17946673130219903,-0.3002270248085704,-0.13308069295894198,-0.14059653925671595,0.01760281104982899,-0.04576347745895907,0.05110528202516529,0.047570845329948215,-0.1589712011989679,-0.22231193769203927,-0.14399355226453833,-0.21913695447270953,281.2,6,Syn
-0.18089621439932216,-0.3005085348161641,-0.1311313281411545,-0.13940072243535576,1.0338128363363988,1.5089405935071352,0.8703811481154953,1.318938510889512,-0.14061557968230623,-0.17332557992682796,-0.13982003337871515,-0.21317408415478228,281.3,6,Syn
-0.18197641203379983,-0.2875328874894046,-0.13071511876510095,-0.1373739142635588,0.01023541115649958,0.05359477664307685,0.11097158460239014,0.14238184406718501,-0.1548805974898007,-0.20955353535631066,-0.1417421274423439,-0.21510603608216522,281.3,6,Syn
-0.1915510380723362,-0.31648913780537696,-0.13231058803997287,-0.14040688792064066,-0.09450445732700018,0.026650165361168803,-0.04977495313846654,0.04166274155106996,-0.16263258596965935,-0.22371055510650975,-0.14381092338933374,-0.22365537475147196,281.5,6,Syn
-0.1895863073449554,-0.31990326499049554,-0.13260216974975048,-0.1417170746316951,0.43963203493938197,0.7034651199985965,0.3896457133496395,0.618124867404477,-0.15231774140069623,-0.2003973691771064,-0.1432720185116808,-0.22085223889421773,281.5,6,Syn
-0.16759264263457996,-0.29034471419316,-0.1320966046884425,-0.14148109625169303,-0.1561450364345229,-0.15775201809938938,-0.002744306725202796,-0.08282944521815046,-0.16230982238795597,-0.23011581746843252,-0.14127208263239108,-0.2238585005382295,281.5,6,Syn
-0.17536424417844176,-0.27594514996752556,-0.13018721478247938,-0.13602898226955926,0.6379378820681652,0.9164959529461819,0.8066039815508136,1.1882568820662287,-0.13814898641581505,-0.16125345570130534,-0.1416807521646112,-0.20881365059905352,281.6,6,Syn
-0.1878964772131752,-0.2862333587334199,-0.13203899378610742,-0.14101348265205702,-0.01555048847015335,0.02109283928427527,0.0922194931753532,0.149837308359579,-0.15674243372952132,-0.21226969091484751,-0.1424277342033579,-0.22007133309179427,281.6,6,Syn
-0.19035764607496417,-0.3197788768476053,-0.13230235791106784,-0.1399103199185504,-0.10985320710476978,-0.0705188390742121,-0.11906744071110033,-0.16554289812244605,-0.16309464751820316,-0.22947297468165728,-0.14346961696682023,-0.22212064658485933,281.7,6,Syn
-0.19066812204176015,-0.31232540839073564,-0.13229412778216285,-0.14014919373879792,0.09287307996001112,0.2608998796932569,0.12009693390645623,0.26954674445065985,-0.15628376969236385,-0.20679973585080047,-0.14439623396478454,-0.21721403035807138,281.7,6,Syn
-0.10220511037748549,-0.013250485672091075,-0.09223691466876126,-0.05933311332864029,0.1511983291155356,0.2390073830267066,0.14576824623437845,0.23550481315331373,-0.15383189897521354,-0.20788851462479818,-0.14319866757000027,-0.21862688305262945,281.8,6,Syn
-0.18652359129749926,-0.28655414920718936,-0.13206133270742101,-0.1411640455448191,-0.07669990758478744,-0.05839376399735347,0.008386613854482227,0.011559546106309314,-0.1617707505813215,-0.22808883570833038,-0.14365673671600526,-0.22532552010925627,281.8,6,Syn
-0.18790779664946466,-0.2859387552371009,-0.13207191430172746,-0.13723493313177845,-0.07019203767901314,0.029849837950895384,-0.05368581712592344,0.009730847317608902,-0.16198139628727531,-0.22414490834081735,-0.143141783166248,-0.22094703092803794,282.0,6,Syn
-0.19089451076754888,-0.30021393131984514,-0.13323588967543654,-0.14176919255611276,0.7094016610334605,1.9779452336328471,0.8958519033158555,2.281537419433891,-0.1512316702608592,-0.1801594041466009,-0.14203253729307908,-0.19466706802798317,282.1,6,Syn
-0.18953294428816234,-0.29778181578912305,-0.13247401488537242,-0.13986254515450092,0.06143884041513897,0.46416329105115073,0.06444233100803112,0.4029010868881977,-0.15918750942389895,-0.20186258742083737,-0.14518812474333564,-0.2277404600184849,282.2,6,Syn
-0.1839637816337595,-0.29879328779315145,-0.13168392251049113,-0.1382222782554681,0.5166213638246743,0.7622380533572584,0.5491889083251248,0.778065676846967,-0.1459723226347871,-0.18982231576583067,-0.1415969225169763,-0.21427096340327306,282.7,6,Syn
-0.1783412559225636,-0.2937981218444545,-0.13208602309413606,-0.14025198186751045,-0.01481374848082041,0.021261243104787195,0.13122785448614127,0.17965916552915495,-0.154519328779052,-0.2133700524417601,-0.1438977469529556,-0.21354873838369068,282.8,6,Syn
-0.18917880763853567,-0.32608011829664973,-0.13063516894145225,-0.13841337731166609,-0.1669505562780727,-0.14579534684304268,-0.0690284373844082,-0.1354397026776854,-0.16330755823174783,-0.2327479980683366,-0.1440863636601341,-0.22410225148233856,283.0,6,Syn
-0.18951030541558347,-0.3077623275699731,-0.13111486788334448,-0.13572496104378973,0.044739400656925644,0.17922402674497312,0.15048133873208291,0.2921944756030265,-0.15687153916220267,-0.2090265200986841,-0.14417767809773643,-0.22373211115980257,283.1,6,Syn
-0.17333968214495965,-0.2604490060611483,-0.13020249930758868,-0.13826426213902676,0.01183168113338762,0.0791921573608895,0.29197439222699795,0.46282613950253426,-0.14983755808865964,-0.19654899952114105,-0.14105053284935598,-0.20628134912414273,283.2,6,Syn
-0.19463962711702534,-0.33243700707277657,-0.1325022324701896,-0.1404010970401498,-0.261130484914467,-0.0972950465356082,-0.23298388916625515,-0.06819985490854716,-0.16746611216864207,-0.22666126141157272,-0.14590367066421925,-0.23172172543893294,283.2,6,Syn
-0.1955225431476014,-0.33525210714871334,-0.13242110691384018,-0.13983503847216938,-0.2371864352611464,-0.1592676524839967,-0.19888917748073345,-0.16385486847133798,-0.16626339313787364,-0.23085711365498415,-0.1446596985716371,-0.22460329508967386,283.3,6,Syn
-0.18707500955102752,-0.3157919095307554,-0.13142055838553068,-0.14040688792064066,0.15709224903019914,0.15749993389893474,0.22268190465436416,0.25815254430568035,-0.15437663330082524,-0.2104454073307556,-0.1439666070206557,-0.21732687801738113,283.4,6,Syn
-0.17372777710345463,-0.26332957358071146,-0.13038003494539682,-0.13749841819411204,0.2593763175492558,0.3887183794618082,0.3560523944830225,0.5175464340259543,-0.14952385453731984,-0.1960712109634027,-0.13895030078450307,-0.21029421188919745,283.6,6,Syn
-0.19350606642575463,-0.2977425353229472,-0.13110075909093588,-0.13298442685149572,-0.15675898642563368,0.08087619556600875,-0.14022621766887997,0.06191909736436684,-0.16464617771797033,-0.21952338992778447,-0.14550248592196652,-0.22551059027052425,283.6,6,Syn
-0.19291907280103096,-0.32513738710842904,-0.13119952063779605,-0.13521102040022692,-0.14349766661764074,0.07936056118140142,-0.14002566054131807,0.05755835409900432,-0.16494402621617382,-0.2202646861143361,-0.144322883023104,-0.22285189941718653,283.6,6,Syn
-0.1934769593038675,-0.3212977215397386,-0.13115719426057026,-0.13583643549323857,-0.09917047725944214,0.13729147543750372,-0.056393338348008984,0.1830352248313711,-0.16231888241831957,-0.2155707754955853,-0.14442168225067373,-0.22061751576285346,283.6,6,Syn
-0.1964895464191847,-0.3388593632925299,-0.13317827877310143,-0.14045321496456745,-0.21606655556693544,0.059488910360994234,-0.20159669870281902,0.07514199629804674,-0.16710031344271156,-0.22292871928475608,-0.14543661977025338,-0.22819185065572392,283.6,6,Syn
-0.1790074856013133,-0.3047377316744318,-0.13093968371093775,-0.13782125978147686,0.1077306697448921,0.17080383571937685,0.157801673888092,0.1900686817109881,-0.15304480883737545,-0.20803619472446278,-0.14031402951656366,-0.22124946265498807,283.9,6,Syn
-0.186310139070327,-0.2977359885785845,-0.1319508138335537,-0.13893166111559702,-0.11451922703721175,-0.12390285017649241,-0.05007578882980938,-0.04330141755470307,-0.1623018948613878,-0.22719985942211415,-0.1456806239231907,-0.22703629062439207,284.0,6,Syn
-0.18903003790444595,-0.31727147375671283,-0.13076567527123176,-0.13636485333802847,-0.12986797681498136,-0.18941193635563133,-0.032527040168143805,-0.04386409410507243,-0.16249328800281893,-0.2296756728576675,-0.1439441526507535,-0.22384495881911232,284.0,6,Syn
-0.1908120405888687,-0.3104072122924811,-0.133697952626818,-0.14001021260701754,-0.3066855742548872,-0.29466432417558464,-0.2975632842411845,-0.32379567791382796,-0.16907653256577268,-0.23633575578371738,-0.1462344983807784,-0.23288631328300957,284.2,6,Syn
-0.18871632781299585,-0.30505852214820134,-0.13225297713763778,-0.13914013281326756,0.11436132964888857,0.23917578684721852,0.13644233980275045,0.21960920060537936,-0.1569508144278842,-0.2142677157926625,-0.14412079369398417,-0.2219987711128048,284.4,6,Syn
-0.17351755900093652,-0.2649138857164712,-0.12979334432773945,-0.13771123305215072,0.16151268896619678,0.28093993433417597,0.24283789597433433,0.34536740961293083,-0.14583868718692394,-0.1886090223979981,-0.14170620045050036,-0.21776472693550294,284.6,6,Syn
-0.18089136321234098,-0.29415819278439986,-0.1297392606235065,-0.13409917134598404,0.005569391224057622,0.05797327597638691,0.045389403889651354,0.12887760685832042,-0.1574910187383141,-0.21224652540901778,-0.13824223965358687,-0.2117206063028727,284.7,6,Syn
-0.19163027412636224,-0.3042434524750522,-0.1326386174634727,-0.1390489264455367,0.3609236460789795,0.8882041111001785,0.057623388670926784,0.24774302812384727,-0.16619431040635116,-0.23600854301387234,-0.14559829123354925,-0.23094533354288185,284.7,6,Syn
-0.17535292474215233,-0.25134248465271114,-0.13367796517090583,-0.14118286590641435,0.297932376991013,0.4954864016663688,0.4019799766946959,0.5828169138687999,-0.14683529052692038,-0.19010030183578752,-0.1432795033016482,-0.2165685417468196,284.8,6,Syn
-0.19440191895494718,-0.32150721735934323,-0.1329443079656589,-0.14010865757536198,-0.308895794222886,-0.36707796699571255,-0.2795131427606142,-0.27428014148132446,-0.16861900103241068,-0.23888685711321736,-0.14232594105980123,-0.21614423454781495,285.4,6,Syn
-0.19319397339663158,-0.299775299447548,-0.13241287678493519,-0.13874056205939903,-0.279917354642457,-0.3391229327907329,-0.18304516440334398,-0.1614634931322682,-0.16571186378948924,-0.23005500801562945,-0.14600246989178897,-0.2289276173944235,285.4,6,Syn
-0.18496312615188407,-0.31441054647023764,-0.13114896413166524,-0.1388795431911794,0.7198388108823438,1.0305053394327555,0.5654340356576381,0.7651241161884718,-0.15105952968395073,-0.20406910185112,-0.14392319523884475,-0.2240390567931251,285.6,6,Syn
-0.17274622027092776,-0.27996812437837,-0.1314863994167708,-0.13797761355472976,0.04768636061425741,0.03254429907908619,0.08660389360362022,0.13281634271090592,-0.1545714239536427,-0.211117206999818,-0.1395041752420908,-0.20990150203479951,285.7,6,Syn
-0.18839938359689162,-0.29590617352922566,-0.1329078602519367,-0.14177498343660358,-0.12471079688965075,-0.13872238638154183,-0.09710643524307312,-0.1296722680363995,-0.16268354864045462,-0.2264904158060784,-0.1461072569513326,-0.2293925497507797,286.0,6,Syn
-0.18053075831340606,-0.28316620899952133,-0.13185440375209498,-0.13801670199804297,0.22082025810749853,0.33668159892362326,0.24634764570666745,0.3481807923647776,-0.1524207992460822,-0.20584126304709502,-0.14380044468337938,-0.21748035083404238,286.0,6,Syn
-0.17636358869656632,-0.25072709068262267,-0.13023541982320874,-0.13492871497629808,0.04707241062314663,0.12802926530934783,0.10274874237235256,0.14069381441607692,-0.154896452542937,-0.20896281495765232,-0.14320914627595463,-0.2167536119080876,286.3,6,Syn
-0.1894747300443881,-0.29385376917153694,-0.1320519268458153,-0.14068485018420138,-0.06982366768434667,-0.0312807488949335,-0.05799779536850412,-0.029234503795469127,-0.16128603895686872,-0.2213302993825041,-0.1434112356050745,-0.22284287160444174,286.4,6,Syn
-0.17207352234286982,-0.25295298376592146,-0.13108665029852729,-0.1356366501163043,-0.060246047823018435,-0.07877062627929643,0.21245349114870765,0.2917724681902495,-0.1560108362776603,-0.21078999422997297,-0.14111190812708868,-0.20879559497356398,286.5,6,Syn
-0.1964895464191847,-0.3363028596189176,-0.133262931527553,-0.14165771810666392,-0.23362552531270386,-0.0499735729717572,-0.2105214908793232,-0.0608850597537455,-0.16636645098325964,-0.2243678763344286,-0.1451222585916225,-0.2266661503018561,286.5,6,Syn
-0.1951441505630688,-0.3247282155857638,-0.1332347139427358,-0.140661686662238,-0.17615980614473448,-0.07742339571520103,-0.1626886159558119,-0.10632119119607115,-0.1652577297675136,-0.2280222348790699,-0.1462344983807784,-0.23288631328300957,286.9,6,Syn
-0.17824099805828575,-0.28459667264275895,-0.13027774620043453,-0.1356120388742182,0.3464344262887649,0.5101375340509063,0.4115064402538857,0.48702123116841667,-0.1477378960518944,-0.19180875789073076,-0.14172416394642215,-0.22324460927158446,287.2,6,Syn
-0.1944698355726838,-0.31480662450417757,-0.133697952626818,-0.14383653689134562,-0.22662649541404092,0.01890358961762024,-0.23338500342137894,-0.05779033872671404,-0.16797687138039025,-0.2281062098377027,-0.1448782544386852,-0.22639982982588508,287.3,6,Syn
-0.19485307934419757,-0.32717997134957383,-0.13300074313529328,-0.1410583619758611,-0.14914600653585997,0.10933644123252412,-0.14554098154927012,0.14800860957087858,-0.16431775161728968,-0.21422717615746045,-0.14575098094888425,-0.22861615785472858,287.3,6,Syn
-0.18853036564538367,-0.31964466858817114,-0.1310890017639287,-0.13947745160185948,0.017725601048051147,0.1125361138222507,0.13062618310345558,0.20624563253410713,-0.15472997448500578,-0.21006028079633618,-0.14459233546193048,-0.22392620913381536,287.3,6,Syn
-0.19085731833402644,-0.3180276227305982,-0.13235056295179723,-0.14082093587573632,-0.07166551765767902,-0.038185305535922434,-0.01929026974905891,-0.03640862981267844,-0.16065976435798457,-0.22419123935247684,-0.1452929118028793,-0.22486058775290008,287.4,6,Syn
-0.1938213935795318,-0.32021423534772114,-0.1331394795939778,-0.14027948854984199,-0.16474033631007387,-0.11363021712526497,-0.12698944724979508,-0.05455494856209023,-0.16368241698804195,-0.22212371795717264,-0.14475999475720028,-0.2268828178077308,287.5,6,Syn
-0.18436481309087097,-0.28087157510041477,-0.13209778042114323,-0.14048651252738983,-0.07117435766479038,-0.030943941253909646,-0.07574710115773159,-0.11673070737790427,-0.16039702347744006,-0.22245093072701771,-0.1445983232939044,-0.22598003653325283,287.6,6,Syn
-0.18030275252529027,-0.2964069994729679,-0.13160514841954313,-0.138197667013382,-0.15602224643630075,-0.18755949433000016,-0.035836232772915026,-0.08761219589629,-0.16050121382662152,-0.22679735875832244,-0.14196068330939204,-0.21646020799388224,287.8,6,Syn
-0.17565693245964006,-0.2822398446722073,-0.13109723189283373,-0.13861026724835493,-0.13244656677764663,-0.18520184084283323,-0.042655175110019365,-0.07185725248594799,-0.15987607173153284,-0.22459084432803983,-0.14191876848557458,-0.22021126418933837,288.2,6,Syn
-0.17815852787960557,-0.28272757712722424,-0.13046116050174625,-0.13537895593446153,-0.24664126512425247,-0.3317131646882082,-0.12939613278053777,-0.2263119655623367,-0.16313088763965758,-0.2311959091777441,-0.14168374608059817,-0.22125849046773285,288.3,6,Syn
-0.18415621205067992,-0.279876469957293,-0.1305364073945921,-0.1353253902899212,0.014410271096052913,0.09468530884798662,0.08710528642252495,0.11467002396149413,-0.15684322656731642,-0.2124463278967993,-0.14190679282162674,-0.21789111631392988,288.4,6,Syn
-0.10806534425075956,-0.10085247198862421,0.0021838270603568755,0.10465159269108211,0.03884548074226212,0.03220749143806234,0.09923899264001944,0.08977158660765006,-0.15560653242268446,-0.21499453353807055,-0.14084694656224264,-0.217927227564909,288.4,6,Syn
-0.18452651932357722,-0.2945542708183398,-0.1308856000067048,-0.13682233289680548,0.05321191053425447,0.14773251230924309,0.10876545619920933,0.21862451664223298,-0.15698252453415681,-0.2086616633818657,-0.14349955612668983,-0.22116369843391265,288.6,6,Syn
-0.14361969363588015,-0.1828831788525477,-0.1299849887579562,-0.13587407621642908,0.6807915914476979,1.026632051560981,0.8031945103822614,1.0969626117688005,-0.13230186931990415,-0.15407794027054375,-0.1343396701645836,-0.19771395482934645,288.7,6,Syn
-0.18024615534384308,-0.26434759232910254,-0.1315369559229016,-0.13903879240467773,0.1730549487990795,0.30721093033403635,0.19269861408386124,0.28684904837451763,-0.15454537636634735,-0.20800434215394686,-0.14464622594969576,-0.21908278759624084,288.9,6,Syn
-0.17992597700308474,-0.27657036405415797,-0.12964755347285062,-0.13609992055557216,0.12860496944265876,0.19353835148848678,0.20473204173757478,0.33552056998146707,-0.151648431657585,-0.19947074894391686,-0.14045025269397035,-0.21315151462292034,289.1,6,Syn
-0.19399927043550863,-0.32572659410106697,-0.13068572544758306,-0.13482882228783094,-0.03642478816792001,0.09418009738645085,0.010191628002539258,0.12437619445536556,-0.15945704532721616,-0.2140823917460246,-0.14569858741911246,-0.22728906938124593,289.1,6,Syn
-0.18429204528615317,-0.30190626473758847,-0.13125242860932826,-0.13834822990614404,-0.12471079688965075,-0.041384978125649015,-0.10733484874872963,-0.10716520602162519,-0.16272771628847718,-0.22812647965530372,-0.14518213691136173,-0.22836337909787474,289.2,6,Syn
-0.16055033620022327,-0.21817340433937768,-0.13118541184538746,-0.13882742526676176,0.08820706002756916,0.1197774781042635,0.4456011519394074,0.6215009267066932,-0.15177413957887997,-0.20337703236445656,-0.142876821601402,-0.2127588047685224,289.2,6,Syn
-0.1893760892424373,-0.302704967549831,-0.13145230316845002,-0.13745498659043068,0.17784375872974365,0.4985176704355835,0.23852591773175363,0.5390688120775823,-0.1550153654414593,-0.19967344711992707,-0.14418216897171687,-0.22074841904765277,289.3,6,Syn
-0.19601089597037424,-0.3349313166749438,-0.132488123677781,-0.13965407345683037,-0.03335503821236609,0.21458882905247742,0.00858717098204412,0.2660300160108514,-0.16194628866961636,-0.21608041662383956,-0.14449653015034775,-0.22177307579418531,289.5,6,Syn
-0.18652035717284512,-0.3010028140155437,-0.13269152543500493,-0.14047637848653083,0.024847420944936242,0.11304132528378648,0.05862617430873625,0.09328831504745853,-0.15713088253136084,-0.21429088129849222,-0.14382738992726202,-0.22265780144317376,289.5,6,Syn
-0.1881729948711029,-0.2912481649152048,-0.13236702320960725,-0.14072972950800547,-0.029302968271034915,0.04871106584823102,0.030046783631166595,0.08878690264450367,-0.1586393775869009,-0.21619045277653082,-0.1451701612474139,-0.21763382365070363,289.6,6,Syn
-0.1786517318893596,-0.27312022977504485,-0.13114778839896452,-0.1384611520757156,0.3517143962123177,0.5010437277432623,0.4569326296466544,0.6814259793210298,-0.14441739492363356,-0.1824846417942609,-0.14101460585751247,-0.20876851153532963,290.0,6,Syn
-0.17907701928137698,-0.27888136481417114,-0.13123479261881751,-0.13701632739324893,0.1401472292755415,0.23227123020622958,0.25938385899819044,0.31638956726890893,-0.15139588331119952,-0.20252280433698494,-0.14131250049821503,-0.21304769477635538,290.2,6,Syn
-0.19383271301582122,-0.33282326499017256,-0.13206368417282247,-0.13776045553632293,-0.19838479582294485,-0.0871908173048927,-0.15586967361870757,-0.04470810893062647,-0.16624074306196462,-0.22846817086629237,-0.14477197042114812,-0.22487864337838964,290.2,6,Syn
-0.04784432612862941,0.11510498430189806,-0.08337071437266025,-0.060825712775156464,0.2942486770443483,0.2843080107444145,0.12641448342465583,0.09666437434967469,-0.15399271451416752,-0.20907285111034357,-0.14206547036893566,-0.21553937109391466,290.2,6,Syn
-0.18896050422438226,-0.3257331408454296,-0.1321765545120912,-0.14054586905242103,-0.05791303785679745,-0.06900320468960476,-0.04977495313846654,-0.04864684478321197,-0.15990551683021456,-0.2227318124852033,-0.14265826573435386,-0.21890223134134523,290.2,6,Syn
-0.16932936757384495,-0.23781363742730827,-0.13253162578770752,-0.13861316268860036,0.4021810854816241,0.5508912586147923,0.5006540834551468,0.6222042723946549,-0.14603461034353687,-0.18983389851874552,-0.14000865008589367,-0.21332755697144357,290.3,6,Syn
-0.19151869682579495,-0.3178214002831749,-0.13216714865048548,-0.13914592369375842,0.185947898612406,0.38349786102593847,0.15519443122978738,0.29810257938190476,-0.15573677035916128,-0.2055227373419361,-0.14398606747457093,-0.22556024324062054,290.4,6,Syn
-0.17890722773703543,-0.312318861646373,-0.1299426623807304,-0.13821359193473182,-0.05459770790479922,-0.10099993058687057,-0.05508971701885668,-0.09816238121571547,-0.15974130377987422,-0.22789772028523503,-0.1424501885732601,-0.2239081535083258,290.5,6,Syn
-0.16569744558726285,-0.2853822819662762,-0.13071511876510095,-0.1377184716527643,-0.16621381628873977,-0.22999725709900534,-0.08487245046179769,-0.1243268408078906,-0.16253972065843242,-0.23020558380352277,-0.14108945375718648,-0.22328974833530835,290.7,6,Syn
-0.18732242008706806,-0.31466914287256204,-0.1336697350420008,-0.14159401842126457,-0.09536398731455528,-0.1286181571508263,-0.06932927307575104,-0.10603985292088647,-0.1634343986568383,-0.23142466854781277,-0.1461970744309414,-0.22863421348021815,290.7,6,Syn
-0.18869368894041696,-0.31984434429123176,-0.1307844869944432,-0.13822517369571352,0.08010292014490682,0.12398757361706163,0.11728913412058975,0.20427626460781437,-0.15595307858409233,-0.21069733220665401,-0.14519710649129652,-0.22637274638765076,290.8,6,Syn
-0.18909957158450963,-0.28910410613643905,-0.13127829472874403,-0.1364401347844095,-0.0606144178176849,-0.014777174484764817,-0.03543511851779124,-0.0309225334465772,-0.1591263542189446,-0.21902243586421638,-0.14365224584202482,-0.2180671586624531,290.9,6,Syn
-0.19583787030137856,-0.33647307497234635,-0.1334016679862375,-0.14115970238445094,-0.3066855742548872,-0.35579491102141353,-0.3129059044996692,-0.3838613996657569,-0.169446861306885,-0.23990903505795458,-0.14572702962098857,-0.23141026589923802,290.9,6,Syn
-0.18749382869373668,-0.30414525130961256,-0.13362976013017647,-0.1408556811586814,-0.11979919696076449,-0.020502904382170277,-0.051680245850304514,0.04630482309161716,-0.1603528558294175,-0.2155041746663248,-0.1447510130092394,-0.22459878118330145,290.9,6,Syn
-0.17417085218106973,-0.2912972654979246,-0.1315451860518066,-0.1369439413871133,0.05701840047914133,0.03557556784830084,0.18156769350417623,0.2560425072417953,-0.15324073199398838,-0.20513181943105926,-0.13996972917806316,-0.21082685284113947,291.1,6,Syn
-0.17593991836687597,-0.29155586190024907,-0.1293112939204458,-0.1383178277835671,0.07740154018401936,0.03641758695086047,0.06725013079389762,0.00733947197853913,-0.15518977102595868,-0.21367409970577544,-0.14199062246926164,-0.22020675028296596,291.3,6,Syn
-0.1937518598994681,-0.31575262906457957,-0.1314946295456758,-0.1368107511358238,0.057632350470252114,0.39579133992330906,0.11779052693949447,0.4507285936695931,-0.15730075810067842,-0.20026706320681412,-0.14416869634977553,-0.22359669396863088,291.4,6,Syn
-0.18562612170597964,-0.31167728069883394,-0.13286083094390805,-0.1417503721945175,-0.018129078432818642,-0.04475305453588752,-0.039947653887933816,-0.07016922283483991,-0.16370280205636006,-0.23513114948057096,-0.14504441677596153,-0.22931581334244905,291.4,6,Syn
-0.18087842671372448,-0.28562123813551266,-0.13231646670347644,-0.14034463595536403,0.01723444105516252,0.09300127064286737,0.060932581275698006,0.08794288781894964,-0.16008898244507752,-0.22324145361345754,-0.1450174715320789,-0.22633212123029925,291.5,6,Syn
-0.18608375034453828,-0.2737454438616773,-0.12996735276744545,-0.1344770262980119,0.15672387903553267,0.35857409559017356,0.2242863616748593,0.40852785239189127,-0.15154650631599442,-0.19784337215937772,-0.1430654383085805,-0.21349908541359439,291.9,6,Syn
-0.1926134480212162,-0.31779521330572436,-0.1331171406726642,-0.1414521418492388,0.24832521770926164,0.476961981410057,0.22809694709853523,0.43201959836981196,-0.15400856956730383,-0.20097361113462117,-0.14436030697294103,-0.22252689815837445,292.4,6,Syn
-0.1929384775489557,-0.32712432402249136,-0.1313993951969178,-0.13569455892121277,-0.26297233488779936,-0.1771184574582608,-0.2409058957049499,-0.21365174317902616,-0.16814334943832146,-0.23649212294806812,-0.14346812000882675,-0.2239984316357736,292.4,6,Syn
-0.19241616641731457,-0.3227576455326081,-0.13164394759866677,-0.13518930459838624,-0.09708304728966548,-0.0612566289460562,-0.0939977997658638,-0.07340461299946371,-0.1645940825433796,-0.230448821614735,-0.1462344983807784,-0.2316449890306023,292.4,6,Syn
-0.18886186342243147,-0.3222306326114153,-0.13204957538041387,-0.1399450652014955,0.06229837040269407,0.08727554074546191,0.12420835502147502,0.16685827400825207,-0.1566257858385899,-0.2152203972199105,-0.14104005414340162,-0.21951612260799028,292.4,6,Syn
-0.18460090419062208,-0.3043449270126732,-0.13300779753149758,-0.138866513710075,-0.16903798624784938,-0.14141684750973263,-0.04786966042662856,0.002556721300399589,-0.16144798699961813,-0.22258702807376743,-0.14191427761159414,-0.2212675182804776,292.7,6,Syn
-0.19397016331362152,-0.3042434524750522,-0.133697952626818,-0.14364543783514763,-0.2840922145820103,-0.21063081774013392,-0.25384183043269193,-0.1189814135793817,-0.16795988382345847,-0.2290936395236953,-0.1454051836523903,-0.22899983989638173,292.7,6,Syn
-0.19386828838701659,-0.3060470805469605,-0.13298193141208184,-0.1399566469624772,-0.17394958617673564,0.029344626489359607,-0.12418164746392858,0.06726452459287574,-0.1642486688857672,-0.2200967361970705,-0.1459830094378737,-0.22912171536843629,292.9,6,Syn
-0.19214288288404102,-0.31340562121057186,-0.13226591019734565,-0.13976989106664733,-0.046002408029248244,-0.008546233125823583,-0.019691384004182695,0.039974711899961886,-0.16102329807632418,-0.22265942027948535,-0.14393666786078607,-0.224269266018117,292.9,6,Syn
-0.1917919803590685,-0.30180806357214884,-0.13191083892172936,-0.13833664814516236,-0.18364999603628604,-0.15539436461222245,-0.1224769118796525,-0.1375497397415705,-0.16444459204238016,-0.23172002874714193,-0.14402947925638188,-0.22412030710782813,293.0,6,Syn
-0.18354334542872328,-0.2894936374260163,-0.1298556581608774,-0.1368947189029411,-0.010516098543044921,0.023787300412466073,0.10104400678807647,0.1444918811310701,-0.15423393782259848,-0.20763948543712848,-0.14387828649904036,-0.2146275620066919,293.5,6,Syn
-0.16721101592539322,-0.27062264680069636,-0.13042471278802406,-0.1383641548274939,0.47781972438647274,0.7359670573573981,0.5475844513046296,0.7261587650753938,-0.14923959608466178,-0.202430142313666,-0.14090832183997534,-0.21794979709677095,293.6,6,Syn
-0.18082506365693143,-0.29919263919927275,-0.12326450064066227,-0.12733397521255038,-0.03126760824258942,-0.08298072179209456,-0.03673873984694354,-0.07635866488890285,-0.15789985260847172,-0.217458764220709,-0.14170919436648732,-0.2214616162544904,293.6,6,Syn
-0.19459758349652173,-0.32871845627479507,-0.13264096892887411,-0.1391415805333903,0.11620317962222092,0.7029599085370607,0.11598551279143744,0.7416323702105511,-0.15674130122572585,-0.1801594041466009,-0.14515818558346605,-0.2268557343694965,293.6,6,Syn
-0.19483852578325403,-0.3294942454817683,-0.1326609563847863,-0.13978436826787446,-0.17787886611984466,-0.16010967158655634,-0.12418164746392858,-0.1089939048103256,-0.16463258767242492,-0.22973937799869926,-0.14508782855777247,-0.2286522691057077,293.7,6,Syn
-0.19310018378166197,-0.29797167137563974,-0.13329702777587377,-0.1405777188951207,-0.19249087590828132,-0.11901913938164657,-0.15536828079980283,-0.09211360829924486,-0.16536645013187684,-0.22830311663725547,-0.14564619388934064,-0.23075123556886906,293.8,6,Syn
-0.18930008731306536,-0.3075790187278191,-0.13129945791735692,-0.13672099248821565,0.05038774057514486,0.1724878739244961,0.028241769483109563,0.09736772003763638,-0.1597447012912606,-0.21916432458742352,-0.1447360434293046,-0.22213418830397652,294.0,6,Syn
-0.18763451311619112,-0.2989798700074868,-0.13247519061807314,-0.14041702196149963,0.0032363812578366426,0.08121300320703259,0.06143397409460274,0.11424801654871712,-0.15976168884819233,-0.22075116173676063,-0.1454051836523903,-0.2268828178077308,294.1,6,Syn
-0.17453307414233168,-0.28628900606050234,-0.1288327707112543,-0.13738839146478593,0.031723660845377026,0.11859865136068001,0.1184924768859611,0.12761158461998937,-0.15852386219976494,-0.219876663891688,-0.1420085859651834,-0.22393072304018774,294.1,6,Syn
-0.16867284026905763,-0.2814542353486901,-0.12718204199944871,-0.1344292515339624,0.33501495645410434,0.3888867832823201,0.533946566630421,0.7213760143972542,-0.1425612212028902,-0.1796787199006338,-0.13515401531303692,-0.208691775126999,294.3,6,Syn
-0.1921315634477516,-0.3171536323581853,-0.13188850000041574,-0.13793707739129382,0.027057640912935065,0.14874293523231463,0.04970138213223204,0.02295374625128881,-0.15932001236796664,-0.21998959573260796,-0.14538123232449462,-0.2247657957190799,294.3,6,Syn
-0.1949468689591672,-0.31405047553029225,-0.13254573458011612,-0.13889981127289736,-0.16253011634207506,0.0866019254634142,-0.1157582481063291,0.22875269454888142,-0.16466656278628844,-0.21229285642067727,-0.14426150774537133,-0.22194460423633613,294.4,6,Syn
-0.19125188154182965,-0.32290167390858626,-0.13313595239587564,-0.14130013123635402,-0.194578305878058,0.03321791436113389,-0.1602819304250692,0.13717708597626846,-0.16606860248505614,-0.217725167537751,-0.14604139079961945,-0.23025921977427857,294.4,6,Syn
-0.19293686048662867,-0.31011588216834346,-0.1311760059837817,-0.13359681246340294,-0.08124313751900725,0.0672354861045428,-0.06200893791974197,0.08498883592951051,-0.16129509898723232,-0.21322816371855297,-0.14540668061038378,-0.22802935002631788,294.5,6,Syn
-0.18657857141661938,-0.30141853228257154,-0.13234468428829363,-0.1401245824967118,0.11448411964711072,0.18360252607828317,0.15910529521724429,0.2636386406717816,-0.1544321259868023,-0.2077408345251336,-0.13926017108915348,-0.21437929715621043,294.6,6,Syn
-0.1769910088794665,-0.2915591352724304,-0.13158751242903238,-0.13799064303583417,-0.01014772854837845,0.06437262115584007,0.047294696601489335,0.1716410246863916,-0.1571410750655199,-0.2070053297150394,-0.14010146148148944,-0.21818903413450763,294.7,6,Syn
-0.18343338519048305,-0.2799255705400128,-0.12780518033082833,-0.13070571537834688,0.3010021269465669,0.5010437277432623,0.45994098656008275,0.6153114846526303,-0.14483981883933658,-0.18248753748248964,-0.13863893352185916,-0.20185772087920048,294.8,6,Syn
-0.19362896316261136,-0.32438451150672504,-0.13235409014989938,-0.13980318862946972,-0.10911646711543685,-0.0312807488949335,-0.07083345153246523,-0.015167590036235181,-0.16327245061408888,-0.22643250204150406,-0.1462344983807784,-0.2325432563987079,294.8,6,Syn
-0.17652529492927255,-0.27227897312444516,-0.13060812708933578,-0.13591026921949687,0.14370813922398404,0.2390073830267066,0.27933929319059875,0.3474774466768159,-0.15028376458406714,-0.2003626209183618,-0.14279149499577362,-0.223181414582371,295.0,6,Syn
-0.18630367082101876,-0.3016411215909014,-0.13136177175049488,-0.13792839107055754,0.09287307996001112,0.17097223953988877,0.13874874676971222,0.21384176596409346,-0.15701196963283853,-0.2145891371860501,-0.14440521571274542,-0.21814389507078372,295.2,6,Syn
-0.18061807967906743,-0.3014872730983793,-0.1281802390623568,-0.13369236199150195,-0.033109458215921775,-0.029933518330838096,0.04629191096367987,0.06360712701547491,-0.15769033940631338,-0.21519144033762333,-0.14387828649904036,-0.217742157403641,295.2,6,Syn
-0.18816814368412169,-0.28029218822432084,-0.1330748142954384,-0.142456859614401,0.1282365994479923,0.42374637412828864,0.17264290132767202,0.45677736658606366,-0.15643099518577241,-0.20420519919786972,-0.1439890613905579,-0.21069594955634016,295.3,6,Syn
-0.1871105849222229,-0.2799975847280019,-0.13177562966114698,-0.13669493352600684,-0.20403313574116405,-0.22662918068876683,-0.03222620447680096,0.013388244895009727,-0.1611739210811191,-0.21958419938058754,-0.14465520769765666,-0.22695504030968905,295.5,6,Syn
-0.1946590318649501,-0.3212944481675573,-0.13146876342626004,-0.13419616859420574,-0.07277062764167842,0.0958641355915701,-0.03503400426266746,0.13548905632516037,-0.16117958360009635,-0.21378992723492413,-0.1462344983807784,-0.23288631328300957,295.5,6,Syn
-0.19298375529411346,-0.3021157605571931,-0.1317768053938477,-0.13715530852502927,-0.20206849576960956,-0.13703834817642258,-0.18645463557189615,-0.11433933203883449,-0.16571639380467104,-0.22621822111257897,-0.14527943918093794,-0.2218227287642816,295.7,6,Syn
-0.19354811004625824,-0.3232224643823558,-0.13194728663545155,-0.13804131324012908,0.2283104479990501,0.6126954607426688,0.26981282963140885,0.6351458330531501,-0.15311502407269337,-0.1919651250550815,-0.14498304149822885,-0.22728004156850115,295.7,6,Syn
-0.19578612430691258,-0.34168755685719193,-0.13349690233499553,-0.14148543941206118,-0.2632179148842437,-0.14832140415072156,-0.27429865744400495,-0.164276875884115,-0.16886362185222797,-0.23529330802137913,-0.14609378432939127,-0.2325974232751766,295.7,6,Syn
-0.18380207540105326,-0.2905705768736712,-0.12971692170219287,-0.13581327197127516,0.09582003991734288,0.25281649630868447,0.15770139532431104,0.24605499847273918,-0.1571795801945652,-0.21399552109916306,-0.14170170957651992,-0.214848743418939,295.9,6,Syn
-0.18199258265707047,-0.2935133384646795,-0.13124067128232111,-0.1396120895732717,0.129587289428436,0.21054713736019123,0.20423064891867004,0.29050644595191844,-0.15559520738472996,-0.21108535442930212,-0.14545009239219472,-0.22296474707649627,296.1,6,Syn
-0.17727722891135655,-0.27461288748972756,-0.1298415493684688,-0.1375621178795114,0.17710701874041068,0.3925916673335825,0.27943957175437967,0.4422884454140527,-0.14745024008785,-0.18683975689025178,-0.14476897650516116,-0.2213307129696911,296.4,6,Syn
-0.18837997884896687,-0.2955886564276375,-0.13128534912494833,-0.13693815050662247,0.37234311591364005,0.6313882848194925,0.3448211953395566,0.6199535661931774,-0.1524627018865139,-0.19784337215937772,-0.14474502517726548,-0.2190602180643789,296.4,6,Syn
-0.18416106323766113,-0.2848356288119955,-0.12898444022964667,-0.13191311396068875,0.09287307996001112,0.26814124397526967,0.1506818958596448,0.2639199789469663,-0.155663157612457,-0.2076568595665008,-0.14160141339095675,-0.21074108862006408,296.5,6,Syn
-0.18665780747064542,-0.2996018107219379,-0.1312559558074304,-0.1364271053033051,-0.13392004675631253,-0.19749531974020376,-0.05659389547557088,-0.07509264265057179,-0.16120336617980083,-0.22667573985271633,-0.14470161339545454,-0.2213577964079254,296.6,6,Syn
-0.19116617723849536,-0.2811105312696513,-0.13204134525150885,-0.13771702393264157,-0.0030259086514933553,0.2531533039497083,0.025333691133462125,0.3085120955637379,-0.16157029740952678,-0.2143835433218112,-0.1462344983807784,-0.2328140907810513,296.6,6,Syn
-0.19395075856569677,-0.3197690567310614,-0.13178738698815415,-0.1389895699205055,-0.13600747672608918,-0.06917160851011668,-0.08757997168388323,0.003963412676322983,-0.16338117097845212,-0.22282737019675097,-0.14442168225067373,-0.22518107510533977,296.6,6,Syn
-0.1939620780019862,-0.3042663660803215,-0.1322776675243528,-0.1361520384799898,-0.273655064733127,-0.1390591940225657,-0.27490032882669063,-0.24108222500953236,-0.16842647538718408,-0.23262637916273046,-0.14613719611120218,-0.22945574443999314,296.7,6,Syn
-0.19558075739137565,-0.3274123807744477,-0.1322388683452292,-0.1367731104126333,-0.2540086650175819,-0.17425559250955808,-0.24973040931767315,-0.22687464211270605,-0.16761786767723244,-0.234485411005567,-0.14593510678208235,-0.23170366981344337,296.7,6,Syn
-0.17753272475903242,-0.28393545146213195,-0.1280955863079052,-0.13241112968290172,0.06659602034046956,0.12735565002730012,0.2315064182670874,0.2985245867946818,-0.1521784434338558,-0.2044050016856512,-0.14242324332937745,-0.2209199474898036,296.9,6,Syn
-0.17185521892871639,-0.27964406053241914,-0.1306974827745902,-0.13947166072136863,0.18999996855373716,0.29929595076997584,0.23471533230807767,0.3252517229372263,-0.1528285006124444,-0.20715880119116142,-0.14482137003493298,-0.2235831522495137,297.0,6,Syn
-0.18988869800011607,-0.3088130800401774,-0.13244697303325595,-0.13973369806357952,-0.24001060522025602,-0.2889385942781792,-0.09058832859731163,-0.08578349710758959,-0.16353292648704248,-0.23024322775049608,-0.1449860354142158,-0.22800678049445594,297.0,6,Syn
-0.1918340239795721,-0.31293752898864285,-0.1318214832364749,-0.1390720899675001,-0.1209043069447639,-0.11228298656116956,-0.10121785635809191,-0.1361430483656471,-0.16272884879227265,-0.22865059922470155,-0.14400702488647965,-0.22561441011708921,297.2,6,Syn
-0.1901506620971002,-0.32218807877305816,-0.1314640604954572,-0.1387970231441848,0.005569391224057622,0.09148563625826003,0.08489915801934414,0.12803359203276637,-0.15863371506792365,-0.21796840534896325,-0.1436911667498553,-0.22491926853574115,297.3,6,Syn
-0.18565199470321264,-0.272419728128242,-0.13092322345312774,-0.13552517566685546,0.3657124560096436,0.5894557335120231,0.43045908880848455,0.7223606983604006,-0.14993948343025018,-0.1973887491074691,-0.14322710977187642,-0.21556194062577663,297.3,6,Syn
-0.19526381317527142,-0.32888867162822377,-0.13079271712334822,-0.13566994767912666,0.10416975979644955,0.26325753318042383,-0.007657956350469157,0.03378526984589895,-0.16056463403916674,-0.22085830220122318,-0.14541865627433162,-0.22890504786256155,297.4,6,Syn
-0.1807781688494466,-0.2621413394788916,-0.13185793095019713,-0.13764463792650597,-0.006095658607047276,0.008294148925368946,0.032954861980814036,0.10257247812855294,-0.15656802814502194,-0.21251003303783106,-0.14263431440645818,-0.2127633186748948,297.4,6,Syn
-0.19112736774264585,-0.32068560094183146,-0.13114778839896452,-0.1366428156015892,-0.05496607789946569,-0.047110708023054476,-0.05759668111338034,-0.06735584008299313,-0.16193949364684365,-0.2292413196233599,-0.1456955935031255,-0.22962275897577156,297.6,6,Syn
-0.18546603253560046,-0.2795229457617102,-0.13184382215778853,-0.1385103745598878,-0.07301620763812273,-0.046437092741006776,-0.013173277358421196,0.006073449740208075,-0.1593551199856256,-0.2197608363625393,-0.14381541426331418,-0.22382690319362278,297.6,6,Syn
-0.1916318911886893,-0.31964139521598983,-0.13104314818860077,-0.13971487770198426,-0.01481374848082041,0.027997395925264207,0.05571809595908881,0.06726452459287574,-0.1598171815341694,-0.22236985145661362,-0.1455114676699274,-0.22690538733959276,297.7,6,Syn
-0.19523955724036549,-0.33633886671291213,-0.13335581441090957,-0.14274785135906612,-0.27721597468156955,-0.2382490443040897,-0.26336829399188183,-0.24924103498988803,-0.16867789122977409,-0.23741584749302896,-0.144132769357932,-0.22528038104553236,297.9,6,Syn
-0.17941336824540596,-0.30528438482871256,-0.1308127045792604,-0.13835112534638946,0.19343808850395755,0.37693011202597343,0.30350642706180675,0.410919227730961,-0.1500742513819088,-0.19954314114963478,-0.13768686823800566,-0.21605395642036715,298.1,6,Syn
-0.19602383246899074,-0.33150409600109987,-0.13276559659515005,-0.13824978493779963,-0.25020217507269504,-0.11682988971499154,-0.2792123070692713,-0.26485530926263773,-0.16893157207995502,-0.2396744843114285,-0.14539620190442942,-0.229523453035579,298.7,6,Syn
-0.18930008731306536,-0.32340577322450986,-0.1316686379853818,-0.1405067806091078,-0.09315376734655646,-0.08045466448441568,-0.020794448205773104,-0.08761219589629,-0.16034945831803116,-0.22585046870753187,-0.14364027017807698,-0.22379530584901605,298.8,6,Syn
-0.18013296098094872,-0.25684502328951303,-0.13184734935589068,-0.13657332503569902,0.007656821193834288,0.09485371266849854,0.032453469161909304,0.08273812972803307,-0.1579757303627669,-0.21595879771823343,-0.14323758847783077,-0.2124924842925514,298.8,6,Syn
-0.18715909679203477,-0.3094284740102659,-0.13132297257137124,-0.1394166473567056,-0.14951437653052643,-0.11784031263806309,-0.07414264413723645,-0.04189472617877968,-0.16256803325331867,-0.22464875809261417,-0.14263880528043862,-0.2186539664908638,298.8,6,Syn
-0.17936162225093996,-0.27870132934419845,-0.12497989465100724,-0.12686491389279167,0.7960913997783031,1.1726381639448202,0.7733114983755395,1.0866937647245598,-0.1423279254210274,-0.1788302832496196,-0.14457137805002176,-0.2165640278404472,298.9,6,Syn
-0.196004427721066,-0.332217691136628,-0.13264684759237771,-0.13914013281326756,-0.1686696162531829,-0.13198623356106481,-0.1224769118796525,-0.08803420330906701,-0.16521582712708194,-0.23131173670689278,-0.1458557680084279,-0.22896372864540263,299.0,6,Syn
-0.19590093573213402,-0.33207366276064987,-0.1330583540376284,-0.14112495710150585,-0.18978949594739386,-0.014440366843740967,-0.21342956922897066,-0.09281695398720656,-0.1668455000887352,-0.22850291912503695,-0.1451312403395834,-0.2282956705022889,299.3,6,Syn
-0.1952055989314972,-0.3351277190058231,-0.13254573458011612,-0.13898233131989196,-0.29072287448600675,-0.33002912648308896,-0.24922901649876844,-0.18903464410036674,-0.1673924994219378,-0.23502400901610843,-0.1442645016613583,-0.2234928741220659,299.3,6,Syn
-0.19281719787442606,-0.31829603924946653,-0.13233645415938863,-0.13973659350382495,-0.29170519447178406,-0.3088102450985864,-0.22606466826536986,-0.16526155984726137,-0.16772545553780024,-0.2344361843056788,-0.14576145965483864,-0.23138318246100367,299.3,6,Syn
-0.18017985578843354,-0.2713689756580377,-0.1319508138335537,-0.13824978493779963,0.6115380324504015,0.8685008641002833,0.5649326428387333,0.7383969800459272,-0.1492248735353209,-0.19651135557416774,-0.1428154463236693,-0.22253141206474683,299.4,6,Syn
-0.18221412019587802,-0.2762561203247511,-0.1312489014112261,-0.13786903454552635,-0.08947006739989176,-0.06428789771527085,-0.011568820337926057,-0.017840303650489633,-0.16141514438955007,-0.22535820170864992,-0.14438276134284322,-0.22283835769806934,299.5,6,Syn
-0.19230458911674728,-0.3244499789503515,-0.1308326920351726,-0.13749841819411204,0.1637229089341956,0.22233540479602598,0.17765682951671932,0.26068458878234246,-0.15665409843347616,-0.21184402474522607,-0.14323758847783077,-0.22469808712349404,299.6,6,Syn
-0.18466558668370459,-0.28368667517635154,-0.1317626966014391,-0.13867975781424513,-0.07154272765945686,-0.05839376399735347,0.007283549652891819,0.04616415395402482,-0.1592158220187852,-0.21574451678930834,-0.14503543502800065,-0.22745608391702435,299.8,6,Syn
-0.17648163424644187,-0.27284526651181384,-0.13090323599721554,-0.13794286827178467,0.4891164042229112,0.691171641101226,0.571049635229371,0.8250491688028084,-0.14158953294639368,-0.1791806615252944,-0.14026612686077228,-0.20409661843990595,299.8,6,Syn
-0.19069722916364726,-0.3209932979268757,-0.13259864255164833,-0.14003627156922635,-0.053860967915466275,-0.01764003943346755,0.03967352575413743,0.07204727527101527,-0.15826225382301587,-0.21671746803415737,-0.14496956887628754,-0.2277494878312297,299.8,6,Syn
-0.19070693153760965,-0.3070650992953516,-0.13187439120800715,-0.13731745317877303,-0.10973041710654763,-0.10268396879198982,-0.039446261069029084,-0.00278870592810931,-0.16138343428327745,-0.22285343139080943,-0.1462344983807784,-0.22976269007331565,300.0,6,Syn
-0.17210586358941107,-0.2884101512339988,-0.12901030634906244,-0.13630694453311998,0.8788518585800369,1.1635443576371765,0.8909382536905892,1.039147596218349,-0.13385679703105768,-0.16128530827182122,-0.13777818267560796,-0.21596819219929173,300.0,6,Syn
-0.1900035094253375,-0.2955035487509231,-0.13211424067895325,-0.13942678139756456,-0.13158703679009154,-0.16280413271474714,-0.0690284373844082,-0.11588669255235023,-0.16133020660489128,-0.22529739225584686,-0.1450174715320789,-0.22337099865001137,300.1,6,Syn
-0.19462669061840884,-0.3276382434549589,-0.1331394795939778,-0.13911841701142688,-0.13858606668875448,-0.058225360176841545,-0.08828192163034985,0.01001218559279358,-0.16513202184621859,-0.22899808181214762,-0.1450174715320789,-0.22722587469203245,300.3,6,Syn
-0.19325057057807876,-0.30513708308055304,-0.13361329987236645,-0.14302870906287227,-0.22208326547982113,0.027997395925264207,-0.1468446028784224,0.25815254430568035,-0.161839833312844,-0.18909260233219388,-0.13222746243578284,-0.16864439779115464,300.4,6,Syn
-0.19251480721926537,-0.31269857281940633,-0.1328855213306231,-0.14115970238445094,0.33133125650743966,1.1615235117910332,0.6007320901085311,1.7264570024945194,-0.14696099844821536,-0.13981088436765338,-0.14529590571886625,-0.22344322115196963,300.4,6,Syn
-0.19258434089932905,-0.31056106078500323,-0.13250340820289033,-0.14042860372248134,1.1464112647061167,2.244023270041689,1.4542029464481636,2.713673010117558,-0.13644230319607117,-0.15392736448265046,-0.13477229102469943,-0.17114058801508633,300.5,6,Syn
-0.1908023382149063,-0.32016186139282,-0.13262686013646552,-0.141893696486666,0.015147011085385853,1.2504407290213297,0.1054562635944381,1.4978696539069678,-0.16292816946027192,-0.19552682157640383,-0.14588870108428445,-0.2314283215247276,300.5,6,Syn
-0.18957983909564716,-0.29786365009365606,-0.1311959934396939,-0.1371249064024523,0.0015173212827264471,0.10175826930948749,0.09101615040998186,0.24591432933514684,-0.15716259263763344,-0.21185271180991222,-0.1462344983807784,-0.22936998021891772,300.5,6,Syn
-0.17846091853476623,-0.28235441269855355,-0.1306163572182408,-0.1381296241676145,0.14591835919198287,0.20684225330892886,0.21315544109517426,0.2679993839371441,-0.15151139869833546,-0.20788272324834076,-0.1396403984194975,-0.21422582433954918,300.8,6,Syn
-0.19389092725959547,-0.3160341390721732,-0.132471663419971,-0.1375534315587751,-0.21925909552071152,-0.1390591940225657,-0.21363012635653256,-0.16441754502170736,-0.16663145687139505,-0.23186770884680652,-0.14568212088118418,-0.22980331523066716,301.0,6,Syn
-0.1909155325778007,-0.30636459764854873,-0.13095614396874777,-0.13480565876586753,0.021900460987604477,0.26359434082144767,0.06143397409460274,0.3066833967750375,-0.15744911609788242,-0.20160197548025283,-0.1462344983807784,-0.2300696357066382,301.0,6,Syn
-0.18677423595819392,-0.30620420241166396,-0.13185557948479568,-0.1382468894975542,0.896165248329361,1.3093820662005036,0.8178351806942795,1.1737679608942178,-0.1431421956499563,-0.17671063946619853,-0.14298609953492605,-0.21274977695577763,301.1,6,Syn
-0.1943323852748835,-0.3115823529055756,-0.13237407760581155,-0.13820345789387284,-0.23104693535003856,-0.1784656880223562,-0.19407580641924804,-0.17398304637798642,-0.16677528485341728,-0.234372479164647,-0.1458303197225387,-0.23041269259093983,301.1,6,Syn
-0.19207658332863148,-0.288086087388048,-0.1327479606046393,-0.1397800251075063,-0.1234828969074292,0.15547908805279165,-0.1263877758671094,0.11340400172316308,-0.16407313079747238,-0.21815662508382988,-0.14455341455409998,-0.2228157881662074,301.1,6,Syn
-0.1960852808374191,-0.3343617499153938,-0.13263509026537054,-0.13846549523608373,-0.18021187608606565,-0.05839376399735347,-0.11896716214731938,-0.012776214697165411,-0.16451367477390264,-0.2242723186228809,-0.14619408051495444,-0.22607934247344538,301.2,6,Syn
-0.18317950640513425,-0.2819386944315257,-0.13142761278173498,-0.1393370227499564,-0.052755857931466865,0.029681434130383457,0.0259353625161478,0.07809604818748588,-0.16213654930725202,-0.22280710037914994,-0.1417421274423439,-0.21910987103447518,301.3,6,Syn
-0.1909106813908195,-0.3053825859941522,-0.13243168850814663,-0.13943836315854627,-0.07817338756345332,0.06976154341222168,-0.02841561905312501,0.0998997645142985,-0.16104028563325595,-0.21476287847977316,-0.1458931919582649,-0.23125679308257677,301.6,6,Syn
-0.1831859746544425,-0.30551024750922373,-0.13138763786991065,-0.13667032228392073,-0.05791303785679745,-0.07961264538185606,0.013701377734872372,-0.021919708640667477,-0.16098705795486978,-0.22466613222198648,-0.14558481861160794,-0.22237342534171317,301.6,6,Syn
-0.06423163575107958,0.0703579865832295,-0.11818298390816677,-0.11515430582017348,0.09287307996001112,0.17097223953988877,0.3283755108794814,0.4144359561707695,-0.151568023888108,-0.20265311030727723,-0.1371659268562745,-0.19948340612732335,301.7,6,Syn
-0.17109034844801588,-0.2748256566815135,-0.12952057434117328,-0.1362721992501749,0.0844005700826823,0.12365076597603777,0.2308044683206208,0.3217349944974178,-0.1544140059260751,-0.21003132391404902,-0.1443483313089932,-0.21984563777317476,301.7,6,Syn
-0.19248408303505118,-0.2964331864504185,-0.13170273423370257,-0.13643579162404137,-0.2710764747704617,-0.32666105007285046,-0.17391981509927787,-0.14486453489637216,-0.16496780879587827,-0.22683210701706705,-0.14517465212139433,-0.22550607636415185,301.8,6,Syn
-0.18977712069954877,-0.310151889262338,-0.12941828559621096,-0.13267606246535804,-0.13158703679009154,-0.1919379936633102,-0.09500058540367325,-0.13389234216416968,-0.1625736957722959,-0.23085711365498415,-0.14476747954716768,-0.2267654562420487,302.0,6,Syn
-0.1806973157330935,-0.25960120266618597,-0.13256219483792614,-0.14055455537315728,0.2419401378017095,0.40993726084631077,0.36096604410828886,0.5808475459425071,-0.14961785235234223,-0.18873643268006166,-0.14455790542808042,-0.21446054747091345,302.1,6,Syn
-0.15904323411140114,-0.23564339167109194,-0.12717146040514227,-0.13139483015675782,0.10674834975911483,0.1325761684631698,0.16883231590399606,0.23592682056609074,-0.15159746898678972,-0.2046163869263476,-0.14254599388484285,-0.2101046278215571,302.1,6,Syn
-0.18292724468211252,-0.26592535772049963,-0.130495256750067,-0.13635327157704677,-0.1191852469696537,-0.16229892125321138,0.044687453943184734,0.06838987769361446,-0.15831774650899297,-0.22020387666153304,-0.14198014376330728,-0.2193310524467223,302.5,6,Syn
-0.19310826909329729,-0.30936300656663945,-0.13173095181851976,-0.1378024394198816,-0.07387573762567784,0.1431856091554211,-0.03503400426266746,0.1865519532711796,-0.16163824763725382,-0.212982030219112,-0.14453545105817822,-0.21513311952039957,302.5,6,Syn
-0.19353032236066056,-0.30178514996687955,-0.13321590221952437,-0.1419342326501019,-0.2881442845233415,-0.13030219535594556,-0.2435131383632545,-0.04724015340728858,-0.16843440291375225,-0.22830022094902674,-0.1460309120936651,-0.23271929874723113,302.5,6,Syn
-0.1877169832948713,-0.28599440256418335,-0.1331394795939778,-0.1425147684193095,-0.19875316581761132,-0.12154519668932545,-0.16990867254804,-0.14345784352044877,-0.16636531847946417,-0.23200380619355623,-0.1444231792086672,-0.2238133614745056,302.7,6,Syn
-0.19134567115679926,-0.32462346767596156,-0.13147699355516507,-0.13885203650884786,0.07801549017513014,0.14806931995026693,0.08449804376422035,0.1595434788534504,-0.15981378402278307,-0.22123474167095641,-0.1462344983807784,-0.22597552262688042,302.8,6,Syn
-0.19507461688300512,-0.3203288033740674,-0.13224357127603203,-0.1379602409132572,-0.16388080632251878,0.09704296233515357,-0.1744212079181826,0.009449509042424222,-0.165625793501035,-0.2197405665449383,-0.14524051827310747,-0.22676997014842107,302.8,6,Syn
-0.19323278289248108,-0.3164138502452065,-0.13295959249076822,-0.1412972357961086,-0.163266856331408,-0.046605496561518696,-0.13170253974749954,0.04321010206458569,-0.16490212357574213,-0.2214142743411369,-0.14503393807000717,-0.2272980971939907,302.9,6,Syn
-0.1894925177299858,-0.308829446901084,-0.133697952626818,-0.1424452778534193,-0.29858143437222484,-0.29180145922688194,-0.29355214168994664,-0.29847523314720686,-0.16921356552502217,-0.23652107983035528,-0.14571655091503422,-0.2311484593296394,302.9,6,Syn
-0.18525258030842823,-0.2926066143704533,-0.13175916940333696,-0.13872753257829462,-0.01628722845948629,0.11438855584788188,0.10144512104320025,0.21313842027613175,-0.15683756404833915,-0.20943770782716195,-0.14357889490034428,-0.22013001387463532,303.1,6,Syn
-0.19486601584281407,-0.32648928981931497,-0.1322776675243528,-0.1393833497938832,-0.11893966697320939,-0.0011364650232988697,-0.09108972141621635,0.016623635059633535,-0.16214560933761563,-0.2165900577520938,-0.1460309120936651,-0.22819636456209633,303.2,6,Syn
-0.18164329719442499,-0.27741816744912035,-0.1309573197014485,-0.13793997283153925,0.12123756954932935,0.2752142044367705,0.22067633337874523,0.3784246569471306,-0.15384095900557715,-0.20346100732308936,-0.1445219784362369,-0.22003973574718752,303.2,6,Syn
-0.1797852925806303,-0.2865377823462828,-0.13098201008816354,-0.13753605891730256,0.2114882182426146,0.3882131680002724,0.21796881215665967,0.29613321145561206,-0.15213654079342415,-0.2051897331956336,-0.14338429036119185,-0.2172004886389542,303.4,6,Syn
-0.18655916666869463,-0.30208630020756116,-0.13145230316845002,-0.1384495703147339,0.025461370936047025,0.12061949720682312,0.09603007859902916,0.19288206446283487,-0.15872997789053694,-0.21538545144894738,-0.1462344983807784,-0.2225991206603327,303.5,6,Syn
-0.18542722303975095,-0.2848225353232702,-0.12787807575827273,-0.13124281954387307,0.23150298795282617,0.4069059920770961,0.3518406948042228,0.5144517129989229,-0.15028716209545348,-0.19569187580544073,-0.1436312884301161,-0.21854563273792643,303.5,6,Syn
-0.1511826941395509,-0.19820583403331488,-0.12882689204775072,-0.1334969197749358,0.5311105836148887,0.7728474940495097,0.4820022705918909,0.6458366875101679,-0.1484525059468237,-0.19766963086565467,-0.14317172232611763,-0.22034216747413768,303.7,6,Syn
-0.18523964380981173,-0.2935624390473993,-0.13131709390786767,-0.1377329488539914,-0.23141530534470503,-0.3323867799702559,-0.16469418723143084,-0.2451616299997102,-0.16470959793051557,-0.23443328861745008,-0.14577343531878648,-0.22851233800816362,303.8,6,Syn
-0.19505682919740744,-0.3187837717044835,-0.13306305696843124,-0.14028817487057826,-0.12495637688609508,0.0652146402583997,-0.061808380792180075,0.18022184207952432,-0.16370959707913277,-0.21930331762240196,-0.14538871711446202,-0.22943768881450358,303.8,6,Syn
-0.19520398186917012,-0.32170361969022254,-0.13318415743660503,-0.14062983681953833,-0.2053838257216078,-0.08685400966386884,-0.1924713493987529,-0.10069442569237758,-0.16565637110351217,-0.22672496655260452,-0.14569858741911246,-0.23008769133212775,303.8,6,Syn
-0.16891539961811697,-0.2652183093293341,-0.13057050364291287,-0.1363938077404827,0.19491156848262342,0.3611001528978524,0.2979911060538547,0.4353956576720281,-0.15540834425848063,-0.20877169953455696,-0.13987392386648043,-0.2148442295125666,303.9,6,Syn
-0.19212994638542452,-0.3179228748207959,-0.1310948804274323,-0.13797037495411618,0.2723920573608044,0.5795199081018195,0.17264290132767202,0.3694218321412209,-0.15639702007190892,-0.2085776884232329,-0.14354596182448773,-0.22226509158877583,304.0,6,Syn
-0.1810191111361789,-0.2838045165748791,-0.13099847034597356,-0.1394542880798961,0.0033591712560587994,0.004420861053594665,0.15559554548491117,0.19428875583875826,-0.15373110613741844,-0.20867324613478058,-0.14212684564666836,-0.21868556383547053,304.1,6,Syn
-0.17961711809861583,-0.2867996521207885,-0.13017663318817294,-0.1344784740181346,0.07212157026046662,0.13813349454006335,0.06564567377340248,0.09638303607449,-0.15942307021335264,-0.21879657218237641,-0.14283490677758456,-0.21767444880805517,304.1,6,Syn
-0.1673242102882876,-0.2497548991447701,-0.12347260532868905,-0.12222497089949938,0.5280408336593349,0.7649325144854492,0.6555844644967087,0.9157807625498673,-0.13975487679776386,-0.16995210314037223,-0.14032899909649846,-0.21632930470908293,304.2,6,Syn
-0.1894100475513056,-0.3153827380080902,-0.1321906633044998,-0.14086147203917226,-0.07669990758478744,-0.06310907097168737,-0.10643234167470111,-0.1696223031126239,-0.1647888731961971,-0.23454042908191264,-0.14546356501413604,-0.22938803584440728,304.4,6,Syn
-0.16313925298585016,-0.22304418214518446,-0.13143466717793928,-0.13660083171803056,-0.05668513787457589,-0.10369439171506137,0.2768323290960751,0.4050111239520828,-0.15360539821612343,-0.20501888759013928,-0.13883503501900507,-0.20800114745202333,304.6,6,Syn
-0.1943792800823683,-0.3267806199434526,-0.13197315275486732,-0.1383308572646715,-0.23473063529670327,-0.24835327353480519,-0.21142399795335173,-0.2582438597957978,-0.16636531847946417,-0.23459255147002955,-0.14611623869929347,-0.23185262872373225,304.6,6,Syn
-0.1890882521482202,-0.2813691276719757,-0.1320013703396845,-0.138484315597679,0.0087619311778337,0.10478953807870214,-0.004348763745697934,0.04602348481643248,-0.1599893221110779,-0.2193786055163486,-0.1452450091470879,-0.22393523694656012,304.8,6,Syn
-0.18488712422251213,-0.3107018157888001,-0.13096554983035352,-0.1390952534894635,0.005937761218724092,0.05746806451485113,0.09723342136440051,0.13886511562737652,-0.156120689145819,-0.20946666470944914,-0.14417318722375597,-0.22143001890988367,304.8,6,Syn
-0.1964604392972976,-0.3385483929353043,-0.13342400690755113,-0.14056324169389356,-0.22208326547982113,-0.17408718868904613,-0.20109530588391428,-0.1654022289848537,-0.16718298621977945,-0.23516010636285814,-0.1462344983807784,-0.23288631328300957,304.9,6,Syn
-0.17374556478905231,-0.2637092847537448,-0.13163571746976174,-0.13941375191646016,0.4402459849304928,0.6760152972551527,0.48711647734471913,0.6776279126060366,-0.14555556123806132,-0.18330412156298792,-0.1385431282102764,-0.21132789644847477,305.0,6,Syn
-0.1856584629525209,-0.2955886564276375,-0.13156752497312021,-0.1384510180348566,0.18938601856262638,0.386865937436177,0.1886874715326234,0.32975313534018114,-0.155663157612457,-0.2085603142938606,-0.14411031498802981,-0.21895639821781393,305.1,6,Syn
-0.18661738091246888,-0.303732806414766,-0.13160749988494458,-0.13799788163644772,-0.21434749559182523,-0.26805652053470047,-0.19056605668691493,-0.19958482941979222,-0.16535965510910414,-0.23355299939592,-0.14326303676371993,-0.22421058523527593,305.3,6,Syn
-0.1960982173360356,-0.33202456217793,-0.13338991065923037,-0.1419559484519426,-0.3166315641108819,-0.32767147299592203,-0.29164684897810866,-0.30846274191626294,-0.16942307872718051,-0.23819768331478264,-0.14593510678208235,-0.23216408826342716,305.3,6,Syn
-0.17885548174256943,-0.2705702728457952,-0.1313194453732691,-0.13912710333216316,0.044739400656925644,0.10849442212996449,0.08399665094531562,0.11692073016297157,-0.15506406310466367,-0.21076103734768578,-0.1462344983807784,-0.2227164822260148,305.3,6,Syn
-0.18488874128483918,-0.2533817955216746,-0.1323987679925266,-0.13981766583069682,-0.08271661749767313,-0.006188579638656628,-0.04496158207698112,0.036739321735338074,-0.15988399925810098,-0.21456307599199168,-0.14291424555123902,-0.2225088425328849,305.3,6,Syn
-0.19540288053539878,-0.3275367689173379,-0.133697952626818,-0.1438814162151497,-0.3233850140131005,-0.3409753748163641,-0.3092958762035552,-0.3771092810613246,-0.16932228588938544,-0.2391098251068286,-0.1457180478730277,-0.230611304471325,305.3,6,Syn
-0.19491937889960714,-0.3326923301029197,-0.13310891054375917,-0.14072683406776004,-0.13870885668697663,-0.024544596074456485,-0.04435991069429545,0.09356965332264322,-0.1634966863655881,-0.22439683321671577,-0.14458934154594352,-0.2223553697162236,305.3,6,Syn
-0.19475443854224678,-0.3308887020310114,-0.133697952626818,-0.1426855993937895,-0.23951944522736737,-0.07944424156134414,-0.21182511220847552,-0.027687143281953392,-0.16792704121339042,-0.229229736870445,-0.1457030782930929,-0.23157276652864406,305.3,6,Syn
-0.1702769660975035,-0.25491046033035186,-0.13093733224553633,-0.13844812259461117,0.20964636826928226,0.22065136659090673,0.2632947229856473,0.33284785636721265,-0.15172657441947107,-0.203382823740914,-0.1382557122755282,-0.2143883249689552,305.5,6,Syn
-0.10818985804994337,-0.03541448871182076,-0.1067313474031908,-0.09015073158081278,0.03737200076359624,0.05308956518154107,0.4009771910568864,0.5496189973970077,-0.14824412524846078,-0.19220546717806503,-0.1366479793905303,-0.20328411529287574,305.5,6,Syn
-0.1936532190975173,-0.3065249928854335,-0.13228824911865925,-0.13627509469042032,-0.2870391745393421,-0.30123207317554973,-0.23358556054894083,-0.17524906861631748,-0.16707200084782528,-0.23361091316049437,-0.14550697679594696,-0.22683316483763452,305.7,6,Syn
-0.1854078182918262,-0.27283871976745117,-0.13198255861647304,-0.14003771928934908,0.1367091093253211,0.23496569133442038,0.252665195224867,0.3840514224508242,-0.15048761526724821,-0.1983095779642012,-0.14010146148148944,-0.21282651336410827,305.7,6,Syn
-0.18647993061466858,-0.3076117524496323,-0.1306245873471458,-0.13781257346074058,0.0032363812578366426,0.045848200899528284,0.026637312462614426,0.03687999087293042,-0.1581682560079935,-0.2184461939067016,-0.14520459128126392,-0.22383141709999516,305.7,6,Syn
-0.17485810367007124,-0.27116929995497707,-0.12909260763811256,-0.13630260137275185,0.1574606190248656,0.2669624172316862,0.4552278940623783,0.7044957178861735,-0.1473766273411457,-0.19047094992906335,-0.13803116857650613,-0.19892819564351935,305.9,6,Syn
-0.19033500720238528,-0.30737934302475844,-0.1330654084338327,-0.1416910156694863,-0.10162627722388527,-0.0619302442281039,-0.048070217554190456,-0.05919703010263743,-0.16208105662127495,-0.22495859673308694,-0.14461778374781964,-0.22481996259554857,305.9,6,Syn
-0.1760288567948644,-0.2927506427464315,-0.12993913518262826,-0.13702211827373978,0.5630359831526495,0.6849406997422848,0.5693448996450949,0.792976605431755,-0.14778885872268968,-0.19647660731542313,-0.13681114781181966,-0.2112692156656337,305.9,6,Syn
-0.18746795569650368,-0.31205371849968594,-0.13116542438947526,-0.1407210431872692,-0.16940635624251585,-0.2278080074323503,-0.09149083567134014,-0.1396597768054556,-0.16302556478668068,-0.23095556705476056,-0.14293969383712818,-0.2239578064784221,306.1,6,Syn
-0.16842866385767122,-0.2296203868574599,-0.13194023223924725,-0.14007391229241686,0.10048605984978484,0.19656962025770142,0.27021394388653264,0.36688978766455876,-0.1473902173866911,-0.18644304760291752,-0.1423753406735861,-0.21685291784828017,306.4,6,Syn
-0.1731828270992346,-0.2970092999543311,-0.1316615835891775,-0.1403026520718054,0.043634290672926235,0.04618500854055214,0.08239219392482049,0.051509581182533716,-0.1577560246264495,-0.21918169871679583,-0.14235887413565781,-0.22401197335489076,306.6,6,Syn
-0.1868955156327236,-0.3025151119633143,-0.13170861289720617,-0.13947455616161406,0.0807168701360176,0.11539897877095343,0.07226405898294493,0.07894006301303991,-0.15629056471513655,-0.21746165990893773,-0.14178553922415482,-0.2175119481786491,306.6,6,Syn
-0.1416323240359205,-0.1871843898988045,-0.12389351763554546,-0.12595140249536033,-0.09720583728788763,-0.0745605307664983,0.32436436832824356,0.41921870684890905,-0.15378546631960008,-0.20970121545597523,-0.13640547219558646,-0.2074143396236126,306.7,6,Syn
-0.1846300113125092,-0.2967048763414682,-0.13152872579399658,-0.14015208917904332,-0.040108488114584714,-0.022692154048825307,-0.0005381783220219805,-0.014604913485865824,-0.16093496278027905,-0.22836682177828724,-0.14338578731918533,-0.22307759473580602,306.8,6,Syn
-0.19148150439227252,-0.31497029311324365,-0.1315734036366238,-0.13481579280672654,-0.28617964455178696,-0.15017384617635277,-0.25865520149417737,-0.1849552391101889,-0.16736192181946064,-0.23115826523077077,-0.14360883406021388,-0.22350641584118308,306.8,6,Syn
-0.18645405761743558,-0.29102884897905623,-0.1309149933242227,-0.1374578820306761,-0.03519688818569844,0.01351466736123863,0.08209135823347764,0.20244756581911397,-0.15591117594366066,-0.20754971910203826,-0.1402272059529418,-0.2123976922587312,306.9,6,Syn
-0.19234501567492382,-0.31290806863901094,-0.13171449156070975,-0.13723927629214658,-0.16142500635807566,-0.09375856630485778,-0.11676103374413857,-0.08465814400685087,-0.16339249601640662,-0.22786007633826172,-0.14587522846234313,-0.23055262368848392,307.0,6,Syn
-0.18064395267630043,-0.27844273294187405,-0.13089500586831054,-0.1377445306149731,0.2645334974745864,0.5158632639483117,0.3221582399250627,0.48308249531583114,-0.1492248735353209,-0.19291201510587208,-0.1440100188024666,-0.21631576298996577,307.1,6,Syn
-0.19098668332019142,-0.3200014661559352,-0.12866111373694972,-0.13218528534375865,-0.14804089655186056,-0.16415136327884255,-0.13902287490350862,-0.19255137254017524,-0.1647062004191292,-0.23544098812104372,-0.1458707375883627,-0.22732066672585266,307.2,6,Syn
-0.19575701718502544,-0.332410820095326,-0.13297017408507467,-0.1410815254978245,-0.15565387644163428,-0.03666967115131511,-0.15105630255722216,-0.07467063523779477,-0.165454785427922,-0.22920657136461528,-0.1450998042217203,-0.22787136330328422,307.2,6,Syn
-0.1678060948617522,-0.2297251347672622,-0.13334523281660313,-0.14093385804530786,0.22904718798838303,0.3547008077183993,0.3518406948042228,0.4571993739988407,-0.14590890242224186,-0.19284251858838286,-0.13630218209403633,-0.20143792758656823,307.3,6,Syn
-0.18812286593896396,-0.3177330192342792,-0.13088324854130337,-0.13824978493779963,-0.14128744664964193,-0.20305264581709728,-0.02059389107821121,-0.06271375854244592,-0.1610187680611424,-0.22658018214116865,-0.14219570571436846,-0.22026994497217942,307.3,6,Syn
-0.19555165026948854,-0.32775608485348645,-0.13326645872565515,-0.14093530576543056,-0.20096338578561015,0.16171002941173288,-0.21904516880070363,0.044194786027732066,-0.16698479805557562,-0.22165751215234916,-0.14400702488647965,-0.2213577964079254,307.4,6,Syn
-0.19447145263501087,-0.3318216131026881,-0.13218125744289408,-0.1399088721984277,0.16961682884885912,0.5675632368454728,0.1549938741022255,0.48012844342639205,-0.15709464240990642,-0.2036666011873283,-0.14554140682979702,-0.22701823499890253,307.4,6,Syn
-0.19067944147804958,-0.3203418968627927,-0.13231058803997287,-0.13925884586332996,-0.2639546548735766,-0.18520184084283323,-0.2263655039567127,-0.11054126532384133,-0.1675499174495054,-0.23128567551283433,-0.1433498603273418,-0.22533906182837343,307.5,6,Syn
-0.19378743527066347,-0.30966088343513976,-0.13273620327763214,-0.13947166072136863,-0.15835525640252174,0.031365472335502714,-0.10232092055968232,0.13070630564702082,-0.16441514694369844,-0.2191759073403384,-0.1462344983807784,-0.23220471342077867,307.5,6,Syn
-0.18303882198267982,-0.302888276391985,-0.13272327021792427,-0.14086291975929496,0.13339377937332286,0.21324159848838203,0.17143955856230067,0.21946853146778703,-0.15603688386495565,-0.21377834448200927,-0.14373158461567928,-0.22180015923241964,307.7,6,Syn
-0.17193768910739657,-0.287231737248723,-0.12859879990381176,-0.1355208325064873,0.11006367971111307,0.12028268956579927,0.18317215052467137,0.23072206247517418,-0.15381830892966813,-0.21120118195845083,-0.13455672907363825,-0.21185602349404442,307.8,6,Syn
-0.19467681955054777,-0.33768094930725406,-0.13290315732113384,-0.14181696732016225,-0.09917047725944214,-0.0759077613305937,-0.07604793684907443,-0.1082905591223639,-0.16153405728807235,-0.22638327534161587,-0.14485879398476997,-0.22473419837447317,307.8,6,Syn
-0.12781937763815363,-0.16161280641831885,-0.07254691912986673,-0.025638875192638848,-0.06417532776612744,-0.10723087194581181,0.20523343455647952,0.2723601272025067,-0.1530731214322617,-0.2090409985398277,-0.13742639754714006,-0.20237230620565297,307.9,6,Syn
-0.1715156358400333,-0.2722986133575331,-0.12906909298409824,-0.13582195829201144,0.01686607106049605,0.06706708228403087,0.08299386530750616,0.11565470792464051,-0.15511276076786806,-0.20900625028108308,-0.14166129171069597,-0.2154761764047012,308.0,6,Syn
-0.16643482600840329,-0.29495689559664234,-0.12815437294294102,-0.13423670475764168,0.0807168701360176,0.0018948037459157855,0.10074317109673363,0.046726830504394176,-0.1575046087838595,-0.2182058517837181,-0.14135890619601293,-0.22207550752113545,308.2,6,Syn
-0.18319567702840486,-0.2785573009682203,-0.13181325310756992,-0.13930517290725675,0.1205008295599964,0.3577320764876139,0.18287131483332852,0.4290655464803728,-0.1556586275972752,-0.20290213949494693,-0.14250707297701234,-0.2185230632060645,308.3,6,Syn
-0.1922043312524694,-0.2781350359568298,-0.13252221992610178,-0.13778940993877717,-0.1513562265038588,0.03709120223290817,-0.14062733192400376,0.014513597995748443,-0.1645555774143343,-0.22156195444080148,-0.14581385318461043,-0.2298349125752739,308.3,6,Syn
-0.14132346513145155,-0.22355810157765196,-0.033537283852803294,0.04918364390949067,0.06856066031202407,0.16154162559122096,0.24263733884677244,0.295289196630058,-0.15210936070233333,-0.20242435093720856,-0.13638301782568427,-0.20539662347515428,308.3,6,Syn
-0.16686658164972895,-0.24537185379398024,-0.024139652375978555,0.07954667804313156,0.47560950441847394,0.5864244647428085,0.51900506062706,0.564248587706611,-0.1450685846060176,-0.2003973691771064,-0.1346225952253514,-0.20604211208640605,308.3,6,Syn
-0.1945345180657663,-0.3114579647626854,-0.11605961065067329,-0.028350454982478613,-0.22208326547982113,0.13089213025805055,-0.22425965411731283,0.008324155941685507,-0.16627585067962358,-0.21614701745310005,-0.14618060789301313,-0.22935643849980056,308.3,6,Syn
-0.17822321037268804,-0.2902759733773522,-0.129965001302044,-0.1361983655239166,0.15770619902130992,0.24944841989844596,0.11147297742129486,0.10215047071577592,-0.15663824338033988,-0.21684487831622093,-0.14273011971804092,-0.2230459973911993,308.4,6,Syn
-0.18057765312089089,-0.2533392416833174,-0.13092792638393058,-0.13635906245753762,-0.09794257727722057,-0.07607616515110563,-0.0025437495976409034,0.018452333848333946,-0.15881491567519573,-0.2168246084986199,-0.14588720412629097,-0.21958383120357614,308.6,6,Syn
-0.1906568026054707,-0.3210227582765076,-0.1307844869944432,-0.13717412888662453,0.18742137859107186,0.35722686502607814,0.3034061484980258,0.5081216018072676,-0.15387719912703154,-0.20540690981278742,-0.14346063521885932,-0.21962445636092764,308.7,6,Syn
-0.1825973639673918,-0.29870163337207445,-0.13117365451838028,-0.1378024394198816,-0.08320777749056175,-0.08769602876642847,-0.04786966042662856,-0.11251063325013408,-0.16050121382662152,-0.22701163968724752,-0.14484532136282866,-0.21939424713593575,308.8,6,Syn
-0.19234016448794264,-0.31571662197058503,-0.1323199939015786,-0.13966565521781207,-0.23951944522736737,-0.09426377776639355,-0.21623736901483714,-0.06749650922058546,-0.1666348543827814,-0.22631088313589792,-0.1437749963974902,-0.2232671788034464,308.9,6,Syn
-0.19327967769996587,-0.32936658396669677,-0.133697952626818,-0.14240618941010608,-0.19494667587272446,0.007788937463833171,-0.1583766377132312,0.09019359402042706,-0.1658387042145797,-0.2213100295649031,-0.14587971933632357,-0.23078283291347582,308.9,6,Syn
-0.19231267442838257,-0.31236468885691154,-0.13219536623530267,-0.13907643312786824,-0.1686696162531829,0.0029052266689873372,-0.14493931016658443,-0.012072869009203714,-0.16494402621617382,-0.2252684353735597,-0.14463125636976096,-0.2273838614150661,309.0,6,Syn
-0.19045305275226085,-0.30916333086357883,-0.1328714125382145,-0.13817305577129588,-0.10948483711010332,-0.029259903048790392,-0.10823735582275815,-0.07270126731150202,-0.16370280205636006,-0.2265367468177379,-0.1462344983807784,-0.2326425623389005,309.0,6,Syn
-0.1913877147773029,-0.3096248763411452,-0.13030008512174812,-0.13463627551151022,0.3445925763154326,0.6185895944605861,0.4490106231079596,0.717155940269484,-0.15815353345865263,-0.21531016355500074,-0.14367470021192702,-0.21215845522099455,309.2,6,Syn
-0.19059858836169646,-0.3074775441901981,-0.13204604818231172,-0.1408180404354909,-0.1621617463474086,0.0685827166686382,-0.09961339933759678,0.11959344377722601,-0.16408105832404055,-0.21787863901387303,-0.14292622121518686,-0.22093348920892075,309.2,6,Syn
-0.19516355531099355,-0.3363912406678133,-0.1330160276604026,-0.14206597518126873,-0.32068363405221306,-0.2370702175605062,-0.27289475755107173,-0.18340787859667318,-0.16871299884743307,-0.23524408132149094,-0.14616414135508485,-0.23206929622960695,309.2,6,Syn
-0.19491452771262596,-0.3225808834348168,-0.133697952626818,-0.14189948736715682,-0.18279046604873095,-0.058225360176841545,-0.15256048101393635,0.044194786027732066,-0.16520110457774106,-0.2179394484666761,-0.1462344983807784,-0.23210992138695846,309.3,6,Syn
-0.1958411044260327,-0.3299557909593347,-0.13315946704988998,-0.13989584271732328,-0.2946521544291158,-0.26468844412446196,-0.24230979559788315,-0.11476133945161152,-0.16838797025813876,-0.2328840954150863,-0.14407588495417975,-0.2201932085638488,309.3,6,Syn
-0.19108370705981517,-0.30134651809458246,-0.13238818639822014,-0.13924871182247098,0.028162750896934475,0.21745169400118017,0.15429192415575887,0.319343619158348,-0.15692703184817974,-0.2095767008621404,-0.1461671352710718,-0.2280338639326903,309.3,6,Syn
-0.17694734819663582,-0.302704967549831,-0.12997440716364975,-0.13562362063519987,0.08010292014490682,0.07060356251478131,0.049400546440889204,0.054885640484749865,-0.15710596744786093,-0.21766725377317667,-0.139716743277165,-0.21927237166388122,309.4,6,Syn
-0.18671763877674674,-0.29759196020260636,-0.13250340820289033,-0.14101058721181162,0.03700363076892977,0.06875112048915012,0.1795621222285573,0.2364894971164601,-0.15454764137393825,-0.20818677051235607,-0.1444830575284064,-0.21830639570018975,309.6,6,Syn
-0.16753604545313278,-0.24922133947921463,-0.12975689661401724,-0.1345725758261109,-0.03937174812525177,-0.07203447345881941,0.22278218321814508,0.287411724924887,-0.1529677985792848,-0.20755261479026696,-0.14111190812708868,-0.20776191041428665,309.6,6,Syn
-0.1901247890998672,-0.3164171236173879,-0.1325680735014297,-0.1415723026194239,-0.1126773770638794,-0.020166096741146427,-0.10282231337858705,-0.02613978276843766,-0.16313768266243026,-0.22191233271647628,-0.1440938484501015,-0.22614253716265886,309.6,6,Syn
-0.16340606826981544,-0.21971843600896154,-0.12660475724339706,-0.12814469848126916,0.2089096282799493,0.3326399072313371,0.36096604410828886,0.5096689623207833,-0.14592702248296907,-0.1851081353294788,-0.1384368441927393,-0.20842996855740037,309.6,6,Syn
-0.19369364565569386,-0.301382525188577,-0.13116542438947526,-0.1319044276399525,-0.19838479582294485,-0.07253968492035519,-0.18174154307419166,-0.09886572690367716,-0.1660448199053517,-0.2283726131547447,-0.14602642121968465,-0.2291623405257878,309.6,6,Syn
-0.19207820039095855,-0.30506506889256396,-0.1319225962487365,-0.13654002747287663,-0.18279046604873095,-0.1644881709198664,-0.13190309687506144,-0.10041308741719289,-0.16474130803678816,-0.22804540038489962,-0.14484083048884822,-0.22691441515233754,309.7,6,Syn
-0.18816814368412169,-0.3082860671189846,-0.13243874290435093,-0.13906774680713196,-0.07240225764701196,0.3547008077183993,-0.006855727840221588,0.4360990033599898,-0.16085455501080206,-0.20104310765211036,-0.1399921835479654,-0.21566124656596922,309.9,6,Syn
-0.16554705879084605,-0.23312289509147419,-0.1179525402988264,-0.11326358333991147,0.023987890957381144,0.02715537682270458,0.2834507143056175,0.39108487933044117,-0.15018636925765838,-0.19719763368437374,-0.13878264148923325,-0.19965944847584655,310.0,6,Syn
-0.1924889342220324,-0.2967016029692869,-0.13277382672405505,-0.13795155459252093,-0.2136107556024923,-0.17762366891979658,-0.18364683578602964,-0.15203866091358148,-0.16481718579108334,-0.22372503354765336,-0.14520459128126392,-0.2280699751836694,310.0,6,Syn
-0.17650265605669369,-0.290721151994012,-0.13180149578056274,-0.1383076937427081,0.23150298795282617,0.2649415713855431,0.28004124313706535,0.34353871082423043,-0.15046383268754376,-0.2025662396604157,-0.14099215148761024,-0.2170740992605273,310.0,6,Syn
-0.19288188036750853,-0.32327156496507564,-0.13244579730055522,-0.1403040997919281,-0.18094861607539858,-0.20877837571450275,-0.15185853106746972,-0.20000683683256923,-0.16471186293810647,-0.2334516503079149,-0.14560876993950364,-0.22892310348805112,310.1,6,Syn
0.06821870533394596,0.5202535325562745,0.07493581511527508,0.24434500277181817,0.782707289972088,1.0296633203301957,0.48370700617616696,0.6058866524339435,-0.1405453644469883,-0.1787086643440135,-0.13809254385423883,-0.20934629155099554,310.6,6,Syn
-0.18199743384405165,-0.2855623174362489,-0.13097613142465997,-0.1364415825045322,0.029267860880933888,-0.01831365471551525,0.05170695340785096,0.03687999087293042,-0.1594060826564209,-0.2232646191192873,-0.14295166950107602,-0.21857271617616078,310.6,6,Syn
-0.19232237680234496,-0.3218083676000248,-0.13159926975603956,-0.13913723737302214,-0.023163468359927074,0.06555144789942355,0.06524455951827869,0.10060311020226019,-0.15812522086376637,-0.21928015211657223,-0.14492915101046355,-0.22572274387002658,310.6,6,Syn
-0.1865252083598263,-0.31627309524140973,-0.13158986389443383,-0.1407601316305824,-0.09131191737322411,-0.07371851166393867,0.012096920714377235,-0.03936268170211757,-0.15939136010708002,-0.22393062741189226,-0.14273311363402788,-0.2214209910971389,310.7,6,Syn
-0.17114856269179013,-0.24723767593733365,-0.12639900402077173,-0.12643349329622347,-0.14177860664253056,-0.20069499232993035,0.06694929510255478,0.11720206843815624,-0.15846383949860607,-0.21766725377317667,-0.14201307683916384,-0.21058761580340282,310.7,6,Syn
-0.19252612665555482,-0.3110651601009268,-0.13291961757894385,-0.14177064027623545,-0.07706827757945392,0.2383337677446589,-0.0038473709267932035,0.22481395869629592,-0.1610685982281422,-0.21277064497841564,-0.1442944408212279,-0.21782792162471643,310.7,6,Syn
-0.19575701718502544,-0.3408823073005868,-0.13362623293207432,-0.14184447400249378,-0.3096325342122189,-0.24869008117582905,-0.2877359849906517,-0.30213263072460766,-0.16949329396249846,-0.24029705728060272,-0.14593660374007583,-0.23036303962084353,310.7,6,Syn
-0.19414642310727132,-0.31664298629789905,-0.13282438323018586,-0.14036635175720472,-0.003148698649715512,0.28093993433417597,0.06283787398753599,0.4002283732739432,-0.15917165437076264,-0.20336255392331298,-0.1448123882869721,-0.22627795435383055,311.0,6,Syn
-0.19134567115679926,-0.30489158016695395,-0.13125007714392684,-0.13633734665569694,0.002254061272059388,0.23749174864209927,0.017712520286110218,0.20526094857096075,-0.16140834936677736,-0.2202617904261074,-0.1451911186593226,-0.22869289426305922,311.0,6,Syn
-0.1850682352031431,-0.3027671616212761,-0.13107842016962226,-0.1384872110379244,0.0656137003546923,0.08811755984802154,0.13874874676971222,0.2100436992491003,-0.1555850148505709,-0.21140098444623232,-0.14373158461567928,-0.21970570667563066,311.1,6,Syn
-0.19532687860602685,-0.3275465890338819,-0.13256689776872901,-0.1399103199185504,-0.31282507416599503,-0.30695780307295517,-0.29184740610567056,-0.29242646023073626,-0.16897687223177302,-0.2399959057048161,-0.14344566563892452,-0.2180129917859844,311.3,6,Syn
-0.1760757516023492,-0.3006231028425103,-0.13236232027880437,-0.14114088202285568,-0.1991215358122778,-0.31352555207292027,-0.0351342828264484,-0.08817487244665936,-0.16179793067241233,-0.2274402015450977,-0.14224061445417285,-0.22000362449620842,311.4,6,Syn
-0.18195862434820215,-0.27402368049708964,-0.1320754414998296,-0.13979739774897887,0.08710195004356974,0.4154945869232043,0.14797437463755928,0.471406956895667,-0.15768920690251792,-0.2015324789627636,-0.14056701541746183,-0.21823417319823152,311.4,6,Syn
-0.17928238619691392,-0.3004823478387135,-0.12774286649769034,-0.13159027237332396,0.2305206679670489,0.35200634659020846,0.29177383509943605,0.3622477061240116,-0.15047062771031647,-0.20334517979394068,-0.14097119407570152,-0.2177060461526619,311.4,6,Syn
-0.1959348940410023,-0.33203765566665533,-0.13302896072011047,-0.1410467802148794,-0.21140053563449349,-0.024207788433432634,-0.17321786515281126,0.08372281369117945,-0.16581945165005704,-0.22068745659572886,-0.1458228349325713,-0.2297401205414537,311.4,6,Syn
-0.1948741011544494,-0.3130684638758957,-0.13314183105937924,-0.1413450105601581,-0.1872109059847286,-0.01039867515145476,-0.11625964092523383,0.11340400172316308,-0.16460880509272047,-0.2194944330454973,-0.14521806390320527,-0.22744705610427957,311.4,6,Syn
-0.19273957888272705,-0.30592923914843295,-0.1330654084338327,-0.14176195395549918,-0.023163468359927074,0.10411592279665444,-0.0025437495976409034,0.057839692374189,-0.16163032011068565,-0.22345863023061135,-0.14501298065809845,-0.22817379503023436,311.6,6,Syn
-0.19095919326063138,-0.31525507649301865,-0.13147464208976364,-0.1382468894975542,-0.05889535784257471,-0.04306901633076827,-0.04405907500295261,-0.07565531920094115,-0.16183417079386675,-0.2271361542810824,-0.1462344983807784,-0.22904046505373327,311.9,6,Syn
-0.19641354448981277,-0.3358445875135326,-0.1328855213306231,-0.13947745160185948,-0.19384156588872506,-0.07877062627929643,-0.16780282270864016,-0.06341710423040761,-0.16554765073914893,-0.22633115295349895,-0.14564319997335368,-0.22809705862190374,312.1,6,Syn
-0.18859181401381203,-0.3149801132297876,-0.13275971793164645,-0.14119734310764145,-0.08652310744255999,-0.05873057163837732,-0.02269974091761108,0.05671433927345028,-0.15929283227687582,-0.21781493387284123,-0.14285137331551284,-0.21940327494868053,312.5,6,Syn
-0.17444575277667032,-0.2611298674748632,-0.1260357026162504,-0.1283401406978353,-0.10420486718655057,-0.13299665648413636,0.030548176450071327,0.01718631161000289,-0.15836078165322007,-0.22341229921895187,-0.14419863550964515,-0.2143522137179761,312.5,6,Syn
-0.1867321923376903,-0.2971860620521225,-0.1314217341182314,-0.13978292054775174,0.002499641268503702,0.10495794189921406,0.0624367597324122,0.06838987769361446,-0.1577424345809041,-0.21720104796835316,-0.14217923917644015,-0.21895639821781393,312.6,6,Syn
-0.18636026800246594,-0.2767503995241307,-0.13222123235471844,-0.1407456544293553,0.2272053380150507,0.44799652428200587,0.29387968493883593,0.4501659171192237,-0.15362804829203244,-0.20680263153902917,-0.14346961696682023,-0.21855466055067121,313.0,6,Syn
-0.17788847847098613,-0.29897004989094284,-0.13162160867735317,-0.13842930223301592,0.13805979930576484,0.1632256637963402,0.15860390239833955,0.18880265947265704,-0.1558047205868883,-0.2143372123101517,-0.13820930657773028,-0.21559805187675574,313.1,6,Syn
-0.17808414301256068,-0.26348014870105224,-0.13095614396874777,-0.13583354005299314,0.2380108578586005,0.4353662377436115,0.40278220520494346,0.5984311881415495,-0.14651026193762606,-0.18716117828363943,-0.14115831382488656,-0.20195702681939307,313.1,6,Syn
-0.17958477685207458,-0.27442630527539225,-0.13148287221866864,-0.14027804082971929,0.1611443189715303,0.31916760159038304,0.28154542159377954,0.42779952424204176,-0.15029508962202165,-0.19620151693369497,-0.14403397013036232,-0.22283835769806934,313.2,6,Syn
-0.19061314192264,-0.30245619126405054,-0.13023071689240587,-0.13439884941138544,0.1600392089875309,0.34190211735949294,0.23511644656320146,0.43581766508480513,-0.15056462552533886,-0.19052017662895154,-0.14388427433101428,-0.22587621668668784,313.2,6,Syn
-0.17935677106395878,-0.28657378944027734,-0.13192494771413796,-0.13797471811448433,-0.13244656677764663,-0.07557095368956984,-0.007557677786688211,-0.029937849483430826,-0.1611693910659373,-0.22634563139464253,-0.14555637640973182,-0.22790296064789098,313.4,6,Syn
-0.1752381133169309,-0.2763150410240149,-0.13063634467415297,-0.13862040128921393,-0.15786409640963311,-0.19210639748382216,-0.009061856243402402,-0.027827812419545732,-0.1607163895477571,-0.22629640469475434,-0.14259389654063423,-0.2186539664908638,313.5,6,Syn
-0.1836371350436929,-0.29868526651116784,-0.12866934386585474,-0.13339413164622324,-0.15344365647363545,-0.1683614587916407,0.03606349745802336,-0.0037733898912556863,-0.1605102738569851,-0.2270405965695347,-0.1415220746173023,-0.21905570415800651,313.5,6,Syn
-0.18744369976159775,-0.3031501461664907,-0.1327702995259529,-0.1388549319490933,-0.21889072552604505,-0.016292808869372146,-0.17993652892613465,-0.09084758606091381,-0.1665114114690773,-0.2267394449937481,-0.1455952973175623,-0.23145089105658953,313.5,6,Syn
-0.1887826273684054,-0.3167870146738772,-0.13345222449236832,-0.14231498304237522,-0.15061948651452584,-0.20221062671453766,-0.04847133180931424,-0.07931271677834198,-0.1621161642389339,-0.2282886381961119,-0.14545757718216212,-0.22717170781556378,313.7,6,Syn
-0.17668538409965173,-0.30421726549760164,-0.13202723645910025,-0.13898812220038279,0.12897333943732522,0.14486964736054037,0.21816936928422156,0.2857236952737789,-0.15472884198121034,-0.2115805171164128,-0.1447270616813437,-0.22166474204124795,313.9,6,Syn
-0.1934074256238038,-0.32449580616088997,-0.13249400234128458,-0.1371929492482198,-0.28593406455534265,-0.24734285061173364,-0.21784182603533228,-0.08592416624518193,-0.16676169480787187,-0.2256014395198622,-0.14004757099372414,-0.2155258293747975,313.9,6,Syn
-0.18006666142553918,-0.28965075929071976,-0.13235056295179723,-0.13731890089889576,-0.23166088534114934,-0.1978321273812276,-0.12257719044343345,0.010434193005570599,-0.1637594272461326,-0.21963632176870446,-0.1462344983807784,-0.2319158234129457,313.9,6,Syn
-0.193489895802484,-0.2972482561235676,-0.13215656705617904,-0.13667756088453428,-0.26690161483090835,-0.22022983550931366,-0.2570507444736822,-0.2223732297097512,-0.16804595411191273,-0.23363697435455283,-0.14564319997335368,-0.2274335143851624,313.9,6,Syn
-0.1832894666433745,-0.30243327765878125,-0.1320096004685895,-0.13889691583265193,0.00028942130050487895,0.017219551412500988,0.058225060053612464,0.03659865259774574,-0.16060313916821206,-0.2277558315620279,-0.14454592976413258,-0.22594843918864607,314.1,6,Syn
-0.1957505489357172,-0.3266955122667382,-0.13262921160186697,-0.13797471811448433,-0.1658454462940733,0.01317785972021478,-0.1529615952690601,0.01732698074759523,-0.16463485268001582,-0.21985349838585824,-0.14568212088118418,-0.22939706365715207,314.2,6,Syn
-0.19538832697445524,-0.32817507649269567,-0.13307716576083983,-0.14169535882985443,-0.25278076503536034,-0.11969275466369428,-0.2567499087823394,-0.11124461101180302,-0.16810710931686704,-0.22991022360419358,-0.14601743947172377,-0.22902692333461608,314.2,6,Syn
-0.19110311180773992,-0.3065413597463401,-0.13106666284261512,-0.13590592605912874,-0.07534921760434372,0.021598050745811045,-0.05388637425348533,0.013950921445379084,-0.16103575561807415,-0.21997222160323565,-0.14558930948558838,-0.226526219204312,314.2,6,Syn
-0.16615830835047563,-0.20325010056473172,-0.1088982227706108,-0.0904402756053552,0.3565032061429818,0.5485336051276253,0.3540468232074036,0.5039015276794974,-0.14927923371750254,-0.1943685462849169,-0.14453096018419778,-0.21622999876889035,314.3,6,Syn
-0.18977226951256757,-0.3053203919227071,-0.12942416425971454,-0.132133167419341,-0.0893472774016696,-0.05654132197172229,-0.07715100105066484,-0.09788104294053078,-0.16209124915543402,-0.22644987617087636,-0.1434950652527094,-0.22438211367742675,314.4,6,Syn
-0.1749066155398831,-0.2648385981563008,-0.13040237386671044,-0.13724796261288286,-0.09953884725410861,-0.07253968492035519,-0.008460184860716726,-0.03542394584953206,-0.15973677376469242,-0.22327620187220215,-0.14371212416176404,-0.2183741042957756,314.7,6,Syn
-0.17946673130219903,-0.290822626531633,-0.12911259509402476,-0.1361201886372901,0.16040757898219737,0.12146151630938275,0.1897905357342138,0.16432622953158996,-0.15481377976586913,-0.2109145088238078,-0.14296214820703038,-0.22134425468880825,314.9,6,Syn
-0.19323439995480815,-0.3204171844229631,-0.13165805639107536,-0.13921251881940316,-0.2272404454051517,-0.2875913637140838,-0.23248249634735044,-0.31873158896050374,-0.16724300892093832,-0.2393936025532429,-0.1449875323722093,-0.22943768881450358,315.0,6,Syn
-0.1855032249691229,-0.30571319658446566,-0.13080094725225325,-0.1390112857223462,-0.20550661571982995,-0.27613990391927284,-0.017384977037220934,-0.0469588151321039,-0.1610482131598241,-0.22850581481326568,-0.14402498838240144,-0.221457102348118,315.0,6,Syn
-0.18762157661757461,-0.2935329786977674,-0.1308127045792604,-0.13785745278454464,0.06119326041869466,0.16558331728350717,0.1443643463414452,0.2211565611188951,-0.15605613642947833,-0.2123507701852516,-0.14502196240605933,-0.22008036090453906,315.1,6,Syn
-0.18664487097202892,-0.29229237064104646,-0.12984742803197238,-0.13574088596513956,0.09066285999201229,0.17130904718091264,0.11598551279143744,0.20455760288299904,-0.1543041530579164,-0.2088933184401631,-0.14278251324781274,-0.21852757711243687,315.2,6,Syn
-0.18132150179133957,-0.30729750872022543,-0.130748039280721,-0.13862329672945936,0.2646562874728085,0.36733109425679367,0.3281749537519195,0.42625216372852603,-0.15026790953093083,-0.19861362522821652,-0.14179003009813526,-0.21942584448054248,315.4,6,Syn
-0.18934374799589604,-0.31130084289798193,-0.1306022484258322,-0.13829032110123557,0.09545166992267641,0.21138915646275086,0.1622139306944536,0.2792529149445313,-0.15446270358927947,-0.20812306537132427,-0.14152656549128273,-0.22094251702166554,315.8,6,Syn
-0.19340904268613088,-0.3021943214895448,-0.1329501866291625,-0.13992479711977754,-0.17137099621407034,-0.05266803409994801,-0.13842120352082293,-0.020231678989559403,-0.16588287186260228,-0.22978281332213002,-0.14605785733754773,-0.23288631328300957,315.9,6,Syn
-0.1511309481450849,-0.23785291789348414,-0.12996852850014615,-0.13821214421460912,0.22929276798482734,0.3250617353083004,0.2354172822545443,0.2843170038978555,-0.15143099092885848,-0.20446001976199685,-0.13873024795946146,-0.2125421372626477,315.9,6,Syn
-0.17759417312746079,-0.2964233663338745,-0.12936890482278088,-0.13639815090085086,0.02153209099293801,0.07582408095065099,0.09753425705574335,0.1302842982342438,-0.15418071014421228,-0.21097531827661087,-0.1428693368114346,-0.21748486474041479,315.9,6,Syn
-0.18874543493488297,-0.29130053887010593,-0.13164982626217034,-0.13781981206135413,0.06414022037602643,0.1824236993346997,-0.01096714895524038,0.0011500299244761945,-0.15992137188335087,-0.22210923951602907,-0.14580487143664955,-0.22607934247344538,316.1,6,Syn
-0.19620979463660293,-0.3331178684864915,-0.1333052579047788,-0.14076302707082783,-0.2676383548202413,-0.122555619612397,-0.24230979559788315,-0.09577100587664569,-0.16752613486980095,-0.22675971481134913,-0.14607881474945647,-0.23121165401885285,316.2,6,Syn
-0.18326682777079562,-0.30967725029604637,-0.13341224958054396,-0.14083975623733158,-0.07989244753856352,-0.06967681997165247,0.030046783631166595,0.029846533993313443,-0.1599111793491918,-0.22316327003128217,-0.1443303678130714,-0.2223643975289684,316.5,6,Syn
-0.18314231397161182,-0.30176878310597294,-0.13156164630961664,-0.14099031913009363,0.4253883951456118,1.037746703714768,0.45121675151114043,1.1037147303732329,-0.16598819471557916,-0.23469969193449208,-0.14402498838240144,-0.2246664897788873,16.4,-1,Noise
-0.12220978842557421,-0.0557814104240048,-0.1258981418902666,-0.12429955383534583,-0.32731429395620953,-0.4347763028415065,-0.3461983876749434,-0.5152463741770019,-0.1034841777408708,-0.03404297612552363,-0.06240335378788568,0.05232937476282688,16.6,-1,Noise
-0.10928137512071047,-0.020301329350658162,-0.12970869157328788,-0.1353876422551978,-0.30729952424599793,-0.42787174620051754,-0.3461983876749434,-0.5134176753883015,-0.16125772636198243,-0.21711417732149163,-0.14046821618989214,-0.20876851153532963,17.0,-1,Noise
-0.15965286660870365,-0.21011436202896347,-0.1252761792915877,-0.12478888323682251,-0.35641552353486067,-0.4600368759182953,-0.3461983876749434,-0.5152463741770019,-0.14943891675266105,-0.18102231923875864,-0.12538037657360374,-0.13096230739444267,17.3,-1,Noise
-0.19534951747860574,-0.3260604780635618,-0.13357097349514066,-0.14272034467673458,-0.3359095938317605,-0.4482486084824605,-0.3141092472650406,-0.409181844432378,-0.16943440376513502,-0.23929804484169523,-0.13760154163237728,-0.17890902088196958,18.7,-1,Noise
-0.19494363483451307,-0.3293829508276034,-0.13026716460612808,-0.13254721537443667,-0.34450489370731147,-0.46929908604645115,-0.3260423963549732,-0.5023048135185068,-0.1665204714994409,-0.23332424002585134,-0.1397152463191715,-0.20088723100913664,19.5,-1,Noise
-0.1939200343814826,-0.3216708859684093,-0.13357097349514066,-0.14349342722226285,-0.34364536371975635,-0.46980429750798697,-0.3315577173629252,-0.5055402036831306,-0.1675612424874599,-0.23571028712631445,-0.1423962980854948,-0.21074108862006408,19.6,-1,Noise
-0.19620817757427586,-0.3332488033737444,-0.133697952626818,-0.14401894962680736,-0.34818859365397614,-0.46980429750798697,-0.33596997416928687,-0.5152463741770019,-0.15893609358130892,-0.17880711774378988,-0.14476298867318724,-0.2241744739842968,19.6,-1,Noise
-0.19279941018882835,-0.3267969868043592,-0.133697952626818,-0.1428738030097421,-0.3400844537713138,-0.447069781738877,-0.3223320894950782,-0.4961153714644438,-0.16564844357694403,-0.2349023901105023,-0.13849522555448504,-0.2008511197581575,19.6,-1,Noise
-0.19597532059917888,-0.33058427841814847,-0.133697952626818,-0.14399868154508938,-0.33971608377664736,-0.4521218963542348,-0.32644351061009697,-0.49850674680351353,-0.16528604236239985,-0.21943941496915167,-0.14211187606673353,-0.2048865520550742,19.6,-1,Noise
-0.18869854012739815,-0.3138802601768635,-0.1292043022446806,-0.12732673661193683,-0.327682663950876,-0.4401652250978881,-0.34068306666699133,-0.5151057050394096,-0.15905274147224033,-0.2096954240795178,-0.12200922717228602,-0.17279267774738108,20.5,-1,Noise
-0.19229326968045782,-0.3061649219454881,-0.133697952626818,-0.144347582094663,-0.350398813621975,-0.45868964535419987,-0.3461983876749434,-0.5152463741770019,-0.16840382531127507,-0.2377720171451612,-0.1259552084431002,-0.10077781548227055,21.9,-1,Noise
-0.195355985727914,-0.3192354970655059,-0.13270916142551567,-0.13982200899106498,-0.3309979939028742,-0.4469013779183651,-0.3302540960337729,-0.5082129172973849,-0.1684627155086385,-0.23915326043025936,-0.14537075361854027,-0.2281647672174896,22.3,-1,Noise
-0.18952809310118116,-0.31311756445861555,-0.13369442542871585,-0.14326468744287435,-0.3184734140842142,-0.4373023601491854,-0.3302540960337729,-0.5042741814447995,-0.16693157037718942,-0.23931541897106753,-0.14541865627433162,-0.22968143975861263,22.5,-1,Noise
-0.19472533142035967,-0.32597864375902874,-0.1336967768941173,-0.1425292456205366,-0.3452416336966444,-0.4689622784054273,-0.34008139528430564,-0.5152463741770019,-0.17001651071599658,-0.239494951641248,-0.1249956583692793,-0.05370679983098731,22.8,-1,Noise
-0.10872348861787395,-0.0527895482502767,-0.12573706651026847,-0.12758008763341144,-0.302633504313556,-0.42130399720055245,-0.343190030761515,-0.5125736605627474,-0.10911045659666888,-0.09191330537643978,-0.11007996892224114,-0.07233569142984098,24.0,-1,Noise
-0.19365968734682554,-0.3003514129514606,-0.1331394795939778,-0.1404141265212542,-0.3404528237659803,-0.4615525103029026,-0.33617053129684876,-0.5152463741770019,-0.16789872861850416,-0.2385248960846277,-0.11904225642920797,-0.06574990203252391,24.7,-1,Noise
-0.16674530197519927,-0.23824244918306142,-0.12631552699902088,-0.1288656631023798,-0.3189645740771028,-0.4435333015081266,-0.3461983876749434,-0.5152463741770019,-0.14176846854607486,-0.1746662835767241,-0.13297444447452952,-0.15647039230481874,25.1,-1,Noise
-0.195304239733448,-0.33374635594530533,-0.1329654711542718,-0.138750696100258,-0.32915614392954184,-0.4534691269183302,-0.3340646814574489,-0.5122923222875628,-0.169160337846636,-0.23565816473819753,-0.12607945595655906,-0.08994895409490687,25.1,-1,Noise
-0.18739195376713175,-0.3115332523228558,-0.13171684302611117,-0.13987847007585075,-0.33652354382287125,-0.44841701230297243,-0.3315577173629252,-0.4987880850786982,-0.16413655101001762,-0.23505007021016688,-0.14371661503574448,-0.2224953008137677,26.5,-1,Noise
-0.19655746303692134,-0.3376874960516167,-0.13264096892887411,-0.13824254633718608,-0.3389793437873144,-0.46980429750798697,-0.32965242465108724,-0.5058215419583152,-0.16606407246987434,-0.2213650476412487,-0.12480853862009425,-0.11350251754603805,27.1,-1,Noise
-0.18652359129749926,-0.29265571495317316,-0.13286553387471092,-0.1421108545050728,-0.31442134414288303,-0.42989259204666064,-0.33907860964649617,-0.5115889765996011,-0.16206520156813864,-0.2245358262516942,-0.14397558876861657,-0.22624635700922383,28.4,-1,Noise
-0.195123128752817,-0.327049036462321,-0.133697952626818,-0.14206742290139143,-0.33443611385309463,-0.45313231927730635,-0.3362708098606297,-0.5152463741770019,-0.16713542106037052,-0.23469969193449208,-0.11515914739411996,0.02246085629672205,28.4,-1,Noise
-0.1662407785291558,-0.2299379039590481,-0.1084855405926594,-0.08824842733956909,-0.3313663638975407,-0.4514482810721871,-0.3461983876749434,-0.5152463741770019,-0.13829621190922362,-0.1627852747742968,-0.12608993466251342,-0.14160609862053838,29.2,-1,Noise
-0.160257647919025,-0.22513259359686774,-0.13146993915896077,-0.14008115089303044,-0.29023171449311813,-0.4243352659697671,-0.3461983876749434,-0.5152463741770019,-0.13597797663993647,-0.16494256250469122,-0.12305709776772225,-0.13177932444784526,29.3,-1,Noise
-0.19023636640043448,-0.30066893005304884,-0.11461581089419377,-0.10730476731482846,-0.32473570399354423,-0.4169254978672424,-0.3461983876749434,-0.5152463741770019,-0.14538795067633464,-0.16362502436062484,-0.1188192096881794,-0.16348048890114045,30.3,-1,Noise
-0.1916189546900728,-0.307709953615072,-0.006254406532683429,0.16274860121551873,-0.3154036641286603,-0.4342710913799707,-0.3339644028936679,-0.5128549988379322,-0.15653518553495388,-0.2103324754898356,-0.0783414655444709,-0.026659472847626254,30.3,-1,Noise
-0.1877638781023561,-0.31208645222149917,0.1400913941908658,0.25238274489311574,-0.2969851643953368,-0.41793592079031394,-0.3461983876749434,-0.5152463741770019,-0.1291433162343927,-0.18203870580703843,-0.02667096648350988,-0.011583025563843555,30.3,-1,Noise
-0.192893199803798,-0.3041616181705192,-0.13307951722624128,-0.13983214303192396,-0.34106677375709105,-0.46980429750798697,-0.32704518199278265,-0.502023475243322,-0.1670991809389161,-0.2331823513026442,-0.1371883812261767,-0.19552471023873727,30.3,-1,Noise
-0.1903301560154041,-0.30584085809953726,-0.13141350398932639,-0.13693815050662247,-0.354328093565084,-0.46980429750798697,-0.34078334523077225,-0.5128549988379322,-0.15860879998442373,-0.22035445244942636,-0.13682012955978054,-0.20471502361292337,30.3,-1,Noise
-0.19151384563881377,-0.32718324472175514,-0.13282673469558728,-0.14000007856615856,-0.3429086237304234,-0.4676150478413319,-0.31822066838005936,-0.4935833269877817,-0.16477301814306078,-0.23974977220537513,-0.14433336172905836,-0.2275599037635893,30.8,-1,Noise
-0.19369364565569386,-0.3154154717299034,-0.13163571746976174,-0.13675718549128346,-0.3335765838655395,-0.4593632606362476,-0.34068306666699133,-0.5152463741770019,-0.1645442523763798,-0.21961894763933215,-0.13671085162625646,-0.1948927633466027,32.0,-1,Noise
-0.19009891610263419,-0.29316636101345933,-0.133001918867994,-0.14183289224151208,0.3232271166247773,1.5124770737378856,0.42694933907615146,1.9578577338339178,-0.16467449031285658,-0.21728212723875726,-0.14293370600515426,-0.21981855433494044,32.3,-1,Noise
-0.14168245296805942,-0.14330810918036754,-0.12940182533840094,-0.1376359516057697,-0.35641552353486067,-0.4603736835593191,-0.3461983876749434,-0.5136990136634862,-0.13966427649412783,-0.1752222557166378,-0.11180446453073051,-0.13451475170951363,32.8,-1,Noise
-0.19062446135892946,-0.31128774940925663,-0.13286553387471092,-0.1419081736878931,0.7720245601267605,1.3607452314566408,1.3563310681979603,2.293634965266832,-0.15685115409388456,-0.21147627234017896,-0.14619258355696096,-0.22980331523066716,34.0,-1,Noise
-0.19217522413058227,-0.30349712361771086,-0.13078801419254535,-0.13481000192623568,-0.34106677375709105,-0.4600368759182953,-0.3454964377284767,-0.5152463741770019,-0.15225545369194646,-0.1968559424733851,-0.13158826137256674,-0.18951670085708616,37.1,-1,Noise
-0.1934074256238038,-0.33083305470392893,-0.12912787961913405,-0.13544410333998358,-0.3185962040824364,-0.4327554569953634,-0.34268863794261023,-0.5152463741770019,-0.14113653142821347,-0.1875260350004578,-0.13675875428204784,-0.20741885352998501,37.1,-1,Noise
-0.10599388740979265,-0.1032420336809891,-0.12308696500285413,-0.12603826570272306,-0.33885655378909224,-0.45178508871321094,-0.3461983876749434,-0.5152463741770019,-0.12067332034821844,-0.13740167176136056,-0.08892495855837693,-0.08012669382858616,37.5,-1,Noise
-0.15068302188048863,-0.17864416187773602,-0.12169372175250541,-0.11882427633124866,-0.2899861344966738,-0.4027795769442407,-0.3461983876749434,-0.5152463741770019,-0.13297004655921993,-0.1608480593492849,-0.11684172817879186,-0.1056031813943555,38.1,-1,Noise
-0.1952055989314972,-0.3271472376277606,-0.13191083892172936,-0.1385465675629556,-0.3333310038690952,-0.4568372033285687,-0.3325605030007347,-0.5149650359018173,-0.15096892938031467,-0.17013453149878144,-0.12128320254544804,-0.13404530544678506,38.1,-1,Noise
-0.19502772207552033,-0.31581482313602466,-0.13330878510288094,-0.14245975505464642,-0.3306296239082077,-0.44184926330300733,-0.33095604598023953,-0.5115889765996011,-0.1679021261298905,-0.23846408663182464,-0.13862097002593737,-0.18943545054238312,38.1,-1,Noise
-0.19310826909329729,-0.3158377367412939,-0.133697952626818,-0.14433310489343587,-0.33885655378909224,-0.46643622109774846,-0.3306552102888967,-0.5032894974816531,-0.16485569092012867,-0.231760568382344,-0.14434384043501275,-0.2243053772690961,39.3,-1,Noise
-0.19175155380089193,-0.30767394652107743,-0.13362035426857075,-0.1421238839861772,-0.34106677375709105,-0.46980429750798697,-0.34168585230480075,-0.5152463741770019,-0.16775263562889103,-0.23617938861936666,-0.12791023558258552,-0.1242546425250711,39.3,-1,Noise
-0.1945345180657663,-0.31131393638670724,-0.13362153000127144,-0.14292881637440513,-0.33222589388509577,-0.4504378581491155,-0.3314574387991443,-0.5132770062507092,-0.16229849735000146,-0.20650437565147128,-0.14500399891013757,-0.22631857951118206,39.7,-1,Noise
-0.19597693766150592,-0.32934694373360884,-0.1335227684544113,-0.14253069334065932,-0.33971608377664736,-0.4506062619696275,-0.3315577173629252,-0.5138396828010785,-0.1662158279784647,-0.23023164499758123,-0.11640910731867604,0.013735475278892123,39.7,-1,Noise
-0.19514738468772294,-0.3236840098599222,-0.13358508228754926,-0.14253503650102745,-0.3309979939028742,-0.4536375307388421,-0.33185855305426804,-0.509478939535716,-0.16868581875634225,-0.24014069011625197,-0.1456117638554906,-0.22794809971161487,41.5,-1,Noise
-0.19310018378166197,-0.32002110638902315,-0.13343223703645612,-0.14119589538751876,-0.34180351374642404,-0.46980429750798697,-0.3224323680588591,-0.493301988712597,-0.16651254397287274,-0.2366890297476209,-0.14476897650516116,-0.22716719390919138,41.5,-1,Noise
-0.14906595955342625,-0.17377665744411053,-0.11814418472904314,-0.1116522708433329,-0.3166315641108819,-0.44033362891840006,-0.3461983876749434,-0.5135583445258939,-0.13524751169187088,-0.1689617777661509,-0.12063801365025802,-0.1413262364254502,41.9,-1,Noise
-0.1951409164384147,-0.32915708814709216,-0.133697952626818,-0.144347582094663,-0.3307524139064299,-0.43561832194406613,-0.3260423963549732,-0.5014607986929527,-0.16916373535802237,-0.23926619227117935,-0.11892998457969695,-0.06498705185559,43.1,-1,Noise
0.08604034924050047,0.46706778135415844,-0.03597928067219088,0.03748316987773147,-0.34450489370731147,-0.44336489768761467,-0.3461983876749434,-0.5152463741770019,0.02189758246104458,0.18262979127648046,0.0006021111997085055,0.14931968098637147,44.0,-1,Noise
-0.18487903891087681,-0.3021812280008195,-0.13107724443692156,-0.13529354044722153,1.0196919865408507,2.481641060784016,1.4728547593114196,3.397043680541143,-0.15994402195925986,-0.20904389422805641,-0.14519710649129652,-0.22787136330328422,44.1,-1,Noise
-0.1950244879508662,-0.3406106174095371,-0.13287964266711952,-0.14171997007194054,-0.3287877739348754,-0.4474065893799009,-0.32804796763059213,-0.5023048135185068,-0.1645419873687889,-0.23279432907999606,-0.10831655240592131,0.02200495175311066,44.1,-1,Noise
-0.19107723881050692,-0.31281968759011525,-0.12850356555505374,-0.13246179988719664,-0.35641552353486067,-0.46980429750798697,-0.3328613386920775,-0.508634924710162,-0.16476169310510627,-0.234465141187966,-0.14150111720539357,-0.22087480842607968,44.3,-1,Noise
-0.08678318696429156,-0.02561073902876207,-0.12667765267084147,-0.13039590327208647,-0.32473570399354423,-0.447238185559389,-0.3461983876749434,-0.5152463741770019,-0.09711837390664356,-0.07537602990223502,-0.03940558813404716,-0.003873273479801383,44.6,-1,Noise
-0.19675636170315,-0.34337334353057264,-0.1336238814666729,-0.141798146958567,-0.3389793437873144,-0.46391016379006955,-0.3321593887456109,-0.5087755938477543,-0.1680074489828674,-0.23890423124258967,-0.14217025742847927,-0.21427096340327306,45.1,-1,Noise
-0.18726905703027502,-0.3073400625585826,-0.13358743375295068,-0.1427449559188207,-0.3361551738282048,-0.43780757161072115,-0.32925131039596345,-0.4996320999042523,-0.16307765996127138,-0.23408001465354658,-0.1457479870328973,-0.22840851816159866,45.3,-1,Noise
-0.18863870882129685,-0.31161835999957016,-0.13337932906492392,-0.14190383052752498,0.42993162507983157,0.9597757348177468,0.5026596547307658,1.0871157721373368,-0.16453405984222072,-0.23313022891452728,-0.14516716733142693,-0.22870643598217638,46.4,-1,Noise
-0.18542884010207802,-0.31994909220103407,-0.13274443340653716,-0.1416664044274002,2.5831770339035733,3.418639918112368,3.0953619212871284,4.153984309925521,-0.1394796783754694,-0.17720290646508047,-0.12920510424694603,-0.17068919737784732,46.5,-1,Noise
-0.16755059901407632,-0.21654981173744206,-0.12899854902205526,-0.1356960066413355,0.8772555886031488,1.2176019840215044,0.8725872765186761,1.15224558284259,-0.15912069169996737,-0.22606764532468568,-0.14499202324618973,-0.22464843415339775,46.9,-1,Noise
-0.18992750749596557,-0.30999149402545323,-0.13076567527123176,-0.13695262770784958,0.2505354376772605,1.1175701146374208,0.7962752894813762,2.7702220034296783,-0.1636654294311102,-0.21800315360770786,-0.14357889490034428,-0.2253435757347458,51.4,-1,Noise
-0.1934591716182698,-0.3170848915423775,-0.1329008058557324,-0.1407948769135275,-0.23473063529670327,0.19623281261667758,-0.1300980827270044,0.7133578735544909,-0.16940835617783967,-0.23843802543776618,-0.1462344983807784,-0.2324123531139086,51.4,-1,Noise
-0.12028225013171585,-0.11674142055676007,-0.13133355416567769,-0.14072538634763732,-0.29624842440600385,-0.4367971486876496,-0.3461983876749434,-0.5152463741770019,-0.1271761571416952,-0.1444208200277714,-0.11069072778358113,-0.07454750555231208,51.4,-1,Noise
-0.18898961134626938,-0.3139981015753911,-0.13311478920726275,-0.1401245824967118,-0.33185752389042933,-0.45532156894396136,-0.320827911038364,-0.49302065043741233,-0.16414221352899486,-0.23946309907073213,-0.1437300876576858,-0.22631857951118206,52.5,-1,Noise
-0.19650086585547416,-0.33796573268702906,-0.133697952626818,-0.144347582094663,-0.3281738239437646,-0.4341026875594588,-0.33095604598023953,-0.5037115048944301,-0.16847290804279755,-0.24000169708127353,-0.11641060427666952,-0.07750862813259994,52.5,-1,Noise
-0.19481265278602103,-0.32178218062257424,-0.133697952626818,-0.144347582094663,-0.3377514438050928,-0.46710983637979614,-0.32774713193924926,-0.5006167838673986,-0.1675091473128692,-0.23808764716209138,-0.14304897177065223,-0.21424387996503874,53.8,-1,Noise
-0.19567292994401822,-0.3364403412505331,-0.13356979776243993,-0.14243803925280574,-0.3359095938317605,-0.44117564802095965,-0.32744629624790644,-0.501179460417768,-0.16533587252939969,-0.23137833753615328,-0.144285459073267,-0.2244498222730126,54.4,-1,Noise
-0.19425800040783864,-0.3272552589097442,-0.1329513623618632,-0.1413334287991764,-0.31552645412688246,-0.4229880354056717,-0.320727632474583,-0.4851431787322413,-0.15798592289692595,-0.2215127277409133,-0.1440728910381928,-0.22452204477497084,54.4,-1,Noise
-0.19489674002702825,-0.3262994342327983,-0.13341342531324468,-0.1427579853999251,-0.3251040739882107,-0.42383005450823136,-0.3366719241157535,-0.5152463741770019,-0.16964618197488426,-0.23831930222038877,-0.14350704091665722,-0.21913695447270953,54.4,-1,Noise
-0.189887080937789,-0.3005314484214333,-0.13335934160901172,-0.1425871544254451,-0.35113555361130794,-0.46980429750798697,-0.33857721682759145,-0.5152463741770019,-0.16687834269880325,-0.2387768209605261,-0.11935661760783885,-0.1365234400452272,55.1,-1,Noise
-0.14005083708005348,-0.15673548186814942,-0.13045293037284125,-0.13687879398159128,-0.35641552353486067,-0.46963589368747505,-0.3461983876749434,-0.5135583445258939,-0.12954988509695944,-0.15404898338825657,-0.09958629338794395,-0.11602579120820407,55.5,-1,Noise
-0.19512959700212526,-0.3227838325100587,-0.133697952626818,-0.14411160371466092,-0.3456100036913109,-0.46980429750798697,-0.33637108842441066,-0.5152463741770019,-0.16680019993691717,-0.22798459093209655,-0.13826020314950863,-0.19169691763495053,56.1,-1,Noise
-0.19493069833589657,-0.3165022312941022,-0.13302660925470905,-0.13931820238836115,-0.33468169384953894,-0.4541427422003779,-0.34098390235833415,-0.5152463741770019,-0.16819657711670763,-0.23743032593417254,-0.1422436083701598,-0.21211331615727064,56.1,-1,Noise
-0.19220756537712352,-0.3108327506760529,-0.13257865509573616,-0.13908656716872722,-0.35641552353486067,-0.46980429750798697,-0.3315577173629252,-0.5138396828010785,-0.1614898896400498,-0.20893964945182258,-0.12964670685502272,-0.1735103888605911,56.5,-1,Noise
-0.19505359507275333,-0.3164989579219209,-0.1327844083183615,-0.13903010608394145,-0.3384881837944258,-0.4666046249182604,-0.33727359549843916,-0.5152463741770019,-0.15453291882459738,-0.1641694137476237,-0.13341754404059972,-0.15792387015672832,56.5,-1,Noise
-0.19290451924008742,-0.3066101005621478,-0.133697952626818,-0.14390313201699037,-0.3548192535579726,-0.46980429750798697,-0.32513988928094467,-0.49133262078630424,-0.16609238506476062,-0.23608093521959025,-0.13244452134483747,-0.18420834696315547,56.5,-1,Noise
-0.19472048023337846,-0.3206004932651171,-0.1330383665817162,-0.14182131048053037,-0.3448732637019779,-0.46980429750798697,-0.32684462486522076,-0.4927393121622276,-0.16750121978630103,-0.23977004202297617,-0.13811948909812147,-0.19292470016824062,56.5,-1,Noise
-0.19594297935263763,-0.33218823078699616,-0.133088923087847,-0.14087450152027667,-0.3451188436984223,-0.46980429750798697,-0.333763845766106,-0.5152463741770019,-0.16918865044152226,-0.2402796831512304,-0.12289542630442638,-0.1118910529710948,56.5,-1,Noise
-0.19486601584281407,-0.31234177525164225,-0.13207191430172746,-0.1353746127740934,-0.32780545394909816,-0.4231564392261836,-0.3243376607706971,-0.49316131957500464,-0.1683392725949344,-0.23518906324514532,-0.14290376684528464,-0.21469527060227775,58.0,-1,Noise
-0.18380207540105326,-0.3111044405671026,-0.11274169296925211,-0.11983333725677899,-0.279917354642457,-0.42568249653386253,-0.3349671885314774,-0.508634924710162,-0.15380924889930453,-0.22553194300237298,-0.1371793994782158,-0.22148418578635234,58.0,-1,Noise
-0.19366453853380672,-0.29935958118052014,-0.13300074313529328,-0.13939348383474218,-0.3382426037979815,-0.4623945294054622,-0.32834880332193495,-0.49850674680351353,-0.16385682257254133,-0.22287659689663916,-0.14368817283386834,-0.22013001387463532,58.7,-1,Noise
-0.18768787617298416,-0.31607014616616774,-0.133697952626818,-0.14245106873391014,-0.3157720341233268,-0.44336489768761467,-0.33596997416928687,-0.5001947764546216,-0.16079113479825685,-0.2360346042079308,-0.14348159263076807,-0.22569114652541986,59.2,-1,Noise
-0.18447477332911122,-0.3134612685376543,-0.13146053329735505,-0.13828742566099014,-0.2996865443562242,-0.42568249653386253,-0.3148111972115072,-0.4959747023268514,-0.16541175028369487,-0.23995536606961407,-0.14367020933794658,-0.22302794176570973,60.6,-1,Noise
-0.1951926624328807,-0.32437141801799974,-0.13346398181937547,-0.14297948657870005,-0.33406774385842813,-0.45784762625164027,-0.33185855305426804,-0.5117296457371935,-0.16651933899564544,-0.23338215379042568,-0.14410582411404937,-0.22166022813487554,60.6,-1,Noise
-0.18450388045099833,-0.298452857086294,-0.13170861289720617,-0.1379356296711711,-0.33185752389042933,-0.42921897676461296,-0.33637108842441066,-0.5084942555725697,-0.1643607867615168,-0.23389179491867995,-0.14315675274618284,-0.22475225399996274,60.6,-1,Noise
-0.19469137311149134,-0.31718309270781714,-0.133697952626818,-0.144347582094663,-0.3389793437873144,-0.46929908604645115,-0.33637108842441066,-0.5129956679755245,-0.16004821230844132,-0.20578624497074938,-0.1413993240618369,-0.20847962152749666,60.6,-1,Noise
-0.19513283112677937,-0.3268722743645296,-0.133010148996899,-0.14018249130162028,-0.33934771378198086,-0.46407856761058147,-0.3355688599141631,-0.5152463741770019,-0.1677673581782319,-0.2377575387040176,-0.1393440007367884,-0.20208793010419238,60.6,-1,Noise
-0.19309533259468079,-0.3144694671695014,-0.1317485878090305,-0.1367282310888292,-0.3329626338744287,-0.4581844338926641,-0.3293515889597444,-0.5048368579951689,-0.1674445945965285,-0.2360374998961595,-0.11229396979459857,-0.08139961542560015,61.0,-1,Noise
-0.1942256591612974,-0.3311767587829677,-0.1319225962487365,-0.13790377982847143,-0.3041069842922219,-0.4199567666364571,-0.32714546055656357,-0.49639670973962846,-0.16709578342752976,-0.23579426208494725,-0.13383220140479377,-0.20102264820030832,61.0,-1,Noise
-0.1965639312862296,-0.33862695386765607,-0.133697952626818,-0.14398709978410767,-0.33468169384953894,-0.46071049120034296,-0.3339644028936679,-0.5152463741770019,-0.1673256816980062,-0.23679327452385474,-0.14385882604512512,-0.2212810599995948,61.0,-1,Noise
-0.16799529115401848,-0.26133936329446783,-0.1267235062461694,-0.12909150744152287,-0.34118956375531323,-0.4341026875594588,-0.3461983876749434,-0.5152463741770019,-0.12791001960114712,-0.14850663611849158,-0.11492562194713703,-0.10822124709034171,61.2,-1,Noise
-0.1053470624789677,-0.07026935569853494,-0.1284494818508208,-0.13340571340720495,-0.3382426037979815,-0.41911474753389744,-0.3461983876749434,-0.5152463741770019,-0.11443322443528621,-0.10949881998944022,-0.07673972049144694,-0.07071971294852533,61.8,-1,Noise
-0.18782532647078448,-0.29217452924251885,-0.12965578360175564,-0.13742313674773102,-0.3258408139775436,-0.4416808594824954,-0.33205911018182993,-0.502445482656099,-0.16067675191491634,-0.2288069663890523,-0.14471059514341542,-0.22841303206797103,62.2,-1,Noise
-0.19655261184994013,-0.33599516263387336,-0.1334945508695941,-0.14113219570211943,-0.337874233803315,-0.45313231927730635,-0.3295521460873063,-0.5048368579951689,-0.16714221608314322,-0.23022585362112377,-0.14437527655287583,-0.22333940130540464,62.7,-1,Noise
-0.19505359507275333,-0.318269852272016,-0.1333569901436103,-0.1416562703865412,-0.3456100036913109,-0.46980429750798697,-0.32864963901327776,-0.4986474159411059,-0.164688080358402,-0.22215846621591726,-0.14476298867318724,-0.2259439252822737,62.7,-1,Noise
-0.19392650263079084,-0.30606672078004843,-0.133697952626818,-0.14325310568189265,-0.34413652371264497,-0.46828866312337963,-0.33015381746999195,-0.5014607986929527,-0.16531095744589977,-0.22406382907041328,-0.1443079134431692,-0.22415641835880723,62.7,-1,Noise
-0.1954206682209965,-0.3262568803944411,-0.13355568897003134,-0.1430677975061855,-0.33676912381931556,-0.4634049523285338,-0.3355688599141631,-0.5152463741770019,-0.1686756262221832,-0.2358521758495216,-0.12566180467637805,-0.10828895568592756,63.4,-1,Noise
-0.19479324803809628,-0.3213370020059145,-0.1333993165208361,-0.1423135353222525,-0.33861097379264793,-0.4681202593028677,-0.33817610257246766,-0.5141210210762632,-0.1692656606996129,-0.2272751473160608,-0.14140082101983037,-0.21157616129895623,63.4,-1,Noise
-0.19597208647452474,-0.33740925941620437,-0.13319826622901362,-0.1420268867379555,-0.3426630437339791,-0.4667730287387723,-0.33727359549843916,-0.5106042926364548,-0.16715807113627953,-0.2370596778408967,-0.14550398287996,-0.2303675535272159,64.6,-1,Noise
-0.1531474248669317,-0.19036283428686793,-0.12829193366892483,-0.13643434390391865,-0.33394495386020595,-0.4408388403799358,-0.3461983876749434,-0.5152463741770019,-0.13191568552565552,-0.1557226911844552,-0.12081315773549521,-0.12100462993695027,64.8,-1,Noise
-0.19247438066108882,-0.3193206047422203,-0.132923144777046,-0.14066747754272885,-0.32031526405754657,-0.4275349385594937,-0.3200256825281164,-0.4942866726757434,-0.16689646275953046,-0.23672377800636552,-0.10608309107964864,-0.14052727499753714,65.5,-1,Noise
-0.19601089597037424,-0.32991978386534015,-0.1327479606046393,-0.1394788993219822,-0.3382426037979815,-0.46306814468750995,-0.3249393321533828,-0.49738139370277484,-0.16919544546429496,-0.2385914969138882,-0.12317236353322024,-0.07701661233800942,65.9,-1,Noise
-0.19090906432849244,-0.31143505115741615,-0.133697952626818,-0.14417530340006027,-0.33480448384776107,-0.44555414735426974,-0.3365716455519725,-0.5152463741770019,-0.16314674269279386,-0.23575372244974518,-0.14491268447253527,-0.22851685191453602,66.3,-1,Noise
-0.19550637252433078,-0.3237101968373728,-0.13356274336623564,-0.1432979850056967,-0.33443611385309463,-0.45447954984140176,-0.335669138477944,-0.5141210210762632,-0.1685680383616154,-0.23887237867207378,-0.1385206738403742,-0.17795658663739528,66.3,-1,Noise
-0.1187153167367924,-0.08779826372951301,-0.12731489979462965,-0.12900464423416014,-0.31503529413399384,-0.4396600136363523,-0.3461983876749434,-0.5152463741770019,-0.11413764094467363,-0.11302576825201795,-0.10711000426317614,-0.06016168594350506,66.5,-1,Noise
-0.1793551540016317,-0.3027213344107376,-0.12943827305212313,-0.13786758682540362,-0.35641552353486067,-0.45313231927730635,-0.3461983876749434,-0.5138396828010785,-0.15783982990731285,-0.2340163095125148,-0.13745034887503577,-0.21989980464964345,67.9,-1,Noise
-0.1958411044260327,-0.33531757459233974,-0.12799094609754147,-0.1223002523458804,-0.34082119376064673,-0.46508899053365305,-0.3355688599141631,-0.5149650359018173,-0.1601172950399638,-0.2041646595626677,-0.13075744968618513,-0.17064405831412344,68.0,-1,Noise
-0.19650409998012827,-0.3402309062365037,-0.12973690915810507,-0.12673317136162487,-0.3454872136930887,-0.46980429750798697,-0.333763845766106,-0.5120109840123781,-0.16508785419819602,-0.22107258313014824,-0.14064785114910977,-0.2076987157250732,68.0,-1,Noise
-0.19553871377087204,-0.32770698427076667,-0.13253985591661252,-0.13542962613875645,-0.32043805405576875,-0.4169254978672424,-0.3350674670952583,-0.5134176753883015,-0.1686620361766378,-0.238542270214,-0.1267994927514231,-0.13418975045070156,68.4,-1,Noise
-0.19184210929120743,-0.311179728127273,-0.133697952626818,-0.14299975466041803,-0.12237778692342978,0.6359351879733145,-0.01176937746548795,1.1173596367196899,-0.1694094886816351,-0.23652976689504143,-0.1456701452172363,-0.2312883904271835,70.2,-1,Noise
-0.12891089470892073,-0.15394329539748194,-0.12573471504486705,-0.13117043353773744,-0.3443821037090893,-0.45784762625164027,-0.3461983876749434,-0.5152463741770019,-0.12447400308575031,-0.14094020277685315,-0.11327747119631516,-0.07801418564630763,70.2,-1,Noise
-0.1871413091064371,-0.31610287988798097,-0.133697952626818,-0.14164758406580494,-0.33713749381398206,-0.45313231927730635,-0.3347666314039155,-0.500757453004991,-0.15827018134958404,-0.2288764629065415,-0.14306992918256098,-0.22484253212741054,70.7,-1,Noise
-0.19588153098420927,-0.3351702728441803,-0.133697952626818,-0.14434613437454027,-0.3350500638442054,-0.45734241479010446,-0.3355688599141631,-0.507368902471831,-0.1662645256416691,-0.2345201592643116,-0.1440489397102971,-0.22221092471230713,70.7,-1,Noise
-0.19432106583859407,-0.3224073947092067,-0.13335346294550815,-0.14192844176961109,-0.3502760236237528,-0.4686254707644035,-0.33617053129684876,-0.5152463741770019,-0.1670187731694391,-0.23508192278068277,-0.12697014596267986,-0.16511000910157325,70.7,-1,Noise
-0.13406932353224973,-0.11396232757481789,-0.12762529322761873,-0.13163370397700533,-0.32547244398287717,-0.4374707639696973,-0.33807582400868674,-0.5152463741770019,-0.13015577462752545,-0.14517949034369534,-0.12136403827709598,-0.12380776579420448,72.0,-1,Noise
-0.19236442042284857,-0.31543183859081003,-0.133697952626818,-0.14319664459710688,-0.34192630374464617,-0.46744664402082,-0.3461983876749434,-0.5152463741770019,-0.1520210254062882,-0.18454926750133638,-0.13181879290356271,-0.19459484552602493,72.7,-1,Noise
-0.19445043082475905,-0.3158606503465632,-0.1336238814666729,-0.14335299837035978,-0.33210310388687364,-0.4440385129696624,-0.3344657957125727,-0.5121516531499705,-0.16312182760929397,-0.2091597217572051,-0.1415220746173023,-0.21042511517399676,72.7,-1,Noise
-0.1963310743111326,-0.33447631794174004,-0.13351453832550628,-0.14349053178201743,-0.32891056393309753,-0.44033362891840006,-0.3322596673093918,-0.5132770062507092,-0.1679202461906177,-0.23691199774123214,-0.14125112522048236,-0.2052070394075139,72.7,-1,Noise
-0.1952217695547678,-0.33474473446060843,-0.13258453375923973,-0.1396453871360941,-0.32952451392420834,-0.4502694543286036,-0.3347666314039155,-0.5152463741770019,-0.16908672509993172,-0.23972371101131668,-0.13672881512217824,-0.19538477914119318,72.7,-1,Noise
-0.19521691836778662,-0.3254941846761931,-0.133697952626818,-0.144347582094663,-0.34118956375531323,-0.456163588046521,-0.33205911018182993,-0.5082129172973849,-0.16793496873995858,-0.23415530254749323,-0.14088287355408619,-0.20421398000558807,72.7,-1,Noise
-0.1938505007014189,-0.3185677291405163,-0.13323588967543654,-0.14239171220887895,-0.32952451392420834,-0.43107141879024413,-0.3397805595929628,-0.5152463741770019,-0.1679847989069584,-0.23959630072925311,-0.1417795513921809,-0.2152053420223578,73.0,-1,Noise
-0.19540288053539878,-0.33134697413639647,-0.13349219940419266,-0.1419429189708382,-0.323753384007767,-0.42837695766205336,-0.3308557674164586,-0.5097602778109007,-0.16597686967762468,-0.23180110801754603,-0.14408935757612107,-0.22220189689956235,73.0,-1,Noise
-0.19571497356452183,-0.33272506382473294,-0.13362035426857075,-0.14294184585550954,-0.3359095938317605,-0.45751081861061643,-0.3198251254005545,-0.47909440581577073,-0.16953066658774832,-0.23657899359492965,-0.12520223857237958,-0.06141655191502949,73.5,-1,Noise
-0.19615643157980986,-0.3360246229835053,-0.133697952626818,-0.1431039905092533,-0.33627796382642694,-0.46104729884136686,-0.3327610601282966,-0.5041335123072072,-0.16770167295809577,-0.23777491283338992,-0.11784469003442369,-0.10832506693690667,73.8,-1,Noise
-0.19498406139268964,-0.3162992822188603,-0.133697952626818,-0.14130302667659944,-0.33627796382642694,-0.4603736835593191,-0.3336635672023251,-0.5152463741770019,-0.16611050512548783,-0.22611687202457387,-0.12703451515639952,-0.11095216044563767,73.8,-1,Noise
-0.19639899092886923,-0.33739289255529775,-0.13357097349514066,-0.14311122910986687,-0.33971608377664736,-0.46980429750798697,-0.33917888821027714,-0.5152463741770019,-0.16714901110591593,-0.23365724417215383,-0.11362626240879609,-0.040115427743720934,73.8,-1,Noise
-0.19674180814220643,-0.3398937489018276,-0.133697952626818,-0.144347582094663,-0.32522686398643286,-0.43443949520048264,-0.3343655171487917,-0.5110263000492318,-0.16819431210911673,-0.23980768596994947,-0.12184306483500969,-0.0983538477602971,73.8,-1,Noise
-0.18999704117602925,-0.3096150562246012,-0.1334945508695941,-0.14218468823133112,-0.34622395368242165,-0.45431114602088984,-0.3457972734198196,-0.5151057050394096,-0.15997346705794158,-0.2324642206219223,-0.14355194965646165,-0.2276095567336856,74.0,-1,Noise
-0.19152031388812202,-0.3070225454569944,-0.133697952626818,-0.14245106873391014,-0.33885655378909224,-0.4634049523285338,-0.3336635672023251,-0.5136990136634862,-0.15741400848022347,-0.20687502374474712,-0.13215111757811535,-0.1785795057167851,74.1,-1,Noise
-0.19293039223732042,-0.32599501061993535,-0.13112309801224947,-0.13876951646185326,-0.33443611385309463,-0.43595512958509,-0.3428891950701721,-0.5136990136634862,-0.14051478684451116,-0.18304640531063207,-0.11805276719551747,-0.1541367027102931,75.8,-1,Noise
-0.19208951982724798,-0.3045740630653657,-0.13318533316930573,-0.14017525270100673,-0.3389793437873144,-0.4625629332259742,-0.3254407249722875,-0.4969593862899978,-0.1659462920751475,-0.2386117667314892,-0.14434384043501275,-0.22593038356315653,77.5,-1,Noise
-0.19494363483451307,-0.3373470653447592,-0.133697952626818,-0.14291578689330073,-0.35641552353486067,-0.46306814468750995,-0.32012596109189734,-0.4934426578501893,-0.16488513601881039,-0.23574793107328776,-0.1443303678130714,-0.2283814347233643,79.1,-1,Noise
-0.19555165026948854,-0.33199510182829817,-0.133697952626818,-0.14408988791282024,-0.3328398438762066,-0.4474065893799009,-0.31531259003041195,-0.4741709860000388,-0.1646495752293567,-0.22355708363038773,-0.14408486670214063,-0.22293314973188955,80.4,-1,Noise
-0.1956098645132628,-0.3240440807998676,-0.13338403199572677,-0.14264651095047629,-0.3499076536290864,-0.46980429750798697,-0.3314574387991443,-0.5097602778109007,-0.16873111890816028,-0.23348060719020208,-0.10456068480027912,0.10715979546824858,80.4,-1,Noise
-0.1912243914822696,-0.3226005236679047,-0.13337345040142032,-0.1416084956224917,-0.35641552353486067,-0.4677834516618439,-0.31701732561468804,-0.48697187752094173,-0.16069713698323446,-0.22450976505763576,-0.14476747954716768,-0.2287380333267831,81.5,-1,Noise
-0.19564382282213108,-0.3255531053754569,-0.133697952626818,-0.144347582094663,-0.3359095938317605,-0.44538574353375776,-0.3302540960337729,-0.5039928431696148,-0.16841062033404777,-0.238009463579916,-0.14464173507571532,-0.22361926350049283,81.9,-1,Noise
0.629433122439562,1.6886215386076342,-0.10512294506861102,-0.09919898234776342,-0.0930309773483343,-0.1904223592787029,-0.3461983876749434,-0.5049775271327611,0.9751996398384319,2.120424353934128,0.41495858683707415,1.2802789225886935,81.9,-1,Noise
-0.1531474248669317,-0.1788994849078791,-0.11826175799911476,-0.1079779571718896,-0.3406984037624246,-0.43915480217481656,-0.3461983876749434,-0.5152463741770019,-0.12273900727112015,-0.13390657606929873,-0.10648427582190137,-0.08057357055945277,82.2,-1,Noise
-0.1923417815502697,-0.3281816232370583,-0.133697952626818,-0.14266243587182612,-0.31061485419799617,-0.4309030149697322,-0.3252401678447256,-0.501601467830545,-0.1443890823287473,-0.21820006040726064,-0.11166375047934335,-0.18010520607065295,83.9,-1,Noise
-0.1912421791678673,-0.2954839085178352,-0.13019074198058153,-0.13210421301688677,-0.32743708395443166,-0.44572255117478166,-0.3325605030007347,-0.49386466526296635,-0.16759974761650523,-0.23706836490558286,-0.127188701829728,-0.1514193310741143,83.9,-1,Noise
-0.18817946312041114,-0.29527441269823057,-0.12228393956826494,-0.12641901609499634,-0.3188417840788807,-0.44993264668757976,-0.3421872451237055,-0.5000541073170293,-0.15907539154814934,-0.23059939740262833,-0.0954007988381729,-0.0960878667613573,83.9,-1,Noise
-0.19310503496864315,-0.317893414471164,-0.13021660809999727,-0.13385016348487755,-0.3361551738282048,-0.4401652250978881,-0.3308557674164586,-0.509478939535716,-0.16556463829608067,-0.23936464567095572,-0.1388874285487769,-0.20713899133489683,83.9,-1,Noise
-0.1886322405719886,-0.3110258796347509,-0.133697952626818,-0.14240184624973792,-0.3406984037624246,-0.4492590314055321,-0.3202262396556783,-0.4872532157961264,-0.16359068418061046,-0.24000169708127353,-0.13831858451125437,-0.21477652091698077,83.9,-1,Noise
-0.19176449029950843,-0.31835495994873036,-0.13201312766669165,-0.13977423422701546,-0.35334577357930674,-0.46980429750798697,-0.3461983876749434,-0.5152463741770019,-0.16168694530045818,-0.21211042806226807,-0.06932977842371923,-0.0009256926186306936,84.5,-1,Noise
-0.12128321171216747,-0.11469883631561528,-0.128224916904984,-0.13266737614462176,-0.34671511367531027,-0.45380593455935403,-0.3461983876749434,-0.5135583445258939,-0.12547740144851946,-0.14420364341061762,-0.10324336176601642,-0.1142924511612063,85.9,-1,Noise
-0.19511666050350876,-0.3228754869311357,-0.13288904852872524,-0.14035621771634574,-0.33173473389220715,-0.44976424286706784,-0.33015381746999195,-0.49147328992389655,-0.16531435495728614,-0.22467481928667263,-0.10525976418323445,-0.03891924255503758,86.5,-1,Noise
-0.1292860531687992,-0.09714046793500533,-0.12108704367893584,-0.1176689956733244,-0.30558046427088775,-0.41456784438007543,-0.3461983876749434,-0.5152463741770019,-0.13308442944256044,-0.1592467437588042,-0.12385497637824727,-0.10151809612734251,87.4,-1,Noise
-0.18650580361190155,-0.3141355832070066,-0.13243168850814663,-0.1415824366602829,-0.30594883426555425,-0.4285453614825653,-0.30769141918306003,-0.48429916390668726,-0.16366203191972384,-0.23810791697969239,-0.13929460112300354,-0.22194009032996373,87.9,-1,Noise
-0.19296596760851578,-0.2960403817886599,-0.133697952626818,-0.14298962061955905,-0.33001567391709696,-0.4437017053286385,-0.33637108842441066,-0.5139803519386709,-0.16622828552021468,-0.22854925013669644,-0.13933352203083402,-0.19632367166665032,89.1,-1,Noise
-0.19531555916973742,-0.3289344988387623,-0.1329513623618632,-0.14091938084408073,-0.3421718837410905,-0.46946748986696313,-0.3327610601282966,-0.5131363371131169,-0.16784436843632253,-0.23792259293305448,-0.1408664070161579,-0.20286432200024346,89.1,-1,Noise
-0.19277353719159535,-0.2966459556422044,-0.12989680880540247,-0.12986314226692844,-0.3359095938317605,-0.4527955116362825,-0.32714546055656357,-0.5035708357568378,-0.1650719991450597,-0.22881565345373844,-0.14328399417562865,-0.21877132805654592,89.1,-1,Noise
-0.18706045599008397,-0.3084366422393254,-0.1326527262558813,-0.1421484952282633,0.2579028375705899,0.4734255011793066,0.4756847210736913,0.8270185367291011,-0.16280472654656783,-0.2283089080137129,-0.14410732107204285,-0.2267519145229315,90.5,-1,Noise
-0.19135052234378047,-0.3241684689427578,-0.13308069295894198,-0.141777878876849,-0.3558015735437499,-0.46980429750798697,-0.3350674670952583,-0.5096196086733084,-0.15851480216940134,-0.22852318894263798,-0.14473754038729808,-0.22786684939691185,90.9,-1,Noise
-0.19623566763383593,-0.33712120266424805,-0.13330055497397592,-0.141777878876849,-0.3382426037979815,-0.46407856761058147,-0.3339644028936679,-0.5152463741770019,-0.1679870639145493,-0.23997274019898637,-0.14600546380777593,-0.2302908171188853,91.4,-1,Noise
-0.19639252267956098,-0.3381719551344523,-0.1335592161681335,-0.14315755615379364,-0.3270687139597652,-0.4277033423800056,-0.3343655171487917,-0.5136990136634862,-0.16757823004439168,-0.23529620370960785,-0.1439202013228578,-0.22176404798144053,91.6,-1,Noise
0.009509640487619138,0.24408566836251966,-0.11835464088247134,-0.11495886360360734,-0.35641552353486067,-0.42804015002102946,-0.3461983876749434,-0.5152463741770019,-0.006641513184307935,0.08298336794985917,-0.07521581725408394,-0.004446539589094917,91.8,-1,Noise
-0.19525087667665492,-0.32206369063016793,-0.12876810541271488,-0.11944679598401486,-0.3404528237659803,-0.46980429750798697,-0.3347666314039155,-0.5152463741770019,-0.1688930669509097,-0.24022176938665607,-0.14185889016583536,-0.20614141802659863,92.8,-1,Noise
-0.19614511214352043,-0.3326170425427493,-0.133697952626818,-0.14353685882594422,-0.3219115340344346,-0.4273665347389818,-0.3328613386920775,-0.5082129172973849,-0.16541854530646757,-0.21599933735343546,0.0522142288989238,1.0546964516285018,92.9,-1,Noise
-0.19438898245633068,-0.32540907699947874,-0.133697952626818,-0.144347582094663,-0.3313663638975407,-0.438144379251745,-0.333763845766106,-0.5115889765996011,-0.1665204714994409,-0.2396947541290295,-0.14395762527269482,-0.2245401004004604,93.3,-1,Noise
-0.16240995787634502,-0.2082812736074233,-0.11818063244276535,-0.10984985929055634,-0.32215711403087893,-0.4376391677902092,-0.3461983876749434,-0.5152463741770019,-0.13130979599508952,-0.14687057226926628,-0.1300224433113863,-0.12334283343784831,94.4,-1,Noise
-0.19270562057385873,-0.30337928221918325,-0.13272209448522354,-0.13997691504419515,-0.33173473389220715,-0.4526271078157706,-0.3371733169346582,-0.5152463741770019,-0.1669644129872575,-0.23401341382428606,-0.14538871711446202,-0.22733420844496982,95.3,-1,Noise
-0.1849518067155946,-0.3159424846510962,-0.1321165921443547,-0.1412624905131635,-0.32485849399176636,-0.43898639835430464,-0.33947972390161996,-0.500757453004991,-0.16515580442592306,-0.23372384500141433,-0.09291135769501509,-0.031539005636179875,95.3,-1,Noise
-0.12060727965945539,-0.05211523358092442,-0.12038277979120682,-0.11760384826780236,1.6403954275538535,2.419668454835627,1.407072021471119,2.022565537126394,-0.11917728283442834,-0.115238074058758,-0.13946974520824074,-0.20002507489201013,95.6,-1,Noise
-0.1938343300781483,-0.33158593030563294,-0.133697952626818,-0.14214125662764976,0.541547733463772,0.8481240018183402,0.7807321120953294,1.212873981144888,-0.1640980458809723,-0.23276247650948018,-0.1455279342078557,-0.22934741068705577,95.6,-1,Noise
-0.19068590972735783,-0.2939225099873447,-0.13142761278173498,-0.13656608643508544,-0.3395932937784252,-0.42804015002102946,-0.3178195541249356,-0.4726236254865231,-0.16648083386660015,-0.23729422858742283,-0.1460458816735999,-0.23104012557670203,96.0,-1,Noise
-0.091901189229444,-0.04943106839224057,-0.12646719651741326,-0.13124137182375034,-0.2807768846300121,-0.4076632877390865,-0.3461983876749434,-0.5152463741770019,-0.09034939872123594,-0.055763533529132436,-0.0753565313054711,0.0004284792930863154,96.5,-1,Noise
-0.1937049650919833,-0.3008064116846644,-0.13307128709733626,-0.13980463634959242,-0.3370147038157599,-0.4506062619696275,-0.33015381746999195,-0.5056808728207228,-0.1683075624886618,-0.23718129674650285,-0.13422440439908562,-0.16887009310977416,98.3,-1,Noise
-0.18540943535415327,-0.2868291124704204,-0.13146641196085862,-0.1392139665395259,-0.3281738239437646,-0.44757499320041283,-0.3219309752399544,-0.5006167838673986,-0.16015240265762276,-0.2299304934217946,-0.12899103925387834,-0.19051878807175673,98.3,-1,Noise
-0.19387313957399777,-0.31769373876810336,-0.13325822859675013,-0.14061101645794305,-0.35641552353486067,-0.46980429750798697,-0.3235354322604495,-0.48851923803445746,-0.16351480642631527,-0.22833207351954263,-0.14194122285547678,-0.2114091467631778,99.8,-1,Noise
-0.19097374682157492,-0.31599485860599735,-0.13308069295894198,-0.1422802377594301,-0.3532229835810846,-0.46845706694389155,-0.34138501661345794,-0.5106042926364548,-0.16575150142233003,-0.2366716556182486,-0.1449471145063853,-0.22501857447593374,100.1,-1,Noise
0.4421821561527194,1.289833152501566,-0.07736859893550395,-0.0453973594274136,-0.1794751360967327,-0.28624413314998837,-0.3441928163993244,-0.5061028802334999,0.5644529707702868,1.2838716074106018,0.21763108109448875,0.7728165403918615,100.1,-1,Noise
-0.1877331539181419,-0.2985837919735469,-0.12494344693728504,-0.12417939306516072,-0.3039841942939997,-0.4295557844056368,-0.31791983268871654,-0.4935833269877817,-0.15737890086256448,-0.2225493841267941,-0.1424891094810906,-0.22152932485007623,103.3,-1,Noise
-0.19053713999326807,-0.3174613293432295,-0.13280086857617152,-0.1416808816286273,0.10748508974844778,0.4735939049998185,0.17775710808050027,0.5296439798588956,-0.16779906828450453,-0.24033759691580475,-0.14529590571886625,-0.22883282536060331,103.9,-1,Noise
-0.1877169832948713,-0.313926087387402,-0.12418039641452021,-0.1262351556394119,-0.31257949416955066,-0.43999682127737616,-0.3461983876749434,-0.5152463741770019,-0.1329757090781972,-0.16719251225840462,-0.12421424629668255,-0.1913583746570213,104.4,-1,Noise
-0.19372113571525393,-0.3189539870579122,-0.13276559659515005,-0.14153031873586525,-0.33001567391709696,-0.4482486084824605,-0.34359114501663873,-0.5152463741770019,-0.16650574895010004,-0.23951811714707774,-0.13524532975063921,-0.19770944092297404,104.4,-1,Noise
-0.19389739550890372,-0.3071567537164286,-0.13327116165645803,-0.14023460922603792,-0.33676912381931556,-0.44184926330300733,-0.3369727598070963,-0.5152463741770019,-0.16750574980148283,-0.23502690470433715,-0.11955870693695869,-0.06045057595133802,104.4,-1,Noise
-0.19520398186917012,-0.33244028044495794,-0.13328527044886662,-0.14251332069918676,1.2308907834829605,2.6620015525522875,2.201879917998898,4.7419813050615005,-0.1585702948553784,-0.20535768311289923,-0.14582582884855827,-0.23117102886150134,105.1,-1,Noise
-0.19566969581936408,-0.3394616637738931,-0.13270210702931137,-0.1386406693709319,-0.34413652371264497,-0.4615525103029026,-0.3371733169346582,-0.5089162629853466,-0.1564661028034314,-0.2187763023647754,-0.14287382768541504,-0.21745778130218044,105.8,-1,Noise
-0.19433723646186468,-0.3118049422139055,-0.13330643363747952,-0.1421962699923128,-0.34192630374464617,-0.45380593455935403,-0.3365716455519725,-0.5152463741770019,-0.1675046172976874,-0.23861466241971793,-0.12212299597979051,-0.07604160856157319,105.8,-1,Noise
-0.18609345271850067,-0.304017589794541,-0.1332323624773344,-0.14231932620274335,-0.35641552353486067,-0.4657626058157007,-0.32844908188571587,-0.5035708357568378,-0.16042873358371268,-0.22734174814532132,-0.1411328655389974,-0.22085675280059014,106.3,-1,Noise
-0.19533172979300806,-0.32279037925442133,-0.13344634582886472,-0.14290420513231902,-0.3443821037090893,-0.46980429750798697,-0.3241371036431352,-0.494146003538151,-0.16466769529008388,-0.225572482637575,-0.1457255326629951,-0.22907206239834,106.3,-1,Noise
-0.19350606642575463,-0.3169637767716686,-0.133697952626818,-0.14395380222128532,-0.3430314137286456,-0.46104729884136686,-0.3211287467297068,-0.494146003538151,-0.16885342931806893,-0.23999301001658738,-0.1354070012139351,-0.17485553295956333,106.3,-1,Noise
-0.19442617488985312,-0.3164269437339318,-0.1314946295456758,-0.1278623930573403,-0.3239989640042113,-0.4300609958671726,-0.3343655171487917,-0.5152463741770019,-0.1678081283148681,-0.24004802809293302,-0.10908299489858324,-0.03368311116306514,107.7,-1,Noise
-0.14086421943056585,-0.194025737757767,-0.12536553497684216,-0.12981391978275622,-0.2921963544646727,-0.43107141879024413,-0.3461983876749434,-0.514402359351448,-0.12874807240978048,-0.15063496696659884,-0.1004874621000191,-0.11070840950152862,108.1,-1,Noise
-0.19487248409212232,-0.3188721527533792,-0.13341342531324468,-0.14275074679931155,-0.33971608377664736,-0.4603736835593191,-0.3312568816715824,-0.5120109840123781,-0.16359068418061046,-0.2149047672029803,-0.1436312884301161,-0.2175616011487454,109.9,-1,Noise
-0.18971243820646627,-0.30686215022010965,-0.133697952626818,-0.1436295129137978,-0.3430314137286456,-0.4556583765849852,-0.33687248124331537,-0.5151057050394096,-0.16724640643232466,-0.2393791241120993,-0.12700457599652992,-0.14699118892279966,109.9,-1,Noise
-0.19598987416012242,-0.3371473896416986,-0.13314183105937924,-0.1395512853281178,-0.32731429395620953,-0.44521733971324584,-0.34008139528430564,-0.5152463741770019,-0.1638069924055415,-0.20465692656154963,-0.04454015405168474,0.28258373881844234,109.9,-1,Noise
-0.19564543988445815,-0.33489530958094926,-0.1329219690443453,-0.14026501134861488,-0.3166315641108819,-0.4275349385594937,-0.32574156066363036,-0.4805010971916941,-0.16566656363767124,-0.22862743371887181,-0.1349339624879953,-0.19156601435015122,111.0,-1,Noise
-0.16172108932501644,-0.25017061741179797,-0.12404753861933927,-0.1250856658619785,-0.3415579337499797,-0.4495958390465559,-0.3461983876749434,-0.5152463741770019,-0.1476348382065084,-0.19526620963581928,-0.1272276227375585,-0.17329372135471638,111.7,-1,Noise
-0.18536415760899552,-0.3159359379067336,-0.13272327021792427,-0.13522694532157675,-0.3495392836344199,-0.4590264529952237,-0.320727632474583,-0.4917546281990813,-0.16650801395769094,-0.22530028794407558,-0.0947301616570937,-0.018764650602316094,112.2,-1,Noise
-0.19585242386232213,-0.3357431129759116,-0.13278793551646365,-0.14009418037413485,-0.13392004675631253,0.7118853110241927,-0.01698386278209715,1.2830678808034655,-0.16724980394371103,-0.21658716206386508,-0.14568661175516462,-0.23071963822426234,112.4,-1,Noise
-0.18825546504978308,-0.30756919861127513,-0.133697952626818,-0.1424930526174688,-0.33468169384953894,-0.4462277626363174,-0.3219309752399544,-0.49808473939073655,-0.1646473102217658,-0.22409278595270044,-0.13678569952593048,-0.20811850901770546,113.5,-1,Noise
-0.19113545305428117,-0.320620133498205,-0.13284084348799588,-0.1408658151995404,-0.34339978372331204,-0.4558267804054972,-0.33115660310780143,-0.5062435493710922,-0.15652612550459027,-0.2196768614039065,-0.13750573632079452,-0.21084490846662904,113.5,-1,Noise
-0.1953123250450833,-0.3300539921247744,-0.133697952626818,-0.144347582094663,-0.33185752389042933,-0.4374707639696973,-0.34028195241186754,-0.5152463741770019,-0.16635625844910057,-0.2380760644091765,-0.13443098460218592,-0.18586495060182262,114.2,-1,Noise
-0.19539156109910935,-0.32944841827122984,-0.133697952626818,-0.144347582094663,-0.3389793437873144,-0.46407856761058147,-0.33857721682759145,-0.5152463741770019,-0.16307312994608958,-0.21300230003671303,-0.13323641212338858,-0.16124610524680738,114.2,-1,Noise
-0.1955742891420674,-0.3260441112026552,-0.13324059260623938,-0.14179669923844426,-0.3384881837944258,-0.4501010505080917,-0.33596997416928687,-0.5152463741770019,-0.1301251970250483,-0.04245495042994752,-0.12620220651202446,-0.12118067228547348,114.2,-1,Noise
-0.195304239733448,-0.3241651955705765,-0.133697952626818,-0.14421873500374163,-0.33996166377309167,-0.46980429750798697,-0.33777498831734387,-0.5152463741770019,-0.15748195870795048,-0.1802260049758614,-0.1345537351576513,-0.16802599261813722,114.2,-1,Noise
-0.19649278054383884,-0.3360180762391426,-0.133697952626818,-0.144347582094663,-0.3406984037624246,-0.46946748986696313,-0.3336635672023251,-0.5152463741770019,-0.16308105747265775,-0.21659295344032253,-0.13554172743334833,-0.17366837558362475,114.2,-1,Noise
-0.1918340239795721,-0.32178218062257424,-0.13129945791735692,-0.1360564889518908,-0.3324714738815401,-0.45852124153368795,-0.3347666314039155,-0.5091976012605314,-0.16544912290894473,-0.21926567367542862,-0.13262415630405514,-0.1974702038852374,114.7,-1,Noise
-0.18835410585173387,-0.275909142873531,-0.13214245826377044,-0.14013037337720263,-0.32657755396687654,-0.4495958390465559,-0.33968028102918185,-0.5044148505823918,-0.16645591878310023,-0.23673536075928037,-0.10561454322768929,-0.04279668812892061,114.9,-1,Noise
-0.19252612665555482,-0.32116678665248577,-0.133697952626818,-0.1421687633099813,-0.3309979939028742,-0.4442069167901743,-0.3365716455519725,-0.5152463741770019,-0.16606180746228344,-0.23773437319818785,-0.14406840016421235,-0.22564600746169594,115.1,-1,Noise
-0.19553062845923672,-0.3239884334727851,-0.13362740866477504,-0.1434268320966181,-0.3285421939384311,-0.4450489358927339,-0.33637108842441066,-0.5152463741770019,-0.16803576157775366,-0.2357566181379739,-0.1144930010870212,-0.06214329084098428,115.1,-1,Noise
0.3635136910034616,1.147205779817014,-0.09441672309588912,-0.07364961762214026,-0.1991215358122778,-0.2987060158678709,-0.3461983876749434,-0.5152463741770019,0.4069590654483725,0.9397219571157741,0.10971088847051032,0.48463521585936487,115.1,-1,Noise
-0.19063254667056476,-0.2957588717810662,-0.13354158017762274,-0.14173589499329037,-0.3357868038335383,-0.4495958390465559,-0.3322596673093918,-0.5082129172973849,-0.16536645013187684,-0.23042276042067655,-0.14444413662057592,-0.22588524449943262,115.7,-1,Noise
-0.19426285159481982,-0.31590320418492035,-0.133697952626818,-0.14423176448484604,-0.32006968406110226,-0.42905057294410104,-0.33857721682759145,-0.5152463741770019,-0.1587764105461504,-0.20675340483914098,-0.14170470349250688,-0.20872788637797812,115.8,-1,Noise
-0.18304529023198807,-0.31216173978166956,-0.1324575546275624,-0.14131026527721302,-0.3377514438050928,-0.44774339702092475,-0.33907860964649617,-0.5049775271327611,-0.1656076734403078,-0.23395550005971172,-0.14360434318623344,-0.22867032473119728,115.8,-1,Noise
-0.19639252267956098,-0.3417628444173623,-0.13353335004871775,-0.14214994294838604,-0.354328093565084,-0.46980429750798697,-0.3213293038572687,-0.49203596647426595,-0.1679202461906177,-0.23495740818684793,-0.08887256502860512,-0.017640687915590977,116.0,-1,Noise
-0.18802907632399432,-0.299215552804542,-0.1317391819474248,-0.1357466768456304,-0.3403300337677581,-0.46593100963621265,-0.3295521460873063,-0.5027268209312837,-0.16751820734323278,-0.23081367833155342,-0.10541694477254988,-0.021215701762523877,117.1,-1,Noise
-0.12258332982312563,-0.152987470720536,-0.12544195760238872,-0.12833869297771258,-0.25892026494646814,-0.4221460163031121,-0.3461983876749434,-0.5146836976266326,-0.11536754006653287,-0.11684518102569612,-0.08815252823374108,-0.06333947602966764,120.7,-1,Noise
-0.1238268507526366,-0.10970039699473695,-0.12369246734372298,-0.12402883017239866,-0.3173683041002148,-0.4229880354056717,-0.3461983876749434,-0.5136990136634862,-0.11187716336895444,-0.1056909899686769,-0.08829174532713474,-0.016137557093585095,123.4,-1,Noise
-0.13072200451523058,-0.15697771140956723,-0.12803915113827083,-0.13474630224083634,-0.333208213870873,-0.4450489358927339,-0.34038223097564846,-0.5146836976266326,-0.12260197431187064,-0.1386960443995972,-0.11101556766816637,-0.10354935399491803,123.8,-1,Noise
-0.19186798228844043,-0.28171937849537715,-0.13358508228754926,-0.14352817250520794,-0.32952451392420834,-0.44572255117478166,-0.33687248124331537,-0.5152463741770019,-0.16978434743792922,-0.23650949707744043,-0.13233973428529386,-0.16003637833900686,124.6,-1,Noise
-0.1948999741516824,-0.33130442029803925,-0.133697952626818,-0.14290420513231902,-0.34929370363797557,-0.46980429750798697,-0.33817610257246766,-0.5152463741770019,-0.16598366470039735,-0.22303875543744733,-0.1172578825009794,-0.12422304518046437,124.6,-1,Noise
-0.063698005183149,0.0010737909933729779,-0.07633277842617296,-0.036700904650282015,-0.3333310038690952,-0.44656457027734126,-0.3461983876749434,-0.5146836976266326,-0.08072538146749762,-0.03964902853632041,-0.04204771899253997,0.018574382910094236,124.8,-1,Noise
-0.19337993556424377,-0.3250260924542641,-0.133697952626818,-0.1434485478984588,-0.31503529413399384,-0.4169254978672424,-0.3347666314039155,-0.5058215419583152,-0.16494402621617382,-0.2372536889522208,-0.14496807191829406,-0.22706337406262642,124.8,-1,Noise
-0.19603353484295313,-0.33906558573995316,-0.13293372637135245,-0.1405198100902122,-0.33652354382287125,-0.45532156894396136,-0.32774713193924926,-0.4978034011155518,-0.1681240968737988,-0.23451147219962545,-0.12211850510581007,-0.07464229758613228,125.1,-1,Noise
-0.18413519024042813,-0.2881384613429491,-0.13186616107910212,-0.14048216936702168,-0.3258408139775436,-0.4480802046619486,-0.3131064616272311,-0.4795164132285477,-0.16654765159053173,-0.23853068746108513,-0.13683210522372838,-0.2054327347261334,126.1,-1,Noise
-0.19503904151180976,-0.33130114692585794,-0.1318920271985179,-0.13793273423092567,-0.35641552353486067,-0.46980429750798697,-0.33015381746999195,-0.5082129172973849,-0.16199725134041162,-0.21267798295509668,-0.14077958345253605,-0.20966677890343524,126.1,-1,Noise
-0.17919991601823373,-0.3120209847778727,-0.13220124489880625,-0.14035042683585489,-0.2968623743971146,-0.44201766712351925,-0.3425883593788293,-0.5031488283440607,-0.15438003081221158,-0.2262877176300682,-0.1391853231894795,-0.22369599990882347,128.9,-1,Noise
-0.19517649180961005,-0.32757604938351376,-0.13295371382726465,-0.14132763791868555,-0.32891056393309753,-0.44976424286706784,-0.33596997416928687,-0.5118703148747858,-0.16714787860212046,-0.23646606175400967,-0.1310269021250116,-0.1751037978100448,128.9,-1,Noise
-0.07150194797355205,0.10327501723860119,-0.12363368070868717,-0.12354529165141281,-0.33664633382109344,-0.44639616645682934,-0.3461983876749434,-0.5152463741770019,-0.07432673502320232,-0.02697170547099587,-0.06995999773897446,0.12382513779511256,129.1,-1,Noise
-0.19305814016115833,-0.3222830065663165,-0.1326750651771949,-0.1413812035632259,-0.35101276361308575,-0.46980429750798697,-0.32995326034243005,-0.5066655567838693,-0.1646948753811747,-0.23632996440725995,-0.14506088331388983,-0.22968595366498504,129.1,-1,Noise
-0.1953252615436998,-0.3363945140399946,-0.13309715321675203,-0.14200227549586938,-0.3404528237659803,-0.4635733561490457,-0.32764685337546834,-0.4994914307666599,-0.16783757341354982,-0.23804421183866062,-0.11622049061149752,-0.03893729818052714,129.1,-1,Noise
-0.19527189848690674,-0.3221520716790636,-0.13124067128232111,-0.13392544493125857,-0.33664633382109344,-0.4521218963542348,-0.3365716455519725,-0.5152463741770019,-0.16738683690296052,-0.23594773356106927,-0.14502046544806585,-0.226444968889609,129.2,-1,Noise
-0.19247923184807,-0.3177362926064605,-0.12237799818432224,-0.11488068671698089,-0.3421718837410905,-0.45245870399525867,-0.3230340394415448,-0.4978034011155518,-0.16413655101001762,-0.23120749193065895,-0.14545458326617516,-0.22472065665535598,129.9,-1,Noise
-0.1632233402268574,-0.2650382738593614,-0.12917020599635984,-0.13747235923190324,-0.30337024430288895,-0.43999682127737616,-0.3461983876749434,-0.5152463741770019,-0.14501082691244963,-0.19077210150484994,-0.11505286337658285,-0.15006967306876967,130.0,-1,Noise
-0.1953123250450833,-0.32645655609750174,-0.13362035426857075,-0.14236999640703826,-0.3324714738815401,-0.4534691269183302,-0.33185855305426804,-0.5129956679755245,-0.16758955508234616,-0.2383424677262185,-0.14508184072579855,-0.22858004660374948,130.2,-1,Noise
-0.19400897280947102,-0.3080143772279349,-0.13332759682609238,-0.14179380379819886,-0.33468169384953894,-0.45229030017474675,-0.32874991757705874,-0.5053995345455382,-0.1667673573268491,-0.22928185925856193,-0.14478993391706987,-0.22533906182837343,130.3,-1,Noise
-0.19246144416247232,-0.3125087172328897,-0.13278205685296007,-0.14015064145892062,-0.3307524139064299,-0.4514482810721871,-0.3322596673093918,-0.5101822852236777,-0.16159861000441306,-0.2231487915901386,-0.14439473700679106,-0.22213418830397652,130.3,-1,Noise
-0.1921186269491351,-0.31498665997415026,-0.1331394795939778,-0.14005219649057618,-0.32547244398287717,-0.4295557844056368,-0.32744629624790644,-0.5001947764546216,-0.16379453486379156,-0.21784968213158584,-0.052432116593313115,0.1240824304583388,130.3,-1,Noise
-0.19538994403678228,-0.32306206914547103,-0.1335615676335349,-0.1425654386236044,-0.3302612539135413,-0.4415124556619835,-0.32895047470462063,-0.49738139370277484,-0.1662022379329193,-0.22989864085127873,-0.1427630527938975,-0.21495707717187637,130.5,-1,Noise
-0.1877978364112244,-0.29357225916394325,-0.13319826622901362,-0.14154479593709238,-0.35641552353486067,-0.46980429750798697,-0.3355688599141631,-0.5062435493710922,-0.16579227155896623,-0.23721025362879003,-0.13991733564829137,-0.21671298675073608,130.5,-1,Noise
-0.14473384957922614,-0.2099539667920787,-0.12665884094763,-0.13282372991787467,-0.3377514438050928,-0.4438701091491505,-0.3461983876749434,-0.5152463741770019,-0.1361784298117312,-0.1664396333189381,-0.12807639791986183,-0.13121057224492413,131.4,-1,Noise
-0.09975202682733186,-0.06405976867056755,-0.1271738118705437,-0.13112410649381068,-0.29809027437933616,-0.39873788525195447,-0.3461983876749434,-0.5152463741770019,-0.09602437524023838,-0.07364151265323333,-0.07307816123939401,-0.037059513129612885,132.1,-1,Noise
-0.191623805877054,-0.3249246179166431,-0.11557756024337963,-0.11054042178909002,-0.350398813621975,-0.45431114602088984,-0.3224323680588591,-0.4942866726757434,-0.16352160144908798,-0.23679327452385474,-0.14488274531266565,-0.2287515750459003,133.6,-1,Noise
1.0559688865734604,2.5992343989851743,0.5242526482882847,0.9260836471575602,1.0323393563577328,0.815116852998003,-0.17752984339539193,-0.37120117728244634,-0.09342074901449769,-0.08474647701036435,-0.08443707849392286,-0.0808805161927753,134.3,-1,Noise
-0.124355630133586,-0.09821413401047886,-0.1242956182191904,-0.12550116153719687,-0.2929330944540056,-0.38223431084178583,-0.3382763811362486,-0.5097602778109007,-0.15880359063724123,-0.22307639938442067,-0.13747280324493796,-0.19367400862605738,135.6,-1,Noise
-0.10806049306377838,-0.07394535265815928,-0.11985017287778238,-0.11841022837615299,-0.30103723433666796,-0.41069455650830117,-0.3461983876749434,-0.5146836976266326,-0.09235393043918333,-0.06695536853312498,-0.06789868658195203,-0.01226913933244684,136.2,-1,Noise
-0.193205292832921,-0.3148393582259908,-0.1335674462970385,-0.14250897753881864,-0.3329626338744287,-0.4462277626363174,-0.33917888821027714,-0.5152463741770019,-0.16798819641834475,-0.2395934050410244,-0.14420013246763863,-0.22398037601028403,136.6,-1,Noise
-0.19391356613217434,-0.30863631794238605,-0.133697952626818,-0.14154479593709238,-0.33222589388509577,-0.4467329740978532,-0.335669138477944,-0.5152463741770019,-0.16509691422855963,-0.2244026245931732,-0.14313729229226757,-0.21677166753357716,137.1,-1,Noise
-0.19405910174160995,-0.33327171697901364,-0.13353687724681987,-0.142084795542864,-0.3117199641819956,-0.39772746232888295,-0.3327610601282966,-0.5062435493710922,-0.16590552193851127,-0.23757800603383714,-0.14226905665604897,-0.22138036593978738,137.1,-1,Noise
-0.19604485427924256,-0.3384403716533207,-0.133697952626818,-0.14217455419047215,-0.3359095938317605,-0.45852124153368795,-0.3350674670952583,-0.5152463741770019,-0.16712636103000691,-0.23665717717710502,-0.12337894373632052,-0.08777325122341487,137.1,-1,Noise
-0.14103886216188857,-0.175256221670068,-0.1291172980248276,-0.13493016269642077,-0.321420374041546,-0.44218607094403123,-0.3461983876749434,-0.5152463741770019,-0.1271965422100133,-0.14620745966489002,-0.11229846066857901,-0.105377486075736,137.1,-1,Noise
-0.021290545655938044,0.20743044667607852,-0.11323785216895436,-0.10602643044647368,-0.31773667409488127,-0.44892222376450824,-0.3461983876749434,-0.5136990136634862,-0.10171633931617258,-0.0933698365554846,-0.08211829056202181,-0.021035145507628278,139.5,-1,Noise
-0.19269915232455048,-0.3267937134321779,-0.13007434444321062,-0.1386406693709319,-0.3193329440717693,-0.42029357427748093,-0.3456969948560386,-0.5139803519386709,-0.1628466291869995,-0.23766198099246993,-0.14329746679756997,-0.22637726029402314,139.9,-1,Noise
-0.13862782223223857,-0.1956820640815158,-0.12890331467329727,-0.13404850114168912,2.38143306682457,3.2536041740106816,-0.12498387597417615,-0.21801248644438867,-0.11760083755116124,-0.12396278269188336,-0.09371672109550751,-0.0821444099770445,140.6,-1,Noise
-0.13669866687605314,-0.13632273294542688,-0.13063634467415297,-0.13728270789582794,-0.35641552353486067,-0.440502032738912,-0.33887805251893427,-0.5132770062507092,-0.12667219295271973,-0.14180601355723965,-0.12460195841699397,-0.09863822386175768,140.7,-1,Noise
-0.1944439625754508,-0.32233865389339894,-0.1333640445398146,-0.14292302549391428,-0.348065803655754,-0.46980429750798697,-0.3086942048208695,-0.4726236254865231,-0.16544006287858112,-0.2273909748452095,-0.1290913354394415,-0.15669608762343823,141.0,-1,Noise
-0.19314222740216558,-0.2956082966607254,-0.13324999846784513,-0.14038227667855455,-0.3298928839188748,-0.4495958390465559,-0.298365512751432,-0.43197024472233697,-0.16017278772594087,-0.20745416139049058,-0.13576926504835732,-0.17887290963099045,141.0,-1,Noise
-0.19434370471117293,-0.30925498528465584,-0.13309127455324843,-0.14116259782469637,-0.33185752389042933,-0.45111147343116326,-0.30357999806804126,-0.44181708435380074,-0.16434832921976686,-0.21284303718413355,-0.13597584525145762,-0.1774013761535913,141.0,-1,Noise
-0.19514738468772294,-0.3267511595938207,-0.13302190632390617,-0.13999139224542229,-0.33627796382642694,-0.4635733561490457,-0.3355688599141631,-0.5104636234988624,-0.1694208137195896,-0.23744480437531612,-0.12426963374244133,-0.08310587203436358,141.3,-1,Noise
-0.15903029761278464,-0.20290966985787426,-0.12818729345856109,-0.1319768136460881,-0.282250364608678,-0.420125170456969,-0.3382763811362486,-0.5136990136634862,-0.12780243174057931,-0.1496301631512339,-0.10711898601113704,-0.09854343182793748,142.8,-1,Noise
-0.18892331179085983,-0.2947375796604938,-0.13271621582171997,-0.14022737062542437,-0.35641552353486067,-0.4669414325592842,-0.341284738049677,-0.5136990136634862,-0.1662849107099872,-0.23633575578371738,-0.12691176460093415,-0.1884062798894782,142.9,-1,Noise
-0.19368232621940443,-0.3030584917454137,-0.13352041698900985,-0.14306345434581735,-0.3452416336966444,-0.46980429750798697,-0.33596997416928687,-0.5135583445258939,-0.16665184193971316,-0.23454042908191264,-0.14016283675922214,-0.20368585296001845,142.9,-1,Noise
-0.19652027060339888,-0.33922925434901924,-0.13351336259280555,-0.14174602903414935,-0.3529774035846403,-0.46980429750798697,-0.3236357108242305,-0.49287998129981997,-0.16730642913348354,-0.23610989210187744,-0.14163135255082634,-0.21166192552003163,142.9,-1,Noise
-0.19128907397535208,-0.312888428405923,-0.1319813828837723,-0.13870581677645394,0.6960175512272454,1.5899428311733712,1.0396513637777323,2.390415331930362,-0.16418411616942652,-0.22260440220313973,-0.1460219303457042,-0.22682865093126214,143.3,-1,Noise
-0.1966447844025827,-0.3425680939739675,-0.1331900361001086,-0.14119444766739603,-0.337874233803315,-0.4627313370464861,-0.3334630100747632,-0.5128549988379322,-0.1679043911374814,-0.2393241060357537,-0.0575352463930876,0.2813108172214283,143.6,-1,Noise
-0.14721442318893982,-0.19672954317953878,-0.12671174891916223,-0.12902925547624625,-0.31331623415888366,-0.44218607094403123,-0.3461983876749434,-0.5152463741770019,-0.13558273281532424,-0.16838843149686486,-0.108377927683654,-0.1400939399857877,145.0,-1,Noise
-0.19516193824866648,-0.3249311646610058,-0.13349690233499553,-0.14125380419242722,-0.3426630437339791,-0.46980429750798697,-0.3324602244369537,-0.5149650359018173,-0.16601197729528364,-0.2311988048659728,-0.09613580521297174,0.006567391959536756,147.3,-1,Noise
-0.17812295250841018,-0.23380375650518911,-0.13075979660772818,-0.13672388792846107,-0.323753384007767,-0.4329238608158753,-0.34268863794261023,-0.5145430284890402,-0.14742985501953187,-0.18566121178116385,-0.14189781107366586,-0.18199201893431197,147.6,-1,Noise
-0.19562926926118754,-0.3369837210326325,-0.13254808604551754,-0.1395744488500812,-0.3447504737037558,-0.4408388403799358,-0.32704518199278265,-0.5056808728207228,-0.16461560011549317,-0.23021716655643762,-0.1335387976380716,-0.1959309618122524,150.5,-1,Noise
-0.19280426137580955,-0.32160214515260155,-0.13351101112740413,-0.1430822747074126,-0.3432769937250899,-0.4657626058157007,-0.3229337608777639,-0.4893632528600115,-0.16798819641834475,-0.2394109766826152,-0.1406238998212141,-0.21381505885966168,152.0,-1,Noise
-0.19369526271802093,-0.30209939369628647,-0.13283026189368943,-0.13968592329953003,-0.3458555836877552,-0.46980429750798697,-0.32985298177864913,-0.5069468950590539,-0.16758842257855072,-0.23487343322821513,-0.14360434318623344,-0.21419874090131483,152.0,-1,Noise
-0.027870372264754875,0.1830667375305006,-0.11771621802598244,-0.11314776573009451,-0.321420374041546,-0.43107141879024413,-0.3461983876749434,-0.5152463741770019,-0.10118406253231085,-0.09624815065482964,-0.08174255410565824,-0.04713003824641504,152.2,-1,Noise
0.14487554494833815,0.6694276496034701,-0.0329576476313502,0.03900761916694731,-0.2747601747171264,-0.39334896299557287,-0.3461983876749434,-0.5110263000492318,0.09623626409821064,0.3313117990682013,-0.012687881866409987,0.193975756728426,152.9,-1,Noise
-0.1944827720713003,-0.3162076277977833,-0.13308304442434343,-0.14197042565316972,-0.3267003439650987,-0.43696555250816155,-0.32965242465108724,-0.5056808728207228,-0.16599159222696552,-0.23048936124993707,-0.14603240905165857,-0.23179846184726355,153.0,-1,Noise
-0.19626800888037715,-0.3353830420359662,-0.1335615676335349,-0.14313439263183025,-0.35076718361664144,-0.46980429750798697,-0.32905075326840155,-0.5076502407470156,-0.16761560266964154,-0.2284942320603508,-0.09975095876722678,0.04781095448406446,153.0,-1,Noise
-0.19274443006970823,-0.3163123757075856,-0.133697952626818,-0.14370913752054695,-0.3375058638086485,-0.4305662073287084,-0.33596997416928687,-0.5080722481597927,-0.1617209204143217,-0.22777031000317147,-0.14064336027512933,-0.21565221875322443,153.5,-1,Noise
-0.19546432890382717,-0.3300016181698732,-0.1329501866291625,-0.14142608288702999,-0.3382426037979815,-0.45868964535419987,-0.3461983876749434,-0.5152463741770019,-0.1646189976268795,-0.22831759507839905,-0.14473754038729808,-0.22610642591167973,157.1,-1,Noise
-0.19316001508776326,-0.32245976866410786,-0.13292549624244746,-0.14036924719745014,-0.3528546135864181,-0.4687938745849154,-0.3461983876749434,-0.5152463741770019,-0.165934967037193,-0.23643131349526506,-0.14447856665442596,-0.22800678049445594,157.1,-1,Noise
-0.19198926196297011,-0.31139249731905894,-0.13245285169675952,-0.13942533367744187,1.794374085324438,3.5412378994450497,2.3261250585234903,4.558970757053867,-0.14615805325724096,-0.17020113232804193,-0.14370613632979012,-0.21632027689633815,157.2,-1,Noise
-0.1272307669511029,-0.15989428602312492,-0.10310303628878055,-0.0857380806467863,-0.25327192502824897,-0.41170497943137274,-0.3461983876749434,-0.5128549988379322,-0.11165859013643249,-0.11430855813733973,-0.08787110013096677,-0.07707077921447811,158.6,-1,Noise
-0.19481426984834807,-0.31900308764063207,-0.13311361347456205,-0.1419327849299792,-0.3381198137997593,-0.4514482810721871,-0.3302540960337729,-0.5013201295553603,-0.16677075483823547,-0.2350674443395392,-0.1365252288350649,-0.18639759155376465,159.0,-1,Noise
-0.19643618336239166,-0.33963515249950316,-0.13347103621557976,-0.14197332109341515,-0.32178874403621244,-0.42383005450823136,-0.3371733169346582,-0.5152463741770019,-0.16402783064565435,-0.21705915924514602,-0.13846079552063498,-0.1927035187559935,159.0,-1,Noise
-0.19657363366019195,-0.337517280698188,-0.133697952626818,-0.144347582094663,-0.3443821037090893,-0.46980429750798697,-0.33095604598023953,-0.49808473939073655,-0.16714448109073413,-0.2319661622465829,-0.1423124684378599,-0.20990150203479951,159.0,-1,Noise
-0.11399672886642438,-0.12679721989778053,0.18859271956081125,0.4661198006499622,2.1627440799909086,2.785946764449065,3.3585931512121125,4.621005846732089,-0.15200630285694733,-0.2072398804615655,-0.14478544304308943,-0.22750573688712064,159.4,-1,Noise
-0.14231795846259493,-0.18627766580457836,-0.1307621480731296,-0.13875793470087158,-0.3451188436984223,-0.4458909549952936,-0.3461983876749434,-0.5135583445258939,-0.13805159108940632,-0.17468076201786767,-0.10510108663592553,-0.1295991076699809,160.2,-1,Noise
-0.19403484580670402,-0.3227641922769708,-0.13217067584858763,-0.13752737259656628,-0.33173473389220715,-0.4501010505080917,-0.33637108842441066,-0.5149650359018173,-0.16544232788617202,-0.22678577600540759,-0.14040684091215944,-0.21012268344704663,161.5,-1,Noise
-0.19392973675544495,-0.30599797996424066,-0.1334075466497411,-0.141320399318072,-0.33652354382287125,-0.4568372033285687,-0.3346663528401346,-0.5152463741770019,-0.16840948783025234,-0.24000748845773098,-0.12848806136806895,-0.08984964815471429,161.5,-1,Noise
-0.19566322757005583,-0.3299263306097028,-0.13122185955910964,-0.12910453692262727,-0.34364536371975635,-0.4558267804054972,-0.3312568816715824,-0.5117296457371935,-0.1677628281630501,-0.23072391199646317,-0.0628599259758972,0.3563906219133917,161.5,-1,Noise
-0.19461213705746527,-0.3123810557178181,-0.132401119457928,-0.13766780144846935,0.5214101737553384,2.4935977320403624,0.8260580229243171,3.6104387622687217,-0.14699384105828345,-0.11698996543713198,-0.14193822893948982,-0.18968371539286458,161.7,-1,Noise
-0.19467035130123952,-0.3214548434044421,-0.133697952626818,-0.14275074679931155,-0.33369937386376164,-0.45431114602088984,-0.32995326034243005,-0.509478939535716,-0.16521356211949104,-0.22759946439767714,-0.14370613632979012,-0.21898348165604828,161.8,-1,Noise
-0.19597208647452474,-0.33159902379435824,-0.133697952626818,-0.144347582094663,-0.3370147038157599,-0.44639616645682934,-0.333763845766106,-0.5120109840123781,-0.16431208909831244,-0.22045869722566017,-0.1449246601364831,-0.22454912821320516,161.8,-1,Noise
-0.19227548199486014,-0.3281979900979649,-0.13332759682609238,-0.14212677942642263,-0.3189645740771028,-0.4273665347389818,-0.3421872451237055,-0.5152463741770019,-0.16541175028369487,-0.23285803422102785,-0.143752542027588,-0.22441371102203347,161.8,-1,Noise
-0.19310826909329729,-0.30485229970077804,-0.13318768463470718,-0.1414637236102205,0.3638706060363112,1.0037291319713593,0.5700468495915616,1.3971505513908529,-0.16638683605157775,-0.2355886682207083,-0.1456701452172363,-0.23096338916837142,162.4,-1,Noise
-0.19061314192264,-0.30994566681491476,-0.12261196899176477,-0.09967238682789027,-0.3546964635597505,-0.46980429750798697,-0.3346663528401346,-0.5134176753883015,-0.16606633747746524,-0.23064862410251652,-0.13809703472821927,-0.20596086177170303,164.3,-1,Noise
-0.19640545917817748,-0.3362275720587472,-0.1301237252166407,-0.12617145595401258,-0.3451188436984223,-0.46980429750798697,-0.33727359549843916,-0.5152463741770019,-0.1632973656975888,-0.21284593287236228,-0.14304747481265875,-0.2148893685762905,164.3,-1,Noise
-0.1936063242900325,-0.3261554058568201,-0.13147464208976364,-0.13771412849239614,-0.3189645740771028,-0.43646034104662573,-0.3366719241157535,-0.5066655567838693,-0.16507992667162788,-0.23526435113909197,-0.1451087859696812,-0.2286522691057077,165.4,-1,Noise
-0.19499538082897908,-0.32535015630021497,-0.133697952626818,-0.1440131587463165,-0.3199468940628801,-0.4339342837389469,-0.3317582744904871,-0.5004761147298064,-0.1675635074950508,-0.23944862062958852,-0.14593510678208235,-0.23134255730365216,166.8,-1,Noise
-0.1945345180657663,-0.32802450137235484,-0.133697952626818,-0.14434179121417215,-0.33222589388509577,-0.4541427422003779,-0.32965242465108724,-0.5017421369681374,-0.16633700588457792,-0.23459544715825825,-0.09723157846419936,-0.04240849218089507,166.8,-1,Noise
-0.12809589529608129,-0.1412426113339535,-0.12399463064780705,-0.12452829361473433,-0.32927893392776403,-0.43258705317485147,-0.3461983876749434,-0.5151057050394096,-0.11459743748562654,-0.10901813574347313,-0.1017299372346078,-0.04613697884448924,167.4,-1,Noise
-0.19668035977377807,-0.34083320671786693,-0.13354863457382704,-0.14306634978606278,-0.33185752389042933,-0.45330072309781827,-0.32644351061009697,-0.4978034011155518,-0.16622941802401012,-0.23177504682348757,-0.14525848176902922,-0.22705434624988163,168.3,-1,Noise
-0.19563412044816872,-0.33083632807611024,-0.133697952626818,-0.14230919216188437,-0.3476974336610875,-0.46980429750798697,-0.33205911018182993,-0.5061028802334999,-0.1674287395433922,-0.23282328596228324,-0.14466269248762406,-0.22620121794549994,168.3,-1,Noise
-0.1942806392804175,-0.3076281193105389,-0.13307128709733626,-0.14034608367548676,-0.3382426037979815,-0.46071049120034296,-0.3308557674164586,-0.5027268209312837,-0.16890552449265964,-0.23635312991308968,-0.12383551592433203,-0.07367632162244081,169.3,-1,Noise
-0.19640545917817748,-0.34108852974801,-0.12841068267169717,-0.12668829203782078,-0.32731429395620953,-0.44184926330300733,-0.3461983876749434,-0.5152463741770019,-0.16627245316823724,-0.23011292178020382,-0.1371120363685092,-0.19571880821275006,169.3,-1,Noise
-0.17053731313216056,-0.2922236298252387,-0.12778754434031758,-0.13337096812425986,-0.3114743841855513,-0.43460789902099456,-0.3461983876749434,-0.501179460417768,-0.15712295500479267,-0.238142665238437,-0.07314253043311367,-0.10044830031708607,169.3,-1,Noise
-0.18668368046787842,-0.31113717428891585,-0.133697952626818,-0.1419805596940287,-0.35641552353486067,-0.45852124153368795,-0.33205911018182993,-0.49667804801481313,-0.16057822408471215,-0.22076853586613293,-0.12847009787214717,-0.19908166846018063,169.5,-1,Noise
-0.19401705812110634,-0.3208296293178096,-0.133697952626818,-0.14328640324471503,-0.3506443936184193,-0.46980429750798697,-0.32744629624790644,-0.5000541073170293,-0.16631095829728257,-0.22285632707903813,-0.1386434243958396,-0.19812020640286154,169.5,-1,Noise
-0.1746527367545343,-0.2680006756834576,5.152890077527604,11.419070785647383,-0.33148915389576283,-0.4376391677902092,-0.3461983876749434,-0.5152463741770019,-0.16439815938676666,-0.23587534135535132,-0.14531985704676192,-0.22704983234350926,169.8,-1,Noise
-0.1950164026392309,-0.3220931509797998,-0.13295959249076822,-0.1405791666152434,-0.06724507772168137,0.9400724878178515,0.11598551279143744,1.7502300867476248,-0.16587947435121592,-0.20786824480719715,-0.14586025888240833,-0.2240390567931251,171.0,-1,Noise
-0.1936273461002843,-0.31635165617376143,-0.133697952626818,-0.144156483038465,-0.34413652371264497,-0.46980429750798697,-0.3241371036431352,-0.4962560406020361,-0.16618751538357845,-0.23701913820569467,-0.1432585458897395,-0.21971924839474785,171.8,-1,Noise
-0.18272511189122972,-0.3132321324849618,-0.1336038940107607,-0.14218034507096297,-0.333208213870873,-0.4554899727644733,-0.3109003332240503,-0.49569336405166675,-0.1643766418146531,-0.23086869640789903,-0.10037668720850157,-0.06920304040740229,171.8,-1,Noise
-0.17946026305289078,-0.2745441466739198,-0.13086678828349335,-0.13789364578761246,0.979171287127539,1.3329586010721732,0.9050775311837026,1.2019017884126857,-0.16209124915543402,-0.22900676887683377,-0.14413875718990593,-0.22433697461370283,172.6,-1,Noise
0.12750506143103404,0.5742543534315397,0.1230632574863928,0.3307652077769943,4.039957572811242,5.532781480819078,4.927752117256357,6.812490341283145,-0.1450640545908358,-0.18851636037467914,-0.14387978345703384,-0.2266119834253874,175.5,-1,Noise
-0.14761707170837834,-0.23606565668248244,-0.12526442196458057,-0.13327686631628355,-0.25020217507269504,-0.42719813091846986,-0.3461983876749434,-0.5148243667642249,-0.1463154712848086,-0.19075762306370636,-0.12411544706911286,-0.15315267112111206,176.0,-1,Noise
-0.1961628998291181,-0.33582822065262596,-0.13302190632390617,-0.1413812035632259,-0.3447504737037558,-0.46980429750798697,-0.3223320894950782,-0.48781589234649575,-0.16744572710032396,-0.23560025097362317,-0.14400103705450573,-0.22432343289458567,176.2,-1,Noise
-0.19496142252011076,-0.31711107851982806,-0.133697952626818,-0.144347582094663,-0.3517495036024187,-0.46980429750798697,-0.33115660310780143,-0.5099009469484931,-0.1690527499860682,-0.23985401698160896,-0.1460458816735999,-0.23288631328300957,178.2,-1,Noise
-0.19598987416012242,-0.33302948743759586,-0.13010373776072853,-0.11977687617199322,-0.3546964635597505,-0.46980429750798697,-0.33907860964649617,-0.5152463741770019,-0.167868151016027,-0.23568133024402727,-0.11776984213474968,-0.03784493283840875,178.4,-1,Noise
-0.1916157205654187,-0.31571007522622235,-0.12190652937133505,-0.12254202160637333,-0.32915614392954184,-0.4342710913799707,-0.33787526688112485,-0.5066655567838693,-0.16074696715023426,-0.23377017601307382,-0.14021373333100048,-0.21423936605866634,178.6,-1,Noise
-0.18480950523081313,-0.3129047952668296,-0.13201900633019525,-0.1405690325743844,-0.323016644018434,-0.4413440518414716,-0.31822066838005936,-0.4927393121622276,-0.16750801480907374,-0.2323628715339172,-0.09940965234471326,-0.04530642007196947,181.0,-1,Noise
-0.08398566913847363,-0.03598732884355207,-0.11489093234616136,-0.10824578539459133,-0.29391541443978286,-0.3850971757904885,-0.3461983876749434,-0.5146836976266326,-0.09109571872243782,-0.060807822423558054,-0.07429818200408049,-0.017496242911674495,181.8,-1,Noise
-0.04198085813070122,0.12538991969561106,-0.11760334768671368,-0.11415537893550214,-0.2858112745571205,-0.41254699853393234,-0.3461983876749434,-0.5152463741770019,-0.0802112247443631,-0.03952740963071428,-0.08303442885403178,0.013405960113707652,182.4,-1,Noise
-0.19161248644076456,-0.3163352893128548,-0.1333146637663845,-0.1428043124438519,-0.33222589388509577,-0.4460593588158055,-0.3423878022512674,-0.5152463741770019,-0.16397800047865455,-0.22757050751538999,-0.14395762527269482,-0.2239848899166564,184.3,-1,Noise
-0.1262508271809031,-0.08867552747410723,-0.12489524189655567,-0.1280419103525566,0.9655415973248795,1.2336003469701373,-0.17502287930086827,-0.33293917185733,-0.14620675092044536,-0.18937927546683692,-0.11319962938065418,-0.14415645572093874,185.2,-1,Noise
0.09234850937837082,0.5319656582210438,-0.09618032214696345,-0.07142591951365447,1.2358023834118468,1.6089724628912188,1.2915511159954691,1.61223366276954,-0.11560649836737293,-0.12458535566105759,-0.13095055726734411,-0.18291285583427955,185.3,-1,Noise
-0.15538867325224015,-0.22384943170178961,-0.12094713148755061,-0.11832915604928111,-0.30729952424599793,-0.3995799043545141,-0.3461983876749434,-0.5152463741770019,-0.10574125780520365,-0.08544433787348522,-0.11206194130560912,-0.05085401100363682,186.4,-1,Noise
0.07310708474865554,0.449840023563862,-0.1189389800347273,-0.11426106250446011,-0.2883898645197858,-0.41928315135440936,-0.3461983876749434,-0.5117296457371935,0.08554203075777159,0.28499816153809604,-0.03012295161647555,0.03557375430851509,187.0,-1,Noise
-0.19280426137580955,-0.29152967492279847,-0.1334745634136819,-0.13978147282762904,-0.3469606936717546,-0.46980429750798697,-0.3308557674164586,-0.5083535864349773,-0.16839250027332056,-0.23678458745916858,-0.12876649555485628,-0.13584635408936868,187.1,-1,Noise
0.33953427375545353,1.174155452985836,0.26013840586479464,0.501884278561442,2.7755889611176934,3.231543273523619,2.151941193235987,2.633350932552332,-0.10739131583517503,-0.12389039048616543,-0.11568308269183808,-0.17051315502932413,191.8,-1,Noise
-0.14124261201509844,-0.15082704508086364,-0.13042353705532334,-0.13519654319899982,-0.3478202236593097,-0.4415124556619835,-0.3461983876749434,-0.5152463741770019,-0.12121465716244378,-0.1334867012761347,-0.10464750836390098,-0.09294167401980145,192.6,-1,Noise
-0.19468005367520191,-0.3279819475339977,-0.1330383665817162,-0.1412234020698503,-0.3309979939028742,-0.4388179945337927,-0.3317582744904871,-0.5135583445258939,-0.15924073710228512,-0.20942322938601837,-0.1425504847588233,-0.21749389255315957,193.0,-1,Noise
-0.1951409164384147,-0.33134697413639647,-0.13352511991981272,-0.14140002392482115,-0.32289385402021187,-0.3960434241237637,-0.3371733169346582,-0.5139803519386709,-0.166415148646464,-0.2383743202967344,-0.12439986908787412,-0.15664643465334196,193.0,-1,Noise
-0.1748419330468006,-0.2537385930894387,-0.12423565585145387,-0.12416925902430173,-0.3166315641108819,-0.42989259204666064,-0.3461983876749434,-0.5152463741770019,-0.14504933204149495,-0.18634459420314112,-0.126771050549547,-0.17335691604392983,193.3,-1,Noise
-0.18598510954258748,-0.32131408840064524,-0.13220947502771127,-0.14220206087280365,-0.35641552353486067,-0.46929908604645115,-0.3324602244369537,-0.4927393121622276,-0.16234379750181946,-0.23703072095860955,-0.1401957698350787,-0.22414739054606245,195.7,-1,Noise
-0.19250672190763007,-0.31879359182102746,-0.12824725582629762,-0.13043933487576784,-0.34376815371797853,-0.45650039568754486,-0.33877777395515335,-0.5152463741770019,-0.1342769559391698,-0.16422443182396934,-0.12972155475469674,-0.18669550937434237,196.2,-1,Noise
-0.19549020190106017,-0.32297041472439403,-0.13335111148010673,-0.14159836158163272,-0.30472093428333263,-0.2791711726884875,-0.31942401114543073,-0.4366123262628842,-0.1690878576037272,-0.23773437319818785,-0.14589618587425185,-0.23180748966000833,196.6,-1,Noise
-0.18771051504556305,-0.30206665997447324,-0.13279616564536867,-0.1418488171628619,-0.32952451392420834,-0.4351131104825303,-0.3461983876749434,-0.5152463741770019,-0.1626382484886366,-0.2334342761785426,-0.14034396867643326,-0.21763382365070363,198.6,-1,Noise
-0.19427417103110925,-0.32888539825604246,-0.1328855213306231,-0.14097005104837568,-0.3262091839722101,-0.442691282405567,-0.3331621743834204,-0.5152463741770019,-0.1685431232781155,-0.2400132798341884,-0.1329474992306469,-0.16797633964804093,198.6,-1,Noise
-0.19009083079099887,-0.31180166884172417,-0.1306586835954666,-0.1362591697690705,-0.34966207363264207,-0.46980429750798697,-0.3238362679517924,-0.5013201295553603,-0.15958388575230661,-0.2189616264114133,-0.14383487471722942,-0.2156161075022453,198.7,-1,Noise
-0.16756191845036578,-0.20308643195566564,-0.10097731156588563,-0.0805943310507902,1.527183049193025,2.178008972401014,1.140832434632707,1.5846625118014412,-0.1565510405880902,-0.21689700070433784,-0.13915089315562942,-0.20980219609460696,200.5,-1,Noise
-0.18718658685159484,-0.3167771945573333,-0.13228589765325782,-0.1418357876817575,-0.3041069842922219,-0.42787174620051754,-0.3336635672023251,-0.5082129172973849,-0.16636645098325964,-0.23926329658295062,-0.028700841522669225,0.051747080840788565,200.9,-1,Noise
3.8759056644937733,4.1958773277519485,5.408506123990317,5.015370366854946,5.353933343786543,3.0013352508838174,0.34050921709697585,-0.04175405704118734,0.32331686513158064,0.5496553785781754,0.3743401286419785,0.6173621188331213,201.6,-1,Noise
-0.026269480560963118,0.17334154877979363,-0.09697276598724618,-0.07120152289463409,-0.3161404041179932,-0.43780757161072115,-0.3461983876749434,-0.5131363371131169,-0.0664229910347533,-0.004072602958299103,-0.09620915615465228,-0.040160566807444835,202.1,-1,Noise
-0.19558237445370272,-0.32746802810153014,-0.133697952626818,-0.14430415049098164,-0.34229467373931266,-0.4623945294054622,-0.3334630100747632,-0.5152463741770019,-0.16533927004078602,-0.22506573719754946,-0.14399355226453833,-0.22218384127407279,202.4,-1,Noise
-0.13327372886733502,-0.17476194247068838,-0.1249481498680879,-0.1283633042197987,-0.33173473389220715,-0.43376587991843496,-0.3461983876749434,-0.5152463741770019,-0.12947853735784606,-0.15189459134609087,-0.1200452182848398,-0.10580179327474065,202.6,-1,Noise
-0.19305490603650421,-0.3296677342073784,-0.13247754208347456,-0.13932544098897473,-0.35592436354197204,-0.46828866312337963,-0.33596997416928687,-0.5148243667642249,-0.16407992582024508,-0.2286216423424144,-0.1451013011797138,-0.22894115911354068,202.9,-1,Noise
-0.19614026095653925,-0.3372652310402262,-0.13203546658800527,-0.1364734323472319,-0.3429086237304234,-0.46593100963621265,-0.32574156066363036,-0.502445482656099,-0.16646724382105474,-0.23103375063693593,-0.14451898452024994,-0.22527135323278757,202.9,-1,Noise
-0.1961548145174828,-0.33394603164836595,-0.13164394759866677,-0.133174078187571,-0.33664633382109344,-0.4492590314055321,-0.3327610601282966,-0.5131363371131169,-0.16548196551901279,-0.2105786089892766,-0.08186680161911711,0.0830645632524306,202.9,-1,Noise
-0.1953252615436998,-0.33056791155724186,-0.13242110691384018,-0.13976844334652463,-0.35641552353486067,-0.46593100963621265,-0.32844908188571587,-0.5000541073170293,-0.16848310057695662,-0.2335037726960318,-0.12462740670288314,-0.07765758704288882,202.9,-1,Noise
-0.186801726017754,-0.2930517929871131,-0.13222711101822202,-0.1386044763678641,2.4571944957276406,3.755110751495195,1.8499021591277771,2.7519350155426743,-0.1652509347447409,-0.23764460686309763,-0.1447584977992068,-0.22769532095476103,203.3,-1,Noise
-0.19473179966966792,-0.32677407319908996,-0.13255984337252472,-0.13827005301951759,-0.33627796382642694,-0.46289974086699803,-0.3397805595929628,-0.5152463741770019,-0.16610371010271513,-0.23522960288034736,-0.13125144582403364,-0.1805295132696576,204.1,-1,Noise
-0.1955354796462179,-0.3248984309391926,-0.1334804420771855,-0.14079632463365022,-0.34118956375531323,-0.4679518554823558,-0.33727359549843916,-0.5152463741770019,-0.1653585226053087,-0.2253350362028202,-0.14469861947946758,-0.22224703596328627,204.4,-1,Noise
-0.18147188858775637,-0.3051076227309212,-0.13356509483163706,-0.14051546692984407,-0.31466692413932734,-0.41928315135440936,-0.3295521460873063,-0.5045555197199841,-0.16743100455098311,-0.2372392105110772,-0.09027820858448317,-0.07217770470680732,205.1,-1,Noise
-0.13393349029677648,-0.13986779501779836,-0.12649541410223045,-0.1266072197109489,-0.3096325342122189,-0.42989259204666064,-0.3461983876749434,-0.5152463741770019,-0.12017275367062932,-0.12263076610667338,-0.12836381385461007,-0.1271390286970283,205.1,-1,Noise
-0.15014939131255806,-0.18458860575901634,-0.12462482337539094,-0.12564303810922264,-0.3239989640042113,-0.44572255117478166,-0.3457972734198196,-0.5145430284890402,-0.1218046916398735,-0.12891440956299002,-0.13236368561318954,-0.1141118949063107,205.6,-1,Noise
-0.18971890645577452,-0.3196708555656217,-0.132488123677781,-0.14119444766739603,-0.3429086237304234,-0.43326066845689915,-0.2899421133938326,-0.47290496376170776,-0.16029170062446316,-0.2354525708739586,-0.13862097002593737,-0.2143883249689552,205.6,-1,Noise
-0.14670504855591518,-0.21895246691853223,-0.051462504607922774,0.02740993326390067,-0.35641552353486067,-0.4660994134567246,-0.3334630100747632,-0.5065248876462769,-0.16238117012706935,-0.23065441547897395,-0.14597103377392587,-0.2253029505773943,206.4,-1,Noise
-0.12846781963130563,-0.13003131161292644,-0.12804150260367228,-0.1339153108903996,-0.2840922145820103,-0.3913281171494298,-0.3461983876749434,-0.5152463741770019,-0.12692134378771883,-0.14353763511801262,-0.12162001809398112,-0.09937399060045725,206.5,-1,Noise
-0.16069587180965889,-0.21788207421524003,-0.12694336826120334,-0.12990657387060978,-0.3136846041535501,-0.4233248430466956,-0.34158557374101983,-0.5136990136634862,-0.12708782184565007,-0.1414150956463628,-0.11883717318410116,-0.1120309840686389,206.6,-1,Noise
-0.14580272777741435,-0.17749520824209206,-0.1205121103882856,-0.11897049606364257,-0.33259426387976226,-0.4120417870723966,-0.3461983876749434,-0.514402359351448,-0.13362916376817213,-0.1649193969988615,-0.11292269215186032,-0.14119081923427848,207.0,-1,Noise
-0.06925099721428121,0.04835110540820326,-0.10298546301870892,-0.08356794818284086,-0.34659232367708814,-0.43460789902099456,-0.3461983876749434,-0.5152463741770019,-0.12142530286839757,-0.13467972482636625,-0.1098778795931213,-0.08094371088198876,207.4,-1,Noise
-0.1940655699909182,-0.31189332326280117,-0.13346868475017834,-0.14223101527525792,-0.33443611385309463,-0.45784762625164027,-0.3324602244369537,-0.5152463741770019,-0.1656076734403078,-0.2298436227749331,-0.14166278866868945,-0.21188310693227874,207.6,-1,Noise
-0.193489895802484,-0.3061420083402188,-0.133697952626818,-0.144347582094663,-0.33861097379264793,-0.4580160300721522,-0.337574431189782,-0.5152463741770019,-0.16388173765604125,-0.2257867635665001,-0.14337530861323095,-0.21337269603516745,207.6,-1,Noise
-0.1962453700077983,-0.33661055660396183,-0.13356979776243993,-0.14347026370029947,-0.3324714738815401,-0.44302809004659083,-0.3384769382638105,-0.5152463741770019,-0.1664038236085095,-0.2322991663928854,-0.14475550388321984,-0.22679705358665542,207.6,-1,Noise
-0.196833980694849,-0.34283323712065455,-0.1335756764259435,-0.14333273028864182,-0.17468632616606858,0.3861923221541293,-0.12819279001516642,0.463107477777719,-0.168737913930933,-0.23599406457272873,-0.1454815285100578,-0.2290585206792228,210.1,-1,Noise
-0.18663678566039363,-0.31337616086093995,-0.12501634236472944,-0.13266303298425364,-0.30079165434022365,-0.4120417870723966,-0.33727359549843916,-0.49921009249147524,-0.16281605158452234,-0.2401117332339648,-0.13615398325268177,-0.21351714103908395,210.4,-1,Noise
-0.19212024401146216,-0.3199850992950286,-0.13100787620757928,-0.13872608485817192,-0.34339978372331204,-0.46963589368747505,-0.3331621743834204,-0.5113076383244164,-0.16425206639715356,-0.2379573411917991,-0.1356944171486833,-0.20641676631531441,210.4,-1,Noise
-0.1483884104383871,-0.19709616086384682,-0.13071511876510095,-0.13921830969989402,-0.33210310388687364,-0.45195349253372286,-0.3461983876749434,-0.5152463741770019,-0.12992247884566266,-0.1546223296575426,-0.10767884830069868,-0.09700870366132487,210.8,-1,Noise
-0.19340095737449556,-0.3251963078076928,-0.1333134880336838,-0.14236999640703826,-0.33934771378198086,-0.4469013779183651,-0.3236357108242305,-0.4990694233538829,-0.16894176461411406,-0.23553944152082013,-0.14570906612506682,-0.22893664520716828,210.9,-1,Noise
-0.19334921138002956,-0.327893566485102,-0.13337345040142032,-0.1418603989238436,-0.34818859365397614,-0.46980429750798697,-0.3461983876749434,-0.5152463741770019,-0.16552613316703538,-0.23569580868517084,-0.09389934997071211,-0.04838490421793947,212.2,-1,Noise
-0.19568586644263472,-0.32925528931253184,-0.13259864255164833,-0.1379732703943616,-0.3287877739348754,-0.4362919372261138,-0.3317582744904871,-0.5044148505823918,-0.16906294252022727,-0.23649501863629685,-0.08911956309752937,0.30843488061312,212.9,-1,Noise
0.6701798589568799,1.4929622632134882,0.9110710582893222,1.5285509285040784,12.02216698723899,14.18974827805511,8.197134132206545,9.795942080479072,-0.109530615504781,-0.13440753013286683,-0.1187503496204793,-0.17988402465840583,215.0,-1,Noise
-0.19088804251824062,-0.30900293562669406,-0.1328490736169009,-0.14170983603108156,-0.3142985541446609,-0.43107141879024413,-0.3330618958196394,-0.5056808728207228,-0.1631965728597937,-0.2183738017009837,-0.1335642459239608,-0.19655388089164222,216.0,-1,Noise
-0.19159146463051277,-0.32364472939374633,-0.12908085031110542,-0.1212231485745826,-0.335541223837094,-0.4469013779183651,-0.3428891950701721,-0.5118703148747858,-0.1579621403172215,-0.20721381926750704,0.13249608608927463,0.7345205587285045,216.0,-1,Noise
-0.19152678213743027,-0.3070225454569944,-0.13335346294550815,-0.14097728964898923,-0.3443821037090893,-0.46980429750798697,-0.33185855305426804,-0.5041335123072072,-0.16335738839874767,-0.23103954201339336,-0.14323758847783077,-0.21567478828508638,216.2,-1,Noise
0.5686849419988095,1.6879930511488206,-0.0590836039739653,-0.01839737913883292,-0.07498084760967726,-0.18806470579153595,-0.3461983876749434,-0.5152463741770019,0.16163722578168135,0.411478927680241,0.04844039779735985,0.30430917018875553,216.6,-1,Noise
-0.16418387524913244,-0.2651266549082571,-0.1297180974348936,-0.13679193077422855,-0.3236305940095448,-0.4502694543286036,-0.3461983876749434,-0.5152463741770019,-0.1423415154665728,-0.18384561526175805,-0.12623513958788102,-0.14831376348990996,216.8,-1,Noise
-0.194319448776267,-0.31425015123335287,-0.1328431949533973,-0.1403489791157322,-0.3359095938317605,-0.4603736835593191,-0.33596997416928687,-0.5152463741770019,-0.16637890852500958,-0.22654832957065277,-0.12465884282074621,-0.13001438705624077,216.8,-1,Noise
-0.1955015213373496,-0.3239065991682521,-0.13339578932273394,-0.14184013084212563,-0.33443611385309463,-0.44302809004659083,-0.33205911018182993,-0.5152463741770019,-0.16825546731407107,-0.2398279557875505,-0.1429995721568674,-0.21581923328900285,217.0,-1,Noise
-0.19555165026948854,-0.3244663458112581,-0.1333710989360189,-0.14227589459906198,-0.3443821037090893,-0.46980429750798697,-0.32774713193924926,-0.49710005542759017,-0.1664910264007592,-0.22828284681965444,-0.14041582266012032,-0.19631012994753314,217.2,-1,Noise
-0.1922221189380671,-0.3163451094293988,-0.13286553387471092,-0.1419906937348877,-0.3400844537713138,-0.46710983637979614,-0.3060869621625649,-0.46319879326783636,-0.16107426074711947,-0.2229345106612135,-0.1417181761144482,-0.21830188179381738,217.2,-1,Noise
-0.1945814128732511,-0.31477716415454565,-0.13332759682609238,-0.14197042565316972,-0.32743708395443166,-0.4408388403799358,-0.3241371036431352,-0.4927393121622276,-0.16762692770759605,-0.23460992559940186,-0.14317172232611763,-0.21787757459481272,217.2,-1,Noise
-0.18886994873406676,-0.300243391669477,-0.13266565931558916,-0.14032436787364608,-0.35641552353486067,-0.46980429750798697,-0.29515659871044175,-0.4219827359532809,-0.16730642913348354,-0.23971791963485925,-0.10828062541407778,-0.08930346548365509,217.2,-1,Noise
-0.19433885352419175,-0.3088490871341719,-0.13343576423455827,-0.14259004986569052,-0.3270687139597652,-0.4394916098158404,-0.3317582744904871,-0.5069468950590539,-0.16956917171679364,-0.2385914969138882,-0.12954491371146606,-0.06728914410550892,218.2,-1,Noise
-0.19427417103110925,-0.3325810354487548,-0.133697952626818,-0.14266243587182612,-0.3381198137997593,-0.4566687995080568,-0.3093961547673361,-0.4797977515037324,-0.16351140891492894,-0.23754325777509253,-0.10660103854539284,-0.15266065532652157,222.8,-1,Noise
-0.19446175026104848,-0.3138507998272316,-0.133697952626818,-0.1443360003336813,-0.34118956375531323,-0.45330072309781827,-0.3258418392274113,-0.49133262078630424,-0.16524074221058185,-0.2248717260862254,-0.13630218209403633,-0.18534133746262538,222.8,-1,Noise
-0.19192619653221468,-0.29936940129706413,-0.13325822859675013,-0.1424221143314559,-0.33738307381042637,-0.44976424286706784,-0.3204267967832402,-0.4812044428796558,-0.16867902373356955,-0.23945441200604597,-0.1286961385291627,-0.1514644701378382,224.2,-1,Noise
-0.1919164941582523,-0.32172325992331047,-0.13268799823690278,-0.14036056087671386,0.49918518407712803,0.9747636748433081,0.7958741752262524,1.4362565716415232,-0.1647934032113789,-0.23339952791979798,-0.14606234821152816,-0.23183908700461509,224.5,-1,Noise
-0.15433111449034137,-0.18514180565765972,-0.12864347774643897,-0.13166700153982772,-0.3233850140131005,-0.43561832194406613,-0.3460981091111624,-0.5152463741770019,-0.13765294975340775,-0.16683055122981494,-0.13405973901980278,-0.16084888148603707,224.6,-1,Noise
-0.1958411044260327,-0.32571350061234167,-0.13355333750462992,-0.14309964734888517,-0.33652354382287125,-0.4623945294054622,-0.3358696956055059,-0.5134176753883015,-0.16904482245950006,-0.23989745230503973,-0.12700457599652992,-0.11290668190488257,226.5,-1,Noise
-0.16884586593805329,-0.20737782288537848,-0.12787454856017058,-0.1287585318132991,-0.3303840439117634,-0.4458909549952936,-0.3461983876749434,-0.5152463741770019,-0.1477378960518944,-0.1906968136109033,-0.1353456259362024,-0.16727217025394808,226.6,-1,Noise
-0.13799716792468425,-0.13679737191171853,-0.10360742561738781,-0.085176365239174,-0.31061485419799617,-0.4396600136363523,-0.3461983876749434,-0.5152463741770019,-0.12124863227630729,-0.12638357805109107,-0.11590313551687968,-0.08240621654664312,227.3,-1,Noise
-0.12911949574911177,-0.13483334860292548,-0.1295229258065747,-0.13516903651666828,-0.3404528237659803,-0.44117564802095965,-0.3461983876749434,-0.5152463741770019,-0.12540718621320152,-0.14693717309852677,-0.10279128045198535,-0.10376602150079275,227.9,-1,Noise
-0.17906084865810637,-0.2854772097595345,-0.12985213096277526,-0.13216067410167254,-0.2540086650175819,-0.26350961738087847,-0.3461983876749434,-0.5103229543612701,-0.16139022930605015,-0.220429740343373,-0.1323981156470396,-0.2074685065000813,228.0,-1,Noise
0.019769900952829947,0.2719747993473811,-0.10939320623761233,-0.0991251486215051,-0.24664126512425247,-0.3669095631752006,-0.3461983876749434,-0.5138396828010785,-0.012896331646581029,0.0886647082546026,-0.06272070888250351,-0.0006458304235425117,229.8,-1,Noise
-0.19397339743827566,-0.31628946210231634,-0.13268917396960347,-0.14018683446198843,-0.3333310038690952,-0.4501010505080917,-0.33857721682759145,-0.5152463741770019,-0.16045704617859893,-0.20569647863565915,-0.13709107895660047,-0.18987781336687734,230.1,-1,Noise
-0.19541743409634235,-0.3209900245546944,-0.12878221420512348,-0.0954884756732523,-0.33861097379264793,-0.4526271078157706,-0.33617053129684876,-0.5152463741770019,-0.1642973665489716,-0.21657847499917893,-0.0005969521530692499,0.7301285278281691,230.1,-1,Noise
-0.19598340591081417,-0.33733069848385266,-0.13357802789134496,-0.1418488171628619,-0.3311207839010964,-0.4527955116362825,-0.3302540960337729,-0.5070875641966462,-0.16684889760012156,-0.23626336357799946,-0.14579139881470823,-0.2295685920993029,233.4,-1,Noise
-0.1948951229647012,-0.32021423534772114,-0.13333935415309955,-0.1416939111097317,0.0411784907084831,0.46517371397422225,0.09402450732341024,0.5586218222029175,-0.16827132236720738,-0.24027099608654426,-0.14579588968868867,-0.22975817616694327,233.9,-1,Noise
-0.19401705812110634,-0.32699993587960113,-0.13129240352115262,-0.13839600467019356,-0.3359095938317605,-0.4376391677902092,-0.3126050688083264,-0.48711254665853404,-0.16327245061408888,-0.23251055163358178,-0.12708391477018438,-0.18953024257620332,234.9,-1,Noise
-0.18819725080600883,-0.3148557250868974,-0.13129945791735692,-0.1390619559266411,-0.3302612539135413,-0.4460593588158055,-0.3121036759894217,-0.48880057630964213,-0.1601014399868275,-0.23017373123300688,-0.1316436488183255,-0.20118966273608677,234.9,-1,Noise
-0.19008436254169062,-0.30918297109666676,-0.1312829976595469,-0.13973659350382495,0.7149272109534575,1.0192222834584563,1.2075176795470361,1.7637343239564893,-0.16332794330006595,-0.23217175611082183,-0.14452347539423038,-0.22617864841363797,235.5,-1,Noise
-0.18558569514780307,-0.2984692239472006,-0.13131356670976552,-0.1386175058489685,0.9005856882653586,1.3969520528667048,0.9966318599157065,1.470579841214054,-0.1642554639085399,-0.23312154184984113,-0.14396211614667526,-0.22495989369309266,236.1,-1,Noise
-0.16504900359411082,-0.2753035690199865,-0.12278597743147078,-0.1290582098787005,-0.35641552353486067,-0.4383127830722569,-0.3461983876749434,-0.514402359351448,-0.10555212967136342,-0.14487544307968003,0.010604784512144163,0.06507213245208393,236.5,-1,Noise
-0.17157385008380754,-0.3002728520191089,-0.1315592948442152,-0.13911117841081333,1.7829546154897775,2.373020596553824,2.6112170153527203,3.548825680003277,-0.1131636876805862,-0.11991750623636523,-0.1211424884940609,-0.1697503048523902,236.6,-1,Noise
-0.1919811766513348,-0.27863586190057205,-0.13330878510288094,-0.1407601316305824,-0.3404528237659803,-0.45229030017474675,-0.34048250953942943,-0.5152463741770019,-0.15522487864361764,-0.17468076201786767,-0.1422076813783163,-0.21343589072438093,236.9,-1,Noise
-0.19489188884004707,-0.3178312203997189,-0.1333217181625888,-0.141979111973906,-0.34229467373931266,-0.46980429750798697,-0.3425883593788293,-0.5152463741770019,-0.1626676935873183,-0.2067215522686251,-0.1421822330924271,-0.2113098408229852,236.9,-1,Noise
-0.1942030202887185,-0.3216348788744148,-0.13334758428200458,-0.14173734271341307,-0.3381198137997593,-0.4655942019951888,-0.3321593887456109,-0.5058215419583152,-0.16670053960291753,-0.2320298673876147,-0.1396239318815692,-0.2062948908432599,236.9,-1,Noise
-0.19662052846767678,-0.34084630020659223,-0.13305717830492766,-0.141320399318072,-0.3381198137997593,-0.4559951842260091,-0.3384769382638105,-0.5152463741770019,-0.16823281723816205,-0.23968896275257207,-0.13995026872414792,-0.19957368425477115,236.9,-1,Noise
-0.19064386610685422,-0.3116478203492021,-0.133697952626818,-0.144347582094663,-0.3357868038335383,-0.44639616645682934,-0.3397805595929628,-0.5096196086733084,-0.1610572731901877,-0.2219007499635614,-0.06860225683888779,0.01739625334690044,236.9,-1,Noise
-0.19462183943142766,-0.3335172198926128,-0.12933480857446011,-0.13272673266965296,-0.3430314137286456,-0.45852124153368795,-0.3461983876749434,-0.5152463741770019,-0.15299271366278472,-0.18441027446635794,-0.13003441897533413,-0.18303473130633408,238.0,-1,Noise
-0.19360147310305129,-0.30140871216602755,-0.13040707679751332,-0.12865574368458654,-0.3259636039757658,-0.4186095360723617,-0.33968028102918185,-0.5152463741770019,-0.13361897123401306,-0.08030738695574066,-0.13648181705325396,-0.17388052918312707,238.0,-1,Noise
-0.19602383246899074,-0.3384600118864087,-0.1314946295456758,-0.13664860648208005,-0.3370147038157599,-0.447069781738877,-0.33185855305426804,-0.5066655567838693,-0.16563258852380772,-0.2366050547889881,-0.14599199118583459,-0.23144637715021715,238.3,-1,Noise
-0.1941302524840007,-0.3069963584795438,-0.133697952626818,-0.144347582094663,-0.34118956375531323,-0.4620577217644384,-0.3384769382638105,-0.5152463741770019,-0.16709351841993886,-0.23165921929433886,-0.14590367066421925,-0.23052554025024957,238.7,-1,Noise
-0.18612579396504192,-0.304200898636695,-0.13320767209061934,-0.14025487730775588,-0.335541223837094,-0.44858541612348435,-0.3461983876749434,-0.5152463741770019,-0.16646271380587294,-0.23825270139112828,-0.11940152634764326,-0.08167947762068833,238.7,-1,Noise
-0.19187606760007575,-0.3237036500930101,-0.1333852077284275,-0.14247567997599625,-0.33627796382642694,-0.44117564802095965,-0.3340646814574489,-0.5023048135185068,-0.16541628029887667,-0.22990153653950743,-0.1425504847588233,-0.21892931477957958,240.0,-1,Noise
0.06050208390920428,0.3902613764916245,-0.12734546884484826,-0.13237204123958848,-0.32915614392954184,-0.42248282394413594,-0.3461983876749434,-0.5151057050394096,-0.009587155556274677,0.1172104028132982,-0.053882668888995566,0.08153434899219038,240.1,-1,Noise
-0.19588476510886338,-0.33417516770105843,-0.1334886722060905,-0.1432979850056967,-0.3298928839188748,-0.44656457027734126,-0.32895047470462063,-0.5058215419583152,-0.1667650923192582,-0.22943243504645522,-0.14488274531266565,-0.2255828127724825,240.3,-1,Noise
-0.1913359687828369,-0.32151376410370586,-0.13349102367149196,-0.1417894606378307,-0.33713749381398206,-0.4536375307388421,-0.3447944877820101,-0.5117296457371935,-0.16652953152980451,-0.23743032593417254,-0.14188134453573759,-0.2197779291775889,240.5,-1,Noise
-0.12550374438580028,-0.0859619019357915,-0.1307115915669988,-0.13816871261092775,-0.3328398438762066,-0.43342907227741106,-0.34038223097564846,-0.5132770062507092,-0.1147559880169896,-0.11046887554606052,-0.11644952518450001,-0.06483809294530113,241.1,-1,Noise
-0.1962194970105653,-0.33589041472407105,-0.13300779753149758,-0.13981766583069682,-0.32485849399176636,-0.4342710913799707,-0.3073905834917172,-0.44955388692137943,-0.16705048327571173,-0.23328949176710673,-0.0499202210802531,0.42346275670073513,242.6,-1,Noise
-0.19196015484108297,-0.32422411626984027,-0.133697952626818,-0.144347582094663,-0.33517285384242756,-0.4512798772516752,-0.3131064616272311,-0.4848618404570566,-0.16764051775314145,-0.24023045645134222,-0.13199094307281295,-0.1980931229646272,242.6,-1,Noise
-0.14835768625417292,-0.2041600980311392,-0.12991797199401536,-0.13770544217165986,0.49034430420513275,0.6271781893066944,-0.30488361939719355,-0.4437864522800935,-0.16203575646945695,-0.22943533073468395,-0.13849971642846548,-0.21173414802198987,243.0,-1,Noise
-0.18912544458174263,-0.31488191206434796,-0.13295606529266607,-0.14223391071550334,-0.3389793437873144,-0.45835283771317603,-0.3331621743834204,-0.5065248876462769,-0.16120902869877807,-0.23581453190254825,-0.1356944171486833,-0.21034386485929374,243.2,-1,Noise
-0.19522500367942192,-0.3350687983065593,-0.133697952626818,-0.14344275701796794,-0.34966207363264207,-0.46980429750798697,-0.33637108842441066,-0.5099009469484931,-0.1654615804506947,-0.23658188928315835,-0.14617761397702617,-0.23083699978994449,244.5,-1,Noise
-0.18883113923821726,-0.30405687026071687,-0.13352747138521415,-0.14370768980042425,-0.3456100036913109,-0.46087889502085494,-0.34188640943236265,-0.5134176753883015,-0.16828830992413912,-0.24098043970258,-0.13680515997984571,-0.1909972621472301,244.5,-1,Noise
-0.1940526334923017,-0.3253141492062204,-0.131522847130493,-0.13715386080490657,-0.3357868038335383,-0.4442069167901743,-0.3315577173629252,-0.5041335123072072,-0.16557256582264884,-0.23450857651139673,-0.1455429037877905,-0.23121165401885285,244.6,-1,Noise
-0.1933395090060672,-0.29553955584491765,-0.13366620784389865,-0.1432328376001747,-0.33468169384953894,-0.45111147343116326,-0.3350674670952583,-0.5152463741770019,-0.165625793501035,-0.21532753768437304,-0.13797578113074735,-0.18554446324938292,244.8,-1,Noise
-0.189109273958472,-0.30036777981236723,-0.133697952626818,-0.14330956676667841,-0.34892533364330913,-0.4679518554823558,-0.33115660310780143,-0.4993507616290676,-0.16748083471798292,-0.23911272079505733,-0.13073200140029598,-0.1791211744814719,244.8,-1,Noise
-0.19333304075675894,-0.32390332579607073,-0.13357802789134496,-0.14141305340592555,-0.35641552353486067,-0.46980429750798697,-0.32965242465108724,-0.5104636234988624,-0.16710710846548427,-0.23980189459349205,-0.10095900386796541,-0.08000030445015924,244.8,-1,Noise
-0.15562153022733713,-0.20251686519611564,-0.12758766978119582,-0.13206802001381895,-0.3000549143508907,-0.4078316915595984,-0.34379170214420063,-0.5152463741770019,-0.13214445129233654,-0.15590222385463567,-0.11313376322894106,-0.1140667558425868,245.1,-1,Noise
-0.18771536623254423,-0.28304509422881247,-0.13112780094305235,-0.13345348817125444,0.6631098317037073,1.3799432669950005,0.5353504665233543,1.1706732398671862,-0.16583077668801155,-0.23489370304581614,-0.14546206805614256,-0.22903595114736086,246.1,-1,Noise
-0.16563114603185328,-0.21286399466127376,-0.12060499327164219,-0.11888508057640257,-0.3210520040468795,-0.44791180084143667,-0.3454964377284767,-0.5139803519386709,-0.14355555953529572,-0.18369214378563603,-0.1285359640238603,-0.16008603130910315,246.2,-1,Noise
-0.16220297389848104,-0.2822562115331139,-0.1310019975440757,-0.13994940836186362,-0.35641552353486067,-0.46054208737983104,-0.2975632842411845,-0.4814857811548405,-0.15344345017337402,-0.2322325655636249,-0.1410190967314929,-0.2254428816749384,249.9,-1,Noise
-0.19341065974845795,-0.31405374890247356,-0.1289491682486252,-0.1273716159357409,-0.33394495386020595,-0.45852124153368795,-0.33747415262600106,-0.5152463741770019,-0.15776621716060857,-0.19839934429929143,-0.12935330308830056,-0.16697425243337033,250.3,-1,Noise
-0.19540126347307174,-0.33569401239319174,-0.11964559538785775,-0.10372310773123873,-0.32289385402021187,-0.43443949520048264,-0.335669138477944,-0.5141210210762632,-0.14806858716016597,-0.18749418242994192,-0.11687316429665495,-0.13849150322358925,250.3,-1,Noise
-0.1873596125205905,-0.30182770380523677,-0.13298193141208184,-0.13660662259852138,-0.3403300337677581,-0.442691282405567,-0.32744629624790644,-0.5068062259214616,-0.16783757341354982,-0.2327856420153099,-0.09301165388057828,-0.002965978298950987,250.6,-1,Noise
-0.19507461688300512,-0.32804086823326145,-0.13351101112740413,-0.1421340180270362,-0.32522686398643286,-0.4462277626363174,-0.3312568816715824,-0.5066655567838693,-0.1658964619081477,-0.2230184856198463,-0.09914319382187375,0.03911717081084126,251.2,-1,Noise
-0.09487496684891172,-0.037921891802713235,-0.08732470344516889,-0.05415317072957639,-0.300300494347335,-0.43107141879024413,-0.3461983876749434,-0.5152463741770019,-0.1053052438439552,-0.10387249776104242,-0.07652864941436621,-0.03835951816486121,252.1,-1,Noise
-0.17245029786507535,-0.2581478254176791,-0.13042706425342548,-0.13792839107055754,-0.2993181743615578,-0.43140822643126797,-0.3461983876749434,-0.5152463741770019,-0.1460085627562415,-0.19032037414117003,-0.13912095399575983,-0.1612009661830835,252.2,-1,Noise
-0.14242953576316222,-0.20106021457542747,-0.12816025160644462,-0.13081863754791842,-0.35113555361130794,-0.44572255117478166,-0.3434908664528578,-0.5142616902138556,-0.12631771926474372,-0.14492466977956822,-0.09700104693320338,-0.09928822637938184,252.3,-1,Noise
-0.1910141733797515,-0.30701599871263174,-0.133088923087847,-0.14126393823328623,-0.31699993410554833,-0.4309030149697322,-0.322733203750202,-0.49639670973962846,-0.163898725212973,-0.2325163430100392,-0.1462344983807784,-0.23093630573013707,252.4,-1,Noise
-0.18676776770888567,-0.29883584163150867,-0.13338755919382891,-0.14243224837231488,-0.32657755396687654,-0.44252287858505507,-0.3086942048208695,-0.4833144799435409,-0.16480812576071976,-0.23080499126686727,-0.10484810073502734,-0.05663181116029605,252.4,-1,Noise
-0.19177580973579786,-0.29422693360020763,-0.1311618971913731,-0.13550345986501477,-0.34892533364330913,-0.46980429750798697,-0.3217304181123925,-0.49217663561185826,-0.1628602192325449,-0.22260729789136846,-0.13978111247088465,-0.20604662599277845,253.0,-1,Noise
-0.19466388305193127,-0.3133303336504014,-0.1323282240304836,-0.1366428156015892,-0.33885655378909224,-0.4623945294054622,-0.3232345965691067,-0.4917546281990813,-0.1675499174495054,-0.2365905763478445,-0.14090832183997534,-0.20509870565457652,253.0,-1,Noise
-0.18905591090167895,-0.30698653836299983,-0.12865523507344614,-0.13538329909482966,-0.3448732637019779,-0.46104729884136686,-0.3236357108242305,-0.5027268209312837,-0.16433926918940325,-0.23806158596803292,-0.13413907779345724,-0.20875045590984007,253.0,-1,Noise
-0.19130524459862272,-0.312685479330681,-0.13155694337881377,-0.13788206402663075,-0.32633197397043223,-0.44892222376450824,-0.3339644028936679,-0.507790909884608,-0.16045704617859893,-0.22506573719754946,-0.09546067715791211,-0.06448149434188231,253.1,-1,Noise
-0.19629549893993722,-0.3368626062619236,-0.13330290643937737,-0.14049375112800339,-0.34254025373575697,-0.46980429750798697,-0.32554100353606846,-0.5013201295553603,-0.16566429863008034,-0.23165632360611016,-0.1452300395671531,-0.22734775016408698,254.4,-1,Noise
-0.1946978413607996,-0.3365843696265113,-0.1330442452452198,-0.14274785135906612,-0.3328398438762066,-0.44757499320041283,-0.3211287467297068,-0.4911919516487119,-0.16872545638918302,-0.23796892394471397,-0.14464921986568272,-0.22407065413773183,254.4,-1,Noise
-0.19634239374742204,-0.33507534505092196,-0.13359213668375355,-0.14209203414347754,-0.33480448384776107,-0.449427435226044,-0.3317582744904871,-0.5152463741770019,-0.1601105000171911,-0.189726758054283,-0.1382152944097042,-0.18551737981114858,255.8,-1,Noise
-0.19040615794477603,-0.32143520317135416,-0.133697952626818,-0.1437134806809151,-0.35641552353486067,-0.46980429750798697,-0.3336635672023251,-0.5031488283440607,-0.16474130803678816,-0.24025941333362938,-0.1328995965748555,-0.20699454633098036,255.8,-1,Noise
-0.19357883423047242,-0.320427004539507,-0.133697952626818,-0.14296645709759565,-0.33996166377309167,-0.4506062619696275,-0.32513988928094467,-0.5032894974816531,-0.16737324685741511,-0.22984941415139054,-0.1136487167786983,-0.0738613917837088,255.8,-1,Noise
-0.18024615534384308,-0.2792348890097539,-0.10855020589119879,-0.0843019422850559,-0.30545767427266557,-0.4186095360723617,-0.3238362679517924,-0.49316131957500464,-0.16451367477390264,-0.23471417037563566,-0.1453752444925207,-0.2278036547076984,255.8,-1,Noise
0.5409846643362309,1.4402184172558508,1.204403434058311,2.170252872896217,1.3355078619682381,1.6099828858142904,1.4476848398024023,1.8114211616002924,-0.11402665557271947,-0.12362688285735214,-0.11904674730318841,-0.16783189464412446,256.3,-1,Noise
-0.18931464087400893,-0.3005707288876092,-0.13221300222581342,-0.13998415364480873,-0.35641552353486067,-0.46980429750798697,-0.3445939306544482,-0.5152463741770019,-0.15986361418978287,-0.20970990252066138,-0.12947904755975292,-0.18458751509843624,257.2,-1,Noise
-0.1960594078401861,-0.33375290268966795,-0.13351336259280555,-0.14133777195954453,-0.35616994353841636,-0.46980429750798697,-0.34228752368748644,-0.5152463741770019,-0.1445351753183604,-0.12750420939560467,-0.13627673380814717,-0.18716044173069857,257.2,-1,Noise
-0.18991780512200318,-0.2923971185508487,-0.13327821605266232,-0.14096715560813025,-0.35616994353841636,-0.4689622784054273,-0.3461983876749434,-0.5152463741770019,-0.16064164429725739,-0.23113799541316976,-0.12025329544593356,-0.1706982251905921,257.2,-1,Noise
-0.19303065010159828,-0.32461037418723626,-0.133697952626818,-0.144347582094663,-0.21913630552248936,-0.1809917453300351,-0.31862178263518315,-0.47304563289930013,-0.1661977079177375,-0.23361960022518052,-0.10324785263999686,-0.08306524687701207,257.2,-1,Noise
-0.08688182776624237,-0.030478243462387537,-0.11837462833838353,-0.11714057782853449,-0.2818819946140115,-0.4068212686365269,-0.3461983876749434,-0.5152463741770019,-0.09939583903929451,-0.09034094666824626,-0.08060636298860666,-0.06278877945223606,257.4,-1,Noise
-0.19136345884239697,-0.3131895786466046,-0.13315946704988998,-0.14138409900347132,-0.34634674368064383,-0.45397433837986595,-0.3352680242228202,-0.5097602778109007,-0.16608219253060155,-0.23351245976071797,-0.08363171509343044,-0.03826021222466863,257.7,-1,Noise
-0.19435179002280825,-0.3296775543239224,-0.1303706290837911,-0.13192035256130233,-0.32731429395620953,-0.4415124556619835,-0.3410841809221151,-0.5152463741770019,-0.1533551148773289,-0.20298901014180842,-0.03813167688159539,0.09824031647640588,257.7,-1,Noise
-0.19650409998012827,-0.33896738457451353,-0.13311949213806562,-0.14155203453770593,-0.33185752389042933,-0.4437017053286385,-0.32965242465108724,-0.5103229543612701,-0.16671526215225838,-0.23288988679154374,-0.12070537675996464,-0.1077292312957512,257.7,-1,Noise
-0.19550475546200372,-0.3238083980028124,-0.13264332039427557,-0.13409917134598404,-0.33713749381398206,-0.4469013779183651,-0.3355688599141631,-0.5118703148747858,-0.1658522942601251,-0.2195639295629865,-0.02863497537095609,0.8290056469153726,257.7,-1,Noise
-0.18758923537103336,-0.2863381066432221,-0.13170861289720617,-0.13772136709300972,4.490965236281224,6.646772753505464,4.982704770208316,7.415820272416689,-0.10847059195223935,-0.10185130737739771,-0.136176437622584,-0.16065929741839668,258.2,-1,Noise
-0.1945943493718676,-0.31710780514764675,-0.133697952626818,-0.14338774365330487,-0.3429086237304234,-0.46306814468750995,-0.3366719241157535,-0.5152463741770019,-0.16613202269760138,-0.22956563670497623,-0.14450401494031515,-0.22252238425200205,260.9,-1,Noise
-0.19120822085899897,-0.31244979653362587,-0.12911494655942618,-0.13278464147456145,-0.35395972357041755,-0.46980429750798697,-0.3315577173629252,-0.5042741814447995,-0.16646950882864564,-0.23942835081198752,-0.14392319523884475,-0.2216827976667375,261.1,-1,Noise
-0.16359526456208173,-0.2199541188060167,-0.1259263594750838,-0.1268345117702147,-0.3193329440717693,-0.4207987857390167,-0.34359114501663873,-0.5135583445258939,-0.13807424116531533,-0.16614427311960894,-0.1303023744561671,-0.14262624146069852,264.6,-1,Noise
-0.19576833662131488,-0.33328153709555763,-0.1336908982306137,-0.14334865520999165,-0.34843417365042045,-0.46980429750798697,-0.32874991757705874,-0.5041335123072072,-0.1669485579341212,-0.23061966722022934,-0.1398544634125652,-0.20295911403406366,265.1,-1,Noise
-0.1962324335091818,-0.3356874656488291,-0.133697952626818,-0.14419701920190095,-0.33468169384953894,-0.4526271078157706,-0.3295521460873063,-0.502445482656099,-0.16716486615905224,-0.23489080735758744,-0.14195020460343766,-0.20940497233383662,265.1,-1,Noise
-0.1931115032179514,-0.29741192473263367,-0.1336238814666729,-0.14327337376361063,-0.3443821037090893,-0.46980429750798697,-0.3312568816715824,-0.5099009469484931,-0.16772772054539115,-0.23387152510107892,-0.12797011390232474,-0.14509986215276827,265.1,-1,Noise
-0.19484175990790814,-0.31655133187682205,-0.13302660925470905,-0.14116694098506452,-0.3255952339810993,-0.43258705317485147,-0.33055493172511574,-0.5046961888575765,-0.16763372273036875,-0.2269392474815296,-0.11280143855438841,-0.006649325898821252,266.0,-1,Noise
-0.19386020307538127,-0.31943517276856653,-0.13334758428200458,-0.13994796064174092,0.5487923433588793,2.212531755605959,0.9884090176856688,3.5657059765143577,-0.16112182590652838,-0.2008288267231853,-0.1442165990055669,-0.22458975337055667,266.5,-1,Noise
-0.1913068616609498,-0.29328747578416825,-0.13287493973631664,-0.139323993268852,0.5611941331793172,2.2812405143748244,0.9168101231460734,3.527162632814057,-0.16232341243350137,-0.20038289073596283,-0.14533183271070976,-0.2278442798650499,266.5,-1,Noise
-0.19581846555345384,-0.33609663717149435,-0.13352511991981272,-0.14311267682998957,-0.3381198137997593,-0.4593632606362476,-0.33035437459755385,-0.5034301666192454,-0.1666031442765088,-0.23867836756074973,-0.1441642054757951,-0.2254338538621936,267.1,-1,Noise
-0.19383109595349415,-0.32963172711338384,-0.12838834375038355,-0.12812877355991933,-0.29170519447178406,-0.37111965868799873,-0.3461983876749434,-0.5152463741770019,-0.1592939647806713,-0.21259690368469258,-0.1388619802628877,-0.18584689497633305,267.3,-1,Noise
-0.19535436866558692,-0.32187383504365125,-0.13322413234842936,-0.1403287110340142,-0.34229467373931266,-0.46980429750798697,-0.3339644028936679,-0.5152463741770019,-0.16838457274675242,-0.23385704665993534,-0.12796113215436386,-0.09937850450682964,268.3,-1,Noise
-0.1430068270139235,-0.15713155990208935,-0.11396210351259554,-0.09789748195744523,-0.34192630374464617,-0.4559951842260091,-0.33968028102918185,-0.5152463741770019,-0.12482734426993086,-0.1329683730831943,-0.12299272857400259,-0.09568612909421459,268.3,-1,Noise
-0.1951441505630688,-0.33355977373096996,-0.13330055497397592,-0.1406153596183112,-0.3426630437339791,-0.43999682127737616,-0.32684462486522076,-0.4990694233538829,-0.16519091204358202,-0.2232327665487714,-0.13817487654388025,-0.19408928801231726,269.6,-1,Noise
-0.19676121289013118,-0.3400475973943497,-0.1335168897909077,-0.1431734810751435,0.2709185773821385,1.8710088076077744,0.3427153455001567,2.171252815561497,-0.16306293741193054,-0.19789839023572334,-0.1458931919582649,-0.23062936009681453,270.5,-1,Noise
-0.19479324803809628,-0.3245710937210604,-0.1336826681017087,-0.14204715481967348,-0.33676912381931556,-0.4450489358927339,-0.3331621743834204,-0.5100416160860853,-0.16736758433843787,-0.2402449348924858,-0.14444413662057592,-0.2246258646215358,273.9,-1,Noise
-0.08766610299486761,0.05968679327212054,-0.11834993795166848,-0.11436529835329538,0.36215154606120104,0.38703434125668895,-0.2396022743757976,-0.3845647453537186,-0.10355439297618874,-0.09790158863342725,-0.09296225426679341,-0.035940064349260156,274.8,-1,Noise
-0.1282834745260205,-0.11853195513994308,-0.11858038156100886,-0.117082669023626,-0.2950205244237823,-0.42180920866208826,-0.3461983876749434,-0.5152463741770019,-0.12857140181769022,-0.1543848832227878,-0.11119220871139704,-0.11234695751470619,278.6,-1,Noise
0.10510713113889301,0.5793673607787643,-0.1106018594539486,-0.10045994657464566,-0.2847061645731211,-0.43022939968768453,-0.3461983876749434,-0.5152463741770019,0.04716827215272697,0.2382096311384812,-0.01479410176323683,0.14224638970083628,278.8,-1,Noise
-0.19411246479840302,-0.3231439034500041,-0.1336767894382051,-0.14356870866864388,-0.33738307381042637,-0.46593100963621265,-0.3358696956055059,-0.5114483074620088,-0.16736531933084697,-0.23479524964603976,-0.12946258102182465,-0.13288974541545323,279.6,-1,Noise
-0.1963698838069821,-0.33429955584394866,-0.133697952626818,-0.144347582094663,-0.3403300337677581,-0.46980429750798697,-0.3344657957125727,-0.5082129172973849,-0.16938230859054432,-0.2353541174741822,-0.1321077057963044,-0.12817722716267804,279.9,-1,Noise
0.8393585366764733,1.2143131829062916,0.6765323719523486,0.7719448856924027,0.3891653456700755,0.36194217200041207,-0.27359670749753834,-0.42043537543976517,-0.07268460451979909,-0.1225352083951257,-0.11699441789412686,-0.19332643783538334,281.1,-1,Noise
-0.1272776617585877,-0.12659427082253857,-0.12842243999870434,-0.13339413164622324,-0.29858143437222484,-0.4330922646363872,-0.3461983876749434,-0.5135583445258939,-0.12443210044531865,-0.14476830261521748,-0.10833301894384958,-0.11368758770730604,281.2,-1,Noise
-0.19421433972500793,-0.32981830932771916,-0.13270210702931137,-0.14026356362849215,-0.34966207363264207,-0.46980429750798697,-0.3365716455519725,-0.5151057050394096,-0.14902668537111707,-0.1953183320239362,-0.11685520080073318,-0.14469812448562555,281.6,-1,Noise
-0.19490159121400946,-0.3200309265055671,-0.1334722119482805,-0.14194581441108362,-0.33885655378909224,-0.46407856761058147,-0.32834880332193495,-0.5030081592064685,-0.16814787945350326,-0.23908376391277014,-0.13656564670088886,-0.17757290459574213,281.9,-1,Noise
-0.1926263845198327,-0.29599128120594004,-0.13346398181937547,-0.1413464582802808,-0.3421718837410905,-0.46980429750798697,-0.3342652385850108,-0.5138396828010785,-0.1598058564962149,-0.2077726870956495,-0.13901167606223575,-0.1988153479842096,283.0,-1,Noise
-0.18750676519235318,-0.31172310790937247,-0.13309127455324843,-0.14095123068678042,-0.3357868038335383,-0.449427435226044,-0.31641565423200235,-0.4986474159411059,-0.16198479379866165,-0.22578386787827137,-0.07088212386295835,0.073012093761118,283.0,-1,Noise
-0.16800661059030791,-0.2248118031230982,-0.11843694217152148,-0.1151210082573511,-0.3400844537713138,-0.44892222376450824,-0.3461983876749434,-0.5152463741770019,-0.1568964542457026,-0.2167232594106148,-0.14051462188769,-0.21245637304157228,284.1,-1,Noise
-0.19612732445792275,-0.3355696242503015,-0.13334758428200458,-0.1415476913773378,-0.3384881837944258,-0.46710983637979614,-0.33877777395515335,-0.5152463741770019,-0.1662826457023963,-0.23531357783898016,-0.14454143889015214,-0.22536614526660778,285.2,-1,Noise
-0.19647014167125995,-0.341271838590164,-0.13329937924127522,-0.14221509035390806,-0.3357868038335383,-0.46054208737983104,-0.3343655171487917,-0.5134176753883015,-0.16835399514427526,-0.23999301001658738,-0.14526596655899662,-0.2297401205414537,285.2,-1,Noise
-0.04539285964080284,0.09438453839413127,-0.12662474469930923,-0.1302294154579746,0.6142394124112889,0.6739944514090096,1.6372113253483904,2.121174602578624,-0.11003231468616557,-0.1099650257942637,-0.1009066103381936,-0.14253144942687831,287.4,-1,Noise
-0.19499538082897908,-0.3228296597205972,-0.1336379902590815,-0.14126828139365435,-0.3500304436273085,-0.46980429750798697,-0.3342652385850108,-0.509478939535716,-0.166701672106713,-0.22125501148855745,-0.1276168318158634,-0.08606699461465143,288.7,-1,Noise
-0.1853916476685556,-0.2927080889080743,-0.11513901194601249,-0.09668139705436707,-0.3287877739348754,-0.4386495907132808,-0.3327610601282966,-0.5001947764546216,-0.1660470849129426,-0.23860307966680305,-0.1443004286532018,-0.22375919459803692,289.1,-1,Noise
-0.07851029609904042,-0.054959794006493035,-0.12921958676978992,-0.13490120829396654,0.5228836537340043,0.7039703314601322,1.4710497451633626,1.8667041326740819,-0.10884431820473801,-0.09822011433858616,-0.10874917326603713,-0.12246262169523225,289.2,-1,Noise
-0.17109034844801588,-0.20523703747879404,-0.015322832853307627,0.10473990361856755,-0.21029542565049406,-0.31453597499599184,-0.34138501661345794,-0.49105128251111957,-0.16122488375191438,-0.22497886655068797,-0.1442719864513257,-0.22805191955817983,289.7,-1,Noise
-0.16408038326020047,-0.22901153963173404,-0.12726199182309741,-0.131942068363143,0.34324188633498887,0.45102779305122054,-0.28753542786308983,-0.43365827437344506,-0.13690436474461495,-0.1718140306714375,-0.10173891898256868,-0.11974976396542585,289.8,-1,Noise
-0.18898637722161526,-0.29695365262724865,-0.1329372535694546,-0.1414535895693615,1.124800225019017,1.8053313176081236,0.9083867237884738,1.4417426680076244,-0.16094175780305175,-0.2265222683765943,-0.14582133797457783,-0.21674007018897043,291.0,-1,Noise
-0.19537700753816578,-0.3213108150284639,-0.12713383695871935,-0.11384846226948717,-0.3285421939384311,-0.4406704365594239,-0.3382763811362486,-0.5152463741770019,-0.159300759803444,-0.19324212356394585,-0.1310283990830051,-0.15086863449668272,293.0,-1,Noise
-0.18715262854272652,-0.32151049073152455,-0.12230627848957856,-0.11653398309711811,-0.3162631941162154,-0.4248404774313029,-0.333763845766106,-0.5076502407470156,-0.15871638784499154,-0.2152377713492828,-0.12048981480890346,-0.18744481783215913,293.0,-1,Noise
-0.1933168701334883,-0.32701957611268906,-0.13208602309413606,-0.14015208917904332,-0.33369937386376164,-0.44319649386710275,-0.3204267967832402,-0.4900665985479732,-0.1658477642449433,-0.23535990885063965,-0.13665396722250422,-0.21298450008714193,293.2,-1,Noise
-0.19583301911439738,-0.3283943924288442,-0.13307951722624128,-0.14138988988396217,-0.33185752389042933,-0.45296391545679443,-0.32624295348253507,-0.4962560406020361,-0.16702556819221182,-0.23376148894838766,-0.1285509336037951,-0.11427439553571674,293.2,-1,Noise
-0.1447694249504215,-0.17352460778614875,-0.1258252464628222,-0.12827354557219053,-0.28912660450911876,-0.40294798076475263,-0.3461983876749434,-0.5142616902138556,-0.12294172545050579,-0.14124425004086846,-0.11278646897445362,-0.07266069268865305,293.8,-1,Noise
-0.14491496055985711,-0.16019216289162522,-0.12927719767212503,-0.13731745317877303,0.7964597697729696,1.0648597188171882,-0.23017608938038867,-0.3655744117787528,-0.1298137584812994,-0.1537652059418423,-0.11225504888676809,-0.12107233853253613,294.7,-1,Noise
-0.1937001139050021,-0.3142403311168089,-0.13364974758608864,-0.1433761618923232,-0.33627796382642694,-0.46306814468750995,-0.33887805251893427,-0.5099009469484931,-0.1655136756252854,-0.23405684914771682,-0.1332663512832582,-0.1809809039068966,295.4,-1,Noise
-0.18760540599430398,-0.3180145292418729,-0.13244932449865737,-0.14155492997795135,-0.33971608377664736,-0.44858541612348435,-0.3447944877820101,-0.509056932122939,-0.15990098681503276,-0.23950363870593416,-0.08484874194212996,-0.15203773624713174,295.4,-1,Noise
-0.1897884401358382,-0.29542498781857135,-0.13278675978376295,-0.13999863084603584,0.21271611822483616,1.351483021328485,0.3782139570786116,1.961655800548911,-0.1673641868270515,-0.2333850494786544,-0.1462344983807784,-0.23252971467959074,295.6,-1,Noise
-0.1963650326200009,-0.3344435842199268,-0.13362035426857075,-0.1424684413753827,-0.32657755396687654,-0.41642028640570666,-0.32624295348253507,-0.4952713566388897,-0.16575036891853456,-0.2236815982242226,-0.14038438654225724,-0.19911777971115974,296.4,-1,Noise
0.3062599822514909,0.9847875989241905,0.4259461099832994,0.8545836457370549,3.6644657582478866,3.883097655084258,1.6018129923337165,1.5554033311822346,-0.09575370683312572,-0.10046137702761339,-0.14516716733142693,-0.2298755377326254,296.7,-1,Noise
-0.18622281770466564,-0.2852284334737541,-0.052602965327617504,0.0834395974531044,-0.2844605845766768,-0.4231564392261836,-0.3211287467297068,-0.4954120257764821,-0.16415127355935846,-0.23699018132340752,-0.14244869161526663,-0.2239848899166564,297.0,-1,Noise
0.8803138742339821,2.457981842616777,1.1944214634292303,2.263037255560836,0.742677750551665,0.887193688177107,-0.18956327104910548,-0.3229516630882739,-0.07073783049541969,-0.027851994692525944,-0.04168844907410468,0.025453576221616644,297.2,-1,Noise
-0.19576025130967958,-0.32814561614306376,-0.13363446306097934,-0.14346881598017674,-0.32927893392776403,-0.4317450340722918,-0.32874991757705874,-0.4942866726757434,-0.1680946517751171,-0.23602881283147334,-0.14324507326779817,-0.21663173643603306,297.6,-1,Noise
-0.19443749432614255,-0.32865626220335,-0.133697952626818,-0.1431286017513394,-0.29109124448067325,-0.3512480078675915,-0.32744629624790644,-0.5004761147298064,-0.16289532685020386,-0.22741414035103924,-0.1408125165283926,-0.21317408415478228,297.6,-1,Noise
-0.19308239609606428,-0.3266169513343865,-0.13367796517090583,-0.1431416312324438,-0.29809027437933616,-0.3874548292776555,-0.3249393321533828,-0.48626853183298,-0.16530076491174073,-0.23286092990925658,-0.14265976269234734,-0.2234071099009905,297.6,-1,Noise
-0.1888990558559539,-0.2988587552367779,-0.1333922621246318,-0.14252635018029117,-0.29575726441311523,-0.348048335277865,-0.31812038981627844,-0.49555269491407444,-0.16848763059213842,-0.23919959144191885,-0.13252386011849193,-0.18423091649501744,297.6,-1,Noise
-0.18517334425440216,-0.31827967238856,-0.133697952626818,-0.14197332109341515,-0.34364536371975635,-0.4394916098158404,-0.32554100353606846,-0.49203596647426595,-0.16596327963207927,-0.2396802756878859,-0.14317621320009807,-0.22475225399996274,297.7,-1,Noise
-0.18891360941689744,-0.302796621970908,-0.13320179342711577,-0.14113798658261026,-0.32805103394554247,-0.4536375307388421,-0.32834880332193495,-0.5018828061057297,-0.1595702957067612,-0.22900097750037635,-0.14439473700679106,-0.22639982982588508,297.7,-1,Noise
-0.19399441924852745,-0.3214712102653487,-0.13339578932273394,-0.14286945984937394,-0.33394495386020595,-0.456163588046521,-0.3239365465155733,-0.493301988712597,-0.1682588648254574,-0.2385741227845159,-0.13232326774736558,-0.17375865371107255,297.7,-1,Noise
-0.1824114017997796,-0.2983022819659532,-0.13230588510917,-0.14142173972666183,-0.31466692413932734,-0.4396600136363523,-0.30769141918306003,-0.48950392199760384,-0.15792250268438074,-0.23337636241396825,-0.14101759977349942,-0.2227661351961111,300.3,-1,Noise
-0.10116372223885732,-0.047444131478178254,-0.12510452231728317,-0.12520293119191817,-0.3526090335899738,-0.44656457027734126,-0.3461983876749434,-0.5152463741770019,-0.12013198353399311,-0.14387353495254382,-0.10656810546953627,-0.10435282932920345,301.9,-1,Noise
-0.19293200929964746,-0.2939945241753338,-0.13272327021792427,-0.13991755851916396,-0.3384881837944258,-0.4654257981746769,-0.32995326034243005,-0.5053995345455382,-0.16556124078469434,-0.22235537301547004,-0.09316883446989371,0.05428841012844415,303.6,-1,Noise
-0.19055654474119282,-0.28787659156844336,-0.13343576423455827,-0.14251911157967762,-0.3357868038335383,-0.45330072309781827,-0.3461983876749434,-0.5152463741770019,-0.15081830637551977,-0.19671405375017795,-0.14243970986730575,-0.2199629993388569,304.9,-1,Noise
-0.1911306018673,-0.2990584309398385,-0.13307246283003699,-0.14210795906482737,-0.333208213870873,-0.4591948568157357,-0.34188640943236265,-0.5152463741770019,-0.16894516212550043,-0.2368859365471737,-0.13308971024002753,-0.18282257770683175,304.9,-1,Noise
-0.19385535188840008,-0.30994894018709607,-0.1336038940107607,-0.14359476763085272,-0.3518722936006409,-0.46980429750798697,-0.3249393321533828,-0.49892875421629057,-0.16707539835921165,-0.23339373654334056,-0.144628262453774,-0.226341149043044,305.6,-1,Noise
-0.19474311910595735,-0.32551709828146236,-0.13320767209061934,-0.14159836158163272,-0.33861097379264793,-0.4588580491747118,-0.3236357108242305,-0.49822540852832886,-0.166415148646464,-0.2376069629161243,-0.1452450091470879,-0.22572725777639896,305.7,-1,Noise
-0.1580826990891261,-0.2011682358574111,-0.12461071458298234,-0.12267955501803098,-0.3139301841499944,-0.4228196315851598,-0.34379170214420063,-0.5152463741770019,-0.13174580995633794,-0.1457586279894388,-0.11604983740024076,-0.112252165480886,305.8,-1,Noise
-0.18929523612608418,-0.32161851201350816,-0.13193435357574368,-0.13976120474591106,-0.33210310388687364,-0.44639616645682934,-0.31511203290285006,-0.4893632528600115,-0.15727697552097394,-0.2325337171394115,-0.11368763768652877,-0.16613917975447817,307.6,-1,Noise
-0.1763166938890815,-0.28944781021547783,-0.1217654414472491,-0.1313557417134446,-0.35641552353486067,-0.4635733561490457,-0.32684462486522076,-0.4918952973366736,-0.1496552249775921,-0.22856951995429747,-0.12880092558870632,-0.20809142557947113,308.4,-1,Noise
-0.19257948971234787,-0.2988587552367779,-0.13301837912580403,-0.14108876409843807,-0.337874233803315,-0.4556583765849852,-0.32644351061009697,-0.5001947764546216,-0.16792477620579951,-0.23750850951634792,-0.13145652906914046,-0.16575098380645265,308.4,-1,Noise
-0.19602383246899074,-0.3348200220207788,-0.1336321115955779,-0.14326323972275162,-0.3311207839010964,-0.44538574353375776,-0.3362708098606297,-0.5152463741770019,-0.16798819641834475,-0.23920538281837628,-0.14460281416788484,-0.22492378244211356,308.4,-1,Noise
-0.1912712862897544,-0.3179719754035157,-0.13261627854215907,-0.14045755812493557,-0.3168771441073262,-0.4341026875594588,-0.34158557374101983,-0.507368902471831,-0.16333360581904321,-0.2311988048659728,-0.14485430311078953,-0.22841303206797103,309.3,-1,Noise
-0.1939798656875839,-0.3272454387932003,-0.133697952626818,-0.1440869924725748,-0.3287877739348754,-0.4367971486876496,-0.3339644028936679,-0.5131363371131169,-0.15739135840431445,-0.21608331231206826,-0.14053857321558572,-0.2113233825421024,309.5,-1,Noise
-0.1749066155398831,-0.299215552804542,-0.13132062110596981,-0.1395860306110629,-0.3048437242815548,-0.4384811868927688,-0.3230340394415448,-0.49386466526296635,-0.15502329296802747,-0.22337175958374983,-0.13873024795946146,-0.22359669396863088,309.5,-1,Noise
-0.19276545187996005,-0.31101933289038824,-0.13303483938361405,-0.14165916582678661,-0.3219115340344346,-0.4347763028415065,-0.3347666314039155,-0.49105128251111957,-0.16338117097845212,-0.22356287500684519,-0.14170170957651992,-0.21671750065710846,311.1,-1,Noise
-0.19368879446871268,-0.3031894266326666,-0.13366620784389865,-0.1417054928707134,-0.3389793437873144,-0.46525739435416497,-0.3343655171487917,-0.5113076383244164,-0.16836079016704797,-0.24105862328475539,-0.14383188080124246,-0.22283835769806934,311.1,-1,Noise
-0.11958529626875197,-0.1031078254215549,-0.1144664928412028,-0.10489286559039011,0.9980809468537511,1.283953089303203,-0.22225408284169393,-0.36768444884263785,-0.11302099220235944,-0.11730559545406218,-0.09114045638872784,-0.07524716104003254,311.3,-1,Noise
-0.19465579774029598,-0.3222437261001406,-0.13306305696843124,-0.14029975663155997,-0.33738307381042637,-0.45313231927730635,-0.34138501661345794,-0.5152463741770019,-0.15492929515300508,-0.17815558789232847,-0.11390619355357691,-0.08172913059078463,311.4,-1,Noise
-0.1960125130327013,-0.33028640154964817,-0.13352041698900985,-0.14272613555722544,-0.34229467373931266,-0.46980429750798697,-0.33877777395515335,-0.5152463741770019,-0.16249102299522802,-0.20033655972430334,-0.13226638334361332,-0.15433982849705064,311.4,-1,Noise
-0.1928236661237343,-0.309592142619332,-0.133697952626818,-0.14394945906091716,-0.34843417365042045,-0.46980429750798697,-0.33998111672052467,-0.5152463741770019,-0.16656463914746347,-0.23647764450692454,-0.12371875320084057,-0.15532386008623167,311.4,-1,Noise
-0.18636835331410126,-0.31608978639925567,-0.13332524536069096,-0.1422281198350125,-0.34671511367531027,-0.4447121282517101,-0.3461983876749434,-0.5152463741770019,-0.1667673573268491,-0.23854806159045744,-0.11018176206579781,-0.1665318896088761,311.4,-1,Noise
-0.19417067904217725,-0.3086952386416498,-0.1332770403199616,-0.1422802377594301,-0.3406984037624246,-0.4622261255849503,-0.3366719241157535,-0.5152463741770019,-0.1650584090995143,-0.21970871397442238,-0.10774920532639226,-0.006428144486574141,311.4,-1,Noise
-0.1959995765340848,-0.3287348231357017,-0.13308069295894198,-0.13880715718504377,-0.32891056393309753,-0.43140822643126797,-0.3344657957125727,-0.5152463741770019,-0.13015350961993455,-0.04586317547514783,-0.11679981335497441,-0.06991623761423992,312.8,-1,Noise
-0.1925487655281337,-0.306947257896824,-0.1327115128909171,-0.13982924759167853,-0.32547244398287717,-0.4396600136363523,-0.3308557674164586,-0.5025861517936914,-0.16849329311111566,-0.23749692676343304,-0.10260116678681336,-0.0450220439705089,315.2,-1,Noise
-0.18980784488376296,-0.29966400479338307,-0.13283026189368943,-0.1397409366641931,-0.3267003439650987,-0.39099130950840594,-0.2998696912081462,-0.4202947063021728,-0.16913429025934065,-0.23977293771120486,-0.1413065126662411,-0.21260533195186115,315.2,-1,Noise
-0.13927788128771765,-0.15462088343901556,-0.1315792823001274,-0.13927187534443436,0.19405203849506833,0.23462888369339654,-0.27048807202032904,-0.4345022891989991,-0.112024388862363,-0.10785696476375749,-0.11299754005153434,-0.03945639741335199,316.2,-1,Noise
-0.10671186308300835,-0.0737063964889228,-0.11905185037399606,-0.1162458867926984,-0.1624073263438529,-0.20069499232993035,-0.3461983876749434,-0.5146836976266326,-0.09572086422305766,-0.06837136007696776,-0.09727049937202985,-0.038178961909965614,316.5,-1,Noise
