FSC-A,FSC-H,SSC-A,SSC-H,FL1-A,FL1-H,FL2-A,FL2-H,FL3-A,FL3-H,FL4-A,FL4-H,Time,Cluster,PC1,PC2
4251.0,11405.0,916.0,2848.0,2237,3399,3263.0,4609,7400.0,10302.0,2478.0,3234.0,16.5,0,-157270.17784761183,19806.31036821604
1757.0,9330.0,0.0,768.0,1341,2954,1564.0,3690,4037.0,9384.0,418.0,619.0,16.5,0,-161877.3662694589,21769.8680014402
11897.0,18716.0,1895.0,5572.0,2954,4210,2917.0,4161,8129.0,9888.0,80.0,1792.0,16.6,0,-155186.09456915877,21733.79795897914
17542.0,24660.0,2597.0,3907.0,3081,4107,4289.0,5716,10789.0,15190.0,3244.0,3312.0,16.6,0,-149766.52890836052,20002.40171656446
5865.0,10829.0,1457.0,2723.0,4692,7111,5895.0,8614,16073.0,23897.0,2225.0,3959.0,16.6,0,-151611.6543194351,15689.060723719696
40891.0,80182.0,5913.0,10882.0,157,231,257.0,106,58834.0,76072.0,48332.0,67028.0,16.7,0,-82049.28723548408,-25362.09714239202
1775.0,6427.0,1017.0,3159.0,387,253,238.0,137,3763.0,4274.0,460.0,763.0,16.7,0,-161384.83794062154,22652.1467095658
1273.0,7095.0,0.0,12.0,278,250,229.0,266,1711.0,4029.0,624.0,3159.0,16.7,0,-162795.5951047559,22550.12860513869
1327340.0,2344710.0,260922.0,469284.0,4711,5380,919.0,639,349180.0,394414.0,143826.0,154640.0,16.7,3,700998.0112651191,65280.01150725017
185287.0,382084.0,19426.0,41476.0,107,419,114.0,113,222645.0,266702.0,96570.0,110214.0,16.7,0,92506.12566121652,-114066.79048531558
2799.0,6512.0,0.0,560.0,146,65,122.0,26,2281.0,3985.0,1102.0,2262.0,16.7,0,-161925.28922096398,22325.109656484132
101836.0,190915.0,294811.0,573105.0,6273,7633,4501.0,6094,13081.0,17000.0,3782.0,3780.0,16.8,0,51593.53650353424,246962.89141616263
50483.0,95792.0,26815.0,57303.0,5510,7989,6692.0,9470,21399.0,28722.0,5257.0,5107.0,16.8,0,-117766.25420821062,34285.568058999634
7187.0,18661.0,2180.0,6081.0,2782,3921,3245.0,4429,8283.0,10874.0,2832.0,4203.0,16.8,0,-154761.30860202463,20263.32839417892
1391.0,6467.0,58.0,677.0,130,21,117.0,32,1679.0,5855.0,1213.0,4515.0,16.8,0,-162237.8430343925,22234.09713437796
284465.0,570328.0,40036.0,72515.0,1043,1359,339.0,231,452481.0,564082.0,159875.0,213073.0,16.8,0,310462.54250743,-249459.67862937765
1550.0,10211.0,0.0,694.0,157,23,147.0,100,2519.0,7222.0,47.0,2865.0,16.8,0,-162576.81499715144,22370.456692540272
2768.0,11779.0,604.0,2089.0,98,0,118.0,33,1411.0,4487.0,656.0,2092.0,16.8,0,-162294.36194662965,23419.444402533856
30058.0,69601.0,4799.0,9435.0,248,241,117.0,94,27193.0,36027.0,24894.0,32259.0,16.9,0,-120452.5592223162,2573.2130892575224
51530.0,93298.0,7257.0,13682.0,201,189,477.0,266,42501.0,51032.0,40101.0,46784.0,17.0,0,-94143.53945636596,-9232.870749606176
25335.0,62673.0,4449.0,9283.0,272,310,96.0,44,39721.0,51089.0,23015.0,38138.0,17.0,0,-115101.39319721668,-4952.024520030878
3244.0,16536.0,635.0,2367.0,2189,3448,2626.0,3972,5916.0,8771.0,640.0,2027.0,17.1,0,-159635.91399374048,21091.136079999196
35960.0,75032.0,2868.0,4770.0,173,166,0.0,1,43032.0,53713.0,27562.0,49543.0,17.1,0,-106743.8451835162,-10238.248953164686
3382.0,6888.0,1168.0,2136.0,1460,1648,1877.0,2620,5604.0,7074.0,1102.0,1223.0,17.2,0,-159378.94694786958,21629.067464245425
9259.0,19159.0,1217.0,3278.0,2772,3784,3541.0,4481,10400.0,13359.0,1669.0,4112.0,17.2,0,-154045.71281639428,18951.941473669074
28989.0,50877.0,4159.0,7281.0,228,148,273.0,229,39657.0,48075.0,37548.0,41039.0,17.2,0,-106941.26720370626,-10099.12925038873
8124.0,12361.0,1416.0,2882.0,2537,3145,2697.0,3813,8138.0,10623.0,2084.0,2402.0,17.2,0,-155648.5579067657,20329.53933626176
6271.0,16237.0,803.0,1971.0,3965,5280,4896.0,6779,13115.0,17440.0,2505.0,4573.0,17.2,0,-153274.91350883048,16623.648950298237
1654.0,5568.0,0.0,0.0,176,60,43.0,0,260.0,4468.0,2950.0,7640.0,17.2,-1,-161636.19431390008,21954.1993564276
272044.0,518049.0,167145.0,340594.0,583,561,0.0,0,200975.0,250690.0,118024.0,153535.0,17.2,-1,212953.44702634477,3014.1685886373343
9514.0,29072.0,787.0,3834.0,2915,4221,3869.0,5582,12905.0,18194.0,3028.0,4779.0,17.3,0,-152090.43131229322,16758.83416013468
37446.0,81176.0,5274.0,10667.0,206,209,127.0,74,35472.0,43597.0,38265.0,45501.0,17.3,0,-104788.42996504878,-7240.698855640989
5249.0,12550.0,1108.0,2043.0,1567,1891,2098.0,2944,5845.0,7268.0,2104.0,1768.0,17.4,0,-158126.01713720564,21185.488130269063
3586.0,10373.0,827.0,2415.0,2413,3580,3036.0,4659,7447.0,11326.0,2297.0,2336.0,17.4,0,-157747.47678478458,19850.297821324584
6134.0,15142.0,2073.0,4427.0,4780,6295,6488.0,8578,17135.0,22274.0,3140.0,4525.0,17.4,0,-150053.35489755473,15226.110726525005
45874.0,90471.0,14570.0,29987.0,266,189,0.0,0,29554.0,34934.0,29424.0,27977.0,17.5,-1,-106950.29143246528,8995.403294321535
4585.0,16664.0,1730.0,3792.0,4125,5338,4748.0,6353,11264.0,14910.0,1494.0,2308.0,17.5,0,-155146.06110254576,18846.679275857445
27211.0,42938.0,2337.0,5475.0,794,343,286.0,186,27639.0,33220.0,33159.0,33832.0,17.6,0,-118493.30299262684,-2713.2268019982657
1545.0,7174.0,4854.0,14375.0,83,0,84.0,0,3592.0,5126.0,664.0,984.0,17.6,-1,-159155.50363760794,25541.12338875037
780673.0,895006.0,2109230.0,3569920.0,2921,2836,706.0,639,309323.0,206093.0,196407.0,112397.0,17.6,3,1612993.8001932958,1439055.0511190607
1685.0,6099.0,499.0,1405.0,2580,4174,3266.0,5476,7582.0,13129.0,1711.0,2470.0,17.7,0,-158722.28942182046,19563.26564928972
640747.0,749852.0,201470.0,297059.0,4777,3968,1018.0,861,3903840.0,3103830.0,2406610.0,1883840.0,17.8,3,3751308.037296781,-2928201.1678824867
460232.0,797829.0,39382.0,68196.0,1774,1556,768.0,314,648779.0,739650.0,295663.0,292477.0,17.8,3,551240.670853865,-398129.8372350696
16328.0,20968.0,2818.0,4221.0,4169,4915,4943.0,6633,13018.0,16448.0,4013.0,4310.0,17.9,0,-148260.91477173765,18496.23982409359
17191.0,22136.0,2674.0,4550.0,4342,5739,5721.0,7002,14115.0,17577.0,3776.0,5007.0,18.0,0,-147449.48062692102,17846.14134725705
13037.0,25943.0,2617.0,4651.0,3014,4058,4309.0,5916,11895.0,16929.0,4568.0,4777.0,18.1,0,-149726.70955042192,18443.311659923154
1493.0,8998.0,22.0,450.0,405,1635,463.0,2474,1139.0,6888.0,433.0,858.0,18.1,0,-163510.3553146203,23275.532023020376
4703.0,12801.0,1029.0,2289.0,1613,2461,2331.0,3472,5506.0,8213.0,483.0,1171.0,18.1,0,-159384.05697547595,21888.414577750736
31474.0,60533.0,18056.0,36650.0,68,177,199.0,137,30379.0,36150.0,29929.0,29548.0,18.2,0,-108546.3993845511,9755.46355173492
10717.0,12155.0,2277.0,3335.0,2015,2392,2367.0,3062,8418.0,10907.0,2949.0,3274.0,18.2,0,-153607.5838508315,20616.158038909987
110443.0,207949.0,89432.0,144259.0,9464,10563,9093.0,11467,21714.0,22434.0,8457.0,7428.0,18.2,0,-59454.64691141341,84828.42231611334
2868.0,13296.0,0.0,1050.0,266,157,45.0,0,15753.0,17039.0,38417.0,38263.0,18.2,-1,-131078.1765705464,-2319.1081699840543
1588.0,8121.0,535.0,2245.0,315,284,87.0,0,2629.0,6283.0,7998.0,13875.0,18.2,-1,-156633.98133121405,18538.296634384427
2100.0,8467.0,39.0,663.0,167,65,0.0,0,1491.0,10395.0,35869.0,48149.0,18.2,-1,-138667.49307748553,4753.9536964616345
543313.0,808883.0,55480.0,90680.0,2578,2655,177.0,270,959906.0,1023170.0,962655.0,902079.0,18.2,3,1171484.2076147788,-853129.8065010143
8107.0,17557.0,1203.0,3284.0,2763,3436,3403.0,4478,8197.0,9874.0,0.0,1621.0,18.4,0,-156839.0780896815,20937.560534812183
6014.0,16095.0,1725.0,2523.0,2726,3106,3131.0,3995,8714.0,10271.0,1433.0,1846.0,18.4,0,-156217.81808922617,20393.17564561208
15207.0,35247.0,5139.0,10148.0,8910,11960,12356.0,16239,28801.0,37370.0,6257.0,7211.0,18.5,0,-136950.6388695443,10597.975573377344
8577.0,17175.0,2195.0,4563.0,1329,1243,2577.0,3034,5016.0,5718.0,3607.0,3908.0,18.5,0,-155814.4858584745,21904.79262828216
1622.0,6325.0,1105.0,4053.0,1191,4089,1093.0,4182,3365.0,11503.0,1229.0,1465.0,18.5,0,-161122.04327527588,22570.934708874163
3670.0,14688.0,1115.0,4349.0,2246,3006,2837.0,3934,5855.0,8363.0,390.0,1711.0,18.5,0,-159418.0276115854,21648.070677471165
5714.0,18482.0,842.0,2580.0,3143,4119,5080.0,6683,14139.0,18426.0,4153.0,5630.0,18.6,0,-151926.1408956485,15364.11516576216
2757.0,10573.0,626.0,2167.0,1567,2097,2257.0,3257,6345.0,9930.0,430.0,1764.0,18.6,0,-159705.3849859441,20921.728930600584
2013.0,8560.0,46.0,1947.0,225,131,218.0,143,3189.0,5388.0,2511.0,3451.0,18.7,0,-160794.10628307692,21181.06109024581
798730.0,914745.0,225496.0,341945.0,12698,11218,141050.0,131688,1218690.0,1063720.0,924330.0,748004.0,18.7,3,1453305.005139514,-809003.5616781885
6273.0,20299.0,1596.0,4427.0,1277,1524,1744.0,2346,4411.0,6535.0,1334.0,1193.0,18.7,0,-158757.78230903743,22735.65415874823
2768.0,8034.0,614.0,973.0,200,128,83.0,116,7221.0,4646.0,2151.0,2117.0,18.7,0,-158381.24439630518,19816.47066502887
3094.0,13986.0,0.0,0.0,83,0,115.0,1,2164.0,7723.0,10334.0,33236.0,18.7,0,-152324.85904857633,15009.698929372684
345268.0,567111.0,42930.0,78548.0,1407,1016,141.0,157,448287.0,468215.0,188696.0,198332.0,18.7,0,340108.3746661196,-247977.5863620514
10447.0,23581.0,3027.0,7633.0,2205,2680,4117.0,5037,11242.0,13727.0,6429.0,5993.0,18.8,0,-149613.7883324143,18118.622407399467
67933.0,114854.0,7341.0,12624.0,529,353,288.0,158,29412.0,33453.0,21475.0,24436.0,18.8,0,-108490.02490019715,8381.976314462043
5778.0,14005.0,2181.0,4576.0,5144,6778,6522.0,8515,16253.0,20802.0,3049.0,2494.0,18.8,0,-150980.62486720772,16069.880599055248
4439.0,8408.0,58.0,1695.0,2890,3670,3242.0,3915,6974.0,9141.0,992.0,1253.0,18.8,0,-158974.85984233988,20170.185510390245
93604.0,184289.0,12043.0,24388.0,399,285,0.0,119,122472.0,130388.0,59743.0,65115.0,19.0,0,-21386.566607079643,-54355.89477685298
155721.0,315109.0,11672.0,20766.0,254,177,390.0,201,132214.0,137531.0,54309.0,66540.0,19.0,0,1449.5831602524268,-53602.13730799771
1208.0,7442.0,938.0,3890.0,1202,1874,1930.0,3292,5087.0,8605.0,992.0,1495.0,19.0,0,-160503.1247175097,21565.72722849844
90396.0,168299.0,14985.0,29009.0,290,402,251.0,182,62203.0,68582.0,48887.0,54669.0,19.1,0,-60808.939316116855,-15022.18340908995
20704.0,43078.0,1526.0,5621.0,0,83,235.0,99,24451.0,31614.0,5696.0,24147.0,19.1,0,-137143.63451434782,8365.571499969026
4261.0,11542.0,1579.0,3159.0,2211,2943,2777.0,3556,8444.0,10274.0,1993.0,1875.0,19.2,0,-156755.6218906636,20103.047503759808
10408.0,19683.0,1924.0,5068.0,2235,3163,3055.0,3890,9115.0,12036.0,1024.0,2341.0,19.3,0,-154574.50863850958,20722.722454212
11525.0,18331.0,2095.0,5325.0,7641,9540,9191.0,10938,24083.0,27722.0,3239.0,3268.0,19.3,0,-144620.41306107998,12082.755081482
6208.0,21454.0,3156.0,8007.0,2531,3177,3105.0,3742,8512.0,10134.0,2699.0,2532.0,19.3,0,-154721.2597383977,21086.05855977
7045.0,15533.0,1695.0,2472.0,2554,3309,3272.0,4211,7597.0,9207.0,1485.0,1882.0,19.3,0,-156492.89411146607,21022.47056747861
1410.0,6111.0,875.0,3733.0,1955,2563,2591.0,3204,6108.0,7699.0,1260.0,2246.0,19.5,0,-159653.8962049525,20795.83907178452
17691.0,30349.0,3905.0,5956.0,9951,12876,12823.0,15545,28526.0,33458.0,6196.0,5907.0,19.5,0,-137282.02736255366,10200.729094459322
25487.0,46969.0,15273.0,28884.0,367,266,152.0,78,23782.0,24922.0,21742.0,21774.0,19.6,0,-120866.62361664232,14533.328149122726
30925.0,62557.0,7283.0,13010.0,324,357,144.0,110,37981.0,41872.0,29681.0,34546.0,19.6,0,-110140.34676679502,-3160.039360881281
6413.0,19405.0,1213.0,4571.0,3594,4994,4543.0,6455,11742.0,16487.0,2412.0,3853.0,19.7,0,-153915.22098116853,17810.869498428463
3551.0,19412.0,231.0,844.0,2265,3888,2675.0,4681,6213.0,10901.0,1105.0,3455.0,19.7,0,-159152.13393220876,20294.126358386024
6777.0,21244.0,1239.0,3827.0,4901,6044,6485.0,8441,15755.0,20469.0,1138.0,2798.0,19.7,0,-152321.81999777534,16286.456941520131
218711.0,380107.0,21587.0,37370.0,832,797,261.0,148,175452.0,180328.0,84195.0,92348.0,19.8,0,69635.1381539228,-78041.34345724096
1082.0,6459.0,460.0,2163.0,1057,3122,1606.0,4570,3993.0,10761.0,1170.0,2377.0,19.8,0,-161199.09799719992,21595.49569693145
54024.0,99320.0,36581.0,64401.0,237,253,48.0,173,73609.0,81819.0,53967.0,67710.0,19.8,0,-48824.373501643015,-10947.216700199751
3176.0,9362.0,2037.0,4941.0,3173,3430,3936.0,4564,10835.0,12357.0,1353.0,1726.0,19.9,0,-155824.40599200857,19327.97123840032
12983.0,26398.0,2154.0,4543.0,5933,7213,7571.0,8885,19686.0,23072.0,3482.0,5067.0,19.9,0,-146139.7244699793,14250.283500316653
7075.0,18717.0,2154.0,6219.0,4358,5480,5427.0,6974,12852.0,16136.0,1825.0,3379.0,20.0,0,-152879.4856646778,18246.37097956777
2318.0,5397.0,1975.0,4811.0,4184,5285,5497.0,6501,13239.0,15687.0,2301.0,2496.0,20.0,0,-154229.9222792404,17511.82127228967
7384.0,22804.0,1653.0,3321.0,5872,7670,8228.0,10877,19968.0,26072.0,2525.0,4969.0,20.1,0,-148532.4024455234,13631.115767465017
1690.0,6512.0,1318.0,4164.0,423,1247,460.0,1379,1433.0,4021.0,1234.0,1826.0,20.1,0,-161983.2326025399,23716.50137004212
1287.0,4803.0,648.0,2469.0,1468,2983,2173.0,4232,5522.0,10844.0,39.0,365.0,20.1,0,-161040.05370675563,21594.26755130696
5735.0,16758.0,714.0,2304.0,2980,4161,3570.0,4808,9446.0,12356.0,749.0,1825.0,20.3,0,-156816.72483579212,19443.355234209244
28686.0,52582.0,7364.0,13755.0,291,164,0.0,13,43886.0,47460.0,30806.0,35553.0,20.3,0,-106853.65261253764,-6942.489394143573
7891.0,21828.0,2293.0,4737.0,4275,4800,6014.0,6928,15642.0,18653.0,2877.0,4882.0,20.3,0,-150248.55412749128,16359.14885953156
2537.0,15974.0,770.0,3379.0,1724,2912,2303.0,4003,6333.0,11080.0,591.0,1762.0,20.4,0,-159622.91187863096,20968.69083655129
8131.0,19265.0,918.0,1637.0,4062,4589,5677.0,6513,13701.0,16611.0,2418.0,3559.0,20.5,0,-152498.1116942369,16707.745050906415
21181.0,31255.0,3343.0,5056.0,5447,6291,7810.0,8918,18967.0,20953.0,3207.0,1966.0,20.5,0,-143865.3272830279,16675.12875444506
15595.0,32653.0,2161.0,5631.0,8605,9133,10881.0,12744,30100.0,34428.0,6707.0,5799.0,20.6,0,-137907.42787381922,7714.253193085691
44892.0,68209.0,7240.0,13237.0,399,281,0.0,1,45198.0,47016.0,30572.0,32873.0,20.7,0,-101570.13135982925,-6073.830763295358
17368.0,37814.0,5953.0,11617.0,302,183,275.0,140,25960.0,27462.0,18781.0,24002.0,20.7,0,-128756.73262740466,6347.497447071477
9077.0,19202.0,3086.0,4357.0,2778,3431,3834.0,4573,8983.0,10421.0,1880.0,2205.0,20.7,0,-154012.64237305638,21314.38367565384
21257.0,40665.0,4504.0,9282.0,378,157,267.0,113,28515.0,29795.0,16348.0,20436.0,20.8,0,-128685.31634822044,5476.482458669081
15068.0,25778.0,1972.0,2985.0,6110,6546,7619.0,8590,18435.0,20299.0,3066.0,3467.0,20.9,0,-146735.96631234855,15300.599745711275
2777.0,15806.0,296.0,3372.0,844,1480,1243.0,2137,3115.0,5535.0,767.0,1426.0,20.9,0,-161588.5876741912,22333.59922071336
2530.0,6803.0,1088.0,2043.0,3343,3795,4494.0,5412,9742.0,12148.0,752.0,1666.0,21.0,0,-157482.3722348468,19352.491268586786
1919.0,10517.0,494.0,2742.0,3514,7191,4163.0,8734,9251.0,17969.0,1432.0,2839.0,21.1,0,-157786.44196591424,18728.949578434684
1833.0,11694.0,0.0,783.0,1054,4327,1333.0,5361,2920.0,10283.0,364.0,759.0,21.1,0,-162473.36212141797,22370.60008727057
429052.0,652061.0,199350.0,325099.0,665,705,376.0,174,173824.0,170247.0,93126.0,102330.0,21.1,0,247101.40830242468,69317.70107629482
4987.0,9747.0,1465.0,3007.0,3005,3583,4745.0,5563,12359.0,14477.0,246.0,2050.0,21.1,0,-155191.84173349463,18534.442910624814
1877.0,4913.0,1036.0,3136.0,314,337,165.0,80,4209.0,4110.0,439.0,1129.0,21.2,0,-161041.4996720573,22390.839843077945
629726.0,895219.0,348587.0,471379.0,9851,9269,9955.0,10369,304324.0,267640.0,136575.0,113731.0,21.2,0,493899.2523509271,111904.41471984194
40724.0,72791.0,6687.0,11708.0,173,66,190.0,73,58000.0,58564.0,33150.0,41804.0,21.3,0,-93432.246778346,-15767.378601305643
1288.0,4123.0,0.0,1306.0,1359,2277,1908.0,3644,5749.0,10219.0,124.0,308.0,21.3,0,-161268.83039423468,20959.435634340283
6550.0,11923.0,1483.0,2716.0,4952,5513,6933.0,8251,16684.0,19271.0,3867.0,5256.0,21.3,0,-150055.90905591333,14707.344552534085
2186.0,8040.0,568.0,1876.0,103,0,174.0,111,3808.0,4860.0,2532.0,3065.0,21.4,0,-160144.862891381,21305.7740799898
967.0,6101.0,418.0,4320.0,140,0,182.0,84,1628.0,4235.0,17502.0,36982.0,21.4,0,-149110.2671783839,12550.16504159358
547862.0,838447.0,171892.0,265698.0,1701,1520,545.0,257,342946.0,310411.0,176847.0,162252.0,21.4,0,411399.34260320384,-69410.97394523353
9374.0,15227.0,2080.0,5334.0,1209,1251,2910.0,2986,6665.0,7171.0,2373.0,2426.0,21.5,0,-155537.3803889179,21610.825810527906
47487.0,81476.0,38294.0,64997.0,282,271,0.0,13,44757.0,44257.0,31431.0,37175.0,21.5,0,-81493.56576495351,17072.78959781556
18611.0,23531.0,3534.0,7109.0,4457,4857,6105.0,6619,16957.0,17838.0,4376.0,5020.0,21.5,0,-144633.61923167948,16883.786053697724
48377.0,77706.0,7036.0,11813.0,225,192,119.0,150,36423.0,35087.0,27758.0,30372.0,21.6,0,-107152.93003546768,14.164625043806154
17519.0,30196.0,3233.0,5958.0,6625,7696,9134.0,10470,25260.0,26448.0,3230.0,6256.0,21.7,0,-140869.42346700025,12346.128913851942
157082.0,245683.0,8129.0,11327.0,171,161,137.0,63,204091.0,187750.0,74280.0,70140.0,21.8,0,49369.217343424185,-101817.70443188924
3133.0,8875.0,1330.0,3794.0,3131,3555,4318.0,5234,12084.0,14157.0,881.0,1438.0,21.8,0,-155831.40997252293,18315.56331295456
1419.0,8479.0,638.0,3078.0,1323,2534,1646.0,3015,3895.0,7468.0,729.0,1869.0,21.9,0,-161329.25809100628,22027.310423499068
3210.0,16105.0,652.0,3352.0,258,190,67.0,0,2793.0,6114.0,12032.0,28111.0,22.0,-1,-151651.85116838902,15327.635672520664
25065.0,42460.0,6522.0,10791.0,272,177,310.0,158,34606.0,37125.0,13223.0,29266.0,22.0,0,-122826.4923462645,3836.4584264947225
13595.0,26296.0,2415.0,3849.0,7252,7930,9048.0,9997,21752.0,22352.0,2204.0,4176.0,22.1,0,-145379.55162651787,13943.913148855692
99665.0,149819.0,3831.0,5669.0,0,252,414.0,177,45043.0,42004.0,39659.0,35061.0,22.1,0,-81538.65189745449,-7811.657682121346
53525.0,87633.0,13583.0,26086.0,140,156,260.0,128,65324.0,63855.0,39849.0,53901.0,22.1,0,-76035.63321661654,-17407.59607206705
43607.0,76208.0,7192.0,10931.0,15228,16292,20169.0,21624,53575.0,54178.0,11005.0,10507.0,22.1,0,-110127.05529811564,-989.4514158964704
13298.0,31393.0,20311.0,34223.0,6165,6265,6286.0,6987,14970.0,16091.0,2128.0,3173.0,22.1,0,-138866.75918157515,31315.739158830645
6551.0,21960.0,2010.0,4870.0,3908,4271,5415.0,6181,15049.0,16931.0,1175.0,2551.0,22.2,0,-152360.89492791114,17251.014131024996
45786.0,82416.0,4030.0,10356.0,0,77,16.0,61,51119.0,48806.0,35175.0,35024.0,22.2,0,-97416.80818101528,-13449.197652622395
79078.0,129796.0,13011.0,23262.0,340,517,43.0,100,53982.0,53801.0,34351.0,35201.0,22.5,0,-80193.57768439439,-5414.734629845192
1417.0,7847.0,1000.0,3261.0,2205,3703,2101.0,3390,5258.0,8643.0,1149.0,1583.0,22.5,0,-160213.0340750191,21477.22335725517
23416.0,42187.0,4481.0,8767.0,161,107,364.0,210,32600.0,34694.0,22971.0,26437.0,22.5,0,-121665.546125359,392.45622609867496
244044.0,385440.0,22996.0,35306.0,865,378,124.0,116,182203.0,175692.0,98634.0,99370.0,22.5,0,90186.85820273714,-84469.2588914145
7974.0,12940.0,2023.0,3644.0,1217,3018,1441.0,3465,5302.0,10442.0,2172.0,2508.0,22.5,0,-156855.99559513238,22247.705663504137
14422.0,35249.0,12494.0,26379.0,1921,2209,3535.0,3894,9680.0,10885.0,3183.0,4032.0,22.6,0,-145442.08031163807,27799.46215632411
62575.0,103747.0,22857.0,37631.0,681,346,0.0,49,43852.0,39809.0,34433.0,32630.0,22.6,0,-85673.50725847683,6592.650076912116
5117.0,12126.0,940.0,2263.0,4233,4444,5174.0,5779,13100.0,15211.0,2368.0,3270.0,22.7,0,-153857.50258765413,16878.57785594196
25956.0,46098.0,2571.0,5516.0,10368,10350,12554.0,13386,30045.0,30452.0,4956.0,6124.0,22.7,0,-135112.13550799817,9375.22861174954
61708.0,101740.0,3887.0,6670.0,484,308,305.0,135,57251.0,55710.0,37769.0,54069.0,22.7,0,-84535.0628241297,-19173.661185907837
139745.0,220077.0,30496.0,50054.0,0,66,200.0,199,195269.0,176825.0,76776.0,84972.0,22.7,0,55843.56680643844,-84294.62392006384
3342.0,14041.0,1589.0,4807.0,4593,6378,5124.0,7149,11683.0,15725.0,933.0,2431.0,22.7,0,-155631.0245907123,18593.619511950248
14625.0,35608.0,6907.0,10625.0,5015,5295,7575.0,7977,20674.0,21663.0,7808.0,7318.0,22.8,0,-139881.15131393383,15700.411053560229
9162.0,16635.0,1215.0,2227.0,3300,3280,3610.0,3828,10427.0,10893.0,1719.0,2489.0,22.8,0,-154316.37974399986,19141.62948881199
11469.0,24777.0,1740.0,4730.0,1833,1876,3554.0,3966,10960.0,12808.0,3461.0,5311.0,22.9,0,-151690.06906186737,18447.43608024968
2038.0,8911.0,394.0,2243.0,930,2836,1205.0,3569,2803.0,8413.0,387.0,762.0,22.9,0,-162229.12277654334,22739.393804366577
91798.0,149446.0,38490.0,63958.0,67,158,19.0,73,66831.0,64515.0,61087.0,47011.0,22.9,0,-39601.1693946028,-2512.2753860917364
25216.0,37984.0,4334.0,7628.0,227,222,111.0,108,40496.0,41471.0,23083.0,32656.0,23.0,0,-115688.67215810774,-4719.2726023177165
20323.0,21102.0,7805.0,12440.0,8568,9699,11630.0,12095,26371.0,27138.0,6856.0,4490.0,23.2,0,-135272.03147717824,14488.086129109388
124459.0,191059.0,21697.0,34302.0,330,201,427.0,245,105762.0,96783.0,45854.0,49632.0,23.2,0,-24082.78439056364,-28982.88677738537
3090.0,11642.0,1397.0,3575.0,4001,5487,4116.0,5690,9746.0,13793.0,644.0,642.0,23.2,0,-157341.6996119644,19809.284221727503
11864.0,24668.0,2150.0,3920.0,3428,3629,4873.0,5285,13458.0,13565.0,3475.0,4775.0,23.2,0,-150015.48510592288,17529.163203136366
294165.0,469304.0,16683.0,25310.0,608,619,301.0,170,32437.0,31831.0,28802.0,27686.0,23.3,0,-24790.653763562004,27897.595645540183
4758.0,9486.0,3062.0,5172.0,7521,8225,9128.0,10230,19552.0,21303.0,837.0,2366.0,23.3,0,-149988.0955816778,15661.238200334104
81406.0,128767.0,8950.0,15309.0,336,256,0.0,0,88615.0,83248.0,80951.0,71991.0,23.3,-1,-34910.0056483458,-47526.865500297055
10582.0,16428.0,2461.0,5100.0,6204,6950,7568.0,8445,19637.0,19878.0,2955.0,3071.0,23.3,0,-147339.95426648628,14785.834783238372
6676.0,20554.0,2986.0,7584.0,3066,3508,3662.0,4638,9095.0,11903.0,516.0,1148.0,23.4,0,-155589.19120007032,21601.154321543218
128156.0,192522.0,12851.0,22470.0,491,484,460.0,244,155982.0,136982.0,71434.0,58321.0,23.4,0,12932.348506162438,-72032.7600800097
33906.0,53623.0,11930.0,20662.0,388,287,295.0,88,43742.0,46535.0,17939.0,35234.0,23.4,0,-108542.76239363616,1315.622070214431
8056.0,15725.0,2295.0,4056.0,2174,2136,3604.0,4010,8399.0,9064.0,1923.0,2068.0,23.6,0,-155137.3308202859,20951.455140868376
41329.0,74055.0,4463.0,6940.0,370,185,283.0,158,34130.0,32194.0,31492.0,33600.0,23.6,0,-109927.23978280634,-2932.4074582730864
1351.0,5906.0,887.0,2562.0,216,196,114.0,110,16376.0,19406.0,11569.0,14782.0,23.6,0,-147096.66111675758,10115.627282453312
2897.0,10170.0,439.0,2633.0,303,169,119.0,108,10917.0,13410.0,15521.0,14275.0,23.6,0,-148150.73925447382,11572.041806321524
1085.0,4082.0,0.0,0.0,179,94,73.0,0,161.0,4008.0,7695.0,16231.0,23.6,-1,-158212.22423306372,19186.78867461579
670424.0,854402.0,142827.0,146688.0,5028,3655,376.0,399,1607740.0,1350820.0,884677.0,663887.0,23.6,3,1545416.9476301405,-1064864.6376717174
662.0,3472.0,0.0,0.0,186,133,124.0,0,4118.0,11028.0,3472.0,5450.0,23.6,-1,-159955.7772140192,19947.059316169583
43718.0,61247.0,2852.0,4749.0,581,317,32.0,211,47377.0,49918.0,26489.0,40397.0,23.6,0,-103924.01311308405,-10358.776475349669
11428.0,13274.0,2531.0,4167.0,4044,3936,5803.0,5827,13942.0,14394.0,3312.0,3023.0,23.6,0,-150033.69114545616,17829.266759676277
8461.0,12084.0,4924.0,6902.0,3370,3790,4327.0,4799,11223.0,11853.0,1836.0,2205.0,23.8,0,-151901.6676348491,21483.480116764244
282135.0,417032.0,32791.0,52721.0,496,350,229.0,181,197429.0,159872.0,70743.0,70676.0,23.8,0,98838.48460445392,-69049.0253289646
782.0,4510.0,1165.0,5137.0,933,1715,1401.0,2856,3902.0,8561.0,13.0,1225.0,23.8,0,-161660.82139162644,22702.565828497463
3356.0,8943.0,585.0,2863.0,375,848,501.0,1638,1855.0,6102.0,380.0,567.0,23.8,0,-162258.34724935328,23517.632898088643
5506.0,10809.0,1266.0,3821.0,2836,2979,4150.0,4770,9544.0,11038.0,408.0,1757.0,23.9,0,-156677.74699285196,19915.5322351773
10830.0,23549.0,1838.0,3028.0,3614,3283,5512.0,5851,14149.0,14387.0,2786.0,2940.0,23.9,0,-150779.60818313994,17331.24038150617
146653.0,240204.0,17366.0,27445.0,104,270,175.0,192,185287.0,163363.0,70882.0,66958.0,24.0,0,38970.0043864208,-83934.79796891997
82637.0,131898.0,13753.0,19902.0,55,117,433.0,150,48074.0,45264.0,36992.0,42849.0,24.2,0,-79351.78075646075,-3369.6934954945573
2226.0,7273.0,0.0,458.0,192,116,95.0,7,2100.0,4246.0,16592.0,33963.0,24.2,0,-149629.91805520758,12798.760510785263
542294.0,711902.0,177802.0,263545.0,1529,1360,121.0,111,396583.0,344336.0,178114.0,156511.0,24.2,0,442371.5415517752,-93673.1194859648
9091.0,14482.0,1271.0,2322.0,3488,3435,4173.0,4410,12463.0,12521.0,2175.0,2902.0,24.2,0,-152896.81252294817,17880.442431111267
25425.0,40923.0,4698.0,7501.0,5028,5214,7562.0,8351,19366.0,19868.0,4615.0,4419.0,24.2,0,-140414.76089550136,16995.965633754735
645529.0,908111.0,26948.0,34793.0,841,655,65.0,98,319946.0,240307.0,123241.0,97033.0,24.2,0,308437.87616730854,-133033.51805533996
1667.0,6668.0,1086.0,3419.0,198,107,84.0,18,12655.0,21126.0,16070.0,22946.0,24.2,0,-145460.6558013434,9645.428186967603
2300.0,11685.0,2013.0,6374.0,67,0,121.0,73,28185.0,40357.0,7748.0,17139.0,24.2,0,-140951.39884829873,5658.595517285616
2264.0,9686.0,2361.0,5364.0,213,87,169.0,84,23674.0,30670.0,13037.0,12438.0,24.2,0,-141621.61618689596,7236.872439313993
1507.0,6666.0,1184.0,6556.0,146,24,128.0,125,11165.0,23488.0,147804.0,311711.0,24.2,0,-36009.519222433955,-73653.24897941347
2043320.0,1675700.0,1222800.0,1245060.0,6652,3866,1881.0,983,3572280.0,1999320.0,2396460.0,1255460.0,24.2,4,4508944.043192102,-1778164.677790662
23412.0,56832.0,16087.0,31664.0,230,231,124.0,143,36697.0,38439.0,19092.0,33977.0,24.3,0,-113034.38040676042,7254.490925802762
12931.0,15684.0,6105.0,10398.0,1791,2091,4567.0,4703,12395.0,13151.0,4253.0,4071.0,24.3,0,-147693.1646829766,21016.553317623064
18025.0,29893.0,3058.0,5000.0,4768,5342,6428.0,6998,18907.0,18825.0,6287.0,5500.0,24.4,0,-143059.381752938,14733.53031186134
176252.0,265781.0,42793.0,67454.0,411,394,335.0,154,107621.0,97524.0,95737.0,84144.0,24.4,0,34937.81575606312,-31468.76534990962
3953.0,16678.0,799.0,2420.0,2942,4178,4094.0,5669,11619.0,16727.0,945.0,3716.0,24.4,0,-155720.17395416627,17881.429496376055
3262.0,8687.0,875.0,2344.0,186,191,74.0,16,3117.0,4220.0,969.0,833.0,24.5,0,-161103.71510606125,22821.46561502425
196972.0,289586.0,21607.0,31503.0,544,267,298.0,234,359645.0,294885.0,148687.0,135802.0,24.5,0,201732.27789839185,-205781.39591452005
3819290.0,2197610.0,12495300.0,8064590.0,23113,8685,9356.0,5883,491864.0,195974.0,360021.0,144039.0,24.5,2,8908229.138205623,9404360.741094695
77501.0,123755.0,23238.0,37538.0,487,163,140.0,137,81913.0,78724.0,64136.0,67612.0,24.5,0,-39916.41733069191,-27142.82908929749
1076.0,3902.0,1721.0,4737.0,1819,3647,2683.0,4869,7058.0,12553.0,928.0,2981.0,24.6,0,-158762.6750787564,20912.09373530709
2138.0,12019.0,310.0,2652.0,396,692,380.0,987,1350.0,4633.0,253.0,1165.0,24.6,0,-163046.99303829847,23446.515418913885
6769.0,12323.0,823.0,1747.0,4010,4140,6239.0,6393,14138.0,13979.0,2950.0,2893.0,24.6,0,-152617.52759911784,16215.918387325475
10763.0,25676.0,5405.0,10546.0,4480,4501,6292.0,6887,18077.0,18335.0,2777.0,5273.0,24.6,0,-146118.5731044363,17615.16682183444
4068.0,12339.0,710.0,2879.0,1952,3219,2901.0,4841,7438.0,12463.0,28.0,423.0,24.7,0,-159043.02795801382,20821.4648093948
9563.0,13339.0,1546.0,4372.0,3404,3565,5540.0,5343,13670.0,14324.0,2364.0,2293.0,24.7,0,-151929.84897618552,17500.704159352365
33794.0,53915.0,7945.0,12056.0,705,446,295.0,206,39079.0,36617.0,25896.0,24139.0,24.7,0,-111750.03961729413,-315.0937591833099
17716.0,25179.0,2506.0,3812.0,6610,6481,8835.0,9404,22190.0,23153.0,4347.0,4413.0,24.8,0,-142736.45722435572,13338.641889413237
2305.0,11629.0,566.0,2780.0,1855,5039,2737.0,7042,5457.0,14540.0,1815.0,2726.0,24.8,0,-159571.45162577604,20724.50324638192
18938.0,28134.0,3027.0,5409.0,119,92,59.0,49,26994.0,26507.0,13285.0,22926.0,24.8,0,-132128.9680150461,5662.805608892719
3224.0,7504.0,3357.0,6593.0,2392,2684,3023.0,3301,7731.0,9299.0,1395.0,2108.0,24.9,0,-156666.04648654893,21925.66710036085
179630.0,258652.0,12501.0,19902.0,488,310,389.0,190,173218.0,141726.0,92062.0,73554.0,25.0,0,50890.76707376371,-86661.16843519051
20283.0,34505.0,3918.0,3491.0,7264,7337,10438.0,10353,30267.0,28277.0,6664.0,5995.0,25.1,0,-135265.29033218918,9291.47475472462
5339.0,15052.0,1773.0,4976.0,4029,4554,5200.0,6065,11782.0,12813.0,1649.0,2214.0,25.2,0,-154536.30247455972,18619.675244475824
2508.0,13874.0,1031.0,3750.0,3381,7265,4246.0,8675,9198.0,18761.0,857.0,2363.0,25.2,0,-157656.42321565538,19466.55858877217
1739.0,8612.0,27.0,1742.0,2546,6955,2960.0,8148,6864.0,17931.0,0.0,0.0,25.2,0,-160594.32473993138,20506.72734970512
942.0,6401.0,90.0,918.0,26,0,160.0,89,1466.0,4647.0,8169.0,26686.0,25.2,0,-155470.12367113977,16926.09965881522
61599.0,97307.0,6328.0,10664.0,0,85,223.0,134,58895.0,56275.0,39899.0,48080.0,25.2,0,-82266.60221211157,-18078.86990316303
7183.0,12223.0,959.0,2476.0,2908,3036,3829.0,4155,11720.0,12997.0,3408.0,3023.0,25.2,0,-153518.41637453256,17469.038065155517
9592.0,21208.0,679.0,2897.0,2598,2677,3532.0,3844,9183.0,9193.0,220.0,568.0,25.3,0,-156206.7715364204,20195.85759921622
51338.0,81428.0,6601.0,9974.0,456,211,266.0,170,59596.0,56294.0,32351.0,46438.0,25.6,0,-88766.96368658019,-16274.74336824102
11357.0,13881.0,1400.0,4326.0,4275,4604,6620.0,7032,17076.0,18040.0,3648.0,6704.0,25.6,0,-148201.92097501998,14660.912863339308
21700.0,45371.0,2993.0,6005.0,7111,7994,8740.0,9964,23688.0,26601.0,2734.0,6474.0,25.7,0,-140729.74819627297,13454.693204670995
257293.0,370807.0,56507.0,84051.0,1154,835,206.0,165,127045.0,111181.0,76805.0,63031.0,25.9,0,67438.56522210591,-16136.311698277676
47421.0,71535.0,7647.0,10656.0,0,6,408.0,186,61733.0,59559.0,49352.0,46328.0,25.9,0,-80409.70316316209,-22551.89863580505
5085.0,13900.0,1610.0,4031.0,3354,3588,3974.0,4290,10877.0,11750.0,1635.0,2557.0,26.0,0,-155167.79428513796,18914.651967291906
23391.0,50892.0,1587.0,5340.0,5471,5638,8715.0,9462,24957.0,26054.0,4354.0,4663.0,26.0,0,-139887.3359181546,11540.380141353064
2379.0,13451.0,784.0,2907.0,2948,5680,3678.0,6711,8439.0,16308.0,1030.0,1928.0,26.0,0,-158261.6050359731,19676.803225118085
13695.0,20164.0,4099.0,7144.0,8602,8494,11124.0,11111,24772.0,24831.0,3312.0,3619.0,26.1,0,-142256.59241201903,13330.870785253766
93770.0,139657.0,6325.0,10118.0,529,378,178.0,119,51005.0,48793.0,41751.0,41816.0,26.1,0,-76532.7450313398,-11186.652769805733
4279.0,17074.0,2001.0,5396.0,3366,4655,3831.0,5188,9641.0,12958.0,1311.0,3194.0,26.1,0,-155919.15352023384,19831.929285228616
3124.0,9895.0,1683.0,4130.0,1691,3043,1864.0,3657,4837.0,8594.0,1135.0,1705.0,26.3,0,-159482.747256606,22334.600020118385
3695.0,8426.0,1685.0,2749.0,1154,2675,1139.0,2752,2256.0,6297.0,104.0,495.0,26.3,0,-161412.62136760724,24269.930741834185
172505.0,246611.0,25511.0,38659.0,438,253,345.0,152,269385.0,224780.0,129499.0,99678.0,26.3,0,131222.5267730143,-144888.52926894743
5699.0,13791.0,987.0,3586.0,2696,3203,3575.0,4290,7592.0,8946.0,310.0,1487.0,26.3,0,-157953.84848173818,20832.65079057894
65922.0,89298.0,3350.0,7360.0,248,177,225.0,153,36250.0,31471.0,32592.0,27080.0,26.4,0,-102136.47109757418,-2527.885731443392
5786.0,11071.0,2382.0,4126.0,4376,4588,6128.0,6266,13796.0,13637.0,2706.0,3077.0,26.5,0,-152280.24242507503,17567.53754783657
5889.0,14825.0,2597.0,6197.0,2738,3092,3820.0,4493,11301.0,13232.0,640.0,2932.0,26.5,0,-154488.90737768868,19773.16682649825
3092.0,6895.0,3038.0,5962.0,3611,3939,4788.0,5493,12908.0,13822.0,1748.0,2530.0,26.5,0,-153789.33838355265,18731.08907498489
20490.0,32578.0,10131.0,16048.0,4786,5220,7032.0,7000,23120.0,24222.0,5085.0,7097.0,26.6,0,-136036.11509911367,18214.43435502248
31369.0,64005.0,3177.0,6695.0,6477,7208,9987.0,10152,26559.0,26568.0,5039.0,7162.0,26.7,0,-134750.75617706007,11915.751177867469
11655.0,22161.0,3122.0,5488.0,6377,7012,9061.0,9221,21639.0,22288.0,3677.0,4920.0,26.7,0,-144843.48381072705,13799.107794546602
5664.0,14809.0,1637.0,3500.0,3777,3760,6447.0,7164,15185.0,16604.0,1235.0,3706.0,26.8,0,-152562.87901943197,16646.360945961198
4369.0,12852.0,2725.0,6290.0,3206,4068,4586.0,5609,9933.0,12223.0,320.0,1703.0,26.8,0,-156012.31214663168,20769.78124241327
6747.0,16558.0,1259.0,3978.0,3796,4096,5278.0,5621,12353.0,12824.0,903.0,986.0,26.8,0,-154627.8828114855,18447.10313338876
51775.0,86086.0,24392.0,38731.0,6688,6794,9228.0,9835,26676.0,27207.0,5612.0,7831.0,26.9,0,-115223.3089795716,29221.967155727267
1976.0,9983.0,918.0,3070.0,1175,1746,1884.0,2817,4661.0,7087.0,415.0,917.0,26.9,0,-160869.5269305879,22108.48298941264
2709.0,7463.0,2473.0,5198.0,2703,2965,3536.0,3949,9054.0,9947.0,1638.0,1971.0,27.0,0,-156531.05716316376,20446.813126991157
2422.0,12509.0,42.0,2428.0,91,59,131.0,42,3649.0,8376.0,19964.0,30101.0,27.0,0,-147794.88797845834,11435.428122090352
974.0,3305.0,1131.0,3526.0,185,98,137.0,39,11951.0,20244.0,21171.0,30686.0,27.0,0,-142366.62356605654,7227.300359231947
4370.0,12619.0,1534.0,4388.0,242,257,95.0,116,10720.0,10881.0,124422.0,177336.0,27.0,0,-68970.194616018,-46369.609548268585
1114360.0,1185360.0,871572.0,1132390.0,5543,3680,1091.0,692,1878860.0,1333750.0,1250900.0,827837.0,27.0,3,2465404.875301676,-767507.0438596235
3918.0,15896.0,1517.0,3923.0,2359,2994,3519.0,4465,8230.0,10049.0,901.0,1073.0,27.0,0,-157659.2045412237,20620.63288735831
1516.0,5282.0,537.0,2784.0,98,99,98.0,63,5053.0,6156.0,1783.0,2148.0,27.0,0,-160192.18374589476,20942.554140935383
763.0,5117.0,338.0,1619.0,174,142,143.0,7,3152.0,11877.0,27188.0,74175.0,27.0,0,-137532.47093070712,3237.6733078748694
866252.0,1052780.0,98179.0,133689.0,2307,2315,43.0,167,970163.0,767916.0,379343.0,334898.0,27.0,3,939844.1441328828,-528878.9814748623
5353.0,12835.0,1677.0,2982.0,2108,2709,2811.0,3258,7277.0,8344.0,2426.0,2223.0,27.1,0,-156733.9927100114,20691.057830621005
6596.0,12607.0,2291.0,4486.0,3983,4266,5638.0,5792,12192.0,13287.0,576.0,1944.0,27.1,0,-154140.07621516776,19282.0026657111
19633.0,32212.0,3000.0,5268.0,6219,5750,8029.0,7845,19874.0,18839.0,4773.0,5644.0,27.2,0,-142706.42698760607,14781.90590961156
17719.0,31455.0,3434.0,5837.0,8622,8365,10021.0,10189,26166.0,25434.0,3872.0,3944.0,27.2,0,-140276.40327015158,12148.445606284256
355891.0,491618.0,22771.0,34368.0,1911,1446,595.0,408,221278.0,184846.0,140779.0,115093.0,27.2,0,169669.65804652995,-113391.97941260863
77755.0,125198.0,59310.0,99443.0,6619,6366,8832.0,8870,21365.0,22292.0,4372.0,4683.0,27.4,0,-90302.06941754288,61402.08547082111
3541.0,14779.0,863.0,4273.0,2201,2970,3397.0,4640,7688.0,10828.0,0.0,0.0,27.4,0,-159066.74099282024,20834.200316215032
42323.0,76408.0,3616.0,6855.0,237,176,199.0,146,32352.0,31012.0,12905.0,20908.0,27.5,0,-121836.45809108778,5400.035139414933
21670.0,33859.0,3300.0,4574.0,8000,8033,9955.0,9641,25439.0,24350.0,6333.0,5464.0,27.6,0,-138098.047374912,11698.215254276687
690308.0,840145.0,48865.0,59244.0,4753,3138,39192.0,30866,378826.0,272095.0,301418.0,217029.0,27.6,0,471129.8802271241,-220507.9578438337
14390.0,29473.0,2416.0,5615.0,5953,5255,7461.0,7234,17540.0,16231.0,2470.0,2934.0,27.6,0,-147553.1942799696,16338.380743463897
1805.0,7701.0,870.0,3467.0,2645,3734,3794.0,5296,9072.0,13003.0,1920.0,3224.0,27.6,0,-157413.13524759878,18881.918862072867
8010.0,12039.0,1572.0,3225.0,4844,5042,7116.0,7382,18768.0,19442.0,4430.0,3347.0,27.6,0,-148450.50452796754,13847.865757616471
1877.0,8062.0,909.0,2489.0,3704,4514,4255.0,5378,10236.0,12291.0,2031.0,3106.0,27.7,0,-156686.9849630329,18278.40335650244
7362.0,14758.0,1769.0,2940.0,3913,4221,5723.0,6182,15546.0,16598.0,2304.0,4290.0,27.7,0,-151148.81063251523,16244.112648891669
22630.0,42982.0,7123.0,12164.0,382,284,355.0,126,38400.0,35633.0,22159.0,22886.0,27.7,0,-118130.80020633376,3.854999301696808
220364.0,340526.0,15251.0,22309.0,390,354,496.0,169,160841.0,142300.0,94441.0,91145.0,27.8,0,62852.17471516688,-78148.25694954497
73921.0,109710.0,6950.0,9101.0,427,170,10.0,45,48238.0,42736.0,37047.0,30576.0,27.8,0,-88158.70772156303,-7580.254410086927
9973.0,25405.0,1646.0,3716.0,4964,5222,6143.0,6127,15061.0,14761.0,2003.0,2802.0,27.8,0,-151041.2114017684,16918.790107549095
19314.0,31044.0,2914.0,4438.0,4599,4015,6010.0,5906,15108.0,15688.0,4756.0,3558.0,27.9,0,-145872.8241466165,17534.045570620852
5886.0,20916.0,1687.0,3789.0,2956,3040,3921.0,4232,10572.0,11007.0,2058.0,2014.0,27.9,0,-154934.0417290598,19129.93800827209
3253.0,10426.0,714.0,2978.0,8042,10007,14601.0,18771,8474.0,10260.0,1357.0,1794.0,27.9,0,-157830.11117302033,19605.98867286864
187337.0,285965.0,19839.0,33120.0,705,400,455.0,193,112031.0,99435.0,74494.0,65822.0,28.0,0,14434.069376138592,-40826.25223777445
44048.0,72234.0,14151.0,24018.0,426,311,400.0,219,29372.0,30365.0,11590.0,23665.0,28.0,0,-116836.2842384094,15184.450006911831
44307.0,61273.0,6112.0,9187.0,324,273,251.0,149,24598.0,21850.0,18833.0,19241.0,28.2,0,-121567.94522184262,9861.54549943152
75819.0,108523.0,9073.0,13137.0,708,348,465.0,197,79423.0,71926.0,85756.0,62100.0,28.2,0,-41187.74186404261,-43112.90449282912
47856.0,73035.0,7942.0,12164.0,255,183,0.0,63,46709.0,42910.0,34824.0,34864.0,28.2,0,-97068.19048101,-7819.390605573644
20895.0,39390.0,3747.0,5863.0,6447,6519,8366.0,8814,24518.0,25500.0,5653.0,5285.0,28.3,0,-138945.78259595067,12716.527357076808
5771.0,14098.0,2317.0,5219.0,5339,6507,6488.0,7598,15851.0,17842.0,2137.0,3640.0,28.3,0,-151347.6769115947,16531.581450692887
57134.0,74877.0,4432.0,5452.0,1124,393,74.0,74,59401.0,55565.0,55818.0,45355.0,28.3,0,-77668.00485349576,-25027.2461265229
172160.0,269809.0,11535.0,18641.0,466,272,0.0,80,78356.0,65176.0,96894.0,65234.0,28.3,0,-3750.5689710444713,-37603.56162556074
903.0,4646.0,272.0,2049.0,64,0,155.0,92,3293.0,4890.0,1641.0,2331.0,28.4,0,-161552.98737159898,21659.06314669369
1908.0,11825.0,72.0,743.0,95,0,207.0,150,3151.0,6004.0,1023.0,2305.0,28.4,0,-161716.34524649323,21867.361772033262
612563.0,788434.0,254269.0,362254.0,865,881,948.0,429,575873.0,468019.0,292910.0,244461.0,28.4,3,677271.938209388,-176736.50715363078
97200.0,154093.0,65845.0,91658.0,5914,5215,9334.0,9320,22136.0,20439.0,6131.0,5563.0,28.4,0,-78815.6574540538,66700.31455683468
8942.0,9098.0,2875.0,5554.0,3754,4439,5559.0,5794,14923.0,15150.0,924.0,2887.0,28.4,0,-151210.61536293465,18190.501571272584
17410.0,28101.0,1380.0,4367.0,5586,5609,7131.0,7697,16703.0,18742.0,1658.0,3578.0,28.4,0,-147925.57200973405,16402.889316205234
80413.0,116242.0,19355.0,29817.0,94,143,396.0,179,55122.0,48756.0,49343.0,42680.0,28.5,0,-67193.43606959128,-7131.279100896001
1083.0,5076.0,844.0,3801.0,1407,2303,2176.0,3439,5608.0,9127.0,0.0,829.0,28.7,0,-160880.63604160355,21629.703813351087
26894.0,46701.0,7854.0,14416.0,107,74,405.0,184,32356.0,31187.0,14380.0,23808.0,28.7,0,-123101.26516846476,6568.765837443247
1764.0,3903.0,1199.0,4317.0,112,70,297.0,220,4105.0,10519.0,21785.0,35792.0,28.7,0,-145253.4512064615,10620.551980462533
58079.0,81489.0,15505.0,25381.0,282,319,482.0,211,77149.0,71443.0,36455.0,43551.0,28.7,0,-70237.44536911053,-19361.476601085444
166650.0,250385.0,4995.0,10918.0,485,391,425.0,176,117937.0,105399.0,87846.0,82074.0,28.8,0,11232.69670009974,-63529.20871618942
6902.0,15168.0,2755.0,3895.0,3363,3839,4804.0,5333,13603.0,14725.0,2911.0,3282.0,28.9,0,-151685.97827133434,17936.11245488609
95226.0,158968.0,18876.0,28315.0,520,408,263.0,166,93184.0,84761.0,68382.0,71213.0,28.9,0,-27999.333592704323,-37081.54595061343
6429.0,12419.0,1889.0,5179.0,1755,2188,2013.0,3073,5821.0,8376.0,1851.0,1348.0,28.9,0,-157487.29519588884,22023.92385783716
7535.0,19372.0,1805.0,4515.0,5215,6305,7237.0,8268,17771.0,20632.0,2294.0,3663.0,29.0,0,-149944.88384429226,15190.476200343215
132629.0,189228.0,4066.0,5538.0,424,340,0.0,66,109565.0,97117.0,57770.0,55960.0,29.0,0,-23202.812179070577,-48652.92377271324
10574.0,20879.0,640.0,1618.0,2693,5580,3810.0,7923,10187.0,20604.0,5822.0,4970.0,29.0,0,-152021.50648661205,17225.675161856292
29082.0,47300.0,2631.0,4872.0,6030,6454,7672.0,7689,20735.0,20302.0,3853.0,4401.0,29.1,0,-140056.1070175309,15225.81907653988
7927.0,14796.0,1150.0,2330.0,4104,5604,5070.0,7377,13424.0,18125.0,3534.0,3425.0,29.1,0,-152089.65065874517,16665.22944596066
1568.0,8792.0,866.0,2971.0,823,2761,1242.0,4501,2858.0,10325.0,364.0,381.0,29.1,0,-162146.8294927646,23093.9891926772
193868.0,284047.0,11590.0,16882.0,291,371,324.0,170,218257.0,180133.0,77168.0,68208.0,29.1,0,72050.69456519024,-104708.87357009886
5993.0,15910.0,1855.0,3892.0,4735,5622,5976.0,7189,12806.0,15387.0,819.0,1818.0,29.2,0,-154157.47147934212,18517.232840619265
14885.0,31433.0,3197.0,5790.0,3138,3236,5445.0,5613,15314.0,15696.0,3782.0,3389.0,29.2,0,-147497.24748277589,17647.794627092273
7057.0,10287.0,2006.0,3770.0,3591,3295,5039.0,5305,12325.0,12465.0,3291.0,2600.0,29.3,0,-152726.37877283696,18032.940984072156
4172.0,13077.0,564.0,3692.0,1211,3277,2199.0,5042,5986.0,13101.0,1701.0,2056.0,29.3,0,-158852.46696139063,20707.87015917273
4571.0,16882.0,971.0,4018.0,1932,3635,3131.0,5436,8149.0,14220.0,766.0,731.0,29.3,0,-157940.75191617652,20388.452608375523
6298.0,16334.0,1469.0,3168.0,5114,7726,5348.0,7513,9671.0,13367.0,1871.0,1478.0,29.3,0,-155595.42608961265,19624.98956402891
2940.0,9513.0,1138.0,4246.0,2328,3780,2770.0,4459,7811.0,12689.0,2122.0,2112.0,29.4,0,-157689.58400858913,19932.500851255558
2483.0,15806.0,1088.0,4403.0,909,2118,1278.0,3481,3090.0,8240.0,516.0,1826.0,29.4,0,-161275.2753542449,22954.74003590281
2371.0,9135.0,1306.0,3131.0,1312,2346,1982.0,4046,4642.0,9450.0,259.0,636.0,29.4,0,-160643.35210831615,22534.91777050612
718968.0,933325.0,294672.0,388885.0,1722,1032,598.0,342,405687.0,338797.0,191273.0,178624.0,29.4,3,583016.8081181957,-3963.227785426607
3497.0,21927.0,1398.0,6396.0,762,2011,1017.0,2629,2885.0,8016.0,1354.0,2139.0,29.4,0,-160441.4961560746,23053.06129477598
144538.0,222829.0,10996.0,18529.0,505,348,0.0,26,197208.0,166355.0,65059.0,66655.0,29.4,0,38386.55423448671,-93338.9102820881
6540.0,12613.0,446.0,1829.0,249,260,131.0,239,4292.0,4272.0,3514.0,2133.0,29.5,0,-158259.596855974,21084.389936167987
4223.0,12219.0,720.0,2643.0,270,211,311.0,194,4428.0,4531.0,1774.0,1712.0,29.5,0,-159639.20058135307,21683.613318020474
688205.0,757062.0,109248.0,129505.0,5598,4151,55625.0,39760,500469.0,338315.0,431812.0,265164.0,29.5,3,641817.0526145517,-289947.6654083865
10513.0,14823.0,3376.0,4751.0,3376,3374,4138.0,4022,9702.0,9136.0,2864.0,1716.0,29.5,0,-152610.35116565405,21001.6106397576
10066.0,13731.0,2561.0,3876.0,311,127,0.0,93,10008.0,4914.0,11847.0,4689.0,29.5,0,-148438.3341501044,16769.480017188733
552502.0,678604.0,222297.0,281942.0,2869,2198,497.0,269,346325.0,277135.0,141164.0,124337.0,29.5,0,421602.38794035104,-15396.303859014908
34096.0,46384.0,5359.0,7238.0,3250,3094,8553.0,8613,24692.0,23792.0,8893.0,8437.0,29.7,0,-131640.41469400842,13303.70880234066
3088.0,13707.0,724.0,2012.0,2446,3398,3111.0,4270,8255.0,11821.0,696.0,1575.0,29.7,0,-158389.21075624446,19940.64150930654
33565.0,69861.0,18111.0,27861.0,2664,2536,5312.0,5108,12778.0,12893.0,5403.0,5774.0,29.8,0,-132938.89946213886,30864.667541087543
7505.0,14050.0,662.0,1370.0,2150,2299,2658.0,2769,6602.0,6661.0,2097.0,1707.0,29.9,0,-157257.31480583458,20623.61216832265
9252.0,21050.0,2765.0,5840.0,3463,3575,5186.0,5488,15644.0,15217.0,2253.0,3189.0,29.9,0,-150115.17050711723,17258.82520561862
128024.0,203430.0,7448.0,13612.0,574,406,235.0,119,65659.0,58613.0,65550.0,52483.0,29.9,0,-43977.84149922058,-25015.622566037164
2287.0,9772.0,1198.0,3516.0,1354,2264,1669.0,2438,3692.0,5593.0,951.0,1312.0,29.9,0,-160825.26560999028,22630.89645252326
18507.0,26027.0,2113.0,3880.0,7660,8322,9585.0,9785,26126.0,26788.0,4440.0,4259.0,29.9,0,-140515.54675818517,10987.340033766945
8328.0,19689.0,1371.0,2875.0,4157,4814,5572.0,6506,14056.0,15535.0,2307.0,3174.0,30.0,0,-152087.91344563814,16967.892357955643
6210.0,10446.0,92.0,2377.0,502,1715,703.0,2426,1642.0,4687.0,152.0,380.0,30.0,0,-161888.23749909553,23572.976855585035
25871.0,53898.0,3918.0,6793.0,276,161,194.0,71,32307.0,34103.0,13054.0,25350.0,30.1,0,-126129.00425397344,3752.340633045489
379784.0,557359.0,162724.0,252100.0,1830,1439,0.0,185,216384.0,195634.0,124451.0,113488.0,30.4,0,249544.38764127085,3042.4144389708163
45038.0,77304.0,20507.0,30392.0,94,126,90.0,94,33685.0,32261.0,18717.0,26009.0,30.4,0,-106692.0202088628,15083.064258140988
1420.0,5695.0,1503.0,5037.0,2404,4348,2759.0,5185,6506.0,11718.0,1839.0,2645.0,30.6,0,-158721.91269436327,20814.79852487155
3266.0,9580.0,732.0,2129.0,397,1566,788.0,2309,1526.0,5170.0,215.0,554.0,30.6,0,-162459.82479284093,23855.57449247928
4699.0,11076.0,2152.0,3332.0,3440,3548,4870.0,5306,11239.0,11709.0,2041.0,1961.0,30.6,0,-154683.8445183556,19052.94324423263
13237.0,23180.0,2919.0,4851.0,4378,4647,6152.0,6454,15491.0,17200.0,4203.0,4063.0,30.7,0,-147776.060651217,16990.252904965007
71710.0,112584.0,8203.0,9364.0,599,404,0.0,23,39558.0,35341.0,25491.0,22664.0,30.7,0,-99610.89737857127,2801.12465516046
763.0,4816.0,640.0,3788.0,719,1508,775.0,2424,1825.0,6059.0,1275.0,2456.0,30.7,0,-162335.55620889497,22821.61970246435
6411.0,16601.0,1440.0,4229.0,1816,2210,2515.0,3753,6311.0,9070.0,0.0,560.0,30.7,0,-158474.18540085305,22144.475463414263
15585.0,31848.0,7746.0,13265.0,6884,6939,8818.0,8856,23927.0,23630.0,2589.0,5664.0,30.7,0,-139956.44606182605,16642.462407157927
28780.0,40054.0,12204.0,23574.0,460,250,513.0,196,30288.0,31236.0,17048.0,21510.0,30.8,0,-120232.55743457934,10560.29027058501
5120.0,14540.0,1191.0,3562.0,2654,3089,3479.0,3982,9692.0,10724.0,109.0,920.0,30.8,0,-157047.75559421146,19965.86687267933
1651.0,5621.0,66.0,1555.0,106,4,264.0,168,3823.0,4491.0,527.0,554.0,30.8,0,-161959.56449861213,21893.543208095416
200867.0,278609.0,6502.0,11226.0,167,307,471.0,233,290131.0,232540.0,119141.0,106891.0,30.8,0,137025.16296271674,-165892.75309941423
28050.0,45019.0,3067.0,4963.0,8418,8123,10691.0,10727,26602.0,25670.0,8589.0,7205.0,30.8,0,-134204.15869405714,10384.687188117286
2921.0,16182.0,629.0,2771.0,1290,2111,1510.0,2602,4488.0,7760.0,769.0,1465.0,30.9,0,-160576.12218731307,21858.35938801928
5752.0,24688.0,1903.0,4617.0,4849,5498,5208.0,5720,12830.0,14569.0,1340.0,2124.0,30.9,0,-153901.865214148,18307.37209494889
4449.0,16461.0,884.0,3099.0,2896,3651,3793.0,4955,8360.0,10592.0,734.0,1755.0,31.0,0,-157748.2166612849,20072.26600570064
7115.0,14257.0,1150.0,2206.0,8478,8934,8486.0,8979,15404.0,15145.0,1362.0,2491.0,31.0,0,-152390.83181592092,16417.746851023294
6912.0,16330.0,2969.0,6845.0,5269,6206,6892.0,8522,16660.0,19891.0,1851.0,3922.0,31.0,0,-150231.54216083887,16734.648964868364
3019.0,15199.0,460.0,1378.0,2700,4136,3373.0,5194,9801.0,14596.0,1290.0,2625.0,31.1,0,-157256.67619013385,18564.05180328307
15105.0,27082.0,4979.0,8085.0,7536,7864,10069.0,10368,23461.0,23755.0,3683.0,5020.0,31.2,0,-141604.56435557653,14482.7630509333
727.0,4244.0,482.0,2009.0,1413,2311,1886.0,3188,4639.0,7910.0,659.0,1171.0,31.3,0,-161383.06343268734,21579.96131301978
1516.0,9766.0,1292.0,5778.0,1652,2978,2541.0,4951,7274.0,14521.0,191.0,665.0,31.4,0,-159493.7532247441,21071.27992561438
2878.0,7270.0,2562.0,4355.0,3579,4171,5401.0,5687,14681.0,15290.0,1977.0,2706.0,31.5,0,-153021.58819644063,17303.18753284382
5655.0,14807.0,2852.0,5449.0,5920,6634,7669.0,8464,15787.0,16880.0,1001.0,3173.0,31.5,0,-151702.658518714,17409.47835664756
1546.0,9841.0,0.0,340.0,216,186,131.0,57,4975.0,11166.0,6480.0,12180.0,31.7,0,-156656.20820144928,17615.180257622465
1022320.0,928887.0,74510.0,65923.0,2878,1855,374.0,344,1396910.0,954594.0,715156.0,448210.0,31.7,3,1386158.2478018585,-891104.7214990569
15074.0,35693.0,5031.0,9521.0,3122,3031,6812.0,7249,16317.0,16881.0,4471.0,5118.0,31.7,0,-145180.47744583563,18048.272716105297
5358.0,10151.0,2459.0,4061.0,3865,4268,5055.0,5454,12881.0,14284.0,2786.0,3301.0,31.9,0,-152807.339502635,18023.489697577344
9845.0,22383.0,593.0,2519.0,3557,4031,4574.0,4619,13438.0,13707.0,3134.0,3480.0,31.9,0,-151974.054785642,16500.373820135137
93210.0,143060.0,17788.0,25911.0,1821,1983,419.0,175,86322.0,74743.0,57979.0,60211.0,31.9,0,-39761.27298884197,-29383.857456977326
44722.0,70306.0,1732.0,4551.0,402,324,507.0,199,49392.0,44950.0,42476.0,36230.0,32.0,0,-96497.65677695362,-16943.136953559675
3043.0,14641.0,1067.0,3484.0,2385,3496,3209.0,4927,8230.0,12566.0,422.0,1627.0,32.0,0,-158332.09011940597,20294.857875772857
15719.0,13811.0,2319.0,4124.0,7488,7315,9206.0,9283,24194.0,23109.0,6307.0,5223.0,32.1,0,-141332.5753245224,11213.839849739172
17281.0,31987.0,2880.0,5227.0,2696,2697,3976.0,3835,9507.0,9759.0,2195.0,3476.0,32.2,0,-150849.56932436588,21208.116083979603
10739.0,17440.0,2918.0,5426.0,4465,4561,6697.0,6794,16625.0,15541.0,4896.0,3135.0,32.3,0,-147789.06219062576,16095.515501891958
6869.0,16743.0,2075.0,3351.0,4626,4442,6690.0,6667,16021.0,15109.0,1495.0,2801.0,32.4,0,-151486.66049470438,16666.059566831256
2397.0,9690.0,542.0,1865.0,2572,3588,3108.0,4167,7049.0,9243.0,776.0,1853.0,32.4,0,-159300.44500029564,20331.477374391237
53082.0,80654.0,12039.0,18241.0,532,327,239.0,160,60475.0,55390.0,47172.0,39378.0,32.4,0,-78889.55265671594,-16417.584070436584
30828.0,48719.0,3905.0,6902.0,204,168,30.0,44,41949.0,37983.0,26285.0,29733.0,32.5,0,-112364.90477283813,-6058.590952066563
3485.0,9410.0,1855.0,3826.0,3485,3767,4618.0,4928,12177.0,12442.0,1587.0,2007.0,32.6,0,-154931.67383506062,18378.719861209956
123940.0,183793.0,9652.0,14422.0,903,403,141.0,108,60679.0,55527.0,60661.0,46850.0,32.7,0,-49958.47677399476,-18565.63925687512
14977.0,25485.0,2727.0,5078.0,9833,10503,12276.0,12770,32519.0,32423.0,2941.0,5517.0,32.7,0,-138208.73534182966,8099.655003067435
2186.0,7434.0,990.0,2853.0,1625,3663,2001.0,5108,4428.0,11419.0,2563.0,2589.0,32.7,0,-159609.66223017342,21358.307242924624
54831.0,87092.0,5328.0,6670.0,357,202,0.0,0,60101.0,53510.0,37745.0,38297.0,32.9,-1,-87037.36624510634,-17923.677054960644
7557.0,14405.0,2180.0,3919.0,3013,3405,4110.0,4092,10501.0,10848.0,649.0,851.0,32.9,0,-154994.12754850523,20298.7693579078
30013.0,59049.0,930.0,3048.0,2733,2432,7435.0,7330,11767.0,10283.0,2525.0,3292.0,32.9,0,-146539.24224653837,19385.01880695565
1837.0,9804.0,873.0,3395.0,2089,4042,2581.0,4594,6703.0,13067.0,433.0,1846.0,32.9,0,-159638.2145793385,20839.0153509117
54217.0,75706.0,4718.0,9317.0,456,342,282.0,227,28990.0,27692.0,22048.0,17986.0,33.0,0,-115516.98444065417,6299.706030601599
4302.0,9132.0,1598.0,3811.0,3956,4469,5114.0,5837,12679.0,14476.0,2526.0,2667.0,33.0,0,-153994.83883520748,17573.713340930884
140670.0,210899.0,10004.0,15893.0,276,238,0.0,88,169120.0,144092.0,84522.0,68954.0,33.0,0,30385.00222724857,-86131.86252071155
2670.0,6677.0,1917.0,3109.0,0,0,260.0,127,10165.0,6360.0,39.0,454.0,33.0,0,-157273.1420614824,20156.6027210754
2879.0,11099.0,944.0,4707.0,82,60,106.0,46,3694.0,9052.0,18217.0,33984.0,33.0,0,-147228.83479700112,12168.328655821097
572200.0,608498.0,686343.0,933649.0,4702,2611,724.0,335,590184.0,488204.0,197789.0,175094.0,33.0,3,871892.0858575298,182323.5066516056
417141.0,544892.0,38967.0,54180.0,900,846,80.0,151,622375.0,500012.0,264981.0,229717.0,33.0,3,497651.8705809002,-368562.8521329985
48822.0,78693.0,16243.0,26348.0,112,164,302.0,182,56988.0,56433.0,35031.0,44802.0,33.1,0,-84364.97230970216,-8400.823386337383
40070.0,66476.0,10289.0,15717.0,2733,2472,7366.0,7661,18540.0,19111.0,9472.0,7305.0,33.1,0,-130145.4459756582,20755.22775318769
1927.0,8301.0,755.0,2957.0,2621,3590,3441.0,4689,7962.0,11294.0,635.0,887.0,33.2,0,-159050.12862546157,20151.618618942783
57745.0,79195.0,12661.0,20792.0,414,216,125.0,119,55762.0,49406.0,52373.0,39362.0,33.2,0,-77239.99400344201,-14798.75849454252
88902.0,130419.0,4636.0,6869.0,86,246,165.0,131,67639.0,62018.0,47783.0,41723.0,33.2,0,-67129.99399025207,-23734.10734217787
5563.0,15174.0,2720.0,5558.0,3215,3817,3901.0,4439,9306.0,11324.0,492.0,1165.0,33.2,0,-155993.7200774766,21209.06951070616
2721.0,11314.0,2499.0,5728.0,5054,6214,5331.0,6345,11899.0,13737.0,1573.0,1830.0,33.2,0,-154978.8562713127,18996.8519574364
24150.0,35256.0,3275.0,5615.0,9468,9358,11150.0,10804,27367.0,27375.0,4451.0,4946.0,33.3,0,-137198.38371931695,11537.234588030042
90698.0,134125.0,10419.0,20260.0,64,219,191.0,135,51187.0,46420.0,32200.0,31855.0,33.3,0,-81110.3936780238,-3837.767974258804
4410.0,18545.0,1733.0,4204.0,1640,2706,2790.0,5101,7986.0,15392.0,1868.0,3791.0,33.3,0,-156601.08205244617,20247.29686485654
41893.0,76351.0,8148.0,12479.0,0,95,43.0,73,26155.0,22987.0,15737.0,16363.0,33.3,0,-122200.08395053505,11824.459530813892
12841.0,20720.0,2875.0,6196.0,5048,5512,7315.0,7973,17750.0,18094.0,2488.0,5215.0,33.4,0,-147266.7171909383,16129.606820441284
10376.0,20030.0,3211.0,5469.0,1613,1474,4580.0,4866,11411.0,12523.0,4211.0,4579.0,33.4,0,-150700.34577566764,19094.62799877358
5378.0,12871.0,1560.0,3420.0,5172,5489,6778.0,7163,15314.0,16157.0,2139.0,3435.0,33.5,0,-152252.4537213278,16241.581105481151
7345.0,16435.0,2229.0,4843.0,4394,4662,5622.0,6069,14644.0,15655.0,2134.0,2719.0,33.5,0,-151727.64286201744,17353.938487489773
3632.0,17580.0,1084.0,3852.0,1653,2771,2319.0,3759,5774.0,10138.0,345.0,1800.0,33.6,0,-159502.3498598631,21664.658920619226
4266.0,12987.0,1309.0,3665.0,1114,2127,848.0,2066,2469.0,5295.0,408.0,612.0,33.7,0,-161174.5417313815,23795.204272101106
80833.0,117484.0,12105.0,18944.0,442,343,330.0,169,45700.0,41067.0,46521.0,37945.0,33.7,0,-78667.31406614397,-5964.189382594825
189751.0,292501.0,42017.0,66976.0,312,519,67.0,94,212085.0,171618.0,82589.0,74915.0,33.7,0,88948.47975923648,-81323.7768130819
4480.0,13470.0,1400.0,3553.0,2210,2240,3209.0,3665,7887.0,9171.0,875.0,857.0,33.7,0,-157788.17076026252,20795.498256350096
7022.0,15638.0,1498.0,3364.0,4490,4274,5758.0,5713,16123.0,16335.0,3270.0,3866.0,33.8,0,-150724.18447163515,15444.85492372682
20011.0,37899.0,2852.0,4394.0,7195,7386,9264.0,9336,22719.0,22649.0,3037.0,3583.0,33.8,0,-142245.95432698954,14044.214707197703
35132.0,49837.0,10465.0,18696.0,432,293,434.0,262,44794.0,41971.0,35429.0,30315.0,33.8,0,-101218.19034934792,-5391.888644210416
19745.0,32326.0,2557.0,4594.0,130,155,119.0,15,34439.0,33941.0,23897.0,27514.0,33.8,0,-122352.20449401993,-2787.718006970917
61296.0,89678.0,15462.0,25129.0,502,281,0.0,45,52331.0,48800.0,45896.0,37326.0,33.9,0,-79677.14605168565,-8129.973109222738
8159.0,15859.0,2847.0,5318.0,2026,1910,3336.0,3488,9394.0,8438.0,2814.0,3101.0,33.9,0,-153640.9926626559,20404.72512121925
15719.0,35919.0,3917.0,8016.0,4638,4817,6187.0,6280,18366.0,18957.0,2053.0,4573.0,34.0,0,-145701.7994307636,17039.309800508196
161725.0,235965.0,8380.0,12946.0,557,226,481.0,165,213696.0,178455.0,77427.0,67873.0,34.0,0,57383.08782662227,-107148.99282328357
5034.0,13868.0,2616.0,5138.0,3448,3806,4151.0,4555,10977.0,11675.0,2128.0,2765.0,34.1,0,-154270.59663049926,19429.537372217324
3724.0,18973.0,971.0,3152.0,4044,6470,5376.0,8525,12967.0,19684.0,1345.0,3740.0,34.2,0,-154750.5782449076,17142.415303652568
2746.0,6902.0,1242.0,4145.0,2449,2939,3504.0,4358,8280.0,9773.0,2014.0,2992.0,34.2,0,-157327.45609475658,19659.383805130423
8178.0,14102.0,2585.0,4265.0,5976,6229,8483.0,8457,22295.0,21724.0,4490.0,5619.0,34.2,0,-145421.68350415185,12409.740155570307
4786.0,11362.0,2013.0,3881.0,2613,2651,3697.0,3893,10495.0,10776.0,1138.0,2369.0,34.3,0,-155501.6717294379,19591.0149552734
14004.0,29138.0,4064.0,6698.0,4517,4452,6214.0,6280,17529.0,18618.0,3826.0,4550.0,34.5,0,-145815.4154711875,16884.51976827285
3165.0,7580.0,442.0,1832.0,1665,3337,2003.0,4089,4629.0,9144.0,2427.0,2758.0,34.5,0,-159541.82683519428,20929.11667504642
17729.0,30638.0,2137.0,4209.0,7850,8285,10984.0,11578,26397.0,25846.0,2937.0,5353.0,34.6,0,-141101.80662678255,11149.694032697058
22924.0,21955.0,3597.0,5613.0,8088,7753,11846.0,11221,27305.0,26037.0,6535.0,5992.0,34.6,0,-136299.66083089114,10878.369219787
7133.0,12565.0,908.0,2147.0,5528,5968,7732.0,8568,20235.0,21307.0,3303.0,4531.0,34.8,0,-148624.7620264953,12704.201860194866
3280.0,8884.0,1503.0,3442.0,3934,4675,5626.0,6507,12395.0,13638.0,1012.0,2323.0,34.8,0,-155291.49375099415,18128.203172460853
6095.0,13393.0,1520.0,4001.0,3398,3295,4349.0,4234,10605.0,10385.0,2066.0,2441.0,34.8,0,-154867.72579303317,18940.72982568477
41156.0,65250.0,7000.0,9218.0,218,200,193.0,129,40015.0,36537.0,26492.0,28035.0,34.8,0,-108488.04777115096,-1729.1509680089075
17438.0,27804.0,3901.0,5223.0,7227,7451,8371.0,8099,19008.0,18061.0,1453.0,3161.0,34.8,0,-145308.2614143538,17221.387859444392
86215.0,123135.0,16640.0,27159.0,140,118,159.0,115,78816.0,73139.0,61116.0,54997.0,34.9,0,-46292.24455222202,-27081.58176832212
402156.0,445927.0,77311.0,107482.0,1795,987,0.0,115,319138.0,239862.0,143518.0,109323.0,34.9,0,271145.6318721104,-120976.50100002286
3480.0,9227.0,1853.0,3083.0,3922,4015,4335.0,4919,11658.0,12658.0,1790.0,2234.0,35.0,0,-155087.95697153045,18557.54465044141
1726.0,7988.0,1016.0,5190.0,1487,3705,1439.0,3464,3157.0,7965.0,167.0,1150.0,35.1,0,-161797.78962739554,23020.775420654594
5879.0,12997.0,1958.0,5224.0,2968,3931,4395.0,6340,11844.0,15621.0,2779.0,3133.0,35.2,0,-153547.07311862797,18258.38931534147
1122.0,5656.0,73.0,1945.0,669,2157,984.0,3412,2626.0,8703.0,57.0,855.0,35.2,0,-162948.22638134318,22617.015648068824
67658.0,97268.0,6718.0,10649.0,394,523,314.0,144,70922.0,63036.0,58016.0,63064.0,35.2,0,-62518.04732846008,-31881.974539470088
3905.0,10592.0,617.0,2219.0,5598,6777,6757.0,7934,13562.0,15365.0,2046.0,2346.0,35.2,0,-154479.55295841355,16537.94134819762
2436.0,12362.0,1318.0,4684.0,6427,10318,6722.0,10780,15170.0,24242.0,0.0,203.0,35.4,0,-154954.43231809497,17083.3267106749
1154.0,6537.0,568.0,2016.0,1725,4080,1845.0,4732,4068.0,10115.0,1082.0,2321.0,35.4,0,-161117.64686769454,21683.07568615761
1819.0,4701.0,338.0,1214.0,779,2453,1055.0,3010,2052.0,6625.0,211.0,533.0,35.4,0,-162869.22888149795,23172.3271693706
10099.0,25575.0,2760.0,5259.0,1979,2157,4789.0,5464,12208.0,13742.0,3736.0,4505.0,35.5,0,-150844.5551486088,18474.28271414597
672.0,2029.0,0.0,0.0,197,85,400.0,238,5105.0,4188.0,2578.0,2736.0,35.5,0,-160283.19878635186,20097.543178732063
568794.0,642051.0,59037.0,78821.0,3630,2526,44135.0,35727,411443.0,307811.0,316052.0,222939.0,35.5,0,463969.2228537418,-245023.3126296434
64337.0,103126.0,13816.0,20872.0,457,213,177.0,103,40681.0,36161.0,33384.0,32628.0,35.5,0,-92690.1014292525,1898.023927535949
5466.0,18456.0,1812.0,3815.0,3546,4124,4173.0,5546,11366.0,14737.0,2610.0,3408.0,35.5,0,-154059.13869452872,18392.8377834813
3349.0,10745.0,712.0,3001.0,1734,2492,2287.0,3729,6410.0,9746.0,342.0,1534.0,35.6,0,-159507.9996460309,21058.78035057952
34161.0,48008.0,6270.0,9964.0,0,51,0.0,39,38002.0,35582.0,32767.0,26601.0,35.7,0,-109632.84198963556,-3614.6569653143088
3899.0,9909.0,9205.0,16965.0,158,131,172.0,122,6830.0,8834.0,3523.0,3570.0,35.7,0,-152275.4123678019,25981.178269545297
4942190.0,1695360.0,998667.0,14526200.0,17172,4488,5175.0,1152,1775790.0,674632.0,1057130.0,368675.0,35.7,3,3543346.9341866104,-200720.06178097025
2389.0,9460.0,1532.0,4252.0,3025,4021,4084.0,5451,11085.0,15603.0,1205.0,2651.0,35.8,0,-156146.7112168374,18670.49472373856
4908.0,12642.0,1156.0,4043.0,324,924,421.0,1463,1393.0,4375.0,562.0,1262.0,35.8,0,-161475.78748900795,24157.17868210887
48492.0,68802.0,4701.0,10090.0,384,276,122.0,131,41354.0,36648.0,29414.0,32790.0,35.8,0,-104589.85887696072,-5279.93996984691
17442.0,21809.0,5650.0,9816.0,5390,5965,8385.0,8666,17728.0,18514.0,1609.0,2839.0,35.8,0,-144971.88886983975,19220.987959799226
12180.0,20901.0,1809.0,3245.0,2619,3023,4169.0,4506,11507.0,11706.0,3297.0,4142.0,35.9,0,-151390.3439479013,18481.99595832951
4827.0,14317.0,1241.0,3737.0,3665,4291,4072.0,4718,10208.0,11919.0,751.0,2201.0,35.9,0,-156305.6828317632,19318.054674788447
37359.0,53564.0,6955.0,12247.0,372,374,105.0,88,55149.0,53617.0,25596.0,39736.0,35.9,0,-99765.4207201855,-11488.996409964464
4412.0,12379.0,619.0,3244.0,2839,3779,3604.0,4596,10280.0,13090.0,2006.0,1970.0,36.0,0,-156232.3297559204,18387.07159067705
9436.0,16967.0,1795.0,4041.0,4106,3964,5862.0,6050,15374.0,14834.0,2180.0,2858.0,36.0,0,-150865.14913561108,16753.550843276746
11864.0,30954.0,2806.0,5069.0,8448,9867,9397.0,10641,21273.0,23354.0,805.0,2083.0,36.2,0,-146967.0382398059,15131.36304804309
65515.0,96261.0,6929.0,10431.0,447,203,139.0,198,70539.0,61519.0,53642.0,47488.0,36.3,0,-67981.96891416714,-28044.639285206504
9878.0,19162.0,2181.0,4744.0,2467,2515,2584.0,2510,6823.0,6868.0,1003.0,1074.0,36.4,0,-156087.74339128382,22290.87098972228
28033.0,40355.0,2634.0,4254.0,8644,8849,11246.0,10723,28014.0,25118.0,7458.0,5461.0,36.4,0,-134502.8393393006,9919.113312096446
19559.0,31035.0,877.0,1822.0,3572,4143,5392.0,5881,16451.0,17725.0,4921.0,6175.0,36.4,0,-145735.5793688906,14859.13533942428
237841.0,368607.0,24471.0,39302.0,678,698,133.0,98,144462.0,130176.0,119290.0,126490.0,36.4,0,82365.50243626419,-74261.31170553126
64377.0,95352.0,8004.0,11728.0,496,337,106.0,94,40230.0,35099.0,35347.0,34262.0,36.5,0,-95176.8854188464,-3155.752448387488
1870.0,11797.0,353.0,2446.0,115,11,143.0,42,4247.0,7134.0,1249.0,2386.0,36.5,0,-160838.24231816432,21404.942209817105
2329.0,12898.0,2248.0,10134.0,198,98,149.0,78,3784.0,6864.0,34163.0,61810.0,36.5,0,-134460.06582216875,3880.648621920616
378268.0,320483.0,543836.0,500888.0,2534,1238,785.0,372,771815.0,461142.0,374153.0,223395.0,36.5,3,915470.3755083736,-103114.03343804309
3762.0,11012.0,312.0,766.0,1063,1543,1739.0,2176,4581.0,5696.0,1146.0,2193.0,36.6,0,-160143.95557421798,21402.39876248198
1158.0,4402.0,2052.0,6597.0,1553,3813,2092.0,5088,4916.0,11568.0,796.0,2067.0,36.6,0,-159945.68982965068,22487.08281859325
1554.0,6311.0,811.0,2572.0,297,262,67.0,0,5213.0,4844.0,7318.0,6747.0,36.6,-1,-156589.34673867005,18585.28543271157
589992.0,584597.0,89559.0,112082.0,3285,2534,282.0,353,356603.0,270876.0,204109.0,158771.0,36.6,0,395775.5644809003,-144715.95595815868
258210.0,340846.0,148703.0,176737.0,1124,891,0.0,136,179623.0,153286.0,122156.0,94271.0,36.8,0,177566.33112846166,6421.222992037638
137870.0,216141.0,7654.0,11653.0,207,293,0.0,0,183692.0,153234.0,90394.0,64826.0,36.9,-1,38142.19335868821,-97351.03606558612
85877.0,118067.0,22315.0,36319.0,0,227,0.0,125,91235.0,85458.0,82085.0,70973.0,36.9,0,-23773.46128705752,-38644.8183063189
6483.0,13771.0,8914.0,15894.0,2068,2210,3143.0,3228,10306.0,10093.0,1194.0,2516.0,36.9,0,-150935.46566361413,25022.767465206707
17535.0,35063.0,1891.0,4152.0,8112,8486,9209.0,9474,22318.0,20533.0,4305.0,2695.0,36.9,0,-143394.648328196,13050.52852201744
1696.0,10063.0,240.0,2505.0,161,34,178.0,60,2268.0,5867.0,9440.0,28138.0,36.9,0,-153860.5090963041,16042.367192470756
67532.0,102300.0,17932.0,31549.0,376,207,370.0,209,43970.0,40888.0,29146.0,35378.0,36.9,0,-88893.85419345098,4527.505716849588
9441.0,22444.0,3427.0,5871.0,4351,4310,6078.0,6470,16281.0,17483.0,5766.0,4544.0,37.0,0,-147454.01012427054,16082.739071969803
4054.0,13089.0,779.0,2959.0,545,1553,629.0,1943,1506.0,4832.0,176.0,383.0,37.0,0,-162237.44111613106,23998.50616723491
3374.0,20607.0,1005.0,4191.0,3014,6221,4224.0,8698,10272.0,21006.0,340.0,2215.0,37.0,0,-157065.0646927789,19127.247588275623
1622.0,7444.0,1031.0,2944.0,767,2686,1024.0,2940,1875.0,7026.0,267.0,235.0,37.0,0,-162646.20192886953,23802.12914107149
18398.0,24709.0,3807.0,5311.0,4459,4776,7315.0,7190,18681.0,18290.0,5056.0,5252.0,37.0,0,-143231.01567362432,15894.086703577435
18313.0,24368.0,2622.0,3655.0,5244,5497,7340.0,7465,17784.0,18366.0,3821.0,3511.0,37.0,0,-145319.58466271177,16124.847038261563
58558.0,79545.0,6912.0,11529.0,267,258,0.0,39,66793.0,64897.0,54004.0,50645.0,37.1,0,-71588.03285685704,-27134.976622343063
9114.0,16131.0,1290.0,5143.0,170,106,370.0,178,2521.0,5847.0,24158.0,35507.0,37.2,0,-142673.1932871397,11339.423250563052
43788.0,70974.0,3333.0,4831.0,64,99,216.0,102,56467.0,50801.0,34353.0,48002.0,37.2,0,-93661.836436104,-18533.896512537707
4863.0,16538.0,1500.0,4091.0,2305,3321,3052.0,4504,7978.0,10092.0,1319.0,1324.0,37.2,0,-157271.10917396922,20639.025092287084
13743.0,21752.0,2993.0,5619.0,4795,4381,6623.0,6906,18252.0,17696.0,4048.0,4841.0,37.2,0,-145977.93533054175,15550.72465535436
10204.0,15029.0,2986.0,4585.0,9972,10180,11104.0,11463,23534.0,23570.0,4142.0,3047.0,37.3,0,-144429.39562753154,12697.342533201194
8702.0,10664.0,1028.0,3567.0,3810,4040,4991.0,5161,12649.0,12333.0,2665.0,2516.0,37.3,0,-152899.63899202406,17459.890434915098
6913.0,12780.0,1570.0,2873.0,3692,3893,5114.0,5220,14512.0,13902.0,965.0,3918.0,37.4,0,-152665.5332295533,17108.664466954902
11845.0,21292.0,2396.0,3828.0,6077,6074,8316.0,7717,23544.0,23318.0,2210.0,3202.0,37.4,0,-145131.6985213824,12967.659660252852
5802.0,13228.0,1956.0,5066.0,4163,4471,5759.0,5973,13213.0,15143.0,2827.0,2872.0,37.4,0,-152830.50476305286,17544.506515067587
62018.0,93269.0,8174.0,10933.0,257,182,160.0,155,73845.0,67458.0,59652.0,50195.0,37.4,0,-63305.92589365167,-31506.30507056402
45014.0,68804.0,33014.0,52489.0,590,314,0.0,103,47833.0,46297.0,40363.0,37806.0,37.4,0,-79480.84099247541,8173.200131819301
31830.0,52542.0,3139.0,4566.0,4592,4346,7098.0,6996,22332.0,22268.0,7149.0,4678.0,37.5,0,-136431.72719599702,13821.76508749384
4690.0,11506.0,1337.0,2766.0,4664,5345,6326.0,7138,13790.0,14906.0,1293.0,2862.0,37.6,0,-153939.1715931156,17195.368060963166
106304.0,152819.0,11579.0,16617.0,351,238,0.0,65,94282.0,87595.0,92982.0,87474.0,37.6,0,-14025.93863880122,-52835.51576324563
7404.0,12103.0,2322.0,4844.0,3470,3783,5010.0,5144,10107.0,10710.0,1716.0,1202.0,37.6,0,-154621.4102394656,20204.921168708075
8501.0,22676.0,2377.0,3923.0,5187,5376,6528.0,7232,18721.0,20480.0,1917.0,3281.0,37.7,0,-149012.4977092359,15367.301117905958
893.0,4035.0,763.0,3636.0,614,1269,692.0,1769,1954.0,5636.0,2015.0,3155.0,37.8,0,-161689.44256026208,22511.62995290022
3688.0,19307.0,1498.0,4447.0,2717,4200,3817.0,6013,10541.0,16364.0,358.0,1891.0,37.8,0,-156573.60294721357,19419.31156157396
1762.0,8762.0,509.0,2065.0,665,2223,929.0,3136,2234.0,7307.0,656.0,1126.0,37.8,0,-162379.67682561325,22969.242380338303
2250.0,6002.0,1730.0,4911.0,2826,3039,3693.0,4412,10032.0,11520.0,1118.0,1908.0,37.8,0,-156826.04530751804,19506.24714261588
32674.0,48535.0,1241.0,3065.0,541,234,98.0,76,33402.0,30288.0,34157.0,28436.0,37.8,0,-114668.77446511509,-5801.337841967219
1534.0,5695.0,0.0,1407.0,245,405,1087.0,1519,3294.0,4098.0,3335.0,4362.0,37.9,0,-160378.71142041805,20653.07568748
1686.0,8229.0,0.0,423.0,106,55,1378.0,1978,3762.0,5693.0,1964.0,3060.0,37.9,0,-160926.19324865562,21050.860327184542
447026.0,519665.0,126418.0,181923.0,33868,27069,852863.0,692936,979898.0,760622.0,424819.0,347887.0,37.9,3,852725.4794900108,-560639.9346559048
6598.0,7733.0,1792.0,4328.0,4118,4082,5271.0,5271,13207.0,13004.0,2441.0,3283.0,37.9,0,-152784.03773422982,17553.073301562297
402598.0,517162.0,69019.0,106158.0,1413,1028,121.0,125,593239.0,497007.0,207947.0,208940.0,38.0,0,464787.890588972,-309350.70460822136
33375.0,45850.0,4804.0,7792.0,212,161,90.0,62,42563.0,40179.0,22223.0,29456.0,38.0,0,-112596.00048532702,-4125.182690894959
3803.0,13665.0,604.0,1219.0,4164,4952,5789.0,6947,13574.0,15113.0,2522.0,2766.0,38.0,0,-154229.8104686518,16290.196566339053
4060.0,16705.0,1726.0,3944.0,1354,1578,2035.0,2535,5605.0,6682.0,731.0,1732.0,38.0,0,-158914.7376998258,22154.963223698243
22611.0,39621.0,2828.0,5751.0,3479,3519,5465.0,5775,15752.0,16013.0,3975.0,3365.0,38.1,0,-144908.53101230634,17651.581918573505
7169.0,16679.0,1570.0,4176.0,2909,3557,3904.0,4843,9860.0,12757.0,1561.0,2115.0,38.1,0,-155197.36757660037,19668.974167707587
736100.0,1020980.0,60381.0,89454.0,2074,1647,149.0,238,351687.0,294198.0,227294.0,193598.0,38.1,0,439335.4899321352,-165912.64147256437
703.0,1989.0,381.0,1121.0,176,142,162.0,91,4120.0,4232.0,378.0,662.0,38.1,0,-161963.2793369795,21937.74770946788
396252.0,524994.0,38879.0,53172.0,494,640,639.0,315,550371.0,435358.0,221731.0,167221.0,38.1,0,420414.167256236,-308529.8118844528
77896.0,110753.0,6737.0,9584.0,0,81,0.0,134,48993.0,42113.0,38163.0,29951.0,38.2,0,-86186.65148207099,-8134.426237447649
7376.0,14347.0,3177.0,5822.0,3965,4294,5468.0,5853,15778.0,16758.0,1777.0,3668.0,38.2,0,-150533.790262686,17453.45760227301
15128.0,35782.0,2923.0,6549.0,5212,5605,7221.0,7876,20804.0,22330.0,2962.0,6703.0,38.3,0,-144341.18684748045,14337.09360798027
7873.0,23307.0,3589.0,7664.0,4453,5029,6251.0,7133,14689.0,15629.0,2900.0,4224.0,38.4,0,-150116.56993211608,17938.433885709692
10639.0,21896.0,2137.0,3559.0,5319,5349,6911.0,7195,16626.0,17607.0,2865.0,5607.0,38.4,0,-148789.84243189738,15826.903121454196
7413.0,21251.0,2101.0,3715.0,4643,4858,6705.0,6993,16277.0,17294.0,2447.0,3784.0,38.5,0,-150547.68138932763,16135.740585988584
5386.0,9204.0,1541.0,2884.0,1496,2896,1470.0,3632,4148.0,9980.0,2917.0,2505.0,38.5,0,-158265.42741239126,22059.86853520701
63080.0,81536.0,6007.0,11520.0,1245,376,304.0,276,56571.0,51135.0,45388.0,39561.0,38.5,0,-82194.68875788328,-17593.796674542456
15209.0,24528.0,2878.0,6166.0,3675,3636,5767.0,5975,13902.0,14291.0,4265.0,4917.0,38.5,0,-147875.16666963542,17813.97125391811
2384.0,10200.0,640.0,2653.0,206,163,20.0,0,27213.0,30997.0,11380.0,12300.0,38.6,-1,-141431.93291506247,4608.353204413597
4094.0,11893.0,0.0,30.0,19,21,36.0,73,7881.0,6623.0,13124.0,8527.0,38.6,0,-151798.04351870433,14552.513609485752
3863.0,19407.0,171.0,757.0,133,21,131.0,31,7003.0,8857.0,42763.0,83855.0,38.6,0,-125668.47697930504,-5248.054930010843
1576.0,9970.0,25.0,1307.0,189,230,131.0,0,11023.0,36519.0,92868.0,208932.0,38.6,-1,-79708.72437910468,-41829.20298081684
353157.0,357017.0,155126.0,222138.0,3931,2873,324.0,415,2462560.0,1671290.0,1098870.0,766829.0,38.6,3,2040108.4090660908,-1622514.6565666497
12672.0,21254.0,2305.0,2235.0,4073,3797,6245.0,6177,17425.0,17652.0,4461.0,4332.0,38.7,0,-147086.37159229085,15320.988127527517
203212.0,291895.0,22066.0,32987.0,611,368,412.0,150,112326.0,99340.0,115055.0,96106.0,38.7,0,44893.6832313879,-55816.151604405495
161718.0,239353.0,13045.0,20315.0,352,232,0.0,5,220180.0,189425.0,63159.0,55284.0,38.7,0,54987.22104203276,-100575.22935862148
1739.0,8833.0,1687.0,5529.0,3209,4943,4030.0,6458,9683.0,15770.0,979.0,1576.0,38.7,0,-157327.16301107852,19716.683906972263
21086.0,38014.0,5182.0,7782.0,308,311,99.0,83,32107.0,30356.0,13414.0,22349.0,38.8,0,-127376.817442224,4762.574306224422
138636.0,199534.0,13413.0,18979.0,619,300,330.0,181,133907.0,114224.0,69979.0,64451.0,39.0,0,4797.798948271491,-59375.43105793451
8735.0,18351.0,2902.0,6877.0,4118,4509,5402.0,5892,14657.0,15203.0,2709.0,3995.0,39.0,0,-150394.41875051803,17591.64413429601
4978.0,13725.0,624.0,2472.0,4761,5036,5914.0,6417,13774.0,14836.0,0.0,1577.0,39.0,0,-155093.99358497147,17293.248162777712
4800.0,9932.0,2234.0,5340.0,3168,3454,4436.0,4931,13238.0,15243.0,1781.0,2614.0,39.1,0,-153507.0591157525,18046.183497409584
1461.0,8902.0,413.0,1700.0,207,167,100.0,0,3383.0,5439.0,2493.0,4256.0,39.1,-1,-160517.9124300752,21206.23179432629
489.0,2665.0,0.0,0.0,275,250,160.0,36,2386.0,4524.0,1862.0,3065.0,39.1,0,-162119.5724154661,21731.88869591667
690412.0,704604.0,54213.0,67174.0,4650,3336,63122.0,44835,526897.0,350203.0,375886.0,225277.0,39.1,3,592012.1135954916,-321608.68502012984
38900.0,57427.0,6713.0,10439.0,438,467,0.0,0,50693.0,47981.0,22893.0,38611.0,39.2,-1,-103321.25648075578,-8129.365654305348
80921.0,113989.0,8332.0,12750.0,483,417,324.0,190,103015.0,97469.0,78305.0,75815.0,39.2,0,-28019.8241275324,-55370.55278241785
1908.0,6198.0,0.0,1636.0,2459,2609,3522.0,4268,9260.0,10276.0,1129.0,1922.0,39.3,0,-158379.65538652454,18571.67759994274
16360.0,28334.0,714.0,2294.0,5200,5371,6690.0,6736,18108.0,17260.0,5773.0,4163.0,39.5,0,-145884.8663241008,13614.99086749698
4796.0,13583.0,1845.0,3555.0,3095,3400,3956.0,4424,10455.0,11920.0,1970.0,2887.0,39.5,0,-155145.08531382796,19138.92540873487
7167.0,16013.0,2073.0,4089.0,3237,3306,4337.0,4483,11331.0,11727.0,2576.0,2728.0,39.7,0,-153511.82819354016,18842.18266195224
2919.0,10265.0,1093.0,3662.0,1278,2254,1720.0,3641,5422.0,11971.0,1163.0,3019.0,39.7,0,-159337.15216254082,21362.499745576115
304403.0,420493.0,17239.0,24909.0,924,659,961.0,247,323143.0,253274.0,136373.0,94264.0,39.7,0,200620.2889213582,-171617.52277032135
48258.0,59975.0,13416.0,21255.0,0,235,0.0,0,49165.0,46468.0,36384.0,36167.0,39.8,-1,-91407.71378097068,-5658.98854139596
658652.0,774570.0,1257020.0,1696140.0,2428,1594,472.0,371,471506.0,371114.0,211365.0,165891.0,39.9,3,1175940.342039,682871.3266724319
2796.0,12258.0,401.0,2012.0,1748,2238,2708.0,3667,6292.0,8724.0,1758.0,2811.0,40.0,0,-159061.7688721969,20195.265662014543
49175.0,75171.0,8469.0,11056.0,321,194,282.0,173,52149.0,46549.0,34354.0,35708.0,40.0,0,-93395.32599518228,-10194.47231189638
7563.0,17949.0,2614.0,4975.0,7363,7950,9485.0,10359,23657.0,26948.0,3531.0,3733.0,40.0,0,-145606.2703043463,12245.641765424
10467.0,20495.0,4428.0,7826.0,7623,8206,9257.0,9830,19261.0,19206.0,1356.0,2556.0,40.2,0,-147237.9067605284,17083.892816036136
7039.0,11844.0,1088.0,3070.0,4604,4692,5035.0,5235,12822.0,12778.0,1792.0,3011.0,40.2,0,-153615.98860155017,17513.022475736616
28409.0,48330.0,3733.0,7874.0,2528,2271,7469.0,7860,20104.0,20867.0,7088.0,8283.0,40.3,0,-137827.02482157695,14716.600482879649
6174.0,15059.0,2966.0,7128.0,7141,7926,8683.0,9325,17524.0,19529.0,2170.0,3890.0,40.3,0,-149839.08062595993,16122.149052389748
39639.0,52867.0,7151.0,12113.0,524,313,197.0,105,46229.0,43010.0,38721.0,31212.0,40.4,0,-99266.71757118292,-9560.83557999535
9730.0,17985.0,2003.0,3733.0,4553,4409,5584.0,5463,14666.0,12989.0,2259.0,2409.0,40.4,0,-151079.06742936448,17351.363626368257
4747.0,23519.0,2658.0,5943.0,3381,4287,4106.0,5155,9921.0,12169.0,1029.0,1970.0,40.6,0,-155565.18544895452,20481.41416533105
62402.0,89239.0,14849.0,23422.0,411,265,71.0,37,72891.0,65701.0,61003.0,57737.0,40.6,0,-57847.68231737761,-27396.232920112547
5542.0,8792.0,2729.0,3865.0,8222,8591,9921.0,10225,25207.0,26136.0,2236.0,3998.0,40.7,0,-145876.05006026768,11749.244500870094
64305.0,94107.0,6787.0,12751.0,149,216,0.0,3,65517.0,60715.0,53747.0,44815.0,40.7,0,-71643.83549789284,-25216.54694621685
46246.0,73302.0,6251.0,9725.0,88,51,273.0,153,51512.0,50266.0,38318.0,43943.0,40.8,0,-92758.98487709808,-14228.381233996684
68749.0,95986.0,10357.0,13404.0,577,230,232.0,136,36681.0,31261.0,31142.0,29568.0,40.8,0,-97089.53291050496,2914.084410267711
1215.0,5683.0,231.0,925.0,158,209,100.0,9,2205.0,6389.0,21276.0,59152.0,40.9,0,-143277.6263701715,7762.705742474156
83809.0,128228.0,8860.0,16353.0,152,255,0.0,0,86590.0,84188.0,59963.0,77672.0,40.9,-1,-44009.03904202029,-40153.96086291906
25273.0,47103.0,7545.0,12336.0,53,103,26.0,21,26388.0,26633.0,17042.0,23592.0,40.9,0,-125916.54808811349,8553.616554044129
6350.0,13059.0,1857.0,4065.0,3901,4102,4858.0,5210,11643.0,12019.0,1074.0,1437.0,41.0,0,-154638.86029762047,19132.64082451621
290166.0,412941.0,38721.0,57234.0,1097,651,431.0,196,241638.0,192388.0,87194.0,78296.0,41.0,0,138264.35343437406,-94140.4331708916
11307.0,13489.0,3220.0,4716.0,2252,2514,3891.0,3710,10602.0,10311.0,4606.0,3684.0,41.1,0,-150814.5537422245,19601.160417803698
37269.0,58000.0,14008.0,20141.0,550,257,46.0,151,35444.0,30857.0,21031.0,18051.0,41.1,0,-112350.42950513652,8966.752153363104
9855.0,23987.0,1900.0,4517.0,4197,4317,5963.0,6340,13012.0,13528.0,2211.0,2841.0,41.1,0,-151963.2293171164,18121.9221382829
92489.0,138647.0,8198.0,12884.0,454,197,162.0,59,61091.0,55901.0,49682.0,41489.0,41.2,0,-66659.6816771137,-17848.730398205895
42881.0,68345.0,41353.0,65449.0,312,203,0.0,8,45242.0,38415.0,37295.0,32368.0,41.3,0,-79017.76661093041,17518.052493592106
3863.0,19151.0,1428.0,3310.0,2570,3356,3377.0,4609,9029.0,11830.0,1275.0,1949.0,41.3,0,-156964.28538213583,19875.24516090183
40004.0,59217.0,10431.0,16182.0,1834,1606,191.0,191,54850.0,53680.0,28729.0,33770.0,41.4,0,-96602.33782669534,-8688.36931177213
1883.0,10150.0,1162.0,5515.0,1809,4496,1998.0,5662,5704.0,15671.0,2172.0,3723.0,41.6,0,-158884.18750839165,20755.31093603778
3773.0,12098.0,1577.0,5651.0,2845,5055,3522.0,6560,9684.0,17697.0,0.0,1944.0,41.6,0,-157129.72163336928,20056.67151872148
90002.0,130028.0,8352.0,11180.0,0,56,54.0,83,178388.0,155382.0,63863.0,60668.0,41.7,0,7339.21706329548,-88118.79436525493
19954.0,17010.0,3100.0,3918.0,3849,3994,5238.0,5065,14624.0,13903.0,4379.0,3545.0,41.9,0,-146006.01587737427,18105.8613981131
4196.0,13947.0,1780.0,3939.0,1751,2074,4078.0,4706,10819.0,12628.0,2201.0,4519.0,41.9,0,-154793.08792686294,18538.373551669865
6889.0,10718.0,921.0,2457.0,3503,3504,4315.0,4588,10044.0,10196.0,2326.0,2947.0,41.9,0,-155070.37417244163,18688.53520814889
10387.0,25808.0,2664.0,5199.0,3232,3341,4410.0,4842,14571.0,15196.0,2026.0,4407.0,41.9,0,-150302.53370229906,17745.315326421784
11769.0,24420.0,2705.0,4899.0,6461,6435,7243.0,7261,16567.0,16493.0,3125.0,3151.0,42.0,0,-148420.7715284786,16637.370723470805
120228.0,172811.0,13562.0,20166.0,67,331,0.0,39,102216.0,88882.0,84873.0,74203.0,42.0,0,-10014.467891954351,-49985.73588345796
132729.0,209240.0,24831.0,38930.0,95,183,381.0,196,106200.0,91130.0,32871.0,39596.0,42.1,0,-27041.48786082008,-20500.5622980318
75183.0,111851.0,4626.0,7920.0,0,165,147.0,65,83307.0,76038.0,62456.0,62144.0,42.2,0,-52604.05223990741,-40888.84837639408
16163.0,30095.0,2899.0,4657.0,6201,5942,9345.0,9178,21929.0,21620.0,3277.0,4129.0,42.2,0,-143688.9427177979,14054.291626018883
26559.0,49719.0,2918.0,6493.0,6252,6398,8800.0,8968,22861.0,22179.0,4496.0,4349.0,42.2,0,-139228.98253378508,13911.767131296474
2355.0,5896.0,2118.0,5078.0,1034,2030,1302.0,2892,3290.0,6686.0,2430.0,1958.0,42.3,0,-159691.7792799573,22967.221114296917
6877.0,11916.0,1723.0,5195.0,1123,2180,1158.0,3024,3200.0,7100.0,86.0,789.0,42.3,0,-159805.1933736791,23996.10112733968
4929.0,9642.0,1062.0,2058.0,3182,3682,4439.0,4851,10976.0,11599.0,1695.0,2965.0,42.3,0,-155388.8894645594,18355.689754779705
31166.0,45356.0,1769.0,3210.0,438,334,0.0,31,39657.0,36817.0,19942.0,26512.0,42.3,0,-118261.54387185557,-3870.66881487416
25306.0,50231.0,7298.0,14032.0,433,309,181.0,82,39014.0,38150.0,24540.0,28027.0,42.4,0,-114849.9378199774,-1501.6623855727194
14837.0,29736.0,4672.0,7320.0,4155,3825,5734.0,5600,14583.0,12985.0,3054.0,3403.0,42.4,0,-147373.5494918771,19401.504129591765
107562.0,157489.0,5360.0,8884.0,617,247,734.0,235,106990.0,99828.0,75917.0,83984.0,42.5,0,-18728.486881256715,-58113.70349010394
6900.0,12421.0,2720.0,3689.0,1167,1443,2168.0,2034,6431.0,5389.0,1751.0,1507.0,42.5,0,-156528.3940814426,22372.40846243656
6507.0,13235.0,3230.0,4792.0,4082,4522,4464.0,5406,10002.0,11366.0,1831.0,2062.0,42.6,0,-154228.78757998077,20728.521475152
3780.0,10728.0,360.0,2092.0,442,295,24.0,0,7888.0,5160.0,0.0,122.0,42.8,-1,-159171.12636007983,20334.63029953563
395323.0,549063.0,42522.0,61342.0,1504,1247,199.0,173,362475.0,311374.0,139801.0,136962.0,42.8,0,275394.07956717885,-173767.40556542118
34319.0,54571.0,8769.0,16058.0,466,310,387.0,164,53483.0,49974.0,37561.0,36476.0,42.9,0,-95635.2168324222,-12964.183230239854
14554.0,36736.0,3469.0,6966.0,6113,6646,8292.0,8631,19718.0,21959.0,2219.0,4297.0,42.9,0,-145552.6231494315,15878.464558917123
268340.0,411995.0,63538.0,91528.0,789,445,209.0,212,145410.0,125294.0,69885.0,67213.0,42.9,0,82823.93985882297,-18086.626139184445
74415.0,113548.0,64394.0,101100.0,201,223,638.0,235,75183.0,67098.0,47161.0,52621.0,42.9,0,-30699.028192678525,15247.676001354355
127474.0,202409.0,82756.0,115611.0,1842,1411,139.0,117,59533.0,51976.0,32819.0,39858.0,42.9,0,-20276.772549658344,48110.96809738792
7571.0,17161.0,1143.0,2297.0,4233,4392,5486.0,5926,14018.0,15570.0,799.0,2433.0,43.0,0,-153308.4784546611,17363.31173421237
71532.0,109340.0,5690.0,8989.0,514,308,314.0,153,54591.0,52788.0,26730.0,35527.0,43.0,0,-90058.71357927404,-9382.774475328732
3699.0,12906.0,810.0,2234.0,2672,3986,3406.0,5183,10004.0,14106.0,1214.0,3074.0,43.1,0,-156677.37704888236,18734.57476523116
1963.0,7618.0,0.0,0.0,683,2036,873.0,2936,2324.0,8309.0,123.0,1408.0,43.1,0,-162763.510551784,22686.90804513051
8117.0,15412.0,1924.0,3329.0,3038,2973,4274.0,4066,11326.0,10330.0,2628.0,2221.0,43.2,0,-153361.92210462358,18855.362777856208
72556.0,104202.0,38725.0,60487.0,533,330,288.0,94,59050.0,54897.0,49755.0,45703.0,43.2,0,-55382.31113484503,4343.224778227999
108388.0,176328.0,34844.0,55362.0,5755,5260,7069.0,7382,23154.0,23279.0,7130.0,4962.0,43.3,0,-92635.36529751727,43179.437233851815
55661.0,89991.0,4950.0,8480.0,210,183,490.0,215,44781.0,41100.0,37019.0,36838.0,43.4,0,-96048.14121813756,-9482.958008078436
4872.0,10120.0,2384.0,4747.0,8807,10188,10891.0,11731,21855.0,23391.0,2031.0,4180.0,43.4,0,-148207.64856686833,13277.220037291696
32975.0,55049.0,3659.0,6537.0,194,245,105.0,82,39992.0,36825.0,23684.0,24986.0,43.4,0,-114917.28915797456,-3509.0183329850734
10447.0,21629.0,2039.0,4606.0,1884,1594,4018.0,4288,9397.0,9760.0,4264.0,4928.0,43.4,0,-152400.1884264081,19222.241008517754
675863.0,742054.0,86385.0,109341.0,6977,4380,114014.0,78288,630700.0,414385.0,377487.0,264009.0,43.5,3,671290.6092221644,-359754.2113903174
434047.0,605542.0,28287.0,42528.0,873,621,59.0,93,211083.0,176447.0,119434.0,93160.0,43.5,0,178755.6350582796,-87739.70435481973
5725.0,11237.0,2499.0,4976.0,3055,3213,5025.0,5115,13657.0,12809.0,2107.0,2856.0,43.5,0,-152629.2761042956,17949.84862181701
5146.0,10345.0,765.0,2499.0,3222,3411,4176.0,4236,11656.0,11806.0,711.0,1892.0,43.7,0,-155756.73724885084,18259.23584729401
1833.0,11498.0,20.0,1172.0,61,0,181.0,163,2723.0,6214.0,12931.0,31508.0,43.7,0,-151508.22696355914,14010.084817497056
29665.0,52684.0,5491.0,10608.0,0,0,174.0,130,39678.0,39169.0,19559.0,32916.0,43.7,0,-115610.09202751632,-1935.707467043452
8673.0,15173.0,2348.0,7119.0,1297,1612,2108.0,2055,5999.0,5275.0,1632.0,1595.0,43.8,0,-156457.82998420566,22481.417698910373
15697.0,22287.0,4382.0,6196.0,5184,4726,6674.0,6955,16589.0,16253.0,6496.0,4637.0,43.8,0,-144355.39460068336,16860.176077698
6637.0,17255.0,1124.0,3327.0,2672,3077,3866.0,4325,8814.0,9338.0,554.0,1956.0,43.9,0,-156702.53783491615,20205.90991856796
9495.0,19011.0,2379.0,4239.0,6945,7500,8591.0,9472,22501.0,23412.0,3172.0,4651.0,43.9,0,-145776.41747980067,12819.256093232989
760.0,4445.0,525.0,2153.0,136,19,158.0,68,7137.0,12326.0,1869.0,3562.0,44.0,0,-159006.41414822402,19534.861844927716
758.0,4812.0,0.0,843.0,127,12,175.0,65,4147.0,7797.0,994.0,2703.0,44.0,0,-161521.86379637016,21147.427091997703
692776.0,816665.0,126806.0,179187.0,2202,2100,645.0,219,1177750.0,849621.0,469011.0,324282.0,44.0,3,1055436.9218150617,-659551.2207076102
267263.0,370750.0,19838.0,28865.0,704,942,257.0,107,418682.0,338220.0,148430.0,119957.0,44.0,0,253052.24188595868,-231175.8531643956
12327.0,14444.0,3409.0,4443.0,3376,3499,4854.0,4823,13907.0,14170.0,1593.0,2431.0,44.0,0,-150144.2889160369,19233.24062073641
3787.0,22654.0,429.0,3081.0,1815,3086,2069.0,3756,5309.0,9461.0,405.0,1279.0,44.1,0,-160158.69294820863,21481.039829997542
25539.0,34084.0,2049.0,3691.0,3683,3650,5989.0,5882,15537.0,15778.0,4265.0,3535.0,44.1,0,-144383.81018158433,17274.521785449597
4499.0,10457.0,3361.0,6551.0,2941,3086,4153.0,4589,10545.0,11135.0,1918.0,2194.0,44.2,0,-154437.6223915167,20334.342537132517
6256.0,18294.0,1392.0,4263.0,4364,5160,4758.0,5426,10292.0,11465.0,118.0,1200.0,44.2,0,-156170.72634784924,19848.47234249008
8554.0,21547.0,2361.0,4275.0,30086,30075,27742.0,28170,27518.0,24035.0,4098.0,7100.0,44.2,0,-142330.75881372485,9510.826214589008
30702.0,39255.0,5654.0,6940.0,306,164,0.0,46,32684.0,29589.0,23556.0,20536.0,44.2,0,-119332.23954326336,2415.810212396544
6273.0,15050.0,2090.0,4416.0,3780,4538,5515.0,6587,12574.0,15317.0,2348.0,2436.0,44.3,0,-153251.31169263148,18242.015443768985
3607.0,11526.0,176.0,2167.0,1550,1940,2392.0,3032,6012.0,7388.0,0.0,482.0,44.4,0,-160300.84058544462,21143.69289527073
5847.0,15690.0,1611.0,4363.0,2805,3098,3948.0,4274,9840.0,11009.0,1907.0,2286.0,44.4,0,-155419.79095430428,19472.60013824704
14178.0,33859.0,2578.0,4509.0,19182,19205,22136.0,22136,45202.0,43127.0,8802.0,6999.0,44.4,0,-128522.76460958929,-973.173710221814
12849.0,19001.0,2744.0,6087.0,6207,6536,8379.0,9013,19399.0,20270.0,4337.0,2933.0,44.5,0,-145962.12354678873,14858.248263376085
11774.0,18513.0,2478.0,5118.0,3881,4335,5560.0,5760,14223.0,14489.0,3049.0,2748.0,44.5,0,-149968.19611167745,17789.44508043704
21643.0,29676.0,3532.0,6612.0,6397,6670,9577.0,9723,22572.0,21347.0,5094.0,3951.0,44.6,0,-140393.27596734706,14023.269889925488
8739.0,8632.0,1501.0,4579.0,2364,2512,3506.0,3656,6650.0,7717.0,725.0,2167.0,44.7,0,-156889.46492565033,21720.549115541005
3239.0,8641.0,1163.0,3314.0,2437,3450,3431.0,4730,8302.0,12394.0,2286.0,2925.0,44.7,0,-157090.219701987,19543.37289850801
7836.0,12961.0,2178.0,2764.0,8061,8456,8723.0,9225,18532.0,18380.0,2718.0,2702.0,44.8,0,-149161.80761055017,15096.26842828123
7395.0,16943.0,2736.0,5279.0,177,79,291.0,140,17418.0,18425.0,6480.0,13187.0,44.8,0,-146107.14539640723,13328.909306315014
7304.0,16560.0,1302.0,1802.0,2225,1995,2840.0,2774,8088.0,6922.0,1521.0,1205.0,44.8,0,-156472.42811917517,20561.35017095827
74458.0,108920.0,4967.0,7347.0,505,242,11.0,46,45473.0,40682.0,35213.0,38607.0,44.9,0,-90154.12801008394,-8080.591243018771
6432.0,16479.0,1719.0,3151.0,4378,4433,5502.0,6001,15355.0,16725.0,1844.0,3992.0,44.9,0,-151844.1198250892,16435.484470452273
6349.0,14294.0,2384.0,4043.0,4215,4421,4482.0,4691,13424.0,13541.0,2785.0,3053.0,45.0,0,-152276.39627273567,17786.46635891807
2505.0,6502.0,1096.0,2618.0,0,0,23.0,0,8168.0,6474.0,985.0,1118.0,45.0,-1,-158367.07205177232,20180.67217108805
664263.0,888695.0,392791.0,575622.0,1300,1552,396.0,218,495021.0,422410.0,222109.0,192893.0,45.0,3,689531.0835295649,6449.625414175665
5547.0,19527.0,1639.0,3725.0,4035,4929,4441.0,5260,8582.0,10126.0,437.0,1195.0,45.0,0,-157053.93650081934,20791.890227374097
1285.0,3830.0,0.0,0.0,260,165,269.0,207,2870.0,5622.0,416.0,702.0,45.0,0,-162668.23729256986,22343.170792703266
4398.0,9540.0,664.0,1726.0,73,94,241.0,199,13670.0,10652.0,535.0,531.0,45.0,0,-155278.6632930565,17281.549954497357
576999.0,717086.0,43543.0,61986.0,2069,1584,314.0,264,888287.0,700226.0,347304.0,279585.0,45.0,3,745219.2723770022,-529825.1939638957
992.0,6482.0,0.0,599.0,173,136,162.0,64,2047.0,4165.0,1032.0,3672.0,45.0,0,-162424.39198774667,22141.38827098399
44424.0,61046.0,4990.0,5874.0,11,149,430.0,167,40921.0,36499.0,32437.0,29641.0,45.2,0,-105111.82470779412,-5698.293791346103
3769.0,7010.0,281.0,1258.0,3140,4887,3683.0,5595,6861.0,10003.0,1760.0,2238.0,45.2,0,-158595.50835648167,19958.382589869118
4493.0,13998.0,164.0,2685.0,2011,4615,2467.0,5414,4651.0,9717.0,541.0,386.0,45.2,0,-160541.73560064167,21765.4548819632
8900.0,20266.0,1857.0,4403.0,4738,5046,6340.0,6691,14183.0,16173.0,895.0,3336.0,45.3,0,-152165.67536384676,17761.392170952397
334903.0,489575.0,12326.0,17263.0,1674,1438,282.0,165,185335.0,166545.0,99505.0,90122.0,45.3,0,113575.85339296688,-86451.81366364995
19987.0,34820.0,5062.0,8633.0,551,383,0.0,0,28398.0,28378.0,9361.0,20595.0,45.3,-1,-132022.03090320574,8160.078619058879
7192.0,9629.0,1278.0,2955.0,4717,4830,6513.0,6306,16558.0,16866.0,2706.0,2730.0,45.4,0,-151011.30240146106,15404.900533808228
23690.0,39678.0,2904.0,4717.0,9573,9273,12119.0,11366,29357.0,27749.0,3603.0,4869.0,45.4,0,-136865.78278873584,10448.452949109223
6546.0,16067.0,2332.0,5466.0,2380,3258,3313.0,4443,8530.0,11291.0,1704.0,2201.0,45.4,0,-155605.3162764482,20851.56937947763
2631.0,7847.0,78.0,2116.0,270,324,201.0,106,8734.0,11519.0,1418.0,1815.0,45.4,0,-158294.1414092442,18874.81507090701
723526.0,847119.0,39913.0,50252.0,3352,2271,539.0,337,1255420.0,968651.0,479331.0,404126.0,45.4,3,1075370.4653396294,-779477.2243658917
1679.0,8097.0,269.0,1567.0,284,227,140.0,134,2771.0,5290.0,1301.0,3301.0,45.4,0,-161583.90018157847,21972.63801308137
19300.0,29665.0,3074.0,7631.0,4716,4765,6901.0,7169,18489.0,18566.0,3546.0,6079.0,45.5,0,-144034.88143977322,15894.351500110655
44566.0,77356.0,2308.0,3789.0,16061,15802,1362.0,1374,54522.0,48671.0,34082.0,42489.0,45.5,0,-96099.13336819009,-17276.41319522909
10466.0,22241.0,1819.0,2356.0,7891,8095,11168.0,11249,29296.0,28221.0,6000.0,5586.0,45.6,0,-140564.05625047223,7762.469263586388
640488.0,868797.0,158997.0,245084.0,1039,938,462.0,208,489297.0,402579.0,227954.0,205637.0,45.7,3,545435.9262578874,-173696.12982760975
628629.0,477491.0,629422.0,775776.0,2908,1207,358.0,211,269464.0,238414.0,148560.0,139101.0,45.7,3,650078.4852696221,336384.9683757625
17111.0,34944.0,10457.0,19631.0,294,178,92.0,80,32279.0,32353.0,16595.0,21686.0,45.7,0,-124087.13180491173,7418.503256458887
75417.0,111894.0,3227.0,4510.0,364,336,0.0,47,51220.0,42606.0,38984.0,32907.0,45.8,0,-86937.43469591008,-12864.748852694698
16659.0,27057.0,2456.0,4022.0,3554,3877,5505.0,5435,16821.0,16459.0,5573.0,4838.0,45.9,0,-145456.79503847755,15614.627649168311
15146.0,25314.0,3990.0,5011.0,5734,5653,8235.0,8110,17773.0,17033.0,3379.0,3502.0,45.9,0,-145734.2235442668,17084.197522285747
1564.0,6598.0,178.0,1423.0,137,157,92.0,104,1871.0,5868.0,10220.0,21059.0,45.9,0,-155015.1100436022,16928.8874002854
70689.0,107748.0,16355.0,24911.0,317,246,0.0,170,56018.0,49858.0,31504.0,32146.0,45.9,0,-81618.39949416496,-3217.5563377619765
8469.0,14551.0,805.0,3493.0,2901,2839,4075.0,4030,10531.0,10579.0,3189.0,2739.0,46.0,0,-154003.7148601676,18197.298200915044
212518.0,309158.0,34997.0,51592.0,547,500,449.0,194,116283.0,99106.0,51806.0,51533.0,46.0,0,20914.8341163506,-20162.074019840016
1772.0,8755.0,1671.0,5521.0,1194,1891,1652.0,2786,3565.0,5998.0,805.0,1302.0,46.0,0,-160850.8150271638,23069.044879585275
5592.0,13431.0,1970.0,4148.0,3542,4073,4688.0,5391,11554.0,13569.0,1809.0,2244.0,46.1,0,-154389.0640756483,18850.690135730023
4424.0,11931.0,2114.0,4804.0,1888,3152,2177.0,4062,6416.0,11364.0,2253.0,2200.0,46.1,0,-157335.9625781786,21474.298682643235
8900.0,10228.0,8.0,4732.0,1486,3107,1877.0,3994,5289.0,10947.0,1147.0,2337.0,46.1,0,-158256.6826856885,21158.12636652144
1579.0,4815.0,20.0,2431.0,1667,3607,2382.0,4721,4481.0,9150.0,202.0,394.0,46.2,0,-161812.01796816246,21638.915844814903
4717.0,10994.0,1646.0,4107.0,3582,3695,4955.0,5562,12873.0,14376.0,1860.0,2858.0,46.2,0,-154001.98466648697,17730.124759616418
78437.0,100005.0,3209.0,5478.0,469,512,0.0,50,86884.0,81681.0,88242.0,63723.0,46.2,0,-38264.79676402881,-52423.3035214107
34348.0,55194.0,4130.0,6792.0,201,157,125.0,91,36357.0,33368.0,15052.0,28769.0,46.3,0,-119537.1920634151,1236.670504067646
36138.0,50393.0,3386.0,6254.0,0,38,0.0,31,40526.0,38358.0,22837.0,28763.0,46.3,0,-113511.61012674638,-4013.707261212203
32442.0,52602.0,10721.0,16213.0,4818,4786,6478.0,6533,18619.0,19310.0,4379.0,3558.0,46.4,0,-135277.08032439757,22696.59722292444
7671.0,13025.0,2624.0,4130.0,1505,1277,3659.0,3775,9743.0,10014.0,2774.0,3166.0,46.5,0,-153744.87986045767,20013.633868362194
6115.0,14212.0,2914.0,6149.0,3499,3770,4391.0,4381,11023.0,10348.0,1869.0,2000.0,46.5,0,-153972.16148648973,19905.61153185489
4538.0,10266.0,1110.0,3466.0,2546,2841,4057.0,4100,9843.0,9698.0,678.0,2404.0,46.5,0,-156680.966815034,19382.86320380635
6639.0,8210.0,341.0,1859.0,83,177,529.0,225,3988.0,4048.0,2392.0,1304.0,46.6,0,-159117.09128424438,21662.753432655318
610821.0,809158.0,163590.0,234328.0,1018,924,845.0,249,439752.0,368130.0,170257.0,159450.0,46.6,0,476715.62683859887,-120266.80537259109
4859.0,12730.0,3877.0,8357.0,5354,6307,6510.0,7339,16292.0,18745.0,3210.0,2805.0,46.6,0,-150123.06238862092,17173.37925736914
20417.0,33458.0,3029.0,4105.0,3321,3903,4422.0,4644,13013.0,12698.0,3767.0,3709.0,46.8,0,-147048.39204298297,19126.88370605157
167306.0,260897.0,12266.0,20945.0,272,210,308.0,131,114234.0,98648.0,100466.0,86290.0,46.8,0,20230.04323562072,-60754.25776878409
77910.0,114769.0,9679.0,12727.0,408,320,0.0,23,76751.0,71002.0,69761.0,57019.0,46.8,0,-49881.51237545295,-35041.92144490992
1768.0,9978.0,1287.0,5038.0,3893,6146,4395.0,6851,8545.0,13455.0,366.0,1064.0,46.8,0,-158550.54067088774,20302.69913356972
2721.0,7547.0,1433.0,3294.0,2205,2537,2999.0,3570,8489.0,10186.0,1235.0,1460.0,46.8,0,-157731.0427987405,20162.66583259068
2250.0,6597.0,94.0,870.0,34,13,209.0,112,5039.0,5277.0,474.0,649.0,46.9,0,-161086.78356118588,21312.51696272572
464262.0,623105.0,43361.0,63707.0,1042,1064,289.0,133,589935.0,472228.0,273274.0,229513.0,46.9,3,501207.8980440394,-347054.6341820453
7496.0,17949.0,3455.0,7163.0,4596,5355,5442.0,6450,13461.0,14385.0,2262.0,2236.0,46.9,0,-151632.49024581222,18956.498215977663
1639.0,9421.0,374.0,2005.0,551,1631,487.0,1637,1466.0,5003.0,0.0,0.0,46.9,0,-163420.76458790858,23643.48804350703
56579.0,94046.0,1716.0,4516.0,0,126,330.0,168,29274.0,26185.0,19801.0,21597.0,47.0,0,-116793.76904469175,4281.77633171335
89467.0,140629.0,16940.0,28683.0,563,488,294.0,122,63884.0,57274.0,37976.0,49755.0,47.0,0,-64891.59332028405,-10192.114676106132
4887.0,10139.0,142.0,2295.0,3339,3974,4040.0,4596,10982.0,12077.0,659.0,2165.0,47.0,0,-156557.80335300713,18106.824828029592
12690.0,27395.0,2386.0,3350.0,2346,2275,3342.0,3529,9125.0,9067.0,2166.0,2410.0,47.0,0,-153024.73399115386,20850.74264349805
1148.0,6828.0,705.0,4107.0,656,1975,1115.0,3416,2825.0,8309.0,2576.0,4411.0,47.1,0,-160684.89942960918,21658.44402553858
586.0,2022.0,1167.0,4491.0,3412,5050,4284.0,6183,9490.0,13209.0,1378.0,2866.0,47.1,0,-157704.43844035972,19026.512762654747
1696.0,9812.0,444.0,2116.0,791,1706,916.0,1938,2408.0,5600.0,612.0,1047.0,47.1,0,-162376.3867660755,22847.99581969544
2310.0,13884.0,726.0,4153.0,1188,2820,1448.0,4042,4292.0,10175.0,934.0,1776.0,47.1,0,-160694.33426267092,21892.51699355022
2068.0,10338.0,696.0,4132.0,1893,3170,2650.0,4785,5879.0,10867.0,145.0,363.0,47.1,0,-160512.39882982714,21465.164677034383
58400.0,85800.0,9532.0,14040.0,294,150,79.0,48,50949.0,46892.0,34008.0,32058.0,47.2,0,-91258.1794036345,-7428.543835740475
109761.0,167099.0,12676.0,19889.0,402,261,143.0,50,112070.0,93896.0,85575.0,68925.0,47.3,0,-9025.975426108984,-56211.64621384262
108938.0,149724.0,17175.0,25400.0,0,209,518.0,159,115687.0,105048.0,91294.0,80016.0,47.3,0,-91.8534622512816,-58243.48321239341
5393.0,15883.0,1817.0,4404.0,6509,7215,8155.0,9028,18740.0,20287.0,828.0,3708.0,47.3,0,-150749.44619466978,15007.535197741878
50797.0,84009.0,6931.0,11886.0,518,275,17.0,12,44881.0,42826.0,25315.0,34102.0,47.3,0,-102244.79387821617,-4122.06938604774
10724.0,17452.0,480.0,2152.0,4175,4541,5919.0,5905,13151.0,13266.0,1830.0,1815.0,47.4,0,-152798.73506920855,17303.149177961983
30727.0,49101.0,4931.0,6849.0,264,252,57.0,69,34732.0,32585.0,28012.0,27466.0,47.5,0,-115375.93353935206,-1678.4224669105024
6267.0,15388.0,3247.0,7263.0,6842,7529,7937.0,8433,16286.0,17327.0,1600.0,2273.0,47.6,0,-150871.07107002978,17419.59869976936
1369.0,6901.0,724.0,3150.0,586,1872,692.0,2275,2086.0,7014.0,1541.0,2228.0,47.6,0,-161864.43572820953,22733.92982388008
846.0,2483.0,1527.0,4002.0,2539,3490,3302.0,4595,8910.0,12000.0,214.0,1927.0,47.6,0,-158432.3487225337,20143.94528566228
21521.0,28596.0,4552.0,7665.0,6682,6473,8616.0,8601,24308.0,25913.0,4855.0,3921.0,47.7,0,-138985.67736029098,13944.738510385476
12226.0,17636.0,2386.0,6062.0,4366,4922,5070.0,6115,13907.0,16758.0,5281.0,5143.0,47.9,0,-148612.0000732384,16848.19328084959
308449.0,457645.0,44117.0,65545.0,98,288,403.0,176,260719.0,213124.0,93351.0,84768.0,48.1,0,161816.76878252995,-101843.50050187574
4739.0,16515.0,987.0,4267.0,1196,2157,1255.0,3462,3268.0,9678.0,92.0,246.0,48.2,0,-160978.340915635,23314.650473824608
7861.0,13948.0,12929.0,20438.0,74,60,220.0,117,14096.0,13476.0,8762.0,12340.0,48.3,0,-140865.11958920734,22249.99225655088
1506.0,9574.0,904.0,4767.0,442,1144,674.0,2104,1344.0,4408.0,1144.0,2327.0,48.3,0,-162291.0781939053,23395.65143343353
98294.0,132244.0,9132.0,12607.0,272,220,32.0,125,97822.0,85157.0,78965.0,72532.0,48.4,0,-25107.481838407984,-50443.485422555175
143005.0,212271.0,12868.0,18321.0,797,485,156.0,127,200557.0,172764.0,78737.0,73745.0,48.4,0,48374.861987256445,-99358.44518674604
195105.0,297395.0,167468.0,261643.0,13552,13690,17187.0,16736,51308.0,49177.0,12268.0,10686.0,48.4,0,32545.470511214604,132929.45056667883
63042.0,106868.0,18858.0,29006.0,351,228,106.0,70,64618.0,56941.0,50750.0,50127.0,48.5,0,-65879.86248195214,-15400.909967433712
25140.0,41457.0,8417.0,14920.0,4080,4167,5443.0,5748,18070.0,18129.0,3942.0,4178.0,48.6,0,-139385.09416864297,20747.89003853837
1891.0,11725.0,218.0,1793.0,1417,3173,1898.0,4275,4951.0,11888.0,142.0,432.0,48.6,0,-161358.1702582568,21574.46706925812
46778.0,68250.0,27197.0,47657.0,502,243,124.0,58,49101.0,45417.0,39753.0,38733.0,48.6,0,-81773.73229224622,3277.325401347094
77274.0,114425.0,6735.0,10889.0,761,713,225.0,88,74260.0,65035.0,56841.0,56329.0,48.8,0,-59273.29850950072,-31602.829012322705
27913.0,37055.0,14530.0,20919.0,488,262,35.0,45,31573.0,29928.0,26800.0,23596.0,48.9,0,-113574.46543810434,8043.7555759355855
21991.0,29277.0,2643.0,5541.0,6238,5941,8091.0,8551,23114.0,22389.0,4904.0,3801.0,48.9,0,-140624.65246869382,13166.509387180526
88109.0,148297.0,60302.0,92221.0,5194,5141,12115.0,11954,34751.0,32778.0,12796.0,9812.0,48.9,0,-74226.11311150632,52240.88356710078
4090.0,9078.0,3309.0,4792.0,2157,2220,3305.0,3339,8061.0,8512.0,600.0,1402.0,49.0,0,-156721.87833326368,22139.078019939847
9410.0,12900.0,3304.0,6538.0,281,218,194.0,147,21903.0,20888.0,8758.0,13256.0,49.0,0,-141582.5501874642,10743.95900674409
11965.0,20050.0,3369.0,4452.0,6226,6499,7592.0,7899,18029.0,17421.0,2798.0,4372.0,49.1,0,-147097.97184923777,16310.717069255646
194448.0,270591.0,12498.0,17592.0,397,129,0.0,99,108974.0,97589.0,89730.0,82149.0,49.2,0,20506.187854494347,-51584.59923758818
15930.0,31626.0,7221.0,12938.0,354,247,100.0,39,22658.0,22104.0,10319.0,16927.0,49.2,0,-135408.84327885663,12772.946673662938
36270.0,57116.0,2954.0,7174.0,91,103,339.0,133,38037.0,34999.0,15558.0,26687.0,49.2,0,-118810.62237078269,-290.32627712947215
61575.0,83139.0,5856.0,10499.0,109,197,77.0,54,56065.0,52795.0,48193.0,41286.0,49.3,0,-81463.01046764647,-18728.82297374715
5754.0,10517.0,1096.0,3022.0,324,178,288.0,173,12756.0,13660.0,6713.0,12231.0,49.4,0,-150237.7343766307,14512.799621384009
20508.0,22467.0,2159.0,3874.0,8842,8645,10852.0,10987,26874.0,25539.0,5222.0,4491.0,49.5,0,-139024.9630157221,10484.994542675366
10088.0,20606.0,1036.0,3162.0,5781,6190,7321.0,8342,18029.0,18830.0,1039.0,3545.0,49.5,0,-150033.84731706514,15094.934041168735
425601.0,542196.0,83649.0,118017.0,1102,722,177.0,157,281312.0,230674.0,152134.0,127417.0,49.5,0,268563.09964926203,-99548.66020001892
12910.0,22133.0,3810.0,5711.0,5248,4794,6089.0,6195,14802.0,14924.0,4147.0,3601.0,49.5,0,-147837.25395863413,18099.28607195535
5509.0,14848.0,3542.0,7036.0,3759,4119,4776.0,5584,10575.0,11909.0,697.0,1407.0,49.5,0,-154683.09273082134,21051.103902809115
8960.0,19373.0,2888.0,5352.0,2618,2647,3920.0,4225,11082.0,11494.0,2254.0,4402.0,49.5,0,-152457.1454284723,19598.93993038161
47427.0,76728.0,8217.0,9777.0,237,226,305.0,167,64440.0,55876.0,40513.0,38060.0,49.6,0,-84064.96746287991,-19473.39014831252
7034.0,11461.0,3021.0,4807.0,5289,5158,6847.0,7142,17813.0,17899.0,5430.0,4580.0,49.6,0,-147761.8311648004,14884.939900131489
48646.0,66427.0,7302.0,9751.0,71,130,0.0,0,44219.0,40964.0,45388.0,33169.0,49.6,-1,-93998.0242473696,-10201.10472055262
39195.0,71062.0,9008.0,13739.0,1843,1777,102.0,66,55482.0,52103.0,43307.0,36310.0,49.7,0,-90200.15131223942,-15367.416571895672
2279.0,7967.0,99.0,1009.0,164,95,172.0,81,6570.0,9953.0,1492.0,1610.0,49.7,0,-159593.20651073026,20026.71065325195
2657.0,7687.0,286.0,2112.0,5,0,158.0,204,13140.0,13422.0,1512.0,1678.0,49.7,0,-155707.10047026834,16662.414156249535
4536.0,11174.0,736.0,1834.0,197,111,197.0,89,4624.0,5636.0,2701.0,1793.0,49.7,0,-158980.42634850717,21294.574332295186
2441.0,13522.0,360.0,1952.0,80,0,156.0,96,3038.0,6004.0,23618.0,55159.0,49.7,0,-141953.778287409,7286.553128313077
691392.0,815678.0,57195.0,76833.0,2549,1809,456.0,187,1016900.0,742180.0,431110.0,351349.0,49.7,3,912060.7984306958,-617634.096191061
284151.0,417061.0,16669.0,25775.0,771,622,234.0,146,164603.0,143866.0,87862.0,90815.0,49.7,0,83145.37049297962,-72079.58077089835
10972.0,18335.0,21080.0,32757.0,322,215,0.0,54,20502.0,18463.0,12507.0,16948.0,49.7,0,-128989.09814792757,23360.64299569346
37415.0,61318.0,3342.0,4727.0,225,183,118.0,97,47249.0,42700.0,39586.0,37042.0,49.7,0,-100269.2600647182,-14272.86514402293
27502.0,52223.0,4713.0,9633.0,5543,5300,8082.0,8295,20559.0,20417.0,5360.0,5964.0,49.8,0,-138468.01424688945,16062.842709073871
19171.0,33248.0,2782.0,5008.0,3034,3084,5609.0,5653,16994.0,16936.0,5299.0,4992.0,49.9,0,-144464.26760698212,16024.74283606374
5926.0,17622.0,1675.0,3000.0,2201,2020,2740.0,2881,9394.0,10048.0,1293.0,2537.0,49.9,0,-155848.3484988773,19931.809774101137
6356.0,20528.0,1891.0,4540.0,1350,1593,2031.0,2404,5667.0,6673.0,951.0,1152.0,49.9,0,-158044.62660685845,22426.952429132434
7491.0,9737.0,1798.0,3428.0,4388,4573,4707.0,4927,12861.0,12977.0,2931.0,1664.0,49.9,0,-152737.7811790519,17874.56314650125
121144.0,179403.0,36835.0,55793.0,248,251,0.0,53,105299.0,95872.0,101848.0,86620.0,49.9,0,15694.029170739055,-41253.84849253257
121648.0,178494.0,9566.0,12741.0,107,131,238.0,113,140063.0,121484.0,71198.0,59256.0,50.0,0,147.49828033865197,-66547.16125179955
1547.0,6042.0,233.0,1267.0,160,92,203.0,110,4352.0,4736.0,518.0,595.0,50.0,0,-161598.6490484871,21726.956857201527
2217.0,8359.0,0.0,369.0,130,2,232.0,146,3214.0,4184.0,930.0,1545.0,50.0,0,-161798.04602893206,21939.39272558979
3474.0,12090.0,423.0,4450.0,227,139,188.0,117,3413.0,8270.0,21852.0,31117.0,50.0,0,-146317.74703568028,11161.362736587724
525311.0,722473.0,49246.0,68015.0,916,707,137.0,117,360654.0,273391.0,141913.0,124685.0,50.0,0,318921.5787425685,-156945.0536041074
4868.0,13869.0,2265.0,4616.0,4240,4388,5771.0,6471,13889.0,14670.0,1188.0,2477.0,50.0,0,-153396.25794425633,17947.70066057995
4081.0,11220.0,1749.0,4563.0,3355,3982,4207.0,4905,11520.0,13428.0,782.0,3125.0,50.0,0,-155347.04146850726,18804.896888308747
3771.0,16025.0,566.0,2266.0,3467,5120,3876.0,5927,8561.0,12094.0,848.0,2085.0,50.1,0,-157930.84674184505,19590.89138634041
1687.0,9168.0,647.0,4855.0,1680,2712,1925.0,3092,4401.0,7005.0,668.0,1610.0,50.1,0,-161028.58992886558,21841.491793099707
3512.0,12377.0,245.0,1571.0,1737,2814,2281.0,3923,5854.0,9969.0,2230.0,2575.0,50.2,0,-158990.61997283073,20240.855586796508
8362.0,20278.0,2435.0,6100.0,3517,4091,4911.0,5433,12201.0,13021.0,3596.0,3783.0,50.2,0,-151779.7780159831,18255.85781565603
48264.0,70672.0,12405.0,20107.0,109,130,273.0,145,59339.0,56794.0,43487.0,47828.0,50.2,0,-81096.2181960819,-15851.26080772884
10118.0,19080.0,3376.0,7344.0,5123,5420,7435.0,7851,20810.0,20959.0,2120.0,3618.0,50.3,0,-146594.6129101447,15014.320721727096
1262.0,6541.0,401.0,2376.0,957,1566,1043.0,1787,2819.0,4689.0,153.0,71.0,50.3,0,-162691.7639079927,22852.60391029852
46127.0,79918.0,4576.0,7030.0,290,147,150.0,93,48195.0,45918.0,24562.0,36785.0,50.4,0,-103188.66258028244,-8162.051050321788
8163.0,20936.0,1289.0,5523.0,4387,4897,5881.0,6528,15608.0,17407.0,2578.0,3909.0,50.4,0,-151078.17582260162,15870.512947490464
2001.0,12519.0,765.0,4239.0,3149,6451,3490.0,7392,6484.0,14910.0,0.0,0.0,50.5,0,-160280.66660276116,21293.66938551522
8265.0,17670.0,2068.0,4319.0,3107,4591,3910.0,5666,8675.0,12894.0,3616.0,3570.0,50.5,0,-154009.45122264157,19878.65381779726
4963.0,12183.0,659.0,3268.0,1220,2803,1150.0,3462,2655.0,8754.0,542.0,695.0,50.5,0,-161155.14298463342,23198.10344294729
5745.0,14881.0,4179.0,9493.0,5547,6376,7445.0,8023,19076.0,20740.0,381.0,3244.0,50.5,0,-149345.70642303265,16858.074714431412
1143.0,5638.0,743.0,2349.0,2667,4691,2983.0,5479,5690.0,10240.0,995.0,2876.0,50.6,0,-160059.01108256468,20902.682295584727
61849.0,84215.0,23005.0,37355.0,0,47,367.0,180,44011.0,37945.0,33080.0,30920.0,50.6,0,-86649.78751650036,7251.241541754825
9989.0,19203.0,1486.0,2579.0,4197,4012,5792.0,5645,14870.0,14423.0,3467.0,3305.0,50.7,0,-150479.2126728939,16340.218687468716
3547.0,6012.0,1847.0,5488.0,1167,2051,1087.0,2631,3041.0,6974.0,1649.0,2048.0,50.8,0,-159951.7120281727,23231.20333256305
1585.0,6543.0,683.0,2208.0,189,146,130.0,23,8653.0,12786.0,6508.0,8865.0,50.8,0,-154761.8220627244,16622.194445966947
728.0,4547.0,509.0,2890.0,121,4,174.0,64,19629.0,38355.0,5527.0,10291.0,50.8,0,-149275.77424765527,10675.04060289237
681.0,3231.0,834.0,3086.0,219,143,57.0,21,31270.0,50720.0,6932.0,11185.0,50.8,0,-141858.7301965915,4094.180328140668
1841.0,9854.0,327.0,1422.0,237,214,102.0,0,5533.0,7175.0,8007.0,10217.0,50.8,-1,-155693.57663999952,17352.207608996134
1103.0,6350.0,420.0,1542.0,56,0,99.0,0,3154.0,5875.0,12919.0,24166.0,50.8,-1,-152534.0380211343,15058.185046163357
2722470.0,1351320.0,3475040.0,2256570.0,8608,3061,1281.0,779,7383660.0,2494510.0,4443390.0,1420820.0,50.8,4,9137770.441810047,-2759353.678273914
67144.0,99565.0,43418.0,71150.0,3029,3080,7657.0,7723,20013.0,19641.0,7523.0,6745.0,50.8,0,-102057.60150074886,47900.34508712348
6084.0,14797.0,1793.0,4611.0,3638,3660,4811.0,5314,11535.0,11978.0,415.0,3492.0,50.9,0,-154773.81239573093,19052.157822384244
470912.0,617883.0,21123.0,30975.0,891,864,239.0,128,339947.0,267124.0,131361.0,95453.0,50.9,0,263516.0210888125,-163708.70919174972
5960.0,13588.0,1998.0,4556.0,2178,2235,5061.0,5539,12393.0,13386.0,1737.0,2711.0,51.0,0,-153747.9400794837,18402.47498813173
12849.0,27824.0,3062.0,4879.0,3597,3924,4587.0,4839,13544.0,13807.0,3707.0,3926.0,51.0,0,-149151.7422305729,18292.44602663107
3321.0,7333.0,1103.0,2589.0,2051,2542,3327.0,3967,8225.0,9870.0,1742.0,2396.0,51.1,0,-157485.21203374118,19798.020272289377
6165.0,16520.0,1201.0,2232.0,2687,3353,3737.0,4879,8928.0,11503.0,2266.0,2715.0,51.1,0,-155826.46550886816,19493.19549049458
853.0,4676.0,0.0,878.0,595,1355,683.0,2273,1433.0,4625.0,0.0,0.0,51.1,0,-163911.5715995506,23318.32128721868
5824.0,12673.0,2099.0,4316.0,2980,3405,3774.0,4101,8739.0,9036.0,830.0,2071.0,51.1,0,-156280.62385380227,20820.008374370744
7739.0,20244.0,2392.0,5222.0,3518,3929,4763.0,5282,12469.0,14045.0,241.0,1665.0,51.1,0,-153766.63602429055,19443.957958569263
6957.0,16148.0,2511.0,4341.0,4246,4426,5228.0,5102,15679.0,16413.0,3637.0,3399.0,51.3,0,-150305.14757647392,16389.871184983298
138953.0,199523.0,43572.0,69843.0,707,340,32.0,114,88911.0,81036.0,73220.0,60705.0,51.4,0,-1314.0634876138065,-12887.927272825378
4083440.0,2362050.0,12811900.0,9099040.0,30171,13062,10245.0,5318,2616500.0,1643360.0,2278200.0,1232490.0,51.4,2,11426035.773377735,7737668.182571521
7969.0,11742.0,413.0,1558.0,5613,5419,7160.0,7557,18681.0,19018.0,1547.0,2893.0,51.5,0,-150600.02859800638,14035.39375267106
379036.0,487277.0,15644.0,24282.0,2545,2123,24823.0,22259,221243.0,177489.0,140720.0,120490.0,51.5,0,173820.18540640778,-117787.97800229696
932.0,5889.0,434.0,1957.0,1586,3002,2092.0,4251,5488.0,11392.0,364.0,1026.0,51.6,0,-161035.72142864324,21223.365893169717
7379.0,15829.0,1306.0,3244.0,5535,5676,6665.0,6723,11902.0,11325.0,1059.0,1514.0,51.7,0,-154474.22113518606,18654.3178172112
54624.0,72738.0,4354.0,6539.0,308,184,0.0,54,72174.0,66002.0,55404.0,49312.0,51.7,0,-70968.99193847363,-32533.22115079485
6521.0,15755.0,1853.0,3198.0,5353,5919,7164.0,7664,17443.0,19397.0,3718.0,4762.0,51.7,0,-149578.02654874264,14700.549230116849
1308.0,6842.0,847.0,3222.0,333,1374,648.0,2139,1600.0,4518.0,235.0,1068.0,51.7,0,-162882.13760126947,23678.03216170453
2984.0,8711.0,1071.0,2287.0,2746,2795,4120.0,4524,10328.0,10111.0,1278.0,1593.0,51.8,0,-156796.03716905744,18892.34909341108
57542.0,90557.0,3814.0,5171.0,485,310,136.0,152,68041.0,61100.0,50148.0,48591.0,51.8,0,-75182.87321619791,-28664.537777734746
5290.0,13010.0,2456.0,5437.0,5372,5726,6977.0,7199,15255.0,15163.0,1722.0,2643.0,51.8,0,-152110.58663335102,17197.936530580486
6428.0,10698.0,2777.0,5467.0,5779,6076,6910.0,7243,17429.0,18109.0,3235.0,3310.0,51.9,0,-149540.1805836525,15768.970378173144
6177.0,13325.0,1120.0,3008.0,2204,2475,3029.0,3054,7903.0,8651.0,1185.0,1237.0,51.9,0,-157192.8213950129,20544.845063068584
2958.0,9413.0,573.0,2126.0,2440,3570,3016.0,3990,8168.0,11047.0,331.0,634.0,51.9,0,-158898.2392480508,20115.5750096249
32531.0,58294.0,18113.0,31303.0,339,264,263.0,105,45578.0,41483.0,40904.0,34664.0,52.1,0,-93830.01052682656,-2620.769140429682
158556.0,223671.0,169574.0,268098.0,384,319,484.0,157,76997.0,69403.0,49774.0,52367.0,52.1,0,60621.711853224406,99685.81673567262
3425.0,7237.0,0.0,1565.0,116,89,260.0,145,1596.0,4397.0,12983.0,19823.0,52.1,0,-153614.16696911748,16334.910172568718
33859.0,54625.0,10143.0,18983.0,269,145,207.0,108,54353.0,52025.0,27185.0,37040.0,52.1,0,-99174.9529047972,-9052.676923812309
9091.0,24948.0,3026.0,5926.0,3847,4271,5451.0,5869,12864.0,14149.0,1369.0,1801.0,52.1,0,-152193.72613874733,19423.37294837283
7211.0,17306.0,698.0,2164.0,1807,1906,3103.0,3001,8331.0,8634.0,229.0,1945.0,52.1,0,-157194.1969631262,20288.975312552157
33173.0,50040.0,6493.0,9430.0,514,307,241.0,72,22361.0,21961.0,11447.0,17173.0,52.3,0,-129909.2787380908,13260.067161177549
1155.0,7343.0,0.0,106.0,140,7,163.0,47,12461.0,27135.0,3187.0,6349.0,52.4,0,-155159.36832683304,15486.999604266715
863516.0,706956.0,182177.0,185165.0,4587,2533,952.0,572,4647700.0,2421570.0,2272760.0,1188260.0,52.4,4,4041743.711948821,-3182723.094814922
4022.0,15437.0,1263.0,3953.0,1146,2655,1599.0,3442,4839.0,11409.0,1705.0,2288.0,52.5,0,-159081.870759528,21807.92582501397
1894.0,11429.0,602.0,3626.0,1115,2889,1334.0,3575,3715.0,11024.0,0.0,0.0,52.5,0,-161956.01104120302,22634.462133848578
1450.0,8290.0,0.0,0.0,142,3,181.0,162,4343.0,6734.0,263.0,1551.0,52.5,0,-161725.9775136781,21498.32103765509
1705.0,9674.0,0.0,49.0,74,0,140.0,104,3883.0,6523.0,944.0,1851.0,52.5,0,-161533.69433842113,21495.155274611545
3052.0,7129.0,0.0,332.0,73,84,139.0,45,2207.0,3995.0,10114.0,14467.0,52.5,0,-155637.6750126381,17682.008774827067
1380.0,4040.0,0.0,636.0,73,0,261.0,182,5704.0,13266.0,51150.0,69064.0,52.5,0,-125958.81597312384,-5585.93682921915
405307.0,486080.0,53930.0,79244.0,1099,800,232.0,151,789832.0,641663.0,312090.0,294782.0,52.5,3,628202.96707612,-472488.3063890208
8541.0,17811.0,1915.0,3948.0,6655,7587,7360.0,8034,18585.0,18865.0,0.0,1416.0,52.5,0,-150543.67587646891,15996.768018472056
3954.0,8080.0,659.0,5397.0,472,308,61.0,6,2944.0,7430.0,37693.0,60554.0,52.6,0,-133930.74546639514,2248.3740150657286
78808.0,125510.0,27020.0,41213.0,529,235,0.0,78,77202.0,71773.0,46255.0,64512.0,52.6,0,-48639.25516279934,-15273.52632257947
77587.0,122575.0,8689.0,13406.0,331,294,248.0,202,70403.0,65067.0,45800.0,56246.0,52.6,0,-65254.87519783378,-24351.282612544677
32168.0,56245.0,7582.0,11932.0,520,372,171.0,125,40804.0,41735.0,18288.0,30381.0,52.6,0,-113967.23113869902,17.312466852261423
26951.0,45878.0,14921.0,24811.0,296,192,209.0,66,37314.0,36102.0,25931.0,25639.0,52.7,0,-110526.4958593264,5197.115436630607
6525.0,9496.0,2456.0,4207.0,4257,4416,5214.0,5299,11445.0,11495.0,1286.0,1952.0,52.7,0,-154149.8870479599,19566.30839182668
8617.0,20056.0,679.0,2555.0,3787,4187,5850.0,6457,14095.0,15604.0,2502.0,2597.0,52.8,0,-152392.65110296357,16456.858744172936
11443.0,20515.0,631.0,2683.0,1629,1477,3743.0,3719,10381.0,10548.0,5284.0,3819.0,52.8,0,-152090.60707310992,17514.66904795055
853.0,3413.0,1548.0,7667.0,1045,2842,1305.0,3293,2960.0,6995.0,878.0,1992.0,52.9,0,-161402.27046558508,23109.220884865572
1905.0,7472.0,1860.0,8896.0,2250,4451,2041.0,4302,5071.0,9092.0,884.0,1425.0,52.9,0,-159800.8235727671,22377.88417369169
3510.0,7804.0,1460.0,2978.0,2621,2963,3794.0,4224,9166.0,10466.0,0.0,1782.0,52.9,0,-157597.82761974994,20247.06275738244
66163.0,103429.0,36754.0,58006.0,643,319,57.0,34,60747.0,55797.0,44669.0,48069.0,52.9,0,-59596.84413944352,2817.470737484145
90666.0,132000.0,27799.0,44143.0,586,206,235.0,79,65809.0,57661.0,51766.0,50252.0,53.0,0,-50584.544369000025,-7530.102909500823
37063.0,54601.0,6261.0,10470.0,46,124,188.0,123,51298.0,47700.0,38973.0,37306.0,53.1,0,-96654.963130193,-14082.548974982034
13350.0,20139.0,2178.0,5643.0,3096,3468,4710.0,4766,12134.0,13090.0,2324.0,3120.0,53.1,0,-151070.75575953745,18982.825899198742
9252.0,14540.0,2452.0,4097.0,1474,1096,3313.0,3315,9337.0,8316.0,3069.0,4693.0,53.1,0,-153166.8395022849,19906.74489495768
72475.0,108225.0,9197.0,12508.0,623,342,0.0,91,56492.0,49960.0,39479.0,40443.0,53.2,0,-79913.80270023605,-12587.21657876399
1827.0,10685.0,0.0,699.0,243,205,193.0,140,3928.0,5628.0,360.0,580.0,53.2,0,-161956.14740333526,21852.804347089557
472220.0,674719.0,47896.0,68404.0,1701,1041,711.0,257,382740.0,300898.0,183328.0,141356.0,53.2,0,335259.34085456573,-189855.6453788316
17816.0,23402.0,4119.0,8602.0,4934,4929,7087.0,6996,18965.0,18868.0,6271.0,5470.0,53.2,0,-142477.58352281543,15503.696912084217
9259.0,14356.0,1548.0,2631.0,4535,4842,4716.0,4921,10403.0,10473.0,2608.0,1900.0,53.3,0,-153785.73477111946,19207.88218160178
6575.0,11225.0,4693.0,9352.0,6160,7366,7318.0,8518,17927.0,20116.0,2703.0,2253.0,53.4,0,-148509.24734378088,17296.128507935457
1924.0,6317.0,772.0,3327.0,477,1443,750.0,2442,1921.0,6769.0,500.0,588.0,53.4,0,-162510.7892508566,23475.026762072277
1412.0,5114.0,1441.0,4252.0,3168,4794,3481.0,5203,6555.0,9775.0,0.0,823.0,53.4,0,-159889.46099996095,21610.386944436075
8225.0,13404.0,2198.0,3522.0,4565,4368,6051.0,6046,17159.0,17008.0,4162.0,3223.0,53.4,0,-149049.88629915786,15306.193835307002
96404.0,141545.0,17376.0,26939.0,811,487,90.0,130,228066.0,200524.0,83988.0,81328.0,53.4,0,55028.06814392391,-116952.29574374772
5538.0,13536.0,2092.0,6970.0,4231,5320,5623.0,6794,14009.0,16883.0,471.0,1463.0,53.6,0,-153722.03013141398,18182.054498729347
58443.0,77372.0,18200.0,26318.0,339,179,86.0,38,54517.0,50046.0,46667.0,37066.0,53.6,0,-77454.70325587806,-7653.235777505237
3062.0,9616.0,590.0,2481.0,1831,2114,2913.0,3414,7514.0,9145.0,539.0,1370.0,53.6,0,-158997.05092484038,20311.500616570564
7000.0,16372.0,3994.0,6911.0,3708,4037,5227.0,5563,11923.0,12779.0,1322.0,1383.0,53.6,0,-152907.32030425765,20579.972834143995
1159.0,5381.0,34.0,763.0,161,86,95.0,17,3228.0,4459.0,1690.0,2040.0,53.6,0,-161674.618047268,21556.98863162127
906197.0,1001480.0,108644.0,133563.0,7019,5064,72287.0,56372,585105.0,415674.0,461372.0,293231.0,53.6,3,776685.1056455855,-333154.81419428973
86183.0,130497.0,9106.0,15212.0,176,280,389.0,181,68978.0,64277.0,50503.0,55172.0,53.7,0,-61056.78873257023,-24041.274715524072
71130.0,107251.0,6917.0,12444.0,355,160,125.0,133,61353.0,53567.0,58656.0,48873.0,53.7,0,-68721.27235373987,-24575.216287592837
273291.0,396677.0,75658.0,108243.0,668,477,499.0,158,227787.0,172886.0,109819.0,97860.0,53.8,0,160803.1094213682,-70166.06126199267
47756.0,73306.0,11667.0,17141.0,444,241,0.0,0,64041.0,58085.0,43745.0,35270.0,53.8,-1,-81135.25578628537,-17312.089664937208
3857.0,12341.0,1944.0,5818.0,4027,4819,5216.0,6134,11975.0,14993.0,399.0,2128.0,54.0,0,-155394.5872121505,18962.764548742205
14557.0,30944.0,3663.0,6449.0,3687,3795,5688.0,5921,16132.0,16893.0,3230.0,3782.0,54.0,0,-147058.72823518084,17670.5272106181
1251770.0,1194370.0,1598700.0,1957360.0,4502,3241,762.0,579,476022.0,370060.0,206124.0,161407.0,54.0,3,1567469.446030614,986909.244194706
347024.0,484829.0,40143.0,62531.0,19,394,339.0,200,291159.0,258145.0,140691.0,126440.0,54.1,0,217645.72233140803,-139834.4670724544
41623.0,54024.0,5446.0,8801.0,73,154,95.0,121,22605.0,22531.0,15474.0,18668.0,54.1,0,-125572.44060002315,11416.57089279916
13968.0,27233.0,2468.0,4137.0,2440,2337,6427.0,7013,17696.0,18877.0,4668.0,6186.0,54.1,0,-146016.82036498806,15060.924240247534
154091.0,234082.0,38936.0,59862.0,653,299,0.0,12,151210.0,136216.0,57316.0,59211.0,54.2,0,27676.50562000833,-43143.85246353353
5361.0,18291.0,2126.0,5080.0,2912,3359,3999.0,4564,10136.0,11082.0,1032.0,1745.0,54.3,0,-155603.08396112654,20036.0976740213
1292.0,6290.0,892.0,2661.0,3038,5304,4081.0,6715,8308.0,14092.0,0.0,486.0,54.3,0,-159339.76325640889,20292.11309830164
17105.0,32487.0,4013.0,6624.0,4184,4202,5806.0,6048,17421.0,18083.0,2990.0,4312.0,54.3,0,-145338.8998112917,17444.9508379551
54657.0,82426.0,36123.0,58955.0,224,159,256.0,169,62348.0,54350.0,48537.0,42492.0,54.4,0,-61951.28385327508,113.02916495903628
4194.0,13753.0,803.0,2724.0,2060,2396,3213.0,3739,7674.0,8596.0,574.0,812.0,54.4,0,-158497.59003254466,20539.96084192372
2810.0,6731.0,794.0,2219.0,835,1482,1104.0,2131,2703.0,5784.0,1307.0,1479.0,54.4,0,-161253.98951815808,22748.314872378254
3363.0,7313.0,1862.0,5363.0,1810,1666,2217.0,2345,7157.0,7154.0,1073.0,1435.0,54.4,0,-158090.6364092711,21305.30847552734
4773.0,16973.0,2137.0,5343.0,3763,4790,5004.0,6940,10974.0,13944.0,1669.0,3089.0,54.4,0,-154791.75088206367,19156.316740501534
4143.0,8501.0,1908.0,3247.0,3929,4170,5272.0,5663,12485.0,12056.0,2359.0,2603.0,54.5,0,-154057.60535327392,17965.65412650547
164622.0,271245.0,23540.0,34471.0,665,298,248.0,134,177911.0,134839.0,63043.0,45203.0,54.6,0,36959.19657156675,-68298.32064381326
9032.0,26518.0,1719.0,4669.0,3156,4098,4602.0,5559,11713.0,14224.0,2011.0,2389.0,54.6,0,-153229.751072175,18742.865858228102
27918.0,35985.0,11231.0,18861.0,139,184,136.0,90,31048.0,30085.0,19039.0,22825.0,54.6,0,-119522.76501995276,8502.319394359747
1204.0,7089.0,92.0,357.0,152,54,98.0,0,4256.0,7458.0,1418.0,3561.0,54.7,-1,-160922.07639952784,20929.82464398311
499109.0,636403.0,48108.0,69590.0,1831,1440,279.0,279,752005.0,625796.0,323481.0,283631.0,54.7,3,637265.761254051,-451864.1683799975
8138.0,14650.0,2703.0,3827.0,11342,11700,12352.0,12876,24140.0,25445.0,4951.0,5317.0,54.7,0,-144153.4416223407,11423.568184376629
6439.0,10927.0,3155.0,5096.0,3751,3983,5262.0,5774,13501.0,13016.0,2681.0,2930.0,54.7,0,-151818.30632451575,18387.682702898222
3166.0,9758.0,1673.0,4474.0,1588,1825,2686.0,3308,8156.0,9990.0,580.0,2441.0,54.8,0,-157767.23117752734,20634.102596986868
16919.0,13874.0,2373.0,3487.0,3944,4318,5320.0,5709,14069.0,13543.0,3219.0,2315.0,54.9,0,-148461.33554367255,18181.308473099765
4457.0,8863.0,1208.0,2218.0,1951,2063,2514.0,2734,6549.0,6671.0,451.0,1363.0,55.0,0,-158760.2762665538,21433.010919787223
45719.0,67180.0,10520.0,15986.0,0,87,0.0,13,28594.0,24244.0,30922.0,28559.0,55.0,0,-109131.30750055992,5856.778507579478
1413.0,8043.0,1029.0,4605.0,3086,5307,3368.0,5844,7666.0,13490.0,746.0,1247.0,55.0,0,-159102.17545422568,20394.877287809053
28184.0,42361.0,12537.0,19938.0,526,276,449.0,168,34583.0,32005.0,35516.0,27588.0,55.2,0,-108297.98403570888,1483.613005703599
22433.0,37764.0,3506.0,5820.0,154,115,52.0,36,32872.0,29346.0,24134.0,20976.0,55.2,0,-122808.94336131668,-190.38015952277783
3824.0,11361.0,163.0,406.0,2468,3208,3198.0,4010,9149.0,11599.0,1135.0,1456.0,55.2,0,-157808.04373430592,18961.517407658404
55364.0,89390.0,5918.0,9914.0,444,267,197.0,215,62860.0,58049.0,51802.0,58562.0,55.2,0,-75030.08705525359,-26398.57852991248
12848.0,22231.0,3805.0,6109.0,4593,4559,6529.0,6223,35445.0,29712.0,13721.0,15047.0,55.3,0,-130066.97886825164,2253.004733092941
4175.0,13015.0,664.0,2409.0,1864,2515,3095.0,3747,8288.0,9926.0,1204.0,2903.0,55.3,0,-157598.04074076563,19601.38991428515
6345.0,10324.0,3805.0,5871.0,6791,7266,7821.0,8176,17076.0,16923.0,2310.0,2493.0,55.3,0,-149714.81955888576,17159.660441579457
448.0,2763.0,454.0,2715.0,194,158,121.0,0,3021.0,5039.0,764.0,1364.0,55.4,-1,-162311.79169173728,22335.35601702791
1250590.0,1044630.0,1060970.0,1165620.0,10283,5479,1890.0,945,386594.0,318710.0,218036.0,157084.0,55.4,3,1204575.484383975,622650.8819178821
19471.0,29472.0,3651.0,8370.0,7593,7932,9689.0,10087,22007.0,21585.0,3446.0,3274.0,55.5,0,-142202.7819362703,14901.651525988971
14873.0,25312.0,1136.0,3896.0,4659,4539,6643.0,6604,16953.0,15238.0,4902.0,3427.0,55.5,0,-147281.2473350551,14832.706729142368
19210.0,41558.0,2028.0,3819.0,6116,5828,6901.0,6863,16139.0,15683.0,1891.0,3572.0,55.5,0,-147169.24454124307,17257.96536251087
450140.0,662145.0,79800.0,116209.0,840,590,291.0,177,228358.0,189474.0,127711.0,106919.0,55.6,0,230095.88550601064,-61305.19296106781
7681.0,17846.0,2895.0,6056.0,3644,5693,3815.0,6246,8157.0,13819.0,1886.0,2572.0,55.6,0,-154961.08025906567,21457.807897014827
30987.0,40663.0,8555.0,12824.0,0,83,137.0,142,38999.0,34350.0,32167.0,27800.0,55.6,0,-108819.32096474608,-2617.446602988657
6571.0,13276.0,3280.0,5340.0,2758,3352,3987.0,4707,9393.0,11975.0,2400.0,2034.0,55.6,0,-154264.53242311563,20905.944695852253
2364.0,13843.0,758.0,3911.0,548,1929,664.0,2245,1461.0,5737.0,363.0,572.0,55.6,0,-162698.15613987244,23791.675302084685
11767.0,19626.0,3886.0,4906.0,3221,3028,4998.0,4958,11881.0,10645.0,3612.0,3416.0,55.7,0,-150063.52355826518,19829.43938274609
1122.0,5614.0,844.0,4648.0,1302,2226,1761.0,2928,5117.0,8044.0,206.0,566.0,55.7,0,-161091.31530404033,21863.31247363233
73456.0,111810.0,45964.0,72761.0,0,51,67.0,96,87899.0,79490.0,79902.0,66468.0,55.7,0,-17404.55017896375,-18456.75417264413
8241.0,11599.0,950.0,3070.0,5534,6092,6384.0,6419,12966.0,11898.0,972.0,2484.0,55.7,0,-153693.8248941328,17771.676029414426
22759.0,37959.0,8599.0,12321.0,8520,9042,12362.0,11876,34063.0,29937.0,6859.0,6331.0,55.8,0,-129447.70671314464,10896.62890681259
255698.0,377280.0,146627.0,226235.0,11221,11270,20687.0,20257,54766.0,51479.0,17957.0,16625.0,55.8,0,45216.899356585694,117037.96548918444
5008.0,9107.0,1421.0,2669.0,3893,3922,5402.0,5763,12867.0,14016.0,1337.0,1948.0,56.0,0,-154439.87116731895,17886.665486669914
3378.0,12117.0,933.0,2376.0,2225,3296,2514.0,4515,6984.0,12195.0,387.0,3391.0,56.0,0,-158708.60976228144,20649.23596521222
4890.0,11291.0,1695.0,4301.0,3718,3770,3832.0,4339,9671.0,10594.0,1444.0,1588.0,56.0,0,-156100.4187970767,19811.107433954825
88916.0,144202.0,19187.0,30178.0,397,296,143.0,134,91951.0,84980.0,66140.0,64058.0,56.1,0,-32783.67388799769,-34911.86553562836
5102.0,9419.0,357.0,1734.0,8688,10255,9399.0,10422,18089.0,18918.0,592.0,1059.0,56.1,0,-152617.753606247,14684.020480760408
5258.0,17869.0,684.0,4031.0,2407,3049,3052.0,3864,8523.0,10543.0,1213.0,2638.0,56.1,0,-157148.12096561774,19608.41567085682
68590.0,98713.0,30752.0,49012.0,695,309,253.0,157,45734.0,40963.0,36683.0,35000.0,56.2,0,-76592.5072971605,10956.94816566306
3526.0,7428.0,18868.0,35877.0,186,173,115.0,48,12256.0,15016.0,12935.0,8872.0,56.2,0,-138435.48696330818,26524.365714874355
1563.0,9841.0,9602.0,35921.0,82,0,136.0,46,8977.0,17144.0,3320.0,7127.0,56.2,0,-151085.87405892214,24528.140783688046
924.0,5623.0,5848.0,23613.0,43,0,43.0,0,7332.0,12215.0,5019.0,7880.0,56.2,-1,-153508.5838831567,21835.572984895007
2461960.0,1867200.0,7059530.0,6633510.0,11197,6140,2939.0,1510,1410290.0,959773.0,1064230.0,687058.0,56.2,4,6185702.826519853,4369378.177132018
53884.0,77494.0,5851.0,4993.0,168,169,76.0,81,53059.0,47582.0,48096.0,39443.0,56.2,0,-85956.61641310624,-17408.117490757526
132754.0,178083.0,15268.0,23787.0,254,176,0.0,174,185726.0,156092.0,56178.0,51691.0,56.3,0,24118.48141730661,-79782.87523556995
9366.0,13077.0,3163.0,5156.0,4862,4640,5825.0,5593,16123.0,15461.0,2943.0,3343.0,56.3,0,-149227.016981319,17069.3225760715
2260.0,10126.0,705.0,2319.0,2115,3103,2939.0,4476,7200.0,10223.0,866.0,2404.0,56.3,0,-159030.6772080566,20255.11537145852
1516.0,8267.0,0.0,92.0,97,0,209.0,164,7823.0,16928.0,1967.0,3472.0,56.4,0,-158665.08123476323,18804.90798639851
2505.0,14273.0,8.0,667.0,113,42,95.0,0,4650.0,8441.0,1574.0,2301.0,56.4,-1,-160481.27835426,20875.33699754517
1390050.0,1513210.0,124336.0,128149.0,3862,2792,866.0,331,1805310.0,1233160.0,804325.0,505885.0,56.4,3,1810460.797633908,-1082083.2986746444
13688.0,29825.0,3076.0,5903.0,6310,6815,8126.0,8404,19024.0,20910.0,3177.0,2964.0,56.4,0,-146233.55886717667,15755.649529554386
16268.0,27610.0,2506.0,4733.0,7010,7703,8799.0,9288,21713.0,22602.0,2785.0,4093.0,56.5,0,-144237.96548142828,14051.318786567736
5167.0,11791.0,1229.0,2142.0,106,167,259.0,131,52149.0,54041.0,12824.0,19575.0,56.6,0,-124482.19322766096,-9580.942792591188
1248.0,6529.0,193.0,1934.0,98,0,193.0,173,3783.0,10100.0,609.0,1721.0,56.6,0,-161797.99244367302,21790.81503131455
14293.0,26814.0,2768.0,4098.0,2572,2719,6573.0,6458,17222.0,16524.0,7405.0,6951.0,56.7,0,-144604.0931831943,14551.38279064161
9884.0,22122.0,2573.0,4476.0,4409,4864,5818.0,5949,15907.0,15950.0,2053.0,2438.0,56.8,0,-150096.30373594785,17195.401830092287
186299.0,272070.0,18089.0,31104.0,460,320,193.0,168,215628.0,183318.0,108464.0,86013.0,56.8,0,89487.1502922056,-111814.80222033316
3820.0,10936.0,654.0,4010.0,11521,13159,25268.0,29064,20215.0,22288.0,1798.0,3342.0,56.9,0,-150681.91795948963,12971.197572205963
6033.0,16097.0,1953.0,4467.0,2071,2675,3020.0,4119,6990.0,9236.0,1603.0,2764.0,57.0,0,-156797.5102888497,21302.98572247937
4449.0,10528.0,1390.0,2546.0,2921,3026,4732.0,5156,11861.0,12772.0,1131.0,2001.0,57.0,0,-155285.18815990025,18416.26905997183
22191.0,42030.0,18691.0,33254.0,317,251,267.0,131,11634.0,11380.0,6566.0,8247.0,57.1,0,-135937.99322143846,30323.11626481769
5376.0,9557.0,1742.0,3183.0,2192,2098,2857.0,2807,7622.0,7470.0,1287.0,1676.0,57.1,0,-157115.65596631015,21012.788571910467
40958.0,74957.0,6893.0,11617.0,170,156,539.0,200,47006.0,42525.0,35481.0,36435.0,57.1,0,-99163.32316762878,-9730.1046550861
1966.0,12684.0,478.0,2300.0,744,1670,739.0,2089,1890.0,5961.0,1048.0,2004.0,57.1,0,-162191.6261157464,22892.42472088163
771.0,3395.0,1102.0,3106.0,1981,2839,2698.0,4024,6728.0,10560.0,118.0,865.0,57.1,0,-160144.6830942897,21161.333637625557
4273.0,21808.0,312.0,1823.0,3596,5281,4166.0,6441,10091.0,14805.0,1187.0,2955.0,57.2,0,-156766.91609864798,18382.49295423476
2689.0,11753.0,12.0,1666.0,1037,3087,1432.0,4249,2932.0,8384.0,104.0,141.0,57.2,0,-162410.77064699956,22610.088154555204
6826.0,20973.0,4566.0,7966.0,9707,10556,10956.0,11995,21718.0,22923.0,2877.0,4161.0,57.2,0,-145976.69238320595,14881.128667808773
16968.0,24152.0,3690.0,5478.0,7434,7777,9277.0,9813,21911.0,21516.0,2108.0,3013.0,57.3,0,-143698.65641952166,15275.685585156616
1805.0,11175.0,235.0,1127.0,1284,2443,1498.0,3007,4562.0,8991.0,0.0,1245.0,57.3,0,-161518.20932195027,21722.00650389265
35856.0,60699.0,11531.0,17064.0,127,143,0.0,11,41669.0,36382.0,36819.0,31406.0,57.4,0,-101258.88933250576,-3470.1494655068527
9896.0,16512.0,2521.0,5381.0,2117,2316,5216.0,5209,14117.0,14453.0,5670.0,5232.0,57.4,0,-148977.5086320261,16511.77822839116
5936.0,21500.0,830.0,3495.0,3363,4087,4379.0,5409,11002.0,13839.0,513.0,1219.0,57.4,0,-156032.38571977813,18878.52795251471
17949.0,16049.0,4131.0,6222.0,3185,3409,4684.0,4620,13874.0,13048.0,3528.0,3183.0,57.6,0,-146912.84132302107,19471.26349914
2621.0,10674.0,439.0,1412.0,59,14,250.0,143,5036.0,4134.0,1096.0,1645.0,57.7,0,-160307.75416886932,21258.26463670778
155441.0,213190.0,25971.0,42700.0,619,354,206.0,122,247584.0,213561.0,84534.0,83425.0,57.7,0,90453.00535997582,-116929.29259667834
10319.0,21137.0,5504.0,9234.0,5245,5537,6399.0,6851,16305.0,16553.0,4189.0,4068.0,57.7,0,-146735.57691008964,18309.07145328701
9716.0,13883.0,3129.0,4515.0,4595,4565,6847.0,6836,16630.0,16977.0,3438.0,3486.0,57.7,0,-148600.4553017247,16612.62409527418
17047.0,29048.0,3599.0,6315.0,4127,4263,5688.0,5937,15740.0,15557.0,4668.0,4306.0,57.8,0,-145760.34791556498,17469.06691315274
48356.0,73868.0,4081.0,6391.0,477,344,266.0,157,43380.0,40878.0,32206.0,29318.0,57.8,0,-103188.044814189,-7287.621820687753
127345.0,198217.0,13320.0,20050.0,376,445,292.0,179,98506.0,81156.0,71061.0,59567.0,57.8,0,-18801.460479554604,-41013.27981012575
5687.0,15373.0,1714.0,3840.0,3505,3795,4090.0,4713,10449.0,11955.0,1222.0,1876.0,57.9,0,-155456.29376105816,19501.100000396247
9786.0,13996.0,3266.0,6572.0,4610,5105,5606.0,5761,13911.0,15130.0,1602.0,3149.0,57.9,0,-150907.66884906034,18834.844744879072
172684.0,242359.0,79478.0,115252.0,406,404,46.0,122,134650.0,114810.0,84354.0,70706.0,58.0,0,62873.92154381538,-12662.277450138536
46257.0,63270.0,8472.0,12731.0,239,167,215.0,144,42869.0,41654.0,31860.0,32646.0,58.1,0,-101137.9651697254,-4185.141988808915
3967.0,9932.0,966.0,2354.0,4143,6137,4319.0,5976,7935.0,11411.0,1527.0,2033.0,58.1,0,-157670.16875145235,20029.72208266006
2246.0,6083.0,1235.0,2867.0,1858,2304,2102.0,2495,5181.0,6015.0,54.0,304.0,58.2,0,-160576.283331611,22300.14694064473
46087.0,76018.0,15371.0,21437.0,278,178,156.0,77,57197.0,49936.0,40978.0,36018.0,58.3,0,-84409.27800638224,-10126.415082671823
154543.0,222226.0,132548.0,216249.0,8110,7629,10114.0,10357,26252.0,25858.0,7400.0,6479.0,58.3,0,-17967.720578657812,118947.51143829434
29699.0,44794.0,2885.0,5388.0,10534,10626,14310.0,14757,33912.0,33379.0,6696.0,6497.0,58.4,0,-130716.38209040636,7194.148089829159
53046.0,93993.0,2825.0,5985.0,203,122,197.0,166,66874.0,62672.0,40510.0,53786.0,58.4,0,-81405.43153332348,-26653.713707423056
113497.0,162357.0,11028.0,18328.0,17,170,247.0,90,81900.0,75425.0,83471.0,62433.0,58.4,0,-27574.84463301135,-39425.46606954997
37151.0,65138.0,8074.0,13597.0,275,395,209.0,141,45260.0,40225.0,37510.0,39339.0,58.4,0,-99219.20713264358,-9262.199143453205
2671.0,10695.0,2816.0,6927.0,4513,5238,6359.0,7533,14910.0,17293.0,956.0,2014.0,58.5,0,-153394.5253702366,17798.710598032907
16894.0,15148.0,2943.0,3645.0,4050,3953,5679.0,5586,12840.0,11402.0,1780.0,2422.0,58.5,0,-149455.7165846318,19734.40695317301
3687.0,15684.0,1780.0,4222.0,4185,4904,5158.0,6271,12556.0,15050.0,1158.0,2088.0,58.6,0,-154881.3169900312,18268.47580456561
2326.0,8182.0,1302.0,3788.0,2790,4478,3348.0,5473,8588.0,14714.0,1482.0,2174.0,58.6,0,-157640.91626482853,19801.416788002585
5845.0,18205.0,2128.0,4760.0,4415,4472,5282.0,5292,11748.0,11788.0,2570.0,1712.0,58.8,0,-153843.04265646887,18711.63799058347
8149.0,16835.0,1623.0,3880.0,4432,4745,5350.0,5552,12254.0,12802.0,959.0,1556.0,58.8,0,-153891.44057313615,18786.340457376704
11927.0,21007.0,4665.0,9022.0,3684,3967,8977.0,9558,20982.0,22398.0,2318.0,5202.0,58.8,0,-144796.3232958411,15743.380326958944
3950.0,15208.0,3033.0,7870.0,2479,2785,3535.0,4173,7690.0,8908.0,1872.0,1795.0,58.9,0,-156479.74087872115,21641.44953313152
13330.0,21884.0,1877.0,2776.0,5501,5477,7302.0,7117,20286.0,19282.0,2335.0,2818.0,59.0,0,-146777.15732676818,14438.012808660718
1888.0,9120.0,842.0,2398.0,1082,1810,1520.0,2338,4525.0,6808.0,1304.0,1753.0,59.0,0,-160465.9710706865,21704.16675072518
15405.0,22505.0,1246.0,2215.0,4391,4388,6733.0,6510,16460.0,16057.0,5235.0,3334.0,59.0,0,-147181.6495330283,15121.204637430968
8024.0,16407.0,2576.0,5306.0,3469,4088,4587.0,5113,13649.0,14978.0,1681.0,2856.0,59.0,0,-152046.39232990905,18328.056483174503
3044.0,9241.0,1574.0,4370.0,1155,2407,2129.0,4047,4928.0,9793.0,1704.0,2175.0,59.1,0,-159181.14231326003,21939.762564214547
1255.0,7929.0,990.0,4149.0,134,43,237.0,238,2566.0,4278.0,778.0,1228.0,59.2,0,-162004.35914715246,23061.750856352355
723838.0,829400.0,1228510.0,1580260.0,3352,2252,1030.0,419,342872.0,288147.0,224713.0,172947.0,59.2,3,1116214.5782548552,729534.9169534219
14260.0,32121.0,1289.0,2629.0,4632,4377,6392.0,6416,15638.0,16015.0,1897.0,3825.0,59.2,0,-149431.8598400347,16549.757420413112
26413.0,33437.0,1287.0,3832.0,8016,8173,11600.0,11380,28993.0,28141.0,4644.0,4717.0,59.3,0,-136703.14524005837,9285.939481414976
27222.0,41332.0,1235.0,3688.0,2986,2611,6990.0,7396,15206.0,14647.0,3753.0,5775.0,59.3,0,-144359.99841767026,16812.543217576
15085.0,22982.0,2585.0,4334.0,5552,5445,7858.0,8520,23146.0,23791.0,3710.0,6038.0,59.3,0,-143025.9695763883,12669.18934905233
3133.0,14533.0,2454.0,6308.0,3164,4188,4536.0,6038,13521.0,17367.0,1809.0,2115.0,59.3,0,-153827.76624403114,17997.673494119885
22975.0,44077.0,3282.0,7131.0,162,127,364.0,189,34211.0,30770.0,24657.0,24369.0,59.3,0,-121202.6601262618,-1685.334673009107
71810.0,118088.0,13389.0,24046.0,444,217,721.0,224,69062.0,64225.0,59291.0,62794.0,59.5,0,-57729.86070038073,-25890.39925198129
8777.0,18664.0,3237.0,6860.0,9111,9438,10306.0,11023,21261.0,20640.0,2924.0,2428.0,59.5,0,-146668.81994040756,14485.48202529616
4728.0,15463.0,1229.0,4248.0,3309,4197,4499.0,5610,11883.0,15364.0,998.0,1611.0,59.5,0,-155405.91280014397,18403.52428324557
1003.0,3305.0,777.0,1907.0,2616,6045,3194.0,7045,7480.0,16618.0,0.0,188.0,59.6,0,-160013.31276947056,20665.98513658148
10944.0,17149.0,2252.0,5293.0,3976,3960,5874.0,5889,14635.0,13988.0,2690.0,3337.0,59.6,0,-150203.34034035017,17372.35204912519
8579.0,15454.0,4289.0,7237.0,3557,3471,5588.0,5739,14715.0,15482.0,3522.0,3674.0,59.7,0,-149274.87329333366,18375.34994920381
27106.0,48715.0,3009.0,4749.0,2470,2465,5541.0,5896,15534.0,14728.0,6546.0,5755.0,59.7,0,-141889.1256277012,17048.889346260235
48175.0,77329.0,4749.0,6665.0,312,129,431.0,175,34790.0,31637.0,26817.0,24692.0,59.7,0,-110880.24106985128,242.68277820492224
7193.0,13856.0,2715.0,4959.0,2723,2692,4098.0,4266,9819.0,10479.0,2341.0,3122.0,59.8,0,-154003.6211050757,20162.18377391947
14367.0,33954.0,2705.0,5101.0,4119,4274,5448.0,5768,12921.0,12823.0,2354.0,3891.0,59.8,0,-149845.79761316028,18925.212300305982
12116.0,21957.0,1155.0,3567.0,3763,3646,5455.0,5734,13916.0,14656.0,2304.0,2396.0,59.9,0,-151214.6718935168,17269.97302286369
4290.0,11579.0,1428.0,3286.0,1712,2094,2310.0,2858,6493.0,8379.0,1400.0,2751.0,59.9,0,-158040.66960050905,21107.12439829984
2020.0,8973.0,945.0,3241.0,741,1996,945.0,2288,2893.0,7076.0,1959.0,2382.0,60.0,0,-160858.36521084153,22358.868655272712
15798.0,27651.0,5825.0,9211.0,2567,2389,7483.0,7734,17743.0,17851.0,6375.0,5647.0,60.0,0,-142722.67658512894,17233.330339352076
14523.0,24240.0,2301.0,5032.0,4294,4038,4808.0,4656,13421.0,13193.0,1713.0,2617.0,60.0,0,-150272.81024692202,18753.98787867098
2818.0,7806.0,322.0,1513.0,2462,2805,3997.0,5016,9810.0,11800.0,874.0,1739.0,60.1,0,-157741.00800426377,18700.41132501956
11694.0,21551.0,3084.0,6370.0,8194,9005,10227.0,10910,21971.0,23310.0,2576.0,3767.0,60.1,0,-145365.13807886204,14131.200943655962
13296.0,39931.0,1932.0,5405.0,5187,5255,7274.0,7859,19154.0,19420.0,6105.0,7297.0,60.1,0,-144877.01320542247,13202.863380289982
16685.0,17751.0,2791.0,5796.0,4885,4713,7028.0,6873,18811.0,19149.0,4215.0,3019.0,60.1,0,-145078.90266074275,15517.814060573526
10693.0,21002.0,1939.0,4511.0,3044,3518,4444.0,4403,11000.0,11404.0,1834.0,2509.0,60.1,0,-153023.0653105857,19457.567385621405
283104.0,383417.0,165307.0,223446.0,823,619,0.0,60,66349.0,59297.0,52803.0,47611.0,60.1,0,92742.12914965002,111121.36638236252
2951.0,13883.0,1184.0,2798.0,1007,2113,1451.0,2998,3648.0,7089.0,261.0,1924.0,60.2,0,-160859.6510578645,22835.443813825645
1176.0,6796.0,485.0,2581.0,1031,2333,1066.0,2794,2920.0,6855.0,588.0,1274.0,60.2,0,-162206.54858042323,22543.496245761897
81853.0,127152.0,11804.0,20114.0,518,258,4.0,78,60691.0,55398.0,54101.0,42207.0,60.4,0,-66002.07641465042,-17257.533143365734
104870.0,178745.0,48254.0,68348.0,3868,3277,8844.0,8655,21235.0,20362.0,9639.0,8319.0,60.5,0,-85170.43983637574,52824.88291888005
10350.0,18608.0,2420.0,4304.0,2432,2132,4994.0,4966,13710.0,13529.0,2696.0,4067.0,60.5,0,-150686.3182271236,17839.360991182606
8239.0,20458.0,1476.0,3978.0,3709,3956,5234.0,5838,13392.0,14977.0,751.0,2181.0,60.6,0,-153311.67751532685,18050.2590470626
1974.0,8775.0,1553.0,4676.0,1266,1616,2872.0,4229,6209.0,9157.0,519.0,1532.0,60.6,0,-159482.46430477482,21642.13770762463
11458.0,19380.0,3944.0,5168.0,4073,3887,5325.0,5451,14235.0,14650.0,4240.0,3249.0,60.7,0,-148561.443233323,18408.79290310609
14047.0,20718.0,1747.0,3659.0,3454,3231,5227.0,5127,12873.0,12398.0,2487.0,2986.0,60.7,0,-150638.4245945026,18278.033116617506
10878.0,24006.0,2291.0,5166.0,5103,4706,6049.0,6124,16972.0,17210.0,475.0,3306.0,60.7,0,-149929.8769182301,16891.327204923633
1740.0,5482.0,128.0,849.0,174,158,190.0,143,2719.0,4215.0,2322.0,3285.0,60.7,0,-161209.03668996418,21560.38835518732
1226.0,5227.0,195.0,1840.0,124,68,165.0,53,3885.0,5090.0,54.0,349.0,60.7,0,-162238.65486516873,22112.498669587498
224398.0,256838.0,72939.0,97678.0,785,326,220.0,131,453562.0,346147.0,181812.0,161711.0,60.7,0,312529.914989066,-229626.9934373319
9177.0,16448.0,1802.0,4896.0,7304,7925,9062.0,9651,21621.0,22526.0,1948.0,4337.0,60.8,0,-147321.60522369397,13280.410553573787
20439.0,29932.0,2475.0,4189.0,4873,5317,7037.0,7135,20964.0,22039.0,3295.0,4143.0,60.8,0,-143101.58256635527,14554.0162999384
11533.0,22382.0,2868.0,5344.0,8208,9047,11210.0,11450,30075.0,30166.0,6236.0,6630.0,60.8,0,-138881.5839628691,7999.5866325363695
39519.0,69361.0,6814.0,10607.0,0,13,234.0,119,31264.0,30704.0,21051.0,26598.0,60.9,0,-116718.1565618842,4700.247503511306
4038.0,9532.0,1273.0,2864.0,3736,4309,5353.0,6434,12495.0,13832.0,801.0,2204.0,60.9,0,-155248.03975838,18042.309582321075
3112.0,10131.0,2207.0,4934.0,2256,3154,3503.0,4389,9338.0,11804.0,1245.0,3162.0,60.9,0,-156380.40670499785,20084.56031312017
122609.0,176459.0,21959.0,35134.0,916,493,560.0,189,86544.0,79142.0,82215.0,63108.0,61.0,0,-16081.05175310187,-32594.623824240327
3694.0,10751.0,1800.0,4572.0,2062,2301,2998.0,3566,7215.0,8062.0,395.0,959.0,61.0,0,-158380.33515176317,21545.026115331253
1564.0,6845.0,1400.0,4436.0,2141,3331,3083.0,5108,7788.0,12611.0,1284.0,2395.0,61.0,0,-158326.4192660201,20279.01556345308
26031.0,47283.0,547.0,1567.0,3920,4084,6173.0,6288,19422.0,18611.0,7456.0,6216.0,61.1,0,-141032.86648547644,12655.476589600794
5466.0,13119.0,1405.0,4471.0,4181,6763,5355.0,8425,14170.0,22110.0,2807.0,2747.0,61.2,0,-152766.1373255485,16612.30482551648
18771.0,30855.0,1447.0,3535.0,10220,10414,11689.0,12117,25882.0,25461.0,4703.0,4533.0,61.2,0,-140776.23041879968,10518.206943553954
11365.0,19382.0,2425.0,3709.0,4841,5288,7110.0,7506,18577.0,17849.0,3975.0,3632.0,61.2,0,-147136.54558641673,14960.74672061589
6072.0,11813.0,1038.0,2695.0,2669,2698,3700.0,4053,8646.0,9645.0,1436.0,1431.0,61.3,0,-156711.63516381534,19968.602973212997
9280.0,14150.0,1996.0,4538.0,6424,5958,6977.0,7123,15738.0,15214.0,1973.0,3064.0,61.3,0,-150643.3089660989,16750.835242407025
2139.0,11436.0,720.0,3320.0,201,92,212.0,133,7009.0,14290.0,14399.0,23172.0,61.3,0,-149379.44556996715,12949.175103725733
2152.0,9929.0,3462.0,7204.0,17,0,254.0,110,42011.0,50637.0,29654.0,29998.0,61.3,0,-120193.41282094888,-9730.780988612343
4921430.0,1727930.0,6630720.0,2599300.0,20794,4645,6406.0,1354,12324000.0,2437270.0,9208560.0,1804710.0,61.3,1,16702651.075397717,-4478235.85507789
5928.0,12565.0,1630.0,2863.0,2356,2437,3356.0,3616,8162.0,8303.0,1606.0,2020.0,61.4,0,-156498.24542622617,20526.561390670788
9989.0,18732.0,1840.0,3953.0,4975,6554,6282.0,7630,13365.0,15491.0,3799.0,3170.0,61.4,0,-150968.4285502479,17327.452536097393
1097.0,6971.0,0.0,0.0,541,2125,728.0,2374,1586.0,5838.0,0.0,458.0,61.4,0,-163670.1642376494,23190.33769996819
55271.0,88002.0,15164.0,20842.0,622,227,316.0,166,50716.0,47778.0,28328.0,41877.0,61.4,0,-89991.96298967101,-2741.817449636342
3009.0,9467.0,1627.0,3452.0,1789,2453,2455.0,3344,5920.0,7387.0,959.0,1692.0,61.4,0,-159035.26227552534,21764.396510894006
36827.0,55209.0,112609.0,173833.0,4219,4019,4712.0,4555,13120.0,12404.0,2943.0,3088.0,61.5,0,-77440.72304286831,103953.57603248954
2944.0,10326.0,592.0,2633.0,1685,2040,2522.0,3396,6690.0,8976.0,719.0,2400.0,61.6,0,-159231.24315846123,20540.766197402943
4636.0,12354.0,1184.0,3019.0,1656,1879,2171.0,2222,5517.0,5808.0,313.0,928.0,61.6,0,-159428.09860241925,22085.978540705943
7864.0,16297.0,2030.0,4788.0,4698,5018,5391.0,6046,12907.0,13618.0,1806.0,2167.0,61.7,0,-152884.79521333368,18359.13992315142
1619.0,10751.0,956.0,5394.0,136,0,168.0,46,1710.0,5066.0,8951.0,28763.0,61.8,0,-153888.83419327045,16954.524841036604
41234.0,77294.0,33472.0,56802.0,98,92,171.0,64,43127.0,40774.0,27363.0,37271.0,61.8,0,-89109.34506635215,15149.84536968999
540.0,2437.0,1649.0,8905.0,91,64,139.0,44,855.0,4311.0,7648.0,22798.0,61.9,0,-155922.85589131174,19125.425381937595
544948.0,613907.0,321908.0,457929.0,1082,769,414.0,184,425777.0,354984.0,125525.0,107420.0,61.9,0,511884.05077965127,24765.123692970315
6094.0,19435.0,1920.0,5957.0,1923,1907,5164.0,5753,13787.0,14669.0,699.0,3191.0,61.9,0,-153376.65966375516,17883.337687717332
47867.0,68068.0,11222.0,17721.0,293,215,143.0,121,49925.0,45220.0,39703.0,38136.0,61.9,0,-90536.84609011209,-9125.842404159688
6425.0,16783.0,3094.0,6660.0,2688,3223,2888.0,3381,8443.0,9871.0,1608.0,3197.0,61.9,0,-155114.91060298693,21362.262520342312
24825.0,53347.0,4269.0,6746.0,10536,10678,13300.0,12906,28483.0,26015.0,2146.0,4667.0,62.1,0,-136877.85605171998,12555.894667411252
7783.0,23727.0,1229.0,2959.0,4103,4728,5301.0,6130,11226.0,12596.0,1789.0,2230.0,62.2,0,-154313.6091853795,18638.317006541125
6137.0,15996.0,2576.0,5625.0,7941,9029,9112.0,9957,21665.0,23289.0,2329.0,2838.0,62.3,0,-147894.0750767762,13703.884450779524
3863.0,14019.0,695.0,3269.0,124,168,144.0,68,2278.0,6219.0,24134.0,44361.0,62.3,0,-143335.62185390483,9393.69809126402
59040.0,95927.0,9624.0,16229.0,436,270,51.0,81,65297.0,63393.0,31829.0,47296.0,62.3,0,-81450.01012456775,-16400.057866847244
51650.0,89170.0,5688.0,9194.0,152,129,408.0,206,54035.0,50656.0,37491.0,47308.0,62.4,0,-89765.58683232879,-15798.601487178828
12955.0,35437.0,985.0,2703.0,2872,3039,3491.0,3581,10383.0,9948.0,1298.0,4193.0,62.5,0,-153163.4108893975,19173.567402610377
12883.0,23023.0,3815.0,7547.0,2305,2204,3659.0,3852,11029.0,10332.0,3977.0,4006.0,62.5,0,-149956.03727493685,20106.826914118807
4488.0,9751.0,1975.0,3444.0,4936,5870,6143.0,7438,12148.0,14209.0,2020.0,1709.0,62.6,0,-154397.40347858297,18465.393574077
1606.0,10890.0,0.0,0.0,149,43,90.0,0,2497.0,5077.0,725.0,1165.0,62.6,-1,-162551.11875383946,22396.76134912089
521.0,2035.0,399.0,1738.0,246,214,178.0,68,7061.0,12540.0,1169.0,2075.0,62.6,0,-159776.90742802867,19902.991378218656
1535.0,6344.0,0.0,841.0,305,215,193.0,137,3784.0,6965.0,1223.0,1758.0,62.6,0,-161529.35390884135,21456.86276908407
1055.0,6327.0,0.0,0.0,183,147,197.0,185,1889.0,5149.0,5954.0,10655.0,62.6,0,-159024.80993551965,19618.725891554725
519998.0,599005.0,133283.0,196456.0,3277,2282,971.0,447,1060380.0,813857.0,408484.0,330544.0,62.6,3,912110.1503946452,-585470.5218112869
17210.0,37578.0,3215.0,5799.0,282,183,264.0,202,27335.0,26909.0,17825.0,20697.0,62.7,0,-130673.0640722038,4298.131182278979
8814.0,17265.0,1259.0,3723.0,3781,3948,4817.0,4906,12973.0,13201.0,1742.0,2782.0,62.7,0,-152928.12827935602,17739.648296089497
140479.0,211072.0,12439.0,20086.0,577,493,684.0,244,79833.0,72954.0,78945.0,67803.0,62.7,0,-20389.492585139906,-34472.65517312528
5171.0,15953.0,1841.0,4657.0,2859,3272,3121.0,3475,6789.0,7340.0,1213.0,1585.0,62.7,0,-157630.12973506338,21559.22454840194
3841.0,9393.0,2083.0,3984.0,2978,3192,3864.0,4139,10233.0,10567.0,820.0,1349.0,62.8,0,-156228.13983155094,19963.89311270437
30552.0,46312.0,10893.0,19036.0,291,160,181.0,115,36482.0,35180.0,17995.0,28875.0,62.8,0,-115313.71892393813,5034.18340425687
58305.0,90163.0,7719.0,12185.0,457,237,0.0,0,46362.0,39394.0,31978.0,30541.0,62.8,-1,-96097.182922859,-5488.114217507944
11066.0,19836.0,2928.0,6094.0,6151,6224,8123.0,7985,19157.0,18619.0,2693.0,3276.0,62.8,0,-147258.64683863305,15492.211921766577
169610.0,252850.0,15229.0,25453.0,291,212,43.0,133,239201.0,205364.0,103669.0,96928.0,62.9,0,95145.48513242812,-127793.44185561946
1784.0,10243.0,628.0,2304.0,737,1243,1378.0,2384,3617.0,6917.0,358.0,2324.0,62.9,0,-161467.6468773058,22252.66665374217
5340.0,16867.0,1199.0,5214.0,4937,6588,5262.0,6612,12951.0,16574.0,1999.0,3418.0,62.9,0,-153856.9394153481,17277.13444084465
40146.0,63260.0,4744.0,7750.0,502,236,0.0,44,46999.0,43417.0,42223.0,38881.0,62.9,0,-97171.26840263169,-14001.100411039908
9073.0,20148.0,1654.0,4281.0,3786,4078,4189.0,4561,9622.0,9994.0,1433.0,1233.0,63.0,0,-154874.85125164443,20172.768105371742
7553.0,14597.0,1084.0,2706.0,2603,2645,3553.0,3905,10735.0,10867.0,951.0,1964.0,63.0,0,-155186.46653973617,19082.07198827503
5785.0,13415.0,2926.0,6944.0,3007,3488,4157.0,4803,11960.0,13589.0,244.0,2480.0,63.1,0,-154221.5115119311,19858.71784482465
8365.0,18089.0,664.0,1138.0,6308,7147,9611.0,10347,26746.0,28921.0,2394.0,3742.0,63.2,0,-145319.16118969693,9541.00639795914
9996.0,24826.0,1060.0,2631.0,6092,6336,7232.0,7226,17811.0,17755.0,2236.0,3618.0,63.2,0,-149604.6402202447,14816.585402808225
46623.0,72235.0,17151.0,25927.0,85,252,179.0,80,62968.0,59290.0,44729.0,45802.0,63.2,0,-76585.97903218071,-14439.035034510363
8308.0,9619.0,1653.0,3287.0,2415,2239,3757.0,4047,9594.0,9576.0,1536.0,2588.0,63.3,0,-154862.7032985858,19899.47507366746
3062.0,11715.0,2174.0,5459.0,2483,2608,2837.0,3226,7283.0,7888.0,1296.0,1845.0,63.5,0,-157755.8551917924,21324.310036874853
45403.0,62174.0,7927.0,13702.0,55,94,68.0,166,46848.0,45260.0,22753.0,39598.0,63.6,0,-102537.21194331488,-4741.494619251509
145890.0,231543.0,13636.0,21534.0,454,350,556.0,207,89201.0,79618.0,85884.0,73870.0,63.7,0,-8526.475513346755,-41328.60279405319
4536.0,11772.0,2840.0,5718.0,2130,2847,3071.0,4283,8788.0,10627.0,2143.0,1799.0,63.8,0,-155675.39081061396,20858.368933135785
51106.0,87971.0,15819.0,24502.0,645,260,175.0,119,31306.0,26882.0,20747.0,27221.0,63.9,0,-107686.4439873774,12406.08315693243
107841.0,144319.0,26318.0,43358.0,1103,1053,219.0,144,62884.0,59250.0,51147.0,44123.0,63.9,0,-48903.72532437096,-4739.49021568894
5587.0,16891.0,2356.0,3868.0,3874,4425,5787.0,6739,13719.0,15998.0,2368.0,3126.0,63.9,0,-152552.14828140786,17677.13539861957
680445.0,883441.0,505497.0,681852.0,2857,2143,847.0,482,398063.0,312234.0,187954.0,167802.0,64.0,3,687667.2658415815,160106.8056300976
9198.0,16073.0,2494.0,5338.0,4433,4691,5582.0,5881,12816.0,13075.0,2242.0,3186.0,64.1,0,-151857.75775205507,18571.72184203574
57723.0,84921.0,28841.0,44158.0,59,271,109.0,69,73399.0,65910.0,65882.0,56046.0,64.1,0,-48841.12198159896,-18769.01619988077
13799.0,20431.0,690.0,1236.0,5311,5603,7395.0,7498,19582.0,19298.0,3444.0,4544.0,64.2,0,-146910.93971567546,13337.042281483633
6464.0,9210.0,4408.0,6972.0,4330,5061,5679.0,5909,13870.0,14078.0,1798.0,1734.0,64.2,0,-151474.51529194435,19607.8340187334
3607.0,10759.0,875.0,2031.0,2216,2481,2730.0,3298,6410.0,7307.0,1120.0,1407.0,64.3,0,-158989.27244984827,20963.607453788063
10326.0,22024.0,3074.0,5823.0,3832,4132,5758.0,5448,14074.0,13588.0,4726.0,3385.0,64.4,0,-149280.4912751383,17567.470601918612
2646.0,9984.0,581.0,2320.0,1613,2139,2622.0,3539,7397.0,10365.0,190.0,732.0,64.4,0,-159472.39756122648,20540.30739576696
15503.0,27109.0,2820.0,6167.0,3947,3798,6053.0,6197,15241.0,15404.0,4328.0,4098.0,64.4,0,-147184.30537904962,17169.890706206992
59182.0,85804.0,3860.0,5451.0,137,184,478.0,251,36614.0,33248.0,41504.0,33988.0,64.5,0,-98503.28344965533,-6766.930270224511
4060.0,10897.0,362.0,1326.0,104,135,273.0,192,6931.0,6923.0,4389.0,3341.0,64.5,0,-157034.74844229963,18961.67641202812
751334.0,867769.0,297952.0,456460.0,6999,5320,81981.0,64605,630979.0,458186.0,461422.0,328133.0,64.5,3,870308.8202450061,-230306.402546532
7058.0,13624.0,1551.0,3050.0,2941,2919,4470.0,4465,10607.0,10769.0,3412.0,2551.0,64.5,0,-153901.8177935621,18570.54691294177
38827.0,49824.0,4866.0,7086.0,0,56,0.0,134,52558.0,49562.0,31566.0,36566.0,64.6,0,-99757.35000912892,-13121.483806777484
10706.0,22240.0,2391.0,4594.0,5656,5811,7043.0,7259,17604.0,16759.0,2716.0,3632.0,64.8,0,-148483.29174336809,15828.704719189602
87375.0,121612.0,11598.0,19567.0,201,395,0.0,60,101747.0,90245.0,88096.0,66739.0,64.8,0,-21768.7923904293,-53711.04272783599
63756.0,92946.0,11536.0,17475.0,324,187,0.0,138,70676.0,58802.0,63621.0,48983.0,64.9,0,-60893.50140448881,-28272.84819162757
2964.0,6508.0,2974.0,5138.0,4018,4317,4981.0,5533,10782.0,11747.0,991.0,1857.0,64.9,0,-155506.47023528436,20158.78982506882
3156.0,7744.0,621.0,2026.0,1875,4356,2702.0,6103,6064.0,13606.0,2654.0,3307.0,64.9,0,-158443.88046404594,20145.0356824108
7250.0,20788.0,2676.0,5189.0,5644,6265,6292.0,7126,16271.0,17339.0,1021.0,2403.0,65.0,0,-151154.5639611563,17235.42372175598
294873.0,393941.0,28465.0,43826.0,1582,1279,446.0,213,165830.0,140118.0,108393.0,89933.0,65.0,0,103548.10248252554,-69662.17317776938
63343.0,86688.0,29816.0,50742.0,562,296,139.0,156,47109.0,44393.0,34967.0,33479.0,65.0,0,-79120.86918666336,9899.00136714826
6005.0,11914.0,3439.0,4603.0,4795,4751,5995.0,5883,14544.0,14166.0,2595.0,2606.0,65.1,0,-151302.1582859641,18091.56126075482
28282.0,42886.0,2229.0,4490.0,210,61,210.0,76,35331.0,33976.0,22796.0,25561.0,65.2,0,-120156.22749892916,-2236.67499173668
41775.0,63958.0,6907.0,9176.0,197,140,52.0,76,46669.0,42069.0,36177.0,32941.0,65.2,0,-99359.4522226014,-9220.337652154172
8346.0,17158.0,2492.0,5611.0,4236,4671,5609.0,6210,13498.0,14911.0,3314.0,3623.0,65.2,0,-151186.74634151184,17723.097339569733
7667.0,17444.0,3579.0,6153.0,3188,3508,4388.0,4742,12472.0,12854.0,2379.0,3146.0,65.3,0,-151849.29914747953,19420.11687519404
26653.0,44914.0,4057.0,6164.0,82,103,0.0,1,29475.0,27733.0,25192.0,25259.0,65.4,0,-121786.29789408542,1412.0158877507783
512213.0,598136.0,758676.0,1146410.0,819,690,137.0,139,382624.0,309821.0,225652.0,159611.0,65.4,3,790757.1622126747,336841.5147667842
208662.0,239398.0,237424.0,335734.0,7623,7254,8963.0,8599,24578.0,22599.0,7210.0,4373.0,65.5,0,59999.16481515527,203963.4137056456
6079.0,11783.0,849.0,2673.0,2255,2319,3330.0,3479,10562.0,11408.0,2242.0,2201.0,65.5,0,-155260.21869536483,18422.08095937958
7415.0,18121.0,2645.0,5698.0,4849,5917,7142.0,8076,18467.0,21216.0,2152.0,3836.0,65.5,0,-149139.3230508857,15468.553959068362
2225.0,8073.0,612.0,2073.0,1929,2915,2495.0,4202,8126.0,12823.0,980.0,1937.0,65.5,0,-158614.06563387602,19712.503548982928
1703.0,8382.0,202.0,1252.0,693,1834,1151.0,3449,2827.0,9129.0,221.0,325.0,65.5,0,-162589.35537352358,22670.695717989063
60071.0,83289.0,10582.0,15302.0,189,180,377.0,139,52774.0,50108.0,31968.0,36748.0,65.6,0,-89226.76389692441,-7461.357381981063
62785.0,94512.0,29033.0,45199.0,83,55,35.0,69,69638.0,63781.0,43699.0,46957.0,65.6,0,-60966.06238101501,-7589.3145009379
17260.0,24078.0,882.0,2841.0,4417,4281,5149.0,5309,14960.0,14555.0,3995.0,2536.0,65.7,0,-148343.37010551235,16309.92524529685
425.0,2165.0,453.0,1512.0,180,89,114.0,0,7786.0,13407.0,2522.0,3862.0,65.7,-1,-158445.60378371982,18847.400619655346
1340.0,4832.0,236.0,931.0,282,174,131.0,17,3118.0,6121.0,15768.0,25752.0,65.7,0,-151000.24654539407,13789.54783247797
680000.0,818801.0,110901.0,165725.0,7282,5917,654.0,678,1129070.0,893504.0,562904.0,418646.0,65.7,3,1074494.1413393,-690901.152568649
22528.0,35356.0,2995.0,4561.0,6147,6225,8067.0,7896,20954.0,19436.0,4344.0,4879.0,65.7,0,-141512.5335369171,14665.59404075473
2237.0,10551.0,0.0,215.0,127,69,201.0,126,4303.0,7980.0,3022.0,4936.0,65.7,0,-159643.30686528562,20188.4206449484
538380.0,561962.0,57384.0,75651.0,2939,2718,535.0,264,1381730.0,1080240.0,442706.0,358509.0,65.7,3,1071464.148240068,-829130.855525277
1973.0,5961.0,514.0,1731.0,182,152,352.0,282,1596.0,4713.0,20558.0,28202.0,65.8,0,-148846.923427716,12928.604905077307
66485.0,101887.0,5681.0,9232.0,610,280,799.0,289,61756.0,56822.0,44274.0,49360.0,65.8,0,-77259.76046687838,-21366.62766611544
1356.0,8065.0,916.0,3831.0,562,1645,762.0,2157,1813.0,5112.0,1429.0,2925.0,65.9,0,-161838.02967603813,22964.67895324493
1619.0,5508.0,1146.0,3545.0,1311,2384,2114.0,3841,4882.0,8281.0,76.0,703.0,65.9,0,-160918.91277368914,22279.98603219458
14541.0,29094.0,4121.0,6644.0,4963,4918,6964.0,6762,20430.0,19400.0,3540.0,3051.0,65.9,0,-144390.41257335473,15721.63669656502
169875.0,239394.0,277048.0,441276.0,16148,16429,28554.0,28067,75059.0,71494.0,23322.0,17138.0,66.0,0,108593.99262910556,197055.53864425485
27067.0,42974.0,4059.0,7158.0,9655,9699,12756.0,13306,34516.0,33780.0,4384.0,5934.0,66.0,0,-131701.74874856658,8408.708800138398
6011.0,9592.0,956.0,3778.0,4536,5452,5535.0,6460,12534.0,13985.0,2128.0,1697.0,66.0,0,-154252.90935462763,17561.92161357919
1913.0,7074.0,633.0,1540.0,86,86,431.0,282,5786.0,4258.0,2525.0,2079.0,66.2,0,-159271.86351487046,20415.87594867144
2093.0,10508.0,0.0,438.0,173,72,247.0,210,1676.0,4522.0,29401.0,42760.0,66.2,0,-142494.58671063688,7529.699435667568
594734.0,753207.0,79381.0,123683.0,2986,2640,25702.0,22949,302525.0,244793.0,217476.0,191132.0,66.2,0,373140.4906304674,-132107.68242417465
8218.0,24251.0,2784.0,4878.0,4228,4656,5584.0,6306,13984.0,15630.0,2833.0,3613.0,66.2,0,-151009.84144327496,17836.41028705323
1439.0,4830.0,18.0,2020.0,665,2201,844.0,2662,2192.0,7268.0,218.0,554.0,66.2,0,-163096.92940466828,22819.877382530165
410111.0,433494.0,97328.0,92879.0,3285,3290,7013.0,6656,45873.0,42361.0,40746.0,34250.0,66.2,0,74155.41729850156,85802.0736440142
1319.0,3857.0,446.0,1198.0,92,78,174.0,71,6855.0,7538.0,4483.0,4453.0,66.3,0,-157672.47491144657,18674.332686755875
713046.0,848067.0,87436.0,117259.0,1803,1187,657.0,257,902472.0,695412.0,423910.0,345337.0,66.3,3,869234.3462408154,-528530.0212084389
2650.0,10975.0,1960.0,3438.0,2969,3266,3962.0,4426,11727.0,13278.0,2552.0,3535.0,66.3,0,-154682.99194516378,18100.14091114012
4078.0,13862.0,0.0,188.0,195,96,191.0,64,8458.0,12323.0,11820.0,11140.0,66.3,0,-151635.29422599546,14310.944148188944
3575.0,17076.0,41.0,641.0,195,213,237.0,219,10278.0,17583.0,6865.0,9213.0,66.3,0,-153379.5712427547,15245.749534441831
1083.0,6801.0,207.0,1969.0,148,26,158.0,34,2032.0,5187.0,23215.0,48728.0,66.3,0,-144325.6074358417,8641.10711937046
786347.0,872533.0,71333.0,91060.0,2735,2295,566.0,257,1439110.0,1159890.0,1060020.0,859042.0,66.3,3,1561357.2140985767,-1105808.9350718749
9280.0,12382.0,1659.0,3698.0,5127,5308,6435.0,6532,13947.0,14435.0,822.0,2036.0,66.3,0,-152546.37326266925,17973.63088442219
70930.0,115733.0,13629.0,20739.0,0,3,0.0,25,88975.0,81234.0,65755.0,63596.0,66.4,0,-43742.9466581998,-38697.81946946973
5261.0,10611.0,2471.0,3659.0,7665,7774,9094.0,9251,25598.0,25272.0,6074.0,5203.0,66.5,0,-143931.1834055799,9876.357581523467
22440.0,36263.0,3215.0,5188.0,157,181,140.0,122,29508.0,28077.0,15397.0,21802.0,66.5,0,-128723.3257090156,4177.33317198166
240552.0,344853.0,39633.0,63061.0,1181,779,163.0,160,162718.0,140201.0,171622.0,150312.0,66.5,0,130499.63519380103,-93024.9200662945
4105.0,13142.0,1867.0,5156.0,2781,2737,3728.0,4183,8678.0,10325.0,346.0,2075.0,66.5,0,-157226.13282405812,20707.0324423574
161149.0,241928.0,22927.0,32564.0,493,461,499.0,199,114866.0,99597.0,80750.0,69077.0,66.7,0,12867.495520956494,-44490.71948054626
8016.0,26299.0,1757.0,3381.0,2866,3638,4068.0,5102,10883.0,13521.0,2253.0,2924.0,66.7,0,-153791.3444263075,18983.47569169169
2081.0,12928.0,2101.0,12248.0,677,1516,736.0,2216,1939.0,5916.0,2681.0,4786.0,66.7,0,-159938.63663115504,23176.43213513556
6427.0,18337.0,7775.0,15919.0,4801,5441,6706.0,7819,18959.0,22191.0,2236.0,2935.0,66.7,0,-146269.20827912018,19128.35358959453
4169.0,11944.0,1263.0,3263.0,3624,3632,5336.0,5878,10467.0,10697.0,2318.0,2353.0,66.7,0,-155609.5813229044,18605.00079043667
42585.0,63939.0,2042.0,3881.0,399,198,228.0,220,50666.0,45285.0,38505.0,35639.0,66.8,0,-98227.12757479596,-16147.60380026738
11309.0,20296.0,2954.0,4864.0,3671,3288,4921.0,5291,13347.0,13639.0,3119.0,3702.0,66.8,0,-150126.86654946508,18427.72092490545
4936.0,13179.0,1558.0,3310.0,2640,2872,3222.0,3378,8906.0,10119.0,1205.0,1704.0,66.9,0,-156685.6827499708,20178.01595772236
12499.0,23991.0,1100.0,1798.0,2416,2686,3883.0,3806,10875.0,11026.0,3485.0,3741.0,67.1,0,-152040.31929152212,18297.975417230817
54792.0,75152.0,4677.0,4486.0,16,62,402.0,193,55443.0,50554.0,41509.0,39369.0,67.2,0,-88088.30735694803,-17310.946478427148
15958.0,24672.0,3132.0,5469.0,9353,9248,11335.0,12043,26151.0,27041.0,4601.0,3230.0,67.3,0,-140808.79481696803,11656.52206170354
46955.0,68838.0,7964.0,12314.0,53,149,207.0,96,45043.0,43791.0,25102.0,28402.0,67.3,0,-103855.0419716471,-2845.1065860968447
9256.0,15908.0,2957.0,5016.0,4179,4101,4883.0,5209,13185.0,13190.0,2985.0,2866.0,67.4,0,-151076.5823725603,18527.02462342813
3291.0,10439.0,1654.0,5623.0,2335,2392,3515.0,4612,9011.0,11978.0,2490.0,2174.0,67.6,0,-156426.2847306614,19577.65405027102
1719.0,9821.0,278.0,2023.0,477,1423,801.0,2591,2149.0,7291.0,285.0,564.0,67.6,0,-162845.47998919222,23036.918603155023
122093.0,191782.0,14882.0,24794.0,714,554,0.0,8,90234.0,78586.0,75275.0,62523.0,67.6,0,-21688.68923867331,-37601.71629366697
725445.0,883919.0,120223.0,168703.0,3971,2957,27962.0,23609,348134.0,259056.0,257553.0,188865.0,67.7,0,482523.9690607804,-128699.40338728589
14633.0,21527.0,2471.0,4970.0,3511,3699,4300.0,4206,11574.0,11879.0,2310.0,2071.0,67.8,0,-150981.59986558152,19754.639313583026
6930.0,10526.0,641.0,2441.0,6219,6765,7706.0,7129,16460.0,15990.0,1711.0,2352.0,67.8,0,-152040.70421638194,15344.306556400954
16125.0,31444.0,1507.0,3285.0,5788,4976,7660.0,7165,21809.0,20816.0,6392.0,5885.0,67.8,0,-142859.00689237443,11774.922154777752
129640.0,183090.0,14465.0,21496.0,157,217,141.0,95,208263.0,174842.0,95223.0,75002.0,67.9,0,57103.7445265461,-108926.37294095052
13322.0,16276.0,5971.0,10932.0,4016,4572,6728.0,6521,18003.0,18193.0,5729.0,6253.0,68.0,0,-143476.47050742395,17156.47020659301
44421.0,68873.0,33192.0,55105.0,363,148,0.0,23,61675.0,53877.0,44755.0,39066.0,68.1,0,-69670.1965248477,-783.8139240318196
7289.0,12711.0,1864.0,3943.0,4154,4380,6160.0,6224,14987.0,14710.0,3175.0,3085.0,68.1,0,-151228.81274237152,16490.555225088592
91755.0,135739.0,20917.0,30971.0,245,196,137.0,111,95178.0,86531.0,70739.0,74228.0,68.1,0,-25201.252533824183,-38063.60956565941
11450.0,16652.0,1740.0,2718.0,4614,4438,5945.0,5794,12877.0,12051.0,2561.0,1397.0,68.2,0,-151705.81228714195,18279.577706510416
9574.0,16289.0,1550.0,3237.0,7403,7525,9829.0,9745,27527.0,27784.0,7423.0,7149.0,68.2,0,-141068.71796925666,7744.563819758277
1405.0,4013.0,1647.0,3760.0,797,1206,1255.0,2098,3547.0,5970.0,1804.0,1757.0,68.2,0,-160456.7459190524,22635.510255510155
10406.0,17229.0,2811.0,3733.0,6166,5991,7267.0,7165,16323.0,15549.0,3111.0,2635.0,68.2,0,-149026.44323691516,16822.068867159425
39263.0,66186.0,27600.0,48885.0,320,203,441.0,184,41174.0,39482.0,18463.0,24394.0,68.2,0,-100602.3589650937,16343.99818659342
14503.0,27320.0,1816.0,3133.0,7651,7347,9687.0,9484,26207.0,26537.0,2815.0,4610.0,68.3,0,-142619.0034046271,10909.454981382438
55145.0,83923.0,11334.0,20739.0,68,61,263.0,195,58225.0,56041.0,36109.0,43970.0,68.3,0,-84200.25252430046,-12563.4701349248
3806.0,12646.0,2049.0,4350.0,1825,1836,2585.0,2785,6480.0,7281.0,805.0,1567.0,68.4,0,-158312.40008424435,21913.770800195656
1804.0,6616.0,861.0,3034.0,2648,3832,3187.0,4403,8342.0,11568.0,1272.0,2937.0,68.5,0,-158171.81236853087,19521.22751687148
15525.0,21970.0,3972.0,5877.0,6708,6810,9361.0,9449,24407.0,24287.0,4829.0,5463.0,68.5,0,-140942.56790584594,12795.523126405576
4207.0,11702.0,669.0,3206.0,1963,3082,2397.0,4145,7045.0,10464.0,1261.0,1483.0,68.5,0,-158491.0763544503,20453.189764187024
84980.0,115638.0,19139.0,29910.0,0,101,185.0,125,54119.0,47473.0,46533.0,38592.0,68.6,0,-68408.29492136696,-4911.86664266856
37081.0,64764.0,14971.0,25446.0,225,169,152.0,96,51493.0,47828.0,35785.0,34536.0,68.6,0,-93337.17805444282,-6117.6971105207485
3314.0,7108.0,1445.0,4556.0,783,1703,1245.0,2625,3528.0,8578.0,1897.0,1681.0,68.6,0,-159944.55267375114,22614.60964090708
27663.0,37577.0,8787.0,14440.0,224,151,301.0,119,26710.0,23839.0,23466.0,18496.0,68.7,0,-122151.0473944648,8083.465497196597
6460.0,17868.0,1744.0,4860.0,5477,5937,6746.0,7575,16790.0,18434.0,2207.0,2936.0,68.7,0,-151033.3799906191,15720.722074341807
7035.0,19169.0,935.0,2473.0,4720,5044,6705.0,7620,17276.0,19255.0,2674.0,2850.0,68.8,0,-150860.9313159223,14741.88868178764
2093.0,8368.0,794.0,2161.0,1772,2889,2380.0,3567,5370.0,8517.0,907.0,1374.0,68.9,0,-160204.44661664357,21418.870381595847
6910.0,12973.0,3235.0,6893.0,3558,3697,4448.0,4881,12334.0,13621.0,2023.0,1966.0,68.9,0,-152736.7668292151,19460.9976198603
6471.0,19740.0,1865.0,4602.0,4355,5027,5793.0,6590,14885.0,16564.0,361.0,1275.0,69.0,0,-153154.43717708928,17673.717361844065
231973.0,332732.0,29026.0,43686.0,366,154,137.0,91,248856.0,210213.0,112710.0,97990.0,69.1,0,132994.085045522,-120962.8857850032
7503.0,18632.0,1798.0,4324.0,4731,5369,6051.0,6625,14473.0,15499.0,1716.0,3029.0,69.1,0,-152163.3536848294,17226.877910386087
27669.0,42006.0,5187.0,8859.0,1710,1698,4341.0,4490,14936.0,15611.0,4402.0,5233.0,69.2,0,-141835.32715500382,19848.241092408975
41809.0,58646.0,18327.0,26209.0,140,139,228.0,183,43619.0,40677.0,37947.0,34304.0,69.2,0,-93236.15205641749,316.650022853235
1561.0,9371.0,384.0,1628.0,1215,2020,2063.0,3488,4914.0,8846.0,837.0,2392.0,69.2,0,-160730.10966463693,21189.771518597303
67516.0,110731.0,19264.0,31139.0,506,436,93.0,128,45090.0,40338.0,34637.0,33973.0,69.3,0,-85203.32864516857,3311.9059854677325
13269.0,20479.0,5357.0,8420.0,4740,4389,6782.0,6525,17983.0,16120.0,3659.0,3559.0,69.4,0,-145280.70559861738,17764.499382319198
12037.0,22036.0,3043.0,5688.0,3291,3977,4041.0,4365,10963.0,11666.0,728.0,2193.0,69.4,0,-152523.72077718895,20829.820784746476
6260.0,24559.0,3094.0,9311.0,3935,4747,4742.0,6064,12661.0,15943.0,1866.0,2650.0,69.5,0,-152800.49247222193,19088.42015262909
1010.0,4491.0,540.0,2571.0,2419,4269,3216.0,5667,8464.0,14960.0,1336.0,2429.0,69.5,0,-158607.30206190757,19201.23785391734
35614.0,55319.0,3678.0,6107.0,10809,10765,15715.0,15385,34262.0,31532.0,7174.0,7627.0,69.7,0,-127738.1184116605,7736.597658083188
6623.0,12249.0,1459.0,4573.0,3539,3616,4854.0,4910,13003.0,13175.0,2277.0,3670.0,69.8,0,-153098.07320175658,17408.61444106113
43910.0,69830.0,9573.0,14989.0,382,200,225.0,162,53835.0,52071.0,30070.0,44012.0,69.8,0,-94047.606587958,-10389.925527567611
24867.0,32382.0,2985.0,3477.0,4882,5378,7071.0,6814,18344.0,17721.0,3978.0,3962.0,69.8,0,-142545.19936656312,16474.186059659678
7068.0,20685.0,345.0,1368.0,4300,4761,5841.0,6689,15645.0,16917.0,1403.0,3920.0,69.8,0,-152506.8794437684,15439.674041410068
16996.0,33351.0,1222.0,2471.0,6452,6978,7220.0,7466,17811.0,17052.0,4398.0,3774.0,69.8,0,-146239.05102795907,14724.943127266826
49202.0,74194.0,16420.0,30898.0,417,173,276.0,154,45213.0,42682.0,26615.0,35168.0,69.8,0,-96182.17442256695,2211.973322976479
7883.0,16745.0,2107.0,4311.0,3152,3185,4925.0,5364,14694.0,16222.0,3450.0,3508.0,69.9,0,-150864.2186038538,16721.127947053625
441928.0,593908.0,420030.0,515468.0,521,644,49.0,101,215326.0,178523.0,128652.0,119908.0,70.0,0,424005.4044646772,201535.3784622866
99187.0,148759.0,9398.0,14260.0,1683,1729,330.0,114,92767.0,84226.0,77635.0,73410.0,70.0,0,-27915.765161243704,-47142.11968516415
60724.0,102339.0,3748.0,5442.0,165,270,26.0,83,54680.0,49562.0,44206.0,42200.0,70.0,0,-85428.16414767432,-18456.184610767086
10727.0,24664.0,2856.0,4889.0,3053,3304,4457.0,5140,11109.0,13385.0,886.0,2233.0,70.0,0,-152894.01584027696,20452.36399567261
8500.0,8765.0,6074.0,9473.0,4650,4813,7357.0,6992,19221.0,20203.0,3887.0,4853.0,70.0,0,-145373.7801849577,17032.787344281955
5236.0,11229.0,1340.0,3178.0,3066,3288,3689.0,3953,10523.0,11357.0,2532.0,2547.0,70.1,0,-155064.94073803734,18612.25070610304
5425.0,14161.0,477.0,1474.0,5172,5377,6656.0,6834,15453.0,15610.0,2779.0,3025.0,70.1,0,-152576.3492839447,15192.19180022074
64030.0,99161.0,14604.0,23975.0,76,164,452.0,222,70303.0,63625.0,41442.0,50973.0,70.1,0,-69076.72355305801,-18631.595188230647
6298.0,13488.0,1543.0,3627.0,2923,2956,3250.0,3448,7752.0,8269.0,179.0,1914.0,70.2,0,-157331.50104068033,21199.22211710326
16159.0,13998.0,2930.0,5277.0,4070,4040,5022.0,4683,11572.0,10902.0,1316.0,1061.0,70.3,0,-150849.41582557402,20693.00795294821
2477.0,9691.0,2147.0,5021.0,0,0,213.0,257,10010.0,12480.0,13352.0,11397.0,70.3,0,-149272.10415548668,14446.276612731966
2285370.0,1757470.0,4370160.0,4419240.0,12106,5650,2606.0,1211,3997040.0,2055340.0,3040030.0,1391570.0,70.3,4,7001700.8651460735,171986.3235796215
3723.0,13769.0,2343.0,5545.0,2157,2401,2541.0,2923,6639.0,7192.0,1112.0,2124.0,70.3,0,-157839.0237876578,21867.551294568853
24947.0,42145.0,8007.0,12004.0,11707,11593,14524.0,14080,36577.0,35853.0,6616.0,5598.0,70.4,0,-127925.32440659922,9462.878769510316
2660.0,13128.0,1424.0,5320.0,0,0,95.0,2,2919.0,9016.0,15943.0,42845.0,70.4,0,-146971.21711357505,12447.370464054262
65341.0,109539.0,35875.0,58151.0,157,303,291.0,189,71866.0,66093.0,46840.0,53547.0,70.4,0,-52290.43287819892,-5355.436533293341
39672.0,60719.0,3621.0,8324.0,351,140,2.0,74,47093.0,44819.0,24801.0,31914.0,70.4,0,-107159.38486567652,-8178.528686441499
22077.0,35403.0,3970.0,5965.0,8178,8585,10678.0,11129,29601.0,30200.0,5910.0,5994.0,70.5,0,-135370.89771141417,10076.791977415678
10207.0,20555.0,1256.0,2911.0,2106,1974,4546.0,4771,10661.0,11397.0,4746.0,4218.0,70.6,0,-152138.4722995023,17872.648956792305
10235.0,18286.0,2694.0,3198.0,4106,4459,6073.0,6070,13436.0,12410.0,2722.0,2670.0,70.6,0,-150931.51226505954,18380.57731819828
37473.0,55695.0,24687.0,38865.0,391,346,330.0,182,53795.0,49545.0,36463.0,38957.0,70.7,0,-85123.16948305831,-778.6860538720575
3277.0,10231.0,1328.0,3369.0,3494,3996,4514.0,5111,11170.0,11519.0,827.0,2550.0,70.8,0,-156124.07780116965,18678.33786210748
865868.0,975044.0,1394600.0,1831500.0,2790,1824,752.0,389,334090.0,254301.0,145429.0,118305.0,70.8,3,1209168.1341706973,905087.3482264
41982.0,69604.0,8701.0,12401.0,668,255,140.0,169,63550.0,57024.0,43078.0,45488.0,70.8,0,-83559.54238256482,-20925.465534063776
3600.0,13018.0,595.0,1996.0,1752,2540,2274.0,3607,4800.0,7438.0,957.0,1904.0,70.8,0,-160040.24829566895,21594.678846201223
54783.0,81110.0,9672.0,15468.0,0,0,295.0,215,46800.0,44109.0,33568.0,32836.0,70.9,0,-94700.5094068142,-5335.184035639762
62905.0,88111.0,32185.0,50074.0,0,131,194.0,113,67978.0,62009.0,80739.0,63347.0,70.9,0,-40101.84257839422,-18894.508909954093
24480.0,40501.0,3283.0,6370.0,0,0,30.0,19,36803.0,35409.0,25143.0,25703.0,71.0,0,-118834.05790273084,-3308.71879213096
1543.0,5173.0,581.0,1750.0,740,1995,901.0,2299,2300.0,5806.0,1178.0,2187.0,71.0,0,-161947.97783627248,22650.761335631087
4355.0,14479.0,825.0,2240.0,2645,3339,3496.0,4331,8731.0,10358.0,2011.0,2432.0,71.0,0,-156905.0765123635,19301.55641841697
7811.0,12515.0,4111.0,5927.0,2779,3333,3835.0,4137,10424.0,10621.0,1926.0,2408.0,71.3,0,-152959.81068906654,21183.549113918543
2678.0,9477.0,0.0,1464.0,157,242,267.0,189,8467.0,8823.0,5738.0,6012.0,71.4,0,-155762.1211538518,16939.16485550061
1295700.0,1320300.0,101357.0,135862.0,6048,4507,81865.0,58712,913275.0,615944.0,607660.0,397800.0,71.4,3,1164220.0759871893,-548502.4751939402
63720.0,102943.0,35153.0,54958.0,427,168,20.0,162,61097.0,55784.0,47769.0,40723.0,71.4,0,-60966.64154128454,1227.0341434564289
8825.0,24615.0,580.0,2070.0,4016,4522,5527.0,6296,12121.0,12775.0,446.0,2130.0,71.4,0,-154503.7119317773,18203.539752761248
51749.0,72952.0,16370.0,25606.0,632,245,0.0,51,73893.0,66717.0,56778.0,46918.0,71.4,0,-63614.94232812602,-24655.43107302014
49026.0,82939.0,29104.0,45665.0,714,433,247.0,167,57719.0,55998.0,35987.0,44747.0,71.4,0,-75860.45038522035,691.5745709401381
2577.0,10326.0,616.0,3058.0,1742,3600,2353.0,3988,5864.0,10654.0,1748.0,2450.0,71.5,0,-159309.1076922668,20625.210323420317
3489.0,6549.0,0.0,660.0,792,2532,1183.0,2843,2421.0,6617.0,611.0,668.0,71.5,0,-162121.36005829455,22691.064791991525
20032.0,29596.0,2121.0,3833.0,2157,2049,3929.0,4009,9473.0,10343.0,5545.0,4875.0,71.6,0,-148652.9848162119,19543.972625978546
3097.0,10420.0,0.0,370.0,22,0,90.0,146,1714.0,4262.0,12764.0,20428.0,71.7,0,-153651.9396559337,16234.85495044415
244088.0,354925.0,7006.0,8670.0,557,343,160.0,71,273126.0,230867.0,96558.0,99127.0,71.7,0,130043.4889051425,-144580.94043969797
164707.0,239540.0,14310.0,19397.0,0,224,0.0,93,164207.0,125264.0,72572.0,50740.0,71.7,0,29289.02838755253,-71913.60177754812
3698.0,12431.0,465.0,2505.0,3865,4894,5079.0,6400,10889.0,13443.0,1581.0,1966.0,71.7,0,-156404.56753974484,18037.34640188563
963.0,4549.0,102.0,568.0,179,166,194.0,96,5374.0,8569.0,1730.0,2583.0,71.7,0,-160398.3305078746,20355.82739578351
748.0,4208.0,578.0,1969.0,236,193,127.0,96,2065.0,4113.0,4977.0,13301.0,71.7,0,-158680.2576679853,19895.565242237688
520033.0,643150.0,92438.0,138768.0,2265,1451,196.0,260,1020880.0,809254.0,366518.0,309037.0,71.7,3,843096.4297503887,-578418.5786055729
26923.0,41584.0,2416.0,4083.0,275,163,175.0,64,33470.0,31952.0,26096.0,27883.0,71.8,0,-119591.67411039677,-2620.6130375889697
15675.0,30943.0,3333.0,6326.0,5144,4795,6765.0,6616,18147.0,18228.0,3554.0,3686.0,71.8,0,-145639.49442361758,16337.253212467236
5091.0,13964.0,2073.0,3747.0,3013,3358,4055.0,4286,10196.0,10321.0,2301.0,2925.0,71.8,0,-154900.01242026108,19357.3153090956
2199.0,6075.0,1874.0,5676.0,3268,3898,4801.0,5572,11279.0,13028.0,2897.0,2996.0,71.8,0,-155056.72019313285,18203.221061029053
54243.0,76163.0,4337.0,6371.0,71,85,339.0,165,49209.0,47125.0,26207.0,38066.0,71.8,0,-99188.15770782733,-9006.252611901058
87455.0,128263.0,4725.0,4673.0,637,267,0.0,149,83069.0,73539.0,74356.0,63289.0,71.9,0,-43058.51983370668,-43878.88779589932
408035.0,556525.0,27710.0,43353.0,1087,925,297.0,231,196913.0,167253.0,95308.0,84238.0,71.9,0,149585.57772302037,-73272.52681958317
156444.0,232618.0,8042.0,11414.0,901,587,332.0,149,82875.0,71995.0,49327.0,47575.0,71.9,0,-33303.76324981023,-25578.37357184969
25094.0,39459.0,3937.0,5941.0,4876,4870,7426.0,7782,23556.0,23194.0,6169.0,6217.0,72.0,0,-137629.30637103927,13380.773420346875
9708.0,23635.0,4078.0,8550.0,9619,10741,10409.0,11395,20526.0,22141.0,1085.0,2549.0,72.0,0,-147104.02767856346,16184.371614419782
25916.0,38416.0,4574.0,6050.0,3768,4027,10126.0,10133,26440.0,24698.0,9842.0,8336.0,72.0,0,-133335.8221233033,10860.716868778189
47438.0,67331.0,8696.0,14212.0,215,148,193.0,156,61058.0,57300.0,45227.0,42247.0,72.1,0,-82758.51986718888,-19449.577509702394
56410.0,100432.0,8078.0,14262.0,171,277,0.0,79,66731.0,64020.0,41033.0,57009.0,72.1,0,-76507.03193258478,-22957.485001117784
5027.0,14886.0,2279.0,4112.0,2633,3077,4055.0,4432,12043.0,13109.0,3344.0,3659.0,72.1,0,-153172.05690158,18069.17715035311
2053.0,7531.0,1927.0,4240.0,2735,3141,3595.0,4064,8007.0,8820.0,220.0,1881.0,72.1,0,-158311.91035669122,21027.1789083967
2179.0,6682.0,744.0,3494.0,222,101,174.0,75,4034.0,4412.0,6994.0,7624.0,72.2,0,-157079.00743260884,19198.45380855632
551992.0,681693.0,397697.0,521467.0,2041,1709,598.0,327,370497.0,312323.0,166389.0,139660.0,72.2,3,552728.7965593062,94416.44330860022
5656.0,10813.0,2576.0,4846.0,2699,3298,3576.0,3959,10084.0,11137.0,3618.0,3515.0,72.2,0,-153777.6510380791,19320.24742911098
6755.0,17702.0,1742.0,3127.0,3201,3364,4175.0,4527,9988.0,9492.0,2797.0,2952.0,72.4,0,-154442.71881813413,19173.909141188276
4541.0,14941.0,1651.0,4031.0,2114,2141,2660.0,2679,7802.0,8437.0,1886.0,1687.0,72.4,0,-157060.59215200896,20583.839071746177
5809.0,18789.0,1824.0,4408.0,2809,2875,3507.0,3623,8385.0,9590.0,2706.0,1951.0,72.6,0,-155801.24197926026,20192.07851813536
6217.0,15396.0,1644.0,4180.0,5610,5710,6861.0,7414,14213.0,15211.0,1137.0,1930.0,72.6,0,-153260.79555701255,17503.19976713635
192169.0,282225.0,40696.0,49516.0,480,417,0.0,0,113565.0,94725.0,66134.0,54115.0,72.6,-1,23283.627169737127,-21072.45356568681
1826.0,10979.0,968.0,3974.0,557,1398,709.0,1963,1961.0,6235.0,1191.0,1898.0,72.7,0,-161860.76389891907,23182.814875359058
2395.0,9702.0,908.0,3244.0,2020,2581,2803.0,3934,7711.0,10536.0,0.0,861.0,72.7,0,-159249.33186311522,20648.98619760043
728.0,4538.0,537.0,2749.0,186,87,209.0,159,7801.0,14244.0,945.0,2457.0,72.7,0,-159257.43217402298,19647.854017939106
1116.0,5068.0,0.0,1233.0,71,0,194.0,126,4762.0,8576.0,1579.0,2324.0,72.7,0,-160862.52169682863,20703.313386938626
978945.0,956889.0,190480.0,236921.0,26198,20232,3572.0,2436,1529150.0,1150200.0,694597.0,480435.0,72.7,3,1510092.5110706333,-874573.2053817337
4990.0,11699.0,4054.0,6134.0,4643,5250,5003.0,5883,12259.0,13893.0,460.0,2277.0,72.7,0,-153571.32247917543,20461.03298336467
26315.0,46296.0,2308.0,4764.0,10059,10823,14886.0,15391,35186.0,35725.0,5675.0,8356.0,72.8,0,-131590.1369072797,5897.299480115336
1576.0,8965.0,947.0,4754.0,1302,2219,1805.0,3379,4987.0,8987.0,764.0,1224.0,72.8,0,-160586.54353318646,21767.75002308376
14522.0,29456.0,3065.0,5027.0,8233,7825,8758.0,8350,7138.0,7440.0,630.0,1731.0,72.8,0,-153923.293033466,23201.68439241332
2244.0,8863.0,0.0,2278.0,143,36,213.0,95,3408.0,5235.0,2921.0,2808.0,72.9,0,-160547.8453996263,20999.45716338736
2391.0,15064.0,501.0,3920.0,98,0,335.0,351,3806.0,6237.0,1745.0,2996.0,72.9,0,-160493.93930034767,21542.369491556117
896.0,4503.0,705.0,2313.0,74,0,244.0,170,2929.0,5000.0,1942.0,3081.0,72.9,0,-161232.96949327237,21977.707952563505
809216.0,867093.0,163934.0,226342.0,4798,3646,74200.0,54594,626492.0,419235.0,418706.0,277663.0,72.9,3,778810.6140769043,-304201.14327738894
5366.0,10794.0,2015.0,4653.0,4571,5238,6267.0,6994,13532.0,14977.0,1844.0,3101.0,72.9,0,-153169.89366084657,17682.485353751887
10501.0,19529.0,3410.0,6789.0,6376,6840,8048.0,8582,21067.0,21642.0,4641.0,5686.0,73.0,0,-144786.49986800083,13810.391519244577
19404.0,30329.0,2638.0,3585.0,7194,7136,8614.0,8380,23291.0,22623.0,4189.0,3631.0,73.0,0,-141713.20074843112,13140.338099008282
6551.0,13934.0,727.0,2477.0,3641,3881,4535.0,4828,9776.0,10877.0,1736.0,2417.0,73.0,0,-155803.4841642847,18930.12546312699
40347.0,61603.0,7245.0,11463.0,9377,8634,13290.0,12790,70534.0,52420.0,24274.0,19361.0,73.1,0,-94165.94981589116,-15948.960382921245
1252.0,6985.0,767.0,2557.0,1173,3650,1540.0,4218,3806.0,10454.0,817.0,1536.0,73.1,0,-161373.26351497456,22177.144467195423
1764.0,6065.0,911.0,2266.0,1585,4276,1624.0,4336,3876.0,10093.0,296.0,663.0,73.1,0,-161473.29263086655,22584.584950414464
6820.0,25349.0,1246.0,2909.0,2141,3774,2963.0,6063,7975.0,15030.0,2528.0,3039.0,73.2,0,-155944.51042871177,19951.606947071432
48952.0,84044.0,7667.0,12578.0,242,239,0.0,5,54866.0,48232.0,35966.0,39292.0,73.2,0,-91080.97863978798,-13312.828693417978
4153.0,10489.0,676.0,1893.0,3265,3630,4053.0,4500,10977.0,12730.0,621.0,1738.0,73.2,0,-156571.47159772995,18532.494674641683
19421.0,29995.0,4608.0,7123.0,378,304,267.0,106,36010.0,32245.0,23276.0,24527.0,73.2,0,-121172.48300670146,-1468.826711838541
4201.0,9936.0,1108.0,4264.0,1366,2410,2549.0,3581,6412.0,9024.0,3333.0,3056.0,73.3,0,-157360.9196825845,20214.14050626213
2476.0,14361.0,623.0,2899.0,977,2179,1208.0,3212,2704.0,7694.0,729.0,1647.0,73.3,0,-161698.33791871896,22762.033293391178
4317.0,13225.0,34.0,2868.0,2924,2990,4142.0,4599,10153.0,10718.0,167.0,2256.0,73.4,0,-157475.52236228826,18574.752240389516
130549.0,193760.0,26458.0,38307.0,663,432,223.0,155,73308.0,65188.0,59652.0,56564.0,73.5,0,-29718.073474165663,-13083.756081044172
66530.0,102904.0,1457.0,5128.0,405,258,471.0,183,67137.0,60222.0,48272.0,49675.0,73.5,0,-74870.7497076505,-28828.41978168158
2469.0,8115.0,1208.0,2444.0,2340,2775,3056.0,3714,8609.0,9919.0,764.0,2736.0,73.5,0,-157875.8206451074,19887.179489974325
97680.0,147618.0,40845.0,64530.0,403,302,219.0,178,61864.0,56745.0,41934.0,41805.0,73.5,0,-48787.141956126055,9470.289435508912
9206.0,25798.0,2749.0,5478.0,5704,6295,7829.0,8405,18789.0,19358.0,3294.0,4878.0,73.6,0,-147615.17359629684,14988.144693316375
49028.0,75398.0,3434.0,6975.0,170,278,188.0,109,53705.0,52403.0,51445.0,45751.0,73.7,0,-85959.30839761587,-21949.393631550483
6524.0,19871.0,1647.0,5251.0,4197,4689,5484.0,6275,13512.0,15409.0,1430.0,1484.0,73.7,0,-153498.62408847298,17861.9509875874
50382.0,70221.0,83081.0,129333.0,2229,2310,8405.0,8598,18992.0,18676.0,8736.0,6019.0,73.7,0,-84123.78479275748,77035.82170147586
194493.0,286337.0,29478.0,49028.0,17,343,339.0,117,121262.0,109019.0,106357.0,103768.0,73.8,0,48725.23064445634,-53804.00422078293
33934.0,53204.0,4669.0,5945.0,0,8,124.0,80,37811.0,35788.0,40332.0,32236.0,73.8,0,-106304.16538873404,-8047.818712640041
105086.0,155126.0,13001.0,21590.0,224,371,118.0,156,69877.0,61935.0,42608.0,50020.0,73.9,0,-56716.44532362584,-16804.224940679276
4100.0,14035.0,1989.0,3991.0,4967,6044,6851.0,8716,16928.0,20405.0,3260.0,3638.0,73.9,0,-150965.34506565036,15206.089913003643
4940.0,14805.0,1955.0,2793.0,5184,5110,6503.0,6368,14811.0,13982.0,2391.0,2529.0,73.9,0,-152477.7090095735,16821.406522948415
29674.0,40530.0,2499.0,3864.0,5682,5783,8651.0,8161,24518.0,23210.0,8393.0,6686.0,74.0,0,-135366.6254695093,11314.76732429618
30845.0,52814.0,13121.0,19297.0,100,134,193.0,64,47061.0,45405.0,35633.0,32929.0,74.1,0,-99228.76371067612,-5342.607538020435
8035.0,15443.0,2329.0,4190.0,2869,2946,3257.0,3378,7832.0,8405.0,1678.0,1101.0,74.1,0,-155714.53265410566,21499.214627676654
22789.0,35705.0,4118.0,5152.0,8949,8084,11049.0,11235,26656.0,25493.0,6331.0,4938.0,74.1,0,-136667.3766057731,11830.942333333767
5224.0,10859.0,2386.0,3760.0,5900,6286,7343.0,8161,16984.0,19049.0,1018.0,2938.0,74.1,0,-151487.57639320035,16409.200600130476
3900.0,19569.0,1392.0,4462.0,2154,3181,3119.0,4687,6924.0,10504.0,0.0,1126.0,74.2,0,-158869.0629417896,21514.44983777563
9689.0,16271.0,2993.0,4467.0,4699,5060,6794.0,6823,15938.0,15429.0,2435.0,3165.0,74.3,0,-149589.2482534324,17256.36371627814
16655.0,22928.0,2652.0,4033.0,2458,2460,7232.0,7379,16469.0,16652.0,6125.0,5737.0,74.3,0,-145128.60726921243,15637.705417063376
4317.0,9466.0,1563.0,3542.0,3545,4632,4469.0,5634,9036.0,10487.0,1798.0,1927.0,74.3,0,-156491.3842541013,19842.15764664827
29886.0,45970.0,5944.0,8784.0,5420,5488,8178.0,8257,21104.0,20574.0,4215.0,4478.0,74.4,0,-137457.18858522046,17472.742876027798
8041.0,14835.0,2233.0,4101.0,1885,1729,2677.0,2743,8801.0,9138.0,1997.0,2640.0,74.4,0,-154827.4340261084,20581.866105035024
83011.0,131001.0,29833.0,47439.0,535,427,510.0,181,80982.0,74995.0,55720.0,52890.0,74.5,0,-41169.98352714187,-16363.668125101613
16347.0,29231.0,2202.0,4660.0,8164,9678,10195.0,11126,25374.0,26048.0,3174.0,4980.0,74.5,0,-142027.96584374545,11618.278164488727
8073.0,24303.0,1768.0,3066.0,3871,4208,5582.0,5984,14408.0,16920.0,2912.0,3982.0,74.5,0,-151324.00130157862,16746.730342621722
2186.0,11922.0,324.0,2714.0,574,1535,744.0,2378,1359.0,4226.0,416.0,568.0,74.5,0,-163044.1641196654,23486.177703131947
16081.0,21594.0,3072.0,4970.0,6655,6775,8974.0,9041,23254.0,22224.0,4810.0,4761.0,74.6,0,-142064.28230047895,12874.583533212315
2921.0,8977.0,1785.0,5231.0,1655,2057,2577.0,3249,5675.0,7525.0,0.0,648.0,74.6,0,-159726.97259628907,22473.119334136845
10617.0,14564.0,4806.0,8981.0,3962,4193,5509.0,5303,15068.0,14530.0,4775.0,4508.0,74.6,0,-147398.35641363496,18200.71979575841
4531.0,19182.0,933.0,3044.0,1072,1265,2572.0,3490,6308.0,9123.0,1892.0,4476.0,74.7,0,-157837.37705302637,20440.21974661612
12073.0,15161.0,3618.0,4806.0,5479,5695,7650.0,8289,17293.0,17309.0,1299.0,2489.0,74.7,0,-148340.03225008142,17660.026468989337
11845.0,20205.0,2682.0,5264.0,3944,3677,4694.0,4576,13019.0,12408.0,1257.0,2281.0,74.7,0,-151398.47034650002,19255.33210552311
5537.0,14643.0,1604.0,4804.0,4435,4845,5499.0,6419,13429.0,14841.0,0.0,1445.0,74.7,0,-154551.19819229073,18281.54793126213
36564.0,59590.0,14312.0,23469.0,257,108,0.0,127,67352.0,61603.0,37030.0,50133.0,74.7,0,-81869.60236558005,-17743.943719690542
38317.0,60851.0,6802.0,12049.0,158,177,204.0,159,32128.0,29933.0,18878.0,24405.0,74.7,0,-118010.08362768602,5168.035060360569
826167.0,1042380.0,254642.0,371774.0,2694,2283,1300.0,687,472425.0,368632.0,187366.0,141022.0,74.8,3,622410.2059543263,-55542.34695579425
608685.0,561468.0,288166.0,391613.0,1667,1209,8.0,342,134923.0,118285.0,115885.0,88309.0,74.8,0,343783.6935804107,165497.40591096348
67105.0,96454.0,9108.0,14107.0,312,289,261.0,90,81693.0,73694.0,76536.0,62548.0,74.8,0,-46880.282710210464,-41954.98114768927
1299.0,7478.0,842.0,2953.0,946,1853,1347.0,2908,3426.0,7326.0,488.0,919.0,74.8,0,-161782.90521998671,22635.64213157222
2122.0,9840.0,326.0,2007.0,619,1929,924.0,3094,2109.0,6531.0,0.0,0.0,74.8,0,-162937.25141137026,23299.23383462804
233227.0,335039.0,38516.0,57252.0,1130,847,0.0,19,150258.0,124537.0,133068.0,100169.0,74.9,0,94224.7083152073,-67927.79001008664
30821.0,44789.0,5178.0,6770.0,453,291,209.0,110,28373.0,25149.0,28673.0,24108.0,74.9,0,-118987.91529793807,2172.209203237828
6792.0,25143.0,2018.0,5201.0,3156,3861,3916.0,4521,8541.0,10340.0,375.0,1273.0,74.9,0,-156473.11785291493,21200.508214785805
2340.0,13586.0,923.0,9507.0,122,0,178.0,111,3944.0,8420.0,20902.0,41282.0,75.0,0,-144785.5965258844,10065.49855302399
462771.0,631372.0,134304.0,189901.0,1760,1594,453.0,288,336591.0,281435.0,152005.0,133157.0,75.0,0,341931.6119571497,-88620.6034780654
1655.0,10512.0,430.0,2944.0,2367,5670,2579.0,6673,5073.0,12255.0,0.0,509.0,75.1,0,-161287.96475968414,21693.62508238741
1737.0,11281.0,0.0,2532.0,2092,5577,2658.0,6792,4774.0,12270.0,31.0,222.0,75.1,0,-161717.083743333,21561.569979550048
79512.0,125226.0,6586.0,11137.0,139,205,169.0,122,87279.0,83544.0,54273.0,69347.0,75.1,0,-50393.492863175896,-39490.24023613727
11554.0,17883.0,1845.0,2447.0,3861,3925,5953.0,5564,12682.0,12285.0,2779.0,1752.0,75.1,0,-151559.82834179915,18345.93563153289
10161.0,16440.0,2312.0,3442.0,15213,15469,15747.0,16197,31050.0,31282.0,5355.0,5115.0,75.1,0,-139738.7625390116,7490.668548382655
13681.0,18860.0,2883.0,4542.0,1821,1810,4445.0,4279,10279.0,10715.0,2742.0,3074.0,75.2,0,-151394.90959694982,20398.18326020364
25974.0,44283.0,2846.0,6410.0,6527,6392,8712.0,8314,24126.0,23640.0,6099.0,5651.0,75.3,0,-137796.45756772216,12422.553226105323
150010.0,240549.0,88829.0,129384.0,4133,4035,9978.0,9421,29450.0,27287.0,11370.0,9561.0,75.4,0,-41150.42870608567,81896.49921160385
5398.0,12310.0,846.0,1240.0,3968,4320,5155.0,5623,12849.0,14954.0,2973.0,3753.0,75.5,0,-153601.16827884785,16692.725449660058
9143.0,23282.0,1534.0,3880.0,4409,4673,5492.0,5723,13951.0,14031.0,2208.0,3132.0,75.6,0,-151840.23319155705,17248.91902837287
3947.0,7429.0,1270.0,2865.0,4493,5238,5859.0,7445,14251.0,17624.0,3203.0,2870.0,75.7,0,-153082.39815732188,16205.473578840583
6262.0,13304.0,1637.0,3683.0,2068,2119,3169.0,3483,9561.0,10727.0,1654.0,1814.0,75.7,0,-155627.94828162517,19819.274854867064
4693.0,12249.0,4061.0,7362.0,3689,3843,5181.0,5587,14966.0,15630.0,2297.0,2419.0,75.7,0,-151297.64521858236,18360.064790562134
3566.0,13570.0,1326.0,3847.0,3687,4452,4172.0,5161,10973.0,13471.0,454.0,2029.0,75.8,0,-156402.85541174188,19001.57905924165
14850.0,28877.0,4234.0,6801.0,6157,6434,8134.0,8562,22145.0,20669.0,656.0,2793.0,75.8,0,-144641.63205025374,15912.425283616463
102269.0,146860.0,11128.0,16040.0,424,189,283.0,165,107807.0,95072.0,78640.0,76626.0,75.8,0,-16575.429160005093,-54439.236757568106
3695.0,9970.0,2708.0,5769.0,3650,4803,4267.0,5640,10733.0,13854.0,1529.0,2308.0,75.9,0,-155134.09519959314,19793.853138971248
12481.0,15548.0,1721.0,2401.0,3832,3772,5920.0,6216,13577.0,12845.0,4314.0,2789.0,76.0,0,-149955.58002692932,17186.64145976542
6963.0,19041.0,2839.0,7690.0,5736,6577,7578.0,8607,20109.0,22880.0,1415.0,3759.0,76.0,0,-148609.69759004872,14962.898623550893
11009.0,16033.0,1692.0,2766.0,12522,13011,17319.0,18452,6830.0,7969.0,1502.0,2542.0,76.0,0,-155454.22425296943,21678.554666533648
3227.0,12108.0,1591.0,3800.0,3319,3637,4527.0,5282,10494.0,11687.0,71.0,1780.0,76.1,0,-156839.7825018037,19594.50592299342
56398.0,85322.0,34679.0,53113.0,357,232,399.0,148,44156.0,41764.0,34972.0,29107.0,76.1,0,-80856.21107773794,15265.951545851984
15437.0,29492.0,3088.0,4729.0,9003,8759,10855.0,10509,24166.0,22125.0,1451.0,3750.0,76.2,0,-143464.61398393652,13619.00437220205
30009.0,46420.0,16154.0,25650.0,361,350,35.0,45,50120.0,47033.0,35340.0,34079.0,76.3,0,-95949.1971487411,-4799.9672004812055
32930.0,44409.0,1110.0,3445.0,191,98,386.0,161,32107.0,29273.0,20637.0,29502.0,76.4,0,-121427.95615521588,-847.3502454457484
5408.0,12999.0,918.0,3012.0,6216,6573,7473.0,7874,16904.0,17802.0,2391.0,3714.0,76.5,0,-151573.04119178758,14786.78783077083
270951.0,382142.0,17814.0,26268.0,512,379,0.0,55,256496.0,220376.0,132313.0,104005.0,76.6,0,153162.08381866888,-138013.5467753242
13129.0,28072.0,1464.0,3467.0,6848,7660,7733.0,8534,18168.0,20142.0,261.0,2646.0,76.6,0,-149236.1378946634,15962.63854180531
521525.0,598846.0,691006.0,926670.0,3718,2378,441.0,317,174967.0,136738.0,112396.0,84749.0,76.7,0,573860.8871221172,445401.40782002016
7258.0,15218.0,1608.0,3372.0,3403,3774,5054.0,5650,12519.0,13917.0,1907.0,3901.0,76.8,0,-153204.9455784619,17918.51795558129
24160.0,39028.0,5159.0,9392.0,216,81,0.0,0,31999.0,29391.0,23985.0,22781.0,76.8,-1,-121521.9816334369,1451.2049539915388
6246.0,8133.0,516.0,1651.0,2634,2569,3049.0,3133,7466.0,8156.0,714.0,1430.0,76.9,0,-157951.55019441294,20456.41027248953
680.0,3139.0,604.0,3083.0,140,117,112.0,0,2652.0,4324.0,431.0,900.0,77.0,-1,-162586.12994760534,22839.575981070266
445006.0,575425.0,184319.0,262236.0,960,646,134.0,128,315301.0,259898.0,173051.0,140407.0,77.0,0,364956.0781991391,-48543.87342309596
2271.0,7361.0,0.0,2536.0,331,252,219.0,108,4639.0,8229.0,21890.0,33164.0,77.0,0,-145906.1410664136,9794.94525776142
444278.0,512645.0,94175.0,135952.0,1594,1321,908.0,382,1531080.0,1204340.0,653381.0,525130.0,77.0,3,1271306.979717458,-981478.2912269124
9115.0,12358.0,1483.0,3699.0,4844,5010,5661.0,6164,15252.0,15795.0,2614.0,1789.0,77.1,0,-151201.06665373614,16566.51521545679
89006.0,125294.0,2761.0,6663.0,103,116,758.0,226,41055.0,36348.0,33096.0,28783.0,77.1,0,-91896.72132905415,-4227.847908140753
81891.0,119400.0,10817.0,18624.0,800,314,171.0,71,66121.0,54891.0,45949.0,39017.0,77.2,0,-67872.12095145872,-17756.396776103662
6497.0,15164.0,2669.0,5697.0,4542,4921,6683.0,6835,17342.0,18109.0,2625.0,5190.0,77.2,0,-149593.79732521146,15672.428875057603
9912.0,21775.0,1517.0,3641.0,1444,1600,2664.0,3286,7030.0,8711.0,4312.0,4458.0,77.3,0,-154253.0393670595,20100.344317889227
53198.0,82825.0,13159.0,18917.0,242,190,392.0,138,64135.0,55786.0,44682.0,38848.0,77.3,0,-77405.02512621565,-16617.243819916963
21167.0,42411.0,3821.0,7590.0,10162,10185,14493.0,14661,34109.0,32397.0,7163.0,6244.0,77.4,0,-132620.36450890783,7040.402236175472
2954.0,12990.0,962.0,3866.0,1987,2611,2319.0,3330,5215.0,7370.0,246.0,318.0,77.4,0,-160399.8334384571,22062.2907772309
4119.0,7400.0,1519.0,2473.0,4689,4910,5468.0,6034,11510.0,12485.0,944.0,797.0,77.5,0,-155793.08258456556,18916.579563802003
84890.0,137328.0,5446.0,7830.0,146,114,0.0,77,100711.0,94770.0,51299.0,64625.0,77.5,0,-44093.71342081795,-45497.827065513055
36496.0,52445.0,3621.0,6382.0,9666,10066,13505.0,13163,41113.0,40736.0,12035.0,11533.0,77.5,0,-120798.63413720406,1923.925101940822
265456.0,376944.0,13049.0,22173.0,635,557,289.0,215,137677.0,120961.0,77928.0,66964.0,77.6,0,51443.14612586962,-55176.45331406242
956.0,5186.0,236.0,1444.0,291,265,111.0,41,4431.0,7329.0,241.0,671.0,77.6,0,-161857.04421741876,21724.73158178779
2939.0,8074.0,168.0,902.0,270,235,109.0,4,4636.0,5821.0,32276.0,52769.0,77.6,0,-137443.72414513014,3781.002726643288
761727.0,929732.0,95857.0,139469.0,2670,2039,178.0,101,772725.0,575585.0,305781.0,267913.0,77.6,3,750339.6293009274,-398936.6015579604
68933.0,101510.0,257870.0,407033.0,7940,7871,10910.0,10969,28647.0,26781.0,6251.0,6005.0,77.6,0,29356.40043367396,206965.57388890604
10307.0,23691.0,1198.0,2456.0,4442,4865,4748.0,4906,12710.0,13062.0,1704.0,2436.0,77.6,0,-152705.17947052946,18009.920752752052
1226.0,5383.0,798.0,2912.0,1937,3964,2541.0,5609,6804.0,13652.0,1710.0,2378.0,77.6,0,-159143.62238572218,20182.82559504915
1409.0,3121.0,0.0,1819.0,354,1213,632.0,1791,1389.0,4082.0,398.0,1008.0,77.6,0,-163402.209716036,23109.097113535103
25734.0,42933.0,4984.0,6507.0,5496,5458,7180.0,6808,20297.0,19286.0,6479.0,5098.0,77.6,0,-138655.20594275693,16025.879792502332
11945.0,25423.0,1974.0,4335.0,3718,3864,5088.0,5260,12143.0,12708.0,2674.0,2836.0,77.7,0,-151521.17910694875,18644.28784679349
11234.0,22788.0,1974.0,5030.0,4560,4868,6197.0,6570,17492.0,18319.0,3026.0,5418.0,77.7,0,-148179.219901613,15253.087962981444
26013.0,38439.0,4590.0,9100.0,174,175,134.0,104,37743.0,35330.0,22474.0,26640.0,77.8,0,-118117.93220173848,-1947.413952669518
128393.0,198075.0,13265.0,20121.0,278,113,326.0,193,66446.0,59042.0,43721.0,43874.0,77.9,0,-51523.28341930125,-12532.81645904087
6203.0,12754.0,715.0,3308.0,2350,2725,3535.0,3745,10760.0,11563.0,1068.0,2304.0,77.9,0,-155712.5527257978,18599.596357831982
2133580.0,1863270.0,341599.0,307990.0,18078,15572,289093.0,254077,235585.0,191264.0,68994.0,59565.0,78.0,3,894390.9515938516,286000.0211730928
8854.0,14194.0,3477.0,4066.0,3253,3164,5344.0,5305,13158.0,12739.0,3017.0,2363.0,78.0,0,-150987.32323916524,18962.080210164426
4348.0,10075.0,1021.0,4042.0,1677,2875,3010.0,4162,6841.0,11434.0,2420.0,3105.0,78.0,0,-157537.8782621187,20227.31505935202
20640.0,34768.0,3300.0,5641.0,6304,6791,9269.0,10236,25293.0,27450.0,6199.0,7206.0,78.0,0,-138280.2361284823,11492.072491370642
1114.0,4846.0,2276.0,7602.0,158,57,108.0,0,27514.0,43259.0,15511.0,23524.0,78.1,-1,-136876.08266956414,2652.818611380353
1698.0,7638.0,77.0,1921.0,52,0,178.0,59,3152.0,4952.0,10535.0,16256.0,78.1,0,-155002.69785514165,16743.0575357052
1392.0,9263.0,169.0,1133.0,65,0,187.0,93,1862.0,4296.0,19466.0,38387.0,78.1,0,-147845.80075025014,11418.014170604103
1525.0,8495.0,1455.0,7157.0,209,199,162.0,34,6764.0,14792.0,68297.0,173207.0,78.1,0,-98688.0557724708,-25300.46486935645
1886400.0,1387440.0,1668580.0,1244460.0,4987,3516,1696.0,743,4159300.0,2276930.0,2629600.0,1324360.0,78.1,4,5166032.316388749,-1852478.533871761
159935.0,232264.0,10304.0,15596.0,641,314,52.0,117,148006.0,126861.0,77697.0,68092.0,78.1,0,21771.93091074121,-70767.81175242132
12051.0,18408.0,1907.0,4619.0,4493,4326,5632.0,5828,12296.0,12182.0,2234.0,3067.0,78.3,0,-151600.911503224,18636.97889967037
2556.0,11248.0,890.0,2852.0,1680,2212,2392.0,3317,4889.0,6409.0,582.0,1554.0,78.3,0,-160384.43882784678,21866.380621197884
10887.0,18251.0,3956.0,7314.0,5395,5343,7495.0,7794,17239.0,17220.0,2628.0,3939.0,78.3,0,-147689.9801741354,17212.355407787065
10036.0,18614.0,2042.0,4533.0,2942,3289,4454.0,4440,11048.0,10932.0,2935.0,2114.0,78.3,0,-152707.24694161,19149.99789804514
5311.0,13050.0,0.0,778.0,2066,2395,2531.0,2858,6728.0,7307.0,893.0,1286.0,78.3,0,-158910.35671666617,20347.3231417736
30784.0,53064.0,6323.0,10370.0,215,253,30.0,55,42670.0,41974.0,36179.0,31626.0,78.5,0,-105667.06290429665,-8161.839644893571
57437.0,88577.0,24007.0,36814.0,584,352,0.0,0,51338.0,46233.0,35691.0,40485.0,78.5,-1,-80578.34357092646,1538.5933406304102
6654.0,16358.0,2161.0,5792.0,1670,1897,3844.0,4253,8618.0,9681.0,1786.0,3016.0,78.6,0,-155446.9644766964,20538.02824445813
8563.0,16700.0,2969.0,5057.0,3225,3288,4897.0,4944,13492.0,13935.0,3373.0,3695.0,78.6,0,-150804.635928248,18070.55535314221
6767.0,18071.0,204.0,1632.0,0,0,301.0,169,4519.0,7087.0,6085.0,4131.0,78.7,0,-156677.19815704468,19661.08500983665
945.0,4023.0,262.0,1247.0,209,120,209.0,79,4731.0,8635.0,43943.0,79265.0,78.7,0,-128051.12772602914,-3930.2637139428734
493450.0,526349.0,189725.0,272056.0,2187,1510,797.0,283,1165640.0,859840.0,407579.0,336022.0,78.7,3,995695.4732623616,-601385.4980285391
7798.0,21360.0,2118.0,5673.0,6213,7144,7846.0,8932,16540.0,18309.0,1465.0,2439.0,78.7,0,-150943.16557620105,16558.61694335704
2847.0,15966.0,1608.0,5817.0,695,1786,763.0,2219,2330.0,5998.0,944.0,1470.0,78.7,0,-161137.485119115,23690.666888452663
3586.0,11090.0,698.0,3585.0,1567,2684,1641.0,3082,4222.0,7205.0,576.0,735.0,78.7,0,-160681.99559555273,22270.53755314714
26184.0,35772.0,8308.0,13459.0,272,258,130.0,105,34830.0,33620.0,27884.0,27831.0,78.7,0,-114779.19128318698,487.64085260304273
76398.0,110329.0,15828.0,25367.0,26,181,273.0,150,82767.0,74180.0,89304.0,66348.0,78.8,0,-32798.9165896108,-41501.83948464564
52678.0,74773.0,9073.0,14049.0,505,416,147.0,148,67825.0,60555.0,46518.0,48760.0,78.9,0,-75397.85381907901,-23732.921599303845
69774.0,100442.0,5592.0,10970.0,738,552,398.0,197,69974.0,65831.0,54718.0,51958.0,78.9,0,-66453.67248132268,-29421.117324601077
8056.0,18967.0,2902.0,6202.0,2912,3640,3709.0,4747,10634.0,12786.0,2803.0,2826.0,78.9,0,-153003.53799133253,19821.25067564828
12434.0,28005.0,2245.0,3702.0,3579,3667,5775.0,6172,15792.0,16139.0,4018.0,4786.0,78.9,0,-148230.69204806042,16213.211941879645
4132.0,8066.0,1946.0,3277.0,3976,4259,6083.0,6471,13444.0,13575.0,3236.0,2652.0,79.0,0,-153093.63237163122,17182.35305732323
2203.0,6311.0,1340.0,3076.0,2787,3440,3434.0,4915,9612.0,11903.0,1930.0,4131.0,79.0,0,-156548.95539586066,18850.22723793115
8017.0,25334.0,1313.0,3375.0,3011,2830,3937.0,4028,10772.0,10134.0,1679.0,1652.0,79.2,0,-154597.40918366675,19074.79530430764
633798.0,729943.0,65395.0,91545.0,3458,2530,37270.0,28319,379943.0,260454.0,325436.0,199600.0,79.2,0,471456.35593438335,-218316.6751425161
5494.0,15089.0,2181.0,5009.0,2984,3077,4467.0,4861,11714.0,13129.0,2585.0,3343.0,79.3,0,-153663.79250907092,18503.861808234287
26622.0,52508.0,2044.0,3282.0,5464,5704,6873.0,6500,18944.0,17621.0,3919.0,3935.0,79.3,0,-142236.49984212464,15595.054088304078
20594.0,45527.0,3603.0,5819.0,6744,6905,10100.0,10118,24331.0,23711.0,4822.0,5445.0,79.3,0,-139581.13973906686,12940.039258866418
38714.0,57124.0,5113.0,8037.0,468,383,0.0,62,62134.0,54631.0,38798.0,38919.0,79.4,0,-90612.624096638,-20799.12307987132
1637.0,7652.0,882.0,2798.0,871,1235,1232.0,1777,3102.0,4699.0,0.0,955.0,79.8,0,-162049.30391672582,23021.53172508932
9768.0,24290.0,1495.0,2438.0,2938,2927,3632.0,3703,12327.0,12511.0,2170.0,2707.0,79.8,0,-152661.6861545947,18200.426029298866
28075.0,50040.0,5640.0,9288.0,266,190,200.0,140,41783.0,37911.0,24649.0,35126.0,79.8,0,-112141.84316073956,-5067.405924080002
4595.0,15602.0,873.0,3115.0,4027,4813,4855.0,5772,12929.0,15226.0,1521.0,2658.0,79.9,0,-154656.02731238873,17246.14951114476
9165.0,14592.0,2519.0,4153.0,4681,4705,6052.0,6672,16283.0,16946.0,1567.0,2711.0,80.0,0,-150326.34173426317,17023.845119055
2001.0,9025.0,51.0,533.0,107,0,124.0,0,2455.0,4586.0,18226.0,29391.0,80.1,-1,-149508.19597422972,12725.060523085756
429975.0,574461.0,37819.0,62365.0,1324,996,276.0,223,320533.0,259248.0,145153.0,136356.0,80.1,0,262891.95137673384,-153987.05282320324
11827.0,21495.0,1701.0,4135.0,2669,2901,4477.0,4710,10929.0,11729.0,947.0,2093.0,80.1,0,-153320.7782228511,19750.618101743123
20285.0,37280.0,2370.0,4753.0,4137,4076,7210.0,6751,17520.0,16640.0,7656.0,5852.0,80.1,0,-142817.7105910909,14615.355164733051
5810.0,13813.0,999.0,2469.0,3069,3367,4407.0,4696,9797.0,10828.0,1346.0,1980.0,80.2,0,-156126.08181954193,19258.17454973651
7524.0,17288.0,2157.0,5191.0,3724,4071,5184.0,5674,12254.0,13237.0,2634.0,2970.0,80.2,0,-152764.96251231717,18387.83343969958
22485.0,36931.0,2979.0,5203.0,5770,5479,8929.0,8855,24935.0,24417.0,7368.0,6261.0,80.3,0,-137702.60489393392,11319.016903616512
7545.0,18639.0,2494.0,5885.0,4468,4778,5991.0,6165,16256.0,17007.0,1353.0,1864.0,80.3,0,-151120.69641098272,17086.67867742165
639873.0,901362.0,45346.0,72309.0,1012,845,259.0,177,618682.0,524713.0,279830.0,242326.0,80.5,3,579834.348071053,-351772.17257271364
7347.0,18581.0,1579.0,3201.0,1303,1277,2698.0,2843,7990.0,8659.0,2122.0,3506.0,80.5,0,-155681.19518286132,20301.671803061057
5768.0,9819.0,554.0,1690.0,3351,3136,4906.0,5194,10757.0,10334.0,884.0,2001.0,80.5,0,-156078.5647193941,18554.730086007923
125524.0,170261.0,744.0,3334.0,228,247,383.0,150,78245.0,70771.0,54726.0,47357.0,80.6,0,-47648.852416670125,-32725.82553622864
23801.0,37481.0,3579.0,7092.0,6011,6162,7637.0,7152,20223.0,20018.0,4662.0,4303.0,80.6,0,-141117.23307694052,15570.336053292953
5610.0,19645.0,1831.0,4183.0,3733,4288,4641.0,5517,14256.0,16271.0,2453.0,4371.0,80.7,0,-152308.37129024148,16789.053294768717
3528.0,6995.0,1431.0,3222.0,3970,4257,5322.0,5522,10989.0,11347.0,2675.0,2643.0,80.7,0,-155211.54969872552,18247.71329072637
289667.0,407922.0,20516.0,28779.0,976,680,497.0,223,168315.0,146264.0,85400.0,72177.0,80.8,0,84909.4468062112,-67304.33651486717
4331.0,17094.0,787.0,2174.0,3068,3956,4881.0,6536,11300.0,14572.0,1289.0,1883.0,80.8,0,-155936.27210067178,18214.21134470292
2416.0,8109.0,252.0,1163.0,737,1898,897.0,2764,1736.0,5982.0,0.0,0.0,80.8,0,-163092.59475983438,23465.249451460804
1100.0,4444.0,1045.0,2390.0,1777,2243,2177.0,3098,5885.0,8444.0,941.0,938.0,80.9,0,-160149.386890474,21309.313332257705
14202.0,15766.0,2240.0,3785.0,5772,5495,7316.0,7689,18296.0,19126.0,2032.0,2406.0,80.9,0,-147592.86387978477,16004.250045596058
9209.0,23137.0,2466.0,4296.0,2148,2330,5120.0,5716,13879.0,15713.0,2429.0,5433.0,80.9,0,-150821.04141132772,17594.790083036907
5828.0,12038.0,1714.0,4799.0,2729,3638,3106.0,3831,7705.0,10415.0,699.0,1378.0,81.0,0,-157260.69503223387,21220.48565242228
2858.0,7543.0,2775.0,5672.0,2498,2774,3308.0,4081,8581.0,10326.0,1568.0,1574.0,81.0,0,-156668.14070406827,21018.55588310345
30836.0,54144.0,7001.0,8640.0,515,314,181.0,130,36916.0,31882.0,24196.0,28171.0,81.0,0,-114545.5224266062,-95.87577608227002
9032.0,20618.0,1304.0,3190.0,5866,6544,6656.0,7435,18546.0,21635.0,2070.0,3767.0,81.1,0,-149416.24383732057,14569.55157241277
104094.0,146585.0,16252.0,26937.0,207,196,260.0,150,91598.0,84374.0,83445.0,79416.0,81.3,0,-19235.19742963981,-43716.79228269037
12061.0,17685.0,2899.0,4054.0,4889,4481,6116.0,5926,14247.0,13871.0,3551.0,3987.0,81.3,0,-149164.75476472644,17782.816500643818
39895.0,67651.0,2894.0,5996.0,572,275,501.0,199,34589.0,35681.0,15137.0,27302.0,81.3,0,-119676.62058753942,1837.5453173708595
7434.0,17355.0,1084.0,2488.0,5269,5469,7003.0,7432,17070.0,18470.0,1394.0,2230.0,81.3,0,-151452.18852012593,15509.90758884763
3968.0,10803.0,1678.0,3935.0,1879,2353,2610.0,3362,7644.0,9559.0,842.0,906.0,81.5,0,-157932.00385462877,21101.075265104457
46257.0,67765.0,2322.0,3757.0,320,232,125.0,94,67896.0,64179.0,37927.0,52332.0,81.6,0,-84754.68107576811,-27029.01798326072
16375.0,19336.0,3666.0,7942.0,8269,8599,9586.0,10162,22659.0,23165.0,1426.0,4289.0,81.6,0,-143580.52055884752,14864.663610035568
238217.0,343802.0,41822.0,64331.0,578,532,86.0,86,189656.0,164367.0,86360.0,84412.0,81.6,0,95342.68437722226,-68417.35057706252
6683.0,10291.0,1019.0,2865.0,3292,3292,4887.0,5114,12256.0,12383.0,1971.0,2458.0,81.6,0,-154102.02483864003,17748.664295389055
2073.0,9286.0,197.0,2428.0,212,191,229.0,125,4843.0,7000.0,5000.0,4870.0,81.6,0,-158380.27845934706,19389.244837501123
252776.0,248534.0,156535.0,207394.0,8266,7265,64211.0,55244,806935.0,622694.0,666846.0,538277.0,81.6,3,854818.7625954857,-566943.6744385222
11945.0,12644.0,2270.0,3634.0,3325,3459,4851.0,5595,11204.0,12232.0,390.0,1950.0,81.7,0,-153072.250420288,20252.9057766042
58586.0,81860.0,18892.0,30964.0,346,398,165.0,103,66745.0,59684.0,45788.0,46883.0,81.8,0,-68955.78222045721,-14744.974645272385
4931.0,10823.0,556.0,3406.0,547,1270,1009.0,2816,3135.0,7969.0,1851.0,2540.0,81.9,0,-160043.90185026417,22164.24064094892
2983.0,14526.0,1483.0,4697.0,1664,2524,2590.0,4075,6647.0,10999.0,630.0,1015.0,81.9,0,-158994.57387735846,21467.16893449244
8107.0,14441.0,2705.0,5113.0,4297,4562,6333.0,6634,15636.0,16144.0,2464.0,2810.0,81.9,0,-150484.2203772338,17118.87404514237
11698.0,20260.0,3601.0,6319.0,4080,3891,5257.0,5426,12731.0,12717.0,401.0,2729.0,81.9,0,-151377.4479097329,20319.5171368207
3932.0,8162.0,635.0,2222.0,4723,5737,6332.0,7800,15019.0,17420.0,1850.0,3717.0,82.0,0,-153513.76084672537,15642.659118871572
28240.0,40598.0,1283.0,3003.0,3538,3962,6408.0,6303,17483.0,17846.0,5869.0,4965.0,82.1,0,-141908.7649609723,15118.824919379374
2117.0,4856.0,109.0,1548.0,1277,1394,1852.0,2114,5160.0,5941.0,279.0,1428.0,82.1,0,-161001.05895720457,21211.110928512622
6511.0,6511.0,3470.0,5960.0,2619,2810,3930.0,3389,9408.0,8860.0,1790.0,1692.0,82.2,0,-154503.65134788645,21287.678112172955
17198.0,32127.0,2555.0,4894.0,2488,2294,4640.0,4767,15135.0,15145.0,4195.0,5298.0,82.2,0,-146720.1965223662,17021.242915346993
35548.0,48246.0,4990.0,4720.0,143,148,59.0,138,38367.0,35417.0,25759.0,26882.0,82.2,0,-112922.81563914104,-2389.617679807954
8854.0,10569.0,2595.0,3002.0,8397,8644,9709.0,9693,19038.0,19078.0,2478.0,2288.0,82.3,0,-148486.94299983457,15357.825888947147
13127.0,24890.0,1035.0,3007.0,2654,2930,3942.0,4105,10374.0,10361.0,3034.0,3439.0,82.4,0,-152412.98436565162,18757.011198968252
121668.0,180011.0,17074.0,28480.0,577,368,16.0,82,102960.0,91427.0,82772.0,78615.0,82.4,0,-7273.987123125378,-47523.64466145644
1191710.0,1259020.0,1887370.0,2132900.0,2687,1848,1106.0,576,644432.0,489782.0,298053.0,215162.0,82.4,3,1863554.1608646968,1073592.226268716
8270.0,12011.0,1477.0,2705.0,4457,4332,6097.0,6201,14808.0,13753.0,4291.0,3178.0,82.4,0,-150710.61980405528,15983.267521371636
5602.0,18544.0,1598.0,2703.0,3526,3637,4555.0,4722,10508.0,10362.0,1465.0,1775.0,82.5,0,-155423.69185579038,19308.5420940842
18426.0,16246.0,4454.0,5843.0,4599,4542,6384.0,6548,17034.0,15989.0,3628.0,3747.0,82.5,0,-144668.5862026905,17955.29724606538
50183.0,77859.0,9681.0,18751.0,68,213,244.0,111,49068.0,48141.0,31505.0,36175.0,82.6,0,-95293.55471130874,-6668.162028008093
2413.0,14680.0,1213.0,5260.0,2678,4937,3321.0,6186,7535.0,14261.0,580.0,853.0,82.6,0,-158890.95310489362,20788.00903139997
3048.0,12110.0,1531.0,4770.0,2606,3779,3222.0,4568,6437.0,8885.0,714.0,2130.0,82.7,0,-158826.21726649103,21441.625342150164
12364.0,20567.0,2406.0,6041.0,7817,7677,9146.0,9150,20440.0,20256.0,3014.0,3162.0,82.7,0,-146303.81815874405,14422.895857517307
10138.0,29948.0,1604.0,3929.0,5136,6141,7716.0,8505,18344.0,19405.0,515.0,3670.0,82.7,0,-149729.49257835868,15515.360227898367
286933.0,402623.0,17028.0,24183.0,583,454,659.0,232,308178.0,258922.0,104806.0,95426.0,82.7,0,172265.6947637178,-154748.64581946825
8714.0,14489.0,8895.0,16113.0,6322,6895,8395.0,9029,21980.0,24014.0,1891.0,4997.0,82.8,0,-142997.68331015058,18366.80982895384
4545.0,10806.0,2216.0,3988.0,3820,3861,5448.0,5822,13871.0,14287.0,2142.0,4110.0,82.8,0,-152821.29753914554,17348.52731549831
7273.0,19504.0,2327.0,4765.0,3165,4765,3927.0,5860,9698.0,14054.0,2747.0,1844.0,82.8,0,-154305.1533441798,19983.984461182878
1892.0,8765.0,561.0,2107.0,674,2054,671.0,2477,1970.0,6038.0,287.0,318.0,82.8,0,-162762.55748963938,23395.468640133648
77507.0,128639.0,10472.0,14104.0,408,233,0.0,115,52956.0,46158.0,53286.0,38117.0,82.8,0,-73540.0006334044,-13611.13825550719
5293.0,15734.0,3324.0,4676.0,5136,5600,6642.0,7027,15181.0,15632.0,1742.0,2060.0,82.8,0,-151730.09932420816,17971.29061312833
10143.0,16001.0,3548.0,6208.0,1996,2030,4267.0,4155,10199.0,10621.0,3026.0,3948.0,82.8,0,-151899.85875889135,20466.02021634011
46089.0,73150.0,6031.0,10284.0,26,114,199.0,148,38915.0,36763.0,23732.0,24773.0,82.8,0,-109919.27219457552,-135.36235634273908
99524.0,134044.0,15450.0,20451.0,348,291,0.0,0,61674.0,53927.0,51707.0,43561.0,82.9,-1,-58512.68837107504,-13111.682988912762
5996.0,14916.0,1508.0,5010.0,4403,4902,6062.0,7332,13016.0,15095.0,828.0,1521.0,83.0,0,-154293.3926235363,18178.26004490367
40083.0,58756.0,4540.0,9511.0,462,345,175.0,110,31763.0,29964.0,23091.0,21916.0,83.0,0,-117467.24352717704,2726.141243309677
9303.0,12902.0,3117.0,6092.0,7983,8429,9283.0,9327,18838.0,18890.0,2274.0,2620.0,83.0,0,-148184.65350440153,15914.587036585666
33011.0,50293.0,4610.0,5225.0,80,98,379.0,181,33093.0,31416.0,16022.0,23956.0,83.1,0,-121866.90398552534,3599.6108138464115
131504.0,210405.0,21520.0,30125.0,203,214,333.0,169,106128.0,94207.0,59457.0,59001.0,83.1,0,-13849.494824198424,-34616.88655321004
73305.0,116020.0,5384.0,7823.0,471,273,86.0,47,74773.0,69623.0,49530.0,59720.0,83.1,0,-63849.40628329855,-31248.088252075948
8117.0,22427.0,2365.0,3951.0,1653,1761,4660.0,5179,10295.0,10861.0,2865.0,4022.0,83.1,0,-153257.7907350806,19405.443940348243
20895.0,35709.0,1958.0,5711.0,5003,5589,7649.0,7828,21878.0,22523.0,4857.0,7011.0,83.2,0,-141541.3282648706,12786.349770766716
9515.0,8698.0,2538.0,4689.0,3816,4474,4093.0,5072,9828.0,10810.0,2737.0,2533.0,83.4,0,-153272.727341982,20152.513186627053
5175.0,14776.0,1634.0,2955.0,2136,2124,2800.0,2901,7712.0,8362.0,816.0,1722.0,83.5,0,-157403.67077841313,21017.24633644603
7635.0,18904.0,1965.0,4646.0,5683,6395,7277.0,8406,16977.0,19787.0,0.0,1161.0,83.5,0,-151742.00379032182,16859.042507790316
7598.0,21908.0,2181.0,6452.0,3615,4194,4641.0,5144,11948.0,13822.0,1877.0,3082.0,83.6,0,-153227.57848644274,18810.692038682933
3386.0,9838.0,834.0,2834.0,5546,6093,6702.0,7433,15960.0,17758.0,0.0,2097.0,83.6,0,-154177.20441494585,16094.408450033843
15144.0,27364.0,2171.0,3636.0,6693,6897,7950.0,8028,20002.0,19751.0,1380.0,3774.0,83.6,0,-146448.31811336003,15138.518780613034
22374.0,36889.0,3144.0,4657.0,346,178,409.0,297,32902.0,31469.0,26036.0,29835.0,83.8,0,-120626.54926402873,-2356.161399986555
35685.0,62884.0,8953.0,14546.0,16326,16146,22110.0,22613,51866.0,49696.0,11065.0,10990.0,83.9,0,-112453.33798562815,589.5167243560172
9277.0,15204.0,2957.0,4271.0,5191,5154,7034.0,7067,17530.0,15803.0,4571.0,3754.0,83.9,0,-147774.2469972408,15556.096954771949
47640.0,66695.0,10498.0,17179.0,23,131,308.0,120,42294.0,40032.0,32919.0,32146.0,83.9,0,-99413.42226021778,-2516.753940521586
38491.0,54681.0,2904.0,5200.0,483,285,177.0,159,42465.0,39643.0,27785.0,33085.0,83.9,0,-108944.99301362122,-7488.400059168576
3891.0,11759.0,975.0,4729.0,1555,2944,1480.0,3141,4004.0,7772.0,313.0,1183.0,83.9,0,-160585.7290053107,22645.254229849124
9371.0,15266.0,2250.0,3789.0,3861,3614,4625.0,4682,11673.0,12325.0,3008.0,3134.0,83.9,0,-152239.15747171367,18761.144195385823
6923.0,13987.0,1805.0,4062.0,4197,4631,5455.0,6092,13824.0,15418.0,1454.0,2759.0,83.9,0,-152874.82015738747,17658.511628641216
10750.0,19670.0,3275.0,5617.0,3303,3348,4728.0,4599,11279.0,11408.0,1936.0,1717.0,84.0,0,-152148.08787100477,20406.09954947813
7984.0,16334.0,2755.0,5671.0,3354,3247,4220.0,4155,10758.0,11416.0,1787.0,2757.0,84.1,0,-153521.99740679664,19987.0966913661
12705.0,20214.0,6437.0,11780.0,6606,6475,8418.0,8398,24015.0,23811.0,3568.0,3589.0,84.1,0,-141512.38612819088,15348.570190570526
53938.0,75752.0,21565.0,32489.0,322,260,627.0,309,62257.0,56797.0,47444.0,37175.0,84.1,0,-72251.7489650687,-9850.14611553921
28957.0,43278.0,9041.0,14820.0,435,414,586.0,222,31880.0,31178.0,15838.0,27544.0,84.3,0,-120686.38106349412,6874.777625697072
3382.0,11304.0,1520.0,2927.0,2156,2398,2986.0,3342,6228.0,6978.0,906.0,650.0,84.5,0,-159009.0897976857,21711.22943400361
25584.0,49294.0,2078.0,3792.0,7158,6840,9380.0,9182,20334.0,18966.0,3520.0,4479.0,84.5,0,-141858.47213100723,14863.83010589397
4230.0,7191.0,2049.0,3174.0,1130,2312,1246.0,2783,2868.0,6886.0,0.0,326.0,84.5,0,-160764.12480742767,24317.034636751054
11253.0,14271.0,1090.0,2245.0,4566,4621,5168.0,5089,11747.0,11353.0,1863.0,2158.0,84.6,0,-152971.21691636273,18500.92611309159
4254.0,13751.0,914.0,1967.0,311,215,215.0,187,9681.0,10288.0,2491.0,2639.0,84.6,0,-156119.52601522012,18653.05831058634
1237.0,5146.0,0.0,457.0,1118,2192,1514.0,2999,4225.0,7928.0,741.0,1317.0,84.7,0,-161672.5319117311,21424.30014899613
33119.0,43276.0,23530.0,36762.0,515,159,295.0,99,50329.0,47081.0,41804.0,33955.0,84.7,0,-87517.98593111576,-1202.1745936933949
51973.0,77835.0,6181.0,10229.0,418,181,222.0,123,54727.0,54300.0,26273.0,42169.0,84.7,0,-95038.42562152556,-11323.19623296475
4474.0,12465.0,799.0,3182.0,2548,2705,3045.0,3516,8001.0,8821.0,1170.0,2054.0,84.8,0,-157739.89497542373,20013.31928014733
2879.0,12002.0,629.0,2578.0,3240,5936,3932.0,7227,7848.0,13565.0,0.0,904.0,84.8,0,-159168.3695333448,20399.68302724517
2770.0,6676.0,1721.0,3452.0,2724,4025,3141.0,4670,8779.0,12123.0,2277.0,2275.0,84.8,0,-156762.27352765185,19772.25018290681
10772.0,15802.0,2279.0,3183.0,5411,5359,7537.0,7757,17409.0,17860.0,2885.0,4118.0,84.8,0,-148474.7082811923,15727.70459827549
156120.0,218135.0,25063.0,37775.0,415,298,0.0,0,105390.0,94380.0,75987.0,62928.0,84.9,-1,4012.9104708470986,-35770.60745592858
7872.0,8970.0,1345.0,3532.0,2732,2785,3285.0,3043,9104.0,8566.0,1761.0,1907.0,85.1,0,-155468.69751158182,19917.05053958284
36317.0,58680.0,20119.0,36537.0,294,194,76.0,128,43757.0,43516.0,20292.0,35461.0,85.4,0,-101798.69708894187,6898.41908276836
60173.0,91514.0,27116.0,44238.0,331,269,532.0,229,76349.0,70115.0,51357.0,51463.0,85.4,0,-54920.56698569353,-16008.384148527402
59282.0,98055.0,8062.0,12099.0,275,235,125.0,119,82128.0,70269.0,63271.0,50981.0,85.5,0,-57865.65401572158,-37543.30435697458
25611.0,39226.0,4596.0,7384.0,8237,8111,9912.0,9749,26191.0,23957.0,5766.0,5832.0,85.5,0,-135849.1693757968,12713.468968720304
35804.0,53342.0,17278.0,27702.0,684,472,234.0,193,27437.0,25961.0,18063.0,19583.0,85.5,0,-116420.28568757008,16402.325975370048
8629.0,18795.0,1349.0,4400.0,4505,4645,5396.0,5973,17529.0,18638.0,5605.0,4421.0,85.5,0,-148348.62709289626,13845.617211937171
2596.0,15525.0,1462.0,6332.0,1954,4427,2189.0,5679,5380.0,12062.0,883.0,2411.0,85.6,0,-159475.52218870446,21822.63718307924
1826.0,11608.0,1040.0,6135.0,2039,4484,2743.0,5964,5369.0,12148.0,89.0,94.0,85.6,0,-160739.9924613691,22038.54355085253
8586.0,18340.0,1150.0,3043.0,4355,5046,5376.0,5821,13710.0,14704.0,979.0,2386.0,85.7,0,-153074.01526936417,17556.805407184827
1513.0,8209.0,954.0,4051.0,176,68,212.0,136,7032.0,10480.0,1304.0,1995.0,85.9,0,-159098.4321384393,20380.59203128197
1202.0,5221.0,281.0,1916.0,174,73,218.0,148,5984.0,10470.0,1137.0,2204.0,85.9,0,-160216.7222256702,20433.15549810865
7268.0,13975.0,581.0,2763.0,158,91,316.0,189,4562.0,5987.0,2146.0,1379.0,85.9,0,-158556.64733213114,21656.450614490936
3468.0,9570.0,200.0,1464.0,311,208,200.0,103,4290.0,6230.0,31338.0,61441.0,85.9,0,-136389.76615531667,3128.9467704739764
484009.0,606603.0,94211.0,138482.0,1791,1304,122.0,72,946586.0,769588.0,381498.0,342474.0,85.9,3,804134.1116732708,-549642.3841826083
5384.0,15332.0,1996.0,5492.0,3095,3604,4098.0,4948,9314.0,11332.0,1012.0,1609.0,85.9,0,-156158.82582966267,20405.67963739646
2243.0,13854.0,1053.0,4265.0,1730,3096,2414.0,4392,5715.0,10512.0,389.0,777.0,86.0,0,-160153.6699456794,21697.642194097814
545579.0,772694.0,21516.0,28536.0,4511,4188,4971.0,5314,75912.0,71302.0,71358.0,64101.0,86.0,0,108647.72425409648,7886.791551079068
58374.0,78169.0,9277.0,13733.0,228,428,611.0,181,56769.0,49068.0,40673.0,36003.0,86.0,0,-84448.70245995067,-13506.918136307024
10397.0,18816.0,2015.0,3974.0,5227,5969,7748.0,7957,20431.0,21588.0,3429.0,4928.0,86.2,0,-146689.99256993126,13586.030168303105
1884.0,7158.0,3946.0,8086.0,125,36,153.0,54,3132.0,4038.0,1176.0,1512.0,86.2,0,-159510.47742517674,24880.588227871336
656523.0,861329.0,528202.0,784550.0,776,917,687.0,293,269088.0,234773.0,148391.0,130665.0,86.2,3,597459.2063023748,262961.8890312843
27429.0,43043.0,8956.0,15116.0,269,218,58.0,83,26397.0,22268.0,19783.0,18005.0,86.2,0,-124081.09610087852,9654.47124169594
7724.0,16679.0,3000.0,6335.0,3962,4167,5898.0,6336,12509.0,13685.0,1973.0,3244.0,86.2,0,-152316.45769425435,19089.52554431675
14988.0,18301.0,3187.0,4494.0,6537,7053,9664.0,9851,20343.0,19925.0,2225.0,2114.0,86.3,0,-145601.46904206663,15667.50419059035
6454.0,12029.0,2712.0,4045.0,5947,6003,6731.0,7251,15447.0,15566.0,1470.0,2430.0,86.4,0,-151630.66494068672,17492.988373444263
42946.0,72387.0,13650.0,21397.0,134,207,62.0,66,60818.0,54493.0,49198.0,43564.0,86.4,0,-79348.95019134521,-17395.475546469534
109989.0,168493.0,4986.0,6529.0,817,283,0.0,36,49844.0,43310.0,44340.0,39250.0,86.4,0,-72010.40797696127,-10869.419604098184
26532.0,45544.0,6637.0,11098.0,10608,11010,13518.0,13651,34288.0,33277.0,9006.0,8424.0,86.5,0,-127913.0587339664,8571.043447202774
23665.0,46415.0,2880.0,5343.0,417,322,49.0,0,34302.0,36304.0,14340.0,25706.0,86.6,-1,-125695.64961029122,1243.262121900996
30770.0,42005.0,6747.0,8456.0,6193,5748,9497.0,9416,30239.0,28602.0,10147.0,9085.0,86.7,0,-128115.81096801488,10646.662227313387
3178.0,6925.0,2707.0,5462.0,1683,1855,1958.0,2214,5558.0,6997.0,1809.0,1857.0,86.7,0,-158124.53846959028,22485.72280820101
17291.0,39732.0,2528.0,4264.0,9846,10036,13631.0,13234,32755.0,30872.0,6965.0,5195.0,86.8,0,-135651.41292600014,6703.533419080733
7798.0,19490.0,885.0,3173.0,1607,1931,2341.0,2628,6996.0,7616.0,1497.0,2268.0,86.8,0,-156996.64717726983,20722.32326049808
11480.0,20035.0,3357.0,5883.0,2803,2569,3592.0,3876,9668.0,9280.0,747.0,2395.0,86.8,0,-153192.66037647036,21683.27345826465
1148.0,7407.0,411.0,2546.0,160,97,111.0,0,1347.0,4774.0,6524.0,22335.0,86.8,-1,-156785.01679897512,18403.37658755576
31471.0,48981.0,16784.0,29148.0,267,241,215.0,137,45735.0,43661.0,28583.0,35986.0,86.8,0,-100319.50476133505,113.84156380501372
5973.0,14497.0,664.0,2045.0,4148,4790,6430.0,7674,16937.0,20330.0,627.0,1971.0,86.8,0,-152646.29817660613,15438.260153946483
12054.0,19049.0,3833.0,6029.0,5138,5428,6541.0,6538,17243.0,17489.0,1751.0,4014.0,86.8,0,-147780.58093235717,17483.53987000235
12707.0,21549.0,2485.0,3779.0,4457,4497,6443.0,6498,15598.0,15531.0,2783.0,2955.0,86.8,0,-148986.92221452485,17190.603215778945
9296.0,19235.0,940.0,1708.0,2884,3517,4142.0,5820,11196.0,14788.0,2338.0,2496.0,86.9,0,-153724.55850061972,18322.35861010337
2657.0,8814.0,272.0,922.0,640,1231,629.0,2023,1855.0,5116.0,165.0,298.0,86.9,0,-162811.46559802673,23337.762853572967
56935.0,89313.0,8890.0,14924.0,309,341,278.0,117,38715.0,35007.0,23395.0,23409.0,87.0,0,-105249.06596364544,3260.272429417633
2352.0,7987.0,1053.0,3114.0,2026,2737,2389.0,3304,7174.0,9513.0,861.0,1764.0,87.0,0,-158923.65262942694,20631.11786704644
2630770.0,1543710.0,6315670.0,4611710.0,10201,4955,3649.0,1949,343856.0,160666.0,215997.0,99759.0,87.1,4,4718648.549896954,4751559.988108634
3586.0,10553.0,1201.0,3208.0,2700,3002,3217.0,3355,6662.0,7060.0,951.0,1148.0,87.1,0,-158783.22483815503,21169.63293371889
19362.0,28577.0,2063.0,5358.0,3832,4022,5572.0,5789,16656.0,16625.0,2946.0,5432.0,87.3,0,-146020.5465929168,16397.45208846398
6684.0,16441.0,2322.0,5875.0,3738,4252,5816.0,6551,13191.0,14302.0,1660.0,3605.0,87.4,0,-152756.8918531987,18183.637882359075
46497.0,69780.0,6198.0,9166.0,88,234,444.0,194,45834.0,42565.0,37888.0,37302.0,87.4,0,-97188.1939947349,-10137.863194311096
5986.0,12327.0,2595.0,5219.0,2802,3044,3614.0,3674,9954.0,10219.0,2693.0,2363.0,87.4,0,-154355.94856765203,19897.928929988942
11352.0,22359.0,2574.0,3764.0,4288,4285,5509.0,5858,12531.0,13138.0,2327.0,2391.0,87.4,0,-151375.20378267215,19028.525320393997
1697.0,5790.0,358.0,1241.0,867,1723,799.0,2166,2599.0,6794.0,1404.0,1923.0,87.4,0,-161805.90552093816,22295.114623930964
5523.0,17279.0,2471.0,5656.0,4794,6246,5025.0,7042,11368.0,15254.0,3501.0,3570.0,87.4,0,-153204.96621580483,18584.278684738725
44148.0,64024.0,6411.0,11614.0,139,100,263.0,200,47900.0,46558.0,30415.0,35429.0,87.5,0,-100438.20972134656,-8512.915135121471
18093.0,30317.0,1332.0,3084.0,2153,1597,5050.0,5061,13435.0,13371.0,3298.0,5198.0,87.5,0,-148527.14498998076,17379.304021977627
67376.0,108068.0,24647.0,41169.0,260,222,174.0,126,58204.0,56920.0,37175.0,36861.0,87.6,0,-73148.40422439946,-876.9657960819859
108256.0,149741.0,33462.0,53575.0,794,342,190.0,159,100967.0,90888.0,93392.0,69401.0,87.7,0,320.558475899772,-37241.67042846966
4473.0,9341.0,1405.0,4236.0,1960,2327,2891.0,3553,6682.0,8464.0,577.0,795.0,87.7,0,-158603.67272209068,21550.422754924537
124342.0,185502.0,89550.0,140228.0,6477,6560,7138.0,7322,18940.0,17997.0,3010.0,3837.0,87.7,0,-59603.47884056399,89740.67332705075
162704.0,232290.0,48338.0,76771.0,628,378,0.0,67,167916.0,136117.0,54867.0,55151.0,87.8,0,43411.5628299657,-42916.65523864481
98359.0,152148.0,4140.0,5373.0,8119,8498,14459.0,14926,39216.0,38064.0,22568.0,19126.0,87.9,0,-95543.99225108109,3393.036767554411
1399.0,8861.0,894.0,4063.0,1085,2541,902.0,2541,2552.0,7429.0,556.0,855.0,87.9,0,-162183.66621223837,23137.57033523973
5450.0,11897.0,2645.0,4019.0,3259,3442,4467.0,4627,12022.0,11743.0,1982.0,2245.0,88.0,0,-153698.537500856,19043.56616080753
502069.0,657603.0,23360.0,33367.0,1097,1002,7066.0,6560,171916.0,146682.0,151140.0,130828.0,88.0,0,197091.50549458695,-81225.73872969468
7190.0,16602.0,1627.0,2634.0,2939,3523,3760.0,4768,9585.0,10880.0,1114.0,1494.0,88.0,0,-155621.83714149488,20096.608958272813
38917.0,51241.0,20943.0,34135.0,236,184,178.0,88,57393.0,52529.0,43403.0,37076.0,88.1,0,-82008.64394441289,-7486.2824111391055
89660.0,130500.0,223745.0,321925.0,8021,6034,7586.0,7011,22494.0,21543.0,5437.0,5068.0,88.1,0,11889.053202457842,186273.61232952305
8295.0,15047.0,4006.0,4808.0,3657,3689,5439.0,5395,13584.0,13629.0,2812.0,2535.0,88.1,0,-150681.45681907088,19140.232721348737
2060.0,6743.0,969.0,3360.0,59,0,57.0,0,6200.0,6499.0,1828.0,1844.0,88.1,-1,-159160.08851681036,20723.19754707389
906118.0,1012410.0,683055.0,786116.0,2011,1346,711.0,359,634018.0,496564.0,237275.0,199823.0,88.1,3,1023737.1059441112,164742.07557602768
85544.0,127643.0,15282.0,22691.0,254,283,0.0,30,72286.0,61665.0,66850.0,57792.0,88.2,0,-47800.09628742009,-26963.06361758832
2898.0,7574.0,1790.0,3573.0,3578,4080,5155.0,6053,12006.0,14838.0,1299.0,1560.0,88.2,0,-155460.79807658633,18535.6890225096
43993.0,63945.0,11591.0,18077.0,0,172,279.0,155,40472.0,39779.0,27069.0,36042.0,88.2,0,-102972.09440155236,415.241120092207
10199.0,13462.0,3534.0,6793.0,4963,4679,6670.0,6645,16120.0,14909.0,3598.0,2693.0,88.3,0,-148549.5943189357,17289.147829456553
2783.0,13777.0,938.0,3775.0,1547,2405,2316.0,3762,7600.0,12732.0,1158.0,1687.0,88.3,0,-158496.1616131908,20257.67628110041
8962.0,12376.0,1771.0,3871.0,3111,2947,4050.0,4090,10726.0,11210.0,1594.0,2774.0,88.4,0,-153894.93378012354,19390.02140624564
11187.0,33659.0,2483.0,5699.0,3591,3734,4994.0,5132,11942.0,13265.0,1717.0,2719.0,88.5,0,-152036.44408850558,19415.795321213496
141323.0,204935.0,21631.0,35102.0,644,279,102.0,103,65122.0,57091.0,54948.0,48417.0,88.5,0,-37209.306406278,-8861.440165516586
72111.0,99354.0,21357.0,33250.0,50,224,556.0,181,64921.0,57783.0,58928.0,48370.0,88.5,0,-57859.54729314851,-15457.831482725043
4945.0,9132.0,1041.0,2194.0,3487,3736,4624.0,4697,12486.0,12327.0,2382.0,3569.0,88.6,0,-154139.05890384188,17221.15732119469
3528.0,8910.0,4023.0,8516.0,2292,2396,3125.0,3492,7873.0,9064.0,1667.0,1448.0,88.6,0,-156084.4671581261,22380.09814915715
8017.0,8064.0,695.0,1994.0,427,285,33.0,119,8727.0,5158.0,1521.0,1074.0,88.7,0,-156285.13188319147,19820.58557852421
593003.0,765725.0,365763.0,495999.0,1721,1708,248.0,137,389738.0,313561.0,174818.0,152492.0,88.7,3,563737.2556913228,58312.07259902222
6684.0,18907.0,1728.0,4380.0,2097,2509,3496.0,3672,9681.0,10395.0,1143.0,2712.0,88.7,0,-155452.8631064645,19900.09930849725
36245.0,60917.0,5676.0,8084.0,445,261,357.0,139,34924.0,30895.0,26443.0,23100.0,88.8,0,-114530.35430227975,330.70178027168004
247799.0,346419.0,45708.0,68959.0,403,186,475.0,175,345970.0,278659.0,160881.0,124238.0,88.8,0,228350.7404385767,-178772.44186696643
2193.0,9302.0,501.0,4164.0,877,1910,1116.0,2560,2500.0,6090.0,1844.0,1672.0,88.8,0,-161456.60635179706,22382.94107341517
3859.0,14037.0,1347.0,4944.0,2062,3252,2950.0,4786,5860.0,10642.0,191.0,343.0,88.8,0,-159544.4986510384,22092.491940104
180666.0,259700.0,29433.0,45201.0,500,293,190.0,101,96832.0,90403.0,97131.0,73228.0,88.9,0,21258.18344348829,-34452.48345681767
1471.0,8655.0,734.0,3607.0,1410,2277,1757.0,2981,4542.0,7746.0,0.0,338.0,88.9,0,-161496.07217554052,22214.524723986204
456941.0,586308.0,258118.0,394439.0,1419,1242,244.0,153,372184.0,328043.0,159752.0,143450.0,88.9,0,438263.43338085664,-18018.8462093456
54681.0,83516.0,11255.0,17622.0,418,337,362.0,155,33818.0,31156.0,23398.0,24275.0,89.0,0,-107132.32478088778,7389.710422296659
11859.0,14073.0,2619.0,4510.0,6214,6205,6940.0,6888,18267.0,17605.0,3373.0,3383.0,89.0,0,-147349.98212112894,15552.44053192771
935380.0,1150060.0,114900.0,169641.0,25735,23513,2508.0,2852,1095110.0,860751.0,392377.0,294910.0,89.0,3,1040254.6298188296,-576524.8598099563
25284.0,40636.0,2480.0,4003.0,7339,6321,8137.0,7997,20443.0,19285.0,5830.0,5888.0,89.0,0,-140352.70006925135,14124.718637521535
4723.0,9613.0,72.0,2899.0,281,351,35.0,51,5747.0,5878.0,1958.0,1364.0,89.1,0,-159107.76877372077,20509.79475833722
1331.0,6779.0,266.0,1852.0,215,141,112.0,0,3303.0,4746.0,1254.0,2093.0,89.1,-1,-161632.79805017894,21842.238667557533
621161.0,784437.0,51603.0,62233.0,2244,1212,554.0,235,970761.0,736425.0,332633.0,289740.0,89.1,3,804752.7807933392,-561100.1871095204
8630.0,21688.0,9945.0,20184.0,2420,2561,3251.0,3589,9649.0,10487.0,1153.0,2469.0,89.1,0,-150026.1154351161,26340.68688402977
6424.0,7954.0,1738.0,3525.0,4789,5189,6908.0,7056,14032.0,13358.0,2564.0,2348.0,89.2,0,-152512.80352381157,17150.610964615822
4456.0,15293.0,983.0,2400.0,3209,4168,3829.0,4915,9251.0,12243.0,1038.0,2331.0,89.3,0,-156954.33954745365,19490.882778834024
1673.0,10818.0,743.0,3129.0,545,1530,614.0,1544,1982.0,5778.0,693.0,1275.0,89.3,0,-162367.8912585344,23241.62981748687
4920.0,16769.0,920.0,2097.0,1972,2574,2152.0,2751,5082.0,7110.0,816.0,1044.0,89.3,0,-159480.75255210407,21957.62340407228
47925.0,73453.0,20588.0,33377.0,309,319,329.0,151,65186.0,59398.0,48976.0,40054.0,89.4,0,-71938.5276294529,-13522.64003772143
5754.0,19645.0,2192.0,6131.0,3407,4292,4297.0,5513,10724.0,13796.0,208.0,855.0,89.4,0,-155642.57477159527,20201.46091758358
7291.0,11711.0,3989.0,6917.0,6587,6595,8458.0,8825,21211.0,20965.0,3282.0,3865.0,89.5,0,-146331.3355123046,14640.546801012397
7478.0,22261.0,2631.0,5878.0,1869,2988,2669.0,4203,7585.0,10541.0,2055.0,2006.0,89.7,0,-155527.59423226948,21562.69684110492
3747.0,8227.0,1304.0,2449.0,485,1743,639.0,2604,2253.0,5573.0,557.0,1333.0,89.7,0,-161274.0134595149,23714.875053484076
87400.0,125345.0,7600.0,9169.0,610,372,234.0,111,35395.0,30168.0,29918.0,27725.0,89.8,0,-94327.77068117922,3566.829757615189
168046.0,240958.0,9952.0,12978.0,484,229,406.0,239,245304.0,201664.0,105553.0,94705.0,89.8,0,95388.77657689282,-135503.22634349202
11288.0,23395.0,2313.0,5017.0,6482,8081,9178.0,9912,22328.0,23797.0,3146.0,3588.0,89.8,0,-145530.8867817997,13151.070469421564
2734.0,9223.0,1716.0,4414.0,5532,6547,6592.0,7372,12935.0,14357.0,462.0,2500.0,89.8,0,-155256.5366328213,18125.78615803059
21972.0,47065.0,2562.0,4205.0,3937,3792,5054.0,4975,15482.0,14124.0,6742.0,6244.0,89.9,0,-143650.02391281375,16226.270680924068
4421.0,10080.0,1469.0,4143.0,1459,1582,2047.0,2408,5693.0,6657.0,925.0,741.0,90.0,0,-158982.4320736202,22014.171448133104
253425.0,370078.0,36830.0,54700.0,183,191,0.0,36,295568.0,250573.0,116958.0,112202.0,90.0,0,174721.90736623204,-141837.7698725369
139262.0,211924.0,23278.0,36183.0,349,490,247.0,120,71691.0,60124.0,56863.0,55026.0,90.0,0,-31247.399628411047,-12843.061916134218
82814.0,128041.0,4677.0,9276.0,517,319,134.0,119,40786.0,34575.0,35707.0,28544.0,90.0,0,-91737.049733589,-3922.80620298929
29973.0,51758.0,6570.0,10824.0,118,76,119.0,92,43133.0,40266.0,27021.0,32047.0,90.1,0,-109672.91454366922,-5299.440102659217
49807.0,71598.0,3027.0,5699.0,243,169,652.0,325,43843.0,39665.0,45797.0,37161.0,90.3,0,-95480.66286925414,-13841.606968641594
3826.0,13158.0,17.0,617.0,620,1875,747.0,2147,1611.0,5274.0,440.0,426.0,90.4,0,-162573.27562558267,23252.683517627105
7656.0,21112.0,3913.0,8315.0,3434,3952,3895.0,4505,10707.0,12209.0,1594.0,1707.0,90.4,0,-153240.59790637254,21081.388622795763
5263.0,16188.0,1937.0,4542.0,8559,10181,12290.0,14735,4003.0,4972.0,269.0,280.0,90.5,0,-159700.0944668368,23655.225188014803
11618.0,29393.0,6716.0,12287.0,6431,7070,8014.0,8511,22492.0,23774.0,2753.0,4868.0,90.6,0,-142696.21998738253,16385.766104343184
2958.0,9755.0,2123.0,4307.0,4460,5756,4817.0,5796,11983.0,13730.0,1298.0,2700.0,90.6,0,-155059.52117614303,18650.592364013388
3403.0,13510.0,1443.0,3539.0,2114,2520,2885.0,3316,6475.0,7617.0,670.0,763.0,90.8,0,-159000.98822147373,21584.40724846821
4179.0,8468.0,2149.0,3562.0,3648,4062,4406.0,4929,11590.0,12419.0,2551.0,2967.0,91.0,0,-154250.8377639238,18514.58626372051
64017.0,90569.0,41169.0,61361.0,4457,4320,5511.0,5608,14402.0,14820.0,2979.0,4306.0,91.0,0,-110005.36540637143,50818.55603676896
1042.0,2355.0,1050.0,2757.0,560,1132,971.0,2112,1797.0,4827.0,1302.0,1227.0,91.0,0,-162217.91615447865,23331.34272509274
12125.0,16270.0,3994.0,5684.0,1867,1811,4331.0,4388,11437.0,11069.0,4256.0,5350.0,91.1,0,-149508.62685521125,19685.060801832864
712.0,3031.0,1601.0,13702.0,302,255,93.0,62,1109.0,5391.0,13875.0,38696.0,91.1,0,-150156.55897385548,14674.171189238492
538021.0,640593.0,439749.0,618148.0,2229,1652,406.0,168,522053.0,407592.0,183141.0,154723.0,91.1,3,667237.8081895018,36515.104765100135
152708.0,231514.0,22914.0,31621.0,568,309,229.0,150,147176.0,125049.0,58434.0,54882.0,91.1,0,15304.08071528867,-53031.91353832269
1039.0,4415.0,528.0,2080.0,484,1337,526.0,1674,1733.0,5239.0,63.0,818.0,91.1,0,-163205.25597994385,23437.03590829372
60168.0,88681.0,6055.0,8392.0,133,117,119.0,91,56913.0,51702.0,47015.0,45197.0,91.1,0,-81198.94360430994,-19292.4485601465
9303.0,22062.0,1821.0,4296.0,2743,2770,3848.0,4475,9337.0,10080.0,1153.0,2527.0,91.2,0,-154771.83206306997,20376.54771610348
61377.0,84620.0,9468.0,16625.0,544,244,456.0,206,65572.0,60680.0,53105.0,47804.0,91.2,0,-70748.19299183275,-23630.07806876793
49760.0,75956.0,6464.0,8889.0,194,94,245.0,184,55609.0,54220.0,29996.0,39791.0,91.3,0,-93786.69619935684,-12651.191828536605
2892.0,16937.0,1007.0,3626.0,888,2295,1300.0,3592,3504.0,9848.0,697.0,1310.0,91.3,0,-160968.15696733125,22714.04605902808
16817.0,24060.0,6239.0,10407.0,6657,6558,9046.0,8849,21452.0,20545.0,3698.0,2830.0,91.3,0,-141796.78753158418,16941.291443853017
5716.0,8008.0,1774.0,3355.0,1843,3140,2051.0,3867,5342.0,8906.0,1661.0,1520.0,91.4,0,-158106.5201284517,22179.13600159278
3300.0,9546.0,5.0,1129.0,620,1723,812.0,2229,1975.0,5902.0,0.0,158.0,91.4,0,-162796.35448485438,23192.996448873204
39697.0,65023.0,30176.0,50816.0,415,232,235.0,142,28941.0,26036.0,21222.0,23331.0,91.5,0,-104618.38041352204,24116.92855923767
7381.0,17217.0,1503.0,3261.0,6699,7865,7652.0,8624,17321.0,19656.0,1578.0,3852.0,91.5,0,-150712.33184011673,15408.864619929422
615.0,3362.0,346.0,2131.0,264,803,403.0,1435,1333.0,4450.0,45.0,0.0,91.5,0,-163819.95311582292,23600.500309597428
6336.0,20254.0,2070.0,5304.0,3162,5003,4631.0,6568,12330.0,16981.0,2430.0,3338.0,91.6,0,-153189.76726771798,18205.708187698758
2524.0,7744.0,423.0,2663.0,951,2572,1119.0,3402,2805.0,9147.0,349.0,1311.0,91.6,0,-161978.3661332144,22732.63717676829
2968.0,9035.0,2083.0,4848.0,808,1450,1021.0,2075,3527.0,7482.0,2648.0,2638.0,91.9,0,-159169.10573363825,22690.92052961501
1691.0,10575.0,866.0,4384.0,562,1441,1060.0,2530,3343.0,8202.0,0.0,0.0,91.9,0,-162073.68446479106,23016.471270661637
7810.0,12514.0,1677.0,3733.0,2673,3168,4217.0,4833,11986.0,13583.0,512.0,1015.0,91.9,0,-154424.93458222385,19161.229563204477
8983.0,17657.0,1883.0,4001.0,4547,4709,6844.0,7650,16972.0,19360.0,3265.0,4099.0,92.0,0,-149357.5428294767,15399.09387584858
103345.0,154810.0,6485.0,11437.0,314,256,301.0,140,75266.0,69609.0,66917.0,62118.0,92.0,0,-44866.61633952268,-34540.719417597895
15718.0,27295.0,2253.0,4085.0,2249,2209,4180.0,4257,12223.0,11192.0,2800.0,2726.0,92.0,0,-150070.47587328497,19062.20671045831
19236.0,29619.0,1903.0,3833.0,5932,5908,8011.0,7950,21610.0,21557.0,5878.0,7074.0,92.1,0,-141768.45212613817,12420.36495365891
17413.0,17651.0,2501.0,2802.0,2793,2705,3383.0,3660,9829.0,9623.0,4267.0,2190.0,92.1,0,-150120.11000169572,20249.382755042257
42012.0,72235.0,12489.0,21573.0,116,128,338.0,225,51153.0,51550.0,21020.0,38063.0,92.3,0,-99608.54316276286,-3041.8295810318814
63485.0,107659.0,4538.0,5812.0,43,79,0.0,73,78624.0,72020.0,65138.0,66788.0,92.4,0,-56966.03843403448,-40863.818857595936
1973.0,11601.0,1069.0,3919.0,1813,2906,2151.0,3475,4388.0,7251.0,77.0,1266.0,92.5,0,-161024.9411004462,22435.73582643632
744370.0,1050640.0,56380.0,81024.0,8222,7360,28319.0,25741,275978.0,223368.0,234398.0,189372.0,92.5,0,400383.8204833297,-129533.9125545487
5033.0,12390.0,1282.0,3924.0,2183,2260,4675.0,4915,10568.0,10921.0,2362.0,4084.0,92.5,0,-154955.16306076132,18366.336175834836
14655.0,16994.0,115505.0,184699.0,1091,853,7534.0,7543,12586.0,12176.0,0.0,852.0,92.6,0,-84882.48383847458,106058.34785906554
1380.0,4123.0,593.0,4270.0,1111,1762,1633.0,2344,5203.0,7980.0,0.0,0.0,92.6,0,-161302.467832232,21792.47080798159
2211.0,6064.0,2952.0,5524.0,1434,2102,2500.0,3228,6373.0,8865.0,1146.0,1239.0,92.6,0,-158250.43345400598,22468.8495268191
11839.0,24576.0,2949.0,4645.0,5495,5178,6506.0,5887,17160.0,15532.0,3046.0,2850.0,92.7,0,-148019.695489537,16574.23733121195
2933.0,6873.0,1634.0,4783.0,2803,2998,4390.0,4999,11139.0,12902.0,1857.0,1923.0,92.7,0,-155706.75427456692,18644.01882240764
7807.0,8741.0,1234.0,3872.0,2760,2563,3500.0,3438,9519.0,8799.0,2994.0,2413.0,92.7,0,-154669.98777209385,19125.35624128057
15168.0,25424.0,2240.0,3503.0,8750,9223,10710.0,10789,22164.0,22713.0,1781.0,3322.0,92.8,0,-145082.23200344027,13975.274273200805
6417.0,13939.0,918.0,2476.0,5404,6407,6984.0,7813,17354.0,19417.0,2322.0,3574.0,92.9,0,-151060.63945132418,14659.91850277085
4166.0,11401.0,1613.0,4622.0,3261,3878,4287.0,4801,12577.0,14480.0,1100.0,2211.0,92.9,0,-154826.0416399177,18163.697701398374
680.0,4399.0,0.0,180.0,127,0,204.0,127,2988.0,6075.0,1134.0,1866.0,93.0,0,-162267.06566789036,21832.732745893747
421355.0,515764.0,96068.0,143210.0,1721,1772,39.0,103,962542.0,781557.0,322250.0,280325.0,93.0,3,755990.2609687324,-533083.9154567998
234157.0,345387.0,23317.0,35429.0,891,601,108.0,105,91880.0,84885.0,52730.0,52739.0,93.0,0,8087.939975332061,-14829.252978567005
41234.0,58825.0,4641.0,6324.0,320,143,229.0,156,34671.0,29578.0,25473.0,25613.0,93.1,0,-113698.05518959471,22.79266660912253
5591.0,16602.0,1616.0,5276.0,3206,3637,4597.0,5157,11631.0,12821.0,757.0,2642.0,93.2,0,-154973.99302405788,18832.544398672628
6233.0,12147.0,1086.0,2811.0,3458,3846,4199.0,4755,10011.0,11442.0,913.0,1541.0,93.3,0,-156094.41855925217,19448.434016268857
43578.0,66354.0,15936.0,23790.0,210,121,93.0,60,54581.0,51240.0,44840.0,39054.0,93.3,0,-84026.890886906,-10192.028544563267
16616.0,23644.0,2131.0,3189.0,3415,2919,5481.0,5264,13769.0,12475.0,1514.0,2905.0,93.4,0,-149553.5910547375,18616.77482358233
3957.0,6316.0,540.0,3091.0,2485,2892,2862.0,3556,7585.0,9137.0,842.0,1013.0,93.4,0,-158619.42466755566,20254.78448509036
16174.0,26564.0,2150.0,5542.0,4477,4636,5784.0,5726,13408.0,14123.0,2794.0,1689.0,93.4,0,-149497.8442979149,18541.34896746571
143367.0,207172.0,7453.0,12083.0,610,261,106.0,58,234356.0,201413.0,82699.0,79737.0,93.5,0,66839.23891308383,-123699.78102037602
6762.0,13623.0,1962.0,4374.0,4106,4074,4946.0,5275,11917.0,12430.0,989.0,2173.0,93.5,0,-154204.89499439756,19022.829902361784
10433.0,20860.0,954.0,2535.0,4192,4401,5455.0,5543,14994.0,14174.0,1666.0,3491.0,93.5,0,-151381.3821649611,16474.921641747336
18241.0,16843.0,2367.0,5024.0,4513,4822,6933.0,6405,16528.0,16143.0,3181.0,2861.0,93.5,0,-146598.45080776364,16898.17759517691
606036.0,813478.0,274514.0,385208.0,1797,1392,398.0,237,256674.0,221279.0,127667.0,121477.0,93.6,0,413333.64811398846,81179.54183945293
5955.0,16055.0,1883.0,4454.0,2504,2778,3681.0,4247,11029.0,12943.0,861.0,2700.0,93.7,0,-154979.4327892422,19338.93548139201
4557.0,10950.0,2066.0,6562.0,2256,2605,3102.0,3544,8156.0,9300.0,396.0,1265.0,93.7,0,-157371.7896354223,21265.720403288266
10880.0,18574.0,2162.0,5368.0,3378,3461,5010.0,5209,12220.0,13046.0,1590.0,2743.0,93.7,0,-152226.08286028067,19037.82024315969
4715.0,16627.0,2250.0,4839.0,2630,3776,2877.0,3929,7756.0,10919.0,1292.0,1356.0,93.7,0,-157004.1640718166,21322.898827450976
1438270.0,1703200.0,175991.0,230213.0,1650,1297,431.0,290,294479.0,257755.0,175944.0,161339.0,93.8,3,672063.0699858599,26688.685084543547
5418.0,12992.0,1646.0,3098.0,6201,6288,7824.0,8541,20337.0,20303.0,3993.0,3962.0,93.8,0,-148459.13616127727,12935.79946895486
9496.0,20755.0,1534.0,3318.0,5335,5582,6883.0,7331,19335.0,20699.0,2478.0,2676.0,94.0,0,-148695.88971402068,14371.209241551396
8428.0,15650.0,4787.0,9706.0,3669,3825,4956.0,5463,13748.0,13264.0,3055.0,2770.0,94.0,0,-149935.23540915732,19542.39018001444
12205.0,18041.0,2880.0,4244.0,2890,2981,4141.0,4058,12131.0,12039.0,2683.0,3244.0,94.1,0,-150840.21942511675,19294.699553959752
124076.0,190800.0,21525.0,32228.0,704,329,133.0,162,88590.0,80067.0,73854.0,65818.0,94.2,0,-18124.547061585123,-31512.63346359913
20454.0,25922.0,1215.0,3076.0,5178,5151,6560.0,6823,18091.0,18196.0,3739.0,3603.0,94.2,0,-145318.64550576702,15065.114694415328
16658.0,22489.0,2880.0,2667.0,6271,7077,7397.0,7232,19310.0,17628.0,5904.0,5390.0,94.3,0,-143567.34357834898,14430.070590056835
49181.0,82084.0,2876.0,3848.0,285,272,99.0,45,42560.0,40947.0,32834.0,32522.0,94.3,0,-103250.97660295563,-8360.522289446923
546594.0,613552.0,883968.0,1189640.0,1073,601,384.0,333,461561.0,384772.0,211248.0,179829.0,94.4,3,916336.657037208,394340.56145528745
1998.0,9092.0,410.0,1738.0,128,0,203.0,139,1834.0,5982.0,13081.0,36390.0,94.4,0,-150809.0807706015,14062.45214661937
45409.0,80613.0,2636.0,6037.0,288,272,153.0,44,51557.0,50083.0,27144.0,44335.0,94.4,0,-100220.22893466004,-13404.408236277872
143564.0,219682.0,216673.0,319550.0,5317,5259,7071.0,6783,18438.0,17964.0,3362.0,4063.0,94.4,0,21616.33673191318,187919.23353527096
9938.0,16243.0,3903.0,5576.0,5280,5544,7706.0,7939,16397.0,17871.0,1348.0,2270.0,94.4,0,-149367.72698260366,18210.119848998514
6544.0,12932.0,1229.0,3163.0,2207,2179,3400.0,3861,8248.0,8436.0,492.0,558.0,94.4,0,-157254.84695611062,20795.706293648946
34200.0,52302.0,3251.0,5550.0,7116,6432,8654.0,8563,27048.0,24679.0,6096.0,4738.0,94.4,0,-133458.008363022,11912.67267052933
4703.0,10398.0,2670.0,4537.0,1420,1461,2639.0,2875,7755.0,8865.0,2148.0,2849.0,94.5,0,-156114.95928251927,21142.79352875342
1003.0,6416.0,578.0,2882.0,942,2826,1283.0,4405,3633.0,11377.0,2131.0,4482.0,94.5,0,-160550.88184925343,21257.721159826146
1509.0,6900.0,1158.0,4883.0,3935,5527,5917.0,8372,14254.0,19743.0,0.0,932.0,94.5,0,-155739.63039094547,17268.958707872032
32582.0,48909.0,14252.0,23398.0,53,177,128.0,110,44516.0,43331.0,29733.0,30108.0,94.5,0,-102614.04209331587,-635.7934384940563
3594.0,6150.0,2116.0,5013.0,3774,4339,4665.0,5260,12371.0,12985.0,1883.0,2099.0,94.5,0,-154481.70011734703,18371.54835617124
6314.0,17426.0,1687.0,4105.0,3681,4129,5631.0,6854,13219.0,15404.0,1498.0,4551.0,94.5,0,-153148.32164432568,17579.50381613315
6172.0,15206.0,1567.0,3250.0,4106,4330,5549.0,5822,14226.0,14961.0,2367.0,4570.0,94.6,0,-152302.61209909988,16649.11918596051
2404.0,6085.0,1150.0,4132.0,1650,2860,2446.0,3564,6361.0,8667.0,1603.0,1645.0,94.8,0,-158979.22078344505,20912.407291103067
16486.0,32523.0,3314.0,4526.0,6356,6305,8647.0,8743,24112.0,23833.0,3403.0,5005.0,94.9,0,-141925.12827650324,13061.276823459995
8279.0,18140.0,6179.0,12550.0,8686,9799,10550.0,11882,23201.0,25508.0,2909.0,3886.0,94.9,0,-143774.39198666927,15444.760051925148
23051.0,35649.0,5290.0,10338.0,9401,9627,11622.0,12011,25299.0,25545.0,1722.0,5401.0,95.0,0,-138682.40453150176,14936.661561134342
113399.0,141274.0,13016.0,13896.0,4572,3976,5941.0,5794,15574.0,14165.0,5336.0,5291.0,95.0,0,-108899.49233379518,31565.691926339645
6999.0,18721.0,2222.0,4515.0,4504,5037,5816.0,6597,14284.0,16049.0,1666.0,2016.0,95.1,0,-152377.33368898852,17769.85986373721
5128.0,8465.0,2521.0,3978.0,2609,2719,3608.0,3582,9350.0,9167.0,1114.0,1168.0,95.2,0,-155942.4928330501,20791.738386503872
9641.0,20411.0,1524.0,3242.0,3049,2861,4158.0,4166,9126.0,8069.0,1021.0,1413.0,95.4,0,-155205.77709104953,20490.23152719921
20018.0,36066.0,1556.0,3875.0,4529,4567,5745.0,6089,14439.0,14861.0,1596.0,2514.0,95.4,0,-148455.86322444788,18108.21302241817
3354.0,10613.0,1356.0,4825.0,2803,4890,3728.0,6184,9770.0,16550.0,1882.0,2552.0,95.5,0,-156375.3028877817,19100.82644486632
8875.0,15718.0,2815.0,6438.0,6045,6194,7583.0,7771,14435.0,14891.0,2512.0,2579.0,95.5,0,-150844.88067003788,17927.79698776987
4748.0,9738.0,2377.0,4132.0,1447,1405,3421.0,3467,8842.0,9758.0,2912.0,3684.0,95.5,0,-155175.15214232495,19971.050197884677
14986.0,25041.0,3831.0,5720.0,1508,1711,3876.0,3801,10116.0,8990.0,3090.0,4841.0,95.5,0,-150045.03764849057,20939.30335561584
8189.0,18963.0,2125.0,5899.0,6380,6900,8088.0,8850,18927.0,21321.0,2119.0,3530.0,95.6,0,-149003.41922344096,14946.040581520509
5743.0,18007.0,2641.0,5492.0,4360,5206,5516.0,6154,14771.0,17192.0,1194.0,2487.0,95.8,0,-152401.11341209093,17823.836152894863
19622.0,34262.0,5147.0,9948.0,8007,7790,10515.0,10261,31656.0,30664.0,7104.0,6746.0,95.8,0,-133647.84760669697,9184.763177572151
15212.0,25572.0,1254.0,3339.0,4841,4478,6506.0,6509,18143.0,19601.0,3434.0,3482.0,95.8,0,-147111.1186324218,14791.450990334824
204031.0,294278.0,18549.0,26902.0,901,365,139.0,85,309363.0,251268.0,146361.0,129634.0,95.8,0,172246.96963302206,-179017.83318021314
1667.0,6163.0,381.0,2139.0,0,0,260.0,219,2099.0,4066.0,6389.0,8935.0,95.9,0,-158582.5292823533,19936.88156924205
1359.0,8764.0,0.0,355.0,115,10,257.0,235,4059.0,8025.0,6049.0,11604.0,95.9,0,-157520.4454233817,18314.9529031368
3483.0,11488.0,1016.0,2266.0,219,120,686.0,591,22554.0,23850.0,11397.0,10022.0,95.9,0,-143814.23742343514,7788.324846379784
1202140.0,1042820.0,614961.0,720738.0,20438,10867,270807.0,135768,2189990.0,1060830.0,1749250.0,835398.0,95.9,3,2745605.759719942,-1289095.0531166403
3382.0,7192.0,1592.0,3249.0,1792,2017,2178.0,2388,5688.0,6577.0,302.0,1017.0,95.9,0,-159483.85858548363,22202.58457984964
8958.0,15693.0,1551.0,2802.0,8329,8328,10013.0,10205,18197.0,17111.0,1010.0,2427.0,96.0,0,-150187.95808807196,15490.355577411228
4002.0,13584.0,662.0,3599.0,1583,3315,2277.0,4162,6237.0,10643.0,1699.0,1652.0,96.0,0,-158778.85571371613,20694.195048692432
2200.0,8516.0,276.0,767.0,584,2124,938.0,2746,1930.0,5993.0,235.0,384.0,96.0,0,-162866.7005828725,23230.95448096808
5409.0,14219.0,1177.0,3633.0,3108,3112,4112.0,4503,9411.0,10644.0,2494.0,3143.0,96.0,0,-155634.93123046236,19026.213279616317
50635.0,74576.0,29656.0,46422.0,342,310,153.0,63,71557.0,63492.0,54177.0,51873.0,96.3,0,-57760.559832924526,-13219.654707221229
6025.0,14721.0,3211.0,5501.0,3552,4663,4895.0,6380,10865.0,12218.0,3560.0,2942.0,96.3,0,-152970.62258712234,19515.9810790274
10771.0,17684.0,545.0,1528.0,3255,3699,4837.0,5531,12102.0,14563.0,4369.0,3722.0,96.4,0,-151834.34964820018,16802.95220494084
9005.0,20171.0,2320.0,4331.0,4678,4466,6111.0,6027,14873.0,14160.0,3455.0,2562.0,96.4,0,-150430.69265820616,17009.165151234625
19087.0,32876.0,3335.0,4031.0,6385,6029,7717.0,7944,18930.0,17426.0,5077.0,3343.0,96.5,0,-143460.69375537135,15722.753669011912
2118.0,9662.0,1474.0,5330.0,2791,4094,2714.0,3972,6091.0,8828.0,522.0,585.0,96.6,0,-159703.73506381243,21794.698142844674
6540.0,17129.0,1464.0,4188.0,3210,3774,4217.0,4732,10727.0,11617.0,0.0,1445.0,96.6,0,-155814.59705069443,19690.93022409008
3385.0,13777.0,0.0,934.0,203,85,76.0,55,1321.0,4226.0,10945.0,19040.0,96.6,0,-154852.6789140476,17266.158659455483
65431.0,97909.0,22799.0,37340.0,76,186,203.0,194,67481.0,58020.0,41018.0,40509.0,96.6,0,-67336.79465454048,-9182.25170021905
21429.0,38289.0,2967.0,6054.0,4535,4404,6712.0,6703,19035.0,18215.0,4446.0,4414.0,96.6,0,-142985.42588505824,15612.94323318134
204830.0,272739.0,18312.0,26862.0,1073,667,0.0,58,162733.0,137908.0,94304.0,73945.0,96.7,0,57710.91172804529,-75542.00908940565
36026.0,52940.0,16617.0,26909.0,2268,2403,5932.0,5713,19123.0,17329.0,8081.0,7394.0,96.8,0,-128010.90741695372,25397.74306633468
101846.0,134302.0,18358.0,26578.0,1155,369,434.0,200,63860.0,53946.0,52216.0,43287.0,96.8,0,-54641.85487369266,-11998.83826456782
3019.0,8115.0,0.0,1294.0,762,1886,1074.0,2723,2491.0,6354.0,2069.0,2217.0,96.8,0,-161296.0595181435,21917.202066363967
41516.0,58355.0,15344.0,23025.0,2504,2342,4556.0,4658,13666.0,12615.0,4686.0,4389.0,96.9,0,-132103.13749139316,29311.853049731253
27931.0,42047.0,3788.0,5578.0,110,57,17.0,35,38807.0,34737.0,30011.0,25180.0,96.9,0,-114166.35577710558,-5283.351555932175
13192.0,25606.0,3134.0,5439.0,5630,5706,7444.0,7691,18123.0,17826.0,2584.0,3390.0,97.0,0,-147061.1534223909,16379.169562380705
96178.0,131194.0,7743.0,12484.0,710,297,58.0,73,76779.0,68598.0,64849.0,58203.0,97.0,0,-47209.1286848303,-33694.22187083062
8428.0,14012.0,999.0,2567.0,3095,2998,4016.0,4417,9196.0,9631.0,2105.0,2902.0,97.0,0,-155111.5211099276,19394.73958849742
11868.0,18808.0,2955.0,5545.0,4780,5131,6465.0,6690,16920.0,16804.0,1237.0,3544.0,97.0,0,-148856.95997967833,17210.012874594548
16879.0,26939.0,4631.0,9585.0,7011,7141,10180.0,10727,26392.0,26712.0,4087.0,5345.0,97.1,0,-139379.82435841672,12599.446228057308
7129.0,16464.0,2052.0,4217.0,4406,5309,5227.0,5687,11091.0,11616.0,1722.0,1985.0,97.2,0,-154183.54143412667,19345.191409348918
47127.0,68912.0,7664.0,13122.0,10560,9757,13761.0,13588,33008.0,31992.0,6550.0,6354.0,97.2,0,-122894.29244545428,12682.917759779464
13903.0,24849.0,2020.0,4210.0,4071,4081,5664.0,6050,13824.0,13537.0,1743.0,4017.0,97.3,0,-150159.62379382673,18071.511273269003
906.0,3917.0,914.0,3832.0,1561,2986,2325.0,4495,5891.0,12135.0,782.0,1051.0,97.3,0,-160340.10645686375,21228.034487601755
34912.0,60329.0,2430.0,4387.0,0,89,54.0,22,47457.0,47152.0,19097.0,34935.0,97.4,0,-111299.90604787416,-8163.960577084592
6318.0,16366.0,1695.0,4038.0,3392,3697,4196.0,4768,11793.0,12333.0,355.0,2147.0,97.4,0,-154874.8838936807,19063.852912719078
27894.0,39932.0,3180.0,5228.0,499,389,121.0,81,30175.0,30027.0,24080.0,26440.0,97.4,0,-121827.10229732069,669.6657914779098
15980.0,27834.0,3282.0,7609.0,7104,7159,9447.0,9550,20186.0,19997.0,4461.0,3205.0,97.5,0,-144094.6156954216,15005.153593106132
853.0,5209.0,233.0,2279.0,530,1481,714.0,2110,1782.0,5603.0,1412.0,2624.0,97.5,0,-162479.9500891532,22472.098193621423
8083.0,18393.0,12098.0,23930.0,312,233,159.0,41,16628.0,18232.0,8137.0,15604.0,97.5,0,-139611.43682427504,20031.426406098653
750882.0,1017240.0,179163.0,266305.0,1668,1333,468.0,312,436731.0,351037.0,266921.0,201160.0,97.6,3,580880.1972805791,-134281.29621794386
6436.0,20883.0,1155.0,2707.0,4791,5245,6348.0,7716,14287.0,16442.0,2120.0,2998.0,97.6,0,-152806.78620193616,16628.351915679228
14230.0,21739.0,2003.0,3265.0,4993,5515,6214.0,6353,17113.0,16545.0,5865.0,5479.0,97.7,0,-146090.27099693738,14752.486820522336
6749.0,12580.0,2023.0,3602.0,5353,5814,5878.0,6177,14133.0,14951.0,1351.0,1792.0,97.7,0,-152838.76150057773,17820.757209622243
763246.0,884332.0,1030730.0,1408850.0,738,598,352.0,189,235785.0,194117.0,121838.0,87456.0,97.9,3,890635.3767235909,685612.8708404397
6826.0,10054.0,3361.0,6593.0,6703,6834,8155.0,8472,17860.0,17882.0,2132.0,2391.0,97.9,0,-149488.39412396215,16511.414301482146
5087.0,12712.0,2849.0,6476.0,4094,5315,5171.0,6106,12665.0,15508.0,3408.0,3120.0,97.9,0,-152526.5253600084,18235.08031721578
694.0,4211.0,896.0,3736.0,1549,3218,1941.0,4041,5144.0,10331.0,68.0,388.0,98.0,0,-161275.68705201906,21928.30481228945
249128.0,357394.0,230739.0,315723.0,8042,7945,10580.0,10339,33013.0,31901.0,11458.0,7826.0,98.0,0,76249.87540977518,195500.66470653523
5416.0,15295.0,1613.0,4048.0,1712,2256,2218.0,2768,6067.0,7429.0,1468.0,1975.0,98.2,0,-157907.84945087772,21646.009015195275
10086.0,24387.0,2315.0,4175.0,3297,3496,4943.0,5030,11121.0,11569.0,2540.0,3065.0,98.3,0,-152505.70342674069,19322.11035783886
3616.0,16669.0,252.0,883.0,2268,3412,3194.0,4809,7474.0,10857.0,1394.0,2663.0,98.3,0,-158422.936261733,19654.628877833704
15683.0,29216.0,5053.0,8812.0,2673,2596,6618.0,6977,17410.0,17021.0,4177.0,5026.0,98.3,0,-144521.03434306444,17633.71570595986
7494.0,20726.0,2269.0,4910.0,3132,3399,3668.0,4085,10804.0,10889.0,2132.0,2832.0,98.5,0,-153771.2939910851,19430.166117023724
134228.0,189048.0,20315.0,30726.0,599,277,99.0,138,94767.0,86547.0,68442.0,66715.0,98.5,0,-14506.750292130106,-33308.26718665646
10361.0,26971.0,2555.0,5274.0,3683,4165,5115.0,5635,12803.0,14339.0,1780.0,3090.0,98.5,0,-151689.24398967635,18875.35194148089
3390620.0,1361900.0,14782600.0,12462900.0,15387,4240,4022.0,1274,3470500.0,1639770.0,2624950.0,1064310.0,98.5,2,12971778.083070531,8634761.218885608
20920.0,40122.0,5705.0,11589.0,8071,8139,11054.0,11059,29687.0,29133.0,7396.0,5681.0,98.6,0,-134037.5595536821,10812.60461047324
4115.0,9695.0,2779.0,5523.0,5389,6072,6409.0,7304,14882.0,16118.0,250.0,1952.0,98.6,0,-153301.05107464723,18140.96975965547
46793.0,70710.0,6962.0,11520.0,104,141,0.0,107,29006.0,26739.0,15833.0,22207.0,98.7,0,-118704.56813682578,8914.124709600526
73135.0,114271.0,44652.0,70781.0,417,143,264.0,170,80756.0,72633.0,65889.0,57248.0,98.8,0,-30271.552509176545,-9706.168481743349
344280.0,458005.0,55115.0,84204.0,1202,1027,415.0,134,223391.0,190439.0,122464.0,105440.0,98.9,0,176131.10599820313,-83375.59474317165
26351.0,40435.0,3536.0,7273.0,154,368,267.0,128,30362.0,28352.0,17884.0,18120.0,98.9,0,-126292.43314052525,3945.411150126154
412560.0,512792.0,35819.0,50239.0,3069,3277,36174.0,33898,312875.0,261034.0,225184.0,192023.0,99.0,0,298410.28147625073,-187071.64010943304
2390.0,9122.0,569.0,1942.0,1788,2232,2341.0,2950,5827.0,7596.0,681.0,847.0,99.1,0,-160184.00368071604,21174.2430066041
3323.0,9154.0,0.0,0.0,164,164,147.0,22,10035.0,9201.0,5650.0,6072.0,99.2,0,-154718.40301263044,16168.71198560748
3589.0,10773.0,564.0,2570.0,252,145,235.0,193,2856.0,6346.0,14257.0,30078.0,99.2,0,-150183.42748988612,14244.123973063712
507346.0,615845.0,51774.0,77275.0,1332,1255,512.0,319,1012310.0,807577.0,285555.0,250291.0,99.2,3,762858.5842952477,-570576.1416032088
856.0,4222.0,0.0,820.0,83,0,179.0,77,2331.0,4977.0,1273.0,2816.0,99.2,0,-162347.1305809332,22018.399658631948
42127.0,66298.0,3939.0,6363.0,493,500,500.0,190,56432.0,49760.0,35902.0,44804.0,99.2,0,-93688.67031706106,-18244.001667291523
2534.0,7862.0,230.0,2437.0,1677,2046,1978.0,3108,4945.0,6958.0,688.0,1259.0,99.6,0,-160753.3745227367,21339.06060438065
1503.0,6961.0,242.0,2024.0,716,1597,1018.0,2716,2787.0,7186.0,2563.0,3641.0,99.6,0,-161003.8464442792,21465.71738981304
40508.0,61114.0,7537.0,12176.0,300,264,106.0,79,48712.0,46507.0,20525.0,35212.0,99.7,0,-105085.32855852204,-5047.254674500175
3970.0,14872.0,921.0,3674.0,2881,3642,3472.0,4370,8252.0,10076.0,205.0,1122.0,99.8,0,-158292.954825407,20386.56284375374
5350.0,9327.0,1797.0,3548.0,3431,3437,4485.0,4595,9332.0,9811.0,1109.0,2163.0,99.8,0,-156135.3740904793,20134.16230948004
42543.0,69102.0,8526.0,12484.0,203,67,0.0,0,68358.0,61287.0,44923.0,41952.0,99.8,-1,-80587.18595776016,-23727.70907214418
38058.0,66317.0,28699.0,44693.0,451,290,194.0,86,61296.0,54478.0,37019.0,42413.0,99.8,0,-77565.82146284563,-2369.5870327480407
7898.0,19845.0,1065.0,2691.0,4085,4347,5563.0,6459,13037.0,14397.0,1609.0,2435.0,99.9,0,-153419.13930740912,17583.671045175357
3737.0,13461.0,0.0,463.0,275,143,64.0,23,2791.0,3970.0,15944.0,25910.0,99.9,0,-150443.66701949283,13883.939249532505
922871.0,1042750.0,137650.0,190893.0,1845,1850,0.0,136,1246800.0,944679.0,666883.0,484421.0,99.9,3,1292511.8112261267,-759209.7191823955
114810.0,170709.0,4893.0,5027.0,0,29,0.0,39,112188.0,100152.0,44160.0,52809.0,99.9,0,-33792.942952212994,-45801.27837865997
87578.0,127322.0,9954.0,15761.0,674,243,332.0,146,51910.0,44514.0,36153.0,31952.0,99.9,0,-80145.25876610764,-6135.689813665958
9884.0,18668.0,2099.0,3304.0,5241,5436,7195.0,7597,17697.0,19054.0,2227.0,3894.0,100.0,0,-149049.75684105317,15619.344401608376
3498.0,16045.0,2023.0,6208.0,1173,1184,1526.0,1698,4769.0,5497.0,506.0,974.0,100.0,0,-159617.58234534503,22966.148312497287
20093.0,29174.0,11456.0,16569.0,0,80,71.0,94,27632.0,25167.0,24526.0,21882.0,100.1,0,-121423.61530007844,8225.341281797304
7351.0,14179.0,5012.0,9100.0,4628,4869,5849.0,6137,13611.0,13771.0,2427.0,2609.0,100.2,0,-150534.6515980993,19942.02563297557
1849.0,5047.0,326.0,1999.0,852,2091,1251.0,2622,3056.0,6569.0,1120.0,1089.0,100.2,0,-161796.31283768598,22248.476768012024
1064.0,5821.0,106.0,767.0,847,2342,1065.0,2877,2127.0,6366.0,331.0,503.0,100.2,0,-163156.61594953702,22864.0018362319
3571.0,13205.0,387.0,1534.0,98,0,61.0,0,16654.0,19370.0,495.0,857.0,100.3,-1,-154021.096711989,15375.45512446165
942346.0,1080710.0,89542.0,117886.0,2803,2389,741.0,475,1599000.0,1199660.0,626111.0,511733.0,100.3,3,1451045.9286923106,-973169.647594178
1463.0,4479.0,823.0,1827.0,1374,2874,1649.0,3588,3811.0,8007.0,1562.0,1929.0,100.4,0,-160857.92122186234,21931.29737316913
296609.0,443205.0,28460.0,45338.0,538,352,494.0,154,198584.0,167812.0,101935.0,85153.0,100.4,0,118419.1352524327,-84264.47012263123
34869.0,53215.0,7236.0,10482.0,322,283,280.0,106,31943.0,30260.0,24920.0,23226.0,100.4,0,-116379.42769475772,3497.4223717489367
4132.0,13384.0,1548.0,3992.0,2319,3941,3326.0,5444,8453.0,14110.0,1682.0,3221.0,100.5,0,-156720.90552115906,19980.64901972983
936.0,6202.0,338.0,3375.0,1220,3437,1660.0,4731,3975.0,12380.0,770.0,1407.0,100.5,0,-161678.0434018322,21770.83503770069
35581.0,50627.0,7082.0,12286.0,0,44,242.0,137,37802.0,34891.0,29138.0,25307.0,100.5,0,-110701.78924784584,-1397.445756770252
41286.0,66936.0,7192.0,12549.0,281,153,491.0,195,49394.0,47732.0,28051.0,39336.0,100.5,0,-100485.84229952822,-8693.724289983671
14706.0,17372.0,2979.0,3705.0,4351,4295,6400.0,6353,16469.0,16054.0,4702.0,4688.0,100.5,0,-146390.7254591709,16368.790561372582
22182.0,32088.0,2912.0,3827.0,5755,5778,8512.0,8373,20914.0,20057.0,5641.0,4029.0,100.6,0,-141243.4927854113,14284.249345955432
1148.0,4785.0,0.0,1156.0,242,168,169.0,103,3234.0,5222.0,2733.0,4171.0,100.6,0,-160848.03689185425,20882.90080276323
1676.0,10976.0,36.0,268.0,115,12,237.0,177,3778.0,6603.0,962.0,2301.0,100.6,0,-161493.8731439274,21507.85117472587
813565.0,894006.0,49986.0,69459.0,3890,2853,41884.0,32569,518255.0,369389.0,358532.0,255891.0,100.6,3,621444.6566849083,-309505.5713260475
1283.0,6575.0,0.0,0.0,206,138,118.0,0,3464.0,7055.0,635.0,1021.0,100.7,-1,-162185.6963952179,21905.68038566869
1704.0,9001.0,430.0,1946.0,206,130,83.0,0,2553.0,5273.0,8399.0,13617.0,100.7,-1,-156560.8050733463,18410.15140302417
549384.0,698304.0,43705.0,58669.0,1396,1110,74.0,117,967833.0,779349.0,302850.0,275148.0,100.7,3,759207.8324907853,-558972.9917192567
24398.0,36975.0,3894.0,9005.0,7248,7423,9295.0,9498,25317.0,25016.0,2432.0,6272.0,100.8,0,-138602.70483877504,13598.45671287856
1328.0,4783.0,629.0,3201.0,133,91,247.0,183,5358.0,8312.0,3603.0,4495.0,100.9,0,-158787.4216871714,19902.340082543087
1115160.0,967671.0,261209.0,285904.0,14499,7342,144596.0,70942,1589040.0,731849.0,1356000.0,572836.0,100.9,3,1949625.0374800577,-1075388.0393310045
56717.0,43832.0,7599.0,9761.0,828,379,0.0,105,36416.0,33445.0,32641.0,25751.0,100.9,0,-102689.8390302597,96.65371207188218
66805.0,98206.0,19060.0,29101.0,0,148,320.0,152,60904.0,55317.0,54819.0,43869.0,101.0,0,-65807.89605730465,-13455.378913323984
43379.0,62349.0,6066.0,9871.0,288,266,280.0,136,57976.0,49876.0,47350.0,43467.0,101.1,0,-86131.60892367079,-20977.67759204424
148878.0,228255.0,15100.0,22463.0,613,323,392.0,135,189500.0,160903.0,85837.0,80324.0,101.2,0,49862.689252296754,-94582.23901109945
10194.0,18619.0,2243.0,3860.0,3789,3398,5080.0,5045,12445.0,12288.0,2654.0,2849.0,101.4,0,-151763.5449167621,18561.232721555385
317336.0,462810.0,40428.0,56769.0,1309,862,5221.0,4504,149983.0,127082.0,141794.0,109844.0,101.4,0,127877.34443595292,-64286.3760392652
8493.0,12416.0,3769.0,6422.0,4157,4379,5294.0,5492,15516.0,16472.0,2777.0,4483.0,101.4,0,-149369.46371876483,17681.92414216981
5957.0,16097.0,5139.0,7889.0,2838,2969,3506.0,3765,10857.0,11224.0,980.0,2237.0,101.5,0,-153173.21680058385,21932.841950775983
70629.0,107074.0,11590.0,18911.0,532,267,19.0,63,62132.0,59305.0,52406.0,48661.0,101.6,0,-68604.9898593121,-19370.943922873023
259028.0,384513.0,37724.0,55075.0,684,393,65.0,93,223829.0,178315.0,112887.0,79182.0,101.6,0,129824.48954234611,-96353.8670892694
3207.0,12989.0,1445.0,3812.0,3047,4920,3536.0,5873,8431.0,14222.0,1267.0,2044.0,101.7,0,-157480.56482052224,20150.9315717461
2298.0,6916.0,166.0,1544.0,170,95,117.0,76,6082.0,7567.0,1124.0,1249.0,101.7,0,-160049.08189173604,20513.128378767004
495797.0,645985.0,28872.0,43616.0,1604,1177,206.0,211,658310.0,522970.0,265473.0,234549.0,101.7,3,537852.529076557,-390429.1275424295
2307.0,8295.0,1170.0,3424.0,1976,2707,2890.0,4202,7372.0,10091.0,474.0,1979.0,101.8,0,-158899.8709664953,20709.00176028178
4378.0,8174.0,823.0,2866.0,2863,3325,3384.0,4236,8248.0,10106.0,603.0,816.0,101.8,0,-158091.62063361626,20255.2131418657
12736.0,29863.0,3374.0,7092.0,4478,4506,5720.0,6009,14728.0,14854.0,2392.0,4086.0,101.8,0,-148921.02787473236,18306.018623071854
6734.0,15875.0,1338.0,3364.0,3847,4245,5067.0,5571,13071.0,14341.0,699.0,2289.0,101.9,0,-154058.83121091704,18007.457370534958
14896.0,23024.0,2427.0,4543.0,2893,3035,6152.0,6423,21510.0,20849.0,9659.0,9217.0,102.0,0,-140812.4891123996,10976.99478497417
5928.0,11769.0,1404.0,3160.0,2576,2802,3992.0,4223,12266.0,12820.0,1530.0,3477.0,102.0,0,-154144.3286963983,17979.932710581183
13086.0,24437.0,3918.0,6831.0,5476,5346,6495.0,6557,15962.0,16265.0,2455.0,2652.0,102.1,0,-148016.03330460752,18269.45521076661
3217.0,6557.0,1912.0,3803.0,2555,2702,3108.0,3624,9069.0,10543.0,1612.0,2157.0,102.1,0,-156673.01076383615,20032.22573811076
10927.0,26443.0,2830.0,4077.0,4097,3931,5846.0,5679,15481.0,14605.0,2271.0,3302.0,102.2,0,-149597.88045676672,17502.108048559377
1711.0,6167.0,1155.0,4127.0,4915,6016,5688.0,6695,12418.0,14431.0,281.0,1823.0,102.2,0,-156406.3881388877,18051.4532309095
59214.0,96673.0,18846.0,29333.0,384,220,0.0,65,63501.0,59185.0,49306.0,39893.0,102.3,0,-70154.94035224582,-13186.875472743845
2990.0,9375.0,1102.0,4018.0,1978,2412,2348.0,2974,5854.0,7681.0,373.0,882.0,102.4,0,-159796.72154779668,21708.130680205635
422751.0,517528.0,52124.0,78535.0,1312,937,491.0,219,1069960.0,870951.0,375114.0,328282.0,102.5,3,822472.3820890579,-648169.6296510325
29136.0,45816.0,8809.0,12842.0,79,118,159.0,126,29831.0,28492.0,29538.0,26445.0,102.5,0,-115777.7362879488,3409.3628697782115
12161.0,20292.0,1714.0,4367.0,3309,3338,5092.0,5060,13350.0,11988.0,3308.0,3253.0,102.5,0,-150575.82031754623,17545.65456973937
26639.0,39621.0,5144.0,8140.0,13669,14495,17952.0,18147,36652.0,38717.0,5811.0,5594.0,102.5,0,-129389.151346807,7650.899492770972
18620.0,28077.0,4303.0,8121.0,5381,5004,6918.0,6811,19464.0,17974.0,3733.0,4696.0,102.6,0,-143135.86768411245,16390.071466929403
2722.0,8866.0,1689.0,4083.0,1800,3599,2240.0,4113,5988.0,11560.0,2528.0,2404.0,102.6,0,-158208.33110391186,21132.801230191973
1608.0,6659.0,923.0,2960.0,1178,1731,1709.0,2576,3820.0,5687.0,1023.0,1549.0,102.6,0,-161061.55524456967,22244.64391583754
1714.0,7737.0,533.0,1901.0,3147,4911,3857.0,6389,9360.0,16920.0,1695.0,2718.0,102.6,0,-157670.6044594558,18612.66691034933
19423.0,41399.0,9429.0,17229.0,165,82,99.0,30,29119.0,31459.0,13568.0,21724.0,102.6,0,-127089.76611798446,9501.775411191142
4818.0,8434.0,2032.0,3824.0,6165,6562,7131.0,7345,14095.0,14053.0,3113.0,2815.0,102.7,0,-152480.25854149958,16979.029486096555
43409.0,59367.0,15907.0,27244.0,438,205,0.0,10,42455.0,38632.0,44086.0,32994.0,102.7,0,-92192.53214435212,-2634.7968757424533
4291.0,12493.0,1295.0,4059.0,2301,2798,3428.0,4295,9696.0,12258.0,1834.0,3939.0,102.9,0,-155938.43649551683,18983.689695955323
1865.0,10196.0,640.0,2732.0,429,1244,458.0,1401,1285.0,4512.0,168.0,706.0,102.9,0,-163093.11934362308,23804.3418011854
3127.0,9580.0,276.0,1288.0,1359,1475,1820.0,2215,6188.0,7566.0,1333.0,1529.0,102.9,0,-159506.4895029872,20499.257375093464
5459.0,11275.0,1524.0,3597.0,4127,4543,5394.0,5841,12307.0,13212.0,969.0,2377.0,102.9,0,-154639.10036869132,18361.89137459186
2219.0,5897.0,310.0,1675.0,198,132,260.0,174,4790.0,12558.0,19585.0,39491.0,102.9,0,-145632.5641534108,9825.975125524948
107415.0,154011.0,8903.0,13987.0,302,192,228.0,171,158648.0,139554.0,51725.0,62731.0,102.9,0,-2905.6102154243563,-72082.47566499998
7203.0,14050.0,1205.0,1915.0,5241,5068,6920.0,7199,16978.0,17303.0,1164.0,4149.0,103.0,0,-151282.5405405296,15441.696522562866
2989.0,6875.0,1091.0,4658.0,0,0,103.0,9,2788.0,7101.0,24901.0,40618.0,103.0,0,-143389.49269651555,9624.409954179995
46260.0,70350.0,25147.0,45352.0,0,98,0.0,72,47041.0,47038.0,33920.0,43336.0,103.0,0,-86190.91184402943,4075.004425087165
2009.0,12352.0,444.0,3012.0,2323,4779,3076.0,6202,7879.0,15811.0,0.0,1497.0,103.0,0,-159443.46553028084,20089.98060247967
1468.0,6987.0,504.0,2725.0,240,181,149.0,99,1880.0,4332.0,8233.0,18381.0,103.1,0,-156222.9772041767,18199.916963369706
45022.0,77838.0,9724.0,16776.0,384,292,462.0,226,56547.0,49447.0,36144.0,40349.0,103.1,0,-89930.94711003524,-13149.602834796016
3043.0,19073.0,1467.0,5652.0,2325,5948,2805.0,7337,7458.0,19511.0,983.0,2768.0,103.1,0,-158069.5085601429,20665.924882892054
4908.0,26570.0,1103.0,4783.0,2364,5979,3153.0,7602,7907.0,20001.0,373.0,480.0,103.1,0,-158110.90305638246,20811.29075175101
17494.0,24487.0,2217.0,4206.0,1878,2276,4633.0,4795,13762.0,14170.0,2386.0,5911.0,103.5,0,-148315.24438891918,18033.995369836528
10261.0,18019.0,1979.0,2592.0,3237,3535,4915.0,5316,9724.0,10260.0,3504.0,2484.0,103.5,0,-153076.7240235261,19588.52274875251
3917.0,11709.0,1028.0,5046.0,924,2127,1075.0,2626,2858.0,6742.0,41.0,393.0,103.6,0,-161444.33413987196,23498.92362373592
1593.0,6674.0,688.0,2935.0,1501,2976,1281.0,3502,3371.0,8368.0,323.0,731.0,103.6,0,-161916.29525021266,22653.757218934083
1154.0,7271.0,636.0,2717.0,559,1897,954.0,3144,1873.0,6159.0,279.0,729.0,103.6,0,-162941.55393887477,23393.87205324201
19960.0,37331.0,1980.0,4473.0,5362,5352,7346.0,7622,19680.0,19330.0,4609.0,5191.0,103.6,0,-143470.00953690085,14248.643925902512
7541.0,19250.0,4289.0,9729.0,5268,6058,6624.0,7696,15663.0,17936.0,1717.0,3455.0,103.7,0,-149943.60365230613,18428.657389099983
2583.0,13668.0,2159.0,6490.0,155,95,160.0,77,3445.0,5538.0,2703.0,4283.0,103.7,0,-158989.90935734162,22512.20685922185
915400.0,870115.0,953812.0,1202990.0,5039,3483,1382.0,1189,436762.0,360483.0,144964.0,121544.0,103.7,3,1021675.5238491948,518488.46917327313
3051.0,11824.0,1011.0,3461.0,2530,2963,3291.0,4193,8640.0,10605.0,2132.0,2692.0,103.8,0,-157164.31709605033,19316.97333600892
26085.0,47155.0,9063.0,14247.0,3058,2890,7498.0,7740,17499.0,17148.0,8296.0,9176.0,103.8,0,-136151.0848055045,19465.146398892808
22936.0,45686.0,2219.0,4556.0,2908,2942,7316.0,7723,18092.0,18724.0,4168.0,5998.0,103.9,0,-143326.96465084876,15525.218912595134
4042.0,8526.0,535.0,2041.0,4088,4229,5837.0,5965,12537.0,13802.0,968.0,2059.0,104.0,0,-155605.13879932484,17425.70189752422
70553.0,106005.0,25622.0,38444.0,8191,7598,11538.0,12090,32779.0,32175.0,8697.0,9760.0,104.1,0,-103333.02513587847,27006.47210687125
35826.0,51005.0,4373.0,7647.0,194,150,0.0,39,44825.0,42339.0,29491.0,32518.0,104.2,0,-106939.00383320906,-8323.654587647263
38003.0,62047.0,2607.0,4749.0,11536,11645,16880.0,16703,36302.0,34027.0,5913.0,6522.0,104.3,0,-127241.54287775316,6586.067668880012
50650.0,77313.0,31991.0,48057.0,113,209,155.0,79,54578.0,48631.0,48753.0,37920.0,104.4,0,-70662.64204386044,1400.12286136502
5634.0,17941.0,1004.0,2574.0,8964,8774,10088.0,10212,22612.0,22730.0,2009.0,1844.0,104.5,0,-148772.49134476573,12214.659115753837
198962.0,300147.0,31273.0,45953.0,225,230,14.0,127,101928.0,89472.0,98158.0,86254.0,104.5,0,33741.12755421657,-36578.48471760932
56704.0,88677.0,4183.0,8385.0,451,176,0.0,28,53554.0,48713.0,53484.0,42363.0,104.5,0,-82779.19260884487,-20927.23642227308
11202.0,17421.0,947.0,1954.0,5426,5289,6730.0,7111,18521.0,19730.0,3464.0,4094.0,104.6,0,-148248.09156366624,13962.96754433642
4872.0,9416.0,794.0,3031.0,5561,6286,6032.0,6699,14655.0,15819.0,1400.0,2637.0,104.6,0,-153709.71104970996,16333.220332918623
22020.0,32334.0,2969.0,5084.0,4204,4309,5980.0,6039,14155.0,13237.0,2233.0,2789.0,104.6,0,-146795.62899238567,19232.451623654502
14645.0,24751.0,4207.0,7829.0,9840,9243,11688.0,11959,26571.0,25685.0,1649.0,3647.0,104.7,0,-141648.2016341382,13075.2932730246
7873.0,15095.0,2248.0,4428.0,9003,9656,9877.0,10543,17927.0,18384.0,1112.0,2571.0,104.7,0,-150199.3185259033,16032.684689934138
34534.0,47961.0,4375.0,5565.0,5716,6240,9242.0,9277,22580.0,23286.0,4151.0,5561.0,104.7,0,-135917.0854972674,15708.859294965292
39210.0,65223.0,11356.0,18766.0,444,377,355.0,216,25019.0,23357.0,18544.0,23131.0,104.8,0,-119335.36373929212,12793.267545887276
8846.0,21830.0,925.0,2563.0,9722,10568,10867.0,12270,21874.0,25008.0,2284.0,3234.0,104.8,0,-147826.9383740716,12507.92729326866
9201.0,16518.0,2229.0,4398.0,5236,5362,6814.0,7113,17573.0,17865.0,1100.0,2407.0,104.9,0,-150036.05858858945,16315.808000128982
8719.0,10297.0,2063.0,3545.0,6319,6669,7698.0,7631,17242.0,17600.0,3069.0,4347.0,105.0,0,-149225.24203373876,15410.520599989495
1905.0,12055.0,666.0,4337.0,194,120,92.0,0,1920.0,5775.0,19366.0,58288.0,105.0,-1,-143985.74088958968,9050.69261944602
87745.0,136321.0,22340.0,35947.0,379,273,177.0,100,111925.0,108032.0,69103.0,87146.0,105.0,0,-14918.95290586722,-47511.68020751593
56423.0,77706.0,25617.0,42065.0,127,275,93.0,88,37336.0,31470.0,31685.0,31556.0,105.0,0,-91072.45797595353,12779.811993288942
27264.0,40408.0,3422.0,5592.0,10113,10064,13953.0,14156,32556.0,30649.0,7351.0,5981.0,105.1,0,-131719.39006646434,7998.749280602296
12130.0,17110.0,3247.0,5832.0,29578,28173,31443.0,29742,40760.0,37719.0,14177.0,13666.0,105.1,0,-127557.46952082982,-907.3178130823871
4190.0,11490.0,1411.0,4431.0,11497,13619,11041.0,12508,20394.0,22846.0,1083.0,1981.0,105.2,0,-150612.9270822831,13904.18495851774
6589.0,16254.0,1534.0,3231.0,1969,1946,2588.0,2758,8109.0,9073.0,1211.0,2011.0,105.2,0,-156559.13441057203,20661.965192967265
5601.0,13151.0,643.0,2972.0,2875,4285,4071.0,5589,10208.0,12977.0,2730.0,2312.0,105.4,0,-155483.02675674137,18244.67020335624
5757.0,10103.0,5522.0,10955.0,242,250,174.0,122,3991.0,9306.0,25982.0,31299.0,105.4,0,-140317.65235243802,13500.899166211437
238031.0,357975.0,33072.0,46504.0,1137,642,415.0,256,215820.0,177459.0,96422.0,86647.0,105.4,0,109606.6774810674,-92744.05763269396
46728.0,83250.0,87520.0,133136.0,7850,8052,9482.0,9472,22872.0,23313.0,3350.0,3647.0,105.4,0,-83390.2989567086,80206.99100103937
53147.0,85728.0,4632.0,6784.0,218,219,234.0,98,65997.0,62421.0,43728.0,50076.0,105.4,0,-79943.99797019883,-25353.166846981738
2463.0,12033.0,90.0,1590.0,1576,2526,1990.0,3633,4789.0,9226.0,498.0,1054.0,105.4,0,-161068.29561543374,21402.18722242052
11199.0,22516.0,2258.0,4071.0,4756,5007,6547.0,6943,15306.0,15438.0,1632.0,3161.0,105.5,0,-150259.91674422185,17416.613214500292
2469.0,14568.0,705.0,3105.0,1849,4384,2301.0,5480,5087.0,11815.0,807.0,1610.0,105.6,0,-160298.42074219027,21531.43915764908
4495.0,11788.0,932.0,2835.0,2133,2384,3182.0,3652,7773.0,9054.0,0.0,480.0,105.6,0,-158591.29380795293,20845.002503193176
4211.0,14481.0,834.0,2507.0,2165,2364,2843.0,3243,9545.0,11541.0,2084.0,2616.0,105.6,0,-156433.88839391188,18809.42883259496
18379.0,30428.0,2212.0,3382.0,10593,10403,14594.0,14460,32863.0,33181.0,8118.0,6525.0,105.7,0,-134664.6632035148,5921.46799257052
1008.0,4728.0,355.0,2346.0,460,364,282.0,237,3757.0,6690.0,8752.0,11031.0,105.8,0,-156441.69359804792,17904.000977799078
3500420.0,2468830.0,613983.0,434186.0,65791,25971,400867.0,297019,1801390.0,1232270.0,1581740.0,915290.0,105.8,3,3204324.814203089,-865139.7451655394
12946.0,36320.0,2295.0,3697.0,5556,5871,7606.0,8418,18305.0,19764.0,4036.0,4358.0,105.8,0,-146699.97540006414,15007.467356908077
5170.0,11259.0,1443.0,3004.0,629,1711,1110.0,2845,2973.0,8069.0,129.0,496.0,105.8,0,-160676.3634849935,23801.485133905782
561440.0,711905.0,266479.0,326070.0,4047,3213,627.0,320,263291.0,226137.0,161365.0,137735.0,105.8,0,416267.0597198068,54734.24127082103
210686.0,327802.0,301866.0,464896.0,9257,9563,11430.0,11436,34883.0,33532.0,7689.0,5492.0,105.9,0,104861.50584356756,247271.8234633873
2434.0,8077.0,724.0,4175.0,2260,3889,2752.0,4761,7208.0,12551.0,0.0,780.0,106.0,0,-159636.87238605574,20793.82601863216
20461.0,38299.0,2617.0,4337.0,20,7,232.0,91,25365.0,26126.0,16689.0,23505.0,106.1,0,-131115.89729693916,5124.96793417224
73901.0,119108.0,14278.0,20539.0,366,178,93.0,83,84271.0,74786.0,76823.0,62842.0,106.1,0,-40036.06024270768,-39033.50170934411
4291.0,9779.0,1968.0,4124.0,5476,6039,7350.0,7965,16688.0,16955.0,3441.0,4160.0,106.2,0,-150873.06387115968,15202.24542196451
65472.0,94613.0,59344.0,90882.0,5359,5883,7637.0,8002,20669.0,20192.0,4772.0,4004.0,106.2,0,-94547.06645592292,60837.73881433849
16307.0,34274.0,1843.0,5504.0,4538,4834,6601.0,7094,17611.0,18254.0,1308.0,4277.0,106.3,0,-147550.1565514372,16199.606679133349
11429.0,28731.0,2993.0,6142.0,10114,10621,12467.0,13390,30023.0,31313.0,4575.0,6048.0,106.3,0,-139724.63600049092,8757.095903066596
3365.0,19309.0,1203.0,4791.0,1238,1992,1621.0,2710,4351.0,7446.0,588.0,1395.0,106.4,0,-160265.58418711135,22470.91845722471
16215.0,33585.0,3779.0,8111.0,4916,5222,7158.0,7707,18580.0,19562.0,4156.0,5560.0,106.5,0,-144364.08139360938,16021.647442988547
73907.0,99242.0,15421.0,23451.0,641,334,422.0,207,47465.0,44741.0,37973.0,31232.0,106.5,0,-83042.9461194572,-1126.9566279964129
1062.0,5378.0,525.0,1905.0,1386,2498,1792.0,3650,4315.0,8419.0,1313.0,2057.0,106.7,0,-160976.28915370084,21469.831058815194
5524.0,15468.0,1306.0,2358.0,7312,8428,8521.0,9755,18819.0,20338.0,1178.0,1705.0,106.7,0,-151144.26970779637,14754.374246428535
1079.0,6509.0,288.0,1987.0,194,155,108.0,91,3050.0,7742.0,14358.0,34077.0,106.8,0,-150311.94027864715,13149.473614649913
70305.0,95406.0,7842.0,12234.0,726,339,537.0,153,73406.0,66200.0,38135.0,46751.0,106.8,0,-71589.8719704391,-23271.09052955321
37146.0,65453.0,7259.0,13595.0,130,93,245.0,110,28833.0,26734.0,17785.0,25453.0,106.8,0,-120261.9510405218,7408.465135575723
3611.0,9397.0,2113.0,5270.0,4071,4848,4646.0,5400,12330.0,13707.0,0.0,995.0,107.0,0,-155556.73236895143,19173.91127702809
192598.0,260001.0,171057.0,250685.0,8239,7762,11711.0,11411,28012.0,27350.0,7529.0,5145.0,107.0,0,17808.167240438896,150266.99779337447
6634.0,17889.0,1752.0,3864.0,2962,3279,3911.0,4182,11230.0,11928.0,319.0,1624.0,107.0,0,-155159.97020769233,19515.310486991995
2183.0,11268.0,1266.0,4911.0,1606,3893,2319.0,5040,6382.0,14015.0,928.0,3435.0,107.0,0,-158974.17433677902,20946.444791203176
1825.0,7660.0,1217.0,5038.0,1366,3699,2026.0,4839,5340.0,13571.0,220.0,825.0,107.0,0,-160470.22337324193,22039.474444468546
7264.0,12895.0,2801.0,3938.0,4973,4908,6105.0,6201,14010.0,13596.0,4398.0,3885.0,107.2,0,-150519.45710626224,17209.656518773296
6935.0,13663.0,2564.0,4470.0,5640,6267,6673.0,6949,14786.0,15510.0,3382.0,3337.0,107.3,0,-150894.1050748655,17006.840941729308
38422.0,60694.0,9375.0,15642.0,0,120,179.0,79,33821.0,33775.0,14451.0,28539.0,107.3,0,-116850.15425059016,7116.895679232439
13236.0,24834.0,3597.0,7945.0,3762,3602,5136.0,5590,13840.0,13733.0,2034.0,3818.0,107.3,0,-149335.173388,19141.345961755265
5566.0,14618.0,1682.0,3446.0,3440,4130,4726.0,5416,11810.0,13371.0,1384.0,1770.0,107.4,0,-154703.53613597612,18699.79073255039
52993.0,74164.0,13866.0,19131.0,179,257,213.0,137,70901.0,63380.0,45983.0,46298.0,107.4,0,-71432.76149865398,-21192.60385578033
9434.0,17896.0,3472.0,4270.0,3563,3701,5745.0,5455,15107.0,13828.0,2856.0,2524.0,107.5,0,-149770.55993026035,17990.59621955195
5759.0,10353.0,1546.0,2383.0,2775,3790,2841.0,4174,6622.0,9116.0,2012.0,2484.0,107.5,0,-157186.7402185538,21076.755321834677
6303.0,14269.0,1072.0,2771.0,1226,1254,1931.0,1728,5425.0,5331.0,1056.0,1834.0,107.6,0,-158514.82370670344,21799.158997419585
13091.0,21988.0,1953.0,3392.0,3576,3809,5636.0,5570,13812.0,13182.0,3332.0,3258.0,107.7,0,-149866.45438198972,17542.182227714213
18628.0,32030.0,3448.0,8489.0,2425,2247,5377.0,5639,12911.0,12586.0,8648.0,7250.0,107.9,0,-144575.4496510198,17245.124876813014
27911.0,48840.0,5093.0,10935.0,9148,9664,12249.0,12640,31637.0,31779.0,6214.0,7291.0,107.9,0,-131339.35970603596,9999.029757529986
60380.0,89576.0,21961.0,35316.0,252,205,364.0,228,67745.0,60003.0,50182.0,46498.0,108.0,0,-64054.56210144052,-14219.849946753757
4543.0,13331.0,1792.0,3872.0,2625,3219,3456.0,4069,8439.0,10005.0,1249.0,2811.0,108.0,0,-156720.98055608332,20407.025067939743
277372.0,407118.0,10625.0,17060.0,439,354,392.0,185,197210.0,160532.0,81607.0,69345.0,108.1,0,88866.06713872938,-89559.79971263799
10589.0,26618.0,1501.0,3304.0,2962,3110,4488.0,4817,12217.0,12603.0,3510.0,3464.0,108.1,0,-151706.153358896,17774.45666731053
5955.0,18959.0,3067.0,5179.0,3482,3564,5177.0,5240,14302.0,15063.0,2394.0,2533.0,108.2,0,-151784.167404394,18005.30583874778
3255.0,12008.0,947.0,2572.0,9088,10892,9627.0,11625,18461.0,21478.0,719.0,1937.0,108.2,0,-152444.40388773536,14632.049264478504
2663.0,12952.0,540.0,1960.0,145,45,196.0,86,11989.0,14364.0,974.0,1115.0,108.2,0,-156535.61130399792,17730.372225052968
621376.0,702962.0,80164.0,111772.0,1966,1925,305.0,193,1283110.0,982085.0,512570.0,408228.0,108.2,3,1097723.5987985358,-782973.2336608614
8533.0,19382.0,4619.0,6434.0,3229,3369,4660.0,4572,13686.0,14281.0,2219.0,2230.0,108.2,0,-150515.48180189944,19806.902899643035
1604.0,6258.0,460.0,2020.0,225,146,158.0,44,4044.0,5705.0,909.0,1435.0,108.3,0,-161292.05375517745,21821.575209102783
3769.0,15696.0,980.0,3538.0,239,251,174.0,66,3229.0,5365.0,833.0,1137.0,108.3,0,-160827.11260249288,22882.15704223842
933158.0,1165170.0,707068.0,889984.0,3419,2484,526.0,394,445492.0,329883.0,243821.0,158914.0,108.3,3,938322.4992315086,289514.45290111785
20292.0,31462.0,4009.0,5928.0,4347,4110,6198.0,6111,20561.0,20825.0,7459.0,6216.0,108.4,0,-140194.46412646293,14248.804320003032
19127.0,37611.0,1627.0,3969.0,3742,3833,6092.0,6416,18752.0,19067.0,5196.0,6987.0,108.4,0,-143889.7140124169,13960.818031352605
1865.0,5422.0,293.0,1668.0,243,196,84.0,0,4039.0,6499.0,2514.0,2497.0,108.5,-1,-160388.48143852982,21033.708340736168
2358.0,4376.0,0.0,834.0,261,125,93.0,45,11753.0,10514.0,1803.0,1708.0,108.5,0,-156599.14895474273,17065.631787695733
1762.0,5710.0,0.0,149.0,302,231,43.0,0,4610.0,10244.0,37843.0,64182.0,108.5,-1,-133411.29218708523,131.57616670645805
543673.0,699962.0,66833.0,97977.0,3034,1991,222.0,291,754850.0,630281.0,351034.0,321241.0,108.5,3,683358.4410726641,-450230.2799967509
755911.0,913302.0,408827.0,456404.0,1903,1545,578.0,373,394374.0,319689.0,198686.0,167538.0,108.6,3,657593.8046249601,90715.35350900493
10535.0,21480.0,1704.0,4554.0,4616,4366,5874.0,6336,14172.0,14387.0,1229.0,3366.0,108.6,0,-151580.22809288738,17657.485739096497
45820.0,77897.0,9324.0,15083.0,10,29,0.0,89,11778.0,10558.0,10318.0,7912.0,108.7,0,-132145.4585515899,23692.552051964863
50400.0,79157.0,13847.0,21969.0,360,231,279.0,111,49613.0,47820.0,26390.0,42293.0,109.1,0,-93765.70359913836,-2932.2235317174527
3850.0,17637.0,1457.0,5061.0,3618,4750,4545.0,6152,11886.0,16470.0,1243.0,2160.0,109.1,0,-155342.67751934062,18352.818742064792
45132.0,68331.0,13323.0,22559.0,0,24,96.0,57,47914.0,42679.0,35113.0,28748.0,109.2,0,-95012.50970229114,-3819.958501575613
3335.0,11739.0,1383.0,3665.0,2718,3486,3920.0,4996,9323.0,12142.0,415.0,1158.0,109.3,0,-157527.84164476162,20041.26841066737
5889.0,17343.0,1369.0,3002.0,2392,2676,2957.0,3377,6875.0,7720.0,623.0,1390.0,109.4,0,-157938.77982587164,21429.181677177727
49082.0,81332.0,16526.0,24158.0,514,316,270.0,155,60150.0,52963.0,45370.0,33824.0,109.4,0,-79484.12106478884,-11756.724663978275
10915.0,16442.0,4229.0,5150.0,4207,3587,6173.0,5642,13603.0,13359.0,2386.0,2759.0,109.5,0,-149852.6728449714,19608.448453762427
3018.0,8920.0,1285.0,3186.0,3144,3397,4666.0,5339,10517.0,11628.0,1813.0,3640.0,109.6,0,-155953.36799426223,18494.236421869755
84774.0,114271.0,25293.0,38426.0,454,213,333.0,173,98475.0,87999.0,81124.0,70286.0,109.7,0,-18920.621639714256,-39922.730818951255
9294.0,12351.0,2725.0,5343.0,4994,4912,6482.0,6570,16986.0,17974.0,3311.0,4050.0,109.7,0,-148738.66120610698,16048.496286125366
5682.0,15626.0,2458.0,5786.0,2589,2734,3337.0,3900,8245.0,9046.0,1508.0,2329.0,109.7,0,-156033.0995221244,21083.51364028658
12590.0,22820.0,4068.0,7084.0,5465,5581,7409.0,7553,20647.0,20360.0,3726.0,4796.0,109.7,0,-144539.2841046922,15115.769956416092
72055.0,112691.0,21800.0,34341.0,463,246,19.0,13,54702.0,52506.0,32913.0,41340.0,109.8,0,-76461.85480950699,-25.49584336482076
4794.0,11445.0,1972.0,3985.0,4604,5397,6191.0,6939,14865.0,16890.0,1235.0,2192.0,109.8,0,-153078.1611138013,17222.90514477926
4076.0,14172.0,1191.0,4422.0,2453,3277,3103.0,4134,7836.0,10888.0,1299.0,1563.0,110.0,0,-157752.2253017452,20395.23583089994
8307.0,18333.0,1483.0,3637.0,2806,3081,3918.0,4380,11514.0,13032.0,2129.0,2608.0,110.0,0,-153622.8806335345,18544.21164044677
7021.0,14693.0,650.0,2406.0,4429,4651,5985.0,6181,16429.0,17131.0,2012.0,2467.0,110.0,0,-151875.979308984,15249.757624747936
2569.0,8513.0,46717.0,77258.0,13,0,171.0,72,37786.0,29256.0,12472.0,9890.0,110.0,0,-108200.09777282333,33961.73720520623
9129550.0,3876910.0,9720290.0,15991400.0,102251,20157,29980.0,9690,5979360.0,1659220.0,4732870.0,1184190.0,110.0,2,14200674.61563456,3156203.8698289306
100758.0,156203.0,13888.0,20480.0,1131,754,0.0,13,64575.0,54434.0,52532.0,42004.0,110.1,0,-57313.05856326687,-15786.391412407698
6043.0,13163.0,1028.0,2317.0,4421,4263,5252.0,5574,10894.0,11347.0,1090.0,1997.0,110.2,0,-155535.14230803607,18799.460075316238
7574.0,17797.0,2042.0,4130.0,6344,6831,7599.0,7875,15121.0,15022.0,3920.0,2764.0,110.2,0,-150657.87452624194,16383.371655727384
11728.0,22910.0,4396.0,7824.0,3980,3897,5723.0,5866,13772.0,14453.0,3631.0,4063.0,110.2,0,-148604.12220504702,19108.54277864258
1710.0,12082.0,676.0,3341.0,3985,7798,3923.0,7819,8168.0,16181.0,481.0,1872.0,110.3,0,-158947.84775684963,19884.93555403369
73718.0,120850.0,26934.0,41557.0,442,239,0.0,81,51149.0,46004.0,30733.0,35461.0,110.3,0,-76873.06707535508,7450.16304828451
2423.0,6973.0,231.0,732.0,192,144,308.0,189,2231.0,4945.0,13477.0,15727.0,110.4,0,-153922.8678609711,16504.736632661617
94980.0,144257.0,14630.0,21066.0,653,764,510.0,296,140192.0,105065.0,53678.0,53040.0,110.4,0,-14479.78417058097,-58069.16638079042
1897.0,10151.0,533.0,2753.0,2017,3542,3061.0,5345,8652.0,14546.0,218.0,2756.0,110.4,0,-158683.89897918102,19485.37613792701
924.0,5514.0,387.0,2383.0,535,1935,759.0,2847,2489.0,8030.0,121.0,287.0,110.4,0,-162970.99309308667,22971.753797638004
2847.0,7265.0,2531.0,5055.0,2631,2807,3324.0,3525,7540.0,7817.0,816.0,1185.0,110.6,0,-157804.41876231626,21694.537380271857
128305.0,189028.0,9104.0,12658.0,315,148,178.0,85,42643.0,37002.0,36661.0,32530.0,110.6,0,-72377.7183171612,975.2740354491434
46091.0,65743.0,5553.0,8571.0,435,325,0.0,76,53209.0,50387.0,21016.0,38736.0,110.7,0,-101148.1628465962,-9200.950373213513
98562.0,143528.0,35793.0,57142.0,0,70,348.0,156,70699.0,64042.0,55027.0,43054.0,110.8,0,-40357.04597123861,-3560.792731257701
23146.0,42335.0,4976.0,7841.0,3427,3429,6611.0,6610,16401.0,16551.0,6339.0,5010.0,110.8,0,-141734.25080510668,17961.2191803663
2625.0,8662.0,2169.0,4158.0,3436,4565,5091.0,7075,12063.0,17144.0,2698.0,3752.0,110.9,0,-154272.641761923,18000.735592522506
5001.0,11384.0,873.0,3638.0,1232,3397,1546.0,4664,3685.0,10851.0,931.0,1158.0,110.9,0,-160187.05422691608,22618.221439404624
7968.0,15904.0,1754.0,4106.0,6325,6552,7767.0,8534,14723.0,15092.0,2403.0,3381.0,110.9,0,-151514.64479554386,16824.65939977773
8436.0,18547.0,3558.0,6009.0,4224,4970,7334.0,7743,17244.0,17491.0,2398.0,4096.0,110.9,0,-148792.7178918255,16772.709757808323
5581.0,15184.0,2715.0,5468.0,3880,4307,5582.0,6161,14485.0,16500.0,2446.0,3932.0,111.0,0,-151744.34308871467,17400.76013358992
4035.0,10613.0,854.0,2806.0,3548,3376,4198.0,4692,10138.0,10703.0,1201.0,1307.0,111.1,0,-156773.4686499375,18977.14808235001
41084.0,69778.0,3525.0,5422.0,8867,9350,12667.0,12740,32463.0,30596.0,6546.0,8055.0,111.2,0,-127299.64035279682,9131.877513282678
40002.0,42587.0,5863.0,5774.0,275,155,0.0,19,39284.0,37021.0,41185.0,33247.0,111.2,0,-102269.81616141571,-7898.57790211706
86674.0,118848.0,9434.0,14959.0,0,111,307.0,136,68639.0,63100.0,44145.0,42564.0,111.3,0,-65987.71386061901,-19698.62615218515
1547.0,7584.0,1893.0,6584.0,2848,4364,3368.0,5322,6406.0,9764.0,472.0,1448.0,111.3,0,-159338.1757486048,21798.06250271734
773162.0,1041840.0,834339.0,986465.0,4038,2482,493.0,491,136564.0,118511.0,109151.0,86776.0,111.3,3,716908.5455114709,594530.2232828584
5310.0,12107.0,1309.0,2643.0,3476,3746,5279.0,5805,14243.0,15649.0,1503.0,2126.0,111.3,0,-153542.97005887865,17005.330613741327
18147.0,24335.0,2995.0,5082.0,3461,3121,3997.0,4040,12654.0,12188.0,4417.0,3483.0,111.5,0,-147734.94156759395,18939.72108360217
53736.0,76546.0,8857.0,14191.0,173,222,196.0,79,67420.0,62694.0,47502.0,48396.0,111.6,0,-75020.4261139792,-23878.6695185414
8680.0,13334.0,2816.0,4660.0,4637,4719,6285.0,6582,15195.0,14934.0,1299.0,3246.0,111.6,0,-150939.4809553969,17809.89347575166
4645.0,16395.0,837.0,2968.0,3029,3430,2966.0,3288,7810.0,9100.0,2177.0,2354.0,111.6,0,-157251.0015512321,19783.004208735765
11615.0,20187.0,3862.0,6315.0,6640,6570,8088.0,8280,18897.0,18079.0,3075.0,2798.0,111.6,0,-146578.49492816083,16324.680823834004
88778.0,135684.0,4118.0,5882.0,376,406,242.0,137,89904.0,85026.0,53163.0,53529.0,111.6,0,-50653.46621534739,-39496.00125185662
354440.0,497331.0,60592.0,95621.0,915,560,425.0,195,182848.0,160686.0,95455.0,94082.0,111.6,0,145805.45109777458,-46183.82261678787
10128.0,18702.0,2928.0,5934.0,6080,6122,7915.0,8205,17925.0,18664.0,2818.0,4345.0,111.7,0,-148000.6661628172,15890.27353850595
36435.0,61989.0,12592.0,22503.0,521,297,0.0,0,53258.0,52801.0,31566.0,40956.0,111.8,-1,-94819.58596295828,-8428.845426452866
15028.0,27077.0,1967.0,3667.0,5860,5933,8121.0,8650,22915.0,23313.0,3703.0,5884.0,111.8,0,-143565.1245831668,12344.231010250796
7762.0,11246.0,2760.0,3556.0,5766,6026,6828.0,7087,18064.0,17941.0,3302.0,3503.0,111.8,0,-148707.30916205636,15466.5064187492
7309.0,14711.0,2022.0,4388.0,18837,21823,17591.0,19888,28095.0,30550.0,3051.0,2524.0,111.8,0,-143947.32248107067,9784.390621772924
6806.0,17860.0,1359.0,2995.0,2893,3159,3858.0,3931,10732.0,11385.0,1366.0,1053.0,111.9,0,-155228.50550887792,19227.797772996106
1166.0,5513.0,830.0,3443.0,116,49,146.0,10,2605.0,4885.0,475.0,1190.0,112.0,0,-162252.32615391497,23018.478714590223
781799.0,994878.0,652176.0,896870.0,2286,2042,706.0,439,505832.0,433472.0,241775.0,207039.0,112.0,3,898016.5189099262,198103.5127624508
1679.0,8564.0,188.0,1394.0,626,1474,835.0,2075,1924.0,5859.0,1955.0,2776.0,112.0,0,-161886.08068476003,22222.458230397115
2792.0,14894.0,468.0,2191.0,2096,3359,3001.0,4991,7175.0,12053.0,320.0,676.0,112.0,0,-159562.06786593527,20551.18473652152
992.0,5294.0,0.0,695.0,252,235,184.0,151,1393.0,4377.0,7841.0,24758.0,112.1,0,-156028.79345702854,17280.25145836336
46577.0,79180.0,4579.0,7347.0,267,264,84.0,201,56867.0,53110.0,33258.0,41745.0,112.1,0,-93387.5929929284,-16352.392432484208
46935.0,76558.0,2693.0,4022.0,0,204,0.0,0,65726.0,58336.0,52859.0,50395.0,112.3,-1,-78976.52830952329,-30242.975311799997
11818.0,22600.0,1711.0,3175.0,5027,5910,6397.0,7796,16625.0,19760.0,3537.0,4342.0,112.3,0,-148573.82391747416,15544.067078696837
5439.0,16427.0,484.0,1833.0,575,1405,643.0,2260,1565.0,6365.0,466.0,962.0,112.3,0,-161701.71997863534,23669.095497719
4104.0,17124.0,1043.0,2086.0,3071,3743,3772.0,4477,9057.0,10894.0,1798.0,2816.0,112.4,0,-156706.328035085,19293.034419327683
10581.0,19185.0,2607.0,3355.0,1821,1889,5205.0,5234,11088.0,12215.0,1792.0,3887.0,112.5,0,-152401.39420716927,19725.34387262445
5333.0,12398.0,1665.0,4622.0,2462,2889,3621.0,4051,7619.0,8885.0,1158.0,1683.0,112.6,0,-157232.02027392833,20995.915447534444
613.0,2398.0,703.0,2616.0,79,0,244.0,212,3314.0,4455.0,440.0,984.0,112.7,0,-162164.01348401728,22541.240089094325
1740.0,6496.0,528.0,2086.0,161,31,169.0,88,2288.0,5505.0,21367.0,42991.0,112.7,0,-145619.76247080448,10213.695447283131
500409.0,658641.0,52075.0,79013.0,1291,1393,100.0,228,639704.0,520947.0,268019.0,228528.0,112.7,3,542892.452684102,-362490.4229934374
8146.0,14127.0,2619.0,5517.0,2764,3145,3775.0,4254,9416.0,10520.0,3350.0,2080.0,112.7,0,-153692.08958239428,20186.96524464904
629.0,2078.0,0.0,1161.0,106,7,112.0,90,3348.0,4441.0,4287.0,4392.0,112.8,0,-160198.13671350034,20235.18816716226
267663.0,328253.0,98284.0,142999.0,1396,852,0.0,66,221046.0,192962.0,118493.0,103094.0,112.8,0,173539.06310144978,-53390.24877298256
2129.0,7781.0,4320.0,10807.0,173,67,153.0,91,10013.0,11294.0,1807.0,1899.0,112.8,0,-155047.33441968393,21235.326976705248
669316.0,634076.0,1718920.0,2284350.0,2694,2260,261.0,286,922228.0,692016.0,450469.0,316180.0,112.8,3,1837648.6480854729,692967.6174022934
10034.0,17602.0,1251.0,2945.0,3047,3283,4959.0,4896,14644.0,14663.0,4419.0,3572.0,112.8,0,-150250.6653142632,15926.783522125994
177219.0,260798.0,30800.0,46168.0,299,286,105.0,50,242365.0,207370.0,93303.0,86736.0,112.8,0,102013.71805815752,-112213.27590544744
23794.0,36095.0,11195.0,17655.0,176,181,179.0,179,34447.0,31286.0,21645.0,21310.0,112.8,0,-118045.8234992704,5692.835762066345
36839.0,64123.0,4603.0,7536.0,4118,4322,6293.0,5851,17580.0,17415.0,4077.0,4064.0,112.8,0,-138112.83511994276,18957.762867714264
63932.0,90952.0,12637.0,21422.0,366,280,0.0,59,53622.0,49393.0,38075.0,38628.0,112.9,0,-83168.02932690078,-8355.710192586921
5592.0,6945.0,0.0,1886.0,3259,3185,4747.0,4723,12254.0,12972.0,1164.0,3759.0,112.9,0,-155204.36092827865,16979.53269813058
17816.0,24764.0,4246.0,6599.0,5948,6015,7491.0,7552,19805.0,18535.0,4164.0,4175.0,112.9,0,-143126.10359524746,16036.47008968388
2958.0,13747.0,1622.0,4802.0,3357,4488,4167.0,5332,10411.0,13348.0,2005.0,1988.0,113.0,0,-156027.47869025843,18970.88740817412
588954.0,799065.0,1080700.0,1499430.0,2039,1332,323.0,310,79012.0,68839.0,72279.0,66576.0,113.0,3,751128.9583676765,813890.7352840403
7535.0,23601.0,1012.0,3409.0,3608,4644,4233.0,5223,10776.0,13222.0,2120.0,4090.0,113.1,0,-154302.9671295896,18323.129324903355
7322.0,10011.0,1637.0,2861.0,2135,2219,2891.0,3041,8054.0,7315.0,1885.0,1694.0,113.2,0,-156036.0345169174,20645.782665216368
48628.0,71635.0,14041.0,20661.0,5048,5349,13419.0,12573,30970.0,30305.0,9304.0,10925.0,113.2,0,-117739.99588227572,17153.09997003519
42887.0,61745.0,2363.0,4860.0,499,281,288.0,213,53241.0,46677.0,39947.0,36994.0,113.3,0,-95618.62404919812,-17927.897194080295
81499.0,111348.0,7303.0,9994.0,136,149,478.0,164,86476.0,79074.0,53346.0,55013.0,113.3,0,-52663.42805283987,-36053.598496340586
10945.0,28206.0,1980.0,4864.0,5510,5932,6678.0,7131,15869.0,16176.0,2018.0,2576.0,113.4,0,-150113.55376221894,16842.028604576008
38231.0,44865.0,19572.0,30256.0,77,140,0.0,90,49873.0,44844.0,39868.0,33173.0,113.4,0,-89498.48373570584,-2833.617406864567
56259.0,78988.0,3515.0,4221.0,258,133,225.0,174,74004.0,68809.0,52371.0,52321.0,113.4,0,-70808.90236780184,-33441.93612623535
5597.0,7114.0,1436.0,2389.0,2927,3480,4674.0,4279,9680.0,9650.0,1685.0,968.0,113.5,0,-156018.28943832457,19665.35110371536
2599.0,10283.0,413.0,2073.0,128,23,231.0,174,6536.0,8417.0,2216.0,3080.0,113.5,0,-158737.8421328665,19861.201953555188
498138.0,624662.0,41926.0,60002.0,1727,1281,709.0,301,832891.0,672047.0,367929.0,275116.0,113.5,3,697061.3479500432,-513521.1352927959
4276.0,11997.0,801.0,1678.0,2259,2208,2948.0,3081,7298.0,7716.0,1346.0,2150.0,113.5,0,-158094.873279494,20303.157492245555
3600.0,11970.0,781.0,3929.0,2567,3211,3507.0,4549,8258.0,10526.0,6.0,1319.0,113.6,0,-158550.11302256532,20286.33743235087
7771.0,8630.0,3846.0,8158.0,2808,2956,4447.0,5014,14754.0,16194.0,1859.0,3551.0,113.6,0,-150567.33137651428,18523.30285921116
4003.0,11386.0,899.0,1858.0,2549,2800,3207.0,3686,6706.0,8419.0,653.0,2486.0,113.6,0,-158711.88029431063,20858.845844817213
372437.0,545934.0,19560.0,29908.0,939,459,89.0,69,141754.0,123154.0,76771.0,65138.0,113.6,0,91017.86912959944,-43766.63843513291
6593.0,13081.0,811.0,3318.0,3312,4110,4739.0,5822,12140.0,15363.0,2440.0,2826.0,113.6,0,-154038.98196645133,17438.722969620718
1428.0,8135.0,0.0,451.0,342,960,699.0,2281,1513.0,6834.0,413.0,702.0,113.6,0,-163373.03276349098,23081.897687885248
66881.0,93951.0,39791.0,57304.0,381,131,172.0,113,66822.0,57491.0,59931.0,51161.0,113.6,0,-46648.72789528129,-3577.3917139241457
9050.0,21416.0,1946.0,4423.0,4514,4742,6128.0,6476,15228.0,16534.0,1644.0,2513.0,113.7,0,-151284.44959137583,17145.925689444754
10005.0,31280.0,1929.0,4216.0,4758,5329,6191.0,7328,18393.0,21398.0,2034.0,5162.0,113.7,0,-148601.95056000268,15010.840684518596
3062.0,8797.0,475.0,3327.0,417,1261,569.0,1381,1338.0,4524.0,147.0,259.0,113.7,0,-162863.5505515971,23809.55045135216
5063.0,6248.0,1067.0,2324.0,3555,3857,5064.0,5032,11989.0,11715.0,4648.0,3681.0,113.7,0,-153296.09358149752,16747.742243509896
75539.0,118065.0,9307.0,14294.0,345,197,0.0,64,101652.0,84067.0,38369.0,35456.0,113.8,0,-55254.93304147193,-35389.553238588174
6722.0,11999.0,962.0,3327.0,4071,4597,4846.0,6015,12078.0,15071.0,2418.0,2635.0,114.0,0,-153982.31791433645,17633.973239792642
65032.0,91961.0,10551.0,15864.0,44,115,128.0,132,41193.0,38523.0,31958.0,28458.0,114.0,0,-95488.33990372533,249.2552706392889
28202.0,37289.0,4353.0,6968.0,191,106,231.0,117,34445.0,32632.0,29798.0,24824.0,114.0,0,-116316.70244684444,-2377.085456742196
99612.0,164048.0,153241.0,251166.0,3253,3554,7068.0,7158,18952.0,18806.0,7607.0,6369.0,114.1,0,-27345.577116356755,134399.0756909932
6392.0,17293.0,2258.0,4336.0,3689,3823,5404.0,6040,11832.0,14089.0,1488.0,1484.0,114.1,0,-154084.578322357,19194.34402669424
44609.0,79026.0,15416.0,23354.0,103,110,0.0,0,54257.0,52356.0,31809.0,41708.0,114.2,-1,-89736.96049640926,-6396.382689811519
4123.0,12866.0,1033.0,2836.0,5709,6433,7458.0,8018,16648.0,16416.0,232.0,2972.0,114.4,0,-153183.12022708097,15733.825679963616
213150.0,293899.0,27391.0,41086.0,985,832,0.0,71,217048.0,168615.0,75590.0,62141.0,114.4,0,85139.72790112154,-89232.71118122447
10164.0,19704.0,233.0,1053.0,5942,6354,7812.0,8675,20853.0,21867.0,2015.0,4132.0,114.4,0,-148369.75868209818,12572.660053599076
71422.0,114286.0,12309.0,19547.0,590,390,279.0,103,84863.0,76025.0,61853.0,57873.0,114.5,0,-49417.17467777852,-35362.91178061354
2825.0,6814.0,1148.0,3538.0,433,1143,844.0,1606,1546.0,4431.0,2490.0,3637.0,114.7,0,-160766.5815233171,22941.17974414598
7203.0,17372.0,3585.0,6876.0,6627,7442,7810.0,8551,21325.0,23131.0,1290.0,3145.0,114.7,0,-147578.10716170823,15028.457212164112
98975.0,142910.0,9918.0,14653.0,143,96,402.0,210,94393.0,87484.0,74926.0,78136.0,114.7,0,-27219.99426295984,-47401.67737038775
4883.0,14841.0,1055.0,1916.0,0,0,162.0,67,8009.0,5279.0,556.0,913.0,114.8,0,-157948.51225409418,20585.35142031467
2711.0,15999.0,600.0,2286.0,142,97,247.0,197,6503.0,18941.0,27129.0,66599.0,114.8,0,-136226.7067716499,2867.5019637909645
287275.0,389557.0,63406.0,94721.0,2080,1401,741.0,474,428508.0,344726.0,145040.0,136354.0,114.8,0,291916.4666363994,-202984.9022820097
5479.0,12986.0,1637.0,5372.0,3484,3785,4947.0,5759,12717.0,14284.0,1401.0,2580.0,114.8,0,-154108.78772009508,18054.72808065763
392597.0,560307.0,56072.0,86407.0,756,717,0.0,194,297195.0,244927.0,145475.0,112528.0,114.9,0,244836.4781471289,-127189.64931073322
17307.0,29149.0,2095.0,2748.0,6480,6755,8193.0,8288,20806.0,20962.0,5787.0,3214.0,114.9,0,-143420.39678210666,13425.286704905848
59176.0,87414.0,25423.0,43169.0,272,219,191.0,57,57639.0,50632.0,51281.0,44215.0,115.0,0,-67870.3765992425,-6313.061702762534
14875.0,27646.0,1958.0,3839.0,4360,4399,5660.0,6021,16176.0,16740.0,5082.0,4487.0,115.2,0,-146963.12037670804,15664.05890802806
4446.0,16405.0,667.0,3340.0,3545,4736,5211.0,6996,12154.0,16359.0,287.0,2808.0,115.3,0,-155798.20456622666,17880.14782539653
12733.0,23260.0,2065.0,3657.0,2646,2508,5108.0,5228,6025.0,5410.0,1438.0,1199.0,115.3,0,-155453.432734327,22682.744603690997
5444.0,16625.0,781.0,2762.0,4680,5405,5945.0,6929,15627.0,18646.0,3308.0,3257.0,115.3,0,-152014.34727126567,15120.887558507044
9369.0,14537.0,2243.0,4991.0,3074,3331,4227.0,4507,11352.0,12120.0,2514.0,2448.0,115.3,0,-152770.91425496794,19183.85141520461
5033.0,12039.0,1565.0,3692.0,3946,4320,4710.0,5605,11100.0,12403.0,685.0,2039.0,115.4,0,-155610.33680267973,19148.13688868977
3961.0,8493.0,2394.0,5274.0,3832,3635,5164.0,5508,11508.0,12705.0,621.0,2816.0,115.4,0,-155134.07127778858,19391.71353008396
5764.0,9374.0,0.0,1417.0,273,491,695.0,1502,1710.0,4147.0,2461.0,2939.0,115.5,0,-160545.77544713102,22307.117667672566
3375.0,11531.0,1428.0,3678.0,2086,2701,3305.0,4239,8526.0,11205.0,823.0,1980.0,115.5,0,-157604.08972421347,20251.59810201932
27421.0,48537.0,3633.0,6792.0,10241,10578,11594.0,11688,29662.0,29297.0,5114.0,5015.0,115.5,0,-134346.64473490772,10599.008369808096
4679.0,8724.0,918.0,2193.0,3125,3290,4324.0,4357,10310.0,11271.0,2114.0,2164.0,115.6,0,-155867.49998280327,18556.68813156332
18440.0,24474.0,3185.0,4069.0,6545,6761,9217.0,9254,26039.0,27703.0,5723.0,6059.0,115.6,0,-139056.6653518622,11160.376328190732
124636.0,189163.0,24490.0,37339.0,610,402,0.0,159,139502.0,124665.0,67306.0,64057.0,115.7,0,8648.582205348706,-54055.75309404764
4233.0,9719.0,1393.0,4576.0,2114,2426,2855.0,3290,7514.0,8269.0,515.0,1716.0,115.8,0,-158097.4921467668,20970.35813220418
994.0,5784.0,999.0,3777.0,1084,2098,1520.0,3109,3979.0,7905.0,854.0,1500.0,115.8,0,-161212.73882491648,22233.87754628455
2024.0,5836.0,0.0,2221.0,811,1870,945.0,2612,2561.0,6381.0,0.0,215.0,115.8,0,-162873.63602882347,22772.93100437125
284789.0,396022.0,99312.0,154884.0,632,590,0.0,110,240396.0,209580.0,134160.0,116648.0,115.8,0,199886.17626378423,-68793.0346762412
9798.0,26371.0,2720.0,6636.0,5957,6909,7613.0,8882,16144.0,18078.0,865.0,2971.0,115.8,0,-150351.54853586666,17501.512703971788
45097.0,64676.0,13317.0,21123.0,104,201,280.0,142,66603.0,59361.0,44928.0,41497.0,115.8,0,-77977.86420533764,-18877.52472481837
2016.0,11180.0,1551.0,5898.0,1511,3666,2178.0,5272,5740.0,13000.0,907.0,1304.0,115.9,0,-159590.58346195953,21798.9232600068
2449.0,7184.0,1376.0,4650.0,1878,3780,2565.0,5384,6015.0,12840.0,0.0,173.0,115.9,0,-160012.7307562936,22012.38013932829
3543.0,11916.0,1308.0,2679.0,1619,2595,2350.0,3555,6583.0,9484.0,1617.0,2432.0,115.9,0,-158256.47635493067,20883.939717871363
1158.0,2724.0,0.0,0.0,16,0,86.0,0,11510.0,13871.0,5988.0,5337.0,116.0,-1,-154568.80684623425,15205.226779267648
439.0,2715.0,27.0,230.0,162,75,100.0,0,5061.0,10889.0,1851.0,3379.0,116.0,-1,-160592.29839423165,20274.238624764195
1830.0,6826.0,0.0,0.0,104,14,115.0,62,3698.0,5886.0,15153.0,20308.0,116.0,0,-151880.34209803824,14301.257408652817
622266.0,718308.0,87530.0,120274.0,1459,1224,444.0,300,1267020.0,964022.0,499163.0,418004.0,116.0,3,1088961.4114844594,-765608.2909182524
43059.0,49185.0,3613.0,6382.0,6099,6077,9526.0,9530,25855.0,24953.0,7133.0,6222.0,116.0,0,-130331.60914774604,12932.498662298744
33176.0,48692.0,17852.0,29776.0,137,65,96.0,47,36259.0,33303.0,28491.0,31513.0,116.0,0,-105193.8470545904,6782.559628676769
5013.0,13110.0,1774.0,3641.0,4370,4642,5243.0,6179,12340.0,13898.0,2680.0,2023.0,116.1,0,-153887.900757626,17983.083233523706
2052.0,6067.0,3221.0,6183.0,143,43,216.0,119,54171.0,43344.0,13887.0,13192.0,116.1,0,-123791.42083343989,-8842.618538914452
522.0,2857.0,0.0,0.0,112,0,111.0,34,3389.0,6309.0,5945.0,10901.0,116.1,0,-158328.4817290114,18743.936143970124
1455.0,9617.0,169.0,1048.0,136,0,149.0,47,1695.0,4928.0,25014.0,46598.0,116.1,0,-143951.8814100671,8520.698484112727
2684.0,10232.0,684.0,3185.0,71,0,124.0,8,10439.0,13646.0,68405.0,99576.0,116.1,0,-109329.11029313388,-17504.47561541145
1147290.0,1015140.0,2656520.0,3605860.0,4738,2912,1129.0,815,3970570.0,2465100.0,2819700.0,1805430.0,116.1,4,5578635.373312674,-1186233.641850527
239948.0,345864.0,48990.0,72600.0,651,716,330.0,113,133149.0,114456.0,83669.0,66076.0,116.2,0,64491.95411538202,-29124.449196432382
53963.0,71838.0,20354.0,33291.0,242,151,0.0,84,64661.0,56802.0,50349.0,44959.0,116.3,0,-68956.77749228815,-14110.369014163582
5971.0,13317.0,3417.0,8372.0,9375,9811,9869.0,10624,23222.0,24537.0,2275.0,3286.0,116.3,0,-146529.5734806368,13459.199054737695
13185.0,19515.0,2890.0,5323.0,10110,9940,11556.0,11101,25191.0,23912.0,2642.0,2944.0,116.4,0,-143320.61754113378,12473.618705557734
63975.0,87855.0,16715.0,23130.0,321,254,266.0,150,45096.0,41027.0,37745.0,31870.0,116.4,0,-86771.65164248874,367.073682757884
3214.0,8105.0,1246.0,2912.0,3055,3425,3573.0,4212,10331.0,12062.0,869.0,2032.0,116.5,0,-156730.31479889897,19116.82056841104
4642.0,18451.0,1567.0,3429.0,2114,2558,3008.0,3858,8868.0,11263.0,2211.0,2509.0,116.5,0,-156196.53782214125,19733.866613131257
3435.0,13713.0,181.0,2766.0,657,1391,823.0,1795,1839.0,4483.0,2114.0,3834.0,116.6,0,-161118.97892793518,22193.33046759104
11613.0,24581.0,5841.0,11955.0,11569,13045,14845.0,16566,33507.0,36382.0,2370.0,4772.0,116.6,0,-137278.98962622316,9988.442195962964
67990.0,109230.0,9442.0,14557.0,542,212,20.0,86,87253.0,78603.0,54124.0,68945.0,116.6,0,-52552.26648015146,-38059.74778526477
154018.0,209526.0,9161.0,13384.0,581,444,367.0,214,276011.0,226683.0,99320.0,86859.0,116.7,0,103187.94222649946,-150426.62677843063
9065.0,16243.0,1036.0,2289.0,6169,5887,7930.0,8038,16653.0,17509.0,3264.0,4022.0,116.9,0,-150013.0426632421,14951.15348252463
1804.0,7908.0,0.0,0.0,145,89,181.0,129,1420.0,4179.0,9823.0,24126.0,116.9,0,-154949.0251883055,16755.954080405118
38042.0,60470.0,5597.0,10098.0,76,100,204.0,121,46848.0,43634.0,32217.0,36047.0,116.9,0,-102523.85494747468,-9710.540301370893
9392.0,22288.0,3627.0,5193.0,5090,4868,6741.0,7074,17344.0,17506.0,2262.0,2834.0,116.9,0,-148667.19657274432,17068.845913773017
25126.0,35266.0,5666.0,7322.0,6271,6304,9449.0,9377,24339.0,22207.0,5638.0,4829.0,117.0,0,-136636.74460217342,14655.585640018877
58633.0,78469.0,10649.0,15788.0,198,147,30.0,55,78834.0,72060.0,55842.0,52528.0,117.0,0,-61524.99322961684,-31610.39583754229
17386.0,27785.0,3410.0,5961.0,4726,5031,6462.0,6519,17459.0,17558.0,3221.0,3790.0,117.0,0,-145563.63740691033,16986.213928762387
1251.0,4924.0,544.0,1969.0,2241,3156,2656.0,3861,5752.0,7585.0,0.0,8.0,117.1,0,-161060.9201919429,21455.99206749872
5232.0,7579.0,473.0,2195.0,3366,3440,4675.0,4986,13254.0,13063.0,1704.0,2955.0,117.1,0,-154376.06989183574,16710.25144789214
30393.0,46391.0,4584.0,8077.0,6276,6415,10316.0,10196,28748.0,28235.0,7916.0,6926.0,117.1,0,-131736.28583783138,10816.419826754804
5843.0,11202.0,3115.0,5921.0,4046,4240,5154.0,5627,14630.0,15845.0,910.0,2191.0,117.2,0,-152350.62772287044,18401.321129723263
31917.0,52035.0,3034.0,6196.0,8480,8578,11385.0,11494,29495.0,27594.0,7607.0,5798.0,117.2,0,-132075.15007452856,9623.314725075154
101188.0,163198.0,105643.0,168313.0,15858,16144,19170.0,19864,47956.0,45377.0,7792.0,8703.0,117.2,0,-38365.55425523811,82481.46541905141
11853.0,30360.0,1658.0,3509.0,6313,6283,9734.0,10267,24109.0,24508.0,4905.0,7100.0,117.2,0,-143337.65708514908,10665.488892198817
12133.0,16111.0,4203.0,5988.0,2639,2625,4466.0,4386,10920.0,11470.0,3575.0,3230.0,117.2,0,-150342.8350290391,20647.80364785429
2221.0,8666.0,0.0,445.0,1979,2706,2271.0,3093,5488.0,7588.0,968.0,1417.0,117.3,0,-160531.34941001216,20736.427838980813
81194.0,122002.0,17192.0,26312.0,517,238,68.0,148,93921.0,81622.0,72688.0,63580.0,117.4,0,-32414.69737446378,-40168.72162690319
515.0,2523.0,1644.0,7492.0,1550,4142,1833.0,5412,5290.0,14030.0,1576.0,2814.0,117.4,0,-159699.19630532994,21564.92973827314
52074.0,64447.0,20773.0,29456.0,0,278,143.0,111,39653.0,33699.0,35153.0,24543.0,117.4,0,-93655.11119212072,7360.195416492283
5465.0,10836.0,1028.0,3335.0,3852,3987,4249.0,4717,12353.0,13673.0,1819.0,1844.0,117.5,0,-154608.45348824188,17751.39798142692
7532.0,9660.0,1934.0,3548.0,3349,3135,4893.0,4998,11136.0,9937.0,1153.0,2780.0,117.6,0,-154229.802087594,19334.340894891106
11972.0,14430.0,1562.0,3728.0,3084,3077,4107.0,4118,9561.0,9965.0,2496.0,1571.0,117.7,0,-153488.16912324133,19948.58619477512
8591.0,13910.0,1822.0,2649.0,2557,2840,3869.0,4473,9338.0,10803.0,1985.0,1673.0,117.8,0,-154762.9880664506,20165.679315457022
667954.0,878883.0,81755.0,114855.0,2365,2111,225.0,170,512686.0,380195.0,226741.0,177063.0,117.9,3,516071.2269396434,-238470.1440631378
11611.0,15489.0,5932.0,7739.0,5000,5115,5923.0,6136,13917.0,14424.0,3183.0,2072.0,118.0,0,-148197.2975728965,20621.85530290321
24068.0,38563.0,4265.0,5379.0,14615,14471,17765.0,17308,45950.0,43586.0,5976.0,4477.0,118.0,0,-125702.73826459056,1917.862305869774
23313.0,40077.0,3704.0,4440.0,5464,5523,7409.0,7042,21844.0,20766.0,5580.0,7533.0,118.0,0,-139328.5102075731,14001.48468651692
6248.0,13338.0,3110.0,5709.0,5199,6328,6539.0,7593,17064.0,20161.0,2783.0,2251.0,118.1,0,-149996.21046025289,16499.559190847613
1340.0,8339.0,801.0,4709.0,622,2080,627.0,2334,1340.0,5270.0,197.0,596.0,118.1,0,-163140.3105731003,23864.68561482574
1337.0,7747.0,202.0,957.0,157,29,311.0,338,3188.0,4872.0,2675.0,5201.0,118.1,0,-160543.39314932577,20950.01899580207
1491.0,7529.0,0.0,714.0,174,96,275.0,190,2978.0,4288.0,3785.0,5314.0,118.1,0,-160198.68932768563,20535.9333247341
693138.0,850102.0,127280.0,187676.0,6361,5279,76127.0,64827,458987.0,358215.0,313326.0,245217.0,118.1,3,573141.8103082294,-211500.32800452024
14918.0,26892.0,2301.0,3574.0,5867,6066,8550.0,8509,18603.0,16740.0,3739.0,3510.0,118.1,0,-146178.01879671952,15218.878655121209
44210.0,63745.0,16037.0,23819.0,4698,4300,5803.0,5310,14641.0,14712.0,2792.0,3527.0,118.1,0,-131299.17890714674,30278.443772228333
39177.0,56899.0,5745.0,8424.0,0,76,0.0,60,35862.0,33997.0,33626.0,27445.0,118.2,0,-108977.13749793037,-2896.1105460620747
1162.0,6868.0,87.0,907.0,820,2130,1302.0,3407,3837.0,9455.0,570.0,1251.0,118.4,0,-161951.5807881035,21757.17130207241
5526.0,13983.0,1489.0,3247.0,1039,2281,2006.0,3750,4391.0,9239.0,0.0,403.0,118.4,0,-159822.33862221718,23161.76794290855
13749.0,30347.0,4035.0,8494.0,3766,3743,4987.0,5135,14103.0,14349.0,2055.0,2373.0,118.4,0,-149004.95509890057,19566.97282494196
17205.0,20813.0,3324.0,4399.0,4350,4936,6449.0,6679,15639.0,15692.0,1903.0,2639.0,118.5,0,-147485.6434993602,18478.899127488072
4026.0,7389.0,230.0,1819.0,186,75,387.0,207,7354.0,7670.0,4051.0,2965.0,118.5,0,-157109.3950748136,18797.60462765322
407.0,2462.0,125.0,1309.0,155,31,263.0,217,4364.0,8403.0,623.0,1176.0,118.5,0,-161873.29827790053,21436.994948895648
792187.0,790457.0,115963.0,142301.0,5510,3499,68134.0,47211,757761.0,478939.0,539432.0,323115.0,118.5,3,881024.3210602658,-458687.6937750719
8390.0,20278.0,1805.0,4243.0,3093,3891,3775.0,4451,9239.0,10565.0,2081.0,1780.0,118.5,0,-154827.76513614808,20146.388374861668
1631.0,7972.0,612.0,1861.0,681,2052,801.0,2535,1911.0,6389.0,89.0,15.0,118.5,0,-162991.69021579894,23554.517851344564
12316.0,26231.0,2432.0,4778.0,9781,10630,12513.0,13546,29072.0,32038.0,956.0,5057.0,118.6,0,-142136.61950131314,10245.62467135328
13926.0,21164.0,2645.0,3754.0,107,246,319.0,133,23370.0,21819.0,16406.0,14790.0,118.6,0,-135924.95635104278,7039.108666268337
6170.0,11048.0,61.0,1928.0,203,96,225.0,122,2461.0,8508.0,22563.0,30412.0,118.7,0,-145986.87938865187,11459.903224122878
143360.0,214534.0,11166.0,17705.0,514,404,45.0,103,107204.0,96301.0,64299.0,61868.0,118.7,0,-12847.023994773335,-44184.46650419506
30368.0,42897.0,12287.0,19106.0,55,123,62.0,84,42323.0,36691.0,28243.0,25747.0,118.7,0,-107133.97013236764,-15.750589876188316
9205.0,23850.0,1354.0,3067.0,4166,4644,5272.0,5861,12615.0,13433.0,1714.0,1890.0,118.8,0,-153108.01626180825,18168.752656540364
5357.0,13307.0,724.0,2835.0,4149,4052,5246.0,5363,10786.0,10649.0,2569.0,2499.0,118.8,0,-155228.03013537242,18012.027007808007
31763.0,44707.0,17472.0,27991.0,43,73,0.0,70,45847.0,41858.0,29403.0,34651.0,118.9,0,-99609.9467288127,511.8861155822342
7096.0,13927.0,2583.0,4823.0,5215,5745,6874.0,7508,16108.0,17929.0,904.0,2032.0,119.0,0,-151467.03849696438,17329.313765881918
66630.0,96934.0,10266.0,14761.0,808,365,569.0,235,71727.0,67488.0,52382.0,55756.0,119.0,0,-64153.79431257586,-26797.040516848487
5936.0,14770.0,1822.0,4188.0,3943,3934,5288.0,5806,13984.0,13963.0,118.0,2159.0,119.0,0,-153812.87360300607,18038.49621404469
2849.0,11632.0,2650.0,4432.0,3173,3344,4297.0,5496,10641.0,13180.0,1611.0,3105.0,119.1,0,-155317.8692547529,19594.76542089305
89280.0,141305.0,17115.0,25804.0,420,336,635.0,228,72530.0,63245.0,56444.0,53902.0,119.1,0,-50843.86709173331,-21418.78456683273
39418.0,64975.0,3572.0,6028.0,142,77,342.0,131,46680.0,46342.0,26548.0,38859.0,119.1,0,-105501.17957609394,-9566.458254190897
58870.0,91140.0,8018.0,12233.0,393,184,55.0,153,52067.0,51405.0,32453.0,38907.0,119.2,0,-90924.37709815329,-9583.753333567496
10553.0,21767.0,2791.0,5990.0,6950,6857,7507.0,8058,17449.0,17399.0,1562.0,1868.0,119.2,0,-149210.0344782384,16840.61744105949
109059.0,167594.0,3663.0,5245.0,64,76,406.0,217,119698.0,103647.0,51088.0,46678.0,119.2,0,-30069.562048837422,-52631.220189817024
10754.0,27471.0,2971.0,6198.0,4690,5503,6885.0,7218,18443.0,19164.0,2192.0,5408.0,119.2,0,-147601.79450826987,15744.994625567278
88485.0,129605.0,4996.0,7427.0,967,441,0.0,96,54471.0,50967.0,38353.0,40342.0,119.3,0,-78913.83147832452,-13110.82703999117
3159.0,12828.0,1623.0,4944.0,1816,4901,2155.0,5967,4268.0,11175.0,1311.0,1504.0,119.3,0,-159773.95187818442,22566.55046607237
3147.0,7842.0,641.0,2954.0,1840,5014,2263.0,6189,3845.0,11559.0,228.0,380.0,119.3,0,-161283.80758924896,22562.88549827797
4417.0,14155.0,1778.0,3186.0,1918,2753,2926.0,4096,7539.0,10402.0,2170.0,1894.0,119.3,0,-157004.54526722996,20687.718308721927
49436.0,73576.0,7631.0,11122.0,0,198,481.0,235,52973.0,48450.0,51245.0,38668.0,119.4,0,-85060.69169981623,-17280.341869465396
78392.0,112190.0,6117.0,8621.0,249,218,310.0,136,69308.0,62589.0,59469.0,58667.0,119.4,0,-60408.61971422033,-30540.02068134678
186525.0,274407.0,10682.0,16404.0,456,335,343.0,179,111050.0,104718.0,97220.0,91253.0,119.5,0,23054.6914411037,-58430.71875037246
2296.0,10733.0,1242.0,4315.0,1471,2755,1802.0,3208,4241.0,7659.0,170.0,784.0,119.6,0,-160942.43700154987,22704.96178683813
16484.0,21527.0,841.0,2795.0,6465,5829,8377.0,7722,20748.0,18754.0,4668.0,4104.0,119.7,0,-144820.1285918329,12688.842382201094
6971.0,14473.0,1761.0,2856.0,1378,1507,3336.0,3389,8894.0,9209.0,3630.0,3599.0,119.7,0,-154481.59927775487,19414.285914659045
205321.0,314909.0,8764.0,12750.0,460,365,79.0,183,76980.0,65101.0,32682.0,29311.0,119.7,0,-31266.308676200744,-10134.39027901656
2587.0,11834.0,85.0,409.0,376,1073,588.0,1286,1797.0,4246.0,1301.0,1710.0,119.8,0,-162211.83937668745,22645.26440991984
5246.0,16788.0,775.0,3194.0,2358,2583,2682.0,3166,6765.0,7479.0,488.0,1544.0,119.8,0,-158593.50786267698,21011.591490143543
1420.0,8969.0,729.0,3528.0,1055,1963,1659.0,3039,4947.0,9555.0,503.0,879.0,119.8,0,-160968.35991514046,21745.579258478312
6104.0,10750.0,2559.0,5092.0,4771,5094,6298.0,6562,15910.0,15542.0,635.0,2782.0,119.8,0,-151907.259464061,17325.159814847295
23624.0,31036.0,1821.0,3183.0,8544,8398,11426.0,11083,28518.0,26516.0,7134.0,5392.0,120.0,0,-136280.00493709432,8818.333669786543
147262.0,223037.0,23824.0,36332.0,536,462,20.0,35,99463.0,89449.0,82442.0,76820.0,120.0,0,2530.899534859782,-38245.51881372451
10387.0,19672.0,3760.0,7001.0,3852,3808,5654.0,5655,16817.0,17200.0,2500.0,2929.0,120.1,0,-148442.36247388928,17428.17508752058
6902.0,14770.0,3620.0,6147.0,2748,3056,3188.0,3411,8033.0,9154.0,167.0,1105.0,120.1,0,-155899.95627948688,22788.98482640353
4820.0,12689.0,1793.0,4275.0,4308,5190,4515.0,5576,12402.0,14283.0,2683.0,2534.0,120.2,0,-153817.12078048548,17877.017220030186
5283.0,20327.0,2245.0,7116.0,1821,2327,2549.0,3356,6252.0,7988.0,1339.0,1460.0,120.3,0,-157621.2880085279,22132.84615717204
11051.0,17825.0,1392.0,3003.0,6612,6874,8083.0,8567,18773.0,18757.0,2044.0,3355.0,120.4,0,-148667.46223197377,14735.92547087672
6587.0,8805.0,1187.0,3561.0,2693,2730,3819.0,3832,10252.0,10972.0,0.0,2008.0,120.4,0,-156132.30716144916,19656.976086588325
2219.0,7279.0,1059.0,2598.0,1929,3742,2234.0,4257,5552.0,10129.0,1634.0,1824.0,120.4,0,-159494.2120171791,21228.515896945693
975.0,3597.0,53.0,1057.0,61,37,143.0,31,4658.0,6143.0,1695.0,2653.0,120.5,0,-160824.18457107458,20704.12223187463
672906.0,877384.0,102950.0,123985.0,5287,4290,1003.0,601,456768.0,350656.0,152553.0,109836.0,120.5,0,453545.46061132266,-157983.85736748646
10649.0,16586.0,1738.0,4248.0,2346,2681,3529.0,3374,8943.0,9877.0,1242.0,2076.0,120.5,0,-154645.77415757783,20656.70177186902
246840.0,363509.0,21654.0,33603.0,1121,699,163.0,79,164486.0,143022.0,73003.0,65709.0,120.6,0,62903.32566151832,-62568.73692652843
44073.0,74016.0,10323.0,17599.0,80,105,209.0,151,53567.0,50563.0,38716.0,41625.0,120.6,0,-90127.29192548858,-12204.156777892364
49529.0,66363.0,12281.0,17662.0,460,245,371.0,222,55836.0,50835.0,43736.0,44053.0,120.6,0,-83232.9981523111,-13528.262691338772
8437.0,17494.0,2222.0,4701.0,5263,6039,6419.0,7286,14916.0,16729.0,334.0,2280.0,120.6,0,-152130.5214534394,17948.308973234052
831.0,4360.0,94.0,860.0,88,0,177.0,78,9936.0,20120.0,3102.0,6932.0,120.6,0,-156543.67569727867,16832.6281507464
2190.0,6543.0,221.0,1305.0,101,56,81.0,6,4756.0,4272.0,10194.0,7808.0,120.6,0,-155479.8257918357,17325.7026664266
1872140.0,1298880.0,607033.0,509924.0,5848,2429,1281.0,545,3180050.0,1550760.0,2003920.0,953780.0,120.6,3,3640465.613339853,-1876390.6215308453
81926.0,126510.0,13232.0,20322.0,0,118,526.0,196,50429.0,45551.0,43779.0,36338.0,120.7,0,-76575.43902606612,-6424.162453972116
6389.0,11617.0,1855.0,2445.0,3219,3415,4981.0,5012,12427.0,13282.0,3040.0,2440.0,120.7,0,-153118.21561676287,17917.587372857713
7027.0,16924.0,1349.0,4143.0,3659,3801,5225.0,5475,13503.0,13254.0,3318.0,3421.0,120.7,0,-152318.6550275484,16777.106911476578
11792.0,17747.0,3688.0,6440.0,6392,6457,8029.0,8377,21152.0,20267.0,2683.0,3172.0,120.8,0,-145494.78652727822,15074.99863621726
18307.0,28298.0,2549.0,3453.0,182,133,298.0,228,32766.0,30457.0,17815.0,20190.0,120.9,0,-127802.68025964606,1039.7982700575085
2436.0,9425.0,1424.0,5011.0,2133,4424,2669.0,5897,7489.0,14948.0,1942.0,2793.0,121.0,0,-157827.3785646588,20248.203836870067
4541.0,14650.0,1139.0,3146.0,3058,3430,4633.0,5422,10134.0,11378.0,1933.0,2730.0,121.1,0,-155864.29438948515,18789.27209310381
66870.0,82382.0,7176.0,9931.0,367,215,0.0,71,32075.0,27041.0,34763.0,24913.0,121.1,0,-101252.0385304138,2268.9807366648747
16134.0,27515.0,1447.0,4357.0,3557,3768,4652.0,4506,12404.0,12577.0,2146.0,2479.0,121.1,0,-150650.77536447605,18641.85126336208
99037.0,149797.0,13105.0,20792.0,626,259,128.0,106,68361.0,58711.0,51824.0,52787.0,121.2,0,-54710.72967381531,-19812.92514226289
9755.0,17992.0,2219.0,4809.0,4819,5040,6567.0,7200,17407.0,18838.0,2596.0,2821.0,121.3,0,-149197.90150236178,15881.596944805362
106186.0,154818.0,19130.0,30467.0,258,288,534.0,214,87923.0,75928.0,78992.0,65951.0,121.3,0,-23258.24238077199,-36041.82161880637
2445800.0,2041080.0,1446620.0,1923150.0,47281,34727,41375.0,33423,179440.0,146019.0,107332.0,71603.0,121.3,3,1635878.0939575846,1165022.852898905
210533.0,308594.0,31510.0,48369.0,545,491,316.0,162,208791.0,176465.0,111064.0,103100.0,121.3,0,105543.20506057703,-99393.50203528668
16465.0,31692.0,3587.0,5525.0,5387,5505,7450.0,7710,21437.0,21462.0,3256.0,3243.0,121.5,0,-143626.9468223705,14990.054524613346
56651.0,82669.0,9245.0,13803.0,666,303,0.0,45,58078.0,53843.0,67232.0,55581.0,121.5,0,-68697.28615954971,-25921.31789758048
162590.0,215302.0,19838.0,24504.0,3345,3220,7630.0,7491,19190.0,18757.0,8952.0,8564.0,121.5,0,-84860.7938210366,36829.88381095264
903.0,5521.0,681.0,2538.0,1622,3257,2176.0,4472,5240.0,11021.0,1129.0,2132.0,121.6,0,-160493.52618815444,21133.04620803785
7715.0,16334.0,2674.0,5795.0,4726,5002,6788.0,7285,18572.0,21065.0,3642.0,3503.0,121.7,0,-148339.766712219,15007.74266693099
546603.0,753846.0,43984.0,65596.0,1354,936,7511.0,7277,192638.0,168395.0,193024.0,159527.0,121.7,0,259256.6925049418,-91241.72601539153
2239.0,9090.0,841.0,2526.0,3916,5768,4690.0,7012,9788.0,14533.0,1.0,571.0,121.8,0,-158227.5502498266,19523.76011238474
2297.0,11506.0,509.0,3450.0,607,1498,930.0,2537,2340.0,6426.0,1480.0,1829.0,121.8,0,-161649.29533641908,22580.13837487893
35562.0,63612.0,5501.0,9465.0,291,108,237.0,92,43643.0,41432.0,25389.0,34045.0,122.0,0,-108637.89396347072,-5703.427598557748
4029.0,7628.0,1623.0,3766.0,2237,2255,3465.0,3593,9039.0,9929.0,1255.0,2235.0,122.1,0,-156751.48906074604,19995.60483752953
8520.0,13379.0,1716.0,4315.0,6304,6325,7783.0,8178,17949.0,18437.0,2397.0,2961.0,122.1,0,-149650.52516096857,15170.404039657413
8070.0,17227.0,3292.0,4501.0,6274,6741,7472.0,7961,19971.0,20657.0,1111.0,2409.0,122.1,0,-148433.1129434982,15756.285257431471
1496.0,7264.0,607.0,2613.0,550,1782,646.0,2204,1864.0,4472.0,319.0,273.0,122.3,0,-162914.55811303132,23452.64058279965
27069.0,52627.0,3530.0,4982.0,5941,5687,9179.0,9138,29551.0,28217.0,9003.0,6177.0,122.3,0,-132612.99791446066,9078.565797819829
55311.0,87361.0,9810.0,12373.0,499,231,0.0,37,60716.0,53650.0,53441.0,40053.0,122.3,0,-76354.8198965804,-20251.50522840528
101343.0,149278.0,22668.0,35636.0,550,347,153.0,110,56469.0,46618.0,55409.0,41597.0,122.4,0,-55165.88449852842,-5630.361079900249
230013.0,340386.0,11325.0,16483.0,545,606,24.0,104,181823.0,156678.0,90785.0,80108.0,122.5,0,71653.15611868331,-88885.93100308054
3899.0,10336.0,1666.0,4391.0,3458,3723,4097.0,4406,10983.0,11245.0,947.0,1262.0,122.5,0,-155995.12175523382,19221.9739751934
372892.0,534940.0,32106.0,47546.0,637,583,11.0,156,199860.0,176168.0,124387.0,104484.0,122.5,0,159412.85876320864,-86632.99799510834
1855.0,7485.0,2313.0,4918.0,127,62,207.0,140,4510.0,4816.0,728.0,1097.0,122.5,0,-160000.26913918718,23106.25780763526
676901.0,769085.0,897846.0,1246420.0,4201,3154,651.0,419,240546.0,191334.0,116163.0,91834.0,122.5,3,785181.9809382112,576889.2989885311
33661.0,51132.0,5764.0,9268.0,284,175,98.0,172,39511.0,38125.0,29158.0,34215.0,122.6,0,-109612.27017603796,-4709.31837795247
97876.0,146807.0,12408.0,20531.0,653,506,215.0,115,89756.0,75134.0,55938.0,52639.0,122.6,0,-41790.19699424054,-33231.12002895492
2476.0,9287.0,176.0,901.0,212,148,158.0,81,9218.0,11579.0,1965.0,3070.0,122.6,0,-157551.0757917041,18320.99921769524
4985.0,20666.0,338.0,2717.0,130,31,65.0,0,4385.0,6020.0,994.0,1101.0,122.6,-1,-160110.6352418667,21813.352461966464
559038.0,655577.0,53575.0,69354.0,2250,1708,357.0,243,985695.0,719298.0,379276.0,267853.0,122.6,3,811986.1888191812,-584679.0912665055
1629.0,7774.0,971.0,3804.0,2250,3062,2796.0,3949,7364.0,10838.0,120.0,110.0,122.7,0,-159722.47302192933,20891.637516146875
52288.0,85642.0,9212.0,14955.0,269,288,0.0,21,66920.0,59449.0,53764.0,48541.0,122.7,0,-72641.40133979302,-25549.7149455992
15707.0,30677.0,2193.0,3051.0,4204,3910,5955.0,6113,15587.0,15340.0,2446.0,3635.0,122.7,0,-148243.9504935752,17214.53132733962
16282.0,11609.0,1357.0,3277.0,6989,6368,7713.0,8256,17811.0,18514.0,3499.0,3025.0,122.7,0,-146927.8423831378,15180.201357321326
18701.0,31381.0,6028.0,9384.0,355,248,54.0,55,21171.0,19872.0,8622.0,14712.0,122.7,0,-137209.8655591179,13743.249569935488
34848.0,56387.0,9087.0,13610.0,746,591,336.0,174,40538.0,34981.0,27706.0,24623.0,122.7,0,-109012.5824480749,-818.2559255826418
10136.0,13601.0,2435.0,4019.0,4487,4875,5585.0,5480,13482.0,12903.0,4129.0,3615.0,122.9,0,-150279.98785391296,17553.77144853536
19045.0,34527.0,4045.0,7164.0,9055,9697,11008.0,11789,26749.0,27382.0,6912.0,6756.0,122.9,0,-137279.9651131358,10998.760878940342
2929.0,7237.0,492.0,2142.0,2292,2440,3384.0,3845,7925.0,8462.0,1926.0,1598.0,123.0,0,-158189.13404953203,19516.549524574304
4133.0,22939.0,1452.0,4762.0,2903,5223,3692.0,6735,9026.0,16739.0,1368.0,2797.0,123.0,0,-156674.68582185984,19767.393408979777
1115.0,6484.0,314.0,2657.0,1136,3677,1688.0,5268,3695.0,12808.0,411.0,961.0,123.0,0,-162031.9348132963,22097.168595028263
3249.0,6521.0,68.0,1184.0,11,72,109.0,79,4377.0,4490.0,1512.0,1060.0,123.0,0,-160599.3464476044,21319.471395860663
335568.0,465399.0,34128.0,51619.0,364,533,247.0,162,337417.0,268476.0,132449.0,120043.0,123.0,0,231107.99397398045,-166396.8306110006
59046.0,89638.0,9816.0,15934.0,394,237,171.0,133,36723.0,32281.0,30467.0,29126.0,123.0,0,-100886.33068425312,2039.7732434691932
425214.0,575886.0,169864.0,249289.0,2142,1616,501.0,295,229350.0,200158.0,134751.0,101341.0,123.1,0,278172.7453869643,3204.11807951871
7889.0,13708.0,1242.0,2925.0,3198,3862,4177.0,4884,9865.0,12062.0,732.0,1221.0,123.1,0,-155691.1775978551,19872.720976508062
7704.0,14146.0,2513.0,4997.0,4495,4860,5759.0,6170,14481.0,14676.0,3037.0,3752.0,123.1,0,-150940.66276912153,17239.93274976289
3632.0,20353.0,1036.0,4880.0,2990,4840,3905.0,6382,9973.0,16528.0,620.0,1719.0,123.1,0,-157086.3232786139,19306.40189445449
12633.0,32374.0,5554.0,9348.0,4831,4944,6598.0,6719,17281.0,17465.0,3561.0,4889.0,123.2,0,-145573.50902136666,18089.458445172582
8347.0,11787.0,726.0,1754.0,2443,2387,4319.0,4097,11102.0,10551.0,2142.0,2577.0,123.3,0,-154285.20142099046,18190.76784229304
79954.0,125645.0,27955.0,45503.0,471,485,160.0,109,76220.0,64743.0,56304.0,51193.0,123.4,0,-45917.87476792546,-15427.067666434
16415.0,33654.0,3391.0,5436.0,4468,4730,6775.0,7107,17817.0,17722.0,3029.0,4859.0,123.4,0,-145593.5897542133,16620.533517372103
49691.0,80321.0,6684.0,11310.0,25,89,64.0,28,53306.0,48479.0,36609.0,42241.0,123.5,0,-91486.02987676392,-13796.59803913602
29099.0,43672.0,5527.0,9086.0,0,115,216.0,188,27472.0,25424.0,22440.0,17220.0,123.6,0,-123888.60459878022,5823.248413394365
61479.0,104513.0,6615.0,9625.0,735,463,106.0,55,76793.0,66720.0,73179.0,64730.0,123.7,0,-54039.80903553705,-40835.0720860768
61229.0,88062.0,9708.0,13663.0,471,216,59.0,88,72580.0,62850.0,53303.0,51765.0,123.7,0,-66007.495469514,-27831.298921586385
2635.0,11708.0,1745.0,5990.0,2338,3077,3213.0,4525,7370.0,9844.0,141.0,662.0,123.7,0,-158833.24011338849,21468.278011448318
3438.0,7189.0,1812.0,4011.0,2323,2616,3253.0,3649,6577.0,7786.0,556.0,796.0,123.7,0,-158760.43104167684,21847.186261977527
297405.0,424539.0,21211.0,28054.0,1049,395,256.0,106,231013.0,178765.0,126762.0,101806.0,123.7,0,146627.59132106914,-117653.79655369844
5347.0,15529.0,1780.0,4111.0,1794,2003,2057.0,2336,6033.0,6620.0,0.0,207.0,123.7,0,-158830.05149586464,22521.37648396515
74346.0,111498.0,30628.0,47026.0,945,371,387.0,141,78490.0,71427.0,62054.0,55300.0,123.8,0,-41524.41391427208,-17512.800099081105
6716.0,16039.0,3215.0,5580.0,2799,3009,4112.0,4399,13453.0,13971.0,2377.0,2837.0,123.8,0,-151883.01518073535,18589.05183090327
7665.0,15580.0,1694.0,4380.0,5640,6615,6728.0,7626,16237.0,17641.0,3042.0,3392.0,123.8,0,-150518.64453051594,15728.52031528837
8579.0,14185.0,2507.0,4542.0,3174,3516,4035.0,4313,9825.0,10535.0,1351.0,2088.0,123.9,0,-154310.66942569643,20580.215671197933
29049.0,41205.0,3223.0,5817.0,19696,18860,22688.0,22889,50922.0,49132.0,7716.0,6770.0,123.9,0,-120743.72722547528,-2037.8451916574195
436348.0,598690.0,38783.0,56756.0,1568,1395,365.0,185,196719.0,148905.0,110532.0,89608.0,124.0,0,173043.92993410266,-68440.92162868154
3007.0,9202.0,1857.0,3904.0,2332,4587,3036.0,5854,7205.0,13777.0,3724.0,3365.0,124.0,0,-156624.43814476032,20101.0498883982
26833.0,50379.0,4904.0,8215.0,1123,797,43.0,11,26766.0,25099.0,22934.0,24832.0,124.0,0,-123835.91693647046,4334.604667788102
127179.0,184212.0,24112.0,35559.0,4749,5475,5388.0,5516,62134.0,57755.0,51745.0,47603.0,124.0,0,-43519.90171296967,-5235.623285103677
3856.0,13005.0,1436.0,3359.0,2613,2927,3440.0,4077,10118.0,12405.0,269.0,1018.0,124.0,0,-156982.48212978643,19762.37983117777
387673.0,519972.0,75245.0,113362.0,858,483,234.0,171,233847.0,195365.0,156532.0,126104.0,124.1,0,226975.24753839007,-84637.93329205966
232771.0,344434.0,34749.0,53727.0,257,267,0.0,46,334717.0,279066.0,130464.0,109515.0,124.2,0,194283.7406448323,-170037.11590340207
83389.0,113004.0,30225.0,47680.0,26,95,278.0,165,94657.0,87433.0,63844.0,60721.0,124.3,0,-28167.817181344668,-27156.376811186343
232043.0,316910.0,272621.0,409106.0,7327,6856,14584.0,13614,31789.0,30398.0,15176.0,13917.0,124.3,0,97611.6315265936,224622.3958871464
208757.0,273105.0,34221.0,52816.0,939,553,112.0,111,327117.0,268549.0,137997.0,117285.0,124.3,0,186872.4926551398,-171751.8082685652
56226.0,80656.0,18181.0,27148.0,334,267,295.0,135,61921.0,55969.0,57321.0,46164.0,124.5,0,-67610.29606166652,-16610.07990707927
1104.0,4506.0,3000.0,10679.0,91,0,225.0,172,12213.0,23005.0,4206.0,6015.0,124.5,0,-153127.61617237175,17604.221739511748
1606.0,10254.0,3491.0,13357.0,59,0,108.0,0,16980.0,31474.0,2441.0,5636.0,124.5,-1,-150919.99923631968,16097.417548072215
1898.0,9675.0,662.0,2706.0,80,0,121.0,21,4956.0,8473.0,7049.0,9014.0,124.5,0,-156444.36360835034,18408.049791091813
1229.0,7732.0,32.0,1198.0,152,33,125.0,0,2938.0,4397.0,4290.0,7390.0,124.5,-1,-159697.74928236214,20102.16581373887
1949310.0,1350520.0,3987350.0,3750300.0,11019,5190,2746.0,1540,2563010.0,1690540.0,1812730.0,1079400.0,124.5,4,5255317.902326341,1075110.4006000992
7259.0,11225.0,1855.0,3323.0,2542,2763,3337.0,3441,7814.0,7804.0,2555.0,2216.0,124.5,0,-155659.17375126682,20641.65132870591
8768.0,15077.0,2449.0,4959.0,3983,4043,5574.0,5901,15250.0,15568.0,1850.0,4247.0,124.5,0,-150676.2612390641,17181.798238470492
9939.0,13063.0,3783.0,5489.0,3526,3654,4631.0,4732,11693.0,11524.0,1565.0,3261.0,124.5,0,-151784.24989997677,20418.21491950632
32509.0,51466.0,8587.0,12981.0,59,149,0.0,89,36215.0,31932.0,30534.0,26271.0,124.6,0,-110867.11918682026,-231.9556234435222
11328.0,17950.0,2410.0,3757.0,3180,3507,4195.0,4126,12467.0,12575.0,3400.0,2987.0,124.6,0,-150925.93647524354,18491.06383631548
3383.0,6158.0,1764.0,5206.0,2072,1773,3138.0,3179,7827.0,7884.0,2788.0,2146.0,124.6,0,-156856.07765742144,20205.715301359083
21779.0,43902.0,3488.0,4340.0,2841,2950,6924.0,7315,20669.0,21715.0,3191.0,5581.0,124.7,0,-142045.58051142356,15405.968539301102
51276.0,76528.0,8905.0,14095.0,254,118,119.0,121,66660.0,62522.0,47918.0,48695.0,124.7,0,-75958.39854266195,-23798.93223035307
17668.0,28047.0,2761.0,5152.0,5251,5339,6408.0,6408,17324.0,17168.0,1944.0,4897.0,124.7,0,-146327.88764912964,16858.17122072074
51465.0,75572.0,3716.0,5176.0,192,184,238.0,136,57580.0,47471.0,49353.0,39244.0,124.8,0,-84948.21124546647,-22022.213280039847
8360.0,15584.0,4732.0,7135.0,3372,3388,6083.0,5977,16808.0,16804.0,2776.0,2926.0,124.8,0,-148397.30816675327,17926.699980425175
2469.0,9062.0,3.0,310.0,40,0,124.0,0,3584.0,4871.0,808.0,1147.0,125.1,-1,-161636.3916274518,21856.319552869303
240641.0,361433.0,36885.0,57828.0,340,251,71.0,108,323780.0,265814.0,139160.0,121947.0,125.1,0,198162.57708270635,-166596.47361502933
14343.0,22645.0,2506.0,4125.0,3264,3545,4335.0,4227,12698.0,11922.0,3796.0,3061.0,125.1,0,-149578.4462539772,18524.383636811115
298432.0,435119.0,28618.0,43514.0,1170,1063,20.0,154,238508.0,203757.0,142649.0,132921.0,125.2,0,168142.09278934586,-125590.00464848222
15369.0,28578.0,2815.0,5796.0,6672,7305,9274.0,9880,24889.0,25394.0,6081.0,6340.0,125.2,0,-140682.7350374724,11107.530773087894
74924.0,103281.0,8890.0,12321.0,219,168,0.0,30,73915.0,62958.0,46676.0,39269.0,125.3,0,-66559.23139338258,-24194.985602601533
23536.0,55080.0,2856.0,4539.0,6497,5656,8456.0,7993,24393.0,22546.0,5415.0,5810.0,125.5,0,-138713.51266892906,12309.647828567337
9939.0,31783.0,1891.0,2755.0,6503,6790,8112.0,8897,19564.0,21049.0,2117.0,3744.0,125.5,0,-148191.65986130456,14529.327141651724
7083.0,21309.0,2339.0,4974.0,3750,3565,5437.0,5561,11553.0,12370.0,1918.0,2441.0,125.5,0,-153606.64238267177,19180.555208864014
11640.0,15633.0,2928.0,3914.0,5598,5839,7363.0,7523,17674.0,18140.0,3499.0,2687.0,125.5,0,-147628.48124112294,16141.087100306642
6177.0,18094.0,1249.0,2408.0,4970,5502,5966.0,6299,13708.0,15185.0,88.0,2528.0,125.6,0,-154171.74544656824,17732.06964614927
7110.0,13579.0,1761.0,4588.0,7258,8305,9094.0,9979,21499.0,23041.0,3008.0,5365.0,125.6,0,-147411.58299688343,12663.77613893749
9795.0,15284.0,1268.0,1961.0,5435,5526,7580.0,7976,15400.0,15747.0,2924.0,2952.0,125.6,0,-150678.8859446514,16112.113051017126
1858.0,9113.0,41.0,1477.0,213,108,206.0,107,2575.0,4385.0,554.0,933.0,125.6,0,-162520.46533404768,22496.75875901243
740382.0,841143.0,55420.0,66911.0,4614,3463,48891.0,37922,459801.0,331702.0,370953.0,270561.0,125.6,3,577108.5994223392,-285725.5480233002
87662.0,126632.0,42390.0,64596.0,0,103,125.0,57,77958.0,73602.0,67720.0,63174.0,125.7,0,-26637.28086403865,-10279.934475901406
94538.0,153855.0,50339.0,78887.0,55,210,578.0,233,67544.0,58513.0,53639.0,47182.0,125.7,0,-34725.90943978565,8767.877490147046
45608.0,74793.0,3000.0,5412.0,505,316,0.0,0,58019.0,53075.0,42319.0,43595.0,125.7,-1,-89505.4377446734,-21526.31603178448
29341.0,37146.0,7786.0,12900.0,421,311,181.0,105,45171.0,42283.0,35352.0,33235.0,125.8,0,-103985.56964198852,-8446.196941307688
18406.0,31123.0,3458.0,6670.0,3273,3469,5966.0,6042,16666.0,17342.0,4236.0,4813.0,125.8,0,-145010.31379412478,17036.346952883676
134960.0,206240.0,5293.0,8663.0,518,358,0.0,90,128745.0,110397.0,54881.0,52884.0,125.9,0,-12979.573815741283,-56425.0071467859
11363.0,21585.0,3067.0,4481.0,4524,4753,5773.0,6025,16258.0,15815.0,4741.0,4760.0,126.1,0,-147498.22276035062,16276.286277355575
28259.0,45594.0,3216.0,6771.0,10585,10008,13897.0,13656,33148.0,31780.0,9170.0,6934.0,126.3,0,-130191.01937148496,6864.211329413814
7402.0,10646.0,0.0,1900.0,210,257,139.0,94,19594.0,8610.0,3122.0,1708.0,126.3,0,-150036.32817223933,12806.158084229784
863.0,3385.0,0.0,1244.0,35,24,130.0,32,2976.0,8710.0,30236.0,71530.0,126.3,0,-136847.64695194477,2439.166521034545
613240.0,786356.0,52291.0,73411.0,2340,1521,370.0,230,911343.0,704907.0,353845.0,315451.0,126.3,3,783939.8678172381,-539998.6671486291
5125.0,16161.0,1879.0,4626.0,2738,3563,4014.0,5386,9023.0,12349.0,2295.0,2125.0,126.4,0,-155793.8683444629,19953.0562127772
10885.0,17968.0,2049.0,3935.0,2147,2093,3774.0,3599,8619.0,8660.0,3443.0,3391.0,126.5,0,-153325.7776609398,20168.139403747064
37320.0,62948.0,11276.0,17601.0,385,177,234.0,88,38876.0,36682.0,32430.0,33733.0,126.5,0,-104106.2821961034,-925.0879862804286
14558.0,29128.0,4389.0,7566.0,1691,1455,5098.0,5203,13851.0,12093.0,3917.0,4793.0,126.6,0,-147410.18111524946,19064.57771246828
7305.0,16312.0,1692.0,3741.0,5665,6913,7052.0,8550,16255.0,18077.0,1921.0,2553.0,126.7,0,-151285.0595345308,16180.387971713752
5599.0,11873.0,1203.0,3341.0,3431,3533,4595.0,4661,9976.0,9739.0,995.0,876.0,126.7,0,-156323.55445264254,19574.38777189335
41080.0,50889.0,9489.0,14379.0,345,152,86.0,133,46451.0,42382.0,34642.0,32230.0,126.8,0,-99005.58895974234,-6582.895384496027
3087.0,9567.0,1520.0,4439.0,1975,1953,3225.0,3291,6696.0,7220.0,1351.0,1486.0,126.8,0,-158496.46266867704,21172.975394123
90002.0,127315.0,15565.0,23464.0,885,321,16.0,140,86141.0,79799.0,67271.0,66557.0,126.8,0,-36838.03693597026,-35195.86024794819
7567.0,12294.0,671.0,2231.0,876,2302,1163.0,2654,2611.0,6415.0,1235.0,1158.0,126.9,0,-159939.6147502969,23128.947914828823
2764.0,16484.0,218.0,3506.0,2012,3711,2148.0,4155,4549.0,9066.0,589.0,925.0,126.9,0,-161006.95961721824,21640.39487070508
7431.0,16093.0,952.0,3359.0,3985,4512,5364.0,5615,12004.0,11975.0,2590.0,2621.0,126.9,0,-153724.0177397194,17663.51308015277
19344.0,51291.0,9338.0,17515.0,3318,3294,4731.0,4788,10798.0,11607.0,1742.0,2433.0,127.0,0,-146040.3051156323,25879.348745633324
2893.0,7478.0,5477.0,13937.0,327,246,118.0,2,15830.0,22999.0,13606.0,12909.0,127.0,0,-143573.5804684866,13597.941414343584
4143.0,9080.0,11027.0,19693.0,227,167,77.0,16,16147.0,19501.0,14232.0,9104.0,127.0,0,-140082.15312843755,18064.05076985433
767.0,4506.0,913.0,4943.0,206,161,51.0,0,2521.0,4608.0,8554.0,18105.0,127.0,-1,-155751.72466839012,18045.77802981639
1204.0,3843.0,1980.0,8753.0,188,188,59.0,0,8508.0,11295.0,79008.0,110656.0,127.0,-1,-103318.64977727568,-20669.790346008514
2517800.0,1772140.0,5453050.0,4884000.0,11080,5468,2571.0,1297,3203780.0,2240470.0,2415210.0,1638970.0,127.0,4,7032068.987579555,1610186.3226128588
38691.0,39823.0,3697.0,7263.0,7609,7871,10578.0,11353,27712.0,26676.0,4825.0,5310.0,127.1,0,-131867.5721946838,12576.950762699573
23540.0,37935.0,4890.0,6943.0,6362,6885,10675.0,11038,26009.0,27775.0,5185.0,9178.0,127.2,0,-136139.4253846613,12595.700571256724
7525.0,13286.0,2499.0,4563.0,4421,4957,6073.0,6233,15238.0,15569.0,2140.0,3160.0,127.2,0,-151102.14297142328,17191.09355376044
4629.0,10893.0,3338.0,6849.0,2776,2848,4150.0,4494,11423.0,12533.0,1378.0,3893.0,127.3,0,-153881.70721084144,19797.43976314448
7232.0,15596.0,1829.0,4784.0,3569,4065,4874.0,5487,11747.0,12441.0,1939.0,3343.0,127.4,0,-153590.48297115002,18566.09058120832
4954.0,9064.0,2504.0,4834.0,4282,4575,5121.0,5423,12263.0,11729.0,1950.0,2623.0,127.4,0,-153751.96870661562,18732.93559664237
87254.0,122969.0,3980.0,5518.0,269,276,13.0,78,38420.0,32423.0,33418.0,28902.0,127.4,0,-93028.02209561196,-2144.42266613376
69510.0,110665.0,14001.0,23535.0,0,107,400.0,257,33236.0,29084.0,19848.0,20561.0,127.5,0,-103349.30950588014,12594.789128256562
271936.0,370687.0,26208.0,37911.0,456,288,2.0,110,245020.0,212449.0,140560.0,124683.0,127.5,0,159440.83124700052,-131047.5894911184
67488.0,106648.0,6754.0,12930.0,571,346,462.0,181,67133.0,62623.0,53245.0,50190.0,127.5,0,-69054.37091733448,-26451.81207264232
3640.0,10664.0,1570.0,4133.0,2092,2731,2761.0,3585,8436.0,11022.0,1757.0,1882.0,127.5,0,-157072.62165985192,20130.899483427063
67933.0,104456.0,17423.0,28024.0,393,227,87.0,121,70906.0,64882.0,68223.0,51405.0,127.6,0,-53410.158799593584,-25476.222024699517
593725.0,752108.0,409145.0,612993.0,2044,1660,472.0,383,298213.0,252795.0,167552.0,145320.0,127.7,0,534406.4090610421,143765.01107744448
22079.0,25645.0,4349.0,7222.0,4587,4113,7352.0,7516,18502.0,18257.0,3685.0,4364.0,127.7,0,-142612.4717511771,17257.566464548814
3758.0,17824.0,1441.0,4517.0,4333,6015,4631.0,6126,7913.0,10255.0,1128.0,1404.0,127.7,0,-157758.9833539454,20608.40219304358
73465.0,118989.0,23166.0,34955.0,302,209,0.0,4,61332.0,56259.0,49311.0,43011.0,127.7,0,-63692.78173632473,-8114.068162565622
122945.0,177413.0,14537.0,20758.0,601,380,58.0,217,162826.0,131008.0,71595.0,62421.0,127.8,0,16820.40694188606,-75432.08515065894
226999.0,327400.0,18846.0,27888.0,731,673,0.0,140,128556.0,113682.0,65100.0,57693.0,127.8,0,29985.469105192315,-43204.096338058494
119700.0,176424.0,41641.0,64583.0,460,250,361.0,179,92670.0,86007.0,77936.0,73775.0,127.8,0,-2135.701050055679,-21204.728194907977
10678.0,26023.0,2720.0,4703.0,4779,4620,6402.0,6853,13896.0,14285.0,1845.0,3867.0,127.9,0,-150714.81062682118,18314.334392942903
12904.0,24776.0,4215.0,8896.0,4569,4707,5721.0,5705,14496.0,14019.0,2852.0,3938.0,128.0,0,-148311.47732791578,18950.355591199885
7713.0,9407.0,2679.0,4169.0,2912,2937,3948.0,4291,10644.0,10194.0,1958.0,1882.0,128.1,0,-153790.6881039742,20033.553422688743
19953.0,39625.0,1048.0,2816.0,4266,4537,6996.0,7295,19530.0,21098.0,4639.0,4487.0,128.1,0,-144218.24995458353,13703.30308812826
17108.0,24571.0,2281.0,5339.0,4194,3972,6329.0,6640,16459.0,16624.0,5322.0,5396.0,128.2,0,-145631.8649699944,15717.50391564667
1209.0,6520.0,878.0,3000.0,536,1560,733.0,1975,1877.0,5502.0,1179.0,1888.0,128.3,0,-162165.61469378296,23118.518484178177
3431.0,8384.0,68.0,1582.0,64,106,158.0,32,16709.0,14083.0,50045.0,42276.0,128.3,0,-124281.15882628776,-7159.086122384353
522774.0,582552.0,32195.0,43223.0,2573,2030,646.0,371,1269620.0,1024330.0,1022430.0,788746.0,128.3,3,1330537.637814354,-1042202.309093759
6483.0,13656.0,2974.0,6843.0,3717,3846,4950.0,5319,13843.0,14260.0,1202.0,2109.0,128.4,0,-152545.286294799,18676.282828608644
1060.0,6651.0,139.0,2513.0,690,2001,860.0,2575,2083.0,7160.0,1108.0,1856.0,128.4,0,-162573.55071304142,22464.17154624532
316403.0,431780.0,42934.0,67587.0,671,629,310.0,119,198099.0,173695.0,182734.0,168498.0,128.4,0,184592.75137965236,-110024.10463073576
2786.0,7912.0,1083.0,2436.0,3119,3648,3678.0,4155,8547.0,9113.0,415.0,1294.0,128.5,0,-158286.122484476,20170.504988923672
11340.0,20405.0,1205.0,2938.0,4206,4220,5862.0,5749,13056.0,13978.0,1698.0,2422.0,128.6,0,-152181.81619497004,17910.250320078434
43691.0,68746.0,8211.0,12620.0,11841,12309,16138.0,15994,40069.0,37617.0,8825.0,8553.0,128.6,0,-118331.16027304072,8003.942720818301
540232.0,691508.0,145107.0,207706.0,2343,2130,223.0,231,280013.0,242695.0,146051.0,116044.0,128.7,0,336189.86719046463,-39946.52246962791
1847.0,7776.0,1467.0,4126.0,5292,6651,5677.0,7341,12007.0,15543.0,910.0,1610.0,128.7,0,-156150.95570886054,18341.442600206297
1237.0,4447.0,393.0,2147.0,788,1895,841.0,2340,2250.0,5155.0,1197.0,1772.0,128.8,0,-162247.33913878162,22563.70119550947
5167.0,13394.0,2725.0,3962.0,3793,4427,4697.0,5523,10258.0,11878.0,469.0,1232.0,128.8,0,-155586.17244491124,20674.63043064424
7471.0,11682.0,1345.0,2520.0,1665,3147,1614.0,3716,4068.0,8646.0,1410.0,1006.0,128.9,0,-158707.4119879295,22820.861309589207
2477.0,13441.0,489.0,2429.0,2522,4263,2784.0,4764,5670.0,10014.0,381.0,430.0,128.9,0,-160496.10439943403,21365.53843655937
6018.0,11363.0,2198.0,3494.0,4065,4194,4476.0,4583,10446.0,9972.0,2149.0,2360.0,129.1,0,-154552.36962479417,19522.376346666995
177284.0,267820.0,62439.0,92361.0,11384,10916,13432.0,12458,36706.0,33185.0,6467.0,7126.0,129.1,0,-46626.123085597326,61996.89598969431
43176.0,63933.0,19113.0,32741.0,436,311,244.0,186,59255.0,55281.0,40831.0,40811.0,129.2,0,-81237.19251824636,-9222.657044938647
13699.0,32066.0,1500.0,4273.0,4990,5445,6810.0,7359,19251.0,20582.0,2318.0,4810.0,129.2,0,-147123.17123697634,14457.751188724054
531617.0,698671.0,23312.0,33180.0,1133,854,10480.0,9500,257896.0,213296.0,238205.0,181677.0,129.3,0,302954.8896528515,-161126.2909160308
6324.0,16443.0,2090.0,5446.0,4852,5439,6506.0,6943,15904.0,16826.0,2785.0,3005.0,129.3,0,-151087.4353429134,16243.26798494252
315891.0,448115.0,19929.0,32033.0,566,446,342.0,272,221636.0,174534.0,107510.0,86117.0,129.3,0,135047.17560968836,-103636.24376027429
15255.0,27630.0,4238.0,7492.0,5773,6206,7988.0,8434,22744.0,23121.0,3905.0,3946.0,129.3,0,-142484.8727691702,14382.50212997501
3569.0,8453.0,1556.0,3073.0,2121,2723,3112.0,4032,7095.0,9236.0,228.0,384.0,129.4,0,-158806.1778780064,21550.673125590693
6124.0,16534.0,2918.0,4125.0,3844,3863,5281.0,5601,13347.0,13593.0,3163.0,2527.0,129.5,0,-151991.27690397852,18163.11263856853
1906.0,7044.0,303.0,2231.0,222,153,105.0,1,4457.0,6017.0,2193.0,2975.0,129.6,0,-160203.66613635517,20861.67423924671
1213.0,4335.0,442.0,2447.0,183,145,153.0,73,3731.0,5068.0,1879.0,3279.0,129.6,0,-160837.93384406128,21365.832974521407
2023.0,9723.0,0.0,707.0,239,211,130.0,0,1621.0,5858.0,15529.0,41879.0,129.6,-1,-149091.26116528118,12284.088274890391
364412.0,472662.0,44444.0,66017.0,961,605,158.0,153,613117.0,502330.0,191262.0,166804.0,129.6,0,434086.2708119266,-330094.7612106263
17143.0,34462.0,2257.0,4207.0,7092,7421,8945.0,9434,24259.0,25505.0,4091.0,6329.0,129.6,0,-141709.90411037672,11818.034855447271
29435.0,41502.0,2485.0,3365.0,5187,5433,7862.0,7293,24916.0,23710.0,7532.0,6930.0,129.6,0,-135590.05898035204,11322.61110687245
2379.0,8698.0,1134.0,3142.0,2159,2607,2651.0,3109,6046.0,7140.0,977.0,1565.0,129.6,0,-159470.6284293862,21288.638923335708
2860.0,10406.0,796.0,2115.0,3077,3942,3504.0,4423,7885.0,10178.0,0.0,397.0,129.6,0,-159143.9592855384,20575.474756641124
7961.0,19830.0,1869.0,2857.0,2033,1746,2724.0,2475,8174.0,7768.0,1345.0,1855.0,129.7,0,-155849.5379951376,20962.05003310478
37746.0,59832.0,11013.0,18754.0,7129,6711,20509.0,20099,52851.0,51476.0,16570.0,15811.0,129.7,0,-106705.7866669793,-764.9033756173485
51711.0,64835.0,9305.0,15034.0,148,116,317.0,139,45057.0,40887.0,37366.0,30650.0,129.7,0,-95491.50006937057,-5866.002144012182
24341.0,47797.0,2355.0,4087.0,4000,4131,6851.0,6729,18396.0,18001.0,3052.0,6510.0,129.8,0,-143050.83941106108,15875.16281177239
6097.0,10770.0,2234.0,4511.0,3651,3388,4616.0,4897,11174.0,11356.0,1166.0,1650.0,129.8,0,-154679.21014399818,19589.81474425867
114618.0,175053.0,43197.0,68113.0,270,151,0.0,40,105330.0,91239.0,75271.0,74529.0,129.8,0,3056.3102622805163,-26401.787560712157
44758.0,68960.0,5668.0,7646.0,711,499,282.0,145,59271.0,56718.0,42704.0,42531.0,129.8,0,-87507.98131618403,-20193.960625155967
6749.0,21140.0,1196.0,3843.0,1760,1600,4299.0,4796,10781.0,11566.0,2955.0,5699.0,129.9,0,-153789.79914785706,17890.309496737107
2272.0,5465.0,2356.0,5365.0,2933,3844,3023.0,4179,7073.0,9537.0,679.0,641.0,129.9,0,-158506.6214869047,21891.550526599684
2736.0,11033.0,329.0,1412.0,186,87,175.0,144,1935.0,4446.0,9934.0,24900.0,130.0,0,-153986.5862253491,16655.042214503374
48634.0,88060.0,8730.0,14020.0,554,448,301.0,169,55454.0,51413.0,34047.0,38123.0,130.0,0,-91312.4417827824,-12040.87875107886
8806.0,17559.0,1218.0,3128.0,7988,8119,10277.0,11262,24649.0,27503.0,3680.0,3718.0,130.1,0,-145413.53826712118,10702.03918657458
3137.0,17395.0,708.0,3398.0,1148,2965,1333.0,3752,3503.0,9733.0,627.0,1021.0,130.1,0,-161147.59850223133,22570.5543254603
6079.0,21284.0,408.0,2250.0,1763,3645,2440.0,4435,5975.0,11522.0,107.0,410.0,130.1,0,-159353.32193302637,21500.29750135166
3098.0,8427.0,2985.0,6418.0,1786,2321,2661.0,3437,6696.0,8763.0,38.0,420.0,130.1,0,-158417.1048315415,22871.698651319275
23665.0,40148.0,13128.0,23324.0,218,153,177.0,130,35509.0,34644.0,18357.0,28260.0,130.1,0,-116679.194801554,6704.221719765945
3756.0,9806.0,2679.0,5479.0,4176,5094,4309.0,5445,10391.0,12659.0,1891.0,1736.0,130.2,0,-155250.04144896998,19921.728420138625
7229.0,17595.0,1659.0,3451.0,4308,4458,5828.0,6309,14012.0,14696.0,2335.0,2775.0,130.2,0,-152348.96259417894,17175.411253385526
1823.0,11636.0,554.0,2275.0,475,1294,684.0,1969,1633.0,4473.0,612.0,1704.0,130.3,0,-162588.3254411924,23262.63913653108
9442.0,21759.0,2696.0,6468.0,3884,4133,4976.0,5635,12420.0,13101.0,2625.0,2328.0,130.3,0,-151853.51449262924,18945.637438473204
9417.0,23860.0,1210.0,3361.0,4701,5168,7037.0,7723,14484.0,15393.0,1626.0,2354.0,130.3,0,-152046.00646917828,17041.545259002633
1511.0,7392.0,949.0,3194.0,1223,2376,1271.0,2776,3392.0,6454.0,199.0,907.0,130.4,0,-161804.7712781744,22850.026959398827
7753.0,17646.0,1641.0,3392.0,3469,3788,4927.0,5626,13438.0,13864.0,816.0,1444.0,130.4,0,-153442.82837223995,18195.00964769594
9427.0,37846.0,4406.0,8037.0,2021,2230,4475.0,4806,12091.0,13155.0,5386.0,5409.0,130.4,0,-149237.06549962735,19063.303123537236
45850.0,73810.0,7652.0,12092.0,183,175,0.0,0,62252.0,61274.0,33865.0,48977.0,130.4,-1,-87310.11432953303,-18185.008984251785
193672.0,292836.0,17134.0,28182.0,980,612,804.0,305,88192.0,76780.0,51238.0,48955.0,130.5,0,-11928.204243046055,-19557.16303199865
1078.0,4056.0,1110.0,4524.0,104,52,139.0,59,14789.0,24317.0,18281.0,26606.0,130.6,0,-142808.2113776293,7230.033622867948
1261740.0,1192880.0,874027.0,1047440.0,5622,3945,1258.0,860,1824000.0,1255150.0,1226190.0,835485.0,130.6,3,2473714.5898363283,-718102.5617554195
301613.0,434570.0,83615.0,130203.0,1051,783,488.0,185,115418.0,99720.0,118693.0,100110.0,130.7,0,116912.54987175614,-5094.337818080923
24458.0,33813.0,4619.0,6272.0,6862,7466,9532.0,9927,23414.0,23979.0,3470.0,5546.0,130.8,0,-138854.87299987464,14927.855523568218
8180.0,24932.0,1393.0,2948.0,3529,4114,5134.0,5958,14093.0,16451.0,2605.0,4016.0,130.8,0,-151823.57429560376,16733.916961087514
8364.0,13193.0,1354.0,3302.0,2932,2783,3700.0,3920,10946.0,10099.0,1550.0,2495.0,130.8,0,-154281.21986161574,18963.28104764988
7750.0,14665.0,1191.0,2892.0,4647,5593,6182.0,6947,14589.0,16012.0,399.0,1807.0,130.9,0,-153195.36690676308,17329.9680474227
299094.0,349899.0,85001.0,117162.0,3113,1940,661.0,450,280462.0,229983.0,125374.0,102385.0,130.9,0,211692.9970694861,-95127.50943404216
7731.0,11941.0,2392.0,4788.0,3994,4613,4880.0,5222,11682.0,13019.0,2950.0,3500.0,130.9,0,-152639.10962945272,18710.3195728556
20833.0,31675.0,10534.0,18173.0,1184,924,254.0,78,23836.0,23549.0,12952.0,18531.0,131.0,0,-129734.12172525733,13931.98631853559
4772.0,11916.0,810.0,1842.0,2757,3207,3763.0,4612,9166.0,10747.0,59.0,2223.0,131.0,0,-157473.83193061154,19766.75023705499
15439.0,30179.0,1646.0,3692.0,3301,3949,5322.0,5380,15315.0,15563.0,3026.0,4128.0,131.1,0,-148456.8337214597,16658.33461936277
208315.0,313024.0,100370.0,152328.0,11400,11363,13410.0,13245,39302.0,36687.0,6375.0,8548.0,131.1,0,-12615.53351332512,91591.14582553046
13799.0,33724.0,3330.0,5129.0,5269,5365,7104.0,7167,19958.0,21531.0,3171.0,3381.0,131.1,0,-145468.8735139935,15395.5181443937
48135.0,65969.0,25689.0,40511.0,444,272,0.0,29,62640.0,57161.0,49264.0,44074.0,131.2,0,-69442.00567322882,-8923.869987413826
50111.0,82123.0,2495.0,5799.0,397,202,226.0,134,44270.0,39914.0,31492.0,32903.0,131.2,0,-102784.21613360148,-9103.038681031903
38511.0,61430.0,34320.0,54336.0,9437,8974,12511.0,12587,30203.0,27697.0,5951.0,5449.0,131.3,0,-111893.49679960668,34121.587390649736
585182.0,779768.0,612016.0,874592.0,1384,969,117.0,119,165660.0,148736.0,107607.0,97102.0,131.3,0,542349.8025030474,394958.33414963767
15542.0,33610.0,4411.0,7203.0,3055,2969,8102.0,8461,18870.0,18873.0,3077.0,5554.0,131.4,0,-144549.41774418106,16647.067041560338
46432.0,71556.0,6905.0,12090.0,278,136,335.0,145,57888.0,53283.0,31524.0,39368.0,131.4,0,-92700.98587409811,-14233.256406382608
21871.0,37503.0,10728.0,17062.0,436,200,0.0,45,32997.0,31260.0,13861.0,24776.0,131.5,0,-122731.93454421962,8072.855326838806
185315.0,257811.0,30439.0,45913.0,883,564,434.0,111,130579.0,111181.0,121867.0,90501.0,131.5,0,56375.7987309279,-62041.71280158223
464355.0,586440.0,52298.0,81492.0,2817,2522,30978.0,29993,266589.0,234394.0,182224.0,175815.0,131.5,0,276571.7787910035,-129350.58675951796
39902.0,62468.0,6383.0,10046.0,296,213,144.0,96,51054.0,49283.0,44356.0,43585.0,131.6,0,-92248.01860794764,-16312.33626054605
23625.0,30324.0,2255.0,3647.0,566,258,0.0,60,31186.0,31392.0,27404.0,24271.0,131.6,0,-122024.67749555405,-1694.716199768718
74505.0,128085.0,34229.0,51465.0,324,190,257.0,79,78618.0,69599.0,48228.0,48575.0,131.7,0,-46802.2208308836,-9301.16979425218
109066.0,170903.0,14616.0,24205.0,478,239,469.0,183,88389.0,80603.0,60439.0,62720.0,131.7,0,-33847.469152028934,-32890.13270613386
2634.0,9304.0,1249.0,3295.0,2847,3625,4122.0,5464,10152.0,13458.0,892.0,2998.0,131.7,0,-156836.7406067818,19027.887127619764
2362.0,5451.0,454.0,2452.0,3372,3917,4117.0,4813,9058.0,10248.0,1143.0,1740.0,131.8,0,-158097.2179635099,19084.088442259246
14141.0,25602.0,1532.0,2863.0,3445,3488,4681.0,5140,14209.0,14026.0,4446.0,4968.0,131.8,0,-148754.7591426791,16478.09971873461
56133.0,88061.0,8606.0,14565.0,1131,1159,185.0,87,68596.0,62235.0,47809.0,40407.0,131.9,0,-74975.49904419672,-23499.778694903936
5418.0,11663.0,846.0,1690.0,3274,3265,4501.0,4958,12179.0,13573.0,1795.0,3747.0,132.0,0,-154513.45259912766,17441.794263675296
6827.0,15827.0,1834.0,4643.0,2337,2432,3491.0,3723,10612.0,11688.0,793.0,2351.0,132.1,0,-155051.67527808942,19660.788802992516
9392.0,16628.0,2229.0,4038.0,2769,3322,3812.0,4713,10338.0,11571.0,3288.0,2766.0,132.1,0,-152923.6251795476,19414.730972378195
2398.0,13679.0,343.0,1937.0,505,1638,579.0,2037,1580.0,5684.0,463.0,1370.0,132.1,0,-162684.01850043648,23269.99768971442
69239.0,103893.0,19079.0,26306.0,408,266,0.0,98,77051.0,73701.0,63188.0,54478.0,132.1,0,-50406.14390863257,-26167.065532509216
5286.0,13518.0,1704.0,3524.0,3829,4110,5234.0,5563,14611.0,15474.0,3016.0,2667.0,132.2,0,-152322.32474637107,16530.05655244613
147948.0,164764.0,12683.0,14256.0,541,472,406.0,209,270522.0,173456.0,107789.0,80391.0,132.2,0,103078.3876823792,-147173.710712394
11515.0,13841.0,1653.0,2860.0,417,263,245.0,125,5231.0,5578.0,3520.0,2565.0,132.2,0,-155353.09452045037,21809.59200771277
452346.0,631587.0,39075.0,56657.0,547,456,415.0,197,562668.0,433797.0,264679.0,187743.0,132.2,3,468637.84194156,-327908.06872530875
9454.0,13689.0,1793.0,2924.0,3312,3356,5279.0,5379,15626.0,15958.0,1915.0,3250.0,132.3,0,-150780.48178540677,16647.81876018177
11353.0,23327.0,2104.0,4300.0,5190,5475,7236.0,7582,17335.0,16869.0,2865.0,3639.0,132.3,0,-148525.71133491324,15750.330192917983
281397.0,408402.0,73640.0,105885.0,922,1081,368.0,171,172044.0,153254.0,83646.0,78358.0,132.3,0,115970.1271126763,-29822.29183614941
35610.0,61186.0,10882.0,19975.0,192,251,43.0,81,38191.0,36062.0,28120.0,28242.0,132.3,0,-108196.32728335372,1213.3503119395064
61324.0,98033.0,13946.0,22453.0,511,242,291.0,128,72000.0,65561.0,52183.0,52867.0,132.4,0,-64119.218819443646,-24074.17414713646
13700.0,23794.0,1356.0,1925.0,3647,3599,6042.0,6329,16249.0,16263.0,4728.0,4657.0,132.4,0,-147791.33984331682,15170.013987170869
7624.0,13409.0,2121.0,4434.0,2313,2271,3443.0,3547,8399.0,8584.0,1547.0,1988.0,132.5,0,-155565.55871815665,20923.62563527091
4730.0,15527.0,2471.0,4954.0,3940,4816,4350.0,4840,11507.0,12677.0,2076.0,2176.0,132.7,0,-154283.30820745346,19114.82277727801
25032.0,40249.0,6409.0,11292.0,58,50,99.0,95,32659.0,29292.0,28053.0,27334.0,132.7,0,-117480.33522191975,132.82602871071867
2983.0,9987.0,549.0,1886.0,1987,2665,2891.0,3914,7265.0,9846.0,614.0,1031.0,132.8,0,-159207.4207746902,20430.98669716221
10570.0,19470.0,2313.0,4094.0,5208,5481,8038.0,8439,18552.0,18681.0,4159.0,3400.0,132.8,0,-147423.02558478728,14802.72309922519
72015.0,114826.0,30588.0,47063.0,645,348,0.0,48,72527.0,62242.0,76706.0,53143.0,132.9,0,-39215.0407650078,-19092.36307544912
40264.0,62697.0,9241.0,13354.0,348,285,241.0,112,44230.0,40863.0,25297.0,26324.0,132.9,0,-105961.89908992004,-1712.3769993613168
22701.0,41937.0,1694.0,2990.0,5404,5163,7457.0,7490,19202.0,16850.0,2780.0,2729.0,132.9,0,-144289.1609213574,15444.480282844264
2125.0,12287.0,1639.0,6105.0,1761,2782,2596.0,4141,6554.0,10638.0,0.0,154.0,133.0,0,-159666.73116228924,21901.55997133148
14812.0,20259.0,3460.0,5071.0,5888,5739,7126.0,7314,18501.0,18799.0,4797.0,4601.0,133.2,0,-144911.85022824202,15642.301767284138
124580.0,188261.0,26386.0,40921.0,448,187,462.0,180,94052.0,83108.0,82235.0,71109.0,133.2,0,-7298.7681528345565,-34230.32865318312
72335.0,113389.0,7218.0,12132.0,0,135,307.0,208,55717.0,51907.0,43611.0,42120.0,133.2,0,-79366.99205723201,-15297.21706362169
10262.0,16640.0,1553.0,2092.0,4270,4483,5841.0,5873,13596.0,13404.0,1701.0,3332.0,133.2,0,-151865.44605106133,17677.00287456038
5095.0,11714.0,3052.0,5833.0,3717,3613,4275.0,4644,11534.0,11173.0,1739.0,3356.0,133.2,0,-153761.68341586064,19515.12342448302
54896.0,63248.0,10591.0,8973.0,112,168,774.0,205,51983.0,46205.0,38377.0,32856.0,133.2,0,-89033.28442871831,-9003.248261226872
328760.0,471658.0,31438.0,43749.0,867,725,223.0,177,202609.0,171411.0,122539.0,112819.0,133.3,0,146962.64861595,-92464.71218457624
3517.0,13853.0,254.0,1422.0,320,223,0.0,0,5122.0,5012.0,836.0,1029.0,133.4,-1,-160307.83057969518,21309.718873117585
479231.0,643513.0,69345.0,106483.0,991,847,278.0,135,410125.0,326500.0,143461.0,127246.0,133.4,0,344537.2217817998,-172475.39243295963
7187.0,16291.0,1400.0,2687.0,4291,4421,5976.0,6564,13250.0,14260.0,754.0,2107.0,133.5,0,-153779.8969847345,18002.041932148346
2912.0,9066.0,99.0,1710.0,0,86,61.0,0,9979.0,8234.0,3545.0,3360.0,133.5,-1,-156259.65318198546,17318.965604924306
498384.0,632249.0,174824.0,268584.0,1350,1157,305.0,236,703136.0,579592.0,272925.0,243964.0,133.5,3,654790.3791079859,-307093.0794007373
81555.0,120626.0,8447.0,12136.0,663,303,225.0,91,76060.0,67446.0,69865.0,55910.0,133.5,0,-49963.57121865514,-35213.90469018837
3713.0,8594.0,2648.0,4950.0,2486,2669,3659.0,4212,8603.0,9687.0,1351.0,1949.0,133.6,0,-156491.62421458232,20993.83330144126
102050.0,147991.0,33287.0,51570.0,308,156,0.0,109,75322.0,69756.0,50754.0,49969.0,133.7,0,-38943.72143981815,-7226.24806935899
4773.0,17725.0,1816.0,5302.0,6794,9007,8366.0,11239,17625.0,23504.0,2148.0,2526.0,133.7,0,-151158.70555474487,15285.5788787588
79897.0,109369.0,41210.0,64973.0,379,158,0.0,61,109156.0,99543.0,81055.0,77607.0,133.7,0,-3945.554891582753,-34909.58402725476
3120.0,9998.0,1690.0,4018.0,3382,4379,4246.0,5334,10109.0,11886.0,2722.0,2141.0,133.7,0,-155745.44003817433,18936.912102651368
3569.0,11253.0,266.0,2275.0,577,1877,971.0,3061,2426.0,5682.0,497.0,787.0,133.7,0,-161969.15978109403,22916.73968986614
14810.0,18838.0,3982.0,4285.0,4689,4592,6980.0,7149,17844.0,16952.0,4656.0,4919.0,133.8,0,-144982.84847073772,16387.377997669355
15455.0,22099.0,4457.0,7344.0,5636,6465,6961.0,7647,20190.0,21245.0,1321.0,2303.0,133.8,0,-145179.6064720893,17018.93394456054
34345.0,53771.0,9784.0,13038.0,324,147,109.0,144,38660.0,35439.0,30978.0,29947.0,133.9,0,-107381.38471917815,-1154.359658882353
73788.0,102934.0,26276.0,40855.0,0,64,638.0,282,69798.0,63658.0,53259.0,49378.0,133.9,0,-54155.793503169,-12462.587200708906
149887.0,229520.0,13279.0,21018.0,324,229,392.0,178,96735.0,86091.0,78216.0,58247.0,134.0,0,-9503.955993626616,-40602.66267044101
36543.0,59107.0,4777.0,7603.0,284,103,242.0,108,45683.0,41051.0,38353.0,36346.0,134.1,0,-101254.14027186544,-11901.570072961222
8473.0,16814.0,1682.0,4516.0,4813,5339,5998.0,6846,15351.0,16654.0,1319.0,4319.0,134.1,0,-151396.4038327895,16692.983629089966
8616.0,19140.0,1804.0,3597.0,3653,3611,4987.0,5216,11818.0,11788.0,1450.0,2032.0,134.1,0,-153571.79813939807,18958.858330090712
4656.0,9620.0,521.0,2750.0,3155,3219,3907.0,4155,8795.0,9037.0,206.0,867.0,134.2,0,-158050.1844707772,19879.79336847701
13820.0,23159.0,1028.0,2237.0,3784,3764,5314.0,5672,14382.0,16276.0,1895.0,4638.0,134.2,0,-150289.22481765805,16873.74120156887
2649.0,8240.0,15.0,4127.0,245,200,134.0,15,1358.0,4262.0,15853.0,20140.0,134.2,0,-152608.78187069876,15418.446413403644
92272.0,142324.0,30401.0,49369.0,348,336,487.0,201,72002.0,66220.0,50440.0,57262.0,134.2,0,-44513.97835076087,-9289.253257839897
11371.0,21687.0,2404.0,4124.0,4590,4975,6971.0,6774,18264.0,16451.0,2991.0,4206.0,134.2,0,-147676.3644058471,15358.240570264174
827290.0,716334.0,106240.0,109933.0,5742,4169,67002.0,43206,994165.0,599737.0,704391.0,408544.0,134.2,3,1107974.650731461,-656784.3091284214
3690.0,7448.0,1817.0,3781.0,3813,4296,4829.0,5163,9952.0,10030.0,2243.0,2987.0,134.3,0,-155646.81662124227,19203.0654622484
19491.0,29870.0,2360.0,4495.0,3983,4090,5200.0,5478,13959.0,14158.0,2943.0,3670.0,134.3,0,-147599.53292782482,18325.04327229303
141326.0,219521.0,13071.0,21172.0,77,178,0.0,89,63974.0,57776.0,47096.0,48328.0,134.4,0,-46538.52938815567,-12134.552203923056
3134.0,8175.0,454.0,1497.0,2628,3290,3790.0,4610,9146.0,10800.0,0.0,1864.0,134.4,0,-158309.9987494705,19453.548882216663
2955.0,15960.0,822.0,2495.0,2667,4203,2907.0,4650,7347.0,11706.0,129.0,1653.0,134.5,0,-159123.67296117666,20669.83496756989
1998.0,10595.0,73.0,1521.0,782,2493,791.0,2756,1657.0,6095.0,205.0,333.0,134.5,0,-163224.6198474225,23225.733119074648
21387.0,27664.0,3608.0,7178.0,7203,6944,8811.0,9325,21316.0,21125.0,4992.0,3389.0,134.5,0,-141267.26577806586,14850.592069452514
5814.0,13992.0,2961.0,8568.0,3087,3589,3791.0,4433,9517.0,11868.0,0.0,1544.0,134.6,0,-155816.46329964104,21407.873720680043
4739.0,15904.0,1917.0,4624.0,3270,3863,4131.0,5222,10560.0,12843.0,588.0,2715.0,134.8,0,-155727.96768789738,19617.22182918478
6837.0,13180.0,4411.0,7049.0,3470,3537,4934.0,5176,12625.0,13132.0,3343.0,2938.0,134.8,0,-151128.29145908263,19618.747153354256
12211.0,28486.0,1999.0,4113.0,4287,4277,6673.0,6887,16061.0,15788.0,1568.0,2635.0,134.8,0,-149792.0983599563,16983.838220838563
4452.0,11105.0,1704.0,4324.0,4176,4492,6370.0,7295,12853.0,13717.0,480.0,1964.0,134.9,0,-154847.48663502774,18351.638583091026
54046.0,71778.0,2863.0,4289.0,0,48,64.0,66,49256.0,42434.0,43695.0,32126.0,134.9,0,-93058.8675883097,-15146.05873243296
1779.0,9359.0,34.0,643.0,508,663,839.0,1825,2291.0,5862.0,2734.0,4519.0,134.9,0,-161084.3359356488,21413.20219827916
7911.0,17457.0,1344.0,2396.0,4352,4488,6772.0,7324,16311.0,16692.0,1173.0,3590.0,134.9,0,-151437.88710988496,16028.426084383502
23822.0,40759.0,3278.0,4555.0,71,62,402.0,197,38981.0,37385.0,25804.0,27187.0,134.9,0,-117282.89898196486,-4954.713435906084
35476.0,53279.0,4753.0,9027.0,728,418,0.0,62,36033.0,34517.0,24923.0,23806.0,135.0,0,-115288.05172339862,-614.6692658299398
27529.0,46312.0,2942.0,5284.0,5,199,83.0,79,43394.0,39955.0,28681.0,33340.0,135.0,0,-111470.51155555484,-9112.551404083955
127216.0,190844.0,17498.0,26946.0,240,243,0.0,68,104074.0,97265.0,87472.0,84743.0,135.0,0,-1411.2986057784583,-49803.09375460872
55031.0,79071.0,4550.0,7531.0,423,243,389.0,217,56272.0,55348.0,48148.0,47833.0,135.0,0,-83114.53606932568,-21221.182624823698
11296.0,18317.0,1366.0,3702.0,5836,5655,7631.0,7472,16866.0,15814.0,4074.0,3676.0,135.0,0,-148672.6918347004,15032.50082554719
45701.0,72683.0,23647.0,38873.0,451,270,535.0,205,57152.0,51704.0,35841.0,36380.0,135.1,0,-81969.867453514,-2183.722148891502
10771.0,11591.0,2789.0,5084.0,4198,4366,5694.0,5750,14118.0,13609.0,1302.0,2554.0,135.2,0,-151000.92920129595,18616.08843580637
256589.0,365321.0,8878.0,13130.0,861,541,146.0,106,226636.0,183046.0,103393.0,91233.0,135.2,0,111240.30184251754,-118495.73240300766
1902.0,4229.0,1242.0,2317.0,2528,2899,3466.0,4001,8822.0,9466.0,402.0,587.0,135.3,0,-158453.7828681586,20178.38115987972
5156.0,15606.0,1707.0,4185.0,2726,3167,3399.0,3872,8708.0,10089.0,513.0,832.0,135.4,0,-157104.3625356368,20766.054711274614
6438.0,19558.0,1761.0,5204.0,2729,3625,3677.0,5040,8150.0,11191.0,2298.0,2199.0,135.4,0,-155912.04900062352,20417.57648281688
28863.0,41342.0,2725.0,5998.0,293,117,428.0,159,34951.0,31539.0,27310.0,25419.0,135.5,0,-117830.44240251069,-3092.140059303332
900.0,4906.0,96.0,976.0,139,118,77.0,0,14513.0,31936.0,23769.0,39997.0,135.6,-1,-138791.34336438277,2894.057331937929
389.0,2236.0,307.0,1565.0,73,0,106.0,0,5431.0,11259.0,11256.0,21187.0,135.6,-1,-152848.02728161498,14669.201553081668
1935.0,12458.0,420.0,2179.0,186,99,36.0,0,12319.0,30096.0,102400.0,234459.0,135.6,-1,-69869.26910023448,-48933.49932829799
2195840.0,2137040.0,285600.0,255621.0,9562,5136,1735.0,1154,8024190.0,4126890.0,4120250.0,2004660.0,135.6,4,7389365.324075191,-5540302.971426315
11982.0,16746.0,640.0,2604.0,5739,6351,6465.0,6635,14285.0,14431.0,886.0,1904.0,135.7,0,-152085.62018039485,17220.33179125485
970.0,4701.0,1732.0,6410.0,3557,5674,3474.0,5510,8430.0,13277.0,62.0,120.0,135.7,0,-158912.70142164268,20874.14939430608
14241.0,26395.0,2710.0,5641.0,6485,7061,8590.0,9291,21085.0,22702.0,2070.0,3639.0,135.7,0,-145524.93442916946,14689.5436021504
4524.0,13321.0,1936.0,4257.0,3778,4498,4327.0,5963,11473.0,15628.0,3156.0,3286.0,135.8,0,-153996.91358982018,18196.12013924909
140323.0,201546.0,6655.0,9301.0,176,267,427.0,175,150242.0,130647.0,67080.0,62705.0,135.8,0,8743.090908047598,-71927.005222443
49832.0,64587.0,11397.0,16774.0,397,225,333.0,164,57135.0,47302.0,41010.0,30095.0,135.9,0,-86592.14681817772,-12015.23628803419
10760.0,22255.0,3510.0,8226.0,4213,4124,5636.0,6042,14343.0,15681.0,1383.0,3397.0,136.0,0,-150271.90675272795,18898.0558130522
2021.0,8159.0,2107.0,7080.0,2642,3587,3656.0,4930,9310.0,12810.0,364.0,876.0,136.0,0,-157601.4376676825,20556.24115317296
9610.0,13426.0,1673.0,2722.0,3116,2978,4455.0,4384,11976.0,11753.0,1994.0,2271.0,136.0,0,-152954.64223398163,18632.262347655185
49763.0,70027.0,8354.0,13812.0,303,121,307.0,143,69004.0,64128.0,57365.0,49518.0,136.0,0,-70977.90427221704,-28839.42144778189
75033.0,118646.0,15488.0,23493.0,296,190,200.0,228,47524.0,44984.0,34803.0,40443.0,136.1,0,-82490.9839715584,-1260.3300914079446
118400.0,173235.0,16509.0,26552.0,293,218,0.0,40,100726.0,91367.0,97219.0,72756.0,136.1,0,-4241.839276028768,-50982.90690606433
12920.0,21445.0,3556.0,5928.0,7478,7645,9153.0,9198,18282.0,19525.0,3083.0,3676.0,136.1,0,-146520.73395460792,16397.641840029428
257159.0,359691.0,22019.0,35072.0,305,378,209.0,131,298616.0,245138.0,135368.0,119124.0,136.2,0,178523.92613739273,-161532.2733278521
4279.0,9448.0,1263.0,3119.0,2911,3227,4103.0,4472,10261.0,11035.0,1999.0,3048.0,136.2,0,-155721.61239459788,18728.745116392776
13788.0,16267.0,2360.0,7398.0,3463,3284,5233.0,5039,15110.0,15013.0,3960.0,3752.0,136.2,0,-148311.55767815222,16930.353199220324
1698.0,6849.0,283.0,1773.0,294,251,184.0,108,18268.0,27886.0,4157.0,7016.0,136.2,0,-151043.74814749014,12218.628191062964
1856.0,7584.0,408.0,1422.0,231,163,136.0,31,3595.0,5162.0,6453.0,7187.0,136.2,0,-157948.38625030234,19394.8563126595
729988.0,629005.0,435880.0,528295.0,5072,3394,990.0,671,2457750.0,1701510.0,1559990.0,994167.0,136.2,3,2575771.925093672,-1563343.0479164463
67719.0,112685.0,24297.0,37918.0,786,424,273.0,102,60932.0,54441.0,47394.0,47663.0,136.3,0,-65170.99888493952,-7481.560089554383
34308.0,45169.0,31061.0,53234.0,4961,5487,6999.0,7338,18438.0,19689.0,2893.0,3410.0,136.3,0,-123465.15605046286,38908.63632080671
5705.0,9517.0,889.0,2583.0,2138,2308,3021.0,3251,8515.0,8953.0,0.0,1730.0,136.3,0,-157603.92669066106,20330.687695375684
5247.0,12493.0,1934.0,5907.0,2841,3381,3728.0,4172,9221.0,11410.0,871.0,1664.0,136.4,0,-156348.25143869867,20435.998024890323
6784.0,14073.0,2248.0,4785.0,3022,3392,3875.0,4229,11837.0,12740.0,1547.0,3059.0,136.4,0,-153670.6197344953,18970.101846504003
35365.0,53706.0,3651.0,5612.0,210,313,117.0,62,43858.0,40430.0,27811.0,26520.0,136.6,0,-109851.8641557258,-6991.91951780584
69400.0,86715.0,7333.0,9842.0,61,259,219.0,121,76856.0,73385.0,52286.0,62687.0,136.6,0,-61020.01029420641,-32506.645420893496
107898.0,159532.0,9526.0,13920.0,134,169,474.0,141,50122.0,45152.0,48838.0,42637.0,136.6,0,-67191.64381567237,-9695.146666889872
10903.0,20217.0,5975.0,9795.0,5810,6385,7928.0,8244,21745.0,23457.0,1958.0,2774.0,136.6,0,-144505.15845039845,16723.10457062369
82235.0,126018.0,15097.0,23307.0,738,573,547.0,284,97818.0,87372.0,60026.0,72953.0,136.6,0,-35387.01180774126,-40873.138122689496
5190.0,12803.0,1067.0,2016.0,5078,5997,6570.0,7622,17543.0,19977.0,454.0,2074.0,136.6,0,-152382.10471699992,15409.019074784886
124215.0,181296.0,28184.0,41677.0,309,173,374.0,241,99833.0,90886.0,80470.0,73658.0,136.7,0,-3531.974567256489,-35757.15944322815
86930.0,136535.0,11904.0,19258.0,0,39,0.0,0,49669.0,45743.0,36725.0,32413.0,136.7,-1,-80107.00478447459,-3785.674231808232
11741.0,28529.0,2082.0,3416.0,6485,5698,7783.0,7240,22924.0,21353.0,5343.0,5146.0,136.7,0,-143915.8720733219,11742.224233364874
14762.0,23505.0,1798.0,2616.0,5166,5310,7126.0,7629,21067.0,20777.0,2905.0,3747.0,136.8,0,-145512.11690440957,13745.98062092407
73794.0,111547.0,6926.0,13514.0,225,245,279.0,164,44537.0,38770.0,42205.0,34845.0,136.8,0,-87151.4385515811,-7938.066753645828
80946.0,107539.0,26694.0,39607.0,360,210,393.0,181,85461.0,79914.0,71482.0,70951.0,136.8,0,-30847.9958757796,-29066.139674029168
158624.0,244153.0,113208.0,177190.0,8925,8957,21871.0,20680,57962.0,54959.0,24721.0,20482.0,136.9,0,-134.0820178700087,79866.11483634883
1847.0,11347.0,580.0,2453.0,471,1477,553.0,1974,1537.0,4402.0,822.0,1266.0,136.9,0,-162597.09921117045,23327.060459004453
2610.0,6440.0,1726.0,3534.0,4504,7274,5137.0,9170,11461.0,17044.0,2874.0,3972.0,136.9,0,-154749.07510049758,17901.029088364197
180472.0,242050.0,8062.0,10725.0,1064,618,93.0,222,194431.0,158382.0,95094.0,75359.0,136.9,0,61979.41790013839,-102587.54533695732
76276.0,114618.0,12724.0,19352.0,361,242,210.0,119,84455.0,72799.0,57982.0,56708.0,137.0,0,-49825.26155615282,-33017.98595506121
13729.0,21860.0,2361.0,3654.0,2118,1922,5294.0,5481,14447.0,13557.0,4493.0,5677.0,137.1,0,-148125.77411651917,16828.99498732556
288008.0,402358.0,288313.0,435132.0,23415,22299,38778.0,36614,38923.0,33212.0,6929.0,7081.0,137.1,0,123930.90972086744,240692.1000677943
10196.0,17848.0,2262.0,5697.0,6059,6224,6620.0,6927,15305.0,14577.0,325.0,2029.0,137.1,0,-151371.0760390139,17943.899766290968
7459.0,14595.0,2791.0,5184.0,3372,3567,4551.0,4319,12315.0,12763.0,2771.0,2577.0,137.2,0,-152384.54240883616,18839.914853275022
999.0,5957.0,540.0,2769.0,186,71,115.0,0,1696.0,4131.0,179.0,618.0,137.2,-1,-163214.83702724098,23449.62087927828
11817.0,13492.0,2392.0,4506.0,3816,3851,4965.0,4815,13303.0,12766.0,3621.0,3317.0,137.3,0,-150154.51196503305,17949.871494828778
18810.0,32167.0,2001.0,4248.0,5214,5619,7767.0,7993,20720.0,22791.0,2791.0,4934.0,137.4,0,-144132.66625961708,14261.035482549583
65337.0,103489.0,33713.0,51797.0,511,236,228.0,117,66111.0,59194.0,50740.0,43305.0,137.4,0,-56712.6050158978,-3779.0166178308464
29290.0,53491.0,8735.0,13162.0,4513,4609,10217.0,10312,25618.0,25878.0,6188.0,8592.0,137.4,0,-131885.46974477317,15897.691803157417
71561.0,106795.0,16449.0,26248.0,236,175,212.0,107,77444.0,71365.0,65945.0,61487.0,137.5,0,-48525.04180669667,-30100.022277441407
8020.0,14150.0,1843.0,3072.0,5852,6338,8625.0,9175,21196.0,22069.0,2519.0,5490.0,137.5,0,-147449.3317357458,13094.674693938226
2743.0,8518.0,2375.0,5736.0,3055,4085,3797.0,5068,9224.0,12048.0,266.0,1223.0,137.5,0,-157242.6369887385,20845.994930973084
10067.0,16145.0,2166.0,4514.0,5173,5358,8051.0,8407,21823.0,22057.0,3311.0,3605.0,137.6,0,-146217.61980945835,13154.8501515334
37974.0,66083.0,6873.0,9665.0,234,164,171.0,93,51949.0,51562.0,30782.0,39563.0,137.6,0,-99027.0951268262,-11491.319948721277
262318.0,380691.0,9641.0,16020.0,598,410,49.0,80,298923.0,245532.0,119740.0,103761.0,137.8,0,163195.1989891462,-163376.7883511484
11268.0,22481.0,4832.0,7563.0,2283,2268,5875.0,5822,13788.0,14307.0,4233.0,4851.0,137.9,0,-148078.8469111683,19078.741872040417
78470.0,117401.0,13880.0,22521.0,571,309,87.0,159,52072.0,46344.0,42555.0,37326.0,138.0,0,-76785.41257623259,-6798.77551412291
71055.0,116150.0,8723.0,15373.0,294,233,67.0,74,51006.0,47414.0,47023.0,39011.0,138.0,0,-80454.74986032769,-12423.912550185383
8515.0,13674.0,1891.0,2923.0,3381,3516,5060.0,5349,10504.0,11053.0,684.0,1169.0,138.2,0,-154781.60356822022,20094.922425682864
2404.0,15712.0,549.0,3234.0,1042,3811,1571.0,5189,3629.0,11649.0,1923.0,3464.0,138.2,0,-160390.34900695187,21554.636760519454
6731.0,22913.0,1747.0,3739.0,5894,7531,7191.0,9191,15558.0,19888.0,606.0,3153.0,138.2,0,-152323.9266031425,16906.50965304686
363.0,1940.0,458.0,2589.0,237,228,158.0,36,7875.0,17242.0,19143.0,34886.0,138.2,0,-145428.2452556878,8938.988484322677
1836.0,12249.0,1246.0,5203.0,189,149,103.0,0,23902.0,58183.0,23228.0,42827.0,138.2,-1,-132382.56804686543,-1408.2771144062135
16721.0,15460.0,13854.0,8547.0,1701,611,301.0,186,505033.0,192137.0,176107.0,49157.0,138.2,0,217515.0631334073,-299987.79326626705
3427600.0,2518530.0,1943590.0,1404330.0,216767,110867,37761.0,15369,14853000.0,5852880.0,12551200.0,4343710.0,138.2,1,16828964.203889,-10971523.197060565
118169.0,160261.0,9533.0,13811.0,557,268,295.0,150,49381.0,41423.0,56946.0,40093.0,138.3,0,-61002.04444300225,-10860.652184881985
3267.0,6527.0,1797.0,3146.0,2269,2424,3538.0,3768,9106.0,9565.0,2216.0,2329.0,138.3,0,-156396.77340045638,19702.72741828626
9960.0,22785.0,2279.0,4935.0,4667,5073,6298.0,7001,18504.0,20845.0,5053.0,5064.0,138.3,0,-146973.94375023752,14224.366990884611
16357.0,29115.0,2554.0,3090.0,8631,8716,11611.0,11870,28301.0,28720.0,4737.0,4110.0,138.3,0,-139621.6840849882,9924.198014771697
1927.0,5368.0,1766.0,4696.0,2029,2712,2358.0,3011,6342.0,8279.0,360.0,811.0,138.3,0,-159493.27764976528,21886.520915926343
12068.0,27895.0,1865.0,4133.0,3596,3985,5055.0,5468,12803.0,13849.0,2205.0,2647.0,138.3,0,-151430.18854609464,18398.92369056883
2589.0,11133.0,787.0,2488.0,195,177,193.0,119,5197.0,7963.0,313.0,1365.0,138.4,0,-160431.73296988176,21734.11754285935
2348.0,9236.0,0.0,403.0,85,24,136.0,26,2799.0,4756.0,7035.0,16109.0,138.4,0,-156672.9103847334,18105.677921677943
848.0,4526.0,0.0,565.0,49,0,175.0,172,6552.0,13675.0,26019.0,41404.0,138.4,0,-141988.66488774313,6138.477661623823
607290.0,782381.0,40157.0,56170.0,1502,1621,266.0,259,748952.0,597075.0,217098.0,191829.0,138.4,3,600800.4119632001,-399997.2714600673
26697.0,40740.0,2413.0,6210.0,293,223,155.0,151,34297.0,30699.0,24170.0,23578.0,138.4,0,-120834.9187137915,-1840.4574129083085
40502.0,66811.0,21135.0,36278.0,106,134,0.0,39,49554.0,47441.0,28108.0,35916.0,138.4,0,-92970.5287505434,2218.5662795823227
80255.0,125908.0,21014.0,31894.0,454,252,200.0,130,95226.0,86719.0,73985.0,74517.0,138.4,0,-27260.022605195845,-39993.669195186536
37215.0,60870.0,4152.0,6945.0,0,81,213.0,118,34199.0,31423.0,25554.0,24428.0,138.4,0,-115704.752146925,-259.4721899249889
29570.0,46796.0,9307.0,14073.0,143,212,0.0,17,35574.0,33339.0,31872.0,27115.0,138.5,0,-110977.1533375854,-123.50595146407068
16666.0,34568.0,3397.0,5214.0,7366,7495,10498.0,10558,27641.0,26942.0,7713.0,6047.0,138.6,0,-137693.17806464853,9675.656172048804
6346.0,16890.0,1622.0,3758.0,4670,5447,7053.0,8506,17798.0,20505.0,2607.0,3377.0,138.6,0,-150326.9665077587,14881.395853184134
4653.0,12816.0,1572.0,3022.0,3470,3962,3867.0,4294,9693.0,10467.0,968.0,2249.0,138.6,0,-156343.74459936665,19752.62042283905
51886.0,99084.0,424024.0,620633.0,3354,3114,6566.0,6271,16713.0,16328.0,6061.0,6290.0,138.6,0,115424.41645358424,338374.5597588873
95731.0,154280.0,14588.0,23398.0,568,518,280.0,135,78747.0,66502.0,75975.0,62543.0,138.7,0,-36346.61581306651,-33882.6357788654
10775.0,12673.0,1695.0,5152.0,6308,6975,7128.0,7727,19835.0,21967.0,2506.0,4068.0,138.7,0,-147657.6240615652,14122.15873955263
17611.0,34275.0,3294.0,5962.0,6431,6640,9197.0,9834,25240.0,26299.0,4132.0,5133.0,138.9,0,-140592.68159717263,12266.59272351594
3687.0,10907.0,3177.0,6182.0,4646,5222,6460.0,7516,14089.0,15794.0,942.0,1911.0,139.0,0,-153332.74332728612,18608.39974262519
3188.0,16260.0,532.0,2136.0,2394,3805,2910.0,4667,7466.0,12175.0,1374.0,2088.0,139.1,0,-158507.2374426602,19927.3546787648
3047.0,11400.0,959.0,3479.0,3385,4488,4237.0,5717,10628.0,14246.0,468.0,1544.0,139.2,0,-157054.93052298276,18930.29790332922
5803.0,12586.0,2854.0,4944.0,2314,2388,3247.0,3522,9930.0,8978.0,1883.0,2010.0,139.2,0,-154711.45895616195,20410.08078676431
40462.0,68420.0,10273.0,16065.0,171,102,216.0,163,49808.0,44457.0,39390.0,39775.0,139.3,0,-93401.0227008789,-10464.293263459767
56216.0,74026.0,4200.0,7869.0,168,86,393.0,243,44969.0,42892.0,42771.0,36476.0,139.4,0,-93621.49117730606,-11972.739694823103
6230.0,15044.0,2921.0,6034.0,3126,3597,3916.0,3882,8191.0,8594.0,1685.0,1500.0,139.4,0,-155670.80357273447,21565.12294077419
82788.0,125518.0,13188.0,18257.0,26,232,330.0,214,51816.0,44915.0,41174.0,37702.0,139.4,0,-76524.29820490292,-6461.016916506855
83926.0,137193.0,8493.0,12619.0,218,120,218.0,143,59028.0,55275.0,39537.0,42958.0,139.4,0,-74796.58286129416,-13996.563407045607
4951.0,15210.0,1023.0,2678.0,1970,3184,3099.0,4581,8177.0,12672.0,895.0,2648.0,139.5,0,-157384.0560556605,20130.57614505792
4714.0,10018.0,825.0,1405.0,1272,2850,1678.0,4183,4509.0,11404.0,109.0,511.0,139.5,0,-160341.06589081424,22482.874808357607
2447.0,9855.0,1707.0,4727.0,4046,6578,4764.0,7486,10180.0,16334.0,719.0,2543.0,139.6,0,-156762.1234001511,19473.912486299778
15430.0,24247.0,2289.0,3880.0,4432,4382,7179.0,7108,17993.0,16329.0,5333.0,5153.0,139.6,0,-145350.62386959247,14808.292674918835
151971.0,219886.0,22569.0,33030.0,61,302,0.0,85,247242.0,207006.0,101647.0,91946.0,139.6,0,96485.41029055705,-126471.64215901334
2656.0,8350.0,847.0,2687.0,2389,2900,3645.0,4134,9252.0,11123.0,571.0,2174.0,139.7,0,-157857.3787838701,19425.538414709907
10174.0,21551.0,1591.0,4479.0,4296,4310,5448.0,6054,14330.0,14739.0,962.0,2880.0,139.7,0,-151884.12899121584,17615.105884373515
2958.0,8004.0,0.0,1144.0,2343,2857,3256.0,3962,8811.0,10436.0,1558.0,2261.0,139.9,0,-158036.40414240936,18700.098205595725
1981.0,8595.0,520.0,1239.0,1472,2582,1949.0,3210,5666.0,9578.0,1517.0,1698.0,140.0,0,-159904.08255965263,20794.275333641464
802.0,4732.0,0.0,344.0,1529,4246,1934.0,5064,4321.0,11585.0,702.0,1734.0,140.0,0,-161702.75982297634,21296.98847372109
3978.0,10312.0,320.0,1850.0,4188,4949,4597.0,5213,9872.0,10762.0,1264.0,1709.0,140.0,0,-157153.0113551663,18635.33685156962
6819.0,17100.0,2348.0,5086.0,2093,2456,3232.0,3725,9618.0,10236.0,2119.0,2062.0,140.1,0,-154740.43360017228,20181.800204533654
18300.0,37848.0,1932.0,2777.0,6896,6841,9159.0,9356,23445.0,23726.0,3878.0,4206.0,140.1,0,-142443.9549081168,12460.230975605378
16265.0,33292.0,5297.0,9808.0,4050,4342,8783.0,9488,21393.0,22156.0,6082.0,8468.0,140.1,0,-140507.8903835322,14622.533164249371
11745.0,18639.0,2090.0,6155.0,4035,4369,6185.0,6332,16438.0,16291.0,3282.0,3484.0,140.2,0,-148745.87053748054,16126.827501997795
3104.0,6319.0,2398.0,4288.0,3049,3630,3556.0,3954,8711.0,9832.0,605.0,1565.0,140.3,0,-157182.67058054695,21004.6304474138
1529.0,10452.0,51.0,537.0,97,0,222.0,195,3533.0,9255.0,18839.0,48162.0,140.3,0,-145558.09644246183,9284.987370925051
8188.0,10510.0,3469.0,7108.0,0,59,182.0,140,61316.0,59724.0,24176.0,46883.0,140.3,0,-107200.8229494352,-20152.524268522066
371854.0,525793.0,187308.0,244857.0,21160,18183,26078.0,23360,61727.0,53119.0,12733.0,12577.0,140.4,0,107321.64228231538,155270.80051190002
12003.0,22282.0,2914.0,4970.0,6762,7000,9122.0,9903,21161.0,23001.0,2879.0,3631.0,140.4,0,-145706.49213144023,14370.231066797964
60437.0,82495.0,7403.0,10001.0,496,236,0.0,66,35509.0,30402.0,28495.0,23909.0,140.4,0,-104342.00428684222,2345.099773300004
914.0,4040.0,484.0,2405.0,145,5,141.0,71,3388.0,7578.0,9998.0,15181.0,140.4,0,-155314.78024220286,17196.62297040865
1206.0,3175.0,315.0,1536.0,142,31,270.0,182,10211.0,16394.0,7019.0,10133.0,140.4,0,-153785.85885708188,15132.581095439273
972403.0,1017120.0,338799.0,415084.0,5123,3664,760.0,438,2398830.0,1504600.0,1003900.0,633057.0,140.4,3,2245338.6422970854,-1352190.4014192158
13932.0,33283.0,3132.0,6361.0,5090,5424,7006.0,7928,18646.0,20706.0,2841.0,4185.0,140.4,0,-146283.93617897498,15953.76824331917
66406.0,101542.0,13964.0,21377.0,509,180,0.0,32,43871.0,36818.0,45358.0,34322.0,140.4,0,-84366.40532706976,-3757.607566045957
8961.0,10698.0,6304.0,9972.0,6745,7041,8436.0,8896,17895.0,17542.0,3853.0,4124.0,140.5,0,-145953.4258561565,18075.405565616307
7722.0,10726.0,2164.0,2895.0,5480,5042,6403.0,6249,13800.0,13675.0,2880.0,2226.0,140.6,0,-151846.74313103966,17611.002191469077
81027.0,110990.0,10515.0,16532.0,231,127,668.0,262,80454.0,73504.0,61183.0,55938.0,140.6,0,-50476.6086878249,-33155.68814987463
6704.0,15635.0,5149.0,10020.0,4420,4848,6526.0,7277,17784.0,18418.0,2637.0,3531.0,140.7,0,-148097.2129289607,17563.77145411975
3492.0,6025.0,669.0,2003.0,4173,4470,5215.0,5565,11304.0,11319.0,1426.0,3233.0,140.7,0,-155972.92522363836,17830.533362949005
6852.0,19975.0,2183.0,3849.0,5173,5421,6712.0,7160,18980.0,20512.0,1643.0,2920.0,140.8,0,-149700.71242122268,15099.302108625328
4697.0,19770.0,1443.0,3408.0,3668,4734,4502.0,5702,10322.0,13779.0,1938.0,3408.0,140.8,0,-155409.78862718062,18837.713203219035
279545.0,352770.0,33754.0,49287.0,578,269,26.0,100,231744.0,185722.0,87129.0,73820.0,140.8,0,125647.66723443862,-92767.55453354232
6105.0,13441.0,2104.0,5164.0,2806,2908,3856.0,3930,11818.0,12608.0,2316.0,2426.0,140.8,0,-153739.2595993174,18652.06563162939
2800.0,7090.0,1697.0,6287.0,180,111,201.0,130,4691.0,7608.0,39044.0,47021.0,140.8,0,-134422.39358486666,3458.4379228681537
498784.0,606454.0,110242.0,156789.0,2646,2091,1017.0,644,407543.0,330147.0,195489.0,177860.0,140.8,0,406223.24216697214,-162901.8138556183
17151.0,31546.0,1246.0,3706.0,3756,3705,4893.0,5148,16318.0,16368.0,3317.0,5846.0,140.9,0,-147159.48619502856,15610.412770312576
5440.0,10613.0,1067.0,2542.0,2489,2688,3526.0,3683,7685.0,8085.0,754.0,1552.0,140.9,0,-157723.391588007,20666.701400855996
3370.0,8158.0,1369.0,3356.0,2817,3259,3147.0,3648,7958.0,9348.0,1071.0,1950.0,141.0,0,-157843.09183085462,20435.74015381461
11442.0,16792.0,2930.0,5719.0,4300,4167,5623.0,5874,14484.0,15273.0,1594.0,2446.0,141.1,0,-150383.65206755695,18496.054474541947
17963.0,31448.0,5647.0,9654.0,6555,6730,7943.0,8462,19631.0,18653.0,3265.0,3668.0,141.1,0,-142844.96693408047,17578.057523447653
11390.0,11238.0,4233.0,5561.0,5695,5551,7271.0,7308,16716.0,17167.0,3824.0,3129.0,141.2,0,-147241.4699199982,17457.902839774324
93695.0,144459.0,72958.0,109655.0,9268,10032,12678.0,13274,30584.0,30381.0,5022.0,5333.0,141.2,0,-71592.46439234106,67738.3094827027
2842.0,9837.0,1416.0,3789.0,820,1657,1097.0,2618,3417.0,8238.0,1698.0,2299.0,141.3,0,-160160.30870978127,22596.51345943497
77512.0,120020.0,7631.0,10679.0,71,87,1.0,57,39842.0,35638.0,27583.0,25069.0,141.3,0,-96556.0277864812,1614.3610804590137
45644.0,77252.0,5056.0,8938.0,515,257,0.0,117,42026.0,38563.0,16362.0,29129.0,141.3,0,-111564.27452525076,-733.9848998440611
5368.0,15793.0,1004.0,2562.0,3422,3999,4037.0,4723,10465.0,11970.0,1032.0,2600.0,141.3,0,-155933.1362080169,18890.45095991078
67564.0,96655.0,11181.0,19250.0,580,217,0.0,58,38478.0,31461.0,28117.0,25446.0,141.3,0,-98090.6103541958,4071.1547609332592
2857.0,8400.0,588.0,1539.0,3524,3777,4504.0,5008,10155.0,11036.0,1616.0,1674.0,141.3,0,-157044.322421545,18488.45988860437
5287.0,12848.0,3821.0,6694.0,2748,2755,3111.0,3251,7782.0,7823.0,928.0,2088.0,141.4,0,-155918.83410338397,22565.00943878648
5091.0,19906.0,2415.0,7507.0,3206,4466,3759.0,5021,9740.0,13375.0,560.0,1395.0,141.5,0,-156014.885399629,20654.72671064801
5673.0,10761.0,1519.0,2788.0,2929,3278,3850.0,4241,10631.0,11867.0,1216.0,3188.0,141.6,0,-155255.7593564811,19070.09719309244
105258.0,144703.0,19112.0,32406.0,249,248,362.0,185,109554.0,97111.0,101091.0,81526.0,141.7,0,1254.2985045383684,-57227.557886153016
8471.0,14187.0,3328.0,5904.0,5408,5796,6918.0,7160,16564.0,17289.0,3694.0,4428.0,141.7,0,-148635.66959836215,16493.125507257246
40175.0,56920.0,17996.0,28063.0,471,258,497.0,239,44904.0,43682.0,31677.0,34543.0,141.7,0,-96091.3286771368,1306.0497106498842
5360.0,10752.0,2186.0,2893.0,3956,3751,5051.0,5178,12736.0,12809.0,1921.0,1817.0,141.7,0,-153701.22068498755,18389.16245912817
477562.0,653354.0,258778.0,368825.0,17157,14558,23504.0,19983,57868.0,47108.0,18121.0,15020.0,141.7,0,184218.0230299497,217417.509635192
1071.0,3452.0,0.0,1160.0,122,0,139.0,28,1886.0,5583.0,14900.0,31516.0,141.8,0,-151318.64974644053,13731.043008285009
37020.0,50088.0,6467.0,10348.0,255,285,286.0,165,45417.0,43811.0,20385.0,32435.0,141.8,0,-109200.15429120608,-3922.44448769413
5231.0,14820.0,1749.0,4537.0,3050,3715,5099.0,6055,14302.0,16461.0,2122.0,3213.0,141.8,0,-152805.90692283117,16942.533278200644
3510.0,8950.0,502.0,1712.0,17,25,155.0,79,2526.0,4206.0,26612.0,53377.0,141.9,0,-140736.68954259405,7002.867795789924
687175.0,861675.0,144868.0,204836.0,2441,1597,554.0,442,499671.0,396546.0,219129.0,186259.0,141.9,3,550412.4715908659,-180848.60785365957
1011.0,5933.0,218.0,1669.0,130,1,172.0,62,2429.0,4015.0,734.0,1633.0,141.9,0,-162565.61545893206,22487.995511422283
2393.0,9940.0,345.0,2169.0,140,68,99.0,0,2242.0,4101.0,6985.0,11928.0,141.9,-1,-157503.73413532635,19269.2693185534
551632.0,657390.0,171282.0,256424.0,2054,1486,336.0,267,925484.0,723187.0,389385.0,322925.0,141.9,3,859986.2330756366,-474588.1867734792
9478.0,14665.0,3240.0,5095.0,5589,6269,6809.0,7377,18106.0,18488.0,1796.0,3080.0,141.9,0,-148617.22007333976,16495.897018344
1371.0,8592.0,444.0,2327.0,852,2268,1447.0,3595,3621.0,9728.0,913.0,2057.0,142.1,0,-161496.14770617295,21933.28705089788
2786.0,5627.0,6.0,1358.0,608,2071,1120.0,2945,2658.0,8184.0,460.0,789.0,142.1,0,-162261.91065505156,22548.50308091129
42764.0,66912.0,25386.0,39863.0,396,289,48.0,140,55497.0,50057.0,43219.0,42424.0,142.1,0,-78363.79653065198,-3492.431101622984
1859.0,9911.0,535.0,2573.0,222,151,172.0,74,3102.0,5031.0,1132.0,1756.0,142.2,0,-161529.10412628148,22283.03489866341
480181.0,620624.0,52984.0,76107.0,789,902,289.0,130,847222.0,682743.0,233678.0,216433.0,142.2,3,633825.0498028228,-461326.1607842774
12103.0,23342.0,1819.0,3716.0,4699,5132,6749.0,6950,16141.0,17383.0,1470.0,3795.0,142.2,0,-149733.1102934179,16668.36165066474
52072.0,77598.0,21436.0,33720.0,59,245,254.0,147,48511.0,45307.0,36965.0,38656.0,142.3,0,-85106.22985088412,545.2695489033322
13641.0,29292.0,1816.0,4347.0,4480,4897,5901.0,6500,16423.0,17363.0,1112.0,1746.0,142.3,0,-149605.05436886736,17034.53434218999
22715.0,33579.0,2657.0,5810.0,5474,5599,7517.0,7810,21181.0,20906.0,5070.0,6512.0,142.3,0,-140915.85679509625,13828.240875626656
16031.0,25850.0,1948.0,3199.0,5238,5316,7227.0,6876,18252.0,18193.0,3505.0,3241.0,142.3,0,-146383.33610372568,15333.964092403028
4700.0,19819.0,1786.0,5085.0,2685,3310,3883.0,4885,10485.0,13269.0,760.0,2290.0,142.5,0,-155855.978770653,19554.394559920107
1108.0,5707.0,899.0,2906.0,873,1307,1422.0,2213,3666.0,5618.0,232.0,723.0,142.5,0,-161829.4525324448,22648.309496125206
405937.0,576507.0,27804.0,42252.0,411,331,367.0,210,303174.0,251456.0,129924.0,120269.0,142.5,0,229877.7989093896,-146797.469969642
8933.0,16771.0,1668.0,3563.0,4945,4919,6918.0,6936,16193.0,15860.0,4171.0,4722.0,142.5,0,-149405.3886452152,15262.780949746668
45423.0,65066.0,3941.0,5769.0,822,730,175.0,252,36385.0,34524.0,29529.0,32207.0,142.6,0,-108817.27641056244,-3381.193761259263
18122.0,37541.0,2569.0,5219.0,6449,6280,7782.0,7529,18168.0,16586.0,7557.0,5388.0,142.7,0,-143150.28765053087,14366.65827622608
137005.0,206796.0,12211.0,18542.0,960,351,462.0,190,149557.0,131930.0,69743.0,58261.0,142.8,0,11051.120881135665,-67844.71284491499
3134.0,9155.0,710.0,2449.0,3061,3349,4255.0,4993,8434.0,9499.0,367.0,1156.0,142.8,0,-158502.15475294253,20008.58375848237
47533.0,64776.0,9909.0,15933.0,210,134,0.0,150,56170.0,51067.0,51593.0,48434.0,142.9,0,-80719.91700301973,-18883.743475352065
12759.0,17965.0,2791.0,3236.0,6446,6313,8342.0,8394,17318.0,16628.0,2853.0,2581.0,143.0,0,-147857.65747572214,16544.87015406003
2145.0,12532.0,641.0,2098.0,1145,1905,1504.0,2717,4476.0,8605.0,602.0,1166.0,143.0,0,-160953.45479057074,21912.47892279771
2984.0,9046.0,0.0,2477.0,1321,2836,1712.0,4253,5145.0,9675.0,1973.0,2192.0,143.1,0,-159884.10026946355,20531.66739416139
23789.0,49289.0,2071.0,5135.0,8801,8216,11319.0,11567,25497.0,26317.0,5220.0,5738.0,143.1,0,-138572.12053632777,11226.935086639984
18262.0,35067.0,2056.0,4164.0,239,225,146.0,135,32255.0,32948.0,15488.0,23307.0,143.2,0,-128928.48250538638,1272.6477750261402
3918.0,10229.0,1428.0,2941.0,290,168,0.0,0,9859.0,8954.0,35356.0,29969.0,143.2,-1,-135991.29188798796,4179.078105338183
3690140.0,3129830.0,2535960.0,1650860.0,41594,12893,12801.0,7478,12975000.0,5460220.0,12186000.0,4624470.0,143.2,1,16103672.110692184,-9414854.248018753
1879.0,6136.0,477.0,2162.0,1034,2043,1217.0,2674,3041.0,6420.0,547.0,1002.0,143.2,0,-161984.06119049058,22576.919897726555
533.0,3210.0,291.0,1622.0,629,1838,638.0,1970,1803.0,5163.0,384.0,629.0,143.2,0,-163352.6240535958,23102.05481871651
3163.0,4972.0,686.0,1687.0,222,125,152.0,57,3836.0,10585.0,15179.0,18945.0,143.2,0,-151192.38728398547,15031.090939628586
94689.0,138830.0,8932.0,14190.0,589,269,261.0,159,169665.0,148215.0,54051.0,57294.0,143.2,0,-737.07438804509,-78922.13023561472
3851700.0,1523170.0,5383750.0,4579390.0,49456,13190,8314.0,2326,7158300.0,6224170.0,447417.0,4330380.0,143.3,4,9161805.51990561,-182627.31624732327
35023.0,62630.0,21657.0,38847.0,215,142,89.0,77,57022.0,58579.0,29044.0,39560.0,143.3,0,-89231.28886859509,-2613.297491724741
4751.0,12346.0,2708.0,4772.0,2065,2205,2767.0,3069,6817.0,7457.0,1269.0,1049.0,143.3,0,-157307.10048424464,22224.38777042788
8026.0,18557.0,2155.0,4228.0,4780,5383,6024.0,6556,15219.0,16222.0,4027.0,3656.0,143.5,0,-150199.3100617311,16282.660192469848
482181.0,567581.0,237356.0,290236.0,895,711,139.0,232,354091.0,303587.0,168492.0,152540.0,143.5,0,429666.0179903052,-26402.0567295538
37143.0,70152.0,12091.0,18296.0,2459,2625,7409.0,7376,16312.0,15439.0,6284.0,4929.0,143.5,0,-133129.5088819445,24489.13918788664
8805.0,16787.0,2198.0,3580.0,3309,3374,3869.0,4238,9962.0,9875.0,1819.0,2906.0,143.6,0,-153988.81568588785,20019.604234880837
36566.0,61147.0,6143.0,8896.0,263,200,0.0,0,44691.0,42616.0,26847.0,32712.0,143.6,-1,-106917.98235182426,-6012.981652591927
20619.0,34507.0,3573.0,7231.0,12345,12366,15677.0,16153,34219.0,33446.0,3654.0,3707.0,143.6,0,-134922.88123243814,8283.16909406527
9873.0,15796.0,3688.0,6000.0,4943,5173,6539.0,6616,16644.0,16672.0,2944.0,2616.0,143.8,0,-148588.25813611038,17329.185485720507
22285.0,28541.0,5329.0,8434.0,5884,6144,8456.0,8051,22566.0,22085.0,3742.0,3193.0,143.9,0,-139886.27405246568,15993.021398226098
3893.0,9841.0,1901.0,4140.0,3675,4171,5230.0,6228,12994.0,14892.0,2497.0,2872.0,143.9,0,-153751.73093411457,17584.414456705195
2362.0,8812.0,698.0,2774.0,616,1561,559.0,2054,1748.0,6483.0,0.0,104.0,143.9,0,-162823.0836332658,23778.620381010835
126745.0,188528.0,26434.0,40610.0,556,328,362.0,169,70672.0,61942.0,65094.0,55047.0,143.9,0,-30163.465767428832,-13571.429194772529
11235.0,21119.0,1733.0,3566.0,11598,12210,12813.0,14313,19501.0,21132.0,3143.0,4033.0,144.0,0,-147350.72432819614,14183.372965081247
4376.0,13140.0,336.0,2398.0,1251,4608,1330.0,4283,2430.0,7393.0,760.0,1427.0,144.0,0,-161432.16057071238,22854.508042137903
19748.0,31889.0,2849.0,4983.0,6714,6417,8707.0,8582,24318.0,24825.0,4747.0,5571.0,144.1,0,-140321.6311636011,12317.551800652536
3824.0,16730.0,720.0,4444.0,3105,4241,3978.0,5470,9485.0,12911.0,922.0,1644.0,144.2,0,-157354.52607595574,19252.576566465134
21269.0,44929.0,17790.0,29188.0,7318,6971,7840.0,7940,20211.0,19196.0,3884.0,5518.0,144.2,0,-133681.0429816554,26283.8381990298
3176.0,12428.0,1881.0,4514.0,127,60,266.0,176,5787.0,7073.0,1538.0,1651.0,144.2,0,-158657.0288271557,21846.369930322195
795148.0,973902.0,2358380.0,3449110.0,3173,2663,828.0,574,435913.0,348357.0,238140.0,152688.0,144.2,3,1861064.4177066584,1542235.9987033631
48791.0,86274.0,8466.0,13336.0,0,0,345.0,199,37318.0,34610.0,25838.0,32222.0,144.2,0,-106247.39631755196,1030.931003417703
2095.0,9678.0,700.0,3737.0,1443,2058,2022.0,2821,4525.0,6325.0,611.0,1275.0,144.3,0,-160882.28122875062,21910.594213537883
4797.0,12044.0,714.0,2384.0,309,208,203.0,97,44889.0,44867.0,9012.0,14891.0,144.3,0,-131480.901718751,-4190.205422509862
1097.0,6063.0,319.0,2366.0,251,183,112.0,0,3917.0,12657.0,792.0,1276.0,144.3,-1,-161690.19502788025,21803.66311049621
41672.0,54787.0,4595.0,5869.0,364,203,349.0,144,41342.0,37460.0,38687.0,28949.0,144.4,0,-103232.85873003327,-8407.792780637665
2213.0,10549.0,564.0,2159.0,167,108,119.0,0,2112.0,4487.0,636.0,1024.0,144.4,-1,-162301.0682788795,23126.465641394043
708768.0,887973.0,74283.0,105522.0,1908,1404,102.0,118,700276.0,511065.0,288571.0,214625.0,144.4,3,663445.846457505,-367336.77940825233
16033.0,27970.0,2985.0,4407.0,2539,2459,6476.0,6590,15670.0,15012.0,5688.0,5484.0,144.4,0,-145819.49090170534,16452.95021093251
7830.0,15865.0,2410.0,4075.0,5701,6305,8319.0,8748,21010.0,21269.0,3321.0,4606.0,144.5,0,-147061.53923119936,13467.477007293874
283328.0,408247.0,17852.0,25077.0,426,431,250.0,112,185244.0,151158.0,105235.0,88695.0,144.5,0,102637.84732512842,-87770.75103104871
329318.0,477899.0,32444.0,47891.0,622,458,178.0,73,375440.0,307403.0,140296.0,132736.0,144.5,0,254935.1415656062,-192884.47083362637
31348.0,46048.0,6232.0,10307.0,236,97,0.0,0,38102.0,34914.0,39356.0,26192.0,144.8,-1,-107538.36396698556,-6048.612501992775
7063.0,19110.0,1114.0,3575.0,5296,5719,6292.0,6754,16367.0,18491.0,0.0,3146.0,144.8,0,-152428.96069734386,16216.391090989891
3116.0,12613.0,1184.0,3395.0,2474,3539,2742.0,4063,6821.0,10123.0,836.0,2147.0,144.9,0,-158739.59294695177,20933.748262078607
41713.0,52711.0,10048.0,15217.0,409,346,0.0,83,49036.0,43455.0,52716.0,39142.0,144.9,0,-87527.51483693036,-14466.039814886137
95128.0,119340.0,16358.0,26867.0,484,400,487.0,203,111675.0,101314.0,72531.0,73733.0,144.9,0,-16946.242726533586,-50634.572085035215
174828.0,254053.0,21326.0,34713.0,511,332,447.0,317,99741.0,81353.0,47678.0,44724.0,144.9,0,-11476.473177432255,-22191.848191830788
554.0,3470.0,0.0,427.0,95,3,193.0,124,5669.0,10647.0,0.0,977.0,145.0,0,-161499.8110447045,20888.759575138716
1527.0,7510.0,75.0,458.0,160,94,172.0,54,2849.0,4665.0,12464.0,17980.0,145.0,0,-154041.13167647406,16009.465239333316
765837.0,916713.0,138788.0,190916.0,2358,1960,718.0,267,1149000.0,857722.0,439296.0,341101.0,145.0,3,1059248.0840848947,-622064.4765098118
2111860.0,1571910.0,6388580.0,6130050.0,53889,29013,39281.0,28116,537165.0,297626.0,362836.0,170614.0,145.0,4,4782292.258653012,4606174.249865548
12920.0,20133.0,5839.0,8551.0,7156,6728,9634.0,10000,22631.0,22381.0,4218.0,4595.0,145.1,0,-142085.2135276116,15297.259540102032
2736.0,8855.0,612.0,2929.0,3585,4576,4608.0,6138,10014.0,13604.0,193.0,1839.0,145.1,0,-157773.83682356664,19023.133395279365
7398.0,23944.0,1160.0,3285.0,3140,3173,4653.0,5079,12762.0,13426.0,2146.0,4270.0,145.1,0,-153118.91450250772,17326.036203403524
2334.0,7971.0,1050.0,3480.0,587,1323,722.0,1585,2376.0,5267.0,1603.0,2042.0,145.2,0,-161205.08098445396,22904.060081096883
1169.0,4373.0,377.0,1999.0,1603,2615,2215.0,3632,6003.0,10025.0,0.0,0.0,145.2,0,-161052.01253341837,21186.56810883794
52774.0,76956.0,7264.0,10830.0,387,321,460.0,166,52597.0,48726.0,29531.0,33404.0,145.2,0,-95322.43759410124,-9156.077891686102
95610.0,129111.0,20327.0,34533.0,201,172,0.0,35,80765.0,73931.0,64705.0,56598.0,145.2,0,-38092.8450224322,-26035.9391362508
141668.0,191040.0,77902.0,121532.0,1550,1390,247.0,187,116473.0,105850.0,80984.0,78319.0,145.3,0,41697.794151270384,-6387.5815379256055
774.0,4460.0,811.0,4263.0,641,1567,894.0,2368,2273.0,6366.0,772.0,1070.0,145.3,0,-162452.87534776164,23073.18035672806
12146.0,20783.0,1857.0,3435.0,5434,5327,7252.0,7819,19045.0,19117.0,3294.0,3821.0,145.7,0,-147241.53890120186,14539.483696814774
16455.0,28840.0,5503.0,9148.0,6996,7070,8572.0,8428,21983.0,22371.0,2079.0,3274.0,145.9,0,-142723.75589120793,16547.771980938818
2650.0,4897.0,1769.0,3840.0,3472,3756,4957.0,5387,11895.0,11954.0,2116.0,2502.0,146.0,0,-155076.87917850405,18156.87941590998
4823.0,9461.0,2997.0,5589.0,3656,3777,4352.0,4697,9335.0,10074.0,1505.0,2018.0,146.0,0,-155435.34756904168,20895.01611333102
16705.0,32354.0,7779.0,14832.0,290,154,114.0,44,22618.0,22808.0,8663.0,18163.0,146.1,0,-135403.68204272797,13653.450913890048
23428.0,37917.0,6301.0,11322.0,396,310,32.0,95,38736.0,37832.0,19720.0,31589.0,146.2,0,-117805.4502593126,-1148.2148139681522
37882.0,56351.0,4078.0,6773.0,107,133,81.0,65,41829.0,38563.0,31843.0,30788.0,146.2,0,-107324.38606931704,-7329.737674918946
6973.0,20436.0,611.0,1750.0,5368,5817,6416.0,6752,15274.0,16233.0,1555.0,2314.0,146.3,0,-152785.42427136915,16012.68023368272
14479.0,21831.0,1905.0,3733.0,4200,4198,6046.0,5908,14393.0,14297.0,2199.0,3575.0,146.4,0,-149592.4486123579,17633.52026202052
74705.0,118029.0,15133.0,24135.0,0,33,124.0,102,86279.0,72271.0,65555.0,61061.0,146.4,0,-43661.346625925245,-35407.65630635162
45669.0,67680.0,18245.0,29480.0,243,156,114.0,134,55569.0,51420.0,37062.0,39980.0,146.4,0,-84869.78956481794,-6354.842401297366
96264.0,139696.0,4777.0,8315.0,355,481,276.0,216,45944.0,39363.0,44464.0,33016.0,146.5,0,-79707.9835532105,-9138.088176016638
53866.0,80011.0,25152.0,37576.0,372,147,327.0,195,48342.0,42898.0,33427.0,27833.0,146.5,0,-85914.57777106193,6285.332695506757
14737.0,31646.0,5111.0,9189.0,3381,3099,4821.0,4908,14639.0,15976.0,2747.0,3887.0,146.5,0,-147178.74414497736,19728.225071629025
8376.0,17265.0,715.0,1898.0,4031,4384,5525.0,6003,13120.0,14372.0,1792.0,1874.0,146.6,0,-153439.038405627,17326.366326093736
14341.0,26703.0,2164.0,4090.0,5015,5290,6630.0,6738,18620.0,17143.0,3312.0,4657.0,146.7,0,-146442.36694886442,15039.59636788812
5965.0,15483.0,1759.0,4283.0,3994,5200,5088.0,6298,12216.0,14829.0,1751.0,2809.0,146.7,0,-153954.9731174515,18306.184316927895
6833.0,10080.0,2499.0,7053.0,1324,2540,1178.0,3137,4024.0,8560.0,1804.0,1697.0,146.7,0,-157956.53943510522,23444.6179978835
2122.0,12146.0,760.0,5927.0,1016,2495,1293.0,3161,3572.0,8488.0,0.0,157.0,146.7,0,-161842.12454376844,22825.744757921344
9485.0,32661.0,3721.0,6824.0,5749,6743,8405.0,9695,22287.0,24739.0,3773.0,5037.0,146.9,0,-144766.79204215782,13693.798932590991
16861.0,21407.0,2083.0,3696.0,6293,6473,7941.0,8881,20803.0,21183.0,1781.0,3846.0,147.1,0,-145310.96352964774,14625.997903477271
20332.0,38014.0,1711.0,3006.0,4856,5413,7251.0,7674,22591.0,23296.0,5935.0,5827.0,147.1,0,-141181.54306815448,11981.449950568667
50495.0,72902.0,7099.0,10124.0,396,313,418.0,158,68605.0,63993.0,62858.0,55035.0,147.1,0,-68226.8184529117,-32121.15819101321
7244.0,14019.0,2439.0,4220.0,2730,3293,3911.0,4287,9387.0,10508.0,1498.0,1981.0,147.1,0,-154974.0491544128,20627.199487912865
6727.0,18030.0,1201.0,2230.0,3567,3957,4514.0,4735,11275.0,13013.0,1798.0,2159.0,147.1,0,-154653.78194415724,18516.10029423472
10358.0,18697.0,1730.0,4191.0,6691,7379,8373.0,10014,22071.0,25005.0,1419.0,2052.0,147.3,0,-147376.41905728882,13565.462817109496
5013.0,11798.0,774.0,2536.0,88,2,317.0,210,10140.0,6974.0,8416.0,6355.0,147.3,0,-152337.53637944386,15868.356112291716
3195.0,11194.0,422.0,1501.0,236,158,213.0,126,2494.0,5126.0,13052.0,31043.0,147.3,0,-150983.69278825025,14565.817616650633
550132.0,742431.0,43270.0,64644.0,430,590,191.0,141,531482.0,444316.0,221985.0,180582.0,147.3,0,464331.7690961144,-285521.3442650171
9431.0,16310.0,1907.0,3151.0,10180,10090,10375.0,11010,22939.0,22012.0,3887.0,2545.0,147.4,0,-145848.74410965474,12293.77363082514
4383.0,9681.0,1955.0,3921.0,1559,1947,2174.0,2653,5795.0,6801.0,1986.0,2008.0,147.4,0,-157943.8849279684,21796.887843220327
8839.0,11715.0,1014.0,1448.0,0,0,59.0,45,12491.0,7172.0,3768.0,2297.0,147.4,0,-152507.2191370214,17189.56253166884
716351.0,879883.0,109885.0,147880.0,894,1256,215.0,169,719382.0,561900.0,438168.0,346918.0,147.4,3,789125.9135663919,-418149.2116505618
4449.0,11116.0,2909.0,5248.0,5016,5506,6564.0,7112,16577.0,17446.0,2566.0,3724.0,147.4,0,-150809.27786536195,16338.151947918548
89173.0,126069.0,13756.0,20708.0,0,130,396.0,142,68253.0,61687.0,60375.0,50657.0,147.4,0,-53977.15086653216,-22544.008696165474
114455.0,160418.0,10048.0,13958.0,8,105,45.0,60,80629.0,70565.0,65970.0,54928.0,147.5,0,-37902.780047510605,-32554.070467744143
4356.0,15457.0,1170.0,3379.0,1486,2140,1495.0,2584,4508.0,7022.0,959.0,1574.0,147.6,0,-159677.98752552742,22288.760293372707
5016.0,10339.0,1630.0,3598.0,2835,2983,3910.0,4363,9406.0,9615.0,0.0,1103.0,147.7,0,-156996.94304279378,20456.43683612986
8552.0,11897.0,744.0,3007.0,2467,3455,3333.0,4089,8594.0,10965.0,1299.0,1907.0,147.7,0,-156101.706513637,19936.414049873347
11425.0,19599.0,2875.0,4891.0,7032,7308,9017.0,9160,22324.0,23378.0,1786.0,2686.0,147.7,0,-145936.68168496544,14171.217146164598
27505.0,41061.0,4677.0,7138.0,0,9,0.0,53,34309.0,33726.0,21317.0,30734.0,147.8,0,-119318.75650217636,-120.12334562650358
2268.0,14455.0,1160.0,6131.0,1145,2832,1476.0,3663,2850.0,7195.0,621.0,1597.0,147.8,0,-161423.97296153684,23120.180991918183
7618.0,18744.0,2046.0,4681.0,11337,13029,17142.0,20156,26500.0,25887.0,7573.0,8683.0,147.9,0,-141606.11992778548,8280.381864793113
2294.0,4938.0,231.0,671.0,710,1994,1094.0,3178,1584.0,4435.0,185.0,490.0,147.9,0,-163058.51304068725,23391.44380801444
137278.0,210650.0,32339.0,52248.0,571,266,342.0,202,85979.0,77349.0,72965.0,63909.0,148.1,0,-9679.69664417178,-20345.57132897924
1356200.0,1569220.0,2889500.0,3340840.0,3669,3029,1084.0,631,380680.0,308518.0,185751.0,138047.0,148.1,3,2297750.536790294,2036937.175066056
92476.0,136996.0,3857.0,6477.0,792,412,119.0,112,52126.0,47517.0,51868.0,43127.0,148.1,0,-72898.74696163269,-17302.912696804844
5851.0,12829.0,2684.0,6385.0,2975,3365,3936.0,4092,9887.0,10393.0,1093.0,2473.0,148.2,0,-155100.65562214603,20508.398376900725
6772.0,15539.0,3300.0,4911.0,4981,4518,5938.0,5914,15851.0,15840.0,1830.0,3199.0,148.2,0,-150665.43456964943,17515.547176417746
21469.0,26707.0,1665.0,2318.0,7529,6909,9405.0,8851,22551.0,20830.0,3647.0,4531.0,148.3,0,-142127.29934615595,13007.32602502172
213955.0,308075.0,159328.0,220140.0,19122,17636,30133.0,28550,72924.0,66382.0,25175.0,22243.0,148.3,0,53720.82642526424,110701.8523597972
12590.0,16297.0,1474.0,2943.0,3182,2844,4079.0,3975,10670.0,10560.0,1100.0,1652.0,148.4,0,-153357.54302813995,19787.051835995226
7334.0,11935.0,2298.0,3060.0,3594,3492,4498.0,4675,12022.0,11549.0,1251.0,2130.0,148.4,0,-153654.46057305555,19181.276211801283
630211.0,761831.0,333860.0,426349.0,2115,1759,1267.0,430,438428.0,352540.0,231464.0,169184.0,148.4,3,612719.7121387705,-10376.709001154224
44820.0,77839.0,12731.0,21512.0,662,628,254.0,134,69691.0,62030.0,44578.0,51674.0,148.6,0,-75117.19285299256,-22301.738686085344
7628.0,14224.0,1508.0,4886.0,2453,2806,2966.0,3351,8376.0,9440.0,1763.0,2050.0,148.8,0,-155829.68553956738,20390.45829337618
23222.0,36618.0,6280.0,9428.0,0,83,323.0,195,36504.0,32263.0,26639.0,24361.0,148.8,0,-117171.9706993954,-1273.9664014331756
1205.0,4769.0,0.0,2002.0,198,76,162.0,91,5077.0,6336.0,817.0,1461.0,148.8,0,-161158.56216400038,20915.781497564098
367396.0,508245.0,73305.0,111127.0,1462,994,259.0,192,506697.0,410398.0,190130.0,155919.0,148.8,0,390849.0534977624,-249052.4105296596
7426.0,15737.0,2967.0,5263.0,4747,5543,5635.0,6395,14074.0,14440.0,2137.0,2857.0,148.8,0,-151554.2581515561,18207.51718480496
43021.0,69391.0,29042.0,45856.0,64,157,7.0,162,51730.0,46544.0,28620.0,33955.0,148.9,0,-86386.3241839334,7355.995442270527
38466.0,50806.0,7722.0,13012.0,474,250,64.0,153,44769.0,42399.0,24523.0,31589.0,148.9,0,-106591.11482192666,-3768.8196448905255
65012.0,81716.0,8026.0,12160.0,580,418,0.0,90,38672.0,36747.0,28339.0,27208.0,149.0,0,-100261.92154457682,1058.0469006118328
13114.0,29302.0,1828.0,3503.0,5519,5860,7526.0,7518,17231.0,17164.0,3452.0,5243.0,149.0,0,-147633.68698853027,15310.165694188512
59959.0,94524.0,22891.0,36548.0,895,758,264.0,100,78148.0,70465.0,53879.0,46004.0,149.2,0,-56264.625503104005,-20270.69829710966
1782.0,10516.0,595.0,2201.0,983,1613,1426.0,2902,4044.0,7902.0,0.0,23.0,149.3,0,-161810.45550235204,22440.777851476345
12362.0,19727.0,3441.0,6258.0,3442,4002,5209.0,5339,15182.0,16507.0,4089.0,4296.0,149.4,0,-147937.5604281975,17487.742411132025
6151.0,17502.0,870.0,2734.0,0,11,76.0,68,3910.0,4951.0,4054.0,5298.0,149.4,0,-157554.07924679725,20958.7960458561
2598.0,8000.0,705.0,2060.0,53,0,184.0,135,10473.0,8358.0,3336.0,4498.0,149.4,0,-155628.80368001125,17404.262351989844
606436.0,711390.0,77756.0,101959.0,1903,1923,270.0,216,866494.0,637091.0,341183.0,254548.0,149.4,3,755709.9775420891,-484414.2631555524
2391.0,13195.0,42.0,1653.0,2145,4528,2452.0,5571,4687.0,10883.0,530.0,1654.0,149.4,0,-161055.12065687784,21323.126646592395
4898.0,19124.0,1165.0,2547.0,3707,4145,4928.0,5600,12479.0,13859.0,1886.0,3446.0,149.4,0,-154332.8059456308,17498.716773534423
25717.0,37904.0,3026.0,5791.0,388,219,393.0,204,38925.0,38377.0,18010.0,26721.0,149.6,0,-120525.0662470504,-2318.438933256675
14282.0,20540.0,6505.0,12483.0,4583,5231,7157.0,7061,19360.0,20464.0,4471.0,3538.0,149.6,0,-143144.77143372668,17708.054316898808
14727.0,24938.0,2171.0,3359.0,5994,5367,7331.0,6964,22599.0,20298.0,4354.0,4240.0,149.6,0,-143699.42282978527,12660.174482111706
20700.0,33211.0,1747.0,4611.0,12465,13011,16256.0,16469,37832.0,37817.0,3949.0,7845.0,149.6,0,-133129.6135385811,4290.58120398107
17942.0,23940.0,1991.0,4633.0,5199,5031,6373.0,6456,14802.0,14948.0,2803.0,2692.0,149.7,0,-148073.07469033686,17666.557575054634
98996.0,157482.0,4909.0,4899.0,511,452,229.0,213,139297.0,120459.0,38190.0,47933.0,149.7,0,-27446.63704785105,-58819.21585092402
42676.0,53897.0,9808.0,14701.0,80,123,316.0,182,53138.0,50296.0,40667.0,37825.0,149.7,0,-90870.14448255902,-12587.023843143064
5958.0,12493.0,1965.0,4445.0,4816,5025,6021.0,6653,13737.0,14218.0,1502.0,2221.0,149.8,0,-153204.3962782592,17816.840684684514
199671.0,305024.0,10749.0,15061.0,702,288,0.0,0,224097.0,192903.0,90227.0,79221.0,149.8,-1,84536.95049752275,-113983.12105810034
686326.0,826413.0,47562.0,65813.0,2072,1445,2.0,89,932827.0,740006.0,296782.0,242654.0,149.8,3,777681.1206784396,-520489.6935175922
4469.0,8671.0,1244.0,3706.0,3292,3615,4109.0,4502,8782.0,9182.0,468.0,907.0,149.8,0,-157561.43353805348,20330.35374608004
22381.0,29725.0,3153.0,6459.0,8571,8569,11074.0,11090,27196.0,25415.0,5153.0,4303.0,149.9,0,-137723.16323969394,11256.202124781792
172390.0,266338.0,19378.0,28767.0,761,450,127.0,115,109304.0,93307.0,99542.0,86690.0,149.9,0,22981.83515638049,-52075.13682258891
37311.0,60526.0,4747.0,8365.0,260,268,122.0,92,47025.0,44145.0,19047.0,35641.0,150.0,0,-109300.53072716892,-6072.9581156334025
2296.0,10201.0,564.0,2215.0,1248,2545,1758.0,3900,3658.0,6981.0,1258.0,1589.0,150.1,0,-161027.1111984577,22026.642432731034
3005.0,11521.0,775.0,1920.0,572,1591,989.0,2752,2507.0,6100.0,0.0,0.0,150.1,0,-162168.51357435738,23493.25397091272
80888.0,122113.0,8690.0,14518.0,185,198,144.0,137,48234.0,44790.0,24085.0,36556.0,150.1,0,-89844.5118412329,-2265.633648779756
3898.0,11460.0,1283.0,3194.0,3297,3824,4333.0,4732,11053.0,11728.0,1266.0,1969.0,150.1,0,-155914.833804176,18687.69703216354
38012.0,73574.0,4550.0,7670.0,302,229,226.0,136,41348.0,41223.0,15908.0,35292.0,150.1,0,-113838.15920571351,-2038.7000147890396
136754.0,195114.0,38023.0,63164.0,237,330,421.0,222,195483.0,165207.0,60089.0,63694.0,150.3,0,48111.140709470375,-70390.22165987035
6939.0,21370.0,1956.0,4336.0,12445,14273,12293.0,13645,22315.0,23981.0,2076.0,1967.0,150.3,0,-147884.6050980129,13172.219665367516
7312.0,16583.0,3112.0,5459.0,1039,946,2312.0,2413,6634.0,7357.0,1486.0,2578.0,150.3,0,-155990.6983754708,22530.13699867296
64127.0,94787.0,2114.0,4849.0,429,394,244.0,133,33065.0,27917.0,22019.0,22024.0,150.3,0,-110943.54620036794,2324.482491549781
9357.0,12228.0,1273.0,4230.0,3656,3432,4896.0,4844,14176.0,14663.0,1806.0,2650.0,150.3,0,-152073.72927765295,17143.403252683955
40156.0,65741.0,8218.0,14732.0,607,374,30.0,53,42899.0,41727.0,22379.0,41973.0,150.4,0,-105995.2298405674,-3003.7322076532764
53916.0,77896.0,5450.0,6619.0,451,399,191.0,133,70284.0,62397.0,54569.0,48878.0,150.4,0,-72051.9903509227,-30402.320714744696
3846.0,11784.0,969.0,2012.0,2652,2989,3231.0,3486,7453.0,8178.0,1714.0,1494.0,150.4,0,-157988.6001938833,20287.095707084118
4800.0,13614.0,1223.0,3031.0,1128,1293,2675.0,3150,6506.0,7743.0,60.0,1678.0,150.4,0,-158794.15148019962,21575.066661372897
2986.0,14107.0,707.0,3474.0,1284,3121,1448.0,3682,3498.0,8627.0,393.0,654.0,150.4,0,-161369.40862790745,22690.91357852332
253061.0,359111.0,20442.0,29015.0,968,773,411.0,152,211796.0,187368.0,114611.0,109731.0,150.5,0,117080.28422785658,-108337.95937205844
23608.0,39602.0,16243.0,26713.0,385,315,389.0,156,33963.0,32325.0,12446.0,24379.0,150.5,0,-119100.26799148574,12402.95420138094
4238.0,17381.0,1629.0,3701.0,2800,3339,3738.0,4779,9203.0,11707.0,0.0,1454.0,150.7,0,-157299.6722222329,20456.88416866504
25511.0,35136.0,23812.0,36767.0,533,352,261.0,130,32874.0,30380.0,26504.0,24711.0,150.7,0,-108083.57309057975,14165.326255079168
6280.0,15545.0,1579.0,3840.0,2711,3405,3576.0,4382,10116.0,12786.0,2751.0,2982.0,150.7,0,-154640.00146567487,18954.629934542165
281154.0,406042.0,23099.0,35416.0,315,291,156.0,141,253562.0,207062.0,77934.0,70469.0,150.9,0,127121.65920950394,-108905.76482636423
8562.0,12400.0,1421.0,2671.0,4351,4206,5023.0,5019,10708.0,10476.0,2012.0,1315.0,150.9,0,-154290.73678002282,19174.9184914498
17281.0,43639.0,1424.0,3926.0,4124,4044,6863.0,7199,16278.0,17824.0,1670.0,4189.0,150.9,0,-148072.02977709068,16557.84102997027
57703.0,83562.0,8615.0,12688.0,314,177,204.0,109,48642.0,42758.0,36167.0,29649.0,150.9,0,-92718.14080159958,-7322.644363534182
9763.0,19708.0,2085.0,5114.0,4384,4088,6274.0,6213,18740.0,18646.0,4910.0,5356.0,151.1,0,-147038.2053059977,13941.131926518166
15973.0,34801.0,2782.0,5325.0,4130,4471,7011.0,7177,21403.0,22387.0,2897.0,5814.0,151.1,0,-144009.4613375677,14113.209211039824
13402.0,23703.0,2094.0,4931.0,2068,1891,3952.0,4023,10261.0,9805.0,3581.0,3288.0,151.1,0,-151537.52677488126,19479.6542417443
60110.0,91923.0,3628.0,4714.0,98,257,0.0,88,43612.0,37188.0,31428.0,31935.0,151.1,0,-99468.42813035124,-6986.349352028086
9406.0,17380.0,3041.0,6044.0,4155,4193,5663.0,5788,15309.0,14546.0,2196.0,3646.0,151.1,0,-150031.9167709608,17617.853053960585
24978.0,38676.0,3743.0,7119.0,7621,7944,10711.0,11261,25041.0,25315.0,7446.0,6058.0,151.2,0,-136380.16268167543,12040.94794896105
5484.0,16100.0,2434.0,5708.0,5066,5804,6157.0,6630,15376.0,17850.0,1765.0,3935.0,151.2,0,-151755.94972491535,16934.36209330981
3414.0,10852.0,1622.0,3409.0,2039,3638,2342.0,4435,6431.0,10868.0,2461.0,2392.0,151.2,0,-157812.66348463215,20921.523739453456
51314.0,77119.0,5837.0,7310.0,104,177,0.0,39,61185.0,53397.0,41337.0,37584.0,151.2,0,-85728.4972062062,-19456.671534785382
14442.0,21223.0,1606.0,3826.0,5420,4835,7024.0,7053,18114.0,16776.0,3829.0,4224.0,151.3,0,-146853.24070022328,14784.722818263708
60447.0,45750.0,18854.0,21624.0,8931,8755,9917.0,10145,26543.0,26453.0,5427.0,5108.0,151.5,0,-116330.47128708592,26185.51195970584
7186.0,17949.0,1117.0,3376.0,4874,4570,5285.0,5565,13583.0,12951.0,2398.0,3337.0,151.5,0,-152793.9140186293,16892.975717765403
24828.0,37294.0,3194.0,5260.0,4963,4928,6863.0,6777,21252.0,20546.0,6149.0,6247.0,151.5,0,-139433.22866187917,14032.540649048742
2470.0,9318.0,796.0,2158.0,1614,2046,2067.0,2677,5656.0,7600.0,440.0,1040.0,151.5,0,-160198.00463799425,21496.537288584084
66117.0,97994.0,9629.0,15351.0,364,314,373.0,214,47278.0,45020.0,33991.0,31042.0,151.6,0,-90937.24198253785,-4663.837181979299
24533.0,43588.0,1402.0,3582.0,2456,2792,7455.0,7546,20047.0,19651.0,8926.0,8912.0,151.6,0,-139525.03393400827,11986.426727029027
6454.0,16722.0,1555.0,4331.0,4098,4333,4404.0,4822,10940.0,10385.0,1442.0,2602.0,151.7,0,-154803.57423342764,19002.92426414875
8448.0,16537.0,1244.0,2610.0,5058,5450,6668.0,7427,15329.0,15736.0,3406.0,3855.0,151.7,0,-150790.93430529634,15742.765401843635
1115.0,4354.0,1112.0,3919.0,4158,6222,5165.0,8175,13284.0,20663.0,1278.0,1772.0,151.8,0,-155697.53108416998,17182.747908106423
2274.0,12977.0,427.0,3215.0,632,2326,880.0,3478,2092.0,8175.0,79.0,93.0,151.8,0,-162785.88558301923,23357.27623889246
11586.0,21478.0,2258.0,4622.0,5754,6076,7877.0,8285,16579.0,16873.0,2630.0,3236.0,151.9,0,-148951.86289035666,16426.806606363978
728.0,4844.0,302.0,1166.0,258,237,158.0,47,4840.0,8147.0,892.0,1364.0,151.9,0,-161246.03421459443,21225.48185761384
606698.0,736827.0,110321.0,156054.0,1780,1575,0.0,91,978522.0,734575.0,459818.0,353288.0,151.9,3,908621.3768983464,-572852.2451672537
152082.0,234341.0,12560.0,20147.0,571,457,324.0,154,69800.0,63951.0,46895.0,51745.0,152.0,0,-39671.068617302575,-15246.62715563109
8739.0,17471.0,1289.0,2764.0,3153,4895,4376.0,6623,13171.0,18752.0,4572.0,4028.0,152.2,0,-151310.537677589,16533.290705655996
26451.0,39774.0,1447.0,3869.0,5429,5746,7092.0,7308,19965.0,20177.0,4066.0,4192.0,152.2,0,-141967.2353568107,14496.885038053571
1234.0,4939.0,973.0,3099.0,130,93,121.0,0,5127.0,9069.0,1698.0,2568.0,152.2,-1,-159951.44535454406,21181.3112964029
1083.0,7100.0,1304.0,5560.0,103,5,165.0,41,5438.0,10363.0,1178.0,2423.0,152.2,0,-159896.18854822984,21449.582524025
1708410.0,1531460.0,1809560.0,1941360.0,7405,3969,1391.0,935,1263860.0,696843.0,746318.0,383893.0,152.2,3,2561475.5423877244,548930.2292136194
27360.0,46978.0,7058.0,12278.0,6763,7125,9734.0,9666,24713.0,25221.0,5865.0,5250.0,152.3,0,-134711.0480710534,15548.561212437096
1473480.0,1196980.0,1433850.0,1337210.0,21325,10152,3463.0,1682,175938.0,137485.0,66608.0,44714.0,152.4,3,1290923.443269579,1101621.357477001
47030.0,69028.0,9892.0,15303.0,666,364,0.0,0,64528.0,60587.0,48324.0,43883.0,152.4,-1,-78558.55477806434,-21700.856743917124
8694.0,16677.0,2176.0,3668.0,4059,3764,4971.0,4793,11276.0,10907.0,2152.0,2680.0,152.5,0,-153190.43433880486,19215.702734701747
7527.0,19141.0,2360.0,4914.0,3674,3636,5303.0,5838,14306.0,16502.0,2260.0,3686.0,152.6,0,-151558.33631159036,17467.52743618194
8184.0,15976.0,1531.0,3323.0,1979,2367,2817.0,3476,7702.0,7937.0,548.0,1546.0,152.6,0,-156659.1433179381,21282.311643190427
25385.0,45354.0,13976.0,24850.0,0,38,79.0,146,36133.0,33883.0,29371.0,24856.0,152.7,0,-110791.39769356092,3959.265790469486
15862.0,12542.0,4378.0,6116.0,5652,5417,8268.0,7819,17410.0,17848.0,6535.0,4507.0,152.7,0,-143849.50527048577,16437.55622377791
1917.0,8113.0,1778.0,5712.0,4477,6648,5496.0,8059,12035.0,17333.0,1436.0,2038.0,152.7,0,-155617.00439433075,18329.57722757953
6514.0,17939.0,2051.0,4014.0,3379,3988,4555.0,5272,13787.0,14851.0,1994.0,2893.0,152.9,0,-152614.58542078774,17632.568184386288
7388.0,12639.0,2044.0,3772.0,4308,5295,4226.0,5182,9675.0,11963.0,3399.0,3986.0,152.9,0,-153774.91721130873,19278.999859001076
28863.0,48053.0,8737.0,16429.0,336,192,261.0,150,41212.0,39810.0,24236.0,32029.0,153.0,0,-111095.94622679504,-1777.941818665142
24865.0,19105.0,1445.0,3400.0,4058,3868,5528.0,5834,15800.0,16020.0,5437.0,4907.0,153.0,0,-144035.5624501394,16044.601242579482
44906.0,64424.0,4691.0,9554.0,198,253,338.0,109,45032.0,40892.0,25551.0,33640.0,153.1,0,-105345.99300285848,-6361.454650347336
3223.0,12018.0,1769.0,5095.0,1550,2786,1876.0,3756,4667.0,9258.0,2324.0,2703.0,153.1,0,-158775.53898660617,21963.110287783005
56150.0,78468.0,9149.0,14304.0,50,206,447.0,162,58237.0,55102.0,35099.0,46131.0,153.1,0,-85256.75889130279,-14122.321375360809
18804.0,34110.0,2114.0,4273.0,4296,4160,6495.0,6807,17119.0,17181.0,6549.0,6090.0,153.1,0,-144136.15993973947,14859.830284635656
12553.0,13704.0,2669.0,3549.0,3467,3887,4792.0,5091,11303.0,11273.0,2803.0,2039.0,153.3,0,-151459.05096614844,19735.199690645
3292.0,13547.0,592.0,2004.0,1812,2534,2884.0,4035,7542.0,11369.0,529.0,1001.0,153.5,0,-158974.69268678877,20370.07793033236
278567.0,391210.0,156850.0,214846.0,1321,763,0.0,85,116610.0,98474.0,54755.0,48936.0,153.6,0,115218.31844301612,76610.88903471388
4417.0,11375.0,1308.0,2516.0,5292,5551,6213.0,6999,14433.0,16281.0,0.0,1840.0,153.6,0,-154457.21927241157,17384.103467099056
2728.0,7894.0,772.0,2756.0,1978,2228,2872.0,3178,7126.0,8405.0,0.0,1219.0,153.6,0,-159485.0335626346,20833.48527849337
207075.0,277435.0,18358.0,28749.0,629,366,213.0,201,202177.0,167476.0,69241.0,66819.0,153.7,0,67502.97458043927,-87137.3587833464
17208.0,25372.0,2818.0,3660.0,2307,2370,3254.0,3384,9403.0,10198.0,3841.0,3887.0,153.8,0,-150141.366085892,20604.93020765852
4772.0,12977.0,796.0,3929.0,861,2074,1435.0,3107,4411.0,10753.0,2604.0,3235.0,153.9,0,-158778.75252169246,21305.715622517622
3015.0,17852.0,501.0,4358.0,1286,2622,1709.0,3553,4685.0,11852.0,259.0,762.0,153.9,0,-160867.88346004533,21930.401392899537
14325.0,28947.0,5868.0,8558.0,6160,6200,6952.0,7268,16021.0,15853.0,1955.0,2268.0,153.9,0,-146725.9600615212,20035.865365618574
1606.0,8125.0,904.0,3081.0,1549,3071,1549.0,3562,3609.0,9311.0,878.0,1410.0,153.9,0,-161279.71339662647,22412.37614467404
13800.0,20297.0,5568.0,10093.0,4776,4527,6250.0,5872,14368.0,14698.0,4934.0,3206.0,153.9,0,-146459.42862603258,19526.07246817521
5081.0,15815.0,1086.0,2753.0,3167,3656,4394.0,5068,10356.0,12284.0,738.0,1416.0,154.0,0,-156375.91794424807,19251.81382364716
1999.0,7464.0,0.0,923.0,110,0,0.0,0,7545.0,9173.0,1289.0,1730.0,154.1,-1,-159276.38859713075,19456.88208566619
486.0,2729.0,0.0,0.0,125,45,39.0,0,1297.0,5848.0,12727.0,40283.0,154.1,-1,-151329.0409007679,13497.331537302309
520386.0,684694.0,49864.0,75040.0,1472,1241,0.0,79,770967.0,631724.0,238990.0,218929.0,154.1,3,605576.6908044553,-421971.4420017364
7693.0,12352.0,2530.0,4788.0,3013,2801,4441.0,4724,12710.0,13456.0,2754.0,4217.0,154.1,0,-151973.25182565648,18222.06727102149
6526.0,13192.0,2622.0,4233.0,5061,5685,6680.0,7402,16916.0,17526.0,2844.0,4113.0,154.1,0,-149929.82018695303,15947.314403776703
90376.0,127734.0,5321.0,8639.0,293,290,134.0,76,45035.0,37996.0,39242.0,31335.0,154.2,0,-84473.34509658249,-6708.596996544693
4642.0,12080.0,1292.0,5658.0,3786,3977,4535.0,4822,11295.0,11622.0,2064.0,2722.0,154.3,0,-155037.62984979164,18252.50693177573
33990.0,53576.0,15835.0,25455.0,248,155,0.0,25,49255.0,46156.0,37085.0,35376.0,154.3,0,-94313.0077561979,-5043.201481292323
6623.0,12575.0,2624.0,4335.0,3843,4027,4420.0,4557,9847.0,9942.0,1763.0,1999.0,154.3,0,-154678.6819552359,20389.83976766713
31371.0,47085.0,14334.0,24065.0,702,316,264.0,145,44757.0,42428.0,22551.0,33769.0,154.4,0,-105498.78821486712,1083.9660004629186
11541.0,12484.0,1857.0,2433.0,4061,3702,5689.0,5803,14972.0,15170.0,2728.0,3071.0,154.4,0,-150087.13347628558,16961.288502380998
27400.0,49163.0,8302.0,13264.0,15127,14483,20109.0,19722,54659.0,52030.0,8356.0,7648.0,154.5,0,-115782.16344034372,-658.9827204766989
9234.0,14075.0,3882.0,5180.0,2833,2904,4267.0,4198,11150.0,12089.0,2400.0,2437.0,154.6,0,-152012.51150499098,20565.991019917456
2583.0,7228.0,0.0,74.0,186,121,106.0,23,3877.0,7095.0,37054.0,31415.0,154.6,0,-139541.2465554133,5432.299181591905
1254.0,7746.0,233.0,1469.0,104,0,190.0,161,9060.0,12833.0,13264.0,22442.0,154.6,0,-149465.42576253155,11893.363966234652
1746.0,10724.0,0.0,895.0,164,60,76.0,0,1988.0,4792.0,7919.0,14565.0,154.6,-1,-157172.66106682108,18415.40960609066
658192.0,765847.0,41980.0,55275.0,2165,1759,133.0,213,1241580.0,984992.0,744991.0,573358.0,154.6,3,1199435.164585149,-887321.1643483841
24462.0,39379.0,5441.0,7063.0,8285,8128,10290.0,9760,30199.0,28377.0,5670.0,5169.0,154.7,0,-133658.3201027917,11248.700158725682
22627.0,36560.0,6955.0,11438.0,325,400,35.0,31,38373.0,38940.0,10980.0,23081.0,154.7,0,-123364.61419769208,3576.797786262661
22286.0,32428.0,3802.0,7520.0,6551,6563,8380.0,8503,23461.0,23862.0,3248.0,4122.0,155.0,0,-140359.11713982347,14390.526550667006
3706.0,11581.0,1829.0,4741.0,2693,2800,3759.0,4311,10320.0,11645.0,1637.0,2737.0,155.1,0,-155760.1012781452,19247.197999744574
7284.0,18688.0,2401.0,5740.0,4450,4855,6250.0,6793,15604.0,16365.0,2882.0,4911.0,155.2,0,-150391.9311566509,16411.323569854518
81774.0,124054.0,16549.0,25176.0,272,232,313.0,141,47453.0,43500.0,32340.0,27998.0,155.2,0,-83011.7774631937,2647.406276385569
10776.0,10172.0,2485.0,4793.0,2494,2626,3731.0,3871,10005.0,10555.0,1284.0,2661.0,155.2,0,-153455.27120608985,20570.308789901188
11938.0,22211.0,2413.0,6547.0,4397,4698,6463.0,6705,17783.0,17810.0,3256.0,4684.0,155.2,0,-147553.00424642532,15509.149279338097
11958.0,29144.0,3125.0,6133.0,1833,1982,4060.0,4270,11303.0,11221.0,4119.0,5652.0,155.2,0,-150161.98447946852,19086.86317318239
174011.0,223417.0,89828.0,120377.0,608,475,313.0,191,208809.0,160445.0,103817.0,79986.0,155.3,0,120999.52335990932,-52166.53531493885
30622.0,52487.0,4505.0,7923.0,647,382,0.0,0,36450.0,31281.0,23177.0,26097.0,155.3,-1,-117175.5307151655,-1141.3982579380208
3291.0,7076.0,571.0,2164.0,2738,3110,2912.0,3113,6558.0,7129.0,462.0,1619.0,155.4,0,-159452.76928554484,20821.101322237355
34231.0,66953.0,6667.0,9517.0,40,185,333.0,126,46596.0,42850.0,41101.0,38538.0,155.4,0,-98731.94332043914,-12347.509166663702
8045.0,13228.0,1759.0,4094.0,6724,6748,6813.0,7103,15510.0,15406.0,1187.0,1619.0,155.4,0,-151915.07125384672,17065.04370928283
4694.0,18296.0,2773.0,8346.0,3096,3951,4170.0,5498,10738.0,13672.0,345.0,1428.0,155.5,0,-155471.4993781999,20429.13454528949
85087.0,127480.0,39001.0,61719.0,309,334,0.0,2,86044.0,81182.0,81618.0,68534.0,155.6,0,-17668.67333886138,-22743.697449835025
49218.0,71512.0,16303.0,28446.0,563,317,359.0,222,51825.0,47489.0,27088.0,29957.0,155.6,0,-93264.62762589588,-843.5724974569312
24329.0,33535.0,726.0,2280.0,8516,9009,11338.0,11629,27543.0,27737.0,4892.0,5346.0,155.7,0,-138281.6497996848,9311.96000797372
26807.0,41410.0,1048.0,2275.0,291,173,291.0,184,33374.0,31279.0,21248.0,21627.0,155.9,0,-123797.95849094144,-1131.8631560204049
9197.0,16713.0,2106.0,3974.0,3300,3364,4460.0,4452,11803.0,12183.0,1208.0,1982.0,155.9,0,-153337.93950155136,19325.54976130524
36880.0,59378.0,13392.0,23027.0,137,89,335.0,187,41840.0,39958.0,33220.0,29387.0,156.0,0,-101740.01686023698,-592.3559792108645
10265.0,18491.0,3134.0,5731.0,6856,7250,8660.0,9176,23157.0,23182.0,2830.0,4925.0,156.0,0,-144831.07190543998,13174.368821341704
6537.0,15743.0,1776.0,3813.0,3816,4327,5610.0,6219,13371.0,13524.0,2148.0,3260.0,156.0,0,-152861.71687292855,17547.719788435228
9100.0,18727.0,0.0,463.0,6839,7788,9972.0,10451,23665.0,24659.0,4150.0,5414.0,156.0,0,-146080.96871607148,9926.238173850432
2774.0,9840.0,805.0,2558.0,1155,2483,965.0,2646,2106.0,6040.0,1871.0,1881.0,156.1,0,-161259.42443034032,22831.519440565015
3566.0,11785.0,1208.0,3922.0,2729,3629,2770.0,4052,6017.0,8872.0,121.0,477.0,156.1,0,-159640.82811998783,21888.49615600396
14844.0,23488.0,2784.0,5041.0,5368,5407,8107.0,8102,19147.0,18527.0,5097.0,3937.0,156.2,0,-144919.3350046164,14775.874760996096
43383.0,73113.0,10579.0,19365.0,212,133,137.0,112,34856.0,31693.0,23091.0,25116.0,156.2,0,-110580.3008034234,5458.321757042952
13772.0,16416.0,525.0,3042.0,5037,4661,5992.0,5994,13741.0,12816.0,4084.0,2977.0,156.4,0,-150226.40091698893,16342.144996817156
7018.0,13000.0,890.0,2715.0,3192,3433,3844.0,4142,10199.0,10952.0,854.0,2005.0,156.6,0,-155803.87768599764,19210.902434241976
21071.0,28145.0,2856.0,5276.0,4625,4730,6987.0,7606,19663.0,18588.0,5082.0,5048.0,156.6,0,-142415.61924491325,14866.022285264607
2961.0,11133.0,650.0,2574.0,2554,3207,3358.0,4436,8076.0,10577.0,1432.0,2182.0,156.6,0,-158128.36584774972,19641.853772361068
3916.0,17542.0,2052.0,6695.0,3443,4907,4842.0,6736,11587.0,15755.0,342.0,1170.0,156.7,0,-155720.333415975,19407.146138529715
2231.0,4598.0,0.0,476.0,619,1326,458.0,1398,1445.0,4846.0,322.0,588.0,156.7,0,-163214.02262453642,23225.828224714664
26859.0,29648.0,30386.0,45108.0,4922,4889,6692.0,6646,15792.0,14723.0,3607.0,2418.0,156.7,0,-127559.32618006448,39156.43773303679
13584.0,21388.0,3311.0,6289.0,6409,6691,8148.0,8522,20726.0,20496.0,2969.0,4573.0,156.7,0,-145005.79713905734,14859.690751950418
26694.0,43210.0,3348.0,3595.0,343,232,250.0,129,33372.0,30926.0,30014.0,27746.0,156.8,0,-117386.20054784606,-3159.040403117997
25153.0,37303.0,1670.0,3898.0,3102,3686,5060.0,5013,14865.0,14518.0,4911.0,4407.0,156.8,0,-144660.4457120665,16977.905310790236
24742.0,26597.0,2631.0,3820.0,7551,6860,9478.0,9187,24256.0,21754.0,5115.0,6030.0,156.8,0,-138629.3498457088,12376.217115439107
10454.0,14449.0,2396.0,4875.0,4032,4084,5025.0,5212,12133.0,12980.0,1038.0,2365.0,156.8,0,-152589.16704089742,19469.758696987614
6481.0,21191.0,896.0,2275.0,3355,3619,4723.0,5527,11727.0,13346.0,1397.0,1607.0,156.8,0,-154942.82802090127,18233.31938017506
45280.0,55394.0,7933.0,13598.0,0,199,728.0,319,43661.0,39985.0,34142.0,29466.0,156.9,0,-100825.95817645508,-5406.364128272751
17104.0,31405.0,1261.0,3913.0,3083,3124,6961.0,7205,20288.0,20517.0,7633.0,6852.0,157.0,0,-142806.18816984078,11915.118260456278
9650.0,20221.0,5920.0,9977.0,5069,5074,6618.0,6891,18465.0,19068.0,3095.0,4076.0,157.1,0,-146012.4467182964,17780.231846124705
15721.0,31600.0,4313.0,7215.0,6162,6587,8670.0,8971,23371.0,24766.0,6445.0,6650.0,157.2,0,-140306.5773207983,12918.484931514986
24450.0,40101.0,8215.0,12778.0,296,173,0.0,0,36247.0,34870.0,17434.0,23261.0,157.2,-1,-120209.18084758049,3630.2482792780975
18822.0,24641.0,6821.0,9146.0,4870,4962,6326.0,6372,16591.0,16434.0,3116.0,2937.0,157.3,0,-143761.61981576044,20305.946696824038
21649.0,24911.0,6928.0,8990.0,13165,13437,16736.0,16990,41163.0,39015.0,7847.0,6567.0,157.4,0,-126339.84867629183,5403.220634900175
90633.0,132021.0,12199.0,19581.0,279,146,0.0,0,68578.0,63859.0,58817.0,49072.0,157.4,-1,-55245.79762032376,-23078.32821948603
51666.0,75704.0,5159.0,9713.0,734,291,114.0,177,62449.0,57831.0,58860.0,55137.0,157.5,0,-74226.99461305322,-28896.48121704586
691.0,3403.0,212.0,2620.0,1088,1922,1618.0,3299,4138.0,8750.0,373.0,893.0,157.5,0,-162012.72655956936,21772.62438788345
1193.0,6576.0,121.0,1286.0,3171,5594,4078.0,7157,7453.0,13207.0,25.0,59.0,157.6,0,-160361.40270015452,20208.519515625565
118584.0,185764.0,14352.0,22049.0,568,508,77.0,166,96881.0,84198.0,35926.0,44054.0,157.7,0,-40753.00484402469,-26170.37907901253
39560.0,71912.0,9056.0,15776.0,249,141,127.0,88,46475.0,42008.0,39926.0,37074.0,157.7,0,-96469.81841320208,-9472.104929961672
394274.0,544189.0,57961.0,71718.0,210,595,187.0,277,76035.0,69286.0,64472.0,60064.0,157.8,0,77827.00948912202,27035.974924755166
15487.0,28123.0,2835.0,4874.0,8441,8769,12127.0,12230,30695.0,29964.0,6780.0,7347.0,157.8,0,-136912.99885898043,7658.513140086294
2688.0,11494.0,1005.0,3780.0,2220,4731,2912.0,5893,7119.0,15501.0,440.0,570.0,157.9,0,-159271.62988000154,20957.09514112616
9021.0,15542.0,1163.0,3097.0,4151,3914,5293.0,5065,13198.0,13054.0,2097.0,2238.0,158.0,0,-152721.24486424227,17521.661538137516
48294.0,64228.0,5257.0,9055.0,511,346,327.0,108,33788.0,29425.0,24035.0,22437.0,158.0,0,-112764.49912914564,2414.840270890574
6619.0,24444.0,1642.0,3166.0,3841,4873,4912.0,6559,13469.0,16534.0,4592.0,3888.0,158.1,0,-151627.96353091256,16499.73007232318
2138.0,12986.0,841.0,3367.0,1012,3209,929.0,3710,3152.0,11203.0,110.0,389.0,158.1,0,-161931.78321932768,23044.32269818281
2810.0,16498.0,681.0,2624.0,2083,3628,2388.0,4348,6210.0,10880.0,1086.0,2386.0,158.1,0,-159319.1583917661,20737.291110467733
46793.0,73273.0,4996.0,9234.0,210,179,213.0,172,62468.0,57943.0,34110.0,44374.0,158.2,0,-89129.78661075843,-19669.2973133744
5868.0,16241.0,1970.0,5259.0,5028,5588,6506.0,7030,14169.0,14785.0,1558.0,3037.0,158.3,0,-152823.52006312288,17450.925401200562
1772.0,9344.0,0.0,0.0,137,93,153.0,64,6045.0,9043.0,719.0,903.0,158.3,0,-160582.4482045845,20550.21772111961
546468.0,698774.0,65210.0,91507.0,1597,1147,30.0,73,907338.0,712868.0,304919.0,272827.0,158.3,3,738076.5554908008,-510815.9132498488
37841.0,55810.0,21685.0,33658.0,176,188,141.0,69,41257.0,38282.0,27828.0,33044.0,158.4,0,-98709.8165518236,7375.176962808615
14666.0,25361.0,3273.0,6349.0,3858,3653,5146.0,5242,12195.0,11063.0,2991.0,2814.0,158.5,0,-149708.83218537393,19705.78366191532
10781.0,21503.0,2707.0,4553.0,5296,5624,6711.0,6955,15579.0,16387.0,1444.0,2795.0,158.5,0,-150124.55189845292,17696.687387734157
642.0,3978.0,513.0,2607.0,1215,2491,1641.0,3487,3778.0,8890.0,605.0,1204.0,158.5,0,-161888.82636727262,22070.527879608897
3285.0,8042.0,2185.0,5542.0,506,411,206.0,126,2288.0,5085.0,21602.0,35872.0,158.6,0,-145257.06827582134,12508.124838055392
48943.0,69673.0,4821.0,7090.0,539,365,207.0,119,44500.0,39996.0,30855.0,42358.0,158.6,0,-100326.91080614195,-8655.847835457233
40007.0,64962.0,11691.0,19877.0,185,145,482.0,253,43292.0,39927.0,35762.0,34152.0,158.6,0,-98949.37789555444,-3939.6361967511184
4836.0,10882.0,999.0,2502.0,139,72,259.0,158,2315.0,4281.0,16923.0,25268.0,158.6,0,-149423.15120903577,14744.28871616711
26126.0,52193.0,5237.0,7996.0,107,76,203.0,159,40085.0,39116.0,17590.0,27557.0,158.6,0,-118497.01348719896,-1207.130155259587
5087.0,14038.0,1859.0,3738.0,3469,4271,4949.0,6132,13470.0,15522.0,2272.0,4519.0,158.7,0,-152952.68311542866,17230.29274347581
9468.0,22868.0,1682.0,4038.0,2619,2895,4158.0,4134,11844.0,12283.0,5118.0,3601.0,158.7,0,-151402.74807424942,17472.838277667975
8023.0,19089.0,818.0,2155.0,6856,7679,8269.0,8564,15709.0,15397.0,3758.0,3615.0,158.7,0,-150837.02962176478,15109.062069169377
397315.0,557380.0,86788.0,132198.0,44,314,310.0,158,252757.0,200145.0,91338.0,76624.0,158.8,0,208813.43313177847,-56691.03570115183
23583.0,33831.0,8205.0,12994.0,420,287,339.0,153,29036.0,29771.0,13013.0,25032.0,158.9,0,-126211.01779521976,8649.939892893313
7449.0,21683.0,4921.0,10285.0,4767,4760,6653.0,6980,14472.0,15803.0,2135.0,3856.0,159.0,0,-149998.8352105421,19342.531127439608
514054.0,643969.0,261798.0,378934.0,2406,1805,193.0,572,205062.0,172943.0,126076.0,97147.0,159.0,0,342856.2046818845,96203.10124972144
14106.0,19592.0,1625.0,1873.0,4819,4413,6228.0,5890,15272.0,14029.0,2526.0,3211.0,159.0,0,-149300.316832164,16867.373903360633
41145.0,67846.0,22601.0,34889.0,269,156,349.0,181,63224.0,57665.0,48052.0,48579.0,159.1,0,-72971.41145309406,-12334.901485808785
51442.0,88865.0,2506.0,6568.0,539,355,402.0,187,46729.0,42080.0,28565.0,28465.0,159.1,0,-103100.1495689744,-8717.819924950974
7289.0,17631.0,916.0,3151.0,5224,5528,7052.0,7889,17095.0,17626.0,4509.0,3230.0,159.2,0,-149977.23058997974,14182.995548894149
11087.0,23777.0,3513.0,6719.0,3355,3637,4832.0,5316,12108.0,12480.0,1725.0,2819.0,159.2,0,-151348.38443813333,20084.54930635482
52135.0,75380.0,6898.0,11453.0,68,157,89.0,122,35677.0,33150.0,21304.0,24971.0,159.3,0,-110343.3570632069,3488.780542250064
19051.0,39240.0,2873.0,4542.0,5232,5726,6746.0,7484,18683.0,20612.0,1813.0,2846.0,159.3,0,-145478.0612182392,16649.478074316215
4696.0,13994.0,1625.0,3728.0,1496,2079,2478.0,3642,7332.0,11193.0,1485.0,1691.0,159.4,0,-157473.1700322024,20957.042730389105
2652.0,11038.0,1040.0,3004.0,725,1901,1176.0,3155,2737.0,8796.0,159.0,496.0,159.4,0,-161838.45604194142,23423.668965671724
4266.0,8165.0,1138.0,2642.0,50,81,55.0,50,5589.0,5372.0,3397.0,2169.0,159.4,0,-157911.3230303263,20778.70051747064
437413.0,611067.0,107869.0,172466.0,1027,798,127.0,136,209530.0,182016.0,223270.0,173459.0,159.4,0,287643.3795217215,-71895.27173687282
2495.0,13021.0,1040.0,3982.0,1685,2679,2012.0,3258,5916.0,9064.0,299.0,665.0,159.5,0,-160031.14249136695,21644.285970031044
414812.0,582244.0,35651.0,57633.0,261,382,133.0,147,199922.0,173599.0,120108.0,97146.0,159.5,0,171756.90352448853,-78389.5817749803
175404.0,254177.0,33227.0,50960.0,157,275,0.0,10,195640.0,163027.0,90309.0,80797.0,159.5,0,74620.85828010918,-83661.37394134348
46781.0,68879.0,15268.0,23384.0,44,248,81.0,128,54501.0,50891.0,41021.0,36445.0,159.6,0,-85646.7796538558,-8784.393614559835
3399.0,11461.0,2916.0,7164.0,4871,5555,5525.0,6305,10850.0,12193.0,1044.0,1332.0,159.8,0,-155424.65774671553,20170.77336002753
10440.0,15620.0,3355.0,4954.0,3197,2776,4368.0,4528,10403.0,10480.0,1491.0,3374.0,159.8,0,-152606.6651882605,20828.264880157345
11602.0,17198.0,4900.0,6940.0,3413,2900,6790.0,6544,19751.0,19944.0,7735.0,6800.0,159.9,0,-142678.34823024087,14531.995338899676
10168.0,17682.0,3233.0,5126.0,4444,4523,6220.0,6113,13899.0,13560.0,3216.0,3644.0,159.9,0,-149981.83180834327,18238.60525625976
6894.0,8739.0,1979.0,2833.0,3351,3685,4871.0,5353,12338.0,12909.0,3432.0,3075.0,160.1,0,-152642.26613165456,17878.818275600075
2258.0,6950.0,722.0,3889.0,909,2270,1290.0,3025,3666.0,8285.0,0.0,31.0,160.1,0,-161791.02276462023,22773.82242509976
2372.0,8205.0,1877.0,4911.0,2643,3002,3462.0,3879,8446.0,8839.0,1243.0,2072.0,160.1,0,-157492.8102652244,20410.9382992959
5403.0,12143.0,0.0,644.0,5,6,212.0,135,9606.0,7460.0,434.0,748.0,160.2,0,-157606.30462088622,19030.90116850824
576711.0,742893.0,60640.0,87305.0,1704,1233,311.0,137,803580.0,647080.0,290108.0,260023.0,160.2,3,678663.0438177347,-449759.4863757221
16120.0,30221.0,3232.0,5429.0,9483,10689,12305.0,12874,29282.0,27784.0,6613.0,5375.0,160.3,0,-137667.79647411365,9100.469027022704
83877.0,123381.0,120641.0,187962.0,3288,3278,6495.0,6210,17088.0,16741.0,6643.0,4930.0,160.3,0,-53384.48383386932,109962.53447806786
3666.0,8931.0,1311.0,2666.0,2752,4101,4148.0,5620,9585.0,13117.0,1772.0,2080.0,160.6,0,-156535.0835814445,19291.40470145692
80521.0,126210.0,16502.0,24891.0,487,249,0.0,0,71432.0,64852.0,51751.0,45908.0,160.7,-1,-58165.69222775755,-19300.271701432623
7695.0,14465.0,2466.0,5000.0,4403,4961,5894.0,6430,15482.0,17171.0,2254.0,2296.0,160.7,0,-151028.4152817359,17130.95323480198
3614.0,9818.0,2765.0,7579.0,2869,4194,3956.0,5919,9162.0,13299.0,1421.0,1599.0,160.7,0,-156170.64547126408,20803.60688405517
5153.0,13142.0,334.0,1575.0,161,73,83.0,46,2140.0,6410.0,18951.0,33015.0,160.9,0,-147547.35145391675,12598.894375790132
40751.0,58533.0,4210.0,6611.0,423,316,30.0,53,60989.0,58732.0,33695.0,47034.0,160.9,0,-92084.78137624433,-20160.01877875498
4877.0,9931.0,538.0,1439.0,210,228,263.0,140,4077.0,4242.0,963.0,934.0,160.9,0,-160238.72541652882,22160.10983885463
231946.0,318207.0,41971.0,68803.0,611,196,19.0,122,311524.0,263290.0,124115.0,106363.0,160.9,0,181993.6058703916,-149639.17311184728
2983.0,11121.0,0.0,1417.0,140,85,128.0,27,1880.0,5019.0,15421.0,36173.0,160.9,0,-149669.13403097025,13052.84535519967
57595.0,83133.0,9774.0,14997.0,934,659,199.0,107,62273.0,56853.0,42535.0,50348.0,160.9,0,-78038.1814650073,-18756.37891167109
11338.0,21841.0,2049.0,3888.0,5043,5506,6375.0,7487,17736.0,19592.0,547.0,4850.0,161.0,0,-149204.02857160827,16092.588059212974
35456.0,63737.0,769.0,2081.0,254,247,0.0,32,57871.0,50250.0,43088.0,44724.0,161.1,0,-93610.8540737306,-24300.432453317408
9414.0,16690.0,2080.0,2888.0,1450,1638,3507.0,3378,9232.0,9012.0,3133.0,3406.0,161.2,0,-153583.89495112238,19851.00593808591
59646.0,80686.0,6109.0,8302.0,511,306,182.0,93,54241.0,50390.0,40154.0,39741.0,161.2,0,-86908.80515606096,-14815.354424845891
41705.0,65443.0,10028.0,16431.0,388,214,259.0,133,57092.0,49754.0,47056.0,38543.0,161.2,0,-85796.19471609272,-16831.146831896447
52349.0,75390.0,4880.0,6317.0,2597,2811,8175.0,8029,18416.0,16870.0,6122.0,7151.0,161.3,0,-131040.89257455946,18762.749989639076
2046.0,11441.0,1905.0,7838.0,2468,4226,3441.0,6143,9502.0,16822.0,0.0,0.0,161.3,0,-157925.8889741349,20544.38235673496
2860.0,9444.0,283.0,2431.0,605,1321,614.0,1542,1692.0,4541.0,364.0,954.0,161.3,0,-162625.87931803454,23290.541424084644
8724.0,14571.0,2083.0,2827.0,3962,3965,5764.0,6025,16111.0,15430.0,1489.0,2298.0,161.4,0,-150930.98799037928,16831.79385773297
3960.0,8817.0,1402.0,2730.0,6518,6504,7340.0,7583,16642.0,16977.0,3653.0,3941.0,161.4,0,-151275.01841144817,14737.02426423331
33030.0,58404.0,6385.0,9767.0,536,268,0.0,95,45926.0,43069.0,34482.0,33032.0,161.4,0,-103648.3485894264,-9321.443237516389
9028.0,17888.0,2363.0,4168.0,3080,2912,4075.0,4473,11418.0,11410.0,1848.0,2710.0,161.5,0,-153035.10576887484,19398.83931853673
21357.0,39915.0,2252.0,6266.0,3982,3860,5515.0,5582,15900.0,16542.0,4908.0,4454.0,161.6,0,-144950.41127420947,16580.800870734525
44771.0,63499.0,3719.0,6086.0,6279,6549,8696.0,8762,23657.0,22650.0,7675.0,7187.0,161.6,0,-130521.3963420751,14003.69354186677
3443.0,12202.0,1728.0,4029.0,5782,9424,6519.0,10672,13244.0,21285.0,1758.0,3993.0,161.7,0,-153996.81480785582,17384.252409672707
687.0,3733.0,0.0,0.0,188,92,81.0,0,2524.0,5206.0,387.0,682.0,161.7,-1,-163069.28875694104,22494.735551300917
248007.0,355658.0,64777.0,102842.0,405,339,0.0,17,333064.0,287400.0,158627.0,127367.0,161.7,0,232046.708986801,-157041.16329146014
13286.0,27535.0,2686.0,3881.0,4475,4323,6021.0,6028,14339.0,15269.0,3513.0,2708.0,161.8,0,-149085.72052570878,17852.852408790677
52924.0,81629.0,6304.0,10427.0,370,283,121.0,62,35990.0,32436.0,25224.0,24840.0,161.9,0,-108483.14713109302,1646.126164116402
170924.0,246177.0,341616.0,504374.0,6875,5823,9826.0,9360,29393.0,28428.0,6511.0,5517.0,162.0,0,112012.3506497864,277827.29633681435
6154.0,10560.0,0.0,671.0,255,234,226.0,139,15064.0,10054.0,1348.0,2123.0,162.1,0,-153688.18147315644,15669.869319845908
529873.0,708654.0,25161.0,34154.0,1060,1052,700.0,208,760035.0,620900.0,211660.0,200454.0,162.1,3,572207.8794173757,-422522.8170764102
90082.0,136477.0,19517.0,32284.0,209,132,428.0,217,81608.0,71234.0,59571.0,56155.0,162.2,0,-42319.252267833785,-25748.767708043604
11207.0,25994.0,4162.0,8757.0,4151,4677,5214.0,5810,15531.0,17508.0,2724.0,4246.0,162.3,0,-148323.6081517081,18226.348150174374
6609.0,21161.0,1330.0,3358.0,7259,8740,8010.0,9160,19964.0,23121.0,1976.0,3974.0,162.3,0,-149392.9040142473,13657.87274693058
595431.0,791534.0,62777.0,86603.0,2398,2491,24918.0,21847,268066.0,221198.0,235923.0,185493.0,162.3,0,352017.9028068703,-131568.44624792255
2219.0,13375.0,643.0,3959.0,297,1205,774.0,2107,1873.0,5100.0,1026.0,1535.0,162.3,0,-162114.68255622176,23116.674347727934
1636.0,8894.0,259.0,1424.0,861,2587,989.0,3182,2092.0,6187.0,1543.0,2896.0,162.3,0,-161932.94129409225,22304.48161712091
4263.0,15208.0,1304.0,3413.0,3277,4342,4488.0,5941,10033.0,13318.0,530.0,848.0,162.3,0,-156880.8189980298,19678.36077121917
1754.0,5182.0,949.0,3998.0,674,1516,933.0,2304,2145.0,5096.0,1980.0,2308.0,162.4,0,-161358.39236121732,22745.57183872677
3615.0,10075.0,1110.0,3540.0,1123,3243,1492.0,4000,3904.0,10006.0,0.0,157.0,162.4,0,-160971.8122809323,23026.23112983091
34406.0,42847.0,5486.0,9511.0,200,229,171.0,172,36373.0,32747.0,31388.0,27376.0,162.4,0,-111419.89172432128,-2969.3179932909043
8576.0,10612.0,1165.0,2729.0,529,1169,406.0,1240,1788.0,4506.0,2695.0,2601.0,162.5,0,-158861.88821586245,23331.921913294605
4154.0,12956.0,918.0,2232.0,2388,2694,3092.0,3746,8470.0,9827.0,884.0,1835.0,162.5,0,-157682.69088152584,19953.617663336976
49646.0,72732.0,5197.0,6454.0,485,216,5.0,42,65192.0,59346.0,49229.0,48636.0,162.6,0,-78890.24597893018,-26379.51403449983
5773.0,10837.0,1378.0,3669.0,2401,2607,3651.0,3881,10717.0,11617.0,1193.0,2178.0,162.6,0,-155445.96949164613,19070.753535215958
39371.0,58228.0,6730.0,9498.0,10534,9487,14395.0,13307,38977.0,35403.0,9211.0,8171.0,162.6,0,-121093.20167061008,7058.545415394863
12421.0,21209.0,1721.0,4113.0,3932,4243,6077.0,6437,16019.0,16783.0,2661.0,3502.0,162.7,0,-149262.6001041347,16324.559927580009
4942.0,15097.0,2566.0,6140.0,3321,4034,4324.0,5185,9785.0,12461.0,2078.0,2910.0,162.7,0,-154987.24976905287,20018.64118553006
2103.0,8296.0,1067.0,3429.0,2367,2982,2897.0,3911,7517.0,9689.0,472.0,1854.0,162.7,0,-158966.79610225768,20557.812339471013
5497.0,17314.0,1661.0,3820.0,2065,1964,2840.0,3014,7293.0,8134.0,1067.0,1364.0,162.8,0,-157462.1692681304,21252.560438471883
2637.0,16128.0,739.0,4400.0,2030,5592,2429.0,6769,5882.0,16271.0,1026.0,3098.0,162.9,0,-159427.34544534993,20864.151975382105
11863.0,22391.0,1220.0,4642.0,4921,6750,6179.0,8313,14220.0,19261.0,0.0,539.0,162.9,0,-152463.4070403193,18168.47655842094
8120.0,14970.0,1447.0,5140.0,2995,2826,4611.0,4350,10853.0,10513.0,2728.0,2865.0,162.9,0,-153747.2868787186,18622.819550032666
32725.0,46288.0,3903.0,5348.0,457,316,10.0,59,39767.0,33839.0,32608.0,27975.0,162.9,0,-110351.77480554194,-6603.478619194615
62897.0,97821.0,4614.0,7128.0,0,123,181.0,201,65010.0,59624.0,59296.0,51983.0,162.9,0,-69873.12277595604,-29548.988697546345
8642.0,22887.0,2276.0,4752.0,3378,3609,4647.0,5344,11338.0,13287.0,798.0,2925.0,163.0,0,-153699.0124905243,19666.92922630293
8671.0,20604.0,2794.0,6338.0,1902,1979,3097.0,3195,7878.0,8485.0,965.0,1967.0,163.1,0,-155394.32677307128,21986.7550768251
5558.0,7891.0,1692.0,4724.0,2115,3242,2512.0,3943,6301.0,9276.0,319.0,1051.0,163.2,0,-158371.947230091,22104.31677185427
4424.0,10437.0,794.0,2167.0,4191,4954,4416.0,5191,9289.0,10979.0,1090.0,1368.0,163.2,0,-157191.38580503565,19446.639248186028
28799.0,44915.0,4995.0,7866.0,7233,6970,10549.0,10588,27971.0,26388.0,6485.0,5471.0,163.4,0,-133339.28458588617,12109.120028587828
38527.0,64543.0,9832.0,16744.0,183,142,288.0,133,39002.0,38800.0,19162.0,28967.0,163.4,0,-111435.36200572616,3073.90783619976
14309.0,23397.0,2095.0,4364.0,5643,5999,7438.0,6965,17247.0,15864.0,3007.0,3367.0,163.4,0,-147610.48379340893,16004.76785576943
6993.0,22334.0,1785.0,4042.0,5069,6445,7482.0,9326,17663.0,21479.0,1356.0,4414.0,163.4,0,-150493.62098813918,15398.483909746974
53376.0,81349.0,7638.0,11961.0,394,179,257.0,162,50965.0,49276.0,36569.0,40657.0,163.5,0,-91323.42104785112,-11305.73001853368
18079.0,30587.0,5120.0,9217.0,44,109,272.0,159,26852.0,27537.0,10685.0,20409.0,163.5,0,-132875.90699690214,8481.021258368175
142527.0,213832.0,69812.0,105661.0,83,323,412.0,158,129535.0,106870.0,56120.0,51812.0,163.5,0,28404.414455823546,-7504.87015263777
14961.0,26235.0,5024.0,6917.0,5671,5862,7830.0,8152,20193.0,20629.0,2689.0,3907.0,163.6,0,-144093.45013915157,16732.78102474319
103093.0,173938.0,15414.0,25182.0,382,340,118.0,69,159116.0,130667.0,49402.0,55174.0,163.6,0,-2552.390632094088,-65878.14704088008
14684.0,17615.0,2004.0,3718.0,4625,4310,5805.0,5935,14923.0,15837.0,2467.0,3181.0,163.7,0,-149118.02996022295,17408.374121622666
1750.0,7961.0,221.0,1135.0,272,258,90.0,0,3385.0,5926.0,2333.0,3367.0,163.7,-1,-160763.66163256453,21258.77383769388
1245.0,6365.0,152.0,1342.0,128,24,137.0,12,2692.0,5155.0,16391.0,32487.0,163.7,0,-149873.44144951165,12796.882596744685
960758.0,1035060.0,345298.0,430634.0,3258,2397,365.0,447,1304770.0,973772.0,806954.0,548378.0,163.7,3,1534987.1165620645,-685057.3272806515
5451.0,10684.0,1139.0,3158.0,2990,3328,4406.0,4725,9841.0,10644.0,595.0,1597.0,163.7,0,-156546.26589440517,19616.88040861251
1349.0,5412.0,429.0,2010.0,409,1098,619.0,1921,1615.0,5368.0,700.0,1349.0,163.8,0,-162845.01090729277,23161.908061476857
17777.0,21434.0,9470.0,15142.0,242,195,0.0,9,31708.0,31449.0,32133.0,25448.0,163.8,0,-116967.65793225526,1335.1567365280098
2670.0,4326.0,909.0,2675.0,1408,2994,1688.0,3879,4436.0,10220.0,28.0,276.0,163.9,0,-161064.56753841505,22493.33813721788
4772.0,14125.0,1833.0,3699.0,1869,2654,2530.0,3370,6876.0,9311.0,588.0,1387.0,163.9,0,-158041.9938703321,21707.290565167903
3413.0,15377.0,1433.0,4659.0,1727,2288,2104.0,2857,5287.0,6863.0,308.0,855.0,163.9,0,-159815.1698166712,22319.106370335157
60954.0,85770.0,22766.0,34390.0,278,212,0.0,28,62686.0,59495.0,42225.0,39906.0,164.0,0,-70991.71519458978,-7290.552900046576
4021.0,14878.0,2495.0,4941.0,4984,5817,5575.0,6538,11658.0,13201.0,927.0,2673.0,164.2,0,-154850.1906538331,19316.500911324896
31475.0,58816.0,4385.0,7647.0,139,87,295.0,157,53499.0,50731.0,27139.0,36541.0,164.2,0,-103922.4574959207,-13065.911289091608
17859.0,40340.0,1071.0,4007.0,5695,6076,6542.0,7126,14694.0,15986.0,2567.0,3723.0,164.3,0,-148632.6128237411,16955.44287233373
35459.0,56896.0,5698.0,9285.0,136,173,5.0,0,39795.0,37468.0,23187.0,25684.0,164.3,-1,-113137.2653538228,-1613.0000936354336
40117.0,70295.0,16732.0,26758.0,764,643,0.0,18,56157.0,53231.0,31869.0,36564.0,164.4,0,-90197.18576285934,-6029.465101408958
35405.0,52956.0,1869.0,3520.0,635,230,314.0,229,41681.0,37524.0,28526.0,26262.0,164.5,0,-111809.1344760939,-7377.200733802969
13444.0,19829.0,3858.0,4328.0,7469,7308,11073.0,11197,26417.0,27167.0,3821.0,4853.0,164.6,0,-141127.88535158662,11901.042317295269
25711.0,52754.0,8752.0,14141.0,333,310,335.0,166,47260.0,44123.0,29800.0,25471.0,164.6,0,-107314.54113537176,-6171.816283248547
5042.0,9459.0,2042.0,4479.0,3871,3654,5007.0,5664,12841.0,13658.0,1730.0,3772.0,164.7,0,-153583.12448254557,17989.280557822465
60052.0,94565.0,18658.0,27397.0,936,550,365.0,189,62743.0,56188.0,53338.0,47400.0,164.7,0,-67266.9952527814,-15248.20706885434
31441.0,49065.0,11852.0,19637.0,391,156,0.0,13,37067.0,33457.0,21666.0,27624.0,164.7,0,-112661.36869983088,4472.210420992422
3558.0,8799.0,1895.0,3653.0,4009,5369,4489.0,5613,12176.0,14241.0,2453.0,2649.0,164.8,0,-154374.1495132774,18040.0629123453
8868.0,14274.0,2681.0,3365.0,4646,4720,5797.0,6191,15360.0,16453.0,1977.0,2848.0,164.9,0,-150624.6981403614,17463.38963767975
13078.0,23210.0,1649.0,2924.0,5661,5585,7357.0,7422,15540.0,15370.0,3037.0,3274.0,164.9,0,-149215.42578904273,16490.782003430613
752.0,4124.0,0.0,688.0,170,110,127.0,25,2260.0,4045.0,836.0,1507.0,165.0,0,-162845.59838694436,22377.32845155805
125797.0,182814.0,17575.0,26395.0,517,319,0.0,60,211428.0,175250.0,76814.0,70056.0,165.0,0,50129.30436048555,-101735.03092490773
8261.0,16327.0,1193.0,2635.0,6990,6982,8717.0,8691,20563.0,20165.0,2690.0,2958.0,165.1,0,-148457.45079168098,13260.327453315636
14489.0,14272.0,3113.0,4953.0,4059,3857,5983.0,5864,15485.0,14829.0,5348.0,3851.0,165.1,0,-146773.5484781693,16882.298035969958
9303.0,21452.0,2356.0,3802.0,5215,5052,5837.0,5716,13990.0,12699.0,3817.0,2429.0,165.2,0,-150656.7753336278,17432.44361272495
32703.0,43947.0,6929.0,12487.0,647,246,168.0,157,44926.0,41194.0,34815.0,29464.0,165.2,0,-104443.04121060536,-8007.964751910564
16283.0,25975.0,2310.0,3637.0,7038,6966,9566.0,9738,24219.0,23811.0,3282.0,5788.0,165.3,0,-142440.9893821289,12159.69041392534
7563.0,11498.0,1656.0,3839.0,4160,4050,5849.0,5914,13926.0,14356.0,3720.0,3159.0,165.3,0,-151587.59931963176,16729.613317682575
8163.0,21728.0,2863.0,5224.0,6938,7288,8392.0,8868,21282.0,23668.0,643.0,3635.0,165.4,0,-147932.11748121175,14722.466256338976
54369.0,78639.0,31866.0,46369.0,438,219,133.0,129,57203.0,50191.0,64311.0,45103.0,165.5,0,-59688.43372908293,-5994.276564383297
76749.0,117923.0,23798.0,39651.0,73,116,0.0,76,66262.0,58580.0,62434.0,47706.0,165.5,0,-52686.946005499936,-15045.398817616631
1746.0,6941.0,619.0,2279.0,76,0,67.0,0,13019.0,16732.0,19796.0,23657.0,165.6,-1,-143672.48330373323,7761.033134626521
746499.0,689274.0,278177.0,384781.0,5857,4570,1047.0,519,1265260.0,882648.0,1217540.0,856185.0,165.6,3,1646772.1780458984,-910401.2058490916
9105.0,14760.0,2010.0,3391.0,4632,4528,6541.0,6581,18391.0,18442.0,4382.0,4448.0,165.6,0,-147884.2059063499,14325.410309392284
3882.0,13632.0,4311.0,10480.0,1770,2625,2525.0,4281,6471.0,11809.0,2208.0,2587.0,165.7,0,-156134.84520333807,23034.550619032754
3580.0,17829.0,1160.0,6166.0,798,2250,1221.0,3398,3346.0,10021.0,0.0,54.0,165.7,0,-161281.73206586888,23373.222711734263
9026.0,12870.0,1697.0,2785.0,3742,3978,5036.0,5516,13632.0,13805.0,2132.0,2063.0,165.7,0,-152180.08966093877,17706.43074410176
2190.0,11586.0,626.0,2993.0,622,1171,712.0,1883,1513.0,4231.0,1418.0,2220.0,165.9,0,-162033.80713909605,23069.81390714313
3823.0,8416.0,1177.0,3298.0,3128,3433,4742.0,5554,10559.0,12638.0,915.0,1173.0,165.9,0,-156572.88615891567,19093.23904037974
2217.0,8935.0,1151.0,3010.0,2056,2899,2493.0,3595,5855.0,8131.0,898.0,1053.0,166.0,0,-159743.25830592442,21489.066016448865
2885.0,9055.0,2204.0,4612.0,4282,4797,5237.0,6032,11748.0,13466.0,1809.0,1743.0,166.0,0,-155093.59353487642,18795.84258363699
46925.0,68503.0,1850.0,6922.0,417,341,79.0,79,40625.0,36340.0,39976.0,33189.0,166.0,0,-102245.47607698292,-10738.54164492424
27149.0,44739.0,2693.0,5649.0,7147,7057,10012.0,9545,26296.0,24032.0,5162.0,4414.0,166.1,0,-136948.29521534292,11719.71090454207
10066.0,18454.0,1733.0,2884.0,3602,3677,5514.0,5725,13439.0,14265.0,2511.0,3460.0,166.1,0,-151516.96734757,17593.006877109674
2729.0,6586.0,511.0,1581.0,1725,2650,2413.0,3506,7193.0,10240.0,1879.0,2259.0,166.2,0,-158559.64314686967,19828.302004709327
9989.0,16295.0,2777.0,6137.0,6331,6290,6932.0,7490,18796.0,19326.0,1579.0,2498.0,166.2,0,-148541.96201679864,15969.776070754306
9561.0,12401.0,3802.0,6507.0,4308,4604,6046.0,6652,16462.0,16269.0,1655.0,2866.0,166.2,0,-149276.32886316016,17880.148984401036
812468.0,955573.0,665225.0,853934.0,3241,2455,550.0,490,342972.0,285450.0,155582.0,137026.0,166.3,3,773752.210601785,335950.83281459764
2686.0,10923.0,1271.0,3547.0,1546,2281,1960.0,2792,5807.0,8820.0,392.0,633.0,166.3,0,-159856.94533253665,21865.432779097184
87915.0,131979.0,16573.0,22149.0,2857,2504,528.0,406,77955.0,61882.0,67744.0,48017.0,166.3,0,-44395.21109904084,-27757.09006862888
5608.0,7442.0,856.0,3504.0,2942,3090,4436.0,4150,10994.0,10782.0,2377.0,1641.0,166.4,0,-155196.85093681965,18197.750370732745
9249.0,16241.0,3769.0,6267.0,4502,4853,6141.0,6080,16287.0,14648.0,3256.0,3640.0,166.5,0,-148621.14783899742,17286.19030426192
24351.0,46555.0,1941.0,4471.0,8758,8541,12267.0,13011,28153.0,26968.0,4062.0,5896.0,166.6,0,-137503.99461014484,10110.60411218089
2983.0,18243.0,1333.0,5203.0,1037,1633,1543.0,2564,4139.0,6919.0,177.0,668.0,166.6,0,-160743.70245928198,22891.94713630741
37887.0,60266.0,4789.0,9197.0,466,194,359.0,231,39435.0,40697.0,21093.0,36942.0,166.7,0,-112121.78327651988,-2794.724167338441
1746.0,5880.0,595.0,4128.0,1611,2193,2436.0,3207,6094.0,8130.0,472.0,633.0,166.8,0,-160361.0494178366,21101.41902040663
3124.0,12593.0,1124.0,3760.0,2447,4488,3078.0,5693,7301.0,12841.0,2271.0,3636.0,166.8,0,-157589.49243706127,19946.62033978752
6126.0,13445.0,1376.0,3435.0,2583,3024,3583.0,4037,8842.0,9458.0,594.0,2224.0,166.9,0,-156638.5977070876,20292.99911757796
10749.0,22170.0,2022.0,4326.0,4713,4924,6735.0,7149,16716.0,17044.0,2686.0,4121.0,166.9,0,-149113.1106018346,15963.974278948866
14347.0,24907.0,2607.0,4062.0,4643,4678,6507.0,6255,17255.0,16827.0,2926.0,3218.0,167.0,0,-147360.27137938864,16435.38973476843
40512.0,69237.0,14046.0,24634.0,3065,3405,4000.0,4118,9887.0,10008.0,1778.0,1692.0,167.0,0,-137084.65486851515,31619.503014606315
2128.0,11869.0,350.0,2924.0,1018,2904,990.0,2952,2649.0,7217.0,2782.0,4379.0,167.0,0,-160587.13643801174,21493.882703460407
5195.0,14147.0,1544.0,3340.0,10005,11573,8370.0,9481,20838.0,23838.0,0.0,2588.0,167.0,0,-150373.2766884685,14110.18382709739
15624.0,21040.0,7046.0,11266.0,305,122,218.0,106,28046.0,26001.0,16312.0,17203.0,167.1,0,-129821.1929266383,7702.245668739424
45985.0,71098.0,8838.0,14603.0,382,145,48.0,21,47246.0,44174.0,26901.0,36224.0,167.1,0,-100258.50127719564,-5123.200965408716
2348.0,7490.0,1158.0,3268.0,1540,1850,2672.0,2981,8194.0,9834.0,811.0,2363.0,167.1,0,-158220.16576479163,20095.053010716467
2426.0,8869.0,207.0,1599.0,348,341,102.0,55,6089.0,7954.0,3432.0,4665.0,167.2,0,-158329.38362197156,19306.337587777067
1976.0,7370.0,422.0,1163.0,210,164,89.0,7,3586.0,5769.0,39456.0,88580.0,167.2,0,-128728.04436539908,-2930.7427611653875
649699.0,721209.0,85127.0,110954.0,1469,1195,206.0,166,1056080.0,776843.0,504037.0,375100.0,167.2,3,974543.3343742694,-648056.115003127
58930.0,86607.0,7636.0,12166.0,357,197,33.0,83,34117.0,30061.0,29418.0,23721.0,167.2,0,-105065.10744489596,2873.794798679053
7530.0,17977.0,3141.0,5923.0,2749,3524,2667.0,3690,9020.0,12010.0,2345.0,1903.0,167.2,0,-154296.30385787998,21108.10877949356
49383.0,65373.0,10671.0,14959.0,584,369,259.0,202,57682.0,54111.0,41059.0,40767.0,167.3,0,-85007.67104172568,-14401.753925321873
12403.0,25882.0,14041.0,21981.0,5398,5266,6485.0,7056,17604.0,19600.0,4612.0,4463.0,167.3,0,-140039.29127885462,24063.33994103546
3428.0,9085.0,1285.0,3826.0,5208,5797,5666.0,5915,12840.0,12678.0,0.0,2281.0,167.4,0,-155595.10771562782,18083.4232598294
12571.0,25587.0,2365.0,4978.0,3727,4120,4559.0,5000,12976.0,14601.0,2170.0,3531.0,167.4,0,-150742.6384250106,18612.48964175598
226851.0,325945.0,22577.0,32514.0,780,425,43.0,90,332517.0,272743.0,125636.0,107053.0,167.4,0,181328.536901883,-176603.04053933732
37815.0,58092.0,4253.0,7878.0,0,83,358.0,141,37022.0,35534.0,26600.0,22864.0,167.5,0,-113677.23687834802,-1778.0676368073364
3956.0,6894.0,1749.0,3607.0,3425,3750,4431.0,4759,12356.0,13493.0,700.0,2215.0,167.5,0,-155117.91079716588,18502.82150437365
56409.0,89311.0,16911.0,28814.0,149,93,169.0,96,67568.0,65023.0,37701.0,51442.0,167.5,0,-73314.3204586551,-14806.142708810672
39898.0,62287.0,11732.0,19507.0,201,238,39.0,14,52832.0,50108.0,31990.0,38216.0,167.6,0,-94724.6428062653,-8339.958431288815
5609.0,17417.0,0.0,70.0,2548,4600,3283.0,5474,8125.0,13063.0,1606.0,1642.0,167.6,0,-157648.73476110728,19337.32218128336
7068.0,17006.0,1634.0,3686.0,4713,5828,6030.0,7000,13726.0,15037.0,2701.0,3915.0,167.7,0,-152207.17584077723,17018.38207159958
66501.0,97323.0,5056.0,9315.0,19,77,421.0,234,77766.0,72421.0,55646.0,62182.0,167.7,0,-61330.54103199,-35987.31136248462
3565.0,13921.0,1115.0,2446.0,1610,2343,2315.0,3373,5630.0,7727.0,1442.0,1784.0,167.7,0,-159082.61485994994,21397.890581048727
434250.0,614114.0,33237.0,50127.0,143,209,519.0,208,224823.0,186676.0,99092.0,85882.0,167.8,0,178722.0702416804,-83546.00146582143
11881.0,16494.0,872.0,2832.0,6243,6060,9343.0,9320,24373.0,23483.0,5025.0,6421.0,167.8,0,-143709.64934809753,9983.516243996462
1116.0,3275.0,715.0,2218.0,439,1360,933.0,2017,2340.0,5386.0,1508.0,2277.0,167.9,0,-161817.23437168042,22575.612853329072
8047.0,16178.0,1994.0,4455.0,3295,3692,5102.0,5526,14337.0,15526.0,3095.0,3941.0,167.9,0,-151164.14505607117,16896.729027251375
5567.0,10102.0,2646.0,3415.0,7388,7165,8579.0,8391,19965.0,18561.0,1611.0,2351.0,167.9,0,-149393.74016998726,14928.663763575394
19290.0,29471.0,3237.0,4857.0,246,140,419.0,206,31721.0,29041.0,25166.0,20713.0,168.3,0,-124181.1972982344,-319.2546593589832
4917.0,11734.0,1915.0,5016.0,8161,10237,9052.0,11474,20669.0,24936.0,1439.0,3060.0,168.5,0,-149598.287113225,13909.153627893367
22212.0,36260.0,3297.0,5344.0,3721,3794,5916.0,6181,16974.0,17620.0,4636.0,6236.0,168.5,0,-143283.9894303576,16703.92714161305
48518.0,69227.0,2423.0,6424.0,761,228,346.0,152,48676.0,45537.0,30263.0,30894.0,168.5,0,-101810.09415209334,-10944.980055212196
144269.0,218403.0,20130.0,31737.0,541,333,0.0,0,108109.0,98204.0,68282.0,71690.0,168.5,-1,-3246.2253791890107,-40528.01729815427
95837.0,138338.0,17407.0,27795.0,408,219,0.0,0,91111.0,83556.0,66465.0,63708.0,168.5,-1,-31998.623564853217,-35385.702058475246
7108.0,7985.0,1955.0,3760.0,3704,3784,4924.0,5263,10931.0,11068.0,486.0,2565.0,168.5,0,-154809.56492725894,19681.704288014225
4072.0,10488.0,2166.0,4364.0,2332,3550,3122.0,4350,7280.0,10038.0,1483.0,1733.0,168.5,0,-157371.2535245508,21348.254255546577
1703.0,8664.0,762.0,2787.0,459,1352,709.0,2180,1930.0,6348.0,168.0,165.0,168.5,0,-162808.3701593222,23615.45437931877
556146.0,706161.0,33011.0,41436.0,1638,1421,212.0,191,810403.0,635230.0,350990.0,288484.0,168.5,3,692448.869805346,-500160.1465873508
3321.0,11018.0,731.0,3004.0,3312,4647,4395.0,6019,10257.0,15014.0,1781.0,2710.0,168.6,0,-156501.7713685654,18376.49608163231
16555.0,26669.0,2562.0,3483.0,6648,6541,10008.0,9516,27505.0,26322.0,6199.0,4088.0,168.6,0,-139335.4107309003,9879.04942641659
96103.0,135513.0,13210.0,21692.0,334,304,0.0,0,77504.0,72109.0,68167.0,59630.0,168.7,-1,-41835.87492548162,-31264.194610281345
14898.0,30847.0,2245.0,2858.0,4161,3968,6803.0,6937,18783.0,18909.0,4419.0,5161.0,168.8,0,-145532.03578336773,14613.264300528015
21251.0,33499.0,1951.0,2844.0,9263,8994,11628.0,11374,28829.0,27574.0,6895.0,7719.0,168.9,0,-136499.72389640953,8330.444480057842
538935.0,674682.0,63541.0,92762.0,1253,872,8013.0,7131,262603.0,217242.0,226344.0,187846.0,169.0,0,327271.3615272263,-129443.31484461634
24892.0,46732.0,3901.0,7344.0,710,387,103.0,87,36226.0,36215.0,21067.0,31525.0,169.0,0,-119531.60594643904,-1956.0659653451405
11896.0,23542.0,2907.0,5368.0,4702,4748,6538.0,6772,20057.0,20677.0,2149.0,2673.0,169.1,0,-146870.57544341075,15314.451135878506
42200.0,64506.0,24570.0,39910.0,0,138,175.0,104,47999.0,42023.0,37194.0,37485.0,169.1,0,-86799.7260147432,2550.528247816917
706789.0,901942.0,399445.0,579235.0,1923,1787,661.0,422,117342.0,107958.0,106882.0,96153.0,169.1,0,428499.8859204556,268727.49484213133
22949.0,36756.0,3563.0,5855.0,4044,4802,4599.0,4480,13839.0,13837.0,3821.0,3935.0,169.1,0,-145396.7257815607,19233.79924936812
2937.0,13838.0,944.0,3131.0,1588,2157,2217.0,3191,5299.0,7482.0,1082.0,1471.0,169.1,0,-159788.14442665048,21561.433278279317
223129.0,322266.0,9976.0,13049.0,526,314,418.0,215,201577.0,167303.0,87833.0,69662.0,169.2,0,76421.74453523802,-98561.30387262022
56093.0,80858.0,11035.0,19760.0,0,116,128.0,121,65108.0,61472.0,52464.0,48791.0,169.2,0,-71902.5278904245,-22513.54655009087
80826.0,122108.0,26778.0,41625.0,245,290,0.0,75,102673.0,88289.0,83514.0,65447.0,169.2,0,-16718.242585378932,-41455.24186816128
63647.0,88767.0,15188.0,24273.0,823,337,237.0,185,70227.0,62934.0,64602.0,47685.0,169.4,0,-58786.58270821301,-25406.67324083473
11230.0,16455.0,19639.0,29645.0,331,178,175.0,112,22208.0,14943.0,23685.0,13069.0,169.4,0,-124329.12009810182,18200.19028509382
13289.0,20864.0,39712.0,38396.0,491,374,8.0,67,29646.0,15741.0,12768.0,9265.0,169.4,0,-113373.52025393992,33788.897257476325
18304.0,29206.0,3036.0,5422.0,6531,6262,8079.0,8544,20372.0,20813.0,3203.0,4393.0,169.6,0,-143772.82326944626,15141.283576082087
19732.0,35480.0,7803.0,12438.0,267,209,310.0,101,28123.0,28080.0,18372.0,25963.0,169.8,0,-125560.45646299608,6633.7858858600885
1787.0,11559.0,77.0,2302.0,1302,2392,1862.0,3629,4880.0,9916.0,1318.0,2348.0,169.8,0,-160643.90658127208,20838.2660947797
21743.0,50786.0,1833.0,4317.0,2670,2514,7483.0,7481,19390.0,19403.0,7434.0,7569.0,169.8,0,-141445.78582496833,13141.670054644448
20125.0,22553.0,5031.0,8291.0,4958,4629,6709.0,6061,16861.0,14930.0,4778.0,4048.0,169.9,0,-143294.49865437736,18191.1699402285
16142.0,19650.0,3500.0,5201.0,4616,4573,6588.0,6485,16783.0,15357.0,4436.0,2794.0,169.9,0,-145894.666724777,17058.68084577519
53382.0,82624.0,3657.0,7980.0,475,272,389.0,229,58149.0,52287.0,57833.0,49026.0,169.9,0,-78465.36339760713,-26412.59072466599
17339.0,21064.0,3167.0,4992.0,9401,8996,12232.0,12156,25321.0,24328.0,3692.0,4738.0,169.9,0,-140961.94957197685,12322.251855970682
11853.0,22961.0,19441.0,29061.0,2423,2394,4949.0,4963,12226.0,11705.0,2038.0,3728.0,169.9,0,-141326.41411720208,31949.982089814617
3769.0,18341.0,858.0,3466.0,3455,4390,3686.0,4787,8280.0,10795.0,909.0,1296.0,170.0,0,-158022.14912862235,20053.1633984508
1096.0,3858.0,1354.0,4461.0,2467,3258,3421.0,4567,8043.0,11022.0,316.0,1023.0,170.0,0,-159042.15782802156,20587.61231030272
37151.0,46938.0,6445.0,9803.0,127,126,0.0,126,50246.0,45718.0,42278.0,31336.0,170.0,0,-96601.87149456448,-13635.40604247358
2429.0,7179.0,1941.0,4945.0,1441,2394,1848.0,2937,5441.0,8724.0,1523.0,2320.0,170.0,0,-158935.77968272255,21939.198831180067
3841.0,11751.0,969.0,4008.0,608,1605,844.0,1987,2305.0,5858.0,12.0,519.0,170.0,0,-161802.98968582158,23734.97060292451
110941.0,168426.0,80830.0,119083.0,10012,10618,13445.0,13401,32816.0,31875.0,7929.0,7709.0,170.1,0,-58420.95746296413,72522.25194578027
7869.0,14248.0,4196.0,8709.0,2797,2540,4378.0,4793,12933.0,13552.0,1199.0,2413.0,170.1,0,-151835.95397518534,20150.08760074513
38166.0,70274.0,5789.0,10165.0,5582,5577,8467.0,8940,22723.0,23230.0,5219.0,5680.0,170.1,0,-133326.9654830791,16606.544930629847
51690.0,79250.0,13818.0,21850.0,282,180,335.0,157,53479.0,51305.0,33818.0,39812.0,170.1,0,-88233.9519456772,-7048.877234385778
11044.0,21978.0,2523.0,5569.0,7351,8351,8487.0,9537,21322.0,23480.0,2686.0,3815.0,170.2,0,-146212.64681187196,13956.16567292984
2343.0,15181.0,602.0,2411.0,388,787,437.0,1263,1435.0,4295.0,109.0,460.0,170.2,0,-162948.90110677268,23784.714613619
31866.0,53424.0,8694.0,13185.0,10346,10802,14222.0,14322,39191.0,38168.0,7511.0,9139.0,170.3,0,-122839.77880321388,8303.867163754217
19120.0,29774.0,6129.0,9650.0,6129,6334,9116.0,8981,25040.0,25029.0,9880.0,9172.0,170.3,0,-135203.1213683361,12165.35928945772
11033.0,22388.0,1496.0,3296.0,7973,8389,9653.0,10631,23596.0,25428.0,1948.0,4361.0,170.3,0,-145806.52029173862,12129.063840558809
8299.0,19187.0,2298.0,6021.0,3808,4327,4982.0,5772,12251.0,13571.0,1898.0,2474.0,170.3,0,-152859.0959580721,18868.8565191848
6612.0,17627.0,2533.0,6305.0,2802,2969,4409.0,4838,12214.0,11732.0,3367.0,2711.0,170.3,0,-152569.55335822058,18415.06224428967
71252.0,102628.0,10139.0,14376.0,1875,1891,228.0,157,67701.0,61044.0,61411.0,50802.0,170.3,0,-61659.64569004756,-26693.914286499028
73153.0,104596.0,41983.0,66314.0,83,80,122.0,151,81715.0,73363.0,66341.0,58761.0,170.5,0,-30846.48134892102,-12610.411952294076
947.0,5533.0,92.0,1147.0,180,85,201.0,143,3883.0,6037.0,488.0,1360.0,170.5,0,-162016.3073092507,21729.07147283542
2075.0,9446.0,511.0,2984.0,285,205,93.0,0,1992.0,4160.0,14395.0,42896.0,170.5,-1,-148915.14290587133,12712.604134636964
551810.0,686754.0,55298.0,76406.0,1801,1224,160.0,90,901660.0,702998.0,294269.0,258788.0,170.5,3,723474.9100220683,-509407.1879495428
2373.0,9308.0,11457.0,23398.0,248,122,166.0,32,51978.0,52602.0,19587.0,22314.0,170.6,0,-115841.03402510728,-4553.449754727844
5063360.0,2204010.0,13336400.0,7177410.0,29578,6785,19755.0,12142,8537890.0,2774550.0,6957060.0,1899260.0,170.6,2,17596133.07628042,3391400.6392552294
107407.0,165294.0,3472.0,7467.0,278,105,163.0,68,61823.0,54634.0,48605.0,51675.0,170.7,0,-63011.19089297106,-21784.820941609814
3167.0,6790.0,2634.0,5157.0,3337,3783,5221.0,5966,10708.0,12285.0,810.0,2196.0,170.8,0,-155710.59198981267,19964.6937504177
2811.0,6844.0,2145.0,6040.0,2729,3120,3168.0,3905,8255.0,10479.0,567.0,623.0,170.8,0,-157859.79610361284,21177.39049397021
18882.0,31505.0,1570.0,4793.0,9100,9611,13517.0,14239,31482.0,32789.0,2192.0,5985.0,170.9,0,-138478.3606388907,8247.664901024536
5069.0,15123.0,2499.0,4929.0,2930,3709,4270.0,5374,10721.0,13838.0,852.0,1244.0,171.0,0,-155320.94858021758,20114.54876909656
24602.0,44666.0,21530.0,38239.0,327,203,156.0,79,31624.0,30490.0,17166.0,23520.0,171.2,0,-114923.6603880524,16300.051860200676
55105.0,76664.0,43277.0,70635.0,536,601,586.0,231,64073.0,62162.0,48972.0,52199.0,171.2,0,-54756.40358941266,3159.8355785325693
3343.0,8364.0,87.0,1575.0,222,88,74.0,22,2534.0,4529.0,10623.0,17442.0,171.2,0,-154566.3826665914,17010.261725288387
32002.0,59574.0,3536.0,6546.0,381,290,178.0,130,25589.0,25985.0,10311.0,17827.0,171.2,0,-130658.9683011917,9481.774987483868
9436.0,12712.0,375.0,1989.0,207,100,0.0,0,5213.0,9684.0,31995.0,44897.0,171.2,-1,-136400.15791815554,5306.726455214397
99738.0,123600.0,11416.0,14269.0,491,300,0.0,25,167516.0,116543.0,65812.0,66071.0,171.2,0,8086.915220584691,-80641.31039700881
12977.0,21834.0,2954.0,6061.0,5208,5404,8019.0,8504,19039.0,19962.0,2388.0,3556.0,171.3,0,-146791.99539018353,15775.79698841154
6454.0,19198.0,2751.0,5598.0,5296,6330,6198.0,7102,16636.0,19394.0,1315.0,2931.0,171.4,0,-150939.1718967792,16864.26299489029
4220.0,6222.0,2446.0,4961.0,2781,3161,3370.0,3718,8681.0,8899.0,3089.0,3231.0,171.5,0,-155383.83077311286,20081.06426556162
56157.0,80329.0,9265.0,13690.0,215,227,349.0,145,48429.0,45535.0,33384.0,34731.0,171.5,0,-93357.78168290324,-6616.906129734784
4678.0,11652.0,1989.0,4157.0,2459,2889,2565.0,2870,6867.0,7576.0,658.0,1124.0,171.7,0,-157995.39467463188,21839.979324000607
67252.0,106506.0,18157.0,30399.0,212,271,0.0,43,69721.0,61888.0,52775.0,51556.0,171.7,0,-60943.46954182039,-19224.46291953799
4518.0,16528.0,1102.0,2778.0,4840,6101,5794.0,7278,13321.0,16144.0,583.0,3236.0,171.7,0,-154656.1559291485,17439.320173649015
2650.0,5796.0,0.0,1384.0,605,1997,930.0,2892,1989.0,5827.0,177.0,917.0,171.7,0,-162788.0130934888,22968.04922135292
6458.0,19435.0,1984.0,3877.0,5365,5888,6655.0,7339,17202.0,18791.0,2269.0,2899.0,171.8,0,-150642.71595397263,15666.4321447666
26927.0,48044.0,7374.0,11878.0,4062,3854,8511.0,9009,23180.0,22745.0,6306.0,6747.0,171.8,0,-135064.48872343148,16208.32542016657
14307.0,19332.0,460.0,2616.0,4894,4677,6244.0,5958,14982.0,14186.0,1044.0,2575.0,171.8,0,-150876.5385000921,16733.857001395645
50837.0,73072.0,5039.0,7816.0,331,204,4.0,62,31045.0,26402.0,28170.0,26885.0,171.9,0,-110927.4538472806,1911.1999602947108
12477.0,26403.0,2859.0,5121.0,4749,4941,6711.0,7024,18919.0,20437.0,4711.0,5664.0,172.0,0,-145647.5045720784,14661.44044390503
9623.0,19494.0,3745.0,7903.0,6845,7043,8093.0,8814,19064.0,20941.0,827.0,3042.0,172.0,0,-148187.40288603597,16711.014852907378
67353.0,91786.0,6303.0,9340.0,0,117,130.0,62,73441.0,70436.0,57617.0,63968.0,172.0,0,-61498.4842620788,-33564.76963013479
9079.0,18577.0,1862.0,3868.0,3512,3635,4735.0,5065,12442.0,13635.0,1071.0,2081.0,172.0,0,-153211.20978850793,18821.82561711606
1885.0,4593.0,930.0,4605.0,2219,3088,2165.0,3970,5915.0,10133.0,1457.0,2135.0,172.0,0,-159503.99433966863,20927.778676456423
2933.0,12693.0,78.0,2202.0,780,2210,970.0,3048,2461.0,6668.0,150.0,247.0,172.0,0,-162516.71517287137,22899.304869052638
252832.0,365265.0,68785.0,99606.0,22893,20966,18706.0,18457,42462.0,30962.0,14523.0,11616.0,172.1,0,-10916.775975577882,66140.42209895377
11846.0,17072.0,6668.0,11584.0,6249,6232,8019.0,7853,19672.0,19253.0,3714.0,4113.0,172.1,0,-143898.78754215737,17661.737920520787
29991.0,43012.0,6308.0,9644.0,5079,5051,6656.0,6699,17765.0,16765.0,4202.0,4961.0,172.2,0,-138983.24357786443,19480.01210567529
48667.0,73991.0,16906.0,28410.0,4684,4629,12037.0,12201,32383.0,31888.0,9376.0,8768.0,172.2,0,-115594.2876627289,18853.013706062684
3687.0,7972.0,1469.0,2702.0,2806,3060,3782.0,4089,8899.0,10090.0,1017.0,1813.0,172.2,0,-157208.77220348408,20068.763083465856
5613.0,19454.0,2185.0,6361.0,2933,3203,3446.0,3966,8530.0,9798.0,713.0,2220.0,172.3,0,-156442.36488765685,20999.25815535913
14140.0,10603.0,4588.0,5762.0,4933,6975,6614.0,8567,16083.0,20950.0,4367.0,4088.0,172.3,0,-146089.36172308584,17954.134207519266
2093.0,11636.0,509.0,1963.0,1091,3767,1115.0,4020,3432.0,12113.0,0.0,457.0,172.3,0,-162025.837145088,22666.11604909945
94644.0,156363.0,18061.0,27914.0,910,712,254.0,229,151380.0,123077.0,39207.0,42533.0,172.4,0,-14842.390569650888,-55198.229169257735
8347.0,25983.0,1749.0,4403.0,3113,3071,4669.0,5082,14161.0,14581.0,186.0,2698.0,172.4,0,-152865.58528446977,17966.589166628077
1431.0,8284.0,1045.0,5009.0,2361,4192,3270.0,5856,6441.0,11216.0,564.0,1496.0,172.5,0,-159808.7552865677,21086.48672936297
7151.0,20157.0,1397.0,3652.0,4695,5215,5361.0,5984,13232.0,15111.0,919.0,3338.0,172.5,0,-153515.66336918285,17781.515630250324
11383.0,23645.0,1896.0,5252.0,7424,8586,10780.0,11891,24495.0,26922.0,3862.0,5435.0,172.7,0,-143893.8249450522,11189.376522138604
7007.0,12986.0,1639.0,3192.0,2909,2706,3755.0,3776,11001.0,11191.0,3048.0,2418.0,172.7,0,-153840.56897780945,18561.94122644693
17582.0,29438.0,7973.0,14153.0,530,280,185.0,136,27759.0,25651.0,14088.0,21368.0,172.8,0,-129112.99753405036,8864.32483912774
21836.0,37197.0,2801.0,5676.0,6416,6506,7754.0,8072,22514.0,22875.0,8659.0,7578.0,172.8,0,-138534.35680739823,11821.208708812172
18635.0,31542.0,3688.0,6611.0,13045,12866,14891.0,14892,31536.0,31956.0,6021.0,4425.0,173.0,0,-135760.5173020923,8775.111139300217
48586.0,68136.0,7552.0,11672.0,0,175,313.0,199,62659.0,56095.0,44482.0,38343.0,173.0,0,-83194.84672935469,-20297.876504541287
55444.0,82530.0,4317.0,5695.0,768,432,342.0,100,41057.0,35484.0,33789.0,31523.0,173.0,0,-100950.56971745298,-6167.189843348464
1274.0,7717.0,477.0,3192.0,764,1777,979.0,2676,2213.0,7130.0,85.0,0.0,173.1,0,-163022.6288516455,23267.343770283653
1006.0,4527.0,176.0,945.0,140,122,156.0,43,2939.0,4446.0,4273.0,6167.0,173.1,0,-159900.94108348896,20372.688116869867
1987.0,11875.0,1850.0,7535.0,197,147,182.0,159,30987.0,57014.0,5936.0,9932.0,173.1,0,-141669.65407346407,5621.747363831757
2368.0,10945.0,1704.0,5542.0,158,108,229.0,133,14291.0,20521.0,11318.0,17685.0,173.1,0,-147058.14451771037,11606.139619532589
1905060.0,1628200.0,2147220.0,2261970.0,64116,38692,14806.0,8731,4475950.0,3265450.0,3745700.0,2296520.0,173.1,4,6311488.456959562,-2163321.880793041
56610.0,79637.0,19683.0,30658.0,825,379,0.0,55,72878.0,64365.0,67121.0,52220.0,173.1,0,-54982.16274859806,-25407.1331214795
3648.0,12635.0,370.0,1377.0,2630,3125,3157.0,3672,8610.0,9425.0,1261.0,2465.0,173.2,0,-157808.49025604074,19212.04985202288
20786.0,40582.0,2368.0,4141.0,719,443,182.0,103,36432.0,34947.0,23644.0,29281.0,173.3,0,-120838.37082367414,-4080.9487238065376
9125.0,16595.0,2703.0,4166.0,4044,3931,4902.0,5354,12646.0,12508.0,2762.0,3709.0,173.3,0,-151525.41119029434,18568.291539968934
109871.0,170725.0,10628.0,18013.0,991,430,144.0,112,117277.0,94869.0,55979.0,50930.0,173.3,0,-24044.970683566036,-48195.47922298224
48427.0,78575.0,13857.0,22946.0,267,341,226.0,109,52017.0,50004.0,33129.0,37725.0,173.4,0,-90742.31852045686,-5959.761344326776
184740.0,261062.0,10587.0,15992.0,397,221,279.0,154,113493.0,98147.0,94152.0,79862.0,173.4,0,20407.881564518844,-57332.13811369151
20405.0,34504.0,4605.0,7237.0,7273,8383,9267.0,9679,22821.0,24007.0,1220.0,3508.0,173.4,0,-141876.85475261073,15966.047074444868
14289.0,13668.0,4310.0,9369.0,3206,2905,4589.0,4717,12939.0,12819.0,4048.0,2973.0,173.4,0,-148294.8484975792,19690.871696948856
10927.0,34121.0,2286.0,4610.0,3567,3589,4404.0,4798,11692.0,12766.0,346.0,750.0,173.4,0,-153345.75146732831,20111.180311397387
6321.0,15472.0,3079.0,7139.0,3503,3676,5456.0,5928,14077.0,15527.0,3232.0,3239.0,173.5,0,-151276.07002791637,17785.25239904146
19132.0,18484.0,1316.0,3213.0,2612,3165,4410.0,4551,9740.0,9469.0,2113.0,2604.0,173.5,0,-151238.11556185168,20181.912730746026
2113.0,9624.0,1047.0,2689.0,2320,2934,3500.0,4592,10371.0,14050.0,148.0,1643.0,173.5,0,-157581.06345477208,19152.25234314482
8436.0,17644.0,3113.0,5645.0,7503,7601,9779.0,10183,21405.0,21302.0,2049.0,3401.0,173.6,0,-147015.60040417587,14435.54075208338
6118.0,15849.0,1776.0,4302.0,5513,6700,6618.0,8052,14229.0,16898.0,2829.0,3834.0,173.6,0,-152100.1526259209,16758.599958263778
1057.0,6102.0,784.0,3812.0,853,2990,659.0,2631,1850.0,7158.0,0.0,0.0,173.6,0,-163151.13089841517,23707.438058998385
136183.0,201735.0,4972.0,9434.0,689,594,81.0,124,83752.0,76217.0,68186.0,59914.0,173.7,0,-30325.866981642088,-37889.60188651022
10551.0,20531.0,1215.0,1992.0,5715,5859,7249.0,7322,16675.0,15835.0,4641.0,3560.0,173.7,0,-148866.57789722303,14791.490103595344
7110.0,9088.0,1136.0,2809.0,2857,2907,3989.0,3610,10550.0,9470.0,3146.0,2330.0,173.7,0,-154323.90051256857,18408.33630814131
7764.0,17999.0,2415.0,4291.0,8191,9072,10291.0,11162,25200.0,27086.0,4422.0,4283.0,173.8,0,-144295.8076139184,10914.321144320384
8055.0,16124.0,1016.0,2825.0,3096,3243,4753.0,5078,11233.0,11498.0,2364.0,2216.0,173.8,0,-154091.08638551808,18299.102536751
10696.0,17529.0,3824.0,6765.0,3617,3364,5543.0,5646,15632.0,15517.0,4860.0,4681.0,173.9,0,-147573.87610875652,17104.163656871944
11615.0,12565.0,3803.0,5458.0,5320,5160,6607.0,6459,15071.0,14419.0,1579.0,1251.0,173.9,0,-149693.2053538422,19035.3652797341
57026.0,89157.0,21032.0,33049.0,0,20,150.0,79,41662.0,39416.0,30002.0,29784.0,173.9,0,-92276.14460687824,7830.002278162816
2901.0,10001.0,1919.0,5081.0,2657,3368,3916.0,4857,10724.0,13853.0,1085.0,2509.0,173.9,0,-156034.93664066697,19254.211023802323
7053.0,15053.0,1273.0,4045.0,5728,6302,6542.0,6841,17242.0,18506.0,564.0,2280.0,174.0,0,-151740.67792263423,15803.83103747632
3098.0,7214.0,520.0,2086.0,2909,3084,3231.0,3533,8080.0,8148.0,1134.0,1855.0,174.0,0,-158351.37571554614,19697.552507286346
3192990.0,1640790.0,12819700.0,9006190.0,29214,10514,14177.0,8720,3230020.0,1795120.0,2139290.0,945820.0,174.0,2,11371158.563054966,7434734.556664979
5123.0,15456.0,545.0,2534.0,598,1452,763.0,2234,2686.0,6145.0,3048.0,3821.0,174.3,0,-159466.09014717428,21833.99021079504
6368.0,32374.0,681.0,2592.0,2977,4264,4053.0,5792,11001.0,16005.0,0.0,867.0,174.3,0,-156281.51746988963,19015.92477255752
2007.0,4835.0,61.0,871.0,345,365,0.0,0,5647.0,4844.0,1470.0,1606.0,174.3,-1,-160224.31608336978,20479.20136255302
684578.0,738902.0,245592.0,340392.0,5048,3706,42495.0,32966,554518.0,397368.0,398397.0,279624.0,174.3,3,738187.6491272257,-206449.53775897503
29785.0,54438.0,2866.0,4937.0,269,235,165.0,80,45202.0,42775.0,26014.0,32043.0,174.3,0,-111242.0030023524,-8900.883749326742
66062.0,106462.0,24955.0,39844.0,29204,29706,2500.0,2199,78939.0,72790.0,58569.0,57714.0,174.4,0,-48361.02968767672,-21730.91039904816
48209.0,81659.0,3699.0,6935.0,11292,11242,13913.0,13711,31243.0,30240.0,6397.0,6401.0,174.5,0,-125926.16524313984,10742.84531440085
72967.0,113260.0,30183.0,49515.0,601,307,395.0,160,54159.0,49830.0,37352.0,36043.0,174.5,0,-70377.34196550329,5972.255415806136
88267.0,132355.0,3755.0,5980.0,104,188,0.0,70,57016.0,47755.0,55705.0,42342.0,174.5,0,-69974.0667699259,-21481.791154853083
8482.0,12496.0,3917.0,6409.0,3733,3652,4453.0,4793,12691.0,12795.0,4160.0,3348.0,174.5,0,-150409.31279059962,19003.36238243278
11616.0,19756.0,3726.0,6416.0,3660,3663,4545.0,4977,12242.0,12754.0,3306.0,5527.0,174.6,0,-149784.7959076464,19311.619562710937
3881.0,15684.0,151.0,1277.0,0,0,83.0,0,2084.0,5473.0,12247.0,22060.0,174.7,-1,-153065.4373143433,16150.558937991926
42011.0,65226.0,9308.0,15721.0,83,27,0.0,48,50881.0,46350.0,22696.0,32233.0,174.7,0,-101868.80510256196,-5055.653704482655
93957.0,147100.0,40608.0,62751.0,7657,6929,10436.0,10100,27847.0,27570.0,5901.0,5604.0,174.7,0,-91702.6421078513,44296.342682128015
32746.0,49766.0,6413.0,9160.0,112,159,197.0,158,43176.0,37180.0,31495.0,30663.0,174.8,0,-107028.26193760264,-6527.187623819518
1682.0,4918.0,0.0,591.0,242,162,179.0,103,2596.0,4655.0,13001.0,13718.0,174.8,0,-154659.48835543956,16517.6715095638
464.0,2088.0,0.0,0.0,130,0,118.0,8,5761.0,10070.0,5308.0,9106.0,174.8,0,-157636.60112807612,17932.35155017465
1355.0,7912.0,0.0,258.0,98,0,149.0,81,3031.0,5953.0,3294.0,6795.0,174.8,0,-160185.61832476815,20452.965717140716
467330.0,549316.0,70073.0,91764.0,1266,939,434.0,191,749839.0,561965.0,293321.0,207285.0,174.8,3,611851.676635534,-415689.2744119222
9427.0,17664.0,4909.0,8108.0,1315,1377,2979.0,3073,8515.0,7808.0,3519.0,2767.0,174.8,0,-152237.8411373675,22346.631058434108
7082.0,16810.0,1804.0,2810.0,4263,4526,5721.0,6077,14311.0,15119.0,4699.0,3418.0,174.8,0,-150945.7824241395,16238.971228833154
2480.0,13737.0,794.0,3199.0,2219,3607,3040.0,5046,6586.0,10692.0,928.0,1633.0,174.9,0,-159350.25903340784,20755.73342936739
21909.0,29993.0,6069.0,9145.0,11170,11404,13006.0,13226,32097.0,31692.0,4995.0,6337.0,174.9,0,-133149.06208181285,10593.715248287626
12443.0,28736.0,360.0,1898.0,10210,11751,10713.0,12216,22603.0,26969.0,2759.0,2905.0,174.9,0,-146439.8292318359,11847.704745763062
20229.0,40214.0,15584.0,26751.0,2850,2821,6523.0,6723,14990.0,15375.0,2079.0,4040.0,174.9,0,-139312.58343659397,28109.87972563268
27979.0,42351.0,37233.0,54839.0,5145,5367,7150.0,6917,17946.0,17736.0,2084.0,4013.0,175.0,0,-122387.76965889071,43575.28058474533
4384.0,15450.0,1584.0,4205.0,1885,3054,2622.0,4115,7097.0,11385.0,1897.0,2406.0,175.0,0,-157413.0219402677,20793.33242351673
1733.0,10849.0,423.0,3658.0,861,2543,1145.0,3385,2734.0,8719.0,474.0,1672.0,175.0,0,-162152.10492821105,22619.03593348551
6688.0,18228.0,4619.0,10113.0,4708,5176,6459.0,7459,16073.0,18401.0,0.0,3507.0,175.0,0,-150580.24066997226,18956.649130975493
1509.0,8246.0,1271.0,4537.0,1474,2516,1660.0,2691,5238.0,9132.0,560.0,1049.0,175.1,0,-160401.394867464,21967.66216697269
341794.0,493405.0,16001.0,24607.0,837,926,106.0,159,172968.0,140874.0,83570.0,69360.0,175.2,0,100207.56602276748,-68326.9555186916
2831.0,8654.0,1474.0,4315.0,1716,2211,2648.0,3459,7526.0,8825.0,1818.0,1555.0,175.2,0,-157921.99814569802,20508.34060403118
7334.0,19318.0,2701.0,5098.0,2823,2685,4333.0,4403,9874.0,10128.0,1619.0,2396.0,175.2,0,-154392.6115151901,20474.571070479196
13745.0,18416.0,2221.0,3478.0,6181,5919,7369.0,7469,18875.0,18105.0,4829.0,5473.0,175.3,0,-145613.4002018434,14289.28467450231
394757.0,537250.0,311195.0,495671.0,21691,21227,22170.0,21418,54452.0,52338.0,12394.0,8805.0,175.3,0,183056.36176901727,255687.782714921
1273.0,4985.0,0.0,461.0,14,0,278.0,232,2704.0,4077.0,1690.0,1946.0,175.4,0,-161964.28169989944,21832.720718593373
1423.0,7993.0,274.0,1567.0,110,1,242.0,200,3982.0,7289.0,1023.0,1573.0,175.4,0,-161418.3861339926,21642.14521165543
577365.0,659034.0,153809.0,220665.0,2118,1801,739.0,378,887744.0,680779.0,324398.0,258972.0,175.4,3,796116.468871021,-435200.3774375887
13940.0,17546.0,2679.0,2828.0,3695,3699,5012.0,4970,13913.0,12863.0,3828.0,4024.0,175.4,0,-148750.0867432291,17831.98028834825
6166.0,11835.0,2430.0,4672.0,1900,2221,3127.0,3706,8486.0,10386.0,3692.0,3727.0,175.4,0,-154517.97280300362,20044.96555918731
2416.0,12649.0,0.0,1294.0,411,921,525.0,1329,1580.0,5276.0,381.0,607.0,175.4,0,-163050.22619394056,23144.150616725456
18036.0,30839.0,1980.0,4793.0,4933,5502,7186.0,7728,18231.0,20274.0,2029.0,4772.0,175.5,0,-146151.5000363948,15794.278619819264
1668.0,6703.0,106.0,895.0,40,57,144.0,37,2026.0,4007.0,1651.0,3923.0,175.5,0,-161828.76811534414,22042.37828169241
3120.0,6959.0,866.0,3117.0,31,94,159.0,53,17543.0,10984.0,4959.0,4547.0,175.5,0,-150699.40927700323,13233.997004506571
2692.0,7075.0,48.0,1147.0,0,0,209.0,88,7116.0,11203.0,51219.0,76639.0,175.5,0,-123396.89528980876,-7290.218232470412
522456.0,613870.0,93179.0,128252.0,1326,1251,469.0,226,990268.0,766098.0,352324.0,298769.0,175.5,3,819073.0259923897,-555135.8214495664
14753.0,18120.0,8481.0,15579.0,7738,8235,9592.0,9969,27867.0,26547.0,2643.0,3845.0,175.6,0,-137891.74303893925,15269.93943730605
2835.0,16577.0,909.0,3265.0,1565,2470,2020.0,3431,5042.0,8661.0,0.0,589.0,175.6,0,-160634.22269575848,22147.517296156417
671985.0,682967.0,84555.0,105986.0,3425,2130,200.0,274,1289610.0,942136.0,1124980.0,830737.0,175.6,3,1474869.316937961,-1041885.3558849208
6142.0,19038.0,2571.0,5271.0,4139,5514,4596.0,6700,11577.0,16509.0,1758.0,2671.0,175.8,0,-153792.7495184175,19296.35878748429
34848.0,53315.0,6969.0,13000.0,5390,5422,8361.0,8616,22541.0,23093.0,3677.0,5372.0,175.8,0,-134558.95267426656,17907.170803217112
13966.0,17329.0,1594.0,4416.0,6851,6981,8830.0,9339,24114.0,23933.0,5704.0,4605.0,175.8,0,-142754.9860408241,10858.189294532109
90114.0,129548.0,17366.0,25912.0,765,305,276.0,85,99367.0,86393.0,97400.0,72716.0,175.9,0,-13481.5028154983,-51772.009477257634
110275.0,159073.0,12290.0,16691.0,581,211,30.0,42,176390.0,146874.0,68617.0,68718.0,175.9,0,18639.34703987022,-85241.96066407382
5325.0,10587.0,1175.0,3625.0,2830,3075,3807.0,4253,9961.0,10283.0,790.0,1698.0,175.9,0,-156393.86069387323,19490.811261209383
37342.0,59201.0,10064.0,15715.0,515,396,365.0,154,44461.0,39352.0,32120.0,30984.0,176.0,0,-102340.20978743088,-4346.921668097322
46808.0,65030.0,26173.0,42252.0,406,243,468.0,221,56417.0,51740.0,41077.0,44598.0,176.0,0,-76705.3507499923,-2676.684531081304
20152.0,38408.0,4152.0,9132.0,5567,5644,8228.0,8601,24574.0,25967.0,4569.0,7011.0,176.1,0,-139120.7944098157,13053.327408429925
9029.0,17198.0,2461.0,5000.0,2651,2658,3441.0,3312,8097.0,7527.0,1576.0,2510.0,176.1,0,-154976.6578870527,21367.80354471449
11848.0,23572.0,1939.0,2052.0,4589,4806,6089.0,6241,14800.0,14419.0,3466.0,2841.0,176.1,0,-149731.7312386001,16928.215812753708
152927.0,224971.0,61380.0,99311.0,560,392,0.0,80,174717.0,143075.0,106987.0,81974.0,176.2,0,80365.75704960007,-58444.47663564121
62456.0,88137.0,10103.0,15978.0,171,114,141.0,119,59562.0,56370.0,47296.0,45743.0,176.2,0,-76383.79729118777,-17632.33428742367
4833.0,16519.0,981.0,2547.0,145,102,160.0,117,5807.0,5153.0,1395.0,1321.0,176.2,0,-158769.08905247672,21369.26191826705
343816.0,478024.0,13299.0,19814.0,856,480,0.0,71,326312.0,277159.0,179792.0,136600.0,176.2,0,239958.79144942152,-193708.4277704096
606.0,2858.0,1289.0,4037.0,1283,2844,1883.0,4064,5133.0,10488.0,1143.0,1966.0,176.3,0,-160312.69277548802,21647.18526698337
11149.0,20366.0,746.0,2635.0,3201,2954,4240.0,4534,12482.0,12718.0,2186.0,2761.0,176.3,0,-152556.55615283962,17639.88537836259
7677.0,13011.0,2949.0,5795.0,3793,3837,5309.0,5394,13849.0,13740.0,1413.0,2371.0,176.4,0,-152030.40324894342,18637.04477241601
62503.0,91670.0,10182.0,15019.0,427,267,474.0,202,58101.0,55213.0,39919.0,45583.0,176.4,0,-80555.05760139509,-14312.002223405543
11094.0,17475.0,2569.0,4921.0,3068,3562,4229.0,4768,12452.0,13480.0,2424.0,3602.0,176.4,0,-151259.84443521083,18840.15209376559
6313.0,7079.0,260.0,2452.0,725,2054,1107.0,2741,3010.0,8666.0,370.0,574.0,176.4,0,-160863.64151831955,22877.45363422836
44785.0,60691.0,16940.0,25183.0,5,200,54.0,79,37404.0,36026.0,31157.0,35627.0,176.5,0,-99441.60948784296,4882.846901372359
15627.0,22023.0,1567.0,2534.0,2328,1717,5020.0,4344,13327.0,12628.0,4460.0,5513.0,176.6,0,-148648.89852132424,17001.997289943243
5540.0,12678.0,1515.0,3174.0,4044,4361,4494.0,4869,11174.0,10800.0,2452.0,1924.0,176.7,0,-154641.96599800797,18537.90320429309
3458.0,12654.0,1536.0,3885.0,2860,4317,3487.0,4886,8823.0,12326.0,711.0,845.0,176.7,0,-157592.29953520902,20380.53259202824
1202.0,5664.0,1019.0,4273.0,1438,2765,1767.0,3645,4027.0,9554.0,1608.0,3178.0,176.8,0,-160470.2037946721,21755.424550208227
4879.0,9372.0,54.0,3028.0,1136,2424,1006.0,2961,3377.0,9054.0,232.0,593.0,176.8,0,-161301.32445679285,22462.218769487456
29670.0,49616.0,6601.0,9365.0,201,190,131.0,62,54544.0,49264.0,37044.0,35033.0,177.0,0,-98308.58424368166,-15155.610928195318
34651.0,44066.0,4377.0,5054.0,9971,10610,12115.0,11708,32140.0,31550.0,6055.0,4408.0,177.0,0,-129887.47139995523,10149.624345697232
140953.0,224137.0,25998.0,42211.0,454,412,269.0,116,81691.0,72300.0,65784.0,64841.0,177.1,0,-17770.04774427091,-20339.69868322749
1737.0,10963.0,384.0,2510.0,154,210,105.0,12,2634.0,4309.0,504.0,855.0,177.1,0,-162360.81232002427,22744.05939771781
550175.0,781301.0,598383.0,947806.0,1164,1132,706.0,279,288589.0,238544.0,100548.0,94464.0,177.1,0,587354.0188179986,318870.1804708587
76276.0,107496.0,5899.0,10917.0,1164,1039,393.0,161,79939.0,70235.0,88257.0,61888.0,177.1,0,-41514.02691940813,-46566.66219081575
1252.0,4955.0,0.0,233.0,352,650,342.0,648,1689.0,5713.0,3450.0,7814.0,177.2,0,-160712.71557511276,20970.674747775847
13731.0,36919.0,767.0,1480.0,7910,8626,10684.0,11463,37869.0,35496.0,8046.0,13002.0,177.2,0,-133181.7558550283,899.7241862458541
40926.0,49680.0,3573.0,6682.0,330,202,263.0,160,44590.0,41643.0,30911.0,29810.0,177.2,0,-105715.2335489072,-8516.695870134354
4639.0,11713.0,918.0,2288.0,3179,3253,3744.0,3669,8974.0,8535.0,1524.0,1768.0,177.3,0,-156960.28837771263,19520.615883521936
129880.0,199474.0,17179.0,26442.0,222,196,381.0,135,73285.0,64052.0,57569.0,51098.0,177.3,0,-37329.14895768442,-18719.871005380897
37323.0,45200.0,4320.0,6593.0,11871,12507,16072.0,15906,34084.0,34196.0,3828.0,4288.0,177.5,0,-129018.82682416136,10031.502363720549
1241850.0,1441190.0,1585830.0,1887330.0,2993,2228,1055.0,466,312740.0,252111.0,128991.0,93174.0,177.6,3,1419103.9472838151,1098974.7606717567
29097.0,36028.0,8891.0,11518.0,4264,3529,4575.0,4655,14213.0,12922.0,6208.0,4215.0,177.6,0,-138919.8547681259,22712.07837378564
337437.0,468960.0,46480.0,68121.0,580,591,261.0,137,133037.0,109579.0,121770.0,109911.0,177.7,0,119299.20698795449,-42470.132192036
5533.0,14025.0,2559.0,6187.0,3132,3591,4720.0,5599,12852.0,14729.0,2297.0,3399.0,177.7,0,-152920.32102057757,18273.35730125685
11304.0,15928.0,2822.0,4572.0,2953,3017,3984.0,3841,10153.0,8877.0,2520.0,2443.0,177.9,0,-152470.33994165002,20408.7774493944
1384.0,8355.0,497.0,2619.0,1099,2669,1157.0,3330,2762.0,7236.0,1356.0,2396.0,177.9,0,-161673.17031841617,22241.010360895118
1711.0,7273.0,599.0,2763.0,2026,3033,2853.0,4307,6971.0,9919.0,0.0,520.0,177.9,0,-160119.09114657628,20806.906350819125
5021.0,8045.0,2727.0,4277.0,5145,5651,7334.0,8100,17190.0,18873.0,5074.0,4033.0,178.0,0,-149183.30411479846,15038.645296783405
23836.0,38160.0,1199.0,3149.0,5996,6203,8310.0,8351,17635.0,17511.0,1237.0,4866.0,178.0,0,-145424.25672391066,16208.784466725028
6767.0,21660.0,1531.0,3651.0,5381,5587,6911.0,7456,15444.0,14831.0,1391.0,3158.0,178.0,0,-152143.20632049523,16542.096036480834
1427.0,7317.0,564.0,2435.0,1329,2034,2164.0,3313,5030.0,7858.0,635.0,1287.0,178.1,0,-160884.61318159787,21476.68758656452
69350.0,108516.0,6790.0,8785.0,239,169,39.0,98,59502.0,54022.0,39563.0,46698.0,178.1,0,-79562.96718947994,-17166.862597838022
2081.0,3338.0,2554.0,5545.0,2772,3199,2894.0,3335,7503.0,8460.0,21.0,701.0,178.1,0,-158506.84945366406,22006.96088120685
1116580.0,833835.0,2480360.0,2776760.0,5837,3392,1226.0,723,311234.0,141872.0,181441.0,84316.0,178.2,3,1929452.848163356,1754168.0887712543
38006.0,62080.0,1151.0,3373.0,2857,2840,626.0,358,37403.0,34629.0,28675.0,25479.0,178.3,0,-113821.70025009807,-5367.229923227336
3494.0,13109.0,496.0,2064.0,2513,3064,3248.0,3860,9013.0,10642.0,763.0,1777.0,178.4,0,-157908.3267873128,19341.67151394514
7151.0,19650.0,9097.0,16734.0,161,141,143.0,70,15988.0,16030.0,5702.0,11898.0,178.4,0,-143796.9291560444,19349.996327234832
10011.0,17682.0,2792.0,4310.0,3482,3602,4573.0,4612,11411.0,11712.0,1754.0,2482.0,178.5,0,-152549.80087875255,19867.2955262606
19526.0,36584.0,18705.0,32355.0,219,145,327.0,187,36386.0,34955.0,18177.0,23858.0,178.5,0,-115063.75357874631,10839.685658791095
6296.0,11273.0,3690.0,7568.0,3953,3583,4597.0,4655,12111.0,11024.0,813.0,1348.0,178.6,0,-153449.87252262374,20370.647749996413
52188.0,77875.0,2511.0,4442.0,447,181,98.0,36,60925.0,56718.0,42799.0,49844.0,178.6,0,-84778.03340925486,-23979.194067525623
14284.0,19277.0,2640.0,4518.0,4294,3908,5856.0,5898,15016.0,15981.0,5489.0,4602.0,178.7,0,-147183.7728106293,16607.752591578428
39159.0,75907.0,29171.0,49269.0,2195,1997,4192.0,4141,10627.0,9895.0,3788.0,3277.0,178.7,0,-126974.55938648968,41724.97829705426
38641.0,60486.0,3019.0,4548.0,6329,6677,10312.0,10744,32498.0,33084.0,5655.0,8785.0,178.7,0,-128663.76756701944,8727.351995806555
6138.0,12356.0,2870.0,6009.0,6273,7049,6936.0,8048,16839.0,18151.0,1226.0,2510.0,178.8,0,-150965.6147268373,16915.56588218099
4395.0,10350.0,2440.0,4815.0,2715,3091,3898.0,4624,10616.0,12253.0,3292.0,2311.0,178.9,0,-154324.34405406297,19114.541844516312
11479.0,20382.0,3410.0,6697.0,6258,6434,8107.0,8535,17947.0,18421.0,3403.0,4011.0,178.9,0,-147056.86618064242,16199.155531307471
15808.0,32840.0,3666.0,7001.0,7372,8213,8332.0,9156,21002.0,23564.0,3390.0,4030.0,178.9,0,-143824.87849837373,15088.77330465135
42141.0,63899.0,9339.0,11556.0,756,429,232.0,124,47428.0,42520.0,48538.0,35331.0,179.0,0,-91276.13939092756,-12189.138482189575
44401.0,65252.0,8783.0,13567.0,83,206,100.0,89,40030.0,35482.0,30336.0,29376.0,179.1,0,-104384.29630366052,-1604.5142044704917
6669.0,17645.0,2573.0,4102.0,4640,5171,6296.0,6913,13475.0,14768.0,2628.0,3485.0,179.2,0,-152026.134696409,17920.75645594055
37140.0,50492.0,6198.0,10161.0,194,161,108.0,151,46025.0,43213.0,26218.0,35784.0,179.3,0,-105722.36533109505,-6850.151664694164
1467.0,6589.0,145.0,2086.0,65,0,146.0,80,6864.0,12811.0,11938.0,17204.0,179.3,0,-152174.17922306462,14191.26485242948
3187.0,10947.0,0.0,340.0,119,22,130.0,48,10025.0,12355.0,11233.0,10394.0,179.3,0,-151453.32125616475,13704.27163148399
647755.0,679604.0,131455.0,160619.0,4643,3804,550.0,322,1612480.0,1174900.0,1392360.0,1036220.0,179.3,3,1831890.265918652,-1298493.8254301434
90506.0,138977.0,20255.0,33280.0,436,257,323.0,125,93591.0,82994.0,65953.0,68769.0,179.4,0,-30012.194402260124,-35455.897293791975
7359.0,10908.0,1531.0,2159.0,4653,4456,6204.0,6154,15389.0,14609.0,4305.0,3624.0,179.4,0,-150565.5276014694,15578.983243008628
44816.0,69581.0,7580.0,14939.0,1460,1883,3962.0,3784,10678.0,10641.0,3232.0,3010.0,179.4,0,-138198.4075005242,25928.118496228577
1230.0,5054.0,0.0,722.0,1127,2920,1753.0,4014,3970.0,8729.0,600.0,2212.0,179.4,0,-161726.57838713203,21482.03999202529
1083.0,4835.0,350.0,3159.0,728,2681,1093.0,3170,2526.0,7528.0,0.0,114.0,179.4,0,-163005.30535384628,23001.07242854162
44891.0,59058.0,13291.0,19457.0,0,0,308.0,164,31862.0,28522.0,21238.0,21905.0,179.5,0,-111555.20569771396,10299.403715184942
9255.0,19796.0,4356.0,9236.0,3360,3485,5549.0,6145,13745.0,14774.0,3724.0,5166.0,179.5,0,-149206.653243111,18719.4648502666
4554.0,8128.0,2195.0,4555.0,5163,5210,6330.0,6450,13315.0,13942.0,2271.0,3363.0,179.5,0,-153199.78842691486,17699.047554199962
11005.0,21583.0,1411.0,3044.0,6255,6121,7780.0,8219,19658.0,19974.0,3276.0,3056.0,179.6,0,-147667.21486786628,13903.853560659883
8448.0,15274.0,2348.0,4064.0,6643,7173,8231.0,8622,19191.0,19108.0,1197.0,3290.0,179.6,0,-149107.1761232203,15334.713150453796
9675.0,15661.0,1704.0,3234.0,3991,3218,5560.0,5202,13398.0,12187.0,2547.0,2287.0,179.6,0,-151865.32487780045,17717.63397935285
32384.0,52785.0,7065.0,11403.0,12692,13510,16581.0,16743,40069.0,39940.0,8876.0,9601.0,179.7,0,-122427.7416853648,6127.613160326684
2847.0,7742.0,506.0,1299.0,210,94,0.0,39,4724.0,5849.0,1810.0,1729.0,179.7,0,-160024.79759013982,21244.867552371223
974010.0,1111230.0,104045.0,132451.0,82123,75025,6803.0,6063,1239490.0,873000.0,448337.0,313300.0,179.7,3,1155267.775149669,-680088.8960843844
2207.0,8632.0,163.0,1195.0,4347,6251,5187.0,7578,10979.0,16615.0,636.0,1781.0,179.7,0,-157476.60006671597,17990.20455083046
16488.0,35415.0,2686.0,5745.0,5015,4828,6428.0,6846,16552.0,15739.0,2126.0,3148.0,179.8,0,-147395.0022688052,17309.324326342816
217342.0,320525.0,4566.0,7133.0,520,353,191.0,122,220291.0,189561.0,69919.0,73598.0,179.8,0,74139.79449991643,-107725.49702653108
4660.0,7000.0,5080.0,6314.0,46,0,226.0,184,33966.0,21171.0,12446.0,11995.0,179.8,0,-133902.00968644072,4229.657172371648
2418.0,12282.0,853.0,3527.0,134,93,218.0,153,5021.0,9323.0,4766.0,6311.0,179.8,0,-157644.2323796986,19694.17210165096
1898.0,11523.0,669.0,2691.0,158,141,177.0,63,3334.0,6371.0,22125.0,40445.0,179.8,0,-144994.91082269402,9876.9183145798
1233660.0,1147970.0,1590430.0,1806910.0,3001,1757,698.0,462,1781090.0,1179100.0,1209070.0,795720.0,179.8,3,2849671.48050682,-141453.34945110965
50587.0,69089.0,5901.0,9876.0,868,329,310.0,123,55167.0,50733.0,43668.0,34852.0,179.9,0,-88643.76820149108,-16628.78388183956
10074.0,23761.0,7180.0,10678.0,7236,7412,8301.0,8294,16818.0,16780.0,2478.0,3191.0,179.9,0,-146466.4748457649,19990.79652655766
5080.0,13612.0,1598.0,4360.0,2763,3265,3700.0,4106,9601.0,10641.0,942.0,2092.0,179.9,0,-156284.41061418477,19880.817883349657
38852.0,47709.0,4437.0,9851.0,569,341,0.0,44,35902.0,33734.0,36978.0,28339.0,179.9,0,-108132.08330943614,-5172.046883168172
6585.0,17074.0,2607.0,6596.0,1707,2011,2527.0,3036,6781.0,8134.0,1094.0,2410.0,180.0,0,-156647.39256933113,22170.11872852989
3536.0,10899.0,1656.0,5685.0,1505,3362,1883.0,4250,5046.0,10941.0,2593.0,3427.0,180.0,0,-158284.21825315314,21506.847818771013
2623.0,14508.0,1287.0,5840.0,1493,3499,1756.0,4356,4207.0,10790.0,342.0,1077.0,180.0,0,-160700.22192674584,22683.800331178896
33000.0,44199.0,6298.0,11897.0,303,245,673.0,260,39063.0,37539.0,33692.0,26421.0,180.0,0,-109003.7508864433,-4528.921632882863
418.0,2141.0,0.0,410.0,191,139,127.0,0,2229.0,4293.0,15005.0,28415.0,180.1,-1,-151822.30486004383,13897.05226860271
454427.0,633678.0,22195.0,31768.0,1097,594,384.0,239,233102.0,202451.0,144792.0,128875.0,180.1,0,211688.810656463,-116054.88076162836
2894.0,16988.0,945.0,4540.0,1460,3517,2105.0,4786,5062.0,11875.0,1226.0,2752.0,180.1,0,-159646.96450118767,21458.22474646688
7552.0,10373.0,1196.0,4300.0,2109,3821,1940.0,4696,5314.0,11737.0,732.0,1504.0,180.1,0,-158304.70348976008,22204.251713334004
3920.0,13723.0,2274.0,6169.0,1629,2240,2449.0,3120,5633.0,6913.0,1033.0,1174.0,180.2,0,-158574.84434895884,22525.111879128024
1001.0,6124.0,545.0,1986.0,218,130,117.0,6,1420.0,4724.0,10032.0,33288.0,180.4,0,-153215.35315664893,15759.4493117059
67906.0,105700.0,6692.0,13732.0,409,230,133.0,142,70219.0,65488.0,52140.0,58593.0,180.4,0,-66318.11890188909,-28929.13903465281
1984.0,11703.0,0.0,0.0,194,106,194.0,96,3432.0,6923.0,2207.0,3527.0,180.4,0,-160823.39652895156,21104.03383002551
3723.0,8030.0,0.0,2108.0,240,131,136.0,72,6265.0,5288.0,7608.0,6363.0,180.4,0,-155722.96715838969,17526.364978016267
922399.0,1005690.0,265621.0,365594.0,3564,2462,784.0,321,3301170.0,2123910.0,1487700.0,948213.0,180.4,3,2962183.343040914,-2099521.356928087
2445.0,9470.0,1124.0,3535.0,1801,3217,2680.0,4453,6915.0,11275.0,817.0,1120.0,180.4,0,-159126.15506893813,20934.399055713853
9844.0,19613.0,2543.0,6164.0,3974,4202,5396.0,5718,12813.0,13394.0,1546.0,1887.0,180.4,0,-152169.16755558355,19069.63758747155
16005.0,26233.0,2070.0,3738.0,9242,9775,11930.0,12651,27071.0,28200.0,1453.0,4408.0,180.4,0,-142159.92980771445,11240.8557924347
4858.0,16155.0,1822.0,4482.0,2265,4095,2577.0,5338,5318.0,9548.0,1997.0,1624.0,180.5,0,-158191.0870497066,22040.182988651337
189773.0,284420.0,88972.0,129146.0,7548,7010,10444.0,10888,25413.0,25120.0,8197.0,5772.0,180.6,0,-32641.696212278184,88741.53583735289
6111.0,26955.0,925.0,2092.0,3539,4409,5117.0,6488,13108.0,15939.0,586.0,4169.0,180.7,0,-154212.77440578304,17400.240262713727
1499.0,10560.0,300.0,1834.0,393,1548,681.0,2305,1784.0,5943.0,339.0,701.0,180.7,0,-163057.1542000185,23195.098921565805
13630.0,30712.0,2416.0,7227.0,6605,6896,8004.0,8387,18909.0,19351.0,1886.0,2639.0,180.8,0,-147355.64002240234,15786.968007475418
35354.0,57143.0,5105.0,7527.0,0,47,321.0,107,45812.0,41920.0,30627.0,28385.0,180.9,0,-106297.8393783262,-8131.198599942734
602764.0,800142.0,84181.0,130345.0,2069,1476,506.0,254,301544.0,255765.0,177948.0,160711.0,181.0,0,354512.90103386133,-109953.53321831182
180958.0,279301.0,17627.0,27159.0,614,317,0.0,128,88603.0,79257.0,88892.0,71483.0,181.0,0,5726.294298982684,-36016.42640691296
2901.0,9798.0,61.0,286.0,56,0,114.0,29,3197.0,5425.0,636.0,1093.0,181.0,0,-161765.6086322987,22206.561857016903
7858.0,15480.0,1023.0,2062.0,133,94,134.0,98,4111.0,4581.0,12926.0,14932.0,181.0,0,-151062.43343021983,16800.6362389489
673806.0,830219.0,53534.0,75481.0,1804,1524,431.0,139,1030090.0,810800.0,383494.0,320590.0,181.0,3,884327.9489005437,-608676.1410412223
2264.0,6932.0,2087.0,4946.0,2664,4175,3923.0,6080,9502.0,14603.0,1651.0,2733.0,181.0,0,-156516.60913605944,19769.21637801688
32530.0,60236.0,5295.0,7069.0,4400,4186,5789.0,6011,18332.0,18252.0,4810.0,4985.0,181.1,0,-138174.3076043515,18387.68095851547
5878.0,18685.0,777.0,2009.0,3711,4111,4442.0,4761,12945.0,14212.0,1436.0,3527.0,181.1,0,-154184.56700060336,17165.716001867815
4689.0,9434.0,551.0,1899.0,162,865,768.0,1859,2732.0,7319.0,3986.0,3901.0,181.2,0,-159132.08270950546,21456.57399460464
3338.0,16978.0,1129.0,3546.0,1725,2507,2746.0,3900,8400.0,11675.0,980.0,2895.0,181.2,0,-157635.6933272187,19907.087681772515
6899.0,12588.0,791.0,1288.0,47,880,561.0,1859,1726.0,6278.0,810.0,463.0,181.2,0,-160892.30492380343,23878.460286787387
12590.0,11865.0,1642.0,2705.0,2767,3151,3283.0,3594,10138.0,10540.0,3267.0,2402.0,181.2,0,-152428.7391368121,19372.669802380173
4819.0,9178.0,235.0,1072.0,0,16,149.0,180,3587.0,4484.0,3314.0,2440.0,181.4,0,-159366.73020876042,21195.081500343564
565260.0,661182.0,57906.0,80619.0,1417,1305,393.0,269,968324.0,769363.0,362883.0,328494.0,181.4,3,809785.740811725,-574660.8719650417
9206.0,17215.0,1091.0,3541.0,3783,4322,4947.0,5324,13334.0,14523.0,801.0,1447.0,181.5,0,-153364.44534552717,17947.381086506986
145241.0,205160.0,31392.0,48100.0,417,249,507.0,272,230760.0,193160.0,81594.0,76983.0,181.5,0,78618.55887940456,-102686.69854489286
42502.0,53534.0,9269.0,15013.0,67,153,182.0,141,63880.0,57983.0,39961.0,42451.0,181.6,0,-84834.3560592051,-19173.979631902854
2614.0,6361.0,700.0,2059.0,1333,1462,1839.0,1976,4334.0,5479.0,640.0,1447.0,181.7,0,-160779.41864706716,22017.44466174468
7124.0,20942.0,1349.0,3262.0,8780,11636,15397.0,20379,7669.0,10040.0,421.0,752.0,181.7,0,-157263.7343664339,21269.565808131865
1703.0,6755.0,427.0,2380.0,2220,2782,2770.0,3749,6835.0,9408.0,0.0,413.0,181.7,0,-160316.33423082266,20764.26224198921
414687.0,581528.0,130991.0,198846.0,3273,2531,433.0,276,262180.0,224566.0,163362.0,131777.0,181.8,0,288392.04201296566,-58466.44470716298
75405.0,110831.0,25435.0,39931.0,85,177,282.0,160,59312.0,56889.0,51948.0,51629.0,181.8,0,-60152.52886082091,-7245.281082774862
19548.0,22818.0,4148.0,4654.0,8196,8112,11014.0,10750,26857.0,25969.0,5912.0,5739.0,181.9,0,-137636.74374505848,11527.280540903968
1898.0,12632.0,590.0,5618.0,1646,2966,2137.0,3887,5443.0,10137.0,50.0,244.0,181.9,0,-160937.11662191883,21652.293251524083
37009.0,57798.0,19652.0,34988.0,388,263,55.0,131,56127.0,51174.0,36881.0,34455.0,181.9,0,-87538.82946501857,-5398.30179023595
2280.0,13604.0,772.0,3186.0,1274,2683,1549.0,3640,4445.0,10052.0,770.0,1420.0,181.9,0,-160728.2430175012,21948.020414709503
4002.0,8113.0,357.0,3268.0,1196,2490,1478.0,3352,3778.0,9037.0,41.0,554.0,181.9,0,-161275.1268198451,22481.479681080848
1937.0,12039.0,0.0,279.0,103,0,95.0,0,2984.0,5272.0,235.0,564.0,181.9,-1,-162504.72830814234,22407.20641287733
400426.0,501880.0,40201.0,57618.0,1203,1051,475.0,335,667938.0,532061.0,271412.0,222540.0,181.9,3,519955.4040353728,-394402.36200893816
5459.0,13253.0,1488.0,3873.0,2687,3298,3295.0,3585,9069.0,10213.0,883.0,1807.0,182.0,0,-156599.46547047532,20169.45858963217
13765.0,26203.0,4080.0,6657.0,4508,4117,6188.0,6114,18440.0,18035.0,2695.0,3870.0,182.0,0,-146016.6876596859,16861.848034080846
578174.0,755084.0,38148.0,54268.0,2850,2203,25374.0,21971,292251.0,229197.0,195854.0,157236.0,182.0,0,321992.19394216675,-147262.30869544606
192187.0,291130.0,6382.0,7877.0,352,275,58.0,77,105842.0,96223.0,78282.0,74955.0,182.1,0,7923.664440430002,-49916.04154029983
16157.0,30296.0,3398.0,6779.0,3209,3074,7356.0,7719,16629.0,18118.0,5267.0,4458.0,182.1,0,-145370.57261158092,16549.345459874723
882.0,5583.0,868.0,3615.0,1220,3081,1518.0,4241,4425.0,11309.0,1111.0,2019.0,182.1,0,-160871.34987067414,21729.784245769784
1086.0,7051.0,859.0,3589.0,1798,3316,2579.0,4771,6813.0,12368.0,389.0,847.0,182.1,0,-160019.4622877249,20866.282535621096
14760.0,26097.0,4854.0,7480.0,2401,2160,5496.0,5637,15246.0,14139.0,5523.0,5714.0,182.1,0,-145397.0753053563,18027.22439739773
6701.0,14222.0,2131.0,3526.0,4707,4821,6179.0,6669,15305.0,16384.0,1803.0,2925.0,182.1,0,-151741.15332512074,16960.065779930093
82180.0,106814.0,16808.0,25899.0,439,223,0.0,53,78382.0,68854.0,62809.0,59981.0,182.2,0,-46090.89906938441,-28281.58196920977
11773.0,24309.0,2032.0,3093.0,8915,9633,9937.0,10051,22365.0,23653.0,2414.0,3594.0,182.2,0,-145845.79898606302,13207.912715176137
42745.0,62876.0,6600.0,12049.0,207,236,65.0,138,54408.0,53627.0,26356.0,37929.0,182.3,0,-98618.13259337758,-10959.69799737206
5519.0,7506.0,4196.0,9062.0,176,116,417.0,233,10329.0,10707.0,15552.0,11891.0,182.5,0,-145809.1032888475,15261.320512267264
2150.0,5688.0,2034.0,4178.0,180,61,245.0,205,4645.0,4767.0,6824.0,6029.0,182.5,0,-156340.02110598268,20129.06213099279
2310640.0,2034020.0,3592100.0,3223690.0,9359,4244,2484.0,1064,1924370.0,1272520.0,1123590.0,742087.0,182.5,4,4408905.637447571,1419788.7175057
5469.0,11582.0,1598.0,3424.0,3111,3561,4470.0,5057,11069.0,12839.0,2330.0,2728.0,182.6,0,-154595.72057766074,18575.555574259382
5084.0,14597.0,1822.0,3515.0,4100,4993,5205.0,6072,11409.0,12969.0,2081.0,4055.0,182.7,0,-154280.09216500155,18436.853778891524
7047.0,23868.0,1955.0,3897.0,2211,2435,3659.0,3972,8884.0,10253.0,1904.0,2713.0,182.8,0,-155291.4440519008,20274.131418165824
17409.0,28314.0,981.0,3158.0,3747,3909,5635.0,5538,15621.0,16215.0,4068.0,3178.0,182.8,0,-147729.12691107616,15925.245980800177
13232.0,20520.0,2868.0,3843.0,6413,6221,8986.0,8473,24398.0,22213.0,5138.0,5544.0,182.9,0,-142181.35194220737,11674.231491225675
4618.0,7717.0,1519.0,2689.0,2576,2256,3141.0,2929,8441.0,8357.0,1571.0,2611.0,182.9,0,-156744.05216711696,20124.77886703007
1105.0,3940.0,564.0,2573.0,0,0,144.0,78,4071.0,6326.0,2459.0,2871.0,183.0,0,-160415.92885382124,21131.95054402547
1407.0,8765.0,305.0,1559.0,174,59,163.0,56,3340.0,6202.0,962.0,1582.0,183.0,0,-161786.80183783144,22027.5581315298
1274.0,4370.0,681.0,2591.0,113,0,238.0,425,2563.0,7695.0,52701.0,95945.0,183.0,0,-121998.70492867655,-7669.688372252051
554709.0,700985.0,250482.0,378162.0,5761,5216,42904.0,40131,554701.0,455477.0,488795.0,409423.0,183.0,3,763458.3892911907,-260731.2329910709
661215.0,941524.0,42577.0,61942.0,1903,1957,28996.0,28271,248107.0,212251.0,204036.0,180857.0,183.1,0,334659.4460599248,-120074.27002336548
17551.0,26523.0,2159.0,5982.0,31,38,415.0,176,25115.0,25316.0,16473.0,21522.0,183.2,0,-132897.79467251222,5042.247415895581
7154.0,14263.0,1429.0,3185.0,2199,2447,3317.0,3471,7579.0,8184.0,2082.0,3347.0,183.3,0,-156099.84293021943,20433.137456159115
7585.0,16113.0,3522.0,7525.0,4719,5142,5073.0,5839,11565.0,13103.0,1029.0,1810.0,183.4,0,-153254.72739536822,20499.0220205599
18230.0,26239.0,8060.0,11270.0,6720,6645,9874.0,10098,24916.0,23774.0,5970.0,6368.0,183.4,0,-136694.79168789304,15327.07567862102
14043.0,24098.0,1872.0,3062.0,4169,4410,6242.0,6479,17688.0,18292.0,3432.0,4505.0,183.5,0,-147201.11198517936,15271.720747450505
12928.0,11220.0,2828.0,3811.0,2682,2636,3872.0,3822,10834.0,9907.0,2411.0,1614.0,183.5,0,-151763.0245322339,20321.06612915081
29088.0,51140.0,2416.0,5474.0,6657,6999,8456.0,8765,26130.0,26399.0,6144.0,6336.0,183.5,0,-135804.9803583244,11145.44841467867
15427.0,31702.0,3941.0,7198.0,6083,6170,7703.0,7894,22403.0,21659.0,3943.0,4230.0,183.6,0,-142727.03103009067,14301.27520489399
20698.0,41823.0,2454.0,3532.0,6271,6437,9670.0,9952,26940.0,26521.0,8166.0,9157.0,183.6,0,-136608.57886582016,9045.005888992637
115008.0,179982.0,8436.0,14507.0,635,794,0.0,35,98870.0,93388.0,75316.0,72541.0,183.6,0,-21256.18167799327,-49070.62242138922
12572.0,25908.0,3927.0,6901.0,3010,2979,4211.0,4445,10381.0,10677.0,924.0,2065.0,183.7,0,-152083.92360625628,21804.87407279511
3444.0,13771.0,1052.0,2742.0,1988,3922,2664.0,4794,6302.0,10658.0,1333.0,2299.0,183.8,0,-158746.47627335368,20947.152684762543
19415.0,41712.0,1493.0,2883.0,3095,3565,8164.0,8562,19847.0,20357.0,4194.0,6887.0,183.8,0,-143747.4828900728,13638.331656876246
4814.0,12527.0,1217.0,3331.0,2670,2785,3664.0,4158,10310.0,11495.0,2564.0,2674.0,183.9,0,-155355.9062300562,18570.96754882414
35983.0,58320.0,21405.0,32653.0,35,102,159.0,63,55170.0,54711.0,36387.0,39874.0,184.0,0,-86659.79172997209,-4225.735487854097
4523.0,10770.0,2483.0,5478.0,4782,5533,6055.0,7044,14892.0,16629.0,1415.0,2149.0,184.1,0,-152772.18354990298,17523.62191783722
61267.0,90812.0,19579.0,31430.0,1087,820,359.0,281,63822.0,55910.0,62023.0,54536.0,184.3,0,-60508.63272742921,-18917.89998976078
6133.0,15380.0,2408.0,4582.0,4640,4947,6152.0,6633,15334.0,15984.0,2671.0,2155.0,184.3,0,-151476.13411892176,16931.609204144428
1212.0,7541.0,420.0,2420.0,643,1137,781.0,1652,1745.0,3967.0,2379.0,5031.0,184.7,0,-161415.37805627802,22003.485535664004
9119.0,21887.0,166.0,2281.0,8770,9348,11587.0,12383,24518.0,26332.0,2178.0,4917.0,184.7,0,-146487.5303191608,10331.148038886333
5777.0,15730.0,3010.0,4811.0,1736,1507,2140.0,2059,6663.0,5749.0,577.0,985.0,184.7,0,-157217.2749970513,22850.352943701608
10706.0,20160.0,1369.0,3526.0,2165,2146,3203.0,3447,8731.0,8861.0,2534.0,2333.0,184.8,0,-154324.8709423435,20027.908327243425
2849.0,10259.0,1021.0,2837.0,2247,2779,2988.0,3889,6295.0,8401.0,193.0,1008.0,184.9,0,-159704.65848804766,21443.42905257292
28720.0,45439.0,3287.0,4878.0,8907,8772,10883.0,10763,27360.0,25821.0,6961.0,5542.0,184.9,0,-134473.16993562187,10971.999749462808
19256.0,36068.0,5204.0,7099.0,0,0,84.0,27,27755.0,26185.0,16473.0,23108.0,185.0,0,-128819.50864698172,5848.695037607016
19635.0,30614.0,2482.0,3731.0,8652,9588,11070.0,11322,26046.0,25332.0,1628.0,4372.0,185.0,0,-141248.8306175168,12318.355935305346
86518.0,135621.0,11576.0,19726.0,124,254,269.0,124,69756.0,59634.0,54563.0,45365.0,185.0,0,-58872.21240315905,-22532.643730794924
1611.0,9494.0,42.0,764.0,101,0,165.0,112,1846.0,3983.0,907.0,1681.0,185.1,0,-162711.82620400446,22646.930182290267
3019.0,11980.0,257.0,1283.0,204,99,55.0,0,2089.0,4482.0,5612.0,9849.0,185.1,-1,-158429.0168128712,20078.041061793185
477048.0,626823.0,88040.0,137273.0,1057,1058,0.0,7,693791.0,571109.0,227966.0,225873.0,185.1,3,567660.3323454929,-352183.92105566064
1651.0,7749.0,521.0,2183.0,2782,4094,3548.0,5341,8439.0,12802.0,1067.0,1615.0,185.1,0,-158688.2128676803,19453.127444975136
4085.0,15608.0,2969.0,6153.0,2588,4164,3245.0,5136,7526.0,11129.0,2134.0,1472.0,185.2,0,-156499.93513826022,21649.323571219487
2301.0,10926.0,0.0,3492.0,844,2050,810.0,2706,2028.0,6359.0,430.0,619.0,185.2,0,-162812.2976548467,22879.80347688565
5912.0,16365.0,906.0,3158.0,4113,4276,5434.0,5819,13281.0,14877.0,174.0,1323.0,185.2,0,-154867.5098854894,17816.021310170952
4082.0,15815.0,755.0,2330.0,686,763,2038.0,2696,5561.0,6975.0,1579.0,2303.0,185.3,0,-159019.79966723823,21077.35298034213
47668.0,65443.0,4075.0,4793.0,870,411,228.0,92,40400.0,36634.0,36641.0,30110.0,185.3,0,-102879.62586505766,-7330.428329263152
3817.0,14920.0,2398.0,4644.0,3481,4283,4561.0,5576,12251.0,14587.0,1027.0,2500.0,185.4,0,-154636.86949516047,18893.726090443888
15283.0,33403.0,2909.0,6761.0,3693,4218,5045.0,5468,14161.0,15429.0,3078.0,3723.0,185.5,0,-148443.35328234168,18265.748436331625
7065.0,16211.0,1816.0,3417.0,3200,3440,4691.0,4803,13094.0,13704.0,1783.0,1854.0,185.5,0,-153236.0232091089,18080.828203482604
924.0,5734.0,441.0,3112.0,1211,3128,1741.0,4747,4194.0,11158.0,953.0,1835.0,185.5,0,-161341.93488129292,21610.269414216487
8741.0,11206.0,0.0,1531.0,1825,1859,3036.0,2991,6910.0,7074.0,1798.0,1692.0,185.6,0,-157222.50010869215,20147.924288254188
32311.0,45997.0,9669.0,14514.0,397,214,118.0,106,37360.0,34417.0,33736.0,27976.0,185.6,0,-107888.06496062769,-1338.0957324964074
2997.0,9734.0,990.0,2921.0,2763,4107,3620.0,5384,8254.0,11690.0,430.0,1981.0,185.7,0,-158312.1803724223,20169.70891529899
4194.0,13730.0,466.0,1684.0,6622,7528,7852.0,9435,15175.0,17363.0,919.0,3546.0,185.7,0,-153890.61792017246,15792.693194284271
4445.0,13985.0,1515.0,5402.0,2382,3068,3317.0,4123,7981.0,9873.0,465.0,1578.0,185.7,0,-157743.66175352232,20866.14911422415
11619.0,32725.0,5118.0,12131.0,4104,4760,5666.0,6007,12960.0,13267.0,1459.0,3175.0,185.8,0,-149814.39634261295,20930.34813741116
3691.0,9142.0,1002.0,2571.0,1604,2857,2285.0,4457,6338.0,11226.0,1644.0,1971.0,185.8,0,-158592.27999880048,20849.036650964237
3898.0,7956.0,3194.0,4562.0,4351,4887,5884.0,6481,12762.0,14422.0,2435.0,3314.0,185.9,0,-153062.74077862882,18653.87589567773
22523.0,27183.0,3675.0,7301.0,5673,6077,8692.0,8848,22253.0,21374.0,3969.0,8267.0,185.9,0,-139985.36571377263,14135.077093911414
102076.0,144016.0,6462.0,8512.0,620,244,316.0,198,93327.0,85152.0,87097.0,71096.0,185.9,0,-24456.078243610827,-52282.40451491913
2301.0,11125.0,0.0,701.0,82,93,259.0,148,5832.0,5135.0,1643.0,1909.0,186.0,0,-159932.09684399772,20255.89064150828
551515.0,695106.0,55329.0,83326.0,1040,1142,509.0,246,611122.0,486043.0,242279.0,217963.0,186.0,3,531725.4564688061,-330862.06503035844
8820.0,23992.0,1891.0,2550.0,3342,3641,4268.0,4302,12177.0,12610.0,1720.0,2372.0,186.0,0,-153076.48532943995,18709.190881904276
34007.0,54559.0,3800.0,5095.0,336,386,261.0,173,38733.0,36116.0,18893.0,26046.0,186.0,0,-117224.05619700128,-1206.4023706600638
73821.0,114265.0,7400.0,14182.0,56,258,42.0,138,41147.0,36474.0,29946.0,26240.0,186.0,0,-95864.82823966748,-484.9879876376981
8680.0,24034.0,2107.0,4952.0,4018,5377,5497.0,6747,15892.0,18901.0,1357.0,2193.0,186.1,0,-151131.29787791634,17022.772921870637
1517.0,4168.0,66.0,1290.0,559,730,493.0,1253,1375.0,4053.0,360.0,705.0,186.1,0,-163405.33177576467,23230.79597846077
1240.0,6061.0,468.0,1745.0,79,22,70.0,0,2985.0,4089.0,17619.0,33592.0,186.1,-1,-148771.39338196447,12315.701863906252
1849.0,3663.0,94.0,1287.0,0,0,81.0,98,52132.0,68103.0,127200.0,85617.0,186.1,0,-62188.37479470794,-57920.44413741535
785.0,4830.0,58.0,690.0,161,39,92.0,0,7795.0,13565.0,25532.0,43681.0,186.1,-1,-141121.04429319972,5354.20982527703
12367.0,15323.0,784.0,2111.0,17,142,0.0,93,52492.0,37910.0,535774.0,598594.0,186.1,0,218112.07426953045,-264298.21370285336
2102560.0,2006790.0,234611.0,186415.0,7366,4502,1694.0,972,10014500.0,6033460.0,6249700.0,3821920.0,186.1,1,9723369.465650177,-7613394.611683479
42790.0,66661.0,15370.0,25453.0,0,60,0.0,0,41783.0,37226.0,32725.0,32728.0,186.1,-1,-98366.25832349088,1066.1173050046418
1829270.0,1246040.0,3013280.0,2421550.0,5776,2397,1605.0,519,504546.0,372015.0,365025.0,241910.0,186.1,3,2691619.9836588926,2026008.7407201529
281539.0,397656.0,21388.0,30470.0,599,689,70.0,200,147813.0,132218.0,124416.0,114420.0,186.2,0,96703.88951552866,-75145.19574382177
65710.0,93775.0,25018.0,36833.0,346,245,307.0,163,77948.0,68184.0,74047.0,56749.0,186.2,0,-42137.83014661,-26322.713399337525
82789.0,128842.0,8060.0,10720.0,933,761,393.0,176,82459.0,76323.0,59346.0,61635.0,186.3,0,-50119.782534171885,-36146.78804095583
10158.0,18229.0,2749.0,5032.0,2322,1925,3042.0,3243,7802.0,7568.0,3049.0,3088.0,186.4,0,-153831.7273798354,21257.27951242411
8015.0,19703.0,1570.0,3972.0,3871,4335,4334.0,4487,12347.0,12627.0,2552.0,2344.0,186.4,0,-153049.58792670388,18043.969709901947
19368.0,24609.0,3881.0,5430.0,4903,5269,5914.0,6237,17027.0,17299.0,3580.0,3489.0,186.4,0,-144775.2425581954,17647.379386108907
47101.0,76220.0,10726.0,17522.0,231,144,526.0,196,59209.0,52194.0,29297.0,43287.0,186.4,0,-89850.51802391678,-11794.69862421274
3189.0,11213.0,228.0,1325.0,2912,3844,3842.0,4993,8689.0,11166.0,0.0,118.0,186.5,0,-158977.1772893722,19776.156314293847
19281.0,44413.0,2434.0,5134.0,8191,8222,11191.0,11551,28956.0,30664.0,3064.0,6355.0,186.5,0,-138780.59862477012,9940.65034021404
8803.0,12970.0,2700.0,3614.0,2866,3017,3714.0,3858,8214.0,8303.0,1404.0,1685.0,186.5,0,-155062.56323448324,21643.5165605649
631736.0,881150.0,110058.0,162513.0,2941,2531,27302.0,25028,242667.0,201786.0,201827.0,165144.0,186.6,0,358363.5177623253,-65137.95564377041
5317.0,21393.0,2583.0,5021.0,2712,3017,3430.0,4013,9212.0,10789.0,2430.0,2354.0,186.6,0,-155111.58225294246,20324.23965615105
137644.0,208231.0,16839.0,28837.0,1118,558,179.0,107,52650.0,48625.0,44808.0,41721.0,186.6,0,-53940.14596801442,-1793.393642425417
2409.0,13103.0,1840.0,8831.0,192,153,185.0,79,2300.0,5255.0,10710.0,27516.0,186.6,0,-152189.85557110963,16959.946626478035
33877.0,47930.0,7890.0,12295.0,0,101,139.0,73,40017.0,36677.0,21301.0,28874.0,186.6,0,-112544.7655201917,7.978034050323913
9738.0,12945.0,2118.0,4733.0,3182,3497,4343.0,4172,10195.0,10091.0,1774.0,3068.0,186.9,0,-153600.26549295575,19895.58973383525
43663.0,68452.0,4523.0,7710.0,288,177,190.0,177,39324.0,36573.0,36197.0,31668.0,186.9,0,-104434.27252258736,-6786.546497280655
23493.0,40937.0,2866.0,3936.0,7325,7769,9269.0,9950,23026.0,23944.0,2511.0,4047.0,187.0,0,-141113.11837749687,14261.40713309054
14309.0,21607.0,2430.0,5039.0,4299,4443,5840.0,5765,12603.0,11991.0,3330.0,3378.0,187.0,0,-149839.5473725604,18630.524425522213
148084.0,223327.0,85561.0,132895.0,9203,9262,11068.0,11032,30930.0,30114.0,5275.0,5669.0,187.0,0,-46335.10170565735,81069.4626104638
44101.0,66722.0,11736.0,19351.0,101,157,61.0,39,57268.0,53387.0,36775.0,37948.0,187.1,0,-88761.82706755828,-11950.40529063667
4455.0,10048.0,1750.0,3151.0,4228,4000,6140.0,6220,15981.0,16674.0,1220.0,2541.0,187.1,0,-152649.4289916342,16385.641327057987
3433.0,8768.0,1167.0,2329.0,2740,3215,4006.0,4429,8046.0,8791.0,437.0,2072.0,187.3,0,-158163.10978749156,20433.12302341873
13405.0,28415.0,2506.0,4690.0,6733,6879,8471.0,8728,18859.0,17965.0,1986.0,5155.0,187.3,0,-146922.72965900632,15480.826129274346
59200.0,76300.0,3000.0,3753.0,777,320,0.0,113,64088.0,59810.0,52619.0,42792.0,187.4,0,-77174.6551054562,-27051.07258756851
37408.0,58203.0,19431.0,30235.0,369,210,0.0,39,34180.0,32571.0,23527.0,25451.0,187.5,0,-107380.2372554088,11910.721835574192
5879.0,14551.0,3125.0,5277.0,4970,5317,5793.0,6310,13960.0,14903.0,1012.0,2279.0,187.6,0,-152636.5251322206,18728.617780927096
8565.0,19736.0,3386.0,4275.0,6145,6472,7565.0,7736,21678.0,21266.0,7613.0,5206.0,187.7,0,-143798.71612061857,12398.773360952136
6885.0,11401.0,666.0,1556.0,6237,6846,8793.0,9518,3935.0,3979.0,1114.0,1356.0,187.7,0,-159411.85396722102,22404.15685635482
1317.0,5666.0,781.0,3763.0,1197,2046,1602.0,2844,3791.0,6266.0,448.0,1287.0,187.7,0,-161564.96859751758,22358.22521428398
45244.0,64639.0,28278.0,44269.0,18481,18899,1974.0,1704,65279.0,58291.0,50474.0,39829.0,187.7,0,-67474.55280084598,-8307.91660883667
144481.0,211013.0,7597.0,13083.0,481,321,203.0,136,171504.0,153279.0,61251.0,68972.0,187.8,0,20784.938946623355,-81223.01179080515
8710.0,21334.0,2698.0,5342.0,5076,4928,5762.0,6018,15320.0,15633.0,2021.0,2864.0,187.8,0,-150662.81579763172,17471.080662337823
13638.0,24368.0,3826.0,4748.0,6884,6801,10101.0,10349,22028.0,21847.0,2899.0,3226.0,187.9,0,-144220.97345521318,14772.248108445336
9470.0,10691.0,2452.0,4699.0,4901,5388,6264.0,7224,16623.0,18243.0,1737.0,4084.0,187.9,0,-149764.6616953463,16566.220562114555
93087.0,141586.0,11495.0,17523.0,366,190,165.0,160,56664.0,51301.0,60164.0,49851.0,188.0,0,-60702.92909237431,-17580.12493518128
36512.0,56214.0,3563.0,6512.0,242,166,121.0,89,51181.0,47103.0,33480.0,29000.0,188.0,0,-102447.29830673174,-13124.156035885591
9299.0,18709.0,1254.0,3048.0,5837,6191,8455.0,9191,21294.0,23692.0,2145.0,4360.0,188.0,0,-147699.7303677461,12972.402425413771
10794.0,16819.0,611.0,1664.0,5263,5672,7694.0,8284,19336.0,19945.0,2110.0,4339.0,188.0,0,-148707.01610597182,13655.613285202164
25241.0,43037.0,3151.0,5636.0,6337,6328,9122.0,9235,27391.0,26430.0,2888.0,5539.0,188.0,0,-137543.94381155926,11932.978896657414
21594.0,21107.0,2241.0,5048.0,6132,5780,8329.0,7690,19939.0,18368.0,3495.0,2915.0,188.1,0,-143547.00776365606,15122.83560383642
12409.0,17808.0,2250.0,4324.0,2942,2769,4631.0,4920,13740.0,14469.0,4572.0,5265.0,188.2,0,-149038.46508671704,17059.618760316
3209.0,14371.0,1491.0,4073.0,1934,2241,2877.0,3496,7034.0,9057.0,570.0,1202.0,188.2,0,-158697.10017485998,21278.03586757269
65165.0,80021.0,3501.0,5341.0,249,138,664.0,275,45272.0,40361.0,41419.0,36110.0,188.4,0,-91681.2496006313,-11496.07435093404
27403.0,59149.0,15883.0,24474.0,1595,1421,3737.0,3771,10207.0,11425.0,1997.0,4055.0,188.4,0,-139526.8810875032,31453.581793890284
1186.0,7218.0,791.0,4426.0,660,1625,778.0,2179,2084.0,6235.0,199.0,405.0,188.4,0,-162815.45202213447,23473.456268470218
5940.0,11703.0,1647.0,4826.0,4192,4778,5297.0,5563,13352.0,13168.0,3200.0,2761.0,188.4,0,-152740.11964580175,17137.20926267282
29659.0,18977.0,128334.0,60603.0,315,268,954.0,237,88916.0,21817.0,58971.0,12755.0,188.5,0,-1068.2966563442023,54800.77395271336
5540740.0,2383120.0,8524170.0,16777200.0,47434,13851,12323.0,3196,3308980.0,1168720.0,2793400.0,978197.0,188.5,2,9936124.297934812,4081294.574176707
104425.0,152169.0,16538.0,25495.0,780,773,654.0,243,109510.0,102209.0,90008.0,96971.0,188.5,0,-3011.512885892007,-57698.60941742412
75733.0,116987.0,23235.0,34324.0,556,206,216.0,119,79719.0,71493.0,61009.0,55578.0,188.5,0,-45205.0162892567,-23380.07062388661
81380.0,119061.0,6919.0,10007.0,182,119,460.0,194,70351.0,62901.0,56222.0,50217.0,188.6,0,-61345.76338211482,-28004.915385397857
10115.0,19846.0,1344.0,2158.0,6126,6797,8215.0,9215,20631.0,22881.0,2587.0,3777.0,188.6,0,-147647.32870155116,13392.8798914699
8220.0,17294.0,3484.0,5220.0,6080,6152,6958.0,7242,16264.0,15985.0,1752.0,2172.0,188.6,0,-150069.26631658577,17717.49944766805
14533.0,30741.0,5807.0,8458.0,3153,3131,4596.0,4710,11458.0,10878.0,2391.0,4084.0,188.7,0,-148723.9887258735,22034.815906067728
52141.0,64924.0,5745.0,8329.0,86,240,141.0,114,56921.0,50388.0,53914.0,45207.0,188.8,0,-80772.08131622322,-22426.48318652472
6949.0,12079.0,1489.0,4058.0,2895,2658,3288.0,3441,7962.0,7634.0,1342.0,1937.0,188.8,0,-156498.6132329882,20704.70520112836
46414.0,66883.0,13603.0,19990.0,686,434,112.0,127,37021.0,33584.0,29687.0,27589.0,188.8,0,-103157.50427665772,4289.295048869491
39050.0,57099.0,3184.0,4828.0,384,192,392.0,206,54403.0,46130.0,39887.0,34657.0,189.0,0,-96150.47484910623,-17866.744656269606
4859.0,14340.0,1416.0,4749.0,4080,5009,4991.0,5978,12682.0,15627.0,1191.0,3046.0,189.0,0,-154471.9625136898,17866.51520095024
10824.0,21755.0,1397.0,4713.0,4665,5518,6776.0,7650,17629.0,18495.0,2500.0,3440.0,189.0,0,-149156.13945214,15162.504981346434
9251.0,26745.0,1714.0,4434.0,4493,4599,6100.0,6188,16420.0,16962.0,0.0,2512.0,189.0,0,-151455.6097304097,16892.603994020566
434028.0,552978.0,45751.0,63136.0,1181,643,6776.0,5770,205964.0,164291.0,201620.0,145565.0,189.0,0,233122.48692555472,-106358.58770134152
2901.0,8244.0,2209.0,5397.0,1327,1534,2057.0,2240,5778.0,6962.0,1018.0,1413.0,189.1,0,-158827.92055379253,22291.910843414764
31917.0,52144.0,7092.0,10339.0,8643,8863,9863.0,10180,26490.0,26402.0,4676.0,4843.0,189.1,0,-132856.23971833315,15424.675140744324
16494.0,31100.0,3179.0,7507.0,10098,10019,13559.0,13970,35985.0,34611.0,4536.0,6345.0,189.2,0,-134656.69157247778,6056.591434710888
25291.0,38547.0,9774.0,17398.0,294,220,234.0,113,38005.0,37299.0,16181.0,30183.0,189.4,0,-117431.49154733052,3394.348911606532
11744.0,31282.0,1500.0,2874.0,4309,4357,6264.0,6201,15842.0,17034.0,3060.0,3838.0,189.5,0,-149464.83689516367,16022.956910241865
7187.0,14191.0,2188.0,3784.0,3002,3194,3727.0,4161,11113.0,12712.0,2804.0,3063.0,189.5,0,-153397.80635808196,18924.007421518047
51250.0,79274.0,7315.0,11407.0,1395,1170,441.0,229,54065.0,49953.0,38458.0,36531.0,189.5,0,-90315.01005655082,-13415.79477627336
5190.0,11637.0,1534.0,4762.0,2534,2590,3757.0,4023,9841.0,10545.0,1579.0,1746.0,189.5,0,-155920.84572936638,19547.59014738906
5987.0,20655.0,2480.0,6515.0,2860,3666,3520.0,4015,9556.0,11446.0,1790.0,3159.0,189.5,0,-154923.18713365876,20212.614038946645
11112.0,20653.0,3189.0,5545.0,7349,7634,8568.0,8969,19304.0,19673.0,2073.0,3989.0,189.6,0,-147165.84077308312,15727.303118220168
3458.0,10053.0,1393.0,4633.0,2594,3128,3242.0,4051,7993.0,9863.0,1419.0,2659.0,189.7,0,-157499.92558318668,20225.993055938303
679.0,3356.0,290.0,1519.0,189,164,196.0,114,1179.0,4711.0,7592.0,17681.0,189.7,0,-157405.91699127035,18664.217071897216
50026.0,96074.0,23937.0,42450.0,674,515,196.0,104,59762.0,58142.0,39329.0,49190.0,189.7,0,-75161.21120249918,-5986.940926515508
10296.0,23875.0,1986.0,4564.0,5449,5978,7073.0,7402,15951.0,16489.0,989.0,3030.0,189.7,0,-150668.37992604147,17032.263411539836
2713.0,9398.0,803.0,2365.0,2962,3435,4274.0,4794,9754.0,11275.0,767.0,1889.0,189.8,0,-157542.30754739602,19105.117858577207
276318.0,350246.0,11782.0,16428.0,1278,728,5358.0,5197,151081.0,128737.0,122986.0,107120.0,189.8,0,89262.1282589713,-83086.8529433668
29593.0,48985.0,2054.0,3732.0,183,174,144.0,64,41366.0,39537.0,28073.0,29180.0,189.9,0,-113448.4236988823,-7762.512767934575
79656.0,130121.0,13461.0,23977.0,447,296,58.0,119,45918.0,40400.0,36785.0,36200.0,189.9,0,-82909.18979226387,-1659.5964313895092
8372.0,14217.0,1519.0,3305.0,4529,5345,4943.0,6280,11597.0,13938.0,0.0,1633.0,189.9,0,-154674.02070515958,19383.98901348368
5529.0,18136.0,890.0,2735.0,4115,4536,5691.0,6185,13460.0,14683.0,1372.0,3104.0,189.9,0,-154042.4728747703,17032.274010470755
11252.0,16276.0,1011.0,2020.0,5567,5823,6896.0,7411,17656.0,16673.0,2508.0,3586.0,190.0,0,-149199.4569057327,14867.866109526649
39756.0,54528.0,5053.0,9367.0,137,135,731.0,201,52189.0,45705.0,50595.0,39685.0,190.2,0,-90247.00751830536,-19469.819047557557
156329.0,217308.0,45449.0,73943.0,710,262,261.0,183,204243.0,170334.0,77431.0,68100.0,190.3,0,72373.68650308266,-74347.49107167771
19732.0,26026.0,1440.0,3024.0,8668,9044,10669.0,11166,27665.0,27259.0,3893.0,5192.0,190.3,0,-139754.48507056537,9799.53656556561
8644.0,16563.0,3891.0,5977.0,8767,9310,8849.0,8618,20158.0,20132.0,1538.0,2520.0,190.3,0,-147562.64344561662,16008.986800689372
59437.0,88936.0,21832.0,34275.0,267,307,98.0,95,70866.0,65676.0,49042.0,58605.0,190.4,0,-61154.603639722496,-17374.29726421018
14630.0,17118.0,1531.0,2933.0,4809,4442,5868.0,5832,16005.0,14157.0,1093.0,1508.0,190.4,0,-149735.84529101197,17156.85268755591
23330.0,31441.0,4708.0,7686.0,0,189,503.0,227,20501.0,22138.0,3791.0,10129.0,190.4,0,-139888.87667883627,15689.39169754144
73703.0,104905.0,7381.0,11132.0,148,280,482.0,159,65572.0,55811.0,39060.0,38718.0,190.5,0,-76060.68900824609,-18359.111713853752
4435.0,13715.0,1144.0,2644.0,3084,4002,4347.0,5390,10297.0,13081.0,2745.0,2885.0,190.5,0,-155404.9753188752,18406.49699848955
10448.0,18664.0,2077.0,3859.0,6449,7191,7897.0,8174,17867.0,18630.0,1921.0,2830.0,190.6,0,-149105.03838404748,15810.093910221314
17672.0,22481.0,2588.0,6250.0,3988,4143,6481.0,6892,16197.0,16578.0,1204.0,3067.0,190.6,0,-147712.17993586962,17826.28151547778
78215.0,112639.0,12510.0,19875.0,596,235,96.0,62,84551.0,77944.0,73863.0,68030.0,190.7,0,-40014.78085090303,-39945.78895295396
3803.0,10658.0,2538.0,6690.0,3063,3842,3999.0,5048,8897.0,10390.0,0.0,777.0,190.7,0,-157185.77488573734,21375.09664845452
112719.0,170569.0,16300.0,26370.0,565,398,314.0,141,102872.0,91334.0,76837.0,65586.0,190.8,0,-15621.372259776952,-44939.97716376752
3744.0,9707.0,0.0,1011.0,116,107,98.0,42,3675.0,4044.0,7835.0,10442.0,190.8,0,-156344.65656545595,18268.12684995064
1114.0,3833.0,0.0,235.0,91,0,52.0,0,23143.0,29071.0,24631.0,27233.0,190.8,-1,-135799.76367528067,-284.4525887755444
1435.0,6126.0,0.0,0.0,263,263,52.0,0,12290.0,18935.0,5871.0,7745.0,190.8,-1,-153688.48488020024,14510.545734866606
7336.0,11577.0,60.0,1225.0,387,152,0.0,61,8447.0,5063.0,19883.0,7968.0,190.8,0,-147389.67202500836,12371.961970934002
1713160.0,1080230.0,628036.0,217210.0,10116,3774,501.0,507,3071260.0,1639670.0,2031590.0,883427.0,190.8,3,3542395.1104887133,-1813400.3894884384
70254.0,100686.0,16818.0,26735.0,293,222,234.0,112,60077.0,55544.0,47222.0,40216.0,190.8,0,-70610.77858628659,-11422.408105750634
356681.0,498382.0,60135.0,92910.0,1057,864,0.0,156,277191.0,233846.0,146903.0,125408.0,190.8,0,227522.00480567364,-118351.86649586854
150037.0,217226.0,54721.0,83916.0,527,516,0.0,31,92990.0,81774.0,67504.0,61362.0,190.8,0,8565.361424664676,-3962.2363952967935
1576.0,5496.0,307.0,1239.0,264,237,141.0,122,5153.0,5210.0,836.0,695.0,191.0,0,-160938.5840249683,21237.336206082997
332079.0,409386.0,94209.0,139608.0,1757,1317,204.0,219,387038.0,324799.0,178103.0,160035.0,191.0,0,320853.3659802821,-168314.30865803297
28152.0,43073.0,6356.0,11191.0,405,333,295.0,205,23361.0,21596.0,16865.0,21249.0,191.0,0,-127851.84825653216,9874.226244795278
14252.0,22692.0,1931.0,4594.0,3917,3766,6257.0,6254,15599.0,15224.0,2920.0,3005.0,191.0,0,-148749.0645631116,16829.45645786768
3562.0,10280.0,369.0,2351.0,152,38,122.0,8,4339.0,4109.0,1381.0,1416.0,191.1,0,-160340.7236571395,21586.413632231903
375806.0,480705.0,176588.0,267798.0,1016,998,62.0,97,328482.0,280592.0,170061.0,146182.0,191.1,0,345093.37952160893,-66468.34315670177
137544.0,207707.0,28192.0,41115.0,759,306,134.0,66,246631.0,196833.0,87486.0,75196.0,191.1,0,85445.70327392677,-115898.61563253123
4119.0,17347.0,1429.0,3125.0,3678,4904,4356.0,5473,11158.0,15765.0,1723.0,3415.0,191.1,0,-155239.21743716695,18406.689151474937
49730.0,72795.0,6790.0,9856.0,622,612,280.0,160,44722.0,42009.0,34137.0,32916.0,191.2,0,-98895.8554684966,-6988.42935384161
19174.0,34188.0,2444.0,6141.0,5846,5875,8351.0,8534,21183.0,20650.0,2981.0,2881.0,191.3,0,-143758.969497665,14604.204832859476
3517.0,8461.0,4998.0,9062.0,0,13,0.0,0,5043.0,4187.0,1184.0,887.0,191.3,-1,-157412.75386102428,24861.508248981463
1058360.0,811109.0,1569350.0,1755120.0,5187,3208,1082.0,587,500827.0,368418.0,198789.0,144576.0,191.3,3,1495535.6836495749,941645.701794264
6116.0,15348.0,466.0,3118.0,300,188,0.0,0,8813.0,8254.0,4718.0,3813.0,191.4,-1,-155040.81505527472,18009.22201262364
663.0,2401.0,236.0,3083.0,154,117,89.0,0,5018.0,7494.0,760.0,1844.0,191.4,-1,-161186.83332722532,21050.319734023866
455641.0,586573.0,72150.0,98663.0,1459,1155,452.0,184,740340.0,592039.0,279634.0,224544.0,191.4,3,600732.0689035329,-407764.9041666351
13653.0,24918.0,999.0,4826.0,7940,8014,10949.0,10468,25769.0,25783.0,6880.0,4459.0,191.5,0,-141765.57775073856,9131.54667744762
13422.0,22291.0,3603.0,6655.0,4058,4130,6172.0,6259,17731.0,17959.0,4896.0,3485.0,191.6,0,-145854.53128453466,16173.73316437897
12710.0,19043.0,7652.0,13167.0,192,160,225.0,127,23136.0,23140.0,15676.0,15767.0,191.6,0,-133653.64883942297,10985.502406092835
2596.0,11392.0,442.0,2340.0,1667,2362,2332.0,3358,5622.0,8350.0,442.0,1520.0,191.6,0,-160301.48366751484,21187.57385842984
46422.0,77875.0,14849.0,22664.0,320,343,0.0,62,51637.0,48363.0,20956.0,41644.0,191.6,0,-95946.10483859804,-1656.0005256083168
1992.0,6036.0,715.0,3010.0,1979,5630,2676.0,6769,5045.0,12821.0,2637.0,2959.0,191.7,0,-159392.57013858994,20729.83499023986
1430.0,8544.0,423.0,2312.0,2981,6725,3651.0,8022,6879.0,15413.0,0.0,94.0,191.7,0,-160431.6361381192,20765.58702485603
185963.0,265413.0,24253.0,36767.0,201,321,0.0,127,167141.0,138649.0,81597.0,73795.0,191.8,0,51723.9994485793,-70559.26991023813
54085.0,84410.0,3872.0,6896.0,426,201,305.0,195,59883.0,51376.0,55713.0,45114.0,191.9,0,-78802.40998948827,-25873.72627185148
429402.0,587406.0,54603.0,66009.0,20194,18778,37471.0,36453,83583.0,78368.0,52289.0,49537.0,191.9,0,84030.37267237258,28689.71759013142
31265.0,40033.0,5731.0,9061.0,3170,3639,7893.0,8035,19869.0,19760.0,7490.0,8680.0,191.9,0,-135603.05768595095,16388.748401650173
1995.0,6288.0,1239.0,4534.0,1013,2412,1318.0,3090,3348.0,7600.0,1255.0,1481.0,192.0,0,-160918.05351348696,22698.10706073632
150118.0,223291.0,7866.0,12687.0,512,488,466.0,209,87537.0,80397.0,79822.0,60648.0,192.0,0,-16563.838089562923,-40643.38987834226
570375.0,788089.0,335203.0,483216.0,2423,1824,433.0,278,273050.0,232229.0,117604.0,110592.0,192.0,0,440319.6118389134,120742.09947830637
4457.0,14476.0,1649.0,4238.0,2326,2562,3310.0,3780,8313.0,9573.0,1991.0,2268.0,192.0,0,-156655.60885684317,20187.369221618905
19415.0,32513.0,5336.0,7825.0,5772,5337,7495.0,7475,21744.0,21361.0,5127.0,4771.0,192.2,0,-140351.05734675738,15542.243728364338
168599.0,242728.0,20447.0,31210.0,505,375,105.0,116,102722.0,88801.0,83711.0,72776.0,192.2,0,9072.69333840473,-40817.32051711493
27676.0,48658.0,3822.0,9189.0,59,186,46.0,95,28839.0,27641.0,13118.0,27815.0,192.2,0,-127073.59979057415,5304.15979760034
6884.0,20990.0,1611.0,4141.0,2664,3296,3323.0,4106,8342.0,10421.0,1527.0,2196.0,192.2,0,-156108.2949335702,20490.331608221757
36670.0,65672.0,10038.0,16827.0,276,168,11.0,94,51265.0,48594.0,33039.0,36141.0,192.2,0,-97500.69021403205,-9087.911143172612
7976.0,13639.0,3170.0,5460.0,7319,8214,8723.0,9168,18107.0,19369.0,2421.0,4153.0,192.3,0,-148656.38818255658,15980.51567219243
7631.0,10990.0,3831.0,5732.0,3748,3404,4978.0,5018,14595.0,14390.0,3932.0,3481.0,192.3,0,-149760.90826228712,17912.160834317496
64899.0,98821.0,14413.0,21114.0,889,669,0.0,51,64896.0,59431.0,47771.0,55228.0,192.3,0,-68252.78612886246,-18510.77928879253
7916.0,12640.0,2030.0,4442.0,4945,5303,7019.0,7348,16543.0,16943.0,1451.0,2924.0,192.4,0,-150885.8021593622,16429.645794201213
8247.0,12208.0,887.0,1423.0,2956,2820,3930.0,3546,8474.0,8803.0,1444.0,1219.0,192.5,0,-156229.36536516395,20137.00703105161
29136.0,47089.0,11310.0,16774.0,92,104,130.0,97,34507.0,31169.0,26113.0,24782.0,192.5,0,-113576.74211056752,4177.246667398122
4683.0,13965.0,957.0,2361.0,2923,3526,3566.0,4387,7795.0,9150.0,592.0,834.0,192.5,0,-158166.47369139382,20623.87938592064
40754.0,61368.0,3403.0,7093.0,361,194,311.0,130,41882.0,41049.0,27562.0,28985.0,192.5,0,-109053.32890817829,-5980.630169659751
2305.0,6634.0,3994.0,8607.0,252,173,103.0,39,6111.0,6138.0,1308.0,1352.0,192.6,0,-157665.5226659914,23332.6273281254
2282.0,8108.0,3259.0,7712.0,130,66,106.0,0,3892.0,4896.0,857.0,875.0,192.6,-1,-159625.38541988542,24174.559674150176
1091100.0,1059000.0,2247080.0,1909380.0,3416,1505,859.0,445,474727.0,388715.0,306679.0,229894.0,192.6,3,1956521.0448116204,1425423.793595102
29804.0,52484.0,6246.0,11575.0,551,470,302.0,158,55162.0,55282.0,23267.0,38550.0,192.7,0,-103876.34344928982,-11659.470410856666
64018.0,95569.0,6310.0,11645.0,363,228,0.0,3,71620.0,67381.0,51080.0,56934.0,192.9,0,-67789.83600081364,-29676.48560354938
3050.0,6264.0,1309.0,3023.0,2244,3452,2983.0,4403,7622.0,10284.0,2634.0,2172.0,193.0,0,-157411.39024676106,19993.04209761472
11818.0,18894.0,2708.0,6196.0,4990,5423,7413.0,7682,17298.0,18306.0,2737.0,5593.0,193.0,0,-147763.97633474338,16032.302197709843
38494.0,49358.0,4905.0,4629.0,0,107,0.0,0,44037.0,39032.0,37582.0,33569.0,193.0,-1,-102299.853899701,-10144.968064691551
13619.0,23047.0,3865.0,6243.0,1966,1846,4698.0,4872,13136.0,13456.0,6085.0,6032.0,193.0,0,-147204.76441129745,18086.535679929217
7564.0,14735.0,2229.0,4267.0,2992,3240,3946.0,4072,10446.0,10650.0,1406.0,1406.0,193.0,0,-154549.72348359367,20036.731633266874
5620.0,18093.0,2168.0,4967.0,2231,4477,2781.0,5200,6924.0,13457.0,2613.0,2752.0,193.1,0,-156376.00988650933,21137.699566262338
2995.0,18725.0,611.0,3858.0,1414,4023,1873.0,4923,5009.0,13600.0,0.0,0.0,193.1,0,-160879.32534733726,22032.301089500776
85608.0,125225.0,5383.0,7273.0,297,142,71.0,52,71759.0,65401.0,48493.0,46958.0,193.1,0,-64239.82390077728,-26585.88180529253
15665.0,29095.0,1958.0,3708.0,5987,6412,8535.0,9122,24362.0,25175.0,2800.0,4358.0,193.1,0,-143242.2931044256,12124.389323630036
20223.0,18199.0,2550.0,3844.0,8248,8850,10850.0,10686,23753.0,22325.0,2529.0,2516.0,193.2,0,-142193.89298236146,13600.116019768822
580208.0,439235.0,237800.0,234392.0,8321,6796,7375.0,6983,332224.0,199305.0,167931.0,96223.0,193.2,0,439398.5501260069,1076.7322931611343
1904.0,9839.0,271.0,1668.0,140,50,65.0,0,3302.0,4074.0,5728.0,7441.0,193.3,-1,-158467.4985434705,19654.16171579351
2523.0,5623.0,96.0,1351.0,91,34,54.0,50,22815.0,18008.0,6976.0,9187.0,193.3,0,-146704.0127717188,8462.36851482998
3404.0,9730.0,617.0,2304.0,192,142,98.0,54,7227.0,10210.0,2908.0,2608.0,193.3,0,-157739.03761742,19542.898028908006
2336.0,6692.0,72.0,845.0,71,84,171.0,48,4502.0,5542.0,29540.0,38046.0,193.3,0,-141556.6283704392,6702.194152335109
481133.0,450496.0,98288.0,130154.0,1700,1372,256.0,377,1553760.0,1083530.0,747013.0,508952.0,193.3,3,1338471.5376076552,-1016582.7198986068
1445.0,5882.0,127.0,892.0,161,65,70.0,0,2587.0,4190.0,2099.0,2524.0,193.3,-1,-161611.33818226313,21787.3987765724
3456.0,13954.0,2880.0,6972.0,4400,4962,5372.0,6288,13710.0,16359.0,2824.0,4165.0,193.3,0,-152541.40834388178,17626.432086957208
11249.0,18442.0,2636.0,3097.0,5781,5097,7398.0,7692,19208.0,19114.0,3356.0,3775.0,193.3,0,-146956.307382838,14964.72286939812
22022.0,32038.0,2190.0,4978.0,10120,10820,12876.0,13341,27926.0,27896.0,3872.0,4393.0,193.4,0,-138568.21871357167,10527.084309659826
2132.0,11142.0,542.0,2232.0,1393,2999,1962.0,4441,4556.0,9922.0,1077.0,2106.0,193.4,0,-160589.61648800166,21505.362658905226
1554.0,4037.0,166.0,2392.0,1182,2751,1722.0,4234,3731.0,9202.0,808.0,1172.0,193.4,0,-161739.26300113575,21837.04929860818
6239.0,18686.0,1616.0,3739.0,3970,4375,4813.0,5350,11852.0,12641.0,2780.0,2540.0,193.4,0,-153725.698603958,18108.49466695718
3579.0,14273.0,993.0,3924.0,2441,3490,3081.0,4328,6776.0,9919.0,0.0,241.0,193.4,0,-159440.5882132714,21391.54867520452
3519.0,12132.0,1481.0,4134.0,3304,4423,4170.0,5684,11372.0,15493.0,925.0,1416.0,193.5,0,-155995.3340994217,18829.696766499448
8286.0,13209.0,526.0,2471.0,1625,2275,2651.0,3358,6703.0,7978.0,1097.0,1697.0,193.6,0,-157495.9005511102,20855.728185305696
7088.0,11765.0,738.0,2677.0,3599,4177,4865.0,5927,11807.0,13852.0,83.0,1640.0,193.6,0,-155395.76305426843,18548.90273695136
35078.0,49861.0,11524.0,18107.0,508,550,0.0,12,47824.0,42471.0,31372.0,25817.0,193.7,0,-101575.8084138132,-4236.009839343151
22289.0,35691.0,2422.0,4795.0,5938,5571,8322.0,8332,20849.0,18984.0,5626.0,6091.0,193.7,0,-141187.41167549073,13671.994572467398
4723.0,9246.0,2161.0,3623.0,5169,5176,5537.0,5996,10078.0,10270.0,1667.0,2174.0,193.7,0,-155440.39640822273,19785.94510300521
972.0,6172.0,187.0,2222.0,179,167,178.0,88,1384.0,5032.0,7044.0,20213.0,193.7,0,-157077.37829551,18325.913698334465
60275.0,99189.0,25801.0,42276.0,68,65,99.0,65,63307.0,59105.0,44758.0,45424.0,193.7,0,-66958.45364332432,-6981.332049641831
65652.0,99067.0,7873.0,12826.0,846,893,24.0,56,63273.0,57980.0,45002.0,48015.0,193.7,0,-75288.57626033832,-20627.77693810005
3791.0,18961.0,346.0,1590.0,2380,3796,2887.0,4315,8172.0,12844.0,938.0,1506.0,193.7,0,-158334.14281287193,19679.26026525606
43401.0,67805.0,12160.0,18387.0,70,237,19.0,94,50641.0,47801.0,40744.0,42762.0,193.8,0,-89746.41703355339,-10124.326977369834
85957.0,107878.0,18125.0,22592.0,967,770,654.0,281,65858.0,58433.0,63949.0,51711.0,193.8,0,-51919.06215661041,-19511.56165387541
14372.0,24246.0,2617.0,3885.0,3419,3662,5130.0,5057,14016.0,14044.0,2634.0,3803.0,193.8,0,-149180.1162739003,18188.32860613997
942.0,5561.0,0.0,1413.0,2109,3485,2790.0,4687,4587.0,7822.0,0.0,204.0,193.8,0,-162092.53955657428,21615.143653035462
810.0,4575.0,0.0,0.0,130,0,165.0,49,2384.0,4195.0,3771.0,7438.0,193.9,0,-160387.98879609743,20510.359778830483
1728.0,4657.0,113.0,716.0,26,0,146.0,13,5275.0,8953.0,34943.0,78083.0,193.9,0,-131937.9584274175,-1121.6875754500834
734340.0,841055.0,257246.0,408810.0,1268,1155,278.0,159,1334620.0,1030800.0,431833.0,365458.0,193.9,3,1222568.2253202708,-634700.9688569353
14167.0,24098.0,6576.0,7899.0,3750,3565,5086.0,4984,11279.0,10594.0,3063.0,2231.0,194.1,0,-148490.81921732647,22726.629141098965
7808.0,18421.0,1481.0,2933.0,4275,4039,5679.0,6070,13161.0,13520.0,2952.0,2890.0,194.1,0,-152435.58700049788,17317.829603954055
67478.0,89406.0,4442.0,7032.0,711,480,373.0,268,69793.0,62333.0,67337.0,57704.0,194.2,0,-61169.17882629462,-35366.36408288179
6270.0,13474.0,1532.0,3518.0,6322,7612,7859.0,9190,4194.0,4326.0,1517.0,991.0,194.3,0,-158832.80974327377,22795.15523034656
5695.0,12991.0,2186.0,4542.0,4040,4378,4669.0,4997,12535.0,13767.0,1533.0,2411.0,194.3,0,-153782.3150295837,18568.001658667315
40991.0,73731.0,6469.0,11375.0,119,216,62.0,93,54133.0,49163.0,35341.0,43266.0,194.3,0,-94354.39207099854,-14775.28040313856
1208.0,4025.0,460.0,2302.0,1541,2648,1949.0,3561,4931.0,8635.0,1260.0,2732.0,194.4,0,-160534.71976193474,21025.462357442197
924.0,4511.0,0.0,624.0,1045,2402,1110.0,3199,3041.0,7994.0,124.0,367.0,194.4,0,-162876.44883661313,22372.310075500434
4329.0,10224.0,1179.0,2711.0,3421,3997,3711.0,4378,9843.0,10881.0,173.0,840.0,194.4,0,-157205.72702551188,19810.31171143085
1017.0,3421.0,0.0,1652.0,97,83,139.0,141,2418.0,6771.0,17057.0,32898.0,194.5,0,-149810.6614875747,12532.098819618292
82871.0,121451.0,11705.0,17536.0,20,110,201.0,82,90179.0,80554.0,55237.0,58953.0,194.5,0,-46026.72348804747,-35767.6945833161
542985.0,589157.0,177630.0,269365.0,1963,1656,0.0,142,1125290.0,872847.0,403663.0,344078.0,194.6,3,981693.1797321172,-585095.7760623924
4653.0,9608.0,1704.0,4715.0,1238,1354,1946.0,2127,5598.0,5981.0,1964.0,1693.0,194.7,0,-158180.60218534575,21781.602318745816
918.0,4314.0,973.0,3165.0,1576,2269,2436.0,3596,6813.0,10473.0,865.0,2075.0,194.7,0,-159577.0592605344,20609.38142943057
14945.0,17530.0,2907.0,4207.0,4765,4930,5585.0,5633,15120.0,14193.0,3396.0,3774.0,194.8,0,-147861.72082522744,17617.82471498898
13954.0,32602.0,3113.0,5644.0,5851,5803,7577.0,7621,17415.0,17797.0,3482.0,2683.0,194.8,0,-146927.14277364296,16600.91203128222
1478.0,3588.0,2107.0,4570.0,792,1540,1119.0,2363,3256.0,6142.0,1328.0,1989.0,194.8,0,-160502.25670875222,23272.073127204472
45441.0,64281.0,6507.0,9610.0,468,245,261.0,81,45205.0,42148.0,31062.0,34386.0,195.0,0,-101337.01227482554,-6967.732629944112
48484.0,60388.0,5777.0,8155.0,213,158,436.0,143,36249.0,31631.0,38637.0,30948.0,195.1,0,-102846.5257620212,-4536.542192807832
499431.0,705081.0,40862.0,56327.0,1867,1528,800.0,344,256526.0,205169.0,158958.0,124490.0,195.1,0,255893.56352655523,-115130.96644249314
53671.0,89264.0,13380.0,18483.0,460,285,194.0,70,72779.0,65566.0,50711.0,50215.0,195.1,0,-67611.69934938867,-24634.212023939028
43472.0,68942.0,5623.0,9506.0,6247,5965,9558.0,9091,27105.0,25336.0,8080.0,5531.0,195.1,0,-128001.29864077384,13604.637414431538
285516.0,386169.0,97414.0,141584.0,5453,4565,504.0,771,132225.0,117827.0,112625.0,97944.0,195.1,0,126050.9703113526,-2469.13359117891
2864.0,8777.0,593.0,2606.0,2700,3863,3356.0,5134,8202.0,11194.0,1844.0,2926.0,195.1,0,-157805.34781456456,19283.54698833199
882.0,4755.0,164.0,2161.0,886,2647,1349.0,4213,3296.0,9123.0,763.0,2658.0,195.1,0,-161964.31564252742,21823.80918212571
15057.0,26001.0,2595.0,5129.0,6898,7738,9014.0,9656,25274.0,25602.0,4159.0,5259.0,195.2,0,-141770.78589682642,11501.616622411226
7257.0,11399.0,2246.0,5149.0,4634,4474,5991.0,6023,16027.0,15659.0,2610.0,2105.0,195.2,0,-150865.0932680841,16548.705358740437
187905.0,251213.0,24019.0,36160.0,1486,721,0.0,61,119128.0,99397.0,106962.0,74135.0,195.2,0,37402.23657662593,-53352.578149156885
20650.0,35391.0,2434.0,4595.0,5631,5992,8232.0,8507,22109.0,22157.0,3175.0,5086.0,195.2,0,-142312.44615891864,13837.278402397684
18287.0,26512.0,2543.0,3776.0,7832,8391,10502.0,10678,25911.0,25563.0,6529.0,4652.0,195.2,0,-139418.04619637583,10664.787016914754
3300.0,9313.0,2537.0,5141.0,1842,2358,2615.0,3208,7015.0,9444.0,918.0,1286.0,195.2,0,-157886.38586810775,21962.24020705612
97134.0,155449.0,6274.0,9095.0,542,474,545.0,210,76568.0,71384.0,58078.0,62549.0,195.3,0,-50260.93212505576,-32985.4348882411
5421.0,7476.0,2801.0,5143.0,7627,7041,7913.0,7912,15386.0,13129.0,1900.0,1747.0,195.3,0,-151852.87750429034,17476.81664673183
152103.0,222300.0,41825.0,63196.0,363,181,0.0,151,188756.0,156130.0,78880.0,68116.0,195.3,0,60978.17280504841,-69611.25881222868
5387.0,12521.0,2396.0,3929.0,4052,4329,4995.0,5066,9891.0,10349.0,305.0,1635.0,195.3,0,-155917.73199186244,20636.899835887474
55712.0,83002.0,8745.0,14194.0,70,128,0.0,54,43218.0,40718.0,25493.0,30349.0,195.3,0,-101079.8925531129,-1021.4483454133916
5752.0,12939.0,1196.0,3209.0,3644,4393,4252.0,5012,11486.0,13216.0,2102.0,2896.0,195.4,0,-154586.49793906623,18122.625638379555
3115.0,8802.0,279.0,1431.0,635,1384,599.0,1536,1668.0,4083.0,155.0,481.0,195.4,0,-162737.13289188177,23455.165808546284
2050.0,9702.0,470.0,1909.0,1306,2068,1584.0,2343,4173.0,6639.0,513.0,659.0,195.5,0,-161379.81281812032,22038.892908554248
26038.0,37117.0,8211.0,12335.0,3171,2680,6181.0,6058,16568.0,16077.0,5485.0,4264.0,195.6,0,-139325.73591441257,20933.85477381281
68344.0,104623.0,9926.0,15410.0,651,352,199.0,75,75715.0,69326.0,70217.0,56586.0,195.6,0,-53239.91808262108,-35104.78977661304
39744.0,64218.0,9550.0,13964.0,0,128,33.0,95,66303.0,60517.0,39104.0,38213.0,195.6,0,-85335.70358397209,-19586.857471028557
22925.0,44209.0,1515.0,4264.0,6688,6871,9760.0,9731,22183.0,22434.0,2433.0,5070.0,195.6,0,-142421.8385643931,13523.272770345806
80012.0,119378.0,29553.0,49222.0,0,219,146.0,104,66714.0,60646.0,54180.0,51439.0,195.7,0,-51151.26900309591,-8449.240080126703
28407.0,30430.0,2713.0,3412.0,3762,3855,4921.0,5399,15685.0,15185.0,5167.0,3402.0,195.7,0,-142598.8638786257,17633.671438650937
2459.0,8327.0,1114.0,3590.0,1873,2086,3280.0,3759,7656.0,9174.0,126.0,1019.0,195.7,0,-159051.7665837966,20775.21451577909
13050.0,21274.0,2154.0,4224.0,1598,1535,4189.0,4336,10033.0,10376.0,1649.0,2407.0,195.8,0,-152783.8709927769,20383.9247193995
51133.0,85794.0,8272.0,12409.0,143,72,225.0,131,47407.0,45680.0,31072.0,33746.0,195.8,0,-97356.5692070378,-6294.742657632258
4489.0,14955.0,1211.0,2700.0,2797,3471,3500.0,4563,8800.0,10824.0,1968.0,2184.0,195.9,0,-156657.55575979262,19617.728367716285
14223.0,27355.0,4444.0,7834.0,5226,4949,7690.0,7774,21676.0,21554.0,5105.0,6875.0,195.9,0,-142232.04833285173,14222.71253946758
5472.0,12153.0,1423.0,3269.0,1437,3251,1846.0,4612,3861.0,9173.0,1477.0,1673.0,195.9,0,-159272.04434347994,22724.847240229425
12295.0,26085.0,2538.0,4542.0,4937,4798,6488.0,6791,15848.0,15403.0,3254.0,4378.0,196.0,0,-148486.17462858657,16712.954753146525
10041.0,27918.0,1702.0,4310.0,3861,4348,5060.0,5322,14362.0,15377.0,2154.0,4868.0,196.0,0,-150955.60276853802,16996.180412411624
133875.0,205651.0,15364.0,24828.0,623,255,150.0,166,72080.0,70923.0,56711.0,55429.0,196.1,0,-37437.78290122071,-19474.320828736723
3839.0,13573.0,3465.0,9138.0,5613,6816,6214.0,7372,14013.0,15975.0,1600.0,3365.0,196.1,0,-152599.76100281352,18461.91133039088
53744.0,83489.0,22715.0,37653.0,290,180,139.0,78,64807.0,59566.0,43207.0,42427.0,196.2,0,-71275.86521829777,-9683.120195477575
36698.0,60187.0,10967.0,19015.0,322,256,471.0,183,41862.0,39256.0,31066.0,35680.0,196.2,0,-103130.77839738666,-2624.7420322216094
51642.0,72583.0,10996.0,17805.0,6875,6319,16588.0,16602,37135.0,37252.0,10273.0,12212.0,196.3,0,-114480.82373569292,11270.242905085068
462283.0,615347.0,65247.0,95178.0,1396,870,0.0,32,251300.0,208540.0,141490.0,119570.0,196.3,0,246601.95898854625,-90087.33220537916
9966.0,19557.0,1723.0,3006.0,2041,1898,4725.0,5220,13978.0,15781.0,1752.0,4331.0,196.4,0,-151465.0509927575,17412.161611636948
46437.0,75929.0,18255.0,25147.0,864,417,556.0,302,26943.0,24208.0,20272.0,22765.0,196.5,0,-111139.71677386704,17026.73169953419
47289.0,72807.0,24974.0,40086.0,426,374,80.0,74,65402.0,59343.0,57306.0,48700.0,196.6,0,-64108.393374716674,-14328.449580512255
3447.0,6137.0,1342.0,3538.0,4025,4653,5456.0,5988,13466.0,15095.0,488.0,2123.0,196.6,0,-155016.48969537503,17647.340209400703
74677.0,114152.0,8656.0,12825.0,379,455,187.0,84,127197.0,110945.0,38322.0,41007.0,196.7,0,-40854.60324256748,-50387.19379909132
1107.0,3696.0,4171.0,10505.0,239,135,181.0,60,3760.0,4991.0,1292.0,1976.0,196.7,0,-159145.7529035403,24554.334757178764
1688010.0,1792790.0,1461900.0,1861560.0,4358,2923,1019.0,710,422832.0,347249.0,229632.0,170088.0,196.7,3,1609451.8034850983,935014.8437149128
102895.0,146271.0,25317.0,38049.0,88,111,134.0,74,65664.0,57762.0,58046.0,47238.0,196.8,0,-45834.76216665994,-10091.426725987389
9761.0,18917.0,3120.0,7147.0,5449,6632,6292.0,7046,18949.0,20520.0,1711.0,3634.0,196.8,0,-148076.89432508807,15924.493130828114
3927.0,15643.0,1254.0,4319.0,3766,4868,5034.0,5976,12121.0,15118.0,994.0,1659.0,196.9,0,-155506.98828723858,18232.027402682663
480360.0,619316.0,46271.0,66602.0,3493,3104,93.0,222,742122.0,571297.0,298113.0,231251.0,197.1,3,604024.8133928899,-433608.4562381231
64782.0,83852.0,10852.0,16200.0,155,223,406.0,175,61205.0,56657.0,51945.0,47395.0,197.2,0,-71859.85763011411,-19544.40393565352
6093.0,13187.0,128.0,1407.0,5640,6884,5787.0,6789,11886.0,13702.0,823.0,1524.0,197.2,0,-155700.4877645047,17748.669001059345
762.0,3800.0,1122.0,5901.0,663,1559,942.0,2210,2791.0,6336.0,82.0,166.0,197.2,0,-162459.3050007589,23387.12058681543
8059.0,16180.0,1910.0,3712.0,2391,2416,4296.0,4388,10085.0,9825.0,1897.0,2279.0,197.3,0,-154404.6331333993,19736.548649102777
121291.0,182203.0,8548.0,15042.0,560,669,741.0,208,81725.0,72413.0,63665.0,65678.0,197.3,0,-35203.306798243124,-34504.91857466502
20443.0,30470.0,1925.0,3856.0,8332,8775,12971.0,13450,30626.0,31945.0,6537.0,5862.0,197.3,0,-136264.5940849516,7662.557093871816
39517.0,66871.0,51029.0,83595.0,11240,11882,14462.0,15133,39370.0,40112.0,7972.0,8077.0,197.3,0,-95230.43613122877,40958.75425695329
74975.0,114146.0,17011.0,25510.0,317,211,563.0,229,86309.0,77728.0,61306.0,62883.0,197.3,0,-44091.01680230479,-32817.71476148176
3212.0,7872.0,1047.0,5340.0,1769,2075,2063.0,2439,6824.0,8453.0,614.0,756.0,197.3,0,-159133.5414884105,21100.08955861664
8526.0,11152.0,3311.0,4351.0,4453,4498,6545.0,6776,16154.0,16619.0,2455.0,2864.0,197.3,0,-149698.88667244223,17329.685748809832
2768.0,10456.0,959.0,3405.0,1398,2331,1687.0,2794,4616.0,7054.0,568.0,1183.0,197.4,0,-160499.54212512457,22135.971915780014
4996.0,8038.0,1931.0,2905.0,3544,3657,4359.0,4515,11273.0,11219.0,1844.0,2427.0,197.4,0,-154711.94335135614,18889.65605151401
2055.0,10646.0,0.0,1508.0,773,2599,739.0,2739,1803.0,6432.0,226.0,237.0,197.5,0,-163175.68225185203,23102.73814041438
10947.0,22391.0,3304.0,5874.0,1718,1710,3488.0,3272,9814.0,9679.0,3259.0,3944.0,197.7,0,-151895.35389915048,20468.564167713037
198709.0,289865.0,19675.0,29134.0,183,133,400.0,282,171940.0,145675.0,66949.0,66623.0,197.7,0,47781.49242378186,-69785.39493727303
5314.0,8195.0,854.0,3459.0,206,98,0.0,0,5846.0,4195.0,2034.0,1797.0,197.7,-1,-158292.70378389762,21007.51864516077
437165.0,566809.0,190966.0,279655.0,1450,1244,0.0,79,454029.0,376932.0,197178.0,167207.0,197.7,0,458824.2587313147,-130119.9381613202
4771.0,8236.0,1316.0,2253.0,3799,5666,4700.0,7012,12566.0,20268.0,0.0,769.0,197.8,0,-155564.89789324702,18558.858244046365
188593.0,234736.0,73919.0,103348.0,24112,22979,22208.0,20762,28236.0,24751.0,13638.0,10296.0,197.8,0,-36979.1507498118,73339.47494581756
1683.0,8530.0,310.0,3209.0,83,0,141.0,62,2637.0,5070.0,2692.0,4666.0,197.8,0,-160758.03724095214,21421.82993054969
625809.0,752153.0,131803.0,194975.0,1603,1122,79.0,268,1187610.0,930378.0,372110.0,311802.0,197.8,3,995566.2036792156,-632105.5345669343
6776.0,11297.0,1467.0,2381.0,3034,3116,4154.0,4307,10948.0,11325.0,1763.0,2379.0,197.9,0,-154643.02980551423,18875.321936032185
13693.0,20680.0,4660.0,8894.0,4518,4228,6153.0,5631,19285.0,18285.0,3718.0,3062.0,197.9,0,-144896.9323507118,16618.0722875197
42068.0,57821.0,5829.0,7634.0,436,205,655.0,234,44301.0,41511.0,34478.0,36230.0,198.0,0,-101428.39745100998,-8644.292211875272
43767.0,67773.0,31962.0,49580.0,584,294,0.0,73,67057.0,61678.0,58411.0,49284.0,198.1,0,-59582.66472783894,-10614.554912918094
2935.0,9187.0,1543.0,2818.0,3247,3508,4106.0,4615,8854.0,9885.0,1497.0,1445.0,198.1,0,-157270.64540641257,19986.989352915647
3479.0,11332.0,1179.0,2576.0,1507,2161,2388.0,3926,5292.0,8912.0,828.0,923.0,198.1,0,-159690.29022183327,21945.03099466656
90387.0,136947.0,38792.0,61142.0,67,125,213.0,89,98414.0,90614.0,77159.0,75286.0,198.2,0,-10145.89516354748,-28593.59282459823
2051490.0,1325350.0,4040810.0,3049040.0,23444,9205,5653.0,2078,398004.0,255624.0,274830.0,154100.0,198.3,3,3254732.0869110543,2923033.896202933
31902.0,53348.0,6176.0,11268.0,5650,5934,8297.0,8572,22242.0,21837.0,3800.0,6417.0,198.3,0,-135901.11296503124,17058.315995404395
6364.0,23149.0,1747.0,4824.0,5120,6381,5127.0,6313,12040.0,13756.0,1707.0,2050.0,198.3,0,-154077.43738600478,18547.261228977764
3087.0,15912.0,171.0,2507.0,668,2635,807.0,2635,2197.0,6610.0,28.0,141.0,198.3,0,-162633.60838820515,23177.67491855548
7832.0,12303.0,1539.0,3138.0,2886,2862,3513.0,3553,9289.0,9136.0,2242.0,1850.0,198.4,0,-155051.54428466555,19811.39343004651
217711.0,323642.0,50911.0,71081.0,732,738,222.0,182,145764.0,116788.0,93173.0,70896.0,198.4,0,70678.77104098804,-39913.57957192363
38347.0,63927.0,2622.0,4711.0,450,227,286.0,180,38126.0,33371.0,28083.0,27281.0,198.4,0,-112416.757614916,-4677.546690962819
68572.0,100872.0,19817.0,31751.0,104,338,522.0,149,49662.0,46840.0,41127.0,36284.0,198.4,0,-78622.20911222098,-1118.046979220686
5335.0,17327.0,1182.0,3408.0,7793,10238,6901.0,9181,14891.0,19569.0,1280.0,2823.0,198.4,0,-153213.84060467978,16560.933710111298
28603.0,49170.0,21851.0,36716.0,1852,1463,4306.0,3960,11924.0,11202.0,3796.0,3767.0,198.5,0,-133883.0112702451,34604.17204951868
118188.0,176860.0,99711.0,150663.0,6287,6453,13161.0,13433,32670.0,31566.0,12993.0,11555.0,198.5,0,-42039.34960469819,85255.89732210309
52886.0,80218.0,3173.0,5466.0,20,247,0.0,27,37750.0,34284.0,24993.0,25014.0,198.5,0,-109450.61626180066,-1628.212858696228
5912.0,14767.0,1900.0,4277.0,1800,2013,2317.0,2630,6358.0,7047.0,769.0,2051.0,198.5,0,-157726.61759829472,21967.476452556937
11958.0,30928.0,22950.0,41624.0,1570,1758,4322.0,4735,10313.0,10575.0,3846.0,4291.0,198.6,0,-139351.9962279915,34965.75896340307
4262.0,11198.0,2689.0,6187.0,4372,5428,6092.0,7359,17388.0,20732.0,848.0,2285.0,198.6,0,-151592.9839330957,16491.653636661944
55985.0,103204.0,18646.0,32852.0,459,305,196.0,61,41572.0,37537.0,18025.0,26317.0,198.6,0,-100182.1210896374,10452.98933570795
3698.0,13576.0,1455.0,3729.0,2187,2516,2625.0,3010,8100.0,9635.0,1026.0,1418.0,198.7,0,-157724.26088005907,20535.92694069496
11353.0,16670.0,2966.0,3436.0,3573,3760,4968.0,5030,14376.0,15186.0,2064.0,3415.0,198.7,0,-150072.15648332678,18279.364150150937
897.0,2972.0,1120.0,3397.0,282,217,250.0,217,6064.0,8586.0,244.0,329.0,198.7,0,-160507.25398477117,21564.701498883616
525767.0,650737.0,48671.0,66932.0,1429,1007,200.0,130,672301.0,519638.0,293283.0,225030.0,198.7,3,578087.0159654974,-388537.95472205017
21479.0,34386.0,2198.0,4362.0,17666,16886,19995.0,19944,41317.0,38549.0,5105.0,5964.0,198.7,0,-130446.44435802865,2729.8483016422288
3138.0,9816.0,815.0,2508.0,2554,2911,3441.0,4300,7718.0,9444.0,878.0,2023.0,198.7,0,-158454.46469346105,20178.50400127892
1499.0,6423.0,573.0,2292.0,1248,2799,1502.0,3973,4087.0,10043.0,1754.0,2688.0,198.8,0,-160623.55200280636,21425.61142751221
85237.0,136753.0,9365.0,16964.0,312,195,0.0,77,33353.0,30482.0,22312.0,20304.0,198.8,0,-99888.22779583556,9403.51577602574
362320.0,499000.0,47845.0,69437.0,2166,1833,314.0,291,239381.0,203590.0,176923.0,141459.0,198.8,0,217746.01917795665,-119240.38962096258
9657.0,17039.0,3537.0,5117.0,4067,4014,5604.0,5839,14311.0,14417.0,4349.0,3711.0,198.8,0,-149207.528422231,17823.19252135561
431903.0,541269.0,38018.0,48563.0,2817,2499,19800.0,16389,220463.0,164261.0,193962.0,122734.0,198.9,0,228479.11988372175,-114411.1873917038
9824.0,19649.0,10213.0,19968.0,1517,1311,3414.0,3299,7499.0,7636.0,2259.0,1924.0,198.9,0,-150261.06910604925,27489.4360823234
136035.0,210216.0,35314.0,55074.0,318,216,136.0,153,104574.0,93782.0,90315.0,81652.0,198.9,0,13004.301136427675,-36380.979888556176
4182.0,24454.0,1005.0,4737.0,3059,5679,3560.0,6294,6932.0,11979.0,431.0,844.0,199.0,0,-158848.11459722192,21137.69905129068
335858.0,462131.0,105665.0,147965.0,4702,4049,619.0,332,164195.0,141284.0,77522.0,71988.0,199.0,0,144126.88593936255,5739.866413684507
14808.0,30587.0,3628.0,7598.0,3784,3936,4722.0,4876,14928.0,14761.0,2982.0,3108.0,199.1,0,-147896.697560447,18484.3539618558
1644.0,8113.0,0.0,0.0,86,0,193.0,107,4775.0,8221.0,4186.0,7093.0,199.2,0,-158666.01669211066,19202.70314704784
274421.0,253770.0,35247.0,33666.0,1568,1312,400.0,148,1035650.0,586836.0,480468.0,241982.0,199.2,3,779671.0098702903,-676651.5044217429
2035.0,6828.0,2073.0,5939.0,1780,2391,2612.0,4033,6576.0,10206.0,688.0,1048.0,199.4,0,-158956.32753546053,21859.39482515248
1241.0,4741.0,2305.0,7996.0,974,1566,1453.0,2557,3238.0,5393.0,602.0,695.0,199.4,0,-161026.36725226598,23837.595347834937
1777.0,5530.0,367.0,1361.0,2112,2529,3175.0,3714,8663.0,10167.0,123.0,675.0,199.5,0,-159214.7671767754,19667.45350352812
7390.0,13800.0,1378.0,2489.0,2047,1764,3152.0,2943,8955.0,8250.0,1611.0,1568.0,199.6,0,-155816.554586417,20079.85573955372
7290.0,11033.0,2221.0,4506.0,4182,4086,4928.0,4989,14547.0,13570.0,5278.0,4056.0,199.6,0,-150127.9025123492,16163.026435313186
5465.0,9307.0,758.0,2392.0,2470,2682,3551.0,3631,10812.0,10941.0,2066.0,2498.0,199.6,0,-155401.43120319527,18191.099946547485
38579.0,65283.0,5843.0,11051.0,539,294,140.0,137,51980.0,49528.0,35683.0,36458.0,199.6,0,-97698.18910324146,-13438.054724986694
13215.0,12953.0,2530.0,4319.0,8230,8634,8587.0,8641,19101.0,16541.0,3019.0,3114.0,199.6,0,-146703.7898652115,15304.67627358443
190380.0,296832.0,7448.0,9305.0,764,430,0.0,14,145559.0,121219.0,88871.0,72309.0,199.7,0,34369.522186846734,-73652.69383978719
39492.0,55877.0,3591.0,6045.0,483,283,62.0,67,48892.0,43760.0,39704.0,34407.0,199.7,0,-98944.07596272152,-14477.35676019844
1224.0,6906.0,1057.0,3847.0,1819,3581,2244.0,4762,5142.0,11154.0,0.0,512.0,199.8,0,-161019.90036204172,22097.963466344645
7345.0,16304.0,2461.0,5283.0,3340,3692,3844.0,4399,11133.0,12301.0,2345.0,2762.0,199.8,0,-153436.26484925477,19328.836561652468
90613.0,146017.0,12594.0,21800.0,218,249,346.0,110,56858.0,48701.0,37197.0,36406.0,199.8,0,-73630.59425115808,-7523.360596735001
4596.0,17036.0,2082.0,5041.0,2690,3241,3812.0,4684,8564.0,10369.0,605.0,2116.0,199.8,0,-156878.3984057154,20876.02086976311
49441.0,73103.0,17728.0,27861.0,270,244,0.0,7,74243.0,70183.0,59615.0,56479.0,199.8,0,-60412.06375284369,-26264.91698032836
30626.0,51236.0,14393.0,26970.0,58,78,19.0,46,36468.0,33803.0,25643.0,30466.0,199.9,0,-109433.177016495,4942.98773199915
6148.0,14728.0,2530.0,5954.0,2917,2923,3399.0,3341,8228.0,8653.0,317.0,1699.0,199.9,0,-156505.96075175842,21667.57167901662
32118.0,55983.0,11181.0,22011.0,1247,1018,147.0,165,40708.0,38666.0,30688.0,30006.0,200.0,0,-106257.0041137989,-1263.1973465128103
36639.0,57485.0,3311.0,6943.0,450,495,343.0,125,51527.0,47154.0,43601.0,35940.0,200.1,0,-96507.88636179686,-17823.720591456702
11311.0,23334.0,2799.0,5671.0,4453,5019,5698.0,5919,16358.0,17025.0,4468.0,5467.0,200.1,0,-147622.8795820646,16006.60330373764
1283.0,8042.0,446.0,2366.0,505,1078,718.0,1962,1580.0,4825.0,896.0,1562.0,200.1,0,-162748.0084302257,23094.18909880115
1115.0,5930.0,751.0,2476.0,1363,1950,2013.0,3228,5308.0,8801.0,106.0,457.0,200.1,0,-161106.84257695,21738.626514337477
2865.0,9736.0,1114.0,3573.0,2655,3188,4123.0,5272,10159.0,12701.0,1561.0,1891.0,200.2,0,-156721.07290003914,18870.484705544583
8074.0,16438.0,657.0,2567.0,3517,3918,4416.0,5126,11550.0,13440.0,1409.0,1739.0,200.3,0,-154642.8751263282,18243.860118941564
4596.0,9340.0,1385.0,3583.0,762,1598,995.0,2315,3142.0,6738.0,1055.0,1133.0,200.3,0,-160264.99881397324,23227.83662325726
83080.0,126448.0,12441.0,16397.0,729,302,169.0,80,60074.0,52186.0,45392.0,38439.0,200.4,0,-70231.8314765033,-12929.719837041564
3422.0,12302.0,1107.0,2946.0,4616,7604,4801.0,7433,10316.0,14468.0,214.0,1307.0,200.5,0,-157171.2828990483,19361.33651857627
5694.0,10477.0,1386.0,2419.0,1387,5027,1892.0,5371,3833.0,9261.0,323.0,817.0,200.5,0,-159916.96236295058,23231.224132708925
40168.0,60973.0,4215.0,7683.0,393,180,0.0,0,55374.0,49434.0,45835.0,39088.0,200.5,-1,-91148.80561166447,-20129.221204252022
14345.0,22016.0,2567.0,3153.0,7907,8188,10240.0,10204,23503.0,23475.0,4153.0,4085.0,200.6,0,-143192.78296613815,12546.48632014674
13389.0,24507.0,1730.0,3518.0,5250,5096,6323.0,6578,17418.0,17948.0,3248.0,2643.0,200.6,0,-148044.11091967265,15586.14199013674
7305.0,13844.0,2447.0,5117.0,6178,6788,6596.0,7010,16913.0,18326.0,3683.0,2687.0,200.6,0,-149638.9761146863,15800.171955403372
1886900.0,1288760.0,7269530.0,5578510.0,17700,7594,4401.0,1912,10483600.0,4698980.0,7489310.0,3124230.0,200.8,1,14523092.479408037,-2847663.105504001
30950.0,42312.0,11566.0,15642.0,586,472,0.0,73,45352.0,41283.0,27557.0,26615.0,200.8,0,-105863.11668150984,-2033.0812405020297
12392.0,23323.0,3427.0,5738.0,5435,5651,7331.0,7766,20041.0,20500.0,5135.0,4187.0,200.9,0,-144772.44644170467,14555.13139366026
55652.0,79952.0,17920.0,26072.0,0,28,0.0,95,66346.0,59579.0,48843.0,46209.0,201.0,0,-69401.88570623304,-16411.967337816925
15160.0,33528.0,791.0,2324.0,3158,3416,4693.0,4821,13401.0,13365.0,2681.0,3672.0,201.0,0,-150349.64311907365,17190.039648561768
92086.0,133514.0,10057.0,14502.0,0,163,140.0,96,102672.0,88920.0,44063.0,44403.0,201.0,0,-44781.08059013974,-37272.69203282936
9241.0,14790.0,1196.0,3852.0,3395,3072,4451.0,4460,9831.0,8704.0,1932.0,1721.0,201.1,0,-154663.29564277924,19489.449602620287
120379.0,178472.0,25806.0,40940.0,393,202,469.0,189,73231.0,67099.0,58701.0,51948.0,201.1,0,-34639.39713787015,-13338.462467412764
116265.0,186237.0,5371.0,9521.0,628,305,624.0,240,157530.0,131551.0,51524.0,63696.0,201.1,0,-2697.4624990129087,-73573.12478530325
41769.0,72258.0,3524.0,4310.0,1813,1943,304.0,176,42924.0,40505.0,43452.0,39784.0,201.1,0,-98898.54136786627,-13153.504396004437
2580.0,10465.0,1295.0,3348.0,1791,2518,2325.0,3256,4876.0,7123.0,538.0,1446.0,201.1,0,-160183.08697962656,22213.2164920237
75561.0,110936.0,21413.0,32765.0,334,165,228.0,94,76460.0,65178.0,63303.0,51823.0,201.4,0,-47728.10909255895,-23270.78608524212
17177.0,26423.0,2023.0,3604.0,3627,3549,6604.0,6722,18344.0,18886.0,1619.0,3790.0,201.4,0,-146703.13544316875,15969.52390086666
31434.0,54800.0,11859.0,17691.0,541,381,2.0,68,49175.0,42873.0,36278.0,31473.0,201.5,0,-98567.8110683182,-7398.264028052865
10757.0,24885.0,2621.0,5282.0,9476,9942,11028.0,11780,30511.0,30792.0,3233.0,4069.0,201.6,0,-140854.07413308328,8882.234387502353
72635.0,108948.0,24608.0,38633.0,246,274,717.0,250,62310.0,54333.0,49730.0,41437.0,201.6,0,-62641.45059554557,-7522.940837480146
7250.0,15258.0,3003.0,4486.0,4001,3969,5192.0,5573,14098.0,15359.0,317.0,3920.0,201.7,0,-152236.3051822625,18661.24034089852
37462.0,50718.0,10161.0,16636.0,408,244,149.0,78,40338.0,38098.0,23708.0,25633.0,201.7,0,-109320.5392620902,1486.0639759122823
7798.0,14489.0,267.0,2590.0,9513,9994,10501.0,11239,19721.0,21218.0,4018.0,2932.0,201.7,0,-148997.4330606172,12547.294517568356
252116.0,356363.0,22825.0,35575.0,598,255,0.0,0,210303.0,182354.0,115616.0,95368.0,201.8,-1,115336.57234259017,-104197.04320832247
9472.0,16271.0,1768.0,3282.0,3286,3273,4535.0,4530,10605.0,10854.0,2432.0,2090.0,201.8,0,-153529.49581871007,19308.84533046049
11120.0,24800.0,1366.0,2896.0,5890,6177,7600.0,7625,18950.0,17149.0,1476.0,2898.0,201.8,0,-148906.94098189072,14875.702996143817
8491.0,14153.0,1754.0,3036.0,2992,2876,3753.0,3646,9675.0,8752.0,1377.0,2121.0,201.8,0,-154850.65305439854,20067.439325970423
88971.0,130911.0,6368.0,9823.0,3177,3217,575.0,386,70746.0,66507.0,37425.0,48323.0,201.9,0,-67992.29586879286,-21543.35839105046
5418.0,9862.0,1915.0,4248.0,2382,2564,3462.0,3718,8251.0,8632.0,664.0,1943.0,201.9,0,-156891.0949122499,20981.25558926289
164013.0,241245.0,17455.0,30085.0,648,312,518.0,206,126474.0,103036.0,48884.0,42964.0,202.0,0,-2192.33803370854,-40410.76320702449
1180.0,7652.0,700.0,3585.0,847,1761,1098.0,2903,2568.0,6973.0,743.0,1927.0,202.0,0,-162090.03756217792,22751.98626683234
2910.0,11259.0,221.0,3533.0,1405,1833,2397.0,3428,6434.0,9017.0,890.0,1210.0,202.0,0,-159729.90161375212,20501.603411584576
16210.0,20799.0,2373.0,3444.0,2102,2109,5658.0,5529,15169.0,14563.0,5287.0,4765.0,202.1,0,-146713.37244459428,16500.878317811246
72041.0,101537.0,10201.0,18867.0,0,32,0.0,133,54078.0,47758.0,35989.0,32824.0,202.1,0,-83713.32292506787,-8341.712958274464
36330.0,51373.0,1332.0,2052.0,512,313,0.0,164,44017.0,38402.0,32434.0,28334.0,202.1,0,-108382.47645803988,-10555.768760528226
10341.0,15643.0,2480.0,4312.0,4370,4227,6181.0,6193,16500.0,16525.0,3539.0,3166.0,202.2,0,-148866.2875918823,16245.72641273034
18438.0,31315.0,1227.0,4617.0,3243,3413,5212.0,5487,12901.0,12879.0,3604.0,2754.0,202.3,0,-149047.7401915963,17856.604499967434
4593.0,11330.0,2054.0,3645.0,4870,4727,5872.0,5857,13664.0,13346.0,1045.0,1843.0,202.3,0,-153905.6296204569,18026.407137728937
107618.0,153388.0,27588.0,44492.0,80,276,0.0,69,109907.0,102176.0,89259.0,91732.0,202.3,0,3514.648968200374,-48294.97027338623
2790.0,5742.0,423.0,2436.0,1351,2033,2303.0,3720,5508.0,8795.0,2695.0,2550.0,202.3,0,-159099.90423569677,20354.59396576426
5012.0,18485.0,499.0,2604.0,955,1984,1451.0,3448,3944.0,8353.0,443.0,826.0,202.3,0,-160544.4836271248,22403.336159765266
20804.0,29710.0,1922.0,2990.0,9438,8703,10600.0,9926,22726.0,22800.0,6341.0,4768.0,202.4,0,-140799.55213754438,12140.240879020934
280643.0,419998.0,43186.0,66432.0,0,140,169.0,97,44494.0,40318.0,43351.0,37933.0,202.4,0,1665.5770003346552,34305.38653613539
25458.0,38816.0,6464.0,10252.0,240,151,263.0,153,32454.0,29434.0,29117.0,25327.0,202.4,0,-117277.7015753412,244.39412349708076
12430.0,19144.0,2540.0,4451.0,4140,4384,5241.0,5303,13392.0,13930.0,2097.0,2699.0,202.4,0,-150627.56927504909,18654.903077237665
5910.0,9558.0,2830.0,3747.0,2658,2495,3169.0,2973,7018.0,6175.0,676.0,1216.0,202.5,0,-156993.33182278788,22472.707638158023
1567.0,5597.0,896.0,3595.0,1626,2909,2113.0,3716,6101.0,9967.0,723.0,1106.0,202.6,0,-160040.53162992003,21163.54150746952
5142.0,9172.0,423.0,1900.0,157,57,0.0,0,1470.0,5862.0,15751.0,23460.0,202.9,-1,-150984.28130345832,15422.156420755424
59521.0,81929.0,15351.0,24355.0,303,270,0.0,26,61703.0,57264.0,41370.0,44945.0,202.9,0,-75906.62093253473,-12928.22824124273
20802.0,22388.0,2746.0,3761.0,7268,7025,9510.0,9316,22828.0,19708.0,4428.0,3022.0,202.9,0,-141449.06349487146,13581.173462980423
51402.0,81544.0,10402.0,15788.0,403,170,358.0,165,44099.0,41182.0,22565.0,30985.0,202.9,0,-102233.63476777278,329.3440858164613
8035.0,15753.0,1769.0,4454.0,2732,3086,4799.0,5103,12497.0,14511.0,939.0,2416.0,203.0,0,-153576.906976027,18636.90976274152
5184.0,10677.0,1203.0,2651.0,2841,2960,3614.0,3899,11216.0,11915.0,1273.0,1955.0,203.0,0,-155462.08471594765,18633.184813992582
5044.0,10184.0,2121.0,4382.0,1649,1735,3206.0,3641,8973.0,10322.0,1512.0,2704.0,203.1,0,-155972.06756806566,20331.594285353352
8095.0,17716.0,2071.0,4033.0,3141,3209,4554.0,5140,12429.0,14064.0,1590.0,2708.0,203.1,0,-153065.6313285102,18652.127748405102
4927.0,11035.0,583.0,1765.0,0,0,182.0,128,5256.0,8055.0,6556.0,5117.0,203.1,0,-156249.75751203342,19122.48861469763
2782.0,16730.0,710.0,3104.0,177,106,95.0,28,11523.0,24579.0,2820.0,5330.0,203.1,0,-155080.69763149056,16915.243929005206
4603.0,14444.0,2597.0,4555.0,28,7,117.0,134,58542.0,42752.0,8759.0,8822.0,203.1,0,-124037.8952387773,-9152.079219167796
2322.0,9840.0,1093.0,3664.0,58,0,118.0,16,9999.0,16900.0,6160.0,8440.0,203.1,0,-153772.41339891002,16442.715536362834
1608960.0,1283330.0,1016110.0,1140520.0,8068,4790,2243.0,1035,3996600.0,2225810.0,2521610.0,1191810.0,203.1,4,4528902.695482811,-2227624.736797369
14676.0,28312.0,4936.0,10116.0,2471,2493,6159.0,6472,15815.0,15706.0,3352.0,6674.0,203.2,0,-145894.58696889677,18366.01894945828
3619.0,13141.0,957.0,3212.0,3526,5135,3678.0,5175,6986.0,10339.0,147.0,697.0,203.2,0,-159181.18688669245,21147.326470838787
2725.0,7155.0,478.0,1675.0,705,2074,601.0,2016,1479.0,4655.0,141.0,159.0,203.2,0,-162910.6028484424,23728.4729962592
26531.0,37403.0,8895.0,14793.0,439,213,466.0,178,29043.0,26535.0,25832.0,21953.0,203.3,0,-119475.00906460836,5563.1259360135045
2024.0,6649.0,1253.0,3488.0,287,178,131.0,23,27074.0,30901.0,23004.0,31586.0,203.4,0,-132593.13076183535,-1433.1799253766512
709.0,3991.0,674.0,2637.0,257,207,121.0,0,16210.0,29965.0,8971.0,17006.0,203.4,-1,-148336.85595471133,10543.676914853502
2029070.0,1320200.0,888461.0,684031.0,105331,45187,7862.0,3348,2580520.0,1121610.0,2382940.0,962811.0,203.4,3,3702126.727743821,-1456444.1092800945
62420.0,95171.0,9767.0,15011.0,601,403,0.0,43,57601.0,53214.0,47497.0,45183.0,203.4,0,-77680.7666667112,-16826.867241084605
2908.0,10345.0,616.0,2297.0,1009,2187,1135.0,2529,3297.0,6220.0,1293.0,1847.0,203.4,0,-160941.71804374608,22256.30222197029
5987.0,17662.0,1261.0,3171.0,1851,2591,2476.0,3435,5778.0,7532.0,0.0,108.0,203.4,0,-159088.352552792,22325.473508276704
5035.0,15603.0,2392.0,5326.0,3401,3971,3627.0,4296,9267.0,11484.0,335.0,2439.0,203.5,0,-156232.07978998567,20815.93413035901
4913.0,10486.0,2284.0,5667.0,5218,6080,5559.0,6225,11979.0,12758.0,1886.0,1745.0,203.5,0,-154227.7218487928,18863.275406874964
80228.0,114060.0,7820.0,13072.0,233,327,327.0,122,41999.0,36182.0,41612.0,34765.0,203.6,0,-86249.85461901884,-5210.074179185387
93142.0,126360.0,24898.0,38377.0,0,155,35.0,133,75658.0,67009.0,61997.0,53847.0,203.6,0,-40728.470366881695,-18728.13826926077
1000.0,5200.0,90.0,460.0,41,0,74.0,0,4473.0,7368.0,713.0,1289.0,203.6,-1,-161583.95348310712,21348.6682976385
1651.0,6183.0,123.0,1198.0,216,166,139.0,65,3025.0,5398.0,10654.0,26285.0,203.6,0,-153283.92541590257,15400.87288019198
491098.0,656806.0,20147.0,27854.0,1335,974,0.0,30,692249.0,570555.0,220483.0,191774.0,203.6,3,521886.4052190216,-394655.4343330236
38026.0,57144.0,25178.0,39323.0,261,224,218.0,127,49715.0,45958.0,38331.0,36894.0,203.7,0,-86406.51782183879,1487.7972236402277
74777.0,117445.0,30988.0,50015.0,671,237,0.0,50,73585.0,62789.0,58945.0,51207.0,203.7,0,-46023.657434641966,-12976.535551036468
7013.0,10814.0,2077.0,3533.0,4061,4358,4592.0,4788,11229.0,10830.0,1515.0,1438.0,203.8,0,-154321.7572198766,19425.19131085305
15434.0,34686.0,1953.0,5728.0,3128,3200,5036.0,5405,15377.0,15695.0,3095.0,4044.0,203.8,0,-148226.6649755064,16846.08110751832
25061.0,43899.0,9108.0,14157.0,38,63,0.0,73,25435.0,23101.0,20981.0,16545.0,203.9,0,-124982.61785246489,9913.073484264383
3984.0,15164.0,2061.0,5108.0,4426,5754,5547.0,7119,12260.0,15657.0,176.0,1459.0,204.0,0,-155342.29761271994,19078.19860258504
6820.0,14782.0,2773.0,4446.0,3612,3690,3968.0,4407,11983.0,12930.0,2383.0,2088.0,204.0,0,-153046.9227389619,19154.55500013573
6535.0,14340.0,326.0,1107.0,2554,2494,3844.0,4235,11542.0,13058.0,1822.0,1994.0,204.1,0,-155107.67494291198,17703.91407200579
27642.0,43993.0,4337.0,7585.0,109,172,115.0,79,34464.0,34553.0,12561.0,21998.0,204.2,0,-124923.54152460708,3680.2381625518574
3720.0,17505.0,872.0,2797.0,2693,3377,3229.0,4482,7675.0,10211.0,107.0,1075.0,204.2,0,-158775.80175628056,20677.77191137257
20525.0,22955.0,3290.0,4889.0,2229,1938,5916.0,5691,13340.0,13716.0,4197.0,4268.0,204.2,0,-146385.38225782572,18932.263202368875
23812.0,37106.0,5474.0,7776.0,4664,4291,6247.0,6356,18080.0,17872.0,5512.0,4656.0,204.3,0,-140735.33800801952,17820.639583640226
11174.0,21568.0,2569.0,5914.0,1623,1730,3074.0,3316,7458.0,8233.0,1337.0,2688.0,204.3,0,-154662.70503694168,22002.082799057764
9111.0,13365.0,2749.0,5159.0,4798,4831,5955.0,5874,13401.0,13169.0,1722.0,1727.0,204.3,0,-151899.10726908012,18824.435060789223
102267.0,153425.0,16482.0,23501.0,545,349,447.0,186,145255.0,114814.0,46772.0,40123.0,204.3,0,-13647.15261473169,-54726.56778189077
120379.0,171170.0,79917.0,120019.0,23782,19872,27177.0,23040,78201.0,60677.0,19909.0,14818.0,204.4,0,-24002.179522816587,43326.13943932958
7671.0,10752.0,2193.0,3733.0,2971,3347,4688.0,4870,12810.0,13868.0,2316.0,3010.0,204.5,0,-152532.78189174362,18224.915495763184
2163.0,6084.0,358.0,1718.0,272,136,203.0,113,4428.0,5015.0,2099.0,2025.0,204.5,0,-160310.71982313145,21102.59883352309
1879.0,9767.0,746.0,3588.0,213,118,159.0,125,3388.0,5506.0,297.0,439.0,204.5,0,-161850.6717881758,22753.3686393524
2060.0,8599.0,609.0,1939.0,142,155,159.0,82,3672.0,9430.0,20370.0,28641.0,204.5,0,-147626.43427777945,11896.595965906228
270775.0,362674.0,69937.0,102632.0,396,378,257.0,120,411187.0,329420.0,122680.0,118071.0,204.5,0,267453.5644149708,-180002.62942415665
2218.0,7711.0,1313.0,3333.0,2347,4045,3052.0,5036,6934.0,11362.0,1676.0,3156.0,204.6,0,-158328.42842553632,20483.35451858039
13872.0,27506.0,3391.0,6816.0,6922,7516,8573.0,9319,20954.0,20847.0,3268.0,3349.0,204.6,0,-144809.32804518874,14894.326553166637
10474.0,20150.0,1809.0,5318.0,1145,2118,2256.0,3398,4951.0,7914.0,1623.0,2166.0,204.7,0,-156684.75972868028,22690.00166517252
26381.0,51603.0,2023.0,4208.0,4646,4448,7071.0,7061,20270.0,20160.0,5267.0,5154.0,204.8,0,-140765.15674367824,14228.880499341758
7589.0,16210.0,2150.0,4150.0,2603,2864,3550.0,4103,10354.0,11839.0,2465.0,2700.0,204.8,0,-153931.65016659317,19493.08061803639
172220.0,287983.0,7990.0,13004.0,705,406,572.0,283,92700.0,78769.0,53041.0,46431.0,204.9,0,-21324.58253951336,-30773.205665835
6191.0,16436.0,1992.0,4540.0,3856,4400,4691.0,5645,12316.0,14109.0,1468.0,2101.0,204.9,0,-153942.8499463356,18638.99687088084
13262.0,23640.0,2643.0,5402.0,2340,2754,5777.0,6035,13640.0,15192.0,4781.0,4525.0,204.9,0,-148618.3244496471,17507.084134180524
12894.0,35717.0,4464.0,8839.0,2708,3026,6116.0,6952,14735.0,15449.0,3914.0,6070.0,205.0,0,-147186.450295454,18351.110115203213
7717.0,18612.0,3220.0,8103.0,5365,6648,6586.0,7605,15435.0,16952.0,1941.0,2342.0,205.0,0,-150732.6259808079,17833.077993802715
5545.0,19724.0,2106.0,4297.0,1163,1162,1567.0,1702,5561.0,6771.0,290.0,1382.0,205.1,0,-158503.24979544446,22772.94453960912
32002.0,53722.0,23200.0,41748.0,536,309,163.0,59,45522.0,41008.0,21881.0,26860.0,205.2,0,-101128.60909519902,8648.823280465878
14559.0,26714.0,2748.0,5641.0,4664,5100,7388.0,7832,16558.0,16436.0,1842.0,2715.0,205.2,0,-148178.17517859538,17362.343097866957
11080.0,25500.0,5971.0,12397.0,139,96,133.0,29,19323.0,19596.0,8706.0,15491.0,205.2,0,-140538.64545191496,13981.443727734091
8279.0,18179.0,20130.0,40299.0,4554,5641,6049.0,7545,16012.0,19508.0,4410.0,3598.0,205.3,0,-138889.81700276598,29419.553960614547
1908.0,6810.0,2020.0,11779.0,396,1251,550.0,1607,1183.0,4415.0,497.0,695.0,205.3,0,-162170.31252046872,24803.20028325695
3778.0,14375.0,1774.0,4280.0,2063,2664,3172.0,4130,8041.0,10539.0,1001.0,2127.0,205.3,0,-157431.7319630746,20724.595966539346
2814.0,10713.0,853.0,1662.0,133,170,49.0,39,2109.0,6037.0,19024.0,25927.0,205.4,0,-149191.28102755873,13802.10545554889
67984.0,109638.0,7394.0,13754.0,128,238,393.0,177,72619.0,67141.0,40499.0,50748.0,205.4,0,-71261.80569761101,-24711.19056727409
1945.0,7622.0,1115.0,3224.0,1665,2230,2255.0,3019,5454.0,7676.0,0.0,141.0,205.5,0,-160646.0287038132,22080.09680248386
24070.0,29660.0,4557.0,8182.0,251,254,0.0,107,32871.0,30869.0,24541.0,20393.0,205.5,0,-121575.46676168646,678.2557945539083
16680.0,18029.0,1932.0,2675.0,4355,3644,5110.0,4989,13578.0,12132.0,2573.0,3193.0,205.6,0,-149216.05570482567,18184.842344217603
13634.0,16858.0,4337.0,5972.0,5709,5589,7495.0,7196,20692.0,20263.0,3458.0,3324.0,205.6,0,-144395.50982475188,15670.344931523445
33649.0,53146.0,9707.0,14867.0,409,383,122.0,119,47448.0,42753.0,38103.0,32520.0,205.7,0,-99064.06824305867,-8696.992744060288
3616.0,10909.0,274.0,1916.0,2912,3217,3376.0,3545,8212.0,9239.0,603.0,1258.0,205.7,0,-158604.40271279664,19738.597580886104
60098.0,94682.0,19829.0,30056.0,146,184,621.0,243,63408.0,56198.0,54676.0,40165.0,205.8,0,-66820.21168592323,-14146.935480614338
412805.0,575773.0,22684.0,34961.0,37467,35086,48511.0,45269,67919.0,57291.0,49102.0,43770.0,205.8,0,48812.10395823189,13522.405567790394
18308.0,30616.0,2023.0,5125.0,3781,4032,5606.0,5757,14025.0,14410.0,2123.0,2502.0,205.9,0,-148719.883822553,18379.972557855755
76480.0,114541.0,12422.0,19891.0,53,138,263.0,137,52424.0,47080.0,44710.0,35937.0,205.9,0,-77337.87560405707,-8768.41390117014
5465.0,13506.0,1634.0,3698.0,1686,3059,2651.0,4540,6634.0,11690.0,2020.0,2552.0,205.9,0,-157211.7934912524,21097.882610878496
19766.0,31278.0,3405.0,4880.0,3381,3149,5556.0,5681,14999.0,15802.0,4220.0,4781.0,206.1,0,-145540.84565775702,18000.606069712143
38723.0,66302.0,5304.0,8410.0,321,338,0.0,46,52693.0,47138.0,28635.0,31831.0,206.4,0,-101619.23408612232,-11231.003726570838
49026.0,77100.0,10127.0,14927.0,8750,8517,13511.0,12897,37707.0,34481.0,9649.0,9806.0,206.4,0,-116217.43255431876,10660.046793132618
7007.0,14011.0,4967.0,8656.0,3817,4128,5658.0,5736,13975.0,13454.0,2561.0,3492.0,206.5,0,-150260.59327521952,19515.296612076632
3934.0,15652.0,2415.0,7487.0,2260,3665,3051.0,4687,7657.0,12328.0,1339.0,2667.0,206.7,0,-156966.29692534314,21242.1788654243
2030.0,5165.0,1424.0,3706.0,2788,3328,3476.0,4110,8045.0,9587.0,732.0,1085.0,206.7,0,-158496.34383188255,20564.25953002574
51787.0,78181.0,4071.0,5815.0,384,269,0.0,39,76727.0,69561.0,61858.0,52624.0,206.9,0,-65985.14597342182,-38005.51658347647
35649.0,58049.0,32950.0,50638.0,4635,4133,7202.0,6717,19007.0,18569.0,4341.0,3803.0,206.9,0,-120869.91990513378,39602.55749924548
8935.0,21988.0,2192.0,5062.0,7891,9196,9756.0,10637,21736.0,22929.0,7.0,1865.0,207.0,0,-148419.89781382476,14490.690252781818
13742.0,18501.0,3572.0,5923.0,4391,4150,5391.0,5499,14047.0,13275.0,3589.0,2612.0,207.0,0,-148560.54745195535,18704.44773202418
965.0,6522.0,0.0,0.0,463,1371,557.0,1974,1435.0,4741.0,16.0,17.0,207.1,0,-163865.06210237145,23317.292747876505
9941.0,21204.0,1936.0,4342.0,4097,4537,5088.0,5714,14172.0,15727.0,3218.0,4579.0,207.1,0,-150512.8041911822,16956.34775765812
26988.0,38239.0,3057.0,5758.0,5861,6388,8341.0,8441,21754.0,21231.0,4793.0,4964.0,207.1,0,-139381.7258187358,14455.623537437372
16213.0,22056.0,1937.0,4525.0,4258,4474,5612.0,5968,14321.0,15142.0,2491.0,3264.0,207.2,0,-148976.7425203827,17772.80742535759
109203.0,176536.0,38013.0,61253.0,5212,5191,12252.0,12194,30055.0,30592.0,11503.0,11933.0,207.2,0,-83462.2549986926,39524.35154058283
11712.0,14854.0,3328.0,4947.0,3400,3529,4956.0,4904,11232.0,11988.0,1768.0,2059.0,207.3,0,-151851.9658914973,20551.97776779215
3839.0,10864.0,938.0,2403.0,2086,2250,3155.0,3631,8376.0,9174.0,2563.0,3206.0,207.3,0,-156815.9626511537,19244.57790190756
3866.0,12273.0,1301.0,2360.0,4937,5613,6690.0,7672,17242.0,19932.0,1191.0,4589.0,207.4,0,-152063.97583459824,15051.704133729623
22792.0,26015.0,3419.0,5374.0,761,438,216.0,157,27187.0,24617.0,22828.0,22964.0,207.4,0,-126147.53569638378,2972.988557509514
4671.0,9342.0,1889.0,3661.0,2651,3294,3586.0,4399,10406.0,12925.0,3016.0,3327.0,207.4,0,-154631.38566486238,18778.043535132754
7369.0,18369.0,1342.0,3099.0,6960,7798,8778.0,10096,20045.0,22270.0,3163.0,5361.0,207.5,0,-148311.58483511192,13090.799963311129
65567.0,95646.0,8898.0,15992.0,309,321,0.0,55,38030.0,35517.0,38334.0,29862.0,207.5,0,-94863.56005953194,-1587.047238853549
1219.0,8092.0,736.0,3599.0,1425,3391,1709.0,4378,3965.0,9547.0,1009.0,1887.0,207.5,0,-161164.1121492841,21954.30783455955
1697.0,10769.0,691.0,3597.0,1197,3215,1682.0,4349,3325.0,8983.0,250.0,387.0,207.5,0,-161999.56697017644,22759.43999052383
3683.0,9983.0,6835.0,13443.0,3684,4430,4773.0,5725,11578.0,13034.0,1725.0,2294.0,207.5,0,-152142.08985148818,22414.513530117747
7218.0,17183.0,2749.0,5084.0,2872,3467,3990.0,4595,10761.0,11706.0,287.0,1746.0,207.6,0,-154636.76275441216,20561.08394507657
49373.0,74901.0,9465.0,16157.0,503,297,0.0,2,62609.0,60615.0,51625.0,55661.0,207.7,0,-75574.02131795177,-23551.41459245941
56829.0,87290.0,5130.0,9943.0,518,349,155.0,103,64029.0,58267.0,46257.0,46577.0,207.7,0,-78991.40884809267,-23994.836690589727
11759.0,24400.0,1447.0,2996.0,3505,3546,4968.0,5111,14635.0,14573.0,4623.0,4907.0,207.9,0,-149261.46430334513,15957.267447264963
59045.0,96718.0,8819.0,14522.0,299,150,11.0,121,37595.0,35094.0,20958.0,26248.0,207.9,0,-105869.9690283043,4376.263246485632
3842.0,12226.0,1737.0,4032.0,2776,3138,3642.0,4347,10131.0,11797.0,1304.0,2087.0,208.0,0,-156140.35317813422,19490.569977468756
8364.0,16437.0,1769.0,3967.0,3170,3312,5252.0,5617,14654.0,15747.0,837.0,3637.0,208.1,0,-152112.88466443424,17371.81722199751
7250.0,10560.0,799.0,2290.0,3001,2926,3794.0,3947,10331.0,10271.0,3183.0,2447.0,208.1,0,-154562.05882011517,18251.90962495128
119747.0,184791.0,14750.0,24131.0,201,240,253.0,96,190999.0,158823.0,65985.0,60568.0,208.1,0,28599.72369330336,-88473.03706275736
80601.0,116795.0,16561.0,26042.0,154,133,324.0,153,107846.0,97672.0,76958.0,74700.0,208.2,0,-21399.95166003689,-51124.39752052395
12392.0,25695.0,1498.0,3217.0,4231,4051,6020.0,6053,15953.0,15862.0,3808.0,4256.0,208.3,0,-148781.21164587757,15703.09410464229
79908.0,106664.0,1994.0,3868.0,231,164,421.0,236,59903.0,52306.0,54841.0,43804.0,208.3,0,-72245.05741942638,-24908.202955997484
32411.0,58162.0,9116.0,17651.0,197,150,225.0,69,30621.0,31611.0,12122.0,24112.0,208.4,0,-122533.65952876466,9577.729531833622
78112.0,112584.0,19695.0,32278.0,0,70,5.0,63,59707.0,55132.0,48925.0,44724.0,208.4,0,-65037.49024582203,-9647.47852885798
31169.0,42607.0,7446.0,10583.0,2996,2630,7817.0,7555,19262.0,18756.0,9585.0,8575.0,208.4,0,-134009.50757931857,17327.976179288456
88668.0,131952.0,15380.0,24062.0,402,236,572.0,183,48154.0,44740.0,47351.0,37613.0,208.5,0,-72535.09137475952,-4432.201588967222
8645.0,13283.0,1730.0,2494.0,3530,3877,5370.0,5135,14386.0,14099.0,1400.0,2599.0,208.5,0,-152111.09228857642,17466.558981332528
11665.0,23466.0,3961.0,5548.0,4468,4252,6241.0,5953,17391.0,15964.0,3037.0,2994.0,208.6,0,-147333.71012232578,17184.71081341978
190836.0,275966.0,60479.0,89690.0,8059,8269,10195.0,10289,28858.0,28373.0,6984.0,5954.0,208.6,0,-47762.01288035681,65698.92344854501
8622.0,15638.0,1129.0,3832.0,4130,4679,5626.0,6722,16258.0,18702.0,4769.0,6097.0,208.7,0,-149282.4151963374,14399.972889332865
2774.0,7483.0,2252.0,5443.0,2298,2488,3362.0,3996,8813.0,9065.0,355.0,1480.0,208.7,0,-157451.61041524023,20905.726813699497
91039.0,135154.0,11533.0,18678.0,0,131,0.0,78,115555.0,98590.0,49180.0,44991.0,208.8,0,-34660.05822209841,-44909.39250960235
12660.0,29653.0,1440.0,3930.0,8682,9992,10798.0,11969,24729.0,25464.0,3192.0,3597.0,208.9,0,-144243.4765854543,11298.64803815983
8902.0,25988.0,1864.0,5386.0,6231,6692,7905.0,8383,17971.0,19241.0,2079.0,3442.0,209.0,0,-149492.3155808257,15337.73287203334
3116.0,9843.0,2107.0,5247.0,3433,4260,4189.0,5109,11094.0,14001.0,953.0,2845.0,209.0,0,-155649.6356020372,19215.64282285148
4227.0,12806.0,1469.0,3403.0,5024,6531,5756.0,7515,13995.0,18837.0,2511.0,4147.0,209.1,0,-153114.36297406052,16568.51888303696
20553.0,29641.0,3374.0,5515.0,4080,4351,7337.0,7325,21909.0,21214.0,4802.0,4331.0,209.1,0,-141286.72262715676,14209.214220922497
26175.0,46400.0,31665.0,54415.0,1903,1843,3474.0,3431,9409.0,9361.0,2225.0,4116.0,209.1,0,-130918.20491957189,43702.00374797446
3993.0,10515.0,856.0,2500.0,4622,4734,5673.0,5691,14479.0,13976.0,1310.0,1394.0,209.3,0,-154311.76857394492,16608.11378930445
2627.0,7175.0,1790.0,5119.0,1571,1730,3222.0,3639,9192.0,10794.0,1164.0,3475.0,209.4,0,-156850.16662591218,19789.3429850255
21020.0,33305.0,2310.0,7297.0,4967,5012,6977.0,6847,20082.0,19048.0,4329.0,4919.0,209.5,0,-142890.7089835181,14492.675703491685
26963.0,36069.0,4560.0,7553.0,5313,5097,7739.0,8168,22112.0,21749.0,3879.0,6715.0,209.5,0,-138427.5410008841,15460.545265909106
127773.0,189449.0,14110.0,20870.0,333,539,172.0,147,96724.0,81331.0,91921.0,68134.0,209.6,0,-8100.823212142015,-47555.54318152789
31046.0,43625.0,9341.0,11033.0,897,472,131.0,58,33938.0,29087.0,29753.0,22345.0,209.6,0,-113180.42465029877,2263.5279028185178
11763.0,14316.0,1059.0,3342.0,4572,4365,6108.0,6508,11949.0,13796.0,1523.0,2866.0,209.7,0,-152747.14468464418,18421.441475363285
10060.0,21381.0,2600.0,6214.0,4918,5333,5998.0,6472,14246.0,15447.0,1086.0,2701.0,209.9,0,-151340.64932351137,18405.354811337755
164051.0,245518.0,14369.0,19410.0,506,181,724.0,261,262330.0,223993.0,90899.0,83706.0,209.9,0,97496.04000955462,-135153.8099358993
517229.0,692445.0,99923.0,135262.0,1143,698,200.0,201,468944.0,397152.0,208590.0,190268.0,209.9,0,448162.88075559377,-208337.1013601366
13219.0,31514.0,3415.0,5867.0,3183,3259,4049.0,4280,12259.0,13934.0,1214.0,2407.0,209.9,0,-150947.56263862565,20315.165150908968
1618.0,7706.0,1124.0,3052.0,2563,3591,3917.0,5663,8953.0,12686.0,319.0,1753.0,209.9,0,-158379.07987623895,19862.00768055724
1047.0,6112.0,489.0,2111.0,580,1689,670.0,2098,1855.0,5722.0,418.0,646.0,209.9,0,-163023.48963842637,23249.259937255458
1517.0,9557.0,1168.0,5598.0,684,1655,863.0,2352,2263.0,6576.0,367.0,826.0,210.0,0,-162237.46955394093,23574.35164909457
839.0,3400.0,1146.0,4343.0,1057,2261,1322.0,3085,3806.0,9128.0,913.0,1400.0,210.0,0,-161261.8129215975,22420.877869688546
22644.0,39264.0,2210.0,5474.0,7659,7702,8926.0,8812,23170.0,21719.0,4866.0,5030.0,210.0,0,-140439.11670506594,12703.796376471388
9748.0,16518.0,2852.0,5339.0,5048,5658,6185.0,6587,15839.0,15835.0,1986.0,4612.0,210.0,0,-149666.95809082405,17154.93619995399
15801.0,32879.0,2667.0,4716.0,4475,4472,6901.0,7105,19853.0,18790.0,6362.0,5492.0,210.0,0,-143447.50263659295,13738.33362172248
11202.0,15253.0,1295.0,2675.0,4043,3885,4833.0,4866,10606.0,9277.0,3058.0,2234.0,210.0,0,-152936.70240074443,18853.69542104793
5290.0,12704.0,865.0,2033.0,1858,1839,2877.0,3163,7237.0,8268.0,0.0,1039.0,210.1,0,-158578.19701868636,21061.000135536626
3314.0,9940.0,597.0,3097.0,767,1318,629.0,1515,2099.0,4228.0,979.0,1506.0,210.1,0,-161690.71960325664,23064.483414830956
3518.0,13921.0,1151.0,3096.0,1899,2151,2817.0,3239,7518.0,9040.0,1833.0,2625.0,210.2,0,-157705.2584446127,20164.73544353736
2696.0,7039.0,1311.0,3183.0,2202,2429,2449.0,2642,6548.0,6820.0,1705.0,2063.0,210.3,0,-158566.01473389874,20866.75107326398
8494.0,13126.0,1447.0,3745.0,5425,5229,6190.0,6583,14862.0,14297.0,3675.0,2886.0,210.4,0,-150956.54572879287,16198.394403668672
68031.0,102173.0,20566.0,30820.0,116,192,541.0,199,67819.0,61855.0,52023.0,55987.0,210.4,0,-59906.86315177575,-16687.071355750028
22195.0,42493.0,2581.0,5208.0,4997,5269,8011.0,8099,23099.0,23222.0,3726.0,6537.0,210.4,0,-140682.41659218777,13145.450336222037
4158.0,10528.0,2964.0,5126.0,2905,3030,4372.0,4791,9567.0,10106.0,1248.0,2342.0,210.6,0,-155605.57584497743,20732.48305166383
7262.0,14975.0,1179.0,2495.0,5327,6436,6605.0,8120,17771.0,20458.0,2865.0,3515.0,210.6,0,-150165.76570775884,14525.670726951152
981.0,5634.0,156.0,1068.0,448,1184,488.0,1627,1463.0,5096.0,335.0,525.0,210.6,0,-163518.26733636207,23244.950945389188
5799.0,11481.0,3855.0,5984.0,4671,4468,5881.0,5821,15129.0,15223.0,2724.0,1753.0,210.6,0,-150886.51443720018,18154.9821492302
80543.0,112682.0,51810.0,81910.0,514,316,62.0,149,82184.0,74241.0,65534.0,59258.0,210.6,0,-22693.30000382641,-4638.631286871339
43684.0,66019.0,10428.0,14706.0,237,107,427.0,181,41150.0,39028.0,30444.0,29174.0,210.7,0,-103006.05710116056,-1014.3228586200676
8918.0,17484.0,2991.0,5068.0,3718,4161,4532.0,4989,10909.0,11974.0,2499.0,1643.0,210.7,0,-152860.35968772287,20076.540907566417
17384.0,29212.0,31709.0,49053.0,5537,5787,7619.0,7874,20695.0,22026.0,4886.0,4467.0,210.8,0,-126159.07469516134,36119.55308907418
5087.0,6721.0,3010.0,5057.0,3028,3299,4060.0,4080,8644.0,9379.0,1789.0,2047.0,210.8,0,-155592.51749861508,21193.21037287694
25153.0,33900.0,2451.0,3913.0,7568,8208,11357.0,10889,33349.0,32251.0,7944.0,6019.0,210.9,0,-132268.14148076845,6463.454620169519
899169.0,574125.0,1984850.0,1854640.0,26412,13365,6993.0,4173,82086.0,52426.0,18982.0,11047.0,211.0,3,1352753.303894105,1548283.1500614833
20060.0,41306.0,3038.0,4506.0,8457,8630,11516.0,11051,31417.0,30672.0,5279.0,6039.0,211.1,0,-135844.2509572079,8449.935724895691
67632.0,97767.0,7870.0,10323.0,358,300,95.0,137,32301.0,28661.0,30691.0,26573.0,211.1,0,-102063.60384170788,3853.090177384467
7477.0,12360.0,1452.0,3427.0,4566,4427,6424.0,6594,13967.0,13941.0,2014.0,2702.0,211.2,0,-152574.68778851477,17178.879163109457
91058.0,141902.0,28611.0,45090.0,222,166,444.0,163,47323.0,43669.0,32573.0,32247.0,211.2,0,-72139.5881083281,11907.81013510739
81718.0,119339.0,3410.0,6466.0,761,336,141.0,142,89609.0,81010.0,80388.0,66505.0,211.2,0,-38726.22014151172,-51262.565050268495
98177.0,139026.0,30798.0,50972.0,191,239,0.0,49,68342.0,60385.0,65380.0,45845.0,211.3,0,-39486.99528661417,-9953.397294131864
16024.0,10612.0,2181.0,3594.0,4656,4506,5603.0,5264,13063.0,12387.0,2020.0,2955.0,211.3,0,-149857.5153220594,18819.29260957232
5791.0,15483.0,2169.0,6174.0,2909,3152,4590.0,5426,11658.0,13275.0,1138.0,1503.0,211.3,0,-154589.2022717649,19284.72291247734
63016.0,110725.0,2495.0,5556.0,450,225,0.0,0,40450.0,34685.0,26963.0,25501.0,211.3,-1,-104120.14434549128,-3572.715568711876
86755.0,138758.0,4263.0,7775.0,324,205,130.0,67,45378.0,37691.0,29602.0,28561.0,211.3,0,-90988.51221195165,-4376.42485918164
39249.0,59921.0,11464.0,17898.0,1010,732,598.0,198,39428.0,35378.0,43677.0,29807.0,211.4,0,-98559.18878317584,-4117.864404187509
74525.0,107197.0,37738.0,61339.0,417,236,229.0,124,75073.0,67477.0,47500.0,44514.0,211.4,0,-47714.93340835345,-3924.020327101218
3514.0,11303.0,1211.0,3778.0,1440,1944,1933.0,2488,4579.0,5987.0,986.0,2019.0,211.5,0,-159794.91758730193,22147.55234835424
12430.0,12971.0,2075.0,2887.0,2868,2579,3096.0,3259,7714.0,8870.0,2403.0,3147.0,211.5,0,-153835.21242253447,21171.00111890662
8551.0,13618.0,1476.0,2344.0,4130,4020,5837.0,5878,14030.0,12812.0,2040.0,3587.0,211.5,0,-152020.33193115596,17109.150244854718
5458.0,18720.0,1805.0,5310.0,2133,2557,3068.0,3731,7677.0,8980.0,1529.0,2658.0,211.6,0,-156741.36463615554,20819.348439319747
4674.0,10078.0,1440.0,3295.0,4379,4427,5341.0,5795,12784.0,13896.0,1605.0,3103.0,211.7,0,-154258.15708784512,17672.251756868613
34794.0,59116.0,8301.0,11398.0,7536,7146,9422.0,9271,25132.0,23727.0,5602.0,6408.0,211.7,0,-131280.02740327216,16754.108463045344
61988.0,89981.0,10167.0,19177.0,409,208,0.0,1,40688.0,37482.0,20902.0,27443.0,211.7,0,-102238.61205624772,3816.890589973187
63020.0,106749.0,10589.0,17711.0,747,387,0.0,0,49147.0,45689.0,21142.0,33677.0,211.7,-1,-95802.35049426348,-1285.6054603330049
42208.0,64260.0,3015.0,6942.0,11889,12302,15545.0,16104,37521.0,36488.0,6052.0,7380.0,211.8,0,-124767.61967615753,6393.320672824862
7266.0,18111.0,2068.0,5196.0,4251,4898,5636.0,6439,14790.0,17298.0,1986.0,3671.0,211.9,0,-151672.70032846608,17062.80928030383
4712.0,15413.0,1251.0,4447.0,2948,3688,4722.0,6089,12155.0,16142.0,1959.0,2404.0,211.9,0,-154669.56569547113,17841.538827283803
118444.0,180272.0,18895.0,29191.0,173,239,0.0,43,79676.0,71112.0,64048.0,59773.0,211.9,0,-31974.789953371102,-25059.22741602301
3568.0,7765.0,1067.0,2405.0,1869,2309,2397.0,2768,6798.0,8360.0,1550.0,2131.0,212.0,0,-158353.41585182695,20653.059815412114
1169.0,6698.0,956.0,4013.0,1269,3250,1652.0,4493,4115.0,12120.0,1357.0,3875.0,212.0,0,-160466.2994893828,21643.028983033782
146111.0,222683.0,17108.0,27512.0,565,391,0.0,101,91536.0,77751.0,73830.0,63378.0,212.0,0,-12468.063492401328,-34450.47122381684
5355.0,15790.0,2629.0,4957.0,2174,2954,2610.0,3582,6928.0,8713.0,1334.0,1605.0,212.0,0,-156973.18639927983,22051.211879278984
2142.0,8826.0,810.0,4370.0,777,1922,750.0,2197,1559.0,4295.0,0.0,50.0,212.0,0,-162940.18981060383,23956.833603906303
23600.0,41064.0,7183.0,12795.0,8134,8137,12339.0,12709,32100.0,32112.0,7303.0,9631.0,212.1,0,-130331.19091421824,10323.351153107473
397705.0,555374.0,344700.0,513512.0,6905,7043,7581.0,7768,158021.0,141961.0,93874.0,73565.0,212.3,0,309661.44050871953,189720.2533383586
37006.0,65431.0,4729.0,7093.0,249,203,43.0,66,48377.0,45186.0,28016.0,33980.0,212.5,0,-104813.7209265166,-9580.85340087762
3748.0,5636.0,1968.0,3504.0,3058,3078,4240.0,4505,10556.0,10019.0,3843.0,2860.0,212.5,0,-154493.76654437074,18481.32057868713
39176.0,57713.0,6977.0,10685.0,0,116,427.0,201,51749.0,48617.0,43666.0,40766.0,212.5,0,-92547.7454760534,-15665.06652508743
11913.0,22417.0,3256.0,5867.0,4056,4172,4880.0,5065,13291.0,14811.0,1118.0,3430.0,212.5,0,-150752.89009882652,19437.08974771897
35853.0,54561.0,3857.0,6243.0,598,316,256.0,141,41187.0,39557.0,30241.0,33947.0,212.6,0,-108654.55289581433,-7213.05339837178
34288.0,56930.0,2046.0,3645.0,8502,8316,14076.0,14423,43565.0,45378.0,9583.0,11607.0,212.6,0,-122201.9494052804,47.57837459252914
2470.0,10308.0,2216.0,5639.0,164,103,57.0,13,12901.0,27952.0,8589.0,12852.0,212.7,0,-149579.13203711333,14329.897532513844
1618.0,9540.0,89.0,859.0,212,198,100.0,0,1751.0,4925.0,311.0,440.0,212.7,-1,-163222.20559748515,23104.21728726138
4448.0,10569.0,1836.0,4670.0,1405,1913,1874.0,2840,4090.0,5892.0,969.0,982.0,212.7,0,-159582.5057134042,23104.83803706811
130834.0,179918.0,9133.0,12242.0,300,191,0.0,89,155280.0,126324.0,70927.0,57992.0,212.7,0,10913.675154739234,-74069.11372341885
11629.0,11934.0,0.0,3518.0,3313,4287,4303.0,4909,9408.0,10650.0,1947.0,1458.0,212.8,0,-154877.0435998165,19016.888129588715
1902.0,8626.0,0.0,1301.0,794,2360,819.0,2793,2315.0,7011.0,104.0,440.0,212.8,0,-162962.65755655378,22829.398027453142
24824.0,36208.0,6643.0,9124.0,7541,7521,11216.0,11152,27728.0,27213.0,5763.0,6368.0,212.8,0,-133950.69768153346,13310.476471103935
31406.0,51691.0,856.0,2782.0,2595,2433,6295.0,6270,16935.0,18001.0,7543.0,7495.0,212.8,0,-140247.03255399188,14409.983609894292
34489.0,59146.0,3455.0,6509.0,6129,6256,7438.0,7358,23621.0,21833.0,4279.0,4414.0,212.8,0,-136039.9155185699,14568.426261084707
13847.0,25968.0,4356.0,6346.0,4448,4088,6083.0,5775,16694.0,16220.0,4629.0,5220.0,212.9,0,-145670.61839942593,17180.965519426463
57786.0,89221.0,78822.0,115045.0,14289,13773,13130.0,13336,24919.0,24106.0,4335.0,3905.0,213.0,0,-83319.65769767785,72994.42389885499
821048.0,1020850.0,839557.0,1193860.0,8628,7369,2363.0,1882,174050.0,143249.0,98157.0,76502.0,213.0,3,749281.2742495515,587118.8214175092
6079.0,15021.0,2622.0,4942.0,3105,3345,4830.0,5081,14706.0,14912.0,1609.0,3185.0,213.0,0,-152036.0340973729,17627.78886143852
70388.0,111045.0,9061.0,14724.0,756,475,348.0,224,87426.0,79093.0,72445.0,63254.0,213.1,0,-44445.75014428196,-43552.26027605814
3522.0,12875.0,1090.0,2576.0,3108,4167,3891.0,5339,9764.0,12969.0,121.0,693.0,213.1,0,-157610.91201248128,19760.98093874125
50202.0,79641.0,6366.0,9717.0,454,215,32.0,107,67269.0,58540.0,53902.0,43794.0,213.2,0,-75550.05571766123,-27436.81392306877
12759.0,27939.0,1390.0,3126.0,5449,5627,7016.0,7286,16728.0,17778.0,1594.0,3034.0,213.3,0,-149521.44973341524,16145.88709135485
13955.0,16793.0,1695.0,3027.0,8490,8533,10827.0,10538,25731.0,23692.0,4160.0,4023.0,213.3,0,-142604.6390667683,10670.747680724047
13583.0,20654.0,5010.0,7610.0,24100,26110,24315.0,24990,34137.0,35353.0,3852.0,3451.0,213.4,0,-136262.04955640668,8919.846464866883
3022.0,12686.0,1574.0,4873.0,3683,5011,4918.0,6638,10513.0,12633.0,1620.0,1645.0,213.5,0,-156212.14867443952,19062.112612473364
1538.0,8685.0,156.0,2364.0,562,1947,619.0,2376,1337.0,4253.0,71.0,381.0,213.5,0,-163554.89997022002,23462.4904563587
4172.0,9770.0,1548.0,3725.0,3098,3385,4505.0,5033,10136.0,10528.0,1207.0,1945.0,213.6,0,-156209.23522165648,19422.655080505643
5024.0,9185.0,3397.0,6426.0,4251,4746,5575.0,5963,14007.0,13910.0,1394.0,2721.0,213.6,0,-152475.4899726781,18654.073213403084
1599.0,5776.0,736.0,2840.0,186,67,203.0,88,3751.0,4361.0,10892.0,13140.0,213.6,0,-154683.41300689583,17233.73203722764
2499660.0,1601270.0,352507.0,243163.0,17927,6784,4565.0,1474,16310900.0,5274010.0,14226000.0,4134340.0,213.6,1,17132239.266636606,-13559001.0422389
7232.0,24663.0,5683.0,11347.0,6056,6639,7173.0,7452,19505.0,20813.0,3885.0,3625.0,213.8,0,-146061.10453653912,16667.731709259926
805.0,3481.0,0.0,0.0,137,1,159.0,99,2883.0,4270.0,839.0,1371.0,213.8,0,-162506.0128378154,22065.59352358496
400471.0,503044.0,82988.0,107969.0,1045,1161,768.0,269,433153.0,362065.0,238383.0,190648.0,213.8,0,394697.2569709892,-220731.22679324323
36324.0,58445.0,7721.0,11241.0,3221,3130,7302.0,7126,19635.0,18352.0,4568.0,7647.0,213.9,0,-134458.40140309127,19520.49541354385
1660.0,7467.0,1560.0,4578.0,2431,3523,2814.0,4227,6484.0,9606.0,1197.0,1739.0,213.9,0,-159074.51423143368,21228.01599444917
69763.0,92617.0,3898.0,5318.0,306,120,163.0,123,83388.0,73709.0,62055.0,58601.0,213.9,0,-55519.839802475966,-41260.733707183696
1172.0,6197.0,703.0,4011.0,89,0,127.0,4,1920.0,4322.0,8914.0,25590.0,214.1,0,-154627.58533302858,17072.248940974045
50501.0,69978.0,25588.0,44465.0,237,386,254.0,152,39193.0,39147.0,20667.0,36247.0,214.1,0,-96232.97569640171,14325.352844259589
6874.0,19910.0,2861.0,5417.0,4572,5276,5884.0,7272,12180.0,15032.0,834.0,1550.0,214.1,0,-153666.4891106954,19714.696119175416
25560.0,46758.0,7557.0,10378.0,690,341,59.0,112,31125.0,26675.0,23492.0,21005.0,214.2,0,-120666.5884185737,4269.860203638702
60073.0,82125.0,4238.0,5203.0,420,203,87.0,62,74094.0,67983.0,55205.0,50296.0,214.2,0,-68149.75834220077,-33312.80836993447
45679.0,69949.0,13229.0,22250.0,761,687,0.0,38,44600.0,42005.0,31762.0,24678.0,214.2,0,-98965.62745717452,-389.8606966998232
59864.0,89689.0,6608.0,11326.0,559,267,343.0,249,34051.0,32547.0,16356.0,28575.0,214.2,0,-110593.66255440246,5859.224004198568
1933.0,7422.0,1153.0,3210.0,2373,3147,2628.0,3527,6058.0,7813.0,871.0,1012.0,214.2,0,-159738.80154436058,21376.87190050154
1700.0,10209.0,559.0,1878.0,1202,3827,1356.0,4179,2858.0,7938.0,644.0,1370.0,214.4,0,-161985.38651668403,22640.953967592544
5322.0,16341.0,1702.0,3731.0,3401,5404,4678.0,6940,9643.0,15438.0,39.0,285.0,214.4,0,-156843.55868869438,20511.40741034651
588.0,2554.0,0.0,371.0,267,245,115.0,16,2700.0,4085.0,2201.0,3626.0,214.4,0,-161661.7624595894,21380.024441304275
440067.0,513720.0,368928.0,588981.0,1214,854,389.0,200,483755.0,356439.0,262915.0,168209.0,214.4,3,611843.6516619317,-32531.61520798729
11475.0,16952.0,3651.0,6545.0,2183,2264,5372.0,5724,15352.0,14878.0,5012.0,5150.0,214.6,0,-147436.64870746384,17057.95504305471
5978.0,18535.0,3336.0,8714.0,3179,4617,5110.0,6875,12273.0,16241.0,471.0,2224.0,214.6,0,-153680.5986020607,19978.547947934974
1703.0,10769.0,446.0,3222.0,539,2077,541.0,2301,1355.0,5932.0,0.0,0.0,214.6,0,-163419.00016325718,23762.38676302973
88683.0,129246.0,93189.0,144038.0,6382,6013,8235.0,8085,21257.0,19320.0,4092.0,5047.0,214.7,0,-66901.2355549764,88069.6300642738
280823.0,419470.0,23039.0,32944.0,3337,2468,522.0,565,151036.0,130195.0,91877.0,78568.0,214.7,0,78097.02070544264,-59831.08163725495
9727.0,22486.0,2192.0,4553.0,4254,4630,5569.0,5890,15043.0,14783.0,2589.0,2990.0,214.7,0,-150509.21896329324,17100.617079807216
50170.0,80415.0,4578.0,6782.0,0,79,52.0,84,63325.0,57646.0,59950.0,48291.0,214.8,0,-75241.66383715818,-29327.026987613244
6887.0,10623.0,1041.0,3064.0,2938,2678,4916.0,5293,14206.0,13950.0,2896.0,2034.0,214.8,0,-152592.8577359094,16486.8782731558
3027.0,11187.0,1314.0,4162.0,2192,2315,3484.0,4053,9542.0,10367.0,1647.0,2185.0,214.8,0,-156805.402533238,19293.00807568099
6758.0,15003.0,2135.0,5193.0,3739,3971,4849.0,5170,10692.0,10917.0,1036.0,1808.0,215.0,0,-154824.19342173453,19843.62748432247
18513.0,39786.0,3797.0,6379.0,5280,6240,7849.0,7915,22409.0,22416.0,5839.0,5214.0,215.0,0,-140779.18640561236,13648.127114760146
8135.0,15249.0,1604.0,2471.0,5380,5518,6261.0,6832,15037.0,15520.0,570.0,1828.0,215.0,0,-152494.47661105017,17376.540344391557
266641.0,380265.0,50971.0,79454.0,483,265,455.0,280,205374.0,179640.0,114751.0,92370.0,215.1,0,133010.79419464213,-78298.85852009553
4699.0,16677.0,2456.0,8061.0,1256,2967,1827.0,4113,5065.0,11177.0,2444.0,2807.0,215.1,0,-157604.00738372313,22326.7932545332
983.0,3874.0,1433.0,5674.0,1543,3151,2031.0,4679,4968.0,12133.0,0.0,100.0,215.1,0,-161043.52869993055,22515.19408807453
4754.0,14032.0,873.0,3234.0,1404,2063,1829.0,2747,4892.0,6237.0,1140.0,2258.0,215.1,0,-159312.1915644505,21731.0246645982
3350.0,11602.0,0.0,1584.0,835,1730,938.0,2303,2273.0,5178.0,130.0,429.0,215.1,0,-162510.87274113978,22953.31343599065
9750.0,24317.0,2358.0,5507.0,3536,3836,4919.0,5242,11861.0,12256.0,2374.0,3148.0,215.1,0,-152240.1018485211,18978.105641548347
201829.0,291105.0,16911.0,24730.0,463,422,387.0,159,153948.0,139740.0,70833.0,67543.0,215.2,0,39145.352210833575,-63437.14309251638
4002.0,11378.0,1455.0,2978.0,3161,3621,4420.0,5254,10354.0,12076.0,1635.0,3731.0,215.2,0,-155694.30811689582,18830.7881633714
30236.0,51799.0,9511.0,16144.0,0,30,247.0,143,31597.0,29236.0,18022.0,25367.0,215.3,0,-119524.69460453316,7056.051351810682
2649.0,7115.0,204.0,1044.0,109,25,412.0,367,8422.0,8741.0,2517.0,2754.0,215.3,0,-157719.03627916385,18641.789635778958
1197710.0,1406900.0,148869.0,211227.0,8626,7190,88698.0,72264,737449.0,549637.0,566062.0,408079.0,215.3,3,1046235.799182821,-413180.0632706605
128696.0,191323.0,39307.0,64400.0,423,210,376.0,139,79309.0,74425.0,68731.0,66212.0,215.3,0,-13559.789936771997,-11036.006909053714
85439.0,125955.0,15625.0,23075.0,381,322,0.0,45,99535.0,85011.0,83967.0,64510.0,215.4,0,-23517.710090657056,-47926.144299283485
3949.0,11423.0,1083.0,2580.0,3080,3519,4098.0,5342,9874.0,12607.0,620.0,1494.0,215.6,0,-157049.4367665436,19450.773611854253
36740.0,66059.0,2684.0,5809.0,403,296,159.0,130,44628.0,38153.0,33927.0,33876.0,215.6,0,-105474.70472812622,-11096.329519149876
50966.0,72963.0,5752.0,9317.0,0,145,238.0,147,62533.0,57166.0,54475.0,48074.0,215.6,0,-77290.14442364841,-26101.724251367414
7058.0,21614.0,1623.0,3651.0,5507,6606,6951.0,7879,16058.0,17859.0,1415.0,4082.0,215.7,0,-151485.60003525426,16168.414088017444
8160.0,15207.0,4305.0,8178.0,5653,5485,6632.0,6861,18518.0,18382.0,3803.0,6216.0,215.7,0,-146719.70415549818,15881.0358121743
11964.0,17422.0,4160.0,6332.0,4285,4258,6027.0,6032,15009.0,15610.0,3186.0,3962.0,215.7,0,-148204.1511158725,18447.937195994586
29916.0,43680.0,4178.0,8860.0,9669,9784,12514.0,12748,26201.0,26577.0,5840.0,5363.0,215.8,0,-134744.45578736157,12760.585024365737
114445.0,165655.0,22104.0,36524.0,405,306,80.0,88,82928.0,76708.0,71355.0,61603.0,216.0,0,-25879.92978035749,-27342.92218511054
487526.0,652017.0,32665.0,47836.0,957,725,6250.0,5358,151869.0,128369.0,117335.0,100747.0,216.0,0,166094.55054303768,-49069.03147250643
19552.0,33361.0,3453.0,5721.0,14319,14888,14866.0,15229,28432.0,28699.0,2973.0,3123.0,216.0,0,-138945.17384592537,11527.849460477197
10515.0,21746.0,3144.0,3691.0,6531,6448,7520.0,7292,22585.0,20035.0,35960.0,33695.0,216.0,0,-124860.96468727356,-1525.921059844939
422975.0,593895.0,30808.0,43135.0,1710,1239,223.0,267,272069.0,234169.0,136685.0,118293.0,216.0,0,222694.422035508,-128548.64503419628
7478.0,18952.0,1685.0,4103.0,3138,3138,4333.0,4920,11255.0,12578.0,2140.0,2346.0,216.2,0,-153950.30540381727,18809.039889219435
116894.0,179170.0,15394.0,24683.0,710,487,0.0,108,102568.0,92039.0,90387.0,81752.0,216.3,0,-5967.309527264093,-51915.9438272919
30798.0,45319.0,6260.0,8286.0,315,227,19.0,95,49656.0,44288.0,34380.0,33984.0,216.3,0,-102259.42636583028,-11680.906488691437
5099.0,13347.0,3577.0,8793.0,3572,4165,4280.0,5112,11158.0,13722.0,969.0,1647.0,216.3,0,-154306.80566499903,20609.986617781244
4947.0,12874.0,1520.0,3921.0,3663,4171,4549.0,5291,9465.0,10102.0,118.0,1836.0,216.3,0,-156866.50241376978,20198.343345142675
7743.0,25721.0,1229.0,2567.0,2434,3500,2976.0,4562,9440.0,13584.0,2935.0,4151.0,216.4,0,-154468.52713128523,18933.93955294827
2548.0,15681.0,42.0,786.0,814,2542,1156.0,3696,3571.0,11026.0,384.0,585.0,216.4,0,-161881.10334157269,22123.97622092716
15293.0,23039.0,3223.0,4294.0,1411,1626,4071.0,4165,11196.0,10811.0,3888.0,3174.0,216.5,0,-149626.89926707445,19889.491750216497
15488.0,25952.0,815.0,2475.0,3288,2888,4394.0,4148,12546.0,12373.0,4033.0,4175.0,216.5,0,-149994.02689138532,17171.649669493007
5006.0,21515.0,1958.0,5752.0,2135,2557,3335.0,4022,9055.0,11625.0,1836.0,2789.0,216.6,0,-155869.13140654072,20043.733248485863
1999.0,11203.0,1455.0,4525.0,1102,2227,1581.0,2883,4071.0,7421.0,180.0,1077.0,216.6,0,-160952.9194991946,22889.586523670994
4093.0,8153.0,1486.0,3582.0,3291,3747,4647.0,4841,12423.0,13590.0,1403.0,2175.0,216.7,0,-154875.31263865388,18048.725106974354
674354.0,616620.0,1792730.0,1856960.0,6047,4020,1056.0,491,302198.0,250478.0,184064.0,144494.0,216.7,3,1387717.8613065286,1193971.7108174777
8773.0,17806.0,2267.0,5689.0,2712,2952,4176.0,4192,9582.0,9905.0,510.0,2712.0,216.9,0,-154806.61314439232,20732.37093903903
3749.0,16961.0,1340.0,2695.0,3895,4735,4542.0,5464,10529.0,12104.0,1018.0,2142.0,216.9,0,-156300.5097577941,19061.49419990396
3788.0,7658.0,1474.0,2968.0,6210,6286,7292.0,7877,16059.0,15895.0,1415.0,2740.0,216.9,0,-152848.84149563423,16001.108473641269
8663.0,8720.0,233.0,1628.0,176,123,149.0,103,4581.0,4982.0,5707.0,3259.0,217.0,0,-156341.08304629766,20040.12765922908
3237.0,7028.0,262.0,3210.0,68,72,158.0,115,11865.0,11916.0,3466.0,3362.0,217.0,0,-155050.7917171496,16485.796589684694
1467.0,6743.0,49.0,1045.0,85,0,81.0,0,2430.0,4005.0,7759.0,19588.0,217.0,-1,-156200.3692441166,17545.984963331117
925926.0,1116740.0,156094.0,223484.0,2323,2076,387.0,229,1335540.0,1047570.0,610510.0,466240.0,217.0,3,1324384.3087401087,-771202.052325447
7409.0,16419.0,1637.0,2255.0,4076,4473,5079.0,5791,12756.0,13742.0,3916.0,2974.0,217.0,0,-152238.9554822437,17290.362281555477
25992.0,40428.0,3263.0,4737.0,12101,12872,15295.0,15305,36877.0,33540.0,5912.0,5367.0,217.0,0,-130588.78194075287,6042.688711308918
8629.0,20795.0,1259.0,2574.0,3608,4103,5265.0,5849,12009.0,12652.0,492.0,2499.0,217.2,0,-154144.903027998,18696.08871993816
31811.0,48505.0,11001.0,18701.0,317,263,259.0,100,33975.0,32919.0,20932.0,27705.0,217.2,0,-115079.9605791967,5740.81988735788
16870.0,26670.0,3474.0,5401.0,13459,13679,13913.0,14158,26732.0,24682.0,4387.0,3192.0,217.3,0,-140075.63598656663,11769.799118944771
71993.0,107473.0,13643.0,22452.0,206,353,38.0,70,80426.0,72340.0,64121.0,64244.0,217.3,0,-48763.23018582932,-33577.03772161955
37966.0,62709.0,8831.0,15761.0,278,105,374.0,153,48997.0,47123.0,25836.0,42021.0,217.3,0,-101361.7321156234,-7123.426425343765
36325.0,52327.0,3403.0,5663.0,2649,2634,7567.0,7419,19307.0,18825.0,7431.0,6633.0,217.4,0,-136048.11417478946,15602.08879219209
5987.0,21291.0,2214.0,5000.0,3010,3200,3984.0,4518,8101.0,8766.0,0.0,1742.0,217.4,0,-156951.58890031764,21583.163289797947
39539.0,69115.0,9487.0,13600.0,0,63,125.0,65,57587.0,52229.0,37357.0,36327.0,217.5,0,-91388.34784680816,-14139.00182435906
10963.0,22665.0,1838.0,3122.0,4173,4191,5849.0,6273,16537.0,17414.0,2537.0,4774.0,217.5,0,-149212.9852063513,15891.446952126254
782.0,4188.0,11904.0,85231.0,231,216,130.0,7,2769.0,7074.0,22294.0,64033.0,217.5,0,-134898.01953889822,15280.335515842578
1389900.0,1198650.0,3491300.0,3652740.0,8534,4356,2408.0,1151,369316.0,315039.0,161848.0,157131.0,217.5,3,2650249.063313328,2508264.73799139
4743.0,10907.0,2114.0,4930.0,4803,5696,5980.0,6735,15098.0,16691.0,887.0,2228.0,217.6,0,-153035.58656834325,17313.75840474521
55435.0,91201.0,13368.0,23405.0,511,444,149.0,140,57189.0,54742.0,36434.0,48500.0,217.7,0,-82549.25458305521,-11180.5870250956
13138.0,19875.0,2159.0,4207.0,4412,4644,5636.0,6125,14978.0,15263.0,1947.0,3431.0,217.7,0,-149689.84846905986,17517.8524655297
16142.0,22633.0,3577.0,5777.0,3431,3676,5316.0,5179,13075.0,13858.0,2943.0,3815.0,217.7,0,-148420.51705230074,19450.014221939568
5615.0,8830.0,219.0,1618.0,2603,2594,3716.0,3538,10193.0,9871.0,2006.0,2084.0,217.7,0,-156112.081037034,18202.55812200521
5785.0,13830.0,3328.0,6364.0,6391,6900,7817.0,8858,19825.0,22222.0,0.0,2518.0,217.8,0,-149717.53112386382,16045.359194747914
1779.0,5811.0,779.0,2763.0,1425,3104,1772.0,4024,4512.0,10611.0,2336.0,2939.0,217.8,0,-159864.30766925978,21147.984648091544
60821.0,92267.0,3628.0,5419.0,305,166,0.0,0,63712.0,58464.0,51853.0,52627.0,217.8,-1,-75163.29636748918,-27394.289737552805
10829.0,24748.0,0.0,784.0,3108,3362,4562.0,4907,14259.0,15722.0,1626.0,3477.0,217.8,0,-152251.960352015,16182.949881455785
4967.0,8765.0,1764.0,4824.0,1166,2097,1543.0,3074,3846.0,8076.0,2446.0,2157.0,217.9,0,-158712.9811052062,22563.33861178248
13613.0,21297.0,2621.0,4444.0,4381,4783,6440.0,6385,18471.0,19753.0,3409.0,4537.0,217.9,0,-146467.05649860122,15393.819526792133
17756.0,28037.0,2914.0,5019.0,4323,4607,5142.0,5580,17486.0,17930.0,5456.0,4074.0,217.9,0,-144649.2193226825,15838.070678680528
3917.0,9747.0,3021.0,5946.0,2038,1760,2887.0,2957,7514.0,7046.0,1543.0,1952.0,217.9,0,-156722.6671807411,21809.260922097485
9371.0,20765.0,2451.0,6874.0,3692,4178,5326.0,5740,13401.0,14046.0,2135.0,3085.0,217.9,0,-151574.2623977977,18284.88746358019
9661.0,20305.0,2952.0,5056.0,4462,4823,5708.0,5960,15817.0,14741.0,4011.0,3246.0,217.9,0,-148952.74326845582,16751.69119643374
66968.0,93558.0,18032.0,27840.0,0,181,790.0,224,69897.0,62081.0,67472.0,51021.0,218.0,0,-54329.77116721499,-24243.79188274638
3004.0,7473.0,707.0,2665.0,164,162,228.0,121,10343.0,9713.0,3086.0,3259.0,218.0,0,-155896.62756092695,17762.660329319293
744.0,4197.0,238.0,1278.0,198,160,184.0,113,1554.0,7336.0,11240.0,38833.0,218.0,0,-151896.5971881716,14258.06710615745
526810.0,624016.0,74270.0,106274.0,2139,1410,289.0,176,687323.0,528760.0,205801.0,170438.0,218.0,3,552182.524760566,-340341.5681518977
17105.0,39624.0,0.0,2409.0,7674,7578,9659.0,10014,24898.0,24910.0,6523.0,6053.0,218.1,0,-141625.41205022018,8990.986015374616
15772.0,28391.0,2779.0,7515.0,4572,4479,6722.0,7040,18205.0,19266.0,3136.0,6171.0,218.2,0,-145672.1489880502,15680.91771784118
5670.0,13137.0,2380.0,5177.0,2818,3985,3560.0,5327,7400.0,10841.0,1179.0,2496.0,218.2,0,-156671.95886596414,21562.827931958407
1062.0,4314.0,779.0,3014.0,3034,3976,4316.0,5274,10320.0,12788.0,840.0,2281.0,218.2,0,-157671.71393074925,18581.57940871641
78496.0,114528.0,9241.0,10527.0,0,237,400.0,141,61375.0,53526.0,40022.0,38181.0,218.2,0,-75395.04752163721,-14584.78024141401
8982.0,17106.0,1507.0,3173.0,2495,2646,6752.0,7170,14707.0,16036.0,4965.0,6219.0,218.2,0,-149694.04532310684,15454.92971619828
134519.0,196780.0,22773.0,33912.0,643,348,288.0,117,161590.0,134078.0,69099.0,57775.0,218.3,0,22770.32356362833,-66164.97934308142
4850.0,12603.0,2320.0,4435.0,3265,3902,4941.0,5900,12981.0,14698.0,1702.0,3156.0,218.3,0,-153524.15826314708,18203.86045446893
60398.0,83261.0,11720.0,18631.0,665,260,0.0,0,60204.0,52987.0,51693.0,46748.0,218.4,-1,-73537.69476765161,-18517.943299307903
99427.0,155685.0,12675.0,18902.0,1063,1052,131.0,87,51980.0,45726.0,48970.0,36822.0,218.4,0,-67954.48866639748,-8156.199505039294
7872.0,15960.0,3208.0,5941.0,3602,4132,4862.0,5163,11955.0,12482.0,1342.0,3125.0,218.4,0,-152767.49052345168,19779.75949501124
14360.0,22519.0,3486.0,4439.0,5486,6149,7491.0,7707,19081.0,19262.0,2382.0,3908.0,218.5,0,-145953.15715121684,16215.127249883924
6986.0,14065.0,2238.0,4732.0,4513,4723,7160.0,7621,16548.0,18220.0,1170.0,2604.0,218.6,0,-151244.217154369,16651.598942916444
10092.0,17828.0,3009.0,5239.0,5440,4899,6804.0,6492,16682.0,16359.0,1699.0,2161.0,218.6,0,-149547.50647501205,17288.773723428087
2329.0,9773.0,542.0,2377.0,1426,3235,1843.0,4913,5228.0,13102.0,2169.0,3665.0,218.6,0,-159384.0743396365,20579.5563878137
719.0,4527.0,446.0,2020.0,1746,3532,2629.0,5580,6916.0,14708.0,421.0,609.0,218.6,0,-160350.51445662655,20492.181224829987
2448.0,8915.0,205.0,1187.0,127,22,33.0,0,3046.0,4304.0,845.0,1445.0,218.7,-1,-161752.9659944678,22242.833847465077
684.0,4260.0,441.0,2877.0,110,67,112.0,0,2213.0,6894.0,21554.0,49212.0,218.7,-1,-144898.1449203079,9174.872991043949
734692.0,949733.0,94863.0,138626.0,2619,2317,479.0,163,524806.0,416270.0,258887.0,218800.0,218.7,3,573909.0415481863,-246520.84379622413
6422.0,12407.0,1683.0,3134.0,3363,3917,3832.0,4165,9863.0,10299.0,1384.0,1871.0,218.7,0,-155490.3527020056,19792.4516768082
62377.0,104943.0,12271.0,20376.0,266,222,68.0,94,42840.0,38193.0,32235.0,28877.0,218.8,0,-94212.09450517864,326.5635716951074
3334.0,17719.0,750.0,2790.0,1269,1856,1659.0,2478,5042.0,7715.0,858.0,2287.0,218.9,0,-159883.31618937812,21539.966244505264
33073.0,46243.0,17440.0,28778.0,1908,1372,364.0,173,40277.0,36922.0,26603.0,28185.0,218.9,0,-104681.49212489354,5411.504284126477
6192.0,22605.0,588.0,2134.0,4533,5638,6075.0,7513,14064.0,17702.0,3203.0,3827.0,219.0,0,-152703.84874220716,15821.500762216165
40214.0,64807.0,9883.0,13786.0,484,231,54.0,84,48401.0,43693.0,32182.0,33865.0,219.0,0,-98824.30019264002,-6803.060158880166
6639.0,12058.0,3898.0,8290.0,8243,9103,8377.0,9321,17073.0,17458.0,1342.0,3468.0,219.0,0,-149838.84352227207,17446.105152796314
18779.0,38179.0,3003.0,4490.0,6877,7203,8737.0,8942,21779.0,22138.0,2516.0,3764.0,219.0,0,-143283.33255644783,14716.333868600364
8319.0,14117.0,2748.0,5207.0,1523,1745,5304.0,5744,12303.0,13111.0,3092.0,4034.0,219.1,0,-151748.29263146728,18558.904243754405
70707.0,118578.0,4186.0,6878.0,4801,4805,14534.0,14513,16403.0,17545.0,6984.0,5972.0,219.2,0,-126457.42574439458,20576.18453001661
787.0,3695.0,0.0,80.0,145,19,108.0,0,1833.0,4028.0,2417.0,3975.0,219.2,-1,-161918.83490952145,21737.04840848745
877939.0,937195.0,82524.0,96868.0,10029,7515,119773.0,91006,868957.0,605389.0,625576.0,424438.0,219.2,3,1007498.1440153102,-579992.1592095132
4895.0,10713.0,1596.0,2689.0,3526,3532,5254.0,5650,16200.0,16463.0,4068.0,4423.0,219.3,0,-150847.63172032256,14971.34701218214
12791.0,21927.0,1953.0,5620.0,5181,5183,7188.0,7781,16883.0,18408.0,1862.0,2708.0,219.3,0,-149025.82268246665,16448.545567206827
4754.0,12082.0,1785.0,3396.0,2610,3075,3589.0,3807,8900.0,9533.0,2183.0,2416.0,219.3,0,-156039.61870966488,19915.551399551623
4179.0,18282.0,2283.0,5991.0,1911,2687,2487.0,3693,6273.0,8906.0,624.0,1873.0,219.4,0,-158199.70736386237,22248.09262186287
43865.0,77958.0,2736.0,4729.0,315,173,140.0,106,37397.0,34672.0,35393.0,27991.0,219.5,0,-107493.21496386814,-6316.3742220384665
79306.0,112689.0,7702.0,13647.0,320,253,0.0,18,90966.0,86821.0,44083.0,66952.0,219.5,0,-52866.75280198696,-36910.25490097862
10380.0,17517.0,2030.0,3342.0,3231,4095,4577.0,5378,11434.0,12992.0,3475.0,2594.0,219.6,0,-152057.83384282683,18714.76810962217
309602.0,429162.0,62951.0,95799.0,1055,724,61.0,209,194110.0,179247.0,187494.0,167919.0,219.6,0,194130.5048053304,-94680.75931747496
4344.0,8237.0,628.0,3565.0,1392,3232,1584.0,4251,4846.0,12914.0,2134.0,2058.0,219.6,0,-159190.8848204476,21236.40869820647
3583.0,11818.0,1694.0,4481.0,2924,3688,3570.0,4315,7419.0,8779.0,468.0,1671.0,219.7,0,-158205.15898438598,21227.232239594305
1078.0,7149.0,2131.0,8385.0,160,82,115.0,0,6694.0,16144.0,4699.0,8496.0,219.7,-1,-156050.19301659096,19383.71957411688
1072.0,4391.0,993.0,3089.0,146,75,257.0,194,5301.0,8131.0,30405.0,49492.0,219.7,0,-138611.95874848217,4991.78989638155
4266140.0,1676630.0,8102920.0,3533420.0,39203,10101,8234.0,1953,6753770.0,1853780.0,5575220.0,1329590.0,219.7,2,12525819.370787883,847904.5467701037
10459.0,15558.0,1819.0,2661.0,5069,5489,6566.0,6542,13858.0,13803.0,2567.0,2749.0,219.8,0,-151196.30371488817,17551.361757456492
7753.0,21678.0,2604.0,4949.0,2579,3059,3013.0,3361,7286.0,8247.0,1772.0,2330.0,219.8,0,-155691.904119629,21774.94464812256
4830.0,9728.0,1129.0,4463.0,3588,3525,5247.0,5669,12500.0,12508.0,1477.0,2489.0,219.8,0,-154716.74725627844,17724.254359989598
3284.0,13303.0,90.0,900.0,2682,4045,3267.0,4749,8646.0,12023.0,1626.0,2546.0,219.8,0,-157888.2811855538,18820.38556404857
12188.0,26186.0,4150.0,7985.0,4652,5062,6990.0,7104,17179.0,18682.0,4652.0,6280.0,219.9,0,-145860.81334463882,16485.780385501334
75726.0,106235.0,12161.0,18086.0,948,375,488.0,230,47426.0,43032.0,32231.0,32478.0,219.9,0,-86838.41037604351,-1713.093490644089
41739.0,59270.0,5051.0,6945.0,333,395,76.0,77,48681.0,43793.0,35901.0,31000.0,220.0,0,-99814.83156256191,-11347.21466795823
575.0,3293.0,667.0,2572.0,1513,3580,2075.0,4508,5647.0,12133.0,881.0,1737.0,220.0,0,-160564.63355090423,21017.06405300601
4257.0,8497.0,2289.0,5070.0,4016,4195,5471.0,5494,12109.0,12284.0,1147.0,2387.0,220.0,0,-154598.57247248033,18898.419188574186
13923.0,31802.0,1385.0,3706.0,4756,5020,5991.0,6345,16898.0,18364.0,2318.0,4359.0,220.1,0,-148501.05450086916,15708.83424070406
19706.0,37961.0,4406.0,7243.0,4261,3954,5575.0,5419,15092.0,15893.0,2377.0,3689.0,220.1,0,-145950.1615331229,19476.39248072673
4132.0,9771.0,686.0,2523.0,1637,2877,2379.0,3596,6057.0,9573.0,1004.0,1879.0,220.2,0,-159103.3647390605,21017.956726095228
3347.0,7079.0,1489.0,2703.0,7609,8462,9024.0,9719,19666.0,19470.0,3060.0,3117.0,220.3,0,-150154.02040157,13455.819522329197
10582.0,18719.0,1798.0,2679.0,6488,6819,8546.0,8853,19252.0,19740.0,1511.0,3363.0,220.3,0,-148556.63580074476,14928.409840363804
7808.0,13185.0,767.0,4138.0,5142,5117,7046.0,7458,16340.0,16245.0,3417.0,2754.0,220.3,0,-150901.6540307249,14941.806734436395
234701.0,360788.0,19544.0,28886.0,363,348,5.0,100,233922.0,193801.0,82636.0,82837.0,220.4,0,103545.29497779612,-107858.83163097774
7180.0,19407.0,1297.0,3138.0,3047,3262,4281.0,4595,11065.0,11486.0,1914.0,2664.0,220.4,0,-154430.35048138507,18623.727029464848
14753.0,27244.0,2476.0,5800.0,4949,5301,7381.0,7871,17937.0,19726.0,4046.0,3945.0,220.4,0,-146286.1150469894,15528.802220773956
5069.0,12687.0,937.0,2556.0,3840,4083,5054.0,5350,12125.0,13096.0,3119.0,3416.0,220.4,0,-154044.70278410066,17122.952983358704
59988.0,88045.0,13387.0,22195.0,462,293,263.0,157,69857.0,63309.0,52663.0,52354.0,220.5,0,-65930.68102958583,-23539.518728963303
48423.0,72993.0,12717.0,17283.0,258,275,320.0,243,51705.0,43920.0,43173.0,35888.0,220.6,0,-87276.98078652995,-9739.502618715089
59617.0,80816.0,7254.0,11616.0,617,319,137.0,132,82409.0,77510.0,60013.0,59225.0,220.6,0,-58165.07008300819,-38352.01771359879
72526.0,123064.0,28989.0,48231.0,385,197,86.0,73,51098.0,46868.0,33459.0,39679.0,220.6,0,-74088.93703225031,7454.371393854308
2833.0,11782.0,1263.0,3810.0,1712,1964,2517.0,3278,6511.0,8797.0,209.0,748.0,220.6,0,-159487.74810118094,21538.97925348265
3512.0,7264.0,2707.0,5539.0,2597,2957,4202.0,4666,11381.0,11670.0,1202.0,2572.0,220.7,0,-154944.63789413255,19499.167465820323
184812.0,261495.0,9856.0,15760.0,765,468,0.0,34,190524.0,165337.0,78220.0,72019.0,220.7,0,53920.79820536368,-92735.51621078716
2389.0,7068.0,1308.0,3168.0,2210,2768,3320.0,4433,8560.0,11783.0,977.0,2366.0,220.7,0,-157834.7500385772,19963.85594846218
1675.0,9097.0,506.0,2081.0,2196,3997,2487.0,5269,6673.0,14134.0,294.0,877.0,220.8,0,-160153.86351749938,20746.22110190896
7351.0,22952.0,1816.0,5533.0,5097,5907,6624.0,7347,15172.0,15848.0,3382.0,3548.0,220.9,0,-150955.296877208,16230.6401130804
1335.0,4821.0,1108.0,3102.0,1736,2524,2392.0,3919,6270.0,9598.0,440.0,2685.0,220.9,0,-159754.45009976428,21090.548468834208
2086.0,10172.0,343.0,2431.0,732,1868,973.0,2721,2407.0,6829.0,0.0,0.0,220.9,0,-162773.35626484978,23150.44439178612
285683.0,396136.0,124084.0,190062.0,5905,5343,4281.0,4690,29690.0,29461.0,18484.0,15871.0,221.0,0,27695.45200713037,115475.49534753968
49143.0,84254.0,11238.0,19236.0,79,95,295.0,148,46365.0,43589.0,27316.0,32600.0,221.0,0,-98745.76758890948,-2223.361436909552
283055.0,401097.0,49919.0,78059.0,643,397,0.0,53,187781.0,163883.0,179385.0,163000.0,221.1,0,169828.8862062899,-99803.2341564542
52173.0,76520.0,5245.0,8172.0,177,173,0.0,63,60958.0,53862.0,57231.0,39246.0,221.2,0,-78319.09743097426,-25233.451027980256
5459.0,21465.0,2700.0,6332.0,3816,4488,4830.0,5619,12077.0,14284.0,1114.0,3727.0,221.3,0,-153775.24530536128,19140.35254251586
22307.0,40147.0,8953.0,12023.0,500,421,65.0,82,33161.0,31275.0,25613.0,22328.0,221.3,0,-118555.1108186634,3106.858124790215
221484.0,305828.0,15083.0,23349.0,493,403,219.0,133,317173.0,263965.0,71245.0,69314.0,221.4,0,135148.94006434086,-151137.02431142374
202656.0,274327.0,23111.0,36032.0,901,485,525.0,181,274223.0,240420.0,115447.0,111360.0,221.4,0,137684.40893882894,-144011.1725559495
12310.0,21179.0,2361.0,3926.0,4496,4728,6715.0,6945,16343.0,15579.0,4084.0,3629.0,221.6,0,-148059.51266155115,16141.468218155507
67721.0,95485.0,4521.0,5006.0,873,563,288.0,212,75292.0,66709.0,51561.0,54443.0,221.6,0,-65831.52406254961,-32534.323678699177
121145.0,177878.0,6165.0,7299.0,548,458,330.0,189,71958.0,66467.0,63654.0,59106.0,221.8,0,-43195.2500743784,-30174.73371593549
63314.0,84133.0,3091.0,4915.0,7,235,74.0,145,47805.0,42391.0,39136.0,34428.0,221.8,0,-92459.26606144628,-12309.897606446712
376876.0,556267.0,188178.0,270934.0,47060,43520,40654.0,38344,62184.0,47403.0,23971.0,19638.0,221.8,0,116226.27162829126,151466.26221049228
37812.0,51271.0,12146.0,18461.0,0,84,213.0,180,50219.0,47157.0,31565.0,35676.0,221.8,0,-97226.66438109928,-6286.658417947525
398434.0,535052.0,55461.0,79404.0,2320,1425,18192.0,15822,200676.0,160818.0,172671.0,121362.0,221.9,0,207055.892354076,-85798.92124265915
27669.0,45766.0,5760.0,9147.0,352,333,0.0,7,32980.0,30082.0,32232.0,29784.0,221.9,0,-114493.36310200168,-2064.817635340889
67876.0,119450.0,56117.0,86877.0,5686,5679,7211.0,7221,15923.0,16737.0,2754.0,3450.0,221.9,0,-99333.05039376656,61855.3175672247
7083.0,16654.0,2092.0,3417.0,4707,4710,6197.0,6346,14284.0,14033.0,2003.0,4631.0,222.0,0,-151821.37796023928,17200.594333519904
218624.0,265671.0,67280.0,102410.0,1118,1236,10995.0,10384,236816.0,209864.0,222666.0,201269.0,222.1,0,213084.61309205127,-137410.36692622103
15865.0,25997.0,3316.0,7092.0,4290,4097,6387.0,6251,17416.0,17642.0,3028.0,5536.0,222.1,0,-145922.00789167202,16641.828741112942
31920.0,47077.0,5105.0,8665.0,299,242,35.0,138,40521.0,38767.0,21102.0,33125.0,222.1,0,-113900.85690739666,-3052.267045508088
31029.0,46885.0,6790.0,9448.0,119,201,507.0,258,23091.0,21208.0,21507.0,22132.0,222.2,0,-124531.90652100774,8896.837956851408
20618.0,31109.0,2483.0,5341.0,6077,6708,7723.0,8098,18125.0,18137.0,1914.0,4137.0,222.2,0,-145240.8053479907,16559.021770697487
27818.0,42923.0,3500.0,6088.0,4934,5252,7871.0,7887,20229.0,19915.0,3084.0,4960.0,222.4,0,-140490.10932331244,16234.862357684142
1298.0,5033.0,0.0,942.0,179,114,95.0,94,4993.0,7501.0,1751.0,2614.0,222.4,0,-160547.13257085468,20496.02947700897
1667.0,5680.0,925.0,2546.0,177,102,103.0,14,7153.0,8297.0,1074.0,1972.0,222.4,0,-159109.42053649263,20384.900619744927
2222.0,7162.0,370.0,2020.0,230,158,196.0,89,5030.0,7595.0,1824.0,2229.0,222.4,0,-160043.5951102817,20856.43022442068
684322.0,754911.0,196576.0,291203.0,2044,1764,313.0,226,1108330.0,810021.0,469797.0,359109.0,222.4,3,1061902.4897775664,-575115.3133373209
9964.0,25638.0,1174.0,2508.0,7532,7890,9190.0,9481,21618.0,23255.0,304.0,3208.0,222.4,0,-148392.11804090947,13568.753562960472
3791.0,11300.0,2137.0,4698.0,1635,1825,2244.0,2610,5781.0,6601.0,696.0,1069.0,222.5,0,-158789.09319884097,22458.73240710416
13422.0,22396.0,1562.0,3185.0,3490,3828,4309.0,4510,10273.0,10596.0,652.0,1178.0,222.5,0,-153544.28247038348,20345.375759762974
141068.0,211128.0,32954.0,52546.0,382,350,20.0,102,96908.0,87702.0,84403.0,72035.0,222.5,0,4608.597791987384,-30384.02277486908
5360.0,16797.0,2095.0,5377.0,3427,4159,4398.0,5134,11670.0,13070.0,0.0,2384.0,222.6,0,-155136.0978478859,19447.073067569247
269938.0,381993.0,20529.0,30887.0,1090,570,11.0,69,262559.0,210759.0,102891.0,86426.0,222.6,0,141223.0449742866,-127035.41751796036
881.0,2993.0,1083.0,2818.0,801,1324,1425.0,1998,3997.0,5660.0,1340.0,2048.0,222.8,0,-160872.71505870394,22040.16535994438
8396.0,19378.0,1613.0,2928.0,3182,3780,4496.0,5594,11466.0,13464.0,1813.0,2038.0,222.8,0,-153784.66956631007,18861.959981908403
479270.0,651825.0,62161.0,92012.0,5561,4946,929.0,642,221216.0,185254.0,143783.0,122316.0,222.8,0,235133.1100889597,-76180.41273596077
70441.0,103988.0,6485.0,9352.0,0,238,149.0,116,75671.0,67443.0,48499.0,60596.0,222.8,0,-63947.080053327416,-30888.50089660316
59538.0,91155.0,8766.0,12970.0,666,380,302.0,187,65889.0,60796.0,49983.0,47791.0,222.8,0,-73018.35121745305,-23431.368273077474
8694.0,17440.0,2186.0,4151.0,4791,5239,5334.0,5713,11685.0,11975.0,782.0,1794.0,223.0,0,-153737.91398584284,19586.912874154343
7981.0,19297.0,2638.0,5335.0,3203,3665,4183.0,4632,11664.0,12516.0,1055.0,1443.0,223.0,0,-153654.5032783926,19839.11486832696
18308.0,16662.0,4277.0,3860.0,5855,6007,7164.0,6879,18054.0,16932.0,3450.0,3240.0,223.2,0,-144409.12220182872,17401.895607136987
15081.0,29673.0,1694.0,4222.0,7973,8421,10404.0,11080,29151.0,30713.0,6502.0,7045.0,223.2,0,-138757.43888486398,7719.724748014862
7329.0,13028.0,2519.0,4649.0,2570,2544,3719.0,3302,8702.0,8311.0,2120.0,1947.0,223.3,0,-154998.70304717953,20858.46288262201
22785.0,36899.0,22723.0,36704.0,2257,2155,5104.0,5262,14106.0,13900.0,4600.0,5195.0,223.3,0,-133407.91880459755,33198.61971919111
5694.0,12728.0,3649.0,8619.0,3823,4918,4242.0,5474,11383.0,14330.0,4015.0,3268.0,223.3,0,-152266.22096691007,19351.21007011569
77749.0,108527.0,10640.0,14832.0,393,227,500.0,262,47016.0,43028.0,45632.0,39017.0,223.3,0,-80019.97175512958,-7867.865365621576
14239.0,20076.0,4569.0,4911.0,3132,3404,4170.0,4300,11078.0,10506.0,2081.0,3648.0,223.4,0,-149978.9556678054,21439.105927294924
1847.0,5978.0,12.0,805.0,89,75,193.0,211,20492.0,29094.0,14240.0,15484.0,223.4,0,-143827.0720055089,6297.626446437142
2334.0,9683.0,78.0,1254.0,106,221,272.0,165,10492.0,10504.0,16491.0,16849.0,223.4,0,-147891.41292570415,10799.865332025462
1564880.0,1618730.0,222169.0,191365.0,5049,3081,1625.0,776,7907200.0,4431540.0,4333550.0,2285240.0,223.4,4,7231195.697326387,-5683208.241823769
2675.0,10066.0,2286.0,6168.0,101,23,225.0,225,3880.0,7173.0,1448.0,1999.0,223.4,0,-159615.12847149998,23118.898770844004
107061.0,155188.0,149135.0,221666.0,8154,7278,9895.0,9475,23785.0,21821.0,5325.0,5572.0,223.5,0,-25871.98956030729,130140.77705598284
3498.0,12726.0,854.0,2437.0,2749,3458,3064.0,3786,9530.0,12288.0,1520.0,2700.0,223.5,0,-156901.71888277048,18957.74698982665
14941.0,27568.0,4782.0,10093.0,7734,8173,9570.0,9733,24586.0,24736.0,1450.0,3874.0,223.5,0,-142377.35214666207,14621.430032182065
55203.0,91987.0,3002.0,3902.0,203,143,215.0,180,66022.0,58809.0,49990.0,47704.0,223.6,0,-77755.87581966966,-28200.41643379364
185453.0,270751.0,17325.0,28333.0,529,434,220.0,157,125938.0,111369.0,95239.0,89392.0,223.6,0,33639.94315149501,-60514.322556252206
382618.0,565145.0,48784.0,71516.0,3016,2779,705.0,553,229028.0,201500.0,138138.0,129730.0,223.6,0,199204.90154417136,-96934.66799731248
118823.0,161379.0,9422.0,15415.0,47,142,27.0,131,69259.0,59101.0,56293.0,43579.0,223.7,0,-49567.78093506119,-21812.58451482533
5803820.0,2295580.0,15524300.0,7210610.0,111579,24423,25830.0,9542,2214790.0,6004730.0,15172300.0,4166170.0,223.7,2,19804199.94875758,5449351.521723583
3120.0,9926.0,1975.0,5381.0,3875,7070,4679.0,8352,12944.0,22270.0,2339.0,4880.0,223.7,0,-153712.21906703824,17382.08714230047
53625.0,78744.0,12398.0,21303.0,7,86,4.0,65,58576.0,53086.0,44531.0,38025.0,223.8,0,-81005.39711424994,-14023.138080929712
23833.0,26066.0,1337.0,2083.0,4415,5063,7919.0,7851,19659.0,20906.0,1912.0,3816.0,223.8,0,-144100.4813780113,15144.826970488602
799091.0,801321.0,537117.0,647596.0,3983,2502,661.0,448,378347.0,313821.0,208707.0,171970.0,223.9,3,743791.6286446608,196100.3652532365
4193.0,13753.0,5300.0,10175.0,2109,2295,2865.0,2951,8560.0,8474.0,1935.0,2092.0,223.9,0,-154503.67403457288,22852.62125559978
11518.0,21470.0,5656.0,10042.0,5223,5552,6188.0,6026,13044.0,12365.0,1988.0,1933.0,224.0,0,-149446.1476713756,21290.095734697763
3321.0,8329.0,1283.0,3234.0,2153,2300,3535.0,4090,7799.0,9173.0,858.0,1387.0,224.2,0,-158194.1078329044,20598.276169280205
4589.0,14257.0,145.0,1553.0,195,102,263.0,223,6702.0,5636.0,1795.0,1637.0,224.2,0,-158607.42147953427,20059.51125134396
1698.0,10832.0,0.0,1033.0,201,178,134.0,13,2933.0,5567.0,186.0,672.0,224.2,0,-162612.5852436441,22420.64335809642
2678.0,8756.0,360.0,1466.0,185,173,136.0,103,3507.0,7719.0,28279.0,56617.0,224.2,0,-139219.96873822008,5301.185714712981
390424.0,473356.0,28855.0,39155.0,1247,1310,244.0,135,754751.0,580442.0,317342.0,261358.0,224.2,3,585887.162809876,-470946.2959414938
75511.0,115263.0,31684.0,51671.0,206,142,35.0,84,52354.0,48155.0,35879.0,40055.0,224.3,0,-69664.99690956988,8196.174147128928
67715.0,101031.0,11387.0,16942.0,134,163,212.0,124,86507.0,79697.0,57808.0,55990.0,224.4,0,-52430.95037513391,-35616.1705484459
52038.0,84851.0,16187.0,27593.0,456,294,93.0,35,72475.0,65934.0,60547.0,58065.0,224.4,0,-60765.09829038454,-26825.91352911391
5168.0,10794.0,0.0,1174.0,219,208,62.0,38,1426.0,4398.0,705.0,625.0,224.4,0,-162102.07676946433,23321.33228910298
7039.0,13241.0,2600.0,4015.0,4216,4544,5461.0,5947,14124.0,15451.0,2798.0,3356.0,224.4,0,-151479.926512891,17580.901160634807
61888.0,94347.0,15720.0,25707.0,442,274,188.0,88,77837.0,74381.0,52265.0,60195.0,224.4,0,-58365.98401274484,-26861.531046457727
4477.0,10287.0,1507.0,3519.0,2243,2775,3248.0,4268,8838.0,11085.0,2861.0,3090.0,224.5,0,-155901.21430239963,19395.404998362283
3404.0,8785.0,144.0,1327.0,653,1762,943.0,2675,2464.0,7509.0,0.0,353.0,224.5,0,-162376.4486152198,23017.500514056
10212.0,12262.0,2143.0,2830.0,3366,3197,4455.0,4607,11334.0,12256.0,0.0,1801.0,224.5,0,-153837.3510802607,20107.681029735264
2691.0,6202.0,0.0,258.0,167,158,77.0,49,10942.0,13453.0,3618.0,3645.0,224.5,0,-155772.51202484244,16650.384517980616
551636.0,654333.0,82639.0,116771.0,1570,1119,168.0,301,1151200.0,891503.0,430441.0,346124.0,224.5,3,955345.0982700108,-679708.704408177
2246.0,10650.0,139.0,480.0,104,21,130.0,12,1352.0,4362.0,9381.0,23927.0,224.5,0,-155000.8065704883,17105.561270440972
36719.0,67111.0,5865.0,10469.0,121,44,324.0,132,44630.0,45244.0,28973.0,38065.0,224.5,0,-105164.63533083384,-7622.5027209308355
118210.0,172024.0,19072.0,30256.0,276,174,0.0,63,65355.0,56205.0,50822.0,48574.0,224.6,0,-47882.99179285578,-11313.156077837186
50686.0,77431.0,4512.0,6832.0,287,185,0.0,85,58579.0,55982.0,28816.0,38729.0,224.6,0,-93726.78375455952,-15114.884458448165
7489.0,15901.0,2995.0,6132.0,4233,4772,5929.0,6734,15225.0,17212.0,2040.0,3356.0,224.7,0,-150841.2365243537,17577.26695016389
25051.0,41336.0,2882.0,3819.0,375,244,0.0,52,29705.0,27735.0,21300.0,24988.0,224.7,0,-124706.17634462962,1608.2472853279723
3201.0,9275.0,1484.0,3508.0,3742,6860,4205.0,7342,10221.0,16709.0,2997.0,3931.0,224.8,0,-155343.95355198198,18386.36745428435
48604.0,83024.0,3723.0,6793.0,225,125,301.0,103,56843.0,49360.0,44464.0,40030.0,224.8,0,-88387.06668468284,-20321.79979007908
5274.0,11589.0,1962.0,6065.0,2711,4556,3181.0,5958,8532.0,15608.0,2573.0,2569.0,224.9,0,-155766.3287459072,20135.47329128076
412.0,2422.0,473.0,3119.0,1241,3654,1495.0,4785,4004.0,13103.0,228.0,260.0,224.9,0,-162197.23112932552,22159.311391541425
13928.0,25917.0,3939.0,7472.0,5375,5361,6994.0,7445,18009.0,17367.0,3679.0,3687.0,224.9,0,-145858.83834542715,16700.53682450185
359720.0,520942.0,62473.0,90433.0,713,334,381.0,177,255139.0,223131.0,144245.0,112569.0,225.0,0,214251.8500033136,-101862.61124528183
3342.0,10477.0,4221.0,9930.0,2211,2421,2506.0,2878,7715.0,8767.0,1403.0,1863.0,225.0,0,-156166.66617254942,22630.46868404624
22194.0,36449.0,3233.0,3899.0,2878,2928,5421.0,5195,14109.0,13040.0,7584.0,6307.0,225.0,0,-143546.2239478795,17194.551370154524
4232.0,8688.0,2272.0,6608.0,4637,5322,5477.0,6126,13420.0,14116.0,1760.0,2685.0,225.0,0,-153555.39097023904,17939.2678339051
3277.0,6968.0,1268.0,3622.0,4027,4595,4441.0,5103,10312.0,11501.0,2117.0,1817.0,225.1,0,-156163.59725134165,18768.598884193525
3395.0,14564.0,209.0,1487.0,1682,3367,2247.0,5037,6021.0,12188.0,1842.0,2984.0,225.2,0,-159065.93003628857,20186.751614544828
2301.0,7440.0,151.0,1160.0,1167,3030,1835.0,4730,4044.0,11386.0,392.0,564.0,225.2,0,-161631.2264221507,21937.13606953468
2096.0,11503.0,654.0,3316.0,1347,2089,1778.0,2789,4945.0,7897.0,522.0,687.0,225.2,0,-160819.71924903442,21762.15195562115
7747.0,14334.0,1024.0,3367.0,3249,3304,3570.0,3862,8783.0,8595.0,1024.0,1299.0,225.3,0,-156317.33362366428,20167.968596782917
697.0,3342.0,877.0,2903.0,1727,2498,2397.0,3454,5556.0,7712.0,0.0,0.0,225.3,0,-161154.23678647785,21771.26108967381
19986.0,42544.0,2071.0,3462.0,7273,7660,11001.0,12051,25808.0,25902.0,3624.0,5222.0,225.4,0,-140450.789196172,11371.087623143329
30371.0,44478.0,1783.0,3797.0,732,411,118.0,50,29052.0,29605.0,17885.0,24510.0,225.4,0,-125664.3407670012,2723.6256274940824
35657.0,50697.0,7559.0,11917.0,602,517,381.0,122,48953.0,45737.0,27468.0,26600.0,225.4,0,-104772.32562742617,-6622.994097574676
539127.0,686179.0,104967.0,149350.0,1813,1080,166.0,193,727839.0,586225.0,310103.0,230913.0,225.5,3,655127.7545999362,-380894.24385357264
7735.0,16978.0,2276.0,4262.0,2950,2619,4115.0,4367,10789.0,10806.0,2409.0,2242.0,225.6,0,-153671.4698049482,19451.25238835916
4708.0,8315.0,1539.0,3093.0,5241,5905,6920.0,7747,13127.0,14614.0,1897.0,2034.0,225.6,0,-154040.8894299007,17623.214222858365
25834.0,41320.0,3276.0,5856.0,2331,2002,5996.0,5942,14101.0,12869.0,5702.0,3871.0,225.7,0,-143643.7855862335,18467.308949135804
1385.0,5627.0,913.0,1955.0,451,1226,859.0,2059,2130.0,4759.0,1626.0,1944.0,225.7,0,-161732.98878679267,22866.09885745758
5110.0,17005.0,799.0,2137.0,1562,2373,2004.0,2982,4473.0,6929.0,985.0,2007.0,225.7,0,-159586.97162784092,22013.132027716103
62927.0,94371.0,8177.0,13311.0,2281,2146,307.0,222,60419.0,50018.0,46808.0,37622.0,225.9,0,-78507.14787197475,-18211.81882231198
733.0,4316.0,0.0,315.0,125,0,133.0,15,2521.0,4497.0,1319.0,2281.0,225.9,0,-162352.06935062833,21967.21206056574
2663.0,11373.0,593.0,1989.0,44,0,96.0,37,4914.0,5253.0,854.0,1560.0,225.9,0,-160397.260178576,21535.980889980976
510801.0,654435.0,33503.0,49136.0,2012,1254,638.0,284,773340.0,597167.0,327587.0,266273.0,225.9,3,643099.217124558,-472449.4525634743
33084.0,47450.0,6023.0,9996.0,469,281,225.0,115,34902.0,31251.0,18781.0,26718.0,225.9,0,-118261.1195424006,2409.332228888794
15742.0,30703.0,3965.0,5542.0,4565,4363,6352.0,6087,17694.0,16754.0,3454.0,3485.0,225.9,0,-145578.86363894382,17123.741735625117
31856.0,54176.0,4056.0,5540.0,35,165,36.0,29,39210.0,33959.0,28745.0,33907.0,225.9,0,-111611.57444569464,-5802.312092290405
5551.0,13417.0,2111.0,4254.0,4216,4272,4802.0,5365,10773.0,11479.0,263.0,1921.0,226.0,0,-155515.7638391267,19934.981910899543
40571.0,61171.0,7400.0,10271.0,136,253,0.0,11,55195.0,50305.0,42213.0,37722.0,226.0,0,-91136.63050228372,-16175.189739394707
13907.0,19744.0,1922.0,3555.0,4943,5606,5600.0,5873,14683.0,14828.0,1120.0,1525.0,226.1,0,-150452.64545993393,18097.05813467652
54578.0,84203.0,2145.0,3729.0,0,85,0.0,65,64249.0,56138.0,41668.0,42700.0,226.1,0,-84138.5151507468,-24485.45563746045
7642.0,17535.0,1301.0,3583.0,4342,4514,6430.0,7181,14317.0,15476.0,1588.0,3250.0,226.1,0,-152520.5113634341,16952.862431080117
59963.0,86628.0,15987.0,24236.0,320,224,0.0,18,59212.0,53698.0,52766.0,42966.0,226.1,0,-71855.31183589656,-14587.165044323672
29567.0,43274.0,5963.0,10053.0,12254,12267,16083.0,16076,40573.0,39043.0,9639.0,7945.0,226.1,0,-123639.48973092486,4785.4145697724525
5082.0,9516.0,786.0,1885.0,3195,3687,4349.0,4871,10684.0,11332.0,2470.0,2117.0,226.2,0,-155453.06436561985,18174.883706632845
15013.0,21357.0,1098.0,1941.0,5659,5962,7204.0,7413,17091.0,16760.0,2762.0,3539.0,226.2,0,-148144.06270566353,15440.518149814226
12567.0,16529.0,720.0,1868.0,3690,3631,5156.0,5042,14794.0,13981.0,4364.0,3638.0,226.2,0,-149680.02034122965,15644.441559268436
9506.0,14245.0,3496.0,4291.0,3104,3238,5339.0,5194,14454.0,14274.0,2804.0,2715.0,226.3,0,-150088.40949406297,18352.193614335916
42201.0,58900.0,6284.0,11408.0,7004,7291,11818.0,11614,29325.0,26852.0,7095.0,5784.0,226.4,0,-127192.5799528049,13119.083793758273
1622.0,6612.0,1294.0,5627.0,243,311,149.0,33,2007.0,5119.0,11689.0,26575.0,226.4,0,-152637.38447114843,16449.555586995622
33573.0,51131.0,17798.0,27929.0,1979,1892,282.0,257,47617.0,42269.0,20487.0,31101.0,226.4,0,-102567.027969104,3415.2856667093984
229732.0,291800.0,245207.0,308780.0,20115,15431,22571.0,16426,94211.0,74222.0,43842.0,30050.0,226.4,0,131242.59658747216,158470.5239077903
7386.0,12125.0,2487.0,4889.0,7343,7646,8876.0,8893,15727.0,15305.0,694.0,2117.0,226.5,0,-151710.60802930535,17550.261858462272
52813.0,94432.0,6380.0,10885.0,52,214,59.0,58,57608.0,51869.0,46282.0,43422.0,226.5,0,-83624.64753000901,-19476.30130559449
10530.0,17075.0,3367.0,5025.0,4641,5561,5514.0,6302,12162.0,13403.0,3029.0,1970.0,226.5,0,-151121.677366284,19594.703199175317
5748.0,11172.0,2293.0,5595.0,4246,4733,5159.0,5817,12248.0,12393.0,1041.0,1668.0,226.6,0,-154213.11689968733,19075.399303821883
4427.0,11142.0,2030.0,3573.0,2246,2662,3493.0,4222,8043.0,9365.0,1879.0,1837.0,226.7,0,-156714.87495928092,20716.436439904955
6614.0,19230.0,1745.0,3883.0,3768,4408,5177.0,5787,12501.0,14468.0,1204.0,2193.0,226.7,0,-153955.89693034664,18458.333095861264
4176.0,19365.0,734.0,2610.0,2648,4612,3378.0,5953,7770.0,13505.0,1003.0,2219.0,226.7,0,-158049.1400433318,20098.229306795016
3176.0,10848.0,2260.0,4603.0,180,101,103.0,17,7166.0,6099.0,1182.0,1261.0,226.8,0,-157901.40172767278,21569.138286705474
917976.0,1220870.0,1031570.0,1494000.0,2598,2028,518.0,279,514521.0,408736.0,222194.0,187757.0,226.8,3,1158412.053764345,501218.33417335246
17439.0,25470.0,3699.0,5715.0,6618,6910,8159.0,8708,22837.0,23381.0,5097.0,6464.0,226.8,0,-141066.20111311984,13342.164310334483
11897.0,33879.0,1436.0,2678.0,5093,5556,8411.0,9125,20391.0,22148.0,4887.0,4472.0,226.8,0,-145978.60884530743,12858.412755496956
4018.0,11752.0,0.0,2628.0,442,1110,768.0,1580,1590.0,4889.0,488.0,1330.0,226.8,0,-162356.71335875598,23122.13046459417
150294.0,217964.0,27188.0,40618.0,330,299,125.0,86,67330.0,58107.0,50620.0,44193.0,226.9,0,-32546.393174329714,-3121.4818432170323
13153.0,23466.0,2176.0,3044.0,3968,4316,5430.0,5284,11649.0,11249.0,2266.0,2539.0,226.9,0,-151524.7373761942,19331.02005470604
4396.0,10220.0,2682.0,4295.0,2542,2571,3058.0,3169,8205.0,7628.0,1251.0,1043.0,227.0,0,-156675.352598195,21444.00346409485
2027.0,9385.0,1029.0,3171.0,1586,2643,2038.0,3250,5135.0,7546.0,0.0,1102.0,227.0,0,-160682.86102977677,22056.83528223698
3274.0,11200.0,1114.0,2812.0,1921,2385,2989.0,3826,5269.0,6559.0,811.0,1714.0,227.0,0,-159676.21329370313,21789.650070514574
2519.0,14783.0,1711.0,6401.0,2630,6143,3136.0,7518,8152.0,18424.0,1065.0,4074.0,227.0,0,-157445.56647106376,20232.1622356772
2771.0,13460.0,643.0,3379.0,749,3199,905.0,3508,2454.0,8356.0,355.0,855.0,227.0,0,-162040.06002832332,23167.07940281905
5516.0,14416.0,2018.0,4275.0,3066,3525,4409.0,4930,10881.0,12699.0,2306.0,2981.0,227.1,0,-154404.3450595009,18971.33623647035
8335.0,16901.0,2921.0,4478.0,4599,4768,5781.0,5845,16679.0,16500.0,1792.0,2723.0,227.1,0,-150031.16172454428,16978.428847051546
21215.0,37982.0,3009.0,4756.0,7339,7477,10523.0,10708,24923.0,23470.0,5865.0,7323.0,227.2,0,-138599.25858867902,11611.677554001551
3367.0,7927.0,448.0,1753.0,5229,6067,5983.0,6824,12961.0,14187.0,2587.0,2907.0,227.2,0,-154742.12321121077,16430.970982386694
2565.0,7545.0,617.0,1881.0,311,187,239.0,160,4209.0,4205.0,34639.0,33129.0,227.2,0,-139816.48607556126,6285.35838514916
3763.0,11982.0,2114.0,2896.0,451,220,342.0,170,7538.0,5147.0,56797.0,37413.0,227.2,0,-125759.7579324,-2229.746235850569
1065.0,6710.0,944.0,3912.0,239,177,199.0,129,3638.0,6144.0,22797.0,41086.0,227.2,0,-144511.37840801355,9548.325659204454
2272.0,9278.0,4790.0,10692.0,281,152,335.0,202,9277.0,9669.0,47727.0,41756.0,227.2,0,-127129.0280293224,1166.6427198364072
2260.0,8257.0,13469.0,36087.0,118,106,282.0,216,102599.0,148300.0,31398.0,42382.0,227.2,0,-77800.97818386705,-36868.48404333951
6170.0,15235.0,28807.0,35817.0,334,264,348.0,167,347239.0,206590.0,76139.0,44492.0,227.2,0,88817.0077353688,-171064.58400841206
8106400.0,2507550.0,16548900.0,5506100.0,57478,11114,14089.0,2433,14434000.0,6176330.0,14421600.0,2765640.0,227.2,1,27320719.905952457,302865.53457380814
44425.0,72698.0,41808.0,67137.0,5591,5283,809.0,560,29838.0,26602.0,23722.0,25564.0,227.2,0,-94173.46300366508,31713.39207668411
28478.0,48751.0,2473.0,5743.0,4216,4009,8465.0,8876,21942.0,22541.0,2835.0,6807.0,227.3,0,-139737.03549262413,14407.47087326332
282773.0,410277.0,16533.0,25545.0,831,350,0.0,29,154498.0,127672.0,74661.0,57519.0,227.3,0,65234.99394120212,-57831.97458569849
4509.0,13808.0,1208.0,4293.0,3943,5021,4451.0,5654,10686.0,13069.0,237.0,239.0,227.3,0,-156734.44596076992,19459.827955485067
78003.0,121659.0,12671.0,21319.0,828,954,291.0,227,51720.0,47238.0,36661.0,44846.0,227.4,0,-79268.03719987006,-6656.692837676943
110044.0,166265.0,24433.0,39895.0,488,211,122.0,158,66633.0,57971.0,60234.0,45634.0,227.4,0,-42793.59241734631,-11248.079495347049
115695.0,172975.0,39442.0,62338.0,991,370,0.0,22,67818.0,60959.0,51723.0,44907.0,227.4,0,-35499.26832698958,2880.121203256451
16375.0,23108.0,906.0,4026.0,3992,3555,4792.0,4933,12847.0,12076.0,1106.0,2018.0,227.4,0,-151204.48646681017,18423.54909428147
5827.0,12707.0,942.0,2489.0,1114,2463,1622.0,3576,3015.0,8663.0,2002.0,2187.0,227.5,0,-159582.06818697433,22590.89392047962
3900.0,11967.0,1050.0,3661.0,2051,4459,2768.0,5377,6598.0,13171.0,813.0,1274.0,227.5,0,-158852.71912211753,21137.70495635128
24519.0,46922.0,4054.0,5605.0,11340,11501,13536.0,13044,32178.0,28702.0,4764.0,6356.0,227.5,0,-133559.2605856774,9288.95197118988
7089.0,21735.0,1033.0,2406.0,4049,5502,6419.0,8287,15337.0,20042.0,1301.0,2870.0,227.6,0,-152490.76284351983,16308.765709612804
6493.0,12929.0,1671.0,2215.0,3570,3624,4783.0,4963,11180.0,11336.0,1783.0,1346.0,227.6,0,-154649.4327390822,19025.46832358269
5706.0,11980.0,2075.0,3274.0,3412,3608,4283.0,4537,13757.0,14792.0,2750.0,4045.0,227.6,0,-152330.58269465162,17194.24011913107
4574.0,16176.0,736.0,2596.0,3496,4014,3999.0,4585,8496.0,9810.0,1143.0,2304.0,227.6,0,-157434.8147227151,19686.4914917927
8214.0,18863.0,4478.0,8098.0,2915,3282,4104.0,4649,12080.0,12975.0,3846.0,3954.0,227.6,0,-150546.38394789185,19752.51615208957
4162.0,17442.0,1366.0,3835.0,1958,3916,2533.0,5320,6903.0,13657.0,1812.0,2535.0,227.7,0,-157737.33095411476,20725.42588930731
7291.0,10587.0,2190.0,3342.0,4067,4292,4675.0,5034,9449.0,10292.0,1444.0,1927.0,227.7,0,-155098.93545684795,20440.17688232748
3148.0,10064.0,971.0,2544.0,1173,2013,1855.0,3076,5058.0,8228.0,1374.0,1768.0,227.7,0,-159654.7590128984,21586.209673897018
3020.0,6274.0,78.0,1494.0,681,1619,746.0,2277,2318.0,5904.0,275.0,605.0,227.7,0,-162449.7664177872,22890.27346716597
27645.0,43919.0,7875.0,14277.0,505,457,0.0,57,36104.0,30987.0,27720.0,27036.0,227.8,0,-114073.17417042077,-247.5627410836205
5407.0,12424.0,1222.0,2946.0,5105,5407,5941.0,6416,13500.0,13675.0,557.0,1828.0,227.8,0,-154453.32704858072,17708.053830569428
17573.0,18728.0,2087.0,2734.0,4502,4563,7239.0,7282,16697.0,16142.0,3744.0,4198.0,227.8,0,-146395.1538383819,16170.818617044308
4197.0,10688.0,1677.0,5466.0,3186,4726,4167.0,5998,11340.0,15984.0,3929.0,3373.0,227.9,0,-153960.0488702156,17774.202300308152
8809.0,14100.0,1229.0,1937.0,4100,3958,5391.0,5455,13114.0,13769.0,2817.0,3313.0,228.0,0,-152280.38541548487,17211.14140339179
40754.0,60971.0,6710.0,12291.0,426,246,20.0,17,61469.0,55924.0,31036.0,36988.0,228.0,0,-93290.38054541894,-16227.899518131511
12272.0,28947.0,2255.0,3684.0,6584,7400,8999.0,10646,22884.0,27526.0,2573.0,3631.0,228.1,0,-145198.63847598046,13067.699410048128
2950.0,9103.0,494.0,1964.0,143,179,174.0,69,1979.0,4659.0,17294.0,32834.0,228.1,0,-149042.9651771409,13217.674343952713
51872.0,94226.0,7413.0,13570.0,587,395,253.0,136,60400.0,56526.0,36525.0,49113.0,228.1,0,-85288.03605376961,-17808.380244118656
34869.0,41382.0,12534.0,19274.0,453,258,213.0,119,47164.0,42688.0,38877.0,30859.0,228.2,0,-97087.01270451756,-6329.454343949423
9905.0,16615.0,1601.0,2760.0,2847,2876,3771.0,3814,8949.0,8514.0,2211.0,3014.0,228.3,0,-154352.02944326284,20042.96519777541
36292.0,67489.0,5352.0,10529.0,1280,1007,0.0,137,43603.0,41016.0,18737.0,29257.0,228.3,0,-112397.57672759292,-2856.2735352998025
54113.0,76613.0,20057.0,31683.0,656,284,475.0,188,56691.0,49552.0,41968.0,36746.0,228.4,0,-78761.5927157566,-6122.201274124782
43799.0,59627.0,13014.0,23320.0,13130,13022,1254.0,1121,49807.0,44562.0,46001.0,40520.0,228.4,0,-87483.22490451655,-10369.898123091967
72549.0,99763.0,12920.0,20927.0,3319,3451,9248.0,8874,22822.0,21588.0,11897.0,9812.0,228.4,0,-114248.91853061582,21738.56372969214
38240.0,57282.0,13933.0,21417.0,632,271,0.0,0,42387.0,38113.0,27607.0,26024.0,228.5,-1,-103847.3297675252,1952.6739122822687
35572.0,46949.0,4691.0,8310.0,167,248,307.0,199,32029.0,31552.0,20604.0,24492.0,228.5,0,-119382.54775483922,2825.59893418146
37621.0,50840.0,2609.0,5237.0,619,421,384.0,181,36596.0,34270.0,21580.0,23662.0,228.6,0,-117120.43404704815,-1254.9871882817242
171286.0,261178.0,42009.0,62995.0,136,186,406.0,155,88935.0,78251.0,72793.0,68384.0,228.6,0,9267.098762210837,-12605.117094821042
5088.0,14331.0,188.0,1985.0,162,114,209.0,244,14114.0,12076.0,1590.0,1743.0,228.6,0,-154398.61912479464,16214.002528198544
3662.0,14169.0,581.0,1939.0,170,87,320.0,333,3145.0,3944.0,21330.0,23859.0,228.6,0,-147798.61023349955,12627.448340543628
858921.0,1018730.0,88397.0,122739.0,6358,4978,43948.0,39294,665163.0,538940.0,488220.0,416474.0,228.6,3,827294.1462843062,-421112.9858014484
2649.0,8906.0,1199.0,2938.0,2401,2976,3990.0,4999,10081.0,12045.0,1246.0,1954.0,228.7,0,-156918.91412912926,19055.319655760693
3961.0,8964.0,1012.0,3070.0,3333,3443,3888.0,4115,11492.0,11447.0,782.0,2286.0,228.9,0,-155981.46538812664,18367.930615660305
28094.0,46508.0,4782.0,9645.0,378,235,456.0,249,29816.0,30781.0,18375.0,26390.0,228.9,0,-123651.74073142192,3996.367081854627
39249.0,73409.0,5910.0,8764.0,569,521,86.0,59,49431.0,45739.0,31580.0,39332.0,228.9,0,-100250.88888208351,-11010.933372967664
13853.0,24984.0,4207.0,5895.0,4750,4458,5578.0,5473,16403.0,15944.0,4165.0,3208.0,228.9,0,-146476.86757895772,17660.920989019745
15990.0,31305.0,4087.0,7250.0,4166,4235,5552.0,5850,17024.0,18236.0,5053.0,5184.0,229.0,0,-144772.80044244428,16822.87086369437
1277.0,5576.0,20.0,831.0,182,113,212.0,130,7003.0,10021.0,1121.0,1650.0,229.1,0,-159885.73218084275,19777.61979703868
495206.0,633892.0,43703.0,65891.0,1330,1063,911.0,276,841166.0,669236.0,226193.0,192557.0,229.1,3,622265.6623436873,-458184.9306958071
1065.0,6863.0,132.0,1442.0,106,0,204.0,118,846.0,4446.0,573.0,1327.0,229.1,0,-163601.47041399058,23370.442136126934
16416.0,23565.0,6227.0,9757.0,5706,5567,7068.0,7339,18273.0,18170.0,1582.0,2294.0,229.1,0,-144766.3071124144,19377.513666563897
338335.0,479102.0,16964.0,22450.0,782,794,361.0,198,152189.0,135885.0,89140.0,80029.0,229.2,0,92571.89249486226,-60071.08179397604
7119.0,12852.0,2629.0,5300.0,4653,5096,6383.0,6886,16719.0,18146.0,2395.0,4788.0,229.2,0,-149937.75959904853,16155.254536260043
3632.0,12703.0,0.0,2367.0,195,105,155.0,48,7746.0,8972.0,953.0,1402.0,229.2,0,-158851.20429689254,19631.31121451381
1765.0,11016.0,0.0,0.0,154,83,185.0,102,3476.0,6707.0,606.0,1200.0,229.2,0,-162006.64514882874,21921.30599504192
2179.0,8197.0,341.0,2217.0,207,75,155.0,91,5028.0,12068.0,49963.0,82290.0,229.2,0,-124151.26221914268,-6360.114481400648
618523.0,760558.0,74189.0,101049.0,1722,1265,434.0,177,952424.0,711761.0,390672.0,310807.0,229.2,3,837470.4845156774,-556543.3496551464
7356.0,12673.0,1651.0,3535.0,2992,3091,4235.0,4646,12065.0,11904.0,2344.0,2155.0,229.3,0,-153501.08667257082,18298.60731051451
33249.0,51443.0,20758.0,32548.0,38447,37036,40826.0,38535,50653.0,38115.0,11645.0,12644.0,229.3,0,-106246.31012721291,9712.92195764627
6276.0,14809.0,1477.0,3947.0,4040,4805,5098.0,5798,12658.0,14502.0,2157.0,3325.0,229.4,0,-153501.54177112153,17671.593598266605
4219.0,10569.0,2561.0,5198.0,5908,6708,7438.0,8685,16734.0,19577.0,1590.0,2505.0,229.5,0,-151655.31412838912,16471.48311420169
55368.0,87164.0,4408.0,6751.0,469,191,102.0,74,64183.0,56656.0,49776.0,48930.0,229.5,0,-77776.52513561334,-26233.869185075266
58882.0,86050.0,6234.0,11155.0,882,685,191.0,194,54719.0,50169.0,47958.0,41696.0,229.6,0,-82882.55238103819,-17897.86535384602
1949.0,4466.0,1843.0,3026.0,2628,2905,3298.0,3653,8172.0,8366.0,446.0,774.0,229.7,0,-158390.6463410062,20946.42040596189
5240.0,7058.0,3328.0,6480.0,2730,3001,3498.0,3786,9556.0,10637.0,1277.0,1920.0,229.7,0,-155111.23120920005,21144.428080888378
5051.0,9241.0,2010.0,5759.0,3708,4122,5118.0,5491,12939.0,13074.0,1597.0,1765.0,229.8,0,-153951.12587386605,18237.331741210623
148170.0,216002.0,21688.0,34629.0,358,208,627.0,214,76045.0,68257.0,75239.0,66442.0,229.8,0,-16493.39745957157,-23418.390948229266
16541.0,18055.0,2116.0,4917.0,4996,4362,6334.0,5820,13441.0,13840.0,3601.0,2066.0,229.8,0,-148942.06378125807,18206.976565925048
88422.0,144058.0,3354.0,4949.0,460,404,51.0,65,69616.0,65988.0,67887.0,59790.0,229.8,0,-54582.00632750554,-35007.64448817433
1729.0,7398.0,1156.0,3691.0,1668,2388,2044.0,2978,5966.0,9202.0,0.0,100.0,229.8,0,-160415.39311307686,21826.679997676285
9416.0,13619.0,2835.0,4135.0,6323,6293,6974.0,6803,14379.0,14855.0,903.0,1556.0,229.9,0,-151607.81074130637,18692.33450731449
9762.0,21652.0,3438.0,5031.0,2092,1992,4725.0,4937,11424.0,11235.0,4189.0,4440.0,229.9,0,-150787.7100246667,19243.31748399673
28439.0,36830.0,2569.0,4454.0,3964,3788,6083.0,5997,18015.0,17917.0,4638.0,4651.0,229.9,0,-141410.77232145015,16281.210428938954
59161.0,103344.0,33368.0,51205.0,5160,4983,12759.0,12738,34809.0,33315.0,12467.0,13304.0,229.9,0,-98949.90692194272,29192.70430475045
4459.0,7391.0,2224.0,4936.0,6531,6564,8148.0,8398,17898.0,17441.0,2041.0,1812.0,229.9,0,-151040.68933359187,15560.186464769416
42963.0,65807.0,9956.0,15449.0,300,175,99.0,79,48423.0,44842.0,22831.0,39636.0,230.0,0,-101205.98724509052,-4255.151709925682
8138.0,14629.0,2506.0,4019.0,3826,4235,4837.0,5293,12097.0,13205.0,1746.0,2896.0,230.1,0,-152870.8530565036,19088.90367316567
154885.0,232265.0,62903.0,97022.0,687,317,212.0,201,110000.0,98210.0,87637.0,78651.0,230.1,0,36611.102358972246,-15594.60104074306
1212240.0,1251940.0,1934100.0,2440910.0,6972,5243,971.0,783,975204.0,758937.0,596010.0,461800.0,230.1,3,2260368.417413926,800070.7699655264
8615.0,15172.0,3230.0,6825.0,5849,5557,8064.0,8348,21279.0,21206.0,3039.0,4182.0,230.2,0,-146379.00664666647,14159.107674060388
42496.0,75325.0,4423.0,9522.0,6975,7072,9162.0,8949,24387.0,22687.0,2412.0,4204.0,230.2,0,-133364.60688283056,16146.906187618588
2627.0,9202.0,0.0,1063.0,200,142,279.0,248,5965.0,7049.0,24628.0,33687.0,230.2,0,-143707.45904348278,8128.17593822426
2487.0,15985.0,506.0,3380.0,198,106,174.0,75,8163.0,19057.0,30000.0,59671.0,230.2,0,-135302.1624887645,1905.9945756543275
1622.0,6205.0,525.0,1549.0,177,148,99.0,0,15979.0,19743.0,29690.0,32253.0,230.2,-1,-136095.60486658162,1606.2815565351411
1531.0,9611.0,278.0,1693.0,219,165,67.0,0,3231.0,7700.0,16219.0,29447.0,230.2,-1,-150010.58634468168,13106.058591204006
1237870.0,865121.0,421949.0,373551.0,17483,8693,2206.0,1095,12215500.0,5647330.0,5811970.0,2682860.0,230.2,1,10376989.80050693,-8409363.314649902
79462.0,115266.0,10646.0,16577.0,216,198,482.0,159,44125.0,37787.0,44107.0,33320.0,230.2,0,-82747.40144917136,-4884.512638015225
15178.0,25430.0,7480.0,12356.0,336,196,497.0,232,27613.0,25114.0,14442.0,16194.0,230.2,0,-130981.35425548514,8993.205597068174
3486.0,21294.0,0.0,2257.0,77,5,182.0,78,1609.0,4872.0,9605.0,27522.0,230.3,0,-153822.71612944885,16377.64533199225
47740.0,62987.0,14190.0,21798.0,25,63,223.0,135,67765.0,62237.0,42716.0,50084.0,230.3,0,-75517.03565639217,-19105.075304570943
76247.0,112618.0,22878.0,36185.0,77,251,199.0,164,54584.0,50338.0,37802.0,35538.0,230.3,0,-73289.54344473555,356.16690941677734
1463.0,8850.0,262.0,1915.0,1214,2593,1581.0,3508,4583.0,9732.0,1235.0,2347.0,230.3,0,-160842.1929763279,21140.93032088348
8267.0,13696.0,3906.0,5546.0,8222,7972,9320.0,9262,20039.0,19133.0,2544.0,3032.0,230.3,0,-147190.1641302236,15647.553604817447
3713.0,17281.0,2185.0,7006.0,2434,3523,2893.0,4234,7619.0,11456.0,492.0,1608.0,230.3,0,-157765.8921010127,21501.503685544358
8716.0,22145.0,2576.0,5339.0,6519,7072,9118.0,10007,22256.0,23873.0,3139.0,4615.0,230.4,0,-146067.238011072,13055.96668931946
2441.0,11705.0,1536.0,4674.0,1045,1964,1499.0,2556,3768.0,6595.0,620.0,1442.0,230.4,0,-160665.87737226475,22948.9350901716
7424.0,11584.0,1774.0,3260.0,3745,3574,6195.0,6197,14244.0,14002.0,3222.0,2643.0,230.5,0,-151705.43417536656,16874.356951728372
4870.0,10869.0,2914.0,5653.0,2536,2536,3313.0,3360,8572.0,8242.0,0.0,2013.0,230.6,0,-156592.55328267178,21739.24234238936
13965.0,23153.0,3853.0,6849.0,3796,3712,5822.0,5735,16363.0,16319.0,2446.0,3612.0,230.6,0,-147398.2514646981,17931.759497145715
1691.0,7505.0,691.0,3163.0,1413,3328,1709.0,4025,3549.0,9588.0,167.0,493.0,230.6,0,-161896.72124098454,22652.826409424728
1166.0,6428.0,362.0,1187.0,1271,1949,1715.0,2726,4287.0,6927.0,0.0,789.0,230.6,0,-161878.0591340463,21981.739430961246
178005.0,247513.0,16604.0,25583.0,239,413,349.0,109,268496.0,209535.0,119539.0,101698.0,230.7,0,122987.17327187365,-147745.79144412308
10670.0,23340.0,2494.0,4334.0,5043,5440,6636.0,7246,16614.0,18726.0,2772.0,4008.0,230.7,0,-148894.5908924388,16360.225480573266
27166.0,42662.0,7815.0,11979.0,631,225,133.0,52,39292.0,33432.0,30910.0,27865.0,230.7,0,-110885.87755603043,-3211.123248166896
4477.0,10461.0,484.0,2233.0,2548,2697,3131.0,3024,7949.0,8616.0,1842.0,2402.0,230.7,0,-157584.29153152116,19530.030563073666
15941.0,27021.0,1810.0,4508.0,6098,6423,8515.0,7843,18432.0,17517.0,4905.0,5453.0,230.7,0,-145363.01801884064,14355.671240182914
8895.0,10781.0,1139.0,3015.0,2494,2434,3696.0,3523,9455.0,8866.0,2097.0,1941.0,230.8,0,-154907.47654403024,19531.606265825943
31330.0,56480.0,8596.0,15943.0,4148,4174,8929.0,9154,28885.0,29046.0,7903.0,10059.0,231.1,0,-128468.50842562893,13418.48419764648
30502.0,43224.0,5340.0,9316.0,70,136,283.0,142,38586.0,33755.0,32486.0,28030.0,231.2,0,-110916.46241963674,-5014.109625091769
54376.0,73987.0,5048.0,9989.0,840,283,256.0,156,59980.0,53572.0,53338.0,42898.0,231.3,0,-79433.56775117612,-23909.047819899133
5688.0,10576.0,403.0,1151.0,2621,2789,3576.0,3684,7174.0,7366.0,1710.0,1739.0,231.3,0,-157845.69473447907,20111.01566827479
40880.0,67355.0,6322.0,9345.0,459,437,105.0,23,47641.0,42397.0,29292.0,32447.0,231.3,0,-102710.80981210333,-7894.635177469088
4481.0,5622.0,1390.0,4128.0,1136,2416,1928.0,3242,4186.0,8361.0,2926.0,3120.0,231.5,0,-158514.61056386775,21766.397685819087
1058.0,6315.0,798.0,3535.0,641,1898,1096.0,2990,2373.0,6608.0,0.0,0.0,231.5,0,-162853.07307264447,23437.183369290586
2175.0,8597.0,123.0,901.0,216,262,93.0,13,2769.0,7275.0,11528.0,14585.0,231.6,0,-154863.170162973,16923.374275696253
226338.0,318610.0,12647.0,20260.0,762,431,250.0,111,145626.0,123332.0,55062.0,56663.0,231.6,0,30750.10693974449,-53626.06091191377
5217.0,24099.0,1359.0,3723.0,2549,4547,3216.0,5710,7381.0,11982.0,1348.0,2760.0,231.6,0,-157309.90906538686,20668.65862024053
4101.0,14439.0,1397.0,4212.0,5603,5158,5884.0,5495,12699.0,12177.0,1173.0,3479.0,231.6,0,-154642.80688423986,17739.008088393322
16815.0,27179.0,3230.0,5374.0,3164,3552,3703.0,4095,11346.0,10458.0,2044.0,1661.0,231.6,0,-150154.87942889408,20760.852460161463
1572.0,6834.0,549.0,2548.0,930,2697,1125.0,3204,2603.0,7006.0,1426.0,1979.0,231.6,0,-161710.1464080152,22414.003510912808
997.0,5818.0,698.0,3035.0,4850,8734,4791.0,8763,9996.0,18875.0,56.0,132.0,231.6,0,-158641.50332267626,19258.353730813007
10167.0,12165.0,2737.0,5800.0,11325,11926,11775.0,12170,23361.0,23159.0,2949.0,3772.0,231.8,0,-145102.4831169198,12899.36820478399
121050.0,187953.0,17031.0,28420.0,735,439,206.0,197,91336.0,83118.0,87126.0,82154.0,231.8,0,-11312.4794625472,-43319.46863106732
7205.0,11554.0,3481.0,5768.0,1454,1508,2436.0,2542,7319.0,8163.0,906.0,2265.0,231.9,0,-155747.0814273139,22674.292410339654
181242.0,286892.0,14956.0,24020.0,6379,6460,9113.0,9070,21465.0,20910.0,5944.0,5464.0,231.9,0,-82407.45929356861,34743.74090937588
84613.0,119911.0,14340.0,21358.0,317,281,718.0,211,39614.0,34468.0,40759.0,28203.0,231.9,0,-83827.07171744657,2552.5340766961563
50747.0,75004.0,12395.0,20458.0,177,154,0.0,68,47521.0,45468.0,25616.0,37489.0,232.0,0,-96852.39331285666,-1961.571673835082
410843.0,571061.0,38352.0,54524.0,1022,1183,0.0,189,229958.0,193517.0,140321.0,118622.0,232.2,0,201697.13828798576,-102431.61860333428
45649.0,64137.0,10277.0,15497.0,491,237,98.0,76,61708.0,54307.0,53376.0,46311.0,232.2,0,-77584.99324092305,-22004.246473500272
1600.0,8443.0,514.0,2275.0,708,1067,1195.0,1934,3021.0,4919.0,0.0,341.0,232.3,0,-162429.60747494872,22867.529350180488
3938.0,9454.0,357.0,1780.0,1607,2269,2462.0,2867,6987.0,8708.0,773.0,734.0,232.3,0,-159148.54476309245,20492.19823545054
16306.0,25321.0,1127.0,3079.0,3692,3390,4810.0,4757,13404.0,13113.0,3703.0,2392.0,232.3,0,-149528.1894300272,17371.600540089898
237175.0,362614.0,13124.0,18617.0,651,312,149.0,82,223014.0,184366.0,99438.0,90714.0,232.4,0,103606.51411246452,-113395.67476103426
2512.0,7924.0,1707.0,4217.0,3066,3831,3839.0,4876,10093.0,12732.0,281.0,1615.0,232.4,0,-157156.5381439864,19795.918946575424
22256.0,40696.0,3270.0,5352.0,7246,7098,10155.0,10176,26781.0,27091.0,9162.0,8461.0,232.5,0,-135370.00745874952,9638.057888523972
195453.0,283654.0,47352.0,76473.0,0,225,0.0,53,176225.0,153520.0,87021.0,74428.0,232.5,0,76052.54901225958,-59047.27020567425
4354.0,9849.0,1390.0,2568.0,2601,4422,2922.0,4620,7888.0,11547.0,2196.0,3106.0,232.5,0,-156838.31440098156,20026.27469159013
15003.0,23522.0,6903.0,10437.0,4518,4548,6020.0,6035,15703.0,15653.0,1651.0,1770.0,232.5,0,-146306.86346741926,21206.315752714592
12094.0,23172.0,1491.0,3861.0,5235,5669,7602.0,7883,18859.0,17899.0,3054.0,3570.0,232.7,0,-147731.07584113273,14470.944026377656
7061.0,8477.0,3225.0,6845.0,3529,3078,4513.0,4220,11128.0,9883.0,1787.0,2011.0,232.7,0,-153462.3067172249,20182.40918477196
43283.0,59039.0,4670.0,8756.0,351,347,0.0,154,43374.0,37406.0,41535.0,29910.0,232.7,0,-100071.3676323859,-10399.007098392183
9528.0,18689.0,1898.0,3567.0,5713,7269,7549.0,9678,17645.0,21972.0,3794.0,3715.0,232.8,0,-148617.50174562115,14974.493228223935
4807.0,13924.0,1203.0,3318.0,1963,2195,3039.0,3600,8174.0,9483.0,168.0,1179.0,232.8,0,-157912.83724480367,20705.20321921273
61349.0,87259.0,10673.0,15270.0,412,237,74.0,82,64760.0,62780.0,61169.0,54966.0,232.9,0,-65550.35698896319,-25963.092254538205
9655.0,17935.0,2858.0,4993.0,3369,3359,4577.0,4580,9945.0,9682.0,2500.0,2769.0,232.9,0,-153043.31285586752,20387.25506292043
306.0,2207.0,1333.0,5505.0,841,1610,1150.0,2451,3299.0,7573.0,480.0,955.0,233.0,0,-161879.86216523589,22999.667944977187
3837.0,11874.0,774.0,2205.0,1785,2235,2478.0,3137,5625.0,7549.0,811.0,1144.0,233.0,0,-159599.2187921477,21461.732483105632
8853.0,17049.0,2586.0,3764.0,4044,3865,5506.0,5724,12185.0,11631.0,723.0,2088.0,233.1,0,-153153.20514758246,19610.099839650306
3776.0,11927.0,2016.0,5030.0,2350,2787,2776.0,3461,5978.0,7008.0,44.0,1231.0,233.1,0,-159025.0142801468,22457.567098753683
8681.0,13656.0,3534.0,5771.0,5803,5929,6987.0,7217,18455.0,18985.0,2473.0,3872.0,233.1,0,-148056.9070392216,16138.212490834678
9538.0,16401.0,2368.0,5371.0,4421,4687,6258.0,6911,14572.0,15650.0,4004.0,4006.0,233.2,0,-149897.67942242263,16861.1097412752
1507.0,5686.0,1448.0,4783.0,2086,2503,2821.0,3636,7330.0,9399.0,1453.0,2151.0,233.3,0,-158534.5049142841,20534.15160307089
41678.0,56347.0,3683.0,6718.0,337,336,84.0,140,47152.0,41876.0,37956.0,29469.0,233.3,0,-100804.54353268536,-12041.468098752666
3349.0,7816.0,1472.0,3558.0,3974,4643,4829.0,5194,11577.0,12440.0,1378.0,1455.0,233.3,0,-155722.18266783247,18547.68127000556
2724.0,9938.0,120.0,1277.0,2204,2865,3234.0,4537,7674.0,10007.0,2281.0,2077.0,233.3,0,-158368.49348539364,19167.469987971694
54293.0,90471.0,11303.0,19759.0,463,274,196.0,99,56112.0,51275.0,43020.0,52107.0,233.4,0,-81078.00411012092,-14951.791007592745
86409.0,132179.0,11758.0,18401.0,245,152,0.0,89,96883.0,87199.0,89722.0,73108.0,233.5,0,-22831.872463401556,-52488.23768236332
78040.0,121583.0,9592.0,16060.0,645,460,73.0,101,59596.0,52967.0,56678.0,53263.0,233.6,0,-66052.36109316601,-21039.868024458126
6170.0,16549.0,667.0,1983.0,3811,3848,4877.0,4736,13275.0,13270.0,1506.0,1589.0,233.6,0,-154272.38658454828,17175.62346622273
66335.0,103156.0,6982.0,10416.0,424,316,321.0,185,71008.0,62702.0,62048.0,52337.0,233.7,0,-62722.13767414236,-31665.225074065274
4768.0,8970.0,1756.0,4630.0,2901,3047,3661.0,3743,8188.0,8542.0,805.0,1740.0,233.7,0,-157195.78260325044,20829.54299039344
3990.0,9814.0,1658.0,3928.0,1918,3108,2435.0,4559,6348.0,12138.0,1141.0,2316.0,233.7,0,-158274.07522443423,21485.03125446273
1758.0,7862.0,387.0,2253.0,819,2142,1053.0,3482,2701.0,9050.0,152.0,115.0,233.7,0,-162599.6340998258,22935.772995836214
400442.0,558431.0,82916.0,126547.0,1154,1029,188.0,239,225413.0,189911.0,129489.0,120848.0,233.7,0,217577.8266313858,-63615.101394171805
11019.0,16538.0,2257.0,4613.0,4204,4233,5726.0,5555,14392.0,13426.0,3282.0,3089.0,233.7,0,-150079.96336864762,17350.93980967412
112167.0,152920.0,12470.0,17218.0,5437,4823,986.0,539,96656.0,88248.0,71203.0,66900.0,233.7,0,-23850.09448242365,-42853.08473880584
15308.0,29059.0,2379.0,6165.0,438,265,187.0,102,27799.0,29184.0,15313.0,20806.0,233.8,0,-132658.9859860106,4092.012425293368
6982.0,14371.0,1589.0,4177.0,6667,7202,7981.0,8918,18185.0,19767.0,2032.0,2968.0,233.8,0,-150253.4931738868,14954.490223129573
54150.0,89923.0,19304.0,32098.0,352,167,280.0,178,68322.0,59451.0,53473.0,46883.0,233.8,0,-65721.51686983967,-18161.164748580428
5421.0,16451.0,1953.0,5830.0,3123,3302,4567.0,4896,12506.0,13374.0,288.0,3171.0,233.9,0,-154471.05182606974,18688.89838046285
88862.0,136366.0,17826.0,28648.0,5269,4855,11868.0,11740,26866.0,25669.0,16867.0,14810.0,233.9,0,-100717.70566729832,22181.865392714837
31837.0,63657.0,3645.0,5300.0,10391,9637,13212.0,12615,35385.0,33279.0,8665.0,7894.0,234.2,0,-127622.61830741554,6292.649621948862
11415.0,25668.0,3065.0,6018.0,2138,1895,3143.0,3314,8773.0,10188.0,779.0,2242.0,234.2,0,-153896.34345479502,21943.238764913614
712.0,3061.0,137.0,776.0,130,0,210.0,148,2825.0,4479.0,1071.0,1871.0,234.4,0,-162294.1343555249,22046.78174917317
508578.0,726515.0,167494.0,225060.0,1677,1192,572.0,273,354188.0,291011.0,154539.0,131115.0,234.4,0,386792.8126541865,-69945.06038614619
15773.0,28962.0,7722.0,13475.0,200,118,106.0,23,23759.0,23796.0,9481.0,16551.0,234.4,0,-135005.36674435769,12882.776039313729
42096.0,81321.0,42237.0,77499.0,4589,4643,5645.0,5714,13991.0,14004.0,3336.0,3656.0,234.5,0,-116579.48124833812,50183.59510423472
13685.0,13875.0,3493.0,7022.0,8804,8712,11395.0,11304,26974.0,27987.0,6043.0,5965.0,234.5,0,-139737.43388557865,10455.990419624182
61723.0,87852.0,127704.0,198266.0,5446,4823,13300.0,12947,38301.0,29571.0,16923.0,14793.0,234.5,0,-38128.57883468139,97531.95835234456
11877.0,15284.0,3326.0,5284.0,6733,7142,9611.0,9883,23716.0,23791.0,4656.0,5982.0,234.6,0,-142866.74597214028,12386.632891386687
167634.0,238343.0,10048.0,15414.0,327,230,292.0,183,239151.0,202028.0,81548.0,74156.0,234.6,0,77320.5430739561,-121317.7115436339
1115.0,7101.0,526.0,2808.0,182,223,102.0,0,1494.0,5015.0,8888.0,24841.0,234.7,-1,-155126.7945829704,17273.80582255218
29789.0,53268.0,8735.0,14791.0,201,113,238.0,167,43829.0,42744.0,26134.0,30491.0,234.7,0,-108742.5518479372,-3527.501153521782
11004.0,14425.0,2181.0,4158.0,4601,4733,6175.0,5899,15262.0,16376.0,3447.0,2561.0,234.7,0,-149660.45779760717,16847.203087709004
2091.0,6968.0,1268.0,3700.0,1344,2530,1558.0,3113,3636.0,7041.0,56.0,1167.0,234.7,0,-161315.33060040625,23016.99147815028
17610.0,26322.0,2694.0,3237.0,2654,2397,5644.0,5725,13424.0,12414.0,5036.0,4503.0,234.7,0,-147198.25698100365,17906.572283510464
301181.0,422255.0,101266.0,151380.0,505,737,4495.0,4325,150822.0,132638.0,150839.0,112843.0,234.8,0,163794.91454627863,-23129.637717108264
26223.0,41771.0,12098.0,17069.0,2065,1602,3168.0,3020,7165.0,7182.0,3498.0,3906.0,234.8,0,-143158.53106196245,29641.436530201125
22787.0,35133.0,5657.0,9529.0,5226,5634,6642.0,6641,17928.0,17915.0,2151.0,2605.0,234.8,0,-142937.67431667633,19370.684063580586
4347.0,12358.0,1630.0,3902.0,2797,3115,3624.0,3984,9647.0,11167.0,1114.0,2269.0,234.8,0,-156365.58655460004,19743.92727246324
38789.0,63287.0,6567.0,12503.0,560,396,61.0,170,36860.0,34669.0,21628.0,30333.0,234.9,0,-113094.14767601398,750.0777368266499
3572.0,11082.0,1088.0,2042.0,3135,3590,3892.0,4694,9489.0,11602.0,1246.0,2670.0,234.9,0,-156890.31427228823,19260.269283573965
483.0,2668.0,288.0,2501.0,151,12,1358.0,2529,4811.0,8515.0,9871.0,17839.0,234.9,0,-154381.18962801446,15924.07401682818
1160900.0,1193500.0,1721800.0,2367550.0,31975,24950,1169700.0,923629,1841100.0,1358190.0,873873.0,598984.0,234.9,3,2751768.3829582613,60014.23163952978
71558.0,103433.0,18617.0,28413.0,331,117,0.0,59,64584.0,59666.0,54726.0,50808.0,234.9,0,-61360.709815631286,-16345.177112267702
41275.0,61809.0,7784.0,12092.0,586,545,338.0,185,50691.0,46198.0,40595.0,35034.0,234.9,0,-94379.5571981314,-12503.332132643627
1155.0,6275.0,102.0,1425.0,130,44,26.0,0,6546.0,11153.0,1550.0,2382.0,234.9,-1,-159807.14588476543,19828.381837969468
1593.0,10257.0,0.0,0.0,151,48,133.0,2,4796.0,9270.0,1135.0,1698.0,234.9,0,-161002.572841173,20956.2349211886
1443.0,8590.0,0.0,1215.0,106,0,159.0,112,4155.0,9063.0,10175.0,18619.0,234.9,0,-154335.30665286258,15917.731118390946
813423.0,765627.0,107059.0,130066.0,11189,9950,1349.0,1212,1587570.0,998604.0,671587.0,433505.0,234.9,3,1421282.4520119838,-967505.051063198
6119.0,14500.0,1373.0,3749.0,3218,5471,4033.0,7045,9511.0,15679.0,2506.0,2500.0,234.9,0,-155340.61217115543,19261.224915732848
7837.0,17496.0,2430.0,7386.0,801,2222,1397.0,3174,3056.0,7947.0,2447.0,2933.0,234.9,0,-157703.81020008688,23596.61685881531
2695.0,12578.0,2174.0,7985.0,2993,4416,4175.0,5995,10175.0,14819.0,129.0,1935.0,234.9,0,-156791.08240455802,20126.108653766947
77763.0,125048.0,5504.0,8386.0,191,221,201.0,94,44924.0,39567.0,30020.0,29661.0,235.0,0,-93009.51907690476,-4156.049436350109
8307.0,14390.0,3412.0,4218.0,4006,3985,5083.0,5637,13342.0,12956.0,2744.0,2988.0,235.0,0,-151115.56291494396,18780.030704318822
6187.0,17722.0,1567.0,3524.0,2491,2498,4034.0,4607,11454.0,12677.0,2321.0,2627.0,235.1,0,-154195.716560237,18413.684460785284
60453.0,90570.0,14300.0,19857.0,13,135,294.0,133,32976.0,32066.0,18145.0,26135.0,235.2,0,-106049.8014663296,12069.912049473794
74490.0,126216.0,7521.0,13445.0,405,269,61.0,38,83944.0,74092.0,58562.0,56254.0,235.2,0,-53566.86953301553,-36961.76963738786
3905.0,12874.0,882.0,3374.0,2986,3852,3924.0,5038,7653.0,9713.0,0.0,0.0,235.3,0,-158953.77838427568,20898.39682970154
4888.0,19395.0,2629.0,6707.0,1269,1513,1603.0,1944,5632.0,6846.0,763.0,1140.0,235.4,0,-158188.69756557842,22960.526684103705
512096.0,454744.0,508200.0,602003.0,1936,1269,964.0,313,163114.0,135133.0,92650.0,76211.0,235.4,0,445663.5018249642,319838.26505784714
42344.0,68202.0,4866.0,8772.0,1036,807,76.0,50,69476.0,61960.0,47263.0,45251.0,235.4,0,-80543.17538065705,-28341.844753694364
2933.0,10629.0,683.0,2071.0,324,206,228.0,223,7453.0,9719.0,1806.0,2063.0,235.5,0,-158326.62017377277,19879.81922918049
2352.0,10959.0,0.0,817.0,49,86,90.0,0,4312.0,6872.0,1287.0,1973.0,235.5,-1,-160910.6954444669,21180.374583370267
561354.0,657115.0,64123.0,87598.0,1713,1442,494.0,246,1125990.0,828846.0,476211.0,341754.0,235.5,3,953915.474305184,-694151.6157080607
43009.0,55905.0,9295.0,14477.0,309,250,39.0,34,63496.0,55990.0,32804.0,38682.0,235.5,0,-88812.9405775091,-16004.579893261973
17713.0,22924.0,3101.0,4661.0,6329,6808,7032.0,7060,14737.0,13710.0,3037.0,1725.0,235.6,0,-147578.5919612958,18590.89834614305
19455.0,32578.0,5525.0,8004.0,6133,6400,7385.0,7698,18317.0,17712.0,5261.0,3016.0,235.7,0,-142360.44687510206,17726.48910827791
116231.0,178848.0,26038.0,39281.0,717,265,127.0,136,80309.0,68316.0,67714.0,49350.0,235.7,0,-28210.16870794856,-19891.701886331743
5605.0,13065.0,2107.0,4834.0,3487,3836,4448.0,4615,11343.0,12289.0,1730.0,2988.0,235.9,0,-154330.0978734243,18990.652666891256
238705.0,359771.0,9099.0,14894.0,0,11,0.0,104,195572.0,168081.0,99660.0,78751.0,235.9,0,84585.08258499746,-100050.6991330252
10882.0,18677.0,2353.0,4451.0,5461,5025,6460.0,6393,15919.0,15197.0,2581.0,2575.0,235.9,0,-149627.09471772224,16906.892259445463
9242.0,15754.0,2245.0,3486.0,4813,4945,6099.0,6513,18586.0,18960.0,4858.0,5215.0,236.0,0,-147242.8168303984,14145.233262974609
2415.0,9373.0,1225.0,3229.0,4154,5321,4738.0,6121,11661.0,14625.0,2268.0,2464.0,236.0,0,-155537.51315457042,17809.106914555774
15258.0,26761.0,2015.0,5602.0,5522,5940,7720.0,7833,17734.0,18277.0,5097.0,3488.0,236.1,0,-146099.98522445152,15042.374734792616
11508.0,27303.0,1280.0,2869.0,4574,4674,6450.0,6852,16690.0,18280.0,1672.0,2260.0,236.1,0,-150110.47167214207,16067.18063355898
14442.0,27276.0,4188.0,7148.0,5476,5179,8023.0,8142,20016.0,19622.0,4440.0,5537.0,236.1,0,-143765.64452170185,15342.653056176636
14199.0,22849.0,5086.0,10601.0,2501,2357,5556.0,5568,13781.0,13906.0,5176.0,6508.0,236.3,0,-146273.31774144663,18950.7124714397
22859.0,36231.0,2535.0,5626.0,9639,9889,11944.0,12323,31118.0,29393.0,5298.0,6056.0,236.3,0,-135391.73099387088,8434.033898792883
12557.0,14514.0,2962.0,4664.0,3022,3098,4783.0,4926,12611.0,12667.0,1692.0,1437.0,236.3,0,-151178.14279452688,19709.071671880894
1269.0,6510.0,825.0,2615.0,1737,3403,2290.0,4647,4855.0,10225.0,1009.0,1870.0,236.5,0,-160603.51657388057,21553.09686422268
3266.0,8117.0,916.0,2803.0,1211,2993,1475.0,3925,2901.0,8611.0,218.0,207.0,236.5,0,-161643.87803284798,23310.69909490062
168891.0,260028.0,112492.0,177889.0,7536,7106,10593.0,10753,29530.0,26899.0,6575.0,6109.0,236.5,0,-23850.82006887032,103344.3154794578
4729.0,12926.0,854.0,2436.0,2465,2806,3137.0,3583,7353.0,7948.0,2195.0,3614.0,236.6,0,-157244.05099546345,19862.03144625587
19814.0,37082.0,5127.0,9111.0,104,165,21.0,29,30072.0,28935.0,20894.0,20152.0,236.6,0,-125874.41754633067,3536.489670577259
52658.0,81058.0,25413.0,40765.0,0,261,418.0,163,57050.0,54628.0,40507.0,48150.0,236.7,0,-74582.51619555114,-3465.100508231895
3963.0,15057.0,370.0,1391.0,1967,3685,2449.0,4611,5571.0,9955.0,1673.0,2421.0,236.7,0,-159210.3986334065,20728.83706757748
1464.0,8822.0,242.0,1076.0,1161,3334,1513.0,4232,3318.0,8922.0,57.0,421.0,236.7,0,-162427.18826269897,22463.64469519656
2699.0,6656.0,1841.0,4167.0,3662,3951,4982.0,5514,11859.0,12551.0,1280.0,3228.0,236.7,0,-155298.30487758777,18411.63964401282
3415.0,15818.0,391.0,1100.0,918,1792,1355.0,2587,3593.0,7323.0,2105.0,3202.0,236.8,0,-160141.44201836502,21505.009094448524
2122.0,6672.0,1840.0,5264.0,2812,2916,3800.0,4281,8745.0,9891.0,2952.0,2504.0,236.8,0,-156566.39585881942,19576.656760957183
97004.0,140936.0,21444.0,30487.0,227,92,418.0,216,94089.0,80859.0,70366.0,61330.0,236.8,0,-26193.65941681966,-34759.24279849801
32979.0,34933.0,11485.0,20606.0,270,136,321.0,173,31211.0,29177.0,20702.0,24069.0,236.9,0,-116678.250389644,8260.824576679832
9736.0,17100.0,614.0,1479.0,4580,4767,6109.0,6741,14993.0,16764.0,2894.0,4126.0,236.9,0,-151128.5755623432,15670.010700019822
69474.0,107612.0,4354.0,6432.0,31940,32268,3128.0,3312,67275.0,62680.0,47850.0,59224.0,236.9,0,-70562.08037152699,-27526.18626316279
2818.0,9234.0,1975.0,5520.0,3361,4248,5051.0,6340,13361.0,16524.0,1277.0,1813.0,237.0,0,-154595.4276156451,17915.68855521165
83453.0,137128.0,5927.0,9341.0,483,226,105.0,79,46195.0,39783.0,45598.0,38088.0,237.0,0,-81605.66023456003,-10442.3231560181
1675.0,6123.0,1193.0,4175.0,2576,3508,3539.0,4807,8152.0,10865.0,424.0,1758.0,237.0,0,-158714.6582964786,20312.024187661093
6281.0,9558.0,1707.0,3004.0,3158,3251,4390.0,4635,11756.0,12177.0,1223.0,2741.0,237.0,0,-154398.67888066825,18717.474442738225
32113.0,36981.0,2957.0,3801.0,9852,9091,13054.0,13131,30729.0,30284.0,6669.0,4955.0,237.3,0,-131942.84118134785,9354.999602567472
17738.0,23006.0,2876.0,4572.0,7783,7887,10157.0,10072,23019.0,22072.0,3904.0,2691.0,237.5,0,-142544.1734282991,13571.436624975697
75672.0,112350.0,21281.0,33293.0,176,348,182.0,190,60703.0,57361.0,52572.0,43843.0,237.6,0,-62801.50302981523,-10245.32608130746
15298.0,28299.0,1809.0,3733.0,6178,6765,8674.0,9196,22334.0,22701.0,3814.0,4662.0,237.7,0,-144049.34486807446,12691.05935346071
27642.0,51002.0,8917.0,14590.0,140,76,0.0,0,45168.0,44091.0,28348.0,32644.0,237.8,-1,-107197.50941662848,-5315.72245201057
4071.0,5836.0,2600.0,5742.0,6002,6336,6396.0,6683,16645.0,16776.0,1947.0,2583.0,237.8,0,-151553.11903181064,16408.486850133504
40314.0,72738.0,3244.0,5766.0,122,128,0.0,63,41612.0,39441.0,24673.0,30763.0,237.9,0,-110465.47087146789,-5279.902663209054
43219.0,62855.0,11039.0,15443.0,381,173,519.0,213,50770.0,46000.0,40247.0,34036.0,238.0,0,-92120.4766879924,-9671.819415899474
6148.0,18861.0,1809.0,3986.0,4849,5447,5521.0,6034,13901.0,14119.0,869.0,1340.0,238.1,0,-153588.86903327212,17958.287639167225
9877.0,28331.0,1620.0,4291.0,3557,4141,4065.0,4907,11901.0,13974.0,3969.0,3037.0,238.2,0,-151899.422503955,17890.832036470114
10271.0,25496.0,2542.0,3927.0,8318,8703,10394.0,11091,22048.0,22207.0,2064.0,2381.0,238.4,0,-146572.31604231932,13936.140996624004
8286.0,16721.0,4706.0,6964.0,4046,4506,5593.0,6186,13818.0,15155.0,4770.0,2949.0,238.5,0,-149165.99844054063,18839.780138226248
979.0,5713.0,185.0,971.0,964,2035,1197.0,2766,2461.0,6597.0,66.0,412.0,238.5,0,-163089.40205311007,22840.19848239992
35515.0,56628.0,6107.0,10329.0,255,126,245.0,118,49601.0,43505.0,30268.0,33212.0,238.5,0,-102894.1527572395,-9941.037233646384
181566.0,267422.0,27986.0,42532.0,568,334,1120.0,265,261532.0,212593.0,127402.0,94699.0,238.5,0,129429.53109104556,-136730.84877037816
55561.0,76048.0,5499.0,10779.0,518,390,0.0,0,71713.0,65943.0,58213.0,50280.0,238.6,-1,-68790.38210136724,-32431.370605273674
5197.0,10572.0,823.0,2850.0,3286,3671,4355.0,5124,11029.0,11599.0,2563.0,2399.0,238.6,0,-155111.8407477431,17956.97213457562
11015.0,22938.0,2104.0,3899.0,4798,5116,7751.0,8290,20350.0,22808.0,2623.0,5265.0,238.7,0,-146799.19119707224,13961.88802075532
32961.0,53146.0,7583.0,13776.0,0,78,0.0,65,39638.0,40980.0,23273.0,36463.0,238.7,0,-111018.65756791284,-1807.698016368966
94863.0,140010.0,22526.0,35122.0,317,206,182.0,187,77272.0,65050.0,61803.0,55319.0,238.7,0,-40520.72887792802,-21406.477283591343
123828.0,181579.0,10563.0,13829.0,491,453,316.0,152,65105.0,55926.0,54937.0,47495.0,238.7,0,-49535.83389662515,-18441.85892535588
22368.0,36909.0,3177.0,6195.0,8001,8475,10078.0,10089,22753.0,23929.0,3637.0,3524.0,238.8,0,-141007.56385068857,14262.195381179405
5504.0,14510.0,2114.0,4764.0,2438,2760,4038.0,4646,9925.0,12132.0,936.0,2880.0,238.9,0,-155532.21206225752,20021.544425099288
4676.0,15038.0,2131.0,5347.0,4928,6726,5825.0,7420,13398.0,16680.0,833.0,1047.0,239.0,0,-154214.8310235467,18415.61425578851
13246.0,28011.0,3201.0,5240.0,5630,6087,7592.0,7857,18382.0,18588.0,2207.0,3228.0,239.0,0,-147062.15086381603,16443.390935230447
9496.0,20464.0,1083.0,2649.0,4653,4992,5830.0,6530,13750.0,14257.0,1100.0,2669.0,239.0,0,-152693.01715482117,17474.220357478498
3368.0,11075.0,2301.0,6359.0,1496,1932,1797.0,2873,5684.0,8076.0,442.0,1961.0,239.1,0,-158847.01536394015,22562.574788881146
21941.0,37181.0,3151.0,5476.0,6178,6445,8017.0,8115,19470.0,19467.0,2776.0,3220.0,239.2,0,-143436.75979754966,16287.982242065802
55458.0,81158.0,26743.0,42634.0,358,345,0.0,49,64661.0,62519.0,52651.0,54197.0,239.2,0,-62054.10882666243,-11198.737952187512
73510.0,117094.0,22385.0,35803.0,1232,1018,36.0,104,64776.0,54741.0,59091.0,45492.0,239.3,0,-57298.82571390961,-14140.226929717282
380048.0,532213.0,232366.0,336177.0,817,630,0.0,37,213214.0,177289.0,113499.0,98424.0,239.3,0,281400.769081275,63435.203105146895
1927.0,6551.0,1780.0,2737.0,34,61,911.0,1248,3064.0,4520.0,20102.0,14310.0,239.3,0,-149895.43999268892,15195.537471737058
4480.0,9846.0,1680.0,4643.0,0,0,2457.0,2189,8968.0,7596.0,15854.0,11786.0,239.3,0,-148257.11364534515,13913.734660461852
1329740.0,1372530.0,393337.0,462492.0,26991,22732,927571.0,781771,1465480.0,1157910.0,746469.0,535314.0,239.3,3,1742764.2379416493,-684823.2340638993
14296.0,25526.0,3021.0,3604.0,7253,7503,8971.0,8813,22556.0,22765.0,3677.0,3866.0,239.4,0,-143726.44205828998,13580.463004616402
51947.0,63213.0,5286.0,6124.0,272,204,0.0,67,70915.0,59458.0,53756.0,49851.0,239.5,0,-72640.25562220717,-30878.998596007907
4222.0,18279.0,1783.0,4743.0,3084,4175,4349.0,5861,11159.0,15059.0,2134.0,2926.0,239.6,0,-154893.31899331842,18611.98020606459
67499.0,99998.0,19268.0,30772.0,101,44,163.0,77,66723.0,63947.0,48885.0,48924.0,239.6,0,-64110.20102918625,-15096.245990526955
4165.0,12986.0,2198.0,5248.0,3331,3753,3778.0,4331,8958.0,10403.0,1071.0,1412.0,239.6,0,-156633.81535102596,20667.67262213582
902.0,4876.0,521.0,1962.0,2684,5313,3136.0,6561,7899.0,15739.0,861.0,1585.0,239.6,0,-159328.58253110552,19758.34714561716
31628.0,50164.0,6534.0,10039.0,420,245,2.0,90,35629.0,32464.0,18957.0,20763.0,239.6,0,-118965.83000046568,3073.823706126768
13073.0,22217.0,1186.0,3262.0,2190,2158,6093.0,6439,15074.0,15933.0,3352.0,5119.0,239.7,0,-149303.26886061396,16008.675112404428
22532.0,46012.0,3702.0,7167.0,4575,4901,6752.0,6752,20527.0,20752.0,5501.0,5018.0,239.7,0,-140781.85322681486,15020.460254290156
137059.0,194081.0,24771.0,41955.0,267,372,238.0,128,225899.0,193298.0,82788.0,80244.0,239.8,0,70500.5866023915,-106582.18915849362
11554.0,17358.0,3518.0,6727.0,6314,6716,7687.0,7774,17423.0,16767.0,3128.0,2900.0,239.8,0,-147576.99271785255,16814.399029097105
4459.0,9936.0,3580.0,6577.0,6778,7218,7637.0,7926,15778.0,15173.0,2184.0,4296.0,239.9,0,-150919.80614032378,17332.11943004845
1345.0,9143.0,585.0,2274.0,1347,2879,1732.0,3633,3562.0,7762.0,272.0,903.0,239.9,0,-161944.61773938246,22446.86932839511
77623.0,117760.0,7008.0,10105.0,185,261,222.0,138,76646.0,69319.0,80195.0,60172.0,240.0,0,-46261.63547381583,-40945.94646346976
3045.0,7228.0,0.0,1694.0,146,97,71.0,0,6037.0,6169.0,2154.0,2072.0,240.1,-1,-159317.26594070828,20007.80044442798
429866.0,543185.0,61227.0,92121.0,901,883,0.0,194,694892.0,549083.0,322733.0,233777.0,240.1,3,582310.1849880061,-409274.1239486761
6227.0,11243.0,1665.0,3245.0,2664,3009,4125.0,4041,11443.0,10930.0,785.0,1588.0,240.2,0,-155016.26748509266,19153.528491703502
2800.0,12702.0,2059.0,6374.0,2184,3069,2540.0,3487,6477.0,9136.0,1272.0,1582.0,240.2,0,-158411.77211831475,21692.16626249556
5875.0,11618.0,1687.0,3638.0,0,15,294.0,153,7830.0,6168.0,785.0,1066.0,240.2,0,-157223.6835003167,21138.31774914625
603476.0,592057.0,667587.0,967334.0,10270,8676,1826.0,1254,479729.0,393661.0,164515.0,131080.0,240.2,3,786879.7608450362,246785.83458254064
91815.0,131691.0,45964.0,75035.0,523,334,0.0,49,60382.0,55578.0,37837.0,50506.0,240.2,0,-48857.009997474815,13860.598107034884
11702.0,21151.0,4626.0,7421.0,5001,5080,6585.0,7146,16422.0,16850.0,3219.0,3741.0,240.6,0,-147249.78956255995,18049.39076164741
1096.0,5309.0,734.0,2509.0,427,1130,460.0,1310,1337.0,4209.0,0.0,331.0,240.6,0,-163397.2618623084,23898.68541856529
7894.0,16062.0,717.0,3365.0,1103,1669,755.0,1993,2099.0,4753.0,2558.0,2783.0,240.6,0,-159202.22630513844,22796.68225521781
5369.0,20237.0,2234.0,5594.0,4064,5206,5104.0,6677,10584.0,13921.0,1365.0,2350.0,240.6,0,-155024.4664339516,19689.255421737675
6363.0,16635.0,1361.0,2650.0,3493,3753,4134.0,4081,10093.0,10004.0,1839.0,2026.0,240.7,0,-155334.89521786314,19247.948590228443
1237.0,6469.0,4459.0,16724.0,70,31,190.0,79,8313.0,16730.0,16988.0,27349.0,240.7,0,-144828.1822309449,13580.454083353148
2905800.0,1977670.0,6934390.0,6579360.0,9574,5338,2917.0,1354,2394420.0,1520890.0,1644150.0,882594.0,240.7,4,7099248.033187736,3560497.475906043
44040.0,73246.0,10862.0,19055.0,0,142,42.0,43,43682.0,37542.0,37155.0,30975.0,240.9,0,-97835.15439450058,-4496.225869484177
13140.0,18208.0,2037.0,2853.0,1929,1611,3784.0,4002,9869.0,9946.0,1558.0,2100.0,240.9,0,-153009.12374476934,20464.219120101545
946.0,5447.0,700.0,4125.0,581,1292,706.0,1663,2303.0,5345.0,1771.0,2664.0,240.9,0,-161713.4448797271,22430.43373789756
5281.0,19969.0,2411.0,5847.0,3228,3861,3967.0,4828,9563.0,11991.0,132.0,619.0,240.9,0,-156384.0577434498,21011.546929287444
12279.0,16981.0,2295.0,3028.0,4942,4848,7123.0,6957,18998.0,18180.0,4297.0,4024.0,240.9,0,-146471.22875008255,14543.554514809495
1982.0,9486.0,743.0,2448.0,1819,3730,2228.0,4562,5607.0,11308.0,1869.0,2488.0,241.0,0,-159504.77038397625,20769.67175097601
1672.0,7840.0,801.0,3272.0,1408,3454,1679.0,4299,4454.0,10765.0,0.0,1084.0,241.0,0,-161312.8066299662,22223.23299258369
17767.0,29542.0,3233.0,4071.0,3677,3527,4912.0,4711,12918.0,12153.0,2570.0,5004.0,241.1,0,-148157.15264996732,19352.866930403947
1255.0,7607.0,1004.0,4788.0,95,0,168.0,52,5425.0,9303.0,4849.0,8943.0,241.1,0,-157214.81466888977,19109.701406839973
1034500.0,1078380.0,565351.0,622257.0,10642,8868,10448.0,9942,743589.0,602825.0,287962.0,241201.0,241.1,3,1086473.8954915958,3625.3472092771626
185822.0,278809.0,34183.0,48902.0,281,208,0.0,64,95616.0,87560.0,82363.0,64573.0,241.1,0,16755.099044298287,-23689.261492223333
610024.0,739700.0,634724.0,956660.0,1659,1595,712.0,360,337448.0,281711.0,160269.0,133868.0,241.1,3,689341.4500495925,299458.4158253666
268243.0,402087.0,166277.0,235244.0,3366,2660,452.0,318,266870.0,216408.0,102602.0,93448.0,241.2,0,230289.56253350576,-19563.100176052285
13052.0,18495.0,1467.0,3504.0,3303,3134,4775.0,4815,13623.0,13182.0,1854.0,3410.0,241.3,0,-150928.78028921463,17739.41391628203
397134.0,563892.0,52136.0,79616.0,1749,1439,0.0,87,193098.0,167583.0,117105.0,98731.0,241.4,0,170948.8682980381,-62744.95289781427
12082.0,20905.0,1867.0,2018.0,2489,2711,3576.0,3857,9530.0,9120.0,2611.0,1653.0,241.4,0,-153226.28260659127,20152.67766438622
3895.0,7559.0,293.0,2302.0,157,88,92.0,79,1421.0,4673.0,10395.0,18097.0,241.5,0,-154876.0398726024,17787.893119421246
19828.0,42799.0,13739.0,25923.0,207,139,13.0,0,32295.0,33242.0,16751.0,26828.0,241.5,-1,-120315.72492655476,9326.422454332656
22421.0,33434.0,2664.0,4699.0,305,259,155.0,126,35123.0,30709.0,24246.0,20669.0,241.5,0,-122065.59649089872,-2030.079821613432
8647.0,15863.0,1270.0,3507.0,3992,4168,6272.0,6426,14204.0,15657.0,1945.0,1770.0,241.5,0,-152370.2554566533,17151.721999197867
9231.0,13807.0,5086.0,7513.0,3337,3195,3864.0,3820,10446.0,10079.0,1699.0,2150.0,241.6,0,-152062.47763895628,22133.23314177484
6036.0,17270.0,2051.0,5256.0,3195,3288,4353.0,4967,12378.0,13711.0,1579.0,3383.0,241.6,0,-153655.59761325063,18419.67341273984
5883.0,14005.0,2581.0,4817.0,3210,3582,4722.0,5101,12639.0,13396.0,1714.0,2148.0,241.7,0,-153395.92740242992,18799.35840433223
6496.0,20646.0,2689.0,6020.0,1878,1885,4309.0,4470,11121.0,11401.0,2909.0,4126.0,241.8,0,-153091.17868475968,19060.037795301327
5858.0,14816.0,962.0,2221.0,7026,7868,8633.0,9096,19949.0,21053.0,2540.0,4115.0,241.8,0,-149575.002626421,13121.89834759852
2702.0,9999.0,2370.0,6555.0,3277,4516,4208.0,5753,10692.0,14539.0,1076.0,1407.0,241.8,0,-156040.08897212008,19759.374566092785
1484.0,5320.0,473.0,1685.0,480,1803,722.0,2597,2049.0,6070.0,103.0,333.0,241.8,0,-162984.60898748433,23313.88347251096
9012.0,21201.0,2794.0,5866.0,2664,2829,3910.0,4425,11371.0,12264.0,588.0,2598.0,241.9,0,-153413.34101407102,20182.69677242613
9560.0,23647.0,2008.0,4555.0,6437,7299,8458.0,9319,18936.0,20471.0,2195.0,2708.0,242.0,0,-148732.8037876924,15044.901384243023
65454.0,100722.0,12529.0,20511.0,883,497,0.0,82,67896.0,65035.0,49077.0,58460.0,242.0,0,-66372.32607954419,-22393.606225276897
7570.0,15233.0,2569.0,5986.0,4047,3881,5636.0,5796,15370.0,15682.0,1910.0,3480.0,242.1,0,-151026.86583355645,17206.80969559778
1563.0,4305.0,298.0,1041.0,106,0,139.0,27,4792.0,7086.0,1467.0,1844.0,242.2,0,-160660.39955958456,21051.70696759532
3219.0,7800.0,878.0,1635.0,86,69,46.0,60,6443.0,6593.0,39149.0,60657.0,242.2,0,-131414.63575921353,-13.58936104931854
746668.0,868801.0,88426.0,123950.0,1999,1524,244.0,233,898937.0,664676.0,374573.0,278251.0,242.2,3,844399.7849849625,-497593.5575595625
39809.0,60558.0,7156.0,13271.0,0,126,225.0,132,47904.0,43979.0,40150.0,39488.0,242.3,0,-96205.66781613413,-12076.055394765724
2122.0,8785.0,2643.0,6382.0,5313,7557,5511.0,7539,12377.0,15954.0,1558.0,3023.0,242.4,0,-154622.17921107204,18644.916660094565
5889.0,12206.0,849.0,2963.0,2811,2743,3561.0,3446,7524.0,6806.0,1348.0,1269.0,242.4,0,-157570.77956266672,20464.56025223075
168949.0,253772.0,11996.0,17330.0,358,293,0.0,140,195603.0,163943.0,79730.0,63064.0,242.5,0,52063.523768362735,-94265.93937890868
1576.0,6482.0,0.0,0.0,116,120,232.0,155,3186.0,5318.0,1121.0,1571.0,242.5,0,-161926.73471589165,21839.27678844428
1545.0,9581.0,145.0,1408.0,261,246,204.0,113,3722.0,7170.0,573.0,1102.0,242.5,0,-161887.00382929877,21908.527072562152
599075.0,728612.0,74194.0,107883.0,1526,1092,67.0,82,948555.0,746381.0,330774.0,295101.0,242.5,3,798797.0865570912,-533826.8284816591
5929.0,12764.0,1877.0,5134.0,2486,3317,3469.0,4314,8993.0,11497.0,0.0,600.0,242.6,0,-156875.27548842737,21002.258113379216
86449.0,136538.0,30755.0,46554.0,1022,850,620.0,321,104632.0,93085.0,78704.0,71872.0,242.6,0,-12589.327028261325,-38357.57455529008
6120.0,11997.0,532.0,1941.0,2434,2797,3020.0,3791,8375.0,9410.0,1269.0,1418.0,242.6,0,-157226.89407047015,19788.77870653839
5935.0,15475.0,1850.0,4735.0,4364,5012,5442.0,6436,14374.0,16845.0,404.0,1138.0,242.7,0,-153622.37209294166,17900.69766110656
43237.0,67965.0,15126.0,23526.0,574,408,266.0,149,59160.0,55632.0,41339.0,47304.0,242.8,0,-82277.43919837882,-13274.104344795742
239812.0,359796.0,34207.0,51883.0,1792,1523,340.0,166,139069.0,126024.0,77215.0,71467.0,242.8,0,56941.505548770336,-42145.413614493045
8387.0,19923.0,2192.0,6141.0,4468,4534,6396.0,6963,15101.0,16101.0,1622.0,2941.0,242.9,0,-151358.20765570345,17298.57633945077
439034.0,621819.0,52040.0,74828.0,1378,1218,0.0,106,257390.0,209926.0,158847.0,124489.0,242.9,0,243549.03360911497,-111580.5243340731
7584.0,9579.0,2622.0,6520.0,2884,3173,4513.0,4487,11887.0,11488.0,989.0,1423.0,243.0,0,-153702.30353718236,19701.11927558571
27028.0,37680.0,6696.0,9784.0,10992,11341,13804.0,14185,37022.0,35895.0,7619.0,7421.0,243.0,0,-127015.90459554036,7792.075400308004
2540.0,8953.0,1076.0,3531.0,1438,2198,1823.0,2710,4734.0,7332.0,594.0,1157.0,243.1,0,-160430.266517006,22139.874559973337
2129.0,8445.0,0.0,1024.0,152,85,166.0,76,1608.0,4200.0,10702.0,22576.0,243.1,0,-154601.82245947816,16604.420119685394
51900.0,74588.0,12523.0,22399.0,436,251,158.0,142,41869.0,42070.0,23256.0,33401.0,243.1,0,-101320.98957182928,2605.3852956892515
27175.0,53792.0,1840.0,3872.0,5727,5815,8822.0,8781,25487.0,25834.0,6143.0,7892.0,243.2,0,-136850.93852099113,10687.15139447042
2570.0,16805.0,1616.0,6309.0,992,2368,1387.0,3671,4175.0,10267.0,711.0,1782.0,243.3,0,-160252.2628036095,22723.411867140563
569.0,3485.0,774.0,3821.0,1037,2398,1479.0,3777,3941.0,10197.0,407.0,710.0,243.3,0,-161844.9324002697,22310.195303764056
162356.0,239240.0,38256.0,54941.0,296,308,245.0,139,94407.0,83051.0,90796.0,78453.0,243.4,0,17235.298179349455,-26444.52189270952
6543.0,14449.0,1548.0,3339.0,3034,3653,4404.0,5146,10813.0,13056.0,1424.0,1978.0,243.5,0,-154969.03045243907,19160.4985554062
1676.0,6501.0,1043.0,2635.0,2023,2683,2265.0,3106,5842.0,7309.0,880.0,1013.0,243.5,0,-160003.6416467841,21384.85389897562
1826.0,10555.0,121.0,1525.0,1751,4019,2269.0,4780,4993.0,10386.0,398.0,931.0,243.5,0,-161207.3218707193,21320.16754976726
37936.0,71939.0,5707.0,9771.0,713,536,10.0,175,42211.0,40022.0,18129.0,33256.0,243.6,0,-112026.2986759839,-2078.204666530138
9696.0,16375.0,1582.0,4667.0,4620,5005,6412.0,6717,13504.0,12898.0,3881.0,3310.0,243.7,0,-151077.30872481468,16986.519231915216
36131.0,69220.0,5688.0,9047.0,462,374,295.0,201,49466.0,45779.0,26525.0,34435.0,243.7,0,-104532.72820854413,-9067.70792061572
1625.0,9265.0,492.0,3432.0,212,152,112.0,66,3065.0,6848.0,11154.0,24654.0,243.8,0,-153101.6978493627,15719.995101811135
33289.0,47897.0,8539.0,14643.0,548,302,261.0,110,39813.0,39296.0,15591.0,24775.0,243.8,0,-115794.87982813864,3039.5392140346084
25093.0,40884.0,2119.0,4995.0,152,79,178.0,124,42794.0,41146.0,35986.0,32356.0,243.9,0,-109872.29978866524,-11887.662046956044
9697.0,13012.0,2655.0,5034.0,7327,6971,8126.0,8070,16684.0,15846.0,2607.0,2791.0,243.9,0,-149345.26636575535,16608.3995331566
3284.0,14593.0,549.0,2443.0,6093,7829,6807.0,9059,14240.0,18278.0,503.0,2162.0,243.9,0,-155084.42207080944,16617.493160972153
7347.0,18044.0,1950.0,4263.0,4050,4407,5566.0,6088,14618.0,16246.0,2230.0,2377.0,243.9,0,-151922.24624413095,17170.253408778153
13462.0,19826.0,2926.0,4247.0,13278,13291,13948.0,13362,25006.0,23480.0,4959.0,3379.0,243.9,0,-142152.41765658985,11805.450013782229
9041.0,18893.0,3572.0,7014.0,4912,4997,7157.0,7769,16324.0,17869.0,1345.0,4407.0,244.0,0,-149528.7660460959,17630.767687814146
19368.0,35271.0,2658.0,5174.0,8110,8943,11557.0,12404,29231.0,30208.0,2572.0,4157.0,244.0,0,-139071.65988474383,10440.761681970966
11568.0,24743.0,2921.0,4976.0,4358,4407,5373.0,5541,12216.0,12088.0,3607.0,2317.0,244.1,0,-150697.995293184,19062.50660762526
14374.0,21015.0,2035.0,3918.0,3639,3664,5214.0,5242,14058.0,13623.0,3419.0,4018.0,244.1,0,-149100.5420526382,17433.78976739042
1108.0,7239.0,1879.0,7015.0,121,78,134.0,23,2395.0,4575.0,548.0,1741.0,244.3,0,-161638.87416191958,23822.61873194141
1333000.0,1440090.0,1128390.0,1547870.0,8818,6994,1369.0,887,571945.0,445687.0,214586.0,198900.0,244.3,3,1378964.3456846464,576107.976691035
126906.0,186405.0,42682.0,64780.0,774,358,272.0,112,111851.0,107792.0,96471.0,95961.0,244.3,0,23750.813344204973,-39404.403184777766
13610.0,20106.0,7539.0,11409.0,6240,6235,7878.0,7786,19024.0,19624.0,2763.0,4094.0,244.3,0,-143618.39936565913,19121.243599656314
6400.0,16664.0,3185.0,5921.0,4009,4960,5540.0,6213,13819.0,14590.0,2186.0,3021.0,244.5,0,-151847.9912083366,18390.28441399441
12710.0,22691.0,2109.0,3490.0,4966,5367,6942.0,7120,17302.0,16625.0,3783.0,4741.0,244.8,0,-147495.1179716342,15413.07127376719
331932.0,466664.0,22255.0,36099.0,1105,923,139.0,119,236166.0,199820.0,171326.0,124588.0,244.8,0,185615.48295732963,-135028.62425640706
1757.0,8814.0,794.0,3255.0,3095,4632,4227.0,6384,10328.0,15678.0,1199.0,1985.0,244.8,0,-157320.83450285383,18563.09557531386
40092.0,68424.0,7636.0,10613.0,988,1210,392.0,195,49020.0,47093.0,20865.0,35066.0,244.8,0,-104854.90016602247,-5257.279651131739
5184.0,16868.0,1005.0,2475.0,2219,2631,2789.0,3097,9782.0,11431.0,840.0,2464.0,244.8,0,-156488.83040220957,19320.095122467086
10376.0,23064.0,4004.0,7142.0,1905,2298,5278.0,6157,12877.0,15053.0,3750.0,5462.0,244.9,0,-149478.8303145383,18943.563365046648
1992.0,10660.0,240.0,2447.0,940,1639,1122.0,2366,2856.0,6171.0,597.0,954.0,244.9,0,-162176.0131284939,22493.929562928253
13861.0,24937.0,1397.0,3721.0,7527,7956,9440.0,10788,20581.0,24067.0,1375.0,3135.0,245.1,0,-147102.3153746363,14239.41521753756
8254.0,16926.0,2130.0,4240.0,2806,2915,3607.0,4031,11025.0,10907.0,1058.0,2118.0,245.2,0,-154106.29237763735,19718.172933925
57620.0,92055.0,8718.0,14342.0,261,173,403.0,232,55918.0,51719.0,35498.0,45925.0,245.2,0,-86173.45011550447,-13201.044655576065
43089.0,68576.0,5556.0,9496.0,396,159,390.0,203,54540.0,49827.0,28643.0,43938.0,245.2,0,-96965.0339027884,-13397.600752430306
33825.0,59105.0,5153.0,7028.0,355,201,190.0,162,37820.0,33426.0,25728.0,24094.0,245.2,0,-114173.45317731288,-1700.4174263606146
11072.0,12073.0,1102.0,4957.0,3717,3541,5134.0,4759,13535.0,13147.0,3148.0,2745.0,245.3,0,-151343.74891374694,17026.108920023413
9265.0,13304.0,1716.0,3514.0,3538,3766,4030.0,4879,10109.0,11198.0,1289.0,2539.0,245.3,0,-154350.76383330874,19837.461576477508
17780.0,27262.0,3518.0,5299.0,6135,6801,8849.0,9123,18564.0,20172.0,2198.0,3072.0,245.4,0,-145345.7265321512,16953.43179138622
8037.0,19172.0,1958.0,4674.0,4403,4986,5404.0,5923,13007.0,14503.0,963.0,1341.0,245.4,0,-153347.90915084622,18658.02984599872
7509.0,17812.0,264.0,2702.0,16419,20409,14446.0,17593,5255.0,6149.0,1578.0,3583.0,245.4,0,-158069.6549425745,21021.768371280967
8493.0,15905.0,1647.0,2456.0,6280,6251,8124.0,8360,19970.0,20307.0,5351.0,4091.0,245.5,0,-147026.25559717635,12894.288328175153
23782.0,31404.0,2166.0,2937.0,7252,7186,10049.0,10645,23525.0,23539.0,3683.0,5922.0,245.6,0,-140294.71992975508,12831.891985638851
2502.0,9913.0,2264.0,5700.0,2256,2801,3223.0,4042,7523.0,9515.0,144.0,1211.0,245.7,0,-158389.20336399073,21692.721143758343
13401.0,21185.0,1903.0,3022.0,6261,5810,8238.0,8092,18116.0,16425.0,3472.0,2774.0,245.8,0,-147417.7805539156,15257.113949504545
63827.0,98016.0,7158.0,13496.0,0,209,272.0,131,69589.0,64738.0,70113.0,59625.0,245.8,0,-59242.0639955591,-34660.17391472675
33285.0,53388.0,16803.0,28081.0,192,126,295.0,132,46194.0,44652.0,28769.0,37844.0,245.8,0,-99067.9674070826,-303.8238749651282
38003.0,62446.0,6316.0,9846.0,3288,2800,6744.0,6853,15189.0,14896.0,5138.0,5624.0,245.8,0,-137295.1074421337,21052.536398848923
13858.0,21943.0,2066.0,5721.0,3153,3397,4799.0,5086,13401.0,14826.0,747.0,2483.0,245.8,0,-151108.74599111697,18870.61360031241
8009.0,22472.0,1572.0,4138.0,6654,6797,8392.0,8974,18899.0,21190.0,2613.0,2365.0,245.9,0,-149374.0534605654,14527.412485927342
31916.0,58848.0,15678.0,27821.0,308,289,251.0,173,41342.0,42974.0,21137.0,29484.0,245.9,0,-107807.23819898244,5042.112257844863
21740.0,28078.0,3156.0,4289.0,2277,2126,4116.0,3667,11205.0,10457.0,3443.0,4558.0,246.0,0,-147557.41338732367,20274.351018005054
3460.0,11926.0,1536.0,4843.0,3545,4606,4552.0,5742,11544.0,14900.0,1468.0,2706.0,246.0,0,-155413.1338036616,18415.34066137957
1338.0,8771.0,0.0,0.0,157,61,140.0,27,2815.0,4671.0,1229.0,2733.0,246.0,0,-161959.11716992807,21821.877335671827
328541.0,438952.0,36741.0,56682.0,879,626,14.0,115,375077.0,306189.0,152093.0,128595.0,246.0,0,261750.5364784446,-192820.96802306903
6155.0,22414.0,3558.0,9232.0,5833,6606,7170.0,8344,17588.0,19241.0,1549.0,3906.0,246.0,0,-149751.9627479907,16734.11496160314
4053.0,12200.0,1136.0,2173.0,34,127,251.0,191,8245.0,6552.0,11297.0,8237.0,246.1,0,-151829.50671651622,15865.671784200662
490713.0,636573.0,88929.0,131455.0,1036,938,456.0,264,525366.0,411974.0,231634.0,194332.0,246.1,0,475684.3408650942,-257112.21515006656
1866.0,6877.0,926.0,2821.0,3404,5109,3670.0,5514,9878.0,14497.0,782.0,1341.0,246.2,0,-157759.52212104795,19142.53078655845
6228.0,20268.0,1464.0,3789.0,4113,4617,4726.0,5374,12822.0,14718.0,1102.0,2020.0,246.2,0,-154144.61847022196,18103.649480060278
12546.0,29542.0,2797.0,5292.0,11859,12703,14490.0,16016,35000.0,39170.0,3213.0,4559.0,246.2,0,-137600.80306655617,6696.1367456328335
7765.0,14044.0,2760.0,6168.0,2745,2835,3452.0,3777,8239.0,9249.0,1962.0,1959.0,246.3,0,-155043.1738237572,21373.769110402118
62961.0,102255.0,31193.0,47341.0,502,165,346.0,155,48883.0,43804.0,40185.0,34767.0,246.4,0,-74822.5629391521,8053.224966678485
2937.0,7843.0,782.0,3589.0,47,0,235.0,115,3485.0,5954.0,5482.0,5446.0,246.4,0,-158188.1919950337,20384.16637422042
2293.0,9477.0,209.0,2883.0,101,40,237.0,129,8129.0,11215.0,4609.0,6710.0,246.4,0,-156349.7566149619,17527.384320104746
1780.0,7157.0,0.0,815.0,158,80,143.0,1,7867.0,11336.0,2627.0,3846.0,246.4,0,-158187.65186849757,18529.788476982976
2498.0,12386.0,290.0,1629.0,200,212,197.0,125,3543.0,10793.0,42190.0,95767.0,246.4,0,-126168.7251110996,-4882.678637503668
721887.0,865383.0,108438.0,152860.0,1522,1425,648.0,359,1015490.0,798765.0,462677.0,393978.0,246.4,3,973209.2955929647,-592103.6163468292
3808.0,11630.0,2022.0,4053.0,4270,4427,5736.0,6074,14567.0,15610.0,2551.0,2413.0,246.4,0,-152887.77685503627,16876.940510791068
728.0,3299.0,375.0,1369.0,113,0,127.0,49,3646.0,5759.0,1359.0,2126.0,246.5,0,-161517.9906223692,21657.846500563526
659941.0,823692.0,316175.0,460919.0,1172,1148,635.0,229,484696.0,401075.0,256319.0,195812.0,246.5,3,653414.7425638558,-58355.46745016374
4722.0,10497.0,1745.0,3439.0,3415,3446,4593.0,5073,11398.0,12476.0,2327.0,3522.0,246.5,0,-154430.0769605004,18346.6395523166
1946.0,9132.0,451.0,3121.0,1543,2147,2045.0,2797,5743.0,8074.0,627.0,845.0,246.7,0,-160469.51716487575,21113.334716223224
19728.0,39792.0,3079.0,5064.0,7822,8038,9718.0,9567,24948.0,24388.0,3642.0,3757.0,246.8,0,-140657.45037597755,12779.795693171454
2625.0,7783.0,1364.0,4175.0,2850,3963,2833.0,3739,7063.0,9333.0,1483.0,1473.0,246.8,0,-158472.7144532222,20785.379559943663
2682.0,8256.0,329.0,1512.0,650,1965,595.0,1794,1800.0,5051.0,158.0,148.0,246.8,0,-162829.1918374368,23435.75753306446
8371.0,14538.0,1714.0,5350.0,3360,3667,4583.0,4801,13487.0,13889.0,1859.0,3240.0,246.8,0,-152386.67605972436,17672.1820513933
8641.0,23315.0,1764.0,3548.0,4263,4852,6071.0,6815,15789.0,18081.0,1505.0,2309.0,246.8,0,-151313.10132365767,16750.136019321217
150138.0,228102.0,12558.0,18382.0,195,191,297.0,114,83623.0,77436.0,67812.0,60891.0,246.8,0,-21443.193260536907,-31025.256621682383
6044.0,15009.0,1103.0,4284.0,7237,7065,8729.0,9113,20097.0,21342.0,2987.0,3843.0,246.9,0,-149189.79723259492,13054.293318952612
111218.0,170480.0,26757.0,43727.0,505,294,127.0,168,74508.0,68410.0,54192.0,52262.0,247.0,0,-38333.739514008106,-12530.051162620934
206348.0,301156.0,15958.0,23787.0,816,568,441.0,251,139915.0,126350.0,111224.0,86871.0,247.1,0,54200.38901189808,-72430.7838777426
4509.0,20946.0,1297.0,3708.0,687,1373,876.0,1969,2627.0,5473.0,1132.0,1425.0,247.2,0,-160544.75234258373,23363.38991871603
169344.0,249601.0,60973.0,95047.0,1522,1458,392.0,199,95236.0,80717.0,55533.0,47826.0,247.2,0,11861.438954774205,6906.859657189594
5080.0,14228.0,993.0,1923.0,3759,3929,4580.0,5143,10563.0,11524.0,2505.0,2083.0,247.3,0,-155385.22936733338,18392.68863492373
98494.0,137410.0,13150.0,19305.0,578,236,134.0,64,168776.0,141848.0,70663.0,65818.0,247.4,0,11602.187945079524,-81666.83002751332
100886.0,147739.0,18463.0,29210.0,195,147,336.0,216,109685.0,101377.0,86720.0,92484.0,247.4,0,-5200.516268480511,-54876.64315352357
9265.0,11816.0,2178.0,3959.0,4221,4039,5787.0,6002,14072.0,14133.0,1559.0,2471.0,247.4,0,-151766.1113532327,17989.993433420153
41364.0,75385.0,6886.0,10916.0,173,170,178.0,158,31193.0,29717.0,14903.0,21063.0,247.4,0,-119905.50025172225,7748.604494194104
11385.0,20526.0,2071.0,3390.0,4764,5172,6601.0,6872,20072.0,21091.0,3338.0,5662.0,247.4,0,-146458.96903252648,13819.92901237884
97759.0,142885.0,41315.0,69463.0,270,356,0.0,88,50511.0,44751.0,51245.0,39603.0,247.5,0,-50852.39498184144,13126.19029085429
3153.0,10498.0,1383.0,2513.0,104,78,130.0,99,11938.0,16986.0,17445.0,15205.0,247.5,0,-145900.49556320588,10991.80723374462
1802.0,5701.0,1011.0,2891.0,173,79,156.0,79,20468.0,26968.0,16940.0,19135.0,247.5,0,-141393.2520040781,5659.113405022123
2641300.0,1208800.0,683292.0,298378.0,8937,2226,2230.0,626,4951140.0,1427640.0,3335580.0,873661.0,247.5,4,5511792.435271426,-3140387.53508014
10896.0,26523.0,1246.0,4538.0,2494,2592,4270.0,4093,12198.0,11906.0,5558.0,4869.0,247.5,0,-150586.39512755125,16734.586332088802
9191.0,24416.0,2966.0,5822.0,3078,3415,4215.0,4719,9841.0,9768.0,460.0,3364.0,247.6,0,-154025.7074984695,21083.41440821957
37582.0,59360.0,14115.0,24472.0,11787,12439,14791.0,14821,48596.0,48068.0,11476.0,11532.0,247.7,0,-110355.11537291706,6171.045229106116
32490.0,50815.0,19755.0,30138.0,0,34,61.0,125,35305.0,32371.0,28827.0,26127.0,247.8,0,-105587.16285674824,9329.63278017479
197367.0,291642.0,31737.0,49107.0,747,697,156.0,98,149971.0,134355.0,74888.0,69241.0,247.8,0,46437.58169628077,-51955.68374266095
50443.0,76323.0,29203.0,45813.0,387,408,335.0,142,61637.0,57054.0,53747.0,52057.0,247.9,0,-63742.95092908663,-8149.477633880328
49770.0,82628.0,7302.0,10283.0,243,167,447.0,248,54769.0,51432.0,35777.0,39482.0,247.9,0,-91141.40261039505,-13440.854876606987
17291.0,22583.0,3185.0,6267.0,9036,9159,12067.0,12298,25544.0,26593.0,6771.0,5956.0,248.0,0,-139217.3518968609,11017.881088958544
1423.0,4157.0,0.0,1540.0,305,199,225.0,148,13416.0,9889.0,3592.0,3344.0,248.0,0,-154873.55982170935,15282.285919117618
513179.0,610681.0,138144.0,209268.0,2124,1744,699.0,332,861595.0,663489.0,318492.0,263067.0,248.0,3,749785.8319950121,-436518.2345382255
89785.0,120817.0,5111.0,6722.0,0,188,269.0,125,62375.0,57334.0,61581.0,45169.0,248.0,0,-62528.3616782398,-25555.01668246278
1704500.0,1432180.0,3167300.0,3194750.0,4574,2147,1722.0,718,162957.0,132332.0,100823.0,67833.0,248.1,3,2402057.9925674303,2428764.3835536977
77609.0,109684.0,13856.0,22603.0,128,201,204.0,122,79926.0,72647.0,76066.0,69201.0,248.4,0,-40757.36431583893,-37389.545931747816
86509.0,129587.0,14219.0,24859.0,595,390,0.0,0,61280.0,54618.0,46811.0,42582.0,248.4,-1,-66056.12099806713,-13044.652111073405
9727.0,14569.0,2185.0,3161.0,5088,5202,7091.0,6989,15533.0,15651.0,3458.0,3782.0,248.4,0,-149699.11898912583,16437.6010529331
1173.0,7427.0,221.0,1547.0,245,274,140.0,47,1985.0,5039.0,6640.0,20530.0,248.5,0,-156791.94190404264,18135.181845774256
22259.0,43849.0,4981.0,8805.0,625,671,0.0,0,37873.0,38504.0,19143.0,25737.0,248.5,-1,-120710.4788187918,-775.8484899473042
16930.0,28622.0,4478.0,6560.0,5411,5425,7133.0,7312,18984.0,18783.0,2817.0,3073.0,248.5,0,-144540.11208884485,17185.201377698348
7689.0,13216.0,0.0,757.0,4418,4385,4820.0,4803,9757.0,9690.0,1330.0,2837.0,248.5,0,-155989.8846891898,18552.68244679772
73242.0,97151.0,9188.0,13526.0,820,698,0.0,112,85141.0,76945.0,67812.0,59407.0,248.7,0,-47514.82916599522,-39941.17548342459
5519.0,13589.0,715.0,3244.0,2872,3231,3149.0,3659,8115.0,8795.0,700.0,2057.0,248.7,0,-157605.80284909118,20123.87601103868
36320.0,59065.0,15879.0,26542.0,139,117,190.0,146,37678.0,35482.0,23811.0,32239.0,248.7,0,-106598.18395312388,6211.593582543224
23439.0,29334.0,3476.0,5318.0,8243,8279,11229.0,10542,25441.0,24365.0,3008.0,4672.0,248.8,0,-139089.61191734907,13180.031850102108
13298.0,30158.0,2168.0,4278.0,5707,5728,6652.0,6604,17213.0,16420.0,3853.0,3671.0,248.8,0,-147470.00976391838,15679.432097153149
8486.0,16769.0,2832.0,5306.0,5758,5955,6908.0,7169,15509.0,14825.0,3151.0,3076.0,248.8,0,-149988.4935683331,17053.2945042135
9122.0,19209.0,1040.0,2811.0,3974,3847,5658.0,5459,13467.0,13371.0,2009.0,3273.0,248.8,0,-152475.4942696366,17175.368304114214
23204.0,35756.0,3882.0,6766.0,127,140,0.0,93,29688.0,25913.0,25304.0,21027.0,248.9,0,-123552.92823102826,1461.9335910382033
7079.0,12058.0,1098.0,1905.0,4151,4616,5121.0,5506,11915.0,12064.0,2374.0,2298.0,248.9,0,-153954.74757788805,17913.502953917967
134101.0,198154.0,33093.0,49268.0,459,273,254.0,105,92083.0,82021.0,63744.0,67730.0,249.0,0,-10470.487362262182,-20749.931460241416
24663.0,53934.0,5201.0,7737.0,306,137,174.0,69,39496.0,38845.0,16362.0,27232.0,249.1,0,-119934.29770952184,-574.1846065467107
1479.0,4084.0,3261.0,6347.0,1662,2187,1915.0,2593,5633.0,8426.0,1482.0,1420.0,249.2,0,-158526.48909811105,22909.230171337436
213806.0,317839.0,74767.0,107234.0,1277,1050,64.0,115,195809.0,160575.0,112449.0,88638.0,249.3,0,123137.13101829754,-57751.85945625095
41465.0,60280.0,654.0,3654.0,0,82,310.0,135,40230.0,36344.0,45244.0,32509.0,249.4,0,-102612.72001589756,-13501.55602584633
1995.0,10103.0,1187.0,4034.0,3114,4710,3620.0,5398,8009.0,11795.0,674.0,1758.0,249.4,0,-158577.13928811665,20327.464605219884
2632.0,11071.0,1036.0,2715.0,4351,7792,4479.0,8248,9643.0,17652.0,782.0,2370.0,249.4,0,-157396.52245438626,19269.922650283337
2110.0,4626.0,1117.0,2504.0,2770,7390,3193.0,7857,6375.0,16358.0,0.0,62.0,249.4,0,-160089.49247345378,21617.233157426068
12291.0,18823.0,1162.0,2540.0,6576,6417,8958.0,8961,21121.0,21314.0,3701.0,3651.0,249.4,0,-146290.65946165833,12804.706620835588
2541.0,10648.0,1326.0,4955.0,1339,2446,1783.0,3317,5258.0,8894.0,1391.0,2084.0,249.4,0,-159466.45685910078,21654.475775454204
2084.0,7878.0,842.0,4059.0,690,1966,772.0,2286,2180.0,6062.0,0.0,0.0,249.4,0,-162605.26061395643,23650.899750376808
2907.0,9453.0,1577.0,4112.0,2755,3452,3220.0,4142,8584.0,10965.0,597.0,2272.0,249.5,0,-157685.62849948334,20336.17770968594
9528.0,22074.0,2216.0,5804.0,3255,4188,4619.0,5852,11432.0,14517.0,641.0,1097.0,249.5,0,-153784.94984503998,19944.545930122305
2146.0,10149.0,842.0,3482.0,1549,2096,1915.0,2637,4808.0,6530.0,995.0,1415.0,249.5,0,-160424.31061596185,21724.14120079868
53315.0,76984.0,10865.0,18381.0,173,293,160.0,102,54788.0,52141.0,38044.0,37277.0,249.6,0,-87222.6834063686,-10922.719835869342
37344.0,54661.0,4837.0,7804.0,351,211,431.0,268,45390.0,43830.0,27556.0,28343.0,249.6,0,-107471.953057102,-6932.264615516113
11659.0,30867.0,2676.0,6073.0,266,118,259.0,162,20041.0,21199.0,8752.0,13122.0,249.7,0,-142287.91000685503,11452.504411581303
132894.0,210607.0,6181.0,8439.0,465,517,19.0,133,162883.0,138885.0,60965.0,52339.0,249.7,0,8475.19365020076,-76128.52595560279
13961.0,16572.0,2990.0,4566.0,3061,3032,5038.0,4884,13407.0,13291.0,4562.0,4786.0,249.8,0,-148372.85581968573,17987.432369205908
80573.0,126217.0,6351.0,9059.0,0,169,200.0,148,53783.0,47603.0,37951.0,40505.0,249.8,0,-81192.14138409331,-12198.146857074404
44016.0,61520.0,4955.0,7984.0,376,153,0.0,0,48960.0,47043.0,30545.0,40984.0,249.9,-1,-99744.84302962618,-11030.023248221323
94801.0,148571.0,29507.0,46702.0,52,116,163.0,74,76124.0,68986.0,58148.0,59550.0,249.9,0,-38008.53925154042,-14868.983728769024
4165.0,13098.0,327.0,1967.0,2987,3416,3815.0,4650,9865.0,12018.0,2169.0,2501.0,249.9,0,-156546.36679102248,18241.15105423162
9826.0,19655.0,1440.0,3954.0,3457,3555,4915.0,5334,12455.0,13188.0,2114.0,3972.0,249.9,0,-152408.42210489613,17938.716782917953
11102.0,16765.0,2895.0,5905.0,2453,2672,3343.0,3705,8372.0,9341.0,1748.0,1444.0,250.0,0,-154007.79910579236,21796.529367007483
8378.0,14543.0,897.0,2378.0,2636,2717,4728.0,4688,11753.0,11287.0,3422.0,3118.0,250.1,0,-153129.7150788246,17474.537071244904
4475.0,17427.0,1824.0,4194.0,4376,5156,5326.0,6258,14183.0,16535.0,2143.0,2115.0,250.1,0,-153242.93212240667,17159.61795289518
1435.0,9469.0,1007.0,4126.0,1223,3851,1472.0,4687,4299.0,12312.0,1033.0,2319.0,250.2,0,-160666.03954931902,21928.226069984044
1317.0,7194.0,1227.0,4000.0,3268,5454,3899.0,6579,10147.0,16924.0,586.0,1205.0,250.2,0,-157722.598716675,19269.75261023093
1223.0,7768.0,456.0,2438.0,466,1528,534.0,1820,1408.0,5428.0,226.0,480.0,250.2,0,-163351.52071008825,23563.13111448437
52593.0,85704.0,13500.0,21693.0,665,808,301.0,190,65449.0,61624.0,54243.0,49879.0,250.2,0,-70370.17607835725,-21824.360208639067
475682.0,630967.0,107830.0,158696.0,281,405,539.0,282,301677.0,254049.0,124546.0,112977.0,250.3,0,294991.3488814315,-77144.98584967799
484393.0,654063.0,43354.0,62785.0,2231,1759,15745.0,14174,198112.0,160311.0,163014.0,137416.0,250.4,0,224355.52665538812,-86236.61671615092
2602.0,14453.0,37.0,1487.0,171,112,168.0,75,2639.0,3735.0,3.0,375.0,250.4,0,-162598.70044186173,22776.012859299597
293062.0,363517.0,66894.0,91636.0,2690,2240,370.0,242,255642.0,167257.0,134496.0,92882.0,250.4,0,187896.9252246392,-97755.70465503389
59542.0,71641.0,9511.0,14730.0,43,248,0.0,51,68935.0,65746.0,66189.0,45431.0,250.4,0,-63832.66056837732,-29552.715625312783
1748.0,7677.0,339.0,1920.0,939,2238,1022.0,2601,2779.0,7188.0,1284.0,3187.0,250.5,0,-161538.73351495533,22051.53995204818
7828.0,19549.0,302.0,2270.0,1607,2675,1633.0,2929,4790.0,8299.0,816.0,1001.0,250.5,0,-159084.73994546136,21865.97326868901
4926.0,9427.0,1519.0,3016.0,4146,4003,5445.0,5640,15204.0,15466.0,4151.0,3941.0,250.6,0,-151475.7151778043,15491.235843457387
9459.0,9080.0,2411.0,3439.0,3095,3173,4022.0,4027,10727.0,10217.0,1026.0,1769.0,250.6,0,-153791.05286975167,20242.333617173364
23510.0,37330.0,3771.0,5314.0,7245,7481,10294.0,10396,24732.0,23558.0,4106.0,4709.0,250.6,0,-138778.47551723244,13414.378859364071
22176.0,43316.0,2732.0,4792.0,2198,2370,6083.0,6001,15169.0,14807.0,2335.0,4630.0,250.7,0,-145969.4764482816,18220.17344689858
1783.0,6827.0,436.0,1770.0,536,825,639.0,1643,2285.0,5295.0,1979.0,2026.0,250.8,0,-161624.95088855058,22321.934200111213
11685.0,20698.0,2006.0,2951.0,2881,2847,3914.0,3916,10640.0,10265.0,3364.0,3221.0,250.9,0,-152039.03541958658,19166.701267828183
2466.0,8335.0,2509.0,6214.0,4768,6007,5325.0,6542,10353.0,11891.0,1336.0,1834.0,250.9,0,-156019.55800889526,19889.9852659234
12509.0,19890.0,1476.0,2733.0,3049,3373,4015.0,3998,11062.0,10276.0,425.0,1431.0,251.0,0,-153515.15583070312,19827.15404263018
4529.0,10109.0,842.0,2622.0,3351,3756,4335.0,4983,9917.0,11322.0,1254.0,1412.0,251.0,0,-156702.35746273876,19090.103746032182
9039.0,22719.0,2140.0,3248.0,3865,4352,5407.0,5833,15034.0,15515.0,3273.0,4214.0,251.0,0,-150242.2603817144,16614.1244259751
109871.0,153491.0,5323.0,6308.0,438,251,7.0,97,68824.0,62583.0,57012.0,54969.0,251.1,0,-52814.74164336006,-27195.2283821515
119830.0,180384.0,35875.0,56493.0,750,411,81.0,96,81773.0,72276.0,68495.0,55754.0,251.2,0,-18972.63195046896,-14084.395151443256
2779.0,5668.0,1163.0,3411.0,282,162,150.0,41,2244.0,4527.0,21054.0,34150.0,251.3,0,-146596.88204925528,12138.883674919003
51028.0,84115.0,3954.0,6445.0,654,496,422.0,207,49166.0,44909.0,23352.0,35916.0,251.3,0,-102151.7118661725,-8262.811616074556
5520.0,12148.0,3757.0,6298.0,5173,5503,6254.0,6872,16678.0,16849.0,2894.0,3483.0,251.3,0,-149798.9799693861,16934.18812818047
61148.0,88516.0,11892.0,18537.0,233,337,0.0,5,52686.0,47781.0,39458.0,41156.0,251.4,0,-83948.45595839841,-9442.792363306937
7697.0,27327.0,1124.0,2546.0,4915,6540,5761.0,7837,14781.0,19615.0,1492.0,3848.0,251.6,0,-152291.69505638216,16524.85475381134
2854.0,7484.0,559.0,2438.0,726,1853,809.0,2559,1930.0,6542.0,162.0,205.0,251.6,0,-162553.7463296077,23544.92778819094
125746.0,195775.0,2861.0,6321.0,155,253,389.0,182,173710.0,135732.0,91189.0,73716.0,251.7,0,27804.67872509599,-98016.85999957653
11130.0,13907.0,4548.0,4990.0,4750,4648,6718.0,6521,17314.0,17467.0,3210.0,3314.0,251.7,0,-147064.1082231276,17531.2606759043
6528.0,13716.0,3206.0,7044.0,33537,35062,36506.0,38753,20946.0,21985.0,3192.0,4834.0,251.8,0,-146888.90470585797,14155.972639307329
11004.0,19863.0,3750.0,7801.0,3693,3845,5825.0,6058,15315.0,15413.0,2876.0,3905.0,251.8,0,-148740.6065686065,18008.780344459712
15500.0,28389.0,3726.0,8078.0,4085,4312,5282.0,5702,17116.0,17261.0,3826.0,4892.0,251.8,0,-145708.9134283501,16910.63156894885
53107.0,71799.0,8773.0,14284.0,465,126,269.0,146,36107.0,33298.0,18813.0,23135.0,251.8,0,-110146.49105579995,5842.745816533294
126953.0,171461.0,28106.0,43038.0,207,108,651.0,224,232638.0,199554.0,71963.0,75211.0,251.8,0,67106.29366023207,-104111.3282894344
18913.0,27611.0,2835.0,6442.0,6944,7355,9807.0,10754,23528.0,25390.0,3811.0,3222.0,251.8,0,-141865.78449338893,13308.235794287284
44837.0,70446.0,20811.0,33147.0,0,63,193.0,77,45947.0,44489.0,26673.0,35813.0,251.8,0,-94445.4962523834,4718.562598195782
194149.0,301703.0,223387.0,324135.0,38110,35744,30280.0,28798,29952.0,24921.0,10541.0,12087.0,252.1,0,53048.910661373695,187292.3281008025
17181.0,28508.0,8275.0,13765.0,0,8,153.0,128,27531.0,25558.0,18100.0,18226.0,252.1,0,-127882.0849774546,8290.047330097346
41448.0,57057.0,12098.0,18115.0,0,46,168.0,197,42235.0,39364.0,34318.0,29353.0,252.2,0,-100321.84834818044,-1806.4207726906095
2170.0,7082.0,3347.0,7759.0,267,315,292.0,133,6410.0,6251.0,4966.0,4953.0,252.2,0,-155621.66741006862,20951.739558141333
3598.0,14444.0,4735.0,11674.0,179,115,165.0,119,4003.0,4997.0,2316.0,3355.0,252.2,0,-157170.65381723264,24505.86985013074
1283.0,7118.0,648.0,2421.0,198,116,81.0,0,1951.0,4060.0,23402.0,46516.0,252.2,-1,-144339.51213764842,9280.654984093318
844235.0,894534.0,2183820.0,3200160.0,2956,2083,365.0,239,545688.0,399540.0,241478.0,185935.0,252.2,3,1841601.4444844224,1348687.2023472665
12125.0,27659.0,0.0,0.0,176,195,160.0,79,29965.0,30334.0,8674.0,18919.0,252.2,0,-137272.19279766537,3354.2781280614363
44568.0,77622.0,4075.0,7435.0,308,204,68.0,107,39560.0,39628.0,20868.0,32483.0,252.3,0,-111201.9110587786,-2206.9079531046664
71369.0,115533.0,2791.0,5847.0,337,219,197.0,100,72721.0,64397.0,54930.0,47473.0,252.3,0,-66752.3165127513,-32346.66741438256
641.0,2735.0,0.0,591.0,125,4,188.0,124,3615.0,4218.0,814.0,1703.0,252.3,0,-162108.23608487137,21623.2008303768
486733.0,647017.0,126849.0,199223.0,995,922,352.0,164,397757.0,324688.0,139195.0,136848.0,252.3,0,373772.5912430433,-121509.1053651181
8152.0,13617.0,2418.0,3482.0,4888,4977,6121.0,6242,13985.0,14537.0,2668.0,3852.0,252.3,0,-151277.928571829,17577.324939330945
103950.0,166526.0,68008.0,108913.0,357,252,0.0,38,105801.0,98595.0,81983.0,87663.0,252.3,0,19906.80853207162,-12659.90283201984
96615.0,147295.0,22037.0,31057.0,907,433,248.0,135,90787.0,75554.0,65637.0,58684.0,252.4,0,-30425.36077886293,-30625.170169573023
2869.0,10418.0,2569.0,5152.0,2711,3225,3812.0,4911,10187.0,12480.0,927.0,2317.0,252.4,0,-156063.8456361782,20112.99879061524
7370.0,18422.0,4171.0,7693.0,5075,4944,6462.0,6745,16185.0,16269.0,2987.0,3222.0,252.4,0,-149235.3996504648,17656.402613957
19292.0,33883.0,4047.0,6722.0,2425,2438,5866.0,5859,16562.0,18010.0,8372.0,7107.0,252.5,0,-142139.5108600157,15906.993056101626
6695.0,17442.0,2404.0,4818.0,3573,4125,4935.0,5679,10300.0,11374.0,1541.0,2225.0,252.5,0,-154598.42241680907,20026.392608487207
19092.0,35775.0,5202.0,6349.0,530,223,24.0,5,30218.0,28461.0,20140.0,21234.0,252.6,0,-126140.9422293706,3562.479345344822
4197.0,8176.0,2650.0,4701.0,3786,4236,4707.0,5069,10502.0,11438.0,1419.0,1647.0,252.7,0,-155297.7115934995,20040.716950682912
9526.0,14699.0,1735.0,4113.0,3769,4000,4943.0,4920,10050.0,10455.0,1629.0,2190.0,252.7,0,-154188.65654892387,19840.10140512396
14964.0,25168.0,3019.0,4423.0,1920,1898,4889.0,5293,13732.0,13598.0,3790.0,4801.0,252.7,0,-148212.22215853332,18159.45653625328
16883.0,35698.0,1416.0,3114.0,6304,5918,8489.0,8886,20030.0,21303.0,2137.0,4322.0,252.8,0,-145878.646593866,14349.822230017173
22623.0,38149.0,2590.0,6735.0,6412,6557,8998.0,9401,26419.0,26775.0,4372.0,7885.0,252.8,0,-138166.44720812043,11010.316073323504
37449.0,67969.0,31543.0,48148.0,2316,2273,5636.0,5499,14034.0,13677.0,5012.0,5677.0,252.8,0,-123256.8057719026,40834.20945768056
11641.0,17995.0,4375.0,6617.0,7071,7570,9015.0,9457,27645.0,27857.0,6379.0,4149.0,252.8,0,-139669.9238494699,10748.083695168729
9736.0,18289.0,2377.0,4422.0,7059,7537,8189.0,8834,19156.0,20467.0,3332.0,3319.0,253.0,0,-147705.927371489,14760.435547718023
2754.0,8371.0,1455.0,3612.0,2853,4194,3556.0,5288,8677.0,11273.0,2154.0,2484.0,253.0,0,-157000.37243619957,19635.78012055999
514460.0,691882.0,255496.0,381301.0,1134,1142,340.0,315,266419.0,214848.0,206070.0,155047.0,253.1,0,419994.60301349405,23909.202890572265
49091.0,92389.0,22450.0,36712.0,43,198,0.0,0,37769.0,34699.0,29642.0,29480.0,253.1,-1,-96359.43973770356,10542.948594533018
18477.0,15508.0,4154.0,5402.0,3345,3059,4055.0,4157,11989.0,11671.0,3820.0,3369.0,253.2,0,-147606.88319657947,20415.171363693767
19861.0,33216.0,2142.0,3888.0,5819,5758,8609.0,8692,25192.0,25030.0,5085.0,6619.0,253.2,0,-139887.94323910918,11057.512901816854
3079.0,6649.0,465.0,2198.0,1158,2646,1387.0,3349,3664.0,8047.0,1786.0,1785.0,253.2,0,-160555.41317380112,21803.438336815525
2752.0,15986.0,408.0,1464.0,1526,2866,1963.0,3833,4979.0,9348.0,0.0,0.0,253.2,0,-161093.1983109396,21876.429232028044
10160.0,18285.0,2452.0,4429.0,5009,5004,6394.0,6662,19458.0,19010.0,5479.0,4194.0,253.2,0,-146231.31349814907,13841.81749879768
8767.0,20310.0,4198.0,7386.0,3838,4397,4543.0,4848,10670.0,10991.0,2406.0,1727.0,253.4,0,-152355.54017935094,21130.368749625915
15703.0,25447.0,3848.0,6837.0,4557,4722,6475.0,6772,16377.0,17830.0,2412.0,4038.0,253.4,0,-146773.9669494674,18005.86868610412
13473.0,21089.0,4085.0,4936.0,3460,2972,4252.0,4464,12112.0,11193.0,2484.0,1893.0,253.4,0,-150052.86130900733,20573.444927918303
9423.0,15085.0,2725.0,3951.0,2992,3041,4412.0,4666,10603.0,11253.0,2525.0,3726.0,253.6,0,-152658.46171215657,19772.514602717456
2462.0,12005.0,1596.0,5084.0,807,823,1271.0,1598,3405.0,4211.0,83.0,264.0,253.7,0,-161275.58758788218,23532.504124141607
5102.0,13591.0,691.0,2844.0,4082,5060,4861.0,6109,10246.0,12131.0,609.0,2318.0,253.8,0,-156563.39316459827,18933.120314237676
17179.0,15336.0,1237.0,5530.0,6008,5171,7482.0,7412,17551.0,16436.0,3513.0,3477.0,253.8,0,-146775.22670247513,15222.754085558365
39219.0,57565.0,2530.0,4090.0,702,380,506.0,228,31127.0,29860.0,19424.0,21757.0,254.0,0,-120999.46610021652,2715.9602979164083
333665.0,462940.0,12367.0,22786.0,1000,576,0.0,82,210978.0,188111.0,121054.0,107531.0,254.0,0,140301.49716163808,-109841.02813072193
15686.0,28910.0,4061.0,6807.0,7627,7833,10116.0,10223,26305.0,26318.0,4711.0,5992.0,254.1,0,-139746.64818002318,11828.619887471272
93519.0,141331.0,12103.0,21069.0,276,336,1.0,0,49278.0,42790.0,34233.0,36066.0,254.1,-1,-78612.22538950804,-2614.487401674054
8016.0,19754.0,1677.0,3448.0,4025,4708,5658.0,6223,13390.0,13952.0,1880.0,3465.0,254.2,0,-152522.65298270204,17634.287987715998
1263.0,4812.0,1871.0,6158.0,964,1703,1059.0,2483,3241.0,8164.0,1261.0,2025.0,254.3,0,-160743.1582203324,23102.666656801277
3210.0,10851.0,1951.0,4735.0,1985,2837,2290.0,3261,5724.0,7872.0,0.0,1756.0,254.3,0,-159318.21623101828,22441.207569392413
19601.0,33340.0,4765.0,6158.0,4385,4353,6390.0,6175,16019.0,15989.0,4366.0,4248.0,254.4,0,-144244.06519176424,18506.770601738303
32275.0,50432.0,4974.0,7369.0,239,160,0.0,53,38117.0,34525.0,30298.0,26109.0,254.5,0,-112161.39903584572,-3912.171544621364
9639.0,16830.0,2161.0,3020.0,2921,2879,3948.0,3852,10976.0,10226.0,936.0,2584.0,254.6,0,-153645.77638012372,19847.515285257577
14984.0,16328.0,1311.0,3200.0,5045,4411,6476.0,5867,14805.0,13635.0,2766.0,2064.0,254.8,0,-149547.40487543654,17026.240528100792
10183.0,10345.0,2933.0,4693.0,9564,9206,9842.0,9510,20609.0,18450.0,1354.0,1959.0,254.8,0,-147561.34841332008,15297.96831039431
3564.0,6537.0,949.0,2313.0,4318,4873,4922.0,5320,10116.0,10318.0,384.0,1200.0,254.8,0,-157270.6777426804,19316.0471415631
14726.0,24354.0,2331.0,4399.0,6154,6153,8550.0,8753,18773.0,17332.0,5716.0,3402.0,254.9,0,-145234.27175957157,14495.940381185956
6393.0,13420.0,3009.0,6308.0,3542,3724,4059.0,4299,10442.0,10652.0,2921.0,2824.0,254.9,0,-153522.6167985513,19845.090690316305
3687.0,12997.0,1029.0,4787.0,1374,1727,2253.0,3106,6247.0,8606.0,1527.0,2684.0,254.9,0,-158560.4480206975,20856.0286299998
9745.0,16414.0,53.0,2592.0,3988,3923,5707.0,5674,14333.0,13094.0,1676.0,4451.0,255.1,0,-152331.05905932462,15953.99425592736
66814.0,95756.0,12227.0,16450.0,254,283,146.0,84,83116.0,72634.0,66528.0,62461.0,255.2,0,-48970.028343051614,-37031.08856640388
18891.0,24493.0,1707.0,2428.0,4151,4143,5134.0,5159,15080.0,14495.0,4288.0,3313.0,255.2,0,-146998.8969267569,16787.468378146084
13411.0,29683.0,2899.0,7263.0,4517,4832,5935.0,6408,15826.0,16122.0,1973.0,2660.0,255.2,0,-148815.10111793148,17746.44817268884
7032.0,19152.0,762.0,2987.0,1970,1753,3342.0,3495,8344.0,7974.0,1663.0,2017.0,255.3,0,-156532.27328900684,19831.58664477741
2850.0,9863.0,959.0,3081.0,3043,4055,4344.0,5639,11297.0,14613.0,1280.0,2059.0,255.3,0,-156286.62264877744,18213.94589033148
5784.0,13245.0,657.0,2468.0,505,1197,687.0,1532,2438.0,5254.0,828.0,871.0,255.3,0,-160854.90496096425,23251.103348335444
15647.0,27226.0,4433.0,7006.0,4164,4278,5230.0,5439,15228.0,14394.0,4256.0,5177.0,255.4,0,-146040.9593408635,18287.5570529682
1262.0,5943.0,73.0,590.0,478,1475,573.0,1329,1874.0,4351.0,1544.0,2008.0,255.4,0,-162437.8780032586,22373.86355474982
2293.0,14211.0,205.0,1053.0,1611,3302,1864.0,3541,4808.0,9032.0,544.0,1244.0,255.4,0,-160990.69105575612,21424.99591393654
4847.0,14912.0,2155.0,4834.0,2459,2853,3295.0,3754,8487.0,9296.0,1372.0,1556.0,255.5,0,-156542.14389853654,20813.858877667302
1238.0,4154.0,1781.0,4604.0,1920,2629,3099.0,4429,7246.0,11444.0,1219.0,2939.0,255.6,0,-158443.01421204995,20778.889602107087
6585.0,15239.0,758.0,2203.0,5425,5934,6166.0,6450,14482.0,14689.0,1699.0,3017.0,255.9,0,-153074.41343400255,16373.510323900986
81269.0,138322.0,15639.0,23560.0,0,92,216.0,214,17644.0,17714.0,17559.0,18942.0,255.9,0,-108566.71642995528,24054.845350557494
27450.0,29134.0,4655.0,8484.0,7774,8310,11145.0,11229,29468.0,28146.0,6681.0,5688.0,256.0,0,-133013.8389392533,10855.403630574729
33038.0,52494.0,13399.0,23113.0,382,330,0.0,120,46503.0,42299.0,32573.0,34028.0,256.2,0,-99890.32536159817,-3804.284518637924
227682.0,333863.0,51489.0,76487.0,302,311,478.0,216,152895.0,130809.0,150585.0,114161.0,256.2,0,112043.42257285371,-67674.49629272672
28521.0,44910.0,4301.0,6192.0,9760,9582,12961.0,12447,33113.0,30165.0,7219.0,7215.0,256.2,0,-130341.24676217989,8332.096660447585
3594.0,18005.0,878.0,2493.0,2156,3955,2707.0,5492,7813.0,14103.0,614.0,689.0,256.5,0,-158572.31630772536,20481.9576964808
40521.0,67437.0,4511.0,7020.0,38,15,175.0,179,52443.0,47729.0,30721.0,32492.0,256.6,0,-100575.5097279946,-12352.211718869294
3862.0,17416.0,511.0,1317.0,1876,2532,2806.0,3920,7980.0,11229.0,843.0,1465.0,256.6,0,-158373.04347388534,19947.694144087305
317699.0,429208.0,212588.0,296943.0,744,867,616.0,264,38426.0,33134.0,37209.0,30451.0,256.7,0,106209.40942785011,172179.18306017097
75391.0,94148.0,7305.0,11366.0,281,288,237.0,105,41123.0,37151.0,34809.0,30215.0,256.9,0,-92506.16213624286,-2597.475740080303
7577.0,13450.0,1788.0,4118.0,4861,5446,6124.0,6779,14084.0,15800.0,785.0,3204.0,256.9,0,-152758.96478341692,17718.548040197857
106919.0,167430.0,98054.0,153998.0,4844,5284,6993.0,6950,22059.0,21268.0,8103.0,6680.0,256.9,0,-55612.93244322631,91133.7586957234
11746.0,32831.0,920.0,2592.0,8955,9313,11816.0,12336,25420.0,26219.0,5050.0,4653.0,257.0,0,-143420.9477367468,9701.48093317402
15243.0,27672.0,3712.0,5873.0,3107,3046,4059.0,3920,11300.0,11670.0,3163.0,2955.0,257.0,0,-149661.36484949777,20481.268896828136
92302.0,123980.0,41283.0,67868.0,672,336,204.0,149,104299.0,93137.0,104969.0,78597.0,257.1,0,8581.06844267223,-39407.5729929346
727391.0,875851.0,64871.0,73270.0,1311,1043,267.0,274,1202220.0,945463.0,596720.0,490236.0,257.1,3,1130798.3432955917,-782787.4940530328
11493.0,18326.0,4751.0,6837.0,4807,4571,7575.0,7432,21276.0,22033.0,3812.0,4018.0,257.3,0,-144235.71271385442,15293.239394559285
5222.0,14763.0,3132.0,6421.0,4148,4945,6257.0,7611,14061.0,16687.0,2082.0,3911.0,257.4,0,-152016.27272332026,18043.12364621437
3839.0,10346.0,521.0,2098.0,3159,3637,4281.0,4614,9996.0,10842.0,1543.0,2819.0,257.5,0,-156695.92280159454,18458.45614498608
126496.0,188442.0,6497.0,9166.0,373,280,7.0,104,126573.0,100732.0,45585.0,39034.0,257.5,0,-22845.86210773149,-49954.94476982355
3438.0,10066.0,1579.0,3000.0,2806,2950,3607.0,3815,9131.0,9513.0,1647.0,1836.0,257.5,0,-156801.46566756032,19796.979728113834
8351.0,20757.0,1668.0,4201.0,2896,3351,4223.0,4815,10982.0,11720.0,3073.0,4319.0,257.6,0,-153063.94684438975,18420.47958068528
58508.0,88796.0,5740.0,9240.0,456,439,295.0,126,62942.0,55335.0,39145.0,46277.0,257.6,0,-82022.07241644041,-20419.05373281549
453.0,1908.0,3479.0,10177.0,856,2173,1205.0,2772,3234.0,7877.0,1372.0,1561.0,257.7,0,-160085.05152960322,24295.599455585543
2740.0,7863.0,624.0,4198.0,496,1072,591.0,1684,1432.0,4820.0,142.0,273.0,257.7,0,-162826.31770242853,23848.46688502494
1761.0,5891.0,956.0,3454.0,2986,3927,3762.0,4911,8987.0,11594.0,957.0,2154.0,257.7,0,-158049.56647173574,19460.725097988296
4279.0,9665.0,2027.0,3458.0,2627,2745,3885.0,4117,9603.0,9453.0,2085.0,2348.0,257.7,0,-155716.17788898782,19729.74689567062
282811.0,399767.0,50928.0,77351.0,750,603,45.0,125,277314.0,220337.0,103782.0,91909.0,257.8,0,172831.54357959706,-111931.1636624552
1855.0,11178.0,1026.0,4272.0,1055,3001,1227.0,3486,3300.0,9083.0,1196.0,2573.0,257.9,0,-160955.19003585092,22418.471278751364
2182.0,9855.0,149.0,1058.0,895,2668,1567.0,4186,3367.0,8954.0,618.0,1206.0,257.9,0,-161832.41234015365,22122.991200041608
33961.0,62265.0,8191.0,13848.0,2247,1815,185.0,94,39898.0,37963.0,27788.0,32742.0,257.9,0,-108743.65757387572,-2378.8422894981886
20396.0,34612.0,3891.0,7690.0,4987,4926,7654.0,8025,20493.0,20426.0,4512.0,5073.0,257.9,0,-141816.68971215608,15345.502350759623
46667.0,62743.0,8114.0,13214.0,457,408,0.0,98,46021.0,41279.0,41980.0,33754.0,258.0,0,-94620.84386723612,-9630.431901575515
54858.0,89378.0,9641.0,17541.0,154,270,136.0,77,57596.0,51970.0,44032.0,41971.0,258.0,0,-82333.15685553991,-15887.24480603425
3260.0,15392.0,806.0,2293.0,1709,2392,2648.0,3914,6959.0,11261.0,208.0,928.0,258.1,0,-159342.34980644673,20958.83950315344
2049.0,9617.0,504.0,1841.0,853,1891,1325.0,3029,3408.0,7398.0,544.0,1499.0,258.2,0,-161627.1070972047,22344.29083500511
615.0,3570.0,405.0,1844.0,1067,2005,1586.0,3209,3868.0,7744.0,373.0,812.0,258.2,0,-162086.4420752982,22069.43190367943
3135.0,10890.0,1769.0,4886.0,3956,4672,4883.0,5716,10427.0,11791.0,673.0,1781.0,258.3,0,-156520.23627041283,19561.71503105989
6920.0,12679.0,3503.0,5666.0,3579,3987,4949.0,5383,12478.0,13394.0,2002.0,3833.0,258.3,0,-152183.46305542375,19334.33973579556
11647.0,24581.0,2849.0,6515.0,3976,4576,5168.0,5245,14330.0,13928.0,3283.0,3746.0,258.3,0,-149451.8693278173,17787.699300875276
2419.0,7419.0,236.0,2283.0,11,0,193.0,66,9070.0,8259.0,995.0,1592.0,258.4,0,-158317.14339270664,18969.64799346572
1025.0,2510.0,0.0,37.0,92,9,156.0,54,3601.0,5034.0,664.0,899.0,258.4,0,-162200.133709799,21821.559805537592
377203.0,468560.0,73907.0,109142.0,1431,1236,542.0,260,683816.0,557102.0,280313.0,247015.0,258.4,3,549514.1316055594,-385400.9603474113
10934.0,23358.0,2023.0,4133.0,610,787,235.0,130,16974.0,17451.0,7979.0,15065.0,258.5,0,-144624.24975479243,12530.75064103528
28130.0,36507.0,3232.0,4724.0,5650,5759,7808.0,7412,24497.0,22140.0,5260.0,5040.0,258.5,0,-137168.55128532415,13038.514812089124
7104.0,17858.0,4572.0,9511.0,6913,7673,7764.0,8431,18487.0,19905.0,2567.0,3746.0,258.5,0,-147903.68888178674,16783.84859350128
9914.0,15747.0,2284.0,3581.0,9482,9827,11061.0,11354,26163.0,26356.0,1201.0,3340.0,258.6,0,-144790.0578175462,11668.18627488374
20895.0,36253.0,5870.0,9473.0,8607,8545,11409.0,11241,29424.0,29701.0,8192.0,6752.0,258.6,0,-133539.95954063805,10665.28643817022
6561.0,14147.0,1804.0,4344.0,3446,3632,4239.0,4155,8481.0,8645.0,763.0,1023.0,258.9,0,-156569.12093356356,20960.17580880347
9148.0,19244.0,387.0,1997.0,4324,4540,5909.0,6080,14802.0,14302.0,1725.0,3033.0,258.9,0,-152284.7623557996,16095.780028004254
520864.0,412599.0,466802.0,475402.0,3514,1751,537.0,338,395278.0,325798.0,159896.0,132041.0,259.0,3,593000.9348258046,134575.82568451736
14916.0,29487.0,7087.0,12402.0,4257,4549,5414.0,5594,14183.0,14665.0,2210.0,3111.0,259.0,0,-146581.4551103545,21778.907380557845
3331.0,14916.0,1390.0,3766.0,1070,1652,2063.0,2930,6015.0,9292.0,969.0,1148.0,259.1,0,-159112.02849663887,21626.792224453464
2854.0,17675.0,499.0,2297.0,370,1122,753.0,2197,2186.0,6645.0,466.0,605.0,259.1,0,-162240.4053144441,23203.609887657774
4938.0,14411.0,2459.0,5653.0,2295,2888,3332.0,4124,8171.0,9985.0,1647.0,2105.0,259.2,0,-156287.6763217031,21052.005195275
1952.0,7285.0,1136.0,3098.0,3072,4158,3987.0,5457,9171.0,12516.0,1409.0,1849.0,259.2,0,-157623.35051675013,19406.24504766915
8709.0,24871.0,2628.0,5595.0,3397,3221,4349.0,4355,11217.0,12046.0,1743.0,1903.0,259.2,0,-153277.0047296842,19833.33105836139
3762.0,9371.0,2161.0,4866.0,2582,2666,3557.0,4104,8180.0,9301.0,1287.0,2024.0,259.3,0,-157014.19308325878,20865.03008363413
660514.0,860243.0,50121.0,72917.0,2340,2061,28370.0,25949,281341.0,230294.0,213720.0,170997.0,259.4,0,360046.34886609553,-134023.24958162836
67123.0,109365.0,19117.0,30235.0,200,132,301.0,155,73291.0,61097.0,58501.0,50653.0,259.4,0,-55958.64672767042,-22191.96710447509
15396.0,22049.0,4524.0,7045.0,8976,9306,9879.0,9830,25642.0,24352.0,2570.0,4019.0,259.5,0,-141253.1718112373,13507.476180669328
4471.0,10243.0,1864.0,2822.0,1611,3033,1731.0,3838,4590.0,9488.0,0.0,404.0,259.5,0,-159827.24379046093,23263.85945081218
9520.0,18780.0,2109.0,4630.0,4107,4253,5737.0,6303,15348.0,16219.0,1910.0,2071.0,259.6,0,-150926.7869426787,17212.201659345807
9556.0,13261.0,1690.0,3863.0,2580,2504,4546.0,4759,12405.0,13188.0,2221.0,3118.0,259.6,0,-152476.5440444854,18215.027896904336
14339.0,31941.0,2964.0,5632.0,6753,6871,8152.0,8642,17669.0,19071.0,1574.0,2144.0,259.7,0,-147718.00968970897,17094.09319885471
251706.0,363409.0,22052.0,33228.0,734,481,0.0,85,200494.0,176851.0,109340.0,92579.0,259.7,0,105970.78362736726,-97014.82663026228
70922.0,115728.0,5201.0,8646.0,3997,3629,10226.0,9479,16632.0,14473.0,9725.0,7619.0,259.8,0,-124129.3141747324,20095.705084960216
38080.0,57646.0,1483.0,4296.0,59,102,96.0,78,43547.0,39611.0,36364.0,33320.0,259.9,0,-105326.65776907808,-12063.672026799317
8834.0,20085.0,2925.0,5953.0,7575,7888,8001.0,8586,17172.0,17531.0,1228.0,2521.0,259.9,0,-149873.66349950785,16984.84594903945
1837.0,8424.0,4363.0,12804.0,237,268,263.0,185,20587.0,32637.0,18451.0,25658.0,260.1,0,-137518.57584598195,6731.737571620961
954.0,5587.0,1067.0,4566.0,164,134,226.0,147,3558.0,7335.0,5065.0,8439.0,260.1,0,-158293.41332869188,20133.799629112174
1324.0,8108.0,386.0,1786.0,206,234,237.0,185,912.0,4154.0,15780.0,29528.0,260.1,0,-151483.30061709162,14551.011111322892
1720950.0,1278280.0,4932960.0,4687430.0,70978,38652,13133.0,6595,3212190.0,1822030.0,2183030.0,994763.0,260.1,4,6256408.855196565,1318290.85579163
109754.0,174049.0,7369.0,12675.0,607,424,250.0,117,117899.0,98537.0,38888.0,45408.0,260.2,0,-34489.1052508822,-44565.66374921421
12942.0,16103.0,3726.0,5237.0,1405,1531,3307.0,3476,9387.0,8661.0,3790.0,2925.0,260.2,0,-151174.067233263,21131.808270942754
7984.0,14077.0,1826.0,3684.0,4338,6020,5325.0,7091,10778.0,13575.0,3066.0,2314.0,260.3,0,-153540.25548390075,18912.111822511582
5631.0,18214.0,3084.0,8122.0,3087,3921,4176.0,5199,11146.0,14072.0,2333.0,4064.0,260.3,0,-153392.93614884242,19487.91743683844
3151.0,14543.0,502.0,2896.0,666,1705,1006.0,2263,2510.0,6082.0,2356.0,3236.0,260.3,0,-160639.8801052357,22060.11975787435
3690.0,14765.0,1035.0,4200.0,2488,3287,3472.0,4601,8956.0,12333.0,443.0,1391.0,260.3,0,-157771.7006097212,19956.76745181594
15502.0,26405.0,6443.0,12076.0,5456,5466,7594.0,7707,18575.0,18510.0,2646.0,4424.0,260.3,0,-143908.65841097975,18659.078173068658
8817.0,19414.0,1678.0,3686.0,3533,3948,4391.0,4457,10359.0,11255.0,2364.0,3297.0,260.4,0,-153752.37314829507,19178.058648371425
1698.0,9200.0,420.0,1662.0,1253,2083,1874.0,3285,4333.0,8192.0,647.0,1377.0,260.4,0,-161248.32255214432,21743.725594163003
10275.0,25019.0,2640.0,3731.0,5006,5188,6965.0,7541,20903.0,21548.0,2658.0,5642.0,260.5,0,-146334.03899882775,13954.3575329605
88773.0,125519.0,12182.0,17131.0,388,379,0.0,49,147532.0,130858.0,96442.0,89062.0,260.6,0,12028.427095461491,-83571.88408757857
20080.0,31723.0,3391.0,4429.0,7581,7025,9487.0,9499,26286.0,24397.0,4533.0,4336.0,260.7,0,-139111.57700478373,11948.686229075558
211676.0,304176.0,57731.0,89177.0,427,454,320.0,116,143158.0,119960.0,135640.0,107529.0,260.8,0,97187.7400423816,-53020.313105613
43485.0,71123.0,8177.0,14910.0,324,210,355.0,187,44267.0,44273.0,19159.0,28641.0,260.8,0,-107967.492113627,-584.9638688504492
13929.0,35363.0,2382.0,4946.0,2880,2936,4368.0,4989,14593.0,16583.0,1533.0,4928.0,260.8,0,-149460.0711931687,17873.3840074043
21032.0,31604.0,10146.0,17284.0,659,258,0.0,60,31417.0,31732.0,29899.0,24612.0,260.8,0,-116856.19020978862,3109.3931107308963
87978.0,140563.0,11801.0,19332.0,5804,5792,484.0,470,89467.0,86217.0,44891.0,73534.0,260.9,0,-46966.44929840784,-33506.45251266008
12121.0,20245.0,2176.0,5359.0,5013,5171,7246.0,7641,18749.0,18803.0,1952.0,4655.0,261.0,0,-147701.64026950698,15265.774596960122
6111.0,13789.0,1699.0,4138.0,2047,2034,2604.0,2642,7967.0,8188.0,2157.0,3366.0,261.0,0,-156024.64870146784,20324.199346367463
1295.0,5294.0,485.0,2725.0,151,51,225.0,200,4879.0,8659.0,4680.0,6214.0,261.1,0,-158356.70971685907,19448.704829211605
1088970.0,1141490.0,1333630.0,1785960.0,6026,4419,1281.0,852,1532340.0,1128040.0,1082350.0,759513.0,261.1,3,2449293.072562796,-167101.44321144003
880251.0,1069180.0,436936.0,546300.0,8743,6616,733.0,613,291307.0,228979.0,138365.0,99785.0,261.1,3,617685.2515776006,206117.74845287495
30897.0,33744.0,4773.0,5430.0,10980,10080,12769.0,12181,28493.0,26870.0,3130.0,2771.0,261.2,0,-134498.1893856952,13328.159075345462
91941.0,133803.0,626766.0,748683.0,5993,5653,7788.0,7697,20488.0,20579.0,5521.0,4487.0,261.2,0,249645.61976041985,493897.6169033368
4126.0,9518.0,1229.0,2935.0,6975,6530,6604.0,6455,14790.0,14491.0,836.0,1492.0,261.2,0,-154066.73630554735,16890.08274501923
4631.0,14604.0,2015.0,5110.0,2100,2498,4608.0,5141,10908.0,12117.0,1163.0,3488.0,261.2,0,-155118.08661770346,19192.680513966392
9138.0,17206.0,2274.0,3864.0,3832,3482,4836.0,4990,13279.0,13108.0,0.0,1824.0,261.3,0,-153021.91506582886,19084.53598162983
6101.0,14194.0,2602.0,6041.0,2989,3295,3684.0,4321,10652.0,12126.0,2199.0,1951.0,261.3,0,-154226.28017355478,19760.765689843414
8554.0,11936.0,1886.0,3401.0,435,1032,276.0,1340,1525.0,4540.0,320.0,346.0,261.3,0,-160070.39709604604,25123.14123314405
162381.0,251855.0,17529.0,26714.0,10558,10192,24551.0,23544,36272.0,32332.0,10132.0,9529.0,261.3,0,-76066.76548076632,25422.41369299669
8619.0,15198.0,3875.0,7243.0,6252,6498,8376.0,8283,17734.0,17503.0,3540.0,3052.0,261.6,0,-147918.1623737301,16541.35127078926
15119.0,27541.0,2506.0,4064.0,3292,3837,5468.0,6204,13640.0,14266.0,1948.0,2309.0,261.7,0,-149786.3503049697,18797.49977355288
42506.0,66990.0,6016.0,8394.0,328,147,26.0,53,45876.0,40849.0,39856.0,36093.0,261.7,0,-97853.47673633017,-11080.868652378953
6334.0,9962.0,1714.0,3585.0,1800,1909,3102.0,3152,8458.0,10084.0,1661.0,2065.0,261.8,0,-156124.35637171168,20435.059811013278
503553.0,691291.0,199569.0,303321.0,1969,1463,61.0,114,235220.0,200433.0,148192.0,115531.0,261.8,0,332733.5093442284,22048.57305699041
3442.0,12909.0,106.0,1561.0,2453,2578,3212.0,3547,7055.0,7794.0,0.0,1069.0,261.8,0,-159711.98545390964,20441.961579627958
1804.0,8766.0,1335.0,3999.0,2231,3398,2957.0,4532,6971.0,10267.0,497.0,840.0,261.9,0,-159369.2579632508,21164.39884594735
1579.0,9726.0,619.0,2435.0,788,2477,973.0,3191,1924.0,5787.0,439.0,852.0,261.9,0,-162691.2710877771,23316.1576110773
52457.0,73962.0,9588.0,14106.0,411,447,253.0,175,68898.0,63284.0,53259.0,57541.0,261.9,0,-69957.51920163543,-27400.81068076332
7196.0,10493.0,2748.0,5529.0,3521,4337,4134.0,5226,11276.0,14449.0,3675.0,2649.0,262.1,0,-152640.495762504,19034.109819429075
39980.0,65513.0,7988.0,12537.0,0,66,256.0,212,47818.0,44543.0,32203.0,37844.0,262.1,0,-99650.62994625609,-8514.614174337185
365592.0,473493.0,45301.0,60356.0,1214,968,8035.0,7230,212490.0,173448.0,168268.0,144122.0,262.1,0,198900.7428332672,-104031.40836819942
8483.0,16641.0,2722.0,4148.0,3381,3106,4606.0,4621,10958.0,11143.0,3986.0,4224.0,262.1,0,-152004.72095035174,18956.657525068917
11900.0,16689.0,1211.0,2303.0,4406,4853,5607.0,6381,11689.0,13231.0,290.0,1025.0,262.1,0,-153643.15641685718,19352.741243074783
101540.0,152516.0,16135.0,25101.0,704,537,0.0,0,89195.0,80439.0,66180.0,60757.0,262.2,-1,-32617.83101215161,-34393.162605504425
100510.0,149749.0,71501.0,118785.0,569,429,184.0,159,82160.0,71620.0,62420.0,59193.0,262.2,0,-6108.9065673016885,12878.847115378952
163437.0,237828.0,5662.0,9331.0,355,307,245.0,128,157318.0,141508.0,109325.0,87585.0,262.2,0,43221.5723586801,-92255.98228397692
21255.0,44916.0,4006.0,6694.0,7137,7440,10695.0,10929,26330.0,25428.0,8738.0,7498.0,262.2,0,-135865.41894699394,10639.226112096914
432406.0,595633.0,150079.0,223074.0,11761,10868,15776.0,15605,48234.0,43835.0,10527.0,8518.0,262.2,0,95503.63412554632,139981.99437103627
16534.0,24802.0,2890.0,3958.0,5468,5811,7354.0,7708,20094.0,21869.0,1619.0,3256.0,262.3,0,-145511.60856723916,15726.9263636722
12581.0,21940.0,1689.0,4943.0,3300,3865,5228.0,5213,14243.0,15038.0,1766.0,3050.0,262.3,0,-150707.01813896405,17620.59876327354
1653.0,6064.0,1347.0,4432.0,2591,3904,3216.0,4921,8919.0,14578.0,211.0,1025.0,262.6,0,-158431.09805871997,20190.0780017852
38235.0,65406.0,10390.0,16231.0,139,165,422.0,181,36916.0,33387.0,30545.0,26191.0,262.6,0,-107584.3149005222,1199.4621049887935
148956.0,229768.0,45998.0,73933.0,590,274,184.0,206,86235.0,76994.0,72870.0,65345.0,262.7,0,2483.445854643971,-9396.147160689725
76689.0,103385.0,4725.0,7180.0,568,314,741.0,270,77862.0,71128.0,66383.0,61628.0,262.7,0,-53349.71212821425,-39015.22556612943
44134.0,79124.0,6699.0,10494.0,506,498,52.0,16,60586.0,55243.0,37938.0,42502.0,262.8,0,-88573.83609930056,-18574.60970691401
19328.0,34737.0,5451.0,8800.0,7405,7636,10501.0,10763,26355.0,26758.0,3692.0,6838.0,262.8,0,-138053.47708072513,13350.028342876938
21770.0,37922.0,2398.0,4844.0,5973,6438,7218.0,7334,18432.0,18067.0,3934.0,3831.0,262.8,0,-143875.0151251891,15787.343614019052
9679.0,13782.0,1174.0,1826.0,3349,3286,4546.0,4514,10445.0,10240.0,2310.0,2743.0,262.8,0,-153846.5274576257,18907.98986008012
9974.0,15143.0,1853.0,3634.0,4635,4749,5484.0,5458,13052.0,13798.0,2137.0,1920.0,262.8,0,-152122.27652690775,18229.09831580336
33345.0,63668.0,11912.0,20338.0,542,516,119.0,83,49999.0,46003.0,29321.0,40457.0,263.0,0,-99130.97102249236,-6601.572822345406
1535.0,6995.0,587.0,4751.0,219,102,130.0,11,1744.0,4987.0,16096.0,38628.0,263.1,0,-149129.14576854015,12896.236672337707
33482.0,53756.0,9947.0,17409.0,372,179,73.0,69,43834.0,43633.0,22864.0,40061.0,263.1,0,-106702.55657910784,-2584.1755609636457
45602.0,70203.0,36327.0,55513.0,7188,7535,8585.0,8784,22010.0,20996.0,5047.0,3504.0,263.2,0,-113732.893105124,41125.55577458853
16590.0,32208.0,3513.0,7098.0,5866,5756,7571.0,7907,20014.0,20209.0,5126.0,4117.0,263.2,0,-143403.82615300134,14963.835171376371
4798.0,11321.0,97.0,1476.0,2320,2803,3203.0,3666,8336.0,9827.0,857.0,1234.0,263.2,0,-158151.09447704602,19542.232147646428
12385.0,14253.0,1654.0,3358.0,4201,3855,6131.0,6093,12436.0,11854.0,3298.0,3441.0,263.3,0,-151011.39260634896,17987.58136883489
3338.0,7728.0,1100.0,2748.0,3793,4177,4861.0,5419,13012.0,14089.0,527.0,2154.0,263.3,0,-155424.61553532365,17679.854357129203
5853.0,15790.0,1879.0,4871.0,2492,2533,3415.0,3336,9949.0,10904.0,2446.0,2588.0,263.3,0,-154901.44566017494,19395.520779495164
17181.0,27102.0,3582.0,6124.0,5583,5504,7382.0,7306,20989.0,18625.0,2353.0,4713.0,263.4,0,-143811.16977275256,15374.982757531128
2993.0,9987.0,696.0,2443.0,4055,5579,4638.0,5986,10886.0,13764.0,1094.0,2418.0,263.4,0,-156642.9283810124,18261.203005610245
1880.0,12192.0,628.0,2218.0,1362,2281,2164.0,4014,6196.0,11572.0,880.0,2899.0,263.5,0,-159666.78865625084,20628.175235689803
5706.0,8439.0,1242.0,2471.0,3481,4124,5319.0,6022,12145.0,13678.0,3075.0,3599.0,263.6,0,-153638.706180815,17379.085488732864
2358.0,6791.0,254.0,1281.0,423,1100,739.0,2097,1442.0,4678.0,56.0,229.0,263.6,0,-163209.13636617715,23567.704173620157
6023.0,12668.0,2480.0,4573.0,4825,5168,5824.0,6391,13537.0,14836.0,3148.0,2359.0,263.6,0,-152208.06383984053,17754.10015323399
32454.0,57348.0,15536.0,23766.0,2767,2561,6212.0,6067,15212.0,14751.0,6719.0,7091.0,263.8,0,-132635.93439868456,26900.240580514765
32492.0,48698.0,49261.0,78325.0,31,189,304.0,129,44386.0,39360.0,29052.0,28648.0,263.8,0,-82587.0578420859,26467.7508472806
12028.0,26312.0,1541.0,4628.0,5502,5607,6517.0,6801,16364.0,16707.0,4688.0,3564.0,263.9,0,-148352.32928435167,15299.00035423666
10381.0,23199.0,2684.0,4945.0,4895,5022,6959.0,7662,17959.0,19774.0,2686.0,4247.0,263.9,0,-148129.4703820962,15757.35460789898
33085.0,49994.0,12448.0,20400.0,2222,2071,5285.0,5179,13558.0,13202.0,3838.0,3660.0,263.9,0,-137094.32733025838,26920.243764194794
7771.0,17633.0,1081.0,2175.0,3454,3579,5263.0,5532,12887.0,12882.0,1339.0,2201.0,264.0,0,-153701.1647291331,17786.05650319616
143397.0,193585.0,24490.0,35881.0,305,309,0.0,89,98855.0,90886.0,84964.0,72746.0,264.1,0,1810.245452743984,-37971.96850694291
9628.0,13374.0,2521.0,4843.0,2827,3229,3655.0,4133,9412.0,9843.0,1298.0,1755.0,264.2,0,-154278.18059162796,20952.95402969965
24869.0,47569.0,3812.0,8856.0,94,0,105.0,50,37664.0,36846.0,14991.0,24750.0,264.3,0,-122761.30359182016,168.023926010359
5626.0,11521.0,482.0,1834.0,1932,2350,3378.0,3876,9925.0,11592.0,2298.0,2560.0,264.3,0,-155888.5317330194,18379.968518976028
14370.0,21588.0,1867.0,4444.0,4218,4165,6337.0,6270,16878.0,16238.0,4449.0,4431.0,264.4,0,-147090.88156856914,15398.801020289196
20592.0,31066.0,6605.0,11132.0,7046,7149,8898.0,9032,24086.0,22324.0,6546.0,5772.0,264.4,0,-137094.04802350924,14735.633773351465
357718.0,508952.0,32894.0,49638.0,1033,601,316.0,125,149317.0,128032.0,78143.0,70110.0,264.4,0,99847.24185523108,-39932.84203609259
18815.0,38097.0,1110.0,2953.0,3327,3713,4893.0,4903,15025.0,14949.0,3425.0,5075.0,264.4,0,-147505.57736172844,16393.76853941155
59747.0,89785.0,4897.0,5050.0,0,2,386.0,241,46790.0,42078.0,38108.0,38138.0,264.4,0,-92933.64549527176,-10837.93393020788
37033.0,63728.0,18137.0,22749.0,378,249,373.0,361,54319.0,47123.0,38984.0,35028.0,264.5,0,-88358.54361485234,-6358.823653973566
2031.0,10510.0,411.0,1786.0,1929,4751,2410.0,5256,4718.0,11710.0,168.0,927.0,264.5,0,-161227.9079203999,21781.00904010473
9227.0,15021.0,2468.0,3638.0,4172,4147,4861.0,4790,11889.0,11819.0,2079.0,2873.0,264.6,0,-152508.11830688996,19147.074636199388
20750.0,25833.0,4112.0,5782.0,5724,5382,7237.0,7399,18258.0,18646.0,3390.0,4496.0,264.6,0,-143422.86498222672,17193.55572719209
94770.0,139252.0,14407.0,21156.0,885,379,24.0,117,61822.0,55610.0,54077.0,52857.0,264.7,0,-57875.95161418778,-16398.358882473753
2735.0,13507.0,2155.0,7170.0,1725,3174,2353.0,4227,6798.0,12222.0,519.0,2069.0,264.7,0,-158463.95330485902,21768.25002639982
314527.0,454775.0,24205.0,36157.0,974,813,238.0,237,229760.0,194657.0,113534.0,101045.0,264.7,0,146970.2101196143,-108925.54671132215
86126.0,135940.0,15045.0,26002.0,192,203,266.0,139,88642.0,78831.0,79088.0,61802.0,264.8,0,-32378.59321720974,-40484.23652868551
86050.0,133522.0,8898.0,12059.0,530,346,576.0,355,65699.0,56767.0,53590.0,50311.0,264.8,0,-62446.2486488898,-22797.56828828775
2483.0,11955.0,1618.0,5077.0,192,140,76.0,33,3459.0,5074.0,2280.0,3220.0,264.8,0,-159711.4264825765,22375.4070346364
1513.0,8388.0,2734.0,9119.0,233,232,64.0,0,6924.0,11671.0,624.0,1277.0,264.8,-1,-158543.59499833782,22115.58789079828
2032.0,11889.0,1685.0,12239.0,177,156,79.0,0,2342.0,4761.0,11391.0,20571.0,264.8,-1,-153258.4403368959,17534.152886709137
1114600.0,923479.0,1981340.0,1965770.0,6397,3298,715.0,466,899995.0,691151.0,490254.0,349833.0,264.8,3,2147414.4780208697,919738.0611579072
11236.0,32153.0,1745.0,3620.0,1881,2232,5240.0,5869,13598.0,14484.0,5580.0,5619.0,264.9,0,-149269.3134374347,16274.723866446664
7021.0,21121.0,1402.0,2305.0,3786,4412,5694.0,6292,14865.0,16498.0,2891.0,4677.0,265.0,0,-151515.452934484,16054.521707493208
10670.0,10171.0,3161.0,3479.0,7262,6627,8721.0,7876,16006.0,13382.0,2809.0,2764.0,265.1,0,-149019.5425690551,17365.262092818797
298760.0,432147.0,23451.0,34557.0,583,678,0.0,38,199018.0,172482.0,125246.0,107771.0,265.1,0,131011.5355515177,-99051.5803846617
248133.0,336846.0,26364.0,38698.0,758,648,26.0,111,205569.0,175362.0,122515.0,92858.0,265.1,0,116299.29121212637,-101137.92377975296
10896.0,14356.0,930.0,2159.0,3298,3068,4697.0,4754,11606.0,10025.0,2663.0,3852.0,265.2,0,-152604.9957735132,17919.29851684517
13134.0,15441.0,9350.0,16033.0,0,123,159.0,130,4726.0,4580.0,542.0,985.0,265.2,0,-152209.10938712975,29259.97794176017
43016.0,76725.0,11099.0,17910.0,696,283,419.0,183,54696.0,49269.0,45039.0,37593.0,265.2,0,-87158.8462583435,-13831.641063112998
14453.0,22485.0,3199.0,4025.0,4943,5046,7663.0,7912,23347.0,23487.0,7043.0,6612.0,265.3,0,-141123.15426450473,11790.470819751652
5768.0,9477.0,2413.0,3929.0,3354,4123,5394.0,5764,12202.0,14082.0,963.0,1374.0,265.3,0,-154250.61619595892,19255.59426415271
42434.0,73260.0,3141.0,6900.0,317,174,0.0,53,46423.0,43147.0,32007.0,35054.0,265.3,0,-103068.42026927718,-10811.464747199325
1148.0,5415.0,1604.0,5820.0,1236,2478,1627.0,3013,3476.0,6805.0,690.0,999.0,265.3,0,-161244.7024676133,23099.87982481453
14548.0,32455.0,2722.0,5985.0,6498,6304,9274.0,9606,21791.0,20763.0,1980.0,3902.0,265.4,0,-145023.53951666632,14336.885152242856
8412.0,17602.0,3417.0,8083.0,6299,6951,6983.0,7582,14981.0,15438.0,2471.0,2201.0,265.4,0,-150419.74151746975,18126.00552226812
13307.0,23152.0,2075.0,4222.0,7379,7058,9817.0,10154,22846.0,23999.0,6280.0,5718.0,265.4,0,-142922.6220077024,11509.016590277031
2688.0,8914.0,173.0,1184.0,162,74,64.0,0,6709.0,9828.0,1634.0,1793.0,265.5,-1,-159245.47598094874,19964.075408274384
9330.0,17353.0,0.0,2200.0,221,248,20.0,65,16534.0,12111.0,1678.0,1817.0,265.5,0,-151757.36025083036,15053.334941550238
2490.0,8932.0,333.0,1512.0,170,74,81.0,0,3275.0,6416.0,21818.0,54974.0,265.5,-1,-142684.4537206414,7765.127823616298
486669.0,541774.0,46654.0,64255.0,2147,2003,38.0,121,1114090.0,879978.0,406594.0,334158.0,265.5,3,879669.163219298,-682451.4306345247
1908.0,4220.0,0.0,213.0,136,99,0.0,0,3260.0,4114.0,1880.0,1461.0,265.5,-1,-161449.2043453595,21586.756944410143
48624.0,72732.0,8129.0,12664.0,583,305,235.0,119,46608.0,41752.0,32913.0,28887.0,265.6,0,-98671.86860127508,-6093.17935845071
1545.0,4951.0,1398.0,4262.0,2249,3548,3217.0,5077,8264.0,12885.0,439.0,639.0,265.6,0,-158760.45391297204,20548.102887753317
54946.0,97724.0,10790.0,18234.0,6887,6727,8301.0,8450,15613.0,13604.0,3812.0,3340.0,265.7,0,-129966.51001790716,26270.84707670475
40456.0,60501.0,5048.0,9741.0,394,281,117.0,28,24171.0,22202.0,14906.0,15437.0,265.8,0,-126130.83128308276,10830.449392914185
30092.0,53702.0,4596.0,7993.0,8432,8506,11402.0,11434,31706.0,31220.0,6518.0,4995.0,265.8,0,-131154.1612355437,9964.125729696114
22552.0,43311.0,2621.0,4281.0,0,28,0.0,66,37417.0,37714.0,19673.0,30815.0,265.8,0,-121147.23795413804,-3182.6597580821435
44335.0,79044.0,5336.0,7444.0,125,154,490.0,218,38042.0,34230.0,28492.0,29176.0,266.0,0,-108425.37970985127,-2524.2037088136785
96311.0,152035.0,4512.0,7072.0,293,195,139.0,183,91235.0,87217.0,86924.0,79770.0,266.1,0,-27207.55278391819,-54233.134471962
6560.0,13411.0,1689.0,3385.0,2468,2986,3869.0,4169,9919.0,11366.0,1608.0,1976.0,266.1,0,-155293.78255839157,19684.019275624247
2124.0,5365.0,1738.0,4881.0,3893,4701,5013.0,6059,11199.0,12705.0,2704.0,3052.0,266.1,0,-155281.76422807985,18196.34359959656
11008.0,24425.0,769.0,3714.0,5049,5334,6229.0,6759,15161.0,16805.0,2593.0,2916.0,266.2,0,-150880.27006991778,16064.514347872364
10316.0,23110.0,3862.0,4930.0,5553,5561,7660.0,7912,20875.0,21489.0,4492.0,4278.0,266.3,0,-144999.39771770878,14485.429839158178
408907.0,561916.0,92973.0,138921.0,970,628,361.0,251,220576.0,194193.0,190268.0,169162.0,266.4,0,259860.89296342395,-79699.35734058954
7264.0,14546.0,1069.0,3067.0,1585,2439,1741.0,2979,4098.0,6949.0,1324.0,2002.0,266.4,0,-158789.0300588968,22468.41730238748
4696.0,8327.0,3282.0,7366.0,1417,2054,1979.0,2757,5482.0,7208.0,804.0,667.0,266.4,0,-158008.1487487007,23576.119533278168
706138.0,742134.0,86485.0,112089.0,3403,2280,667.0,463,2062850.0,1518370.0,685342.0,491608.0,266.5,3,1653881.2497127124,-1258383.855058083
1615.0,9969.0,600.0,2502.0,1374,3423,1536.0,3715,3092.0,8071.0,553.0,1085.0,266.5,0,-161948.7409292209,22611.406042672523
112066.0,162594.0,9473.0,16788.0,285,374,513.0,175,84242.0,71779.0,81066.0,61930.0,266.6,0,-28850.36213539369,-41097.77031255773
7347.0,14345.0,1608.0,3293.0,4729,5598,6339.0,6752,15753.0,17559.0,676.0,2388.0,266.6,0,-152206.2683105596,16820.6496145642
257014.0,276601.0,1156120.0,1425410.0,7941,7476,9820.0,9921,24423.0,23392.0,6911.0,4211.0,266.7,0,618250.8856727355,906085.9991304368
2106.0,5222.0,24.0,455.0,206,121,0.0,0,5595.0,4145.0,574.0,786.0,266.7,-1,-160797.34240077442,20898.049576538226
379280.0,505664.0,375156.0,532418.0,1614,1068,24.0,196,375896.0,296331.0,96611.0,89979.0,266.7,0,446306.5944657159,91602.47104826052
1101.0,4991.0,0.0,0.0,182,103,83.0,0,3981.0,7847.0,1416.0,2237.0,266.8,-1,-161389.6623698783,21185.74970921752
3277.0,7486.0,688.0,2618.0,254,277,102.0,0,9428.0,16453.0,62796.0,88229.0,266.8,-1,-114228.2886156982,-13466.7674575439
712850.0,862632.0,83958.0,111039.0,2866,2473,174.0,86,1268620.0,1012160.0,526864.0,451693.0,266.8,3,1135344.58600359,-776312.9974472976
9263.0,20428.0,755.0,3486.0,4385,4918,5598.0,5808,14706.0,15068.0,1901.0,2950.0,266.8,0,-152017.09745109026,16388.88129745387
48800.0,77183.0,8593.0,15404.0,478,249,0.0,97,50876.0,46072.0,42570.0,39613.0,266.8,0,-89690.3747011256,-12721.800280936848
11031.0,15380.0,3215.0,4749.0,4456,4804,6427.0,6449,16281.0,17097.0,4598.0,3279.0,266.8,0,-147823.39077082757,16606.076737253454
25047.0,49976.0,8431.0,13658.0,171,124,324.0,249,52366.0,47785.0,41568.0,37842.0,266.9,0,-97347.55934342316,-14840.32184500152
1240.0,4596.0,717.0,2905.0,1701,2466,2483.0,3635,6166.0,9314.0,396.0,1313.0,266.9,0,-160329.25973092165,21048.311602922484
11411.0,25045.0,3077.0,5708.0,9151,9725,11392.0,11701,21581.0,20495.0,3358.0,3496.0,267.0,0,-145355.47368296474,14096.324797080391
5666.0,23153.0,823.0,2820.0,2770,3179,3727.0,4418,10927.0,12387.0,1269.0,1254.0,267.3,0,-155814.11458803446,18634.20954869548
18031.0,26621.0,4069.0,6385.0,1987,1917,5726.0,5301,14324.0,13567.0,7088.0,6285.0,267.3,0,-144503.73377651922,17567.164339370163
22875.0,32291.0,2571.0,4325.0,5298,5599,7226.0,7605,19277.0,18077.0,3718.0,5986.0,267.3,0,-142683.17590639973,15316.185812393953
8343.0,25152.0,1642.0,4024.0,3252,3965,4314.0,4975,10280.0,12155.0,2021.0,2965.0,267.5,0,-154185.7269990372,19316.59378535638
47195.0,73441.0,6993.0,14915.0,357,227,297.0,173,36254.0,34218.0,21423.0,27273.0,267.5,0,-111101.08412827336,2522.369095371887
36314.0,59944.0,2432.0,3737.0,207,142,33.0,50,35627.0,31555.0,25420.0,25873.0,267.5,0,-116033.7932518824,-2555.4954905920604
4742.0,13626.0,2427.0,4150.0,4018,4541,5156.0,5540,11927.0,12610.0,1441.0,2357.0,267.6,0,-154332.5020155768,19043.52626935064
306035.0,443795.0,14575.0,23627.0,895,861,542.0,271,201786.0,164082.0,121815.0,101338.0,267.6,0,126947.45371363786,-104694.8070831935
42933.0,60337.0,2291.0,3290.0,198,165,471.0,172,33210.0,28789.0,30581.0,23072.0,267.7,0,-113432.53757906928,-2196.2123951156354
32236.0,51547.0,11528.0,19349.0,400,329,119.0,50,31198.0,31220.0,29324.0,30670.0,267.8,0,-111792.3327664978,4457.63333922407
1015.0,5232.0,279.0,1970.0,47,0,153.0,54,2658.0,4874.0,1090.0,1635.0,267.8,0,-162237.60019768728,22293.097697573496
824.0,3468.0,0.0,167.0,83,0,115.0,0,2117.0,7530.0,19625.0,47695.0,267.8,-1,-146316.32843535522,9754.591458600891
542852.0,688106.0,75028.0,114210.0,1314,1208,1.0,79,793383.0,621254.0,362631.0,287313.0,267.8,3,708765.1998619837,-463809.7097563459
3745.0,11195.0,247.0,2509.0,1360,3538,1293.0,4107,3467.0,11051.0,278.0,358.0,267.8,0,-161518.82353942475,22494.590913315235
7733.0,11857.0,1435.0,3573.0,6524,6443,8519.0,9030,19893.0,19991.0,3866.0,4122.0,267.8,0,-148115.00432433403,13207.76060381817
3875.0,19252.0,303.0,1929.0,3472,5135,4297.0,6167,10178.0,14829.0,965.0,1341.0,267.9,0,-157231.31376850154,18598.253518147736
4441.0,12583.0,882.0,2819.0,2108,2384,2598.0,3150,7202.0,8428.0,66.0,597.0,267.9,0,-158904.96461242557,21070.195349939364
2844.0,8229.0,585.0,1022.0,472,234,99.0,108,2963.0,5058.0,17435.0,27679.0,268.0,0,-149297.67277501803,13427.833897898698
36088.0,67849.0,2451.0,4527.0,695,287,96.0,139,36811.0,35569.0,20043.0,30108.0,268.0,0,-117188.76067161528,-1995.5932343477248
27012.0,46785.0,5431.0,7411.0,186,241,216.0,98,38524.0,34231.0,34502.0,32653.0,268.1,0,-110293.68176834995,-6488.715690609286
3929.0,15679.0,1117.0,2760.0,1831,2885,1912.0,2784,5132.0,7524.0,580.0,1264.0,268.1,0,-159726.6468840997,22053.3921696565
3702.0,10882.0,432.0,3128.0,1595,1929,2358.0,3090,5990.0,8257.0,1705.0,1895.0,268.1,0,-159102.94188858903,20593.26749406955
2621.0,8979.0,1687.0,3702.0,4414,5720,5291.0,7125,13081.0,17382.0,598.0,2541.0,268.1,0,-155166.90308528172,17960.727425226316
13456.0,20164.0,3918.0,8064.0,14161,14495,14573.0,14658,26842.0,26253.0,1844.0,3958.0,268.2,0,-141883.48647021764,12534.130460819748
7658.0,16248.0,0.0,818.0,2727,2881,4098.0,4395,10156.0,11186.0,1765.0,4045.0,268.2,0,-155379.696979058,18015.133047023905
4372.0,9619.0,1338.0,3166.0,2458,3357,3462.0,5004,9532.0,13003.0,1521.0,2317.0,268.3,0,-156399.7009162938,19441.866205819995
1224.0,4403.0,1544.0,5379.0,1966,3162,2192.0,3397,4166.0,6295.0,355.0,476.0,268.3,0,-161114.06113258094,22878.496012946547
2876.0,17113.0,339.0,1886.0,1209,3447,1514.0,4242,3501.0,9008.0,562.0,1106.0,268.3,0,-161465.22266831875,22281.64471293116
1405.0,8950.0,0.0,909.0,177,138,137.0,5,3047.0,5068.0,869.0,1335.0,268.4,0,-162215.08040914516,22017.919190971304
484102.0,657663.0,216580.0,290305.0,3093,2495,557.0,362,399681.0,322238.0,183672.0,130619.0,268.4,0,446461.7389872519,-68427.05714125177
7169.0,13425.0,763.0,2408.0,4094,4187,6043.0,6288,16059.0,16854.0,3838.0,3115.0,268.6,0,-151014.94175493304,14845.960326632025
1042.0,5260.0,418.0,1677.0,1006,2124,1363.0,2900,3695.0,7786.0,393.0,539.0,268.7,0,-162075.88267036073,22235.10686202249
164813.0,246578.0,27365.0,39972.0,871,256,0.0,100,34091.0,32077.0,27164.0,26139.0,268.7,0,-60075.462138707255,26217.154511083543
3981.0,14271.0,1879.0,4967.0,3523,4449,4450.0,5431,10965.0,13562.0,903.0,2828.0,268.7,0,-155603.27176084506,19195.56895669197
4550.0,11062.0,1184.0,3412.0,3218,3296,4297.0,4901,10125.0,11427.0,688.0,1315.0,268.8,0,-156656.5020182673,19441.23451864745
15117.0,27651.0,3451.0,5473.0,264,151,84.0,4,19789.0,19874.0,15106.0,20007.0,268.8,0,-136750.7334230507,9361.074900238184
1790.0,8196.0,1263.0,5841.0,735,1621,955.0,2145,2663.0,6571.0,1457.0,2178.0,268.8,0,-161137.74596005032,22901.813115561024
2276.0,7847.0,1646.0,6267.0,1884,2543,2565.0,3433,6750.0,9719.0,781.0,1162.0,268.8,0,-158972.4255191644,21413.336010545063
7905.0,19696.0,1719.0,4454.0,3704,3728,4801.0,5137,11869.0,13255.0,1801.0,1459.0,268.8,0,-153758.7505376548,18777.51089561822
2039.0,5854.0,403.0,2095.0,122,7,0.0,0,4472.0,4164.0,437.0,747.0,268.9,-1,-161286.18460232991,21832.860616524635
367.0,2091.0,70.0,649.0,133,0,100.0,0,1108.0,4764.0,11937.0,31164.0,268.9,-1,-153359.48291582934,15181.102588832864
232682.0,339104.0,10706.0,15799.0,693,351,0.0,68,327244.0,270049.0,149691.0,126641.0,268.9,0,187712.14789092584,-193098.84382720385
7519.0,9396.0,1235.0,2308.0,3355,3401,4095.0,4201,12865.0,12354.0,2075.0,3263.0,269.0,0,-153184.81126335208,17502.329396456716
34814.0,46719.0,11461.0,17934.0,343,141,355.0,159,41835.0,37591.0,35590.0,34060.0,269.0,0,-101651.75148550772,-3652.0454087293874
3213.0,9703.0,916.0,4143.0,755,2550,1135.0,2678,3466.0,8471.0,1993.0,2658.0,269.0,0,-160112.33217121192,22069.45338820257
1923.0,7120.0,0.0,384.0,1190,3960,1754.0,5004,3318.0,9819.0,504.0,549.0,269.0,0,-162194.3677615955,22147.795993020824
3496.0,7677.0,353.0,3009.0,257,150,218.0,182,6369.0,7129.0,1386.0,1860.0,269.2,0,-159169.33004964236,20419.12597122104
541883.0,683419.0,80370.0,117747.0,1979,1256,466.0,187,786844.0,647603.0,273852.0,241093.0,269.2,3,659156.5129473183,-420356.9856695553
445952.0,614258.0,41358.0,63089.0,1758,1296,179.0,132,218164.0,180860.0,128790.0,115516.0,269.2,0,202369.1718090234,-86936.65932007553
3496.0,9218.0,844.0,2320.0,1015,3475,1441.0,4677,3663.0,9280.0,346.0,378.0,269.3,0,-161103.68651471986,22797.799902738563
431497.0,583700.0,66763.0,104841.0,937,715,40.0,91,183458.0,158149.0,176879.0,158797.0,269.3,0,223135.1894353906,-72159.58790806218
11123.0,12983.0,3829.0,6539.0,3265,3075,5571.0,5359,15756.0,15709.0,4281.0,3543.0,269.3,0,-147828.82633626572,17423.397782471555
12356.0,20637.0,1335.0,3031.0,5727,6352,6040.0,6867,16710.0,17337.0,1457.0,2171.0,269.3,0,-149905.61149954877,16250.979759761074
39065.0,59738.0,15181.0,22950.0,2380,1838,788.0,439,55744.0,48970.0,41418.0,34964.0,269.3,0,-87546.17316694804,-10006.83997733424
8265.0,26465.0,2185.0,5819.0,3470,4185,4505.0,5381,11763.0,13692.0,1093.0,2269.0,269.3,0,-153615.28566257682,19336.168443998333
2113.0,5882.0,957.0,3220.0,3847,4956,4966.0,6306,11122.0,14172.0,816.0,1313.0,269.3,0,-156958.25055327712,18513.39189033079
504532.0,652090.0,172316.0,249511.0,1229,728,0.0,132,188299.0,160762.0,113825.0,88618.0,269.5,0,270527.53407014406,41708.808666967816
3530.0,8594.0,2004.0,4091.0,3488,4346,4271.0,5048,12037.0,14338.0,2522.0,2538.0,269.5,0,-154385.42092450897,18185.353613296396
3557.0,7423.0,1750.0,5048.0,1650,1859,2353.0,3138,6162.0,8002.0,2415.0,2161.0,269.6,0,-157902.29540584283,21219.303159940133
9744.0,16223.0,2470.0,5696.0,6092,6934,6598.0,7388,15512.0,16910.0,839.0,3058.0,269.7,0,-150865.07586126265,17642.803055675886
4069.0,11759.0,1148.0,3250.0,2129,2415,3712.0,4490,7961.0,9722.0,2181.0,1890.0,269.7,0,-157248.0722413669,19954.88728528104
4758.0,12927.0,1840.0,4810.0,2255,2382,2648.0,2915,7177.0,8411.0,679.0,2133.0,269.7,0,-157704.0663662178,21417.655461294085
1040.0,6808.0,1131.0,5603.0,1111,3602,1625.0,5016,3682.0,11213.0,1634.0,3199.0,269.8,0,-160632.84340549522,22000.020653747983
1338.0,7383.0,1333.0,5841.0,2449,4641,3482.0,6542,7793.0,14628.0,884.0,1407.0,269.8,0,-158787.51386070947,20481.113911013283
95921.0,150317.0,17306.0,27196.0,4616,3948,605.0,504,158364.0,135547.0,60916.0,63053.0,269.8,0,2525.134864232852,-69481.22526321659
7162.0,14731.0,2772.0,5097.0,6096,6224,7356.0,8063,18691.0,18871.0,1746.0,3198.0,269.9,0,-149312.6750698171,15656.27777598505
1682.0,7107.0,686.0,3139.0,1692,2727,2887.0,4655,7388.0,12387.0,4.0,100.0,269.9,0,-159917.81082946173,20703.437172542785
34504.0,61894.0,3336.0,6070.0,5298,5789,8443.0,8783,21325.0,21463.0,3644.0,6613.0,269.9,0,-137291.53306527424,15608.037797775976
128190.0,202765.0,106371.0,163532.0,6646,5903,14752.0,14306,39194.0,37831.0,15214.0,13954.0,270.0,0,-29845.611827256973,86501.63346101367
8996.0,19828.0,1654.0,3791.0,3286,3356,4823.0,4951,11878.0,12244.0,1631.0,2689.0,270.1,0,-153311.0254048566,18687.34929327379
409773.0,616065.0,22313.0,31625.0,1063,617,5364.0,5126,137742.0,120878.0,134546.0,115196.0,270.1,0,137629.6643072214,-62928.472889588455
12963.0,23761.0,1390.0,3355.0,4841,4638,6765.0,6525,18227.0,17382.0,5263.0,3503.0,270.1,0,-146858.72033233926,14071.06582538264
1930.0,11460.0,532.0,2062.0,759,2012,813.0,2460,2578.0,6925.0,386.0,884.0,270.1,0,-162287.76236421042,22939.08324201955
98628.0,145195.0,10628.0,15169.0,955,359,0.0,39,62227.0,57410.0,42833.0,44082.0,270.3,0,-65335.04457503172,-14235.64983922529
39934.0,73984.0,6153.0,11089.0,0,174,335.0,250,43576.0,40874.0,38836.0,37623.0,270.3,0,-100077.7108312486,-9814.281149648908
13461.0,14762.0,2267.0,4231.0,3075,3246,4407.0,4482,11553.0,11632.0,3829.0,3222.0,270.3,0,-150593.71152443803,18855.44794950427
20144.0,35119.0,2023.0,3898.0,3147,2953,7161.0,6971,16793.0,15951.0,6689.0,5096.0,270.4,0,-144049.5466339895,15152.644874671909
267388.0,399219.0,136318.0,194813.0,10488,9609,11225.0,10477,31572.0,28490.0,8586.0,6996.0,270.6,0,24048.59682416852,126950.83581913818
227160.0,314229.0,26930.0,43608.0,0,221,190.0,93,329164.0,284019.0,122066.0,127563.0,270.7,0,184018.6729204933,-173162.47497784765
1941.0,10476.0,878.0,4302.0,406,870,793.0,1985,2012.0,6125.0,2835.0,4653.0,270.7,0,-160618.823296819,22163.441213907947
4845.0,15500.0,2089.0,4836.0,1549,1509,3007.0,3880,8362.0,10764.0,1166.0,1959.0,270.7,0,-156680.95261397964,20838.19704615267
185222.0,271489.0,15637.0,24741.0,611,439,349.0,244,116038.0,105495.0,98408.0,89115.0,270.7,0,28505.425732675478,-57527.53602207221
10530.0,18504.0,1683.0,4762.0,5324,5584,6159.0,6648,15519.0,15448.0,1470.0,2622.0,270.8,0,-150862.36733185354,16947.31150875467
118019.0,161233.0,4502.0,8254.0,654,399,422.0,246,169293.0,142083.0,70909.0,66255.0,270.8,0,13229.333563456486,-87198.89404135747
99826.0,165423.0,13564.0,22786.0,243,293,269.0,144,70749.0,60270.0,52017.0,53594.0,270.8,0,-52639.19298483592,-20862.43045606637
13224.0,24464.0,2161.0,4349.0,6735,6748,8910.0,9152,21090.0,22411.0,4121.0,4400.0,270.9,0,-145095.45083748276,13406.871753018178
30586.0,45796.0,5117.0,9632.0,643,323,184.0,124,39912.0,36108.0,27843.0,27038.0,270.9,0,-112595.53235729923,-4203.313535895752
141176.0,212727.0,16825.0,24535.0,690,474,222.0,151,115116.0,96892.0,87530.0,76682.0,271.1,0,7422.030568989867,-54072.17203177869
918.0,4976.0,345.0,2769.0,957,2048,1158.0,2726,3340.0,7817.0,19.0,306.0,271.2,0,-162568.1666217908,22517.008280662423
9377.0,15814.0,3554.0,4816.0,3985,4078,5102.0,5190,13762.0,13978.0,2868.0,2377.0,271.2,0,-150503.8676842209,18787.29653094606
67329.0,83990.0,7291.0,10665.0,475,241,395.0,177,65933.0,61186.0,58134.0,54482.0,271.3,0,-66462.76079856626,-27638.11808245912
1507.0,6665.0,267.0,1040.0,1173,3179,1630.0,4185,3797.0,10105.0,1649.0,2447.0,271.4,0,-161052.00617584994,21417.15515667739
473.0,2595.0,423.0,2223.0,1598,4044,1662.0,4542,4039.0,10821.0,31.0,22.0,271.4,0,-162317.6839858317,22207.58163078239
8059.0,16699.0,3687.0,5435.0,2797,2979,4922.0,4989,13186.0,11897.0,3887.0,4114.0,271.6,0,-150404.0681257239,18511.05196738299
126157.0,192729.0,9621.0,14693.0,400,178,548.0,203,127813.0,113572.0,122101.0,102313.0,271.6,0,25698.652720627462,-82541.93707912363
46631.0,76060.0,5103.0,9241.0,287,277,0.0,67,49474.0,44257.0,37552.0,38866.0,271.6,0,-95665.5868870711,-13015.394512882624
1741.0,5285.0,1378.0,4243.0,1647,1842,2405.0,2815,7471.0,9015.0,226.0,744.0,271.6,0,-159232.42735741363,21025.276799269228
42568.0,64079.0,6902.0,12686.0,424,281,313.0,130,51594.0,49942.0,38430.0,42882.0,271.6,0,-93637.7724823778,-13939.79260653616
50385.0,69442.0,12005.0,17023.0,346,278,0.0,110,54294.0,47728.0,52170.0,34856.0,271.7,0,-81668.21714168673,-14364.512521591132
166689.0,238900.0,28275.0,42819.0,716,354,307.0,241,102518.0,85542.0,106413.0,82788.0,271.9,0,25154.52546677488,-43842.66799621245
4354.0,16041.0,1556.0,4440.0,1350,1711,1912.0,2434,4422.0,5405.0,972.0,1159.0,272.0,0,-159562.87478831623,22681.204883305632
60264.0,104235.0,25425.0,40810.0,638,360,0.0,74,77531.0,67771.0,58229.0,50854.0,272.0,0,-52175.05673042176,-20116.30854115065
4085.0,9723.0,654.0,2362.0,4575,5699,5136.0,6035,11797.0,13753.0,0.0,1254.0,272.0,0,-156514.24860255077,18351.994708307677
13098.0,21363.0,5199.0,10498.0,6969,7062,8885.0,9083,22541.0,22390.0,4101.0,4174.0,272.1,0,-142584.81882461492,14969.069957595704
14953.0,29467.0,1833.0,3420.0,6610,6728,7935.0,8022,19384.0,19132.0,942.0,1802.0,272.1,0,-147591.88639649094,15619.184138552688
43052.0,66894.0,4907.0,5906.0,1927,1861,326.0,289,37789.0,34795.0,34429.0,31362.0,272.3,0,-106112.75997514164,-5080.530808458872
5858.0,15822.0,2351.0,3547.0,2812,2884,4226.0,4379,10099.0,10850.0,906.0,2842.0,272.4,0,-155200.76360673513,20152.07968425368
1726.0,10329.0,466.0,2951.0,2080,3741,2986.0,5560,7024.0,13290.0,411.0,1607.0,272.4,0,-159787.079419112,20390.23444761844
8624.0,21560.0,4087.0,8268.0,4874,5441,6853.0,7080,17913.0,19895.0,2909.0,3640.0,272.4,0,-147891.0541068736,16727.678336465826
1776.0,8151.0,0.0,219.0,168,258,141.0,29,2003.0,5512.0,17175.0,43109.0,272.6,0,-147989.326322267,11343.88652353538
57269.0,87527.0,4100.0,5375.0,302,143,175.0,110,68136.0,62231.0,38198.0,55576.0,272.6,0,-79356.8847263379,-25526.21746048224
5371.0,9132.0,1038.0,2206.0,2715,2999,3639.0,3955,7796.0,8311.0,1459.0,2328.0,272.7,0,-157242.0531780552,20238.378448137508
315101.0,444005.0,39147.0,57619.0,364,364,187.0,161,182606.0,151414.0,108715.0,73088.0,272.7,0,122881.16870935624,-66768.59253157274
24806.0,38714.0,7085.0,8522.0,823,672,11.0,60,32239.0,30138.0,23004.0,24608.0,272.7,0,-120177.21372376918,2916.9769693151866
5793.0,15342.0,1536.0,4135.0,1336,1369,2705.0,2900,7484.0,7518.0,1240.0,1748.0,272.8,0,-157193.01927072168,20962.76722479545
70621.0,107102.0,12184.0,21145.0,284,344,133.0,153,53110.0,47144.0,36638.0,35301.0,272.8,0,-82806.55337500604,-6983.100902828948
3741.0,7019.0,1047.0,2324.0,2594,3209,3058.0,3737,7132.0,8676.0,1337.0,1736.0,272.9,0,-158286.5434544451,20601.503697545897
2696.0,6328.0,49.0,1350.0,900,2359,990.0,2453,1725.0,4643.0,167.0,292.0,272.9,0,-163000.90822848945,23242.24037974666
244232.0,348348.0,48466.0,76280.0,1357,927,275.0,126,130571.0,119106.0,121514.0,104208.0,272.9,0,88117.09730379941,-45725.79591252183
29318.0,39897.0,5295.0,8617.0,189,108,367.0,172,34235.0,33357.0,30162.0,25617.0,273.0,0,-115213.95495184106,-1696.9984685106135
48254.0,67614.0,5726.0,9273.0,829,301,276.0,182,54656.0,49758.0,44004.0,37149.0,273.2,0,-89229.34797911967,-17095.836430980977
36560.0,68905.0,7889.0,10911.0,4224,3909,10586.0,10139,23701.0,23428.0,12032.0,10138.0,273.3,0,-128155.87829736796,14665.776399785116
6421.0,13401.0,2224.0,4866.0,5964,7447,7032.0,8674,17648.0,21242.0,3257.0,4084.0,273.3,0,-149604.12395132997,15116.16737421356
1651.0,11175.0,334.0,1438.0,645,2249,712.0,2941,1553.0,6513.0,162.0,211.0,273.3,0,-163280.6745275861,23484.53952660656
20935.0,37435.0,1544.0,4477.0,8481,9348,11368.0,12267,25818.0,25405.0,2298.0,5405.0,273.4,0,-141026.2753663919,11456.85097976344
4904.0,24413.0,2267.0,6815.0,7280,11195,7968.0,12319,15062.0,23481.0,1404.0,2317.0,273.4,0,-152645.5069710634,17289.153215603503
1416.0,8601.0,214.0,2560.0,2216,7725,2600.0,9043,5042.0,17396.0,457.0,807.0,273.4,0,-161248.26061160307,21333.939995664838
11090.0,17781.0,2501.0,3944.0,4640,4788,6266.0,6351,17197.0,16673.0,1970.0,4191.0,273.5,0,-148773.83955471852,16323.697979947565
3485.0,12308.0,1646.0,3590.0,2409,3591,3062.0,4334,7703.0,11282.0,632.0,937.0,273.5,0,-158161.5159307859,21077.033392196863
2914.0,12116.0,2561.0,5841.0,2358,4069,2695.0,4958,6064.0,10366.0,1108.0,2170.0,273.5,0,-158280.5328366149,22276.47761756138
3389.0,18171.0,1249.0,5050.0,1946,3005,2525.0,3926,5120.0,7804.0,19.0,1366.0,273.7,0,-160067.6038689041,22292.50142724121
21034.0,44455.0,4112.0,8671.0,2696,2826,5506.0,5901,13371.0,14012.0,3108.0,4721.0,273.7,0,-146142.25809849653,19879.12071294828
4675.0,9819.0,2119.0,4327.0,6053,6589,8636.0,9279,18743.0,20251.0,2741.0,3634.0,273.7,0,-149931.5205943618,14554.478980389287
46903.0,56764.0,7151.0,10923.0,242,174,0.0,59,33976.0,31025.0,23349.0,21698.0,273.8,0,-112432.04878608424,3979.716186939964
4674.0,10907.0,1270.0,2586.0,2540,3860,2885.0,4121,7786.0,9799.0,2342.0,1906.0,273.8,0,-157002.0477130772,20132.67243267365
32297.0,53550.0,10033.0,17178.0,411,314,111.0,112,38440.0,38517.0,21072.0,32543.0,273.8,0,-112131.44167195578,1927.8531291111397
2432280.0,1706650.0,7367220.0,6765620.0,399596,212970,101429.0,56450,184004.0,96001.0,34797.0,19143.0,273.8,4,5092505.713382535,5694914.699624221
7904.0,12530.0,2403.0,2682.0,4993,5499,6421.0,6561,16891.0,17400.0,5238.0,4084.0,273.8,0,-148533.78063548956,15105.657271003563
7233.0,15137.0,1119.0,1894.0,1839,1734,2189.0,2214,6352.0,5870.0,2231.0,1752.0,273.8,0,-157145.59139107334,21032.137996306334
6123.0,10703.0,2075.0,3578.0,4000,4280,5468.0,5650,11779.0,11598.0,1836.0,1836.0,273.8,0,-154086.18916572435,18900.12677742115
12043.0,15947.0,1898.0,3543.0,4661,4634,7387.0,7191,19286.0,18475.0,3225.0,4080.0,273.9,0,-147107.1250868849,14416.964223149324
62778.0,91700.0,4904.0,9026.0,823,368,541.0,228,69996.0,59869.0,48824.0,37391.0,273.9,0,-74307.99009249074,-26482.935970590683
1040.0,5971.0,262.0,2354.0,2021,3386,2553.0,4362,5817.0,10289.0,433.0,493.0,274.0,0,-160977.6621829722,20978.305130822395
6975.0,15845.0,3472.0,7291.0,4038,4599,5597.0,6520,15136.0,16837.0,3368.0,5075.0,274.2,0,-149867.9618475941,17266.41180119752
3547.0,11098.0,1586.0,3406.0,2817,3022,3926.0,4339,8659.0,9869.0,915.0,1893.0,274.2,0,-157350.17231259483,20298.49590713069
13987.0,12497.0,3348.0,5064.0,9220,9602,11891.0,11838,24410.0,23485.0,3496.0,3134.0,274.2,0,-142801.27784931345,12985.45014810752
27834.0,41242.0,2648.0,5074.0,411,440,114.0,97,37916.0,35692.0,31022.0,25594.0,274.2,0,-114825.76882319344,-6072.406500491656
155631.0,217638.0,53614.0,84965.0,296,267,242.0,115,109699.0,97255.0,90566.0,77157.0,274.2,0,32285.41572405104,-23204.145983528128
9844.0,20755.0,2420.0,5633.0,4776,5004,6978.0,8025,19737.0,22462.0,3419.0,5263.0,274.2,0,-146962.55934297838,14178.314295714115
18826.0,25752.0,4675.0,7217.0,6519,6169,8712.0,8820,24408.0,25139.0,6166.0,4814.0,274.3,0,-138965.20742725735,13221.867711547093
7477.0,14543.0,2737.0,5483.0,2196,2267,2737.0,2936,6598.0,6667.0,2373.0,2145.0,274.3,0,-155839.36682668742,22048.128306533945
46087.0,64364.0,5211.0,7584.0,844,336,463.0,144,47321.0,44924.0,46751.0,34422.0,274.4,0,-93487.9388144859,-14253.06095513126
369976.0,527642.0,50238.0,72601.0,2075,1894,519.0,301,214307.0,193590.0,136583.0,120539.0,274.4,0,185567.9467840946,-87095.23896951496
65100.0,97333.0,10783.0,16603.0,578,372,0.0,87,42496.0,37478.0,28900.0,28031.0,274.5,0,-96089.2307874904,811.2082193014649
2078.0,9116.0,1084.0,4304.0,2555,3350,3229.0,4187,7731.0,9863.0,0.0,192.0,274.5,0,-159347.66304648606,20844.512393246136
5139.0,12657.0,2219.0,5792.0,3520,4023,4865.0,5297,13420.0,14321.0,2643.0,3139.0,274.6,0,-152816.80695535307,17604.59704727718
2240.0,5611.0,2945.0,5983.0,2909,3040,3409.0,3644,8310.0,8824.0,1418.0,1709.0,274.6,0,-156959.88672939414,21279.554088141787
2267.0,8573.0,708.0,1909.0,4182,5930,5050.0,7152,11150.0,15239.0,1409.0,1570.0,274.6,0,-156721.65045223117,18089.28858329798
1051.0,6080.0,305.0,1851.0,765,2776,837.0,3291,1383.0,4821.0,279.0,505.0,274.6,0,-163479.1715936442,23429.22750763798
19831.0,45968.0,4063.0,5854.0,4300,4240,6018.0,6153,15818.0,16366.0,3414.0,3955.0,274.9,0,-145186.54036722187,18454.82156020517
56387.0,88811.0,22411.0,37383.0,511,237,0.0,0,61274.0,58301.0,46450.0,46820.0,274.9,-1,-70318.27794717262,-9535.13191688987
1783.0,7656.0,156.0,1608.0,76,26,76.0,0,4613.0,4655.0,1603.0,2653.0,275.0,-1,-160571.92838040926,20895.94647074078
478753.0,627131.0,52686.0,74645.0,1193,929,43.0,155,401683.0,328528.0,211924.0,189922.0,275.0,0,372173.74936819926,-212165.2201498913
3837.0,18255.0,1501.0,5998.0,1677,2481,2118.0,3116,5706.0,8451.0,288.0,1073.0,275.1,0,-159379.16600834596,22154.079181475485
3166.0,6819.0,1421.0,3480.0,988,2631,1240.0,3367,4052.0,9646.0,3665.0,4303.0,275.2,0,-158450.82337052733,21351.546226852985
4952.0,7670.0,1822.0,3030.0,4276,4517,5205.0,5716,15113.0,15348.0,1088.0,3451.0,275.2,0,-152834.16310600287,16858.957003621585
5172.0,8276.0,2880.0,3802.0,3197,3185,4700.0,4975,12469.0,13309.0,2420.0,2724.0,275.3,0,-153117.22625820135,18749.275650771466
2249.0,8520.0,2142.0,5719.0,2359,3381,2650.0,3593,6628.0,9172.0,16.0,1686.0,275.3,0,-159015.8880529852,22036.763314978303
16094.0,22943.0,2303.0,4922.0,2552,2881,3576.0,3804,10739.0,10696.0,2049.0,2722.0,275.4,0,-151088.1002846518,20174.33084806157
3038.0,16132.0,715.0,2905.0,1647,2547,2221.0,3507,5653.0,8946.0,725.0,1923.0,275.4,0,-159781.95505105858,21261.04165344949
74151.0,114517.0,23786.0,38834.0,127,188,27.0,36,72085.0,66472.0,58577.0,61707.0,275.4,0,-49680.16062528899,-19043.49621161796
4881.0,14785.0,2686.0,7443.0,3560,4355,5613.0,6283,11766.0,13856.0,577.0,1790.0,275.5,0,-154720.09066376803,19701.25484650073
2549.0,7997.0,1366.0,3948.0,3153,4221,4652.0,6267,11217.0,15879.0,7.0,66.0,275.5,0,-157114.41060421086,19245.90076373812
1249.0,5797.0,904.0,3282.0,1354,2673,1883.0,3248,4673.0,8236.0,0.0,1135.0,275.5,0,-161257.46848378808,22145.261430796403
27591.0,40211.0,3282.0,6117.0,10914,11389,12988.0,12370,30159.0,28389.0,4541.0,3869.0,275.5,0,-134679.51235654097,10432.873070587835
56168.0,92487.0,6220.0,9391.0,462,346,42.0,71,69629.0,67620.0,31905.0,52213.0,275.6,0,-81107.8898128374,-22234.690413746124
38441.0,59994.0,17081.0,29291.0,414,185,0.0,66,64818.0,58113.0,41839.0,41466.0,275.6,0,-80303.72982121303,-14526.638987950726
3729.0,7806.0,139.0,2156.0,209,134,117.0,11,4062.0,4438.0,1266.0,1391.0,275.6,0,-160633.37996897724,21614.370600797298
397124.0,526371.0,43327.0,59821.0,2106,1031,957.0,374,517610.0,409974.0,182846.0,172155.0,275.6,0,388137.9684183161,-275306.0626099269
16850.0,32283.0,1984.0,3011.0,2275,2367,3771.0,3179,10415.0,9734.0,3177.0,3007.0,275.6,0,-150645.30850610705,19745.98902708711
5019.0,16520.0,1009.0,3125.0,5197,5121,6242.0,6424,14885.0,16077.0,950.0,1750.0,275.7,0,-153768.82699087952,16656.375752961976
36187.0,55408.0,5238.0,9584.0,143,137,534.0,159,36718.0,32107.0,37822.0,27074.0,275.8,0,-107890.86052703497,-5304.862737509735
29530.0,39580.0,5050.0,6611.0,215,200,156.0,103,41826.0,37894.0,22106.0,26592.0,275.8,0,-114637.0192230945,-3391.68938062113
6231.0,15091.0,2212.0,4843.0,1843,1977,2929.0,3137,6925.0,7332.0,1059.0,1641.0,275.9,0,-157061.41835634553,21886.1943669115
10889.0,19482.0,2133.0,3274.0,5296,5496,7319.0,7141,19273.0,19654.0,3527.0,3231.0,275.9,0,-147349.81759881423,14537.64148383422
42291.0,64558.0,23975.0,39150.0,527,227,340.0,194,62357.0,55942.0,51404.0,47760.0,275.9,0,-70866.30322668402,-11738.4349963375
3614.0,8635.0,1728.0,6187.0,3852,8082,3894.0,8791,9940.0,20830.0,2479.0,3032.0,276.0,0,-155615.977376672,19051.505478074105
2095.0,6796.0,844.0,3532.0,2732,3945,2877.0,4319,7465.0,11233.0,317.0,2098.0,276.0,0,-159158.06724238608,20434.64141414848
6048.0,13646.0,1271.0,2715.0,4166,4830,5367.0,6114,14311.0,16047.0,1810.0,3108.0,276.1,0,-152978.12064628728,16759.158256794282
12396.0,14654.0,1730.0,5679.0,5682,5798,7855.0,7800,18792.0,17141.0,2733.0,3390.0,276.2,0,-147706.45536188746,14845.045693941523
55242.0,77173.0,4208.0,5562.0,0,80,239.0,95,62538.0,56314.0,52962.0,44237.0,276.2,0,-78184.10718419969,-25918.74490338462
6302.0,23371.0,1850.0,4470.0,4608,5830,5480.0,6860,15465.0,19139.0,846.0,2840.0,276.2,0,-152404.29909675647,16960.227543871442
6598.0,10759.0,1908.0,3134.0,4670,4538,6304.0,6360,15738.0,15359.0,3841.0,3814.0,276.3,0,-150574.66327000762,15749.420361738545
20511.0,33065.0,2531.0,5306.0,5329,5492,7925.0,8298,21462.0,22215.0,6567.0,5106.0,276.3,0,-141093.0694239344,13115.842586172106
132639.0,188146.0,27746.0,43251.0,97,191,96.0,232,146499.0,125315.0,57566.0,53229.0,276.4,0,10661.961904775671,-49980.50949373615
17683.0,26247.0,5228.0,9147.0,9677,9769,13022.0,12320,32312.0,30685.0,6695.0,6119.0,276.4,0,-134142.7727406521,8981.88391799512
5304.0,13647.0,1031.0,1767.0,2097,2145,2598.0,2681,5487.0,6143.0,1050.0,1423.0,276.4,0,-158893.53935955153,21723.76642973228
38019.0,64625.0,5640.0,10522.0,483,362,0.0,21,44442.0,41385.0,27449.0,33201.0,276.5,0,-106521.0775554351,-6407.254212450258
3540.0,9742.0,1280.0,4049.0,5502,6643,6033.0,6876,12930.0,14593.0,1372.0,1281.0,276.5,0,-155049.79468897078,17725.31562734998
92264.0,136156.0,32434.0,48197.0,351,315,355.0,203,61169.0,54743.0,63285.0,54229.0,276.5,0,-43909.19348057947,-5787.456993412106
1593.0,4572.0,1033.0,3435.0,2657,4574,3251.0,5359,8427.0,13181.0,1023.0,1346.0,276.6,0,-158478.473574238,19895.99682715057
9783.0,20838.0,1773.0,4875.0,3288,3485,4220.0,4360,12929.0,13700.0,2665.0,3011.0,276.7,0,-151876.55689125633,17885.285342509742
55936.0,81906.0,39607.0,64716.0,249,137,117.0,110,66862.0,60863.0,56372.0,53084.0,276.7,0,-51556.76510482592,-3644.608577343937
7189.0,11132.0,1488.0,2817.0,3188,2883,3895.0,3909,10115.0,10588.0,1325.0,1984.0,276.8,0,-155228.51611692936,19569.6545579782
154116.0,244895.0,31670.0,46760.0,792,417,292.0,108,126647.0,105585.0,66129.0,57066.0,276.8,0,13497.26848114186,-38140.19172051938
14363.0,20874.0,1862.0,3294.0,6258,6659,7859.0,8220,20393.0,21180.0,2040.0,3423.0,276.8,0,-146423.26730400938,14463.629732763717
3965.0,7558.0,811.0,1875.0,3194,3054,4343.0,4742,10677.0,10851.0,2982.0,3187.0,276.8,0,-155380.8948196599,17794.29848565482
9992.0,15215.0,1728.0,3781.0,2917,2826,4170.0,4320,10637.0,8700.0,2383.0,3555.0,276.9,0,-153142.0450940885,19109.76227633127
3629.0,13210.0,423.0,1715.0,2165,5022,1859.0,5059,3984.0,9189.0,1410.0,1354.0,277.0,0,-160468.9629913559,21831.35180600443
3929.0,13382.0,1076.0,3182.0,2114,2460,3741.0,4326,9557.0,11245.0,217.0,1527.0,277.0,0,-157420.01829401887,19738.3451201951
15959.0,24985.0,2468.0,2998.0,5715,5793,7173.0,7117,22011.0,20320.0,4385.0,3685.0,277.0,0,-143536.38265966292,13358.91023750348
18122.0,32252.0,2773.0,4950.0,5286,5770,7577.0,7857,20196.0,20993.0,4571.0,5047.0,277.0,0,-143347.4775027817,14470.070618275064
95566.0,134932.0,11591.0,15391.0,194,215,345.0,173,105836.0,96240.0,69354.0,80822.0,277.0,0,-23101.546836063644,-51036.31071140138
492793.0,716720.0,94041.0,147453.0,1635,1466,20727.0,19544,199963.0,168543.0,156210.0,136763.0,277.1,0,254794.04973900373,-45722.52679486473
25431.0,52546.0,8548.0,14613.0,4978,4940,7652.0,7944,24182.0,22556.0,6448.0,6786.0,277.1,0,-134222.48082588866,16403.842977644006
11228.0,18846.0,2082.0,3820.0,5787,5675,7294.0,7292,19226.0,18262.0,3832.0,3836.0,277.1,0,-147050.9375855028,14365.758980791572
838.0,5298.0,144.0,1228.0,210,247,175.0,113,3259.0,7003.0,910.0,2089.0,277.2,0,-162046.0484533687,21852.517373198425
548442.0,637739.0,156019.0,232814.0,2420,1904,559.0,259,1087260.0,857963.0,399245.0,373975.0,277.2,3,952734.158245242,-583463.495022056
6508.0,14853.0,1829.0,3918.0,3194,3555,4088.0,4509,11164.0,12868.0,228.0,2456.0,277.2,0,-155089.17158470652,19514.72525428253
59649.0,89742.0,9353.0,11696.0,9840,8776,1303.0,921,62202.0,52712.0,48011.0,43109.0,277.3,0,-76348.91630032261,-19649.16016033777
5336.0,13647.0,1172.0,2727.0,3049,3343,4483.0,4906,10594.0,11625.0,716.0,2650.0,277.4,0,-155910.22119342818,19042.974827989863
899.0,2788.0,556.0,1989.0,1963,3119,2186.0,3679,4732.0,8219.0,0.0,683.0,277.4,0,-161617.2629067216,21889.12359767933
2989.0,7649.0,945.0,2941.0,2821,3074,3348.0,3442,7425.0,7898.0,1520.0,1674.0,277.5,0,-158350.73416332298,20259.82845806528
3328.0,9381.0,1364.0,3032.0,2512,2850,3620.0,4249,8063.0,8932.0,1538.0,1570.0,277.6,0,-157651.59426523116,20269.207473763217
26150.0,41650.0,5175.0,9536.0,509,239,71.0,76,38164.0,36531.0,22711.0,29374.0,277.6,0,-116915.6662343573,-2177.525435788375
48834.0,68141.0,9368.0,16633.0,207,324,447.0,327,47657.0,43007.0,40916.0,34518.0,277.6,0,-92638.70725502024,-9145.632960795609
2502.0,10638.0,345.0,1719.0,270,270,144.0,63,3303.0,6332.0,778.0,2106.0,277.6,0,-161426.8762207126,22147.96659463574
1345.0,7970.0,391.0,1743.0,216,189,150.0,39,5332.0,8403.0,956.0,2840.0,277.6,0,-160440.70216461812,20847.924029754784
1492.0,6146.0,302.0,1604.0,204,92,131.0,21,7730.0,10565.0,731.0,814.0,277.6,0,-159571.27069368307,19865.392395567404
791.0,4965.0,152.0,1143.0,245,194,155.0,57,2580.0,4723.0,484.0,803.0,277.6,0,-162848.92514417222,22540.22161234268
564074.0,636949.0,140472.0,207472.0,2115,1659,321.0,230,1058900.0,834793.0,393789.0,335592.0,277.6,3,923768.2768884136,-571746.2782434144
569.0,2812.0,314.0,1158.0,209,202,158.0,52,2581.0,5244.0,852.0,1481.0,277.6,0,-162538.02063691875,22428.945938810542
1552.0,6734.0,0.0,267.0,248,198,191.0,95,3482.0,3969.0,866.0,1734.0,277.6,0,-161859.79831372492,21741.52904524115
87353.0,132296.0,18015.0,27624.0,8124,7745,10767.0,10642,28847.0,26279.0,3531.0,4233.0,277.7,0,-107946.15942411384,27075.427077484823
46490.0,68362.0,4385.0,7947.0,302,135,11.0,64,36919.0,33674.0,22591.0,23201.0,277.7,0,-112662.49606691457,312.4833047604152
2946.0,9165.0,710.0,3091.0,11,0,108.0,11,6805.0,8264.0,1930.0,2402.0,277.7,0,-158551.11311113645,20158.16269125057
510767.0,629024.0,75197.0,109338.0,1408,1489,171.0,177,1036810.0,829482.0,505133.0,370698.0,277.7,3,913198.1216286328,-655427.3466818753
54030.0,85560.0,13682.0,22844.0,228,147,136.0,80,49534.0,45025.0,36551.0,35791.0,277.8,0,-89177.40028303767,-5210.730185825836
101220.0,155406.0,25624.0,37692.0,276,285,71.0,58,64797.0,61300.0,46076.0,48210.0,277.9,0,-52018.34599758277,-5677.443183746196
6429.0,20263.0,1052.0,3276.0,4326,5450,5334.0,6726,13534.0,17266.0,1552.0,4346.0,277.9,0,-153320.9473412074,16950.523011011122
21499.0,18099.0,3469.0,6105.0,6854,7879,8319.0,8533,17255.0,17362.0,3308.0,2974.0,277.9,0,-144409.49904192457,17543.519092628892
15879.0,21688.0,2092.0,2748.0,4097,4061,5154.0,5066,14359.0,13046.0,2771.0,2976.0,277.9,0,-148893.36594807482,17791.726185430492
41511.0,50826.0,13426.0,22778.0,3037,2821,844.0,423,49965.0,46670.0,35686.0,28183.0,278.0,0,-94797.88176905674,-5207.580886391155
16709.0,16808.0,3491.0,4027.0,3567,3612,5310.0,5153,11449.0,10905.0,2984.0,1986.0,278.1,0,-149483.40221154763,20540.537895128957
12952.0,16105.0,3652.0,5453.0,4267,4394,6178.0,6460,18941.0,19115.0,6465.0,6760.0,278.1,0,-144021.06037480975,14549.55442747633
576150.0,593739.0,615614.0,778272.0,7651,6497,9271.0,8661,297244.0,232573.0,155939.0,131298.0,278.2,3,642549.5120217282,305753.2326360519
1015.0,3432.0,310.0,969.0,207,107,158.0,43,3103.0,6269.0,23336.0,31807.0,278.2,0,-146542.70069709644,10467.86807053412
278737.0,398314.0,21317.0,33207.0,415,325,482.0,238,282585.0,236454.0,142282.0,130534.0,278.2,0,181308.9538449343,-155760.7329689657
1068.0,2723.0,744.0,1828.0,1867,2293,2887.0,3305,6974.0,8292.0,1625.0,2494.0,278.4,0,-159150.91943268292,20050.66996793194
3873.0,7214.0,2152.0,4470.0,2304,2396,3869.0,4138,9032.0,8587.0,1380.0,1762.0,278.4,0,-156515.13318985008,20414.78530073225
17885.0,23459.0,3355.0,4359.0,8018,8148,10353.0,10646,24463.0,24294.0,2985.0,4025.0,278.4,0,-141608.2728686008,13293.210081542013
5310.0,16386.0,1838.0,4500.0,3871,4638,5196.0,6053,11517.0,13572.0,1283.0,2172.0,278.5,0,-154830.26026516224,18935.526180684214
230400.0,327211.0,3845.0,5820.0,677,612,305.0,170,141304.0,120307.0,101138.0,87499.0,278.5,0,50984.174318247766,-77320.04444011484
3920.0,13790.0,667.0,2685.0,3799,5624,4763.0,6928,9919.0,13877.0,0.0,1527.0,278.5,0,-157555.3575764048,19313.169445693107
3248.0,12936.0,190.0,2342.0,1163,3234,879.0,2932,1873.0,6263.0,492.0,1245.0,278.5,0,-162344.51156633053,23071.40707790247
40823.0,75582.0,4607.0,7606.0,367,370,14.0,83,47935.0,44847.0,36939.0,33590.0,278.5,0,-99860.85616662604,-12060.779670488577
81172.0,109636.0,11310.0,15136.0,0,118,406.0,177,118198.0,104186.0,48181.0,43213.0,278.6,0,-37259.62389137175,-46651.46790867356
24149.0,36793.0,4221.0,7323.0,7322,6717,9270.0,9207,24006.0,23709.0,5080.0,4876.0,278.8,0,-138233.70010304163,13846.211600952744
20973.0,41907.0,2454.0,3702.0,7092,7340,8811.0,9246,22621.0,24161.0,2788.0,3164.0,278.8,0,-142414.924542775,14006.912578127562
10260.0,23480.0,1802.0,4343.0,3822,4110,5834.0,6214,13500.0,13638.0,115.0,2287.0,278.8,0,-152683.99410983143,18588.49357785614
8198.0,17634.0,2935.0,5056.0,2464,2491,5761.0,6167,13518.0,14138.0,3732.0,5706.0,278.9,0,-150417.8284352905,17599.443926438253
2553.0,15715.0,339.0,1274.0,1109,3451,1483.0,4827,4571.0,13116.0,1302.0,2868.0,279.0,0,-160334.01089193506,21191.771117447017
4917.0,9101.0,442.0,1931.0,3207,5156,3927.0,6791,9825.0,16697.0,256.0,669.0,279.0,0,-157454.12017322966,19299.10604893928
3795.0,11794.0,1213.0,2665.0,2521,2467,3354.0,3569,8152.0,9179.0,1366.0,1783.0,279.2,0,-157585.08292091556,20169.065387243623
92147.0,129136.0,9532.0,13349.0,532,343,242.0,154,48127.0,42255.0,38897.0,34629.0,279.2,0,-79298.41379712,-5375.91232731767
39822.0,58446.0,10081.0,16536.0,656,408,269.0,217,53165.0,49917.0,28150.0,32230.0,279.3,0,-98335.24481151324,-7663.589847010535
57922.0,96764.0,9465.0,16438.0,305,210,70.0,126,47772.0,42255.0,33467.0,30461.0,279.3,0,-93731.8166164511,-5410.975825387162
4071.0,10788.0,1016.0,2290.0,242,227,238.0,80,3621.0,5460.0,2566.0,2594.0,279.3,0,-159443.3289763422,21942.68319585986
1479.0,7858.0,950.0,2962.0,174,77,166.0,53,4587.0,6248.0,924.0,1812.0,279.3,0,-160670.7450690591,21835.97372085416
1486.0,6804.0,1778.0,4957.0,112,57,165.0,51,3669.0,5266.0,430.0,939.0,279.3,0,-161064.62382595966,23243.331526735445
894029.0,936308.0,1366940.0,918839.0,3210,1657,670.0,286,752153.0,593177.0,321233.0,261024.0,279.3,3,1538606.579090841,583955.4008199117
19967.0,38611.0,8804.0,14593.0,497,326,289.0,192,34404.0,34869.0,16126.0,21559.0,279.3,0,-123209.221086545,5412.4716610846335
23998.0,37407.0,5982.0,9229.0,299,196,219.0,108,30717.0,26392.0,20739.0,16604.0,279.4,0,-124349.38714900643,4702.7407057721975
6361.0,14759.0,4461.0,7826.0,4515,4845,5846.0,6279,15249.0,16370.0,2853.0,3404.0,279.4,0,-149939.54546555932,18318.845423968207
19365.0,42475.0,6619.0,12406.0,234,173,153.0,64,31169.0,28634.0,25146.0,23625.0,279.4,0,-121973.5830680066,2151.782584082393
81731.0,108909.0,19221.0,26989.0,544,342,335.0,114,79145.0,70257.0,74790.0,58567.0,279.4,0,-39107.54640171623,-30671.699490878866
394562.0,502601.0,282326.0,426193.0,1872,1324,882.0,277,228654.0,197057.0,196098.0,161175.0,279.4,0,372963.6373814087,58013.87039489228
2679310.0,2524840.0,472453.0,539889.0,10934,6456,62988.0,34992,607905.0,364037.0,596203.0,347590.0,279.5,3,1644552.1056135984,11421.436499921234
7577.0,16594.0,1790.0,4561.0,5622,6274,7673.0,8527,16592.0,18565.0,2649.0,3073.0,279.5,0,-150527.49876786533,15780.067601199107
44555.0,56163.0,3747.0,4784.0,578,179,0.0,104,35972.0,33745.0,35113.0,31530.0,279.6,0,-106983.37101072293,-5134.099347860982
84552.0,116340.0,6541.0,11734.0,614,403,398.0,192,50555.0,47688.0,38933.0,39608.0,279.6,0,-81287.5811773229,-10225.550435355966
65642.0,89595.0,17996.0,29588.0,249,105,58.0,132,75434.0,67120.0,70187.0,54866.0,279.6,0,-49803.35444710887,-28773.818360340512
95678.0,136052.0,12903.0,21382.0,420,235,92.0,129,53289.0,44178.0,44744.0,38384.0,279.7,0,-69980.06759409368,-7781.753393093055
117328.0,163460.0,25343.0,37332.0,248,231,171.0,101,98858.0,87029.0,81420.0,73006.0,279.7,0,-7634.517248883989,-38134.455732724
12818.0,19679.0,1168.0,3620.0,4067,3584,5361.0,5276,13635.0,12889.0,2026.0,2790.0,279.8,0,-151196.71407184846,17521.49329645803
7469.0,13296.0,1447.0,2906.0,2334,2469,3608.0,3807,9991.0,11630.0,658.0,2588.0,279.9,0,-155439.23210967274,19758.861086731016
14773.0,21090.0,3821.0,5969.0,3567,3313,5367.0,5477,14405.0,14852.0,3744.0,5089.0,279.9,0,-147391.3435277382,18377.27036166984
830.0,3595.0,569.0,2405.0,6557,10456,11525.0,18571,9387.0,14051.0,1942.0,4239.0,280.0,0,-157511.79608324709,18281.848772819198
2190.0,9568.0,1980.0,5101.0,2265,3056,3160.0,4484,7965.0,11439.0,1.0,1479.0,280.0,0,-158432.6559880644,21226.907012596505
2682.0,9701.0,1150.0,4609.0,698,1993,1173.0,3333,2599.0,8137.0,0.0,0.0,280.0,0,-161998.6697727889,23705.49129968372
1978.0,8299.0,1381.0,4435.0,2283,3437,3310.0,4395,6878.0,9829.0,1526.0,2394.0,280.1,0,-158595.77378306736,20703.231252015896
3591.0,13960.0,212.0,1033.0,110,136,247.0,188,5981.0,4560.0,272.0,973.0,280.2,0,-160102.89756394224,21020.29503374309
554921.0,768972.0,38893.0,59978.0,1184,674,136.0,121,399886.0,337373.0,185374.0,159965.0,280.2,0,370084.57857040106,-202978.34515519312
23585.0,30366.0,3451.0,4048.0,6871,6575,9040.0,8990,22640.0,23131.0,6205.0,4002.0,280.2,0,-139259.26564690942,13696.482246886022
38038.0,63864.0,21710.0,32925.0,19,161,0.0,0,42476.0,40470.0,29216.0,37749.0,280.3,-1,-96515.09498044934,5622.259272558833
1737.0,11687.0,0.0,0.0,119,39,133.0,8,2563.0,4421.0,285.0,410.0,280.3,0,-162804.41762542326,22625.041624761965
260764.0,370949.0,10815.0,14199.0,98,261,602.0,206,315510.0,263274.0,129607.0,108916.0,280.3,0,177996.2077390581,-175483.40366284718
724301.0,945704.0,110738.0,169086.0,3596,3166,34730.0,30849,350157.0,280096.0,255255.0,209280.0,280.5,0,480129.559296024,-139170.69666417685
17895.0,34851.0,3091.0,6389.0,3043,2977,7131.0,7525,17867.0,18006.0,3834.0,6829.0,280.5,0,-144564.22299454958,15926.747323056186
12930.0,23029.0,3508.0,5732.0,4266,4597,5672.0,5779,14879.0,14698.0,3371.0,3929.0,280.6,0,-148272.86450419834,18037.232441452557
12956.0,24964.0,2320.0,4944.0,4273,4418,5857.0,5732,15178.0,14593.0,4177.0,4707.0,280.6,0,-148295.90029378125,16599.540942627627
5630.0,15361.0,2255.0,4969.0,3946,5099,5325.0,6858,14021.0,17845.0,3130.0,4261.0,280.6,0,-151885.84208492888,17030.230378910335
3030.0,14107.0,310.0,1591.0,722,2538,1031.0,3130,2497.0,8107.0,544.0,1632.0,280.6,0,-161909.36281684562,22738.72867245217
16569.0,33263.0,3010.0,6080.0,4224,4450,5977.0,6462,17191.0,18598.0,1378.0,3972.0,280.6,0,-147031.469777279,17348.95559242364
2595.0,11161.0,312.0,1631.0,4399,5697,5986.0,7708,15002.0,20126.0,2794.0,3428.0,280.7,0,-153759.66165595598,15031.456828190589
9873.0,15012.0,3826.0,5881.0,2120,2420,3163.0,3218,9669.0,9430.0,2543.0,2657.0,280.7,0,-152561.5510822917,21282.39098575169
52288.0,83866.0,20777.0,32954.0,116,275,152.0,77,29623.0,27199.0,13867.0,21195.0,280.7,0,-109514.55921041608,20290.36505033685
19454.0,30202.0,3237.0,6210.0,468,203,0.0,6,26932.0,25224.0,10692.0,21798.0,280.9,0,-133260.82015363395,6915.1209556292415
27888.0,43541.0,3889.0,5826.0,6038,6022,9817.0,9992,27506.0,26904.0,4410.0,6597.0,280.9,0,-135311.6923623276,11975.400186438885
16958.0,29350.0,2277.0,3984.0,3104,3290,5107.0,5198,13086.0,13720.0,2088.0,4601.0,280.9,0,-149181.86597918512,18689.57118499455
776.0,3166.0,0.0,711.0,210,210,90.0,0,8683.0,11321.0,1836.0,2853.0,281.0,-1,-158593.7662635362,18418.25656182508
731.0,3467.0,0.0,0.0,116,11,54.0,0,2362.0,4260.0,7724.0,16538.0,281.0,-1,-157042.552807269,17929.017306530906
704788.0,846126.0,67357.0,94113.0,2029,1732,371.0,321,1176990.0,907793.0,406208.0,317718.0,281.0,3,993665.9588656408,-681650.4577402389
14676.0,30293.0,3809.0,7274.0,2450,2864,5730.0,6343,15981.0,16324.0,2976.0,7282.0,281.1,0,-146538.83955201303,17460.216071923045
2298.0,7922.0,2181.0,6178.0,2029,2693,2721.0,3703,6881.0,9629.0,308.0,371.0,281.1,0,-158929.4936830143,22019.990846540622
3885.0,9350.0,909.0,2183.0,2039,3913,2964.0,5194,6712.0,12276.0,2155.0,2130.0,281.1,0,-158112.09350294646,20402.75025223074
387675.0,548064.0,50873.0,75111.0,186,296,216.0,80,304186.0,244948.0,144336.0,112489.0,281.3,0,243518.4570911846,-134871.59800933124
7970.0,12720.0,1627.0,3633.0,2281,2525,3624.0,4096,9200.0,9728.0,1204.0,3144.0,281.3,0,-155262.80890072757,20097.26386649342
1610.0,8715.0,334.0,1218.0,34,0,196.0,142,4197.0,6542.0,977.0,1586.0,281.3,0,-161223.38608506645,21599.719387657828
1654.0,10250.0,0.0,40.0,91,104,162.0,52,2186.0,6845.0,19181.0,52980.0,281.3,0,-145308.7617033367,9189.195422247158
648774.0,781919.0,113759.0,162984.0,1528,1458,370.0,192,799159.0,568177.0,268813.0,209021.0,281.3,3,712161.8082405421,-387417.88355076825
7814.0,16808.0,1057.0,2563.0,2199,2749,2647.0,3659,8061.0,9872.0,1602.0,1843.0,281.4,0,-156322.28295116435,20311.427194806995
4105.0,12779.0,1205.0,2732.0,1804,1909,2979.0,3386,6915.0,7672.0,83.0,1108.0,281.4,0,-158885.3617729049,21365.733582678004
17851.0,27298.0,3177.0,6292.0,6730,6460,6642.0,7069,18203.0,16395.0,5206.0,3499.0,281.5,0,-144267.59366229767,15836.257843838035
1970.0,6791.0,1912.0,5215.0,1528,3207,1407.0,3236,4398.0,9500.0,1796.0,2298.0,281.5,0,-159555.7360040193,22354.0048882006
8584.0,18126.0,1732.0,3245.0,2537,2763,3591.0,3504,8527.0,8606.0,2847.0,2491.0,281.6,0,-154730.13304443122,20130.04413170936
41785.0,63303.0,5561.0,7766.0,128,157,70.0,66,51193.0,48812.0,37010.0,36237.0,281.6,0,-96700.02967748624,-13403.103738696673
55690.0,83044.0,26927.0,44703.0,403,216,102.0,57,60830.0,59625.0,44466.0,50733.0,281.7,0,-68355.72706497942,-5786.200124256982
2138.0,8161.0,315.0,1762.0,755,1595,921.0,2585,2016.0,5507.0,1062.0,1616.0,281.7,0,-162222.78298838483,22763.631149122783
626.0,3854.0,202.0,1730.0,1727,3220,1905.0,4027,4120.0,8663.0,0.0,0.0,281.7,0,-162371.40874438084,22021.695965249044
2717.0,5648.0,1193.0,2689.0,1984,2192,2578.0,2832,5522.0,5985.0,28.0,1622.0,281.8,0,-160045.54080646712,21945.811131890783
4941.0,11145.0,1716.0,3972.0,3587,4184,4115.0,4816,10162.0,11628.0,1234.0,1912.0,281.8,0,-155841.07022095766,19591.854934812585
39237.0,62605.0,559.0,3218.0,321,198,71.0,80,45155.0,41530.0,37322.0,33176.0,281.9,0,-104194.5056778088,-13837.331453741914
6133.0,9596.0,2942.0,4737.0,2546,2462,3465.0,3942,8342.0,9893.0,2186.0,2915.0,281.9,0,-155135.58112731937,21125.793386588848
5731.0,12728.0,2307.0,6125.0,5682,6363,6763.0,7757,14364.0,16601.0,1850.0,2668.0,281.9,0,-152486.0289169369,17550.153654175818
17646.0,20115.0,2209.0,3912.0,1647,1695,4873.0,4877,13102.0,12981.0,5699.0,5884.0,282.0,0,-147114.69343795316,17294.7127159255
15078.0,24344.0,2349.0,3811.0,7553,7231,10268.0,9805,24522.0,21651.0,5977.0,4716.0,282.0,0,-141575.40496725152,11194.08729402362
9047.0,11703.0,2452.0,3384.0,10394,10616,11172.0,11488,21693.0,20128.0,1714.0,3091.0,282.1,0,-147243.8825667275,13993.140140075651
1762.0,6678.0,0.0,1270.0,185,95,128.0,57,5829.0,7650.0,463.0,800.0,282.1,0,-160840.64265046842,20764.80529242952
622773.0,782002.0,28283.0,40183.0,1620,1145,179.0,157,947471.0,754935.0,303038.0,270244.0,282.1,3,761617.3397661926,-553678.369955971
8005.0,14694.0,1623.0,2608.0,4098,4738,5473.0,5795,13728.0,14928.0,3718.0,2393.0,282.1,0,-151708.36560846205,16951.075328153074
432429.0,596760.0,18365.0,28888.0,770,635,0.0,0,287147.0,236117.0,127296.0,118139.0,282.2,-1,222328.0542944779,-142351.65483577072
28046.0,56915.0,3712.0,6581.0,7059,6618,9810.0,9172,28705.0,27098.0,5910.0,5354.0,282.2,0,-134220.57405480387,10891.048112737208
6697.0,18999.0,2797.0,4725.0,4545,5287,5620.0,6394,15068.0,16008.0,1368.0,3336.0,282.3,0,-151611.72285623907,17679.072428378488
1100.0,6275.0,211.0,2694.0,450,1350,515.0,1566,1503.0,4150.0,190.0,688.0,282.3,0,-163464.22589081698,23299.62668348321
40757.0,59219.0,4457.0,6928.0,12885,13621,17749.0,18225,45858.0,43525.0,9241.0,11619.0,282.3,0,-117563.15540561696,1269.5172865277927
68436.0,106714.0,8038.0,11760.0,439,199,307.0,156,64739.0,58269.0,54977.0,51160.0,282.3,0,-68351.87599337196,-24834.856890661955
5687.0,16373.0,2466.0,5001.0,5015,4966,6872.0,7309,16676.0,16747.0,2537.0,3675.0,282.3,0,-150640.2913452283,16057.555858674914
8453.0,17687.0,2001.0,4482.0,5274,5667,6172.0,6796,12757.0,13908.0,688.0,2092.0,282.4,0,-153319.9105627901,18846.230510782872
1161.0,6534.0,99.0,1090.0,77,0,201.0,113,6602.0,14396.0,6106.0,9421.0,282.4,0,-156467.55806289674,17300.01882545553
4244.0,11246.0,1378.0,2439.0,158,114,59.0,3,53991.0,31953.0,16202.0,10933.0,282.4,0,-123598.48448148876,-10436.204606494546
1406.0,6357.0,363.0,1345.0,38,0,169.0,74,3145.0,3998.0,8778.0,9229.0,282.4,0,-156947.08742027148,18508.95617178666
403.0,1969.0,84.0,635.0,162,99,115.0,37,2676.0,5931.0,23325.0,60261.0,282.4,0,-142229.88920873456,6502.195110964585
2025080.0,1780630.0,1159470.0,1294980.0,5459,2900,1012.0,413,2207200.0,1257570.0,1906300.0,1169740.0,282.4,3,3470008.1375377444,-921925.3175940485
4865.0,9837.0,650.0,1244.0,2987,3425,3479.0,3967,7466.0,7845.0,1045.0,1866.0,282.5,0,-158085.58934865717,20285.73370875344
23651.0,26058.0,1960.0,3082.0,5852,5490,7158.0,7066,20955.0,19389.0,3511.0,3597.0,282.5,0,-142370.6458047563,14416.911435574197
4121.0,9054.0,1656.0,3468.0,3331,3329,4565.0,4923,10903.0,11999.0,282.0,1926.0,282.6,0,-156165.93397973914,19401.333240769145
5206.0,13388.0,1912.0,3744.0,1760,1938,2819.0,3179,7264.0,8608.0,1500.0,2465.0,282.7,0,-157035.9498362894,21137.795622878803
5512.0,13609.0,621.0,1563.0,2060,2378,3143.0,3570,8242.0,9140.0,2306.0,2900.0,282.8,0,-156711.8612564938,19328.583421482253
6988.0,13042.0,2540.0,5815.0,4222,4457,4940.0,5025,12822.0,13181.0,3308.0,2078.0,282.9,0,-152237.48696977316,18237.89921155584
5946.0,12725.0,3115.0,5786.0,4234,4614,5129.0,5437,12784.0,13872.0,1689.0,2271.0,282.9,0,-152965.30461151438,19128.324079848808
115453.0,171972.0,18403.0,26739.0,4207,3318,455.0,479,74560.0,61841.0,61991.0,51879.0,282.9,0,-38340.71433245983,-21110.90404975612
132238.0,204008.0,19795.0,31268.0,209,146,80.0,119,216390.0,171009.0,89403.0,68733.0,282.9,0,61824.91328768438,-106221.45141232412
19552.0,24159.0,2739.0,5129.0,3777,3852,5192.0,5261,15465.0,15637.0,2847.0,3594.0,283.0,0,-146581.05321145983,17852.870352456077
7331.0,12482.0,3383.0,5179.0,3258,3022,4259.0,4436,12213.0,11530.0,1172.0,2032.0,283.0,0,-152963.5998941877,19941.82244115019
225949.0,312601.0,47253.0,69866.0,364,371,191.0,114,141871.0,121094.0,145030.0,106317.0,283.1,0,98979.54804750628,-62178.2664764765
21326.0,37540.0,9259.0,14970.0,8,84,156.0,96,25398.0,21823.0,18609.0,16195.0,283.1,0,-127264.76228663746,10605.156739871312
48225.0,76335.0,6088.0,10620.0,76,47,0.0,64,61006.0,52861.0,50614.0,40300.0,283.1,0,-81929.2259934862,-22863.259657805967
22072.0,31328.0,4009.0,5339.0,6456,6120,8010.0,7934,20338.0,18591.0,4898.0,4841.0,283.2,0,-141150.3770120006,15554.762558134771
12529.0,26310.0,4105.0,6378.0,8857,9059,10471.0,10924,22295.0,21383.0,2038.0,2841.0,283.2,0,-144718.28054944848,15107.67971276232
76972.0,122682.0,22847.0,33482.0,394,197,0.0,66,58553.0,50887.0,41644.0,39470.0,283.2,0,-68433.82927221777,-3563.2713376525207
4629.0,8504.0,1321.0,2904.0,3186,3457,4798.0,4975,12091.0,12722.0,2341.0,3130.0,283.3,0,-154388.4583248207,17695.474997214988
3996.0,12059.0,813.0,3145.0,88,59,165.0,54,5772.0,6270.0,922.0,761.0,283.4,0,-159470.5273037309,21432.90459649361
2552.0,5555.0,68.0,1428.0,122,93,172.0,107,5411.0,5277.0,0.0,644.0,283.4,0,-161018.5174056424,21274.75067973536
432941.0,565179.0,46841.0,69695.0,1502,1022,260.0,201,618216.0,504731.0,221903.0,199525.0,283.4,3,480044.0341874919,-340631.108369706
65322.0,96089.0,17776.0,27133.0,154,147,128.0,55,61113.0,53652.0,48389.0,45003.0,283.4,0,-69694.93806371669,-12675.870263341116
109649.0,156975.0,6495.0,9271.0,533,291,256.0,86,84681.0,71896.0,68252.0,58207.0,283.5,0,-37686.17678264227,-38998.09033063075
1186.0,5846.0,5556.0,17279.0,0,0,54.0,0,33991.0,53500.0,5793.0,10844.0,283.5,-1,-137987.44923254364,6683.7611016002265
2861.0,7145.0,5825.0,9006.0,0,117,4.0,93,24867.0,22817.0,34380.0,15247.0,283.5,0,-128407.33877395316,1790.9957203878985
2778940.0,1912280.0,7435890.0,4408900.0,14042,5442,3302.0,1371,5087920.0,2596770.0,3867890.0,1727500.0,283.5,4,10014551.63000276,1633047.551003588
139912.0,233859.0,3156.0,25692.0,311,411,0.0,22,179154.0,164718.0,41933.0,65131.0,283.5,0,11364.03609157176,-82081.98406933685
858040.0,988632.0,721614.0,1003610.0,5102,3517,687.0,473,280507.0,234107.0,170841.0,138004.0,283.6,3,794354.1496716826,410469.34223818255
70259.0,106633.0,11548.0,15680.0,318,233,0.0,6,54606.0,51253.0,45670.0,38755.0,283.7,0,-77716.54930567373,-11778.320529040311
11812.0,21614.0,0.0,2550.0,3701,4269,4428.0,5048,11563.0,12787.0,1734.0,2502.0,283.9,0,-153543.4487836828,17803.29803286474
12421.0,39840.0,5650.0,10897.0,7137,7628,9705.0,10231,27113.0,28810.0,2082.0,5917.0,283.9,0,-140635.0586783753,13241.10028051947
22012.0,34041.0,3565.0,6290.0,4758,5416,7479.0,7257,21104.0,22253.0,4942.0,4923.0,284.0,0,-140981.94947727106,14768.458578187685
56640.0,84764.0,8134.0,10164.0,10551,9823,12368.0,12172,34805.0,33213.0,3999.0,6662.0,284.0,0,-119696.81555795838,13593.787456166998
7384.0,12810.0,1532.0,3509.0,3232,3651,4792.0,4956,11433.0,11334.0,1439.0,2137.0,284.1,0,-154329.88142622344,18853.044926988696
6334.0,12062.0,2143.0,4474.0,2307,2551,3324.0,3561,9556.0,10798.0,1555.0,2957.0,284.1,0,-155156.66177377137,20086.106064478325
63207.0,94245.0,15103.0,21784.0,625,377,0.0,18,55372.0,50470.0,49937.0,37691.0,284.1,0,-75669.06183827882,-11281.169919632724
21623.0,24279.0,6617.0,8840.0,8907,8661,10644.0,10269,24205.0,23197.0,3821.0,3506.0,284.2,0,-138323.60611257455,15989.505134595558
8326.0,11855.0,1647.0,2161.0,3458,3228,3990.0,3944,10199.0,10242.0,1609.0,1277.0,284.3,0,-154712.5591164453,19736.41771521201
1025.0,6644.0,599.0,2412.0,1767,4867,1816.0,5195,3544.0,11004.0,760.0,2055.0,284.3,0,-161624.48176063944,22121.93717497259
2889.0,16520.0,257.0,2100.0,1987,5035,2759.0,6143,6299.0,13870.0,142.0,29.0,284.3,0,-160334.2815389649,21016.190050840483
12143.0,16658.0,1766.0,3182.0,3976,3679,5809.0,5420,12779.0,12233.0,2715.0,3175.0,284.4,0,-151149.03346076448,18100.744749178324
237877.0,339195.0,17501.0,25664.0,373,346,226.0,93,280803.0,236042.0,114722.0,105756.0,284.5,0,148007.5994869621,-148141.59969992336
53080.0,73222.0,15757.0,25315.0,405,329,0.0,60,64763.0,57937.0,46615.0,42540.0,284.5,0,-74035.79294428405,-16145.516087804688
13994.0,37056.0,6323.0,10645.0,777,727,89.0,44,27432.0,26042.0,14491.0,23757.0,284.6,0,-130823.51221633816,7049.943575260604
9076.0,18519.0,3618.0,6513.0,1309,1290,3106.0,3174,9229.0,9707.0,2756.0,3993.0,284.7,0,-152859.39461065704,21038.775807598
985.0,5100.0,235.0,3633.0,70,0,320.0,279,1865.0,4166.0,7333.0,21159.0,284.7,0,-156483.3309487738,17876.99048043402
22656.0,39511.0,11193.0,19716.0,73,116,244.0,136,27715.0,27527.0,12647.0,23643.0,284.7,0,-125881.70130398632,11873.315598230956
24594.0,29427.0,4033.0,5956.0,269,238,162.0,168,31365.0,30946.0,19869.0,29990.0,284.8,0,-123055.092222123,1335.3729609523689
12859.0,29730.0,3208.0,4412.0,3925,3845,5404.0,5580,13488.0,14009.0,1163.0,2707.0,284.9,0,-150471.51223050556,19451.52882345295
111561.0,163532.0,12396.0,18029.0,171,137,522.0,216,65002.0,57645.0,39567.0,38419.0,285.0,0,-61085.40733391738,-11536.6111800816
11831.0,22378.0,1800.0,4110.0,5141,5598,6368.0,7181,15623.0,16930.0,1225.0,2263.0,285.0,0,-150493.11416652438,17208.656201114558
1184.0,8518.0,611.0,4304.0,1961,3799,2281.0,4515,6082.0,12697.0,728.0,1176.0,285.0,0,-160326.31108796012,20918.59167160215
1266.0,7624.0,969.0,3342.0,1443,2972,1842.0,3826,4913.0,9410.0,1357.0,2006.0,285.1,0,-160305.79018827988,21495.17748250685
2782.0,15997.0,157.0,2598.0,791,2361,1240.0,3355,2109.0,6923.0,567.0,1733.0,285.1,0,-162265.26958592306,22790.21767488399
98049.0,153762.0,15109.0,23629.0,0,43,292.0,143,65884.0,59224.0,69967.0,54042.0,285.1,0,-46639.955677179634,-23243.45955879668
1396.0,4055.0,267.0,1474.0,1988,3707,2900.0,5259,6236.0,12913.0,132.0,858.0,285.1,0,-160704.11621986015,20833.227578078444
155620.0,216684.0,22864.0,34199.0,435,401,51.0,116,156042.0,133448.0,69222.0,59803.0,285.2,0,26927.463169585917,-61872.35376087656
3325.0,8604.0,581.0,1694.0,2853,2974,3509.0,4096,8618.0,9750.0,2291.0,2311.0,285.2,0,-157333.092835856,19024.434972130737
55939.0,93923.0,7439.0,11457.0,408,392,36.0,26,42331.0,39477.0,22250.0,26709.0,285.3,0,-104387.3376444842,65.96557369261791
72403.0,111291.0,9763.0,15831.0,309,299,81.0,76,80138.0,74363.0,58043.0,69163.0,285.3,0,-53040.048968242016,-35009.63202644715
23421.0,34432.0,1205.0,2486.0,423,265,92.0,28,33501.0,32275.0,16327.0,25769.0,285.3,0,-126277.54613009962,-277.7011900078105
5177.0,15933.0,478.0,1778.0,3047,3733,4458.0,5253,13179.0,14694.0,2456.0,4005.0,285.4,0,-153907.26088483658,16351.844239232323
45820.0,63519.0,22181.0,32378.0,91,154,323.0,206,53927.0,49621.0,38508.0,37550.0,285.4,0,-83154.19260966837,-2613.800333866104
92043.0,142437.0,5786.0,7291.0,602,277,239.0,147,104443.0,94843.0,68167.0,64590.0,285.5,0,-31765.042130908783,-52299.53353494897
3963.0,12508.0,2111.0,6488.0,3280,3943,3898.0,4355,9440.0,10212.0,404.0,2182.0,285.5,0,-156658.5168080273,20442.019872074627
10426.0,13512.0,2904.0,3444.0,7113,7086,7887.0,7716,19097.0,17923.0,1479.0,2061.0,285.8,0,-148276.0082983488,16036.016612146952
74511.0,105450.0,10096.0,15715.0,355,238,355.0,180,81894.0,71552.0,69276.0,57065.0,285.8,0,-48095.567495759824,-37578.456567969006
13213.0,25489.0,4222.0,7607.0,6820,7076,9766.0,10443,23387.0,25563.0,3011.0,6418.0,285.8,0,-142773.04163731445,13829.739785843864
38598.0,61729.0,4207.0,6561.0,496,263,225.0,127,40478.0,36187.0,24933.0,28436.0,286.0,0,-111351.63808783676,-3828.185558123121
17366.0,32582.0,2303.0,4545.0,3798,3757,6299.0,6981,16345.0,17867.0,1603.0,3876.0,286.0,0,-147575.373734131,17260.871667989748
136212.0,199945.0,43693.0,68016.0,343,360,207.0,146,104687.0,90880.0,116035.0,83576.0,286.0,0,30257.88159014768,-38873.3405778114
1624.0,4766.0,1012.0,4416.0,2607,3064,3345.0,3944,8634.0,10477.0,1468.0,2699.0,286.0,0,-157929.12516549407,19434.194619682858
14248.0,22208.0,2847.0,4793.0,4363,5028,7275.0,7237,18771.0,20033.0,3554.0,5391.0,286.0,0,-145748.57703768523,15284.87526238939
32343.0,50236.0,3965.0,5328.0,152,125,188.0,163,35129.0,31122.0,27466.0,32365.0,286.0,0,-114619.70714574416,-3008.7523030518314
19462.0,26508.0,2650.0,4944.0,5438,5935,6699.0,7149,17162.0,17327.0,4693.0,3863.0,286.1,0,-144817.00074453693,16227.000698270036
2649.0,5449.0,320.0,2462.0,677,1723,762.0,1895,1482.0,4093.0,48.0,669.0,286.1,0,-162981.75511435024,23560.53503200734
113456.0,177020.0,68450.0,109597.0,210,202,73.0,106,92494.0,83228.0,71554.0,70461.0,286.2,0,8098.048233643698,1382.539102299579
4058670.0,2066190.0,12064000.0,7816200.0,20528,8333,6352.0,2669,2836820.0,1832060.0,2362180.0,1369780.0,286.4,2,11160131.26783437,7002220.062194054
6106.0,16234.0,1888.0,3713.0,4862,5168,5743.0,6683,13784.0,15267.0,1456.0,1919.0,286.5,0,-153249.93146751146,17801.92266746297
17846.0,37840.0,3213.0,4947.0,7233,7623,9690.0,10209,21396.0,21625.0,4747.0,5230.0,286.5,0,-142387.07470893336,14066.78293838666
15929.0,25998.0,3860.0,6900.0,2548,2622,5211.0,4953,13177.0,13018.0,4206.0,3819.0,286.6,0,-147686.2382484709,19170.220237048263
60563.0,85790.0,16635.0,25159.0,536,172,171.0,105,47383.0,41416.0,40049.0,40369.0,286.7,0,-84127.239383678,-3126.806212715077
2955.0,14529.0,1320.0,5084.0,3072,4613,3525.0,5406,8193.0,12271.0,729.0,1290.0,286.7,0,-158144.18394092604,20448.82874381076
7179.0,9144.0,4104.0,5730.0,3538,3491,4877.0,4774,13852.0,14619.0,4905.0,2948.0,286.7,0,-149799.7368849784,18233.973561926447
6651.0,20977.0,2979.0,5668.0,2435,2484,3235.0,3235,7847.0,7500.0,1027.0,2463.0,286.8,0,-155833.96257102583,21905.42811172419
4215.0,10252.0,1536.0,3379.0,2778,3485,3779.0,4355,9986.0,11631.0,674.0,1699.0,286.8,0,-156576.27919728684,19706.937878845536
257608.0,374522.0,17131.0,24161.0,439,328,395.0,174,176284.0,153481.0,92444.0,77362.0,286.8,0,81166.32423068077,-79610.33269417114
36691.0,56969.0,16121.0,24891.0,566,449,0.0,78,40952.0,38211.0,30321.0,30235.0,286.8,0,-101868.2030180164,2789.773944076649
8429.0,17480.0,1586.0,3940.0,4133,4471,6406.0,6536,13995.0,15408.0,2362.0,2506.0,286.8,0,-152049.6667541738,17246.70478872602
3108.0,8453.0,1562.0,3796.0,2193,2605,2871.0,3465,7573.0,9251.0,0.0,1314.0,286.9,0,-158631.80554283335,21210.77643667844
9520.0,21545.0,1610.0,1979.0,4489,4482,6817.0,6882,16453.0,16948.0,4758.0,5269.0,286.9,0,-148745.22110281093,14849.688487542306
194490.0,291295.0,45014.0,68696.0,258,360,62.0,128,122479.0,106796.0,124573.0,101128.0,287.0,0,66520.71574763811,-48328.48455212688
4850.0,14037.0,1283.0,3558.0,3458,5246,4360.0,6719,10164.0,14751.0,2256.0,2842.0,287.0,0,-155494.45870425232,18784.651619058437
2680.0,16062.0,218.0,2653.0,773,3145,1262.0,4543,3038.0,10228.0,521.0,1201.0,287.0,0,-161860.60863996044,22421.153047934306
45412.0,65395.0,9096.0,14234.0,170,175,144.0,110,45541.0,41309.0,31325.0,32268.0,287.1,0,-99874.07623677573,-4974.447345380238
28716.0,39822.0,6002.0,8412.0,780,375,0.0,108,37178.0,34079.0,27870.0,22122.0,287.1,0,-115015.87853441984,-1527.3268971784564
19447.0,38256.0,3046.0,4605.0,2320,2400,5070.0,5495,15047.0,14489.0,5173.0,6117.0,287.1,0,-145165.67681458054,17169.586870889078
140630.0,218931.0,15400.0,25410.0,451,182,163.0,106,64217.0,56751.0,45306.0,51231.0,287.1,0,-45575.4750925261,-10356.04954167243
7052.0,11938.0,1764.0,4267.0,4163,4368,4701.0,4751,12060.0,12058.0,2897.0,2691.0,287.1,0,-153182.0429144463,18111.33727168537
1676.0,8429.0,1658.0,5165.0,1721,2555,2683.0,4270,7169.0,11694.0,1459.0,3185.0,287.2,0,-158266.7394254512,20644.24348652256
27143.0,35277.0,3419.0,6068.0,5534,5954,7710.0,7774,19949.0,19158.0,4189.0,4087.0,287.2,0,-140548.06878473033,16030.538010744956
4963.0,10626.0,1177.0,3693.0,1531,1831,2339.0,2661,6231.0,6418.0,2897.0,2435.0,287.2,0,-157483.1551839302,20652.969107356384
1212.0,5795.0,0.0,74.0,82,0,185.0,72,3127.0,4411.0,389.0,889.0,287.3,0,-162530.73966403466,22182.06271116974
341995.0,503042.0,23139.0,32635.0,800,600,352.0,157,284723.0,223248.0,81586.0,69196.0,287.3,0,165364.65214210635,-122041.8078201229
47172.0,59049.0,10927.0,14229.0,384,254,0.0,81,68814.0,60952.0,59120.0,45872.0,287.3,0,-70210.94041400478,-27048.491253126354
3176.0,9550.0,942.0,3175.0,2627,3654,3376.0,4461,6978.0,8614.0,1074.0,2451.0,287.3,0,-158612.61243276767,20549.449507755515
334062.0,464960.0,39118.0,56784.0,444,226,649.0,225,266369.0,224146.0,124988.0,111994.0,287.3,0,189456.7154700314,-121069.9818218243
2667.0,11234.0,935.0,2824.0,1037,3127,1314.0,3847,4019.0,10310.0,4379.0,6163.0,287.4,0,-158267.74939832583,20465.332063946797
1895.0,8190.0,1428.0,5129.0,3917,6905,5205.0,8488,11864.0,19721.0,1137.0,1651.0,287.4,0,-156132.6098214387,18304.23860113298
1463.0,7512.0,1179.0,4592.0,1884,2677,2354.0,3608,5517.0,8439.0,437.0,1572.0,287.4,0,-160279.87250571803,21714.650346099283
6233.0,18408.0,1495.0,2671.0,2465,2692,3424.0,4082,9050.0,10508.0,1377.0,2126.0,287.5,0,-156075.75023766872,20033.0761684224
6515.0,15455.0,2403.0,5434.0,5734,6363,6396.0,6897,13133.0,13127.0,2062.0,2249.0,287.5,0,-152833.58917857677,18329.25844349734
11038.0,27946.0,3077.0,6863.0,6711,7664,9653.0,10100,22998.0,24010.0,2456.0,3178.0,287.6,0,-145175.23638318086,13642.08452127294
763.0,3492.0,775.0,3463.0,1402,2548,1580.0,2856,4556.0,8005.0,825.0,1204.0,287.6,0,-161162.847070901,21789.941638334887
8630.0,15468.0,1100.0,3347.0,1440,1439,2898.0,3297,7134.0,7468.0,4004.0,2920.0,287.7,0,-155258.61530032806,19949.27894444088
19902.0,36699.0,2990.0,7125.0,4710,4198,6146.0,6089,17648.0,16501.0,3832.0,4535.0,287.7,0,-144491.62900700193,16446.656349540604
9317.0,18865.0,774.0,3000.0,5517,5968,6684.0,6996,15200.0,15371.0,1742.0,2775.0,287.8,0,-151811.60275637291,16225.668489278669
12042.0,12942.0,2437.0,3528.0,8907,9661,12189.0,11843,23948.0,21879.0,5191.0,4724.0,287.9,0,-143165.76763098923,11607.901184765962
6712.0,20377.0,1352.0,3720.0,6528,6850,8369.0,9086,19536.0,20537.0,1415.0,1763.0,288.1,0,-150223.69413409763,14403.72048439254
3365.0,8400.0,992.0,2778.0,1064,2679,1336.0,2880,3253.0,6447.0,1631.0,1565.0,288.3,0,-160489.20544785797,22527.285055773013
1164.0,5169.0,590.0,3432.0,791,2342,885.0,2451,2220.0,6224.0,518.0,674.0,288.3,0,-162672.1502384717,23103.23702393253
10509.0,16404.0,2882.0,4009.0,2790,2676,3169.0,3122,9894.0,9214.0,1556.0,2035.0,288.3,0,-153349.9234296493,20910.04526721153
21431.0,47743.0,4250.0,7067.0,5513,4703,7780.0,7287,19365.0,18207.0,4893.0,3635.0,288.3,0,-141965.3407055879,16376.842148819696
7599.0,19198.0,2185.0,5401.0,4068,4747,4438.0,5246,10745.0,12566.0,1184.0,1362.0,288.3,0,-154503.56113765575,19930.876762939908
31123.0,49687.0,1737.0,3022.0,3342,3377,5427.0,5521,15028.0,14734.0,4179.0,3239.0,288.4,0,-143151.62772583886,17795.89405637864
92474.0,139491.0,4480.0,5832.0,76,219,241.0,125,89491.0,81763.0,89164.0,78065.0,288.4,0,-28683.091345523837,-54117.39096918378
2429.0,4984.0,700.0,2343.0,536,1138,725.0,2306,1935.0,5291.0,275.0,594.0,288.5,0,-162486.07888620932,23524.7671268155
4488.0,16481.0,904.0,3409.0,4219,5153,5811.0,7536,15368.0,19395.0,697.0,3923.0,288.6,0,-153482.50156540534,16053.638482204664
1887.0,8513.0,224.0,1313.0,457,1291,437.0,1158,1057.0,4039.0,925.0,1716.0,288.6,0,-162935.80366674613,23219.216874397876
10578.0,16749.0,1290.0,2836.0,5374,5472,7095.0,7491,17959.0,18613.0,1269.0,3779.0,288.6,0,-149621.24803502968,15251.031883308586
22799.0,40255.0,3462.0,5918.0,85,134,140.0,70,34924.0,29966.0,26306.0,26675.0,288.7,0,-119603.49722533372,-2814.2561116245743
67489.0,105247.0,16204.0,26287.0,112,147,102.0,105,70733.0,66824.0,52836.0,53117.0,288.8,0,-61166.08065114216,-21472.14346230417
4602.0,11000.0,374.0,1718.0,71,3,270.0,162,7512.0,5926.0,615.0,1023.0,288.8,0,-158669.46039645118,20278.17809760696
2364.0,6209.0,1143.0,4448.0,40,0,90.0,50,4364.0,7345.0,33605.0,41339.0,288.8,0,-138552.93035345877,5780.941918819437
712667.0,909888.0,186094.0,280356.0,951,728,567.0,175,439975.0,365965.0,186583.0,166646.0,288.8,3,531566.8679005408,-102093.44514340184
230890.0,344929.0,24199.0,36387.0,494,314,71.0,84,145732.0,119818.0,67286.0,56148.0,288.8,0,44639.42859523534,-48552.09136279244
138899.0,200564.0,6546.0,14369.0,378,244,396.0,96,41348.0,36058.0,40770.0,33104.0,288.8,0,-69214.94503751052,-928.2968012933416
11935.0,11310.0,2770.0,4310.0,3400,2836,4839.0,4982,16120.0,15291.0,2286.0,4668.0,288.9,0,-148720.2470366741,16990.261612746242
19116.0,23262.0,1891.0,2579.0,5390,5830,8057.0,7960,21269.0,21508.0,5202.0,5244.0,289.0,0,-142630.31509351538,13062.865288675484
4800.0,11607.0,118.0,1872.0,1885,3324,2350.0,3795,4871.0,9098.0,383.0,285.0,289.1,0,-160439.6662060664,21701.667587534284
1082.0,5896.0,926.0,3836.0,756,1528,1078.0,2116,3285.0,6598.0,380.0,1014.0,289.3,0,-161915.69169843284,22780.409575770944
103984.0,149828.0,36377.0,59296.0,357,230,95.0,123,104437.0,98869.0,74834.0,83193.0,289.3,0,-3593.299598581536,-32969.29554746685
17070.0,42413.0,2348.0,5663.0,228,103,234.0,139,30558.0,30924.0,16572.0,23037.0,289.4,0,-129623.63018031066,1991.65312993115
2632.0,7420.0,2990.0,5385.0,77,73,200.0,69,5811.0,5682.0,1717.0,2006.0,289.4,0,-158019.72221943617,22526.40237525366
2328.0,9744.0,1697.0,4906.0,177,77,178.0,48,4877.0,5798.0,1156.0,1468.0,289.4,0,-159748.59257414818,22283.05702745288
1191740.0,1371870.0,1123780.0,1384290.0,3801,2949,898.0,613,421712.0,328080.0,136436.0,111005.0,289.4,3,1196708.4361484316,680711.8584278076
2067660.0,1850560.0,2959440.0,3293440.0,9188,5379,2489.0,1270,2230290.0,1815200.0,1655120.0,1356020.0,289.4,4,4476553.438688738,494460.7127710142
41004.0,60579.0,12776.0,21697.0,12812,12867,1568.0,1398,48994.0,48865.0,29848.0,44334.0,289.4,0,-95759.08799568616,-5493.022483444136
189633.0,298894.0,266275.0,413692.0,3730,3519,8971.0,8557,23259.0,22709.0,8855.0,7470.0,289.5,0,71491.90771647327,224177.67604941616
102743.0,147987.0,9952.0,13848.0,550,351,0.0,36,77775.0,71224.0,53812.0,49024.0,289.5,0,-49908.757930883,-27107.345267111705
789.0,5296.0,353.0,1825.0,64,0,114.0,0,2223.0,4906.0,2026.0,3853.0,289.5,-1,-161695.34252078866,21942.93124642575
3094.0,10237.0,576.0,1939.0,176,133,196.0,122,12037.0,8741.0,3077.0,3293.0,289.5,0,-155006.51004917506,16761.08101882409
2237.0,13456.0,259.0,1297.0,107,0,130.0,122,4724.0,9753.0,39066.0,68858.0,289.5,0,-131676.57001228613,-756.614819481314
560345.0,660924.0,77270.0,111098.0,1314,1238,308.0,128,852866.0,661533.0,339129.0,285644.0,289.5,3,737488.6771394421,-484604.66922104754
11717.0,21472.0,1562.0,2777.0,6395,6771,8638.0,8725,23062.0,22627.0,3330.0,2919.0,289.6,0,-145462.79245492088,12251.280196009253
6611.0,10393.0,739.0,1795.0,2890,3245,4214.0,4634,8774.0,9036.0,2327.0,1887.0,289.6,0,-156153.7564476354,19354.43306773568
86920.0,148397.0,9461.0,12917.0,656,443,597.0,314,70926.0,61798.0,44756.0,43584.0,289.6,0,-64167.926441628646,-21226.76825888158
7319.0,14728.0,3014.0,5756.0,2720,2782,3427.0,3616,9116.0,9485.0,1547.0,1215.0,289.7,0,-154870.10929657824,21305.721362175173
2239.0,3998.0,1077.0,2953.0,254,209,98.0,96,3265.0,4705.0,2423.0,1918.0,289.7,0,-160374.06367144056,22184.728579081537
802.0,4075.0,108.0,1433.0,168,79,156.0,36,2155.0,4320.0,466.0,950.0,289.7,0,-163089.8487959843,22720.2133865815
724428.0,893325.0,50368.0,67308.0,1843,1370,377.0,211,1157780.0,890008.0,424109.0,361652.0,289.7,3,995088.306929682,-694902.6014131968
11059.0,17380.0,935.0,2943.0,4481,4396,7022.0,7624,18737.0,17683.0,3913.0,4392.0,289.7,0,-147926.59845055483,13632.215803710336
3981.0,10672.0,1714.0,3474.0,2542,2761,3596.0,3978,7601.0,8283.0,1459.0,1818.0,289.8,0,-157484.5783866362,20823.15295883858
389473.0,541810.0,203183.0,289858.0,20272,19117,25914.0,26110,73314.0,70829.0,21137.0,19809.0,289.8,0,133875.37856932837,158643.34746453684
37323.0,55034.0,3821.0,8782.0,435,252,0.0,79,43525.0,42852.0,22671.0,31719.0,289.9,0,-110782.88972305293,-5556.471092551106
13383.0,23404.0,1704.0,4754.0,7179,7195,9372.0,9079,21689.0,21406.0,4413.0,4636.0,290.0,0,-144805.3377282855,12622.817689325788
101082.0,163403.0,69103.0,109892.0,91,201,390.0,218,64643.0,56697.0,36705.0,42209.0,290.0,0,-31797.918888707325,31394.92083536072
4582.0,13874.0,1974.0,5428.0,3072,3584,3838.0,4692,9829.0,11412.0,653.0,1291.0,290.0,0,-156364.92915591793,20216.823165828944
57531.0,84017.0,4341.0,7742.0,266,217,153.0,131,54467.0,54196.0,43915.0,46396.0,290.1,0,-85632.87169201447,-18620.01331605309
21067.0,28592.0,15067.0,25793.0,321,176,70.0,109,27428.0,26147.0,12934.0,20534.0,290.2,0,-124661.3106782723,15193.429583567004
4327.0,12871.0,1780.0,4654.0,3259,3701,4115.0,4614,11474.0,13601.0,2870.0,2401.0,290.2,0,-154438.00138391653,18278.602250221986
49918.0,81528.0,12194.0,21696.0,0,123,0.0,24,65569.0,60784.0,48336.0,44281.0,290.2,0,-75619.89585243698,-20339.04904595742
355645.0,504401.0,136151.0,203592.0,3156,2810,297.0,321,113349.0,99116.0,100235.0,78576.0,290.2,0,151957.76601392103,49142.19567638559
10648.0,16923.0,2006.0,3114.0,3129,3535,4767.0,4547,10815.0,11813.0,2642.0,2161.0,290.3,0,-152786.56616510844,19384.86812173558
14321.0,26789.0,803.0,2766.0,12140,12823,11998.0,12705,23537.0,24726.0,4180.0,2785.0,290.5,0,-144414.14943806012,11378.807557419412
70489.0,103841.0,17756.0,28147.0,551,338,292.0,205,49992.0,43770.0,38576.0,34558.0,290.5,0,-80513.38670015443,-1626.870923132723
4848.0,9925.0,2125.0,3195.0,3113,3392,3857.0,4020,9946.0,11573.0,2262.0,1810.0,290.5,0,-155294.93829824775,19681.89009059094
15297.0,22482.0,1194.0,1827.0,3671,3676,5177.0,5133,15142.0,14373.0,4551.0,4323.0,290.6,0,-148127.92769224447,15864.578429922683
90734.0,152819.0,13972.0,22477.0,165,143,166.0,75,67765.0,61417.0,38474.0,45067.0,290.6,0,-64669.78100640344,-13942.915950793387
62725.0,90817.0,21393.0,32765.0,518,418,163.0,189,45023.0,40952.0,30002.0,31039.0,290.6,0,-88158.06918799429,6558.009103306096
3196.0,10575.0,2434.0,6081.0,2195,2887,2841.0,3665,5846.0,7318.0,91.0,481.0,290.7,0,-159144.5697673012,22891.152145220723
50295.0,72460.0,8493.0,12433.0,13,129,348.0,177,56766.0,50525.0,43462.0,38829.0,290.7,0,-85736.53868457122,-16028.514193555777
7453.0,17425.0,2410.0,4228.0,3002,3185,5284.0,5643,13226.0,13878.0,443.0,4136.0,290.8,0,-152912.6174622797,18615.802210847443
6059.0,15671.0,3505.0,4926.0,3772,3844,5164.0,5162,13429.0,13244.0,2467.0,2733.0,290.8,0,-151905.7301694516,18762.58183840526
6734.0,15661.0,1062.0,2710.0,2154,2521,3175.0,3396,8329.0,8821.0,1071.0,1143.0,290.8,0,-156881.3178756572,20365.137905021584
11981.0,23128.0,2538.0,3355.0,3253,3243,4734.0,4659,14530.0,13274.0,1672.0,2134.0,290.9,0,-150440.81783752848,18226.437754603263
16409.0,25392.0,2037.0,3871.0,10274,10569,11235.0,11667,24322.0,25011.0,3428.0,3348.0,290.9,0,-142839.83297192497,12214.797808188245
38267.0,64112.0,6921.0,12373.0,221,185,0.0,0,52504.0,50066.0,39219.0,36601.0,290.9,-1,-95223.03214120786,-14133.402265305129
11837.0,19201.0,1859.0,3099.0,5182,5066,7073.0,7506,19606.0,20360.0,4420.0,3983.0,290.9,0,-146483.9276490342,13819.542672768252
2612.0,8444.0,566.0,2050.0,191,125,162.0,119,5315.0,6649.0,4037.0,4851.0,291.0,0,-158175.44080156455,19779.801691205037
756672.0,884717.0,431096.0,525690.0,4148,2763,578.0,504,528786.0,421190.0,252784.0,178791.0,291.0,3,772216.045547176,16193.713394231916
13716.0,22496.0,1776.0,4619.0,3651,3920,5391.0,5571,14214.0,15022.0,1856.0,2726.0,291.1,0,-150319.9329586001,17804.26005655015
32043.0,47309.0,4957.0,8510.0,7248,7049,9528.0,9341,23244.0,22423.0,4804.0,5523.0,291.1,0,-135703.77352337,15405.02354687773
63997.0,94845.0,19393.0,31052.0,478,277,0.0,24,73101.0,66196.0,53508.0,58981.0,291.2,0,-57774.13350052608,-21619.11842870211
57224.0,82931.0,3845.0,5288.0,361,179,0.0,13,78173.0,65563.0,57022.0,50568.0,291.2,0,-66156.19156457926,-36650.67802130454
25490.0,43577.0,16624.0,28547.0,411,294,270.0,102,49246.0,47558.0,45265.0,42915.0,291.3,0,-91513.66474256486,-8845.891276367787
6357.0,12978.0,3326.0,6895.0,837,882,1527.0,1403,4682.0,4721.0,799.0,1913.0,291.3,0,-157683.60638746302,23986.722651805143
410235.0,582639.0,129589.0,192620.0,1251,1338,367.0,301,207075.0,182707.0,103034.0,91209.0,291.4,0,220884.64451163795,-4652.140668078839
5222.0,12892.0,791.0,1487.0,2099,2101,3273.0,3279,9163.0,9052.0,2240.0,2131.0,291.4,0,-156356.9296680867,19072.67126735072
7736.0,12138.0,2492.0,3007.0,4408,4582,5806.0,5875,16301.0,14977.0,3966.0,4457.0,291.4,0,-149387.25252311706,15844.212486347637
100532.0,149611.0,21922.0,34554.0,16,116,54.0,121,66177.0,61773.0,60795.0,53475.0,291.4,0,-45978.75968285445,-14909.488663163853
8829.0,17648.0,2775.0,4897.0,4224,4057,5000.0,4891,12333.0,11423.0,2931.0,2767.0,291.4,0,-151833.82297047405,18844.953509208968
6503.0,15524.0,1335.0,4825.0,3388,3658,4495.0,4607,12873.0,13837.0,3292.0,3063.0,291.6,0,-152919.6891058625,17121.921232274828
39064.0,56852.0,9907.0,14107.0,520,362,0.0,64,58763.0,54863.0,45240.0,44782.0,291.6,0,-85556.51185019957,-18284.18690108193
12241.0,27014.0,1577.0,2768.0,11375,12056,11765.0,11911,23886.0,22765.0,1865.0,4707.0,291.7,0,-145171.225384261,12121.277574427397
187691.0,275312.0,31498.0,49024.0,12152,12665,1123.0,1161,249588.0,221171.0,113992.0,89908.0,291.8,0,119907.73813718012,-122027.8676365721
6187.0,10483.0,568.0,3043.0,6289,7299,7297.0,9043,16089.0,18515.0,3694.0,2325.0,291.8,0,-151618.96758618503,14777.12287507817
30468.0,58051.0,5340.0,7403.0,7233,7136,9721.0,10363,25722.0,25737.0,7517.0,5629.0,291.9,0,-133343.26339786177,13335.309857703003
2136.0,12046.0,415.0,2857.0,1036,2727,1314.0,3413,2887.0,7574.0,1012.0,2523.0,292.0,0,-161547.86528266929,22264.25246412408
2770.0,15028.0,633.0,3289.0,1728,3108,2367.0,4085,4978.0,8838.0,25.0,146.0,292.0,0,-160916.67582020655,22021.61771777192
50492.0,79350.0,17704.0,27902.0,305,283,0.0,0,41601.0,37961.0,28647.0,26468.0,292.0,-1,-97569.66081279446,5743.583530509361
2139.0,8097.0,3896.0,11016.0,2136,3520,2773.0,4463,6370.0,10247.0,865.0,1450.0,292.0,0,-157807.09304878855,23249.801367381395
924.0,5797.0,324.0,2861.0,702,1938,962.0,2595,2484.0,6757.0,1026.0,2070.0,292.0,0,-162286.79280242926,22377.28714274009
2610.0,5852.0,846.0,2654.0,1413,2684,2260.0,3773,5465.0,9324.0,269.0,973.0,292.0,0,-160319.8366989663,21712.54379902664
10812.0,18777.0,3682.0,7578.0,5265,6206,6886.0,6968,20453.0,19564.0,2938.0,5136.0,292.1,0,-145751.81871629416,15006.462609216253
105542.0,152474.0,12973.0,19420.0,557,273,288.0,167,183168.0,154903.0,68665.0,63614.0,292.1,0,20420.44043727085,-88008.09987464154
54869.0,76098.0,12997.0,15951.0,260,173,0.0,63,69185.0,61776.0,57788.0,47859.0,292.1,0,-66586.42152572173,-24933.97064157789
68735.0,97778.0,33955.0,50820.0,454,260,196.0,185,62777.0,53962.0,52315.0,38812.0,292.1,0,-57369.52600214665,-1450.8042972038677
58722.0,81899.0,9667.0,13945.0,1,102,232.0,160,63560.0,57346.0,45787.0,48567.0,292.1,0,-75838.87886065732,-20278.1976616296
11163.0,22337.0,2516.0,5542.0,2697,2939,3877.0,4179,10356.0,10722.0,1378.0,4041.0,292.2,0,-152837.31895398683,20211.598409654514
43753.0,75910.0,882.0,2267.0,222,156,485.0,192,34059.0,26359.0,23492.0,19788.0,292.2,0,-117362.76443538824,-845.7715139131724
32239.0,50685.0,3010.0,3430.0,423,341,0.0,32,40135.0,35675.0,21203.0,31109.0,292.3,0,-115549.38057450631,-4165.106647196299
7796.0,12539.0,3173.0,5412.0,1052,1215,2249.0,3044,6912.0,7766.0,661.0,1629.0,292.4,0,-156188.7589752506,22870.746572268235
28977.0,54436.0,5257.0,7755.0,411,484,24.0,45,30276.0,29899.0,17817.0,29374.0,292.4,0,-122579.0791180264,3945.2384450210666
3152.0,14589.0,140.0,799.0,35,0,108.0,0,2430.0,5638.0,16513.0,34286.0,292.5,-1,-149049.82189125227,12775.262298101845
462707.0,655102.0,37480.0,51774.0,182,269,298.0,177,512368.0,423662.0,147765.0,141681.0,292.5,0,381415.20960550674,-256129.2603489273
12985.0,25778.0,3141.0,4780.0,5837,5396,7277.0,7629,16943.0,15045.0,2380.0,2027.0,292.5,0,-148103.64866330993,17260.20499453039
28303.0,40986.0,5827.0,8433.0,258,371,689.0,239,40095.0,35910.0,27617.0,28297.0,292.5,0,-112695.38379430617,-4035.177907856833
14655.0,24985.0,3070.0,5095.0,5662,5959,7512.0,7785,20016.0,19550.0,2114.0,4666.0,292.6,0,-145579.8515239668,15404.20540697112
8422.0,13310.0,1871.0,4400.0,2903,3070,3479.0,3485,8900.0,8674.0,609.0,1158.0,292.7,0,-155752.48809057864,20955.568645707004
9824.0,26217.0,698.0,3001.0,4109,4694,5145.0,5469,15426.0,16511.0,1760.0,3335.0,292.7,0,-151473.5992831043,15993.628604666952
3188.0,8538.0,1826.0,5394.0,2610,3627,3365.0,4998,8906.0,13970.0,1378.0,2389.0,292.7,0,-156890.49138740404,20097.550107923944
53297.0,77807.0,11765.0,19455.0,0,18,594.0,232,50870.0,48164.0,39099.0,38150.0,292.8,0,-88227.40009409393,-8615.522006701714
10997.0,16809.0,2971.0,4389.0,5443,5122,6810.0,6583,17444.0,17499.0,3744.0,3376.0,292.8,0,-147707.28021271044,16070.235729129185
11721.0,13158.0,4104.0,4767.0,3280,3614,4382.0,4564,12270.0,12607.0,3735.0,2099.0,292.8,0,-149904.84652002016,19926.965196869343
6364.0,9768.0,0.0,1315.0,369,260,270.0,158,25741.0,14274.0,2499.0,2044.0,292.8,0,-147197.63205565006,9597.949507611424
1443.0,5748.0,741.0,2251.0,254,178,229.0,211,3895.0,5653.0,9979.0,14172.0,292.8,0,-154894.06897494834,17308.054517423298
576668.0,661026.0,49352.0,66440.0,1951,1443,459.0,207,1155310.0,912479.0,405220.0,365457.0,292.8,3,937673.4037348372,-699661.5455736296
719.0,4339.0,362.0,1624.0,52,0,115.0,32,2173.0,4392.0,155.0,131.0,292.8,0,-163240.83511881717,23114.76381200189
28496.0,41937.0,3939.0,7179.0,7768,7221,10814.0,10428,27051.0,24754.0,5933.0,4438.0,292.9,0,-134998.4470357618,12106.844967145204
3889.0,9498.0,3429.0,7135.0,797,813,278.0,149,17526.0,18360.0,4171.0,11356.0,292.9,0,-148138.28837568528,14561.738867214282
34667.0,60423.0,5317.0,9044.0,293,210,125.0,122,43991.0,40959.0,27053.0,34726.0,293.2,0,-107957.85819456814,-6744.662279138418
5591.0,21248.0,2679.0,5435.0,5924,6421,7167.0,7892,19146.0,21053.0,1701.0,2583.0,293.2,0,-149747.32880413556,15324.586939086812
92268.0,153470.0,50073.0,75932.0,12979,11854,9814.0,9547,22161.0,22576.0,5222.0,5662.0,293.3,0,-90078.61712167418,54651.33868972877
14544.0,9914.0,1179.0,2156.0,916,1054,1494.0,1677,5465.0,5243.0,2134.0,1177.0,293.3,0,-155404.2156094714,22207.758102823645
37566.0,52345.0,3398.0,4556.0,465,526,700.0,288,37695.0,37140.0,36202.0,25442.0,293.4,0,-109020.56779684016,-6355.363686124285
23000.0,52881.0,3161.0,7302.0,5688,5750,8370.0,8957,21974.0,23198.0,2903.0,5099.0,293.4,0,-141326.159722338,14726.779019530008
3528.0,10817.0,1603.0,3840.0,1929,2398,2960.0,4487,7292.0,10581.0,2666.0,2439.0,293.4,0,-157207.55035617785,20379.4885535364
19180.0,36137.0,4607.0,7771.0,7150,7390,10103.0,10410,28583.0,29937.0,6287.0,7880.0,293.4,0,-135994.73560745723,10495.332429700273
3015.0,5603.0,1665.0,5934.0,249,132,179.0,109,2924.0,4010.0,26332.0,31901.0,293.5,0,-143802.42657569735,10734.942339199904
389902.0,495357.0,314851.0,422804.0,1027,1049,272.0,239,314732.0,267689.0,151830.0,134713.0,293.5,0,413360.1754399572,54703.00873216056
2840.0,12741.0,810.0,3009.0,436,1113,791.0,2134,1939.0,5124.0,194.0,317.0,293.5,0,-162372.12680564835,23702.17503571142
24964.0,45644.0,5625.0,8616.0,8170,8390,12182.0,12181,29796.0,28245.0,2525.0,4997.0,293.5,0,-135086.22130107234,12710.54158987774
2642.0,16234.0,1016.0,4127.0,936,2884,1321.0,3833,3433.0,10829.0,1982.0,3492.0,293.6,0,-160115.40713793467,22008.29560591061
8159.0,27007.0,964.0,3193.0,2854,4261,3517.0,5244,9973.0,14576.0,1108.0,1479.0,293.6,0,-155494.48779776017,19461.05507325207
16760.0,33045.0,2801.0,6190.0,9359,9475,12656.0,13186,29472.0,30122.0,3184.0,5322.0,293.6,0,-139200.95394703315,9865.103550509652
2393.0,8195.0,1579.0,4214.0,1483,2403,1802.0,3122,4823.0,8704.0,667.0,1525.0,293.7,0,-160033.96119726487,22388.03476831999
33802.0,41877.0,8397.0,9922.0,390,169,0.0,40,35037.0,32333.0,30761.0,24660.0,293.8,0,-111386.87055851171,502.5844504083871
139150.0,195120.0,31781.0,46506.0,684,358,326.0,180,76905.0,64999.0,65474.0,56371.0,293.8,0,-19173.419856455817,-12227.456235004223
3353.0,12549.0,1508.0,3950.0,3007,4253,4213.0,5480,12336.0,15826.0,2739.0,3420.0,293.8,0,-154320.61873573894,17437.259331437934
5077.0,13701.0,3113.0,7239.0,3200,3208,4230.0,4728,9727.0,11267.0,410.0,1911.0,293.9,0,-155593.4959245418,21168.883953647543
1589.0,4218.0,1522.0,3921.0,4166,4847,4717.0,5865,11831.0,14555.0,469.0,2364.0,294.0,0,-156379.0231909091,18493.768135841456
17191.0,30228.0,3721.0,5588.0,9746,9943,12465.0,12787,28932.0,28393.0,4545.0,5231.0,294.0,0,-138205.03206222423,10448.134030389452
14403.0,27606.0,3366.0,5640.0,7826,8170,10248.0,10239,24232.0,24052.0,6578.0,5763.0,294.2,0,-140893.55895726063,11727.05206034512
18491.0,29093.0,9911.0,11743.0,20133,19578,22493.0,21252,29993.0,21668.0,11306.0,12694.0,294.3,0,-129081.79492025117,11442.68633299046
8536.0,15340.0,7671.0,14313.0,10476,11546,11641.0,12717,26089.0,27093.0,3291.0,2770.0,294.3,0,-141218.5889008532,15089.530322047704
14561.0,30975.0,21844.0,32077.0,7086,7700,8822.0,8891,19603.0,21003.0,3624.0,3474.0,294.3,0,-134242.34487672604,29560.379237383782
8980.0,24522.0,1591.0,2647.0,6948,7972,8287.0,9351,20689.0,22115.0,2701.0,4032.0,294.4,0,-147733.6183833132,13395.01825837333
868.0,5412.0,1560.0,6245.0,146,26,156.0,37,4752.0,10871.0,28219.0,51436.0,294.4,0,-139319.7641800053,6155.770160071497
1143.0,6900.0,3601.0,13087.0,79,0,146.0,69,28246.0,53006.0,22806.0,41243.0,294.4,0,-129274.05373057436,-1627.931229712929
1466.0,8571.0,85.0,833.0,85,0,59.0,0,2235.0,4294.0,10565.0,19475.0,294.4,-1,-155013.82182982494,16760.9348259944
2436810.0,1840180.0,3036000.0,2347670.0,12250,6478,2386.0,1189,4492540.0,2373930.0,2989340.0,1499430.0,294.4,4,6530968.584282206,-1094331.5587287508
9205.0,20693.0,3230.0,5074.0,1993,1807,3719.0,3799,10678.0,11194.0,5202.0,5050.0,294.5,0,-150933.1964067076,19020.495808760174
1129.0,6295.0,0.0,353.0,140,18,160.0,52,4573.0,8765.0,3682.0,6683.0,294.5,0,-159245.42747969713,19497.38259166055
1546.0,5739.0,351.0,1434.0,143,8,165.0,89,16329.0,24169.0,2984.0,5215.0,294.5,0,-152975.13793196462,13938.066304503216
1460.0,4633.0,0.0,117.0,38,0,207.0,101,3984.0,6343.0,23822.0,37368.0,294.5,0,-144917.91239327204,8853.673741377874
1438500.0,1311920.0,341077.0,366271.0,3375,2390,791.0,500,2345460.0,1578330.0,1547920.0,942513.0,294.5,3,2670467.06555798,-1511052.152389409
34855.0,57681.0,1936.0,5040.0,8750,9440,11942.0,12290,30498.0,28903.0,6225.0,4855.0,294.5,0,-132023.19249942782,9063.865792402888
7573.0,18550.0,2447.0,3422.0,4056,4097,5208.0,5722,15568.0,15942.0,1076.0,2798.0,294.6,0,-151490.80911443767,17380.74581337144
127467.0,215968.0,241412.0,383754.0,5138,4730,6488.0,6505,20427.0,18782.0,7212.0,4896.0,294.7,0,34089.74945073656,203057.67262640785
57529.0,78023.0,8804.0,13316.0,342,258,245.0,106,72535.0,66999.0,65860.0,56728.0,294.8,0,-61115.63963725109,-33637.73124156499
89694.0,144376.0,13097.0,19669.0,327,249,0.0,37,85470.0,79042.0,53709.0,60511.0,294.8,0,-46055.93304615987,-31386.760609354023
47896.0,71147.0,6919.0,11904.0,131,128,0.0,67,43352.0,38520.0,45612.0,36144.0,294.9,0,-94326.68750755604,-10560.258467198755
4178.0,18890.0,1646.0,5055.0,1836,2013,2673.0,3297,7277.0,9492.0,218.0,751.0,294.9,0,-158400.7158985769,21517.764058148317
102472.0,146385.0,12882.0,20784.0,245,178,292.0,92,96038.0,88923.0,91892.0,80999.0,295.0,0,-15127.182138200878,-51804.57510237181
281340.0,418366.0,103557.0,147589.0,783,981,87.0,93,205036.0,177706.0,120724.0,112913.0,295.0,0,174898.4711680199,-41904.44924235412
6007.0,17840.0,1436.0,2589.0,1408,1632,2928.0,3005,7292.0,8123.0,139.0,1430.0,295.1,0,-157850.78897504535,21416.20853854296
6127.0,18820.0,1895.0,5204.0,1701,1816,4496.0,5349,12318.0,15102.0,4075.0,5279.0,295.2,0,-152281.8056066173,17238.530376528244
32145.0,48171.0,12202.0,18899.0,109,148,190.0,156,39786.0,36369.0,31545.0,28290.0,295.2,0,-106058.95003443972,-41.50473538977167
25026.0,44509.0,8134.0,14533.0,234,263,128.0,210,41529.0,41159.0,22817.0,28976.0,295.2,0,-113686.45274260076,-1795.0445893125616
3059.0,10538.0,923.0,2254.0,2096,2719,2922.0,4053,7430.0,9763.0,193.0,1347.0,295.3,0,-159009.96875923625,20728.78788059053
111070.0,150234.0,114914.0,181297.0,6817,7470,8933.0,9050,24330.0,24528.0,4864.0,4955.0,295.4,0,-44836.49697008901,104370.54377534584
209274.0,319818.0,11804.0,19388.0,162,305,13.0,79,202202.0,174450.0,79117.0,69255.0,295.4,0,69315.0516917734,-95592.0243470534
3652.0,11853.0,2404.0,5620.0,4838,5512,5514.0,6227,12273.0,13820.0,127.0,1939.0,295.4,0,-155177.50652291358,19258.195570979875
6203.0,13897.0,0.0,1624.0,13,0,38.0,46,6986.0,8872.0,4460.0,4556.0,295.4,0,-156290.48637858636,18623.368240938154
5358.0,16769.0,0.0,596.0,23,93,118.0,39,3102.0,6913.0,19968.0,37817.0,295.4,0,-145854.44843197166,10835.034807154929
946454.0,888312.0,107066.0,115524.0,51485,43264,5167.0,3948,944498.0,474368.0,430508.0,223492.0,295.4,3,961287.0246778036,-503564.4786447691
45980.0,75391.0,13806.0,20793.0,394,214,68.0,42,27289.0,24694.0,21805.0,20478.0,295.5,0,-113413.65997363457,13233.917845029016
33762.0,48904.0,5503.0,9370.0,420,370,17.0,22,34839.0,32189.0,30108.0,25917.0,295.5,0,-113304.66940099392,-1552.85575477569
10084.0,19508.0,2827.0,4994.0,3412,3565,5064.0,4936,11764.0,11468.0,4708.0,3556.0,295.6,0,-150764.06251396777,18578.451646793816
2394.0,15000.0,482.0,2369.0,192,92,190.0,90,1583.0,4505.0,8169.0,25179.0,295.8,0,-154965.90372227976,17481.616787189407
50683.0,76942.0,1847.0,3637.0,638,279,333.0,185,50496.0,45061.0,29331.0,38432.0,295.8,0,-99585.38770397342,-12940.70509693439
3227.0,11296.0,817.0,2349.0,2265,3538,2920.0,5195,7032.0,11060.0,0.0,1523.0,295.9,0,-159296.93265681845,20914.18690888001
49760.0,88946.0,3191.0,5941.0,207,158,207.0,142,67421.0,62453.0,51839.0,47820.0,296.0,0,-77744.42297286728,-29843.487403607996
99561.0,149638.0,6052.0,8939.0,469,309,345.0,176,55219.0,48334.0,46953.0,41604.0,296.0,0,-70144.79469987615,-14916.155740354014
2383.0,7569.0,0.0,0.0,305,166,228.0,99,1834.0,3989.0,1550.0,1866.0,296.0,0,-162166.65198451988,22440.650925419544
752.0,4117.0,569.0,2167.0,198,145,181.0,96,4731.0,8602.0,497.0,813.0,296.0,0,-161417.5947521549,21696.610714924413
3148.0,12191.0,257.0,1266.0,162,119,229.0,111,7409.0,10641.0,451.0,1245.0,296.0,0,-159299.19276018045,20159.48822078739
779503.0,856746.0,112913.0,134624.0,15523,12097,1890.0,1411,1061910.0,726071.0,468039.0,323889.0,296.0,3,1010510.7176811604,-601158.0775483873
16731.0,22938.0,2058.0,2915.0,3315,3444,4510.0,4370,15040.0,14658.0,5658.0,5136.0,296.0,0,-146567.00023905034,16199.905127997958
276165.0,421396.0,59739.0,90265.0,704,376,484.0,145,207217.0,163177.0,130558.0,95714.0,296.1,0,150126.18079460025,-77626.96765514778
104825.0,152409.0,34085.0,52002.0,454,350,141.0,88,66880.0,60672.0,44782.0,45866.0,296.2,0,-45706.68593649047,666.7430234011554
53453.0,81713.0,1398.0,3856.0,432,177,251.0,190,30026.0,27460.0,22431.0,27705.0,296.3,0,-115306.6575306166,1677.454534429202
8828.0,17121.0,1423.0,2377.0,3666,3788,5967.0,5989,15892.0,16232.0,4043.0,5043.0,296.4,0,-149761.51736673884,15221.309963093505
40835.0,52679.0,9358.0,13983.0,946,623,204.0,149,50783.0,47187.0,29371.0,32885.0,296.5,0,-99079.13948946404,-7357.875009190331
1801.0,11150.0,382.0,3689.0,188,98,103.0,42,2236.0,5594.0,13122.0,35828.0,296.5,0,-150744.0339466342,13876.449581277782
47151.0,79938.0,11066.0,17297.0,396,206,121.0,151,51366.0,49118.0,32907.0,42314.0,296.5,0,-92475.63271621316,-8395.641765711323
14974.0,26166.0,1733.0,3726.0,4127,4157,6531.0,6454,17866.0,17181.0,5617.0,4597.0,296.6,0,-145863.05210369345,14401.453520018102
65452.0,96083.0,9085.0,15871.0,55,115,0.0,22,44260.0,40754.0,33606.0,34542.0,296.6,0,-92720.1519887081,-3874.324897488285
26678.0,36348.0,9828.0,15343.0,420,173,343.0,152,43671.0,40293.0,28889.0,28309.0,296.6,0,-108285.84886937257,-3453.8522064348435
10531.0,17376.0,2260.0,5905.0,5365,5888,5471.0,5729,12262.0,12636.0,1722.0,2163.0,296.6,0,-152286.6789866925,19110.449121020392
54904.0,87726.0,9068.0,14039.0,70,173,279.0,100,39088.0,33317.0,25491.0,24730.0,296.7,0,-104397.4222445012,2161.6605876746
93444.0,126232.0,19088.0,30401.0,554,226,61.0,124,85267.0,74053.0,75319.0,56198.0,296.7,0,-32206.075741480658,-33018.90827096068
2221.0,10692.0,1076.0,2792.0,1700,2545,2331.0,3651,5432.0,8347.0,986.0,1209.0,296.8,0,-159954.73772294592,21606.082861761417
89507.0,135386.0,15613.0,25842.0,183,262,406.0,199,51990.0,46544.0,46282.0,41435.0,296.8,0,-69844.1885272308,-6426.793567337281
5408.0,13549.0,1735.0,3556.0,2530,2454,3285.0,3381,9308.0,8505.0,2523.0,1979.0,296.8,0,-155553.06926472098,19655.7589278414
111186.0,161934.0,32962.0,53331.0,556,242,428.0,158,77915.0,70372.0,58086.0,54975.0,296.9,0,-30531.147994784988,-11313.176181024855
38890.0,56420.0,3731.0,3715.0,237,83,299.0,199,48505.0,41972.0,42751.0,40938.0,297.0,0,-96743.84046778016,-16135.758655718266
8241.0,21603.0,1920.0,4656.0,2135,2340,3077.0,3421,6724.0,7445.0,69.0,199.0,297.1,0,-157402.62383588575,22454.240706136432
10943.0,24317.0,3882.0,8768.0,1625,1810,3542.0,4024,9174.0,10115.0,1816.0,2752.0,297.1,0,-152778.78939291846,21895.99376320057
17934.0,19247.0,10136.0,14106.0,7251,7414,8572.0,8355,24963.0,24309.0,4685.0,4532.0,297.2,0,-136444.91680253268,17543.79122205242
19357.0,32493.0,4883.0,9771.0,426,388,114.0,48,28539.0,26726.0,24017.0,23488.0,297.2,0,-125000.02182891632,2634.9981846895357
6896.0,19263.0,2255.0,4642.0,5816,6755,6137.0,7235,16210.0,19106.0,737.0,1150.0,297.2,0,-151896.31333798403,17192.018334120177
7981.0,18277.0,1646.0,3443.0,4457,4666,5530.0,5861,13300.0,14468.0,1143.0,1734.0,297.2,0,-153237.30250738465,18145.306815377917
8008.0,16117.0,2464.0,4362.0,6430,6618,8582.0,9244,20053.0,21170.0,2873.0,3669.0,297.4,0,-147865.65079643473,14317.638451086632
161738.0,241389.0,22076.0,33754.0,327,280,144.0,89,90610.0,80035.0,65786.0,65751.0,297.5,0,-8331.004056780192,-26670.120715043748
83732.0,131760.0,12309.0,21094.0,651,346,210.0,147,54081.0,44453.0,35487.0,33721.0,297.5,0,-78789.80632647406,-5822.091042536384
4715.0,11190.0,2077.0,4222.0,1541,1570,2997.0,3212,7141.0,8291.0,1935.0,2463.0,297.6,0,-156964.32162671024,21147.091973408795
6526.0,14722.0,312.0,913.0,4019,4402,4877.0,4956,12821.0,12608.0,0.0,1930.0,297.7,0,-155253.71985874398,17629.127668927744
13075.0,17157.0,3014.0,5914.0,3802,3655,5838.0,5876,14993.0,14821.0,1345.0,2281.0,297.8,0,-149673.1610961049,18513.00411523151
6195.0,11663.0,2614.0,5229.0,4118,4417,4747.0,5331,10214.0,11357.0,1181.0,2465.0,297.9,0,-154805.22489752728,20283.2387196206
5655.0,17482.0,1883.0,2941.0,3508,3808,4732.0,5021,13547.0,14897.0,860.0,1997.0,298.2,0,-153797.593877245,18071.83706657155
12103.0,23831.0,2646.0,3944.0,5144,5245,7155.0,7335,19440.0,20010.0,5057.0,5284.0,298.2,0,-145508.3880072668,14132.736024866936
50809.0,86103.0,13038.0,20962.0,400,369,163.0,138,58817.0,56116.0,31043.0,48041.0,298.2,0,-85891.00638875291,-10794.41217138918
32867.0,42388.0,3786.0,6845.0,491,400,30.0,70,38909.0,35206.0,30447.0,25869.0,298.3,0,-112207.04750726603,-5209.683488752977
2251.0,8390.0,90.0,706.0,257,162,251.0,196,6160.0,7433.0,1179.0,2059.0,298.4,0,-159900.8954497971,20278.93545635663
1025570.0,1146820.0,142611.0,189067.0,6223,4710,84543.0,68318,677940.0,509327.0,474459.0,352227.0,298.4,3,902586.0725535288,-360716.35715491103
7987.0,18593.0,1816.0,2854.0,2998,3340,4602.0,5007,10940.0,11508.0,2522.0,2343.0,298.7,0,-153708.26658468114,18988.23431872375
194369.0,279750.0,50289.0,79532.0,505,270,393.0,169,234958.0,194436.0,94952.0,81836.0,298.8,0,114857.04959287416,-92012.29941078994
8144.0,21937.0,1762.0,3458.0,1426,1713,2167.0,2762,6490.0,8562.0,2254.0,2370.0,298.9,0,-156281.99534342228,21419.094351943848
85699.0,118177.0,19927.0,32520.0,0,112,117.0,99,97520.0,87336.0,97789.0,70322.0,298.9,0,-14640.806652304833,-48964.71012147932
5919.0,14874.0,1225.0,4545.0,6519,7529,6819.0,7775,14700.0,16858.0,714.0,1710.0,299.0,0,-153563.83136156635,17077.268037037134
7121.0,21089.0,2523.0,4745.0,2561,3783,3512.0,5161,10412.0,15936.0,4706.0,4602.0,299.1,0,-152470.38016859867,18699.748680189616
8295.0,20820.0,822.0,4577.0,1099,3055,1718.0,4486,5028.0,13129.0,0.0,365.0,299.1,0,-158982.93591734985,22526.39972110159
5820.0,10240.0,2265.0,4870.0,2435,2614,3797.0,3942,9234.0,10134.0,3180.0,3096.0,299.2,0,-154653.304262555,19754.15459544989
8048.0,16667.0,1562.0,3606.0,1718,1882,2440.0,2710,7842.0,8040.0,396.0,1996.0,299.3,0,-156601.70979742333,21207.00526151224
5581.0,14420.0,266.0,1047.0,210,109,105.0,62,10192.0,6787.0,1231.0,1292.0,299.6,0,-156606.66084988863,18592.708828399536
1568.0,9400.0,494.0,1959.0,127,54,169.0,59,3660.0,10465.0,27189.0,59726.0,299.6,0,-139380.94074397118,5165.056524159816
442640.0,533990.0,39877.0,58883.0,2235,1837,374.0,264,843220.0,661148.0,346022.0,303048.0,299.6,3,678462.5406106572,-521387.1641678443
5703.0,11152.0,1083.0,2819.0,1812,2381,1912.0,2675,4759.0,7014.0,1167.0,913.0,299.7,0,-159173.84642693223,22213.956641349127
5789.0,13772.0,1716.0,2579.0,4608,4936,6236.0,6101,16579.0,16700.0,3218.0,4113.0,299.7,0,-150718.61414458096,15257.517581328371
15488.0,22036.0,1045.0,2502.0,4237,4901,6364.0,6871,16250.0,16931.0,2210.0,2030.0,299.7,0,-149009.16218306427,16273.694463605472
2436.0,13383.0,894.0,3266.0,1725,3757,2209.0,4790,5329.0,10896.0,1406.0,2541.0,299.7,0,-159628.3238981185,21213.21979522985
3232.0,16701.0,604.0,2863.0,1546,3632,1804.0,4577,4114.0,10126.0,434.0,2052.0,299.7,0,-160749.91684758864,22093.31222291224
1302.0,5448.0,489.0,2650.0,86,0,215.0,131,3444.0,6647.0,725.0,1348.0,299.8,0,-161803.80672336626,22214.938971280768
1412.0,6644.0,0.0,244.0,200,100,143.0,113,6327.0,10130.0,1298.0,1729.0,299.8,0,-160133.13643961784,20064.689423442545
948674.0,1261520.0,49381.0,74660.0,1188,1079,497.0,189,752750.0,602710.0,477978.0,372823.0,299.8,3,869138.8981095573,-481474.2237218085
30928.0,47299.0,3922.0,6998.0,379,186,263.0,169,31847.0,32454.0,16488.0,26915.0,299.8,0,-122907.36370837172,3020.667156968575
42328.0,62642.0,1416.0,3684.0,3189,2614,479.0,226,43670.0,38423.0,33067.0,31899.0,299.8,0,-105685.40678167409,-10553.710100530943
40542.0,67539.0,3675.0,5967.0,275,212,0.0,0,42493.0,40905.0,33394.0,32783.0,299.9,-1,-105288.1626735574,-8600.43737545282
1955.0,11994.0,327.0,2613.0,820,2030,916.0,2257,1966.0,5843.0,1243.0,2407.0,300.0,0,-162082.6232705344,22615.36185831208
4701.0,12455.0,2300.0,5629.0,7408,8961,8410.0,10121,16802.0,19664.0,770.0,1362.0,300.0,0,-152183.2016869506,16712.2853223159
1916.0,5751.0,480.0,1413.0,2546,2926,3307.0,4125,8541.0,10779.0,1018.0,1965.0,300.0,0,-158535.01217665023,19353.342893486355
6734.0,14129.0,2669.0,4278.0,4696,5269,5666.0,6219,13632.0,14663.0,1684.0,2164.0,300.0,0,-152524.67575328628,18413.10690715282
1323.0,4084.0,454.0,2998.0,3889,4733,4296.0,5405,10615.0,12974.0,855.0,892.0,300.0,0,-157845.08081879298,18389.46761914081
3759.0,8300.0,3472.0,6083.0,2601,2736,3986.0,3994,11282.0,10755.0,3219.0,2347.0,300.2,0,-153577.71878631614,19513.48001788024
3002.0,7684.0,887.0,3014.0,2229,2714,3090.0,3608,8387.0,9844.0,1004.0,1737.0,300.3,0,-158078.62161179355,19861.41094569401
15313.0,29967.0,4782.0,7340.0,5025,4701,7005.0,6910,19962.0,19216.0,3884.0,4274.0,300.3,0,-143642.17605569592,16247.330145980675
3559.0,11776.0,2233.0,4733.0,3221,3772,3905.0,4689,10627.0,11905.0,2766.0,2384.0,300.4,0,-154936.598485057,19055.710084634586
8630.0,18048.0,1455.0,2866.0,3289,3731,4573.0,5216,12510.0,14122.0,2233.0,2765.0,300.5,0,-152906.5943433264,17959.66217328289
108976.0,167461.0,5652.0,7340.0,7249,6467,16085.0,15703,48324.0,46480.0,14364.0,10920.0,300.6,0,-91395.2369573108,4329.364640003205
65759.0,90977.0,2355.0,5085.0,430,188,279.0,170,61131.0,57508.0,46746.0,50788.0,300.6,0,-78421.89885172014,-24636.323546659005
3007.0,12589.0,808.0,2536.0,1562,2177,2225.0,3256,6014.0,8762.0,264.0,1871.0,300.6,0,-159758.92587976716,21296.150944837944
3853.0,9497.0,351.0,2242.0,2515,3329,3393.0,4196,8038.0,9289.0,2113.0,2946.0,300.6,0,-157595.1078160185,19168.358633426185
6123.0,18613.0,1156.0,3178.0,3484,4251,3696.0,4514,8345.0,10204.0,1109.0,2854.0,300.7,0,-156695.22136094933,20136.714735202127
30850.0,50732.0,2360.0,6015.0,320,225,0.0,7,37832.0,34545.0,27518.0,28696.0,300.7,0,-115157.73540266478,-5290.954516592639
14413.0,21896.0,3072.0,4775.0,7665,7982,10389.0,10599,26333.0,25265.0,6337.0,4266.0,300.7,0,-140270.30649443663,10668.113544336682
51832.0,74614.0,40308.0,66634.0,185,125,279.0,129,62822.0,56292.0,48710.0,43916.0,300.8,0,-59797.726863267046,2572.0764461877297
12807.0,20648.0,4160.0,7735.0,8514,8969,10332.0,10656,23881.0,23438.0,3733.0,2850.0,300.8,0,-142938.4269480499,13755.052471749315
80183.0,122290.0,22383.0,35977.0,1235,1100,400.0,164,85369.0,75465.0,70161.0,64844.0,300.9,0,-35345.13449326447,-31053.47159996033
4078.0,13776.0,1447.0,3273.0,1739,1993,2178.0,2709,5034.0,6799.0,716.0,1150.0,301.0,0,-159494.6637486823,22338.20949201809
122369.0,183208.0,17991.0,27880.0,269,486,610.0,268,86934.0,74647.0,69810.0,62820.0,301.0,0,-24055.51102892097,-31678.91663831237
11354.0,20917.0,1155.0,3120.0,3125,3450,4820.0,5109,12409.0,12421.0,3876.0,2702.0,301.0,0,-151519.79552345863,17451.695581643842
9258.0,28681.0,770.0,1970.0,6434,8566,8995.0,11513,23886.0,29109.0,4122.0,5312.0,301.1,0,-145487.2165577051,10426.51717035742
6686.0,18903.0,616.0,2346.0,477,2198,967.0,3012,2596.0,7407.0,244.0,309.0,301.1,0,-160867.43165751905,23475.357113953527
79437.0,119153.0,4353.0,7068.0,287,359,89.0,122,41689.0,38225.0,36691.0,36719.0,301.2,0,-90656.66454643152,-6376.722236175294
12475.0,22762.0,1716.0,3512.0,3935,3868,5446.0,5236,12572.0,12676.0,1999.0,2668.0,301.3,0,-151604.5408924217,18506.959747872872
5465.0,16809.0,985.0,2583.0,2805,3199,3532.0,4161,9016.0,10510.0,1050.0,1243.0,301.3,0,-156942.99728995629,19839.958444160035
436815.0,618658.0,33464.0,49398.0,388,384,10.0,77,260008.0,214201.0,138976.0,123626.0,301.5,0,223997.7930686235,-120550.07878538256
40118.0,56987.0,7810.0,10514.0,6002,5801,8149.0,7989,21297.0,19326.0,5938.0,5050.0,301.5,0,-132070.98898788332,18903.439272965705
9708.0,11005.0,2634.0,4029.0,2269,2633,3560.0,3962,7839.0,8916.0,179.0,848.0,301.5,0,-155729.55220182092,22383.053568402524
4773.0,12365.0,1620.0,4331.0,5248,5670,7195.0,8026,18054.0,19525.0,994.0,3062.0,301.6,0,-151485.83032679156,15207.840311347076
20224.0,23275.0,3156.0,4652.0,2102,2007,4815.0,4952,14488.0,14114.0,4951.0,5272.0,301.7,0,-145409.41636976818,17801.51511770821
20254.0,29996.0,2147.0,5582.0,3855,3592,5377.0,5225,13596.0,12715.0,3134.0,3121.0,301.7,0,-147687.78479918282,18427.339358303976
4902.0,14980.0,1208.0,3935.0,2513,3618,3399.0,4895,9698.0,13449.0,941.0,1634.0,301.8,0,-156599.12744188152,19582.30036871149
6722.0,10926.0,1541.0,3071.0,2047,2376,3058.0,3864,8236.0,10605.0,1983.0,2607.0,301.8,0,-155982.6554617695,20269.8203312772
1374.0,8396.0,499.0,4035.0,1649,2995,2044.0,3881,5923.0,11529.0,0.0,0.0,301.8,0,-160958.61045706712,21337.662264594517
936.0,5391.0,748.0,3113.0,1191,2701,1621.0,4162,3612.0,9821.0,383.0,1130.0,301.8,0,-161862.58116623544,22444.01515212505
2574.0,7619.0,578.0,1790.0,1990,2947,2619.0,4471,6620.0,10998.0,711.0,1061.0,301.8,0,-159629.02330391132,20731.341968027904
72712.0,100798.0,7197.0,13663.0,524,214,0.0,77,75013.0,65842.0,71704.0,52270.0,301.9,0,-53896.65321259215,-36367.40899770772
13371.0,25863.0,1635.0,3938.0,5733,6304,8249.0,9103,18882.0,19612.0,3402.0,4706.0,302.0,0,-146864.78710813366,14391.533201924449
21671.0,41169.0,3536.0,5712.0,6543,6788,10029.0,10126,25463.0,24806.0,5337.0,6106.0,302.0,0,-138299.3049276579,12099.044918675636
1615.0,7861.0,5959.0,17406.0,134,52,86.0,0,8871.0,15727.0,5080.0,6897.0,302.0,-1,-152510.3867050468,21264.69188018752
2145080.0,1641560.0,5440670.0,4427820.0,10865,5123,2915.0,1421,1949570.0,1316740.0,1559140.0,940940.0,302.0,4,5697158.669541639,2626494.440006456
121227.0,183443.0,27433.0,41365.0,340,211,0.0,0,93495.0,81218.0,77802.0,70573.0,302.0,-1,-10208.877074504242,-31876.446569602595
10224.0,18397.0,1350.0,2961.0,4143,4338,5256.0,5295,11714.0,12663.0,779.0,1741.0,302.1,0,-153738.4225230175,19055.729356670523
71581.0,106253.0,6162.0,9297.0,406,471,130.0,77,72856.0,65917.0,59545.0,56854.0,302.1,0,-60880.299248915006,-32685.951686645385
7898.0,31026.0,882.0,3463.0,2124,2637,3535.0,4061,10294.0,12145.0,2544.0,3805.0,302.2,0,-154391.01357729937,18401.435807841724
8556.0,20115.0,4612.0,6758.0,1993,2032,5686.0,5664,12043.0,10971.0,2829.0,3800.0,302.3,0,-150872.98561500682,20255.053327916565
1741.0,10820.0,5082.0,19195.0,221,172,203.0,121,25934.0,49128.0,4855.0,10172.0,302.4,0,-143090.07516075406,11091.215721959195
1722.0,7313.0,933.0,6079.0,121,25,149.0,88,8422.0,15203.0,8952.0,12340.0,302.4,0,-152975.45592290992,15647.776658658548
1352.0,7903.0,722.0,2744.0,122,0,130.0,0,3396.0,5554.0,8765.0,15899.0,302.4,-1,-155474.6857776156,17713.347494223744
2857030.0,1964900.0,4047580.0,3048350.0,9698,4465,2710.0,1262,4825500.0,2590780.0,3689320.0,1737500.0,302.4,4,7811223.216079731,-738143.5265674598
56353.0,95783.0,20876.0,31560.0,261,140,541.0,234,64588.0,59510.0,47774.0,47174.0,302.4,0,-68726.95512868202,-12949.90724683935
2257.0,12640.0,902.0,3178.0,753,2370,856.0,2612,2414.0,6428.0,1264.0,2496.0,302.4,0,-161373.544064451,22815.383003647148
1757.0,9611.0,226.0,2005.0,619,1588,703.0,2081,1306.0,4979.0,241.0,457.0,302.4,0,-163368.62416023432,23481.849181838727
6919.0,24972.0,1150.0,2451.0,4399,5057,5426.0,6445,12680.0,14473.0,170.0,3141.0,302.5,0,-154421.36874577153,18146.983771122133
1075.0,4307.0,336.0,1434.0,3786,4669,4419.0,5390,10568.0,13299.0,1292.0,2958.0,302.6,0,-157464.49692735393,17871.742218685104
12498.0,24656.0,2341.0,5286.0,2700,2971,6523.0,6771,17242.0,18125.0,3634.0,5563.0,302.6,0,-147396.6909811525,15529.431925838617
461.0,2614.0,631.0,5777.0,1199,2446,1583.0,3282,4577.0,9504.0,28.0,0.0,302.6,0,-161907.93114532955,22078.89792676537
4945.0,8347.0,2315.0,4542.0,3247,3188,4988.0,5170,12881.0,13081.0,2379.0,2884.0,302.8,0,-153286.653268995,18073.759341021087
55959.0,84945.0,33922.0,55858.0,726,554,160.0,121,70592.0,64163.0,59731.0,48783.0,302.8,0,-52034.78954357404,-10473.285488478512
30918.0,44602.0,7300.0,12392.0,379,213,0.0,54,39682.0,38191.0,21688.0,32274.0,302.9,0,-113264.8370023389,-1084.8508140875492
5087.0,17124.0,1776.0,4509.0,2465,2856,3879.0,4546,8282.0,10219.0,0.0,1398.0,302.9,0,-157460.4990457553,21131.53182748104
12050.0,17859.0,2619.0,6404.0,2482,2065,4900.0,5062,11520.0,11477.0,3828.0,4867.0,303.0,0,-150575.83194547385,18802.62025799039
1191.0,4850.0,0.0,0.0,112,69,131.0,60,9581.0,11530.0,1837.0,2655.0,303.0,0,-157997.1863047141,17996.836483893992
477693.0,560042.0,51326.0,69772.0,1896,1474,459.0,231,1048940.0,845835.0,387238.0,342366.0,303.0,3,836004.3758911808,-639406.7973960587
66881.0,105317.0,10476.0,15527.0,0,71,0.0,25,60058.0,58017.0,35847.0,38936.0,303.1,0,-80914.53193021998,-12528.343601159531
2613.0,8644.0,801.0,2403.0,1043,2559,1378.0,3525,3007.0,6836.0,1602.0,2291.0,303.1,0,-160868.11907188184,22365.558575403826
37743.0,66121.0,1847.0,3334.0,586,361,251.0,186,22105.0,20914.0,15806.0,19992.0,303.1,0,-128838.14924673966,8365.401065950411
13783.0,27904.0,2015.0,4078.0,4242,4522,6036.0,6495,15099.0,15677.0,3350.0,3653.0,303.2,0,-148816.28452203926,16893.9410384856
5379.0,20075.0,1757.0,5660.0,2945,4069,3784.0,5393,9177.0,13050.0,2370.0,2651.0,303.3,0,-155574.179264732,19699.31797227206
8807.0,14680.0,1606.0,4630.0,3434,3611,4365.0,4482,10847.0,10962.0,1898.0,2667.0,303.3,0,-153851.52642889757,19103.76446717412
140543.0,231177.0,33903.0,50488.0,3871,3449,7052.0,6720,19835.0,19713.0,6421.0,4590.0,303.4,0,-85110.83682034841,46925.27873107372
7575.0,20591.0,2188.0,3365.0,2832,2953,3800.0,4063,10744.0,10702.0,2728.0,3156.0,303.5,0,-153497.011706516,19162.0539204104
106564.0,148927.0,9214.0,12618.0,689,448,374.0,199,195534.0,159037.0,87836.0,61365.0,303.5,0,33815.01826689072,-103463.98738042644
8304.0,17270.0,949.0,1757.0,4059,3935,5983.0,6036,15225.0,15389.0,3482.0,3770.0,303.6,0,-151054.12399722813,15545.270159652126
116484.0,171758.0,22847.0,36542.0,711,530,326.0,140,73107.0,66243.0,71637.0,58169.0,303.7,0,-30676.79889634316,-20979.004214625864
1707.0,10999.0,1707.0,8526.0,2344,4289,3738.0,7011,9943.0,18801.0,405.0,1065.0,303.7,0,-157538.1000382009,19848.32843026743
5900.0,18377.0,1840.0,3689.0,3862,4138,4595.0,5090,10288.0,11545.0,1562.0,2399.0,303.7,0,-155153.5257450533,19514.65436553662
6561.0,16398.0,2595.0,5508.0,5824,6117,6831.0,7300,18890.0,19095.0,2651.0,3444.0,303.8,0,-149043.05820740672,15033.792043064912
817.0,4001.0,1232.0,5386.0,228,114,81.0,26,7671.0,13742.0,9331.0,12473.0,303.8,0,-153306.70844603516,16065.436144893703
933.0,4766.0,3167.0,11534.0,125,49,179.0,110,15727.0,27191.0,8866.0,13760.0,303.8,0,-147663.2962271666,13205.43510901182
2979.0,16844.0,1292.0,5079.0,177,87,87.0,0,3429.0,4958.0,5267.0,8933.0,303.8,-1,-157405.3437491077,20386.0372456844
1168.0,6122.0,478.0,1828.0,240,218,197.0,92,3913.0,8392.0,29331.0,61744.0,303.8,0,-138044.85170589865,3994.130099410541
1548990.0,1345270.0,3049660.0,3454070.0,8263,4909,2285.0,1377,2704720.0,1749000.0,1798820.0,1173720.0,303.8,4,4660842.012075595,247966.9766856271
333022.0,449445.0,42486.0,61714.0,1167,1036,389.0,140,225819.0,194479.0,121009.0,107228.0,303.8,0,166034.78529138517,-94883.927240277
13193.0,23161.0,1695.0,3109.0,5574,5253,7668.0,8334,19314.0,20277.0,2081.0,4204.0,303.9,0,-147344.3122814629,14700.77757659902
6560.0,14183.0,1615.0,3625.0,4758,5352,6570.0,7582,17576.0,20147.0,2497.0,4091.0,303.9,0,-150314.14921563878,14947.965921284032
4965.0,11159.0,2794.0,5521.0,3538,3227,4119.0,4037,9974.0,10492.0,402.0,1740.0,303.9,0,-155713.29910823522,20813.94143789232
2903.0,7255.0,0.0,2166.0,68,122,209.0,105,4753.0,4115.0,1058.0,1191.0,303.9,0,-160728.80044194413,21173.371359180863
294315.0,403379.0,43936.0,66764.0,964,475,553.0,265,320376.0,257476.0,137592.0,121646.0,303.9,0,216893.9891059978,-154833.33954737862
17197.0,25095.0,2847.0,6119.0,2417,2365,5256.0,5428,14077.0,13275.0,4408.0,6119.0,303.9,0,-146892.92921996527,17623.751661402097
90440.0,122052.0,15093.0,22176.0,590,466,493.0,233,79575.0,74649.0,68723.0,67448.0,304.0,0,-39786.45574342771,-32614.561207557803
25187.0,38398.0,1974.0,3792.0,4852,5375,8411.0,8453,24637.0,24288.0,8765.0,7874.0,304.1,0,-136678.93610738288,10222.630048644598
2861.0,9234.0,1553.0,4017.0,1290,2327,1962.0,3404,4928.0,8245.0,697.0,2259.0,304.2,0,-159701.7013416858,22233.531015998917
3816.0,13366.0,236.0,2975.0,586,1208,507.0,1855,1340.0,4156.0,214.0,282.0,304.2,0,-162726.4908642934,23658.531122720746
17639.0,22655.0,3582.0,5690.0,4155,4085,5796.0,5426,16101.0,13628.0,5019.0,3958.0,304.3,0,-145278.45185983524,17239.351114865975
10592.0,13641.0,2854.0,6728.0,4927,5598,7053.0,7691,16206.0,17309.0,1757.0,3096.0,304.4,0,-149556.25488406426,17310.780048097004
5078.0,12722.0,1905.0,3860.0,5432,5806,7066.0,7833,18805.0,21660.0,1257.0,3586.0,304.4,0,-150592.57751843883,14885.34932477324
8087.0,13444.0,1539.0,3015.0,3781,4106,5590.0,6275,14223.0,15001.0,2435.0,3184.0,304.5,0,-151914.3021373681,16942.445045552515
109542.0,167560.0,8387.0,11982.0,0,69,260.0,134,56873.0,50157.0,38561.0,38083.0,304.6,0,-69121.50184270306,-10001.95324875896
184030.0,242227.0,171289.0,243925.0,480,316,0.0,75,111664.0,99748.0,56529.0,51511.0,304.6,0,91947.3306058038,82208.9528541346
1405.0,7153.0,4581.0,16949.0,201,84,245.0,157,3386.0,6374.0,16140.0,24060.0,304.6,0,-148382.1531399294,17066.262829819454
3798170.0,1689940.0,15204200.0,10172300.0,41403,9059,8102.0,2307,2379430.0,1255990.0,1620270.0,744047.0,304.6,2,12230381.069793768,9948607.73612743
9560.0,20181.0,1768.0,5187.0,2681,3457,3836.0,4348,10880.0,12703.0,895.0,3030.0,304.7,0,-153900.0435256065,19544.372952767808
10789.0,16846.0,2054.0,2801.0,6959,7294,9438.0,9868,21084.0,21363.0,2669.0,3937.0,304.7,0,-146689.53242672584,13694.904889447913
8484.0,20101.0,1376.0,2456.0,3715,3943,4927.0,5405,12127.0,13138.0,636.0,2160.0,304.7,0,-154049.19022700953,18711.02802933449
497668.0,593947.0,115848.0,170572.0,2806,2159,30921.0,25317,336918.0,257931.0,273314.0,205217.0,304.9,0,410739.9466300727,-150586.62822542727
7233.0,17767.0,3513.0,7258.0,3657,3837,5781.0,6133,15803.0,16472.0,2201.0,3793.0,304.9,0,-150150.90723048337,17525.00660942805
8555.0,12595.0,2710.0,3087.0,4143,3897,6086.0,5898,15263.0,13803.0,3492.0,3597.0,305.0,0,-149936.27857217137,16903.521062880965
18556.0,31454.0,3656.0,5395.0,3406,3627,8348.0,8182,20345.0,19594.0,5869.0,6880.0,305.0,0,-141696.86897669642,14397.511732622712
46732.0,79235.0,9044.0,16044.0,447,279,30.0,113,47337.0,45631.0,33678.0,35704.0,305.1,0,-96813.08709141878,-7137.946995637507
15722.0,29161.0,4327.0,6416.0,4350,3965,5674.0,5675,15673.0,17009.0,3376.0,3239.0,305.1,0,-146569.79826432245,18538.72389142811
24808.0,53643.0,1948.0,4118.0,2906,2836,7271.0,7352,20217.0,20481.0,7531.0,7345.0,305.2,0,-139930.499233104,13015.742278415708
3069.0,10238.0,1675.0,4701.0,1567,2003,1949.0,2644,4508.0,6110.0,714.0,850.0,305.2,0,-160028.14917981796,22759.456178821725
8213.0,12137.0,1560.0,2313.0,3994,4653,5909.0,5854,14018.0,12851.0,2397.0,2955.0,305.3,0,-152030.1012459919,17123.30645903105
1916.0,11334.0,473.0,3303.0,2537,4548,3071.0,5434,6623.0,11586.0,325.0,804.0,305.3,0,-160119.26061615377,20767.545192697304
13818.0,27510.0,3120.0,7439.0,5776,5675,8971.0,9149,21103.0,19818.0,4690.0,4834.0,305.3,0,-143997.8786946812,13919.007653646457
10898.0,24052.0,1345.0,2120.0,5562,5846,7349.0,7576,17409.0,17215.0,1591.0,2072.0,305.4,0,-149933.6235025439,15743.987150835206
4020.0,17610.0,2001.0,4395.0,2848,3398,3207.0,4195,7949.0,9691.0,1354.0,1746.0,305.4,0,-157170.3780086179,20904.23316344185
14446.0,25997.0,5501.0,10517.0,7653,7573,8219.0,8066,19228.0,19061.0,2890.0,3341.0,305.4,0,-144506.28649084832,17595.335387534862
14056.0,22831.0,3182.0,6157.0,260,202,351.0,195,22683.0,22495.0,8752.0,16626.0,305.4,0,-139156.888801237,10111.643375492113
76534.0,112840.0,17110.0,26008.0,1208,739,718.0,223,74971.0,65517.0,61835.0,46921.0,305.5,0,-52296.15743838265,-24493.83113666628
20008.0,36176.0,2542.0,3953.0,4495,4579,7568.0,7616,18823.0,19046.0,7119.0,5931.0,305.5,0,-142315.80537863023,14196.801565663296
1686.0,6526.0,1193.0,3968.0,1200,2984,1852.0,4522,3831.0,9482.0,0.0,119.0,305.5,0,-161587.29908688238,22989.841168844563
1190.0,5101.0,810.0,2892.0,1888,2690,3014.0,4358,8384.0,12253.0,1822.0,3155.0,305.6,0,-158088.23912745505,19197.20753375584
3496.0,8191.0,1575.0,3530.0,2063,2452,2956.0,3291,6625.0,7633.0,284.0,1081.0,305.6,0,-158933.48279600203,21694.909642395334
314779.0,330368.0,420759.0,581589.0,560,485,250.0,89,244753.0,201804.0,105798.0,85984.0,305.6,0,383573.4473502042,189160.4043292427
81546.0,115739.0,24344.0,37661.0,364,215,340.0,181,87865.0,78234.0,79933.0,66048.0,305.6,0,-27662.366932271456,-34216.49858615186
7028.0,11563.0,4619.0,9565.0,6147,6077,7371.0,7533,18651.0,18083.0,3111.0,4379.0,305.7,0,-147454.19400082115,16453.12226015347
35664.0,56721.0,22620.0,34654.0,270,173,175.0,104,60447.0,52799.0,43649.0,38260.0,305.7,0,-80054.95849300457,-8337.336529146887
1787.0,5857.0,1745.0,5319.0,4856,6453,5451.0,7194,12293.0,16060.0,1530.0,2050.0,305.9,0,-155488.73050547857,18125.50410773509
213545.0,333959.0,451425.0,717473.0,9275,8901,24548.0,23167,56290.0,50543.0,22936.0,18965.0,305.9,0,215384.2485212809,342755.00965674565
72838.0,100428.0,17368.0,24583.0,813,360,523.0,156,80803.0,71024.0,77617.0,59487.0,306.0,0,-40676.26441058988,-34699.74507247119
274189.0,397586.0,45188.0,71273.0,14,343,223.0,246,227516.0,196560.0,120078.0,104045.0,306.0,0,148717.81843712102,-97390.616628308
8084.0,10490.0,662.0,1366.0,3938,3829,5632.0,5607,14636.0,13943.0,3590.0,2697.0,306.0,0,-151755.83335539102,15739.624916810972
7871.0,10437.0,2427.0,4584.0,1794,1685,2474.0,2455,7332.0,7346.0,1249.0,2386.0,306.1,0,-155968.95852308167,21786.739412520063
1572.0,7504.0,732.0,3002.0,823,1734,857.0,2455,2342.0,6675.0,1491.0,2024.0,306.1,0,-161709.72272069228,22664.415776798865
2451.0,9973.0,1282.0,3381.0,4024,5635,3945.0,5480,8987.0,12739.0,1099.0,1592.0,306.1,0,-157662.05272020667,19796.500134308186
4661.0,8829.0,1852.0,3598.0,2953,2750,3046.0,3014,7511.0,7436.0,0.0,1050.0,306.1,0,-158038.43077812562,21621.11739374644
91640.0,141061.0,31675.0,47891.0,997,519,361.0,175,93974.0,86931.0,74497.0,78829.0,306.2,0,-17020.758048915566,-31138.94142862344
7636.0,11815.0,3621.0,6026.0,3177,3337,4773.0,4887,10918.0,11705.0,2216.0,1978.0,306.2,0,-152968.74382849724,20499.324468127543
577316.0,651134.0,1439610.0,2097170.0,2189,1653,970.0,377,397329.0,320514.0,123197.0,110087.0,306.2,3,1166532.951667849,892387.2153422844
6916.0,11545.0,3170.0,5319.0,5298,5407,5986.0,6557,14285.0,15685.0,3498.0,2492.0,306.2,0,-150913.69012633138,17812.2369797993
7312.0,15918.0,2744.0,6509.0,4267,4515,5718.0,5918,14235.0,14995.0,56.0,2065.0,306.2,0,-152730.12909658038,18743.18276460284
4633.0,16692.0,674.0,2889.0,2407,4334,3201.0,5425,7119.0,12362.0,857.0,1904.0,306.3,0,-158420.80856984566,20526.77972703315
21115.0,27774.0,3264.0,4145.0,5051,5484,7473.0,7501,21602.0,21635.0,6353.0,4738.0,306.3,0,-140552.57020588242,13764.409543835747
10424.0,21252.0,1834.0,4251.0,3669,3950,5189.0,5496,15110.0,16041.0,2046.0,3716.0,306.4,0,-150588.95341247678,16920.793635763755
12270.0,17241.0,2065.0,5220.0,5772,5898,8325.0,8575,23405.0,23824.0,3463.0,6173.0,306.4,0,-144181.7278080026,11988.972885600826
42324.0,62434.0,3821.0,7919.0,249,236,436.0,162,43569.0,39415.0,36679.0,28967.0,306.4,0,-103171.76909228972,-9475.67899653346
250750.0,370270.0,14261.0,17967.0,792,491,35.0,150,327580.0,264123.0,120170.0,90535.0,306.4,0,175994.84974903616,-174366.26805066274
4528.0,8470.0,990.0,2497.0,732,1959,1022.0,2271,2639.0,5467.0,1555.0,1510.0,306.4,0,-160503.45093899616,22972.846408537927
88173.0,138491.0,4711.0,7965.0,200,210,136.0,67,97208.0,87256.0,73998.0,69056.0,306.5,0,-34192.14129328092,-52096.12155914128
99061.0,143923.0,22143.0,32900.0,266,142,0.0,0,73277.0,65904.0,51185.0,52170.0,306.5,-1,-47051.26770128873,-15305.5243004547
14835.0,29477.0,2894.0,4350.0,18917,20044,19572.0,20374,32930.0,33748.0,3975.0,3834.0,306.6,0,-137687.81014079426,7931.783760301263
3323.0,14017.0,1484.0,3927.0,1689,2620,2354.0,4131,6296.0,10071.0,772.0,1843.0,306.6,0,-158871.95553218067,21518.38545417052
1671.0,9900.0,319.0,2478.0,1105,2490,1548.0,3976,3811.0,9640.0,0.0,33.0,306.6,0,-162135.58825808362,22346.63904114189
811666.0,1108740.0,143606.0,209102.0,3192,2946,725.0,482,210117.0,180934.0,131581.0,111122.0,306.7,0,376202.8231336639,22141.433268526074
18489.0,39614.0,3446.0,6277.0,222,80,283.0,191,27555.0,30512.0,10590.0,21740.0,306.9,0,-133159.5140326283,6709.099438948237
24412.0,37636.0,1659.0,3609.0,339,202,0.0,0,32764.0,31970.0,16903.0,20591.0,306.9,-1,-126725.40053556745,1059.9512912083555
12419.0,12916.0,1376.0,3758.0,3325,3337,4690.0,4534,12636.0,11185.0,1999.0,2482.0,306.9,0,-151824.15298573024,18233.09561896805
4322.0,9084.0,324.0,1646.0,0,0,0.0,0,12023.0,14933.0,15021.0,13012.0,307.0,-1,-147599.39313704972,11337.666006989402
5756.0,17007.0,11322.0,16772.0,140,127,117.0,44,5139.0,5339.0,32690.0,33005.0,307.0,0,-132871.66127773505,14826.988785855568
893436.0,988938.0,205419.0,282533.0,1788,1103,418.0,318,1596780.0,1155520.0,755729.0,569727.0,307.0,3,1572293.3956410596,-938741.8386739346
325912.0,469243.0,28963.0,44027.0,240,208,124.0,91,264438.0,214995.0,130718.0,115125.0,307.0,0,182947.95042354055,-130707.1895165198
17350.0,26681.0,3163.0,5070.0,5784,5607,8164.0,7802,22744.0,21020.0,4375.0,3918.0,307.0,0,-142236.00096424227,13569.956068187035
19613.0,38607.0,2255.0,4142.0,4394,4683,6756.0,6966,19638.0,20066.0,2581.0,5181.0,307.1,0,-144383.40479269897,15124.703629774182
7427.0,20813.0,1735.0,4806.0,3098,3528,4088.0,4805,11806.0,14018.0,1152.0,3256.0,307.3,0,-153932.11263465811,18748.93282768897
1823.0,10272.0,626.0,3317.0,276,285,264.0,232,3411.0,5433.0,2026.0,3798.0,307.3,0,-160553.0614183081,21601.679453971246
730060.0,917581.0,166776.0,247059.0,4194,4004,46149.0,41158,436700.0,343088.0,310848.0,244688.0,307.3,3,594691.0559091731,-165901.681906711
4003.0,13178.0,1574.0,6056.0,3721,4590,4587.0,5584,10723.0,12576.0,1605.0,2519.0,307.3,0,-155638.80960251385,18905.913033186396
332691.0,447263.0,34535.0,50853.0,704,577,4176.0,3664,144573.0,125229.0,150924.0,120338.0,307.4,0,132330.89937849258,-69224.51034457207
11824.0,21227.0,1931.0,3947.0,3167,3005,4742.0,4896,11321.0,11070.0,2470.0,1451.0,307.4,0,-152374.8099741315,19301.53533770842
55073.0,85522.0,6100.0,8256.0,100,146,463.0,178,69614.0,58211.0,45893.0,38246.0,307.4,0,-77490.83646466359,-25094.944738626444
37230.0,62486.0,3795.0,6252.0,266,121,206.0,114,32569.0,28611.0,23387.0,20553.0,307.4,0,-118475.19893066023,1606.2899239931355
45148.0,72191.0,9188.0,14294.0,0,119,234.0,72,48040.0,41126.0,34464.0,32964.0,307.5,0,-96956.68604626054,-7403.333452050596
72608.0,104109.0,18118.0,25089.0,257,154,610.0,167,61503.0,54180.0,57811.0,47752.0,307.5,0,-62124.96415391192,-15593.965265803308
5486.0,7605.0,3676.0,4624.0,4460,4911,5737.0,5994,15413.0,15437.0,2675.0,2175.0,307.5,0,-150886.93394917736,17799.67933600081
12316.0,20455.0,2574.0,3835.0,7336,8026,9359.0,9928,23275.0,23713.0,3102.0,4539.0,307.5,0,-144376.27582907444,12804.951629448791
1430.0,7470.0,516.0,2253.0,5321,9572,5219.0,9251,10246.0,18068.0,668.0,1790.0,307.7,0,-157902.43287344178,18585.587407793428
12460.0,25846.0,4277.0,9464.0,6747,6576,9239.0,9406,21665.0,22006.0,2570.0,5524.0,307.7,0,-144292.75425052436,15008.381416387603
4743.0,10579.0,341.0,2028.0,272,130,51.0,65,4775.0,4086.0,1245.0,1113.0,307.7,0,-159851.63438684036,21508.148871332083
476483.0,645722.0,116298.0,169394.0,1259,837,0.0,110,285797.0,235004.0,146133.0,127136.0,307.7,0,303849.5177659753,-71293.74896023786
397295.0,536999.0,57264.0,85840.0,1172,1033,551.0,231,526998.0,425028.0,209393.0,170860.0,307.7,0,413628.5916105552,-278369.47429104993
196168.0,281072.0,32995.0,50345.0,698,365,124.0,80,220000.0,180532.0,82132.0,75259.0,307.7,0,89902.7126656693,-91833.78392900014
1934.0,7988.0,188.0,1434.0,788,2207,1079.0,3027,2990.0,8792.0,422.0,872.0,307.8,0,-162246.64708169745,22447.20365134796
124091.0,183081.0,30674.0,48084.0,228,359,0.0,26,142217.0,126194.0,59287.0,57171.0,307.8,0,8751.971442516806,-47224.20911529063
301501.0,429261.0,23691.0,36682.0,207,279,674.0,260,236063.0,195164.0,100994.0,91526.0,307.8,0,138560.11742994355,-108171.3375223808
7884.0,14969.0,1620.0,3397.0,9178,9479,11205.0,11931,22898.0,22338.0,1947.0,4079.0,307.9,0,-147169.94935798369,12407.18984102756
5955.0,11712.0,4329.0,8927.0,1845,1906,2762.0,2797,8369.0,9573.0,1631.0,2496.0,307.9,0,-154690.03078792285,22391.86117288797
62671.0,101889.0,9355.0,15569.0,568,409,279.0,92,48715.0,43736.0,31747.0,32621.0,307.9,0,-92172.1047836622,-5373.693145009343
65153.0,107496.0,3117.0,4904.0,686,626,8.0,47,51301.0,44572.0,35835.0,41225.0,307.9,0,-90272.01384829676,-13875.329255459132
6276.0,13496.0,2521.0,5621.0,3822,3897,4837.0,4841,11331.0,11223.0,2236.0,2878.0,308.1,0,-153660.29800082571,19210.86952454532
4737.0,10193.0,1472.0,3197.0,3665,4753,4360.0,5327,10402.0,12566.0,2426.0,3000.0,308.1,0,-155181.0783352386,18714.82208459263
74530.0,114927.0,17582.0,27528.0,595,358,0.0,23,67615.0,57848.0,50477.0,45943.0,308.1,0,-62134.46490071107,-16439.047971184846
10796.0,25542.0,2164.0,3605.0,4418,4526,5474.0,5803,13453.0,14170.0,1833.0,2424.0,308.2,0,-151507.4231444056,18341.739187857784
624242.0,756488.0,974507.0,1268820.0,1887,1501,676.0,292,340456.0,280173.0,164567.0,120091.0,308.2,3,896009.1287852082,557680.0840702412
13765.0,19269.0,4318.0,7079.0,5395,5386,7275.0,7629,21110.0,21153.0,6138.0,4094.0,308.2,0,-142768.18006870392,14442.29037845218
8757.0,11112.0,1373.0,2710.0,9685,9945,9725.0,9780,20310.0,19994.0,3598.0,2476.0,308.2,0,-147983.2362406252,13348.352480132262
64477.0,105971.0,3393.0,6662.0,342,184,84.0,94,63411.0,57512.0,58057.0,47189.0,308.3,0,-72365.11478170496,-28418.8947166207
13170.0,22927.0,2591.0,4483.0,9526,9115,13673.0,13794,34051.0,31164.0,5963.0,5201.0,308.4,0,-136681.0865739592,6079.78071896256
3900.0,7472.0,401.0,1733.0,3511,4051,3914.0,4400,7860.0,8454.0,2219.0,1726.0,308.5,0,-157804.36045915072,19445.407417190378
483.0,3530.0,235.0,1084.0,788,2599,756.0,2681,1597.0,5147.0,586.0,1588.0,308.5,0,-163257.10951559327,22965.56054837419
46619.0,67718.0,8735.0,11669.0,0,89,310.0,150,58077.0,49023.0,33640.0,32157.0,308.5,0,-91718.77921690054,-12625.119175017571
17867.0,21582.0,2119.0,2349.0,5464,5645,7133.0,7219,19444.0,18709.0,1863.0,3688.0,308.5,0,-145713.18603177875,15447.092390008538
7147.0,23027.0,2712.0,5803.0,2610,2929,3453.0,3762,9517.0,10366.0,1629.0,2230.0,308.6,0,-154670.33323177142,20678.858230684225
373604.0,512792.0,154513.0,231726.0,3325,2612,485.0,526,297579.0,264080.0,138056.0,133530.0,308.7,0,297337.0885708638,-54451.94175367914
25802.0,38142.0,5851.0,9303.0,608,252,302.0,122,37012.0,36432.0,17207.0,27067.0,308.8,0,-120196.20831081636,1078.8899308541804
1455.0,6870.0,0.0,890.0,133,109,162.0,82,1840.0,4750.0,29924.0,40279.0,308.9,0,-142793.76610545913,7567.251039048337
404747.0,519249.0,36030.0,46861.0,1794,1322,8623.0,7717,225271.0,184850.0,188638.0,160285.0,308.9,0,225215.1693732432,-124018.32255409812
4908.0,13047.0,847.0,2974.0,180,113,168.0,172,3564.0,3999.0,541.0,546.0,308.9,0,-160591.29957553808,22866.296091012216
1272.0,4192.0,504.0,2095.0,161,109,206.0,151,2263.0,4852.0,20917.0,29206.0,308.9,0,-148371.41633127214,12251.60073731083
389325.0,545323.0,32708.0,45714.0,1939,1818,623.0,433,282318.0,249330.0,146898.0,132930.0,308.9,0,225912.656865427,-140548.62508276108
1324.0,7058.0,1448.0,4891.0,1795,2740,2364.0,3686,5957.0,9579.0,506.0,1232.0,309.0,0,-159948.98757253026,21697.344649680665
3583.0,13223.0,1112.0,3028.0,3980,6232,4751.0,7626,11034.0,18107.0,2093.0,3891.0,309.2,0,-155412.7951121961,18004.012871203355
1671.0,7816.0,1081.0,4708.0,1807,2727,2436.0,3658,6142.0,9018.0,544.0,1036.0,309.2,0,-159968.18065622685,21360.149267506076
11324.0,29069.0,2051.0,5017.0,3518,3843,5389.0,6015,15246.0,16684.0,3308.0,3556.0,309.3,0,-149542.8578552685,16682.660996283885
7911.0,19379.0,875.0,1987.0,2563,2926,3579.0,4119,9760.0,11231.0,2388.0,3333.0,309.4,0,-154837.41793352345,18802.942139282237
37797.0,61980.0,6335.0,10128.0,6666,6410,8209.0,8166,21905.0,20718.0,5576.0,3413.0,309.5,0,-133796.0307374856,17635.53116577089
6511.0,7180.0,2265.0,3514.0,3717,3663,5086.0,4828,13288.0,11869.0,2944.0,2756.0,309.5,0,-152348.28046709934,17767.405447317564
64786.0,95603.0,20617.0,32788.0,976,925,497.0,264,61304.0,55034.0,53350.0,47969.0,309.5,0,-65282.875806216936,-12717.936568063124
3763.0,15970.0,657.0,2811.0,1746,4836,2544.0,7022,4988.0,14443.0,2412.0,3162.0,309.5,0,-158960.34148620893,20893.981801390888
4259.0,12957.0,909.0,3102.0,3072,5838,4229.0,8455,9930.0,18338.0,472.0,620.0,309.5,0,-157239.8117511315,19483.12854907272
13361.0,23854.0,5496.0,10122.0,6235,6608,7101.0,7168,16450.0,16870.0,1552.0,2073.0,309.6,0,-147236.29016402495,19612.838563781344
4527.0,16023.0,1707.0,5000.0,2826,2994,3861.0,4183,9243.0,10322.0,690.0,886.0,309.6,0,-156917.90976637558,20366.72706185415
8356.0,10583.0,750.0,1956.0,171,134,197.0,134,3768.0,4469.0,6537.0,3682.0,309.7,0,-156128.53806461836,20510.50409193974
358388.0,397916.0,100699.0,153396.0,3364,2883,377.0,309,727504.0,565373.0,395656.0,318643.0,309.7,3,648930.2698108486,-438166.5748312944
89033.0,140917.0,16930.0,25308.0,13272,12603,1278.0,1027,90106.0,78841.0,71574.0,62879.0,309.7,0,-32745.514648412005,-37210.18503550237
12593.0,20889.0,4123.0,7606.0,420,230,0.0,0,21634.0,21294.0,12002.0,14924.0,309.7,-1,-138446.57732555032,10432.978467326317
7312.0,18443.0,1491.0,5279.0,1896,2025,4422.0,4958,11935.0,12434.0,2018.0,3908.0,309.7,0,-153534.88996950354,18101.249196487355
6155.0,14235.0,2954.0,8744.0,1160,2947,1328.0,3396,3636.0,8206.0,1626.0,1245.0,309.7,0,-158279.62803099933,24069.103895283504
4363.0,12518.0,2511.0,8753.0,2655,4267,2926.0,4674,6312.0,9749.0,293.0,804.0,309.7,0,-158316.40891902597,22677.357467301284
54898.0,63049.0,11258.0,15890.0,68,218,282.0,178,53899.0,48717.0,35189.0,30358.0,309.8,0,-89477.6999118991,-8113.711145192872
9443.0,11781.0,3989.0,6379.0,10048,9664,11541.0,12112,23662.0,24103.0,4165.0,3877.0,309.8,0,-143855.50542146334,13210.939436477734
2484.0,11708.0,1433.0,7941.0,2758,6713,3642.0,9030,9242.0,23546.0,1935.0,3653.0,309.9,0,-156687.88964908986,19205.14163056332
2294.0,12731.0,1689.0,8062.0,4095,7590,5389.0,10174,13120.0,26153.0,0.0,303.0,309.9,0,-155909.79080777275,18427.138883371637
65172.0,96405.0,11526.0,17476.0,420,399,90.0,101,83720.0,73532.0,75012.0,57939.0,309.9,0,-46443.3554633281,-40195.46741966895
51387.0,74088.0,3754.0,5493.0,634,340,259.0,116,47001.0,43009.0,26403.0,35249.0,309.9,0,-102061.39151221343,-8149.21348012333
435023.0,335284.0,14920100.0,15621200.0,509406,269617,143438.0,73460,227471.0,116647.0,29148.0,13779.0,310.0,2,8936964.218260668,11266320.78983931
2465.0,8733.0,734.0,2665.0,1751,2010,2547.0,2893,7512.0,8393.0,643.0,857.0,310.0,0,-159145.85242541175,20414.14412450223
5912.0,14984.0,3577.0,6619.0,4705,5922,5775.0,7429,16012.0,19102.0,3641.0,4797.0,310.1,0,-149581.21370421158,16749.031972420136
15444.0,30414.0,1776.0,3242.0,3201,2984,6759.0,6704,16036.0,15619.0,2551.0,6274.0,310.1,0,-147827.15546936245,16228.832486839365
447960.0,506994.0,239205.0,289909.0,5390,3637,907.0,708,165901.0,141402.0,107555.0,81101.0,310.3,0,275364.8161002125,103466.23513796656
110420.0,183832.0,9672.0,15547.0,139,237,319.0,157,100584.0,80116.0,27586.0,25921.0,310.3,0,-51046.35223456645,-27015.776275344848
9568.0,12735.0,2102.0,2637.0,1906,2169,2887.0,3186,5764.0,7561.0,609.0,1552.0,310.3,0,-156920.66668657423,22836.08640043728
76156.0,111205.0,14219.0,20308.0,0,299,77.0,144,42029.0,36152.0,28109.0,28768.0,310.4,0,-91010.28273688526,4656.961940205401
9461.0,13826.0,302.0,3060.0,140,105,239.0,211,3382.0,4206.0,7470.0,6095.0,310.5,0,-155408.2878775677,19811.67139793273
460.0,2736.0,609.0,2342.0,168,199,298.0,335,8899.0,16443.0,3362.0,6923.0,310.5,0,-156813.04177014565,17666.84613764991
1273.0,6008.0,163.0,966.0,149,113,283.0,286,6971.0,10096.0,3434.0,4240.0,310.5,0,-158309.78100403535,18772.26269032425
721610.0,606067.0,390246.0,442054.0,16963,12968,211960.0,156033,1788120.0,1209350.0,1487060.0,903775.0,310.5,3,2127131.023571752,-1203153.2027033633
56243.0,88907.0,7072.0,9720.0,421,343,241.0,91,73533.0,68887.0,79512.0,67557.0,310.5,0,-53850.02405180967,-41634.78530947871
1926.0,6374.0,1924.0,6908.0,1538,1812,2113.0,2465,5215.0,5883.0,661.0,902.0,310.6,0,-159871.79215102995,22494.88933915969
6562.0,18071.0,1718.0,4005.0,5091,5702,6400.0,6769,13589.0,14994.0,2029.0,2421.0,310.7,0,-152959.36646804138,17551.814894569365
5748.0,9847.0,1642.0,3475.0,2467,2483,3257.0,3446,9098.0,9157.0,1272.0,2080.0,310.8,0,-156174.5510084979,20124.134102894543
6478.0,14132.0,2454.0,5174.0,4429,5428,6608.0,7670,16994.0,20025.0,3090.0,4005.0,310.9,0,-149909.22321686446,15704.644801801584
32418.0,46342.0,2998.0,4765.0,348,190,0.0,52,39276.0,39002.0,20284.0,24627.0,310.9,0,-117510.6170179102,-2489.2260436552497
7904.0,13688.0,1369.0,2421.0,3768,3885,4426.0,4147,11812.0,11624.0,1859.0,1848.0,310.9,0,-153904.58147843633,18468.4868266146
35944.0,45071.0,9271.0,15056.0,693,367,21.0,73,47937.0,43635.0,34852.0,29168.0,310.9,0,-100387.603294726,-7568.25962113895
48549.0,72934.0,16904.0,27072.0,571,447,62.0,46,60363.0,54067.0,36347.0,36684.0,311.0,0,-82980.86174324772,-9025.434462939653
2477.0,13644.0,293.0,2083.0,330,870,453.0,1247,1412.0,3906.0,282.0,414.0,311.0,0,-163029.64425304745,23520.869893604093
64259.0,100802.0,11102.0,18753.0,218,189,58.0,86,74452.0,70060.0,63198.0,61159.0,311.0,0,-57005.1638445764,-32150.054550758185
8092.0,14994.0,3539.0,4637.0,3893,4218,5550.0,5713,14432.0,13864.0,2444.0,3043.0,311.0,0,-150634.71057994463,18368.366271146315
32972.0,56088.0,11169.0,19148.0,100,180,24.0,25,44861.0,42729.0,25102.0,35564.0,311.1,0,-105317.70642421412,-2359.1541208889103
1556.0,8757.0,0.0,21.0,139,75,139.0,25,4755.0,8179.0,598.0,2015.0,311.1,0,-161230.1816447425,21109.42933694495
1323.0,5831.0,300.0,1322.0,98,11,218.0,291,2700.0,8390.0,27902.0,63103.0,311.1,0,-139196.98980282943,4803.898671924908
509095.0,617055.0,43720.0,59418.0,1271,1286,544.0,232,963115.0,735270.0,362345.0,287432.0,311.1,3,773206.842501211,-580934.0206372963
50646.0,75901.0,16690.0,27680.0,343,158,19.0,72,60067.0,54227.0,44834.0,44064.0,311.2,0,-77421.90803177879,-12725.786367992368
12959.0,23106.0,3101.0,5853.0,3949,3881,5727.0,5604,14956.0,14165.0,2990.0,2691.0,311.3,0,-148850.72031284246,17987.075605390724
53151.0,87304.0,6957.0,9925.0,0,64,73.0,157,65843.0,58740.0,41069.0,34693.0,311.3,0,-82520.73854630878,-20469.045650723278
54840.0,89233.0,13541.0,22325.0,275,217,61.0,145,66698.0,59771.0,56277.0,50862.0,311.5,0,-67830.41498363743,-23109.00626047523
6499.0,14359.0,1268.0,4434.0,4602,4805,5543.0,5550,13028.0,13612.0,909.0,2142.0,311.5,0,-154123.74746968888,17914.126379674504
12193.0,22878.0,1924.0,4133.0,5012,4909,7621.0,8313,22270.0,23313.0,3764.0,5487.0,311.5,0,-144901.2720265399,12476.020509530608
139138.0,205383.0,19429.0,26716.0,200,344,0.0,57,53999.0,52674.0,59743.0,46507.0,311.6,0,-43484.59574849509,-6070.973950824362
46103.0,67388.0,22814.0,38025.0,252,363,0.0,119,52999.0,49145.0,38223.0,43906.0,311.7,0,-82242.99420511926,-2408.290600945529
44877.0,53727.0,4756.0,5739.0,122,143,0.0,7,39316.0,35137.0,37298.0,27687.0,311.7,0,-104088.68614067184,-6324.079133232382
1715.0,5752.0,3149.0,8326.0,6494,10790,7848.0,12529,14828.0,21812.0,1641.0,1791.0,311.7,0,-153261.0749168538,17837.40964075246
3289.0,10453.0,758.0,5366.0,2528,8070,2737.0,9034,5886.0,16055.0,54.0,761.0,311.7,0,-160051.1094564364,21577.45174133174
11569.0,30408.0,4967.0,10631.0,6739,7318,8364.0,8926,20871.0,22312.0,959.0,3445.0,311.8,0,-145711.18965135032,16717.205050006396
148863.0,214891.0,10731.0,18160.0,469,593,168.0,120,105970.0,93602.0,73107.0,63455.0,311.8,0,-7690.332128115231,-46591.20797500428
58363.0,96310.0,8989.0,15174.0,0,208,280.0,219,51214.0,45323.0,37044.0,36205.0,311.8,0,-89334.30784258716,-9576.032568315131
1457.0,6787.0,0.0,0.0,186,130,162.0,135,2578.0,5031.0,9506.0,14090.0,311.9,0,-156288.4729734938,17619.319520504374
794906.0,952327.0,37973.0,52114.0,2068,1305,169.0,148,928362.0,681912.0,377134.0,250758.0,311.9,3,842790.4418960569,-545094.3286556829
10333.0,21656.0,1395.0,4728.0,8239,9606,8272.0,9630,18674.0,21645.0,3416.0,2477.0,312.1,0,-148462.40046818674,14412.217437202198
40600.0,62081.0,4986.0,6785.0,644,310,99.0,70,53593.0,50636.0,35841.0,41550.0,312.2,0,-95717.0274531043,-15566.212231336503
11558.0,24091.0,2809.0,4604.0,4955,5431,5854.0,6170,13071.0,12908.0,2440.0,2477.0,312.2,0,-150801.2634375697,18887.05389121439
2831.0,5090.0,224.0,2430.0,23,0,84.0,85,11603.0,8432.0,991.0,1138.0,312.4,0,-156870.96194671973,17699.96780707009
635073.0,794688.0,70430.0,105980.0,1463,1041,244.0,105,805568.0,638438.0,313458.0,278998.0,312.4,3,718285.6075485258,-449429.8468706769
10035.0,14250.0,2386.0,4340.0,4311,4480,6077.0,5912,14821.0,14251.0,2782.0,2953.0,312.5,0,-150334.5701986394,17331.379752773548
102586.0,149344.0,9284.0,15814.0,0,295,0.0,37,89250.0,79102.0,85482.0,61769.0,312.6,0,-27228.062030567293,-46078.04720053814
253166.0,315129.0,211201.0,283850.0,7428,4559,6706.0,5865,87870.0,76646.0,63832.0,57199.0,312.6,0,128937.59209503936,127269.60418723762
621249.0,821516.0,35784.0,55539.0,776,671,374.0,208,535814.0,444965.0,226809.0,206377.0,312.6,3,491768.59215847286,-293420.3825758752
19599.0,28887.0,2858.0,4331.0,7654,7601,9727.0,10281,24880.0,24397.0,3531.0,5820.0,312.7,0,-140564.7344448865,12386.083991173366
3047.0,7558.0,1397.0,3799.0,2545,2764,3560.0,4249,9826.0,10986.0,1950.0,1377.0,312.8,0,-156590.3439709709,19219.56658197545
1171590.0,1144410.0,1376140.0,1429590.0,4469,2474,1390.0,659,468994.0,371069.0,120009.0,94838.0,312.8,3,1355213.249876856,853428.7623009606
22185.0,42658.0,3409.0,6069.0,82,36,111.0,158,32411.0,31278.0,16005.0,22277.0,312.8,0,-126723.37965825968,2482.5547221960296
33074.0,49009.0,8838.0,12247.0,734,399,0.0,0,43193.0,37170.0,33062.0,28829.0,312.8,-1,-105074.18506317509,-4940.718288577053
6241.0,12320.0,1390.0,3470.0,2760,2965,3877.0,3910,10853.0,11252.0,3168.0,2458.0,312.9,0,-154253.46580037053,18348.472041955876
12021.0,23166.0,1955.0,3437.0,4246,3970,5575.0,5871,14686.0,14769.0,2029.0,3347.0,312.9,0,-150307.67896986078,17419.29739756787
7390.0,18360.0,1515.0,3231.0,3552,3618,5189.0,5515,16824.0,17139.0,4185.0,3805.0,312.9,0,-149802.22669137007,14809.992317688855
2864.0,6877.0,96.0,1074.0,327,230,228.0,147,8092.0,7428.0,185.0,760.0,313.0,0,-159312.83017887443,19807.162067055862
2192.0,7516.0,72.0,911.0,165,112,359.0,235,2913.0,4603.0,19471.0,42936.0,313.0,0,-146281.2125433713,10203.903606361437
660464.0,783726.0,77145.0,108685.0,1196,998,753.0,232,588027.0,457770.0,247965.0,200935.0,313.0,3,566491.7143702704,-293270.53902014
84557.0,118883.0,9061.0,13914.0,433,314,267.0,86,82443.0,77633.0,72305.0,60867.0,313.0,0,-43132.63839145658,-39445.43146334361
396725.0,553308.0,60154.0,89636.0,2069,1528,484.0,294,506322.0,406977.0,200726.0,172219.0,313.1,0,399960.27555828914,-262451.229198158
30087.0,60364.0,3500.0,6014.0,2700,2488,6447.0,5891,13524.0,13115.0,4718.0,6386.0,313.1,0,-142485.48109143897,19241.578086163117
8694.0,13764.0,1488.0,5304.0,4462,4617,6381.0,6973,17505.0,17877.0,2516.0,3453.0,313.1,0,-149846.3147390419,15130.585662479883
11701.0,23417.0,3055.0,3490.0,1864,2020,3152.0,2813,7490.0,8269.0,1713.0,1866.0,313.2,0,-154155.41634253872,22384.99207823498
7916.0,12989.0,746.0,2254.0,4236,3942,5467.0,5417,14441.0,13947.0,1073.0,1590.0,313.3,0,-153216.95907563105,16887.77168213177
2739.0,10481.0,1258.0,5144.0,4589,6249,5156.0,7004,10671.0,14317.0,129.0,361.0,313.3,0,-157305.59950199164,19395.432113875817
35178.0,48582.0,10646.0,17745.0,539,288,150.0,119,37444.0,34477.0,23839.0,29192.0,313.4,0,-110695.51379306402,2692.666157990465
7025.0,12694.0,1459.0,3242.0,2901,3082,4163.0,4601,9680.0,10471.0,1973.0,2350.0,313.4,0,-155177.97916312894,19500.458370329277
2362.0,13124.0,504.0,3316.0,451,1595,525.0,1774,1266.0,4948.0,193.0,155.0,313.4,0,-163107.40361655987,23817.20144222296
3088.0,10472.0,278.0,1938.0,2337,4758,2793.0,6593,7293.0,15830.0,629.0,1015.0,313.4,0,-159313.09970551907,20216.757003340885
101092.0,149586.0,30218.0,48509.0,267,309,389.0,160,81127.0,73381.0,60871.0,62695.0,313.4,0,-31007.00987262986,-17880.28021881493
53554.0,74550.0,5503.0,8142.0,505,417,253.0,73,63976.0,57972.0,45863.0,41110.0,313.7,0,-80970.61890030329,-23032.34244498398
149287.0,215355.0,44314.0,63650.0,0,169,458.0,166,53643.0,48150.0,48236.0,38925.0,313.7,0,-32321.2896594826,18676.53263992897
3993.0,17117.0,1263.0,3220.0,3787,4575,4764.0,5723,11548.0,13300.0,1702.0,2480.0,313.8,0,-155330.82207204783,18200.608029191146
5353.0,14550.0,1096.0,4150.0,3671,4793,4609.0,5889,9878.0,12418.0,442.0,1078.0,313.9,0,-156739.07247747332,19683.73161941532
1107.0,6824.0,724.0,3137.0,47,0,153.0,72,1705.0,5066.0,10813.0,24326.0,314.0,0,-154096.9919964155,16744.17722973205
238012.0,327049.0,56230.0,84093.0,109,509,458.0,152,197426.0,170181.0,104940.0,95265.0,314.0,0,118513.91531986457,-69334.639531633
16348.0,32224.0,3747.0,6001.0,7412,7531,9343.0,9631,22358.0,22273.0,2008.0,3302.0,314.0,0,-143613.0024785691,15025.996920952985
220466.0,332936.0,79895.0,122412.0,13085,12843,14516.0,14894,31239.0,30235.0,6760.0,5888.0,314.0,0,-25549.27755006752,81506.57710724388
13516.0,24097.0,2729.0,5105.0,3937,3881,4823.0,4776,12942.0,12898.0,2655.0,1835.0,314.1,0,-150309.37066324445,19055.196795481803
6364.0,14100.0,1963.0,4596.0,4883,5635,5707.0,6275,12864.0,14144.0,1550.0,2027.0,314.1,0,-153569.8749479445,18324.58579242678
23175.0,15071.0,2351.0,4130.0,3555,3076,3908.0,3778,10195.0,9909.0,2123.0,1950.0,314.2,0,-149182.88568946108,21119.96692791421
7239.0,15627.0,1380.0,3384.0,3675,3953,4621.0,5036,10859.0,11435.0,2020.0,2301.0,314.2,0,-154486.50638662858,18820.105433773017
16903.0,30660.0,1749.0,3137.0,4518,4673,7293.0,6861,15743.0,15253.0,3355.0,2534.0,314.5,0,-147802.22847301807,16736.674029823986
6622.0,17900.0,293.0,2182.0,5739,6272,8052.0,9194,20758.0,22508.0,2561.0,3231.0,314.6,0,-149426.3580037418,12347.88843902329
152182.0,226981.0,20461.0,33000.0,140,151,0.0,79,102206.0,92095.0,72571.0,69148.0,314.8,0,-2228.2649725538795,-37551.65446004079
54822.0,81981.0,13608.0,22888.0,740,389,144.0,123,69064.0,64743.0,46165.0,47417.0,314.8,0,-71736.65257427355,-20482.65283132605
11694.0,22446.0,2868.0,5299.0,4113,4075,6204.0,6390,15774.0,16301.0,3826.0,3475.0,314.8,0,-148420.20454422123,16890.79410308646
39266.0,44659.0,3089.0,5594.0,829,368,259.0,152,32575.0,30426.0,34070.0,29185.0,314.9,0,-111829.4075154113,-3535.2503206005786
807659.0,752346.0,131898.0,140472.0,2530,1577,430.0,228,1016230.0,548199.0,474857.0,252878.0,314.9,3,996393.7604296396,-552556.4907554145
7394.0,16494.0,4351.0,8099.0,2039,2128,3269.0,3524,9952.0,9777.0,2207.0,3650.0,314.9,0,-152874.37107086525,21316.836481200917
14788.0,16110.0,2466.0,3894.0,5148,4830,5528.0,5713,15923.0,15800.0,1796.0,1656.0,315.0,0,-148828.00113520626,17670.56197992892
6953.0,19453.0,1004.0,2605.0,2645,2806,3879.0,4342,8308.0,9419.0,1705.0,1617.0,315.0,0,-156479.8866309167,20074.162835915475
31804.0,41365.0,9303.0,13100.0,560,603,228.0,190,41029.0,39096.0,28583.0,32996.0,315.0,0,-107749.3947723032,-2608.1596264920554
19210.0,42120.0,4741.0,8153.0,5546,5964,8661.0,9039,24026.0,25103.0,4402.0,7597.0,315.0,0,-139353.40306732408,13697.453242409456
6975.0,22243.0,1635.0,4210.0,3092,3908,4053.0,5227,11168.0,14062.0,775.0,1838.0,315.1,0,-154906.33541662683,19304.28734454948
2163.0,7366.0,0.0,110.0,306,265,283.0,197,4235.0,4947.0,1512.0,2701.0,315.2,0,-160783.19213339657,21034.454067554027
1014140.0,1240200.0,80178.0,106758.0,10475,8866,49643.0,43887,464881.0,379320.0,436580.0,297659.0,315.2,3,717283.5195547197,-274714.9206953373
52264.0,76882.0,8227.0,12367.0,367,202,146.0,70,64288.0,60545.0,32583.0,44867.0,315.2,0,-85076.97034089964,-17339.573628394784
7538.0,16279.0,2501.0,4605.0,1840,2115,2604.0,2814,7901.0,8744.0,1982.0,2237.0,315.2,0,-155404.64314162388,21290.969030770742
8166.0,17595.0,775.0,2600.0,4815,5029,5816.0,6448,13969.0,15695.0,3119.0,2819.0,315.2,0,-152223.8721817778,16332.370454952945
48808.0,68169.0,32978.0,54413.0,2364,2467,8215.0,8490,19634.0,19067.0,7149.0,8192.0,315.3,0,-114244.81104607871,38715.03617045216
108644.0,157114.0,11185.0,17548.0,502,274,7.0,114,62897.0,56289.0,50156.0,45555.0,315.3,0,-57796.91713512284,-16062.88864061339
32334.0,50642.0,6368.0,9690.0,125,136,0.0,30,39181.0,35831.0,27629.0,25260.0,315.3,0,-112106.0454410974,-2412.940879906142
27181.0,44629.0,6364.0,8885.0,9520,8896,12993.0,12408,32227.0,30390.0,5973.0,6835.0,315.4,0,-130682.08811571095,10740.320411760296
19543.0,32484.0,932.0,2690.0,92,127,257.0,117,30260.0,28015.0,19068.0,20100.0,315.4,0,-129186.60972533203,840.8480067081327
9941.0,17324.0,1028.0,2138.0,2942,3009,3892.0,4151,9226.0,10142.0,1217.0,1953.0,315.6,0,-155165.42056952263,19940.923643743896
69560.0,100427.0,42240.0,65985.0,659,520,0.0,96,63054.0,58205.0,45890.0,56387.0,315.7,0,-51998.24410787264,4437.114072747823
11174.0,21484.0,1929.0,3713.0,4595,4724,6468.0,6639,16166.0,16983.0,1904.0,4026.0,315.8,0,-149713.69917705335,16492.06170874468
9278.0,14393.0,2351.0,5555.0,2859,2548,3342.0,3720,9422.0,10354.0,1640.0,1300.0,315.8,0,-154406.51077908382,20742.331128829424
9328.0,15914.0,3491.0,6861.0,3557,3932,4906.0,5203,14241.0,16015.0,370.0,1789.0,315.9,0,-151545.9945908982,19389.38177211111
6140.0,10818.0,1555.0,3350.0,2960,3536,4296.0,4464,9917.0,10367.0,1876.0,2123.0,315.9,0,-155357.15417882867,19444.606143247976
2635.0,14119.0,803.0,2675.0,1607,2792,2026.0,3541,6256.0,11242.0,0.0,5.0,315.9,0,-160189.5879247348,21483.85938451454
28309.0,46261.0,3149.0,4660.0,369,206,77.0,33,36139.0,35842.0,15337.0,27399.0,315.9,0,-122278.05440452356,253.7388224042625
9513.0,24098.0,2952.0,3645.0,2823,2911,4829.0,4581,10681.0,10333.0,2172.0,2412.0,316.0,0,-152840.1943400046,20210.367697536734
8482.0,17628.0,2023.0,3964.0,7312,7531,7887.0,8324,17052.0,18950.0,1112.0,1873.0,316.0,0,-150752.06351015347,16465.08092853115
3011.0,13220.0,1235.0,4471.0,2121,2884,2904.0,3863,6949.0,9275.0,389.0,1414.0,316.0,0,-159005.14646037974,21145.51804882015
30861.0,47995.0,2135.0,3549.0,441,273,74.0,47,29720.0,30657.0,21774.0,28955.0,316.0,0,-122375.87368075507,754.9683982495444
1321.0,8395.0,0.0,1051.0,130,105,49.0,0,2497.0,4561.0,817.0,1334.0,316.0,-1,-162571.21861995186,22321.572644963584
575239.0,729766.0,150098.0,207305.0,1018,909,0.0,152,433420.0,352022.0,171329.0,130895.0,316.0,0,449415.3232306175,-126155.308929065
6977.0,13983.0,890.0,4039.0,4481,4711,5183.0,5587,13126.0,13551.0,2003.0,3576.0,316.0,0,-153390.68433532235,17045.419997941077
8591.0,11385.0,3165.0,4842.0,4835,4765,5920.0,5578,14170.0,13121.0,1837.0,2359.0,316.0,0,-151233.13516383985,18563.54787247787
73617.0,109924.0,5163.0,9105.0,765,339,7.0,16,47398.0,36887.0,35777.0,30507.0,316.1,0,-90372.76404818991,-8078.344597435611
23600.0,47783.0,2317.0,3262.0,11950,11933,15546.0,15525,37392.0,35643.0,6442.0,5452.0,316.2,0,-131371.5545625116,4680.308098882979
55424.0,101349.0,3208.0,5602.0,334,175,261.0,115,33983.0,31699.0,17335.0,23936.0,316.2,0,-114411.35177679436,3301.752292457193
9726.0,12715.0,4085.0,4392.0,5824,5407,7725.0,7432,18603.0,18215.0,3875.0,2586.0,316.2,0,-146887.09743878662,16270.258289663409
1716.0,5912.0,799.0,4966.0,607,1350,545.0,1718,1719.0,4365.0,1682.0,2586.0,316.2,0,-161785.63267899182,22916.554442616813
3130.0,12480.0,1749.0,5609.0,2884,3442,3564.0,4395,9156.0,11783.0,598.0,1628.0,316.2,0,-157304.81866241817,20267.738047084204
7798.0,19559.0,1627.0,4122.0,4646,5028,5282.0,5388,12871.0,13704.0,1333.0,1603.0,316.2,0,-153479.29303034957,18302.93524679588
