FSC-A,FSC-H,SSC-A,SSC-H,FL1-A,FL1-H,FL2-A,FL2-H,FL3-A,FL3-H,FL4-A,FL4-H,Time,Cluster,PC1,PC2
5723.0,15374.0,2466.0,4832.0,2435,2717,2737,3004,6457.0,7006.0,1159.0,1630.0,16.3,0,-150305.44678710375,-29802.514763156996
45094.0,58286.0,8641.0,13867.0,592,312,409,183,41061.0,40535.0,36004.0,40012.0,16.4,0,-96615.88828249066,6418.335744221444
2856.0,12502.0,1050.0,4698.0,2364,3047,3087,4345,8023.0,11713.0,1264.0,2071.0,16.5,0,-151656.652210901,-27621.314347450563
22782.0,47744.0,8201.0,12803.0,287,149,29,34,29381.0,28825.0,14489.0,19806.0,16.5,0,-121816.74214022743,-11511.66015946279
18700.0,39695.0,3266.0,5734.0,9848,9699,12715,13084,30255.0,28708.0,4349.0,5441.0,16.5,0,-132022.11418495607,-14133.566828136867
43810.0,62731.0,10591.0,17462.0,281,186,0,96,44358.0,39433.0,43327.0,35148.0,16.5,0,-92221.98933960238,9653.564957271166
7374.0,20591.0,1888.0,5525.0,2672,2920,3560,4172,9263.0,10540.0,2360.0,3103.0,16.5,0,-148132.57733787963,-27030.649991553077
3546.0,10774.0,1891.0,4023.0,1872,2148,2877,3403,6638.0,7797.0,240.0,1784.0,16.5,0,-151833.23329954708,-29545.680114104154
24645.0,36843.0,6823.0,12627.0,53,48,27,67,20761.0,20807.0,11151.0,15978.0,16.5,0,-127607.55524219846,-18232.608559344244
9535.0,12169.0,2051.0,4427.0,5235,5589,6709,6867,16736.0,16641.0,976.0,2095.0,16.5,0,-144394.4872370479,-23285.59689865609
130103.0,191942.0,10908.0,16157.0,82,257,270,126,112837.0,94798.0,46174.0,35376.0,16.5,0,-24713.502973897936,48376.46691624732
6625.0,16454.0,2882.0,5444.0,613,1261,727,1987,2057.0,5299.0,1727.0,1416.0,16.6,0,-151456.42261455994,-32703.576466984137
92043.0,137303.0,26017.0,39467.0,450,331,361,165,70262.0,66819.0,40212.0,48341.0,16.6,0,-49620.72100320156,14023.656737439294
43930.0,69648.0,2832.0,5372.0,620,355,386,219,43764.0,44180.0,20318.0,31420.0,16.6,0,-106759.9899421388,3889.2188697095153
9740.0,22746.0,2707.0,4600.0,3147,3602,4393,4692,13615.0,14403.0,898.0,3262.0,16.6,0,-145153.45922314416,-25533.289279412063
5892.0,16092.0,1992.0,4617.0,1981,2410,2560,2919,7088.0,8102.0,1945.0,2012.0,16.7,0,-149942.00660033332,-28725.857933947
18631.0,35811.0,3486.0,6419.0,2640,2793,3621,3694,11309.0,10731.0,3216.0,3679.0,16.7,0,-141108.03176753753,-27020.04360771925
3445510.0,2128670.0,13906800.0,8151280.0,23095,5812,6639,1927,1252470.0,808338.0,785763.0,451304.0,16.8,4,11768444.844123242,-7793699.354240233
4466.0,15801.0,1513.0,4121.0,1966,3111,3191,4588,10539.0,14531.0,1467.0,3013.0,16.8,0,-149350.1559811077,-26188.869650925637
2889.0,7980.0,576.0,1661.0,420,1331,706,2103,1837.0,5457.0,904.0,1648.0,16.8,0,-154952.89499263617,-31460.09556307548
805.0,5301.0,877.0,4613.0,502,1088,578,1428,1424.0,4211.0,653.0,1820.0,16.8,0,-155855.53293765115,-31852.86227699228
2297.0,14191.0,884.0,3210.0,1088,1817,1486,2609,3570.0,6670.0,287.0,388.0,16.8,0,-154585.78879194398,-30979.078671806838
67624.0,101245.0,5858.0,8508.0,82,152,0,22,47158.0,46694.0,28071.0,38639.0,16.8,0,-89665.45229379908,7006.841764486486
3763.0,10696.0,2308.0,4630.0,2090,2707,2875,3441,8616.0,10096.0,0.0,620.0,16.8,0,-150799.83632781828,-28858.643062002782
19178.0,28551.0,3381.0,5729.0,7020,7183,9746,10500,23544.0,23251.0,1910.0,3918.0,16.9,0,-135875.01337613034,-19752.541747240317
45737.0,68958.0,6193.0,11022.0,346,218,329,104,70009.0,70683.0,44116.0,57081.0,16.9,0,-79843.0433450859,32359.88208207005
22389.0,42745.0,2799.0,4903.0,4252,4596,7239,7419,23043.0,23564.0,3379.0,5069.0,17.0,0,-134509.62678519404,-19115.07668336424
36726.0,64328.0,7645.0,10713.0,0,28,13,3,35166.0,32931.0,25811.0,24499.0,17.0,0,-109111.73126757715,-2906.9111491060503
64407.0,100627.0,14280.0,23397.0,0,205,261,169,76470.0,69425.0,56564.0,51367.0,17.0,0,-59828.86132693471,34460.79135442898
8066.0,22182.0,2447.0,6179.0,2573,3097,3329,3792,9493.0,11060.0,1141.0,1418.0,17.0,0,-148022.75504165763,-28063.536668139488
63489.0,105213.0,5678.0,9276.0,243,144,617,231,59508.0,53596.0,42622.0,39796.0,17.1,0,-80398.16222869209,21489.87079668388
9041.0,19093.0,1608.0,3499.0,3807,4223,4918,5289,13467.0,13365.0,2751.0,3613.0,17.1,0,-145535.03657456525,-24056.91324957892
8702.0,21469.0,12747.0,27504.0,2859,3285,4063,4490,10899.0,12254.0,1830.0,2603.0,17.2,0,-139609.9941405001,-33201.75106423632
52529.0,87542.0,3656.0,5933.0,122,96,275,123,66819.0,62919.0,44899.0,50394.0,17.2,0,-80808.20026730819,30749.76036068885
33551.0,56359.0,1816.0,5144.0,363,243,119,93,28048.0,27412.0,8846.0,20644.0,17.2,0,-124393.25349335247,-11278.814007919253
59197.0,85267.0,9828.0,15407.0,466,270,323,208,83558.0,78922.0,41176.0,53856.0,17.2,0,-67204.77085875806,36018.419548860256
37227.0,54249.0,7000.0,11976.0,40,83,326,140,34279.0,31113.0,21002.0,22473.0,17.2,0,-111782.11128084094,-5437.657220996873
3151.0,10101.0,370.0,1929.0,2697,3294,3889,4870,8049.0,9211.0,393.0,2591.0,17.3,0,-152247.69445551373,-27477.517314011937
9581.0,21161.0,2796.0,4618.0,2084,1926,3279,3376,9159.0,9489.0,2893.0,3091.0,17.3,0,-146455.1027312767,-27588.347625737668
13962.0,36374.0,2198.0,4676.0,2749,2941,6977,7477,19635.0,21831.0,2987.0,5676.0,17.3,0,-139983.73705632956,-20411.32287872828
5365.0,21248.0,638.0,2206.0,2908,3956,4271,5680,10280.0,13733.0,770.0,2410.0,17.4,0,-150032.955131461,-26249.171480725865
18149.0,32272.0,12275.0,19958.0,1988,2069,2398,2320,8727.0,7996.0,1363.0,1460.0,17.4,0,-137367.21494367375,-35275.26625166074
35161.0,56193.0,4612.0,7615.0,0,192,0,0,28027.0,25629.0,17139.0,15946.0,17.4,-1,-119354.48657858654,-10418.795596625465
32639.0,44413.0,6308.0,10150.0,426,295,134,78,23862.0,24682.0,19717.0,19412.0,17.5,0,-119695.3982247577,-12322.71492053222
74015.0,87492.0,13251.0,10170.0,592,328,264,133,49926.0,48596.0,39178.0,37266.0,17.5,0,-76767.94432460767,8140.481431438526
8587.0,14741.0,1556.0,3321.0,2438,2050,3168,3173,8910.0,8585.0,2728.0,2007.0,17.5,0,-148027.9292130201,-27146.447462363336
8078.0,16691.0,1242.0,4191.0,3123,3067,4681,4918,9875.0,9301.0,177.0,2111.0,17.5,0,-148943.03397150082,-27356.780932008813
3982.0,8023.0,2962.0,5491.0,2821,2966,3332,3520,10017.0,10554.0,833.0,1708.0,17.6,0,-149179.8191386385,-27873.050019170518
4692.0,17695.0,933.0,2197.0,1730,1927,2711,3156,7700.0,9489.0,1708.0,2404.0,17.7,0,-150927.1515760152,-27632.00804263256
29083.0,47008.0,3680.0,6300.0,3110,2846,8086,8649,21414.0,21174.0,5693.0,6469.0,17.8,0,-130864.93127311557,-19934.56525349312
11469.0,19000.0,2799.0,6062.0,2213,2081,3168,3224,8723.0,8920.0,4393.0,4085.0,17.8,0,-145197.10337014118,-27200.04500876717
313575.0,338944.0,280949.0,359200.0,807,572,297,219,29384.0,26725.0,19587.0,17157.0,17.8,0,187170.03122670567,-199932.7693976862
41925.0,76710.0,13828.0,22802.0,421,268,256,82,49142.0,48974.0,21491.0,43124.0,17.9,0,-95651.95074575942,2886.6887169787115
51320.0,77012.0,6756.0,9462.0,1,162,150,51,36447.0,33269.0,30321.0,25203.0,17.9,0,-101418.1089677514,-481.52041302898215
19354.0,31169.0,3501.0,6710.0,3838,4041,5168,5591,17283.0,17742.0,4544.0,4704.0,17.9,0,-137484.1608897978,-22574.82091087021
4661.0,9097.0,1069.0,3732.0,1628,2267,2107,2675,4905.0,7101.0,1266.0,1892.0,17.9,0,-152334.766609442,-29751.58210436984
39539.0,61611.0,3886.0,7033.0,0,68,0,33,38520.0,36724.0,18893.0,26287.0,17.9,0,-111370.7435902729,-1224.9334577886111
77561.0,127864.0,313749.0,524059.0,10908,11003,13849,13913,28175.0,23584.0,6730.0,7141.0,17.9,0,106653.0183063637,-212930.8821102238
1748.0,5043.0,769.0,1581.0,2103,2450,2790,3568,7256.0,8351.0,962.0,1378.0,17.9,0,-152850.19993282983,-28096.268590491178
52619.0,87594.0,16746.0,28479.0,297,247,415,156,48864.0,44009.0,27425.0,36221.0,18.0,0,-88065.14659027882,1566.4999006833789
32566.0,61039.0,10338.0,17221.0,131,221,139,105,42739.0,41933.0,17714.0,35072.0,18.0,0,-107193.38871403463,-1239.568932211674
3561.0,12194.0,1445.0,3273.0,1993,2485,2657,3401,7816.0,10855.0,681.0,708.0,18.1,0,-151577.2292470372,-28510.08467901888
13689.0,25881.0,1963.0,3866.0,8339,8166,9374,9328,22810.0,22497.0,3755.0,3489.0,18.2,0,-138803.81096269522,-18266.350592716637
38723.0,62728.0,13771.0,21878.0,0,164,0,111,30903.0,30460.0,17461.0,29218.0,18.2,0,-108470.6364952063,-12324.55801593899
7058.0,22352.0,2909.0,4212.0,3704,4191,5265,5496,16336.0,16797.0,4417.0,4520.0,18.3,0,-143425.6393006968,-22085.30989642642
6695.0,12861.0,1900.0,3580.0,1054,988,2421,2352,6178.0,6420.0,1976.0,2643.0,18.3,0,-149998.0286003506,-29180.92038044301
749360.0,562386.0,871445.0,958167.0,826,541,196,189,295822.0,232624.0,165661.0,127601.0,18.4,3,961390.1457433592,-351503.6346083828
183095.0,234351.0,24464.0,33891.0,610,348,450,246,148419.0,101181.0,83801.0,52052.0,18.5,0,38384.71878126674,77384.22498502255
7506.0,13866.0,1931.0,4413.0,1897,1978,2572,2970,8230.0,8848.0,1400.0,2487.0,18.5,0,-148949.62159939125,-28222.73842862755
177843.0,254940.0,20076.0,31798.0,616,401,282,79,214066.0,188172.0,77227.0,87594.0,18.5,0,64863.03850899264,124932.8297505562
5233.0,8770.0,1390.0,4928.0,3820,4374,4480,4755,12828.0,14197.0,1272.0,2075.0,18.6,0,-148273.77087483488,-24945.078674123502
582577.0,760158.0,558945.0,751279.0,1302,1009,474,230,148862.0,129019.0,92543.0,79877.0,18.7,0,578020.7765846412,-275726.9797934834
166707.0,267161.0,13239.0,18220.0,677,448,152,159,171800.0,145366.0,84988.0,75640.0,18.7,0,37880.64884439894,104562.815585785
43542.0,64721.0,10481.0,16830.0,0,59,343,126,47891.0,44814.0,32270.0,30928.0,18.7,0,-95428.91957091296,6658.133224341556
779945.0,989292.0,145446.0,199311.0,4520,4286,87432,79554,497653.0,415374.0,454757.0,336805.0,18.7,3,696791.150038258,385011.1062957793
14063.0,24625.0,2432.0,4418.0,5487,5515,6326,6760,17435.0,19189.0,136.0,1693.0,18.8,0,-142322.66679233295,-23795.206530976666
10404.0,32432.0,1374.0,4687.0,4720,5513,7117,7887,16709.0,18233.0,825.0,2355.0,18.8,0,-144541.82289961586,-22954.32362251934
238932.0,363859.0,15184.0,22068.0,690,564,188,154,99455.0,90088.0,94686.0,87474.0,18.9,0,41261.11664558496,58874.40269073563
24429.0,45418.0,1390.0,2292.0,257,142,223,167,25584.0,27726.0,11018.0,21541.0,18.9,0,-128619.08050990169,-10920.81092732896
32697.0,59827.0,1029.0,3367.0,23,45,149,81,27792.0,25650.0,15268.0,20508.0,18.9,0,-123049.75638332254,-8217.851200482484
43000.0,72107.0,8610.0,15184.0,80,124,179,125,43637.0,39233.0,34073.0,29944.0,18.9,0,-98319.68482997784,5776.478876218647
1088230.0,1030790.0,5527560.0,7077760.0,1565,751,0,88,247908.0,206959.0,173785.0,125727.0,18.9,2,4296708.597303365,-3323964.5578807727
6794.0,15642.0,3417.0,5425.0,2871,2636,4169,4027,10684.0,10451.0,1090.0,1540.0,18.9,0,-147338.56390484495,-27836.90025372853
34974.0,51381.0,3146.0,3437.0,825,304,0,88,27215.0,25587.0,27846.0,22037.0,19.0,0,-116078.77964618336,-4537.656236986637
23955.0,36590.0,4078.0,5677.0,5033,5560,7918,8336,23884.0,22686.0,4778.0,5254.0,19.1,0,-132063.6615532938,-18870.43020532696
28866.0,54295.0,1158.0,3289.0,5876,5848,9368,9870,24069.0,25019.0,8416.0,5465.0,19.1,0,-130612.61476769146,-15676.233500470807
26222.0,41421.0,11663.0,18551.0,80,100,127,99,28122.0,28515.0,17443.0,24462.0,19.1,0,-116906.70569035294,-12717.65616429687
23669.0,27142.0,3060.0,5707.0,8886,8997,11873,12146,27037.0,25543.0,5203.0,6440.0,19.1,0,-131142.0370469083,-15844.341620223431
12682.0,13576.0,1567.0,2738.0,1742,1386,2200,2408,6317.0,5635.0,840.0,1457.0,19.1,0,-148281.36261429504,-29941.16184323124
3591.0,11004.0,288.0,1092.0,115,36,0,0,2481.0,6612.0,30767.0,54356.0,19.1,-1,-136896.63399290026,-9927.995027477558
77293.0,121725.0,10220.0,16493.0,0,142,0,0,81345.0,75988.0,36325.0,56450.0,19.1,-1,-62003.598120480005,31594.99698364973
1917.0,6415.0,0.0,2864.0,330,245,23,0,9229.0,10649.0,1438.0,1387.0,19.2,-1,-152254.74629061908,-26179.539391611102
2727.0,6647.0,0.0,1588.0,195,236,99,33,3793.0,4256.0,2184.0,2617.0,19.2,0,-153941.6581691635,-29159.84887124572
487.0,2421.0,90.0,1455.0,281,327,172,112,8748.0,17778.0,62081.0,126052.0,19.2,0,-114861.80309046242,19004.986231858125
488427.0,537065.0,88599.0,131044.0,2195,1813,178,279,1176340.0,943656.0,458660.0,425468.0,19.2,3,856645.2080662242,884426.8802525769
4826.0,13336.0,564.0,4062.0,1487,2341,2089,2948,5058.0,7217.0,453.0,1112.0,19.3,0,-152945.8879612544,-29814.751853406204
2347.0,12242.0,1232.0,4356.0,3232,6708,3441,7079,6600.0,13100.0,411.0,1664.0,19.4,0,-152744.75752810025,-29025.37137201004
3147.0,10862.0,920.0,2883.0,2162,6132,2745,6716,4982.0,12224.0,682.0,1069.0,19.4,0,-153340.469339167,-29887.0262055821
45420.0,65680.0,18495.0,28446.0,430,240,295,185,39304.0,34485.0,32602.0,26124.0,19.4,0,-93480.341157228,-4556.877574785769
27432.0,41712.0,1565.0,3807.0,414,291,295,118,33594.0,31311.0,13615.0,23271.0,19.6,0,-122479.9412165749,-4793.894392792969
25313.0,38759.0,7777.0,12327.0,215,166,0,2,33028.0,32086.0,26130.0,21038.0,19.6,0,-114977.36664804994,-4021.71082455189
3435.0,9609.0,942.0,3740.0,1203,1629,1780,2451,5067.0,6424.0,373.0,630.0,19.6,0,-153341.8851232278,-30067.40105652044
9938.0,13861.0,3046.0,6411.0,4647,4974,5688,5559,17074.0,17775.0,836.0,2421.0,19.6,0,-143403.03525866076,-23731.121674255253
69996.0,105741.0,22974.0,36999.0,71,80,0,0,69821.0,65422.0,38505.0,53349.0,19.7,-1,-60964.8083956553,17190.281197175504
4748.0,9422.0,4536.0,6505.0,1727,1843,2717,2807,8437.0,8285.0,878.0,2168.0,19.7,0,-148419.96160155014,-29817.859658647147
7560.0,15453.0,2258.0,3400.0,3753,3815,5238,4832,14207.0,13220.0,3811.0,3378.0,19.7,0,-144997.27608259436,-23492.999178618757
4924.0,7155.0,1733.0,3634.0,2862,2787,3395,3476,8635.0,8583.0,2104.0,1738.0,19.8,0,-149792.7760909853,-27498.228260634336
15200.0,24196.0,8694.0,14189.0,3748,4095,5250,5614,16638.0,17279.0,1666.0,4253.0,19.8,0,-137009.14029024626,-27252.73426786781
7527.0,11328.0,1481.0,3467.0,1619,1796,2563,2631,9141.0,9045.0,2830.0,2568.0,19.9,0,-148303.7456581933,-26752.32618803189
1096.0,4906.0,832.0,2522.0,607,994,515,945,2009.0,4489.0,4766.0,7540.0,19.9,0,-153262.93487879285,-28830.062366389597
8705.0,15898.0,2276.0,3694.0,6869,7870,8838,9571,28534.0,30502.0,893.0,4289.0,19.9,0,-139007.32141238256,-15592.339271094232
5405.0,9529.0,772.0,2711.0,1894,2441,2487,2617,7687.0,7918.0,580.0,806.0,19.9,0,-151370.3153659824,-28315.926642196067
66756.0,98456.0,14594.0,23503.0,439,252,207,178,64646.0,58477.0,50883.0,48193.0,19.9,0,-66477.22498365604,23741.280598131303
6842.0,13752.0,942.0,2687.0,7792,8183,9986,10465,23312.0,23892.0,2193.0,3315.0,20.1,0,-142685.44180593116,-17544.388624765117
21661.0,31772.0,6224.0,9885.0,5858,5981,7915,8000,24330.0,22869.0,2902.0,6023.0,20.1,0,-131913.38627132395,-20451.14939512649
10921.0,26110.0,0.0,1596.0,3075,3170,4681,5054,13547.0,13483.0,2256.0,3134.0,20.2,0,-146084.65761262487,-23403.471337941468
5012.0,13438.0,1332.0,3761.0,6430,7382,7505,8501,16159.0,17708.0,0.0,0.0,20.2,0,-147624.59489760484,-23649.954900008197
34460.0,61948.0,7652.0,10351.0,297,239,241,114,30168.0,26815.0,21380.0,20964.0,20.2,0,-114369.0051498281,-8350.469395960856
39468.0,53801.0,4888.0,8511.0,320,146,449,216,34651.0,30730.0,25800.0,22494.0,20.3,0,-110381.0366122399,-2005.4281430529156
3947.0,10089.0,1582.0,2874.0,1851,2061,2527,2679,6986.0,7706.0,716.0,1398.0,20.3,0,-151599.1100460066,-29020.739516714355
1783.0,7019.0,633.0,2794.0,740,1347,1096,2742,3223.0,7516.0,1743.0,2557.0,20.3,0,-154315.93250106723,-30049.082961551117
23187.0,39758.0,13026.0,23162.0,255,155,365,172,29290.0,27164.0,19389.0,21808.0,20.3,0,-116298.2633144314,-12246.622049602189
16930.0,35521.0,9077.0,17279.0,17,83,16,0,26478.0,26026.0,9489.0,17849.0,20.4,-1,-127016.19943433284,-15923.330979042574
15312.0,28010.0,1872.0,3827.0,5525,5426,8282,8255,21631.0,20574.0,4804.0,5082.0,20.4,0,-138152.80089829292,-18364.526940138312
44655.0,68229.0,2842.0,4006.0,287,156,92,122,28540.0,25834.0,20564.0,20903.0,20.5,0,-114558.6099369486,-7375.026639733056
5290.0,11217.0,769.0,3609.0,3080,3420,4024,4446,9193.0,10538.0,630.0,1236.0,20.5,0,-150663.17101661625,-27261.721569081896
1243.0,7081.0,3036.0,12401.0,227,183,128,47,2522.0,4664.0,795.0,1490.0,20.5,0,-153680.69369632527,-32536.78414776273
1030170.0,880900.0,5328830.0,5603990.0,13507,8430,7893,6269,434997.0,344395.0,257608.0,176145.0,20.5,2,4257379.5920487,-3033857.849854209
12633.0,19520.0,2739.0,4301.0,2549,2846,4425,4711,11869.0,12245.0,2724.0,4155.0,20.6,0,-143948.34356197302,-25935.248820268207
88596.0,118392.0,12819.0,18234.0,491,397,238,110,97840.0,90075.0,95504.0,72882.0,20.6,0,-24207.723590735608,67109.6343610909
1288.0,4428.0,544.0,2463.0,1281,1342,1725,1968,4661.0,5311.0,0.0,1043.0,20.6,0,-154764.36735428066,-30025.131064891622
12335.0,21707.0,3434.0,7710.0,2005,2084,5243,5726,13373.0,13043.0,2047.0,3378.0,20.7,0,-143260.61280739604,-25807.636715331777
6102.0,11455.0,3371.0,5579.0,3573,3554,4859,5265,12378.0,12336.0,1502.0,3501.0,20.7,0,-146487.76559735797,-26203.33319643772
27615.0,42533.0,3664.0,5253.0,6853,6274,8882,8732,28120.0,25714.0,5694.0,4890.0,20.7,0,-128643.69961473516,-15843.346513929431
241645.0,364658.0,41840.0,67104.0,331,222,100,119,120551.0,108688.0,69650.0,71788.0,20.8,0,59068.17241108464,42278.70881262566
2882.0,10816.0,1028.0,3387.0,2051,2737,2707,3721,7131.0,10306.0,0.0,378.0,20.8,0,-152744.89584239427,-28975.90519285064
44910.0,72324.0,7206.0,11104.0,100,183,90,69,44764.0,40262.0,34169.0,33095.0,20.9,0,-97565.50283139492,7792.155314605949
1014.0,5436.0,501.0,1672.0,1117,1791,1359,2219,3567.0,5762.0,328.0,660.0,20.9,0,-155327.63872033366,-30596.609097296787
4990.0,16281.0,2083.0,5452.0,1751,2154,2474,3065,7632.0,9633.0,1711.0,1878.0,20.9,0,-150107.21710477013,-28500.1137016329
55313.0,109922.0,6243.0,9779.0,384,248,86,100,21221.0,19222.0,23003.0,18202.0,20.9,0,-110585.82624075624,-14240.71747285442
3468.0,10045.0,1395.0,3368.0,3349,3821,4640,5155,11236.0,11592.0,261.0,1297.0,21.0,0,-150183.08540380938,-26388.399122798608
49376.0,67691.0,5438.0,9581.0,227,248,177,115,48656.0,44525.0,41878.0,37676.0,21.0,0,-91778.74270691472,15042.768069353278
6226.0,14013.0,1457.0,4059.0,3585,3920,4240,4574,10495.0,11007.0,1409.0,2500.0,21.0,0,-148769.1818876801,-26401.459460206657
5882.0,12735.0,2377.0,5539.0,2930,3281,4066,4187,11821.0,11821.0,1444.0,2523.0,21.0,0,-147662.81012618062,-26099.78455469868
155228.0,211046.0,96483.0,138747.0,813,549,352,142,143663.0,131954.0,74746.0,67219.0,21.0,0,73137.84531157793,29606.57475616763
11591.0,21491.0,3240.0,5340.0,4571,4679,6684,6822,18372.0,19113.0,2253.0,4241.0,21.1,0,-141252.98697042232,-22250.54620015255
5265.0,14717.0,1038.0,2539.0,3796,4600,4164,4709,10218.0,11280.0,983.0,1149.0,21.1,0,-149904.49153116142,-26647.01770946008
7736.0,9569.0,2283.0,4085.0,2636,2506,4134,3884,10536.0,9848.0,2464.0,2413.0,21.1,0,-147185.8232156973,-26562.9782058029
48870.0,80448.0,6253.0,10147.0,653,435,143,134,43952.0,42112.0,23948.0,31066.0,21.2,0,-100995.08464564595,3004.9839636053257
120120.0,183847.0,5683.0,9805.0,174,276,0,55,46371.0,43578.0,26092.0,35300.0,21.3,0,-69795.04350760434,1841.222468527445
87948.0,144514.0,33883.0,52538.0,704,357,424,156,82999.0,74815.0,53168.0,59895.0,21.3,0,-33881.693289096685,24695.178188544687
1394.0,4698.0,34.0,706.0,118,22,13,0,4398.0,4753.0,559.0,999.0,21.4,-1,-154996.5907679767,-29652.919744926585
233342.0,278074.0,33076.0,42584.0,614,353,0,110,376671.0,265097.0,164062.0,113684.0,21.4,0,205216.1256874412,256598.68192634173
6406.0,11560.0,2463.0,6116.0,2136,2507,3024,2928,7253.0,7259.0,554.0,1578.0,21.4,0,-149899.11984454174,-29602.99033987869
2739.0,6479.0,516.0,2488.0,477,1086,402,1281,1830.0,4063.0,2637.0,2997.0,21.4,0,-154249.16053466557,-30474.206403869717
1529.0,9503.0,173.0,945.0,1245,2104,1722,3037,4645.0,8295.0,36.0,262.0,21.4,0,-155014.56736993964,-29928.195693118545
48348.0,83364.0,10053.0,16061.0,409,147,400,126,43399.0,39623.0,16680.0,26650.0,21.4,0,-102074.40982038873,-3454.0656058726163
92623.0,132087.0,32609.0,52795.0,239,207,216,105,99602.0,91147.0,78901.0,75592.0,21.5,0,-13883.312867609406,49005.65971967192
14536.0,27335.0,5942.0,10559.0,6865,7018,8371,8351,21278.0,21098.0,2706.0,3106.0,21.5,0,-136839.90986064542,-22290.94291359761
1788.0,6485.0,1671.0,4485.0,998,1317,1239,1674,4133.0,5852.0,79.0,659.0,21.5,0,-154039.97594470793,-31128.4264601248
8519.0,9631.0,2713.0,4069.0,1318,1528,2098,1945,5926.0,5770.0,643.0,1156.0,21.6,0,-149482.87598994962,-30768.186189958637
1402.0,9036.0,611.0,4156.0,1294,3668,1621,4365,4413.0,12279.0,959.0,1632.0,21.6,0,-154354.981367507,-29734.74163565346
2585920.0,2365850.0,334456.0,403030.0,3068,3418,4387,4566,140476.0,129097.0,147193.0,117940.0,21.6,3,1264606.7910998769,-241231.30407764693
9037.0,11162.0,1023.0,2663.0,2262,2267,2901,2916,7952.0,7649.0,250.0,2851.0,21.6,0,-149452.1964636309,-28351.59077772667
9447.0,22968.0,2016.0,3993.0,2845,2806,4501,5192,12525.0,13638.0,3098.0,4100.0,21.7,0,-145324.7810897862,-24711.47159159609
6391.0,17179.0,1144.0,2597.0,2319,2696,3367,3831,7799.0,9366.0,0.0,744.0,21.7,0,-150878.9668121658,-28794.329255515902
441511.0,620646.0,38502.0,52005.0,915,387,77,136,293332.0,246203.0,152293.0,146279.0,21.7,0,256417.2522801983,187263.07370552525
676955.0,586554.0,908224.0,1071820.0,1982,1059,298,323,421137.0,274870.0,235853.0,139324.0,21.7,3,1041020.0119034284,-259321.81653966176
8706.0,18479.0,1912.0,4871.0,2987,3324,3983,4756,9919.0,12166.0,3153.0,3818.0,21.7,0,-146890.553617622,-26269.273726770298
1888.0,6003.0,1381.0,3099.0,83,137,165,85,3032.0,4256.0,10886.0,14668.0,21.7,0,-148940.70176088891,-24867.851213364527
990.0,3019.0,5676.0,14242.0,104,149,207,127,23904.0,30283.0,24444.0,21353.0,21.7,0,-131084.6482832526,-7547.186305529998
2007.0,9012.0,5070.0,14673.0,133,12,188,74,21570.0,32184.0,24296.0,36493.0,21.7,0,-130280.49655859303,-6340.941701472908
3890520.0,2168420.0,6016130.0,3259740.0,15237,5360,3703,1415,5230540.0,2074480.0,3584960.0,1385970.0,21.7,2,9446109.338798586,971186.0349496912
8412.0,13825.0,2748.0,6528.0,3147,3309,4328,4547,10961.0,11059.0,1027.0,1133.0,21.8,0,-147086.93436630938,-27438.49945294182
4172.0,9218.0,581.0,1794.0,1100,2438,1614,3205,3570.0,7907.0,1708.0,2189.0,21.8,0,-153275.02308492005,-30025.10815673357
37883.0,61221.0,26718.0,43873.0,73,249,222,115,31706.0,30315.0,15736.0,24782.0,21.9,0,-100708.44389506188,-21326.041742314887
2961.0,13309.0,1160.0,4380.0,2563,3323,3500,4454,9563.0,12768.0,1167.0,2215.0,21.9,0,-150860.06601459373,-26740.268108106902
22318.0,28913.0,2212.0,5318.0,4198,4023,6257,6167,17851.0,17409.0,7651.0,6440.0,21.9,0,-135536.27744149638,-20014.43662145358
2358.0,10075.0,525.0,1507.0,816,1121,1229,1542,3123.0,4095.0,310.0,580.0,22.0,0,-154978.4257420797,-31000.195530482382
6111.0,15466.0,708.0,2326.0,3011,3237,3968,4268,10393.0,11130.0,922.0,1410.0,22.0,0,-149698.57700193045,-26367.669136718065
13009.0,24873.0,4365.0,6559.0,5746,6174,8516,8344,21038.0,20241.0,4653.0,5616.0,22.1,0,-137629.1260888661,-20132.276314275667
51316.0,66172.0,6205.0,6041.0,418,163,490,190,42707.0,40179.0,28070.0,30183.0,22.1,0,-99178.26342529316,3677.894133415877
36443.0,50299.0,7036.0,11168.0,35,176,340,124,32985.0,28096.0,26635.0,26809.0,22.2,0,-110034.96444011538,-3167.943734286029
2479.0,14481.0,139.0,3573.0,1254,2348,1760,3470,4476.0,9140.0,351.0,411.0,22.2,0,-154590.0484984514,-29919.27168786884
34168.0,51605.0,6552.0,11862.0,52,74,427,247,34148.0,31501.0,22232.0,22819.0,22.2,0,-112905.46159461896,-4468.552748781021
105467.0,154636.0,9274.0,12495.0,20,82,0,44,68460.0,62466.0,48756.0,45118.0,22.2,0,-53753.47201771806,25591.016914638032
217107.0,310355.0,69971.0,108787.0,653,277,254,179,186284.0,167700.0,104150.0,85543.0,22.2,0,112550.58400624436,84457.33050888723
44913.0,79653.0,13988.0,24311.0,349,196,177,118,56374.0,53305.0,32355.0,41128.0,22.2,0,-87300.61817250686,11402.801287323577
134285.0,197911.0,4648.0,5648.0,119,278,0,50,147236.0,130502.0,51844.0,56615.0,22.2,0,-7040.355933896877,79571.73513009734
7631.0,15261.0,3470.0,6977.0,2204,2218,3409,3403,11440.0,11807.0,2120.0,2485.0,22.3,0,-146121.30973963183,-26863.95475309385
5526.0,13445.0,835.0,3320.0,2109,2112,3095,3267,7688.0,8397.0,883.0,749.0,22.3,0,-151170.94026015478,-28243.45548785792
47422.0,85336.0,8641.0,14030.0,154,164,203,148,54045.0,50837.0,35335.0,44016.0,22.3,0,-89551.3245555536,14838.314501212864
1042.0,4157.0,506.0,2126.0,638,1759,736,2021,1759.0,4780.0,922.0,1386.0,22.3,0,-155818.71338306478,-31380.044011321057
2763.0,16446.0,669.0,3142.0,1650,3136,1963,3681,4905.0,9257.0,141.0,264.0,22.3,0,-154009.27041009042,-30110.793395178465
10473.0,27998.0,1816.0,4279.0,4375,4563,6233,7068,15197.0,17719.0,0.0,605.0,22.4,0,-145417.43513420635,-24821.149441772654
13319.0,20654.0,5111.0,7183.0,3772,3883,4807,4820,14817.0,14463.0,2485.0,3359.0,22.4,0,-140885.91555883025,-25833.25305388871
48456.0,76045.0,16672.0,28444.0,151,206,59,52,60280.0,55729.0,46022.0,44418.0,22.4,0,-76776.42470073244,18219.7414668758
46285.0,67808.0,660.0,1509.0,212,332,204,81,44668.0,44067.0,26233.0,35338.0,22.4,0,-104211.14196318424,8782.058681316706
6506.0,15195.0,2298.0,4026.0,3159,3235,4084,4273,9266.0,9802.0,1713.0,2332.0,22.4,0,-148537.99063700074,-27624.14228633624
17935.0,31567.0,4219.0,7012.0,2407,2418,6093,6082,13445.0,13191.0,2046.0,4963.0,22.5,0,-140190.8843070283,-26363.25227040861
20511.0,32795.0,2634.0,6196.0,4363,4129,6529,6435,18669.0,16827.0,2047.0,5301.0,22.5,0,-137827.43040999837,-22178.48916710171
16748.0,20413.0,2658.0,4287.0,3430,3812,5654,5550,12701.0,12371.0,3078.0,3172.0,22.6,0,-141934.0675918401,-25632.80537130255
47081.0,79447.0,8668.0,15364.0,180,174,196,232,43500.0,43572.0,23234.0,32686.0,22.6,0,-100323.55878517676,1280.1676301803564
19629.0,23676.0,1903.0,5863.0,2887,2810,4025,3527,11942.0,11487.0,2284.0,2033.0,22.7,0,-142058.00273677663,-26345.293787305574
3853.0,19119.0,322.0,1787.0,1359,1765,2015,2690,5360.0,7480.0,0.0,296.0,22.7,0,-153645.9814555383,-29729.741412075276
16766.0,25472.0,10060.0,18146.0,46,91,340,196,23010.0,21256.0,19317.0,16404.0,22.7,0,-124517.03023152173,-14835.2742728855
84336.0,133669.0,12695.0,20755.0,266,159,234,112,67782.0,65117.0,42286.0,45067.0,22.8,0,-62743.54966647283,21665.09108309726
12644.0,24911.0,3122.0,6790.0,3535,3815,5588,5589,15161.0,16246.0,3019.0,3839.0,22.8,0,-142122.63653351107,-24019.965342257656
15535.0,29016.0,9394.0,17101.0,124,248,182,114,25024.0,24289.0,10219.0,19908.0,22.8,0,-127488.00675450003,-16319.372587342346
5921.0,18701.0,1385.0,3317.0,2204,3072,2803,4531,7677.0,12655.0,1252.0,2557.0,22.9,0,-150269.8584824538,-28177.16825325125
1586.0,7674.0,578.0,2163.0,856,2296,1167,3495,3129.0,9869.0,89.0,445.0,22.9,0,-155353.87377366985,-31094.086814218663
48252.0,85260.0,8138.0,10950.0,596,434,0,3,35815.0,33147.0,29224.0,29094.0,22.9,0,-101917.12709055454,-1386.1149111932536
23126.0,36545.0,8890.0,13806.0,0,0,184,163,26024.0,25333.0,21905.0,18393.0,23.0,0,-120155.5871148784,-11203.53059274254
764.0,5147.0,2180.0,8305.0,67,0,181,72,3146.0,5342.0,971.0,1688.0,23.0,0,-154096.99427629696,-31467.80141726111
973453.0,1000620.0,1950560.0,2449410.0,1902,1201,428,449,475980.0,391049.0,212412.0,193775.0,23.0,3,1905202.773656536,-899421.3305045384
11023.0,17892.0,1337.0,1794.0,6925,6894,8957,8804,21551.0,22486.0,3779.0,3389.0,23.0,0,-140902.94154029782,-18501.877551102854
124294.0,181919.0,4027.0,8151.0,387,266,507,224,141263.0,118908.0,52294.0,44048.0,23.1,0,-15673.977307323104,75007.25296594953
4033.0,12870.0,2797.0,6594.0,1893,2285,2307,2896,6475.0,7895.0,636.0,1143.0,23.1,0,-151017.14051285048,-30187.288816141656
10810.0,18271.0,2423.0,4935.0,3458,3385,3781,4074,8471.0,9070.0,1394.0,1397.0,23.1,0,-147283.07703652425,-28769.87112345108
7614.0,14041.0,2030.0,3247.0,2186,1799,2752,2756,6660.0,7924.0,506.0,1848.0,23.1,0,-149954.60438764942,-29762.084415112637
38042.0,46546.0,15639.0,24744.0,328,233,33,17,34455.0,30288.0,21786.0,21275.0,23.1,0,-105264.91468567972,-10667.406173787693
4951.0,11808.0,992.0,2214.0,2833,3302,3414,3814,8626.0,10075.0,924.0,1600.0,23.2,0,-150750.44422757268,-27557.659759281843
3076.0,10587.0,0.0,0.0,240,144,193,68,5338.0,7189.0,2415.0,2837.0,23.3,0,-152988.9547549802,-28073.23775215404
3281.0,7615.0,0.0,1257.0,330,169,177,51,12553.0,10819.0,1266.0,1794.0,23.3,0,-150207.98291949663,-24174.29600938853
1360.0,5566.0,456.0,1238.0,230,172,150,68,3062.0,4572.0,29397.0,63719.0,23.3,0,-136752.80750626785,-8594.64664344726
732880.0,933043.0,32775.0,39646.0,2494,1783,447,278,937790.0,713097.0,368508.0,306832.0,23.3,3,762400.7633004546,695891.3347463775
900.0,5389.0,0.0,957.0,204,122,267,304,5833.0,13204.0,5685.0,10801.0,23.3,0,-151443.85726367144,-24968.417872394777
1585.0,3663.0,714.0,2301.0,263,159,1276,1030,49305.0,40211.0,12019.0,11638.0,23.3,0,-128627.56560972812,4819.660236535736
1071.0,6209.0,355.0,1421.0,195,163,238,165,3509.0,5681.0,7093.0,11631.0,23.3,0,-151551.94611171843,-25947.88206268912
2465.0,5639.0,0.0,542.0,97,33,178,305,3225.0,4604.0,8461.0,8005.0,23.3,0,-151307.84827523085,-26003.13108722181
2624.0,8693.0,551.0,3248.0,225,130,267,468,6191.0,7440.0,63879.0,85338.0,23.3,0,-119301.7470986887,11180.575007500764
2044990.0,2049680.0,284106.0,352853.0,31634,24116,582651,431273,4108780.0,2818510.0,3564050.0,2111040.0,23.3,3,4310905.952351147,4089550.132278055
6650.0,12627.0,2660.0,5114.0,3334,3655,4412,4887,12383.0,13136.0,635.0,1153.0,23.3,0,-147369.8260630513,-26530.877471878943
1116.0,7102.0,106.0,1056.0,1067,1794,1271,2220,3096.0,5444.0,547.0,894.0,23.3,0,-155660.81486587605,-30523.767689853583
7850.0,11909.0,1855.0,2375.0,3334,3582,4669,4870,11840.0,10533.0,1570.0,1896.0,23.3,0,-147239.84786131422,-25934.60284126379
55223.0,83260.0,8872.0,13161.0,0,155,256,280,60119.0,57226.0,34482.0,38981.0,23.3,0,-84410.12738007212,16861.066536307266
172305.0,258864.0,29679.0,48746.0,915,658,0,42,126091.0,111298.0,110672.0,99517.0,23.4,0,43415.49386995263,79585.13379936718
6000.0,7415.0,916.0,3114.0,2190,2582,4022,4418,10766.0,11721.0,3800.0,2548.0,23.4,0,-148228.10735983282,-24864.123667414195
94960.0,149656.0,18729.0,28477.0,539,539,316,157,58247.0,55519.0,44441.0,46232.0,23.4,0,-57581.26080004427,12248.739247132336
21837.0,32097.0,3374.0,6440.0,7699,7784,10662,10946,27167.0,27072.0,4078.0,6664.0,23.4,0,-132007.89147584193,-16278.202220430896
50610.0,72386.0,3218.0,5711.0,460,255,223,93,34802.0,31267.0,33044.0,27451.0,23.4,0,-103603.63295696392,2248.92265150863
2452.0,6446.0,1908.0,4262.0,3491,4068,4413,4823,11841.0,13019.0,1100.0,2368.0,23.6,0,-149527.16149765108,-25738.65342860473
38333.0,59234.0,5333.0,8373.0,32,158,0,79,31310.0,30856.0,15833.0,26140.0,23.6,0,-115263.55694057286,-7921.363552952469
30077.0,55159.0,2633.0,4173.0,62,82,172,143,34998.0,35061.0,16738.0,26411.0,23.6,0,-118477.95229846948,-2934.229964147384
35591.0,61359.0,7968.0,13595.0,339,188,117,39,44602.0,42115.0,33800.0,31125.0,23.6,0,-101313.1402806456,7345.797708213864
31952.0,49899.0,3113.0,5731.0,74,276,0,36,37556.0,37514.0,14454.0,25979.0,23.7,0,-117123.11391445227,-2768.193010557105
1552.0,3209.0,592.0,5176.0,0,37,48,35,2605.0,5714.0,33204.0,40016.0,23.7,0,-138376.85314446298,-11188.113855386964
41871.0,79395.0,8993.0,14678.0,318,203,0,0,50095.0,48580.0,18199.0,37112.0,23.7,-1,-100570.57313577249,4192.9823323334895
462176.0,604509.0,515364.0,660986.0,1468,799,39,91,261623.0,220223.0,117873.0,102508.0,23.7,0,561660.5664301352,-154985.28813978392
3375.0,21910.0,101.0,1201.0,4249,10168,5205,12563,3686.0,8217.0,942.0,1986.0,23.7,0,-154177.34604823834,-29946.74464271161
6504.0,11565.0,2768.0,4661.0,3817,3450,5342,5524,15806.0,15230.0,2383.0,3109.0,23.8,0,-144917.39044600117,-23375.724107850365
55654.0,72246.0,12731.0,21015.0,1553,1704,4880,4881,13769.0,13937.0,5752.0,4875.0,23.8,0,-117366.9160107573,-32414.956400690317
18072.0,28130.0,1750.0,3758.0,1803,1514,3100,3102,10346.0,9746.0,3332.0,3256.0,23.8,0,-142983.09439536527,-26522.425084513758
125671.0,177590.0,21927.0,30387.0,441,276,127,104,107229.0,89517.0,53513.0,47129.0,23.9,0,-17253.20244544887,43165.63380041697
92877.0,144484.0,3110.0,8527.0,508,253,566,249,82607.0,74257.0,63124.0,59729.0,23.9,0,-49637.86701165138,47598.66264594806
4503.0,10484.0,1050.0,2097.0,2926,3465,3664,4362,9575.0,10894.0,2281.0,2561.0,24.0,0,-149843.28443409523,-26240.7820346696
56274.0,84960.0,50226.0,74512.0,0,37,264,110,76980.0,65807.0,52315.0,45003.0,24.0,0,-40478.42998019772,9939.569077094307
23236.0,34931.0,14044.0,20607.0,201,113,0,50,19567.0,18480.0,9437.0,14081.0,24.1,0,-124608.1604842952,-24453.38142730976
3591.0,11385.0,726.0,2391.0,1540,1619,2568,2981,6691.0,7841.0,0.0,1325.0,24.1,0,-152743.12795499197,-28958.4919624541
1646.0,8886.0,63.0,1272.0,204,136,377,386,8001.0,15811.0,4335.0,7121.0,24.1,0,-151080.52134059236,-24842.4670980769
999.0,6139.0,357.0,1479.0,198,119,332,357,6552.0,13269.0,2677.0,5779.0,24.1,0,-152577.20174895276,-26812.352487260232
1007.0,6009.0,0.0,807.0,152,79,235,236,2717.0,4885.0,3099.0,6768.0,24.1,0,-154268.8765649527,-28677.922929768545
652.0,4022.0,461.0,2701.0,191,92,431,655,4644.0,10580.0,84406.0,196943.0,24.1,0,-99191.95975134532,36911.91296321459
1162570.0,989941.0,200896.0,197146.0,20365,10306,358898,188967,2564210.0,1301770.0,1934000.0,916468.0,24.1,3,2442947.186465303,2346328.279777253
10797.0,14369.0,1891.0,3304.0,3203,3326,4056,4293,10059.0,10230.0,860.0,1264.0,24.1,0,-147153.98728441462,-27675.50260250624
48283.0,74612.0,10997.0,16460.0,275,176,575,268,25720.0,23836.0,16607.0,21278.0,24.2,0,-110124.931718129,-16112.808158726935
2765.0,14351.0,580.0,3042.0,139,48,185,92,2874.0,5398.0,15573.0,24529.0,24.2,0,-146230.11137191844,-20972.606706734405
27892.0,44838.0,2727.0,5841.0,110,109,276,139,35772.0,34085.0,10822.0,21767.0,24.2,0,-121728.72225297036,-5589.334204626193
51919.0,85886.0,17934.0,27373.0,32,231,168,190,41582.0,39188.0,22679.0,32171.0,24.2,0,-93078.39854854788,-6379.897184519214
7233.0,14086.0,1153.0,2566.0,5028,5168,7009,7402,17697.0,18954.0,1885.0,2020.0,24.2,0,-145198.1944746446,-21594.31264877831
51757.0,89733.0,19783.0,34132.0,4173,4361,9188,9003,22319.0,21800.0,4541.0,5753.0,24.3,0,-110563.07799415708,-31542.39265745818
145278.0,221893.0,29341.0,46669.0,503,472,319,126,97992.0,88657.0,76159.0,65215.0,24.3,0,2374.9230899613467,43801.65222225047
65495.0,122731.0,7604.0,11465.0,526,393,158,98,70363.0,64888.0,47756.0,51452.0,24.3,0,-69985.4967647034,31037.241086875973
6144.0,10445.0,2080.0,2441.0,1365,1218,1688,1692,5514.0,5123.0,1669.0,1154.0,24.4,0,-150700.3714155358,-30047.749080750644
58522.0,79051.0,13643.0,19483.0,0,162,39,118,42844.0,36020.0,37275.0,25990.0,24.4,0,-88163.24574247924,1815.2222463311955
45353.0,75408.0,21044.0,32210.0,1634,1720,5010,4800,13916.0,14009.0,4229.0,4090.0,24.4,0,-116439.26894370586,-37636.53484433201
19004.0,24725.0,10211.0,15764.0,2394,2284,3532,3283,10375.0,10965.0,2260.0,2063.0,24.5,0,-137289.90554153177,-32517.48205094529
97008.0,157273.0,80461.0,92495.0,6249,5378,9091,8995,25000.0,24113.0,7254.0,7630.0,24.6,0,-47677.86424276119,-69445.85116579752
8626.0,23103.0,2523.0,4585.0,4204,4381,5212,5585,14436.0,15032.0,1888.0,3484.0,24.6,0,-144969.79660562964,-24374.189587118453
5433.0,7892.0,1467.0,3980.0,1236,1265,1719,1713,5185.0,5177.0,1311.0,1077.0,24.6,0,-151705.27763727662,-29987.09466188275
66456.0,103315.0,4245.0,5594.0,403,188,0,31,58186.0,53903.0,43257.0,43532.0,24.6,0,-80062.71927872817,22225.287707783555
41217.0,59542.0,8773.0,14331.0,324,152,172,136,50358.0,45539.0,33409.0,36351.0,24.6,0,-95342.32015489443,10788.961556644292
25372.0,43817.0,5947.0,8880.0,9974,10372,13455,14512,32359.0,32822.0,4153.0,4368.0,24.7,0,-126696.55526568172,-15172.849097180217
3790.0,8005.0,2365.0,4158.0,2175,2274,3798,3962,10041.0,10299.0,1403.0,2233.0,24.7,0,-149384.07100629897,-27145.493345444665
7573.0,18425.0,1052.0,3615.0,3322,3494,4207,4477,11013.0,11209.0,1517.0,2195.0,24.8,0,-148263.02959543135,-25910.69070822039
12299.0,18404.0,1759.0,3652.0,4248,4442,5729,5834,15642.0,16289.0,2491.0,3459.0,24.8,0,-143229.41916697612,-23120.494068420296
44511.0,76552.0,7013.0,11173.0,216,211,313,213,30655.0,28091.0,25382.0,21561.0,24.8,0,-108922.3935529464,-6519.245841820568
80149.0,115991.0,9035.0,13104.0,0,43,545,218,59900.0,55226.0,38990.0,36141.0,24.9,0,-72883.44328731674,16436.873872750224
3281.0,8974.0,1877.0,4252.0,124,79,242,191,5568.0,5329.0,2221.0,2019.0,24.9,0,-151680.260189464,-29332.03987921345
615130.0,726269.0,640442.0,725420.0,4071,3209,1394,802,549558.0,442289.0,240159.0,194471.0,24.9,3,897236.4329202014,4673.596909984484
69542.0,111735.0,14523.0,25332.0,79,159,324,224,77384.0,70068.0,63680.0,54105.0,24.9,0,-54173.77897086131,37977.815682508095
319564.0,508209.0,66737.0,101921.0,322,200,5,79,161843.0,139727.0,93593.0,87173.0,24.9,0,137565.69302596102,60207.39595859761
19418.0,34225.0,1845.0,3676.0,4278,3925,6561,6451,19678.0,17626.0,4375.0,5182.0,24.9,0,-137521.06216732203,-20016.244954875085
6964.0,11661.0,176.0,3011.0,3043,3110,4034,4688,9726.0,10436.0,439.0,786.0,25.0,0,-150274.27631788445,-26813.509568218607
23414.0,39973.0,3294.0,6104.0,5658,5829,8591,8145,19891.0,20186.0,1860.0,4205.0,25.0,0,-135833.91336760903,-22259.426176214583
14305.0,27615.0,2123.0,3950.0,7035,7440,9002,9630,22485.0,23624.0,3435.0,3402.0,25.0,0,-138720.05420803145,-18760.33434766716
33626.0,44673.0,8750.0,13351.0,394,190,184,99,31767.0,29585.0,24386.0,22955.0,25.0,0,-111870.36856179152,-6393.976108247538
98767.0,141147.0,28692.0,45097.0,339,460,29,89,87007.0,77885.0,71809.0,64288.0,25.2,0,-23795.830166753814,38311.53755796318
39230.0,64408.0,1663.0,2365.0,370,215,0,100,45173.0,43616.0,24898.0,35686.0,25.2,0,-106628.59755668548,8425.186688882564
98761.0,157252.0,13732.0,21042.0,538,272,0,52,85138.0,76343.0,63340.0,59597.0,25.2,0,-38689.590718211766,42215.83984948171
43099.0,67683.0,5331.0,8855.0,459,222,276,132,34589.0,29628.0,26797.0,21878.0,25.2,0,-108325.8996935634,-2239.771847687421
15394.0,19363.0,1314.0,3424.0,4071,3958,5593,5629,17826.0,17736.0,6102.0,5105.0,25.3,0,-139744.63974889758,-19882.17110638828
80032.0,125653.0,39310.0,63463.0,396,142,0,121,69888.0,65268.0,45042.0,49651.0,25.3,0,-43580.83405352433,8458.097716599852
49369.0,70426.0,8744.0,13582.0,269,136,144,63,44806.0,39413.0,41147.0,29359.0,25.3,0,-92554.80957700596,8891.723773144
30342.0,47757.0,3989.0,4460.0,2782,2415,5672,5377,13390.0,13050.0,4381.0,3938.0,25.3,0,-134561.08705119192,-26245.96638053501
1134.0,6465.0,417.0,3236.0,783,1656,977,2309,2685.0,6016.0,592.0,998.0,25.4,0,-155595.2216339176,-30944.943956585663
4613.0,14692.0,1548.0,4684.0,4260,4883,5149,6054,12839.0,14735.0,1375.0,2099.0,25.5,0,-148370.72986817462,-24948.741249741648
2463.0,8565.0,286.0,2073.0,632,707,1387,1807,3754.0,4915.0,112.0,1083.0,25.5,0,-154825.7376849432,-30459.82293947158
16195.0,31492.0,2562.0,5383.0,4737,4566,6078,6510,19711.0,19703.0,4410.0,4168.0,25.7,0,-138445.70282161026,-20385.67113515973
74155.0,104175.0,24457.0,41623.0,222,215,544,273,90963.0,85333.0,72139.0,66822.0,25.7,0,-34573.68645504888,45617.61865945364
709.0,3418.0,254.0,2500.0,622,1679,926,2524,2310.0,5660.0,39.0,288.0,25.7,0,-156345.10499327249,-31398.063307238102
31374.0,48693.0,5355.0,8234.0,110,274,144,122,30616.0,29908.0,7946.0,16145.0,25.7,0,-122584.26819207933,-12834.93855048302
11339.0,14650.0,5726.0,8587.0,2204,2280,2887,2984,9755.0,10032.0,1976.0,3032.0,25.8,0,-143789.20045331542,-29560.57949616141
2019.0,11375.0,568.0,2462.0,1202,2306,1457,2699,4595.0,8818.0,790.0,1326.0,25.8,0,-154151.39911425408,-29753.100960621086
8091.0,16096.0,1364.0,3642.0,4523,5023,5885,6549,15510.0,16910.0,193.0,2205.0,25.8,0,-146290.65852683168,-23847.85949281737
28343.0,45562.0,9672.0,15716.0,1426,1320,5363,5433,14089.0,13947.0,2776.0,3075.0,25.8,0,-131844.86493622485,-30053.59766079973
62720.0,86277.0,3390.0,6453.0,37,182,0,0,64081.0,59286.0,53814.0,38314.0,25.9,-1,-76303.03186655798,30337.470082124524
221592.0,324745.0,9727.0,15199.0,168,147,0,45,100318.0,90385.0,62832.0,58555.0,25.9,0,15369.6870759897,45965.83038761989
7438.0,14930.0,914.0,4366.0,2594,2840,3822,3686,11048.0,11297.0,2525.0,2607.0,25.9,0,-147975.89619041854,-25304.361936773417
57745.0,89025.0,4073.0,5252.0,641,314,441,159,32208.0,29060.0,19401.0,18462.0,25.9,0,-107430.7074812334,-7558.583918536642
483409.0,617995.0,108084.0,150119.0,1124,673,491,253,330130.0,262155.0,209594.0,153396.0,26.0,0,360262.8993183158,189307.8126428933
4722.0,7806.0,2665.0,3444.0,3253,3541,4005,4307,10017.0,9889.0,2078.0,2200.0,26.0,0,-148558.43075500964,-27132.075830577065
11523.0,18007.0,578.0,3462.0,6736,7071,8809,9092,21291.0,20190.0,3323.0,3208.0,26.1,0,-141531.30489071755,-18442.81828079557
4955.0,14221.0,2586.0,6369.0,2440,2666,3086,3518,8146.0,9108.0,799.0,1523.0,26.1,0,-149921.58179431618,-28927.42860668773
5002.0,11147.0,1965.0,4851.0,2121,2245,2890,3022,8110.0,8737.0,364.0,856.0,26.1,0,-150593.18306896233,-28853.129111551585
10539.0,20245.0,1625.0,5374.0,2809,3110,4239,4222,11134.0,10614.0,2139.0,3096.0,26.2,0,-146255.8727138237,-25980.576652435564
54143.0,82992.0,5214.0,10005.0,361,272,156,149,55778.0,51777.0,42419.0,45682.0,26.2,0,-85559.03306558605,20888.40300967372
42736.0,74226.0,6514.0,12192.0,369,160,257,179,38056.0,36584.0,14577.0,28283.0,26.2,0,-109795.3331145808,-4866.388087742449
5832.0,9156.0,2684.0,3660.0,2887,2631,4091,3949,10002.0,9983.0,1088.0,1555.0,26.2,0,-148545.07335777025,-27744.02852707893
245856.0,369339.0,36921.0,55460.0,662,361,49,108,215693.0,176064.0,81645.0,76317.0,26.2,0,105287.18796150127,111009.19156891423
62473.0,87554.0,10910.0,17829.0,231,188,144,158,62893.0,59298.0,34950.0,45026.0,26.2,0,-77846.28082500944,18030.39253846516
12482.0,25831.0,2322.0,6204.0,6974,7607,9968,10055,22241.0,21492.0,3904.0,3311.0,26.3,0,-139276.5188674241,-18736.53712760232
3056.0,8734.0,1424.0,2787.0,2391,2158,2945,3174,9103.0,10160.0,775.0,1919.0,26.3,0,-151029.37781093907,-27416.20018407435
168608.0,246847.0,17654.0,25514.0,892,408,354,203,189240.0,166360.0,58618.0,62956.0,26.3,0,38236.61717753642,99594.0911400525
637106.0,735999.0,1156240.0,1351060.0,593,549,538,238,212182.0,181119.0,84341.0,78067.0,26.4,3,1038115.3327180996,-617966.0613315004
2304.0,12387.0,502.0,2311.0,1188,2855,1754,4105,4257.0,10006.0,597.0,2169.0,26.4,0,-154197.01155788134,-29888.869164402957
6033.0,14808.0,1472.0,2776.0,3557,3781,4716,5629,11213.0,13057.0,1582.0,2163.0,26.5,0,-148492.37155562165,-25924.69451449697
3819.0,19887.0,1613.0,4720.0,2172,3144,2377,3453,6864.0,10327.0,497.0,695.0,26.5,0,-151854.23470804322,-29314.368517219744
558.0,2970.0,755.0,3422.0,598,1949,698,2075,1303.0,4794.0,0.0,208.0,26.5,0,-156539.78176734454,-32369.22375380595
25073.0,41765.0,9049.0,14463.0,258,165,0,0,30085.0,27488.0,18144.0,19049.0,26.5,-1,-118729.14849859566,-10329.572964223227
17648.0,26728.0,4682.0,6283.0,0,8,371,133,25038.0,22494.0,10901.0,16270.0,26.5,0,-130078.37163954036,-13786.629311973866
38574.0,53421.0,1900.0,6060.0,0,192,0,32,46361.0,40587.0,33556.0,31419.0,26.6,0,-103542.75602229623,12018.60661474775
65258.0,98096.0,18461.0,26585.0,128,83,0,17,77674.0,70101.0,52853.0,50837.0,26.6,0,-57486.836563263656,30898.856936486827
30990.0,54895.0,5771.0,9246.0,0,74,556,301,21059.0,20115.0,14466.0,16214.0,26.6,0,-124347.54061214312,-16365.890048474848
14037.0,27785.0,2653.0,4042.0,6259,5981,7687,7672,21755.0,20611.0,6190.0,5054.0,26.7,0,-137570.83717584543,-18118.56812145497
11419.0,16661.0,2470.0,4226.0,595,299,119,140,18295.0,17967.0,14997.0,14228.0,26.7,0,-135942.048481351,-14866.650508547522
55803.0,85564.0,5920.0,9406.0,82,69,206,164,42042.0,37763.0,36940.0,32503.0,26.8,0,-94271.88648052388,7238.584057189069
43412.0,66843.0,20907.0,32663.0,124,122,339,157,52952.0,48905.0,28891.0,41126.0,26.8,0,-85958.87496996448,3539.4817261670723
3025.0,7460.0,827.0,2470.0,2687,2825,3236,3627,9363.0,11201.0,754.0,1991.0,26.9,0,-151334.75402835055,-26871.794772838068
72743.0,108037.0,52588.0,73085.0,2989,3138,4398,4567,14880.0,14402.0,3504.0,2797.0,26.9,0,-83433.22708221077,-59125.62509896967
7499.0,14435.0,1527.0,4237.0,6536,7167,8645,9431,21699.0,23904.0,2751.0,2586.0,27.0,0,-142630.26031637582,-18859.20868276589
587341.0,840859.0,48229.0,72321.0,1051,932,9719,9752,257100.0,236969.0,228786.0,197089.0,27.0,0,341182.31197969534,189044.30795877485
7999.0,15113.0,2027.0,3403.0,3135,3242,3327,3704,9729.0,9667.0,2023.0,2160.0,27.1,0,-147813.3288394793,-27157.588650674585
13118.0,18090.0,4584.0,5633.0,2325,2171,3109,3003,9792.0,8915.0,2281.0,2540.0,27.2,0,-143781.67440399504,-28886.370064912797
62161.0,106431.0,9753.0,17799.0,219,113,13,17,64156.0,59195.0,42099.0,43012.0,27.2,0,-75819.99752402805,22251.85400074024
3486.0,9560.0,329.0,1834.0,17141,24585,29592,41495,34525.0,41993.0,13048.0,12731.0,27.2,0,-134186.7092244214,-3747.0623320018312
36083.0,51569.0,4854.0,8306.0,112,143,201,143,30103.0,30251.0,12832.0,22110.0,27.2,0,-118676.16836140797,-10143.1556472131
10455.0,14590.0,638.0,1902.0,3591,3351,4931,4978,11689.0,9943.0,3010.0,2857.0,27.3,0,-146427.79444179422,-24676.436802470944
9313.0,13737.0,2150.0,3582.0,6057,6835,8211,8300,18440.0,17790.0,2324.0,3743.0,27.3,0,-142939.40282610152,-21422.94025855983
53543.0,70743.0,13162.0,19540.0,523,228,0,171,53011.0,46620.0,43686.0,33341.0,27.3,0,-82655.03478582218,12738.43450032538
53069.0,74782.0,7757.0,11669.0,349,300,317,123,47164.0,46696.0,32377.0,31214.0,27.4,0,-93659.926576361,7379.985092440209
8730.0,23889.0,1766.0,3823.0,2121,2268,3589,4062,10628.0,12373.0,1356.0,1673.0,27.4,0,-147598.5577232623,-26829.3556724794
1671.0,5586.0,1059.0,2944.0,378,757,727,1686,1904.0,4645.0,1520.0,1877.0,27.4,0,-154831.73739489343,-31346.50828420084
2271.0,13774.0,654.0,2596.0,1015,1588,1372,2402,3305.0,6025.0,495.0,987.0,27.4,0,-154722.59610344347,-30817.341526233344
142852.0,194754.0,52947.0,80096.0,364,307,232,141,76843.0,69235.0,31090.0,37400.0,27.5,0,-11998.768318331016,-7608.449528781482
1134.0,3129.0,1050.0,3044.0,3128,3746,3617,4335,8107.0,9869.0,185.0,961.0,27.6,0,-152860.0446815234,-28086.57857092216
11192.0,18609.0,3031.0,6198.0,3312,3343,4846,5220,13352.0,14667.0,524.0,1492.0,27.6,0,-144814.3829650665,-26437.41336570216
41792.0,71706.0,3359.0,5492.0,248,173,215,123,48469.0,46338.0,34084.0,32186.0,27.6,0,-99974.46013517409,12571.262498116212
13954.0,18375.0,3203.0,5135.0,3741,3767,6046,6146,18591.0,18181.0,4157.0,3968.0,27.7,0,-139546.60860436002,-21488.110896625072
3189.0,6689.0,779.0,2911.0,2903,2935,3989,4339,10263.0,10866.0,939.0,2237.0,27.7,0,-150794.21579298648,-26164.55145945297
6885.0,13155.0,2588.0,4795.0,4427,5046,5098,6074,13453.0,15937.0,2433.0,2669.0,27.7,0,-145982.52345698333,-24825.961861751028
9062.0,17310.0,0.0,1841.0,4454,4687,6313,6976,14789.0,17611.0,1167.0,1194.0,27.7,0,-146927.90137184836,-23262.955969191164
2366.0,13057.0,648.0,2837.0,1911,2996,2470,4324,6096.0,10493.0,1111.0,1523.0,27.7,0,-153131.1510187685,-28708.712599696035
12705.0,20831.0,460.0,2952.0,3005,3321,5306,5654,22915.0,24733.0,9290.0,6655.0,27.8,0,-137771.75155588795,-14366.91214184844
1937.0,6846.0,801.0,3333.0,1472,2168,1928,2967,4940.0,7732.0,241.0,638.0,27.8,0,-154156.8820155995,-30015.807046154885
3108.0,10302.0,1182.0,3415.0,1199,1818,1331,2394,3493.0,6498.0,665.0,872.0,27.8,0,-153881.88407229845,-31031.739650383795
3022.0,14986.0,872.0,3553.0,542,1273,526,1606,1621.0,4578.0,0.0,0.0,27.8,0,-155333.1940298572,-32435.48570801836
1794.0,10985.0,698.0,2948.0,1407,3003,1598,3242,3666.0,7182.0,0.0,191.0,27.8,0,-155006.89535029157,-30920.962695453058
5038.0,10663.0,3175.0,4736.0,2518,2783,3971,4449,10315.0,12883.0,564.0,1737.0,27.8,0,-148561.41799725482,-27993.42458837171
5264.0,10527.0,851.0,2748.0,3035,4065,3589,4449,8393.0,9825.0,2810.0,2221.0,27.9,0,-150049.51531750284,-26745.519475100853
3816.0,10946.0,971.0,3113.0,5450,6055,6706,7645,13482.0,15229.0,1547.0,1900.0,27.9,0,-148762.7386220938,-24085.20794510281
57481.0,99778.0,7315.0,12421.0,139,158,179,106,58808.0,52476.0,43734.0,43516.0,27.9,0,-81164.03451820783,21472.615892896178
56949.0,72502.0,13363.0,20744.0,0,141,117,152,72427.0,66593.0,63553.0,50646.0,28.0,0,-62850.96981471831,35781.4307412932
3925.0,10609.0,1786.0,4729.0,1360,2081,2004,3037,5191.0,7586.0,524.0,1893.0,28.0,0,-152286.53583453663,-30284.27596684304
17240.0,20848.0,4885.0,7577.0,3698,3300,4906,5297,15084.0,15825.0,3539.0,3731.0,28.0,0,-138879.95748380106,-25275.09656479518
13793.0,27001.0,1853.0,3216.0,2476,2797,3901,3769,10217.0,10210.0,3870.0,3377.0,28.0,0,-144506.09659261952,-26144.079414340173
1919.0,4929.0,0.0,472.0,209,111,84,18,10221.0,10172.0,5682.0,5493.0,28.1,0,-149720.35956158605,-23113.76656410325
564681.0,667236.0,36044.0,49914.0,1196,976,130,97,881373.0,693724.0,260860.0,226478.0,28.1,3,620460.478226096,611033.5276989945
1557.0,10252.0,66.0,387.0,188,99,118,64,1148.0,4581.0,1416.0,3076.0,28.1,0,-155793.05842714518,-31046.16846447149
581374.0,738239.0,67771.0,104042.0,1259,1570,0,196,756948.0,609652.0,308171.0,260304.0,28.1,3,614847.1374583351,536638.363920125
37753.0,55267.0,4142.0,7585.0,180,162,33,58,34201.0,30732.0,28535.0,21537.0,28.2,0,-110913.80505444654,-716.9830465895247
5024.0,10134.0,1271.0,2484.0,1510,1613,1807,1891,5352.0,5911.0,389.0,792.0,28.2,0,-152308.38238010826,-30164.50681772264
2998.0,13174.0,743.0,2760.0,2627,3518,3217,4251,7725.0,10447.0,0.0,856.0,28.2,0,-152564.0888050434,-28351.502858582026
4396.0,14068.0,1855.0,4777.0,1208,1136,1918,2275,4454.0,4918.0,1135.0,1402.0,28.3,0,-152215.2559279476,-30646.691495102103
2229.0,11603.0,1098.0,3562.0,3029,4830,3845,5977,8961.0,14048.0,1413.0,3427.0,28.3,0,-151228.63967391846,-26736.247301586893
62727.0,97300.0,17235.0,26977.0,293,242,0,50,59376.0,53393.0,32316.0,38140.0,28.3,0,-76802.08871071611,9608.387387930965
7697.0,11629.0,1119.0,2637.0,2120,2046,3029,2836,8857.0,9949.0,1882.0,2011.0,28.4,0,-149030.67136252724,-27202.15976646868
8511.0,15442.0,5503.0,9351.0,2491,2285,4303,4208,12766.0,13091.0,2186.0,3140.0,28.4,0,-143650.32980615192,-27224.42476208425
6425.0,19035.0,1670.0,3741.0,3704,4652,5117,6153,12479.0,14472.0,255.0,1485.0,28.5,0,-148198.92827781255,-25938.809412181978
6806.0,11036.0,4183.0,6393.0,6736,7498,7899,8110,20143.0,20859.0,2628.0,3635.0,28.6,0,-141694.7118408513,-21350.72219804632
47619.0,81722.0,8393.0,13116.0,311,209,376,189,14570.0,16674.0,12879.0,12448.0,28.6,0,-119713.38668060213,-24466.582752578848
19117.0,32136.0,4128.0,7981.0,3014,3089,5101,5082,14731.0,13991.0,3969.0,3661.0,28.6,0,-138644.63738161253,-24974.76079559492
511599.0,687047.0,307784.0,431634.0,865,636,403,188,247986.0,212551.0,112817.0,106527.0,28.7,0,431044.4393161475,-37969.59875935175
9482.0,12998.0,3657.0,5814.0,186,205,79,112,19122.0,18236.0,5638.0,11180.0,28.7,0,-139382.75182163334,-19379.08702303348
11997.0,15486.0,3910.0,5802.0,2667,2215,3200,3173,10646.0,10592.0,2246.0,2533.0,28.7,0,-144334.1099139739,-27866.28075983527
30475.0,49976.0,8977.0,14966.0,212,108,384,176,35031.0,34277.0,15157.0,25295.0,28.7,0,-114642.96657064854,-7764.305565897677
12144.0,16879.0,1987.0,5149.0,3210,3098,4657,4835,14558.0,15698.0,3022.0,4275.0,28.8,0,-143328.7428252258,-23586.85574362735
929.0,5514.0,212.0,2097.0,185,95,169,51,5363.0,8710.0,1561.0,2805.0,28.9,0,-154029.88257200652,-28414.49090466253
571973.0,691353.0,80296.0,111685.0,2192,1325,393,294,866161.0,638185.0,314896.0,256698.0,28.9,3,670910.7654962551,600682.0363566354
43955.0,72046.0,4614.0,9432.0,348,228,89,90,31556.0,30867.0,28100.0,24791.0,29.0,0,-108989.3816452699,-2749.055245506126
4830.0,18944.0,1205.0,3477.0,874,1163,1826,2585,5320.0,7029.0,141.0,682.0,29.0,0,-152554.65870650733,-30251.82290674589
28179.0,37500.0,1199.0,4090.0,3662,3532,5704,5430,16457.0,15699.0,3618.0,3656.0,29.0,0,-136306.10890642376,-22780.6430470955
2052.0,5374.0,468.0,2583.0,98,30,119,16,5965.0,5162.0,863.0,1681.0,29.1,0,-153521.685487047,-28740.87941466413
475632.0,575458.0,51803.0,73736.0,1399,1453,141,136,695855.0,521148.0,263656.0,197772.0,29.1,3,508646.2923623449,486193.57776132826
2537.0,13947.0,1515.0,5514.0,1151,2078,1270,2546,3719.0,7815.0,805.0,1526.0,29.1,0,-153649.75800617572,-30897.20576690364
2587.0,9941.0,446.0,2679.0,814,1788,1052,2397,3300.0,7312.0,551.0,650.0,29.1,0,-154761.84830087514,-30741.626709461805
46729.0,68182.0,11157.0,19023.0,97,173,278,125,23174.0,22009.0,10903.0,9894.0,29.1,0,-115342.81249976168,-21943.012791592948
2842.0,11730.0,667.0,2443.0,1541,2811,1690,3583,4900.0,9967.0,1129.0,1489.0,29.2,0,-153461.7430121122,-29507.22504191525
1231.0,5447.0,252.0,1532.0,843,2268,1337,3389,3336.0,8945.0,246.0,548.0,29.2,0,-155559.92056819383,-30652.63850861234
2244.0,8733.0,1062.0,3012.0,2074,2885,2699,4239,7188.0,11125.0,947.0,1543.0,29.2,0,-152460.2642889527,-28335.456770408127
1879.0,9194.0,212.0,835.0,343,1282,564,1739,1313.0,4912.0,314.0,698.0,29.2,0,-156192.22841186274,-31897.543798111317
1570860.0,1186370.0,4864080.0,4433160.0,13180,7143,3333,1988,1269840.0,855735.0,674205.0,393284.0,29.2,2,4715395.068064838,-2039715.0433078504
10243.0,19282.0,3575.0,6723.0,2600,2725,3955,4159,9891.0,9904.0,1406.0,1551.0,29.2,0,-146057.39233265613,-28527.552208473928
12989.0,19720.0,2425.0,4336.0,1395,1064,2915,2872,9143.0,8007.0,3861.0,3092.0,29.3,0,-144967.5188041938,-27180.956489162672
50962.0,69518.0,2650.0,4320.0,188,128,440,233,47817.0,45603.0,29158.0,31963.0,29.3,0,-98848.6831108175,9906.053953874482
9698.0,12363.0,2200.0,4525.0,5105,5874,7173,7440,19872.0,19691.0,3674.0,5078.0,29.3,0,-141438.18630143753,-19794.87233722141
253497.0,378252.0,12728.0,18916.0,602,393,35,121,256403.0,219251.0,131781.0,109340.0,29.4,0,132737.04493230992,177778.80410124827
2655.0,12640.0,1201.0,3789.0,1852,2546,3001,4320,6755.0,9616.0,679.0,1120.0,29.4,0,-152543.63682224855,-28902.643094072017
40804.0,47280.0,11811.0,16961.0,133,150,57,147,35222.0,30908.0,29599.0,20860.0,29.5,0,-103601.0294398851,-4746.628322592049
7986.0,19158.0,1968.0,3763.0,1751,1810,2335,2461,7153.0,7849.0,1585.0,1625.0,29.5,0,-149254.29955586873,-29019.27923392948
22680.0,42394.0,8314.0,15174.0,2356,2202,3719,4020,9869.0,10920.0,3002.0,2583.0,29.5,0,-136982.95986996152,-31490.035756395533
895.0,5221.0,470.0,3351.0,665,1429,935,2602,2142.0,6505.0,2400.0,3812.0,29.5,0,-154878.8197276734,-30095.759966035384
2908.0,8836.0,1292.0,3906.0,2549,3242,4245,5344,11977.0,15598.0,2047.0,3210.0,29.5,0,-149250.95200558825,-24762.65586028534
6057.0,21480.0,823.0,2559.0,2404,3055,2834,3889,7490.0,9559.0,1182.0,2716.0,29.5,0,-150691.82437397353,-27955.353360874604
3720.0,11697.0,911.0,2773.0,1214,1137,1895,2151,5241.0,6085.0,205.0,848.0,29.6,0,-153202.4239383596,-29991.685727828404
2788.0,4917.0,0.0,1528.0,1964,2434,2521,3082,6474.0,7233.0,831.0,1258.0,29.6,0,-153372.04857910884,-28250.243339353896
1266.0,7342.0,242.0,1417.0,236,164,106,0,12017.0,20193.0,7309.0,12976.0,29.6,-1,-147467.24163283096,-20202.06970146296
814697.0,749612.0,67302.0,90941.0,4577,3188,583,370,2339730.0,1603250.0,1092370.0,739965.0,29.6,3,1773641.7954908877,1928559.6187981896
3905.0,12660.0,5132.0,10958.0,2709,3861,3225,4555,9575.0,12258.0,1474.0,2295.0,29.6,0,-147601.73125037298,-29146.892872858545
3623.0,13031.0,872.0,4604.0,1028,1069,2348,2676,5870.0,6901.0,339.0,625.0,29.7,0,-152964.0860107353,-29541.518383829552
9165.0,21835.0,2725.0,5203.0,3538,3595,4551,4844,13241.0,13146.0,2078.0,3422.0,29.8,0,-145088.3396813767,-25222.84313097766
540748.0,684142.0,107313.0,119542.0,771,352,297,87,471505.0,365195.0,258362.0,187035.0,29.8,3,469193.351285942,301315.6707643561
2278.0,7143.0,1095.0,2611.0,1155,1917,1448,2545,4031.0,6627.0,1263.0,1115.0,29.9,0,-153787.88142343317,-30292.77642486598
2650.0,15281.0,118.0,1755.0,469,1157,553,1688,1503.0,4324.0,167.0,69.0,29.9,0,-155989.20350612703,-31931.26149448913
18068.0,42616.0,4770.0,6315.0,4257,4181,5317,5576,14916.0,14427.0,4498.0,4672.0,29.9,0,-138221.44566289143,-24809.008631959245
99300.0,149576.0,28759.0,47801.0,29,156,266,122,91814.0,82375.0,72632.0,64526.0,29.9,0,-21030.8021651507,41658.55654661855
67596.0,99796.0,13711.0,21242.0,15079,13739,20201,20093,53661.0,52568.0,13238.0,10993.0,30.0,0,-90230.29586505276,-4435.5015050101065
1452.0,4451.0,0.0,537.0,62,0,71,0,3244.0,6113.0,1959.0,2258.0,30.0,-1,-154840.9423195548,-29575.256311349807
738367.0,843296.0,63177.0,88822.0,3197,2998,872,311,1808200.0,1369300.0,548395.0,445284.0,30.0,3,1261922.307354872,1324490.5137159282
8408.0,13878.0,2658.0,5190.0,2815,3232,3639,3984,11469.0,12562.0,2479.0,2681.0,30.1,0,-146191.87143308163,-26204.195826046103
3449.0,9061.0,1972.0,5615.0,318,210,225,173,5352.0,5502.0,568.0,1014.0,30.1,0,-152379.8378606896,-30394.27320623235
3171.0,9120.0,2334.0,3819.0,5096,5758,6762,7388,15722.0,16874.0,3942.0,3960.0,30.2,0,-145932.36658924984,-22146.7316393043
431035.0,522341.0,345990.0,470129.0,305,574,266,109,179139.0,153374.0,103280.0,84660.0,30.2,0,387114.5231812921,-107762.36985655571
35149.0,57816.0,4653.0,7711.0,252,242,143,75,30220.0,29265.0,16607.0,27517.0,30.2,0,-117068.143812899,-7430.788139620367
12539.0,20150.0,2434.0,5709.0,2219,2286,3393,3445,10121.0,9745.0,2611.0,2493.0,30.3,0,-145239.22944969128,-27159.19510726189
15658.0,36211.0,2204.0,4502.0,5561,5591,7297,7387,18160.0,16979.0,3379.0,4764.0,30.4,0,-139913.86027942027,-21441.4358006164
4237.0,13438.0,1850.0,3987.0,2636,3115,4022,4432,10570.0,12430.0,611.0,1732.0,30.4,0,-149672.44889314254,-26929.324101015747
56560.0,81186.0,19330.0,29538.0,239,201,162,146,57938.0,53472.0,37804.0,35524.0,30.4,0,-76834.2342385144,9668.016215905238
34874.0,48693.0,13823.0,19484.0,384,248,478,202,38203.0,33061.0,34801.0,29081.0,30.4,0,-100336.5445828652,-236.69888700719093
56044.0,81930.0,5048.0,6909.0,497,267,131,142,47758.0,46702.0,13986.0,29979.0,30.4,0,-100987.6842365542,1347.3279960696636
3674.0,14503.0,1951.0,5785.0,2905,3668,4018,4957,12159.0,14928.0,79.0,1143.0,30.4,0,-149387.06399445343,-26269.45135793973
2017.0,8676.0,729.0,2451.0,435,1578,645,1673,1470.0,4668.0,0.0,0.0,30.4,0,-155911.67593367942,-32375.49382862399
67197.0,101746.0,8713.0,11206.0,385,180,237,103,86646.0,76934.0,63922.0,56650.0,30.4,0,-54559.38953813267,48143.58680031523
2472.0,14923.0,382.0,2095.0,629,1185,885,2094,2111.0,5482.0,474.0,901.0,30.5,0,-155386.49102662978,-31438.018226746863
3413.0,16203.0,528.0,2440.0,765,1230,1322,2256,3018.0,5840.0,0.0,15.0,30.5,0,-154777.4384866524,-31357.516816133037
483005.0,611704.0,137010.0,209153.0,336,810,21,138,625902.0,506439.0,299890.0,231285.0,30.5,3,556575.0335605909,408572.01501811406
2638.0,10344.0,641.0,1604.0,1857,3017,2146,3742,5275.0,9132.0,1076.0,1356.0,30.5,0,-153429.26413979413,-29283.307633279663
45173.0,67183.0,6189.0,10781.0,491,389,0,44,21584.0,19529.0,14754.0,16587.0,30.6,0,-117860.18518996968,-17039.119016578232
6519.0,8709.0,3378.0,6821.0,1333,1251,2436,2298,5857.0,6184.0,1892.0,1429.0,30.6,0,-149377.89584473142,-30530.658353085724
58173.0,72344.0,7319.0,11311.0,328,383,376,151,49293.0,44054.0,52929.0,36315.0,30.6,0,-82683.21156339176,18111.88735887138
10862.0,21320.0,775.0,1695.0,3005,3093,4593,4750,13072.0,13379.0,2782.0,4542.0,30.6,0,-145416.01191539085,-23740.010359360876
35565.0,51799.0,13802.0,20798.0,3674,3595,4909,4994,15460.0,16058.0,5196.0,4584.0,30.6,0,-124328.95559193012,-30994.40132032906
2754.0,6394.0,1565.0,7718.0,158,118,0,0,4904.0,11213.0,41827.0,64753.0,30.7,-1,-129869.81516900392,-2834.1505579428995
92987.0,151461.0,42101.0,69515.0,384,323,0,11,101118.0,94299.0,57057.0,71101.0,30.7,0,-15124.762550399057,34093.97967891459
59992.0,85453.0,14123.0,23192.0,397,179,310,108,66222.0,58226.0,45595.0,47645.0,30.7,0,-70882.70545376229,23166.50435063465
1017.0,5554.0,3120.0,10927.0,37,0,160,79,28428.0,47472.0,13902.0,24601.0,30.7,0,-134279.51292033657,-6986.022280441994
1969.0,5613.0,7044.0,11842.0,0,0,199,95,62440.0,52710.0,40116.0,37971.0,30.7,0,-104483.10495089348,25138.88012691741
2890.0,9595.0,11703.0,28695.0,92,0,193,118,74214.0,90461.0,101200.0,121070.0,30.7,0,-62537.90677934782,68565.6952807967
22717.0,25232.0,22794.0,23405.0,91,182,219,187,210607.0,88369.0,412940.0,114769.0,30.7,0,128980.12522512148,276348.16372292506
6861870.0,2913930.0,12759500.0,6698180.0,33979,6412,8588,1514,3625310.0,3560870.0,15391900.0,2281240.0,30.7,1,19066536.98081323,627343.0608218672
2684.0,15754.0,1344.0,5095.0,1547,4005,1938,5360,4812.0,13162.0,1457.0,3358.0,30.7,0,-152741.0795714609,-29539.47286562641
91773.0,135512.0,14546.0,23370.0,0,55,0,56,93697.0,85574.0,68635.0,65827.0,30.7,0,-34390.55643817711,50792.68041846901
1315.0,6095.0,1798.0,5316.0,222,109,43,0,3390.0,4339.0,808.0,1130.0,30.7,-1,-154156.72453692922,-31266.976769955767
613224.0,715841.0,1324090.0,1889920.0,10558,9261,11006,10328,307857.0,248559.0,162841.0,144868.0,30.7,3,1224825.9404421025,-617626.1564880029
24215.0,35806.0,1194.0,1626.0,192,107,219,108,24389.0,22036.0,7479.0,15441.0,30.7,0,-131457.74730780444,-14003.324484561806
112936.0,167293.0,13936.0,20622.0,296,399,0,66,67597.0,58010.0,37267.0,43612.0,30.8,0,-52294.04321178624,16570.28129628713
14336.0,22454.0,2964.0,4424.0,4309,4057,5014,4986,14401.0,13920.0,3034.0,3276.0,30.8,0,-141946.04860519906,-24597.344398474383
40618.0,48740.0,4145.0,6156.0,390,248,0,66,41021.0,37212.0,31809.0,27014.0,30.8,0,-104763.16441397287,5659.599484722861
7708.0,25466.0,3464.0,8071.0,2272,2714,3522,3939,9816.0,11194.0,874.0,1980.0,30.8,0,-147349.39592634953,-28495.67284707833
10211.0,18589.0,2118.0,4784.0,3213,3333,4599,4725,13429.0,13585.0,1730.0,3959.0,30.8,0,-145055.65408437708,-24850.30636497904
35157.0,49530.0,10973.0,16992.0,297,172,396,174,41542.0,37441.0,25333.0,27516.0,30.9,0,-104375.67786444232,-578.678665866606
16098.0,26574.0,10208.0,16387.0,1502,1462,3667,3954,8873.0,9057.0,3786.0,3536.0,30.9,0,-138411.71845172037,-32398.63537242831
1984.0,11548.0,830.0,4329.0,1504,3233,1766,3900,4499.0,10292.0,580.0,1796.0,30.9,0,-154045.12996922975,-29988.226401615942
15669.0,31761.0,2312.0,3504.0,3271,3539,5367,5248,16675.0,17099.0,4486.0,5368.0,31.0,0,-140026.9543327192,-21890.09566388819
4539.0,14975.0,1841.0,4450.0,4073,5013,4255,5118,10964.0,12786.0,2139.0,2752.0,31.0,0,-148681.06648381485,-25890.002534775416
6208.0,16808.0,866.0,3163.0,2872,3172,3894,4063,10744.0,11892.0,1722.0,2223.0,31.1,0,-148993.94972139964,-25785.139150666382
12371.0,22322.0,2938.0,5169.0,1567,1417,4419,4723,10594.0,11061.0,2668.0,2284.0,31.1,0,-144752.28748341827,-27172.262439154667
1711.0,9653.0,254.0,1283.0,973,2226,1227,2556,3232.0,5669.0,904.0,1103.0,31.1,0,-155095.74437897123,-30386.048249740837
7520.0,15640.0,1587.0,4896.0,5290,5581,6987,8072,17898.0,19559.0,1426.0,2881.0,31.1,0,-144750.384633879,-21813.04809036469
8816.0,23148.0,8364.0,14570.0,3185,3418,4381,4850,10516.0,10976.0,285.0,854.0,31.2,0,-143552.78420728078,-31628.041668435704
16447.0,22794.0,3003.0,4226.0,7372,7559,10024,10330,21104.0,20786.0,3241.0,4852.0,31.3,0,-137744.08886571915,-20171.754868866217
6300.0,16339.0,1285.0,2780.0,1277,1196,2803,3179,7742.0,8086.0,887.0,3034.0,31.3,0,-150230.91854724294,-28173.72888232491
20115.0,44411.0,3489.0,6056.0,339,233,111,86,33182.0,32002.0,18427.0,20516.0,31.4,0,-122906.10175101351,-4210.218685402779
25814.0,42941.0,5438.0,8290.0,0,8,487,285,31116.0,31564.0,10783.0,22291.0,31.4,0,-122754.74010073728,-10031.902892668382
9367.0,20566.0,1747.0,4573.0,3538,3432,4935,5016,13704.0,12518.0,2409.0,2853.0,31.4,0,-145421.52304796537,-24280.722082095268
4873.0,12641.0,1568.0,3929.0,858,815,1488,1601,4561.0,5009.0,589.0,1564.0,31.5,0,-152352.22966129886,-30633.678119978274
43560.0,62718.0,5812.0,8507.0,562,306,212,179,40551.0,37495.0,21232.0,26315.0,31.6,0,-106610.14706023656,-425.3186594963626
11630.0,22135.0,2876.0,6946.0,2133,2060,3550,3557,10301.0,10382.0,2023.0,2498.0,31.6,0,-145441.46532216622,-27509.29004814865
14600.0,23951.0,4562.0,8331.0,4276,4237,5967,5967,16312.0,17181.0,2829.0,4797.0,31.7,0,-139755.23808472016,-24249.11007155666
485225.0,639921.0,285989.0,425485.0,684,624,181,151,228933.0,185232.0,132697.0,102958.0,31.8,0,403488.3710800146,-26850.327553382496
29014.0,40629.0,3556.0,6650.0,321,176,319,159,29425.0,28675.0,13928.0,22432.0,31.8,0,-122327.2928442536,-8785.860827802448
50661.0,78284.0,5307.0,8467.0,0,28,149,186,40039.0,37703.0,29988.0,27012.0,31.9,0,-100963.60728736222,2892.7700164895323
103751.0,158696.0,18648.0,27732.0,303,377,39,101,66642.0,61717.0,50159.0,49521.0,31.9,0,-47727.59261672235,19962.94941074107
42557.0,76651.0,3575.0,5135.0,554,335,184,130,44352.0,41205.0,27018.0,34514.0,31.9,0,-103680.93584637163,7191.210758181504
3909.0,8772.0,1742.0,4797.0,1363,1698,1981,2488,7153.0,9297.0,741.0,558.0,31.9,0,-151527.5834758727,-29138.3350411858
7060.0,11918.0,2190.0,4574.0,3421,3777,5127,5531,11436.0,13125.0,837.0,1709.0,32.0,0,-147807.5249603696,-26685.59130528133
715981.0,695005.0,1460580.0,1921740.0,1903,1392,550,463,388669.0,302317.0,123085.0,86120.0,32.0,3,1375467.2944779296,-685028.4297770688
148684.0,222239.0,16324.0,23821.0,463,243,0,49,155343.0,125570.0,73060.0,60732.0,32.1,0,18924.88073140857,85994.05414443104
36334.0,57294.0,4595.0,9026.0,297,212,409,237,38166.0,36035.0,22059.0,26672.0,32.2,0,-111134.9933868332,-294.6387502777143
7154.0,18228.0,3546.0,8308.0,4028,4298,4947,5258,12230.0,13502.0,1479.0,1714.0,32.3,0,-146235.96812909297,-26771.76754611288
56937.0,81409.0,9648.0,12212.0,49,127,264,115,42899.0,40748.0,47357.0,36833.0,32.3,0,-86455.22133182817,10432.280279621347
33867.0,51721.0,14649.0,25712.0,2038,2028,4025,4490,11180.0,11138.0,3387.0,5990.0,32.3,0,-126863.64965286569,-34656.10388173163
59926.0,75552.0,9161.0,15743.0,92,119,379,260,65279.0,59461.0,57923.0,51334.0,32.3,0,-69746.34420057783,31455.176574597524
103553.0,149307.0,12774.0,18165.0,0,36,93,142,90003.0,82965.0,80649.0,66742.0,32.5,0,-27905.98122394347,53992.19062922039
24339.0,38859.0,2909.0,5150.0,6325,6647,9703,10197,30149.0,31667.0,2716.0,4244.0,32.5,0,-130772.7513550099,-15224.39216440172
2397.0,14727.0,684.0,3278.0,1160,2289,1337,2637,3354.0,6764.0,132.0,457.0,32.5,0,-154828.83823038376,-31050.96432239645
43867.0,53540.0,19719.0,30514.0,77,199,359,228,41680.0,39993.0,24698.0,31378.0,32.5,0,-94453.7366664611,-6195.009852571566
24405.0,38777.0,3544.0,6617.0,2072,2116,5537,5798,15809.0,16352.0,1809.0,5051.0,32.6,0,-137019.49710277456,-24951.58480629308
45624.0,80649.0,6406.0,10978.0,515,291,389,188,37623.0,33502.0,27127.0,23251.0,32.6,0,-104886.18357964807,-801.4080706027744
1007.0,4754.0,597.0,2274.0,1009,2062,1169,3066,2540.0,6191.0,334.0,787.0,32.7,0,-155709.42190588833,-31283.236739956217
28682.0,37315.0,5432.0,8804.0,3976,4120,4763,4908,17990.0,18341.0,4162.0,4631.0,32.7,0,-132162.34934827537,-24119.42269378504
2307.0,10102.0,847.0,2734.0,1398,1881,1677,2368,4735.0,7061.0,0.0,983.0,32.7,0,-154111.84303464732,-30244.639888966605
2735.0,9544.0,1704.0,4685.0,2277,2788,2831,3735,6813.0,8289.0,0.0,218.0,32.7,0,-152501.18174118642,-29617.40581206703
8412.0,17743.0,2143.0,4186.0,4009,4188,5404,5566,13355.0,13434.0,1769.0,2212.0,32.7,0,-146012.01686274385,-25058.64967617472
17371.0,34203.0,1812.0,3958.0,299,178,38,0,20653.0,22429.0,6658.0,16008.0,32.8,-1,-135754.5879945131,-16557.796111069205
63859.0,100494.0,11849.0,19610.0,83,44,0,0,82165.0,76882.0,49031.0,54501.0,32.8,-1,-61565.36019045567,36980.19096520297
64284.0,96472.0,7104.0,10364.0,4116,4915,10821,10730,36385.0,36477.0,14136.0,13006.0,32.8,0,-103388.22639695568,-10308.5460664258
9736.0,23356.0,2475.0,5911.0,988,971,2236,2352,5786.0,6016.0,2465.0,2786.0,32.9,0,-148334.17357739873,-29759.649449643028
6018.0,14144.0,746.0,1548.0,1822,2257,2486,3361,6493.0,8324.0,2459.0,2455.0,32.9,0,-150773.88329091377,-28041.2440109925
1266.0,7844.0,892.0,4181.0,756,1337,1116,2164,3436.0,6708.0,59.0,339.0,33.0,0,-155154.43178552992,-31105.956088096813
45599.0,67875.0,5333.0,7853.0,468,258,0,0,42214.0,39073.0,26983.0,31234.0,33.0,-1,-102622.85215502237,4006.0796901663234
5184.0,18893.0,1469.0,3467.0,1887,2023,2938,3344,8822.0,10569.0,538.0,1707.0,33.1,0,-150368.91756070888,-27893.47072979615
18160.0,31508.0,6821.0,10739.0,133,96,191,129,19125.0,17095.0,6780.0,13663.0,33.1,0,-132907.42618693667,-21049.612323900517
123078.0,173809.0,22708.0,33873.0,550,237,179,107,46941.0,42841.0,38289.0,33145.0,33.1,0,-52339.67407232273,-3907.272038786912
7139.0,11958.0,2082.0,3332.0,3765,3967,5167,5352,13121.0,12769.0,0.0,1439.0,33.2,0,-147432.31029315334,-25952.267370659458
28251.0,58109.0,8337.0,14928.0,61,41,0,0,30881.0,30513.0,17385.0,21941.0,33.2,-1,-117477.60096402104,-9438.05629125208
158835.0,243704.0,10232.0,16784.0,508,369,210,162,133645.0,113678.0,49548.0,47550.0,33.3,0,-1249.1692069088167,63459.144778417714
84316.0,118008.0,11408.0,17519.0,213,290,658,216,62477.0,60435.0,40524.0,43810.0,33.3,0,-66840.77087150008,18180.15124199365
5437.0,14750.0,885.0,3082.0,2121,2116,3466,3937,8248.0,9715.0,1012.0,2177.0,33.3,0,-150691.87102887433,-27630.80940494561
11583.0,29461.0,942.0,2637.0,5033,4926,7054,7130,19122.0,20269.0,4829.0,5233.0,33.4,0,-141427.57466022027,-19092.47564886769
145611.0,201392.0,9803.0,14808.0,146,143,0,58,159264.0,137358.0,95565.0,82429.0,33.4,0,25977.007288450983,105692.5364525667
26421.0,43009.0,4679.0,8666.0,0,167,39,131,28824.0,27934.0,22955.0,23098.0,33.5,0,-119470.13283728948,-5808.1559054245845
78808.0,128529.0,29287.0,46834.0,536,265,441,166,76236.0,69885.0,32720.0,56665.0,33.6,0,-51802.20440600207,14800.334376410992
5738.0,16747.0,746.0,1694.0,2729,3616,3270,4269,9917.0,11994.0,2064.0,2413.0,33.6,0,-149493.00386402235,-26029.516610368548
20617.0,42709.0,2597.0,5102.0,9401,10008,12034,12942,29424.0,30480.0,4302.0,6793.0,33.7,0,-131922.06940541486,-14167.53333181492
17792.0,40931.0,2068.0,4825.0,6041,6346,8091,8397,22809.0,23696.0,2552.0,4421.0,33.7,0,-137384.47398113873,-18955.84724963645
48886.0,72759.0,20572.0,31287.0,1212,1399,4750,4557,11687.0,11136.0,3464.0,4119.0,33.8,0,-116603.197109484,-39295.74739011538
5490.0,10794.0,1011.0,2318.0,0,0,51,0,4895.0,5581.0,2123.0,1705.0,33.9,-1,-151755.01551421057,-29447.79366568826
527486.0,638312.0,336988.0,448446.0,1127,861,452,304,284904.0,233855.0,139468.0,120523.0,33.9,0,485965.7973919954,-20565.825728609736
455629.0,622034.0,32229.0,45076.0,1176,806,244,231,349445.0,273910.0,156693.0,131813.0,33.9,0,282960.49281305785,225287.84291027425
10253.0,18341.0,2066.0,5473.0,3733,4046,5276,5650,14158.0,14039.0,2164.0,2926.0,34.0,0,-144714.0522131858,-24341.96558453349
10664.0,12620.0,1259.0,2380.0,3183,3258,4062,4254,12156.0,12156.0,3890.0,2871.0,34.1,0,-145378.3049161621,-24414.850506878967
57520.0,83062.0,6948.0,9315.0,174,268,279,124,45451.0,39156.0,35013.0,27660.0,34.1,0,-92644.76628544214,7051.309813488984
38257.0,21200.0,8284.0,5253.0,6533,5731,9334,8513,33594.0,28657.0,6762.0,8446.0,34.1,0,-117784.08398848728,-14954.240631354089
55548.0,85051.0,12949.0,23687.0,311,338,194,138,60243.0,58268.0,33038.0,45442.0,34.2,0,-81121.60432794115,14789.273858115524
451352.0,613721.0,1627860.0,2323820.0,1151,959,253,147,166738.0,139376.0,113790.0,94465.0,34.3,3,1280187.093548289,-915737.781558454
32458.0,36629.0,4856.0,5046.0,5967,6000,7054,7272,20986.0,19363.0,3885.0,5598.0,34.3,0,-129635.82029130468,-22066.15943534544
5785.0,14080.0,1834.0,3509.0,2567,2998,3418,3721,9597.0,10791.0,2400.0,2649.0,34.4,0,-148713.0348647851,-26738.62767584875
4758.0,17423.0,1867.0,5386.0,1345,1344,2247,2513,5678.0,5935.0,735.0,1014.0,34.4,0,-151702.84305508164,-30133.285615257137
2977.0,10148.0,48.0,1207.0,571,1113,873,2195,1991.0,5504.0,1774.0,2484.0,34.4,0,-154784.80383241462,-30537.458254822654
3543.0,10468.0,1723.0,3805.0,2403,2707,3247,3536,9211.0,9798.0,0.0,1443.0,34.5,0,-150920.52106008123,-27968.159684740967
88644.0,143993.0,12434.0,19171.0,44,161,0,33,73996.0,64052.0,61254.0,52277.0,34.5,0,-50447.902767815176,34593.74669123074
93108.0,149940.0,10496.0,15498.0,324,196,114,98,77587.0,67046.0,65874.0,56987.0,34.5,0,-46038.367344851446,40485.38802107365
15442.0,25994.0,3355.0,5956.0,3345,3678,4709,4832,13380.0,13273.0,4314.0,4380.0,34.5,0,-141074.0684906894,-24845.891833010428
1909.0,10891.0,128.0,2722.0,233,139,71,0,2265.0,7316.0,8963.0,18832.0,34.5,-1,-150328.23640212597,-24704.87853136276
124826.0,205621.0,23848.0,36836.0,571,358,232,111,126651.0,103801.0,38594.0,43918.0,34.5,0,-13427.96351145432,47519.36104324895
53963.0,79166.0,7882.0,11676.0,0,85,528,293,55732.0,54092.0,27040.0,38219.0,34.6,0,-90429.91960004062,11546.366449369172
3116.0,7952.0,971.0,3611.0,936,2225,1609,3550,4280.0,9505.0,2815.0,3122.0,34.6,0,-152592.02342803852,-29138.05488079117
5037.0,20177.0,1016.0,3023.0,1623,2580,2557,4149,7270.0,11101.0,348.0,354.0,34.6,0,-151683.75970458853,-28878.35281886615
2480.0,13644.0,1083.0,5951.0,189,107,125,40,1775.0,6599.0,16991.0,42813.0,34.6,0,-143661.37644226034,-18435.59376570952
93892.0,144971.0,57514.0,93156.0,360,235,0,59,90061.0,81689.0,59028.0,64179.0,34.6,0,-9242.32550941559,17083.47304479151
15956.0,38326.0,3905.0,5222.0,4689,5184,6233,6947,16528.0,18044.0,2059.0,2553.0,34.6,0,-140122.696163878,-24471.12265239425
776.0,2941.0,1623.0,4855.0,983,1356,1508,2040,3186.0,4069.0,693.0,1253.0,34.6,0,-154612.52933765223,-31277.673154086373
61233.0,91161.0,17026.0,28094.0,321,214,137,165,57754.0,57367.0,25142.0,41145.0,34.6,0,-80557.09690955294,6283.474073819005
574122.0,706938.0,878699.0,1075300.0,5656,4339,11048,10623,420289.0,319014.0,159948.0,108030.0,34.6,3,946191.7553550978,-271488.309619355
29295.0,51890.0,3240.0,4937.0,270,89,0,0,29165.0,25969.0,18103.0,21531.0,34.7,-1,-121128.62448597052,-7156.529931924142
1564.0,8347.0,1328.0,4216.0,1283,1996,1968,3031,5073.0,8879.0,168.0,245.0,34.7,0,-153962.71210935267,-30331.786738451457
3257.0,8331.0,0.0,0.0,2371,2774,4773,5081,14253.0,16274.0,1202.0,3419.0,34.7,0,-149259.3589623201,-22854.7269213618
1229.0,3046.0,1888.0,5471.0,1674,2179,1589,2094,4817.0,6215.0,576.0,1698.0,34.7,0,-153494.0303563286,-30420.31385471129
11372.0,24143.0,4682.0,7500.0,4423,4254,5734,6052,15675.0,15706.0,3612.0,3513.0,34.8,0,-141154.6992208143,-24395.630786412483
4693.0,12683.0,1714.0,2825.0,2361,3072,3051,3737,9699.0,11637.0,2494.0,2241.0,34.8,0,-149214.89838214146,-26554.564031222013
5116.0,9327.0,2888.0,5007.0,1736,1794,2464,2467,5733.0,6070.0,928.0,960.0,34.9,0,-150760.81277846498,-30690.29046618288
106438.0,147242.0,24550.0,35380.0,592,403,162,213,59522.0,53631.0,48488.0,43945.0,34.9,0,-47081.69728020289,9985.061484754904
6607.0,15955.0,920.0,2895.0,2301,2420,3383,3678,8984.0,9920.0,638.0,2963.0,34.9,0,-149895.17455544276,-27294.600251790696
6928.0,14695.0,2044.0,3635.0,4139,4314,5430,5963,14214.0,14369.0,1757.0,2557.0,34.9,0,-146261.36854998,-24306.642704357804
23340.0,36101.0,6129.0,10053.0,7961,7568,9614,8784,22445.0,20930.0,6602.0,4035.0,35.0,0,-131020.05514260104,-20456.73220928827
18832.0,39018.0,2931.0,6787.0,297,247,174,172,22584.0,22754.0,6473.0,15736.0,35.0,0,-133610.19879115853,-16260.278647914643
4420.0,8381.0,782.0,1978.0,1309,1299,2149,2504,6637.0,7434.0,357.0,1081.0,35.0,0,-152289.43418101696,-28971.828497818595
747142.0,949486.0,726347.0,1033030.0,1585,1148,321,339,389134.0,316502.0,214071.0,149794.0,35.1,3,923019.5857321456,-177389.0306509166
4531.0,16106.0,1567.0,4529.0,1843,3071,2095,3377,6347.0,10273.0,1055.0,1517.0,35.1,0,-151518.80144261592,-29292.97843168816
1345.0,3965.0,477.0,2608.0,632,1764,799,2214,2164.0,6439.0,296.0,220.0,35.1,0,-155910.357126939,-31575.099796324237
1982.0,6115.0,73.0,1175.0,483,1229,779,2214,2089.0,4687.0,1267.0,1498.0,35.2,0,-155442.8346034498,-30797.65685604164
2369.0,11700.0,978.0,4410.0,776,2281,930,2554,2461.0,6540.0,411.0,584.0,35.2,0,-154922.22054340344,-31661.541793355416
67927.0,95702.0,27821.0,47072.0,527,315,443,231,75696.0,68785.0,54145.0,48682.0,35.2,0,-50615.8209448538,23795.257144638646
26700.0,49939.0,7140.0,12118.0,1341,1236,3339,3313,9357.0,8836.0,3270.0,3124.0,35.3,0,-136213.74202873113,-31138.697696274103
7013.0,18804.0,1247.0,2623.0,4409,5223,5805,6558,14040.0,15320.0,1003.0,2013.0,35.4,0,-147201.3070838577,-24324.825742054243
924.0,3780.0,13.0,502.0,474,1399,911,2309,2669.0,7523.0,1406.0,2611.0,35.4,0,-155463.99283605834,-30087.240120265644
1820.0,7594.0,727.0,2566.0,1131,2162,1425,3005,4388.0,9075.0,1079.0,1794.0,35.4,0,-154050.8245490132,-29774.5175542374
1625.0,9001.0,185.0,1628.0,122,46,216,142,28256.0,49135.0,5102.0,9399.0,35.4,0,-141303.03543627783,-11423.779274204797
981.0,4960.0,218.0,1317.0,112,35,218,135,5113.0,7811.0,6147.0,9942.0,35.4,0,-151523.03430999717,-25509.829903758306
1937.0,9098.0,295.0,1920.0,34,0,238,152,2012.0,4539.0,8905.0,12018.0,35.4,0,-151196.36251803816,-26090.445621622675
992737.0,807896.0,186512.0,201925.0,7793,4826,1289,597,5787840.0,3448380.0,2608060.0,1510190.0,35.4,3,4140037.0350538334,4781910.644762332
5972.0,12925.0,1131.0,3242.0,3298,3497,3446,4040,9215.0,9889.0,1669.0,2450.0,35.5,0,-149587.38182348968,-26890.169475908984
1610.0,7622.0,6299.0,13541.0,128,120,147,103,5241.0,4955.0,630.0,787.0,35.6,0,-150201.203036034,-33072.00675048939
1700380.0,1587920.0,2536550.0,2604780.0,5196,3489,1876,1101,469698.0,388014.0,212908.0,175283.0,35.6,3,2602584.7783337208,-1321295.3000650166
15349.0,27881.0,3587.0,5737.0,4791,4461,5907,5748,16036.0,16146.0,4264.0,4897.0,35.6,0,-139702.94368405876,-23242.56259118309
89178.0,129876.0,8529.0,13896.0,308,253,0,26,60428.0,56425.0,54838.0,47454.0,35.6,0,-62019.22070121177,24965.535362602142
15891.0,40963.0,8224.0,12375.0,285,192,219,131,20326.0,19540.0,10427.0,13746.0,35.6,0,-130969.53686350925,-19480.08751537787
6384.0,9732.0,1915.0,3241.0,4231,4559,5527,5752,14243.0,15030.0,1649.0,3833.0,35.6,0,-146438.46200592874,-24012.346361719567
28920.0,48530.0,6454.0,9922.0,149,196,54,120,31350.0,30559.0,20204.0,21245.0,35.6,0,-117331.23725702953,-6939.623129760796
156611.0,224336.0,29790.0,46786.0,970,433,40,57,127301.0,107628.0,57820.0,52266.0,35.6,0,12135.729579468723,51540.40623702838
2038.0,5713.0,667.0,2605.0,285,232,146,81,1717.0,4067.0,20193.0,33989.0,35.6,0,-144088.79354833064,-18254.9693950576
56190.0,91815.0,1501.0,3280.0,340,244,308,120,56948.0,53825.0,31402.0,41957.0,35.6,0,-91293.6954863032,18606.07446055976
40120.0,53792.0,2696.0,4081.0,82,121,159,111,29612.0,24839.0,26622.0,20006.0,35.6,0,-113911.34250303662,-3912.514200271489
7780.0,12034.0,2818.0,3387.0,5813,6095,7422,7739,17906.0,17905.0,3969.0,2895.0,35.7,0,-142848.23113743402,-21527.859528013185
60883.0,96697.0,5553.0,8265.0,200,171,0,76,59363.0,54529.0,56695.0,40936.0,35.7,0,-76280.28126181322,27732.620097531315
35450.0,57531.0,14221.0,24146.0,373,185,49,55,46390.0,45653.0,21190.0,34666.0,35.7,0,-100452.96532013908,-163.44576243683332
104326.0,154605.0,8670.0,14725.0,0,57,73,85,44517.0,41371.0,16757.0,29474.0,35.7,0,-79217.53400876983,-5031.621666355215
88841.0,136298.0,18542.0,29374.0,0,0,0,57,84687.0,77052.0,53271.0,67775.0,35.8,0,-42317.53522308721,36643.43056745971
14081.0,25057.0,3975.0,7063.0,3318,3268,4488,4543,13964.0,13338.0,3292.0,3784.0,35.9,0,-141392.80034497997,-25302.43660494945
915.0,4420.0,272.0,2951.0,192,93,165,62,4178.0,11105.0,14253.0,38494.0,35.9,0,-145335.1125503477,-18147.278703046803
167975.0,237065.0,31375.0,47904.0,463,293,185,133,211881.0,179157.0,70293.0,68779.0,35.9,0,62702.91716855639,111169.53482851434
4153.0,11624.0,1213.0,2581.0,752,1498,1138,2232,3390.0,6755.0,337.0,457.0,35.9,0,-153653.69295132847,-31388.548418545568
273366.0,401246.0,34646.0,48430.0,752,450,248,116,148984.0,127131.0,80514.0,70255.0,36.0,0,83725.43308454641,67023.98840806275
57429.0,84075.0,13840.0,18931.0,103,185,338,210,59002.0,53665.0,30306.0,41358.0,36.0,0,-81820.00658829116,11521.713011259944
33970.0,44606.0,10967.0,13898.0,0,81,475,161,34828.0,30485.0,23817.0,21694.0,36.0,0,-109188.37398557282,-6312.926591957545
12050.0,22779.0,3134.0,5634.0,3979,3933,4205,4302,12087.0,11649.0,889.0,1350.0,36.2,0,-144844.72169174475,-27229.399908331878
111628.0,169979.0,9034.0,12289.0,497,432,0,39,54883.0,51514.0,52924.0,44177.0,36.2,0,-56096.568857846185,18354.343563734725
8734.0,24832.0,1908.0,4260.0,4366,4806,5912,6477,14654.0,16356.0,0.0,1933.0,36.4,0,-146143.47993878866,-24896.85413200379
19199.0,17221.0,2178.0,4202.0,3983,3895,5145,5096,13331.0,12183.0,4744.0,2880.0,36.4,0,-140399.25657419383,-24441.880846526896
2315.0,5095.0,2866.0,4293.0,1073,950,1795,1838,3942.0,4130.0,349.0,618.0,36.4,0,-152989.70261582694,-31925.72498832931
42916.0,75324.0,8599.0,15373.0,474,279,286,175,46737.0,45024.0,18988.0,32951.0,36.4,0,-102150.27245289533,1901.7028728771947
14572.0,25819.0,2550.0,5496.0,3087,2934,3664,3755,12059.0,11355.0,1568.0,3182.0,36.4,0,-143748.45779943245,-26465.950694542076
4410.0,9188.0,1594.0,4217.0,1803,1800,2714,2849,6355.0,6358.0,433.0,733.0,36.5,0,-151874.019078436,-29682.31602178256
5099.0,10302.0,1654.0,4987.0,3104,3789,3313,4263,7162.0,8285.0,1102.0,1299.0,36.5,0,-150864.53551889083,-28882.64660759272
56705.0,83806.0,11404.0,16673.0,308,222,0,67,56060.0,49734.0,44730.0,36607.0,36.5,0,-80402.15229016944,16526.891087895343
49901.0,76158.0,23695.0,37699.0,85,134,247,189,51616.0,46497.0,38286.0,34937.0,36.5,0,-79293.47268881877,3471.3931408388707
46265.0,75158.0,4590.0,7979.0,311,146,92,82,38753.0,35942.0,23445.0,32666.0,36.6,0,-105538.41038921206,977.0295254770208
7133.0,21679.0,1895.0,4040.0,4112,4624,5875,6731,15431.0,17734.0,2765.0,3297.0,36.6,0,-145265.66743146355,-22914.132403110183
6508.0,13117.0,2423.0,4912.0,2691,2683,3441,3505,11347.0,11971.0,506.0,1317.0,36.6,0,-148088.2412774898,-27057.46572087026
39404.0,66704.0,2044.0,3756.0,505,317,55,80,38376.0,34754.0,26767.0,26607.0,36.7,0,-109815.46359911912,3204.264637379867
40023.0,73290.0,3970.0,6462.0,0,86,0,54,55075.0,52349.0,22062.0,36387.0,36.9,0,-101205.56934028328,12108.894848486412
11859.0,22946.0,587.0,3431.0,3952,4245,5616,5646,16286.0,15879.0,3761.0,4435.0,36.9,0,-143337.42790656423,-21259.38007667081
34791.0,56310.0,3402.0,6069.0,248,146,0,0,34183.0,33318.0,10156.0,20851.0,36.9,-1,-119523.64214269957,-7885.421142989981
7111.0,9956.0,2155.0,4556.0,3424,3415,4565,4508,11007.0,10566.0,2017.0,2580.0,37.1,0,-147459.3831496775,-26304.603298596223
199548.0,283200.0,131072.0,190748.0,8412,7166,20010,18363,51418.0,47300.0,17595.0,13343.0,37.1,0,45731.17161083527,-85901.06188190548
2656.0,6540.0,1175.0,3437.0,785,1583,743,1966,2248.0,5447.0,121.0,565.0,37.1,0,-154874.30995528895,-32063.737828236528
2168.0,9670.0,1172.0,4272.0,2972,4272,4343,6064,10464.0,14813.0,304.0,2150.0,37.2,0,-151095.06248243875,-26497.475853191245
4268.0,8621.0,2137.0,3447.0,3066,3204,3905,4161,9955.0,10713.0,986.0,1651.0,37.2,0,-149609.83688504086,-27356.67111693388
119064.0,160222.0,10733.0,13460.0,203,287,954,304,94810.0,86829.0,74495.0,63646.0,37.2,0,-23457.07561935752,54227.71719796531
59212.0,91468.0,2612.0,3987.0,145,173,197,122,53301.0,49908.0,37796.0,32087.0,37.2,0,-89821.0077340966,16505.075687474327
6059.0,7442.0,1797.0,3865.0,1936,1978,2493,2581,6284.0,5843.0,795.0,1426.0,37.3,0,-150869.3685064151,-29699.345966040368
270203.0,397238.0,19869.0,28857.0,560,540,134,247,204650.0,173500.0,113919.0,98640.0,37.4,0,113234.75312725772,130275.58480416384
43323.0,71585.0,1730.0,2453.0,41,146,96,124,39816.0,34076.0,25818.0,25012.0,37.4,0,-108330.96667035425,3403.514269571624
35353.0,52440.0,3247.0,5878.0,16,76,99,188,49642.0,48354.0,20268.0,35293.0,37.4,0,-106866.74143076743,8503.015250392844
660045.0,589357.0,1125970.0,1192150.0,1514,1165,537,209,375977.0,291030.0,195828.0,154716.0,37.4,3,1151278.2718629565,-437807.5846152126
2458.0,7439.0,448.0,1937.0,1912,1968,2445,2531,6634.0,7550.0,1266.0,2186.0,37.4,0,-152848.10555186385,-28077.578034468264
51456.0,69703.0,7374.0,8936.0,0,47,0,53,43606.0,41585.0,41106.0,33786.0,37.5,0,-92643.77286651294,9550.650757003748
12159.0,24759.0,52380.0,92721.0,2175,2112,2954,3128,10013.0,9699.0,2137.0,2779.0,37.5,0,-111091.6681472758,-58714.40640215931
83176.0,124528.0,952.0,5423.0,521,232,534,182,76699.0,65515.0,68487.0,52024.0,37.6,0,-56758.63614651238,46862.14168667114
52496.0,76968.0,19012.0,30233.0,242,177,0,84,61981.0,58207.0,32915.0,43491.0,37.6,0,-77693.29467690937,11914.85268690615
75927.0,118222.0,12920.0,19878.0,179,146,201,88,74992.0,66362.0,51257.0,55330.0,37.6,0,-58174.18070668605,32040.36904044775
5822.0,16678.0,1083.0,1798.0,2519,2881,3762,4244,10112.0,11425.0,1889.0,2412.0,37.7,0,-149202.5341707921,-26195.500874004963
3378.0,13132.0,538.0,2665.0,1184,1537,1457,1821,4025.0,5157.0,185.0,1406.0,37.7,0,-154085.753788608,-30423.987352518605
7578.0,11461.0,1913.0,3002.0,4954,5393,6027,6410,15753.0,15252.0,2763.0,3193.0,37.7,0,-144937.6355979526,-22768.64506663704
10912.0,27782.0,1308.0,3622.0,3718,3884,5636,5496,15584.0,15440.0,3742.0,3135.0,37.8,0,-143715.58184836703,-22310.72202665023
17950.0,40852.0,1301.0,3310.0,4137,4421,5565,6087,15184.0,13991.0,2529.0,3803.0,37.8,0,-141380.95476508196,-23418.91470202596
50529.0,70612.0,4303.0,7503.0,219,152,152,113,46052.0,44989.0,38812.0,37263.0,37.9,0,-94448.03214198668,12681.135601351194
7052.0,7453.0,2040.0,4346.0,1884,1859,2992,2843,7907.0,7368.0,1862.0,1518.0,38.0,0,-149157.319746959,-28426.539102765
72637.0,98285.0,16640.0,22084.0,0,180,169,113,45574.0,43276.0,37363.0,37383.0,38.0,0,-77610.3624839754,2608.11537039452
3256.0,9119.0,1172.0,2844.0,4970,5657,5669,6883,12963.0,15117.0,176.0,2042.0,38.0,0,-149577.64281592894,-25057.70699713836
2674.0,6684.0,343.0,2394.0,456,1691,695,1931,1793.0,6187.0,241.0,326.0,38.1,0,-155633.3278731894,-31818.077241174546
24578.0,40936.0,6867.0,11009.0,6521,6327,9241,9283,26552.0,25105.0,4089.0,4696.0,38.1,0,-128999.51602344704,-19351.795270114937
32628.0,53174.0,8838.0,14593.0,154,145,0,0,34833.0,34873.0,14472.0,26439.0,38.1,-1,-114063.8260809609,-8039.061436088992
2149.0,7891.0,1970.0,4030.0,1979,2082,3466,4055,9934.0,11426.0,1372.0,2912.0,38.1,0,-150303.61003147726,-26763.170518197097
879.0,3921.0,236.0,1035.0,46,18,122,9,4031.0,7736.0,1272.0,1928.0,38.3,0,-154852.11077304612,-29530.510835634464
1596.0,9419.0,0.0,338.0,143,18,83,0,4610.0,8811.0,0.0,98.0,38.3,-1,-155162.54229582628,-29888.93255437274
414956.0,499199.0,50154.0,69030.0,315,476,0,74,675719.0,523058.0,326057.0,248206.0,38.3,3,502980.6146320888,512718.6985863385
21060.0,34210.0,3793.0,7301.0,7224,8024,9389,10087,27382.0,27782.0,4043.0,5011.0,38.3,0,-132164.2524053597,-16637.425147834452
4862.0,15247.0,1148.0,3407.0,2078,2652,2917,3620,9822.0,12632.0,903.0,2015.0,38.3,0,-150097.61659626578,-26836.360375112505
298181.0,447963.0,22253.0,30465.0,251,263,99,137,181131.0,161909.0,86749.0,89460.0,38.4,0,104548.1103116054,99216.36793745008
28159.0,34999.0,10019.0,15593.0,1733,1688,4192,4280,11707.0,11979.0,4308.0,5347.0,38.4,0,-131902.77234966634,-30761.17495887828
4392.0,16435.0,1529.0,3564.0,841,1223,1499,1837,4576.0,6133.0,1308.0,2056.0,38.4,0,-152241.8925532661,-30187.75490232793
12089.0,23520.0,5038.0,8433.0,3454,3887,4783,4657,14667.0,14416.0,3896.0,4087.0,38.5,0,-140895.69202127203,-25093.22080078129
19993.0,40518.0,925.0,1874.0,107,144,0,73,25305.0,25592.0,20067.0,18655.0,38.5,0,-127908.3502257908,-7183.577347113049
18404.0,12912.0,3196.0,5652.0,1665,1319,2176,2414,6514.0,7066.0,3130.0,2828.0,38.5,0,-143706.20236776728,-30030.265587193317
33108.0,53026.0,4056.0,6869.0,7089,7009,9451,9146,28076.0,26970.0,8309.0,7043.0,38.6,0,-124905.00925880988,-15030.30459865884
39709.0,63444.0,3223.0,4493.0,427,262,203,157,45260.0,42674.0,28041.0,36462.0,38.6,0,-104057.57640867046,8913.435457349744
8620.0,15048.0,3584.0,5160.0,3063,2951,3844,4044,10872.0,9918.0,2000.0,2536.0,38.6,0,-145929.00307808915,-27400.79853106723
35899.0,58918.0,8514.0,13015.0,119,78,80,39,38796.0,35507.0,19629.0,27452.0,38.7,0,-109121.81201495868,-3223.5874945334654
3056.0,11877.0,705.0,2516.0,2220,3069,2442,3415,6481.0,9015.0,375.0,890.0,38.7,0,-152986.59625835746,-28956.65902779396
263839.0,383874.0,24414.0,37427.0,892,443,0,19,207202.0,180281.0,99542.0,81943.0,38.7,0,107502.81983785953,120736.3539854762
3451.0,7794.0,2440.0,4961.0,2452,2354,3386,3454,8937.0,7791.0,941.0,2072.0,38.8,0,-150159.5478141644,-28089.49773142949
34211.0,55314.0,4294.0,6238.0,5,108,0,0,32184.0,29650.0,25161.0,24220.0,38.8,-1,-114083.30359681688,-2834.96754744769
161524.0,227183.0,60601.0,94123.0,285,281,316,153,157468.0,132891.0,69248.0,63372.0,38.8,0,54644.29732388395,57529.83134001987
28356.0,46227.0,113282.0,177207.0,5100,5032,6951,7299,21485.0,21986.0,1990.0,5971.0,38.8,0,-56869.03666834261,-90292.0140152585
10524.0,18881.0,3089.0,5310.0,3336,3395,5288,5328,15269.0,15398.0,3595.0,3083.0,38.8,0,-142848.68928455832,-23673.37042841992
27872.0,41816.0,1898.0,2963.0,4308,4360,6825,6940,20912.0,20564.0,2841.0,5140.0,38.9,0,-134037.10963419243,-20468.494793511694
1597.0,9176.0,446.0,2376.0,195,115,197,165,3621.0,7114.0,2006.0,4965.0,39.0,0,-153942.8558442224,-29172.809571025493
521662.0,649266.0,53094.0,72409.0,1327,1374,876,307,879213.0,719432.0,255820.0,222630.0,39.0,3,611298.9256764342,599028.2718092859
4448.0,11200.0,916.0,2233.0,1754,2336,2998,3549,7168.0,9063.0,738.0,1356.0,39.1,0,-151768.62634994372,-28516.393519221743
4525.0,11372.0,1016.0,2682.0,1704,1555,2885,3157,8499.0,9415.0,1328.0,1624.0,39.1,0,-150816.65050014266,-27452.267502600534
163067.0,228917.0,36976.0,56709.0,622,369,0,39,109540.0,95361.0,90057.0,77982.0,39.1,0,26880.42811849533,53033.39562665945
283698.0,375546.0,47788.0,67651.0,131,167,11,76,143589.0,121699.0,90461.0,76533.0,39.1,0,99062.36154816624,59871.74927718035
311992.0,459504.0,70570.0,94270.0,430,336,220,152,154704.0,132286.0,82331.0,78403.0,39.2,0,128629.58923035327,47646.540320489046
6711.0,11792.0,1802.0,4049.0,2618,4398,3624,5446,8950.0,12598.0,1658.0,1784.0,39.2,0,-149030.352115813,-27637.519427551397
3091.0,14800.0,1077.0,3384.0,2201,3007,2857,3922,6764.0,9270.0,126.0,524.0,39.2,0,-152725.44655820428,-29175.767212045637
59656.0,89270.0,4272.0,5497.0,162,251,49,54,56482.0,52505.0,37746.0,32926.0,39.3,0,-86971.36941733178,17558.60373911141
52543.0,75625.0,8081.0,14042.0,496,316,23,91,39841.0,37404.0,15827.0,25421.0,39.3,0,-103792.66315949571,-5294.383098862116
3054.0,8243.0,111.0,1850.0,115,25,98,0,8993.0,12624.0,29236.0,27075.0,39.4,-1,-138315.0744705505,-10684.946575623077
1030950.0,748650.0,245566.0,226143.0,3502,1564,1352,429,2018470.0,911822.0,979186.0,436539.0,39.4,3,1760365.64523917,1503274.9323833678
356378.0,469895.0,56603.0,78008.0,734,565,0,173,245230.0,206921.0,163934.0,126405.0,39.4,0,214152.9695222062,152712.4021524778
15144.0,35081.0,1378.0,3911.0,6664,6555,8863,9087,22155.0,22400.0,2385.0,5636.0,39.4,0,-139145.9550474339,-18637.844886745377
3256.0,9530.0,1913.0,4594.0,2649,3136,3946,4602,10140.0,11819.0,673.0,2861.0,39.5,0,-150059.06816638444,-26969.99146426686
68829.0,105475.0,2859.0,4333.0,183,99,181,104,48255.0,46369.0,25022.0,29360.0,39.5,0,-93045.63885036016,6736.818026499805
6593.0,16493.0,2902.0,5723.0,3391,3103,4356,4726,11818.0,11531.0,2310.0,3404.0,39.5,0,-146578.13530075402,-25972.43540058719
4061.0,18678.0,2313.0,5834.0,852,1138,2628,2842,6418.0,6739.0,2216.0,3382.0,39.5,0,-150501.54575420087,-28897.32235466495
5249.0,15105.0,1090.0,2781.0,3084,3206,4109,4682,11007.0,12005.0,319.0,1187.0,39.5,0,-149761.3513764527,-26451.798557134152
15133.0,24380.0,12544.0,22196.0,1466,1260,3026,3002,8473.0,7857.0,1512.0,2797.0,39.5,0,-138307.5294593185,-35129.71875569832
101049.0,141641.0,17891.0,24276.0,32,109,55,95,84110.0,77336.0,88695.0,64029.0,39.5,0,-25427.84077076384,50156.89498955511
25389.0,38613.0,1975.0,4708.0,463,222,340,133,28496.0,24728.0,15844.0,13576.0,39.6,0,-125733.92197295674,-8762.459971995613
58055.0,89744.0,7978.0,13422.0,209,139,425,233,44454.0,37270.0,34338.0,34994.0,39.6,0,-91486.04135900876,6633.59557267516
32390.0,56881.0,8006.0,11736.0,185,124,33,50,36655.0,33330.0,31186.0,27495.0,39.6,0,-107604.21899138864,825.7636164491232
3615.0,8626.0,983.0,2641.0,2398,2687,2568,2854,8230.0,9165.0,810.0,1694.0,39.6,0,-151514.53473649078,-27749.960743192467
124030.0,186028.0,6533.0,8281.0,215,311,266,112,89777.0,81319.0,79483.0,71639.0,39.6,0,-23742.889372638456,56733.72996100564
969129.0,1004180.0,1119770.0,1275980.0,3674,1957,1189,521,435654.0,351674.0,188167.0,163965.0,39.6,3,1298822.8309272826,-417999.4308295805
5493.0,12197.0,2420.0,3356.0,3508,3551,4281,4522,10319.0,10789.0,1772.0,2571.0,39.6,0,-148340.86815658826,-26905.83222358825
10828.0,17601.0,696.0,1797.0,2887,3079,3857,4109,9239.0,10431.0,3695.0,2801.0,39.7,0,-147096.70551312328,-26009.6889714186
9890.0,24615.0,1563.0,3263.0,3229,3490,4277,4675,14009.0,16715.0,2183.0,3819.0,39.7,0,-145159.78146078842,-23947.446209562717
6986.0,11793.0,4140.0,7476.0,4450,4475,5743,5740,15428.0,16210.0,3154.0,3478.0,39.8,0,-143609.86334890686,-24124.28430682403
37402.0,57786.0,68313.0,100082.0,3843,3616,6140,6044,16198.0,14431.0,3726.0,3403.0,39.8,0,-86289.98782725217,-65674.39313653826
11411.0,22536.0,3556.0,8812.0,1644,1767,3585,3790,10258.0,10733.0,2505.0,3428.0,39.8,0,-144786.61245536126,-27597.16827136569
30476.0,47255.0,5940.0,7806.0,4852,4531,7870,8152,25004.0,26601.0,4832.0,6257.0,39.8,0,-127456.23834552594,-19571.40947861207
51050.0,82039.0,149455.0,222905.0,3055,3268,4406,4458,11849.0,12631.0,1790.0,2813.0,39.8,0,-27420.06993429418,-121165.0263797815
49620.0,81077.0,3290.0,6520.0,221,110,0,9,52637.0,47234.0,30862.0,40533.0,39.9,0,-95072.14139380991,14728.343958182446
39416.0,64081.0,4047.0,5649.0,379,274,45,111,52169.0,48414.0,45793.0,39646.0,39.9,0,-93540.49712585295,20743.005605499744
8069.0,18934.0,1256.0,4083.0,2005,2294,3074,2903,8499.0,8230.0,2409.0,2170.0,39.9,0,-148730.73891603836,-27291.849974327124
21387.0,33907.0,5479.0,9311.0,2616,2294,5751,5869,14544.0,14865.0,2934.0,4118.0,39.9,0,-137190.66902490146,-26447.77552382521
2878.0,11362.0,1155.0,3805.0,4466,5885,5038,6375,9141.0,11084.0,0.0,509.0,40.0,0,-151727.78255444064,-27759.98756319815
1298.0,4271.0,1172.0,4295.0,1559,2216,1703,2465,4753.0,6607.0,744.0,994.0,40.0,0,-154016.1410527301,-30057.857651926577
12542.0,25687.0,3014.0,4951.0,2652,2872,4551,4934,15499.0,15708.0,5921.0,4818.0,40.1,0,-140895.22428650432,-22358.730918217298
56315.0,80666.0,26906.0,44239.0,3095,2991,8069,8096,23210.0,22983.0,8481.0,5544.0,40.1,0,-101952.0546372026,-34129.328772172834
2226.0,13665.0,1011.0,3931.0,729,1506,927,2116,1972.0,4679.0,734.0,1161.0,40.2,0,-154986.44578738822,-31753.98542256641
14810.0,26709.0,3082.0,4667.0,3572,3290,4952,4893,14453.0,13787.0,1477.0,2176.0,40.2,0,-142362.33166654434,-25498.730486762597
51111.0,87086.0,8857.0,16774.0,206,232,245,120,41998.0,39873.0,30669.0,32637.0,40.2,0,-96482.01282462168,3061.906339480778
23254.0,34099.0,2312.0,3610.0,11192,12273,14466,14563,36874.0,34695.0,5868.0,5294.0,40.3,0,-127284.77505161664,-9028.707165160213
1179.0,4389.0,995.0,3467.0,2760,3587,3027,3933,7188.0,9269.0,1527.0,1905.0,40.3,0,-152680.9311449707,-27922.519541113696
9571.0,15556.0,2255.0,4635.0,5275,5378,7483,7398,20433.0,20291.0,2864.0,3053.0,40.3,0,-141753.32148999211,-20130.71401318991
5017.0,20023.0,1412.0,3744.0,1979,2815,2697,3527,6980.0,9103.0,889.0,1099.0,40.3,0,-151254.4600698474,-28962.43688595147
19030.0,33045.0,1440.0,3453.0,4149,3998,7073,7049,20156.0,20898.0,4241.0,5384.0,40.4,0,-137767.72079773503,-19457.009180999357
7553.0,11451.0,1668.0,2915.0,3409,3781,4659,5117,12281.0,12722.0,1730.0,2137.0,40.4,0,-147202.14680488192,-25413.336375801864
60138.0,86755.0,9288.0,13995.0,439,342,179,150,54810.0,49911.0,36086.0,43577.0,40.4,0,-83329.91593270963,14333.797071666191
20575.0,32775.0,12072.0,19297.0,4798,4450,4937,4801,14294.0,12944.0,1166.0,3154.0,40.4,0,-133853.36651249992,-31592.728675613413
5143.0,11994.0,628.0,2615.0,2899,3215,3364,3582,7539.0,7247.0,662.0,1052.0,40.5,0,-151579.07039642942,-28226.952319228363
46379.0,73781.0,1627.0,3812.0,115,173,222,83,43107.0,40162.0,25906.0,26231.0,40.5,0,-105480.14047125763,5583.2066014527845
2236.0,7917.0,641.0,1937.0,1606,1824,1874,1990,3932.0,4164.0,311.0,788.0,40.6,0,-154554.3342292969,-30518.91968080867
6434.0,13636.0,739.0,2662.0,2467,3045,3397,4094,9326.0,10322.0,798.0,1996.0,40.6,0,-149999.57791918016,-27041.64411643756
8688.0,17278.0,1280.0,3617.0,1516,1356,2089,1922,6934.0,6451.0,1460.0,1966.0,40.6,0,-149544.54268239203,-28769.530812907065
5845.0,10521.0,1865.0,3772.0,1755,1797,2977,2997,9371.0,9610.0,1938.0,3035.0,40.6,0,-148893.04665167036,-27037.14998151975
3498.0,11505.0,336.0,1291.0,2483,2717,3156,3798,6625.0,7876.0,56.0,601.0,40.7,0,-153148.24577007545,-28841.42476030654
16603.0,29944.0,2995.0,4722.0,1970,2237,5120,5346,13047.0,14363.0,5010.0,6918.0,40.7,0,-140422.3802545316,-24204.359388795656
48546.0,57467.0,1905.0,3247.0,311,198,0,90,40986.0,40013.0,16949.0,32661.0,40.8,0,-107849.88782772698,1199.6361135190637
16440.0,29059.0,1526.0,4279.0,5643,5327,6645,6720,17151.0,15359.0,598.0,1893.0,40.8,0,-141906.41101863323,-23333.852644131
503.0,2785.0,1072.0,4668.0,2234,4133,2815,5194,7077.0,13221.0,822.0,2169.0,40.8,0,-153182.9015509537,-28250.62161128154
50309.0,77197.0,11097.0,17044.0,297,91,222,134,50307.0,50436.0,35349.0,45160.0,40.8,0,-88208.10457192162,10934.683512698222
4291.0,10080.0,1217.0,4335.0,2459,2752,3223,3876,8026.0,9540.0,1986.0,3059.0,40.9,0,-150560.64432734126,-27355.7636408878
75352.0,118739.0,24795.0,39310.0,577,223,0,0,75471.0,66286.0,63963.0,57500.0,40.9,-1,-45047.4063327668,30620.754841010978
4394.0,10367.0,988.0,3295.0,2358,3150,3087,4194,8677.0,12034.0,0.0,278.0,40.9,0,-151467.82920394556,-28086.955243570097
121162.0,174986.0,14709.0,19100.0,590,520,254,105,58259.0,48469.0,54021.0,48995.0,41.0,0,-45737.1294921513,17540.453040846416
127321.0,168934.0,32393.0,48394.0,0,173,604,209,109023.0,95084.0,97236.0,80100.0,41.0,0,11760.187058293435,61261.08172681458
1321.0,5867.0,662.0,2390.0,2184,3938,3339,5568,7273.0,12786.0,167.0,987.0,41.0,0,-153433.2154513314,-28385.689963026147
2120.0,5593.0,992.0,1634.0,4762,10417,7169,14828,5117.0,10522.0,2938.0,3200.0,41.0,0,-152537.2403296704,-28483.19621364302
4829.0,23528.0,1513.0,4426.0,2326,4050,3197,5249,8165.0,14074.0,1556.0,2406.0,41.0,0,-150314.77891109945,-27773.853606339835
4358.0,10119.0,496.0,1751.0,541,2057,813,2771,2185.0,7511.0,650.0,753.0,41.0,0,-154456.08905882647,-31535.365685445064
82124.0,127115.0,8924.0,11947.0,379,243,0,60,57574.0,53671.0,36344.0,44113.0,41.0,0,-73168.97121891555,15075.05045108197
2138.0,7458.0,636.0,1930.0,1592,1885,2121,2539,6929.0,8618.0,760.0,999.0,41.1,0,-153054.17414188798,-28391.608077190424
44500.0,73786.0,2490.0,3618.0,382,191,225,132,42863.0,39947.0,19287.0,30640.0,41.1,0,-107648.70611617938,2939.240279678092
13556.0,26972.0,4344.0,5288.0,2755,2607,3431,3666,10452.0,9923.0,2073.0,3460.0,41.1,0,-143429.65170689253,-28286.0802960696
74734.0,125394.0,322390.0,516604.0,3068,3084,8042,7784,21239.0,20202.0,6261.0,6593.0,41.2,0,108068.44294847982,-222849.6075348408
26049.0,41308.0,24534.0,40732.0,1902,2374,5556,5405,15759.0,15587.0,7335.0,5532.0,41.2,0,-119773.90842370444,-35872.088224260166
21760.0,37411.0,5335.0,10447.0,2633,2854,7091,7144,18734.0,18165.0,4484.0,7792.0,41.2,0,-134210.47086766973,-22489.169759452863
52655.0,77586.0,17271.0,28548.0,322,282,156,139,59278.0,56790.0,51769.0,45873.0,41.2,0,-72789.66176416546,19582.30035749929
13419.0,23019.0,2293.0,3713.0,1882,1993,4832,4795,10909.0,10922.0,2558.0,3590.0,41.3,0,-144500.8784077769,-26472.095495836445
11381.0,18087.0,3026.0,5379.0,12258,12907,18011,18252,43323.0,39554.0,7345.0,12938.0,41.4,0,-127228.8302685695,-2773.7765315662764
36769.0,47813.0,9417.0,9114.0,711,215,103,132,33235.0,30127.0,29342.0,27513.0,41.4,0,-107055.32270663197,-3278.2165676112527
3360.0,8705.0,2485.0,4142.0,2000,1960,2391,2659,6804.0,7246.0,2195.0,1927.0,41.4,0,-150685.13542855327,-28959.55814942755
8110.0,20931.0,1412.0,3374.0,1885,2251,2928,3494,8304.0,9662.0,1389.0,2239.0,41.4,0,-149062.29250885922,-27932.916782392465
983.0,6088.0,538.0,2380.0,1205,2183,1428,2592,3788.0,7024.0,855.0,1418.0,41.5,0,-154924.60552699823,-30135.221227893308
72199.0,103603.0,18646.0,29437.0,0,133,0,104,61940.0,55840.0,44565.0,45121.0,41.5,0,-65390.97250761502,15988.45540531552
320917.0,426691.0,215820.0,265562.0,810,272,352,155,176315.0,154293.0,100086.0,84142.0,41.5,0,249611.35990921405,-22090.58923391789
62337.0,95295.0,5668.0,9279.0,562,280,99,45,58323.0,51434.0,43430.0,42350.0,41.5,0,-80790.09909421505,21569.18276784585
60748.0,87472.0,4294.0,5336.0,0,2,74,51,56000.0,51639.0,40109.0,39264.0,41.5,0,-85053.73999078874,19177.956599085508
10577.0,11929.0,3405.0,4301.0,5631,5838,7013,7143,16416.0,15674.0,3768.0,3673.0,41.6,0,-141945.96319629776,-22980.558472695728
13479.0,24548.0,1690.0,3018.0,5481,5811,7044,7249,17804.0,17865.0,5018.0,3686.0,41.7,0,-140853.48068263772,-20688.02628853694
17220.0,29372.0,3994.0,6529.0,9232,9051,10321,10267,26212.0,25239.0,6143.0,4867.0,41.8,0,-133362.97205288548,-16395.274639755422
9115.0,10523.0,2614.0,3282.0,2583,2449,3712,3458,10226.0,9853.0,2976.0,3455.0,41.8,0,-146212.31176722568,-26675.307810304163
256119.0,369097.0,25380.0,35039.0,557,308,278,118,217609.0,193018.0,87115.0,86742.0,41.8,0,105719.90035819916,122768.41424924016
183153.0,273348.0,55882.0,83670.0,290,176,283,162,189398.0,158867.0,68040.0,72640.0,41.8,0,75362.78463359154,80256.05921623216
6122.0,15223.0,2380.0,4991.0,2627,2679,3673,3878,9977.0,9810.0,1961.0,2392.0,41.9,0,-148220.69241915725,-27087.95294586208
16247.0,34113.0,5314.0,10597.0,322,209,0,0,21863.0,21133.0,12464.0,19474.0,41.9,-1,-130670.46593844883,-14926.04847670101
11489.0,17173.0,1917.0,3540.0,4728,4404,6670,6546,18175.0,17748.0,1784.0,2068.0,41.9,0,-142744.50434013747,-22083.557070891875
36499.0,45142.0,11899.0,16246.0,155,131,90,58,31399.0,29217.0,29607.0,21536.0,42.0,0,-106938.2600664189,-6827.404770374502
37758.0,55241.0,2258.0,5446.0,215,124,308,157,25334.0,21951.0,20667.0,20442.0,42.0,0,-119251.8032193575,-8617.435575563351
2178.0,6647.0,1498.0,3422.0,1952,2282,2414,3021,6462.0,7611.0,529.0,1172.0,42.0,0,-152715.26778409406,-29299.44521838781
162597.0,237414.0,73887.0,49224.0,160,335,0,44,73199.0,64976.0,59931.0,53436.0,42.0,0,21574.07980937659,-9667.440950620756
12564.0,29262.0,2430.0,5030.0,3846,4148,5114,5279,13476.0,12846.0,1605.0,1971.0,42.0,0,-144150.65808175266,-25540.199946637196
27368.0,50301.0,17917.0,27649.0,509,344,0,75,34118.0,30588.0,17960.0,24051.0,42.0,0,-109275.77961488588,-12777.13333458911
555.0,2938.0,681.0,2538.0,1271,2173,1562,2831,4780.0,9106.0,33.0,302.0,42.1,0,-154997.96310716338,-30093.721122435985
171708.0,235232.0,17543.0,26033.0,351,211,0,91,216463.0,181055.0,103601.0,80980.0,42.2,0,70578.67042792722,138442.08751013523
2298.0,8349.0,679.0,2524.0,1719,2226,1994,2511,5148.0,6928.0,276.0,560.0,42.2,0,-153995.8267088639,-29829.04350445754
18998.0,16965.0,2192.0,4652.0,3919,3394,6583,5800,17139.0,16279.0,4685.0,3724.0,42.3,0,-138668.6528085028,-21915.71867454188
2278.0,7555.0,1285.0,3423.0,2640,3413,3273,4128,8924.0,11498.0,1020.0,1401.0,42.3,0,-151498.7308360234,-27371.311464492574
6141.0,13237.0,2054.0,3723.0,3979,4088,5085,5301,14318.0,14910.0,1491.0,2523.0,42.3,0,-146633.12414623908,-24313.775023910395
42478.0,65827.0,13625.0,20740.0,438,305,0,0,34149.0,34340.0,17974.0,26842.0,42.3,-1,-105690.13924673876,-10581.851783261776
28262.0,55439.0,6455.0,10691.0,145,167,244,167,35617.0,34624.0,14181.0,26108.0,42.4,0,-117284.46751335137,-5945.918197711562
1988.0,8142.0,679.0,2013.0,986,2495,1038,3198,3130.0,7679.0,1334.0,1911.0,42.4,0,-154474.22492448965,-30425.7277568306
20057.0,33619.0,4868.0,5937.0,221,132,348,175,29980.0,28779.0,14687.0,22715.0,42.4,0,-124523.43752065566,-8312.522249080666
114431.0,176869.0,31831.0,51139.0,71,223,403,204,86380.0,79636.0,47792.0,70711.0,42.4,0,-23548.093284425704,25880.71338784858
30055.0,50314.0,14329.0,21699.0,0,68,87,143,35933.0,35001.0,21946.0,31030.0,42.5,0,-107483.14797294604,-6758.290626367434
133656.0,194980.0,5194.0,7744.0,65,197,130,91,77852.0,67742.0,56775.0,53939.0,42.5,0,-36718.80489311296,37039.74154726177
6375.0,16619.0,2526.0,3408.0,2214,2284,3491,3608,8887.0,9843.0,524.0,769.0,42.6,0,-149244.1975754806,-28748.76311415275
46529.0,60363.0,17447.0,26074.0,170,88,89,155,36710.0,33335.0,27127.0,28507.0,42.6,0,-96639.61444783724,-7526.265266717906
6880.0,20059.0,2077.0,5960.0,3345,3661,4394,4855,10261.0,10918.0,1027.0,1468.0,42.6,0,-148450.40878890298,-27306.50906936181
4200.0,12245.0,1531.0,4547.0,2205,2360,2770,3058,7134.0,8197.0,802.0,988.0,42.7,0,-151482.96549200203,-28941.02218251851
6659.0,20343.0,1320.0,3988.0,4227,5127,5212,6265,13951.0,17341.0,668.0,2290.0,42.8,0,-147425.77372930874,-24501.292937019407
8094.0,23866.0,3273.0,8249.0,23798,28337,24941,30239,8783.0,10443.0,766.0,1468.0,42.9,0,-147818.22367315186,-29148.85491950425
46836.0,81832.0,12281.0,20594.0,121,102,137,64,54980.0,51739.0,33768.0,44529.0,42.9,0,-87369.74156836068,12606.957887339642
41846.0,68969.0,6697.0,8708.0,71,99,140,133,43457.0,38227.0,35317.0,31388.0,43.1,0,-99553.00436025656,7692.34791628514
2001.0,10680.0,5254.0,15492.0,218,130,90,0,16586.0,24451.0,3332.0,6466.0,43.1,-1,-143936.65487085888,-23220.50975899103
2691.0,13140.0,4564.0,13516.0,294,277,87,5,12840.0,20609.0,6797.0,9340.0,43.1,0,-144173.99274846257,-23288.229357431257
2930.0,10728.0,4009.0,8671.0,246,241,102,39,26658.0,25266.0,7482.0,8394.0,43.1,0,-138096.7888775822,-14082.804300997635
2534.0,15767.0,902.0,4625.0,118,0,115,0,4761.0,9403.0,3294.0,6014.0,43.1,-1,-152125.144777113,-28088.271471338936
3752650.0,1790780.0,5427550.0,4309920.0,13565,4891,3690,1321,3898720.0,1462360.0,3224940.0,987040.0,43.1,2,8199509.208179922,292505.44344049715
29718.0,45444.0,4004.0,5703.0,191,157,254,102,25772.0,24462.0,14179.0,16986.0,43.1,0,-123972.30457928112,-12191.332158597848
62711.0,95424.0,4784.0,8764.0,445,242,228,134,54266.0,50126.0,40227.0,39078.0,43.1,0,-84671.95631801197,17666.028725382184
1400.0,8874.0,87.0,1158.0,74,0,124,3,4626.0,11113.0,15193.0,27098.0,43.2,0,-146155.58745199555,-19213.87346415258
3352.0,16719.0,935.0,4562.0,140,44,210,171,18925.0,27069.0,14235.0,21911.0,43.2,0,-139333.01518474476,-12066.454086159803
2772.0,10508.0,904.0,2380.0,119,30,59,17,27765.0,26617.0,24385.0,20057.0,43.2,0,-132095.36108272042,-2458.870978685696
1193910.0,1171530.0,274737.0,300653.0,4134,2594,591,604,2409290.0,1745060.0,1196270.0,853315.0,43.2,3,2156209.1664010063,1879451.4776898564
30059.0,52904.0,4483.0,6682.0,0,76,182,120,30212.0,28733.0,13261.0,21402.0,43.3,0,-121281.57998969084,-9383.3969960281
1926.0,6876.0,1225.0,3843.0,2470,3382,2805,3678,6552.0,8609.0,682.0,2105.0,43.4,0,-152790.41535715252,-28840.34290368235
7962.0,16070.0,2209.0,4392.0,2216,1823,3179,3376,9791.0,9728.0,3267.0,2157.0,43.5,0,-147218.37830548763,-26708.31183014281
1037.0,6368.0,0.0,240.0,98,0,187,101,2574.0,5482.0,2754.0,5243.0,43.5,0,-154641.24571430017,-29159.862998332384
1195.0,4737.0,420.0,1652.0,131,115,178,98,18356.0,25980.0,5553.0,7539.0,43.5,0,-145848.5498521311,-17912.29853630064
5412.0,12814.0,266.0,1191.0,198,170,141,137,13547.0,17983.0,7832.0,6518.0,43.5,0,-145683.78718694046,-20338.018276820843
1079.0,5072.0,945.0,3317.0,165,132,103,42,1905.0,4271.0,7947.0,13104.0,43.5,0,-151363.30190801577,-26738.553799345013
1143760.0,1102940.0,174861.0,194063.0,2305,1477,601,485,2152970.0,1428160.0,827259.0,592708.0,43.5,3,1782031.7500802942,1586689.4134756394
7114.0,21465.0,798.0,2097.0,2059,2051,3080,3252,9091.0,10052.0,1857.0,1415.0,43.5,0,-149470.20646556167,-26920.75286764074
5833.0,15828.0,2753.0,6382.0,1251,1290,1940,2103,4954.0,5322.0,0.0,365.0,43.6,0,-151331.00544902534,-31630.389014782915
28905.0,53979.0,11555.0,20642.0,19740,20770,23850,23753,92586.0,82683.0,27781.0,25473.0,43.6,0,-82804.05418684501,32474.807037547496
5748.0,10573.0,1354.0,3183.0,2670,3209,4043,4829,11297.0,12800.0,2516.0,3361.0,43.7,0,-148159.48132039676,-25195.64996466785
36105.0,58358.0,4167.0,5729.0,143,81,57,102,40069.0,37820.0,23174.0,29759.0,43.7,0,-109865.68546016447,2154.7567705078
15826.0,29451.0,5024.0,7476.0,7091,7914,9308,9754,24790.0,24378.0,3382.0,4201.0,43.8,0,-134972.78480817788,-19116.44184761949
41512.0,68924.0,18324.0,30078.0,463,531,0,109,52104.0,47998.0,38096.0,40462.0,43.8,0,-85589.47964796903,8503.255225308629
25966.0,41593.0,6086.0,9013.0,260,205,137,72,20366.0,18832.0,15423.0,17238.0,43.8,0,-126017.22999385472,-16110.65211209159
4182.0,10927.0,688.0,1526.0,1909,2059,2483,3259,6644.0,8082.0,2154.0,1709.0,43.8,0,-151704.36416134416,-28037.823930843435
1788.0,7906.0,187.0,1553.0,714,1580,823,2180,2049.0,4912.0,1143.0,1842.0,43.9,0,-155463.31231384864,-30878.82861911674
14237.0,26018.0,2918.0,7995.0,8774,8336,11351,11178,25981.0,24188.0,5010.0,3912.0,43.9,0,-135970.2885164969,-16297.76334831395
3530510.0,1913160.0,9814520.0,7024940.0,13845,4658,4789,1594,573911.0,435979.0,338260.0,222867.0,44.0,4,8477296.458415957,-5883434.939076078
8721.0,13826.0,2827.0,5324.0,4290,4462,5781,5719,14200.0,14317.0,3866.0,3017.0,44.0,0,-144155.47249066186,-23964.133805231817
3544.0,12388.0,1395.0,3986.0,2572,3619,3222,4515,7628.0,11079.0,1007.0,1724.0,44.0,0,-151452.78203830283,-28295.760073523677
7658.0,18291.0,1937.0,3808.0,4520,5114,5178,5511,15454.0,16740.0,1169.0,3251.0,44.0,0,-145606.07058090557,-23639.152513012086
26449.0,45204.0,8630.0,14250.0,56,119,23,51,26314.0,25299.0,11832.0,20172.0,44.0,0,-122336.28582707598,-15014.46852081654
56022.0,79612.0,8442.0,15113.0,200,126,0,151,66639.0,60805.0,49508.0,44273.0,44.0,0,-75226.44373391668,28355.03946579776
62735.0,93843.0,11684.0,18751.0,183,198,225,128,66568.0,59833.0,36077.0,40659.0,44.0,0,-75683.58681312337,19623.326873459733
22932.0,34728.0,8587.0,15878.0,284,227,155,97,19808.0,20244.0,4699.0,11645.0,44.1,0,-130448.41516246146,-23233.903320194277
63612.0,98569.0,12661.0,20430.0,318,230,349,203,49650.0,48582.0,25488.0,41525.0,44.1,0,-86074.67211874423,3952.0386484132505
2344.0,10515.0,1671.0,4784.0,2027,2709,2863,3949,8359.0,11895.0,263.0,531.0,44.2,0,-151851.03984999083,-28432.89709871336
13206.0,24989.0,1898.0,4483.0,5096,5426,7041,7482,17469.0,17963.0,2116.0,4158.0,44.2,0,-141984.8714037679,-22154.30323913925
3364.0,8431.0,1829.0,5121.0,1797,2316,2837,3430,6811.0,8638.0,0.0,120.0,44.2,0,-152171.62682615672,-29753.32992261715
11519.0,17440.0,4794.0,8409.0,2663,3293,4453,4657,13529.0,12030.0,603.0,2651.0,44.2,0,-143209.55264775496,-27234.843977143497
10714.0,20875.0,2047.0,3162.0,4940,4900,7198,7011,17088.0,17459.0,1465.0,3016.0,44.2,0,-143458.9530373294,-22782.732580869357
14134.0,25647.0,2317.0,5225.0,2890,2545,3961,3645,12449.0,11278.0,3961.0,2569.0,44.3,0,-143107.30104356466,-25138.007473062607
3723.0,10718.0,314.0,1461.0,145,143,188,54,1374.0,4953.0,19479.0,27694.0,44.3,0,-144856.29603654178,-19669.365414900756
74706.0,124801.0,10131.0,16005.0,269,187,182,95,67482.0,62598.0,44668.0,56301.0,44.3,0,-66294.6488461191,26513.27171376556
2416.0,13797.0,595.0,4073.0,1308,2245,2167,3768,4716.0,8199.0,0.0,69.0,44.4,0,-154364.865451736,-30250.966017937037
75672.0,107113.0,2349.0,6263.0,116,196,364,165,66006.0,59465.0,46599.0,48538.0,44.4,0,-72206.83678843957,29967.98021613245
5771.0,18177.0,2593.0,6406.0,2595,2734,3905,4481,12927.0,14490.0,1318.0,2956.0,44.4,0,-147053.24191631717,-25512.358445737525
1423.0,9556.0,102.0,2346.0,363,844,417,1112,1593.0,4544.0,153.0,602.0,44.4,0,-156400.38873450947,-31705.140228144897
61872.0,95000.0,17390.0,26420.0,0,87,327,122,14426.0,13544.0,4946.0,9889.0,44.4,0,-110980.10903824202,-34871.72672232419
2441.0,6616.0,1491.0,2913.0,2766,2968,3946,4362,10168.0,11385.0,39.0,2183.0,44.4,0,-150991.00347766746,-27009.317530408796
4076.0,9332.0,1723.0,2873.0,1561,1936,1998,2791,5888.0,8727.0,1156.0,1257.0,44.5,0,-151800.66108395238,-29650.90412469112
343375.0,488191.0,54229.0,81317.0,856,425,478,206,152053.0,138125.0,98323.0,92020.0,44.5,0,136625.35371237932,63086.16526495006
2052.0,5514.0,202.0,1458.0,391,1016,715,1472,2342.0,5765.0,2412.0,2935.0,44.5,0,-154607.1888933163,-30012.23755702297
2210.0,12842.0,690.0,3094.0,2127,3616,3121,5442,8070.0,13925.0,576.0,1036.0,44.5,0,-152533.78530030628,-27778.10508088691
1382750.0,1103840.0,1600510.0,1357250.0,1982,1187,794,441,222243.0,180880.0,153189.0,109168.0,44.5,3,1684147.6396748957,-905108.3826493232
13459.0,21931.0,3299.0,6116.0,2977,2963,3921,3807,10612.0,10231.0,2397.0,2372.0,44.5,0,-144135.6752827454,-27560.211318397705
11291.0,22189.0,1556.0,3760.0,2681,3252,4063,4104,13913.0,14045.0,2523.0,4225.0,44.6,0,-144458.88317632314,-23887.0156331585
13914.0,31132.0,4548.0,7661.0,4830,5084,6468,6753,18751.0,19816.0,3110.0,3381.0,44.7,0,-139019.6251628748,-22762.23368652341
7096.0,23914.0,3606.0,7965.0,2944,3086,4457,5218,13453.0,14469.0,3832.0,3186.0,44.7,0,-144615.62589788143,-24809.069668247896
90590.0,141144.0,19252.0,28221.0,420,207,253,202,86258.0,76018.0,60500.0,57648.0,44.8,0,-39013.19019851384,38485.61530747576
7837.0,11746.0,2768.0,6722.0,2253,2483,2538,2709,8486.0,8671.0,2233.0,1883.0,44.9,0,-147888.79540008743,-28355.66962377927
18947.0,33171.0,3177.0,5244.0,73,99,155,104,26651.0,26027.0,16570.0,22752.0,44.9,0,-126947.5192027344,-8487.864345630092
30412.0,53539.0,8613.0,16238.0,5,20,74,118,36101.0,33896.0,12382.0,28069.0,45.0,0,-115112.22366341334,-7574.909837254974
38886.0,61629.0,17919.0,28921.0,370,152,54,87,45019.0,41059.0,36192.0,37255.0,45.0,0,-91246.62221802096,3135.0875811009355
7427.0,17670.0,1043.0,2512.0,3630,3467,4722,5055,12398.0,12116.0,1071.0,1092.0,45.0,0,-148007.27142532292,-25383.04368388381
30238.0,61636.0,50231.0,79700.0,7677,7411,11108,10608,29677.0,26917.0,6841.0,7832.0,45.1,0,-93910.07147020775,-43307.4962401987
2763.0,7208.0,1048.0,2928.0,1402,1679,1624,1724,5240.0,5481.0,586.0,1087.0,45.2,0,-153329.28938176224,-29818.718590084754
4396.0,14548.0,1323.0,3530.0,1728,1928,2623,3100,6762.0,7615.0,228.0,1072.0,45.2,0,-151916.5187660345,-29285.69265037485
4337.0,14155.0,1342.0,2779.0,1220,1660,2252,2996,5182.0,7797.0,0.0,166.0,45.2,0,-152840.07635032793,-30534.30843245852
174482.0,253375.0,25633.0,40293.0,568,226,488,147,207998.0,174784.0,116473.0,91205.0,45.3,0,79528.6377304626,134873.5156347024
2560.0,7834.0,1268.0,4309.0,2102,3984,2492,4723,5240.0,10021.0,2148.0,2410.0,45.3,0,-152514.21901519413,-29074.435477915304
2246.0,13801.0,674.0,4169.0,1528,3913,1720,4476,3768.0,9563.0,180.0,483.0,45.3,0,-154688.6353372353,-30748.19832791078
26464.0,44050.0,3716.0,5491.0,2280,2406,5331,5683,15126.0,16283.0,6787.0,6043.0,45.3,0,-134402.76252737557,-23377.906741730287
65689.0,92956.0,8280.0,13793.0,731,302,566,191,56117.0,49418.0,47640.0,43387.0,45.3,0,-76922.44280847994,20250.568061848764
9542.0,21935.0,3465.0,7501.0,8073,8304,9713,10431,23645.0,24815.0,1123.0,2248.0,45.4,0,-140216.71610064883,-19714.42507631956
3978.0,11304.0,942.0,2345.0,2311,2551,3043,3083,8273.0,9524.0,469.0,980.0,45.4,0,-151590.46531790105,-27977.0898088784
6934890.0,2473840.0,8322920.0,7809460.0,49889,8159,14213,2179,8117310.0,4985110.0,5138880.0,4087030.0,45.5,1,14502091.890437942,2235823.5963287405
64885.0,85444.0,9696.0,13907.0,619,365,409,141,67494.0,62286.0,52631.0,50284.0,45.6,0,-68431.97103393664,29808.086755033677
4972.0,12679.0,2180.0,5206.0,1797,2126,2222,2678,6145.0,8329.0,1415.0,2431.0,45.6,0,-150757.55054657676,-29536.13386541353
437383.0,584062.0,57432.0,83162.0,1190,1006,139,188,628329.0,531829.0,282478.0,244507.0,45.7,3,479278.5962317792,457848.2677482855
3148770.0,1754160.0,7075240.0,4936970.0,14990,4834,4407,1430,658233.0,455335.0,518446.0,296986.0,45.8,2,6543175.052732222,-3998008.584793495
46077.0,82234.0,95421.0,152912.0,2246,2278,4883,4843,14802.0,14165.0,4548.0,4859.0,45.9,0,-64164.57380110222,-83563.08903531224
22546.0,29106.0,2937.0,4938.0,24072,25189,32681,33674,74859.0,60962.0,16870.0,12775.0,45.9,0,-104961.44999459918,20491.461977834955
30241.0,45868.0,10869.0,19742.0,82,103,210,76,34787.0,32506.0,16998.0,27056.0,45.9,0,-112640.8217606225,-8036.4257694307635
90227.0,136939.0,17313.0,27248.0,65,202,134,131,79330.0,74832.0,57207.0,64205.0,46.0,0,-44011.87765423083,35016.72547423438
20592.0,36147.0,4039.0,7104.0,305,211,48,93,32309.0,28161.0,8872.0,17331.0,46.0,0,-126653.34492171304,-9659.08269169082
2774.0,8838.0,1071.0,2622.0,1650,1718,2285,2533,6563.0,8022.0,1336.0,1881.0,46.0,0,-152333.97226393485,-28553.87784248802
16138.0,18802.0,2991.0,4347.0,1836,1381,2426,2456,7388.0,7083.0,3939.0,3359.0,46.1,0,-144015.37269931575,-28776.561925474707
10110.0,16760.0,3563.0,7091.0,1583,1501,2617,2741,8233.0,8652.0,2364.0,3529.0,46.1,0,-146268.0985435772,-28842.58639139617
13242.0,22393.0,3134.0,4841.0,5392,5373,6365,6675,15345.0,15914.0,1438.0,3081.0,46.1,0,-142460.60071126273,-24734.798466914395
12919.0,24377.0,3760.0,5380.0,4581,4565,6471,6535,17892.0,17912.0,2411.0,4373.0,46.2,0,-140491.69976105588,-22879.84816102873
3539.0,9953.0,1225.0,5026.0,2542,3109,4173,5062,10196.0,11980.0,928.0,1631.0,46.2,0,-150454.30083446682,-26610.797080850207
44252.0,69137.0,46726.0,79594.0,444,311,188,90,45041.0,44033.0,28536.0,32728.0,46.3,0,-72543.00439343617,-19224.38438692115
5481.0,18835.0,1376.0,2304.0,3379,3480,4599,5210,11017.0,13016.0,1001.0,2338.0,46.3,0,-149065.93309396252,-26168.307324402875
5624.0,7586.0,1107.0,2802.0,632,1308,613,1666,1858.0,4096.0,453.0,672.0,46.3,0,-153746.10113421836,-32304.21340750068
8198.0,15984.0,1429.0,4321.0,3454,3904,4990,5260,15209.0,15177.0,2386.0,4623.0,46.3,0,-145226.33650181114,-22778.90840497065
1987.0,11046.0,731.0,3492.0,1389,2644,1281,2415,3294.0,6840.0,340.0,570.0,46.4,0,-154899.84997461486,-30986.680631833417
9199.0,15964.0,528.0,1876.0,3626,3575,4246,4128,10940.0,8858.0,1956.0,2910.0,46.4,0,-147738.83835246583,-25434.74465432536
58331.0,84420.0,4806.0,8230.0,459,353,0,55,56447.0,53580.0,33565.0,36473.0,46.4,0,-88255.21277422315,16101.83948979586
214363.0,310739.0,15618.0,24816.0,1139,524,0,106,237174.0,201385.0,76894.0,75917.0,46.4,0,85560.13308497332,137954.22026353108
221217.0,312110.0,23427.0,34289.0,725,284,0,56,233012.0,190601.0,47230.0,48887.0,46.4,0,77519.7242042349,113189.80476751713
30645.0,47627.0,59481.0,103316.0,3647,3935,5310,5491,17048.0,16040.0,3786.0,4940.0,46.5,0,-94558.17941962017,-58882.80470977865
9431.0,15115.0,1718.0,3067.0,91,69,234,101,3823.0,4870.0,8028.0,3837.0,46.5,0,-147685.5206396093,-28006.80056561361
351913.0,461881.0,42453.0,61805.0,119,260,392,198,385184.0,319005.0,125052.0,109522.0,46.5,0,249163.40305917428,231353.2547356761
33505.0,51126.0,4318.0,6420.0,0,72,152,37,34862.0,32361.0,15725.0,19783.0,46.6,0,-117183.2818966801,-5789.652436383025
13264.0,11709.0,3929.0,4283.0,3427,3561,4713,4740,12120.0,11559.0,2855.0,2197.0,46.6,0,-142951.71781031703,-26824.001762528645
6005.0,14534.0,1414.0,3035.0,2986,3065,4055,4473,11153.0,12032.0,757.0,2046.0,46.6,0,-148892.30039338893,-26290.433049235275
1277.0,5341.0,1004.0,3614.0,791,966,1052,1638,3351.0,5261.0,47.0,121.0,46.6,0,-155142.87754577346,-31270.93533728986
48998.0,71046.0,3081.0,4593.0,394,261,0,9,44853.0,40414.0,47003.0,36483.0,46.6,0,-93534.8974152138,16101.012965134089
27076.0,45965.0,63883.0,101193.0,1154,890,2587,2543,7259.0,7452.0,1903.0,2090.0,46.6,0,-98456.95326433434,-68855.8092246817
76727.0,123905.0,6644.0,12001.0,0,0,43,114,82313.0,76557.0,58525.0,54979.0,46.8,0,-56242.86144790024,43550.67555532228
3205.0,14027.0,2034.0,6596.0,864,1000,1982,2712,5888.0,8252.0,396.0,2741.0,46.8,0,-152037.14007168746,-29869.734219627186
4858.0,15439.0,1193.0,2432.0,2464,2864,3061,3596,7569.0,7927.0,515.0,1040.0,46.9,0,-151349.20883575614,-28608.144531267237
19712.0,38235.0,4593.0,5801.0,122,111,0,95,21409.0,19498.0,21434.0,18968.0,46.9,0,-126702.7274304023,-11307.739219903382
4599.0,14605.0,2288.0,5677.0,2534,3116,3572,4465,8476.0,11010.0,913.0,1495.0,47.0,0,-150085.03485611684,-28464.130227093672
101221.0,141224.0,2454.0,5048.0,0,94,206,128,109525.0,93278.0,43072.0,37371.0,47.0,0,-44765.4019786827,52485.46866162574
3192.0,9218.0,1816.0,2917.0,6883,7439,6733,7153,13990.0,14908.0,1283.0,2386.0,47.0,0,-148238.50113779944,-24287.911652286588
2648.0,6620.0,1986.0,4746.0,1571,1601,2142,2326,5555.0,5493.0,241.0,1227.0,47.2,0,-152695.2212534177,-30322.18830148124
2177.0,9458.0,417.0,3293.0,731,2637,1221,3318,3174.0,9017.0,2879.0,4182.0,47.2,0,-153701.14107987785,-29232.29178152479
3383.0,20000.0,1546.0,5753.0,2984,5353,3711,6553,9974.0,17770.0,643.0,1645.0,47.2,0,-150499.5926116572,-27061.37521848029
16149.0,21156.0,2755.0,4920.0,4816,4788,6545,6735,19368.0,18949.0,4268.0,4186.0,47.3,0,-138535.25707491627,-20776.375350740287
2872.0,11005.0,2028.0,6045.0,819,1023,1801,2795,4410.0,6926.0,1495.0,1870.0,47.3,0,-152548.7598743093,-30457.86805158558
31956.0,59772.0,2198.0,4969.0,0,170,156,85,33196.0,31883.0,20333.0,23652.0,47.3,0,-117843.27550256738,-2856.897946589994
3008.0,16007.0,1024.0,4461.0,3536,7160,3997,7926,8665.0,16678.0,0.0,1003.0,47.3,0,-151920.57883040898,-27909.558306020208
9998.0,18270.0,1532.0,4022.0,4913,4761,6705,6760,17068.0,17430.0,1163.0,2307.0,47.3,0,-144318.54464804384,-22667.170992988784
58885.0,89881.0,3669.0,4858.0,299,225,2,77,41428.0,38967.0,30739.0,33517.0,47.3,0,-97001.14634922614,5623.428207168679
2605.0,8666.0,526.0,3528.0,2959,3723,3310,4230,8407.0,10549.0,799.0,837.0,47.4,0,-152274.09468733668,-27426.35814550002
6539.0,14260.0,2128.0,4910.0,2685,2454,4207,4171,11110.0,11957.0,1416.0,2387.0,47.5,0,-147914.13073186824,-26468.731865824622
11651.0,14081.0,1683.0,3998.0,3246,3100,4600,4124,13879.0,13095.0,3355.0,3677.0,47.5,0,-143999.3309108267,-23749.684192430504
4384.0,15513.0,2192.0,4733.0,2241,2847,3017,3689,7387.0,8800.0,930.0,2174.0,47.6,0,-150639.60758495657,-28963.40465547528
20298.0,39027.0,30522.0,49880.0,1269,1114,2833,2706,7441.0,7815.0,1939.0,3005.0,47.6,0,-124059.3289175316,-47192.7627362902
17212.0,39868.0,2229.0,4118.0,1906,1846,5395,5564,13671.0,13572.0,6088.0,5863.0,47.6,0,-140155.91493611145,-23084.74953962929
11383.0,29700.0,398.0,2036.0,5148,5532,6478,6632,25121.0,23376.0,3612.0,7298.0,47.7,0,-139369.3705235227,-15125.617470781235
4523.0,8313.0,4243.0,7604.0,1688,2040,2350,2697,7425.0,8383.0,2471.0,2042.0,47.7,0,-148599.24567676877,-29611.78363399341
8684.0,22634.0,2099.0,4567.0,3606,4492,4571,5639,11693.0,13442.0,676.0,1856.0,47.7,0,-147130.57586071326,-26616.947162132743
13268.0,14832.0,2586.0,4213.0,3204,3186,4005,4561,11389.0,12161.0,2549.0,3729.0,47.8,0,-144127.8168656354,-26327.307680807568
4773.0,15484.0,770.0,2336.0,1490,1560,1949,2342,5807.0,7246.0,784.0,835.0,47.8,0,-152400.68487796542,-29372.966109588346
1597.0,8489.0,1618.0,9604.0,145,0,42,0,2473.0,4275.0,23212.0,50611.0,47.8,-1,-140059.3822031132,-14409.889266852171
1354050.0,1582240.0,1202110.0,1520760.0,4673,3133,3469,3402,671029.0,456008.0,348310.0,224760.0,47.8,3,1686215.250293562,-268929.2833816703
77009.0,127889.0,44094.0,70722.0,563,310,99,65,85280.0,80324.0,51094.0,63999.0,47.9,0,-30529.25360699791,20225.250473975226
16699.0,31845.0,959.0,3024.0,3291,3937,4715,5129,15329.0,16914.0,3554.0,4815.0,48.0,0,-141560.8958845315,-22440.01295716533
5969.0,15678.0,1594.0,4490.0,1834,2086,2663,3067,9104.0,9489.0,1739.0,2063.0,48.1,0,-149346.250823281,-27284.194258752905
6418.0,11032.0,1998.0,3757.0,3105,2825,4716,5073,13796.0,14085.0,1828.0,3432.0,48.1,0,-146556.89071691132,-24339.51079501512
2462.0,11126.0,926.0,3795.0,1855,2813,2445,3570,6176.0,9070.0,944.0,1313.0,48.2,0,-152952.11442104972,-28942.693693928748
56457.0,89801.0,10972.0,17611.0,529,230,0,0,52057.0,47110.0,41367.0,38479.0,48.2,-1,-83623.94677435292,13184.742216174116
8145.0,12424.0,2344.0,5846.0,3487,3175,3759,3861,9496.0,9645.0,1436.0,1686.0,48.3,0,-147914.85662854597,-27835.06994260386
102312.0,152369.0,18835.0,30753.0,550,286,373,133,66202.0,60118.0,48496.0,42358.0,48.3,0,-49903.913964750216,17814.07119087344
852.0,5564.0,566.0,2376.0,417,1201,613,1696,1543.0,4838.0,51.0,105.0,48.3,0,-156436.41069766856,-32113.10139349242
11152.0,23523.0,2851.0,4157.0,4886,4891,7611,7846,20618.0,21333.0,2339.0,5622.0,48.3,0,-140480.75804986156,-20298.036184341945
27367.0,40468.0,3743.0,4771.0,330,225,367,144,34177.0,30969.0,27933.0,28411.0,48.3,0,-114806.29727256036,1044.5563936351573
7998.0,13533.0,2241.0,3462.0,2171,2091,2699,2878,8557.0,8533.0,1415.0,1859.0,48.4,0,-148459.68128526374,-28337.00777183692
4586.0,8359.0,307.0,1981.0,2400,2814,2948,3259,5829.0,7092.0,1228.0,1024.0,48.4,0,-152596.04577351725,-28837.980631407245
2207.0,9194.0,4622.0,11893.0,1757,2484,2155,3699,6156.0,9550.0,858.0,2248.0,48.4,0,-150427.388756447,-31145.86572297161
55643.0,77882.0,6389.0,9679.0,333,245,0,65,61789.0,56947.0,46273.0,43266.0,48.4,0,-80306.67305731447,25082.913847187378
17021.0,26374.0,3041.0,5294.0,2610,2656,4047,4283,12739.0,13364.0,2806.0,2649.0,48.5,0,-141710.97218832205,-26068.1715430833
5028.0,13634.0,2111.0,3859.0,2785,3062,4120,4674,12182.0,12792.0,1254.0,2648.0,48.5,0,-148088.0681178786,-25708.441722039428
1364.0,8286.0,394.0,2078.0,1601,4043,2013,5060,4515.0,11354.0,439.0,1507.0,48.6,0,-154680.9304184631,-29769.12380565326
14716.0,25156.0,2101.0,3756.0,3141,3456,4976,5359,14583.0,14718.0,3641.0,4387.0,48.6,0,-141942.62777306038,-23531.240547907106
8932.0,17847.0,1757.0,2812.0,1899,1714,2793,2700,8761.0,7793.0,3926.0,2924.0,48.6,0,-147258.71092735173,-26739.85283822417
1571.0,9015.0,513.0,2750.0,520,1053,499,1612,1696.0,5472.0,1930.0,3212.0,48.6,0,-155023.49235832604,-30743.103944191
4487.0,22001.0,1239.0,4002.0,1728,2342,2650,3823,8143.0,11934.0,0.0,1700.0,48.6,0,-151319.44056804854,-28360.51080450169
3407.0,8448.0,588.0,2344.0,1091,1531,1502,2085,4431.0,5667.0,1392.0,1237.0,48.6,0,-153432.38143190957,-29721.03359546931
3828.0,14224.0,1325.0,3056.0,4462,4941,5793,6616,14284.0,15914.0,641.0,2174.0,48.6,0,-148454.90769147564,-24138.669146277836
46425.0,88826.0,14978.0,23335.0,393,177,158,56,54624.0,50410.0,19281.0,33274.0,48.6,0,-92603.90562789494,2830.06163698377
430307.0,579315.0,23901.0,37094.0,788,360,984,295,269161.0,228363.0,159489.0,136211.0,48.7,0,232233.6490699548,183281.27034012767
512802.0,640271.0,52893.0,74771.0,2500,1892,266,309,712276.0,555085.0,305019.0,267420.0,48.7,3,556091.3234497061,522009.35866424633
10526.0,19209.0,2794.0,4898.0,4088,4454,5216,5736,16598.0,16789.0,3780.0,4023.0,48.7,0,-142263.81028239088,-22420.320012642107
20298.0,35282.0,2746.0,4810.0,5290,5637,7047,7306,20746.0,20255.0,4302.0,5620.0,48.7,0,-136025.72275922846,-19923.878869216165
51448.0,74530.0,5482.0,7535.0,192,183,216,132,35787.0,36105.0,15266.0,26470.0,48.8,0,-107938.43576415388,-6221.076351421099
47122.0,70300.0,10501.0,14206.0,595,208,234,173,41958.0,34491.0,40014.0,27709.0,48.8,0,-94171.35922364124,5393.642801427643
6411.0,10794.0,1378.0,4008.0,3052,5155,4308,7242,10622.0,16967.0,2886.0,2104.0,48.8,0,-148196.78411999272,-25726.76709960351
5615.0,9177.0,3021.0,4806.0,2166,2005,2249,2196,5710.0,5970.0,1096.0,1494.0,48.8,0,-150344.82001456444,-30665.44762994627
21994.0,43388.0,2729.0,5425.0,0,15,26,44,23155.0,22502.0,13205.0,14824.0,48.9,0,-129829.03458776163,-13299.610790269766
9697.0,18492.0,1543.0,4752.0,1632,1986,2634,2892,7940.0,8521.0,2993.0,2325.0,48.9,0,-147884.13872775572,-27662.08503541316
5427.0,11448.0,2193.0,5189.0,3650,4242,4791,5078,14728.0,16151.0,5301.0,6407.0,48.9,0,-144748.98563164467,-21873.80730249901
36967.0,63830.0,18476.0,31553.0,302,341,330,186,42356.0,41544.0,29695.0,32694.0,48.9,0,-95822.16359961603,-2231.0911425744634
74051.0,121128.0,20627.0,35186.0,622,345,399,195,51057.0,48446.0,32986.0,43580.0,48.9,0,-72636.79549758013,2637.804307007562
371362.0,526065.0,159189.0,215462.0,983,807,49,156,431616.0,355046.0,203248.0,166320.0,48.9,0,394711.1859631949,228081.9584661885
44395.0,67660.0,12280.0,17406.0,198,231,0,62,35146.0,35310.0,26777.0,27188.0,48.9,0,-102082.66516013158,-5491.2471190080505
6903.0,13377.0,1951.0,2980.0,1674,1681,1852,1754,5407.0,5399.0,799.0,944.0,49.0,0,-150873.57384975592,-30482.36786391636
5912.0,8622.0,971.0,2048.0,5911,5905,6462,6414,16030.0,15977.0,3558.0,2934.0,49.0,0,-145882.17239298442,-21601.58251533804
11509.0,19821.0,1584.0,3332.0,3843,4023,5107,5291,13649.0,14041.0,592.0,2994.0,49.0,0,-145333.53651216763,-25092.00322593275
59318.0,93914.0,11368.0,12645.0,867,375,357,160,41425.0,36852.0,32086.0,29761.0,49.0,0,-91484.20766480349,722.4998390130968
4557.0,13787.0,2310.0,6015.0,939,1064,1567,1684,5329.0,5580.0,1473.0,2120.0,49.0,0,-151226.2339127462,-30133.12350076029
1701.0,5114.0,1320.0,4711.0,1806,4446,2379,5859,6949.0,14490.0,1793.0,2838.0,49.0,0,-152137.37638285913,-28050.98150965267
5601.0,16842.0,1259.0,3678.0,2947,4980,3564,6414,8649.0,14916.0,449.0,692.0,49.0,0,-150579.0852394617,-28097.76372872383
84168.0,134490.0,10441.0,15923.0,278,381,295,154,50753.0,43722.0,43329.0,35014.0,49.1,0,-72931.07434073197,11148.464184155604
822334.0,546954.0,878615.0,913340.0,1335,860,932,267,178848.0,154706.0,108254.0,84691.0,49.1,3,916886.0963855824,-465681.0406336297
445687.0,628391.0,17308.0,26991.0,430,516,4669,4592,134170.0,120068.0,130202.0,112551.0,49.1,0,159328.68490467282,84992.15361040234
606431.0,854860.0,68136.0,106346.0,915,768,10891,10081,205893.0,187415.0,174397.0,157971.0,49.1,0,314648.6030929892,113831.56633425687
76425.0,101020.0,16787.0,15786.0,2642,2280,4946,5062,16440.0,15752.0,4878.0,4977.0,49.1,0,-105162.84551638084,-34973.5956763349
2594.0,7149.0,9291.0,16592.0,142,127,79,22,5749.0,5406.0,1386.0,1718.0,49.1,0,-147106.45112968632,-34226.765049657915
2670.0,6661.0,6244.0,14668.0,106,102,155,79,3402.0,4855.0,488.0,551.0,49.1,0,-150716.4137463748,-34366.543503327506
1458220.0,1270480.0,2980470.0,3304010.0,3186,2504,989,680,428518.0,340863.0,236657.0,170718.0,49.1,3,2799591.913678523,-1601069.7137850963
36468.0,52503.0,5807.0,10050.0,0,88,0,62,36179.0,33406.0,24964.0,20695.0,49.1,0,-110823.21611850314,-2061.6228217517782
48636.0,68266.0,2018.0,5504.0,3062,2868,7413,7276,20507.0,17919.0,8113.0,5829.0,49.2,0,-123602.96463309674,-19824.108179361498
67262.0,91786.0,21551.0,38563.0,158,127,260,201,56632.0,55869.0,48368.0,43268.0,49.2,0,-66629.5571215252,12428.162626418922
1604.0,7481.0,3276.0,9956.0,215,218,143,84,32958.0,45896.0,6874.0,11834.0,49.2,0,-136095.59377605832,-9255.993633256388
820.0,2520.0,401.0,2705.0,46,0,100,0,3759.0,5276.0,7741.0,8613.0,49.2,-1,-151653.67368064294,-26014.437958153223
7132.0,25011.0,957.0,2278.0,59,71,122,2,5913.0,5767.0,60308.0,53302.0,49.2,0,-122666.7841832172,3816.959199022775
2042280.0,1325870.0,4152400.0,3157820.0,8652,3890,2098,1177,4458860.0,2304890.0,3784960.0,1707730.0,49.2,2,7168740.700877426,1909047.6533329776
15209.0,21139.0,3196.0,4522.0,2957,3404,4409,4762,13050.0,13502.0,3907.0,3185.0,49.2,0,-141730.49676812397,-25302.52085242521
19382.0,38855.0,5244.0,10441.0,2262,2358,5317,5801,12563.0,14378.0,4864.0,4769.0,49.2,0,-138273.93383214247,-26508.901108766622
34096.0,53432.0,9224.0,12616.0,472,233,52,125,32729.0,29596.0,24298.0,19708.0,49.3,0,-111359.6034082259,-6672.26803991714
48288.0,65761.0,13361.0,20366.0,213,189,633,191,45883.0,41873.0,36095.0,29002.0,49.3,0,-91232.64311332747,4568.329211409404
111341.0,176163.0,7182.0,11699.0,200,259,361,239,57105.0,52212.0,44058.0,39580.0,49.4,0,-60344.343766859485,16483.812469916407
1736.0,7270.0,451.0,1763.0,203,159,80,0,4257.0,5430.0,2880.0,3661.0,49.4,-1,-153439.29677127517,-28624.57977176678
1443.0,5534.0,0.0,1860.0,173,147,133,0,2765.0,4282.0,1816.0,2498.0,49.4,-1,-155082.70827023446,-29898.95078477067
342638.0,473284.0,47361.0,66100.0,1137,593,358,147,475807.0,400759.0,161900.0,150057.0,49.4,0,308331.5388800778,308139.54935090384
5120.0,14958.0,1644.0,4074.0,2637,3044,4084,4605,10045.0,10648.0,1176.0,2493.0,49.4,0,-149385.0369602038,-26829.967358152924
14305.0,14659.0,2808.0,5252.0,2832,2618,3719,3627,10510.0,9242.0,2806.0,2639.0,49.5,0,-143990.18040830534,-27157.307162110752
14583.0,30765.0,921.0,2642.0,2340,2122,3727,3608,11889.0,12078.0,2202.0,3909.0,49.5,0,-144621.2981790353,-25167.927334995395
17012.0,28634.0,2214.0,3924.0,3594,3102,5694,5838,17918.0,18687.0,4335.0,5063.0,49.5,0,-139077.40640632197,-21241.72900407105
23443.0,34146.0,5904.0,8534.0,5802,5961,8262,7812,19933.0,18891.0,6222.0,5135.0,49.6,0,-132273.5082788928,-21894.73731604783
13674.0,17759.0,3237.0,5762.0,4230,4549,6305,6193,17632.0,17572.0,2151.0,3872.0,49.6,0,-140821.14593557524,-22954.547001205327
10771.0,29664.0,3972.0,7575.0,5911,6774,7969,8687,31323.0,30463.0,3762.0,9399.0,49.7,0,-134031.5058582475,-13005.29639933724
34290.0,63968.0,8958.0,15605.0,2216,1909,4933,5205,11223.0,11948.0,2915.0,3675.0,49.7,0,-131066.23431083743,-31650.993928051557
1352.0,7784.0,365.0,1636.0,85,0,147,19,6733.0,11010.0,2879.0,4741.0,49.8,0,-152402.6094193492,-26808.04317711717
3676.0,8088.0,111.0,2483.0,100,103,163,115,3825.0,5653.0,32840.0,65821.0,49.8,0,-134162.6906569935,-6263.946551010868
747752.0,915905.0,68785.0,101142.0,2362,2024,40,206,1080990.0,871667.0,417730.0,374414.0,49.8,3,884619.364456174,794357.893904451
5917.0,19899.0,2549.0,6184.0,3222,3349,4448,5017,12338.0,15146.0,544.0,1257.0,49.8,0,-147787.59234721388,-26463.31746605241
59507.0,93156.0,14089.0,21678.0,80,150,222,214,44233.0,38483.0,39452.0,31182.0,49.9,0,-85365.84897713875,4096.526918448417
42173.0,64235.0,1117.0,1912.0,61,64,220,104,34707.0,32955.0,23094.0,25645.0,49.9,0,-112453.57241888127,-408.33452390648745
457894.0,629945.0,24647.0,32181.0,626,568,500,194,223537.0,198744.0,122095.0,115052.0,49.9,0,207003.44433969512,133085.6345431242
985.0,5379.0,0.0,0.0,176,170,124,17,3263.0,7462.0,29675.0,53566.0,50.0,0,-138311.0588744697,-9669.693615050946
616900.0,805987.0,99850.0,155117.0,1674,1628,0,111,769523.0,608685.0,249190.0,210381.0,50.0,3,629143.9225900428,489379.4060334947
52030.0,81602.0,3223.0,5774.0,0,186,206,156,37416.0,33729.0,32890.0,29457.0,50.0,0,-101644.65130753136,4063.9498627375833
5781.0,8004.0,3139.0,5222.0,2533,2540,3020,3257,8968.0,9526.0,2318.0,1780.0,50.0,0,-148237.67884822577,-28130.17915780119
3638.0,14271.0,616.0,1905.0,2038,2657,2497,3375,5861.0,7505.0,989.0,1148.0,50.1,0,-152830.370697783,-29031.289139589157
7494.0,16688.0,1574.0,3342.0,3014,3182,5060,5405,14976.0,16163.0,854.0,3071.0,50.1,0,-146281.9218974896,-23862.880369029743
5534.0,13049.0,1996.0,4569.0,1471,1602,2214,2300,6765.0,7056.0,825.0,1648.0,50.1,0,-150692.3710700252,-29438.091194007204
14853.0,16214.0,3712.0,6068.0,3273,3365,4182,4265,11267.0,11318.0,1725.0,3249.0,50.1,0,-143120.51222666787,-27636.811193554586
56207.0,88252.0,34567.0,55916.0,192,102,193,145,51370.0,48737.0,41056.0,41620.0,50.2,0,-67447.21710526217,-1685.1087632713534
17197.0,39642.0,4904.0,8101.0,3656,3331,5765,5746,18029.0,17275.0,3744.0,4121.0,50.2,0,-137430.86690525038,-23271.48099467631
2125.0,11486.0,230.0,1563.0,207,134,84,0,1701.0,4523.0,11344.0,24117.0,50.2,-1,-148877.0072767745,-23292.362895481376
28184.0,41114.0,5415.0,7620.0,197,181,0,0,36281.0,34436.0,15316.0,24239.0,50.2,-1,-117559.69546383664,-4685.968978758086
60537.0,92184.0,15454.0,25331.0,164,153,100,85,33375.0,31119.0,20561.0,27382.0,50.3,0,-96348.18342895948,-12229.613215222176
10893.0,20460.0,2667.0,3659.0,4074,4380,5754,5894,14568.0,13630.0,4078.0,2763.0,50.3,0,-143164.96235939517,-23723.84166697889
3747.0,8850.0,1654.0,3360.0,2111,2439,3504,4060,8561.0,10814.0,3305.0,2660.0,50.4,0,-149804.52177663337,-26766.116277715755
11138.0,19062.0,3709.0,4739.0,1751,1881,4744,4809,12525.0,12284.0,2505.0,4294.0,50.4,0,-143659.62994283563,-26100.45962728576
4013.0,13296.0,1083.0,2763.0,288,202,140,42,27256.0,25360.0,4355.0,3540.0,50.5,0,-141171.48030846933,-14029.100261170885
918070.0,897413.0,249844.0,316324.0,8080,4702,818,615,3015720.0,1997260.0,1189540.0,763767.0,50.5,3,2285658.308751691,2279240.7196110664
66332.0,101394.0,16281.0,26822.0,161,217,92,120,61185.0,57500.0,30704.0,39338.0,50.6,0,-75612.76685188324,10633.04826592594
52292.0,69946.0,5712.0,9557.0,0,56,11,121,30695.0,27761.0,15400.0,20526.0,50.7,0,-110431.8043267816,-10537.92452864214
3580.0,10474.0,1139.0,3708.0,1806,1905,2323,2751,6493.0,7937.0,752.0,1253.0,50.8,0,-152282.9730245029,-29039.08602425264
11821.0,14926.0,3565.0,5008.0,2111,1819,2866,2938,8100.0,8143.0,2111.0,1277.0,50.8,0,-146002.40284093632,-29506.562602491496
19489.0,35157.0,1793.0,2562.0,4201,4347,6681,6482,19874.0,18609.0,5947.0,4511.0,50.8,0,-136944.1956834218,-19312.005273951698
15112.0,27968.0,839.0,2584.0,2078,1759,4938,4807,10440.0,9521.0,5050.0,4545.0,50.8,0,-143982.1846638457,-24766.79027778585
109674.0,177479.0,13078.0,21845.0,493,317,510,154,67339.0,61699.0,53793.0,48262.0,50.9,0,-47651.21781948871,24839.488805079487
45546.0,67370.0,10400.0,16330.0,278,162,106,79,47934.0,44120.0,36253.0,36139.0,50.9,0,-92516.14014686424,9112.719394057382
2175.0,8069.0,1141.0,3073.0,1009,2655,1107,3087,2987.0,7695.0,1273.0,1993.0,50.9,0,-154155.08060072522,-30830.64501310588
3517.0,6214.0,1134.0,2915.0,1169,2869,1739,4018,4666.0,10240.0,497.0,340.0,50.9,0,-153347.50075595322,-30441.396391464168
2340.0,7815.0,0.0,0.0,1955,2537,2716,3427,7734.0,10255.0,468.0,566.0,51.0,0,-153208.65493045378,-27687.359455470152
1387160.0,1531360.0,2542390.0,3337560.0,3544,3091,853,805,367764.0,311408.0,180263.0,147268.0,51.1,3,2416802.332846623,-1387252.3905119395
67719.0,95226.0,5662.0,8143.0,0,109,330,160,52138.0,44290.0,39098.0,36689.0,51.1,0,-83693.48535897797,14587.336705583652
5908.0,9878.0,1368.0,2596.0,2313,2487,3491,3437,8838.0,8374.0,2537.0,1727.0,51.1,0,-149393.05607607882,-27024.045079888543
15100.0,29866.0,4765.0,10288.0,5824,6275,8401,8330,21850.0,21531.0,2072.0,3619.0,51.2,0,-137335.333252605,-21409.714347554676
457124.0,606010.0,606410.0,914366.0,1200,782,554,176,314683.0,269097.0,191211.0,158520.0,51.2,3,680528.3650239183,-138506.20152235945
27260.0,55893.0,3549.0,5683.0,155,103,149,100,32032.0,31600.0,19188.0,21897.0,51.3,0,-120002.1300223472,-4898.141170251249
3960.0,10242.0,2284.0,5334.0,1991,2720,2457,3434,7061.0,9853.0,1506.0,2233.0,51.3,0,-150677.91675475086,-28949.693112515943
20197.0,36714.0,15414.0,28251.0,160,178,0,9,25213.0,23553.0,18589.0,17205.0,51.3,0,-118589.12779503642,-17204.565072098172
4899.0,13461.0,817.0,3241.0,1819,1931,2190,2463,6483.0,7677.0,708.0,931.0,51.3,0,-152026.75170800218,-28999.432103192863
28949.0,44970.0,3621.0,5132.0,71,148,32,30,29157.0,27880.0,19882.0,21954.0,51.4,0,-120293.85107799868,-6570.763624570584
38516.0,66852.0,2382.0,5199.0,228,165,273,169,52644.0,52030.0,26142.0,38641.0,51.4,0,-102223.91870590206,13740.928986117444
2790.0,6871.0,1081.0,4517.0,1341,3250,2139,3894,6176.0,10342.0,2505.0,3050.0,51.4,0,-151916.73759606716,-28127.846069647407
9596.0,19911.0,2670.0,4039.0,1769,1740,3692,3854,10627.0,10469.0,4130.0,5404.0,51.4,0,-145125.59662133217,-25690.522594161823
7302.0,20753.0,652.0,2298.0,4997,6494,5391,7156,12880.0,15524.0,2503.0,3030.0,51.4,0,-147333.9274248151,-23912.35792364385
10251.0,19025.0,1232.0,4938.0,3194,3264,4770,5380,12475.0,14147.0,1321.0,2945.0,51.5,0,-146360.08895465295,-25233.77065013341
12406.0,13436.0,7345.0,8197.0,1976,1760,2538,2691,8905.0,9051.0,1932.0,1310.0,51.6,0,-142852.1685689989,-31479.273000820223
14403.0,19284.0,3843.0,4713.0,4758,4954,6241,5979,16190.0,16553.0,2751.0,3402.0,51.6,0,-140591.0528852873,-24118.403649632917
28489.0,43497.0,6042.0,9490.0,133,269,239,146,30956.0,27853.0,24228.0,20585.0,51.6,0,-116568.02451442726,-5319.051252104691
2695.0,17652.0,475.0,4571.0,1137,1957,1554,2745,4653.0,8472.0,0.0,412.0,51.6,0,-154319.69640599773,-30179.857158784
268942.0,361660.0,228488.0,250096.0,696,446,228,179,122608.0,106915.0,66972.0,60789.0,51.6,0,197690.95611913977,-78266.84407295825
3616.0,14356.0,1345.0,3910.0,3849,5190,5214,6953,13421.0,17147.0,754.0,2475.0,51.6,0,-148839.340684706,-24588.238436460448
842.0,5041.0,0.0,792.0,257,879,535,1814,1432.0,5166.0,630.0,1318.0,51.6,0,-156514.92583080422,-31389.71018867966
39119.0,59527.0,6229.0,11645.0,0,89,234,105,40248.0,39830.0,28842.0,30394.0,51.7,0,-104954.84414614244,3258.240078349594
41347.0,55745.0,38383.0,52680.0,7488,5126,9929,6468,26385.0,18217.0,6518.0,4357.0,51.7,0,-99586.90205078808,-39368.23128204856
230576.0,332211.0,21410.0,32965.0,619,443,396,157,228057.0,196242.0,94221.0,85371.0,51.8,0,99677.67126092051,136288.80443914424
101081.0,138968.0,47210.0,74919.0,4062,4068,13018,12969,30323.0,30207.0,10827.0,10068.0,51.9,0,-64945.716750469175,-43567.21003508721
8430.0,24225.0,1757.0,4680.0,2799,3216,3582,4169,9777.0,11179.0,2123.0,2849.0,51.9,0,-147678.11464187768,-26832.30464419183
51416.0,82603.0,10448.0,17036.0,288,252,177,84,52961.0,46274.0,41120.0,37117.0,52.0,0,-85893.01541157407,14078.90082209346
6506.0,13257.0,1937.0,4831.0,2483,3158,3395,4327,8393.0,10729.0,971.0,2095.0,52.0,0,-149487.01397734348,-28299.918967939477
4069.0,20600.0,1570.0,5167.0,2646,6223,2960,7649,6833.0,15439.0,1708.0,3842.0,52.1,0,-150949.18626037784,-28309.04262303181
280790.0,403250.0,40491.0,54970.0,140,501,0,102,198825.0,173005.0,107683.0,92265.0,52.1,0,126077.30285665634,109317.71420516953
64804.0,109057.0,4384.0,8370.0,225,86,210,114,61981.0,55677.0,51968.0,51206.0,52.1,0,-74748.14292322136,29532.268667900044
12428.0,24716.0,4845.0,9515.0,89,89,139,68,17281.0,19088.0,4405.0,10367.0,52.1,0,-138743.7697699927,-22128.046960651023
53596.0,90412.0,11171.0,18776.0,445,300,213,182,54838.0,51292.0,44197.0,42287.0,52.2,0,-81865.60491574212,16790.885595152362
76991.0,112016.0,10515.0,16675.0,154,179,0,152,70525.0,69273.0,41294.0,54827.0,52.2,0,-65153.772575688825,26395.080407367608
27493.0,43939.0,6608.0,10890.0,0,0,174,105,30215.0,29152.0,23462.0,21553.0,52.2,0,-117079.861295544,-6244.300183827087
5985.0,13540.0,3149.0,7176.0,4871,4866,6449,7084,16727.0,18356.0,1623.0,2001.0,52.2,0,-144868.33367042156,-23493.85328434834
39614.0,62637.0,6303.0,10051.0,121,77,314,150,33705.0,29624.0,19214.0,22853.0,52.2,0,-112156.36710192126,-6207.473189534863
8192.0,17734.0,2655.0,4985.0,3886,4058,4148,4461,11590.0,11909.0,524.0,942.0,52.2,0,-147166.01840895368,-27210.88294179819
295224.0,392885.0,26941.0,37988.0,651,275,313,175,231756.0,186763.0,108203.0,88178.0,52.3,0,137154.00722914134,137270.9590233776
9151.0,27761.0,981.0,2586.0,2035,2232,2850,2941,7761.0,8051.0,1591.0,1478.0,52.3,0,-149199.78164779535,-28110.985231725583
7880.0,20258.0,1359.0,3298.0,2057,2331,2926,3185,8464.0,8541.0,1432.0,1718.0,52.3,0,-149170.52713321036,-27849.252745100726
9324.0,17425.0,2063.0,4770.0,4107,4209,5019,5326,13797.0,14889.0,606.0,2484.0,52.4,0,-145889.61929154856,-25233.569472646665
4286.0,11885.0,1074.0,2922.0,1194,1899,1494,2494,6188.0,8888.0,2398.0,3009.0,52.4,0,-151349.33172644154,-28265.97139966761
2764.0,8615.0,1841.0,4083.0,2256,3606,2923,4762,8514.0,12610.0,1597.0,2189.0,52.5,0,-150789.3797034428,-27643.133533105924
1417.0,9208.0,175.0,3020.0,764,2518,1008,3404,2586.0,8621.0,0.0,0.0,52.5,0,-156035.65519767252,-31282.47727373518
3069.0,8732.0,708.0,1918.0,1230,1447,1600,1807,4339.0,4772.0,182.0,374.0,52.5,0,-154084.55845474725,-30478.682882045825
14693.0,31595.0,0.0,0.0,131,40,137,88,29524.0,33654.0,6556.0,17545.0,52.5,0,-133941.79890010407,-9437.91041743249
2858.0,6980.0,1575.0,4051.0,2880,3457,4074,4778,8681.0,10238.0,883.0,2078.0,52.5,0,-151133.96765450225,-27691.85218910985
37875.0,49620.0,9734.0,14122.0,0,238,0,75,33726.0,31881.0,35282.0,26145.0,52.6,0,-104144.56108607182,-965.409747644997
30900.0,39166.0,3704.0,5088.0,94,200,178,135,22489.0,19215.0,22566.0,17841.0,52.6,0,-121972.54396500996,-10499.240383254462
11185.0,20526.0,1946.0,5128.0,3919,3910,5022,4974,12970.0,13506.0,2286.0,3592.0,52.6,0,-144821.55124419802,-24921.02771744951
36548.0,60774.0,15299.0,24667.0,302,199,452,216,45821.0,42840.0,24400.0,33587.0,52.6,0,-98466.73501715528,-96.59007742023095
67226.0,106766.0,14216.0,24310.0,222,212,0,9,68765.0,65873.0,39960.0,51273.0,52.6,0,-68331.5606762845,22463.08436977524
252986.0,367260.0,20166.0,33532.0,598,476,367,230,146386.0,137274.0,100632.0,110959.0,52.7,0,76776.01749282089,90771.2123985842
69695.0,101436.0,14671.0,23113.0,80,94,494,202,71685.0,69239.0,62791.0,55812.0,52.7,0,-56690.32180572052,34172.92623723346
6560.0,11735.0,1443.0,3714.0,2703,3039,3683,4080,10248.0,10057.0,2547.0,3565.0,52.7,0,-148201.5631296852,-25922.69437636527
2838.0,10474.0,149.0,1937.0,173,58,174,46,3050.0,6303.0,18557.0,34623.0,52.7,0,-144041.82558142793,-17723.4741627061
41922.0,58784.0,1896.0,3740.0,553,197,272,114,44691.0,41661.0,13309.0,31708.0,52.7,0,-110361.32951311758,2298.493585039181
4615.0,13206.0,1768.0,3531.0,2205,2269,3125,3146,8165.0,7594.0,1692.0,2062.0,52.8,0,-150219.95615339276,-27918.253070356925
4687.0,14256.0,1146.0,3072.0,1446,1372,2600,2852,6653.0,7505.0,436.0,1923.0,52.8,0,-151785.09495249568,-29038.358135096227
45248.0,73302.0,18792.0,33302.0,209,218,8,33,47151.0,43852.0,32147.0,28243.0,52.8,0,-89709.13948642918,377.9848311268397
36862.0,66492.0,9573.0,17017.0,145,83,32,0,44819.0,46814.0,18933.0,35428.0,52.9,-1,-104540.68223096964,854.9478098029103
44415.0,68451.0,23298.0,37084.0,0,168,158,99,43133.0,39379.0,23161.0,25121.0,53.0,0,-92460.95084520373,-9208.439445840886
8053.0,14940.0,1747.0,2781.0,1489,1646,2739,2768,7317.0,7549.0,2101.0,1882.0,53.2,0,-149082.72316860143,-28522.24368752089
7882.0,10474.0,3069.0,5231.0,2915,3360,3835,4060,9914.0,10369.0,2721.0,1652.0,53.2,0,-146864.71063085608,-27474.46106475084
15412.0,31426.0,2185.0,6797.0,3977,4654,6667,6739,16262.0,17235.0,3420.0,3832.0,53.3,0,-140990.3516243911,-22746.10426447428
402492.0,560056.0,32954.0,47235.0,1205,934,0,116,389565.0,308116.0,162871.0,132561.0,53.3,0,282161.6780739635,256364.63687834077
7711.0,17163.0,5146.0,10058.0,5697,5980,7128,7626,15221.0,15177.0,921.0,2829.0,53.4,0,-143613.11160531265,-25972.77574605643
473219.0,384156.0,1438250.0,1308030.0,831,597,873,396,383502.0,321317.0,207193.0,166250.0,53.4,3,1299464.2766187417,-610346.1334801891
569278.0,808775.0,28592.0,43842.0,1027,928,8819,8424,194815.0,174609.0,172405.0,147189.0,53.4,0,265031.80660600285,131497.31210542106
2368.0,14407.0,544.0,2467.0,1380,2576,1859,3728,4914.0,10115.0,313.0,522.0,53.5,0,-154157.95635247228,-29887.394054285625
3709.0,12859.0,1872.0,4173.0,1964,2249,2341,2685,5855.0,6574.0,681.0,786.0,53.5,0,-152096.40919176154,-30015.894276401537
6734.0,19517.0,2657.0,5880.0,5607,6277,7107,8230,18921.0,21009.0,395.0,2928.0,53.5,0,-144245.85376080996,-22211.9783878526
12349.0,14085.0,1110.0,3323.0,2841,3003,4614,4475,11597.0,11302.0,3128.0,2236.0,53.6,0,-145404.68978168798,-25204.291728128886
37933.0,53749.0,7139.0,12876.0,430,227,65,140,38259.0,36478.0,28585.0,26947.0,53.6,0,-106238.41428260382,844.5789203304703
92929.0,136652.0,16995.0,27303.0,459,198,0,97,84159.0,79159.0,53098.0,65555.0,53.6,0,-42293.08476404109,36585.91012060149
1090.0,4803.0,441.0,1429.0,907,1425,1295,2127,3299.0,5576.0,1000.0,1447.0,53.8,0,-155111.8828941337,-30325.02536551785
32093.0,50910.0,5170.0,8038.0,683,278,70,42,29965.0,27707.0,21002.0,23399.0,53.9,0,-116975.03636325223,-6535.282153989767
1441.0,5504.0,17.0,1099.0,1683,3177,1814,3809,4503.0,8422.0,348.0,508.0,53.9,0,-155075.02673635195,-29744.07750020817
12018.0,19680.0,1376.0,3709.0,3448,3584,5206,5322,13210.0,12628.0,4230.0,2941.0,53.9,0,-144131.50298104857,-23753.48109000301
333610.0,470722.0,125644.0,191089.0,414,423,0,90,123324.0,108659.0,81963.0,71968.0,53.9,0,160419.2365233896,-9364.046494885966
2530.0,11770.0,580.0,2996.0,1676,2373,1778,2637,4610.0,6315.0,253.0,554.0,54.0,0,-154221.33994665882,-30133.22239141078
2449.0,7046.0,803.0,3009.0,1306,1429,1682,1822,5278.0,5614.0,0.0,464.0,54.0,0,-153905.05805330706,-29966.11875425359
49983.0,80891.0,6239.0,9662.0,500,247,0,63,57948.0,54210.0,42675.0,37963.0,54.1,0,-86457.22414217309,20755.392156084792
14846.0,22340.0,3932.0,6200.0,2754,3024,4254,4308,15238.0,15176.0,3698.0,2967.0,54.1,0,-140489.82511104416,-24480.46704212179
23177.0,42322.0,4564.0,8251.0,2551,2394,5461,5676,15479.0,15481.0,3601.0,5370.0,54.1,0,-136264.15368448608,-24918.285677643617
12471.0,31952.0,9684.0,18190.0,3144,3249,4842,5267,13890.0,14417.0,3387.0,3941.0,54.1,0,-138088.05866780662,-28762.83086427829
29085.0,51373.0,11305.0,18775.0,3194,3213,7597,8303,19918.0,19957.0,3285.0,6850.0,54.1,0,-127113.87945387776,-26618.285059031918
2527.0,15526.0,70.0,641.0,1069,2180,1988,3882,4505.0,8611.0,176.0,327.0,54.2,0,-154680.29260468768,-29946.94565860189
18258.0,34232.0,2142.0,3947.0,3902,3881,5060,4860,13990.0,12908.0,4319.0,4348.0,54.2,0,-140484.03567755362,-23884.323502746643
349776.0,494393.0,48034.0,70953.0,376,341,3026,2320,120011.0,112982.0,165100.0,135386.0,54.2,0,150648.79448223978,81286.11614305268
4681.0,14348.0,896.0,3143.0,1834,2257,2395,2967,5730.0,7952.0,1509.0,2089.0,54.2,0,-151958.72551866825,-28988.547922037127
4100.0,15798.0,1526.0,4348.0,1070,2060,1583,2987,4715.0,7763.0,901.0,1984.0,54.2,0,-152459.55993924072,-30261.337408886528
7603.0,18056.0,2339.0,4894.0,3892,4386,5241,5943,13822.0,14993.0,1859.0,2964.0,54.2,0,-145869.67033059627,-24675.6932756588
14687.0,36402.0,1433.0,3442.0,5257,6106,7750,8789,19706.0,21556.0,2368.0,4315.0,54.2,0,-140576.9189207022,-20411.71334069337
2912.0,11353.0,700.0,1985.0,1111,1090,1697,1820,4287.0,5287.0,500.0,548.0,54.3,0,-154038.62290329067,-30334.644889705385
20923.0,42918.0,6006.0,10846.0,134,166,21,26,18299.0,17688.0,8706.0,14640.0,54.3,0,-131877.10058649952,-20275.205216667404
102806.0,153467.0,21180.0,30766.0,647,295,99,90,74908.0,67958.0,65866.0,56521.0,54.3,0,-35957.656187204746,31375.07559358775
62792.0,92780.0,2391.0,3914.0,136,221,124,66,48832.0,44432.0,46386.0,43651.0,54.4,0,-85891.1320674262,19045.62000975115
2753.0,9662.0,957.0,2009.0,1190,1422,2105,2503,6406.0,7806.0,615.0,2008.0,54.4,0,-152743.3714883104,-28862.396022497865
4391.0,11313.0,17.0,1589.0,218,494,459,1094,1056.0,4112.0,132.0,594.0,54.4,0,-155494.75993834532,-32194.0609920374
4871860.0,2025470.0,13458000.0,7920760.0,27372,8718,5755,2191,12306000.0,3918720.0,9575830.0,2777780.0,54.4,1,20563686.992469896,3445991.0698421057
37610.0,55349.0,7067.0,10657.0,0,0,13,52,33920.0,30011.0,24746.0,22643.0,54.4,0,-110338.1304202276,-4134.03462185253
46107.0,75736.0,18123.0,28314.0,330,182,0,59,51295.0,50262.0,24138.0,36686.0,54.4,0,-89839.82663679079,1356.6169501864752
7248.0,12249.0,1891.0,3840.0,2634,3356,3681,4500,10622.0,12675.0,2379.0,2831.0,54.4,0,-147596.73064875073,-26200.438091981843
1252.0,5754.0,470.0,2662.0,140,5,118,15,2793.0,4249.0,2461.0,3400.0,54.6,0,-154470.88864119555,-29749.368581116523
1788.0,4966.0,181.0,1682.0,210,74,59,0,4755.0,4912.0,2741.0,2616.0,54.6,-1,-153563.01494623348,-28369.935796026544
524881.0,708042.0,47893.0,71606.0,1734,1087,0,86,525545.0,426155.0,186131.0,173712.0,54.6,0,417685.7180330405,341372.80559276993
53378.0,73076.0,16478.0,25753.0,206,270,242,191,19265.0,18962.0,11897.0,12337.0,54.6,0,-110031.93489472184,-27378.39580856196
183614.0,280156.0,15055.0,21876.0,282,395,0,95,119662.0,104962.0,54790.0,50727.0,54.6,0,8260.307901226595,52688.77758921996
10199.0,14613.0,2008.0,3985.0,4213,4431,4906,5065,12550.0,12129.0,4081.0,3812.0,54.7,0,-144681.11309512434,-24373.46574666614
83456.0,118744.0,9556.0,13387.0,136,177,147,93,76671.0,69517.0,66785.0,58886.0,54.8,0,-50477.36474445295,41810.896607758055
1995.0,8026.0,339.0,1624.0,336,1244,551,1847,1784.0,4773.0,1184.0,1432.0,54.9,0,-155430.90516314883,-31204.18608785673
1532.0,6322.0,779.0,3555.0,925,2153,1153,2893,3427.0,8267.0,545.0,639.0,54.9,0,-154909.90374647378,-30805.971076685582
2283.0,7208.0,109.0,797.0,523,1223,567,1232,1890.0,4146.0,132.0,159.0,54.9,0,-155972.65132310195,-31657.32397279952
6625.0,11992.0,2406.0,4633.0,3645,3308,4668,4672,12478.0,12072.0,1482.0,2600.0,54.9,0,-147016.20898957088,-25721.744309948477
69887.0,99483.0,8579.0,13400.0,958,526,10,60,53310.0,48676.0,55196.0,44439.0,54.9,0,-73340.99643746055,21353.06116664929
724.0,3801.0,90.0,1386.0,886,1464,1431,2601,3004.0,5578.0,431.0,604.0,54.9,0,-155953.5267532976,-30641.097332104066
1157.0,4960.0,0.0,453.0,973,1842,1445,2966,4215.0,7967.0,266.0,1351.0,54.9,0,-155258.7112886599,-29796.43352703847
88837.0,118850.0,71897.0,110883.0,376,333,235,210,95680.0,87491.0,91153.0,64923.0,54.9,0,13103.202503259876,25534.3609935854
8015.0,16821.0,2607.0,5073.0,2794,3002,4110,4184,12102.0,11740.0,1941.0,3563.0,55.0,0,-146189.22433655142,-25829.461677780757
68842.0,109505.0,17740.0,27975.0,157,255,500,237,37019.0,35431.0,26057.0,25774.0,55.0,0,-87900.09970586827,-9851.493553010863
1259.0,5560.0,147.0,685.0,44,0,87,42,3849.0,7650.0,538.0,751.0,55.0,0,-155259.64787090945,-30111.36752619137
1522.0,5145.0,274.0,1099.0,8,0,188,161,4095.0,6858.0,165.0,580.0,55.0,0,-155112.55498268176,-30236.33709250724
2280.0,11169.0,454.0,1701.0,216,148,197,159,2325.0,4758.0,6412.0,9250.0,55.0,0,-152074.4079076872,-27505.21009775825
536280.0,671380.0,37781.0,52622.0,1209,1225,117,134,822254.0,683285.0,282504.0,259313.0,55.0,3,595513.711578548,588760.4390202082
9259.0,19841.0,2042.0,3028.0,3059,3721,4489,5074,13805.0,14310.0,1356.0,3830.0,55.2,0,-145483.2981589874,-24680.751849004853
6382.0,13268.0,1627.0,4255.0,3549,4082,5405,5542,21600.0,21452.0,1433.0,4717.0,55.2,0,-143291.19568205636,-19128.19848754682
41430.0,56035.0,12446.0,18144.0,0,193,0,119,43652.0,39874.0,41924.0,34639.0,55.2,0,-92816.62713858682,7527.067889506539
28945.0,56518.0,8270.0,15031.0,245,117,168,77,38136.0,37544.0,19696.0,27345.0,55.2,0,-112424.04274481603,-3024.739557662546
63724.0,93249.0,4773.0,7680.0,284,284,206,169,55586.0,51952.0,47439.0,46718.0,55.3,0,-80043.12806054414,22694.096632669232
13649.0,22269.0,2255.0,3992.0,4843,4813,6532,6526,16380.0,16422.0,3367.0,3846.0,55.3,0,-141626.81278676202,-22621.923946048013
16519.0,30357.0,2533.0,4082.0,5172,5240,6235,6273,18039.0,18457.0,5129.0,6837.0,55.3,0,-138483.06603640088,-20715.651588946854
4563.0,11192.0,964.0,3039.0,236,107,130,79,2257.0,6168.0,15569.0,30393.0,55.3,0,-144767.1809657938,-20781.44921300132
102359.0,156766.0,19862.0,33301.0,448,300,419,208,84908.0,77733.0,37491.0,42800.0,55.3,0,-44748.12575501453,24447.04306990062
5687.0,10482.0,336.0,2710.0,951,1007,1466,1592,4225.0,4255.0,354.0,699.0,55.3,0,-153216.9799642754,-30363.095928774
5985.0,13744.0,1282.0,2455.0,2431,2379,3479,3596,9717.0,10797.0,510.0,2346.0,55.5,0,-149694.24162092447,-27170.605145640067
10943.0,15366.0,1948.0,3004.0,3062,2961,3863,3910,10480.0,10543.0,425.0,2484.0,55.5,0,-146871.9874685549,-27441.65926452012
2619.0,12490.0,854.0,3834.0,1345,1791,2034,2816,5358.0,7682.0,440.0,678.0,55.5,0,-153574.20507061665,-29738.82943767524
12949.0,17350.0,1404.0,2051.0,2214,2495,3607,3338,10933.0,10535.0,2715.0,2210.0,55.6,0,-145413.66952245374,-26027.02963078665
95472.0,146246.0,3961.0,7829.0,0,193,196,73,88217.0,81918.0,81130.0,59845.0,55.6,0,-38800.27118514702,58016.36077942688
21086.0,35948.0,1682.0,4478.0,4462,4261,6090,6410,18566.0,18704.0,6047.0,4833.0,55.6,0,-136879.08720526693,-20081.112564448
9933.0,25771.0,1886.0,3344.0,4571,4538,5854,6304,15024.0,16162.0,2020.0,1823.0,55.7,0,-144768.89200730243,-23897.386573836066
204974.0,321812.0,50657.0,74360.0,675,439,0,89,172893.0,147483.0,59633.0,56625.0,55.8,0,68124.3006178932,65583.82576829389
2652.0,10524.0,1139.0,4771.0,1037,1650,1517,2500,4213.0,7422.0,0.0,0.0,55.8,0,-154129.45354997154,-30938.26841478992
81876.0,133388.0,29892.0,50694.0,634,345,67,184,70477.0,66084.0,45519.0,54366.0,55.8,0,-48291.56011392361,15580.387171192026
13905.0,22644.0,4130.0,5841.0,4539,4387,6188,6340,18455.0,19102.0,2326.0,2836.0,55.8,0,-139804.61193863195,-23103.222735189804
728962.0,667742.0,579569.0,771052.0,1622,768,106,106,321329.0,277376.0,182302.0,141050.0,55.8,3,770816.7144340842,-141661.74047772886
5559.0,10085.0,226.0,1569.0,1441,1500,2142,2226,6594.0,7210.0,1432.0,2348.0,55.8,0,-151669.2361056748,-28069.681180137726
7507.0,10427.0,2107.0,4002.0,2972,3278,4016,4074,12893.0,13272.0,1606.0,2804.0,56.0,0,-146605.19774861776,-25245.153220533582
258167.0,360098.0,44977.0,68907.0,0,184,166,125,233931.0,197936.0,120809.0,102560.0,56.2,0,141881.91615042233,137328.68060554974
19137.0,42285.0,2131.0,3639.0,5493,5839,7963,8513,20536.0,21933.0,3438.0,3573.0,56.4,0,-137596.43675781085,-20284.139796331245
121334.0,176047.0,31749.0,51655.0,711,401,0,85,134194.0,106929.0,43687.0,39350.0,56.4,0,-4698.852132711181,48958.34387836509
73456.0,113953.0,13145.0,22400.0,278,195,311,111,71845.0,66350.0,49227.0,52424.0,56.4,0,-61565.43003032323,28751.91518775721
2977.0,11471.0,1812.0,5420.0,1622,2202,1940,2865,6011.0,9256.0,567.0,1116.0,56.4,0,-152368.93073900638,-29827.55519659395
21837.0,35731.0,5898.0,10306.0,399,252,83,160,20409.0,18451.0,7777.0,14482.0,56.4,0,-130988.2908028299,-19347.93590261276
110360.0,163844.0,4627.0,6880.0,360,252,73,93,96119.0,84540.0,51176.0,47481.0,56.4,0,-41297.07078124178,47073.31693551919
131757.0,197944.0,7309.0,13665.0,468,325,10,128,131778.0,113054.0,40373.0,50419.0,56.4,0,-18222.18326961968,62483.68103653345
2980.0,5556.0,0.0,196.0,86,39,0,0,8458.0,5312.0,912.0,716.0,56.4,-1,-152445.93626068023,-27064.77177372156
327840.0,444421.0,20171.0,26960.0,925,817,272,213,378791.0,309402.0,185726.0,155974.0,56.4,0,249298.15254005545,275777.8195975524
35441.0,59335.0,7291.0,12238.0,0,72,177,162,36392.0,34224.0,26359.0,25420.0,56.4,0,-109010.9076928984,-1447.8357278747571
9740.0,14292.0,2360.0,4547.0,4100,3605,6020,5989,25571.0,24910.0,5377.0,5827.0,56.4,0,-138021.85864023995,-15461.7962995549
3456.0,9388.0,1613.0,4291.0,1437,1494,2212,2444,5764.0,6140.0,398.0,612.0,56.5,0,-152547.67040809715,-30040.91184622564
10332.0,12810.0,1110.0,3970.0,4901,5035,6370,6110,14416.0,14957.0,2737.0,2896.0,56.5,0,-145013.90512492854,-23346.54033740108
11339.0,25083.0,1967.0,3387.0,3932,3790,5285,5183,13967.0,13361.0,1866.0,3493.0,56.6,0,-144461.6658478533,-24505.34482210068
71410.0,113538.0,25774.0,42220.0,580,234,282,173,67834.0,63147.0,34348.0,56143.0,56.7,0,-60510.8275168054,12773.192143915116
84937.0,125939.0,20861.0,33495.0,121,65,430,199,74498.0,71082.0,59614.0,52190.0,56.7,0,-46535.74322204116,29160.175866771435
44015.0,66822.0,16808.0,27981.0,324,135,130,73,38912.0,37415.0,23243.0,27422.0,56.8,0,-98687.79061986569,-7373.327389965972
3183.0,9621.0,1033.0,3348.0,2453,2452,3784,3996,8311.0,8584.0,45.0,1302.0,56.8,0,-151950.60015892773,-28083.123427637
7232.0,17783.0,1489.0,2469.0,2663,2619,3750,3913,9557.0,9769.0,1549.0,1700.0,56.8,0,-148810.07524423103,-27150.02956754825
3454.0,11209.0,1062.0,3446.0,1945,2456,2303,2938,6568.0,8894.0,0.0,982.0,56.8,0,-152665.41307936652,-29294.33348907529
13538.0,23869.0,973.0,2590.0,10083,9859,11215,11734,27481.0,26772.0,5029.0,3830.0,56.9,0,-136924.05835711912,-14089.417004362263
36767.0,62781.0,23767.0,39322.0,3868,3533,5016,5076,14089.0,13603.0,2488.0,3883.0,56.9,0,-118660.62014326068,-39444.39733566577
5588.0,14032.0,796.0,2015.0,1963,2191,2894,3118,7823.0,8951.0,849.0,1659.0,56.9,0,-151009.77090723993,-28006.218393310883
26194.0,50754.0,8175.0,16255.0,0,0,74,37,23895.0,22255.0,6827.0,14806.0,56.9,0,-126370.59666577638,-19202.835479193
59470.0,91107.0,3136.0,7590.0,191,124,178,85,72930.0,71203.0,43164.0,61558.0,57.0,0,-74799.56392501919,35552.39594030412
141359.0,228148.0,54146.0,83288.0,762,305,380,203,106233.0,93144.0,49394.0,43771.0,57.1,0,9028.491776407463,19021.368854200056
19300.0,26459.0,2573.0,3780.0,5610,5459,8530,8647,23145.0,23841.0,6079.0,4749.0,57.1,0,-134924.04709469422,-17624.464263047164
132310.0,194019.0,8855.0,15343.0,37,116,93,260,148572.0,131044.0,67557.0,60168.0,57.2,0,1906.0793085408225,85067.24918866236
92235.0,133276.0,24253.0,37211.0,364,182,532,240,70580.0,64207.0,64722.0,53730.0,57.3,0,-40890.616869718535,26469.551125805283
1600.0,5901.0,281.0,1093.0,369,894,668,1678,1954.0,5320.0,1634.0,2627.0,57.3,0,-155238.7973192069,-30653.760582450355
2515.0,11551.0,0.0,1075.0,1229,1817,1930,2797,4756.0,7080.0,606.0,1129.0,57.3,0,-154360.0815249284,-29434.65003622213
4173.0,10947.0,993.0,3074.0,20,44,190,138,1850.0,4450.0,17790.0,30547.0,57.4,0,-144251.64610508925,-20074.66875536436
38640.0,61770.0,14631.0,24363.0,76,166,124,116,43119.0,39438.0,19074.0,31146.0,57.4,0,-101564.32685990247,-4148.711659784731
164024.0,254047.0,364547.0,521425.0,3729,4223,8133,8249,21056.0,20388.0,5875.0,6152.0,57.5,0,173467.70844356707,-255468.52193797403
3528.0,7350.0,1369.0,3159.0,1798,1667,2124,2205,6478.0,6964.0,2411.0,2642.0,57.5,0,-151364.71577775464,-28271.020395334148
3862.0,7389.0,1445.0,3843.0,2308,2450,3346,3562,8202.0,8864.0,597.0,2645.0,57.5,0,-151064.6338065541,-28008.597286186232
7955.0,23047.0,2428.0,4160.0,4323,4627,6383,6885,15573.0,16812.0,1977.0,2524.0,57.5,0,-144884.31843261508,-23666.076395276905
6712.0,11617.0,672.0,1985.0,2579,3755,2452,3476,6169.0,7745.0,2342.0,2058.0,57.6,0,-150778.52885009517,-28358.27739880555
4992.0,11374.0,4641.0,8229.0,3008,3155,3763,4075,10937.0,12318.0,2046.0,2862.0,57.6,0,-146597.55672289923,-27716.07040017985
6463.0,13317.0,1864.0,3820.0,3261,3231,4368,4288,9493.0,10608.0,2157.0,2160.0,57.6,0,-148610.26136531006,-27046.05338421681
38355.0,58369.0,5752.0,9642.0,281,166,21,94,34592.0,33072.0,26785.0,25350.0,57.7,0,-109543.03119698992,-1642.172111907188
6070.0,14769.0,858.0,3525.0,2717,2891,4220,4522,11469.0,12043.0,1152.0,2400.0,57.7,0,-148917.07522090105,-25522.60548794408
16227.0,23179.0,1939.0,5053.0,3973,3568,5645,5851,16340.0,14942.0,4676.0,3679.0,57.8,0,-140348.4127775669,-22095.26685901808
3226.0,10783.0,1160.0,3789.0,1247,1360,1568,2148,5335.0,7028.0,667.0,1140.0,57.8,0,-152983.33933407225,-29816.56540083258
9290.0,22490.0,1378.0,5205.0,2694,2851,3858,4186,12563.0,12783.0,1740.0,3424.0,57.8,0,-146400.25653372906,-24956.39810654564
5529.0,13058.0,4227.0,7575.0,2184,2355,2868,3097,9878.0,10741.0,2398.0,2720.0,57.8,0,-147031.9709701227,-28037.145995456107
4424.0,19369.0,1385.0,3971.0,2812,3430,3639,4252,11229.0,14042.0,114.0,2787.0,57.9,0,-149670.09884541735,-26273.15380662397
132923.0,222031.0,3628.0,8219.0,496,246,222,159,155948.0,140092.0,73617.0,66219.0,57.9,0,4874.9029247517465,96486.5889311996
5994.0,12613.0,3776.0,7245.0,1081,1001,3586,3751,9076.0,8997.0,2719.0,4269.0,58.0,0,-147201.94076456624,-27905.363446026204
232776.0,325922.0,19225.0,27842.0,780,441,538,250,269317.0,237267.0,146594.0,135921.0,58.1,0,143386.19601829696,193694.1691564582
68063.0,113182.0,18961.0,31157.0,198,188,206,74,57639.0,57025.0,25551.0,39616.0,58.1,0,-76518.1124351129,4478.551721761851
2150.0,9396.0,231.0,1307.0,98,0,131,91,17378.0,22468.0,10644.0,12645.0,58.2,0,-143505.0439861265,-15518.5058194025
1000.0,3491.0,1187.0,2877.0,116,25,207,199,6119.0,8860.0,30607.0,48805.0,58.2,0,-136455.30115668877,-8982.877453367186
758423.0,768055.0,116157.0,122444.0,3111,2519,652,358,2111850.0,1594650.0,817287.0,653246.0,58.2,3,1569122.8928514642,1628118.8278863593
162191.0,254418.0,18518.0,26041.0,0,37,92,91,65577.0,54529.0,32764.0,30080.0,58.2,0,-33241.814781603,5154.718165808768
173501.0,217389.0,223582.0,339276.0,3505,3133,8117,8271,21800.0,21705.0,9918.0,7583.0,58.2,0,82009.98408251512,-165185.59946262403
136516.0,198378.0,7621.0,8813.0,240,159,194,91,173895.0,140585.0,67119.0,55730.0,58.2,0,13470.630055080692,100683.88962359577
2919.0,6975.0,2707.0,5088.0,1368,1886,1845,2391,4758.0,6566.0,1482.0,1211.0,58.2,0,-151990.50439551927,-30778.76598076727
11407.0,23410.0,3477.0,6493.0,3078,2876,6984,6898,17370.0,16347.0,5559.0,4223.0,58.2,0,-140401.56908259285,-21634.62182879748
107194.0,160936.0,66858.0,103395.0,8272,8113,9091,9308,28690.0,26301.0,4049.0,5462.0,58.3,0,-52689.02554148194,-60928.809870574536
2749.0,7949.0,592.0,1702.0,3324,3913,3621,4184,9048.0,10427.0,755.0,1535.0,58.3,0,-151807.40660739987,-26977.87577304153
9107.0,18571.0,1958.0,4114.0,2398,2531,3162,3570,8461.0,8828.0,2592.0,2630.0,58.4,0,-147711.35879447416,-27673.58403074943
4761.0,13446.0,616.0,3159.0,3683,4211,5218,6134,14484.0,15660.0,2356.0,2778.0,58.4,0,-147765.51748046323,-22811.864940718253
76656.0,96649.0,29528.0,45366.0,243,242,0,145,66109.0,59658.0,67279.0,47448.0,58.4,0,-45494.36710704397,21406.835376840158
39853.0,63113.0,6909.0,10544.0,369,131,163,174,39372.0,38264.0,23757.0,35002.0,58.5,0,-105873.23162993098,835.1008314602768
38585.0,62993.0,5822.0,11662.0,366,311,0,0,41609.0,39331.0,31306.0,31485.0,58.5,-1,-103803.0100652354,5626.1908163472
12725.0,16670.0,2198.0,3043.0,1884,1851,4675,4650,10936.0,12158.0,1936.0,4009.0,58.5,0,-145015.3161429835,-26544.40337167045
40488.0,52842.0,2878.0,3112.0,0,301,127,93,51475.0,45185.0,44449.0,33199.0,58.6,0,-95532.96997971776,19370.381447500826
19367.0,30388.0,3043.0,3889.0,2275,1884,4824,4534,12762.0,12104.0,5056.0,4275.0,58.6,0,-139702.46342114484,-25000.14952785459
4354.0,10619.0,1381.0,4000.0,1757,1839,2986,3367,8592.0,9225.0,1079.0,1570.0,58.6,0,-150691.16307217383,-27724.46322478615
58997.0,79945.0,13658.0,20331.0,0,210,393,144,62680.0,56438.0,45405.0,34225.0,58.6,0,-74974.62268327456,19050.645568935903
26412.0,42471.0,1347.0,2965.0,334,236,122,102,30903.0,29148.0,16441.0,25916.0,58.7,0,-122884.61922106356,-4682.259239952167
3819.0,12550.0,1193.0,3296.0,1981,2126,3042,3660,7986.0,9778.0,643.0,910.0,58.7,0,-151557.0022475998,-28243.750470115134
9804.0,17747.0,1077.0,4408.0,5944,5855,7464,7816,16844.0,17062.0,1559.0,3241.0,58.7,0,-144545.76242524982,-22193.546007140605
21445.0,41135.0,2207.0,4545.0,8164,8091,10530,10723,27432.0,26954.0,7186.0,6718.0,58.8,0,-131700.15236827757,-14040.41408646018
6555.0,14476.0,30228.0,30516.0,418,205,0,34,53850.0,31393.0,12501.0,6881.0,58.8,0,-104586.17026094269,-11723.765233243988
5437380.0,3602470.0,7604260.0,6920210.0,14141,5630,3516,1518,2881420.0,2187710.0,1943270.0,1218420.0,58.8,2,9490232.724221537,-2327461.4873604937
2530.0,5800.0,2873.0,6113.0,803,689,1712,1900,4263.0,4931.0,1085.0,1670.0,58.9,0,-152348.2796845747,-31263.43715770932
32860.0,48142.0,6109.0,10057.0,20,71,61,60,29807.0,27988.0,23974.0,24555.0,58.9,0,-114842.34611036949,-5841.432424564304
5024.0,14756.0,3579.0,8137.0,3938,4317,4747,4762,10841.0,10552.0,1269.0,2058.0,58.9,0,-147746.12972530798,-27565.60743308594
50743.0,79704.0,8256.0,12517.0,189,269,0,41,50854.0,45747.0,40889.0,35474.0,58.9,0,-88925.51923435555,13805.683966918035
5706.0,13877.0,1232.0,2883.0,3883,4190,5306,5740,14219.0,15935.0,234.0,2601.0,58.9,0,-147877.52111058688,-24346.33964534125
41220.0,65036.0,3319.0,6483.0,352,144,254,167,34065.0,31301.0,22320.0,32408.0,58.9,0,-111043.06795640822,-1374.370775933265
61255.0,87055.0,23607.0,37616.0,203,234,365,136,59691.0,55237.0,54492.0,43912.0,59.0,0,-63949.01189009924,16135.072977726975
3643.0,15876.0,1714.0,5137.0,1763,2207,2058,2697,6523.0,8536.0,1267.0,1561.0,59.0,0,-151618.02407033712,-29120.282756042245
2315.0,9295.0,2712.0,6107.0,1266,1386,3759,4495,8609.0,10005.0,1213.0,2980.0,59.0,0,-150371.87896028874,-28132.07601368426
5315.0,16134.0,1002.0,2136.0,2720,3444,3411,4177,9326.0,11379.0,1549.0,1668.0,59.0,0,-150039.91129549555,-26871.743933844704
49378.0,77552.0,7533.0,11678.0,174,222,0,22,48016.0,44120.0,30151.0,38242.0,59.0,0,-94876.3493284424,8492.451651009473
68166.0,99645.0,7475.0,11156.0,182,126,374,175,60561.0,59146.0,45227.0,43948.0,59.1,0,-75281.64019941067,22482.38905238047
13419.0,19843.0,3537.0,5880.0,2832,3052,4567,4854,11936.0,12464.0,3118.0,4704.0,59.1,0,-142829.59585989517,-26191.4467158336
22537.0,45242.0,97505.0,170272.0,2389,2362,4053,4194,12207.0,12330.0,5146.0,4367.0,59.1,0,-73377.55606477337,-84812.59704443367
8304.0,12005.0,3383.0,5238.0,2316,2611,3405,3444,10223.0,10698.0,1357.0,3482.0,59.1,0,-146609.79581616228,-27782.80885377926
7743.0,11382.0,2863.0,5407.0,4379,4195,5661,5596,13137.0,13323.0,3425.0,2609.0,59.1,0,-145224.59358050316,-24846.176224618717
4970.0,9422.0,2040.0,4462.0,1713,1502,2157,2127,6438.0,5821.0,690.0,1033.0,59.2,0,-151167.4276576088,-29791.50662475394
46900.0,64288.0,3668.0,4858.0,357,169,340,259,33130.0,28420.0,16879.0,22582.0,59.2,0,-112146.8994519356,-6413.598134505271
16538.0,25840.0,1834.0,2875.0,4571,4577,6825,6751,16376.0,16633.0,2284.0,3082.0,59.2,0,-141232.7007766353,-23123.99623223537
41148.0,55671.0,5175.0,7511.0,592,268,0,28,30453.0,26246.0,27782.0,24222.0,59.2,0,-110437.55703031104,-3841.424757580589
46497.0,72385.0,4133.0,5856.0,484,308,260,165,35259.0,31324.0,20517.0,24025.0,59.2,0,-109505.92206035995,-3575.428175891593
73496.0,108599.0,15778.0,23001.0,180,192,289,124,57836.0,51699.0,35359.0,35753.0,59.2,0,-73270.88644420312,9744.136688944982
7036.0,14583.0,2140.0,5870.0,1262,1328,1764,2011,4142.0,5256.0,757.0,1745.0,59.2,0,-151174.20414409792,-31298.434517848906
18034.0,33160.0,4849.0,7000.0,3295,2917,4561,5097,15379.0,14736.0,2896.0,3804.0,59.2,0,-138676.08125632675,-25376.138389482698
65312.0,100597.0,14808.0,23841.0,243,324,301,134,87060.0,81272.0,68436.0,62962.0,59.3,0,-48472.48827059218,47608.58152815676
8164.0,21771.0,3427.0,6882.0,49,44,174,103,15324.0,16127.0,5261.0,10556.0,59.3,0,-142011.7004332028,-21808.419581820395
5710.0,12143.0,906.0,2739.0,2818,3351,3436,3818,9899.0,11151.0,802.0,1289.0,59.3,0,-150009.4413853646,-26849.138483121656
5766.0,19052.0,1364.0,2557.0,2017,2224,2869,2997,8882.0,9433.0,1655.0,2736.0,59.3,0,-149633.5927765465,-27193.871169735125
23719.0,39590.0,3554.0,5350.0,411,169,267,110,31749.0,30562.0,20715.0,21030.0,59.3,0,-121121.65061781622,-4348.443583069402
102759.0,160926.0,3786.0,5466.0,122,227,251,150,127635.0,112802.0,66371.0,64571.0,59.5,0,-23015.882376817142,77141.40724558278
136850.0,205994.0,27991.0,45504.0,261,337,458,171,188152.0,160479.0,62330.0,61842.0,59.5,0,33106.94987647387,95859.7070855352
34374.0,54979.0,3450.0,5414.0,215,148,234,147,45494.0,42261.0,25329.0,29230.0,59.5,0,-107895.16691840035,6967.221660686748
579294.0,684661.0,722618.0,1015710.0,912,705,654,253,326375.0,277636.0,175747.0,159756.0,59.5,3,810528.8869744106,-218301.84912586675
6625.0,14125.0,1670.0,4579.0,2906,2806,3753,3945,9467.0,9404.0,1526.0,2718.0,59.5,0,-148853.5471969787,-27127.599728759524
8102.0,14570.0,1424.0,2732.0,4148,4255,5044,5167,14331.0,14180.0,2780.0,2557.0,59.5,0,-145778.9321647837,-23491.37831953846
3275.0,10711.0,2133.0,4170.0,1942,2155,3052,3267,7758.0,7605.0,814.0,1589.0,59.6,0,-151084.60501582947,-28761.93768421965
4158.0,15006.0,899.0,2784.0,1167,1443,1518,2086,5298.0,7247.0,890.0,1863.0,59.6,0,-152625.18111499588,-29527.110502770905
7398.0,13971.0,4196.0,6111.0,2833,3042,4009,4260,11082.0,10854.0,1246.0,2377.0,59.6,0,-146210.79290887626,-27914.14758628795
10311.0,21848.0,2667.0,4810.0,2213,2408,3665,4111,10812.0,9605.0,1682.0,2724.0,59.6,0,-145992.54708211898,-27075.8704265083
56671.0,95304.0,10501.0,13025.0,149,131,87,109,49969.0,46214.0,34108.0,35441.0,59.7,0,-87853.19747130139,8601.014176310968
1114.0,6323.0,693.0,3504.0,1478,2351,1643,2555,4463.0,7115.0,186.0,217.0,59.7,0,-154857.37414648553,-30287.4410305047
11176.0,20571.0,2502.0,5325.0,2317,2233,3329,3506,9669.0,10880.0,57.0,2320.0,59.8,0,-146918.48135853218,-28498.766620200426
5840.0,9362.0,2492.0,4094.0,3964,4445,5269,5582,13787.0,14504.0,1515.0,3784.0,59.8,0,-146524.9205557206,-24692.047826800488
506430.0,677774.0,628258.0,876639.0,1372,912,0,108,248149.0,205745.0,137550.0,105988.0,59.8,3,659371.6841529484,-228443.8178140384
256807.0,370787.0,73259.0,111792.0,275,315,0,45,366260.0,305025.0,142757.0,121837.0,59.8,0,231048.06755867528,215632.10579535848
37573.0,50097.0,39197.0,66790.0,255,172,175,161,32542.0,30306.0,13986.0,23033.0,59.8,0,-92707.33314629656,-29627.27200886149
5724.0,10068.0,1227.0,2205.0,2322,2222,3152,3131,8041.0,7447.0,1576.0,2870.0,59.9,0,-150135.72304410738,-27648.10526817029
47312.0,78580.0,6237.0,9925.0,0,61,24,88,40144.0,37708.0,28471.0,28390.0,59.9,0,-102031.40793525588,2177.234343489803
3777.0,11503.0,784.0,2596.0,2271,2737,3070,3675,9539.0,12087.0,583.0,2881.0,60.0,0,-150928.94417441485,-26711.345540603117
4711.0,12394.0,1223.0,3159.0,2735,2780,3520,3883,9489.0,10058.0,1383.0,1578.0,60.0,0,-150133.62324928577,-26952.032339188507
161774.0,241002.0,14370.0,20427.0,732,494,11,27,218242.0,189574.0,46971.0,54886.0,60.0,0,40926.04076083266,114254.42504382088
67306.0,103164.0,17658.0,26901.0,7,142,196,105,61341.0,56921.0,46302.0,38176.0,60.1,0,-68583.27806084219,16162.722365478365
8053.0,20293.0,1701.0,3533.0,4363,4905,5559,5834,15099.0,16025.0,1378.0,2817.0,60.2,0,-145744.90491353642,-23722.0270834604
338495.0,469742.0,200483.0,282148.0,260,404,87,106,137073.0,120024.0,77352.0,63048.0,60.2,0,217470.79935629413,-51340.50984439204
3726.0,11626.0,1618.0,4619.0,3869,4936,4827,5877,11093.0,13959.0,773.0,2282.0,60.2,0,-149673.0893528789,-26262.66937916705
619963.0,687171.0,466526.0,593592.0,2026,1091,604,448,385228.0,305592.0,141574.0,107853.0,60.2,3,657698.6608925236,-45620.87739309767
4894.0,7148.0,2305.0,3393.0,2625,2665,3324,3409,10053.0,9317.0,1894.0,1661.0,60.2,0,-148858.64345113028,-27059.26741337331
98516.0,156453.0,54952.0,72139.0,2815,2249,943,818,21485.0,18107.0,15239.0,13731.0,60.2,0,-62560.9819319956,-51437.78418489394
3184.0,11173.0,1616.0,3763.0,1785,1860,2961,3204,6823.0,7186.0,782.0,1574.0,60.2,0,-151914.584120189,-29038.53342568913
55140.0,88596.0,1797.0,4389.0,303,153,424,210,58040.0,52947.0,32034.0,45179.0,60.3,0,-90386.58378209546,19961.508514947705
8838.0,16252.0,2004.0,4013.0,4170,4684,5740,6256,14207.0,14795.0,1926.0,1965.0,60.3,0,-145521.93812696432,-24433.464505443557
8486.0,11064.0,2056.0,3502.0,3264,3032,4069,4119,15690.0,14509.0,4431.0,3250.0,60.3,0,-143878.92388006212,-22251.439649683554
22451.0,35950.0,12204.0,20647.0,222,160,351,149,23939.0,23273.0,22512.0,20648.0,60.3,0,-118573.77304715244,-13941.789479581696
93229.0,149948.0,7211.0,11066.0,281,239,302,170,95477.0,84391.0,94739.0,71904.0,60.4,0,-27654.7209669477,68357.72771081282
6601.0,12089.0,741.0,1275.0,2356,2642,3310,3464,8530.0,9122.0,1812.0,1795.0,60.4,0,-149940.1995854919,-27163.939484721035
77733.0,120611.0,66420.0,102678.0,3494,3433,5192,4731,15046.0,14788.0,2835.0,4033.0,60.4,0,-71851.49423821572,-68109.9946244672
1629.0,6804.0,1126.0,3828.0,1221,1572,1899,2566,4898.0,6605.0,705.0,1161.0,60.5,0,-153840.7924293682,-29947.61595052217
39835.0,65797.0,3961.0,5707.0,98,98,90,32,35657.0,33843.0,11969.0,24445.0,60.5,0,-115276.11884801537,-6302.288593301066
337651.0,440655.0,69736.0,95518.0,551,520,7499,6607,217455.0,179668.0,184695.0,146475.0,60.5,0,213238.3816397984,140072.93421327168
8611.0,15144.0,1098.0,3802.0,2213,2425,2992,3070,7314.0,7293.0,127.0,1109.0,60.6,0,-150127.97189818227,-29105.30950780381
45143.0,72756.0,6210.0,9020.0,115,120,43,92,52234.0,44661.0,36387.0,30879.0,60.6,0,-94251.74814597447,13700.368941657096
66755.0,97328.0,16070.0,26365.0,278,266,327,124,61570.0,59256.0,47631.0,47957.0,60.6,0,-68075.24146090297,19467.777730532
49824.0,83017.0,13208.0,20845.0,1957,1743,5282,4720,12961.0,11475.0,6234.0,6168.0,60.7,0,-119446.60254800456,-32436.06871006956
3092360.0,1984200.0,6439860.0,4653680.0,14347,5792,4022,1694,531006.0,389311.0,180841.0,128523.0,60.8,2,5878062.458905848,-3844571.290722481
7783.0,18594.0,2269.0,3962.0,1069,844,1946,2178,6660.0,6913.0,2099.0,2639.0,60.9,0,-149036.0330041218,-29128.711220837147
6158.0,13595.0,2957.0,6689.0,2014,2108,3004,3254,8243.0,8505.0,2412.0,3029.0,60.9,0,-148344.5007334504,-28258.51993924404
37877.0,59811.0,9293.0,13869.0,303,188,178,86,39762.0,37075.0,26777.0,25556.0,60.9,0,-104939.40926445184,-535.3165539082001
13720.0,23740.0,2667.0,4501.0,14350,16194,20940,23149,10428.0,11401.0,1415.0,2279.0,61.0,0,-144875.4146717123,-27692.892868168998
10609.0,10903.0,2168.0,4170.0,3114,2967,3987,3762,8897.0,8351.0,2818.0,3253.0,61.1,0,-146589.91960455818,-27431.1982467801
49836.0,76377.0,3721.0,5096.0,263,188,317,175,50508.0,47262.0,42184.0,35577.0,61.1,0,-92093.18420556728,17053.677022358886
31966.0,52466.0,4105.0,5696.0,149,84,65,80,35543.0,32539.0,18846.0,30841.0,61.1,0,-115104.40752453973,-2041.4109253767856
4220.0,8691.0,2827.0,3869.0,3050,3074,4321,4577,12426.0,12177.0,948.0,3867.0,61.2,0,-147772.56942898245,-25883.69488286953
1669.0,9999.0,451.0,3146.0,707,1025,1476,2522,4263.0,7190.0,997.0,1941.0,61.2,0,-154372.18784096508,-29680.79090711092
10516.0,19499.0,4749.0,8339.0,1722,1623,3206,3188,8680.0,8735.0,1210.0,2515.0,61.2,0,-145634.24758797593,-29976.62210446508
5739.0,12661.0,1189.0,2938.0,1136,1144,3059,3239,8020.0,9336.0,2021.0,2482.0,61.2,0,-150052.86550287044,-27513.255932024545
23818.0,43582.0,2782.0,3682.0,4789,4091,6927,6595,19686.0,17345.0,6205.0,5845.0,61.2,0,-134307.7739845048,-20010.69396382628
5558.0,7575.0,930.0,2906.0,2056,2284,3188,3004,6839.0,6283.0,1325.0,1344.0,61.2,0,-151236.68087087153,-28560.762513997583
194211.0,288458.0,8975.0,12638.0,417,397,218,150,210005.0,185038.0,68410.0,83817.0,61.2,0,58337.57293234955,123965.205718793
11910.0,17929.0,2320.0,5303.0,1674,1714,3181,3262,8697.0,7353.0,3201.0,3492.0,61.2,0,-145875.03509111662,-27539.25765921404
893206.0,1093740.0,397574.0,509646.0,829,461,136,124,137779.0,117316.0,78208.0,66508.0,61.3,0,581813.3726545499,-209768.638594006
2336.0,9031.0,3067.0,8500.0,2135,2873,2641,3489,6178.0,8128.0,484.0,777.0,61.3,0,-151760.90843418735,-30556.236795807024
12340.0,23664.0,2633.0,4773.0,4677,4829,6337,6600,17139.0,17157.0,1755.0,3813.0,61.3,0,-142159.35686350768,-22976.295076914903
266068.0,386592.0,27171.0,38250.0,644,334,446,187,147367.0,106822.0,95030.0,71173.0,61.4,0,80318.86142580304,77407.74638304023
53060.0,80844.0,36080.0,58709.0,521,213,117,155,55211.0,49632.0,34839.0,32270.0,61.4,0,-69434.64534868897,-4111.610995955231
69693.0,95127.0,24582.0,38816.0,490,385,479,244,72148.0,64420.0,55921.0,47157.0,61.5,0,-53266.173178702986,23971.296977387272
7779.0,13201.0,3427.0,5366.0,1429,1052,3279,3516,7592.0,7720.0,3557.0,3419.0,61.6,0,-147178.7163365799,-28526.368329718734
34692.0,55879.0,2998.0,4961.0,68,120,58,65,42507.0,41641.0,31211.0,27392.0,61.6,0,-107485.71931981876,7514.553337074376
11773.0,17849.0,2863.0,5407.0,4478,3698,5688,5615,15039.0,13888.0,3340.0,3403.0,61.6,0,-142647.56760824908,-23813.73815175009
68703.0,106048.0,4698.0,7449.0,360,161,324,153,52042.0,46385.0,39449.0,35219.0,61.7,0,-84054.9085068451,14978.962175385674
92064.0,145038.0,23700.0,38391.0,0,97,0,44,67173.0,62483.0,54081.0,47627.0,61.7,0,-47578.11100337599,19228.275236396414
8552.0,33494.0,1325.0,5478.0,3742,5364,5260,7114,13547.0,18183.0,0.0,766.0,61.7,0,-147269.3435972693,-25407.24239124845
8516.0,14615.0,2295.0,4630.0,1561,1497,3576,3636,9221.0,9545.0,2604.0,3978.0,61.8,0,-147204.64770211125,-27143.152192148416
8659.0,14612.0,870.0,1334.0,1151,1144,1985,2009,5330.0,5664.0,3371.0,3267.0,61.8,0,-149693.98432221447,-28513.691633681145
69149.0,106285.0,21544.0,35629.0,167,204,13,63,74279.0,71890.0,41293.0,51809.0,61.8,0,-59438.1723765622,21869.187870593745
9693.0,11608.0,1622.0,2579.0,1948,2073,3733,4035,12205.0,13377.0,3286.0,2520.0,61.8,0,-145773.6186343081,-24858.1700135168
30496.0,43176.0,8016.0,13000.0,176,149,256,106,36917.0,34159.0,23098.0,24257.0,61.8,0,-111648.5475064574,-2804.6409393385948
24822.0,31949.0,4634.0,6648.0,6086,5784,8058,8192,23778.0,23254.0,5181.0,5725.0,61.8,0,-131161.66137095197,-19098.7444380879
48081.0,48725.0,12463.0,16147.0,139,132,359,169,31529.0,27241.0,29450.0,20371.0,61.9,0,-101951.96564987177,-8104.173485084793
36766.0,41350.0,1256.0,2945.0,278,249,390,164,33887.0,32946.0,18136.0,23905.0,61.9,0,-116990.40814901971,-3022.107859003336
2853.0,7046.0,1193.0,3526.0,1265,3999,1799,5105,5212.0,12030.0,2874.0,2393.0,61.9,0,-152195.6150635699,-28763.125168733342
4270.0,10246.0,528.0,2731.0,2742,5067,3839,6643,8465.0,13913.0,0.0,537.0,61.9,0,-151897.3140346224,-27881.109414739258
3946.0,7648.0,1586.0,3987.0,1899,1660,2584,2891,6932.0,7733.0,1024.0,2204.0,61.9,0,-151405.41685203614,-28798.643573155463
86309.0,125520.0,12407.0,20083.0,189,103,275,103,79068.0,73718.0,71421.0,60785.0,62.0,0,-44308.45023919949,43601.42098039591
3009.0,16924.0,415.0,2390.0,660,1514,1018,2405,3012.0,6910.0,884.0,1373.0,62.1,0,-154526.41912826334,-30675.874001889955
4825.0,16137.0,779.0,2814.0,1293,1749,1726,2690,4383.0,7232.0,372.0,546.0,62.1,0,-153204.42634981265,-30501.98081026124
42824.0,68963.0,31042.0,49274.0,2041,2081,5489,5389,13561.0,13701.0,6356.0,3788.0,62.1,0,-109982.32022971212,-43128.87021663448
6646.0,14582.0,1735.0,4452.0,5595,6320,6892,7563,17160.0,19053.0,1135.0,2294.0,62.2,0,-145519.79902234007,-22532.58712883295
14705.0,16982.0,2291.0,3642.0,1586,1767,2790,2473,7218.0,8458.0,1637.0,2167.0,62.2,0,-146162.51322771577,-29507.58927109639
8548.0,19059.0,3772.0,7073.0,3119,3416,4264,4497,10755.0,11868.0,991.0,1612.0,62.3,0,-146369.8699348532,-28158.8461068831
3541.0,18489.0,1184.0,3825.0,2247,3777,2793,4815,6497.0,10716.0,396.0,1269.0,62.3,0,-152393.84392171702,-29208.343143623744
748.0,4523.0,4263.0,17894.0,122,58,96,0,4781.0,10759.0,30098.0,58923.0,62.4,-1,-133948.79487081448,-10332.514582768192
749.0,3754.0,11047.0,35955.0,157,139,196,114,28820.0,50774.0,57697.0,94376.0,62.4,0,-103759.5086161083,17876.942009939357
2276.0,14775.0,9090.0,33206.0,140,50,134,0,17277.0,30738.0,69778.0,134653.0,62.4,-1,-100146.73113940824,23244.58865181641
1394.0,7783.0,11852.0,40404.0,173,140,102,0,29458.0,56154.0,86600.0,136809.0,62.4,-1,-86629.89705510046,36674.88217939051
1969.0,11194.0,14120.0,43909.0,113,102,146,14,41421.0,67035.0,73640.0,122112.0,62.4,0,-86068.97443093178,34976.60792977741
1528.0,6088.0,19997.0,52549.0,113,25,136,64,46701.0,64744.0,125493.0,153397.0,62.4,0,-56721.65985260127,61432.4351916123
13199100.0,3036770.0,14759200.0,10093900.0,83275,10303,21584,2720,9268250.0,3461820.0,4129540.0,2511340.0,62.4,1,21459481.599956747,-2160856.480661332
14986.0,26225.0,3338.0,8071.0,5293,5446,6791,6713,19442.0,18645.0,2645.0,3555.0,62.4,0,-139252.87473983562,-21802.136729245693
48568.0,71202.0,10759.0,18599.0,360,289,267,152,45571.0,42925.0,35267.0,31497.0,62.4,0,-93045.95909611166,6038.465424316677
15291.0,19914.0,1098.0,4730.0,1710,1717,4198,4288,10436.0,10616.0,2555.0,4218.0,62.4,0,-144695.6731234004,-26044.39611006267
47090.0,74245.0,8505.0,15094.0,59,52,147,139,44060.0,39608.0,30070.0,29463.0,62.4,0,-98064.72841673173,4087.1359521004015
3266.0,10005.0,1093.0,2928.0,1597,2240,1968,2832,5303.0,7490.0,1305.0,1986.0,62.5,0,-152684.01965448528,-29393.200595724564
77483.0,103641.0,20274.0,30601.0,414,337,216,85,62375.0,56158.0,51103.0,45100.0,62.5,0,-59495.338474784905,17638.15293007036
6519.0,11058.0,1519.0,4104.0,1748,1560,2070,2012,7026.0,6703.0,2287.0,2391.0,62.5,0,-149866.86777861425,-28305.480669886543
15631.0,18086.0,2641.0,3772.0,7155,6971,7486,7993,22266.0,18965.0,2307.0,5654.0,62.6,0,-138051.42731323454,-19425.796852877964
22564.0,33499.0,7415.0,10408.0,1402,1682,4038,3782,12090.0,10922.0,4939.0,4590.0,62.6,0,-135683.32829663748,-28377.344444122704
13073.0,23868.0,2555.0,4720.0,1677,1361,3103,2762,7341.0,6726.0,4322.0,3741.0,62.7,0,-145402.71873723157,-28109.599384307825
7905.0,11254.0,4123.0,5825.0,5840,6264,8136,8223,16758.0,15371.0,4983.0,3724.0,62.7,0,-141933.46748240525,-22520.95980294356
49385.0,78978.0,6946.0,12216.0,586,220,487,241,25803.0,23013.0,19897.0,15048.0,62.8,0,-112006.14130952056,-13208.421533364784
221114.0,321410.0,32157.0,52361.0,560,407,286,159,145843.0,133315.0,119696.0,115226.0,62.8,0,79334.1788586177,93654.77777179204
22773.0,30296.0,5774.0,10915.0,388,237,177,94,23316.0,22809.0,21262.0,17383.0,62.8,0,-124036.83682970476,-11368.725982296131
3270.0,9732.0,2197.0,4323.0,3028,3639,3948,5303,11800.0,15392.0,1255.0,2928.0,62.8,0,-148884.74879792187,-25844.9794121694
209775.0,304044.0,15682.0,23370.0,686,292,292,113,216511.0,174973.0,89244.0,74321.0,62.8,0,78765.62363501586,130074.4620255509
899.0,5260.0,0.0,37.0,142,55,179,98,2269.0,5025.0,605.0,1027.0,62.9,0,-156160.94782959978,-30922.138288246904
1673.0,8299.0,0.0,641.0,185,146,89,0,3805.0,4754.0,456.0,1118.0,62.9,-1,-155196.25118186892,-30048.26128765805
563482.0,731632.0,69577.0,102953.0,1631,1069,604,238,734234.0,560092.0,237314.0,195841.0,62.9,3,564234.3509820891,482229.4794766264
31610.0,46713.0,7350.0,11771.0,408,269,58,135,35318.0,32327.0,30184.0,26580.0,62.9,0,-109464.26810232137,-124.46544469610308
12520.0,28056.0,2065.0,4706.0,5793,6370,7817,8723,20033.0,22605.0,2543.0,4847.0,62.9,0,-140747.3969883922,-20302.40858511929
9309.0,14253.0,1943.0,3403.0,2841,3138,4196,4452,10476.0,11476.0,2546.0,2611.0,62.9,0,-146747.6770824163,-26423.520108524885
3726.0,14785.0,772.0,2674.0,1613,1948,1775,2161,5377.0,6377.0,729.0,1058.0,63.0,0,-153013.98581548475,-29565.86897001189
3855.0,9375.0,1095.0,2746.0,5057,6728,5367,7216,10488.0,13482.0,1617.0,1553.0,63.0,0,-150031.46420983478,-26087.804614970304
14887.0,11361.0,2490.0,4665.0,4638,4430,5151,4897,14425.0,12747.0,1260.0,2722.0,63.0,0,-142760.69374279643,-25153.625944534637
10724.0,18394.0,2185.0,4840.0,1934,1851,2437,2470,6672.0,6804.0,836.0,2347.0,63.1,0,-148384.68069761782,-29835.90223939572
909.0,4935.0,85.0,566.0,104,0,96,0,3086.0,5833.0,643.0,1044.0,63.1,-1,-155714.8027671298,-30440.20448700869
609062.0,758611.0,40556.0,55550.0,2395,1713,605,235,781719.0,576620.0,266958.0,222949.0,63.1,3,598633.1202440972,544299.9594087796
40024.0,62375.0,5139.0,8010.0,466,281,238,98,49034.0,42783.0,34684.0,31813.0,63.1,0,-99039.739733973,12117.627062372372
34060.0,45382.0,24893.0,40195.0,3881,3848,6778,6638,20991.0,19552.0,6420.0,5762.0,63.1,0,-114189.2971783065,-33655.8102234815
15712.0,18432.0,1244.0,2231.0,9000,8921,10073,10093,23736.0,22633.0,5805.0,4196.0,63.2,0,-137206.17819898683,-16386.16819564439
3248.0,8125.0,1069.0,2515.0,2260,2805,3155,3767,7182.0,8570.0,1582.0,2722.0,63.3,0,-151662.675305807,-27952.3027271514
412704.0,531464.0,72862.0,110318.0,672,518,4385,3909,249289.0,221639.0,295352.0,232067.0,63.3,0,312132.7284059776,213521.7722568891
9141.0,15282.0,2710.0,3911.0,2827,2597,3346,2927,11653.0,10957.0,2458.0,2986.0,63.3,0,-145742.388639201,-26128.7096112526
53542.0,83710.0,3518.0,5538.0,696,341,273,115,48250.0,44373.0,26367.0,35190.0,63.4,0,-97618.85359452758,8813.158597132442
25547.0,49373.0,2324.0,4624.0,290,146,158,72,28534.0,27404.0,9142.0,19669.0,63.4,0,-127115.1984828708,-10802.428000659278
53425.0,77530.0,15215.0,23257.0,59,77,0,86,12933.0,11849.0,8299.0,7279.0,63.5,0,-115707.0141515248,-32914.01677316547
30159.0,50155.0,28002.0,47952.0,157,107,232,147,35522.0,33255.0,17654.0,30407.0,63.6,0,-99845.78807471645,-17509.949897992257
13953.0,24667.0,2523.0,5763.0,4154,4272,5344,5279,13171.0,12010.0,3069.0,3909.0,63.6,0,-142868.97993072332,-24956.091739155687
758290.0,567378.0,784900.0,627168.0,1227,670,26,248,395657.0,327751.0,227803.0,163275.0,63.7,3,977730.5724813944,-202825.38456382867
645.0,4113.0,0.0,0.0,209,125,267,246,2867.0,4994.0,541.0,801.0,63.7,0,-156047.28907184902,-30590.50142461399
735563.0,933495.0,93365.0,135798.0,4708,4050,99781,85797,387640.0,313253.0,284082.0,215446.0,63.7,3,514749.2385818496,259971.4144042536
5285.0,17823.0,1448.0,3504.0,2250,2753,2956,3336,7270.0,8602.0,1853.0,1987.0,63.8,0,-150520.21591104753,-28271.69904403224
26825.0,51648.0,12530.0,22151.0,20,136,257,140,32202.0,32931.0,11338.0,22615.0,63.8,0,-116708.07625495028,-13579.210419009476
132258.0,181491.0,1986.0,3462.0,195,250,311,149,156324.0,132125.0,52991.0,43442.0,63.8,0,-6852.266836672672,85488.75530621325
6657.0,17618.0,1105.0,2959.0,1091,1226,2208,2832,5843.0,6572.0,2798.0,2640.0,63.8,0,-150410.8259947963,-28547.24544316417
1491.0,9613.0,0.0,685.0,311,582,629,1874,1920.0,5353.0,150.0,340.0,63.8,0,-156329.62315633538,-31481.52307214872
57770.0,94368.0,8749.0,14329.0,80,123,222,151,50181.0,47646.0,27977.0,34619.0,63.8,0,-90883.92227164248,7059.469909549287
22255.0,34649.0,2228.0,2516.0,3093,2779,4767,4833,14815.0,13781.0,3831.0,4176.0,63.9,0,-138619.8875138494,-23908.81648494825
46838.0,68777.0,16374.0,22878.0,348,217,92,118,62958.0,56624.0,53040.0,45070.0,63.9,0,-73764.68175594622,23254.54742699282
11529.0,31972.0,2435.0,4495.0,3802,4056,4477,5210,12322.0,13703.0,1217.0,2980.0,63.9,0,-145107.9043055786,-26208.080068197083
52759.0,70390.0,10088.0,14591.0,732,282,229,149,56447.0,53019.0,47772.0,38794.0,64.0,0,-81352.2263153651,19481.847189948214
14298.0,22993.0,2849.0,4804.0,2836,2818,4851,5380,14225.0,15565.0,1616.0,3643.0,64.1,0,-142600.81988285008,-25169.184946965524
90723.0,139365.0,11004.0,14820.0,533,210,376,200,94822.0,83592.0,72255.0,60312.0,64.1,0,-36118.58708570428,54430.31983603237
3098.0,14185.0,729.0,3407.0,1194,3118,1252,3637,3383.0,9452.0,1055.0,1168.0,64.1,0,-154067.180638803,-30605.26757725023
3250.0,16215.0,707.0,4063.0,1629,3862,2446,5076,6091.0,12671.0,991.0,1556.0,64.1,0,-152771.42631454288,-28851.23714154919
1686360.0,1305280.0,2246030.0,2181380.0,5277,2807,1368,780,125821.0,98321.0,52306.0,45172.0,64.1,3,2165482.248150067,-1443684.5218555713
81645.0,132894.0,144471.0,230668.0,11935,12191,16774,17396,35192.0,30351.0,11137.0,10127.0,64.2,0,-3400.1031724292843,-100147.21114503928
5264.0,12953.0,1072.0,2530.0,2419,2728,3460,3737,10004.0,10726.0,1795.0,2541.0,64.2,0,-149506.32559826595,-26239.99149567559
7755.0,12881.0,2303.0,3753.0,4302,4193,5063,5207,12439.0,12459.0,526.0,2051.0,64.2,0,-147062.3690408838,-26244.039973537663
6580.0,20709.0,4126.0,10281.0,4903,7132,6257,8848,15494.0,21364.0,1398.0,3093.0,64.2,0,-144451.07161779428,-24845.153039798704
5466.0,13112.0,1259.0,3254.0,913,2610,1031,3529,2895.0,8708.0,194.0,376.0,64.2,0,-153370.16581065577,-31889.128934029584
4216.0,6971.0,3582.0,5282.0,4545,4504,5344,5330,12071.0,11885.0,1204.0,2122.0,64.2,0,-147534.23038211535,-26753.378603154782
159996.0,221262.0,262539.0,292613.0,5878,5231,7356,7231,25133.0,21720.0,8068.0,5942.0,64.3,0,103998.92058178078,-187702.4201945163
4518.0,10327.0,978.0,1818.0,1644,1944,2260,2710,5321.0,6605.0,1543.0,2181.0,64.3,0,-152129.65930565813,-29259.167076732152
28162.0,41631.0,3851.0,4898.0,124,67,73,80,37858.0,36960.0,24356.0,26274.0,64.3,0,-114337.61098938007,1408.09889144728
8764.0,16879.0,2248.0,4484.0,3132,3079,4280,4430,11872.0,11914.0,927.0,3167.0,64.3,0,-146657.3756892782,-26287.08381692206
7453.0,16724.0,2276.0,4248.0,1915,1947,2900,3090,9708.0,11555.0,2412.0,5013.0,64.4,0,-147373.6777851691,-26670.59282312751
29672.0,40459.0,5340.0,8412.0,194,268,417,148,33458.0,30978.0,19111.0,21695.0,64.4,0,-117188.20444736336,-5341.827478678373
72564.0,97652.0,14487.0,22208.0,569,431,395,163,64328.0,57163.0,52193.0,41311.0,64.4,0,-64701.55763020615,22675.492034977247
33939.0,49934.0,9804.0,17176.0,0,120,336,127,40825.0,37178.0,25427.0,24979.0,64.5,0,-106291.58989300608,-586.5383707530455
21501.0,35070.0,1393.0,3028.0,5,54,307,133,37898.0,34148.0,27182.0,24008.0,64.5,0,-117988.1604107662,4232.265815902076
5481.0,12807.0,956.0,2098.0,2048,2360,2831,3319,6639.0,8224.0,1436.0,1487.0,64.5,0,-151281.8571373984,-28629.855105553743
47548.0,71823.0,11940.0,17416.0,4098,4271,5316,5715,14260.0,13810.0,3522.0,3596.0,64.5,0,-121989.6815321849,-32223.221887346943
35857.0,58156.0,7619.0,10429.0,142,210,51,79,39931.0,35999.0,32336.0,35626.0,64.7,0,-103523.10015505938,4702.316620653928
48358.0,75749.0,14381.0,22369.0,318,162,0,162,49761.0,44873.0,48380.0,38802.0,64.7,0,-82979.89126441743,13101.372755306164
62771.0,109384.0,10275.0,15721.0,299,190,0,13,70148.0,64549.0,47771.0,45126.0,64.7,0,-70147.89899533267,28392.25770053977
21003.0,27768.0,2895.0,5831.0,7796,8438,11180,11901,26966.0,26762.0,1345.0,5603.0,64.7,0,-133912.62473800257,-17366.262257812414
13772.0,19761.0,3848.0,5675.0,2957,2873,4353,4075,11019.0,9725.0,3367.0,2435.0,64.7,0,-143078.4539703833,-27249.722888130436
24646.0,45014.0,1984.0,5377.0,340,396,92,5,37796.0,40285.0,11807.0,22265.0,64.8,0,-122231.93713975696,-3139.579431811766
26209.0,49249.0,13294.0,21360.0,242,172,229,99,33300.0,30992.0,25918.0,28202.0,64.8,0,-109850.64387491408,-6310.401247531299
41187.0,55787.0,12697.0,21376.0,336,362,70,59,41211.0,38082.0,34762.0,32333.0,64.8,0,-96776.89761546726,2466.4817926079595
14499.0,35370.0,2607.0,5611.0,4273,4519,6172,6605,16232.0,16804.0,1939.0,3658.0,64.8,0,-141654.84795815905,-23621.47148597102
9424.0,14359.0,1546.0,3038.0,1022,820,3102,3065,7672.0,7671.0,2493.0,2543.0,64.8,0,-148272.44487945846,-27988.85880379729
87951.0,102725.0,0.0,6640.0,822,197,1142,238,53723.0,47674.0,58730.0,43517.0,65.1,0,-70492.84778254374,27164.146092951047
2594.0,11003.0,693.0,1814.0,1830,2552,1895,2732,4768.0,6619.0,0.0,1256.0,65.1,0,-154050.04501562833,-30101.776548476
15927.0,22758.0,3786.0,5357.0,3367,3852,5117,5116,14479.0,14805.0,4366.0,3725.0,65.1,0,-140145.37229644752,-24535.47867053059
20600.0,32714.0,3529.0,4078.0,4619,4294,6570,6546,21248.0,21039.0,3376.0,6042.0,65.1,0,-135425.5431748498,-20439.081713469903
9581.0,20407.0,406.0,2124.0,2136,2097,3013,3124,8294.0,9225.0,2268.0,2073.0,65.1,0,-148855.02566343095,-27061.059448457447
50047.0,82555.0,12256.0,19773.0,89,77,29,73,52326.0,47466.0,33593.0,30209.0,65.2,0,-89142.6464798958,8364.07218506395
43905.0,60313.0,4044.0,6174.0,361,291,0,66,43307.0,38437.0,24980.0,27164.0,65.2,0,-104957.59284044872,4113.417735455641
74721.0,104413.0,6083.0,11325.0,418,262,638,286,63138.0,54827.0,61438.0,49637.0,65.2,0,-65694.4604459054,32275.345846792105
8157.0,18994.0,987.0,2448.0,6274,6929,7748,8100,18792.0,21065.0,4335.0,5789.0,65.2,0,-143056.6800869505,-19224.194852480527
12078.0,19278.0,1950.0,2875.0,1979,2160,2067,2022,5938.0,5548.0,1114.0,1271.0,65.2,0,-148357.10048798623,-30297.4007270965
7801.0,23577.0,2212.0,4323.0,1287,1561,3506,4145,10686.0,12284.0,2912.0,4462.0,65.3,0,-146720.2037295066,-25911.30761983653
66659.0,97353.0,7120.0,13065.0,94,211,0,12,59235.0,58736.0,37875.0,45378.0,65.3,0,-79274.94877216162,19108.56392285428
17434.0,25562.0,2849.0,3685.0,5725,5739,7609,7521,18856.0,18869.0,4034.0,3814.0,65.3,0,-138304.9131201675,-21398.75750367563
118293.0,174265.0,19216.0,29781.0,142,239,526,185,118183.0,101072.0,52278.0,49533.0,65.5,0,-17360.696337123867,52141.94296051578
38314.0,51960.0,6625.0,11274.0,104,260,171,114,31332.0,28668.0,28567.0,26743.0,65.5,0,-109593.18082139452,-3277.0329053645546
15315.0,23724.0,2375.0,3728.0,3539,3485,4674,5019,13998.0,13754.0,6091.0,5177.0,65.5,0,-140767.34125620875,-22958.32231481916
73808.0,107004.0,10062.0,14377.0,454,326,447,189,72427.0,65649.0,46936.0,47545.0,65.5,0,-64749.32320286926,29288.47225990129
56396.0,71730.0,24007.0,36881.0,468,214,234,162,68367.0,66020.0,41643.0,46018.0,65.6,0,-66226.69849943001,16631.333134734366
8530.0,21745.0,2222.0,3729.0,1975,2143,3033,3471,8613.0,10401.0,2547.0,2492.0,65.6,0,-147731.97044297523,-27746.70315604843
99296.0,137117.0,8162.0,11385.0,568,422,228,189,107036.0,95011.0,81066.0,76612.0,65.7,0,-23753.00392107127,69692.81989297828
10506.0,20513.0,1910.0,3653.0,4776,5029,5936,6107,16687.0,15196.0,2627.0,4487.0,65.8,0,-143206.7794467955,-22215.954458920045
16659.0,16349.0,1065.0,3627.0,5582,5673,7886,7508,19484.0,18259.0,3454.0,3340.0,65.8,0,-139845.06652587093,-20149.93164100263
4164.0,9697.0,1608.0,3240.0,1649,1347,4081,4302,9854.0,10306.0,2339.0,3275.0,65.9,0,-149361.7158887953,-26251.66835024347
4669.0,10476.0,657.0,1140.0,3384,3149,4350,4456,10415.0,10393.0,1678.0,2141.0,65.9,0,-149941.7238862254,-25792.90154363012
426649.0,605265.0,132423.0,194721.0,711,678,408,139,212424.0,184337.0,114535.0,104374.0,65.9,0,259486.08492579803,55538.40173802478
130099.0,192144.0,13802.0,21282.0,12308,11795,25212,26060,75341.0,70629.0,46386.0,43615.0,65.9,0,-38442.48862486567,24312.01007541989
29169.0,51168.0,2926.0,4450.0,44,55,433,144,40178.0,39199.0,18813.0,30958.0,66.0,0,-114971.6377992128,1817.0767244645867
4610.0,10429.0,408.0,1642.0,2359,2964,3664,4028,9008.0,10267.0,3095.0,3260.0,66.1,0,-150110.97605420343,-25748.949349257316
76522.0,123097.0,57277.0,96401.0,399,295,352,173,76556.0,72495.0,41492.0,47149.0,66.1,0,-31230.475090750697,-268.2888229236669
5186.0,17932.0,2346.0,5880.0,2259,2799,3020,3949,10209.0,13677.0,0.0,2628.0,66.2,0,-149218.42197075175,-27645.29693670196
2517.0,11727.0,65.0,1175.0,490,1207,638,2096,1787.0,5897.0,334.0,918.0,66.2,0,-155783.18060408294,-31503.264119810498
117879.0,175073.0,4229.0,8020.0,397,293,0,21,59033.0,52182.0,51304.0,46125.0,66.4,0,-55335.92055342134,23221.75159689107
1528.0,6995.0,2322.0,9922.0,780,2441,1167,3075,3064.0,8148.0,1806.0,2645.0,66.4,0,-153291.11585210686,-31152.75656102699
7431.0,17029.0,4176.0,10768.0,3535,4849,4337,5701,10121.0,14335.0,177.0,1971.0,66.4,0,-147088.14968065155,-29024.886937554613
2387.0,7129.0,1671.0,4629.0,1961,2331,3245,3948,7851.0,9916.0,34.0,709.0,66.4,0,-152124.13583922965,-28823.44592332652
34141.0,47540.0,3084.0,4665.0,137,195,825,269,39847.0,35822.0,30532.0,25498.0,66.5,0,-109339.92497791223,5227.399200553165
7264.0,18746.0,2052.0,3708.0,2241,2452,2617,2880,7802.0,7788.0,819.0,1672.0,66.5,0,-149474.6801668155,-28928.367319039644
21552.0,30134.0,2301.0,3222.0,3968,3709,5069,5393,14876.0,14358.0,5600.0,5398.0,66.5,0,-138020.2779955015,-22932.02774939864
12552.0,21472.0,985.0,2226.0,4276,4105,5844,5962,15756.0,15098.0,582.0,1576.0,66.6,0,-144551.14317707365,-23681.88520346601
37223.0,67663.0,25217.0,40710.0,638,204,147,149,48709.0,43039.0,38908.0,35634.0,66.6,0,-84426.09726427605,1873.8463463300611
189684.0,281095.0,33383.0,42233.0,876,449,109,157,38814.0,33732.0,30487.0,25732.0,66.6,0,-25170.54514494652,-24540.281122803823
62325.0,102849.0,6679.0,10149.0,26,130,269,101,66901.0,62065.0,58445.0,46854.0,66.7,0,-70120.37512126256,33382.94785351228
3932.0,11112.0,329.0,2329.0,1449,2715,1990,3378,5564.0,9522.0,1270.0,1548.0,66.7,0,-152889.77639163545,-28876.595582823054
2886.0,8695.0,1388.0,2523.0,1656,2117,2328,2927,6906.0,7379.0,1831.0,2359.0,66.7,0,-151671.42227194135,-28258.79333662003
22291.0,39566.0,7008.0,10195.0,4010,3992,5486,5496,18276.0,17284.0,4642.0,5339.0,66.7,0,-133294.7210574939,-24195.99494616426
2380.0,12210.0,90.0,662.0,1921,3396,2755,4791,7264.0,13728.0,468.0,2134.0,66.7,0,-153143.91718790223,-27791.86845651821
11580.0,19391.0,3100.0,5141.0,5932,5934,7643,7479,20783.0,20163.0,4518.0,4759.0,66.7,0,-139361.64449308196,-19602.856394412105
7948.0,21444.0,1766.0,3845.0,2044,2188,3236,3598,8675.0,9228.0,1556.0,1598.0,66.7,0,-148735.53379286415,-27942.266855595582
128009.0,178735.0,17647.0,25551.0,340,334,215,119,100217.0,91150.0,84138.0,78155.0,66.8,0,-7190.415506761725,59097.18967513897
37050.0,49668.0,4066.0,7671.0,370,337,24,13,30505.0,27293.0,29304.0,22908.0,66.8,0,-112462.96712032938,-2417.9649390168306
32002.0,41991.0,6328.0,10249.0,192,133,204,138,34410.0,31886.0,23690.0,25244.0,66.8,0,-112984.54653666972,-3021.1873323048094
39510.0,73157.0,5024.0,6831.0,417,229,86,87,30961.0,27652.0,22440.0,19082.0,66.8,0,-113604.78796175956,-6385.046796403498
422965.0,580982.0,93823.0,144097.0,5025,4291,5350,5371,69340.0,65104.0,41364.0,38161.0,66.9,0,131462.62625179926,-51777.93995713574
6985.0,21034.0,2574.0,5016.0,2579,1971,4132,4170,11328.0,10713.0,896.0,2786.0,66.9,0,-147467.03505159155,-26794.13867458987
2071.0,9397.0,243.0,3121.0,191,125,118,0,15706.0,21533.0,9191.0,12066.0,66.9,-1,-144894.69179594086,-17278.512810392123
2049.0,6449.0,0.0,382.0,47,155,79,8,8572.0,13954.0,72186.0,106385.0,66.9,0,-113119.98190108076,19932.45849462398
793805.0,740309.0,98827.0,131861.0,4240,3008,749,459,2525400.0,1509250.0,923579.0,574240.0,66.9,3,1787328.031683014,1930098.860936208
15640.0,25915.0,4274.0,6113.0,6920,6621,9412,9239,24208.0,21289.0,4762.0,3140.0,66.9,0,-135454.28584825585,-18592.29953327543
5360.0,7891.0,633.0,2851.0,828,1448,1050,2008,3297.0,5364.0,2135.0,1831.0,66.9,0,-152764.64880064924,-30186.966179400104
2998.0,8091.0,1507.0,4268.0,4218,5247,4495,5430,9427.0,12074.0,301.0,392.0,67.0,0,-151211.56380994903,-27701.508001855414
90249.0,126365.0,41885.0,62490.0,462,343,346,178,91509.0,85023.0,68696.0,64652.0,67.1,0,-17245.983907018992,32181.48967237771
21606.0,27199.0,3767.0,6445.0,6711,6544,8639,8222,24540.0,23349.0,4708.0,3723.0,67.1,0,-133159.25461092926,-18382.539957904773
7968.0,13363.0,535.0,3321.0,2011,2425,2555,3349,5954.0,8515.0,129.0,516.0,67.2,0,-151468.3885522123,-29665.151208440628
55630.0,77340.0,15927.0,28027.0,255,369,400,206,63094.0,54721.0,37348.0,41704.0,67.3,0,-76627.78496746757,15926.016747565543
5764.0,10157.0,1077.0,3247.0,4400,4660,5702,6125,14436.0,15710.0,112.0,1022.0,67.3,0,-148105.85315255626,-24419.690453244093
38396.0,61321.0,19096.0,31963.0,191,149,65,58,55256.0,50001.0,41554.0,38238.0,67.3,0,-83916.80144091448,11308.460798941658
17115.0,32555.0,2159.0,4112.0,3397,3401,5418,5310,16153.0,15607.0,3919.0,4782.0,67.3,0,-140058.72031970997,-22550.00458457722
4575.0,7816.0,1074.0,3867.0,3096,2905,4177,3986,9548.0,10170.0,1029.0,2667.0,67.4,0,-150257.02550675505,-26784.85570378073
10072.0,20603.0,2643.0,5915.0,3063,3061,4874,4966,12507.0,12598.0,2111.0,2768.0,67.4,0,-145175.54896844772,-25784.33461808488
2833.0,11225.0,1211.0,3737.0,1390,1861,1956,2737,4968.0,7101.0,0.0,903.0,67.4,0,-153549.80251627383,-30372.20040881048
35612.0,62545.0,3704.0,6666.0,203,73,270,88,34714.0,31635.0,23947.0,28245.0,67.4,0,-112707.0662779227,-826.5411055730037
16021.0,27383.0,4148.0,5831.0,0,122,0,0,16989.0,17396.0,5542.0,11324.0,67.5,-1,-137349.44448692366,-21474.189244371628
28959.0,49567.0,6773.0,12312.0,269,130,0,38,27040.0,25312.0,15541.0,21263.0,67.5,0,-120756.39682308816,-11821.507254862669
13366.0,21288.0,2619.0,4674.0,4233,3832,5964,5682,11137.0,9514.0,2777.0,3486.0,67.5,0,-144120.2891924299,-26453.27315006846
44551.0,80539.0,2626.0,4808.0,605,317,266,122,46342.0,42023.0,32149.0,33364.0,67.6,0,-100874.08109228384,10884.246387900504
11357.0,22627.0,839.0,2219.0,5112,5561,7280,7928,17548.0,18311.0,565.0,2387.0,67.6,0,-144233.59538212325,-22253.792437495355
46243.0,68282.0,5113.0,7186.0,236,165,414,225,47564.0,45272.0,24193.0,26805.0,67.7,0,-101678.3417787908,5595.187945898524
39374.0,56844.0,6746.0,10567.0,137,216,342,100,60191.0,57792.0,31899.0,43471.0,67.7,0,-92721.80207103147,18908.17604028485
2922.0,5772.0,4138.0,7106.0,2646,3047,3121,3527,8902.0,9994.0,2199.0,2647.0,67.7,0,-148682.35465680115,-28523.961074801267
39680.0,67412.0,5091.0,7341.0,339,196,377,217,40754.0,41629.0,23693.0,29717.0,67.7,0,-107267.68648047038,1987.052489579666
762.0,2787.0,638.0,2933.0,1471,2241,1848,2789,4977.0,8050.0,453.0,855.0,67.7,0,-154628.3957031823,-29690.12485891855
14770.0,16291.0,1390.0,2397.0,2835,3016,4243,3964,12185.0,11896.0,2421.0,2060.0,67.7,0,-144238.43856011616,-25491.42029409715
7438.0,16735.0,2233.0,6397.0,2646,2916,3984,4656,10841.0,12313.0,612.0,2198.0,67.7,0,-147915.69650229855,-27131.350511253764
1625.0,6804.0,830.0,2691.0,136,31,207,123,13009.0,20077.0,5238.0,7788.0,67.7,0,-147884.59201268436,-21670.59649502718
942.0,5086.0,0.0,0.0,203,109,187,78,6443.0,13277.0,1299.0,2166.0,67.7,0,-153861.4411946115,-27811.834618361358
1063840.0,1035370.0,256961.0,357268.0,2681,1933,860,280,1952620.0,1265180.0,869802.0,532403.0,67.7,3,1723759.4396067087,1421834.4945363805
93336.0,136240.0,15352.0,26078.0,376,319,172,163,43486.0,40634.0,31965.0,29516.0,67.7,0,-73949.78000610883,-2776.48339854358
12413.0,21376.0,3439.0,5748.0,4681,5079,6166,6632,16773.0,16969.0,2482.0,3738.0,67.8,0,-141479.24532168868,-23425.88015467872
74106.0,118373.0,7072.0,12104.0,0,46,133,91,72728.0,70224.0,53067.0,50601.0,67.8,0,-63909.05530914254,34399.310199380096
51186.0,80354.0,7571.0,12219.0,0,150,250,145,49873.0,42825.0,39675.0,31714.0,67.9,0,-90582.6095364654,12474.618613132629
3299.0,10540.0,24.0,1047.0,85,0,86,0,7540.0,13128.0,16628.0,19358.0,67.9,-1,-144558.19762081563,-18093.517449308
3446.0,11558.0,0.0,1154.0,70,0,122,34,11205.0,15735.0,9904.0,13383.0,67.9,0,-146096.65799524784,-19552.820372432856
623610.0,733756.0,100965.0,135676.0,1336,1284,715,383,1140310.0,895769.0,571155.0,420777.0,67.9,3,945223.803171738,891549.4092786151
10408.0,22081.0,3831.0,6159.0,3047,2877,5307,5395,13701.0,13063.0,1363.0,3987.0,67.9,0,-143800.79131027794,-25914.276441604423
49631.0,69780.0,68186.0,107898.0,4665,4351,6438,6044,18302.0,16857.0,4110.0,3624.0,68.0,0,-80249.31005731574,-64862.464173235625
6923.0,15874.0,1673.0,3314.0,2038,2303,2266,2513,6460.0,6270.0,263.0,1441.0,68.0,0,-150716.3261192142,-29787.811215677662
10078.0,19466.0,3270.0,5248.0,3294,3472,5225,5553,15561.0,15799.0,3048.0,4835.0,68.0,0,-142755.378264305,-23521.861062546486
485241.0,644393.0,62480.0,91640.0,955,1187,112,116,494193.0,400485.0,186910.0,170328.0,68.0,0,397250.0206491533,314752.2276603364
16082.0,30556.0,2468.0,4856.0,13066,12625,15551,15019,48290.0,44182.0,8332.0,9174.0,68.1,0,-123562.41965711454,215.10737642194363
59757.0,72059.0,26918.0,39235.0,6603,5912,13470,13090,36118.0,34263.0,14295.0,12327.0,68.1,0,-91697.69193974716,-22661.072873984645
41419.0,72214.0,9810.0,16649.0,56,86,62,77,38931.0,32929.0,33629.0,26223.0,68.1,0,-100894.20917030514,1366.5870524242457
103265.0,149490.0,11430.0,19925.0,287,187,304,165,69685.0,63060.0,56728.0,52002.0,68.2,0,-48801.27787620362,29605.422698640406
66331.0,106245.0,9815.0,15995.0,245,149,298,182,62939.0,55289.0,51635.0,48373.0,68.2,0,-70421.11571838708,26034.81317489882
7305.0,16811.0,1625.0,3478.0,3164,3376,4325,4749,10315.0,9910.0,466.0,1803.0,68.2,0,-148729.35911622283,-27197.84977641006
9787.0,15245.0,2428.0,4297.0,4396,4712,5396,5888,13163.0,12981.0,2164.0,2296.0,68.3,0,-145181.42755183124,-25269.46075449056
13462.0,21735.0,1565.0,2773.0,1942,1772,4488,4635,10593.0,11190.0,1337.0,4088.0,68.3,0,-145516.44694818105,-26650.911715715403
41209.0,64367.0,10026.0,16382.0,157,154,153,72,43696.0,39654.0,33629.0,29025.0,68.3,0,-98328.51720211962,4707.2474479040575
9122.0,20980.0,1508.0,3661.0,3439,3815,4919,5105,12547.0,12177.0,1809.0,2771.0,68.4,0,-146440.5308830281,-25111.17067747776
189141.0,273114.0,16228.0,23697.0,651,443,308,286,190853.0,162975.0,71082.0,71631.0,68.4,0,52082.976562929776,106797.12495197207
968.0,6491.0,327.0,1355.0,475,1710,774,2378,2134.0,5757.0,927.0,1582.0,68.4,0,-155777.28112602534,-30991.96576660768
4464.0,16502.0,956.0,3082.0,2163,3156,3002,4450,7773.0,10995.0,439.0,573.0,68.4,0,-151670.06061681212,-28411.4802122324
4470.0,9657.0,1052.0,2590.0,2090,2153,2585,2682,5567.0,5086.0,1360.0,1335.0,68.4,0,-152160.33113476628,-29359.1332473419
7677.0,19852.0,2476.0,7088.0,3994,4390,4870,5377,13993.0,16866.0,1856.0,3141.0,68.4,0,-145646.6482936099,-24632.2179486978
167712.0,262928.0,3264.0,5090.0,556,257,0,94,140974.0,117987.0,49808.0,50380.0,68.4,0,1331.6392937393684,72453.68626651326
21972.0,32418.0,1603.0,3813.0,2051,2064,5345,5219,13254.0,13552.0,4594.0,4539.0,68.4,0,-139545.27991627518,-24104.339816814776
51160.0,72240.0,6330.0,9806.0,539,303,99,115,39091.0,37014.0,25953.0,31557.0,68.5,0,-101393.87638676509,654.4100361852798
53812.0,79973.0,66516.0,104150.0,168,200,379,193,10267.0,10348.0,6947.0,7006.0,68.5,0,-81856.10374906498,-67443.45964588341
70214.0,105770.0,6526.0,10232.0,432,375,33,17,70286.0,68047.0,45472.0,48505.0,68.5,0,-70047.75745125861,29927.13727786697
41238.0,58815.0,5580.0,7546.0,372,199,165,197,37102.0,33098.0,24486.0,29588.0,68.5,0,-107662.19454780356,-418.77847295567335
2255.0,11970.0,439.0,1439.0,2848,5451,3340,5755,7688.0,12648.0,0.0,716.0,68.5,0,-153112.01359802514,-28158.11554033016
9047.0,14044.0,2628.0,5720.0,5121,4965,6921,7058,19550.0,20757.0,4951.0,5367.0,68.7,0,-141046.87332909546,-19643.2707908804
23746.0,41364.0,2274.0,3905.0,302,248,136,100,27641.0,26191.0,18653.0,20049.0,68.7,0,-124731.8254129969,-7166.854469157039
49877.0,77339.0,2918.0,6208.0,76,84,253,109,35867.0,32182.0,20143.0,19926.0,68.7,0,-109343.5562386587,-3462.2823568411004
72436.0,107044.0,66101.0,105856.0,3004,3063,7523,7714,17335.0,17326.0,6292.0,5717.0,68.8,0,-71718.6772579945,-64391.40163133327
2480.0,10035.0,920.0,3344.0,2302,4126,2786,5470,6784.0,13205.0,1156.0,1392.0,68.9,0,-152585.1368883484,-28453.606351444832
22026.0,37589.0,7249.0,11583.0,124,233,263,224,31959.0,28280.0,19766.0,22697.0,69.0,0,-119308.87871984456,-6555.911212649971
2556.0,9535.0,377.0,1632.0,1610,2412,2157,3107,5552.0,7824.0,688.0,1196.0,69.0,0,-153684.22591816,-29125.33731698883
101272.0,150874.0,16734.0,25550.0,638,355,0,45,30619.0,29089.0,23968.0,21122.0,69.2,0,-79557.64768583592,-16998.739818015798
7783.0,23066.0,2645.0,5171.0,2857,2885,3686,3857,9814.0,10816.0,971.0,970.0,69.2,0,-147975.4595225235,-28109.11781100025
403686.0,529684.0,128895.0,177569.0,1006,546,657,266,212286.0,181573.0,114339.0,96494.0,69.3,0,246516.76278606107,57811.8819433758
447856.0,604265.0,108923.0,165782.0,756,619,418,270,245977.0,216256.0,141632.0,129819.0,69.3,0,280283.8144465616,105582.66057856844
79644.0,123712.0,19857.0,32573.0,0,105,109,162,98683.0,87544.0,60438.0,57923.0,69.3,0,-37465.81597098708,46691.32061598195
23216.0,45836.0,6792.0,10862.0,432,155,76,83,30366.0,28780.0,14647.0,18411.0,69.3,0,-122285.5355062592,-10190.05135745721
3216.0,5411.0,1067.0,2400.0,533,1111,690,1470,1751.0,4211.0,1780.0,1705.0,69.3,0,-154187.96077207002,-31467.401522247408
1364.0,8844.0,660.0,2515.0,1404,2478,1561,2756,3709.0,6434.0,252.0,393.0,69.3,0,-155071.37519543694,-30703.899940967112
5344.0,14021.0,1821.0,4677.0,2522,2662,3140,3625,8147.0,9513.0,702.0,842.0,69.4,0,-150411.70634602796,-28621.72076072176
1428.0,5607.0,212.0,1471.0,1052,2281,1381,3488,3462.0,8012.0,819.0,2248.0,69.5,0,-155023.2805010924,-30047.472921856664
13995.0,26347.0,5546.0,7793.0,4937,4249,7032,7299,16642.0,15483.0,3344.0,3170.0,69.5,0,-139187.39375820864,-24661.972953576675
30724.0,37181.0,24253.0,39527.0,0,82,569,274,24972.0,23590.0,20157.0,17201.0,69.6,0,-107704.29122358594,-22931.667436157757
13580.0,23898.0,3144.0,5557.0,3810,3391,5029,4795,14371.0,13940.0,3683.0,3649.0,69.6,0,-141859.32634541913,-24347.54678689609
37628.0,48619.0,562720.0,889952.0,382,242,16,61,26098.0,23461.0,21292.0,19367.0,69.6,0,268173.5934414952,-359912.1550972046
30949.0,48141.0,6586.0,10945.0,115,74,449,278,40101.0,36869.0,29625.0,27412.0,69.6,0,-108207.62998855452,3322.490595086212
51315.0,81885.0,9219.0,15125.0,122,52,215,170,59789.0,52017.0,43567.0,39707.0,69.6,0,-82474.91550180787,20616.93023630405
44562.0,72737.0,14015.0,22049.0,414,278,24,62,40299.0,37265.0,35923.0,28310.0,69.7,0,-94975.47261910726,684.3744133250257
2402.0,15148.0,559.0,2605.0,1446,2462,1669,2876,4537.0,7874.0,565.0,747.0,69.7,0,-154182.29476502055,-29996.0490453135
37193.0,61761.0,13835.0,22922.0,300,197,119,75,45655.0,45722.0,31499.0,35067.0,69.8,0,-96481.9835406474,3891.170520855707
187676.0,296198.0,19645.0,27858.0,782,512,433,155,225610.0,191805.0,83378.0,78758.0,69.8,0,74950.5908902557,133026.56307647304
1240.0,4467.0,1622.0,3658.0,2676,3000,3185,3505,6869.0,7223.0,969.0,1270.0,69.8,0,-152652.9241565404,-28857.43061807823
170205.0,223484.0,17658.0,23188.0,553,436,0,81,215643.0,178521.0,94339.0,80387.0,69.8,0,66180.31589535813,133967.3902207309
393888.0,581175.0,306612.0,430001.0,774,387,384,148,157136.0,138785.0,92470.0,89978.0,69.8,0,331473.1584171143,-98220.1807319201
43415.0,65171.0,15186.0,24177.0,420,328,314,206,55374.0,52896.0,40540.0,47203.0,69.8,0,-83749.02335771675,14525.408524266732
4295.0,11986.0,1000.0,2727.0,3351,3842,4665,5229,8177.0,9121.0,673.0,1763.0,69.8,0,-151285.28164024447,-27880.569440282747
34777.0,47416.0,11744.0,20656.0,70,157,0,0,42283.0,38683.0,26302.0,30644.0,69.8,-1,-102921.2661982486,345.754264538602
34542.0,58910.0,6625.0,11468.0,613,465,146,53,50937.0,47909.0,42033.0,34745.0,69.9,0,-96317.81530591164,16298.021547303968
3823.0,10398.0,418.0,2690.0,375,610,825,1705,1853.0,4396.0,2350.0,2662.0,70.0,0,-154010.49096256477,-30641.6778292197
4527.0,13415.0,1026.0,3091.0,2465,3149,3226,3894,9023.0,11333.0,76.0,1711.0,70.0,0,-151021.61531247603,-27638.57963992922
10329.0,20727.0,1055.0,3117.0,1094,1062,2896,3047,7947.0,8570.0,2756.0,3613.0,70.0,0,-147884.769235062,-27284.004962634863
9084.0,17954.0,1381.0,3118.0,4557,4149,5336,5530,14891.0,15399.0,153.0,2983.0,70.0,0,-146068.3991724207,-24207.705537187016
6743.0,16071.0,837.0,2311.0,2201,2015,3007,3022,9486.0,9761.0,3686.0,3058.0,70.1,0,-148534.32287430626,-25640.53829898184
5013.0,12261.0,2737.0,4394.0,2057,2145,3027,3172,7762.0,7797.0,1064.0,2038.0,70.1,0,-149804.73332558584,-29074.763182144867
2713.0,8487.0,1663.0,5147.0,2335,2957,3311,4228,8030.0,10421.0,0.0,670.0,70.1,0,-151932.013826927,-28747.11851701916
11853.0,16320.0,997.0,2568.0,2083,2127,3403,3580,8916.0,9009.0,1091.0,2356.0,70.1,0,-147634.30300915026,-27633.96104220644
2269.0,14124.0,744.0,2947.0,1028,2175,1327,2837,3874.0,7327.0,293.0,526.0,70.1,0,-154537.5703779897,-30672.81240614011
33006.0,42055.0,7446.0,14059.0,669,312,393,163,42633.0,38187.0,39637.0,28348.0,70.1,0,-101815.5424194937,8600.482920696584
3008.0,7509.0,1035.0,2647.0,2951,3340,3806,4423,9394.0,10988.0,1380.0,1971.0,70.2,0,-150954.2953784451,-26721.08496990511
65775.0,94492.0,5690.0,6357.0,508,119,292,107,53730.0,48834.0,38049.0,35931.0,70.3,0,-84234.36196490278,15140.34278381999
147840.0,227593.0,26016.0,39220.0,333,337,270,115,196646.0,165660.0,78518.0,66918.0,70.3,0,46688.358028249146,109362.7003355908
121450.0,160922.0,10088.0,12716.0,438,268,0,14,109683.0,96877.0,109226.0,82633.0,70.4,0,-1004.6119242842832,81499.42390907434
4649.0,7292.0,1989.0,2568.0,225,205,219,153,7919.0,5026.0,1368.0,2131.0,70.4,0,-150283.2685240137,-28344.859064557982
1036780.0,974437.0,1016680.0,1113170.0,3515,1952,1088,544,415405.0,332990.0,250426.0,207041.0,70.4,3,1274626.1940260848,-337438.7099279744
1877.0,5308.0,1539.0,3700.0,891,831,2622,3044,6381.0,7638.0,1187.0,2337.0,70.5,0,-152458.82339870135,-28892.373116074607
3701.0,11372.0,600.0,2912.0,2661,3108,3288,3560,7879.0,8878.0,887.0,1044.0,70.5,0,-151954.25824311073,-27807.538487214413
5457.0,16916.0,1407.0,4882.0,2432,2908,3247,3960,8299.0,9854.0,1372.0,2431.0,70.6,0,-150134.8375331516,-27736.55608396835
1032.0,6883.0,157.0,1099.0,460,1515,566,1872,1414.0,4630.0,273.0,598.0,70.6,0,-156559.04016243786,-31777.456676362217
28104.0,50182.0,3913.0,8058.0,219,247,191,95,28604.0,27888.0,12572.0,21537.0,70.6,0,-123437.44499973304,-10182.79464279205
150364.0,222405.0,16041.0,17490.0,690,344,0,183,213277.0,169879.0,124316.0,89876.0,70.6,0,68133.96121232878,148877.2080660963
64922.0,98199.0,10201.0,16965.0,279,186,61,118,67204.0,59370.0,47205.0,44393.0,70.6,0,-70946.80220287105,26082.53167490024
18106.0,24871.0,6162.0,11235.0,76,87,125,91,21038.0,19748.0,14425.0,17638.0,70.6,0,-129198.80813762074,-15577.120138453858
25162.0,47739.0,5934.0,10871.0,112,100,0,3,43550.0,37125.0,31641.0,33176.0,70.7,0,-108001.17803974284,8058.547131620919
541.0,3397.0,0.0,0.0,161,83,121,0,1926.0,4601.0,10013.0,18046.0,70.7,-1,-150840.54119323113,-24436.307714034898
183973.0,244341.0,10939.0,16342.0,255,323,0,51,168786.0,143064.0,80123.0,74586.0,70.7,0,40074.580567786994,100768.55212804246
6665.0,12186.0,1771.0,3109.0,3186,3291,4393,4610,10764.0,10095.0,2028.0,2195.0,70.7,0,-148062.09282349198,-26245.554445411184
913.0,5803.0,633.0,3863.0,1755,3296,2240,4335,5517.0,10600.0,839.0,1745.0,70.7,0,-154070.53440519734,-29049.87685999228
8623.0,20624.0,1687.0,4429.0,4010,4041,5803,6488,15099.0,16481.0,2678.0,3783.0,70.7,0,-144919.81612088878,-23048.88339923953
44841.0,59823.0,13334.0,19813.0,0,172,71,146,46331.0,43446.0,41415.0,29885.0,70.7,0,-90387.21475753932,7465.3928337957
35060.0,48634.0,2806.0,4658.0,55,94,260,161,28737.0,26046.0,27202.0,20854.0,70.8,0,-115980.74973096764,-3826.259851514013
8960.0,19484.0,547.0,2147.0,5778,6077,8186,8667,17579.0,18315.0,2260.0,2695.0,70.9,0,-144735.79679990362,-21132.846670193903
8367.0,17843.0,1932.0,2756.0,5139,5763,6043,6439,16052.0,16850.0,2436.0,3492.0,70.9,0,-144549.07439286108,-22732.14117571411
12366.0,25226.0,1714.0,3024.0,6904,6887,8151,7802,19695.0,18645.0,5057.0,3646.0,70.9,0,-140426.27809481038,-19423.75887268533
64883.0,102686.0,8807.0,11909.0,370,163,234,134,36260.0,31762.0,19146.0,21584.0,71.0,0,-99112.18851607852,-8038.833851079486
903.0,3232.0,0.0,473.0,118,83,165,40,2494.0,5784.0,13025.0,32643.0,71.0,0,-147479.67509708225,-20494.707910598903
137663.0,192415.0,28850.0,46361.0,8,155,0,47,137720.0,118788.0,49054.0,56784.0,71.0,0,5757.689600099606,56997.217411301375
48909.0,65022.0,29277.0,45447.0,155,223,65,82,42908.0,36867.0,32139.0,28009.0,71.1,0,-82914.63751965143,-9166.222050896811
108629.0,172722.0,30254.0,46928.0,0,78,247,123,117403.0,104742.0,92118.0,85861.0,71.1,0,5244.8683931805135,67893.43092468393
41927.0,72594.0,2638.0,4324.0,195,251,0,6,36052.0,31982.0,22007.0,23922.0,71.1,0,-111516.43533572952,-1230.1292289822925
629.0,3129.0,0.0,548.0,170,188,329,395,5164.0,8347.0,23931.0,35149.0,71.2,0,-142046.40468972994,-13810.000566203284
1685.0,10416.0,781.0,3043.0,160,74,484,639,8126.0,15112.0,15803.0,30804.0,71.2,0,-143287.73172643047,-16603.625585259837
3842.0,13991.0,1301.0,3200.0,146,91,774,465,20394.0,15624.0,30295.0,21515.0,71.2,0,-132339.75432464288,-4722.659491837618
1013120.0,687761.0,520204.0,618922.0,12812,5965,212042,97480,1886320.0,820111.0,1382680.0,547484.0,71.2,3,2046357.8771066207,1436057.9621990328
48004.0,66402.0,11809.0,18381.0,94,124,0,89,50299.0,44879.0,43213.0,37171.0,71.2,0,-86771.92154493296,12649.671828611024
39501.0,66746.0,21681.0,34251.0,1955,1761,4355,4572,12225.0,12789.0,4179.0,5113.0,71.2,0,-119047.50988986508,-38583.97777000279
3593.0,14103.0,365.0,1861.0,1265,2607,1782,4041,4650.0,9477.0,757.0,2591.0,71.3,0,-153474.0033342474,-29503.27565938565
5006.0,10417.0,1392.0,2550.0,2802,2924,3898,4120,9196.0,9472.0,1193.0,1678.0,71.5,0,-150085.0569152497,-27325.397731950678
64996.0,105602.0,12216.0,21009.0,566,345,0,30,53707.0,52414.0,32200.0,37116.0,71.5,0,-82066.14450148954,8814.379371442086
12861.0,17545.0,4298.0,6724.0,6871,5628,7185,6602,17998.0,17295.0,1389.0,1647.0,71.6,0,-140811.69867572695,-24013.407186756343
9100.0,14421.0,1165.0,4585.0,1094,1233,3150,3313,8498.0,8974.0,3545.0,2788.0,71.6,0,-147876.44433601026,-26725.54294080573
2393.0,10347.0,1436.0,4046.0,222,146,0,0,10397.0,10494.0,4908.0,4928.0,71.7,-1,-148814.29392882646,-24348.774890682693
1531.0,9909.0,0.0,310.0,142,27,87,0,1658.0,5639.0,6040.0,18396.0,71.7,-1,-151978.7842444106,-26280.317280343348
591215.0,736344.0,83156.0,124480.0,1635,1596,302,192,989867.0,801528.0,327251.0,282304.0,71.7,3,744328.3064185125,685146.533574856
2486.0,8859.0,46.0,1027.0,67,0,556,457,23939.0,28266.0,31331.0,35116.0,71.7,0,-130063.2003624393,1011.865434824158
1518.0,8575.0,195.0,652.0,215,142,280,280,10792.0,18649.0,15889.0,28534.0,71.7,0,-142814.12411148008,-14867.962251196795
1720560.0,1320780.0,422258.0,315947.0,18711,8911,308099,137405,2969570.0,1276300.0,2198620.0,914260.0,71.7,3,3104375.5292879166,2537950.4709717226
43954.0,85625.0,7846.0,12285.0,3424,3359,5452,4999,13816.0,12598.0,3441.0,3674.0,71.7,0,-126510.2350836288,-29720.62442731954
56272.0,84091.0,12752.0,20775.0,222,108,333,142,32136.0,29171.0,15508.0,22876.0,71.7,0,-102952.98013394546,-13882.344988490557
99231.0,160248.0,4397.0,7245.0,236,118,307,163,114438.0,101243.0,38376.0,36109.0,71.8,0,-43915.53495160019,52328.35188025797
350717.0,398215.0,29610.0,36789.0,1154,763,61,152,482715.0,354164.0,298438.0,199754.0,71.8,0,359163.8990333694,388393.6860810435
11609.0,27271.0,1809.0,4533.0,8415,9850,10486,11719,26434.0,29163.0,1640.0,3384.0,71.8,0,-138920.42358403272,-16644.84352983623
37990.0,67404.0,5144.0,8998.0,282,203,222,105,9696.0,9588.0,5722.0,7438.0,71.9,0,-131372.14848432888,-28690.2124366805
15275.0,36094.0,3534.0,5776.0,2684,2833,6456,6491,18529.0,18469.0,3378.0,6735.0,72.0,0,-138744.7390066332,-21701.89590338259
8468.0,23104.0,1172.0,2796.0,4384,4763,5019,5684,11415.0,12605.0,220.0,1820.0,72.0,0,-148155.04481038594,-26393.39847158205
12098.0,15720.0,4109.0,5576.0,2957,2796,4056,3895,12284.0,11800.0,2719.0,3176.0,72.0,0,-143159.35321367986,-26658.654503500224
11454.0,27471.0,2447.0,5101.0,4239,4534,6825,7417,18941.0,21560.0,2579.0,6166.0,72.0,0,-141237.23204991914,-20937.659098620978
67222.0,87654.0,17057.0,27421.0,320,202,159,96,72552.0,67269.0,75066.0,52224.0,72.0,0,-51587.66338011355,37957.61499923837
15766.0,19514.0,8251.0,11553.0,5347,5159,14543,14459,29109.0,27820.0,15041.0,15419.0,72.1,0,-125098.9961671666,-11701.29352902991
50213.0,81892.0,16729.0,28215.0,197,231,0,31,55232.0,52106.0,46922.0,43295.0,72.1,0,-78102.99164753078,15075.265799800083
10363.0,18413.0,4418.0,6469.0,2766,2696,3487,3458,9431.0,9421.0,1371.0,2391.0,72.2,0,-145540.472778333,-29236.59201008199
23716.0,30891.0,1198.0,3940.0,3581,3551,5173,5326,16224.0,16418.0,2671.0,3210.0,72.2,0,-138646.21085692063,-23107.436264041844
2398.0,10563.0,0.0,106.0,154,59,17,0,2368.0,4719.0,9912.0,14914.0,72.2,-1,-150314.706437588,-24822.020476191843
564504.0,715241.0,35391.0,49105.0,1492,1182,374,227,881663.0,719934.0,310249.0,285117.0,72.2,3,645704.7271331096,641773.2859700728
2254.0,13175.0,0.0,268.0,50,0,111,55,2186.0,5046.0,1368.0,2282.0,72.2,0,-155203.60700290036,-30541.18906924013
3690.0,11413.0,2185.0,4872.0,6075,6511,7013,7773,14753.0,15740.0,0.0,1457.0,72.2,0,-148028.0942148389,-24755.60358469695
33325.0,54668.0,4322.0,7730.0,297,190,79,138,39057.0,37926.0,21893.0,29374.0,72.3,0,-111874.3584435992,998.8622314613712
25461.0,48419.0,3851.0,8980.0,463,293,115,110,27230.0,26224.0,8641.0,17150.0,72.3,0,-127186.6171894114,-13194.766681589492
28468.0,51848.0,1786.0,2754.0,191,150,0,39,28171.0,25127.0,12569.0,18676.0,72.3,0,-125315.330637457,-9605.675359000692
51528.0,72822.0,15055.0,21209.0,322,164,297,167,57524.0,51727.0,48946.0,35662.0,72.4,0,-77904.04278628177,17114.854718416074
8098.0,17541.0,2415.0,5031.0,3372,3454,4511,4869,9664.0,9137.0,2382.0,2540.0,72.4,0,-147351.6257349611,-27234.48012150798
9752.0,20522.0,1941.0,4176.0,2255,2362,5215,5163,14069.0,13255.0,2344.0,4850.0,72.4,0,-144739.53184418674,-23901.77922149517
41126.0,65120.0,4323.0,6285.0,0,83,0,36,59019.0,53986.0,36522.0,32989.0,72.4,0,-93824.97784843673,19831.418876398984
260042.0,401034.0,46588.0,64514.0,968,505,760,242,138103.0,116488.0,96191.0,72935.0,72.5,0,87735.77046993573,60521.75126720748
44263.0,72137.0,8663.0,12504.0,643,293,576,270,37289.0,31100.0,38105.0,31467.0,72.5,0,-98945.46596005316,3584.1461282282944
68077.0,103807.0,59305.0,97579.0,3131,2677,7924,7942,21699.0,20500.0,8289.0,9390.0,72.5,0,-75027.65855840035,-55653.86039827798
1000410.0,1073440.0,692972.0,774849.0,1495,630,638,379,109596.0,92572.0,61493.0,52054.0,72.6,3,809010.7669573259,-429347.5788538932
662151.0,868727.0,66603.0,89824.0,2723,2315,844,306,591829.0,430743.0,303031.0,194848.0,72.6,3,562518.4934825774,415060.1325837505
5978.0,11230.0,1084.0,2607.0,3333,3062,4037,4137,9899.0,9326.0,2037.0,2238.0,72.6,0,-149199.17651811655,-26306.805416221985
9156.0,13579.0,1726.0,2641.0,1638,1864,3087,3122,9011.0,9883.0,2101.0,2968.0,72.6,0,-147743.85055277092,-27334.66889675417
90028.0,130135.0,6964.0,8956.0,693,361,566,150,61733.0,55099.0,63084.0,48214.0,72.6,0,-59022.786832960046,30301.009681180727
49853.0,80749.0,3434.0,6306.0,37,216,95,119,40177.0,37009.0,18646.0,28911.0,72.7,0,-106471.51115864352,-246.0700442265952
7356.0,13396.0,1632.0,2853.0,2739,2957,3337,4311,9838.0,12379.0,2932.0,2869.0,72.7,0,-147876.11502860428,-26303.32449280193
84341.0,117549.0,1453.0,5066.0,28,127,103,95,98674.0,90886.0,84558.0,71574.0,72.8,0,-37629.35476657105,70246.57740727047
18412.0,28007.0,6270.0,9150.0,4397,4449,7013,6851,19529.0,19504.0,1801.0,4897.0,72.8,0,-135929.53185152943,-23948.05007947387
35917.0,63476.0,19350.0,31862.0,912,616,80,27,48480.0,44943.0,29508.0,36348.0,72.8,0,-92494.05561230452,1667.3363220941935
41062.0,61693.0,9976.0,14918.0,2772,2937,6801,7029,18095.0,18923.0,7330.0,5809.0,72.8,0,-122589.3716478134,-26186.197537536624
92933.0,158770.0,80142.0,119469.0,21386,20576,32018,30838,55979.0,45129.0,11598.0,13340.0,72.9,0,-33213.62093610309,-46612.59395258211
6727.0,16094.0,1512.0,4299.0,2023,2044,3111,3092,7879.0,8144.0,0.0,908.0,72.9,0,-150431.43732300904,-28970.660998452466
52877.0,75860.0,8502.0,9749.0,309,189,241,103,63106.0,54778.0,61289.0,51895.0,72.9,0,-72754.34483172283,32454.97023010826
5662.0,12455.0,4761.0,9615.0,3333,3454,4725,4618,11116.0,10973.0,810.0,1583.0,73.0,0,-146775.42049565318,-28443.653549810864
13699.0,29059.0,2039.0,3333.0,2875,2995,4429,4632,12705.0,12949.0,3381.0,3309.0,73.0,0,-143482.00437390234,-24896.820249217093
24907.0,38994.0,5019.0,7974.0,192,156,405,243,25722.0,23893.0,14114.0,18496.0,73.0,0,-125097.11450139196,-12332.122158962711
35987.0,58919.0,7309.0,11777.0,234,166,376,132,45796.0,42085.0,24223.0,25392.0,73.0,0,-105326.42807067328,3550.838366736916
53201.0,82533.0,15848.0,25843.0,137,200,447,268,49668.0,44388.0,29271.0,36472.0,73.1,0,-87371.82489782422,3415.903388992203
5013.0,17378.0,1040.0,2849.0,1819,2238,3056,3490,7273.0,8870.0,357.0,1412.0,73.1,0,-151537.59430911936,-28715.371557860846
6673.0,14057.0,1565.0,2954.0,3467,3763,5194,5813,15618.0,16864.0,1374.0,4285.0,73.1,0,-145988.44641459992,-22984.994954916656
36245.0,55228.0,3127.0,4838.0,80,171,292,103,35340.0,30904.0,21969.0,23600.0,73.2,0,-113881.2116733393,-1684.8947140754972
19412.0,31796.0,1570.0,2770.0,290,244,80,151,30024.0,29516.0,9016.0,18117.0,73.2,0,-129719.25906240076,-9290.386832636776
2747.0,10619.0,533.0,2389.0,699,1515,1056,2026,2754.0,5488.0,1464.0,1767.0,73.2,0,-154404.57160087774,-30589.40045172578
88828.0,133999.0,3307.0,5136.0,56,60,74,104,60595.0,57217.0,34414.0,45684.0,73.2,0,-73454.97642943775,19518.76078661343
42755.0,55771.0,7966.0,9370.0,195,224,477,196,41529.0,38018.0,38234.0,30103.0,73.2,0,-98258.74120339096,6635.976190443758
7782.0,20853.0,2222.0,4705.0,3146,3671,4232,4556,12386.0,12877.0,1141.0,1986.0,73.3,0,-146916.02943318232,-25981.818833952
31554.0,51339.0,8145.0,13399.0,158,227,144,152,33282.0,31912.0,22838.0,20481.0,73.3,0,-113338.15320308376,-5968.069014413504
5113.0,16965.0,3391.0,8666.0,2268,2719,2938,3607,9038.0,11467.0,784.0,1450.0,73.3,0,-148914.1683931808,-28897.322582624234
24606.0,44777.0,274.0,1047.0,234,123,219,102,20230.0,20935.0,10255.0,15343.0,73.3,0,-132795.71915568374,-14931.7235113176
42219.0,64308.0,11655.0,20704.0,222,208,0,12,54396.0,51336.0,43446.0,39661.0,73.4,0,-86999.44028762268,16210.024356515754
10891.0,26314.0,1268.0,2158.0,11321,12347,17408,18507,8792.0,10143.0,1292.0,2480.0,73.4,0,-147768.82751773056,-27690.29441802171
16662.0,39424.0,23406.0,40855.0,415,193,0,0,25472.0,23687.0,19828.0,17563.0,73.4,-1,-113904.82924060489,-21245.756130002475
10715.0,19525.0,6634.0,12741.0,1501,1646,3854,4163,10267.0,11521.0,1745.0,3582.0,73.4,0,-143203.0001657183,-29772.130041831748
4661.0,10847.0,1634.0,3087.0,2380,2498,3438,3832,10857.0,11116.0,2018.0,2000.0,73.4,0,-148966.7883952835,-26007.582816511367
7825.0,16834.0,1464.0,3602.0,855,1165,1403,1782,3191.0,4789.0,1024.0,1284.0,73.5,0,-151707.72875974464,-31489.055576561143
2135.0,13700.0,128.0,2440.0,200,112,150,23,1330.0,5272.0,8847.0,27587.0,73.5,0,-149592.0530812781,-23955.737645472465
69294.0,110574.0,15445.0,25291.0,348,200,194,78,61924.0,58881.0,35408.0,44555.0,73.5,0,-72248.21716778891,14243.836186735662
67007.0,101408.0,4306.0,7501.0,0,134,319,131,60375.0,56716.0,41039.0,48217.0,73.5,0,-79035.2060699001,23357.54817895073
6578.0,12610.0,678.0,1811.0,2138,2180,3020,2936,6888.0,6471.0,1562.0,1734.0,73.5,0,-150834.19235463958,-28276.287884911435
13262.0,30210.0,3216.0,4806.0,3310,3125,5322,5302,15092.0,15360.0,4370.0,4216.0,73.5,0,-141290.3686840755,-23535.824360929
4956.0,9275.0,2506.0,4497.0,2005,2553,2543,3627,6514.0,9295.0,1035.0,1552.0,73.6,0,-150623.05403272453,-29806.386973045403
2753.0,10298.0,937.0,2801.0,2068,2581,2582,3401,6935.0,8824.0,261.0,1429.0,73.6,0,-152719.92941291467,-28756.43926149587
4667.0,11241.0,1235.0,5029.0,1939,1737,2799,2990,8603.0,9776.0,1124.0,2041.0,73.6,0,-150582.55677925854,-27552.314354084192
3674.0,14082.0,0.0,0.0,2903,3932,3358,4471,8653.0,11951.0,1163.0,2743.0,73.6,0,-151713.5667696917,-26551.262991352785
15229.0,26878.0,4025.0,7630.0,3327,3513,5840,5280,16423.0,15445.0,5953.0,4199.0,73.6,0,-138743.3892082833,-22667.283736759804
6187.0,15372.0,2258.0,3652.0,2171,2597,3851,4770,10030.0,12429.0,2512.0,3754.0,73.6,0,-147879.7948689342,-26531.473220089985
1489.0,10315.0,125.0,3027.0,527,1522,506,1841,1574.0,5425.0,167.0,671.0,73.6,0,-156351.67810864348,-31718.86273570494
1775.0,8363.0,1193.0,3776.0,940,2082,1012,2377,2432.0,6295.0,814.0,1780.0,73.6,0,-154729.76257110536,-31415.16099770262
70841.0,122568.0,32331.0,51667.0,263,245,96,117,70771.0,65921.0,45483.0,48194.0,73.6,0,-51787.66696292561,13946.878686345768
27372.0,53756.0,6538.0,12436.0,288,200,0,0,28560.0,25560.0,17124.0,19030.0,73.7,-1,-120588.9970835998,-10296.641304062368
1844.0,8580.0,494.0,4154.0,1257,2509,1769,3452,4034.0,8410.0,171.0,329.0,73.7,0,-154880.9728329641,-30469.021733941587
2607580.0,2077190.0,3984410.0,3465580.0,5967,2771,1281,778,912623.0,563112.0,647235.0,351718.0,73.7,2,4356211.439642037,-1798651.4667116543
196090.0,287252.0,11969.0,20227.0,553,466,177,92,226141.0,183041.0,85571.0,81344.0,73.7,0,74470.06096089497,138969.52680243368
65458.0,83230.0,9830.0,13298.0,192,109,352,220,54377.0,50939.0,38444.0,33640.0,73.8,0,-81357.86029072164,12769.288441101748
4920.0,6107.0,3319.0,4945.0,2353,2519,2953,3187,9240.0,10347.0,977.0,2320.0,73.8,0,-148770.50039999592,-28491.285367398457
25623.0,41853.0,7710.0,11703.0,231,269,0,0,28879.0,28206.0,15476.0,14430.0,73.8,-1,-121540.55533144472,-12147.912899857389
3349.0,14418.0,885.0,2980.0,2631,3044,2796,3246,7240.0,8148.0,814.0,2343.0,73.8,0,-152053.16607794442,-28190.92410761525
54531.0,83764.0,4336.0,6172.0,284,189,0,80,49773.0,41801.0,36869.0,30397.0,73.9,0,-92693.48156927826,12835.436516689206
13686.0,33355.0,2380.0,6786.0,5837,6560,8707,9590,24936.0,27669.0,1970.0,2491.0,74.0,0,-138349.93177726504,-18092.347372217147
185768.0,257691.0,41386.0,62645.0,174,249,223,136,159656.0,139307.0,60912.0,58611.0,74.0,0,48611.40836971649,65139.46285628471
2413.0,9817.0,827.0,2871.0,1179,1437,1644,2081,4357.0,5720.0,395.0,840.0,74.0,0,-154125.48230246163,-30335.07154890636
47411.0,77218.0,8203.0,14003.0,339,142,98,146,48512.0,46193.0,26525.0,38519.0,74.1,0,-96298.25705041151,7036.311949986583
2948.0,9009.0,151.0,2803.0,502,1173,999,2194,2796.0,6176.0,421.0,675.0,74.1,0,-155090.52789260403,-30948.941632604
1571.0,9421.0,1100.0,6050.0,731,1754,1264,3239,2784.0,7398.0,638.0,1383.0,74.2,0,-154834.1049914507,-31257.738931833363
20112.0,34278.0,6128.0,9472.0,354,162,43,89,26340.0,25307.0,11368.0,18456.0,74.2,0,-127034.85546830596,-13485.675096431489
137613.0,218232.0,23182.0,38167.0,189,255,10,26,169358.0,149593.0,79049.0,72818.0,74.3,0,29181.96948056872,95722.15894590318
2477.0,13692.0,928.0,3304.0,1112,2281,1665,3451,4139.0,9040.0,48.0,712.0,74.3,0,-154272.16025834004,-30706.515810962526
3341.0,8574.0,784.0,2064.0,2778,3118,2879,3082,7083.0,8107.0,481.0,1166.0,74.4,0,-152468.14178903258,-28554.8104822266
1168.0,6765.0,326.0,1848.0,1472,2726,1990,3773,5588.0,10654.0,1097.0,1828.0,74.4,0,-154041.35274468156,-28707.58836589938
6815.0,15232.0,2444.0,4279.0,3349,3012,4848,4996,13001.0,14193.0,2733.0,3513.0,74.5,0,-146099.7816455806,-24755.138379948825
57563.0,84082.0,8429.0,11371.0,101,195,285,149,72666.0,68624.0,39868.0,51962.0,74.5,0,-74473.24261875385,29263.579812797503
19868.0,38918.0,5798.0,11235.0,95,77,136,97,31825.0,31505.0,28602.0,30108.0,74.5,0,-117057.98414562354,-692.7066793618469
4133.0,14748.0,779.0,1972.0,1061,2144,1598,3315,4630.0,9963.0,1211.0,1515.0,74.5,0,-152945.07767620427,-29793.38466625884
37653.0,53909.0,12105.0,20154.0,179,129,276,138,35266.0,32962.0,21364.0,30632.0,74.6,0,-106472.58960815704,-6585.28088197063
4615.0,9922.0,1261.0,3709.0,3476,3924,4840,5261,11763.0,12658.0,921.0,1821.0,74.6,0,-149258.00722387072,-25684.19774086289
73632.0,114921.0,7669.0,13853.0,493,237,139,107,48021.0,42697.0,38959.0,33634.0,74.6,0,-82178.47882724446,9790.43338445388
52184.0,85529.0,39408.0,62673.0,3026,2953,4110,3896,11145.0,11267.0,3016.0,3621.0,74.7,0,-102714.3246714774,-51949.5589720842
4110.0,16472.0,2228.0,6524.0,1752,3833,2039,4479,5281.0,11114.0,317.0,1428.0,74.7,0,-151999.19056925282,-30678.63004787565
1758.0,7404.0,722.0,2861.0,572,1917,731,2235,1315.0,4327.0,373.0,329.0,74.7,0,-155912.81239141358,-32242.87055190455
40029.0,65493.0,35996.0,55246.0,385,332,77,149,26661.0,25074.0,23044.0,21581.0,74.7,0,-93403.8009003766,-27928.23444263699
11631.0,17625.0,2058.0,3242.0,3315,3306,4861,4730,14462.0,13185.0,2304.0,4304.0,74.7,0,-143793.89370004524,-23955.01700940297
56417.0,89322.0,5096.0,7382.0,351,236,0,0,57544.0,49075.0,33500.0,33664.0,74.7,-1,-88736.37301650658,16272.17960626286
39772.0,58356.0,9834.0,14412.0,1976,1819,4641,4375,10121.0,9884.0,4518.0,3497.0,74.7,0,-128144.9285204656,-32610.43572040119
9734.0,19421.0,1927.0,4657.0,4124,4166,4943,5424,12108.0,12316.0,903.0,2789.0,74.8,0,-146428.98095219553,-26069.372532849065
7747.0,25682.0,3115.0,6922.0,3104,3233,4505,4594,11679.0,11307.0,758.0,1761.0,74.8,0,-146801.93583434037,-27183.34996743476
1192310.0,1233540.0,1696520.0,2006300.0,2400,1525,535,399,461422.0,370941.0,253461.0,192842.0,74.8,3,1827865.2094331507,-746280.4299288145
5666.0,13339.0,1160.0,2813.0,2561,2790,2865,2919,9027.0,9608.0,305.0,1409.0,74.9,0,-150414.7183946673,-27747.519011457985
9129.0,13806.0,3767.0,6837.0,2826,2718,4707,4533,14006.0,13975.0,4267.0,4351.0,75.0,0,-143114.80638070652,-24322.42749878473
55327.0,82573.0,4248.0,5966.0,324,192,0,41,43029.0,38909.0,43809.0,32682.0,75.0,0,-92618.6056881382,11853.592199630704
11382.0,20031.0,3345.0,3827.0,3923,3749,5540,5786,13087.0,12509.0,4030.0,3992.0,75.0,0,-143027.20023656497,-24940.9764115872
5710.0,9229.0,1453.0,3666.0,2100,1991,2458,2770,5778.0,5964.0,1474.0,1152.0,75.0,0,-151261.674149177,-29539.91134176393
10239.0,23010.0,355.0,1813.0,2643,3000,3484,3685,10835.0,11159.0,1880.0,3909.0,75.0,0,-147384.73182965018,-25332.643457679085
125745.0,195305.0,17316.0,28800.0,562,451,0,0,88550.0,80300.0,62920.0,68524.0,75.1,-1,-22679.78406843488,41651.46753142681
79505.0,102221.0,12225.0,15334.0,302,203,434,134,87923.0,75500.0,79166.0,62437.0,75.1,0,-40161.03687083461,53271.91610695694
9174.0,16328.0,1328.0,4025.0,1375,1535,1972,2035,7064.0,7321.0,243.0,331.0,75.1,0,-149909.94063848475,-29522.26598210218
11896.0,25281.0,684.0,1761.0,2836,3242,4101,4314,11520.0,11278.0,0.0,921.0,75.1,0,-147240.2869529962,-26480.85801061933
5358.0,16848.0,1354.0,3705.0,659,844,1972,3231,4898.0,6797.0,820.0,2050.0,75.2,0,-152002.6512748001,-30141.516153996497
5692.0,10172.0,1570.0,4454.0,287,575,777,2222,1941.0,4888.0,498.0,464.0,75.2,0,-153371.34285378098,-32560.65353111645
19343.0,28590.0,2437.0,4759.0,2214,2433,5076,4991,12685.0,12463.0,2376.0,3996.0,75.2,0,-141189.6113112251,-25835.469983708703
949.0,5249.0,923.0,3214.0,1870,3416,2555,4475,5593.0,10002.0,518.0,845.0,75.3,0,-154052.78925690765,-29464.71367097708
57612.0,92283.0,9614.0,16589.0,406,270,317,162,58220.0,55709.0,26814.0,38709.0,75.3,0,-86638.7261601594,11777.896922708996
79890.0,118299.0,6849.0,10318.0,477,329,35,115,44306.0,38715.0,32779.0,33227.0,75.3,0,-84189.08036949254,4890.953461505062
10025.0,22551.0,858.0,2611.0,3964,3958,5552,5909,14186.0,14870.0,1255.0,3079.0,75.4,0,-145944.2777654459,-23907.43016251583
6127.0,12411.0,1059.0,2099.0,2826,2797,3021,2977,8157.0,8199.0,769.0,1345.0,75.4,0,-150523.9480281344,-28079.57974356281
1822.0,10837.0,1834.0,6681.0,203,117,184,101,7299.0,18669.0,4288.0,7074.0,75.4,0,-150125.44657626777,-26437.374950016096
3149300.0,2069520.0,3960490.0,3351550.0,13715,6832,3775,1698,5050330.0,2823280.0,3725300.0,1972510.0,75.4,2,7767655.083386931,2349026.8790997574
192120.0,273516.0,5637.0,7459.0,418,382,106,90,198473.0,167576.0,70138.0,70328.0,75.4,0,48910.53069915372,117465.34339230772
70509.0,107513.0,10371.0,13757.0,349,161,297,137,49580.0,46179.0,37155.0,34251.0,75.5,0,-81476.58082557477,8625.267772880256
20841.0,33725.0,10323.0,15739.0,119,103,134,28,20273.0,19484.0,10162.0,13769.0,75.5,0,-127612.17462658236,-21260.66326421208
29722.0,49223.0,4456.0,6913.0,299,199,0,69,31991.0,29241.0,19962.0,22612.0,75.5,0,-118009.91113472292,-5214.460555982219
9623.0,17064.0,7255.0,14816.0,1420,1315,3228,3260,8760.0,9318.0,1739.0,2230.0,75.7,0,-144074.7422470848,-31264.808805395216
7704.0,10243.0,3206.0,6358.0,2936,3112,4508,4923,10078.0,10456.0,2303.0,2085.0,75.8,0,-146867.72099713865,-27549.53151258733
2623.0,14920.0,762.0,3008.0,849,2479,1202,3426,3346.0,9630.0,1816.0,3287.0,75.9,0,-153707.84826129873,-29958.945503382667
3702.0,12296.0,847.0,3198.0,2042,3304,2868,4622,7283.0,12171.0,0.0,957.0,75.9,0,-152392.2206133889,-28726.13753857786
11439.0,21770.0,693.0,2134.0,1936,2210,4627,4881,12625.0,12694.0,1673.0,3261.0,75.9,0,-146011.34801227975,-24678.585543181
1218010.0,1048000.0,2377330.0,2360620.0,2782,1532,914,421,148940.0,125646.0,105729.0,79274.0,75.9,3,2098797.1759135844,-1453174.0148425156
12854.0,25140.0,2849.0,5849.0,1788,1924,5790,6642,14253.0,16629.0,6169.0,5919.0,75.9,0,-141212.86440581983,-22778.789904345533
216960.0,309033.0,62834.0,97934.0,321,181,299,170,198689.0,179672.0,98025.0,95566.0,75.9,0,112159.48614717556,95830.0160298914
49416.0,79716.0,13770.0,21350.0,351,197,260,156,55108.0,52847.0,28538.0,36404.0,75.9,0,-88183.26465863959,8086.99668253765
414099.0,523234.0,25907.0,35313.0,1245,931,7455,6867,194736.0,167217.0,161131.0,134896.0,75.9,0,193878.2560103461,136510.76207115257
9860.0,11839.0,3258.0,6442.0,982,888,2773,2598,6792.0,7015.0,3063.0,2329.0,75.9,0,-147125.54146829332,-29444.36369287784
55325.0,88317.0,45591.0,74506.0,32,119,324,127,49947.0,46374.0,24891.0,31494.0,76.0,0,-68082.33838366879,-17856.25491706686
35716.0,68424.0,5051.0,9553.0,167,173,152,91,51228.0,45460.0,33381.0,31940.0,76.1,0,-100341.22047735628,13313.748433538454
62919.0,99654.0,3845.0,6055.0,140,314,237,145,63326.0,58258.0,39868.0,49878.0,76.1,0,-79919.37997503026,25553.39867473633
10606.0,24872.0,1589.0,6039.0,5265,5912,7545,8383,18394.0,20989.0,1176.0,3469.0,76.1,0,-143278.94585444606,-21710.42735596633
2886.0,10373.0,394.0,986.0,998,1071,1884,2573,5454.0,8038.0,1644.0,2030.0,76.1,0,-153125.0561056852,-28684.560194031787
1705.0,9700.0,465.0,2202.0,823,1557,1078,2004,4003.0,7196.0,550.0,2320.0,76.1,0,-154582.30771323937,-29984.096484135083
4266.0,15341.0,370.0,1930.0,405,1201,575,1512,1868.0,4963.0,380.0,608.0,76.1,0,-154842.25461497207,-31787.72654250666
402583.0,542088.0,39799.0,61504.0,631,414,134,158,251911.0,212781.0,143503.0,121251.0,76.1,0,216291.02725419475,155084.35304231275
62348.0,110352.0,6672.0,10887.0,376,274,406,202,39798.0,34266.0,20762.0,30240.0,76.1,0,-98339.3904351308,-2229.0098924651247
10405.0,10255.0,2425.0,4724.0,6148,6251,8193,8120,20769.0,20397.0,5815.0,4576.0,76.1,0,-139858.5670383951,-18595.582726599867
16845.0,28452.0,3510.0,4894.0,2379,2222,5401,5568,15913.0,15361.0,3987.0,4718.0,76.2,0,-139329.82114880867,-23513.31433672473
24035.0,18065.0,6031.0,8506.0,4786,4764,6257,6110,16710.0,17299.0,3318.0,3438.0,76.2,0,-134687.29282040373,-25545.5578425348
1841.0,4450.0,5927.0,9933.0,91,17,74,40,8104.0,5618.0,646.0,1815.0,76.2,0,-148937.18434031092,-30871.69914915756
1059400.0,1140440.0,1221710.0,1527920.0,1951,1496,760,367,432272.0,357477.0,235040.0,198952.0,76.2,3,1426377.3015259174,-464721.7859999501
3451.0,8546.0,2198.0,4299.0,5132,5379,6034,7021,15411.0,15811.0,1734.0,2704.0,76.3,0,-147026.21225973094,-23406.000567306077
42219.0,56731.0,2152.0,4757.0,179,100,59,74,37610.0,34804.0,23924.0,24670.0,76.4,0,-110228.08514276792,965.6879553526052
9549.0,9962.0,1891.0,3939.0,1945,2164,3045,3104,8572.0,9094.0,2280.0,2425.0,76.4,0,-147668.78758824896,-27753.76871572991
256845.0,369002.0,34011.0,50785.0,526,314,392,181,347855.0,287052.0,90460.0,81399.0,76.4,0,171254.34049233454,200200.5897261151
4657.0,18234.0,1980.0,4279.0,2383,2779,3361,3839,9806.0,10964.0,1167.0,2624.0,76.5,0,-149438.60617004067,-27146.200845779244
133743.0,213235.0,5105.0,6529.0,491,239,121,161,141690.0,122031.0,58258.0,52281.0,76.5,0,-7626.509062935336,77809.17241192266
79980.0,129169.0,6677.0,11074.0,811,399,45,122,155238.0,124994.0,64142.0,51816.0,76.6,0,-20336.82589478281,91276.082248483
90506.0,132858.0,33536.0,52067.0,499,213,310,126,67700.0,61404.0,51511.0,52331.0,76.6,0,-41538.68279385372,13164.26098363505
32465.0,52612.0,4543.0,7456.0,127,68,0,17,27178.0,25024.0,24042.0,23608.0,76.6,0,-117365.13977458946,-6618.526038052762
8985.0,17088.0,1651.0,3343.0,4179,4100,5462,5390,16302.0,15854.0,2804.0,3085.0,76.7,0,-144295.83815454852,-22349.28147522808
5983.0,10766.0,1999.0,4696.0,3086,3337,4012,4190,10353.0,11216.0,1085.0,1185.0,76.7,0,-148845.5500860752,-27162.844777589213
50194.0,79846.0,8187.0,15746.0,0,0,0,30,61123.0,57430.0,42619.0,43281.0,76.7,0,-82944.08808889372,22356.552392186368
41047.0,65974.0,3259.0,5812.0,360,219,260,130,50425.0,46135.0,23690.0,36433.0,76.9,0,-102765.77029756484,10239.4474135951
1489.0,9518.0,147.0,1604.0,1641,2920,2181,3968,5315.0,9782.0,489.0,1237.0,76.9,0,-154455.01804610444,-29138.33578347092
40319.0,70672.0,1922.0,3596.0,4338,3901,7112,6522,21960.0,19945.0,5194.0,5005.0,76.9,0,-127599.06223218622,-19663.50775812301
49825.0,75266.0,17829.0,29544.0,89,120,0,81,46873.0,42663.0,36486.0,33558.0,77.0,0,-86352.55041139633,3183.0988737462867
31180.0,49519.0,3146.0,4577.0,115,206,226,79,35930.0,35770.0,24476.0,21378.0,77.0,0,-115031.8709458943,-299.4667104711916
12421.0,27478.0,2834.0,5772.0,4945,4565,5781,6158,14750.0,14783.0,1603.0,2444.0,77.1,0,-143293.55407282026,-24903.30577138797
4744.0,12989.0,842.0,1827.0,2572,3047,3064,3273,8218.0,9295.0,597.0,1736.0,77.2,0,-151227.2552182455,-27823.996897943845
7950.0,15961.0,2150.0,3480.0,1622,1505,2806,2844,7501.0,6874.0,1632.0,2606.0,77.3,0,-148844.8752334807,-28732.78123145923
55713.0,100283.0,45936.0,67900.0,360,540,323,209,20357.0,16727.0,8961.0,9189.0,77.3,0,-89721.3730820915,-47071.42872443421
59930.0,98206.0,8036.0,12113.0,0,67,131,120,23992.0,22841.0,17382.0,18780.0,77.3,0,-108209.85705103516,-16179.808514489385
54247.0,89831.0,11243.0,17830.0,0,55,68,52,49915.0,43327.0,31540.0,32793.0,77.3,0,-89640.45892706381,6756.119640620953
14469.0,28081.0,10577.0,16647.0,6486,6668,8294,8414,20433.0,20697.0,206.0,3100.0,77.3,0,-134971.81306965678,-26780.68867586026
34474.0,47973.0,4210.0,8686.0,592,258,0,118,32609.0,28713.0,34662.0,26437.0,77.4,0,-110046.20428085006,1803.694029575836
3848.0,9343.0,1249.0,2806.0,1184,1221,1659,1859,4200.0,4517.0,834.0,932.0,77.4,0,-153143.5143084801,-30593.537841476544
1740.0,9840.0,0.0,552.0,116,91,100,0,3024.0,4837.0,95.0,409.0,77.4,-1,-155744.01571752108,-30811.43428254677
513125.0,693297.0,20178.0,28501.0,713,692,238,173,390585.0,335607.0,200738.0,183604.0,77.4,0,339528.2490872287,281922.8927782143
99930.0,154212.0,14434.0,20481.0,276,332,23,72,78404.0,71849.0,60360.0,56202.0,77.5,0,-42291.177910227896,35646.3749027529
74834.0,122549.0,11090.0,17343.0,249,245,387,266,67822.0,58924.0,40990.0,43054.0,77.5,0,-68457.60391730319,22449.06648986801
1955.0,3700.0,1744.0,5030.0,2419,2839,2966,3658,7506.0,8493.0,848.0,1199.0,77.5,0,-152043.17491050498,-28640.198514011907
58361.0,74866.0,7712.0,12753.0,355,131,477,146,50474.0,48316.0,35730.0,39772.0,77.6,0,-87712.68084395152,11937.92618285032
8342.0,20242.0,830.0,2953.0,3392,3609,5050,5615,13793.0,15458.0,2015.0,2563.0,77.6,0,-146616.64055348592,-23793.58395196281
52939.0,72024.0,4504.0,5803.0,0,13,371,107,50898.0,47392.0,28535.0,39379.0,77.7,0,-94663.18154517644,11490.386965126574
5990.0,15778.0,1193.0,2659.0,2266,3198,3165,4441,8629.0,12338.0,4586.0,2811.0,77.7,0,-148681.9194212192,-26018.650973519456
57465.0,85634.0,6504.0,10980.0,257,294,367,153,62446.0,58694.0,32483.0,37659.0,77.7,0,-84982.25170765532,18622.47566669061
37448.0,58308.0,13445.0,20682.0,146,224,112,121,45171.0,43180.0,35426.0,32966.0,77.7,0,-95681.64220751276,5124.140888984166
2972.0,10399.0,1641.0,4562.0,1341,1512,1890,2197,4817.0,6096.0,784.0,1255.0,77.8,0,-152930.39128138858,-30361.32978816788
23633.0,39806.0,3834.0,5723.0,185,149,150,155,23858.0,22813.0,20009.0,20947.0,77.8,0,-124792.60988606908,-9817.604532053068
14979.0,30465.0,5645.0,10598.0,158,168,139,159,20235.0,19825.0,4370.0,11851.0,77.8,0,-135640.16942351987,-20704.922746273736
3212.0,16733.0,935.0,4979.0,1087,3223,1804,5601,4645.0,14523.0,1590.0,2599.0,77.8,0,-152930.6021116564,-29488.52315334145
3155.0,16181.0,1254.0,5316.0,3533,5489,5007,7951,10822.0,18221.0,433.0,1246.0,77.8,0,-150537.3675747335,-26476.59417651776
4538.0,13789.0,1481.0,3755.0,7835,9980,8412,10728,17743.0,22525.0,1547.0,2245.0,77.8,0,-146142.84685476188,-21700.788001414323
1398.0,9090.0,63.0,955.0,234,202,146,21,2236.0,4070.0,848.0,1471.0,77.9,0,-155782.02593406854,-30841.922276279067
2648.0,8602.0,588.0,1670.0,167,77,103,81,5734.0,4742.0,1254.0,1356.0,77.9,0,-153195.5145862995,-28889.198220204333
473926.0,632530.0,72332.0,100321.0,1900,1389,411,192,473228.0,396961.0,241899.0,189613.0,77.9,0,412701.151167096,322214.8938299924
61926.0,103489.0,6850.0,13872.0,225,113,276,119,69863.0,65163.0,53779.0,55862.0,77.9,0,-69413.71524931218,34661.979346336506
39603.0,76508.0,9271.0,16088.0,9177,9369,11480,11703,34010.0,31781.0,8688.0,8024.0,77.9,0,-115697.6388913152,-14655.07170185948
42366.0,60446.0,5053.0,7944.0,182,127,194,117,50964.0,48894.0,34097.0,35980.0,77.9,0,-96960.77741241944,13662.301411195422
26785.0,41107.0,14065.0,23074.0,0,12,0,44,23538.0,23635.0,15327.0,15408.0,78.0,0,-119009.16870485149,-19501.82572250028
10050.0,19084.0,3355.0,7409.0,1885,2067,2152,2093,8058.0,7073.0,1219.0,2360.0,78.0,0,-147085.37237121648,-29488.16675849225
8295.0,17220.0,1860.0,4737.0,2690,3182,3687,4029,10054.0,10544.0,1993.0,2971.0,78.0,0,-147570.06789241562,-26747.68277720781
18751.0,31809.0,2327.0,6013.0,3162,3146,4953,4913,14757.0,15207.0,3429.0,3037.0,78.1,0,-140304.50250932493,-24131.021968243404
1150.0,5249.0,264.0,1027.0,1076,2294,1267,2941,3072.0,7310.0,0.0,134.0,78.1,0,-155846.48087842218,-30991.85961636329
6300.0,18807.0,1718.0,4024.0,2072,3472,3026,4599,8080.0,11686.0,442.0,1791.0,78.1,0,-150098.73953031452,-28618.22586365611
4507.0,16471.0,0.0,3323.0,1194,2875,1492,3956,3976.0,9937.0,0.0,92.0,78.1,0,-154251.25740927897,-30478.998617346555
11067.0,19616.0,2974.0,4653.0,3523,3238,4593,4883,12839.0,11827.0,1748.0,1464.0,78.1,0,-144687.87345458337,-26209.544529052157
2887.0,9971.0,3276.0,6887.0,1449,1958,1797,2889,4630.0,8205.0,1359.0,1619.0,78.2,0,-151662.09875409617,-31201.16921031877
3871.0,11139.0,1968.0,3692.0,2903,3367,3743,4266,8774.0,9800.0,1337.0,2446.0,78.3,0,-150192.1245137185,-27696.86756688738
3277.0,9397.0,681.0,3396.0,2006,2613,2360,2905,6773.0,8199.0,440.0,1825.0,78.3,0,-152639.4848113175,-28594.01042098706
4099.0,13891.0,904.0,2947.0,1981,2373,2673,3079,9687.0,11252.0,1447.0,2422.0,78.3,0,-150387.7771048117,-26425.858080268325
10666.0,25896.0,1589.0,3395.0,10320,11855,11354,12344,31390.0,32562.0,2610.0,4484.0,78.4,0,-136721.93836627854,-12727.872866523856
1097.0,6585.0,319.0,1676.0,183,126,115,0,3102.0,4750.0,1512.0,2613.0,78.4,-1,-154949.98121861354,-29972.681939485115
612381.0,808598.0,133961.0,203765.0,1499,928,245,267,603131.0,483943.0,283696.0,214508.0,78.4,3,589092.4821108031,378192.91485836304
6823.0,20584.0,2349.0,4370.0,3769,4553,5584,6433,13384.0,13634.0,3058.0,2775.0,78.4,0,-145960.88434636546,-24434.52695887909
56708.0,84811.0,4866.0,6513.0,384,269,215,113,66871.0,62679.0,33898.0,48898.0,78.4,0,-82486.19031663406,24894.877273969763
177253.0,266908.0,24713.0,36153.0,168,96,114,86,136824.0,118132.0,53964.0,57002.0,78.4,0,20549.76333204424,58550.57505879596
5329.0,15381.0,526.0,1772.0,2328,2530,3563,3935,9961.0,10844.0,2183.0,3163.0,78.5,0,-149654.43857137152,-25665.65627281958
47688.0,66943.0,3247.0,8102.0,248,151,196,137,50024.0,45059.0,34605.0,33572.0,78.5,0,-96568.88863839569,13682.614435672494
48076.0,79397.0,4368.0,8540.0,0,32,0,0,53277.0,48536.0,51669.0,41968.0,78.5,-1,-86823.85699047706,23529.034969330805
39163.0,79036.0,9157.0,14825.0,107,106,216,189,32467.0,29091.0,14450.0,23788.0,78.5,0,-112568.44145357658,-10601.907035775865
62466.0,92735.0,14178.0,22575.0,705,305,40,72,54800.0,51642.0,36203.0,36529.0,78.6,0,-79851.08610400694,10023.514043599058
4164.0,15678.0,1483.0,4903.0,1943,3175,2287,3697,6028.0,9028.0,871.0,1837.0,78.6,0,-151897.92071356473,-29443.566695294176
4247.0,7054.0,956.0,2889.0,409,1501,569,1981,1787.0,4845.0,109.0,278.0,78.6,0,-154623.58277550136,-32372.305976272324
9987.0,20093.0,3096.0,3872.0,4542,4444,5764,5656,14519.0,12840.0,1967.0,3618.0,78.6,0,-143931.78795422247,-24714.22486341124
1330.0,9004.0,741.0,2903.0,1797,3350,2132,4112,5383.0,10357.0,0.0,277.0,78.6,0,-154380.74840538073,-29817.44272564701
7455.0,14189.0,1632.0,4466.0,3378,3726,4614,5108,11942.0,12587.0,465.0,889.0,78.6,0,-148044.62482990196,-26329.87497180268
2822.0,7348.0,1045.0,2594.0,471,950,728,1789,1926.0,4841.0,2120.0,1773.0,78.7,0,-154151.63358139136,-31163.614221016192
3221.0,9781.0,348.0,1388.0,506,1282,856,2138,2168.0,5851.0,153.0,582.0,78.7,0,-155236.62717996456,-31615.15934598248
19144.0,35228.0,2416.0,4304.0,300,193,405,149,25467.0,24055.0,15559.0,29107.0,78.7,0,-127495.46466515394,-8175.424884060096
34482.0,60783.0,4305.0,6267.0,363,153,0,21,47049.0,45678.0,14028.0,28894.0,78.7,0,-110772.50091445856,2610.0622372894904
134332.0,198841.0,14906.0,21686.0,225,209,14,85,153964.0,131413.0,65470.0,66125.0,78.8,0,9326.382262103987,84626.05507216215
73829.0,116443.0,4116.0,6436.0,447,262,89,126,56932.0,49472.0,36936.0,36207.0,78.8,0,-80955.80880019888,17206.546335247254
226133.0,343993.0,8251.0,11291.0,91,213,621,249,111568.0,97919.0,75944.0,60285.0,78.8,0,26339.886588713853,59491.55911432717
2177.0,10556.0,1199.0,3802.0,1606,2211,2006,2766,4629.0,6463.0,548.0,623.0,78.8,0,-153812.15341377593,-30351.43696187686
3892.0,11356.0,1747.0,3336.0,3650,3877,4543,5270,12756.0,14568.0,1821.0,1470.0,78.9,0,-148482.99693358,-24994.028940487857
5676.0,9026.0,1213.0,2210.0,2356,2712,2840,3111,6915.0,6916.0,564.0,700.0,78.9,0,-151320.64302298034,-29121.809704572588
12421.0,23251.0,3130.0,6927.0,6504,6776,8383,8922,22057.0,23453.0,5933.0,5294.0,79.0,0,-137830.16483542707,-18189.949823122828
1633.0,6152.0,875.0,2208.0,587,1545,673,1846,2092.0,5685.0,375.0,495.0,79.0,0,-155486.38538875533,-31812.195401252524
3420.0,8459.0,1635.0,3008.0,1392,1523,2031,2186,5901.0,6777.0,1457.0,1978.0,79.0,0,-151922.37048478052,-29302.56944379628
79943.0,117601.0,13813.0,19693.0,179,200,55,119,55192.0,47288.0,45636.0,42392.0,79.0,0,-68548.41214950122,14264.28809328702
23406.0,31721.0,6464.0,9854.0,201,175,185,52,28958.0,26570.0,17490.0,20344.0,79.0,0,-121775.93060904767,-9383.10910638676
61330.0,100003.0,4337.0,6658.0,441,310,86,68,63908.0,57365.0,47137.0,44467.0,79.0,0,-77968.55584829336,27896.83573634933
1741.0,7820.0,2313.0,7259.0,632,973,1182,1890,3169.0,4713.0,399.0,1904.0,79.0,0,-153775.956803614,-31803.699558484164
24921.0,30272.0,2883.0,4800.0,3267,3185,6128,6215,17826.0,17571.0,6923.0,6300.0,79.1,0,-134306.8051169253,-20948.13047306419
303991.0,391961.0,26840.0,35793.0,654,534,7253,6631,190360.0,159135.0,151448.0,128538.0,79.2,0,143080.12021463292,135230.33782878838
7438.0,12976.0,753.0,2105.0,2551,2557,3289,3522,8240.0,9225.0,1196.0,1100.0,79.2,0,-150034.6191445619,-27779.458718502847
6949.0,18379.0,949.0,3199.0,3855,4024,5102,5402,12614.0,13296.0,1017.0,1843.0,79.2,0,-148094.61463941605,-25057.811667762933
217062.0,312435.0,33203.0,52583.0,776,325,652,203,206010.0,181142.0,89636.0,85071.0,79.2,0,90618.83711327967,113851.63173251016
10833.0,12721.0,2852.0,5853.0,1767,2401,2988,3476,9313.0,8938.0,3070.0,3555.0,79.3,0,-145711.41680023549,-27459.18496093824
25008.0,51459.0,11116.0,17567.0,185,99,0,47,34205.0,32072.0,13066.0,20315.0,79.3,0,-117178.4944250937,-10951.72272673747
2650.0,8792.0,2065.0,6034.0,2969,4032,3337,4319,8937.0,10920.0,2508.0,3092.0,79.3,0,-150038.26255675455,-26981.349543302626
43233.0,70961.0,52775.0,87540.0,2609,2268,6484,6721,16157.0,15741.0,5170.0,6288.0,79.3,0,-93755.58817131852,-55253.24034913594
9327.0,20573.0,2955.0,5018.0,1979,2150,3753,3757,10244.0,9774.0,2364.0,2746.0,79.3,0,-146198.6377554911,-27261.76398832069
84908.0,139127.0,13998.0,21755.0,8,183,0,0,70953.0,64983.0,48470.0,48998.0,79.4,-1,-57421.650786816026,26058.89058921701
17016.0,31964.0,4263.0,8131.0,803,848,2181,2333,7153.0,7509.0,1342.0,2981.0,79.5,0,-143892.1541966208,-30930.881132168608
76185.0,110308.0,6303.0,10021.0,488,399,547,202,64421.0,61224.0,46293.0,52845.0,79.5,0,-69548.45187526151,27012.97793643824
54545.0,89252.0,8948.0,13893.0,322,211,223,145,59287.0,49562.0,40233.0,36589.0,79.6,0,-83189.53450963431,18360.253481545853
3722.0,17019.0,1028.0,3041.0,1440,1651,1753,1931,5061.0,6201.0,148.0,1163.0,79.6,0,-153182.86205359435,-30152.97658850432
6526.0,13537.0,1937.0,3072.0,2895,3130,4472,4744,11489.0,11837.0,2493.0,2698.0,79.7,0,-147442.929427679,-25606.062259198043
2759.0,9578.0,1908.0,5344.0,2652,3710,3415,4715,9508.0,13112.0,2719.0,2918.0,79.7,0,-149789.3565236639,-26467.76513157584
1976.0,10151.0,612.0,2550.0,1154,1664,1618,2427,4178.0,6275.0,208.0,778.0,79.9,0,-154610.54585685677,-30373.323191584605
44713.0,59760.0,5621.0,7678.0,5917,6374,8767,9091,28165.0,26737.0,8939.0,6733.0,79.9,0,-118841.8392557444,-16496.787629679606
30929.0,52927.0,7681.0,13285.0,397,277,0,30,29978.0,26809.0,22975.0,19113.0,79.9,0,-115525.9659004044,-7887.795766635623
2156.0,4216.0,1678.0,2936.0,119,181,0,18,8082.0,8442.0,3201.0,2770.0,79.9,0,-150688.7930276648,-27013.277535308254
2068830.0,1182090.0,1537340.0,1464770.0,4172,1661,1098,506,885302.0,583478.0,505765.0,337195.0,79.9,3,2379340.097623181,-306260.1117194736
77662.0,134736.0,5050.0,9915.0,9682,10026,14960,15130,29607.0,27546.0,6068.0,4975.0,79.9,0,-106358.27744549004,-18843.088340236594
1172.0,5313.0,429.0,2312.0,758,1422,1164,2593,3031.0,6701.0,443.0,703.0,80.0,0,-155507.47222074616,-30845.57721715134
7491.0,17159.0,1970.0,5555.0,1996,2197,2401,2872,8237.0,8670.0,950.0,2485.0,80.0,0,-149091.993375752,-28431.456779678687
25982.0,41298.0,6476.0,10307.0,309,92,95,30,29323.0,27685.0,19798.0,17922.0,80.1,0,-120002.3051618972,-8747.830843544074
217115.0,265668.0,561384.0,837289.0,960,396,158,107,94267.0,84203.0,72499.0,58385.0,80.1,0,395315.3355133254,-299887.4955005528
9551.0,26983.0,2317.0,5192.0,3005,3248,3595,4121,10471.0,11407.0,1748.0,2208.0,80.1,0,-146738.36086884924,-27078.30678378288
41688.0,61524.0,26573.0,40026.0,2582,2807,6872,7146,16184.0,15556.0,6623.0,5540.0,80.1,0,-112028.34643489032,-38194.765502202536
3996.0,11945.0,1287.0,4181.0,2522,3060,3289,4103,9187.0,11437.0,1175.0,1546.0,80.1,0,-150599.95321596583,-27229.477235436567
50756.0,82801.0,7351.0,11868.0,604,328,283,200,48382.0,45736.0,32028.0,32041.0,80.2,0,-94362.19368810992,8541.297495739633
116428.0,162795.0,13268.0,21264.0,320,283,578,179,64522.0,58085.0,37161.0,36430.0,80.2,0,-53657.36319468253,13622.737252008712
4700.0,13106.0,1136.0,3286.0,3893,4446,5044,6095,12779.0,14564.0,1343.0,2443.0,80.2,0,-148615.96715575375,-24691.822130629957
10150.0,17927.0,2840.0,4645.0,3958,3974,5516,5599,15395.0,15641.0,2476.0,3308.0,80.2,0,-143499.85137999398,-23846.482310319203
5788.0,11547.0,702.0,1924.0,2444,3504,3535,4986,9844.0,15203.0,3621.0,3792.0,80.2,0,-148787.2845096034,-25175.789980097758
3429.0,9009.0,142.0,2665.0,1254,3022,1371,3675,3982.0,10960.0,71.0,678.0,80.2,0,-154491.72577435165,-30370.80282064225
16203.0,24858.0,2130.0,3919.0,2992,2706,4448,4649,14146.0,14835.0,3604.0,5224.0,80.3,0,-141419.55288953593,-23804.71564870968
65747.0,108550.0,19156.0,31631.0,76,86,403,216,52021.0,47721.0,43125.0,40666.0,80.3,0,-73246.30891201331,8497.678225084692
3177.0,19523.0,619.0,2630.0,2429,4248,2966,5713,6694.0,12451.0,316.0,1197.0,80.3,0,-152882.2655589774,-28750.27164891359
2063.0,12280.0,1083.0,4368.0,2090,3575,2382,4053,6163.0,10351.0,218.0,413.0,80.3,0,-153394.14908866564,-29472.973814090088
2883.0,15395.0,279.0,1442.0,1235,3093,1235,3479,2936.0,8364.0,191.0,413.0,80.3,0,-155081.68181235177,-31075.18069065539
10016.0,17610.0,1798.0,3331.0,4190,4357,5224,5168,13537.0,13540.0,3137.0,3257.0,80.4,0,-144874.27421155517,-24090.06885456372
9298.0,25376.0,4133.0,7122.0,5307,5541,6933,7688,19020.0,20078.0,2218.0,4276.0,80.4,0,-141289.73075678185,-22261.571694792343
4223.0,9721.0,2562.0,4422.0,1864,1831,2755,2751,7863.0,7332.0,1091.0,1442.0,80.4,0,-150269.6860380487,-28934.49717082905
2193.0,10807.0,181.0,1735.0,173,60,68,0,4479.0,6013.0,1047.0,1514.0,80.4,-1,-154286.7484395475,-29457.69059120365
470462.0,637181.0,41782.0,57579.0,1220,1101,200,100,538561.0,442434.0,201504.0,185871.0,80.4,0,404256.67545490246,365378.5701796142
51645.0,83817.0,43088.0,70559.0,640,293,398,142,53369.0,53284.0,38541.0,43754.0,80.5,0,-63187.1487020207,-6187.172472885617
6934.0,13159.0,127.0,828.0,3971,4217,4892,5196,10813.0,10801.0,1535.0,3415.0,80.5,0,-149090.5463587788,-25210.45235395817
61768.0,90941.0,6394.0,10514.0,725,213,380,166,49660.0,44317.0,38258.0,33881.0,80.5,0,-87405.26223968517,12144.099708107624
31256.0,50933.0,15491.0,21913.0,331,262,380,162,29311.0,26825.0,17475.0,19082.0,80.5,0,-112332.73184747103,-15545.962575989204
9201.0,19316.0,3477.0,5556.0,1885,1845,3591,3596,9291.0,8901.0,2335.0,4683.0,80.5,0,-146085.76490199874,-27885.47439567018
6277.0,17144.0,1462.0,3146.0,3787,4429,5101,5360,12793.0,13245.0,104.0,1638.0,80.5,0,-148297.8472774027,-25638.981439992986
87466.0,130725.0,36584.0,59887.0,7,74,317,141,84159.0,76906.0,70937.0,61501.0,80.6,0,-24932.066705343543,31478.18156783326
34895.0,62646.0,3223.0,7122.0,204,222,158,69,34127.0,32298.0,24807.0,31012.0,80.6,0,-112930.63234489568,-44.44679226266453
49791.0,66050.0,1908.0,3491.0,19,92,316,102,45078.0,41419.0,31770.0,28936.0,80.6,0,-100494.47207411278,9326.248356272266
5764.0,14211.0,1711.0,3486.0,1840,2029,2736,3221,8296.0,10245.0,266.0,1325.0,80.6,0,-150350.4155807848,-28591.55554714456
9928.0,16018.0,1270.0,3631.0,3413,3765,5522,5912,15073.0,14619.0,2558.0,3927.0,80.6,0,-144712.86882463063,-22915.72681227813
327676.0,483259.0,35446.0,47436.0,355,352,806,361,154799.0,134843.0,105787.0,83118.0,80.6,0,120092.3470050606,79339.63409118746
9794.0,19838.0,772.0,2004.0,4113,4217,5159,5384,13490.0,13573.0,1511.0,3137.0,80.7,0,-146310.39089528707,-24162.82665364982
13560.0,27075.0,2073.0,3983.0,3618,3830,5237,5427,14351.0,14149.0,1968.0,3259.0,80.7,0,-143298.49863264896,-24468.036439312466
67657.0,90420.0,8363.0,13649.0,219,111,30,90,49349.0,45195.0,37378.0,34666.0,80.7,0,-84001.22937034132,10084.886407127324
62951.0,96568.0,38413.0,60020.0,145,129,0,34,65995.0,62206.0,40101.0,51381.0,80.7,0,-54555.7401867163,5874.439288094571
49155.0,75973.0,16430.0,25580.0,212,126,345,214,48889.0,42715.0,37197.0,34015.0,80.8,0,-86363.34211557233,5752.045418521058
10973.0,15285.0,2925.0,5596.0,4095,4677,5464,5783,13285.0,13263.0,1540.0,1944.0,80.8,0,-144572.87572818788,-25899.334016383484
5148.0,12017.0,1956.0,4296.0,1395,1208,2584,2547,7190.0,7477.0,282.0,1521.0,80.8,0,-150902.6147547058,-29366.455436076325
59024.0,99980.0,16461.0,27125.0,474,248,269,139,42616.0,39187.0,30207.0,29917.0,81.0,0,-88225.3201512614,-2466.1626459779877
4740.0,10879.0,1077.0,4497.0,871,1241,1027,2396,2852.0,5482.0,258.0,689.0,81.1,0,-153749.47797890424,-31677.75789917748
3591.0,10856.0,1002.0,4919.0,1018,1905,933,2406,2401.0,5898.0,342.0,1121.0,81.1,0,-154389.33167452188,-31736.930391502174
4286.0,13259.0,1996.0,4021.0,2355,2494,3102,3428,7811.0,8542.0,0.0,654.0,81.2,0,-151158.84980776807,-29199.96160657396
455026.0,631919.0,184659.0,264190.0,1155,946,231,333,176788.0,161529.0,108075.0,101145.0,81.3,0,288323.065849192,-4862.614065192545
20945.0,36747.0,7636.0,13483.0,219,177,256,202,22119.0,19869.0,9866.0,19106.0,81.3,0,-128027.46749987092,-17680.730515876276
20632.0,27047.0,3110.0,5396.0,2856,2787,4381,4681,13747.0,14135.0,1739.0,4268.0,81.3,0,-139918.36675910163,-25896.12405752329
5282.0,12833.0,3599.0,7267.0,2923,3027,4335,4554,12867.0,13778.0,2519.0,3666.0,81.3,0,-146051.61805816158,-25531.481235637708
24563.0,45471.0,5338.0,10564.0,19,37,0,28,33207.0,33133.0,13863.0,21490.0,81.3,0,-121358.55203325948,-7403.075447902498
29559.0,52654.0,7176.0,11993.0,270,203,459,246,26542.0,24820.0,12644.0,18176.0,81.4,0,-121915.48909258677,-14138.3126592802
5021.0,12792.0,2004.0,5774.0,1432,1779,2619,2991,6833.0,7926.0,1111.0,1889.0,81.4,0,-150729.8538472399,-29207.099549268198
2477.0,5760.0,1598.0,4523.0,2406,3075,2925,3921,6438.0,7321.0,2511.0,2372.0,81.4,0,-151649.8495362154,-28371.767111699904
28806.0,47300.0,2641.0,4194.0,209,158,0,15,37693.0,36756.0,17966.0,32253.0,81.4,0,-116586.52457413611,299.6422871773939
6930.0,12941.0,5326.0,10379.0,0,48,105,87,18058.0,18479.0,4688.0,10154.0,81.4,0,-140235.56505415638,-21496.896757708488
4406.0,14905.0,1694.0,5174.0,2917,3788,4226,5590,10671.0,13388.0,0.0,2259.0,81.4,0,-149823.45110804474,-26950.05976778772
6047.0,13481.0,3072.0,5859.0,4536,5134,6413,7375,14728.0,16610.0,1853.0,2715.0,81.4,0,-145623.00630193044,-24502.167904800157
4032.0,13040.0,1062.0,2673.0,2687,3333,3321,4286,9205.0,10976.0,1150.0,2679.0,81.5,0,-150598.13501257644,-26907.89620958507
19956.0,20772.0,3513.0,5992.0,8685,8505,10343,10117,27154.0,26759.0,5513.0,3114.0,81.5,0,-132605.2160053421,-16220.650899768072
67151.0,101643.0,8126.0,11089.0,139,107,0,87,45623.0,39368.0,34795.0,31520.0,81.5,0,-87402.82876698606,6321.963902632397
45114.0,70888.0,15763.0,26655.0,209,190,278,190,50129.0,45065.0,43952.0,38422.0,81.5,0,-84870.14865035389,10758.974534080018
33164.0,54188.0,1505.0,4054.0,180,234,13,118,36876.0,33778.0,34733.0,25775.0,81.5,0,-110585.3764465632,6208.972936922739
11439.0,25721.0,2449.0,6640.0,2649,2787,3820,4054,9186.0,9699.0,2096.0,3491.0,81.6,0,-146163.31653980247,-27743.587174267268
8587.0,14665.0,1972.0,3726.0,3919,4151,4796,5132,10542.0,10388.0,1178.0,2220.0,81.8,0,-147544.6553879944,-26989.335166649405
11275.0,11784.0,1584.0,3096.0,1867,2217,2559,2538,7145.0,7633.0,1097.0,1468.0,81.8,0,-148375.57014019755,-29226.520636667672
17682.0,22362.0,3470.0,5849.0,4148,4199,5717,6104,17342.0,17865.0,3958.0,6367.0,81.8,0,-138168.44000021752,-22387.350176588905
9761.0,14600.0,2006.0,3083.0,2263,2065,2619,2614,7202.0,6826.0,1295.0,1055.0,81.8,0,-148656.6100860403,-29340.43016044148
352947.0,454459.0,24632.0,33003.0,1248,1001,346,160,234773.0,193092.0,153724.0,129085.0,81.8,0,182527.6517291266,162542.34698247028
59768.0,74209.0,25137.0,37220.0,11,103,36,75,54500.0,49917.0,51296.0,42335.0,81.9,0,-67221.16729606762,10394.209906698325
54589.0,87926.0,3427.0,5676.0,590,294,188,113,39640.0,35412.0,25000.0,21579.0,81.9,0,-103359.07076904664,600.2258144283442
3774.0,10412.0,1381.0,3284.0,2423,5124,2331,6043,4975.0,12641.0,1807.0,2214.0,81.9,0,-152208.58813053218,-29567.025271052305
5759.0,12165.0,545.0,4027.0,1393,1528,1876,2330,5295.0,6951.0,2485.0,2122.0,82.0,0,-151593.04384090658,-28699.30702063931
10670.0,28318.0,1302.0,2653.0,4628,5469,6144,7023,16308.0,18659.0,2905.0,3600.0,82.0,0,-143739.89482252425,-22109.60650394085
7391.0,13945.0,1577.0,3236.0,2310,2157,2856,2712,8618.0,8576.0,1948.0,2525.0,82.1,0,-148857.93753429063,-27511.32424403022
3589.0,15628.0,784.0,2253.0,1493,2111,1947,2802,4968.0,7286.0,1232.0,1637.0,82.1,0,-152987.4529232629,-29518.60750174839
33431.0,61291.0,7527.0,11519.0,303,142,226,161,31840.0,28665.0,25514.0,19140.0,82.2,0,-112827.77734788667,-5706.0808113598905
5116.0,13227.0,1326.0,3213.0,3572,4081,4655,5328,12726.0,14057.0,1611.0,2830.0,82.2,0,-148191.69930844693,-24697.745006252524
5264.0,12652.0,1512.0,3777.0,3354,3750,4338,4782,11982.0,13582.0,1473.0,3004.0,82.2,0,-148367.88487893,-25325.10380780397
3401.0,11945.0,593.0,2971.0,968,1208,1829,2475,3898.0,5155.0,0.0,547.0,82.2,0,-154272.4333133725,-30754.727774445837
28281.0,46574.0,22881.0,39061.0,0,98,223,120,39335.0,37291.0,19842.0,34221.0,82.3,0,-101143.29671449814,-10231.603180147806
84918.0,122444.0,5384.0,8851.0,37,198,0,84,65381.0,58224.0,57099.0,48292.0,82.3,0,-62763.02156567361,31432.02423341783
5253.0,14763.0,1165.0,2439.0,2966,3089,3670,3769,9098.0,8393.0,699.0,1492.0,82.3,0,-150390.57542097807,-27498.712317073507
48919.0,76675.0,3357.0,6714.0,0,3,0,66,47873.0,44766.0,18639.0,31395.0,82.4,0,-103126.60437091556,5124.506846036598
15018.0,31796.0,2981.0,5086.0,4125,4402,5850,6023,17537.0,18679.0,3682.0,3909.0,82.4,0,-139921.48819938334,-22293.874424876347
4158.0,9837.0,2343.0,4659.0,5480,5819,7832,8436,20967.0,21810.0,519.0,3259.0,82.5,0,-144507.02668289468,-20446.805378067365
8574.0,11838.0,1766.0,3519.0,4846,4832,5780,5750,14530.0,15270.0,2719.0,3345.0,82.5,0,-145180.206647596,-23508.92189931615
128222.0,187233.0,32324.0,49222.0,536,220,313,121,115267.0,100726.0,93549.0,75297.0,82.5,0,12929.72294625282,62874.750268762
8953.0,9968.0,0.0,1294.0,261,122,241,139,14216.0,8066.0,1666.0,1010.0,82.6,0,-147086.99698218232,-23449.19134499477
1923.0,11927.0,99.0,1374.0,162,37,166,120,2880.0,5622.0,428.0,672.0,82.6,0,-155507.93140758685,-30795.80843005312
1446.0,4855.0,0.0,378.0,139,49,172,98,2306.0,4319.0,15628.0,38871.0,82.6,0,-145594.46215166737,-18557.12295873921
462635.0,594160.0,40411.0,57629.0,1662,1432,231,101,767297.0,636088.0,300889.0,274920.0,82.6,3,551153.3376606719,567366.0662362803
46263.0,63787.0,3258.0,4124.0,445,171,0,0,43821.0,40183.0,29876.0,27873.0,82.7,-1,-102416.01883000892,6955.889793417799
1992.0,13436.0,693.0,3832.0,477,1427,703,2033,1871.0,5780.0,1433.0,2755.0,82.7,0,-154888.88775727246,-31054.18728479968
2290.0,14401.0,904.0,4166.0,1475,2540,1963,3513,5087.0,9312.0,671.0,1192.0,82.7,0,-153646.18326248444,-29741.048882249732
5053.0,8271.0,2164.0,5483.0,1078,2758,1538,4154,4361.0,10311.0,3457.0,3731.0,82.7,0,-150624.31205927458,-29594.88961413072
1563.0,8189.0,1211.0,5470.0,1441,3364,2206,4875,6126.0,12497.0,54.0,0.0,82.7,0,-153641.5797466491,-29679.19855514007
5434.0,14787.0,2028.0,4507.0,3541,3988,5114,5961,14865.0,16872.0,513.0,2559.0,82.8,0,-147051.33713863627,-24309.800756022956
8354.0,14523.0,1067.0,3825.0,2268,2251,3425,3260,9933.0,10423.0,2354.0,2789.0,82.8,0,-148039.12506404243,-26208.148869755027
2384.0,14077.0,817.0,3028.0,1336,2808,2064,4092,5539.0,11223.0,866.0,1701.0,82.8,0,-153327.906364445,-29242.87674937734
1574.0,9809.0,317.0,1893.0,450,1376,465,1597,1327.0,4582.0,68.0,66.0,82.8,0,-156408.83364710977,-32139.77043213958
35973.0,43813.0,3846.0,4844.0,249,73,395,114,28441.0,27990.0,16806.0,22327.0,83.0,0,-118672.0077534572,-8851.328701266626
5276.0,16627.0,3726.0,7147.0,3114,3548,4451,5323,10942.0,11252.0,1222.0,3168.0,83.1,0,-147375.20184621026,-27451.99689275004
7241.0,20484.0,2233.0,3562.0,4213,3933,6049,6494,14933.0,15322.0,2420.0,2584.0,83.1,0,-145429.49785284165,-23707.095077597056
4536.0,11533.0,2252.0,4706.0,2086,2282,2980,3348,8733.0,9834.0,484.0,2306.0,83.1,0,-150077.43565491957,-28325.81969097106
1762.0,5676.0,2289.0,5556.0,1306,1531,1615,1844,4515.0,5208.0,375.0,529.0,83.2,0,-153357.66053006166,-31169.234280124536
6184.0,11695.0,2027.0,3680.0,3022,2701,3948,3750,10872.0,10664.0,0.0,1497.0,83.2,0,-148871.14541072978,-27270.628482772427
16820.0,16211.0,1278.0,2658.0,2732,3304,3750,3729,11316.0,11570.0,2867.0,3264.0,83.2,0,-143552.16128395748,-25724.492097191596
22490.0,36285.0,1366.0,3702.0,343,332,0,4,27161.0,26032.0,13797.0,19143.0,83.3,0,-127996.26137305643,-9002.006769311061
61763.0,95657.0,2849.0,4287.0,197,184,193,93,52878.0,47678.0,35479.0,35072.0,83.3,0,-89281.1727221967,15429.826085590448
1442.0,8809.0,0.0,195.0,3004,5324,3392,6078,7585.0,13269.0,203.0,2368.0,83.3,0,-153510.4842214801,-27544.493000763527
7901.0,14117.0,2411.0,3876.0,3759,4190,4997,4940,12910.0,13245.0,2949.0,2514.0,83.3,0,-145764.26049095782,-24932.2208540718
20949.0,36498.0,5788.0,11660.0,1881,1988,4643,4826,11634.0,11186.0,2880.0,4084.0,83.5,0,-138495.80149894458,-28483.367371300123
16166.0,19695.0,2365.0,4806.0,6552,6709,8873,8996,23489.0,22436.0,3409.0,3103.0,83.5,0,-137386.82012486053,-18457.192347729917
6411.0,13557.0,2137.0,3254.0,3669,4067,5695,6151,15019.0,14860.0,968.0,3421.0,83.5,0,-146228.69048002348,-24013.82225054477
5013.0,15175.0,940.0,2687.0,1437,1973,2221,3212,6142.0,8580.0,734.0,1824.0,83.5,0,-151927.2475020643,-29145.04616044488
35171.0,68459.0,9755.0,14994.0,411,247,206,137,35111.0,32555.0,29157.0,27715.0,83.6,0,-106673.87828697189,-2245.1264951520643
94105.0,134622.0,14954.0,23361.0,411,203,215,119,70981.0,67715.0,53260.0,50086.0,83.6,0,-51056.40803779136,27044.66580955505
14237.0,32394.0,763.0,2063.0,4010,4243,5331,5993,15866.0,16765.0,1749.0,3055.0,83.7,0,-143348.5124852765,-22856.415417398144
15147.0,25988.0,2169.0,3478.0,6181,5929,8091,8264,19575.0,19916.0,3083.0,4917.0,83.7,0,-139596.90215296933,-20589.86601231191
38908.0,67344.0,6673.0,9936.0,623,286,40,10,36720.0,34850.0,20973.0,26932.0,83.8,0,-109665.43563974122,-3095.939792256632
377939.0,543668.0,126406.0,193595.0,1223,835,48,127,119486.0,111318.0,67745.0,72574.0,83.9,0,172200.0733512549,-21019.17227974462
2186.0,8202.0,956.0,4071.0,1007,922,1438,1720,3929.0,4837.0,703.0,789.0,84.0,0,-154215.7318746929,-30551.21573663919
38598.0,69186.0,10618.0,17943.0,3529,3704,8455,8393,20874.0,20495.0,9028.0,8255.0,84.0,0,-120962.77683913978,-23563.705592113904
31036.0,46411.0,5858.0,7912.0,185,116,422,217,38413.0,38286.0,21916.0,30433.0,84.0,0,-111898.8814546939,-43.39910689933458
899.0,3447.0,0.0,699.0,239,257,125,16,4343.0,8081.0,934.0,1517.0,84.0,0,-155042.47122611894,-29394.315238819432
1540.0,7101.0,482.0,1802.0,185,65,146,39,3772.0,6433.0,655.0,731.0,84.0,0,-154906.90244094396,-30342.733536980275
491015.0,570183.0,79232.0,110295.0,1571,941,962,327,751632.0,599536.0,356048.0,256646.0,84.0,3,600570.1771603911,551458.0333231961
44126.0,64639.0,1733.0,4410.0,408,314,0,70,41618.0,36907.0,21204.0,24152.0,84.1,0,-108998.42092962768,2414.2041581681005
233325.0,322079.0,82947.0,125356.0,252,220,516,243,226633.0,195038.0,105129.0,87520.0,84.1,0,146953.62867830947,101497.50202626218
45312.0,73351.0,18106.0,28696.0,444,269,57,41,58516.0,54254.0,40740.0,40059.0,84.1,0,-80368.33188787369,13492.24919680302
38288.0,66013.0,6546.0,9468.0,315,216,81,99,40860.0,38299.0,30158.0,27987.0,84.1,0,-104618.28586769626,3665.447582946912
4656.0,20787.0,1663.0,5015.0,2338,3038,3567,4593,8885.0,11710.0,881.0,1807.0,84.3,0,-150281.7492017946,-27780.038337063062
1624.0,10830.0,538.0,2210.0,1106,1875,1239,2193,3512.0,6370.0,399.0,1288.0,84.3,0,-154971.70143380447,-30563.95436565867
69715.0,103190.0,16130.0,26302.0,276,211,640,255,63976.0,58618.0,43754.0,45565.0,84.3,0,-67469.60201940646,18749.06985971797
32268.0,50651.0,6596.0,10635.0,272,164,74,105,32399.0,30779.0,14325.0,27106.0,84.4,0,-116817.98940735083,-8109.375908348793
8204.0,16560.0,1501.0,3881.0,1692,2066,2598,3240,7064.0,8829.0,425.0,1041.0,84.4,0,-150029.33034679963,-29376.31008851779
10618.0,22045.0,2097.0,3607.0,4928,5344,5133,5684,14146.0,14933.0,2756.0,3392.0,84.5,0,-144268.72251925824,-24070.903436758297
53321.0,95973.0,7800.0,11970.0,189,201,288,145,35581.0,32016.0,22185.0,27867.0,84.5,0,-102933.4937702185,-4800.749676885847
5752.0,7700.0,1488.0,2272.0,2503,2096,2707,2585,6468.0,6617.0,504.0,1030.0,84.5,0,-151281.41289359468,-29554.68791462976
219142.0,315525.0,37910.0,61493.0,4921,4823,15491,15476,33930.0,33662.0,9329.0,10766.0,84.5,0,-21853.38677297288,-43631.55298394992
20596.0,36453.0,9035.0,15204.0,299,136,27,178,23933.0,22140.0,12571.0,16028.0,84.5,0,-125777.23500816704,-16748.999298409
8908.0,16722.0,1627.0,3107.0,3726,3408,4944,5134,15213.0,14632.0,2131.0,3340.0,84.6,0,-145052.70427507136,-23260.076022335823
30561.0,45795.0,12376.0,16766.0,183,165,379,168,41782.0,36754.0,30067.0,28286.0,84.6,0,-103336.67055992014,1100.9335480718692
11392.0,22925.0,2320.0,3413.0,5698,5361,7959,8110,21934.0,22671.0,6266.0,4661.0,84.7,0,-138825.8022741189,-17654.488507048758
1169.0,7612.0,0.0,218.0,91,0,212,127,3109.0,5863.0,2984.0,6159.0,84.7,0,-154145.3673797606,-28586.591449207284
440922.0,585043.0,61090.0,92530.0,958,907,475,214,543387.0,453832.0,197591.0,170410.0,84.7,0,404270.88708889135,354105.1809097738
4406.0,8909.0,2315.0,3907.0,1407,1583,1761,1790,4685.0,5549.0,1124.0,1253.0,84.7,0,-151811.99504626813,-30819.15867967184
31802.0,49889.0,9344.0,15530.0,3075,2785,7972,8510,22578.0,23563.0,7466.0,7629.0,84.8,0,-124514.63135396736,-22001.44368486023
22378.0,36087.0,6095.0,12979.0,216,81,0,0,23998.0,22523.0,11164.0,17310.0,84.8,-1,-127411.66695436738,-15357.285989492377
92728.0,133577.0,14631.0,21081.0,269,157,32,84,71262.0,64175.0,52937.0,49307.0,84.8,0,-51934.86779049365,27253.746244747224
5344.0,12540.0,942.0,2933.0,1945,2132,2963,3277,7876.0,8719.0,934.0,1299.0,84.8,0,-150999.04724534324,-28070.443766691023
9308.0,18384.0,1625.0,4094.0,3044,3614,3946,4309,10886.0,10598.0,1042.0,1488.0,84.9,0,-147479.6510341289,-26776.649131280225
26683.0,57390.0,10857.0,18242.0,145,209,0,0,31128.0,30644.0,16316.0,19808.0,84.9,-1,-116931.98774057534,-11553.113142078972
5204.0,11116.0,2082.0,4524.0,4305,4587,5366,5925,12978.0,14158.0,1590.0,2472.0,85.0,0,-147570.42734471912,-25083.968611235006
189430.0,293731.0,6867.0,12199.0,257,280,0,0,162906.0,143657.0,83327.0,86517.0,85.0,-1,39495.26750504525,102551.5212212836
11792.0,16019.0,1798.0,3749.0,3464,5586,4713,7173,11198.0,18679.0,4366.0,3009.0,85.1,0,-144781.4820232335,-25209.0912374004
31057.0,59297.0,2899.0,5149.0,104,168,33,74,37524.0,34706.0,16934.0,23758.0,85.1,0,-117017.11883553218,-1911.681641670515
3668.0,11285.0,1098.0,3152.0,2346,2454,2989,3302,7635.0,8948.0,1217.0,1100.0,85.2,0,-151606.08880659717,-28125.316211018024
22913.0,41038.0,1936.0,4208.0,11092,10414,13823,13110,34380.0,33460.0,7785.0,7936.0,85.2,0,-127768.16848432612,-9120.4439818426
103548.0,135682.0,100224.0,160434.0,2163,2233,8625,8929,20501.0,20592.0,8887.0,6822.0,85.2,0,-32889.26536084885,-84565.38644271603
4863.0,12154.0,1965.0,3578.0,3080,2776,3624,3722,11137.0,11006.0,1801.0,3377.0,85.2,0,-148433.5509045402,-25921.70092716212
8993.0,15292.0,1817.0,2880.0,3065,2932,4921,4796,11553.0,11246.0,927.0,2643.0,85.2,0,-147070.5957420167,-26315.58043067061
844995.0,995190.0,773324.0,955801.0,1724,1174,1015,379,76435.0,62717.0,48391.0,43056.0,85.2,3,779933.528084945,-497603.0888711881
2016.0,7609.0,303.0,1341.0,0,0,144,78,4996.0,6165.0,392.0,728.0,85.3,0,-154381.6380728317,-29598.0604011991
3177.0,9879.0,861.0,3169.0,285,184,199,108,3432.0,7282.0,28243.0,36842.0,85.3,0,-139383.8477080816,-13530.630195754236
505068.0,685952.0,69379.0,97066.0,1117,569,149,62,474939.0,383276.0,204039.0,181945.0,85.3,0,409243.3743988274,306010.1486627475
363532.0,489807.0,42687.0,66817.0,813,1028,5487,4727,143890.0,127479.0,137646.0,103904.0,85.3,0,149249.21541634368,82280.59105863128
25460.0,44027.0,9317.0,16277.0,433,359,36,72,25112.0,24035.0,10834.0,18040.0,85.3,0,-123445.58743274651,-16902.728817612908
7304.0,17112.0,1491.0,2695.0,2963,2929,3926,3942,12074.0,11791.0,2894.0,3289.0,85.4,0,-146946.46286837876,-24744.975192599803
36722.0,66605.0,6761.0,10588.0,524,278,23,34,28534.0,25860.0,16820.0,17548.0,85.4,0,-116908.84815545024,-11433.542932562446
11241.0,17814.0,1168.0,2076.0,5209,5565,6681,6824,15583.0,15843.0,2747.0,3004.0,85.4,0,-144057.07549813413,-22682.15203575058
7649.0,9441.0,3594.0,5240.0,7932,7702,9242,9186,20152.0,18236.0,3502.0,2508.0,85.4,0,-141567.65391448748,-20841.983585363363
37735.0,66013.0,9734.0,16006.0,94,140,204,107,37946.0,37251.0,36972.0,29973.0,85.5,0,-101191.6099543801,3035.785026788002
11576.0,18725.0,2059.0,4839.0,2857,2488,3667,3560,10258.0,9426.0,2850.0,2952.0,85.5,0,-145682.82432727184,-26600.49743785253
2538.0,7117.0,2423.0,6023.0,2673,3167,3573,4704,9292.0,11768.0,2037.0,3704.0,85.5,0,-149773.72559113833,-27072.975810431595
45337.0,64469.0,7058.0,12211.0,0,15,0,49,54202.0,48294.0,36133.0,39326.0,85.5,0,-91726.2521533495,15648.740281971655
9044.0,12567.0,2205.0,4331.0,1994,2253,2631,2769,8110.0,7581.0,1216.0,1636.0,85.6,0,-148359.8010884006,-28784.31119414983
54116.0,74383.0,4332.0,5830.0,538,327,0,19,33918.0,32064.0,29403.0,23946.0,85.6,0,-103583.7550448424,-1328.1386124021956
68624.0,114364.0,28561.0,45869.0,41,231,510,189,55349.0,50422.0,29613.0,49425.0,85.7,0,-67952.78211030703,246.5095795635607
6127.0,12351.0,2815.0,5640.0,2171,2208,3254,3556,9467.0,10433.0,425.0,2935.0,85.7,0,-148647.9628313962,-28241.81991474035
4423.0,16665.0,365.0,1989.0,1496,1735,1816,2497,5407.0,6392.0,559.0,1230.0,85.7,0,-153037.30658195177,-29380.200651570867
6418.0,14163.0,3616.0,7873.0,2883,3413,3601,3929,11044.0,11717.0,466.0,2568.0,85.7,0,-147293.90893292276,-27807.99633374712
14033.0,22518.0,2911.0,5193.0,2654,2804,4337,4097,11147.0,9996.0,3005.0,3003.0,85.7,0,-143623.4591098962,-26657.994587759124
4875.0,15278.0,1833.0,4484.0,2041,2252,3332,3998,9499.0,11478.0,922.0,1691.0,85.8,0,-149798.35237442263,-27514.50129717641
33860.0,44554.0,3074.0,5110.0,46,145,0,35,27373.0,25170.0,21758.0,24276.0,85.9,0,-118479.08688948042,-6514.703552265968
56852.0,98164.0,3924.0,5460.0,270,251,86,94,60916.0,56407.0,35800.0,37007.0,85.9,0,-86563.28854103996,20601.233753604265
1247.0,5535.0,612.0,2007.0,1858,3233,3042,4904,6829.0,12547.0,439.0,753.0,85.9,0,-153628.50210665967,-28554.07207732695
37948.0,63669.0,11722.0,19338.0,110,129,152,85,41857.0,40409.0,15699.0,29487.0,86.0,0,-105880.561163594,-4757.688601957692
29456.0,55969.0,4090.0,5391.0,255,208,156,112,30405.0,28729.0,19872.0,23613.0,86.1,0,-118993.23109446868,-5846.889643250903
591720.0,747485.0,48475.0,67858.0,1360,1308,248,155,968721.0,803190.0,329287.0,274834.0,86.1,3,710859.2267382185,693172.9135453941
400724.0,520440.0,224435.0,322525.0,385,571,427,146,328117.0,267767.0,134920.0,135447.0,86.1,0,376015.2424435148,86146.2265791286
61012.0,96949.0,18578.0,29102.0,608,242,10,82,52544.0,48032.0,44165.0,37007.0,86.2,0,-75426.55808899997,9346.732510419411
41324.0,64738.0,156978.0,246807.0,6042,4941,7801,7401,24680.0,22099.0,6339.0,5736.0,86.2,0,-18364.322131493245,-114759.9541139566
13122.0,26796.0,1678.0,3491.0,5985,6029,8020,7796,18931.0,19119.0,2997.0,2956.0,86.2,0,-141335.61575792602,-20907.994152158823
213157.0,309742.0,15062.0,25313.0,291,352,253,114,219638.0,181345.0,95230.0,84274.0,86.3,0,84597.9220582874,136330.38624746454
57260.0,103532.0,14171.0,22841.0,97,111,0,44,46790.0,44461.0,22712.0,35813.0,86.3,0,-90669.63679127916,-473.6708322687409
14112.0,25669.0,4073.0,9365.0,4604,4800,5796,6284,18095.0,17665.0,6584.0,4954.0,86.3,0,-138082.8303584381,-21182.915832827224
8113.0,15406.0,2511.0,4713.0,2826,2666,4391,4461,11466.0,12564.0,2538.0,2592.0,86.3,0,-146404.04697051435,-26082.37685152215
4783.0,23002.0,1227.0,3430.0,1428,1659,2296,2746,6197.0,7221.0,342.0,1294.0,86.3,0,-152010.0059170041,-29524.867731832182
206646.0,289295.0,11470.0,18384.0,225,253,642,259,212579.0,175639.0,85803.0,69837.0,86.4,0,70965.88790561134,128273.85439950538
6675.0,18576.0,2143.0,5008.0,4190,4586,4685,5235,10177.0,10790.0,285.0,711.0,86.4,0,-148893.86962686255,-27820.59754697412
5439.0,15579.0,628.0,2792.0,2458,2767,3020,3398,7011.0,7847.0,1318.0,1472.0,86.4,0,-151402.14502801967,-28237.80991806757
1046.0,4769.0,37.0,448.0,112,111,160,160,6418.0,8917.0,532.0,1063.0,86.4,0,-154227.2330319691,-28356.46970175287
597313.0,740375.0,41604.0,61107.0,1824,1680,624,248,743472.0,556257.0,290878.0,231540.0,86.4,3,587214.7807170759,531638.9394818748
77499.0,115814.0,32338.0,51293.0,369,280,443,180,65195.0,58738.0,59915.0,41087.0,86.4,0,-47141.227775978885,14900.075441790246
14026.0,23005.0,4480.0,9085.0,3705,3773,4375,4214,13260.0,13244.0,1283.0,3161.0,86.5,0,-142203.36837787347,-27004.60591603731
3795.0,7829.0,3124.0,6234.0,2521,2338,3752,3977,8589.0,9006.0,839.0,2645.0,86.5,0,-149667.83612192885,-28711.35012448489
4326.0,13314.0,151.0,770.0,0,0,137,119,8521.0,9103.0,4357.0,3585.0,86.5,0,-150127.23202547664,-25301.74553080344
671843.0,855627.0,31067.0,46261.0,575,816,482,280,907360.0,711068.0,339809.0,291865.0,86.5,3,710020.4223000949,667247.5459121902
49804.0,73303.0,10931.0,16951.0,0,80,61,139,42378.0,36663.0,19892.0,27625.0,86.6,0,-100024.88592312978,-3241.6962916558405
2113.0,8871.0,631.0,2346.0,444,1158,453,1232,1580.0,4087.0,676.0,877.0,86.6,0,-155530.3836855038,-31826.720083572985
2274.0,8590.0,223.0,1838.0,991,2326,1340,2620,3877.0,7894.0,430.0,938.0,86.7,0,-154791.40906799768,-30220.471888218835
9795.0,17947.0,2015.0,5409.0,1885,2185,2805,3446,9348.0,11156.0,0.0,1082.0,86.7,0,-148144.13377186068,-28529.70747487988
1157780.0,1342670.0,2012770.0,2837860.0,3071,2510,785,718,395746.0,321881.0,172832.0,137512.0,86.7,3,1965764.853246332,-1026825.2712641672
6224.0,14409.0,2332.0,3999.0,3047,3212,4289,4288,11846.0,13004.0,2832.0,2600.0,86.8,0,-147020.04986947277,-25482.75338387555
1917.0,12637.0,629.0,3127.0,517,1440,737,2063,1625.0,4903.0,763.0,1273.0,86.8,0,-155509.0806652505,-31683.6022918937
7665.0,16778.0,2447.0,4622.0,3442,3398,4780,5266,12982.0,13872.0,2853.0,3793.0,86.9,0,-145678.39778420026,-24729.22625857088
331340.0,463479.0,20169.0,30761.0,1109,667,308,197,506332.0,410926.0,115245.0,108744.0,86.9,0,276250.04393772164,319039.15663841576
114672.0,154901.0,122786.0,189972.0,5941,6058,7052,7063,23007.0,20897.0,5085.0,5620.0,86.9,0,-13171.837405779195,-99664.12247780156
106998.0,145448.0,41952.0,55885.0,397,282,0,25,93752.0,84977.0,64510.0,66739.0,86.9,0,-10611.226707743772,31046.87430414164
490225.0,641136.0,92597.0,131270.0,954,546,981,318,292812.0,254801.0,151859.0,143288.0,87.0,0,312951.7410543442,149146.02630089084
1308.0,6003.0,1405.0,4415.0,1745,3359,1779,3316,3618.0,7574.0,361.0,1580.0,87.0,0,-154429.61289284244,-30989.06838368654
1606.0,9823.0,317.0,1525.0,469,1811,670,2092,1744.0,5608.0,123.0,27.0,87.0,0,-156192.06721144076,-31860.898917978127
4377.0,11492.0,1438.0,4597.0,3618,3704,4065,4598,10465.0,11478.0,1891.0,1891.0,87.1,0,-149452.23928082714,-26184.27144472299
15079.0,24094.0,1608.0,3850.0,5532,5643,7565,7621,20523.0,20462.0,4390.0,4723.0,87.1,0,-139129.06852002395,-19117.245719626782
3329.0,9614.0,839.0,1375.0,1535,1650,2114,2262,6645.0,7132.0,875.0,1259.0,87.1,0,-152479.1292806265,-28686.01103572948
32853.0,50659.0,14782.0,26648.0,484,234,219,182,29770.0,29261.0,13731.0,21815.0,87.2,0,-112997.67847385629,-16047.2933248685
30162.0,58459.0,1709.0,2892.0,388,188,0,0,26515.0,27444.0,13901.0,25009.0,87.2,-1,-124137.2646665965,-9131.527972975511
32049.0,50232.0,14044.0,25974.0,146,163,270,186,35065.0,34640.0,11146.0,22766.0,87.3,0,-112284.01088691718,-13115.429347037443
11823.0,19178.0,2554.0,6480.0,2619,2691,3886,4100,12192.0,12495.0,4240.0,4386.0,87.4,0,-143674.05211523027,-24890.386850525327
12155.0,30233.0,1459.0,3292.0,4001,4218,5882,6284,13608.0,14546.0,594.0,2650.0,87.4,0,-145215.19008698,-25134.087991319742
2635.0,16341.0,0.0,647.0,70,0,121,0,2458.0,4133.0,82.0,582.0,87.5,-1,-155616.2998177865,-31204.418594661933
5051.0,12863.0,1029.0,2592.0,0,0,133,87,7487.0,5841.0,1024.0,1100.0,87.5,0,-151234.1779464407,-28351.22967701951
507927.0,668458.0,50137.0,71344.0,954,1064,0,151,596469.0,489680.0,252686.0,195171.0,87.5,3,471537.84322995855,417280.7134801475
2486.0,11043.0,1383.0,4140.0,1541,2794,2320,4314,5369.0,9519.0,512.0,2057.0,87.5,0,-153056.79107104693,-29803.31626489276
15125.0,30750.0,2691.0,4936.0,3973,3902,6343,6576,16354.0,17221.0,3262.0,4022.0,87.5,0,-140751.6979611978,-23023.5380032326
5360.0,16196.0,877.0,2345.0,2573,2979,3064,3511,7258.0,7445.0,950.0,1564.0,87.6,0,-151275.0641951171,-28372.47528483949
31644.0,43238.0,2324.0,4375.0,106,80,0,23,34624.0,34238.0,34535.0,27127.0,87.7,0,-111559.93793314933,4503.597876156211
12934.0,26266.0,2878.0,4736.0,2871,2934,4628,4482,12781.0,12370.0,3806.0,4672.0,87.7,0,-142852.3314288313,-24928.249210855687
17704.0,34283.0,18856.0,32397.0,1870,1983,2803,2783,7212.0,7559.0,1876.0,2080.0,87.8,0,-133419.88348958775,-40020.17859796886
82951.0,131313.0,6488.0,9280.0,198,116,0,162,82000.0,73621.0,64860.0,53068.0,87.8,0,-51846.00279029041,45397.457622992326
21657.0,43105.0,7369.0,12870.0,2223,2097,6046,6644,16724.0,17159.0,1985.0,6242.0,87.8,0,-134874.5015507564,-26329.844250041257
6705.0,9478.0,3088.0,3262.0,3068,3216,3945,3701,10708.0,10151.0,2488.0,1866.0,87.8,0,-147034.1101331227,-26971.162937257905
3345.0,8136.0,1196.0,2884.0,1736,2188,2527,2931,6614.0,7714.0,890.0,1189.0,87.8,0,-152242.35656713083,-28934.91549464728
1432.0,8679.0,654.0,3022.0,604,1430,648,1813,1923.0,4908.0,845.0,1950.0,87.8,0,-155440.20418929195,-31336.58897345307
1898.0,11736.0,509.0,2867.0,1414,2312,1580,2701,3852.0,6778.0,177.0,584.0,87.8,0,-154896.00094879794,-30554.16503417444
67105.0,99997.0,11291.0,19246.0,0,98,33,78,39039.0,34618.0,29487.0,24639.0,87.8,0,-91032.79162941792,-3156.422779388893
121273.0,186744.0,1083670.0,1639030.0,3541,3457,7725,7578,19942.0,19804.0,8629.0,6876.0,87.8,0,653171.2956578772,-703610.9908425853
58827.0,84521.0,42216.0,68265.0,601,288,241,191,64584.0,61003.0,39329.0,45964.0,87.9,0,-55222.47342335858,1669.5506648945411
2492.0,7716.0,394.0,1088.0,1087,2265,1445,3454,3651.0,8707.0,1505.0,1425.0,88.0,0,-154227.3247993283,-29955.494471389844
2840.0,15378.0,427.0,2298.0,1218,2767,1527,3831,4351.0,10381.0,155.0,517.0,88.0,0,-154358.9939646122,-30268.336277111383
5013.0,10556.0,1507.0,4094.0,1733,1905,2632,2778,6736.0,6544.0,1424.0,2107.0,88.0,0,-150976.32551095198,-28789.78278132648
922.0,4832.0,1268.0,4950.0,1251,1927,1677,2646,4198.0,6829.0,0.0,0.0,88.1,0,-154754.91738887283,-30916.117324382023
444396.0,617707.0,158733.0,219772.0,610,358,118,109,250083.0,205395.0,156801.0,117312.0,88.1,0,319132.4491911519,81488.56543009097
42115.0,63291.0,3328.0,5641.0,424,202,0,26,30869.0,30436.0,18378.0,24782.0,88.2,0,-114529.64427750744,-6337.565418455921
71662.0,97974.0,5729.0,8545.0,496,191,384,129,50830.0,44012.0,38584.0,34595.0,88.2,0,-83075.24472736928,12909.977360468563
5563.0,11014.0,2432.0,4788.0,1073,810,2260,2237,5903.0,6286.0,2215.0,1750.0,88.2,0,-150242.98272950982,-29658.667449335237
5804.0,9183.0,1620.0,2813.0,3198,3235,4817,4861,13216.0,13206.0,2041.0,2222.0,88.3,0,-147404.78745309837,-24533.664051337284
906.0,3607.0,1196.0,4635.0,1707,2420,2407,3623,5126.0,7712.0,673.0,1607.0,88.3,0,-153939.47518934976,-29741.47442606032
10990.0,19572.0,2200.0,4891.0,2672,2890,3588,3936,10141.0,10832.0,1590.0,2508.0,88.3,0,-146399.79156081166,-27324.90220450682
89354.0,116653.0,5443.0,8505.0,0,112,443,182,61250.0,53578.0,47451.0,37713.0,88.4,0,-67664.7480726544,22749.717511770566
4452.0,11037.0,1642.0,3488.0,1087,1235,1941,2154,5105.0,5357.0,954.0,1309.0,88.5,0,-152124.72251326084,-30195.70491764776
10262.0,23393.0,1975.0,4732.0,2095,2114,3443,3569,11393.0,11373.0,1313.0,2942.0,88.5,0,-146337.74172051967,-26391.148367621918
145204.0,223862.0,15617.0,24125.0,275,319,0,87,156836.0,139368.0,91424.0,82354.0,88.6,0,27193.31728238202,98783.88482183775
14278.0,26632.0,2236.0,2733.0,5127,5243,7043,6680,18638.0,17521.0,3145.0,4520.0,88.7,0,-140359.88598731832,-21207.19576174499
48772.0,69579.0,6097.0,9097.0,297,207,58,50,40779.0,37086.0,31639.0,31736.0,88.7,0,-99651.2997448965,4437.867593478015
2279.0,12012.0,374.0,2193.0,124,21,270,209,1766.0,4076.0,17238.0,40758.0,88.7,0,-144405.82168644926,-18208.849458347577
81126.0,113010.0,14793.0,23719.0,309,225,345,222,69324.0,65413.0,34660.0,47191.0,88.7,0,-64459.8742803263,18672.69543503661
127647.0,196751.0,8860.0,12428.0,650,461,147,101,105863.0,92416.0,38623.0,44441.0,88.8,0,-31917.7741796849,43697.97981658424
2458.0,5711.0,496.0,2641.0,97,28,118,60,2018.0,4816.0,13183.0,24936.0,88.8,0,-147630.52044807485,-22378.80474244733
34848.0,61078.0,11111.0,20949.0,125,56,98,45,46700.0,44549.0,16849.0,31469.0,88.8,0,-104713.89438181052,-310.0110535384483
18804.0,29436.0,889.0,2090.0,4960,5180,5996,5920,16981.0,16587.0,1225.0,2874.0,88.8,0,-141101.8492025956,-22775.473616387462
59934.0,98240.0,108613.0,158148.0,2865,3035,7166,7037,17290.0,16785.0,9104.0,7860.0,88.8,0,-46193.394764346085,-88774.60137287
6504.0,17222.0,1452.0,3882.0,450,1318,1137,2443,3488.0,7040.0,2660.0,2365.0,88.9,0,-151383.99253174412,-30348.21762970109
22874.0,39803.0,2519.0,3655.0,4867,5014,6813,6861,20631.0,19455.0,4381.0,4965.0,89.0,0,-135234.25580429073,-20093.64615759562
63818.0,91342.0,14818.0,24667.0,490,266,19,29,71771.0,67466.0,57818.0,59083.0,89.0,0,-60378.43576712087,32953.72757778804
8349.0,12041.0,2109.0,4423.0,3265,3485,4362,4618,11807.0,11759.0,685.0,1781.0,89.0,0,-147216.64837772577,-26537.8418321522
292990.0,418242.0,18873.0,28218.0,206,364,326,213,199252.0,174375.0,141524.0,102384.0,89.0,0,130105.18472950542,138191.77148867343
1277.0,8378.0,1156.0,5247.0,1504,2725,1958,3590,4824.0,8844.0,1018.0,1882.0,89.1,0,-153790.26635738503,-29743.41792621555
161720.0,245910.0,22330.0,34381.0,494,277,67,64,154390.0,138164.0,57017.0,61368.0,89.2,0,22141.18733745636,74144.0890002706
12443.0,31351.0,1744.0,3091.0,3451,3733,4619,5036,13032.0,14117.0,3080.0,3427.0,89.3,0,-144147.3028745572,-24530.63376776761
12108.0,29472.0,2379.0,4368.0,4200,4419,5290,5475,16861.0,16929.0,3548.0,2961.0,89.3,0,-142003.43318955743,-22363.995138005797
1568.0,4267.0,312.0,1026.0,204,127,131,103,4151.0,6877.0,4189.0,4410.0,89.3,0,-153072.8906563364,-27924.9301595126
767309.0,863576.0,96499.0,129778.0,1526,1323,424,282,1415090.0,1031000.0,414776.0,331260.0,89.3,3,1055841.322679413,978768.021448434
2165.0,10453.0,1804.0,3817.0,1108,1660,1962,2862,6304.0,8590.0,2114.0,2121.0,89.3,0,-151878.12099249038,-28773.599222467423
94338.0,141478.0,15333.0,26022.0,553,231,272,141,69389.0,58303.0,57707.0,50182.0,89.3,0,-49763.29181236832,27666.38379070985
10280.0,22138.0,2676.0,5168.0,8785,9355,10299,11223,24917.0,24882.0,2838.0,4294.0,89.3,0,-138992.1464187547,-17414.004758419655
773257.0,931742.0,84759.0,114574.0,2244,1688,430,269,649366.0,474674.0,233088.0,163637.0,89.4,3,616737.8051338289,398462.40620752965
37369.0,57706.0,4325.0,6067.0,248,147,124,143,32988.0,30287.0,14602.0,22640.0,89.4,0,-116493.83919629456,-7243.025969325001
5256.0,11514.0,1872.0,3927.0,2978,3081,3926,4334,10109.0,11313.0,1176.0,1414.0,89.4,0,-149278.8052937231,-27115.31799697341
4101.0,11784.0,188.0,1737.0,155,102,171,137,3966.0,4945.0,4510.0,4910.0,89.4,0,-152023.0330907452,-27913.588982535344
2093.0,8539.0,0.0,2028.0,195,167,48,0,3229.0,6583.0,20672.0,32015.0,89.4,-1,-143919.62816512786,-16998.43947411892
464001.0,633311.0,75456.0,122026.0,1454,1119,237,196,534479.0,450081.0,155659.0,150841.0,89.4,0,401680.3749116719,317217.24195986066
4973.0,10934.0,2128.0,5684.0,2388,2669,2743,3166,7876.0,8902.0,769.0,824.0,89.4,0,-150452.15201950955,-28937.30813539832
11221.0,31159.0,3874.0,7498.0,2643,2871,3867,4135,9822.0,11221.0,223.0,2780.0,89.4,0,-145762.82164249293,-29121.85503173257
33099.0,54926.0,12218.0,18754.0,131,186,0,58,36074.0,36554.0,22034.0,24380.0,89.5,0,-108438.3764525452,-6572.2445460973
6515.0,22869.0,1033.0,2175.0,2856,3358,3891,4567,9100.0,10986.0,1248.0,3273.0,89.5,0,-149536.34851723484,-26979.777409142574
4445.0,13233.0,822.0,2695.0,2548,2779,3570,4109,10365.0,11413.0,0.0,503.0,89.5,0,-150771.1338318517,-26881.66600567425
11038.0,22418.0,4160.0,5227.0,4643,4892,5696,5533,17286.0,17111.0,4504.0,3845.0,89.6,0,-140554.10284383918,-22600.30713578533
6651.0,10659.0,4035.0,7048.0,2966,3227,3787,3934,11470.0,12356.0,1877.0,1957.0,89.6,0,-146273.14630122753,-27322.47476148496
68540.0,83399.0,5856.0,7680.0,191,115,509,227,45680.0,43668.0,26475.0,34480.0,89.6,0,-91071.63234502662,4678.026358239982
2325.0,7926.0,1026.0,2275.0,856,2055,1074,2806,2970.0,8140.0,2440.0,2425.0,89.6,0,-153695.85525202664,-30219.882131986116
4409.0,17114.0,1041.0,3136.0,2551,3715,3487,4946,7906.0,11676.0,0.0,604.0,89.6,0,-151730.54107174624,-28555.58562650935
237912.0,327863.0,24865.0,36755.0,351,596,0,36,190434.0,167123.0,138008.0,121393.0,89.6,0,108816.45930666671,134008.20265472078
70503.0,109101.0,5951.0,10338.0,92,123,0,87,58602.0,53051.0,50104.0,48584.0,89.7,0,-73875.24697855611,24838.304467261707
7543.0,16338.0,1738.0,3310.0,4239,4550,5353,5539,11319.0,10999.0,451.0,2551.0,89.7,0,-148008.55728749096,-26534.17324728524
2663.0,8025.0,648.0,2040.0,852,1845,974,2250,2020.0,6641.0,2157.0,2345.0,89.7,0,-154361.435471562,-30737.013758161847
1506.0,5712.0,926.0,3432.0,1265,2490,1950,3300,5450.0,9864.0,0.0,673.0,89.7,0,-154102.1004237771,-29839.09270261956
3694.0,14134.0,1000.0,2881.0,980,1439,1084,1895,2932.0,5286.0,155.0,988.0,89.8,0,-154194.85955289044,-31506.04712960169
255034.0,350676.0,17713.0,27135.0,527,428,0,110,212314.0,182787.0,115568.0,97790.0,89.8,0,109489.89063182184,138015.97594980802
54097.0,88907.0,2959.0,4626.0,572,237,239,105,63310.0,57604.0,49130.0,41293.0,89.9,0,-81816.83832676779,29181.066477052944
9820.0,21389.0,1862.0,3134.0,4201,4110,6055,6436,14791.0,16546.0,2958.0,2569.0,89.9,0,-144496.93540931708,-23508.190899173685
7894.0,14807.0,2732.0,5785.0,2646,2783,3437,3857,9375.0,10489.0,2420.0,2295.0,89.9,0,-147366.45468035055,-27628.28510985561
6381.0,10561.0,1064.0,2053.0,2180,2036,2874,2797,8789.0,7749.0,1594.0,2627.0,90.0,0,-149666.74876377598,-27147.50687438764
8349.0,13222.0,3052.0,4420.0,4725,4697,6689,6835,16377.0,15988.0,1150.0,2657.0,90.0,0,-144216.70378584688,-23900.37664542735
20229.0,36991.0,3798.0,7196.0,234,90,215,80,30798.0,33183.0,12177.0,21973.0,90.1,0,-125843.34258237186,-8307.329983122
1114.0,5357.0,0.0,836.0,49,0,212,148,4502.0,8198.0,954.0,1415.0,90.2,0,-154888.5683667929,-29315.363607839496
3133.0,11427.0,590.0,1583.0,133,36,257,140,8174.0,9279.0,621.0,1010.0,90.2,0,-152172.7261331855,-27699.95412395255
522075.0,658600.0,48334.0,71404.0,1321,1025,210,90,798190.0,673605.0,264478.0,271532.0,90.2,3,581027.3951509582,562240.2866717388
1037.0,5809.0,113.0,1029.0,168,89,61,34,1389.0,4857.0,206.0,2154.0,90.2,0,-156428.06327986825,-31545.31176854398
3626.0,14974.0,1354.0,5215.0,1253,1455,1718,2276,4876.0,6579.0,98.0,826.0,90.2,0,-153141.94702586933,-30543.370380534965
4606.0,15097.0,2600.0,5477.0,1263,2282,1576,3219,5224.0,9822.0,2858.0,2915.0,90.3,0,-150440.91937754204,-29676.285341881285
38149.0,55225.0,6419.0,9720.0,49,197,213,135,34032.0,29895.0,35481.0,26277.0,90.4,0,-106093.15212644622,1396.669654059795
35379.0,55516.0,11827.0,19421.0,385,194,0,48,34318.0,31355.0,29891.0,21622.0,90.4,0,-106014.62285311717,-4731.2354080006335
43375.0,72192.0,7309.0,11732.0,3292,3077,6814,6797,14522.0,14044.0,3847.0,3561.0,90.4,0,-126662.93304006802,-28743.885372377867
4676.0,9029.0,1955.0,3123.0,1371,1118,2075,2110,5904.0,5906.0,1229.0,1465.0,90.4,0,-151334.63241262984,-29761.07865748431
9635.0,13115.0,3318.0,4930.0,2086,1942,2787,2788,7870.0,7979.0,3154.0,2429.0,90.4,0,-146641.5524683519,-28732.49078434521
3063.0,6082.0,9535.0,14620.0,0,0,242,216,5941.0,6085.0,2208.0,1561.0,90.4,0,-146375.92371056697,-33968.81084844997
1772.0,6288.0,2258.0,6399.0,76,30,259,232,6024.0,6346.0,413.0,669.0,90.4,0,-152667.43997598824,-30160.077870164507
2922800.0,2163310.0,3518080.0,2266630.0,4563,2438,2215,835,872533.0,624684.0,535012.0,344328.0,90.4,2,4102840.695349354,-1599980.149107315
8037.0,23121.0,3379.0,6838.0,2371,2670,3453,3813,7683.0,7269.0,1412.0,1233.0,90.5,0,-148130.6604293175,-29706.72492188417
47032.0,73679.0,2731.0,5675.0,182,172,294,121,36794.0,34001.0,17610.0,27954.0,90.5,0,-110140.03017773703,-2348.321647252753
37829.0,60330.0,8572.0,17575.0,494,308,0,125,39827.0,36281.0,26089.0,22945.0,90.5,0,-106011.26666558844,-746.7395131427074
1779.0,12096.0,92.0,1525.0,151,78,124,34,2552.0,6387.0,343.0,788.0,90.7,0,-155736.39454409585,-31006.583222248315
3959.0,12565.0,0.0,1328.0,260,140,73,9,9915.0,10980.0,1386.0,1676.0,90.7,0,-151090.50115941963,-25855.08133929901
613391.0,707644.0,50343.0,65103.0,2600,1942,444,122,1155330.0,882370.0,404622.0,296346.0,90.7,3,835674.0413166379,843643.2992327206
235813.0,329890.0,15986.0,22698.0,613,460,329,185,272233.0,228553.0,92448.0,86333.0,90.7,0,117459.16091261772,166695.6451375323
1822.0,8477.0,885.0,3409.0,605,1776,876,2356,1833.0,4437.0,766.0,1277.0,90.7,0,-155275.44332552588,-31704.48264387054
56705.0,91348.0,5403.0,8233.0,0,38,87,72,58941.0,58176.0,26727.0,42430.0,90.7,0,-89156.27479265067,15496.974394119889
44327.0,66761.0,4476.0,9718.0,454,186,422,187,53519.0,50081.0,41640.0,36941.0,90.8,0,-92498.28260178166,18832.196406613035
5069.0,14345.0,2540.0,5221.0,2763,3067,3790,4140,11199.0,11918.0,969.0,2251.0,90.8,0,-148373.98153800765,-26786.04246812473
21316.0,35575.0,15040.0,24173.0,294,171,134,67,23266.0,21770.0,13208.0,19007.0,90.8,0,-121024.58798787316,-20242.00343109882
174455.0,258154.0,40349.0,64821.0,758,572,187,72,124030.0,103904.0,63135.0,58006.0,90.9,0,27946.74687692552,44835.25479919091
7674.0,15011.0,2746.0,7079.0,3138,3136,4434,4694,11408.0,12407.0,1359.0,2095.0,90.9,0,-146944.8378654895,-26812.69786015292
61151.0,84762.0,13406.0,19078.0,204,151,125,67,53995.0,49430.0,48911.0,39442.0,90.9,0,-76228.73318049363,15885.115634649472
15201.0,17026.0,3414.0,5636.0,3022,2925,4352,4118,11614.0,11275.0,865.0,1977.0,90.9,0,-143505.80461075532,-27817.31225315308
46692.0,68414.0,12450.0,20124.0,195,138,368,183,39434.0,35037.0,30117.0,27462.0,90.9,0,-97823.7973404415,-1589.7160660053232
77903.0,135520.0,21002.0,34597.0,641,354,39,55,64778.0,58277.0,43721.0,45688.0,90.9,0,-60387.01602191136,15669.406923413942
3192.0,10002.0,48.0,328.0,151,87,174,124,9919.0,13230.0,4084.0,4980.0,90.9,0,-149956.61561869792,-24170.170590515045
1029.0,6495.0,259.0,1177.0,95,0,96,0,8493.0,16317.0,3171.0,6173.0,90.9,-1,-151527.8789141535,-25253.8264172511
2384.0,14979.0,0.0,189.0,167,35,105,0,10249.0,18465.0,2678.0,5096.0,90.9,-1,-150679.05519688188,-24447.72191496726
2329.0,7399.0,501.0,1505.0,177,53,261,180,5222.0,6319.0,4568.0,4217.0,90.9,0,-152032.31572662338,-27287.486680792248
2714.0,14980.0,0.0,0.0,167,45,90,0,7261.0,18235.0,28783.0,56847.0,90.9,-1,-135718.19948985486,-7099.344925441623
727509.0,774451.0,86562.0,43360.0,2017,623,703,238,1865570.0,587155.0,790074.0,286217.0,90.9,3,1368578.2877944238,1422669.702369952
1079.0,5776.0,808.0,3282.0,213,160,182,117,2010.0,4124.0,6319.0,13758.0,91.0,0,-151928.54369252,-27164.15935778777
546213.0,697250.0,93421.0,131420.0,1692,1440,564,211,716515.0,582561.0,291694.0,237667.0,91.0,3,590993.9582907578,486708.8074077599
6802.0,20824.0,1550.0,4428.0,3318,3219,4517,4426,10436.0,10160.0,4059.0,5017.0,91.0,0,-147199.9244499644,-25017.802811134152
42105.0,76494.0,12021.0,20139.0,284,213,81,117,43943.0,40390.0,34131.0,33309.0,91.0,0,-95745.8031187279,4450.559738427251
68924.0,93510.0,9041.0,12710.0,3636,3815,9595,9161,23507.0,21633.0,10387.0,9151.0,91.0,0,-107829.3288064184,-22162.95694332256
8936.0,10090.0,1920.0,3423.0,2685,2932,4157,3898,10684.0,9786.0,1825.0,1580.0,91.1,0,-147219.2902343885,-26721.282010963103
1716.0,9489.0,1400.0,6581.0,490,999,804,2008,2260.0,5610.0,559.0,1292.0,91.1,0,-154845.55426876113,-31835.467474933863
2955.0,15366.0,1546.0,6774.0,1449,2067,2003,2993,5383.0,8118.0,352.0,431.0,91.1,0,-153010.9509647191,-30256.044667419337
10900.0,16683.0,2617.0,3484.0,1505,1532,2337,2372,6240.0,6507.0,1280.0,831.0,91.3,0,-148237.81083791074,-30448.574522025443
2994.0,8938.0,1910.0,6308.0,1263,1492,1546,1973,4873.0,6664.0,0.0,279.0,91.3,0,-153123.6313290928,-30982.59496202476
7164.0,18333.0,3369.0,7251.0,2827,3172,3816,4213,10676.0,11992.0,1927.0,3810.0,91.3,0,-146628.630043582,-27121.156142679607
18474.0,42236.0,937.0,3744.0,6084,6288,9194,9098,24882.0,24559.0,3747.0,6267.0,91.3,0,-136275.93320634143,-16179.104231062844
875.0,5407.0,0.0,1429.0,65,0,147,81,1915.0,6256.0,9193.0,25654.0,91.3,0,-150049.56224092972,-23588.540659232705
75370.0,131831.0,2856.0,6118.0,106,172,93,96,70092.0,63634.0,40559.0,44970.0,91.3,0,-72818.57573685718,29145.129788685677
16350.0,33219.0,9959.0,16953.0,41,14,381,230,22986.0,23034.0,8888.0,15559.0,91.3,0,-128723.48206166638,-19271.552198039262
54024.0,83625.0,27823.0,44656.0,436,300,29,128,58136.0,53309.0,40195.0,40792.0,91.3,0,-70370.19989461717,6474.083754091767
96192.0,148452.0,3271.0,5845.0,291,185,93,61,141727.0,116906.0,47705.0,41924.0,91.3,0,-29457.819970005803,75334.19202217476
3015.0,5708.0,525.0,2193.0,527,1153,774,1686,2093.0,4111.0,1541.0,1904.0,91.4,0,-154553.3504307171,-30965.95877352244
4736.0,11702.0,1366.0,4564.0,1888,2383,2819,3786,7350.0,10109.0,568.0,1945.0,91.4,0,-151246.1206273921,-28679.904386789654
157988.0,250592.0,68680.0,86854.0,1010,511,403,150,91126.0,81479.0,81261.0,72676.0,91.4,0,34477.81823472059,17274.20034413943
3555.0,13256.0,1023.0,2646.0,2740,3212,3905,4629,9903.0,11931.0,328.0,597.0,91.4,0,-151071.3017892497,-27088.785340250543
47643.0,72287.0,4365.0,8411.0,435,251,466,146,45154.0,39561.0,36119.0,33003.0,91.5,0,-97523.1413821382,10448.871458450009
602530.0,612268.0,626406.0,706774.0,1972,1837,263,324,302174.0,248773.0,91995.0,81972.0,91.5,3,701958.2235259033,-222336.60983656245
5102.0,9781.0,2305.0,3377.0,3129,3318,3504,3817,8231.0,8915.0,1886.0,1998.0,91.5,0,-149553.8704594247,-28174.070540234497
30850.0,58276.0,88680.0,139445.0,6648,6593,9841,9731,29363.0,28793.0,4583.0,6778.0,91.6,0,-68219.5856830255,-68804.01228691317
6616.0,14786.0,466.0,1486.0,2368,2590,3561,3945,11103.0,11053.0,1941.0,3873.0,91.7,0,-148653.50099277316,-24977.198775963385
53233.0,89191.0,7448.0,11495.0,474,304,0,31,50435.0,48000.0,36714.0,43097.0,91.7,0,-89229.65826092802,13357.54011229055
9010.0,19759.0,2391.0,5866.0,3244,3766,4324,4826,11770.0,12853.0,2245.0,3171.0,91.9,0,-146016.64889744233,-25903.655002860916
61813.0,98229.0,9389.0,15470.0,328,314,332,107,55699.0,51497.0,48744.0,42398.0,91.9,0,-77651.06461571748,19846.2065942348
90100.0,132475.0,9317.0,16580.0,0,68,139,134,70706.0,62501.0,70608.0,52238.0,91.9,0,-50040.13014317122,38294.95124899561
4855.0,10978.0,1453.0,3766.0,1402,1628,2282,2449,5857.0,6055.0,1889.0,1615.0,91.9,0,-151366.33030449678,-29185.78022844641
77607.0,111725.0,7968.0,11513.0,74,217,338,119,68382.0,61451.0,55468.0,49367.0,91.9,0,-63085.24686574978,31671.22177813425
10325.0,27998.0,8452.0,15066.0,4568,4604,6648,6707,18612.0,18310.0,4690.0,3970.0,91.9,0,-137198.9030271434,-24309.781425344925
2355.0,8629.0,0.0,123.0,197,127,1,0,16167.0,18995.0,5352.0,6199.0,91.9,-1,-146896.23027100263,-19405.8929323095
1730.0,11157.0,238.0,1129.0,104,0,219,151,7878.0,15120.0,1149.0,2347.0,91.9,0,-152760.12913331916,-27138.879455326853
1292.0,5725.0,99.0,1354.0,100,75,194,87,3540.0,5479.0,1576.0,2386.0,91.9,0,-154828.66932834778,-29580.598603607697
2664.0,8284.0,758.0,2269.0,1,0,141,20,6262.0,8565.0,25364.0,35007.0,91.9,0,-139684.2941137646,-13145.703691333973
693544.0,751761.0,65713.0,85637.0,3013,2304,171,300,1928400.0,1465190.0,777031.0,645667.0,91.9,3,1409200.991076053,1529904.921754258
5246.0,16348.0,767.0,3242.0,2693,3262,3519,4376,8302.0,9648.0,0.0,0.0,92.0,0,-151474.42346429185,-28284.551042185827
92792.0,141698.0,6114.0,9133.0,465,261,84,118,70883.0,65202.0,49595.0,49922.0,92.0,0,-59116.26753788539,31053.5290713542
336501.0,458877.0,39058.0,52966.0,632,636,7463,6979,170264.0,147312.0,140463.0,124761.0,92.1,0,151240.31473894606,107525.53118268316
18753.0,41231.0,3275.0,7719.0,11681,11931,13686,14158,31931.0,32927.0,5573.0,6900.0,92.1,0,-130597.2276696853,-12334.46970795497
7322.0,18751.0,1017.0,2539.0,2863,3024,4014,4549,10529.0,11258.0,950.0,2216.0,92.1,0,-148816.0545394547,-26413.04030513749
8285.0,14287.0,2095.0,3503.0,1392,2000,1899,2919,5772.0,8953.0,2579.0,2139.0,92.2,0,-149236.30806257197,-29492.777337623123
4100.0,14044.0,291.0,3130.0,665,1827,924,2582,3379.0,8392.0,0.0,118.0,92.2,0,-154484.73010042295,-31009.446057649027
154163.0,219296.0,47036.0,74479.0,435,350,257,197,101163.0,87392.0,83868.0,73346.0,92.2,0,23534.82713134773,38659.293355400645
122803.0,186208.0,51762.0,81750.0,4451,3925,13024,12557,30607.0,29816.0,9193.0,11791.0,92.2,0,-53163.08363059502,-48066.598662763136
1532.0,5233.0,688.0,1460.0,2241,2866,2673,3580,6952.0,9670.0,0.0,173.0,92.2,0,-153638.75494120613,-28821.031504445567
40074.0,61316.0,7228.0,12413.0,0,0,361,219,41067.0,39270.0,30592.0,28953.0,92.3,0,-103040.72988817768,3590.1562019729645
8195.0,13984.0,3352.0,4307.0,3790,3512,4941,4956,12120.0,12819.0,4592.0,2756.0,92.4,0,-144713.25931289612,-25313.529842788088
21007.0,26680.0,4069.0,6432.0,1888,1800,5358,5472,14260.0,14628.0,4670.0,4918.0,92.5,0,-137708.4057385477,-24860.900545198576
82665.0,133494.0,23600.0,36986.0,94,86,83,141,63739.0,55719.0,43485.0,41940.0,92.5,0,-57673.01356631126,12371.936625380968
32645.0,53225.0,6610.0,11365.0,619,190,196,166,39134.0,35950.0,35077.0,30809.0,92.5,0,-105490.38093252154,5417.610450642318
7183.0,19562.0,708.0,2041.0,3687,4217,5269,5870,13635.0,15182.0,1085.0,2027.0,92.5,0,-147656.75239754503,-24217.5513717544
8857.0,10229.0,1735.0,3082.0,2709,2827,4401,3932,11531.0,10394.0,2140.0,3252.0,92.6,0,-146669.6855812982,-25663.38906256538
2721.0,15717.0,4814.0,17794.0,142,120,136,37,6404.0,13053.0,4700.0,8047.0,92.6,0,-147828.07834201428,-28603.653812222696
8103750.0,2287680.0,6060300.0,9417760.0,42080,9684,12533,3005,7985670.0,2357830.0,4529340.0,1159960.0,92.6,1,12764107.797260704,2771651.538653313
11016.0,17756.0,5709.0,5577.0,3659,3615,3997,3842,10761.0,11526.0,486.0,1911.0,92.6,0,-144166.54985511367,-29696.55721732202
8902.0,14097.0,372.0,1551.0,3113,3057,3888,4034,10671.0,10400.0,2543.0,2078.0,92.7,0,-147979.55889308793,-25375.21819710213
48279.0,70273.0,4945.0,9795.0,427,308,59,51,41689.0,38971.0,29173.0,26320.0,92.7,0,-101832.57939053464,3864.490926461931
11953.0,19979.0,4327.0,7703.0,3644,3676,4786,5264,12958.0,12645.0,1234.0,2640.0,92.7,0,-143377.6368422671,-27067.92271432942
37100.0,52454.0,4451.0,7529.0,433,153,396,169,41486.0,37344.0,26759.0,24554.0,92.7,0,-107956.82323605363,3477.2284787619974
36482.0,52214.0,2107.0,2828.0,0,118,338,184,26548.0,23472.0,26761.0,24787.0,92.8,0,-116533.80564334083,-4417.490704310065
13369.0,20592.0,4277.0,7084.0,2606,2886,3816,4056,11633.0,11693.0,3680.0,3137.0,92.8,0,-142467.68463657785,-26861.634131344774
35681.0,61294.0,4207.0,5929.0,3394,3351,8714,8502,20767.0,20448.0,6815.0,6798.0,92.8,0,-127633.60943284477,-20578.45173591608
12234.0,19775.0,2504.0,4469.0,1314,1529,4172,4142,10016.0,9910.0,4513.0,3948.0,92.9,0,-144478.4110444743,-26215.491495389648
30728.0,46186.0,3431.0,4927.0,65,90,140,155,38255.0,37407.0,26461.0,21895.0,92.9,0,-113174.34369766754,1936.7454144099647
32689.0,53365.0,10668.0,17354.0,164,138,118,123,36408.0,35692.0,18702.0,28059.0,93.0,0,-110290.69306580146,-6168.712286045422
154011.0,232563.0,22014.0,33503.0,390,188,59,95,191508.0,162564.0,73983.0,63256.0,93.0,0,41999.05474273607,105734.44119753833
44778.0,59854.0,2331.0,2836.0,249,155,251,111,41909.0,37706.0,34882.0,33468.0,93.0,0,-101962.38908745204,9415.546101776124
35301.0,51748.0,1117.0,3408.0,124,148,0,100,32963.0,30699.0,20856.0,21826.0,93.1,0,-117362.60768868224,-2616.9898529632155
13800.0,29833.0,10913.0,19665.0,3460,3862,4851,5278,14997.0,16445.0,2537.0,4949.0,93.1,0,-136381.64798909886,-29116.008566875476
7700.0,13495.0,1574.0,3725.0,3223,3500,4327,4487,12840.0,12647.0,1959.0,2849.0,93.1,0,-146781.2149974832,-24800.704935086487
12661.0,20421.0,1486.0,4675.0,4634,4353,6462,6158,18298.0,17448.0,4081.0,4692.0,93.2,0,-141327.96062690893,-20426.824220243216
9759.0,23838.0,1833.0,5181.0,1737,1770,3711,4049,9603.0,10109.0,2327.0,3368.0,93.2,0,-147021.18314549737,-26906.298787156094
10484.0,10102.0,4205.0,4284.0,1652,1500,2252,2017,7619.0,6238.0,1608.0,1654.0,93.2,0,-146464.60572396833,-30277.239175851435
85986.0,124532.0,23710.0,38248.0,484,341,381,119,71820.0,64417.0,54205.0,51269.0,93.2,0,-47457.80677767671,23192.20601783076
3916.0,8889.0,2047.0,4328.0,2984,3584,3333,3730,8631.0,9971.0,1460.0,1474.0,93.2,0,-150261.361746,-27945.23405667905
2480.0,7283.0,978.0,3075.0,980,1819,1195,2409,3189.0,5220.0,1588.0,1682.0,93.2,0,-153974.67472480776,-30537.9118267411
2617.0,11912.0,3086.0,8594.0,1191,1748,1660,2458,3457.0,5115.0,1135.0,1627.0,93.2,0,-152515.09510029946,-31898.811094531517
9980.0,28129.0,1847.0,3393.0,2157,2214,3346,3571,9959.0,10600.0,1771.0,2944.0,93.3,0,-147018.79966192757,-27006.932153318656
84326.0,123808.0,12046.0,17903.0,648,297,245,145,77356.0,69147.0,61432.0,62164.0,93.3,0,-49652.81171105568,38903.91143605943
16872.0,30953.0,6802.0,12004.0,230,230,289,166,25749.0,24735.0,13471.0,18040.0,93.4,0,-127439.10680407692,-13255.59904580306
32639.0,50737.0,11794.0,16161.0,228,163,0,111,27991.0,26058.0,22328.0,22001.0,93.4,0,-112755.39664355796,-11645.378748002317
5696.0,12997.0,1558.0,3075.0,2415,2717,3377,3735,10346.0,10757.0,1576.0,2152.0,93.4,0,-148969.70076919268,-26511.468867860876
7865.0,19042.0,2461.0,5076.0,3478,4098,4577,4955,11872.0,12768.0,459.0,2062.0,93.5,0,-147189.62261921383,-26735.689667939598
1402.0,8665.0,362.0,2876.0,5088,9773,5127,9800,11031.0,21383.0,0.0,0.0,93.5,0,-152090.61225894256,-26053.197573493748
10714.0,14604.0,6217.0,8567.0,5166,5299,6749,6580,14246.0,13178.0,4145.0,3090.0,93.5,0,-140862.1545171231,-26062.571409070035
6547.0,9026.0,1692.0,2485.0,2428,2669,3001,3177,8393.0,8332.0,2845.0,2106.0,93.5,0,-148947.0474211225,-27361.554629473023
53583.0,82689.0,3518.0,5404.0,705,327,0,71,44512.0,39939.0,32591.0,29446.0,93.6,0,-97716.35181149669,8136.147016402054
137636.0,210241.0,41205.0,64513.0,154,256,276,180,108568.0,95392.0,54741.0,55363.0,93.7,0,3056.283070912439,32968.69829132306
83783.0,125890.0,4336.0,5760.0,405,324,436,250,67565.0,59398.0,46448.0,46333.0,93.7,0,-67143.83006017239,28761.78575971065
1653.0,5061.0,573.0,1544.0,83,48,96,1,1705.0,4426.0,14097.0,16265.0,93.7,0,-148806.45006390996,-23580.847004494084
143988.0,220996.0,11746.0,17333.0,22,69,0,0,151178.0,133932.0,55225.0,63378.0,93.7,-1,5680.985649094248,79512.83449619912
96778.0,156073.0,6855.0,12597.0,106,161,140,148,102213.0,87339.0,77656.0,69532.0,93.7,0,-30015.210410052867,65060.63802975351
46311.0,65542.0,9729.0,15190.0,52,173,175,89,48980.0,46130.0,33555.0,33288.0,93.8,0,-93551.0124968539,8556.360869148168
88198.0,156755.0,3060.0,4724.0,687,437,282,109,75727.0,65627.0,36221.0,37559.0,93.8,0,-67419.80440020886,28736.63674820325
7636.0,24342.0,938.0,1838.0,2521,2896,3610,4116,10566.0,12192.0,621.0,2194.0,93.8,0,-148850.81260762227,-26502.70314338289
5361.0,10277.0,909.0,3416.0,4206,4471,4854,5266,11534.0,10432.0,1825.0,2173.0,93.9,0,-148919.07498536195,-25221.250133528018
2354.0,8699.0,1397.0,3522.0,2237,2734,3070,3768,6629.0,8056.0,0.0,1117.0,93.9,0,-152838.36461116833,-29371.359965119624
4737.0,14422.0,1364.0,3377.0,3828,4274,5200,5637,12307.0,13557.0,1027.0,1820.0,93.9,0,-148851.43624755717,-25367.959031830946
7086.0,27109.0,2142.0,5864.0,2838,3374,3853,4757,10344.0,12673.0,284.0,701.0,93.9,0,-148656.6742901961,-27743.940208601525
2254.0,9114.0,345.0,2513.0,104,105,196,73,2325.0,6118.0,15663.0,33973.0,94.0,0,-145622.75508270037,-19585.51515129012
65264.0,102599.0,26997.0,45137.0,490,307,285,173,53242.0,49534.0,24705.0,37591.0,94.0,0,-74664.48786537076,-3844.957770940422
7818.0,13284.0,2212.0,4616.0,3692,3892,4808,5163,12074.0,13969.0,1100.0,2334.0,94.1,0,-147018.0593196056,-26135.599888316192
6371.0,14575.0,966.0,2241.0,5226,5967,5806,6675,12497.0,13585.0,165.0,2088.0,94.2,0,-148651.83311315058,-25422.57512501481
20574.0,22227.0,2008.0,2905.0,3342,3833,5658,5410,14828.0,15556.0,2318.0,2492.0,94.3,0,-140223.8174459189,-24556.44322698909
17912.0,29774.0,1857.0,4579.0,3887,3976,6097,6393,19097.0,19693.0,3850.0,5277.0,94.3,0,-138574.64345081337,-20499.07882706799
4988.0,14568.0,1560.0,4740.0,2353,3957,2975,4487,7847.0,12063.0,1442.0,2303.0,94.3,0,-150415.87311880622,-28079.67553017677
5969.0,12909.0,1883.0,3543.0,3404,3266,4521,5042,11692.0,13235.0,2023.0,3058.0,94.3,0,-147743.5681636328,-25547.364601183483
23437.0,40037.0,11518.0,16758.0,3069,2933,4701,4651,14559.0,13767.0,4465.0,3989.0,94.3,0,-131625.62054044873,-29744.158791608734
57014.0,88909.0,5882.0,9225.0,548,221,0,77,34621.0,32373.0,31128.0,24992.0,94.3,0,-100240.86602614528,-1153.4391950397076
3864.0,12684.0,2114.0,5555.0,1597,1857,2553,2955,6776.0,7688.0,1249.0,1461.0,94.4,0,-151156.26251931334,-29248.09236201064
7826.0,11152.0,2360.0,4062.0,2569,2578,3548,3738,8262.0,7842.0,1910.0,1925.0,94.4,0,-148387.95339712917,-28367.08728270288
112281.0,168699.0,32712.0,53195.0,488,352,0,125,83626.0,77753.0,62443.0,61307.0,94.4,0,-20842.57210889264,28363.08336499333
9874.0,17839.0,5920.0,8952.0,8508,8847,9563,9254,19009.0,17362.0,3759.0,2705.0,94.5,0,-139444.0583697027,-23029.88075498395
5651.0,20696.0,1834.0,4578.0,3180,3694,4551,5480,12069.0,14685.0,0.0,2068.0,94.6,0,-148609.80991495316,-26265.0428180206
30893.0,43325.0,1225.0,2239.0,322,205,212,163,33128.0,30522.0,17189.0,21109.0,94.6,0,-120461.97828494303,-3947.425472086554
11997.0,17101.0,1690.0,3226.0,2966,2764,4289,4589,12004.0,12253.0,1438.0,1834.0,94.8,0,-145639.43696164215,-26062.74561587321
104868.0,142738.0,23027.0,35704.0,397,155,0,80,97480.0,87108.0,80838.0,65621.0,94.9,0,-16987.37190022244,52095.973805309884
49367.0,77324.0,9741.0,14278.0,433,250,177,69,43844.0,39443.0,25900.0,28008.0,94.9,0,-98097.97701154556,1043.0894284052447
9044.0,11239.0,1567.0,4590.0,3120,2899,3740,3969,7980.0,8580.0,673.0,2078.0,94.9,0,-148999.61698802712,-28621.181427570504
2025.0,4703.0,520.0,2301.0,1903,2244,2317,2991,6557.0,7689.0,1806.0,1352.0,94.9,0,-152916.6906108547,-28050.88600007385
2007.0,6189.0,846.0,2627.0,1625,3145,2234,3969,5187.0,10328.0,1097.0,2556.0,95.0,0,-153426.81436231916,-29224.84275793044
93527.0,135775.0,15157.0,23596.0,148,139,155,102,38354.0,34888.0,37146.0,31063.0,95.0,0,-74212.85841599225,-3488.9326505145327
7446.0,18554.0,2205.0,5923.0,3391,3825,4600,5195,11643.0,13053.0,1170.0,1878.0,95.1,0,-147402.25665763492,-26423.5905301457
46716.0,71536.0,9940.0,15671.0,285,238,77,83,42301.0,39685.0,26498.0,32916.0,95.2,0,-98901.43877172154,1153.3084055201944
60446.0,93646.0,14983.0,23020.0,3617,3209,8231,8511,19418.0,19514.0,4729.0,7085.0,95.2,0,-111392.11528319473,-30636.865951406253
22259.0,35862.0,4030.0,6822.0,2156,1951,5269,5465,12880.0,13172.0,6374.0,5728.0,95.2,0,-137113.0602724243,-24945.76548865919
3361.0,7029.0,691.0,3213.0,64,6,136,40,1827.0,5067.0,19086.0,36249.0,95.5,0,-143604.32907164056,-18388.098129577786
53989.0,96511.0,15903.0,27010.0,79,122,71,95,55223.0,51844.0,28909.0,39167.0,95.5,0,-84300.52763467838,7122.24360539766
3970.0,10642.0,643.0,2389.0,2675,3196,3899,4698,9548.0,11762.0,180.0,560.0,95.6,0,-151383.25717880408,-27169.63632892181
44358.0,60949.0,4382.0,7571.0,0,129,36,83,39579.0,38215.0,28550.0,31122.0,95.6,0,-104402.4894151311,3648.222333928654
8458.0,15578.0,2382.0,3337.0,2456,2281,2991,3137,8441.0,8238.0,1755.0,1417.0,95.7,0,-148155.59110538915,-28456.588721502507
1694.0,7737.0,1623.0,4836.0,626,1415,971,2372,2763.0,6594.0,1118.0,1635.0,95.7,0,-154223.653088035,-31366.121062971102
3300.0,6756.0,997.0,3178.0,177,155,128,163,21846.0,20342.0,17084.0,11534.0,95.9,0,-138254.39544777258,-10725.270898821484
1581.0,7082.0,224.0,1821.0,70,0,223,131,4556.0,7893.0,2053.0,3283.0,95.9,0,-153876.62368252192,-28691.260925691637
892132.0,964239.0,134304.0,198163.0,2591,2042,418,161,1828930.0,1326300.0,907494.0,588809.0,95.9,3,1534012.8979143342,1456661.6439069302
2990.0,12423.0,1330.0,3828.0,862,1270,1811,2838,5175.0,7601.0,1603.0,2336.0,95.9,0,-152538.7339474034,-29423.526188080537
3835.0,7721.0,513.0,2417.0,351,1062,1139,2581,2979.0,6805.0,18.0,578.0,95.9,0,-154555.94323031302,-31302.35776418342
21812.0,23415.0,8378.0,14649.0,1021,1231,3845,3485,8740.0,8201.0,2937.0,2798.0,95.9,0,-137802.8599761659,-32178.98182781965
17113.0,25506.0,4373.0,5291.0,2815,2704,4796,4876,13649.0,13159.0,3622.0,3225.0,95.9,0,-139967.88661733648,-25898.60228009089
3092.0,5925.0,532.0,1456.0,222,149,8,10,57855.0,43387.0,9697.0,6388.0,95.9,0,-125803.55986102458,8422.11323988526
921.0,5405.0,72.0,493.0,49,0,115,0,5133.0,9092.0,16794.0,37295.0,95.9,-1,-144255.5989133722,-16543.376963784358
808493.0,851234.0,167008.0,166198.0,10362,8062,1338,916,4886340.0,3155190.0,2145720.0,1533830.0,95.9,3,3477070.819791259,4045922.646289475
518.0,2539.0,350.0,2354.0,136,125,156,89,5997.0,11648.0,5325.0,9018.0,95.9,0,-151643.09118077092,-25497.05230270609
32485.0,47949.0,3534.0,5812.0,225,161,199,154,29860.0,29056.0,24204.0,22162.0,95.9,0,-116967.0873382614,-4454.272472397246
27621.0,51800.0,7345.0,14319.0,53,13,0,21,29637.0,28849.0,9652.0,21203.0,96.0,0,-121919.93651684452,-12932.132520239107
2458.0,14047.0,1144.0,4698.0,1236,2208,1631,3115,4540.0,8226.0,1234.0,1888.0,96.0,0,-153363.48479580472,-29901.15304620054
45304.0,75961.0,6406.0,10277.0,110,156,0,0,46697.0,42987.0,26832.0,28435.0,96.0,-1,-100393.02748162075,5674.937726784836
74624.0,125914.0,8682.0,13435.0,0,120,0,93,55651.0,51183.0,37226.0,41536.0,96.2,0,-77275.35799084259,14455.351025732594
18495.0,39124.0,4888.0,9884.0,355,203,175,68,23017.0,23247.0,9510.0,15620.0,96.3,0,-131095.27973757716,-15937.595302308877
8777.0,11448.0,2185.0,3095.0,3201,2975,3771,3949,10634.0,10969.0,1421.0,1580.0,96.3,0,-147272.3656994863,-27079.816547228344
40085.0,72332.0,9387.0,14857.0,13,166,216,134,47741.0,45111.0,33435.0,41960.0,96.3,0,-95844.02388425454,9733.819270717508
4050.0,7997.0,1177.0,3360.0,3201,3675,3995,4973,9190.0,10460.0,2534.0,2735.0,96.4,0,-149998.27143429487,-26399.867211606343
1818.0,9485.0,358.0,1598.0,569,1636,864,2606,1986.0,5886.0,214.0,203.0,96.4,0,-155911.54828545416,-31680.599609722954
44895.0,63572.0,2935.0,6152.0,421,150,358,146,33398.0,31258.0,19076.0,24303.0,96.4,0,-112324.94019308954,-4455.594435181953
131063.0,192513.0,3762.0,5546.0,454,280,86,151,141920.0,125398.0,69377.0,66079.0,96.4,0,-3701.0685464256394,85851.85660906047
29452.0,44391.0,2157.0,4344.0,0,17,0,31,24636.0,21650.0,18129.0,20951.0,96.6,0,-123910.88276090148,-9439.388746015393
469903.0,406227.0,621610.0,814178.0,1326,668,393,342,220479.0,181215.0,151430.0,109340.0,96.6,0,632894.4259879546,-233028.36464716817
7530.0,14351.0,2756.0,4579.0,2249,2296,3457,3461,10661.0,11075.0,2385.0,3123.0,96.6,0,-146828.35677056748,-26688.003622393247
9896.0,18911.0,2277.0,3785.0,2171,1881,2958,3229,9976.0,9235.0,1558.0,2039.0,96.7,0,-146942.00021294228,-27496.24364503454
32269.0,50758.0,4593.0,6056.0,508,299,156,85,38417.0,33748.0,29423.0,26743.0,96.7,0,-109961.11738321444,3230.0582730494098
6928.0,11996.0,1821.0,2765.0,2240,2483,3250,3412,9183.0,8978.0,720.0,1839.0,96.8,0,-149163.86105283102,-27901.557817910536
309584.0,423728.0,30633.0,44393.0,557,253,4404,4112,147694.0,120538.0,116634.0,100436.0,96.8,0,112352.72665143709,86383.92873124509
2143.0,11563.0,599.0,1978.0,1193,2563,1668,3296,3960.0,8587.0,381.0,861.0,96.8,0,-154574.92948873044,-30427.853450349063
9463.0,21340.0,2899.0,5555.0,3078,3513,4179,4635,11171.0,12193.0,1216.0,1661.0,96.9,0,-146321.461313794,-27305.077856818487
5810.0,21634.0,1580.0,5906.0,2020,2152,2824,3331,8453.0,10108.0,922.0,1510.0,96.9,0,-150085.2793315011,-28108.025791350014
30908.0,51280.0,7690.0,14217.0,381,193,216,107,38957.0,35714.0,30970.0,25949.0,96.9,0,-107665.94321850626,2237.494576211906
24249.0,42514.0,23884.0,35812.0,1662,1557,4914,4670,12497.0,11709.0,3986.0,3885.0,97.0,0,-123875.8706247523,-39080.411726397375
10369.0,23584.0,952.0,1920.0,12101,11927,12541,12776,25695.0,25724.0,2169.0,2387.0,97.0,0,-140273.0908515121,-16429.75231646383
18728.0,28400.0,3379.0,5127.0,5114,5126,6851,6782,18620.0,19536.0,3187.0,4336.0,97.0,0,-137764.33923045965,-22237.730435724105
10686.0,10882.0,3680.0,6349.0,3381,3594,4419,4156,12988.0,11375.0,3536.0,3185.0,97.0,0,-143412.41491915655,-25507.6674190792
1024040.0,1065800.0,849216.0,1073520.0,1780,1094,703,265,333115.0,270682.0,205258.0,161600.0,97.0,3,1094250.0712458852,-309746.7658568474
88939.0,130574.0,9552.0,11964.0,182,310,26,169,80525.0,68597.0,60327.0,52776.0,97.1,0,-49652.6428920122,40203.18639012336
1231.0,4499.0,1778.0,5593.0,1594,2327,2094,3055,6105.0,9267.0,1003.0,1318.0,97.2,0,-152878.493861396,-29417.55209459384
27107.0,34704.0,5264.0,8206.0,171,273,317,130,25161.0,23247.0,10581.0,18000.0,97.2,0,-125646.56663093696,-14545.870249332944
4043.0,11260.0,1532.0,4755.0,737,948,2137,2747,5573.0,7791.0,2044.0,3450.0,97.2,0,-151484.9556518702,-29002.42161044635
2664.0,9747.0,0.0,30.0,149,546,460,1502,1624.0,4923.0,129.0,438.0,97.2,0,-155978.6442020266,-31738.25500776353
9755.0,18661.0,544.0,2275.0,1698,1694,2915,2943,9221.0,10002.0,1620.0,2895.0,97.2,0,-148406.95039259747,-26712.726961917404
1866.0,5955.0,1086.0,2805.0,1472,3208,2137,4183,4897.0,9815.0,1077.0,1973.0,97.2,0,-153531.06530210006,-29651.77639514657
4018.0,15342.0,1704.0,4332.0,3394,5192,4262,7136,11328.0,17398.0,655.0,2127.0,97.2,0,-149453.0867842586,-26262.38172112917
892783.0,830618.0,1851390.0,2110310.0,4590,2866,727,734,260578.0,205621.0,159413.0,117378.0,97.2,3,1677370.056183146,-1002611.8810842796
644407.0,821439.0,64859.0,98097.0,1736,1105,162,223,690379.0,534454.0,285856.0,239015.0,97.3,3,597714.8990924706,479500.0536102214
287930.0,421777.0,49773.0,73692.0,429,343,3291,3254,128820.0,118592.0,120930.0,104034.0,97.3,0,110232.16010544266,66218.35665955489
57843.0,91017.0,29342.0,45588.0,556,250,92,79,47676.0,43377.0,30723.0,35787.0,97.4,0,-76600.49191300836,-6119.081663821973
11627.0,11591.0,2811.0,4654.0,6234,5487,6831,6224,14956.0,12552.0,2002.0,1844.0,97.4,0,-143466.07332030038,-24634.488099805683
39898.0,49234.0,11912.0,18243.0,551,218,11,132,44901.0,38151.0,36902.0,26966.0,97.4,0,-96071.2971131157,5412.495181094306
14586.0,30728.0,1986.0,3678.0,3651,3250,5077,5217,13932.0,14376.0,3981.0,3902.0,97.4,0,-142303.29628696645,-23797.57130103925
31222.0,54912.0,4171.0,8820.0,32,173,0,50,39608.0,34897.0,17496.0,28065.0,97.5,0,-114380.24059484516,-476.3166088998332
6813.0,16496.0,1426.0,3060.0,1876,2353,3087,3498,8524.0,9470.0,308.0,1379.0,97.5,0,-149992.01202168028,-28309.54109229477
57229.0,90785.0,4495.0,7715.0,340,225,374,222,44728.0,43890.0,29915.0,39780.0,97.5,0,-95133.3960713854,7959.208977715778
26279.0,28730.0,4868.0,5325.0,2053,2147,4495,4115,11563.0,11680.0,4761.0,4453.0,97.5,0,-136239.40088410053,-27449.0407165847
16466.0,34437.0,2468.0,5600.0,5342,5293,7385,7964,20553.0,22444.0,4352.0,5063.0,97.6,0,-137925.36739850286,-19689.99372886124
6985.0,14058.0,664.0,2311.0,2077,3434,2771,4579,6835.0,10032.0,1427.0,2488.0,97.6,0,-150656.08292219465,-28263.63808072083
3729.0,12247.0,1541.0,3824.0,2328,3467,2767,3773,6947.0,9692.0,1363.0,2102.0,97.6,0,-151405.18350532523,-28620.859606550643
13195.0,27775.0,5829.0,9085.0,186,140,45,19,24309.0,24318.0,15423.0,19033.0,97.6,0,-129420.5699230298,-12338.359281944027
80439.0,130796.0,5371.0,6301.0,11,150,446,199,70851.0,61695.0,63533.0,50801.0,97.6,0,-59448.28340991195,38293.298297258414
1445.0,5088.0,0.0,191.0,188,116,133,15,5422.0,6441.0,869.0,1781.0,97.6,0,-154323.1765751214,-28732.412213835712
604111.0,754073.0,37800.0,46055.0,1501,1442,209,124,763465.0,579163.0,319650.0,271678.0,97.6,3,612073.4256540827,564740.3242682343
9884.0,22001.0,3254.0,5439.0,2633,2634,3750,4011,11059.0,11303.0,903.0,2474.0,97.7,0,-145968.71978490113,-27627.6331786644
8617.0,12260.0,2423.0,4051.0,3868,3809,5145,5097,12927.0,12756.0,2914.0,3435.0,97.7,0,-145351.21163892464,-24842.15445789068
5893.0,14782.0,2768.0,6012.0,3162,3605,4561,5352,13133.0,15438.0,1606.0,1695.0,97.7,0,-146840.50682417795,-25580.35914470656
7431.0,18596.0,1501.0,3383.0,3983,4647,5650,6301,14172.0,16091.0,837.0,1953.0,97.7,0,-146865.2089010797,-24507.287233010396
81110.0,130067.0,5360.0,8920.0,355,245,0,52,37589.0,33018.0,23223.0,22488.0,97.9,0,-92629.69661029291,-4233.686725747899
1115.0,3822.0,988.0,4048.0,71,0,128,36,2278.0,5070.0,14691.0,19447.0,97.9,0,-147860.58923716436,-22684.13632992989
218614.0,325085.0,60393.0,95274.0,397,403,253,203,234745.0,197489.0,88109.0,83503.0,97.9,0,122222.33728019652,113955.5868831399
17715.0,40847.0,11243.0,18972.0,2310,2181,3569,3539,10258.0,10648.0,2499.0,3424.0,98.0,0,-136897.82670526856,-32836.74345652948
59750.0,88476.0,3489.0,6443.0,3277,2748,7840,7614,19768.0,18004.0,5862.0,6266.0,98.0,0,-119143.39291317233,-22810.72399816855
7911.0,24161.0,902.0,3101.0,3555,4331,4922,5754,12390.0,14367.0,3323.0,3854.0,98.1,0,-146729.8828296489,-23942.27926091248
7589.0,19186.0,5374.0,12019.0,4044,4417,5563,6235,13600.0,14119.0,855.0,2207.0,98.1,0,-144345.0245859765,-27262.7484025491
12378.0,33212.0,1618.0,3958.0,3437,3435,5230,5284,14620.0,14302.0,1869.0,2594.0,98.1,0,-144096.46318795264,-24083.603360872963
6997.0,23468.0,2727.0,6460.0,3564,4747,4700,5854,13917.0,17239.0,2400.0,3994.0,98.1,0,-145478.68922832154,-24428.543596613337
48816.0,78570.0,5345.0,9209.0,275,158,0,53,43211.0,40630.0,37892.0,30165.0,98.2,0,-96947.16309327984,8816.370305971923
4265.0,14989.0,1774.0,4602.0,2601,3113,3416,4118,8634.0,10520.0,1112.0,2202.0,98.2,0,-150342.81409773583,-27823.28255539224
419828.0,556090.0,64944.0,98484.0,2337,2303,348,260,540346.0,439355.0,191278.0,169118.0,98.3,0,394432.92246690847,348275.8123490467
43721.0,72798.0,7329.0,10092.0,121,96,199,206,40083.0,37335.0,25304.0,31160.0,98.3,0,-103593.67531332746,802.42330247672
1231.0,6715.0,288.0,2094.0,186,111,152,61,5696.0,9954.0,1497.0,2605.0,98.3,0,-153752.51016148116,-28330.27660669647
851564.0,1040250.0,188678.0,247642.0,3176,2723,589,290,1469160.0,1152280.0,589432.0,487120.0,98.3,3,1262530.6169731931,1047905.8151310688
839.0,4689.0,0.0,0.0,146,102,159,54,3470.0,5323.0,603.0,947.0,98.3,0,-155654.94777501025,-30172.60154243476
23180.0,42458.0,1464.0,3942.0,503,263,412,192,23143.0,22736.0,11800.0,16211.0,98.3,0,-130563.97887322358,-12956.523158213133
39313.0,58490.0,2813.0,5496.0,230,110,80,68,40538.0,40309.0,25076.0,26473.0,98.4,0,-108988.58589224974,3363.603687490595
37930.0,50302.0,7120.0,10851.0,2615,2490,5894,5798,15667.0,14202.0,6056.0,5268.0,98.4,0,-127478.86044863852,-26348.170542283624
5238.0,15119.0,1733.0,4660.0,5215,5955,5797,6555,12343.0,14296.0,355.0,2389.0,98.4,0,-148547.46022666217,-25799.842750186453
14704.0,28343.0,4662.0,8606.0,4702,4595,6261,6125,16352.0,15324.0,2640.0,3399.0,98.4,0,-139870.62059261644,-24596.690678297287
8709.0,13106.0,3022.0,3902.0,3475,3595,4551,4559,12377.0,12410.0,2254.0,2654.0,98.4,0,-145491.71388072582,-25975.31418514568
4679.0,8827.0,1874.0,2764.0,3129,3312,4221,4059,11312.0,10894.0,1714.0,1848.0,98.4,0,-148717.28749826486,-26022.473718590965
4061.0,12782.0,2315.0,4403.0,1594,1594,1726,1748,4911.0,4740.0,1508.0,1523.0,98.4,0,-151675.189194638,-30449.62692490806
89478.0,121244.0,10713.0,18013.0,463,268,42,113,83965.0,73571.0,74664.0,58206.0,98.4,0,-41101.56978788448,48501.37828701991
12007.0,21540.0,2243.0,3715.0,2216,1976,2503,2538,8959.0,8215.0,2675.0,2629.0,98.5,0,-146073.16717519323,-27692.84924980845
2010.0,12283.0,0.0,2162.0,137,78,162,33,1418.0,4640.0,10395.0,32160.0,98.5,0,-148543.00336735736,-22428.07459371004
49415.0,70308.0,15939.0,25854.0,420,358,146,121,57402.0,54677.0,35446.0,42170.0,98.5,0,-82373.71442772863,11999.402253858756
51573.0,79061.0,18633.0,27544.0,370,222,32,32,66119.0,62441.0,46886.0,46492.0,98.6,0,-70932.04697081525,21173.014544906517
6988.0,16536.0,703.0,2454.0,2223,2396,3141,3680,8643.0,10101.0,1819.0,2252.0,98.6,0,-149697.20063185782,-27017.793095863457
2121.0,9157.0,0.0,228.0,112,26,95,24,4436.0,6281.0,751.0,2046.0,98.7,0,-154501.13264215094,-29406.779677616363
2804.0,10167.0,533.0,1862.0,109,76,207,157,3182.0,4940.0,6947.0,9007.0,98.7,0,-151252.40350477918,-26861.394747646787
571419.0,768938.0,41789.0,59143.0,1773,1446,409,283,712362.0,601572.0,283155.0,246354.0,98.7,3,561734.7088933327,512671.7675362252
11751.0,15628.0,1932.0,3177.0,1256,1321,3708,3582,8692.0,8877.0,2262.0,3270.0,98.7,0,-146585.20557000994,-27716.512413064367
43221.0,79403.0,5628.0,8851.0,0,69,0,5,43559.0,40370.0,26671.0,32066.0,98.7,0,-102787.61101928964,4819.285586315218
4604.0,15346.0,1785.0,4246.0,4689,5267,5941,6655,13023.0,14538.0,1137.0,2311.0,98.7,0,-148186.88766626737,-25044.935938208608
540.0,3387.0,451.0,2865.0,668,1042,905,1549,3024.0,6623.0,328.0,387.0,98.8,0,-155837.14590972356,-30922.251850433964
7438.0,21155.0,2844.0,5249.0,1969,2469,2351,2831,8329.0,10374.0,3575.0,3060.0,98.8,0,-147427.38415867733,-27724.92474379074
10598.0,18898.0,3278.0,5177.0,7321,7634,9497,9264,23520.0,24264.0,4715.0,4173.0,98.8,0,-138402.86896055756,-17928.402312914004
19448.0,25865.0,7204.0,9882.0,7168,7285,8309,8561,25240.0,23786.0,5688.0,4738.0,98.8,0,-130863.4028355835,-19384.62629891485
904.0,5579.0,236.0,979.0,134,28,133,46,2919.0,5399.0,249.0,231.0,98.9,0,-155934.9248027835,-30936.87936902957
579712.0,718535.0,62235.0,92857.0,1078,1310,235,176,769207.0,602069.0,277481.0,238045.0,98.9,3,601731.4771598002,531523.9563213866
3834.0,15337.0,1280.0,3082.0,2262,2942,2874,3623,6262.0,7430.0,1035.0,1565.0,98.9,0,-152040.14576989514,-29120.43096204529
34818.0,54077.0,3764.0,5238.0,490,254,0,5,33474.0,32604.0,14938.0,18263.0,98.9,0,-118135.482659653,-6979.713079860841
10229.0,24902.0,2068.0,4981.0,3010,3530,4014,4292,10471.0,10845.0,1587.0,2110.0,98.9,0,-146703.9207732936,-27048.32887997206
7398.0,15382.0,2511.0,4317.0,4112,4817,5686,6222,14058.0,16060.0,1544.0,1923.0,99.0,0,-145975.17762006665,-24919.51095148692
1331.0,4268.0,199.0,2653.0,755,1597,620,2260,1540.0,4343.0,147.0,308.0,99.0,0,-156433.1987031306,-31843.123926702727
136815.0,182650.0,6383.0,8256.0,0,249,447,130,152517.0,125699.0,69909.0,54712.0,99.0,0,4001.339861248504,88932.9806059075
93253.0,137000.0,15490.0,23576.0,480,330,346,199,91799.0,80122.0,61821.0,60123.0,99.0,0,-37222.10601655215,45129.582319892215
30437.0,39108.0,5783.0,10287.0,189,146,566,268,26592.0,25824.0,10647.0,20327.0,99.0,0,-122960.61335632644,-13781.603891192572
45534.0,77306.0,2058.0,3824.0,318,174,0,7,34631.0,32722.0,22122.0,27860.0,99.0,0,-110540.16294843852,-1318.71378687775
5655.0,17312.0,2440.0,6634.0,3485,4169,4419,5354,12660.0,15643.0,1117.0,1935.0,99.0,0,-147527.311057051,-25825.314040402314
9658.0,16152.0,2198.0,3657.0,1054,682,2705,2681,7718.0,7344.0,2572.0,3757.0,99.1,0,-147523.5100250692,-28157.318100462533
4132.0,9312.0,2514.0,4395.0,1831,2157,2572,2910,6386.0,6354.0,1673.0,2090.0,99.1,0,-150709.60238237728,-29484.52583214456
46166.0,68532.0,5364.0,5584.0,107,78,0,106,39808.0,36086.0,22717.0,23610.0,99.1,0,-105982.3068755328,-594.3141021582742
14454.0,30076.0,2923.0,6346.0,6615,6668,7224,7541,17040.0,17161.0,2038.0,2485.0,99.2,0,-141195.8886285018,-23452.265272967183
10036.0,17071.0,2973.0,5310.0,1911,1792,3551,3531,10328.0,10910.0,4433.0,3839.0,99.2,0,-144956.73583256954,-26222.88071885564
7247.0,17148.0,1680.0,2675.0,1383,1347,2192,2237,6565.0,6796.0,2506.0,3298.0,99.2,0,-149470.62811443585,-28507.29534335388
102939.0,145705.0,15462.0,21245.0,206,212,54,220,70528.0,64994.0,63218.0,53451.0,99.3,0,-43192.64856167397,30583.450115320746
52468.0,81608.0,5511.0,8803.0,366,201,83,98,47445.0,41832.0,35469.0,32128.0,99.3,0,-94074.06785323651,10450.345960598952
70200.0,115605.0,5293.0,7611.0,403,179,125,124,61067.0,59391.0,35426.0,52475.0,99.3,0,-78266.85652428652,21295.232845907423
77870.0,122893.0,41887.0,69045.0,302,307,0,27,85809.0,83189.0,62867.0,63685.0,99.3,0,-27157.85278656763,26778.972890232257
194451.0,264466.0,28601.0,44524.0,157,313,0,19,258406.0,221587.0,97631.0,91884.0,99.4,0,105611.46437031982,155786.30265557102
29056.0,52695.0,9763.0,15149.0,524,344,212,97,24528.0,21780.0,15661.0,18038.0,99.4,0,-120146.67617219617,-15760.240994106043
6569.0,12904.0,1562.0,4532.0,2425,2452,2768,2998,7585.0,9133.0,0.0,1560.0,99.4,0,-150511.3019759912,-29074.195986787377
18721.0,41355.0,2610.0,4373.0,5739,5468,7354,7402,21294.0,21751.0,3828.0,4412.0,99.5,0,-136844.5687105853,-19781.933989187688
6558.0,16673.0,1318.0,3996.0,2077,2294,2778,3040,7974.0,8569.0,1433.0,2861.0,99.5,0,-149816.47863020687,-27863.92826078292
16626.0,16813.0,9186.0,5915.0,197,116,518,232,48037.0,15439.0,184572.0,53314.0,99.5,0,-48244.13308212238,76811.95125792452
12291.0,15487.0,5652.0,4313.0,221,100,642,265,75547.0,31892.0,265783.0,99716.0,99.5,0,-4223.985568325152,138229.99531866537
31356.0,19899.0,34530.0,15297.0,1553,568,1113,329,1798750.0,395586.0,1798410.0,327188.0,99.5,3,1394735.5831936798,1888006.2571161469
1593.0,9785.0,192.0,1150.0,207,116,134,0,6267.0,12855.0,893.0,1415.0,99.5,-1,-153788.35718283267,-28375.18033878964
2177.0,5483.0,1575.0,7800.0,161,100,150,69,8984.0,11743.0,1620.0,2328.0,99.5,0,-150983.71197705227,-27113.66675244461
2684.0,13187.0,406.0,2158.0,182,149,244,178,2575.0,4717.0,7245.0,12021.0,99.5,0,-151171.8882833544,-26548.87829462701
675464.0,751733.0,44424.0,59496.0,3268,2709,679,344,1754580.0,1294760.0,670158.0,530751.0,99.5,3,1254774.2465629478,1371257.2673780315
17264.0,33094.0,2770.0,5352.0,3980,4092,5434,5527,14639.0,14263.0,3140.0,3788.0,99.6,0,-140670.05452111733,-24387.41646009572
21781.0,25561.0,5290.0,9419.0,3484,3187,6430,6514,19140.0,19084.0,3902.0,4748.0,99.6,0,-134648.2325145085,-22940.608893546017
13982.0,16658.0,3577.0,5950.0,4136,4400,5271,5393,12738.0,12825.0,947.0,2680.0,99.7,0,-143262.9818825251,-26981.281215434778
6058.0,8817.0,2272.0,3272.0,3095,3060,4101,4279,9489.0,9440.0,2576.0,2684.0,99.7,0,-148276.03578890828,-27019.002518562116
6874.0,19516.0,2119.0,4971.0,859,896,1922,2018,5401.0,6046.0,1067.0,1767.0,99.7,0,-150570.9883792279,-30344.3558637542
1611660.0,1286270.0,130298.0,144346.0,6139,4293,1387,724,3292330.0,1952120.0,1550530.0,844896.0,99.8,3,2755311.6455095136,2648611.4275781508
2305.0,11087.0,1249.0,4506.0,3376,5773,4144,6754,10217.0,17030.0,259.0,1856.0,99.8,0,-151150.23448622067,-26777.778532114266
613.0,3595.0,102.0,1113.0,436,1579,661,2160,1389.0,5314.0,238.0,422.0,99.8,0,-156814.9690622573,-31774.188828934428
968.0,5990.0,205.0,1862.0,125,50,204,137,2093.0,4091.0,10871.0,21004.0,99.8,0,-149757.7256265938,-23652.832768250217
2104400.0,1221450.0,5474770.0,4717520.0,11656,4483,2631,1262,3912090.0,1995300.0,3141550.0,1324220.0,99.8,2,7574979.168718542,397548.9100773063
83872.0,127988.0,10422.0,19726.0,88,201,0,77,21757.0,20310.0,10679.0,13234.0,99.9,0,-100939.47775377962,-24349.917093147003
7573.0,9811.0,1800.0,3409.0,2084,2094,3116,2849,7875.0,7741.0,1623.0,1812.0,99.9,0,-149174.574746776,-28382.92805449181
6871.0,11628.0,2894.0,4792.0,6820,6599,8077,8103,18798.0,17928.0,5433.0,4769.0,99.9,0,-141985.71908735042,-20036.756835598597
4251.0,13053.0,1814.0,4982.0,2395,2630,3225,4028,9775.0,11621.0,2478.0,2811.0,100.0,0,-149226.17591802875,-26455.42037800516
12965.0,20700.0,3826.0,5224.0,4207,4189,5080,4851,13555.0,13338.0,2576.0,2175.0,100.0,0,-142601.89972534415,-25952.975957486527
7054.0,13792.0,2336.0,6047.0,2824,3011,4173,4533,11193.0,11433.0,1929.0,2842.0,100.0,0,-147275.0916446748,-26292.23105659018
5170.0,9289.0,1265.0,3692.0,2610,2552,4215,4644,11469.0,12213.0,1737.0,2998.0,100.1,0,-148713.37480811958,-25378.12580862522
69457.0,101077.0,47728.0,75601.0,390,305,0,59,49740.0,44902.0,45002.0,37301.0,100.1,0,-52756.55903698628,-10877.695422012364
18254.0,29502.0,5771.0,9099.0,3883,4118,5300,5339,15618.0,15476.0,3248.0,3111.0,100.1,0,-137796.94137916976,-25780.44083757319
8775.0,11643.0,2083.0,2532.0,3560,3816,4395,4420,12083.0,12541.0,2614.0,3215.0,100.1,0,-146041.93910710144,-25335.313727221765
10704.0,18556.0,3855.0,5855.0,3798,3828,5108,5452,13819.0,14233.0,4886.0,3687.0,100.1,0,-142346.1183580261,-24444.97107023679
13319.0,21252.0,3833.0,6765.0,3968,3783,5054,4952,14105.0,13394.0,4457.0,3817.0,100.2,0,-141303.06848528242,-24579.68730762828
10217.0,15146.0,2016.0,4168.0,2836,3269,4467,4624,12639.0,13076.0,3885.0,3002.0,100.2,0,-144806.41386551922,-24535.492679037903
20605.0,44886.0,8208.0,15479.0,2281,2364,4902,5293,12821.0,15234.0,1746.0,3764.0,100.2,0,-136888.07850118633,-29756.757212907694
188168.0,295521.0,12947.0,20996.0,402,295,42,131,159578.0,137919.0,63031.0,63785.0,100.3,0,31355.945017737977,84507.92303737879
9170.0,14028.0,1345.0,3363.0,1842,1963,2596,2719,8208.0,8406.0,1360.0,2203.0,100.3,0,-148733.51494665243,-28039.13643508032
7154.0,20979.0,1179.0,2328.0,5235,5572,6408,7122,25863.0,26147.0,5854.0,8702.0,100.4,0,-139222.47097797052,-13706.139857079845
36722.0,56456.0,8526.0,11817.0,2003,1888,5752,5553,13210.0,12349.0,4410.0,5105.0,100.4,0,-128739.87608995622,-29422.54675678137
11440.0,22071.0,2628.0,5486.0,3850,3974,4896,5381,15133.0,15649.0,1699.0,2600.0,100.4,0,-143613.31677396744,-24403.912348773458
6465.0,14214.0,1117.0,3818.0,1342,2110,1734,3114,4953.0,8195.0,1421.0,1475.0,100.4,0,-151537.805343285,-29871.13339264553
1917.0,11483.0,0.0,747.0,162,73,130,0,4104.0,8278.0,1663.0,2932.0,100.5,-1,-154287.48166157806,-29076.819122258577
1675.0,5818.0,152.0,2155.0,136,35,213,141,10155.0,10465.0,237.0,1439.0,100.5,0,-152266.76082261745,-26170.055145566606
2154.0,6741.0,1428.0,3110.0,44,71,254,118,4781.0,4593.0,17251.0,17405.0,100.5,0,-145315.99606671795,-20698.518470320552
1844.0,9970.0,468.0,1955.0,212,179,150,62,3472.0,9039.0,39914.0,81713.0,100.5,0,-130206.69155335192,-1073.609038842249
820773.0,997440.0,48641.0,66868.0,3083,2218,266,302,1067700.0,802109.0,454423.0,360441.0,100.5,3,906398.4152583733,807010.4468535155
5883.0,14042.0,2109.0,4603.0,7295,7748,12330,13021,20199.0,19520.0,4905.0,6907.0,100.5,0,-142219.13072882456,-18462.591169385872
88680.0,129403.0,8417.0,12393.0,70,132,210,117,75933.0,69164.0,54504.0,60062.0,100.5,0,-53841.06252591453,36755.679323189484
7954.0,19370.0,1570.0,3407.0,3062,2761,3877,3974,10309.0,10901.0,2725.0,3322.0,100.5,0,-147479.45499176177,-26018.60504024209
11539.0,21343.0,4306.0,9301.0,2092,2095,2986,2830,7907.0,7852.0,1926.0,2498.0,100.6,0,-145607.07275986244,-29956.857987222604
9852.0,15098.0,3218.0,5627.0,3962,3891,6501,6479,17810.0,17311.0,5051.0,4471.0,100.6,0,-141173.6328389414,-21268.017652040264
50341.0,76408.0,21144.0,33487.0,94,109,144,119,54278.0,47390.0,39421.0,36019.0,100.6,0,-79119.38281095108,7377.164386256856
32469.0,47255.0,2842.0,6033.0,5640,5374,9571,9555,26648.0,25022.0,5574.0,7350.0,100.6,0,-127622.47213535626,-16226.308546908396
29255.0,48577.0,5664.0,8894.0,32,167,232,103,37528.0,35826.0,10622.0,24975.0,100.6,0,-118019.40811045175,-5980.682700814057
4284.0,6394.0,26846.0,29769.0,346,208,20,85,8857.0,4604.0,3042.0,2385.0,100.8,0,-132194.4257805162,-42591.44114173014
1831330.0,1371690.0,3503850.0,3368540.0,4991,2428,1391,694,419427.0,322347.0,271517.0,188660.0,100.8,2,3324857.0453572613,-1942152.646165812
275212.0,392405.0,32961.0,52075.0,811,748,0,42,127856.0,109904.0,131036.0,110654.0,100.8,0,97542.17524456332,82285.20288598278
8340.0,17736.0,2631.0,4342.0,1819,1935,2859,3054,8823.0,8377.0,4335.0,3263.0,100.8,0,-146675.95827520505,-26984.6550443196
3979.0,9957.0,957.0,2297.0,2419,2363,3067,3246,8626.0,9140.0,2020.0,1806.0,100.8,0,-150743.5270082991,-26980.046110257503
6934.0,23714.0,1551.0,3747.0,3696,4465,4049,5112,11300.0,13137.0,1862.0,2428.0,100.8,0,-147893.32960422034,-25819.526049343447
20019.0,39373.0,6497.0,11272.0,231,80,191,102,29168.0,27390.0,20789.0,19908.0,100.8,0,-121883.03400130756,-7736.652676580914
4481.0,12516.0,1601.0,4297.0,1317,1336,2748,3113,7681.0,8177.0,279.0,3001.0,100.9,0,-151013.64166175085,-28553.061031208494
5002.0,10012.0,2034.0,4744.0,2299,2539,3397,3519,8094.0,8877.0,646.0,1009.0,100.9,0,-150428.30660075706,-28762.62839662128
5545.0,13923.0,1366.0,1852.0,2797,2599,3181,3347,8274.0,8229.0,609.0,2142.0,101.0,0,-150455.74644386204,-28099.34715774665
10272.0,19126.0,0.0,1326.0,3384,4102,4921,5146,13969.0,14687.0,2502.0,3118.0,101.1,0,-146070.4300946376,-22993.51113491258
6946.0,9413.0,3082.0,5179.0,3864,4290,5411,5447,14664.0,14688.0,2415.0,3013.0,101.1,0,-145034.5067471696,-24325.50471572821
8073.0,18354.0,1388.0,3296.0,5317,5880,6086,6633,14825.0,16667.0,1207.0,1829.0,101.1,0,-146261.52583412555,-23929.933433057453
6273.0,11236.0,487.0,2249.0,2906,3014,4040,4167,10402.0,10785.0,1719.0,2043.0,101.2,0,-149406.82822156596,-25797.482938841167
737.0,4761.0,1395.0,5660.0,747,1526,1074,2066,3138.0,6104.0,45.0,507.0,101.2,0,-155142.06609615698,-31554.80069921573
817.0,4867.0,109.0,1305.0,439,1212,608,1582,1630.0,4281.0,294.0,533.0,101.2,0,-156583.31428937518,-31598.27860068
61097.0,98925.0,4116.0,6491.0,174,133,207,107,46787.0,43548.0,36401.0,43000.0,101.2,0,-90082.95983534482,12485.707964493691
27189.0,38801.0,3982.0,7292.0,10,118,0,27,21482.0,20965.0,9690.0,15468.0,101.2,0,-128806.36314934213,-16853.311629469437
65127.0,103744.0,10927.0,17736.0,104,140,182,100,69417.0,67316.0,34178.0,51251.0,101.2,0,-73305.14689941902,22647.530955711994
68311.0,105940.0,5489.0,8869.0,133,144,222,184,61767.0,55861.0,44619.0,45078.0,101.2,0,-76131.95450108165,24408.27776230029
7882.0,18795.0,2708.0,6318.0,1625,1783,2582,2979,6876.0,7899.0,1790.0,2788.0,101.2,0,-148688.11469768538,-29378.895457387865
6328.0,15325.0,3276.0,6345.0,4370,4486,5531,6231,14550.0,16036.0,1739.0,2460.0,101.3,0,-145523.07316759272,-24851.76890609145
2057.0,5840.0,947.0,2385.0,155,65,247,246,5824.0,6328.0,2313.0,2878.0,101.3,0,-152565.7696574549,-28330.302692604782
2746.0,6819.0,0.0,958.0,246,154,125,97,5178.0,4545.0,3130.0,2147.0,101.3,0,-153019.61162660108,-27963.843982880804
1001650.0,1182600.0,78506.0,101523.0,6268,5103,99568,87235,635702.0,510450.0,455075.0,348831.0,101.3,3,805247.6590546466,502006.4808493272
64955.0,94098.0,18274.0,30234.0,0,172,383,235,62853.0,57332.0,52601.0,41969.0,101.3,0,-65634.92648475066,20137.026866022494
79296.0,115082.0,16563.0,22478.0,487,222,127,67,94600.0,86687.0,54416.0,60909.0,101.3,0,-43567.77325408516,44152.40999296626
12474.0,13770.0,2899.0,5841.0,3487,3763,5451,5400,14445.0,13681.0,2639.0,2429.0,101.4,0,-142987.71093673,-24707.64456615514
60716.0,99518.0,14540.0,23463.0,1024,394,0,117,49709.0,45564.0,34085.0,35863.0,101.4,0,-83478.00208254215,5695.0643538767
8556.0,24725.0,1987.0,4612.0,4629,4741,6254,6603,14860.0,15756.0,136.0,2416.0,101.5,0,-145956.71225036716,-24669.464564632945
46642.0,77653.0,1544.0,2756.0,37,129,425,255,41489.0,36063.0,34505.0,28901.0,101.5,0,-102648.30185464043,8632.414562104892
17804.0,35669.0,3584.0,5512.0,5861,5891,8181,8356,22017.0,21526.0,6897.0,6474.0,101.5,0,-134827.08180425057,-18256.15971438049
5253.0,11672.0,1865.0,2703.0,4016,4251,5074,5634,14746.0,16535.0,3951.0,3544.0,101.5,0,-145897.41354791712,-22670.76841157418
97243.0,139676.0,5240.0,10491.0,381,211,324,134,92810.0,85024.0,73703.0,65772.0,101.5,0,-37112.18330264351,57837.12861903748
130955.0,196193.0,37105.0,57595.0,348,302,166,125,108161.0,101235.0,84969.0,84995.0,101.6,0,12205.35381351455,53158.53666864184
230033.0,334722.0,8014.0,13384.0,151,360,218,79,230453.0,198035.0,93395.0,87564.0,101.6,0,91255.5413056841,146254.7816648492
12597.0,19874.0,257.0,2184.0,2377,2693,5110,5779,13830.0,14768.0,5609.0,4782.0,101.6,0,-143648.6302528118,-21821.77840942594
40778.0,75415.0,13014.0,21881.0,209,85,206,168,29730.0,28549.0,16386.0,22327.0,101.6,0,-109947.32966524344,-14281.18152703343
2763.0,10371.0,605.0,3369.0,634,1359,681,1679,1682.0,4213.0,939.0,1163.0,101.7,0,-155102.2591763408,-31631.50988968968
1107.0,7063.0,259.0,1180.0,726,1373,1019,2207,2368.0,5409.0,288.0,347.0,101.7,0,-156052.81841574292,-31276.31251006717
5299.0,14783.0,1011.0,3639.0,2603,3481,2948,3462,7740.0,9502.0,1070.0,2185.0,101.7,0,-150867.5425913246,-27998.16862542621
3731.0,12848.0,669.0,2811.0,1100,1554,1539,2113,3851.0,5124.0,319.0,686.0,101.8,0,-153970.77674571887,-30698.247365488907
9618.0,18519.0,1962.0,4206.0,1855,1978,4360,4451,13140.0,11869.0,2973.0,3923.0,101.8,0,-145085.68477217885,-24380.1778511528
15161.0,22232.0,1699.0,3415.0,4409,4454,6561,6973,18055.0,17800.0,2429.0,3701.0,101.8,0,-141001.88253281632,-21728.46231668181
6780.0,12237.0,202.0,2059.0,2041,2436,2770,3015,8388.0,9084.0,1723.0,3134.0,101.8,0,-150168.17820847928,-26750.4235409365
5282.0,14251.0,1742.0,3739.0,1809,2088,2255,2831,7742.0,9110.0,3061.0,3037.0,101.8,0,-149529.02320932565,-27483.550801276902
28274.0,44214.0,15600.0,25256.0,225,142,278,132,36558.0,32763.0,28140.0,23055.0,101.9,0,-105774.04018681322,-5725.952272845487
7582.0,19599.0,1821.0,3317.0,2501,2729,3702,3840,9313.0,9029.0,1260.0,2554.0,101.9,0,-148546.64905095502,-27519.675642416685
225068.0,322089.0,8699.0,15701.0,459,389,253,175,258587.0,213744.0,109916.0,103580.0,101.9,0,110500.06593599504,173438.35463044728
59758.0,83739.0,12091.0,19388.0,318,121,45,154,56719.0,53308.0,40466.0,34786.0,102.0,0,-80184.00494653534,14232.502735225631
125181.0,173443.0,18475.0,29758.0,131,164,0,56,92000.0,83938.0,71041.0,63243.0,102.0,0,-18199.41557103634,45676.63232601105
15341.0,22164.0,4250.0,5621.0,3304,3133,4258,4282,14567.0,14645.0,5425.0,4597.0,102.1,0,-139525.4749131827,-24150.755435176263
31845.0,45036.0,3079.0,3254.0,98,139,48,43,39611.0,35510.0,32643.0,31347.0,102.1,0,-108873.00573758976,7053.187194641392
6783.0,10069.0,2186.0,3700.0,1740,1663,2047,2085,6804.0,6674.0,1768.0,1882.0,102.1,0,-149654.12026357744,-29181.275931854696
2822.0,9795.0,3252.0,8296.0,91,135,127,128,41113.0,50240.0,22633.0,20637.0,102.2,0,-125009.15737754556,3861.514492678744
1790.0,5835.0,7461.0,15906.0,180,180,172,74,47348.0,52522.0,12951.0,16845.0,102.2,0,-123766.29222118366,557.167753180478
1586.0,6925.0,1411.0,5201.0,154,46,147,37,7231.0,9581.0,10413.0,13632.0,102.2,0,-147455.99274273324,-22576.962331710205
2195.0,6896.0,887.0,3438.0,131,47,234,124,5559.0,6122.0,19435.0,22225.0,102.2,0,-143906.88818719503,-18179.773176804243
1817470.0,1165210.0,4768010.0,4171840.0,9432,4611,2828,1388,5748810.0,2932620.0,3603130.0,1835620.0,102.2,2,8032391.410225845,2296995.993392892
175599.0,248700.0,30195.0,45214.0,0,161,124,116,188215.0,153777.0,91040.0,67509.0,102.2,0,61836.18331222274,104953.3388569682
5549.0,10317.0,1816.0,3327.0,2115,2153,2565,2712,5564.0,5321.0,884.0,1202.0,102.3,0,-151384.6566324581,-30131.958033168063
89079.0,132975.0,24845.0,36667.0,104,201,343,260,95178.0,88242.0,79673.0,71722.0,102.3,0,-22894.8848694959,51016.511753198894
85473.0,134205.0,3393.0,5499.0,191,134,266,182,82185.0,77510.0,39408.0,64006.0,102.3,0,-60877.77831844402,38369.98635861963
11475.0,17824.0,3082.0,4856.0,5728,5928,6804,7024,19205.0,19117.0,4119.0,4104.0,102.4,0,-140359.98889722017,-20856.83142604752
3724.0,7883.0,1126.0,3660.0,2210,2629,2817,3409,6866.0,8209.0,979.0,921.0,102.4,0,-152021.47107842358,-28761.643189882227
57285.0,77890.0,3352.0,5724.0,34,162,475,198,49401.0,47459.0,43175.0,33652.0,102.5,0,-89674.37309290271,16208.786817306956
10806.0,22876.0,3549.0,6458.0,2673,2400,3727,3878,9801.0,9744.0,1944.0,3367.0,102.7,0,-145457.4846576893,-28088.13454554188
9393.0,17500.0,2597.0,4860.0,5441,5462,7335,7956,17858.0,19119.0,483.0,2510.0,102.8,0,-143698.0233279827,-23048.695160923624
1895.0,7982.0,266.0,1639.0,946,2128,1229,2717,2436.0,6639.0,369.0,463.0,102.8,0,-155649.32092697071,-31236.005405031025
7463.0,17248.0,1865.0,4463.0,3820,4291,4902,5567,11924.0,13497.0,843.0,1472.0,102.8,0,-147674.0436519667,-26235.57783295336
57305.0,81420.0,24107.0,37320.0,28,110,201,96,58002.0,55433.0,46361.0,43334.0,102.8,0,-69057.11330561993,11505.142812774033
64186.0,102733.0,8982.0,13837.0,538,249,0,107,52202.0,47108.0,32830.0,33686.0,102.8,0,-85510.59183471775,9659.74450020643
1130.0,5719.0,805.0,3903.0,1060,1551,1552,2367,3355.0,4892.0,121.0,1331.0,102.9,0,-155157.27118517258,-30907.713829063727
28784.0,43864.0,4636.0,7178.0,508,200,219,127,38379.0,34728.0,19542.0,24811.0,102.9,0,-115266.3162091468,-1050.4941462936004
10036.0,17448.0,1725.0,3264.0,1682,1611,2495,2562,7971.0,8257.0,782.0,1876.0,102.9,0,-148478.41103413756,-28778.95441354415
10800.0,18860.0,2130.0,4110.0,10238,10342,11925,12428,26334.0,26265.0,1105.0,3512.0,102.9,0,-139250.4992557071,-17059.10586854788
12245.0,13422.0,2617.0,4494.0,5247,5122,6576,6732,16132.0,15610.0,2967.0,2587.0,103.0,0,-142369.32506297238,-23284.897058196468
189989.0,286234.0,15279.0,25765.0,538,503,355,216,239930.0,197643.0,118493.0,101644.0,103.0,0,95188.62015807148,163078.882631633
60375.0,103819.0,16190.0,24901.0,109,151,165,110,23640.0,20882.0,17601.0,17638.0,103.0,0,-102618.56890806407,-21642.015105838604
67855.0,104237.0,12000.0,18762.0,287,154,140,32,72896.0,63970.0,52911.0,43431.0,103.0,0,-63952.93023495842,30601.43531550055
388113.0,486865.0,144573.0,189444.0,1163,633,253,170,199491.0,171380.0,114912.0,107034.0,103.1,0,246740.9370720045,42821.66374443995
17567.0,36782.0,1574.0,2631.0,3639,3589,4971,5194,15605.0,15324.0,2321.0,6228.0,103.1,0,-140931.70578473847,-22998.31735721691
65540.0,101819.0,43804.0,70325.0,192,210,147,131,68876.0,65799.0,43947.0,54271.0,103.1,0,-46689.01317165226,6221.060853264837
3456.0,11073.0,307.0,1143.0,1664,1763,2272,2627,5619.0,6793.0,405.0,1344.0,103.2,0,-153419.26938666002,-29192.28242938247
48918.0,58660.0,17683.0,30093.0,0,32,0,63,54266.0,52533.0,33739.0,39510.0,103.2,0,-83753.83855084513,7810.790134709397
54952.0,80435.0,25284.0,41558.0,240,293,191,103,62807.0,61978.0,43490.0,48924.0,103.2,0,-67394.49539954835,13649.44011335776
480242.0,577126.0,32971.0,44130.0,1579,1330,850,359,785589.0,599513.0,255978.0,218872.0,103.2,3,537816.8443943935,554620.3009629712
89348.0,143896.0,9029.0,15213.0,270,249,0,3,79485.0,73209.0,51013.0,58000.0,103.2,0,-53092.261263133725,36777.4606610733
13688.0,22698.0,3067.0,4606.0,4336,4114,5522,5539,16483.0,16260.0,3257.0,4078.0,103.2,0,-141017.3525216142,-23080.02671014745
6899.0,12072.0,671.0,1721.0,1544,1681,1801,1938,5774.0,5713.0,1591.0,1251.0,103.3,0,-151262.97402044237,-29064.85397261791
4988.0,16172.0,1560.0,3730.0,2776,3498,3238,4054,10411.0,13497.0,1775.0,2126.0,103.3,0,-149158.16467181942,-26346.926230488025
4287.0,8356.0,3098.0,5030.0,4004,4218,4896,5504,10235.0,10740.0,1606.0,2429.0,103.4,0,-148481.72552511978,-27397.641266495368
4082.0,13919.0,987.0,3817.0,1417,3195,1691,4205,4749.0,11247.0,1536.0,2034.0,103.4,0,-152582.24436817708,-29625.836275077487
65207.0,95335.0,13011.0,20264.0,148,147,146,112,63147.0,59791.0,39575.0,43176.0,103.5,0,-73688.34424996213,18338.0827346139
11792.0,20890.0,2835.0,4233.0,5960,5921,8480,8576,19974.0,20391.0,2578.0,3028.0,103.5,0,-140756.09071939575,-21051.63721264781
89433.0,131239.0,24730.0,38507.0,279,231,213,123,87130.0,79725.0,76935.0,59643.0,103.5,0,-28993.93318441976,42889.26786947035
8119.0,15265.0,1833.0,5484.0,2147,1707,3877,4168,11474.0,11230.0,1021.0,3625.0,103.5,0,-147297.68657487686,-26123.4376798332
6266.0,16384.0,2305.0,4342.0,2095,2763,3376,4062,9245.0,11277.0,2709.0,3808.0,103.5,0,-148090.12137485336,-26972.191636720072
41436.0,82445.0,5537.0,8575.0,200,191,276,95,37950.0,36561.0,21966.0,27853.0,103.6,0,-108377.97503236798,-1203.910946277203
9402.0,16848.0,4006.0,7200.0,4478,4913,5585,5844,13862.0,13097.0,3644.0,3280.0,103.6,0,-143263.30581458058,-25013.88262382202
16871.0,32880.0,3306.0,5957.0,1443,1510,3588,3447,9775.0,10409.0,2096.0,3389.0,103.6,0,-143097.34612831386,-28278.127096953813
7668.0,17719.0,511.0,1956.0,273,177,124,75,8538.0,5302.0,3519.0,1859.0,103.6,0,-149029.09849591248,-26363.094016474945
519796.0,664579.0,44316.0,63861.0,1484,1121,48,119,562615.0,417592.0,300157.0,238113.0,103.6,3,480062.6352712506,425569.1071426417
17946.0,21787.0,2325.0,3913.0,5722,5709,7296,7438,19405.0,19216.0,6486.0,4917.0,103.7,0,-137165.73049237693,-19550.78496818959
2170.0,7674.0,545.0,3197.0,998,1821,1107,2772,2760.0,5555.0,1427.0,2797.0,103.7,0,-154512.6504903879,-30406.00022193347
2461.0,12535.0,461.0,2524.0,1748,2952,2165,3797,5188.0,9346.0,828.0,1177.0,103.7,0,-153779.6344090321,-29346.45431858254
11573.0,21815.0,3050.0,6821.0,3849,3954,5234,5445,13080.0,14751.0,3823.0,2303.0,103.8,0,-143446.20652046378,-25131.19120986655
24741.0,36385.0,6397.0,9344.0,4155,4024,5806,5904,18684.0,17988.0,4899.0,4624.0,103.8,0,-132524.17400107038,-23719.911086126347
7186.0,12361.0,1263.0,3484.0,2619,2746,4125,4396,11060.0,11434.0,3174.0,3098.0,103.9,0,-147530.68813832683,-25147.68927944817
128716.0,184518.0,5619.0,7830.0,613,304,201,129,85141.0,78666.0,72995.0,65235.0,103.9,0,-27747.784577358645,50321.1551071064
474440.0,605779.0,311039.0,385082.0,1286,1218,108,157,247911.0,207350.0,150217.0,126681.0,103.9,0,434390.5746274116,-18719.21237644429
7530.0,19424.0,1247.0,2900.0,1042,1111,2737,2928,7179.0,7683.0,868.0,1268.0,103.9,0,-150238.0210543887,-28877.12799022096
4003.0,19229.0,1287.0,3962.0,2127,3405,2920,4640,8197.0,12947.0,1391.0,3321.0,103.9,0,-150740.76119864796,-27480.929886260943
21444.0,17621.0,3549.0,4787.0,2872,3028,4274,4474,13794.0,13292.0,3025.0,2261.0,104.0,0,-139040.57703054298,-25977.55120111943
23466.0,42318.0,3409.0,4955.0,227,222,117,64,24780.0,23983.0,14878.0,14871.0,104.0,0,-127400.07468803944,-12085.1815991132
23539.0,33328.0,25545.0,39073.0,101,135,131,52,29356.0,25270.0,21140.0,19473.0,104.2,0,-107128.55352782404,-19728.015834687736
53011.0,83078.0,19853.0,28481.0,488,278,159,129,74396.0,68392.0,50749.0,47883.0,104.2,0,-64167.42430904835,27391.34714637921
2576.0,9933.0,722.0,1672.0,77,24,39,59,9868.0,12144.0,5880.0,5554.0,104.2,0,-149031.42603771476,-23740.074266115455
1073.0,6848.0,0.0,327.0,122,0,4,0,2393.0,5014.0,2522.0,5143.0,104.2,-1,-154807.61329209866,-29389.474345260365
570357.0,688584.0,39715.0,57499.0,1691,1484,5,304,1071060.0,848411.0,397925.0,338737.0,104.2,3,775602.9427701783,803823.2689154696
8573.0,13772.0,2099.0,3959.0,2700,2793,4109,3851,13066.0,13284.0,2052.0,2511.0,104.2,0,-145969.1029551934,-25059.44884694836
10127.0,22088.0,3024.0,5546.0,5914,5825,7508,7247,21004.0,20468.0,3735.0,4141.0,104.2,0,-140276.7863759625,-19749.01817934563
17862.0,26496.0,4612.0,6173.0,1870,1539,4854,4301,13025.0,11998.0,4115.0,4866.0,104.3,0,-139390.1876380384,-26020.702470543816
1527.0,4246.0,825.0,3361.0,212,101,81,0,2648.0,5114.0,854.0,1035.0,104.4,-1,-155071.15384092284,-31135.033847365383
1539.0,8474.0,514.0,2301.0,182,111,102,0,6528.0,9848.0,997.0,1417.0,104.4,-1,-153431.58353795862,-28365.21159384207
795.0,5380.0,0.0,292.0,242,190,119,0,4092.0,8368.0,515.0,875.0,104.4,-1,-155435.1381636805,-29824.058341895765
574875.0,752060.0,118308.0,172216.0,954,548,89,153,715482.0,575005.0,408695.0,299222.0,104.4,3,670406.3530308194,527540.4598497809
16415.0,29153.0,1198.0,3057.0,7092,6986,11063,11346,26343.0,27147.0,4685.0,5861.0,104.4,0,-135980.76506395757,-14953.38280666824
3964.0,10916.0,1805.0,3932.0,2468,3000,3498,4273,8730.0,10360.0,1798.0,3115.0,104.5,0,-150033.06334472378,-27327.80424462573
120914.0,178651.0,13155.0,19942.0,303,142,64,100,114034.0,94751.0,38132.0,34644.0,104.6,0,-29445.355451634958,44827.13091935647
4323.0,10573.0,2657.0,5697.0,2643,2930,3291,3383,9149.0,9046.0,684.0,985.0,104.6,0,-149788.89919921168,-28431.0391981437
57627.0,78722.0,11607.0,14900.0,67,251,702,283,54692.0,45389.0,31271.0,32972.0,104.7,0,-85927.06630933982,9245.635453203056
183251.0,272153.0,25344.0,38393.0,385,265,175,102,175938.0,157341.0,80002.0,78698.0,104.7,0,53426.26524133075,96903.090471035
4281.0,14342.0,1802.0,5566.0,2655,3591,3964,5287,11485.0,16000.0,448.0,745.0,104.8,0,-149459.97133938014,-26550.463293620374
7879.0,15781.0,2149.0,4669.0,2217,2115,3291,3608,9402.0,9238.0,1360.0,2467.0,104.8,0,-148133.63348169543,-27661.37039664773
9467.0,16112.0,1505.0,2393.0,3108,2828,4175,3929,10403.0,9639.0,2414.0,2584.0,104.8,0,-147069.90647928894,-26264.953095464192
29280.0,57975.0,11806.0,21153.0,1004,1277,4221,4349,12546.0,11915.0,3791.0,5088.0,104.9,0,-130056.53503372728,-31683.28642063988
2727.0,8865.0,1522.0,4141.0,3379,4818,4201,6568,10952.0,14695.0,1678.0,3357.0,104.9,0,-149744.13036942494,-25675.43446986949
2825.0,9125.0,279.0,2373.0,2283,2493,3062,3443,9517.0,10732.0,650.0,1223.0,104.9,0,-151862.2086948551,-26584.33802051358
450618.0,592076.0,28496.0,37699.0,88,206,133,116,239473.0,207517.0,118831.0,99061.0,105.0,0,210639.33760175752,137281.5988405331
370178.0,471275.0,27356.0,36593.0,991,595,178,294,510881.0,371129.0,176510.0,136105.0,105.1,0,325235.1937708652,344977.07904102484
60360.0,102095.0,8369.0,14534.0,290,209,0,3,69401.0,64441.0,38970.0,46508.0,105.1,0,-75861.63266264829,25802.149840646434
6697.0,8898.0,3052.0,5056.0,2081,2292,3427,3670,8807.0,9725.0,2391.0,2575.0,105.1,0,-147868.33501638632,-28077.309856671287
9768.0,26380.0,2087.0,4842.0,3904,3956,5091,5255,14614.0,13866.0,2351.0,4431.0,105.1,0,-144433.27258840724,-23715.899091910964
28507.0,39514.0,4451.0,8704.0,101,182,150,148,30659.0,29899.0,18732.0,22686.0,105.2,0,-119556.25406778962,-6478.267317009671
57304.0,93341.0,18825.0,28928.0,542,245,0,36,54434.0,52687.0,31571.0,42954.0,105.2,0,-79818.97448754782,6297.608994216
694195.0,966114.0,18425.0,28779.0,2503,2457,47518,46078,270275.0,239339.0,188558.0,171075.0,105.2,0,352216.5735862993,188176.36219829007
13207.0,20921.0,3719.0,5719.0,3473,3166,5041,5127,13916.0,13546.0,0.0,2711.0,105.2,0,-143298.58121444998,-26667.614753882088
21997.0,41434.0,7770.0,13428.0,5746,6360,9077,9185,24997.0,25663.0,5004.0,6364.0,105.2,0,-129587.43384529816,-20082.288222572664
14490.0,22837.0,1433.0,3327.0,2157,2080,4731,4537,14786.0,14300.0,3402.0,5048.0,105.3,0,-142412.16584287063,-22962.75684428005
2242.0,11907.0,1151.0,4621.0,2479,4056,3119,5149,7255.0,11953.0,174.0,672.0,105.3,0,-152763.3057539859,-28812.324491649702
10334.0,19005.0,2118.0,3066.0,1342,1270,3002,3399,7878.0,8448.0,895.0,2863.0,105.4,0,-147960.62100051137,-28896.54676359865
2767.0,6759.0,916.0,3290.0,1169,1396,1577,2029,6116.0,7964.0,1345.0,1396.0,105.4,0,-152705.32191905382,-28814.07263527108
96291.0,150461.0,37151.0,58696.0,270,270,103,156,106999.0,91735.0,62887.0,67097.0,105.4,0,-12893.2650811442,42509.49071216541
32377.0,46014.0,19822.0,29834.0,306,212,234,137,44109.0,42610.0,32863.0,34632.0,105.4,0,-94568.15867370529,-29.382208277645987
2768.0,18514.0,235.0,1018.0,148,109,103,8,3586.0,6805.0,469.0,1145.0,105.5,0,-154674.90833202287,-30396.74211512419
1331.0,5412.0,351.0,1240.0,106,12,98,0,1733.0,7045.0,19663.0,42047.0,105.5,-1,-143768.36119604314,-16928.660591593954
508245.0,682634.0,45038.0,65591.0,1211,1303,0,110,657122.0,561571.0,215968.0,219115.0,105.5,3,484965.5799903167,447246.47166329616
20565.0,35449.0,19096.0,32936.0,14,112,232,210,25942.0,23714.0,21531.0,18372.0,105.5,0,-114333.93828346656,-17656.7834670066
54103.0,91126.0,6500.0,11169.0,788,260,0,0,42775.0,42068.0,25508.0,33683.0,105.5,-1,-98318.4092587938,2851.973908332857
52358.0,81366.0,6136.0,11547.0,92,68,27,60,46862.0,43581.0,24518.0,37399.0,105.6,0,-97326.468145146,5947.440729205078
16734.0,22348.0,1234.0,2683.0,1683,1397,4106,3876,11596.0,11243.0,3435.0,3174.0,105.6,0,-143295.19465531147,-25288.60798255869
9321.0,13461.0,5777.0,5553.0,3902,4031,5401,5487,13596.0,13459.0,1083.0,2215.0,105.6,0,-143274.61019718306,-27534.161392386733
12133.0,17123.0,1102.0,2604.0,6252,6078,7750,7191,19107.0,18594.0,6783.0,5312.0,105.6,0,-140363.89848134897,-18404.956126026613
25691.0,36358.0,5329.0,7961.0,327,193,330,134,25463.0,22351.0,23925.0,18693.0,105.8,0,-121032.90977097016,-8593.413107870037
41947.0,66971.0,2519.0,4574.0,246,102,0,0,43118.0,38921.0,36607.0,30898.0,105.8,-1,-102145.184347682,10566.105885997324
81204.0,120180.0,12910.0,18060.0,363,211,80,83,69771.0,65505.0,42743.0,45100.0,106.0,0,-62808.16108234927,23187.85385336758
193618.0,285679.0,53635.0,86201.0,527,282,610,304,137854.0,112360.0,66824.0,56441.0,106.0,0,52365.09952122206,45287.13473585561
2110.0,11686.0,609.0,2869.0,897,1884,1128,2980,3050.0,7522.0,1014.0,1419.0,106.0,0,-154689.01553928747,-30653.232955194053
1808.0,10483.0,635.0,2552.0,915,2218,1126,3041,3405.0,7500.0,44.0,0.0,106.0,0,-155171.92437235345,-31060.238259350583
39309.0,65528.0,15066.0,23996.0,76,231,144,106,49602.0,45833.0,33181.0,31213.0,106.0,0,-92852.65437183954,5563.907185699816
5124.0,9985.0,2140.0,3993.0,2516,3073,3894,4805,11025.0,13453.0,842.0,2671.0,106.0,0,-148700.35468080672,-26633.92765775357
2522.0,13291.0,308.0,1756.0,491,1533,734,2442,2155.0,7703.0,97.0,235.0,106.0,0,-155621.06144441408,-31632.304488694117
37240.0,59741.0,5158.0,9507.0,331,222,402,178,46633.0,43948.0,22849.0,32385.0,106.1,0,-105544.6383751552,5894.824376598979
10253.0,15934.0,2489.0,5766.0,4432,4048,4873,4928,16312.0,15424.0,1675.0,3144.0,106.1,0,-143602.73440657515,-23417.36443689745
2175.0,9225.0,916.0,2596.0,1383,1837,1543,2103,4599.0,6493.0,687.0,876.0,106.2,0,-153939.74723467938,-30094.582958993746
42509.0,65346.0,22746.0,34961.0,110,124,155,117,42403.0,40425.0,23019.0,27686.0,106.2,0,-93679.85894301136,-8847.609862879879
22503.0,38435.0,10045.0,15103.0,254,220,0,40,30396.0,27058.0,23556.0,21669.0,106.3,0,-116618.56540641272,-7905.998595677724
216725.0,318895.0,16372.0,24001.0,689,539,210,138,101979.0,92395.0,66554.0,72569.0,106.4,0,21859.927877383947,46971.29165707501
77059.0,110998.0,7734.0,12065.0,276,379,444,177,57262.0,50332.0,55033.0,38144.0,106.4,0,-70062.34404275398,22839.208946874107
4319.0,11465.0,1598.0,3982.0,1932,2023,2795,3113,7989.0,9142.0,1007.0,2627.0,106.4,0,-150720.3522263999,-28100.871973180205
7560.0,11401.0,3108.0,5826.0,5468,5926,6937,7403,17025.0,16761.0,4381.0,4061.0,106.4,0,-142837.24243288004,-21893.526094352044
19035.0,39194.0,3510.0,5430.0,5775,5092,8254,7995,20797.0,17942.0,2865.0,3465.0,106.6,0,-136792.356526049,-21235.57765112373
79718.0,105716.0,39032.0,57284.0,4544,4200,7119,6687,22437.0,20820.0,7060.0,5176.0,106.6,0,-84911.55937767719,-44410.8502295072
468229.0,625706.0,311391.0,414170.0,1145,701,392,296,333953.0,276326.0,134500.0,125305.0,106.6,0,464905.3539971354,29051.0177648915
20502.0,34359.0,3762.0,4259.0,601,268,193,62,30372.0,30947.0,14044.0,22547.0,106.7,0,-125186.1202057198,-7696.667211650401
4722.0,12396.0,2616.0,6087.0,2171,2452,3058,3466,8082.0,8836.0,1644.0,1846.0,106.7,0,-149673.11714748843,-28565.022728335127
46351.0,70700.0,4030.0,7761.0,98,123,409,154,25225.0,22853.0,22267.0,16433.0,106.7,0,-114474.45596289467,-10328.990479323396
68943.0,108347.0,8328.0,14003.0,279,220,74,130,57652.0,49794.0,48748.0,42012.0,106.8,0,-74631.17572965048,21222.97732358845
6284.0,11376.0,1462.0,3536.0,2311,2525,2814,3154,8067.0,8345.0,1827.0,2158.0,106.9,0,-149730.16735984356,-27825.34063506993
1941.0,5696.0,278.0,976.0,139,131,301,180,5456.0,4589.0,2383.0,2422.0,107.0,0,-153272.91832468763,-28179.09213975955
225036.0,278315.0,22256.0,32189.0,512,353,269,139,416290.0,328471.0,94457.0,89713.0,107.0,0,183487.46226771813,255929.06134187232
3055.0,18456.0,154.0,1028.0,110,0,181,88,3973.0,6853.0,200.0,820.0,107.0,0,-154579.17095075315,-30284.66073493388
3517.0,8083.0,171.0,1176.0,273,184,136,82,4916.0,6221.0,123.0,450.0,107.0,0,-154027.96869682334,-29821.05484011429
1966.0,5525.0,872.0,3380.0,303,200,169,127,4704.0,7619.0,32773.0,52485.0,107.0,0,-135650.44599687698,-8243.35861164023
507314.0,653958.0,120538.0,156876.0,1375,1101,520,193,702489.0,547209.0,251129.0,235527.0,107.0,3,572225.5801888428,445979.0390619751
2573.0,15194.0,657.0,2779.0,1490,3002,2114,3884,4977.0,8942.0,74.0,441.0,107.0,0,-154065.43814602116,-30044.599108632727
6043.0,16027.0,2322.0,4011.0,3451,3745,4204,4706,9745.0,11040.0,1214.0,2236.0,107.1,0,-148690.55995750224,-27531.01192693833
9093.0,18350.0,2803.0,6682.0,1209,1390,2746,2925,8153.0,8270.0,439.0,2325.0,107.1,0,-148108.6990423313,-29350.262434569173
55345.0,68150.0,32157.0,52181.0,0,115,0,88,56260.0,47777.0,41190.0,32462.0,107.2,0,-68368.33569863974,1562.0110039499525
2206.0,5515.0,142.0,605.0,284,187,108,87,7777.0,8017.0,2066.0,2084.0,107.3,0,-152371.5750466968,-26831.251682624912
1060.0,5647.0,0.0,384.0,152,14,204,129,3901.0,7544.0,1311.0,2051.0,107.3,0,-154969.29442168257,-29440.092461690707
524378.0,657387.0,52538.0,79597.0,1226,1091,668,286,655721.0,537057.0,211828.0,183421.0,107.3,3,490083.09242927656,433139.469507139
23841.0,31364.0,2192.0,4350.0,3038,3000,8404,8344,30906.0,27293.0,9676.0,13758.0,107.3,0,-127368.90041316212,-9816.213164955414
1316.0,7644.0,520.0,1753.0,1915,5197,2259,5690,4439.0,11722.0,852.0,1401.0,107.3,0,-154507.79989372854,-29736.56227856584
2260.0,7373.0,556.0,2016.0,2274,2658,3234,3714,8026.0,9127.0,1102.0,2164.0,107.4,0,-152288.56753989027,-27323.160831604637
78104.0,101251.0,130377.0,195638.0,2681,2888,4993,4798,14055.0,14650.0,2908.0,3439.0,107.4,0,-28029.59652380669,-108979.32483582752
199319.0,294075.0,14570.0,24401.0,494,359,137,36,118999.0,111226.0,88192.0,94487.0,107.4,0,31914.654359345583,72592.11084284003
9059.0,15807.0,1519.0,4645.0,2960,3110,4355,4531,11901.0,12188.0,1796.0,4369.0,107.5,0,-146554.6368596202,-25272.36432561852
22974.0,42180.0,2361.0,4156.0,402,270,106,123,29564.0,28093.0,14953.0,21740.0,107.5,0,-125272.60030597282,-7236.736963891923
85724.0,128728.0,6619.0,8860.0,70,114,218,97,100441.0,89457.0,59899.0,70647.0,107.5,0,-41916.13517048914,57535.0433544764
81731.0,82151.0,43401.0,56279.0,808,304,313,200,51600.0,40891.0,42953.0,29745.0,107.5,0,-51589.26434517116,-9854.703682540645
3145.0,18385.0,717.0,2695.0,967,1470,1669,2738,5243.0,8626.0,760.0,1055.0,107.5,0,-153340.82878477624,-29565.481357246987
1317.0,7778.0,193.0,2481.0,645,1379,930,2387,1918.0,5854.0,252.0,595.0,107.5,0,-156197.51027939795,-31508.495894575077
7448.0,15287.0,2708.0,3892.0,2391,2385,3496,3232,8990.0,8655.0,2649.0,2965.0,107.5,0,-147570.57014476793,-27623.68676851841
42057.0,63107.0,4907.0,7806.0,284,168,81,77,45313.0,41430.0,31831.0,32216.0,107.6,0,-101047.47840396232,8645.787427872794
9712.0,12091.0,3065.0,3414.0,3757,3356,4485,4303,12510.0,11875.0,1784.0,2997.0,107.6,0,-145120.8777750111,-26125.96334032988
5807.0,11571.0,1093.0,3445.0,2335,2947,2699,3644,8943.0,10670.0,2633.0,2207.0,107.6,0,-149481.85846162355,-26663.0266948781
3268.0,5792.0,710.0,1422.0,822,2087,1022,2823,2772.0,7152.0,532.0,566.0,107.6,0,-154556.33276079578,-31307.004753205016
3784.0,5393.0,789.0,1298.0,1958,1928,2623,2792,7003.0,7040.0,1777.0,1980.0,107.6,0,-151740.36471176578,-27962.788769189538
38016.0,64973.0,8205.0,13417.0,182,169,83,135,43541.0,40653.0,22951.0,28741.0,107.6,0,-104940.12519359148,1433.740278550078
15143.0,33432.0,3134.0,5137.0,3066,2977,4693,4545,12464.0,12172.0,2461.0,2733.0,107.6,0,-142654.67205263226,-26308.524722409275
93191.0,151687.0,6244.0,10882.0,242,282,0,78,77481.0,71537.0,66678.0,59988.0,107.6,0,-48312.91132636077,43901.29002250984
28819.0,43281.0,6634.0,10979.0,288,175,165,75,26451.0,25404.0,13179.0,18285.0,107.7,0,-122422.96379340936,-13566.210116907576
4610.0,13324.0,377.0,2706.0,6464,7968,7470,9122,16505.0,19963.0,2324.0,2505.0,107.7,0,-147118.5268692122,-21428.41769713484
8073.0,22026.0,2387.0,3796.0,4852,5036,6503,6764,17745.0,18197.0,1606.0,2815.0,107.7,0,-143983.94075702448,-22383.83080843389
37990.0,47673.0,4435.0,5758.0,0,94,348,181,26315.0,24154.0,16844.0,18594.0,107.8,0,-118855.96387837784,-11279.478137353224
8859.0,17799.0,2470.0,4652.0,4635,5034,5786,6199,14682.0,15304.0,1311.0,3157.0,107.8,0,-145052.64583938703,-24494.107666393287
5445.0,11659.0,1283.0,2342.0,2416,2803,3378,3713,9746.0,11243.0,1962.0,1916.0,107.8,0,-149420.2513120804,-26577.777853982952
3183.0,7100.0,0.0,711.0,176,71,65,43,4265.0,5679.0,413.0,529.0,107.8,0,-154459.62016541127,-29969.3265987989
4523.0,10292.0,96.0,1627.0,207,168,0,0,10280.0,6446.0,1105.0,748.0,107.8,-1,-150851.43315275057,-25986.712557465005
622625.0,805083.0,35608.0,47606.0,1128,1181,150,95,827280.0,653678.0,260901.0,241252.0,107.8,3,621384.0828656234,575728.1659311993
2371.0,7837.0,1797.0,3361.0,1339,1325,1937,2215,4772.0,5466.0,337.0,1538.0,107.9,0,-153218.22196250845,-30590.697791524915
4010.0,11941.0,1321.0,2998.0,2045,2730,2713,3380,6196.0,7714.0,1018.0,997.0,107.9,0,-152048.24148919818,-29297.82832417179
18846.0,31370.0,1943.0,4379.0,3381,3204,4880,4516,13188.0,12288.0,4852.0,3348.0,107.9,0,-140673.26310042752,-24241.5081749183
12958.0,27553.0,2950.0,5200.0,1777,1853,5357,5535,13743.0,13705.0,5746.0,4323.0,108.0,0,-141688.77619145645,-23606.072818753462
7289.0,17878.0,1608.0,3397.0,4557,4720,5284,5471,16730.0,17260.0,2173.0,3038.0,108.0,0,-145065.30858015406,-22214.51031016594
101373.0,154043.0,4650.0,6715.0,0,210,222,224,90198.0,81548.0,85128.0,74135.0,108.1,0,-31733.79201765475,62423.8432831432
13177.0,24093.0,3987.0,6521.0,3449,3640,4527,4752,14491.0,15624.0,3793.0,3489.0,108.1,0,-141369.1740155547,-24755.15331001283
1306.0,4036.0,1083.0,3515.0,2252,3174,2989,4236,7305.0,10320.0,0.0,0.0,108.1,0,-153320.82768138667,-28858.16474368889
73569.0,108424.0,19517.0,30964.0,133,146,0,2,56772.0,52606.0,48877.0,41953.0,108.2,0,-65366.92226258869,13385.756525233188
60921.0,98199.0,8780.0,14453.0,420,236,261,90,71922.0,65731.0,38225.0,49396.0,108.2,0,-74120.97360362591,27253.0226630042
858597.0,913632.0,420308.0,477864.0,1961,1244,504,242,471342.0,403865.0,267166.0,214201.0,108.3,3,822114.9293439583,92102.29436321065
14911.0,28549.0,4838.0,7147.0,1764,1294,3087,2908,10761.0,10571.0,6748.0,6545.0,108.3,0,-140281.8756145075,-26032.13752245605
51007.0,77705.0,2454.0,5549.0,491,263,33,39,38690.0,34360.0,27250.0,25035.0,108.3,0,-104659.56227558704,2341.689508853171
139138.0,229049.0,12795.0,19068.0,146,308,409,191,176265.0,144430.0,65707.0,52971.0,108.4,0,18316.21040936312,97728.92769229454
24644.0,39539.0,4751.0,8965.0,0,78,117,163,29185.0,27731.0,20601.0,21531.0,108.5,0,-121052.01180328372,-6748.669026739855
40334.0,72393.0,10872.0,17018.0,2422,2709,6112,5945,17015.0,18062.0,5699.0,5860.0,108.5,0,-123352.75774031245,-28061.8130778211
2280.0,5114.0,1481.0,2810.0,1265,1424,2073,2450,5382.0,6158.0,220.0,947.0,108.5,0,-153316.5561882064,-30144.254373516444
27766.0,46148.0,8333.0,14270.0,206,318,165,127,25586.0,22775.0,19241.0,17126.0,108.5,0,-119980.32003194104,-12753.686448326174
176619.0,245589.0,9470.0,11120.0,613,316,336,216,229290.0,187179.0,87711.0,75068.0,108.6,0,66187.33848219106,143685.93636673555
96770.0,160847.0,37853.0,59443.0,192,148,212,86,52751.0,47626.0,32930.0,37066.0,108.7,0,-51518.38101930282,-9651.549346444384
1685.0,9775.0,1062.0,4117.0,1172,1842,1655,2756,3898.0,6547.0,506.0,698.0,108.7,0,-154445.23247938725,-30701.698422813708
42425.0,66911.0,19311.0,32183.0,340,145,0,10,49037.0,45423.0,40366.0,38733.0,108.8,0,-85297.65404065415,6560.175350993963
42136.0,65105.0,10225.0,16800.0,327,176,0,47,57775.0,56114.0,36908.0,42696.0,108.8,0,-88526.75588411315,16993.311952805783
2497.0,15343.0,336.0,3006.0,1495,3008,1659,3278,5102.0,10537.0,0.0,0.0,108.9,0,-154345.47385790324,-29862.00449740656
6316.0,15394.0,1400.0,3476.0,3407,3937,3885,4043,10600.0,10872.0,1635.0,1809.0,108.9,0,-148729.1011643917,-26321.892372593127
174703.0,236245.0,19500.0,30982.0,770,502,392,202,259609.0,214304.0,117534.0,86301.0,108.9,0,98423.3452682294,170999.9427058358
2064.0,12756.0,0.0,0.0,165,124,114,0,1949.0,4074.0,223.0,544.0,108.9,-1,-156031.76998456643,-31436.56134728277
681711.0,852017.0,620780.0,866995.0,2432,2611,529,542,413799.0,326003.0,177755.0,145922.0,108.9,3,820552.8156114557,-107123.48042335911
84426.0,125302.0,20600.0,30647.0,0,185,0,63,84468.0,73522.0,63937.0,59772.0,108.9,0,-39878.01124282999,38690.90606309923
2803.0,6391.0,163.0,1399.0,2364,2428,3277,3414,7218.0,7806.0,1670.0,2274.0,109.0,0,-152478.08178888512,-27366.578855594715
55235.0,97418.0,48799.0,73742.0,3162,3264,9980,9710,26787.0,25748.0,10976.0,10109.0,109.0,0,-84162.94447846012,-43758.54860059501
10003.0,25170.0,1091.0,3264.0,5541,5655,7277,7697,20769.0,20317.0,2139.0,4058.0,109.1,0,-142368.99963861547,-19359.18733860074
6910.0,14806.0,959.0,4037.0,3072,3346,4258,4269,12152.0,12806.0,2699.0,2388.0,109.1,0,-147625.17760546767,-24561.771431560428
50066.0,76614.0,50591.0,77776.0,2661,2582,6075,5863,13590.0,13134.0,6774.0,6941.0,109.2,0,-92948.74854710918,-55172.34922492567
2128.0,11082.0,588.0,2153.0,1939,3077,2544,4423,6517.0,10172.0,1574.0,1685.0,109.3,0,-152888.76218403268,-28168.95921757207
176628.0,257358.0,27650.0,45392.0,234,400,285,137,163778.0,143539.0,68121.0,67924.0,109.3,0,41078.36900825016,81483.20788620619
84750.0,123271.0,3927.0,6446.0,285,300,0,58,55109.0,46854.0,33564.0,38173.0,109.3,0,-78432.3187662519,14363.385371795051
38813.0,66279.0,11803.0,19288.0,31,56,17,54,27275.0,26289.0,22138.0,22799.0,109.4,0,-110513.31339613738,-12456.416193683011
106846.0,156513.0,11612.0,16542.0,92,318,0,37,88525.0,77663.0,33274.0,35380.0,109.4,0,-49472.34523553605,28661.024741062512
1866.0,10753.0,0.0,652.0,321,339,115,36,4468.0,7384.0,510.0,1262.0,109.4,0,-154778.63878043473,-29597.052291562028
1126.0,4330.0,101.0,465.0,136,128,58,0,4740.0,9760.0,32412.0,45391.0,109.4,-1,-137541.88429431547,-8971.01232313898
632578.0,808520.0,36298.0,50784.0,1335,1203,490,240,739604.0,594692.0,234512.0,230225.0,109.4,3,575279.342060179,506370.5157236744
7459.0,11196.0,460.0,2066.0,2310,2170,3869,3652,8615.0,8236.0,2642.0,2241.0,109.5,0,-149381.3022790816,-26568.316558437684
8994.0,20525.0,681.0,1746.0,2863,3040,3531,4023,10536.0,11233.0,1258.0,2619.0,109.5,0,-148196.2376614832,-26113.556647354377
21401.0,29277.0,5247.0,9166.0,0,76,0,89,20954.0,20563.0,10155.0,16062.0,109.6,0,-130294.4773120441,-17314.76342211243
18793.0,35919.0,2293.0,5468.0,4255,4373,5887,5927,16437.0,15429.0,3327.0,3269.0,109.6,0,-139558.10865553957,-23054.45260687566
11703.0,22970.0,1968.0,3282.0,4894,4893,6193,6366,14550.0,15333.0,1959.0,2172.0,109.6,0,-144178.37013347534,-24332.649696326796
12858.0,30316.0,2116.0,3859.0,4468,5063,5524,6071,14812.0,15234.0,2617.0,4046.0,109.6,0,-143007.2401329392,-23759.34795234064
5175.0,13100.0,0.0,1599.0,188,124,219,159,7202.0,7016.0,1173.0,1205.0,109.6,0,-151953.69468311148,-27814.033581953
1144.0,6062.0,767.0,4165.0,225,265,162,56,7181.0,17613.0,41106.0,76968.0,109.6,0,-128774.37036291604,867.9531810745284
647021.0,783410.0,73080.0,100407.0,2103,1645,766,399,942677.0,756431.0,348673.0,316490.0,109.6,3,751176.3370397823,672484.5314461318
5626.0,12828.0,853.0,2040.0,11553,13049,19364,22006,7906.0,8558.0,196.0,1040.0,109.7,0,-151194.39552816882,-28334.317529921776
84844.0,119609.0,4950.0,6213.0,327,242,0,0,63871.0,58356.0,52114.0,50125.0,109.7,-1,-65398.00386772888,28972.93883129062
2437.0,9314.0,540.0,2241.0,1480,1926,1700,2331,4789.0,6784.0,218.0,548.0,109.7,0,-154220.5641718178,-30004.554998017506
159454.0,233480.0,11159.0,18347.0,249,204,333,189,142569.0,123436.0,46877.0,46811.0,109.7,0,2588.0644370246155,67240.52863039407
43050.0,63837.0,1726.0,2830.0,345,242,30,69,40140.0,40573.0,17530.0,29139.0,109.8,0,-110836.08187595523,812.8720311967081
41213.0,64974.0,6212.0,10142.0,2675,2870,6193,6222,18517.0,17690.0,4983.0,7363.0,109.8,0,-125607.3903973672,-24302.809813074127
75121.0,106557.0,7000.0,9248.0,408,308,0,0,77353.0,68431.0,68597.0,47401.0,109.8,-1,-56146.587462627416,43320.43395416625
18564.0,30082.0,3445.0,4015.0,3007,2901,4166,4195,11861.0,12449.0,2082.0,2391.0,109.8,0,-141494.66163737245,-27322.48404793716
5253.0,10836.0,1306.0,3990.0,4393,4830,5651,6087,12781.0,13511.0,903.0,2390.0,109.9,0,-148438.3968197464,-25025.33932733938
8207.0,18948.0,1115.0,3118.0,200,96,57,62,6703.0,7740.0,869.0,3478.0,109.9,0,-149992.17827664802,-28789.77857067099
5409.0,15593.0,1419.0,2927.0,1852,2149,2246,2581,5299.0,5875.0,649.0,1058.0,109.9,0,-151941.5253504625,-30163.416843193765
10145.0,12024.0,1859.0,3463.0,913,1061,2555,2600,7755.0,7647.0,3581.0,3434.0,109.9,0,-147210.4452952006,-27581.43271007629
17323.0,24228.0,4758.0,5306.0,5470,5392,6913,6713,21670.0,19309.0,2902.0,4261.0,110.0,0,-136126.1941816191,-21215.53157366151
5164.0,11746.0,1484.0,4133.0,1199,2416,1142,2455,3151.0,6644.0,258.0,505.0,110.0,0,-153182.35233571028,-31801.323719352426
8559.0,15713.0,1179.0,4168.0,1217,2413,1504,2718,3611.0,6933.0,1108.0,1169.0,110.0,0,-151397.2022739457,-31075.544932320645
23449.0,44292.0,2640.0,6716.0,3786,3471,5473,5311,17222.0,17020.0,4135.0,4833.0,110.0,0,-136563.6400560885,-22489.093148850232
49297.0,75363.0,30999.0,49240.0,2947,3024,7097,7221,18804.0,17853.0,5965.0,5528.0,110.0,0,-104917.95145927103,-40089.25763539191
9799.0,21970.0,2638.0,4150.0,2748,2434,3718,3816,11193.0,11252.0,3782.0,3370.0,110.0,0,-145192.59510507763,-25798.98112889295
43429.0,70283.0,11416.0,18245.0,5,31,333,162,44279.0,39534.0,33599.0,31888.0,110.0,0,-95846.10847388423,4506.356628938116
10613.0,16590.0,938.0,2566.0,2021,2298,4695,4889,12840.0,13112.0,3560.0,4989.0,110.1,0,-145168.49089421,-23573.582619787565
5062.0,13911.0,1429.0,3220.0,1516,1542,2063,2362,6409.0,7594.0,1045.0,2251.0,110.3,0,-151280.41860628934,-29087.83997268645
56657.0,85176.0,2471.0,4483.0,94,109,168,59,49238.0,46785.0,35178.0,33793.0,110.4,0,-93547.13880233542,13365.938286960922
4790.0,17946.0,2452.0,5711.0,1606,1919,2167,2478,6543.0,7662.0,795.0,2141.0,110.4,0,-150730.7704485121,-29750.092369906088
70624.0,106526.0,6389.0,8639.0,583,293,282,142,59121.0,58510.0,38971.0,47625.0,110.4,0,-77517.57188033892,20058.50988159125
7972.0,22619.0,3270.0,6140.0,2763,3047,3918,4282,10994.0,12134.0,1169.0,1636.0,110.4,0,-146777.1850650956,-27577.107044133518
37588.0,68011.0,11320.0,19538.0,1625,1310,4215,3970,10326.0,10130.0,2949.0,3646.0,110.5,0,-128482.24184347448,-33907.00234249784
9935.0,18606.0,2106.0,3575.0,3061,3042,3791,3744,10557.0,9481.0,3183.0,2593.0,110.6,0,-146109.44547181242,-26252.07694921191
13898.0,23947.0,2066.0,3533.0,5758,5659,7226,7327,20675.0,22378.0,4723.0,4169.0,110.6,0,-139174.9276849076,-19182.118254931494
47802.0,72514.0,5886.0,11027.0,683,321,436,177,46590.0,43603.0,33562.0,32403.0,110.6,0,-96779.23859010127,9222.06065469771
4342.0,10324.0,1354.0,3728.0,1869,3548,2402,4321,5932.0,9975.0,1819.0,2337.0,110.7,0,-151544.37776902254,-28956.478854766763
1649.0,10764.0,485.0,2964.0,1115,3150,1022,3258,2701.0,7747.0,548.0,901.0,110.7,0,-155357.8401244015,-31045.194059081638
351138.0,504508.0,91579.0,136753.0,251,489,259,235,160606.0,135998.0,88068.0,80359.0,110.7,0,164193.5720741632,38365.6075034484
63849.0,106914.0,18101.0,30286.0,261,289,278,225,58034.0,52767.0,39975.0,44388.0,110.7,0,-72733.3200259456,12360.406328696492
558.0,3363.0,396.0,2219.0,500,1135,523,1397,1655.0,4118.0,623.0,1465.0,110.8,0,-156240.70948242184,-31458.45804736675
741.0,4474.0,484.0,1986.0,951,1607,1214,2177,3232.0,5896.0,375.0,604.0,110.8,0,-155592.4865389419,-30769.47744616503
24448.0,35192.0,5668.0,9961.0,26,62,273,127,33846.0,31007.0,25088.0,26834.0,110.8,0,-116071.54740508644,-1630.4285264112077
5781.0,15453.0,3845.0,7746.0,3630,4029,4350,4970,12617.0,13602.0,1616.0,2012.0,110.8,0,-146330.72081702735,-26521.34069796679
6741.0,13605.0,2176.0,3599.0,2560,2284,3419,3159,7415.0,6350.0,1328.0,1262.0,110.8,0,-149639.92828888528,-29067.50735204602
6258.0,14149.0,872.0,2829.0,3718,3938,4814,5353,11511.0,12401.0,2002.0,2724.0,110.9,0,-148453.86185118064,-25107.83658238277
94994.0,143913.0,19065.0,28806.0,387,363,235,116,47505.0,42100.0,34842.0,31316.0,110.9,0,-67605.57834035762,-1178.0222075019374
8845.0,16578.0,3893.0,6960.0,3428,3087,4422,4638,12333.0,12054.0,4097.0,4018.0,110.9,0,-144002.13774580398,-25566.84686282929
42700.0,58101.0,7669.0,12634.0,418,235,237,65,43837.0,37427.0,26727.0,23858.0,111.0,0,-102481.36750059704,2453.939148389112
27858.0,48597.0,15936.0,25123.0,136,217,93,64,30120.0,25813.0,15114.0,17258.0,111.0,0,-114154.84190796578,-16376.936927344736
14420.0,38727.0,5832.0,11145.0,1435,1397,3831,3891,9129.0,9339.0,2535.0,3116.0,111.0,0,-142520.11389058444,-29972.21854951098
25327.0,41085.0,3561.0,5482.0,257,155,23,8,33275.0,30960.0,21356.0,21783.0,111.1,0,-119439.31231825182,-3103.116639095686
1988.0,11752.0,681.0,2262.0,502,1455,779,2250,2053.0,6075.0,2505.0,4037.0,111.1,0,-154259.011405914,-30275.59981755591
5951.0,20686.0,1536.0,5471.0,2407,3244,3978,5389,10821.0,15261.0,0.0,1355.0,111.1,0,-149347.9100386819,-27001.661248951583
67877.0,96926.0,7945.0,8326.0,536,205,194,135,49091.0,40113.0,48248.0,34418.0,111.2,0,-80334.97407843995,14691.296987737154
3638.0,8898.0,4502.0,8323.0,2446,2720,3743,4042,8638.0,8391.0,1582.0,2371.0,111.2,0,-148519.02935580607,-29267.481998215404
60579.0,84243.0,14204.0,21096.0,0,2,452,277,60514.0,55262.0,45655.0,47665.0,111.2,0,-73135.69846970424,19497.518366759858
36372.0,54250.0,2981.0,6001.0,488,459,349,131,42650.0,38969.0,32278.0,29011.0,111.3,0,-106145.3571107688,8214.344410178466
5717.0,17056.0,1520.0,2953.0,2456,2826,3608,4630,10209.0,12607.0,612.0,2129.0,111.3,0,-149407.39040284703,-26983.2717852075
4295.0,10625.0,525.0,3254.0,1740,2180,2077,2614,5783.0,8039.0,0.0,181.0,111.4,0,-153147.68914562324,-29637.094736392453
7386.0,13230.0,1960.0,4666.0,7891,8213,8910,9636,20208.0,21373.0,2830.0,2902.0,111.4,0,-142977.2335258452,-19983.10575663475
28877.0,44971.0,7465.0,12818.0,487,222,158,86,33344.0,31501.0,15055.0,23197.0,111.4,0,-117404.44663347372,-8158.105979267242
1628.0,4464.0,1071.0,2987.0,1085,2541,1608,3313,4337.0,10860.0,2306.0,2788.0,111.4,0,-153336.34615780786,-29335.407881649426
1478.0,5067.0,410.0,1735.0,1380,2669,1940,3734,5886.0,11966.0,179.0,569.0,111.4,0,-154220.1804758599,-29179.342700586472
3885.0,10198.0,0.0,570.0,47,63,168,132,5956.0,6896.0,671.0,863.0,111.4,0,-153272.54812322662,-28783.548425862864
359724.0,465417.0,27270.0,37905.0,835,1003,507,274,579818.0,479440.0,232591.0,206424.0,111.4,0,381554.2743709874,424115.8290562931
6600.0,18864.0,1402.0,2703.0,4521,4722,5730,5389,15611.0,15306.0,1827.0,4254.0,111.5,0,-145967.75910552248,-22696.85882428374
3013.0,12496.0,832.0,2483.0,1508,2350,2054,3075,3834.0,5595.0,200.0,1788.0,111.5,0,-154063.02677801927,-30636.869759360277
96885.0,138665.0,14976.0,23277.0,336,189,270,125,63659.0,58001.0,41060.0,40077.0,111.5,0,-58970.774379810726,15495.365721840675
18462.0,33171.0,3115.0,5804.0,436,198,137,243,27198.0,26200.0,14541.0,15284.0,111.5,0,-128633.94492004496,-10121.81113669062
43761.0,71966.0,8587.0,15041.0,210,234,222,105,37892.0,35828.0,25794.0,28929.0,111.5,0,-103797.1251673992,-1527.7729547838717
10666.0,17045.0,2526.0,5546.0,4451,5214,6298,6779,15422.0,15822.0,836.0,4236.0,111.5,0,-143979.10265805607,-24203.580830595733
1650.0,9616.0,635.0,3644.0,450,1221,921,2498,2634.0,7008.0,956.0,2300.0,111.6,0,-154958.33315042703,-30785.749463582437
1924.0,10526.0,738.0,3636.0,1296,2252,1622,3317,4084.0,8323.0,484.0,668.0,111.6,0,-154498.9233960519,-30410.43954856922
341471.0,411642.0,543472.0,773667.0,9724,10510,14136,14049,41619.0,40832.0,12602.0,10793.0,111.6,0,382056.28219763737,-362756.5844368709
1887.0,7058.0,551.0,1796.0,1275,3374,1636,4349,4460.0,11123.0,1584.0,2859.0,111.6,0,-153790.9476021644,-29239.65142851081
52308.0,86868.0,10153.0,15854.0,0,23,73,95,60040.0,57261.0,46342.0,53536.0,111.6,0,-78539.15708824876,23508.252321349468
4577.0,9830.0,1114.0,3388.0,3246,4029,3556,4199,7540.0,9848.0,481.0,1682.0,111.7,0,-151460.96561327582,-28469.34314134053
13977.0,26915.0,1776.0,3800.0,1348,1090,3194,2912,7819.0,7655.0,2706.0,2918.0,111.7,0,-146055.96985079942,-28186.70051812458
8875.0,17589.0,1459.0,2112.0,3040,3150,3831,3675,12208.0,11609.0,3467.0,1945.0,111.8,0,-146223.09551109126,-24717.808021254557
3561.0,13280.0,1004.0,3349.0,2824,3656,4076,5258,9597.0,12279.0,890.0,1759.0,111.8,0,-150865.28841680122,-26848.085138505976
8737.0,13826.0,2736.0,5351.0,4121,4590,5372,5674,12748.0,13673.0,1333.0,1465.0,111.8,0,-145998.13880690155,-26138.86975318606
11188.0,17600.0,3853.0,5885.0,2889,3153,3787,4150,12114.0,12373.0,2686.0,3502.0,111.9,0,-143756.9197471403,-26508.389533435955
13573.0,17519.0,2513.0,3066.0,5727,6075,8042,8631,18918.0,19592.0,2633.0,3943.0,112.0,0,-140590.332694338,-21463.823120395427
4179.0,13110.0,1577.0,5196.0,1617,1835,2272,2450,7286.0,7876.0,732.0,1271.0,112.1,0,-151383.29652947976,-28857.06926646639
14752.0,27288.0,2372.0,4253.0,3977,4064,5276,5872,15746.0,17313.0,1941.0,5110.0,112.1,0,-141750.21408532796,-23565.673483792907
42416.0,79780.0,1591.0,3720.0,306,138,11,99,26750.0,25374.0,10024.0,18857.0,112.1,0,-121294.72858707128,-12327.065113489502
12728.0,29020.0,11071.0,18263.0,2706,2562,3264,3535,10390.0,10928.0,1418.0,1911.0,112.1,0,-139588.96898294854,-33018.67877143196
18534.0,31304.0,1895.0,3221.0,3327,2961,5316,5231,13642.0,12967.0,6394.0,5425.0,112.2,0,-139797.57974224657,-22922.597932032397
1617.0,6460.0,1309.0,2197.0,3443,5174,4327,6184,9748.0,13490.0,1661.0,1612.0,112.3,0,-151115.02698513694,-26517.77347461942
36248.0,60244.0,9200.0,14567.0,0,75,80,55,31155.0,32706.0,18217.0,25638.0,112.3,0,-112700.42708567306,-9391.70346570353
2815.0,7883.0,968.0,4272.0,750,1275,1005,1924,3457.0,5693.0,0.0,0.0,112.3,0,-154522.89684308978,-31320.478774642863
6464.0,13745.0,523.0,1859.0,2814,3253,3635,3806,8582.0,8971.0,1547.0,2515.0,112.3,0,-150128.7944673361,-26980.551667582906
4293.0,10767.0,2253.0,4886.0,3200,3694,4302,4842,11405.0,12581.0,1994.0,2010.0,112.4,0,-148447.6452972189,-26032.914636837544
75879.0,104050.0,18135.0,30869.0,402,286,273,93,56682.0,52432.0,43300.0,43126.0,112.4,0,-67324.90210350433,11894.940509299371
22221.0,39020.0,1692.0,3971.0,7532,8017,8794,9063,21863.0,22203.0,1102.0,3944.0,112.4,0,-136848.0051783016,-20290.320442900345
4168070.0,2206190.0,8264470.0,5810560.0,14648,5085,3490,1389,2688340.0,1656930.0,1941960.0,1060640.0,112.4,2,9318887.4549371,-2807425.3402125738
1642.0,8251.0,1280.0,3773.0,1034,1421,1732,2673,4234.0,6144.0,602.0,1068.0,112.4,0,-154078.85651088474,-30523.362150378107
2832.0,6923.0,678.0,2300.0,177,84,68,2,4487.0,5665.0,2087.0,1659.0,112.5,0,-153274.50344717776,-29348.04702598361
550714.0,732461.0,65733.0,104473.0,1154,1271,494,231,566345.0,460044.0,237051.0,211557.0,112.5,3,482550.9881906125,381731.9777127024
58841.0,96456.0,16329.0,26580.0,61,217,295,139,60490.0,54649.0,46216.0,44479.0,112.5,0,-72586.37313583323,17984.809324527818
2598.0,14188.0,1496.0,6186.0,1882,2958,2470,3996,4900.0,7891.0,582.0,960.0,112.5,0,-153256.14375470745,-30324.694783430557
15654.0,31905.0,5506.0,9216.0,3541,3453,4842,4857,15145.0,14761.0,2493.0,3704.0,112.5,0,-139462.97667941102,-25966.597437426364
51828.0,87425.0,10220.0,17628.0,197,229,460,164,37673.0,36130.0,27015.0,33212.0,112.6,0,-98472.52883939206,-2015.456880745678
58332.0,79370.0,4602.0,7959.0,346,188,0,14,48693.0,44427.0,41384.0,32931.0,112.7,0,-89453.53246247575,14039.687299067811
9206.0,11679.0,1675.0,4452.0,2201,2164,3711,3853,9422.0,9051.0,623.0,1684.0,112.7,0,-148278.9457767986,-27871.26638774531
11656.0,18272.0,2339.0,5185.0,3386,3337,5502,5728,14892.0,15453.0,2564.0,4928.0,112.7,0,-143219.9923537684,-23650.47615898154
48406.0,72217.0,4433.0,6507.0,432,235,237,158,53744.0,51294.0,34131.0,39416.0,112.8,0,-93214.86135578106,15982.361657597929
71924.0,110632.0,11485.0,17537.0,2694,2356,5361,5090,17989.0,18114.0,6239.0,5151.0,112.8,0,-109444.2846165582,-29772.985545809745
61827.0,88296.0,9792.0,14149.0,1,56,187,57,50086.0,44610.0,35765.0,33732.0,112.9,0,-85783.21782428629,9206.423865521743
1399.0,9144.0,509.0,3329.0,744,1525,1546,3734,3931.0,9180.0,671.0,1912.0,112.9,0,-154716.17916482055,-30050.88481614639
3848.0,12570.0,1160.0,3946.0,620,1414,1273,3346,3231.0,7776.0,190.0,522.0,112.9,0,-153933.04027874462,-31486.80078474444
1722.0,6828.0,0.0,694.0,201,76,134,55,2285.0,6397.0,17039.0,34190.0,112.9,0,-145561.53148070196,-18747.662767587342
54742.0,90663.0,3970.0,8001.0,305,230,45,98,80002.0,76551.0,36694.0,51193.0,112.9,0,-76668.91240068577,35428.82067323891
5940.0,9248.0,1613.0,3074.0,3602,3533,4627,4579,12760.0,12209.0,3592.0,2636.0,113.0,0,-146934.13046968327,-24109.9774634064
4452.0,7154.0,499.0,1848.0,2465,1948,3070,3167,7857.0,7696.0,1947.0,1648.0,113.0,0,-151259.58337874105,-27265.480982093948
16189.0,28033.0,1321.0,4307.0,7135,7332,8777,9605,24327.0,25115.0,1857.0,4908.0,113.0,0,-138064.08389085595,-17635.65199405147
1779.0,8065.0,262.0,1455.0,1190,2220,1431,2666,3941.0,7480.0,211.0,836.0,113.1,0,-155031.4841395651,-30280.538894875583
30974.0,55690.0,8708.0,14472.0,4,112,2,12,36752.0,32419.0,24936.0,24722.0,113.1,0,-110312.94965174107,-2529.0903242665845
16347.0,23636.0,2870.0,5006.0,11713,11353,13179,12901,31323.0,31570.0,1617.0,5495.0,113.1,0,-133774.34953394154,-14194.933616461782
5130.0,9829.0,2324.0,4302.0,2696,2895,3288,3618,8865.0,10024.0,1187.0,1444.0,113.2,0,-149572.6698248495,-28169.31147981092
37581.0,49741.0,13790.0,22417.0,376,185,86,92,37633.0,33774.0,22907.0,23378.0,113.3,0,-104618.27584424514,-6659.241681878382
10224.0,18249.0,2109.0,3209.0,5184,5441,7008,7263,15944.0,16281.0,3381.0,3268.0,113.3,0,-143393.29390707702,-22669.399782083936
3559.0,15390.0,1139.0,3345.0,1825,2271,2549,3129,6952.0,8768.0,944.0,1878.0,113.3,0,-151934.49396033262,-28566.11522893808
7240.0,9959.0,6823.0,10974.0,155,105,136,99,8029.0,7936.0,27457.0,20898.0,113.3,0,-133835.34544113727,-17519.87090199718
3398820.0,2008670.0,8033080.0,5690360.0,15853,7577,4627,2048,4451290.0,2495470.0,3155280.0,1609640.0,113.3,2,10155988.707677234,-900262.8864700373
5795.0,15777.0,1931.0,3644.0,1525,1469,2391,2436,6292.0,6551.0,460.0,1439.0,113.4,0,-151004.377213534,-29899.633327991716
12194.0,17036.0,726.0,2816.0,3980,3823,5202,5276,13574.0,12633.0,1837.0,2557.0,113.4,0,-145274.66246742464,-24192.879722958703
95722.0,142595.0,17213.0,27316.0,426,267,17,60,79704.0,71575.0,74222.0,62391.0,113.4,0,-35611.2146864441,41806.71086883322
44004.0,67132.0,8071.0,11571.0,97,190,155,107,43862.0,40668.0,26232.0,25779.0,113.5,0,-101599.25783441435,2233.287197802547
13741.0,21976.0,2176.0,3593.0,4575,5203,6645,6566,19311.0,18594.0,3180.0,3524.0,113.6,0,-140432.4983077522,-20854.74031826489
6496.0,11735.0,2210.0,4403.0,1516,1243,2556,2614,8283.0,8336.0,1733.0,2554.0,113.6,0,-149016.18893368804,-28147.98837930191
113768.0,164704.0,15778.0,24811.0,915,314,1,60,91783.0,84429.0,85993.0,73621.0,113.7,0,-18002.52077464864,55913.15596073767
22722.0,38616.0,1774.0,3205.0,453,258,11,39,21233.0,21320.0,20479.0,15468.0,113.7,0,-128290.0546004401,-10807.459538029669
39537.0,63277.0,12537.0,17207.0,408,227,273,114,40171.0,37686.0,30344.0,27771.0,113.7,0,-100238.39336657824,-568.9347898449378
7818.0,11976.0,2063.0,3998.0,2177,1995,3864,3788,11500.0,11749.0,4025.0,3469.0,113.7,0,-146161.43904979533,-24996.44392070206
1324680.0,1098180.0,2757160.0,3247560.0,4281,2942,1444,905,735667.0,549809.0,421511.0,292357.0,113.7,3,2812753.894062913,-1160899.8176289515
5372.0,12101.0,1526.0,3581.0,6516,7283,7965,9081,17497.0,18544.0,1859.0,2162.0,113.8,0,-145780.00058062325,-21821.12308938076
26297.0,44394.0,11605.0,16795.0,1854,1644,4169,4420,11315.0,11053.0,4340.0,3500.0,113.8,0,-131968.0866729064,-32166.913016048915
110742.0,173853.0,15725.0,23429.0,378,238,336,179,101571.0,89992.0,65482.0,55130.0,113.8,0,-24772.3786083702,50759.03150296818
79666.0,112145.0,10124.0,18108.0,0,33,286,127,87896.0,77592.0,70941.0,53867.0,113.8,0,-45677.27403777251,49736.74729393987
8336.0,9642.0,496.0,3057.0,3182,2709,3585,3571,8764.0,9063.0,0.0,1188.0,113.9,0,-150036.59351835548,-27832.706244774326
14832.0,32803.0,1678.0,4624.0,1495,1488,3990,4160,11603.0,10732.0,3568.0,4071.0,113.9,0,-143602.47689104683,-25239.685164256432
82142.0,127086.0,30679.0,50055.0,243,228,159,158,82858.0,77015.0,53753.0,53531.0,113.9,0,-39125.08495428349,26218.796724544274
24046.0,29679.0,12688.0,22588.0,1786,1149,2531,2467,7736.0,7694.0,1612.0,1549.0,113.9,0,-135010.98831111047,-36425.122135324375
41430.0,59267.0,9822.0,14944.0,340,269,323,251,41421.0,37384.0,30701.0,32312.0,114.0,0,-100069.13634335413,2681.7023129056142
207315.0,258114.0,272147.0,332129.0,0,183,0,59,82808.0,73251.0,37325.0,30887.0,114.0,0,169939.5182480541,-144075.8606514942
54472.0,92671.0,15073.0,25485.0,0,103,210,98,58923.0,51513.0,39356.0,34279.0,114.0,0,-79770.03743570378,13550.912328559974
2228.0,10223.0,861.0,3749.0,1562,3666,2228,4513,5540.0,11604.0,732.0,3260.0,114.1,0,-153212.7137253561,-29065.560300569137
8042.0,16090.0,880.0,3006.0,2687,2770,4145,4386,11806.0,11599.0,1365.0,3106.0,114.1,0,-147774.73741074154,-25248.967085650733
12486.0,21529.0,3560.0,6315.0,3155,3716,6517,6581,15761.0,15049.0,4299.0,3789.0,114.1,0,-141147.99957484094,-23373.717371382318
16857.0,29919.0,2004.0,4125.0,4351,4350,6365,5863,18554.0,16473.0,3057.0,4206.0,114.1,0,-139576.56389983898,-21370.52132295161
27980.0,36861.0,2319.0,4193.0,0,51,0,4,32047.0,29487.0,23881.0,25480.0,114.2,0,-118365.79822875508,-1619.2153788495923
34259.0,66650.0,3443.0,4383.0,354,185,105,92,33038.0,29390.0,20918.0,22104.0,114.2,0,-116090.58931600672,-3891.501758664661
31102.0,51512.0,1889.0,3487.0,191,161,0,35,36428.0,32609.0,33109.0,26587.0,114.2,0,-111863.31909161988,5267.468330532804
6069.0,18302.0,2386.0,4756.0,3216,3617,4813,5527,12714.0,13961.0,1985.0,3236.0,114.2,0,-146886.10985001974,-25209.995923572787
95966.0,142236.0,12321.0,20379.0,0,233,0,150,127437.0,112066.0,57961.0,49396.0,114.2,0,-25014.62119443965,66134.38686338322
51110.0,69058.0,11641.0,18904.0,629,275,316,109,57518.0,51656.0,51511.0,38713.0,114.3,0,-79102.72341251094,20847.350838719118
34624.0,56734.0,2296.0,4026.0,251,179,10,39,27465.0,26029.0,14083.0,18170.0,114.3,0,-122265.46976631224,-10218.271568737378
98125.0,144056.0,6957.0,12463.0,290,112,439,179,96445.0,79673.0,41048.0,40714.0,114.4,0,-49143.95492555844,41276.881945711095
4236.0,18725.0,2030.0,5397.0,4221,5749,5838,8408,13796.0,19621.0,1126.0,3013.0,114.4,0,-147736.458530289,-24577.88716837134
32373.0,41506.0,15749.0,24110.0,0,76,238,117,27602.0,24769.0,24398.0,19627.0,114.5,0,-109844.72452325354,-13868.77657557375
40167.0,56869.0,26100.0,38942.0,13,157,0,84,44649.0,38960.0,28395.0,26120.0,114.5,0,-89524.5101562948,-7376.880636068123
24196.0,32242.0,8162.0,13449.0,5812,5579,8388,8193,25182.0,23060.0,5629.0,5007.0,114.5,0,-128274.31834675124,-20311.55803589445
3083.0,8725.0,109.0,1667.0,3249,3977,3746,4955,7768.0,10075.0,1328.0,2308.0,114.6,0,-152272.09971168727,-27140.805246427324
659404.0,796109.0,119410.0,177544.0,1351,1247,506,205,1072080.0,900642.0,360142.0,344355.0,114.6,3,854330.2715176692,733695.6116993239
29305.0,50206.0,11765.0,17398.0,162,201,311,186,30038.0,26692.0,14489.0,19258.0,114.7,0,-116457.23309743546,-13844.918912708325
30548.0,56595.0,5094.0,7997.0,104,136,237,143,31751.0,29661.0,16367.0,18469.0,114.7,0,-119189.59707837558,-7993.084021874991
40330.0,60111.0,6761.0,10775.0,212,77,468,258,39648.0,34571.0,25549.0,22263.0,114.8,0,-106603.88490431776,-220.1319707912844
1843.0,10825.0,698.0,3399.0,569,1547,820,2272,2395.0,7042.0,848.0,1497.0,114.8,0,-155084.71237365645,-31163.490311798698
6734.0,12375.0,1235.0,3555.0,4210,4048,5379,5571,12978.0,13979.0,2348.0,2381.0,114.9,0,-147260.73528308555,-24348.05937442216
1247.0,5549.0,1035.0,3376.0,1247,1840,1271,1748,3725.0,5390.0,141.0,114.0,114.9,0,-154930.04434231357,-31013.524694319414
15488.0,18764.0,1443.0,2163.0,2839,2860,4136,4270,12733.0,12719.0,2754.0,3340.0,114.9,0,-143376.25927780895,-24879.97339848602
59614.0,91143.0,6629.0,11042.0,376,156,49,110,44599.0,44656.0,23317.0,29469.0,115.0,0,-96479.2750749298,1958.7306955825732
15032.0,18455.0,2034.0,5463.0,4067,4434,5085,5660,14811.0,15805.0,255.0,2669.0,115.0,0,-143221.15230661348,-25062.57551194627
6155.0,11229.0,2307.0,5333.0,1951,2075,2297,2329,6725.0,6973.0,1014.0,1434.0,115.1,0,-150197.43243597395,-29654.24567234671
256269.0,364957.0,16926.0,26396.0,508,360,269,220,153157.0,137019.0,76645.0,66663.0,115.1,0,64486.0103651433,79699.06584233094
13134.0,21262.0,2684.0,3686.0,5787,6198,8080,8620,19049.0,19647.0,1044.0,3073.0,115.1,0,-141289.12557859375,-22266.158264206195
51211.0,76189.0,9537.0,17268.0,297,235,662,176,41952.0,40447.0,14877.0,29423.0,115.2,0,-102225.57365904996,-4541.862636426271
38451.0,61914.0,8057.0,14484.0,296,201,327,154,36735.0,33522.0,18719.0,25888.0,115.3,0,-109854.1881095113,-5038.045863392312
5477.0,13688.0,896.0,3091.0,74,14,181,211,8345.0,7011.0,1191.0,1643.0,115.3,0,-150634.30085204687,-27595.64792477119
1244.0,3500.0,94.0,1448.0,152,64,162,100,3025.0,8821.0,23696.0,38843.0,115.3,0,-142314.17637740236,-14767.57571127854
480665.0,627506.0,40297.0,58766.0,998,1103,305,143,739675.0,597410.0,218530.0,204410.0,115.3,3,506700.9328041953,502927.81914122
4043.0,10976.0,367.0,1875.0,73,0,103,0,2163.0,4098.0,849.0,1203.0,115.3,-1,-154557.21859760524,-31291.96796770174
36839.0,58263.0,11638.0,19669.0,343,133,87,62,33578.0,32834.0,29497.0,28722.0,115.3,0,-105129.1508661988,-4200.961854149093
42999.0,61816.0,4687.0,6738.0,204,160,171,93,40870.0,37746.0,30800.0,28289.0,115.3,0,-103693.3593809254,4850.915656591573
52501.0,68572.0,22955.0,36223.0,4,239,55,154,49764.0,46490.0,55410.0,38592.0,115.3,0,-72793.70321231996,10367.515622270894
9930.0,15678.0,3400.0,6084.0,3626,3842,4836,4864,13118.0,13671.0,2561.0,2836.0,115.3,0,-144259.60822462785,-25664.88808004423
3748.0,9462.0,2744.0,5248.0,1780,1878,2606,2963,7199.0,7923.0,1185.0,1629.0,115.3,0,-150579.92472973067,-29368.55582461585
13544.0,15934.0,4174.0,6730.0,4161,4128,4905,5014,13809.0,12891.0,3440.0,3651.0,115.3,0,-141504.9341593028,-25449.45035224581
32958.0,47846.0,7832.0,13768.0,25,281,125,172,34473.0,33041.0,23538.0,25359.0,115.4,0,-111568.06412864264,-4033.107308663275
4069.0,20099.0,1283.0,4921.0,3274,4535,4379,6277,10042.0,14082.0,1181.0,2036.0,115.5,0,-150120.18620444436,-26608.00228231839
77457.0,108716.0,15915.0,25180.0,345,169,62,133,81960.0,71017.0,66426.0,55977.0,115.5,0,-46658.016763142194,40934.62443725779
62354.0,81404.0,13751.0,23025.0,604,346,477,191,49388.0,46880.0,35949.0,32275.0,115.6,0,-83262.56866473962,6088.816987985378
403580.0,575186.0,153003.0,228016.0,737,332,572,214,216739.0,183547.0,143573.0,117170.0,115.6,0,278529.61541387695,61083.50828330696
1898.0,7973.0,952.0,2446.0,3324,4100,3992,4682,10344.0,12582.0,995.0,1495.0,115.6,0,-151239.05560082494,-26233.989544808377
198352.0,286262.0,31340.0,46741.0,547,310,390,217,168241.0,144977.0,83295.0,75526.0,115.7,0,61096.243392297474,88163.66375730984
7149.0,14960.0,1589.0,3891.0,1359,2680,2733,4430,7287.0,11412.0,3747.0,2695.0,115.7,0,-148865.68644152806,-27562.02749097804
1779.0,7356.0,90.0,1718.0,1049,2379,1286,3633,3314.0,9285.0,469.0,906.0,115.7,0,-155329.3658686882,-30449.723992546016
7625.0,16701.0,3040.0,7107.0,1529,2419,2435,3556,6162.0,10759.0,2949.0,2163.0,115.8,0,-148537.61874208043,-29636.333506893403
11198.0,20896.0,4306.0,7009.0,1537,1538,3775,3940,11278.0,11226.0,3131.0,4797.0,115.8,0,-143492.0790239247,-26926.35235651517
3195.0,9251.0,575.0,2731.0,3849,4748,4849,6000,10884.0,13049.0,451.0,1276.0,115.8,0,-150950.9906113734,-26001.9736052708
71730.0,103733.0,9192.0,14160.0,488,166,209,98,84598.0,83050.0,46431.0,63163.0,115.8,0,-58927.43273497248,39959.19049486143
61998.0,85562.0,3968.0,11060.0,762,292,0,60,61076.0,56069.0,43211.0,37601.0,115.8,0,-81542.32975194108,23544.734065580607
30462.0,48988.0,9442.0,15540.0,354,338,35,80,33739.0,32750.0,16000.0,23002.0,115.9,0,-114888.36706089962,-8887.530390767592
453809.0,552524.0,39338.0,48242.0,1021,1055,10189,8681,233209.0,188611.0,228088.0,174201.0,116.0,0,266439.1312683324,184233.4155947879
11313.0,22657.0,3276.0,4194.0,1691,1719,4539,5073,10452.0,11452.0,3013.0,4057.0,116.0,0,-144664.39070098856,-26976.0095416749
6571.0,23732.0,1872.0,3777.0,2376,2526,3270,3392,9434.0,10760.0,252.0,2231.0,116.1,0,-149284.53897955714,-27885.206383553126
1061.0,6463.0,477.0,5842.0,456,1305,616,1537,1917.0,4987.0,1149.0,2455.0,116.1,0,-155541.44650397176,-30996.49101771523
4793.0,21990.0,1939.0,7190.0,1638,2313,2126,2802,6011.0,7821.0,182.0,928.0,116.1,0,-151703.1102041018,-30216.59536444976
7826.0,8848.0,2638.0,4561.0,2781,2977,4213,4138,11161.0,10685.0,3121.0,2390.0,116.2,0,-146382.0686510827,-26124.48039328361
79698.0,110909.0,22521.0,35852.0,508,352,179,79,97332.0,89138.0,71484.0,71995.0,116.2,0,-30357.340110020625,51054.109198505845
14462.0,33167.0,1520.0,3212.0,3270,3677,4997,5508,13390.0,14459.0,3017.0,3183.0,116.2,0,-143367.79064944238,-24359.392127561623
29160.0,41248.0,8387.0,10798.0,394,319,225,106,23859.0,22034.0,24923.0,20859.0,116.2,0,-117581.63150961256,-10986.86036524984
109182.0,170041.0,9998.0,17105.0,352,323,0,36,104123.0,89643.0,33418.0,38451.0,116.2,0,-42156.671827143786,39937.8758129701
22943.0,30113.0,3112.0,5252.0,3718,3408,6131,6141,15286.0,15430.0,4474.0,3522.0,116.3,0,-137357.55526978616,-24043.167070686915
5033.0,10816.0,2231.0,4695.0,2241,2204,3384,3678,10625.0,11399.0,2608.0,2279.0,116.4,0,-148254.15591806505,-26260.929597722352
1999.0,11630.0,636.0,2935.0,966,1492,1229,2110,3352.0,5701.0,703.0,1110.0,116.4,0,-154733.213647474,-30651.928268870557
69637.0,103656.0,10985.0,17103.0,6062,5576,16321,15595,45074.0,40895.0,14872.0,14598.0,116.5,0,-94114.74681193488,-7023.406002132375
11085.0,20695.0,3118.0,6706.0,1851,2010,4485,4790,12094.0,13369.0,3464.0,4920.0,116.5,0,-143850.8544588478,-25496.31705659061
114757.0,165518.0,5922.0,10047.0,457,298,472,229,89670.0,77703.0,53970.0,53065.0,116.6,0,-39772.078364482,43966.36361362111
421844.0,593670.0,23326.0,33962.0,545,322,411,153,239032.0,207698.0,165324.0,135882.0,116.6,0,216898.652571986,167536.7559846402
1204.0,7439.0,369.0,2785.0,88,0,134,58,1390.0,5032.0,16090.0,47192.0,116.7,0,-144629.993881969,-17823.006896969353
111367.0,157910.0,25331.0,39527.0,73,141,0,4,83626.0,74770.0,51435.0,58272.0,116.7,0,-30760.866710968578,27950.783793062372
7495.0,17103.0,3213.0,5783.0,2274,2180,3207,3566,10286.0,10264.0,706.0,1384.0,116.7,0,-147535.76860674593,-28193.969481890177
12486.0,15162.0,2885.0,4462.0,2316,2428,4202,4137,11578.0,12552.0,3961.0,3524.0,116.7,0,-143662.92599256733,-25783.90297372831
42745.0,67209.0,13449.0,21194.0,8,25,175,127,52026.0,48150.0,37752.0,37507.0,116.8,0,-88987.36526420407,10816.703000152676
2411.0,8001.0,727.0,3633.0,1939,2689,2260,2978,5398.0,7298.0,433.0,449.0,116.8,0,-153758.95516530896,-29659.94419983899
1096.0,6575.0,599.0,3358.0,1209,3129,1631,5028,1624.0,4548.0,2376.0,4620.0,116.8,0,-154845.6167892908,-30396.536876885293
2824.0,15323.0,1936.0,6364.0,8158,14357,11377,19887,9983.0,16952.0,197.0,832.0,116.8,0,-150701.20004563444,-27567.997756317407
5330.0,13041.0,1035.0,2670.0,4173,4808,5556,5928,13103.0,13974.0,2164.0,2301.0,116.9,0,-147995.33442086607,-24141.810095016222
3643.0,11780.0,1350.0,3577.0,1493,1681,2004,2213,5052.0,5411.0,1540.0,1702.0,116.9,0,-152414.6552166156,-29684.552378148783
354633.0,476535.0,45332.0,69228.0,668,629,4693,4061,120374.0,108837.0,117376.0,102428.0,116.9,0,129161.60273337728,57585.63390942034
5473.0,11045.0,1999.0,4366.0,5649,6652,7671,8446,18724.0,19945.0,1713.0,2769.0,116.9,0,-144838.3454817546,-21312.65088167744
79483.0,110745.0,22776.0,36526.0,152,282,898,288,63340.0,58458.0,51851.0,46413.0,117.0,0,-56071.234713341706,17073.926270420427
8322.0,11100.0,3010.0,5863.0,4873,4751,6364,6369,13228.0,13661.0,2111.0,2322.0,117.0,0,-145364.1425440906,-25514.72356018736
86389.0,135751.0,5335.0,8034.0,243,191,2,30,107245.0,86113.0,47850.0,36852.0,117.0,0,-48179.68467293067,52119.85426453929
5616.0,15774.0,46.0,805.0,1256,1263,1718,1976,5238.0,6118.0,1147.0,1766.0,117.0,0,-152561.16988577173,-29031.587803987197
194508.0,252313.0,125737.0,174274.0,396,372,330,150,113108.0,96014.0,56722.0,48318.0,117.1,0,86610.11859810809,-21227.92833472405
16829.0,27583.0,2317.0,3951.0,5758,5669,8190,8185,21076.0,21091.0,3855.0,4087.0,117.1,0,-137949.99934246915,-19651.717050888958
64292.0,89582.0,3645.0,6697.0,505,182,73,85,42050.0,39967.0,30250.0,33119.0,117.1,0,-94753.24514010246,5411.323431018052
50230.0,76184.0,1901.0,5770.0,152,264,283,155,52820.0,52333.0,22811.0,39715.0,117.1,0,-98773.39693802151,12167.696339202495
1787.0,8058.0,743.0,2610.0,49,0,237,124,2126.0,4206.0,8750.0,16666.0,117.2,0,-150366.91330359393,-25608.99363486956
18311.0,33075.0,7669.0,14040.0,334,280,133,130,22020.0,22221.0,7216.0,15063.0,117.2,0,-130616.68947304896,-19354.05877562552
33026.0,53083.0,2914.0,5017.0,264,126,139,176,39574.0,38578.0,20254.0,30271.0,117.2,0,-113227.5878893368,1685.565779607492
17888.0,29089.0,11763.0,20600.0,293,190,52,154,27756.0,26755.0,13665.0,24405.0,117.2,0,-121816.6550141654,-14065.021110522892
6327.0,13085.0,1162.0,2108.0,1297,1398,2217,2342,6672.0,6105.0,1574.0,2160.0,117.3,0,-150644.76468579998,-28628.209302636635
25329.0,47236.0,1635.0,3423.0,5,104,92,62,20804.0,20464.0,11935.0,17284.0,117.3,0,-130436.42581757452,-14453.92608461984
36302.0,55411.0,5225.0,8157.0,257,222,491,195,40977.0,36696.0,31238.0,31430.0,117.3,0,-105457.10728634216,5704.606850423716
4959.0,13920.0,925.0,2614.0,3868,4497,5063,5615,11599.0,12877.0,1134.0,1634.0,117.3,0,-149366.9596472343,-25539.73522209008
5691.0,11042.0,1043.0,2752.0,2047,2162,2629,2856,6694.0,6962.0,199.0,283.0,117.4,0,-151719.87784261792,-29376.10389215708
3913.0,18907.0,1132.0,3218.0,1070,1666,1859,2924,5003.0,7651.0,460.0,2092.0,117.4,0,-152827.14654492165,-29986.7787199124
1435.0,8872.0,684.0,3190.0,357,992,686,2032,1412.0,4679.0,34.0,59.0,117.4,0,-156187.3600493958,-32322.19194128336
8780.0,19808.0,1627.0,3434.0,1585,1456,3487,3833,9727.0,10296.0,1143.0,2366.0,117.5,0,-148072.63649507356,-27292.962868819748
4079.0,9019.0,1737.0,2932.0,2419,2385,3210,3479,9030.0,8801.0,1868.0,2353.0,117.6,0,-149968.59985883374,-27196.464571800698
7348.0,10251.0,1629.0,3079.0,3572,3608,4117,4033,10550.0,10359.0,775.0,2163.0,117.6,0,-148442.8690848124,-26867.980318027825
6327.0,21562.0,1663.0,4698.0,2733,3694,3532,4757,10621.0,12483.0,1603.0,3468.0,117.6,0,-148337.65925673136,-26221.89258566936
720.0,4845.0,461.0,3612.0,785,2530,867,3033,2454.0,7773.0,404.0,1225.0,117.6,0,-155879.34946959856,-31134.438556762547
215097.0,304778.0,33014.0,51695.0,861,414,219,124,239473.0,201508.0,122442.0,89330.0,117.7,0,117414.120812933,149703.83949229744
4858.0,15965.0,2411.0,6476.0,3564,4017,4044,4884,11315.0,12245.0,0.0,652.0,117.7,0,-149054.70352480907,-27281.28919295624
9525.0,23771.0,765.0,2531.0,2353,2557,3472,4137,9030.0,10734.0,1007.0,973.0,117.7,0,-148901.53128408332,-27522.20229777549
27286.0,44125.0,480.0,2277.0,31,35,175,162,26543.0,26069.0,16912.0,22194.0,117.7,0,-125388.06498579928,-7350.780833524925
13512.0,20577.0,528.0,2611.0,3078,3095,4817,4706,14348.0,13646.0,3809.0,2798.0,117.7,0,-143767.01243983684,-22798.85068325468
84548.0,118867.0,14022.0,20844.0,216,168,0,125,61424.0,52266.0,51483.0,41419.0,117.7,0,-61673.85030620963,20071.269770723957
35892.0,57863.0,8787.0,15354.0,98,263,357,141,31999.0,30154.0,22547.0,19859.0,117.7,0,-111882.5655973666,-7685.631956957059
10695.0,12068.0,3318.0,4775.0,3316,2975,4357,4224,13973.0,11690.0,5019.0,4644.0,117.7,0,-142483.24031760593,-23801.85290318985
3224.0,9314.0,825.0,4228.0,1351,2215,2091,3283,5790.0,8960.0,36.0,651.0,117.7,0,-153304.14089440214,-29660.51712622449
25916.0,38604.0,13268.0,21390.0,390,477,146,79,28373.0,26180.0,12455.0,17511.0,117.8,0,-118528.84789537074,-16755.48312801018
16775.0,18949.0,1776.0,3575.0,5024,4898,6105,6397,18253.0,17492.0,2699.0,4800.0,117.8,0,-139959.17478694036,-21468.44411165086
2255.0,8650.0,782.0,2856.0,1718,1892,2604,3270,7873.0,10320.0,878.0,2542.0,117.9,0,-152240.46730175504,-27595.816202155333
82570.0,131432.0,11421.0,18197.0,331,225,194,159,98350.0,86884.0,34473.0,36838.0,117.9,0,-54488.92957419736,37308.05046128477
1172.0,6598.0,724.0,2968.0,483,1403,652,1932,1578.0,4659.0,0.0,0.0,117.9,0,-156212.36686286953,-32249.17902814192
2469.0,13192.0,1570.0,5589.0,1863,3137,2291,3860,5737.0,9644.0,45.0,162.0,117.9,0,-153179.8079999695,-30187.35924498808
27857.0,47870.0,6234.0,12672.0,76,127,51,133,24537.0,23302.0,11120.0,18934.0,118.0,0,-124634.50351640244,-15222.63860599302
4765.0,13350.0,4375.0,9595.0,3096,3724,4346,5005,10721.0,12674.0,334.0,3671.0,118.0,0,-147500.24796817783,-28258.100935507995
8102.0,11228.0,2307.0,5049.0,5206,5387,5620,5801,16527.0,15781.0,4046.0,3902.0,118.1,0,-143538.90425757505,-21909.727114910165
103325.0,156732.0,24814.0,40587.0,568,252,59,122,102869.0,90186.0,51439.0,46557.0,118.2,0,-27213.667069029703,39086.22111509503
140162.0,224186.0,18542.0,28505.0,5,193,216,152,92771.0,79763.0,66877.0,49462.0,118.2,0,-14948.533913153777,41190.20467330271
7344.0,16051.0,4835.0,8363.0,2346,2357,3637,4029,12895.0,13753.0,2240.0,3825.0,118.2,0,-144426.0684092088,-26516.49945285445
457.0,1904.0,889.0,3553.0,1311,2101,1835,3011,4963.0,7870.0,582.0,1361.0,118.2,0,-154475.11157538102,-29701.30026030785
4843.0,14847.0,1632.0,3381.0,2403,2492,3365,3742,9331.0,10242.0,250.0,1344.0,118.3,0,-150316.98934327794,-27830.343163796435
36458.0,58686.0,13572.0,20469.0,0,142,278,159,43502.0,39179.0,34762.0,31339.0,118.3,0,-97202.5184091128,3514.260287363232
1288.0,6026.0,1455.0,4091.0,336,1016,702,1431,2072.0,4794.0,386.0,1087.0,118.4,0,-155157.82160786906,-32066.65485811428
1643.0,9452.0,1483.0,6461.0,870,1319,1456,2407,4164.0,7192.0,0.0,420.0,118.5,0,-154274.5751985787,-31052.25008340706
7240.0,16271.0,2329.0,3383.0,3185,3509,4691,4698,10082.0,10223.0,1459.0,2723.0,118.5,0,-147891.64163472355,-27217.771864984432
11536.0,18018.0,2942.0,5268.0,4004,4038,5070,4862,14293.0,14491.0,3560.0,3462.0,118.6,0,-142939.5748301719,-24218.9000113186
97521.0,152702.0,12156.0,18450.0,216,359,7,95,103385.0,87107.0,53975.0,42539.0,118.6,0,-37671.77654749913,48156.188922127374
12428.0,21694.0,3282.0,5837.0,2056,1923,4595,4787,11165.0,11871.0,827.0,3282.0,118.6,0,-144785.97091001054,-27643.22982519667
252052.0,357815.0,131034.0,198933.0,626,372,623,211,227664.0,188843.0,107633.0,90346.0,118.6,0,189577.146187338,72246.04928439096
8089.0,26805.0,1196.0,4180.0,1579,1727,2159,2583,5799.0,7027.0,690.0,1636.0,118.6,0,-150685.1647034164,-29771.44455973513
25925.0,38270.0,4976.0,7869.0,387,249,238,142,30020.0,26783.0,22738.0,18710.0,118.7,0,-119562.36552317192,-6001.312161811355
6213.0,12878.0,2949.0,5752.0,2086,2345,3298,3580,9752.0,10575.0,986.0,1145.0,118.8,0,-148410.9913472133,-28203.036784386102
1779.0,5802.0,243.0,1652.0,213,273,220,119,6512.0,7847.0,2364.0,3183.0,118.8,0,-152798.16051792924,-27365.001253835653
695010.0,891910.0,46968.0,73828.0,1668,1518,475,162,776045.0,601000.0,309376.0,249229.0,118.8,3,654673.3718170144,553117.914662723
77803.0,130947.0,19081.0,30616.0,4496,4210,5355,5523,15728.0,15699.0,3572.0,3874.0,118.9,0,-103952.00604109776,-37679.20005117734
64098.0,100746.0,23001.0,37143.0,4260,3977,11651,12284,27469.0,28007.0,8461.0,10026.0,118.9,0,-98975.37827119672,-28772.123116887135
65055.0,103081.0,4778.0,7537.0,512,322,368,197,67642.0,60175.0,50206.0,49431.0,119.0,0,-72694.87436298824,31823.84734489113
7064.0,11103.0,3963.0,8230.0,2464,2572,3768,3913,10353.0,11699.0,1568.0,3021.0,119.0,0,-146638.05031240947,-27968.881475346163
23134.0,38096.0,2727.0,5512.0,6610,6376,8420,8087,25490.0,24271.0,4887.0,5594.0,119.0,0,-132521.46812221158,-16853.28534284918
64068.0,96006.0,4888.0,5619.0,276,139,204,120,60534.0,51897.0,42578.0,36541.0,119.0,0,-80672.01722633348,22055.087052216568
1496.0,9447.0,233.0,2367.0,170,56,119,0,2876.0,5744.0,2333.0,3866.0,119.0,-1,-154486.9635839739,-29541.54146885508
1004.0,6495.0,120.0,2057.0,200,118,117,0,4502.0,9113.0,1626.0,2731.0,119.0,-1,-154437.64058651443,-28889.49878165798
1265.0,4686.0,212.0,1258.0,174,73,16,0,7259.0,9421.0,2230.0,2761.0,119.0,-1,-152797.6193105923,-26963.170515465525
655.0,3985.0,0.0,592.0,116,61,156,45,883.0,4878.0,18034.0,51662.0,119.0,0,-144055.89945442835,-16343.109443517036
676735.0,858069.0,148286.0,229414.0,1902,1364,163,152,805932.0,638044.0,307605.0,266135.0,119.0,3,732113.0542396187,511561.07795707806
6718.0,18499.0,1987.0,4426.0,1244,1129,2337,2700,7333.0,8590.0,2563.0,2962.0,119.1,0,-149150.5765017844,-28209.61397657778
6298.0,9462.0,2574.0,4841.0,3977,3980,4410,4651,10104.0,9590.0,2005.0,2652.0,119.2,0,-147904.34657897227,-27080.09846024031
28356.0,39171.0,2803.0,5498.0,0,89,102,114,18909.0,18662.0,10470.0,12153.0,119.2,0,-130433.48558346824,-18020.2667463775
20104.0,32258.0,2681.0,3580.0,2853,2722,4153,4242,12105.0,10572.0,3317.0,3368.0,119.2,0,-140702.74405154452,-26113.518932511444
53855.0,75334.0,10465.0,16787.0,430,226,168,65,44473.0,38714.0,37635.0,33889.0,119.4,0,-90402.69455821432,6562.430817888995
5222.0,15718.0,2489.0,4270.0,1658,2299,2019,2357,6230.0,7392.0,1430.0,1600.0,119.4,0,-150503.49339322266,-29820.072138352876
23528.0,41070.0,2195.0,4418.0,4921,5225,7063,6985,19248.0,18738.0,1904.0,5483.0,119.4,0,-136661.90473369288,-21762.84680093409
9086.0,14347.0,4554.0,9644.0,2115,2003,2811,3006,7416.0,7408.0,2435.0,3484.0,119.5,0,-146349.45305331436,-29892.21383069809
7550.0,12891.0,954.0,2859.0,3334,3328,4814,4980,13211.0,13102.0,1792.0,2690.0,119.5,0,-147184.4028155063,-24261.65338856425
18891.0,41545.0,0.0,1001.0,176,119,188,112,25997.0,26791.0,10688.0,18983.0,119.5,0,-132105.91644913165,-9976.108851359528
699457.0,767523.0,120864.0,138372.0,2640,2301,0,109,1229500.0,944244.0,645429.0,466841.0,119.6,3,1063467.6625371391,969075.5656037604
30834.0,41942.0,2501.0,5439.0,351,181,216,109,30742.0,28367.0,24424.0,20429.0,119.6,0,-118096.4116802796,-3326.639791887472
12414.0,22787.0,3033.0,6375.0,3741,4191,5294,5871,14852.0,16009.0,1698.0,4343.0,119.6,0,-142841.32848916226,-24618.800784355662
9104.0,16831.0,17543.0,31907.0,61,126,137,176,17872.0,16665.0,12683.0,13598.0,119.7,0,-127606.5409957027,-25518.51851444064
64700.0,98553.0,11294.0,18523.0,511,284,602,311,67754.0,62707.0,48149.0,47947.0,119.7,0,-69236.33782981335,26726.060758973745
34938.0,58337.0,7031.0,9867.0,565,232,0,13,39125.0,35257.0,27902.0,28007.0,119.7,0,-107267.00126084856,1537.8315087222763
62941.0,105820.0,19752.0,30151.0,493,293,250,83,51634.0,45012.0,34122.0,32139.0,119.7,0,-78557.48797216117,2914.270783432421
1565.0,4530.0,684.0,3010.0,940,1713,1246,2582,3865.0,6877.0,893.0,1277.0,119.7,0,-154555.34444106597,-30222.91228218882
80253.0,116145.0,9025.0,14845.0,447,231,46,66,62674.0,57914.0,52699.0,45538.0,119.7,0,-65350.220305529496,25449.202787738966
1546.0,7365.0,741.0,2726.0,417,1011,698,2015,1273.0,4585.0,363.0,562.0,119.8,0,-155980.08395508095,-32234.32661347341
15245.0,30483.0,2216.0,4545.0,3049,2756,7515,7451,18810.0,19104.0,3546.0,5576.0,119.8,0,-139622.80784134625,-20808.09796220276
8173.0,14175.0,1754.0,2740.0,3342,4002,4406,4916,12370.0,13206.0,0.0,684.0,119.9,0,-147671.24177585516,-26410.995130176736
13492.0,26699.0,2542.0,3911.0,5402,5256,6466,6348,17210.0,16885.0,2265.0,3032.0,119.9,0,-141627.10179763252,-22860.790124405816
58736.0,96962.0,19270.0,29670.0,625,553,358,139,56924.0,52573.0,35717.0,47427.0,119.9,0,-75706.82624534648,9957.85282581903
54872.0,88117.0,6993.0,9936.0,364,341,399,160,47712.0,44376.0,19743.0,36929.0,119.9,0,-97142.43219746403,3705.070645917196
123871.0,182464.0,41020.0,64819.0,201,159,0,68,123610.0,108338.0,53978.0,53845.0,120.0,0,3599.099135251803,42925.6526223157
3259.0,8877.0,3043.0,5239.0,2634,3077,3702,4107,11069.0,12099.0,1988.0,2684.0,120.0,0,-148396.08925542887,-26569.44434416281
57049.0,95581.0,5024.0,9489.0,714,436,196,153,45037.0,43425.0,26656.0,33286.0,120.0,0,-96725.1253118965,5423.724142601943
27139.0,35940.0,3167.0,5426.0,10232,10758,15102,14527,53742.0,49828.0,6854.0,14240.0,120.1,0,-116006.08585058266,2699.083986646827
4725.0,7925.0,863.0,1933.0,1727,1725,2077,2129,4837.0,4438.0,1249.0,1400.0,120.1,0,-152549.72478354734,-29755.652081128268
23195.0,31009.0,4988.0,8460.0,4418,4481,7072,6898,19514.0,18614.0,2534.0,5119.0,120.2,0,-134564.1979143718,-23120.167712293005
2037.0,8592.0,633.0,2105.0,1742,2364,2443,3318,6699.0,9120.0,405.0,1238.0,120.2,0,-153301.3681889195,-28638.549101728488
7132.0,18410.0,614.0,2832.0,2965,3346,3850,4527,11664.0,13015.0,3180.0,3875.0,120.2,0,-147627.86943209253,-24228.554922815856
14123.0,27234.0,2387.0,4820.0,7245,7407,11546,12057,27278.0,25811.0,7640.0,6202.0,120.2,0,-134542.20308669118,-13664.071067483306
10390.0,22667.0,1774.0,3932.0,3416,3754,4738,4949,11821.0,11686.0,4308.0,4108.0,120.2,0,-144973.96216012625,-24556.862957065405
13390.0,30348.0,1311.0,3460.0,4474,4594,6345,6772,16329.0,17422.0,2512.0,3334.0,120.2,0,-142789.0603414985,-22485.7270136699
13932.0,27791.0,3464.0,4968.0,4478,4248,5816,5890,17949.0,18271.0,3264.0,3860.0,120.3,0,-140006.64519238786,-22449.68198415334
6652.0,17588.0,605.0,1317.0,4342,4692,6933,7609,24044.0,22212.0,4843.0,8834.0,120.3,0,-141002.24993283866,-14864.279729247406
5585.0,18298.0,2708.0,4626.0,1954,2083,2885,3234,8749.0,9859.0,2287.0,1931.0,120.4,0,-148708.14100841476,-27973.917367640952
16666.0,24147.0,2020.0,3428.0,2628,2706,6176,6328,13994.0,12644.0,2631.0,4790.0,120.5,0,-141786.99681190617,-24335.351438042977
2569.0,10330.0,612.0,1703.0,1949,3001,2560,3802,5962.0,9564.0,798.0,1266.0,120.5,0,-153281.07469002387,-28956.42756576983
42100.0,60050.0,5800.0,9734.0,8,105,250,122,43945.0,38723.0,26283.0,26762.0,120.5,0,-103766.90815285902,4014.7651246417554
1272.0,5368.0,73.0,1637.0,82,0,171,64,12047.0,31482.0,86910.0,168620.0,120.5,0,-98523.69078170156,38300.65137346239
714467.0,695362.0,96217.0,139169.0,2918,2331,662,535,2122440.0,1445180.0,811402.0,607343.0,120.5,3,1534154.1331848234,1640354.1260204064
138698.0,193971.0,5908.0,9140.0,0,202,0,70,154569.0,135866.0,67010.0,60354.0,120.6,0,5011.959894313448,90094.24369541898
88806.0,151883.0,13177.0,21486.0,346,328,0,24,96894.0,87999.0,77735.0,73597.0,120.6,0,-30768.86794556491,58931.470198120674
50033.0,74277.0,6055.0,10494.0,302,183,30,139,47006.0,42419.0,32980.0,27700.0,120.6,0,-96371.73374275192,8234.376863738904
23110.0,40381.0,8975.0,15164.0,149,113,0,0,30711.0,31172.0,12873.0,21443.0,120.6,-1,-120945.07868891406,-11587.091744274016
1486.0,5576.0,1532.0,4127.0,1463,3188,1660,4034,4559.0,10459.0,989.0,1937.0,120.7,0,-153568.70878362318,-30164.63425092107
1457.0,7805.0,0.0,1735.0,1197,3001,1606,4124,3719.0,9881.0,0.0,48.0,120.7,0,-155621.55825444407,-30450.07725636485
279156.0,420409.0,18018.0,24929.0,429,144,0,37,132593.0,114386.0,75683.0,65865.0,120.8,0,64885.755579925055,63991.64284956515
35705.0,49361.0,16772.0,27030.0,506,258,137,92,33205.0,30915.0,20119.0,23092.0,120.8,0,-106388.15803660928,-12424.988948245147
4760.0,18113.0,1965.0,5534.0,2901,3560,3226,3695,9110.0,11016.0,34.0,1728.0,120.8,0,-150250.90275495386,-28203.513052296323
8552.0,18236.0,1654.0,2854.0,4797,4884,5158,5619,12407.0,12284.0,497.0,2112.0,120.8,0,-147200.35501255112,-25911.180247153843
4365.0,11810.0,2145.0,3832.0,2981,2927,4256,4675,11186.0,12404.0,1392.0,2158.0,120.8,0,-148795.48726077494,-26337.028507378804
54379.0,82760.0,22277.0,32687.0,0,191,623,245,47601.0,45633.0,41559.0,40913.0,120.9,0,-78285.6720999031,3865.447768216127
4437.0,10886.0,566.0,3444.0,2374,2896,2964,3871,8820.0,9816.0,1994.0,1749.0,120.9,0,-150755.5501176576,-26661.93049546315
6435.0,9802.0,2535.0,3122.0,1689,1483,2821,2633,8878.0,7554.0,1803.0,2095.0,120.9,0,-148579.9365045866,-28015.6716410908
1493.0,6991.0,0.0,580.0,182,193,42,9,2957.0,4863.0,567.0,1130.0,121.0,0,-155608.62274168368,-30525.50755661408
2398.0,7729.0,441.0,1794.0,210,107,147,80,4783.0,6464.0,901.0,1457.0,121.0,0,-153945.49763660642,-29513.80005920084
1459.0,5212.0,128.0,2462.0,252,212,112,0,2939.0,5951.0,28199.0,64623.0,121.0,-1,-137323.15960612235,-8829.71807853584
518237.0,628553.0,71278.0,88820.0,2225,1415,471,226,801480.0,630687.0,362031.0,297194.0,121.0,3,636029.8209076589,595216.7615280834
3878.0,16154.0,2473.0,6979.0,2006,2474,3080,4130,8868.0,12197.0,764.0,2284.0,121.0,0,-150032.92191867853,-28222.186959336883
2620.0,6910.0,1491.0,4648.0,1410,1977,1958,2612,4351.0,6374.0,322.0,450.0,121.1,0,-153660.18103929635,-30861.867739117806
87731.0,144589.0,5987.0,10442.0,569,399,421,136,63445.0,59075.0,42301.0,44108.0,121.2,0,-68055.51263925858,22766.328037117983
11019.0,24859.0,2270.0,5102.0,2510,2731,3687,3818,9847.0,9811.0,1789.0,1579.0,121.2,0,-146516.29446270037,-27621.84299201513
3693.0,10784.0,1254.0,2888.0,1504,1767,1931,2241,4546.0,5662.0,101.0,227.0,121.2,0,-153406.08242860666,-30788.173771079084
10808.0,12268.0,3977.0,5387.0,1873,1555,3762,3654,8653.0,9037.0,1454.0,4074.0,121.3,0,-145771.89574140197,-29174.207014713797
183882.0,246499.0,23909.0,35233.0,243,303,364,228,206029.0,175439.0,89373.0,84353.0,121.3,0,70432.06899863444,121629.1462903603
13431.0,26374.0,454.0,1941.0,3049,3808,4865,4849,13123.0,13174.0,1529.0,3507.0,121.3,0,-145155.3899115967,-24364.43871957705
34869.0,57535.0,2210.0,4576.0,406,251,48,67,32247.0,29706.0,20017.0,21398.0,121.4,0,-117470.5266064671,-4148.70760395861
32156.0,38701.0,3402.0,4882.0,547,209,311,170,28400.0,25079.0,21507.0,21638.0,121.4,0,-118911.835925384,-6488.917685480439
99740.0,166289.0,14225.0,21996.0,429,256,509,176,107572.0,93481.0,34500.0,43606.0,121.4,0,-40497.96256812639,41360.840089335295
5799.0,9027.0,2308.0,4050.0,3526,3353,4034,4332,9751.0,9189.0,273.0,1676.0,121.5,0,-149215.5212227162,-27987.759762117246
52633.0,85026.0,5010.0,8122.0,518,403,0,115,40666.0,38104.0,35502.0,33028.0,121.5,0,-97282.44424547192,6625.907112920631
473731.0,621534.0,40213.0,53877.0,813,641,9182,8308,195396.0,165606.0,170386.0,148609.0,121.5,0,233624.9038015715,130159.7004372514
9763.0,26800.0,2171.0,4593.0,2566,3004,5070,5603,11921.0,12522.0,1748.0,3833.0,121.6,0,-145892.48988411087,-25818.939294144024
4378.0,13316.0,472.0,1912.0,2519,2987,3447,3699,8058.0,8378.0,22.0,1821.0,121.6,0,-151905.88159097446,-27895.75250156108
58499.0,83638.0,10010.0,14535.0,483,214,213,166,49416.0,47124.0,37865.0,40493.0,121.6,0,-85667.22824092892,10828.078822721724
9497.0,15663.0,4172.0,6702.0,5311,5567,6768,7010,19117.0,19399.0,989.0,3248.0,121.7,0,-141721.22139898813,-22918.727640440364
6421.0,9207.0,2511.0,3642.0,2416,2443,2998,2647,7103.0,5895.0,1812.0,1516.0,121.7,0,-149470.42844647492,-29211.33332357049
48959.0,65316.0,46219.0,73825.0,4498,4250,7246,7037,19925.0,20697.0,5704.0,5383.0,121.7,0,-94151.4688539244,-49047.84274088882
2237.0,11497.0,576.0,1948.0,1459,1894,1734,2335,5429.0,7519.0,573.0,1095.0,121.8,0,-153788.96185152183,-29372.656628546032
4700.0,9673.0,2288.0,4370.0,3611,3967,4551,4678,12322.0,13484.0,676.0,2876.0,121.8,0,-148219.15026632798,-25915.351098039064
82308.0,132941.0,7497.0,11167.0,705,440,74,114,55293.0,48278.0,39949.0,35533.0,121.9,0,-74860.22991343876,14652.362952315429
2315.0,10371.0,422.0,1496.0,1124,2429,1381,3434,3670.0,8530.0,335.0,408.0,121.9,0,-154832.18978637492,-30603.89281491496
3716.0,8579.0,1501.0,3377.0,2299,2290,3004,3335,7955.0,8222.0,1231.0,1569.0,121.9,0,-151099.530898726,-28097.903194917937
4991.0,16526.0,1986.0,5689.0,2347,2946,2604,4087,7274.0,10737.0,1457.0,1872.0,122.0,0,-150428.1814614018,-28773.375945799973
42845.0,57806.0,4123.0,5965.0,0,101,21,77,37904.0,37633.0,20531.0,29792.0,122.0,0,-109083.52940664672,-728.1910944538249
5840.0,10104.0,1871.0,4122.0,4432,4865,5628,5724,11867.0,12454.0,380.0,1575.0,122.0,0,-148515.81385816095,-26346.451169483546
67868.0,103261.0,10539.0,16061.0,868,388,49,81,70150.0,62812.0,66456.0,51108.0,122.0,0,-60224.54661416513,36696.484844098464
43372.0,58763.0,11116.0,14915.0,224,112,137,68,43505.0,38647.0,24734.0,28314.0,122.1,0,-100148.49649615276,-84.98894565656883
7950.0,15391.0,3597.0,4636.0,216,196,165,81,10667.0,10302.0,4206.0,6903.0,122.1,0,-144931.94408382144,-25874.87138307025
10835.0,22136.0,1009.0,4557.0,1305,1475,3806,4216,10686.0,12147.0,1252.0,2131.0,122.1,0,-147215.20783680602,-26423.13592514632
45283.0,67626.0,11142.0,23274.0,104,94,361,252,47765.0,43119.0,25289.0,30110.0,122.1,0,-96995.70413916036,2989.7557743356483
1306.0,6431.0,1642.0,5052.0,1088,2059,1248,2662,3899.0,7398.0,820.0,2197.0,122.3,0,-153894.87719801517,-30669.148815038392
8132.0,16542.0,2349.0,4501.0,5713,6341,6640,7025,18480.0,18963.0,1605.0,4408.0,122.3,0,-143451.6571523674,-21644.253979482517
37505.0,61852.0,5719.0,6475.0,0,11,127,171,34907.0,32102.0,31733.0,25360.0,122.3,0,-107945.0883496534,711.2448090203216
390290.0,462509.0,413249.0,436491.0,1048,706,0,126,77362.0,65255.0,53650.0,40741.0,122.4,0,347129.19119032123,-239567.7740221701
4081.0,9053.0,1726.0,4216.0,2086,1958,2884,3134,7984.0,8731.0,1115.0,1550.0,122.5,0,-150827.44334348556,-28296.37626348369
7124.0,8561.0,1611.0,2898.0,2006,1683,2486,2579,7498.0,8553.0,831.0,1671.0,122.5,0,-149969.9938203265,-28829.845266205903
2046.0,11851.0,0.0,0.0,61,0,212,176,5465.0,8640.0,1793.0,2994.0,122.6,0,-153563.5931621994,-28161.600523957964
1613.0,6754.0,0.0,0.0,65,0,131,47,4790.0,7582.0,1191.0,1839.0,122.6,0,-154413.41186153304,-28998.409588859056
1442.0,4053.0,0.0,699.0,41,0,131,61,3672.0,7607.0,26157.0,46823.0,122.6,0,-140090.10991320084,-11998.988887278569
611480.0,778406.0,86907.0,134475.0,1069,1369,108,179,706821.0,575354.0,241829.0,224347.0,122.6,3,588765.8437019879,457365.9475393328
15308.0,31249.0,3362.0,8005.0,4329,4846,6289,6553,18533.0,18368.0,1518.0,3699.0,122.6,0,-139914.74741078058,-22863.02655520228
225808.0,332367.0,27176.0,39660.0,124,375,475,160,214180.0,183792.0,93332.0,85091.0,122.7,0,95086.43921611308,123787.10574061012
4636.0,12152.0,2485.0,6508.0,4006,4634,5010,5914,12117.0,14255.0,1670.0,2790.0,122.7,0,-147844.3036904557,-25760.4528039352
69673.0,118158.0,20945.0,33227.0,400,208,379,159,67327.0,61518.0,60074.0,51750.0,122.8,0,-55846.71616357204,25687.368971808075
12119.0,28391.0,2595.0,5027.0,2770,2783,3929,4384,12014.0,13487.0,2199.0,4252.0,122.8,0,-144374.53145470514,-25925.85087502992
4877.0,11600.0,880.0,3423.0,1366,1397,1679,1962,5500.0,6598.0,930.0,1503.0,122.8,0,-152282.86809772,-29474.964846759674
2068.0,6530.0,1917.0,4013.0,934,1418,1302,2443,2768.0,5377.0,0.0,77.0,122.8,0,-154473.5530440431,-32290.477335739502
17607.0,30647.0,1570.0,4421.0,203,175,266,127,24985.0,25242.0,8119.0,18478.0,122.9,0,-133015.5006762696,-12677.069132330354
53852.0,75961.0,8914.0,12947.0,183,130,336,136,52125.0,48460.0,35113.0,32043.0,123.0,0,-89189.65884224491,11020.699843815066
103092.0,157029.0,16223.0,26072.0,427,323,510,176,48656.0,41078.0,40194.0,38251.0,123.1,0,-62881.19151493341,4167.077700461563
1647.0,7223.0,662.0,3223.0,1073,2230,1619,3188,4482.0,9538.0,205.0,323.0,123.1,0,-154632.47702800643,-30265.330476069208
6227.0,11677.0,1477.0,2735.0,2954,3175,4038,3988,9018.0,8224.0,1707.0,2581.0,123.1,0,-149302.27986745475,-27209.85814302538
2224.0,7733.0,1599.0,4423.0,2832,3083,3601,4165,8186.0,8902.0,658.0,1725.0,123.1,0,-151728.52391525294,-28130.84405125706
737.0,4054.0,446.0,2576.0,638,1094,1052,1947,2726.0,5569.0,276.0,293.0,123.2,0,-155925.21758350372,-31156.86386716862
45611.0,96099.0,0.0,0.0,0,80,191,95,54118.0,46796.0,35776.0,40314.0,123.2,0,-96532.64572137556,20018.26794749434
81592.0,62561.0,2324.0,42273.0,2824,2367,6554,5253,15576.0,14616.0,5340.0,5971.0,123.2,0,-113125.59163261796,-26418.3061147201
20970.0,26985.0,2365.0,5239.0,3665,3684,5720,5728,17931.0,17469.0,3111.0,4642.0,123.3,0,-137851.11162175448,-22166.68730533873
5239.0,10645.0,1694.0,3572.0,3306,3786,4270,4865,11255.0,12504.0,1030.0,1474.0,123.3,0,-148937.18177004394,-26328.96177032074
2734.0,12970.0,312.0,2214.0,1727,2422,2527,3676,6347.0,9110.0,799.0,1059.0,123.3,0,-153273.43571416216,-28568.06441931924
1608.0,9106.0,0.0,474.0,535,1295,886,2598,2287.0,6662.0,468.0,932.0,123.3,0,-155923.27640650276,-31028.21730048681
10327.0,19652.0,1719.0,3717.0,3446,3660,4911,5020,14024.0,14347.0,3710.0,2960.0,123.3,0,-144410.04540490545,-23560.10406920512
54624.0,74794.0,29023.0,45488.0,357,181,0,77,49993.0,48806.0,40346.0,37790.0,123.4,0,-73290.6124420418,114.62434531881809
107859.0,150151.0,28728.0,46476.0,218,233,487,237,99515.0,95911.0,57245.0,67061.0,123.4,0,-19432.92280415687,39941.74689375011
10296.0,22696.0,2535.0,3845.0,5179,5601,6317,6592,18194.0,19512.0,2915.0,2704.0,123.4,0,-142299.40053320082,-21806.5977298293
6762.0,18595.0,1862.0,3769.0,1755,1797,2593,2927,7322.0,8215.0,638.0,2259.0,123.5,0,-150021.6108515312,-29061.33449434464
41181.0,67830.0,10347.0,17968.0,314,138,294,104,39321.0,38825.0,23076.0,34214.0,123.5,0,-103329.04084030524,-1853.783974966493
886.0,3731.0,360.0,1583.0,80,0,112,0,1812.0,5143.0,7586.0,14623.0,123.6,-1,-151830.5321621468,-26324.42754459882
141844.0,209470.0,14183.0,20837.0,275,315,0,44,143550.0,118386.0,47714.0,53814.0,123.6,0,-899.645671666105,68580.93869015247
5059.0,11441.0,1821.0,3432.0,4012,4303,5134,5112,12321.0,13027.0,1199.0,2575.0,123.7,0,-148238.46764339734,-25473.92567887672
4448.0,10542.0,1898.0,4748.0,2018,1992,2774,2777,7748.0,8323.0,792.0,2058.0,123.7,0,-150720.0722339214,-28631.638926435797
335556.0,454021.0,25787.0,34809.0,647,640,270,183,194125.0,170205.0,118515.0,96349.0,123.8,0,140746.9848730108,117219.33698855992
122031.0,177624.0,4217.0,6178.0,566,255,339,209,161399.0,133095.0,59548.0,55825.0,123.9,0,-3226.526676622016,92699.90284958568
43670.0,72199.0,10495.0,16024.0,0,0,114,89,53436.0,49625.0,32637.0,32501.0,123.9,0,-92533.1405786651,10552.906913584096
2063.0,5433.0,1072.0,3337.0,2123,2505,2478,2805,6918.0,8129.0,778.0,1402.0,123.9,0,-152729.5549236574,-28594.79714995738
486502.0,693857.0,91415.0,134997.0,1226,1102,175,113,261695.0,228900.0,115232.0,108988.0,123.9,0,278731.37854448496,109579.78397122592
6550.0,11227.0,13368.0,14436.0,92,60,147,155,30962.0,22825.0,6248.0,3586.0,123.9,0,-129274.1317746463,-18761.769481466144
1093.0,4810.0,2547.0,6023.0,133,59,166,148,21782.0,22453.0,3292.0,5548.0,123.9,0,-143962.96006494795,-18343.161347745307
1626390.0,936536.0,3848580.0,2636000.0,7092,1682,1265,531,3044820.0,924697.0,1609080.0,495059.0,123.9,2,5194910.799641351,125130.32193303652
4337.0,12916.0,1829.0,3526.0,2984,3282,4504,5163,10955.0,12550.0,1740.0,1654.0,124.0,0,-149064.2471688911,-26217.147023382706
688.0,4069.0,593.0,3342.0,1057,1800,1393,2424,3266.0,5732.0,430.0,551.0,124.0,0,-155509.52680410826,-30798.061248960697
20754.0,36540.0,5874.0,10165.0,1993,2067,4081,3964,13293.0,13536.0,3374.0,3492.0,124.0,0,-137661.30517369407,-27364.895866724903
39334.0,72153.0,18447.0,28640.0,164,175,46,140,57151.0,54440.0,40328.0,35845.0,124.0,0,-83881.44655163049,11954.631473423422
6230.0,9894.0,2360.0,5207.0,3964,4110,5594,5431,14672.0,15101.0,2149.0,2476.0,124.0,0,-145988.27075931325,-24018.0682482126
4117.0,17790.0,1369.0,3824.0,998,1688,1530,2647,3641.0,6689.0,1372.0,1213.0,124.0,0,-152969.0204203779,-30769.10778544295
1259.0,4921.0,1043.0,3064.0,874,1570,1226,2606,2967.0,6631.0,0.0,397.0,124.0,0,-155278.4984412961,-31512.12944608265
471680.0,612239.0,80094.0,114825.0,919,808,191,161,312039.0,263042.0,178086.0,148522.0,124.1,0,315730.15720437444,182200.8597363863
38247.0,59782.0,4336.0,6997.0,260,234,7,94,47280.0,41831.0,34452.0,31530.0,124.1,0,-101234.84858735131,11485.099617826443
390841.0,587114.0,23242.0,34591.0,651,539,5721,5635,118007.0,109545.0,113492.0,109421.0,124.2,0,127119.06259695251,67099.77655265134
2538.0,9373.0,2372.0,5691.0,2539,3004,2855,3434,7126.0,9234.0,994.0,1308.0,124.2,0,-151474.27474465495,-29234.24064573044
11270.0,15669.0,3173.0,5159.0,4032,3914,5348,5473,15855.0,16092.0,1169.0,2809.0,124.2,0,-143149.29313726595,-24466.45404448407
7690.0,16804.0,1035.0,2297.0,2201,2203,2942,3202,7169.0,6641.0,1453.0,1700.0,124.2,0,-150050.07242738164,-28446.451009590128
33083.0,46469.0,731.0,3715.0,161,316,320,203,37931.0,34185.0,21330.0,25849.0,124.2,0,-115614.08976446532,1755.9171504698352
61914.0,89784.0,13032.0,21781.0,46,101,100,114,67907.0,62616.0,37913.0,38761.0,124.2,0,-74047.97017923273,20142.591763479348
8958.0,14151.0,1996.0,5782.0,1810,2388,2478,3425,6602.0,8341.0,1795.0,1864.0,124.2,0,-148977.30284082078,-29321.648075498928
8803.0,17200.0,1871.0,3722.0,2121,2156,2928,2927,9226.0,8717.0,3203.0,2457.0,124.2,0,-147348.34206815233,-26887.22120468084
50640.0,68747.0,12111.0,17869.0,149,102,0,32,43593.0,41543.0,40790.0,32685.0,124.3,0,-89967.95753172219,6312.009086243346
52950.0,80798.0,4818.0,7782.0,357,146,30,2,55050.0,52174.0,31708.0,39136.0,124.3,0,-91429.3796014576,15209.040027120052
52611.0,82811.0,5791.0,8708.0,143,216,311,143,49274.0,47176.0,23106.0,34293.0,124.3,0,-97286.8008501257,6582.33590215068
4391.0,13842.0,1539.0,4594.0,3300,3636,4047,4662,10462.0,12285.0,2438.0,2700.0,124.3,0,-149074.7602809201,-25890.903401554548
40907.0,65938.0,3218.0,5340.0,300,158,174,83,38432.0,36504.0,37193.0,32727.0,124.3,0,-103743.33339471686,7762.345424047646
8622.0,12309.0,2295.0,4851.0,5046,4884,6819,6538,18665.0,18598.0,2724.0,3183.0,124.4,0,-142947.96931536202,-21251.28965887079
3525.0,13216.0,1517.0,5063.0,1896,2420,2999,3911,7629.0,10097.0,424.0,550.0,124.4,0,-151741.15013594867,-28803.48330593963
11009.0,24009.0,1531.0,3153.0,5580,6139,7278,8018,18113.0,19229.0,1017.0,3074.0,124.4,0,-143388.85911806978,-22008.88678071956
72949.0,100353.0,16521.0,24558.0,648,206,194,144,76479.0,67681.0,67422.0,51534.0,124.5,0,-50749.53519987736,37086.53410073173
8716.0,13079.0,3642.0,6509.0,3454,3676,4672,4807,13157.0,13770.0,2560.0,4039.0,124.6,0,-144421.02473432216,-25520.867004132564
60216.0,82696.0,3081.0,5214.0,284,302,166,129,45498.0,40538.0,46853.0,39341.0,124.6,0,-88344.4274690132,16176.032807634405
2592.0,11408.0,284.0,2982.0,1447,2088,1701,2454,4333.0,6492.0,150.0,418.0,124.6,0,-154581.04228468996,-30191.58829263836
1536.0,9468.0,1014.0,4570.0,980,3109,1480,3886,3716.0,9901.0,1077.0,2240.0,124.6,0,-154216.53934508102,-30290.14203831592
3110.0,11155.0,921.0,2338.0,1595,1980,2212,3056,6310.0,8370.0,1117.0,1810.0,124.7,0,-152504.0246364224,-28744.91982610102
31096.0,49782.0,3098.0,4363.0,317,110,509,243,26621.0,23966.0,18297.0,20171.0,124.7,0,-121728.13276179109,-8935.688080592678
20299.0,30383.0,4329.0,7984.0,185,105,668,263,31081.0,27542.0,14279.0,23081.0,124.7,0,-124404.20637906308,-7405.376763634602
55862.0,77613.0,10901.0,14313.0,170,198,166,121,67538.0,64073.0,42985.0,50284.0,124.7,0,-74836.22775989014,25618.062170367062
26015.0,43609.0,13801.0,21613.0,364,267,181,183,31538.0,26516.0,22776.0,19089.0,124.7,0,-112685.08040310592,-10511.312099538736
1593.0,6458.0,621.0,2869.0,224,171,131,99,2475.0,4991.0,14827.0,33391.0,124.8,0,-146017.09838829286,-20065.447091329697
35863.0,59376.0,12398.0,20725.0,330,197,149,165,44973.0,42238.0,20397.0,33941.0,124.8,0,-102565.78711620308,-390.513161809391
31599.0,49091.0,3460.0,6372.0,508,296,231,136,45158.0,42155.0,19108.0,34816.0,124.8,0,-110765.547895269,5214.712506330088
16789.0,33319.0,1699.0,3246.0,2495,2745,3648,3681,9998.0,10098.0,959.0,3056.0,124.8,0,-144599.3889521108,-27654.16182007627
31353.0,49373.0,5472.0,10160.0,94,37,408,215,29514.0,29131.0,19460.0,23620.0,124.9,0,-117814.8914597404,-7572.207485805386
24039.0,33091.0,6689.0,11406.0,188,243,367,167,28832.0,24770.0,23118.0,19123.0,125.0,0,-119495.20360427092,-7479.1606139951
48979.0,78098.0,12417.0,19307.0,101,143,0,46,49335.0,45462.0,28486.0,31998.0,125.0,0,-92475.92448056006,4585.372577417398
35914.0,44432.0,42083.0,64680.0,524,302,0,0,26542.0,22855.0,25849.0,18935.0,125.0,-1,-90246.07118079574,-30799.184685270586
68818.0,94858.0,7339.0,9436.0,0,103,0,99,50379.0,46399.0,50711.0,39385.0,125.1,0,-78252.34828128318,17655.60345608377
66364.0,104288.0,16707.0,26955.0,198,200,220,148,56020.0,48345.0,48812.0,41308.0,125.1,0,-70702.08703488688,15012.39582778233
61134.0,101994.0,5618.0,8595.0,0,138,20,105,55452.0,50613.0,37336.0,39083.0,125.2,0,-85274.70403237743,16782.399850730322
10199.0,20748.0,8565.0,15221.0,2850,3171,3620,3753,10128.0,10901.0,2669.0,3599.0,125.2,0,-141797.59970656235,-30650.090502326828
6719.0,16306.0,1732.0,3406.0,2601,2653,3889,4267,10797.0,11503.0,2186.0,3222.0,125.2,0,-147865.90917122577,-25973.2958016213
1206.0,6576.0,3233.0,9478.0,269,258,84,0,3913.0,6333.0,2687.0,4110.0,125.2,-1,-151904.79983652578,-30563.21167943187
997487.0,1052150.0,1855680.0,2358940.0,2760,1694,529,481,404562.0,329299.0,157725.0,134669.0,125.2,3,1789678.946361237,-919003.8390521364
41792.0,66144.0,3819.0,4778.0,0,90,330,121,36864.0,32910.0,26463.0,27324.0,125.3,0,-108315.7911880408,967.267223005405
3781.0,7721.0,908.0,3707.0,272,229,185,133,3244.0,8104.0,20348.0,33138.0,125.4,0,-142570.47678546945,-17625.491362914327
38739.0,62285.0,12105.0,21434.0,300,253,509,216,47411.0,45726.0,19508.0,33235.0,125.4,0,-100908.15500025176,662.5860254283798
46325.0,68623.0,3488.0,6757.0,430,450,0,58,40774.0,35435.0,29075.0,32489.0,125.4,0,-103308.21860226258,5276.472316727875
2312.0,11453.0,0.0,3575.0,1550,2485,2277,3519,5654.0,8834.0,0.0,0.0,125.4,0,-154403.51438239453,-29288.589063906235
32650.0,41016.0,4346.0,8268.0,620,324,0,62,35026.0,31870.0,26397.0,24688.0,125.5,0,-112880.72262828276,-383.6717228243797
3446.0,10579.0,1690.0,3374.0,3153,3888,4641,5143,11443.0,12455.0,1409.0,1526.0,125.6,0,-149442.89407600893,-25922.67238483259
26582.0,50452.0,3307.0,5547.0,164,140,0,31,33380.0,31867.0,23000.0,26355.0,125.6,0,-117869.28450238128,-1535.2162844480115
26276.0,48238.0,4976.0,8373.0,180,217,343,238,31381.0,32122.0,12286.0,26071.0,125.6,0,-121732.61318003768,-8367.505647899357
36888.0,58979.0,9030.0,16849.0,261,359,83,161,36836.0,34454.0,19615.0,25500.0,125.6,0,-109495.54866831354,-5170.346267176563
5742.0,12047.0,1632.0,4936.0,1106,1203,1415,1440,4294.0,4636.0,913.0,1615.0,125.6,0,-151946.05011590567,-30755.40029235485
33037.0,44955.0,1349.0,2571.0,28,81,333,199,34270.0,30022.0,27995.0,20938.0,125.7,0,-115017.688494151,1064.7784401340723
66569.0,109612.0,5659.0,9062.0,201,291,541,283,60872.0,54113.0,42305.0,42263.0,125.8,0,-78340.5206956693,22426.831956080987
37883.0,59293.0,8342.0,14098.0,0,140,207,115,43764.0,37159.0,27153.0,22810.0,125.8,0,-103998.34917417032,2309.13929710702
53249.0,79597.0,8527.0,13532.0,6545,6908,10543,10393,26738.0,26043.0,8008.0,6632.0,125.8,0,-114335.40886077468,-20181.42001346105
14072.0,17938.0,1421.0,2600.0,1392,1321,3062,2971,9279.0,9595.0,2750.0,3187.0,125.8,0,-145553.86395439482,-26985.585540776887
28912.0,51883.0,3513.0,6791.0,110,145,159,72,38042.0,37331.0,15249.0,20752.0,125.8,0,-118239.4836467905,-3019.414023629018
44483.0,64781.0,2890.0,3873.0,542,198,0,29,49995.0,42864.0,33121.0,30952.0,125.9,0,-99019.29496451098,13052.811259669275
124934.0,188760.0,30036.0,50769.0,160,177,0,50,79867.0,74641.0,52021.0,46773.0,125.9,0,-24886.865426976525,20138.797470976944
13174.0,24833.0,1865.0,4913.0,3283,3080,4385,4351,12344.0,12371.0,1914.0,2616.0,125.9,0,-144608.00033831454,-25708.9403273169
31849.0,46449.0,6907.0,11506.0,152,139,266,131,23012.0,20867.0,19240.0,18595.0,126.0,0,-120268.1742370606,-13515.603706711714
4000.0,12577.0,1496.0,4285.0,3817,4339,4717,5425,11480.0,13376.0,1009.0,2015.0,126.0,0,-149417.55954749888,-25903.22990353871
22938.0,40594.0,3434.0,4994.0,569,306,275,92,33973.0,30089.0,18139.0,17893.0,126.0,0,-121868.39594543722,-4400.623389384906
21273.0,39980.0,1309.0,4194.0,5123,5100,6488,6211,17165.0,15983.0,5918.0,4973.0,126.1,0,-137719.62208398437,-20776.183902374756
10120.0,11688.0,3268.0,3292.0,7110,7405,8361,8372,17719.0,17866.0,1058.0,2000.0,126.1,0,-142846.79410084715,-23444.660157387538
16609.0,29654.0,4717.0,10157.0,106,166,0,13,18938.0,17139.0,11061.0,12931.0,126.2,0,-133592.75184323327,-18067.687093317567
14697.0,21018.0,2684.0,5070.0,3195,3127,4736,4900,15136.0,15211.0,4104.0,3960.0,126.2,0,-141181.76548839864,-23421.250128974378
2824.0,11499.0,1615.0,5788.0,2784,4505,3263,5566,8276.0,13511.0,697.0,1139.0,126.2,0,-151491.37134728304,-28201.42100429281
12701.0,17071.0,2815.0,4240.0,6289,6578,7327,7497,17318.0,16261.0,2657.0,3079.0,126.3,0,-141560.13777535595,-22739.17729371477
47356.0,73957.0,5220.0,8284.0,583,327,244,142,50967.0,47998.0,31106.0,37271.0,126.3,0,-95740.34316314806,12187.000604111365
7308.0,14131.0,1071.0,3253.0,6029,5543,9137,9848,21886.0,22578.0,449.0,3776.0,126.3,0,-143638.78589326557,-19215.611656853434
9230.0,17577.0,4148.0,6758.0,3509,3711,5269,5070,14519.0,14696.0,3796.0,3020.0,126.4,0,-142918.8215995398,-24654.32237048088
2114.0,6888.0,94.0,884.0,1345,1983,1756,3053,4104.0,6717.0,0.0,476.0,126.4,0,-155059.42684691463,-30239.44290413016
8949.0,13595.0,2404.0,3550.0,3899,4579,5235,5689,13677.0,15203.0,1739.0,1834.0,126.4,0,-145525.99382997793,-25127.378344184788
32729.0,38820.0,1483.0,3617.0,142,183,275,125,38826.0,35491.0,26557.0,23013.0,126.4,0,-113265.6830665024,3610.7142983565454
5536.0,15151.0,1543.0,4292.0,3080,3751,3845,4492,9067.0,11007.0,678.0,1931.0,126.4,0,-149979.42710125892,-27712.062507334736
43309.0,67085.0,3155.0,5208.0,317,136,399,203,27656.0,24152.0,23337.0,18790.0,126.4,0,-114535.35247711364,-7217.845932335462
4823.0,11223.0,2252.0,4397.0,3654,4315,5054,5513,12630.0,13001.0,1872.0,2068.0,126.5,0,-147714.76902052364,-25332.6690543737
5688.0,12912.0,1356.0,2444.0,258,193,250,96,32316.0,28881.0,8592.0,6707.0,126.5,0,-136051.98889431224,-8823.611712320228
1129.0,5326.0,0.0,0.0,174,61,179,61,3370.0,4572.0,3077.0,4688.0,126.5,0,-154195.47983532716,-28616.17060423936
1208340.0,1198030.0,112665.0,148246.0,6682,4597,869,439,2486430.0,1644340.0,1022660.0,693252.0,126.5,3,2000683.9388000767,1930504.5603774977
6253.0,14494.0,1259.0,4467.0,1280,1796,1488,2250,4638.0,7797.0,269.0,396.0,126.5,0,-152230.49367600898,-30802.7570739323
9558.0,19223.0,3994.0,5712.0,3647,3467,4748,4933,13605.0,13338.0,2356.0,3309.0,126.7,0,-143798.155001351,-25716.059920257158
72474.0,101859.0,2827.0,5814.0,349,165,317,167,67580.0,60427.0,73758.0,56842.0,126.7,0,-61404.14792580044,43599.28410129255
1089.0,6671.0,183.0,1293.0,502,1477,640,1809,1895.0,4869.0,1155.0,2069.0,126.7,0,-155789.34979105176,-30887.05129243833
3098.0,7409.0,497.0,1828.0,2002,2847,2581,3413,6730.0,8113.0,498.0,808.0,126.7,0,-152966.0638759111,-28632.39436787611
36313.0,54730.0,3893.0,6427.0,463,201,272,193,28518.0,25245.0,18103.0,21171.0,126.8,0,-118132.68230359316,-8496.020656655659
6900.0,15372.0,1965.0,5294.0,2512,2832,3838,3997,10399.0,11119.0,3382.0,2655.0,126.8,0,-147440.83250416885,-25972.186665309764
30559.0,44812.0,14503.0,21475.0,388,182,0,76,34109.0,30629.0,24269.0,22442.0,126.8,0,-108205.9240810418,-8457.62997985322
1841.0,11555.0,715.0,3215.0,885,1461,1258,2278,3130.0,5646.0,130.0,321.0,126.9,0,-155154.7444012609,-31198.54381621546
12880.0,12591.0,2912.0,5240.0,4889,4764,7145,6871,16370.0,15210.0,3166.0,3110.0,126.9,0,-141658.83332429666,-23191.79573627765
11135.0,23405.0,3570.0,4835.0,6824,7207,8691,9306,22785.0,23785.0,2710.0,4935.0,126.9,0,-138958.45291760677,-19331.85832191832
1928.0,7024.0,650.0,1704.0,2924,3622,3677,4619,8708.0,10264.0,1056.0,2109.0,126.9,0,-152074.06510216577,-26957.01579340104
2599.0,6298.0,1294.0,4073.0,2059,2428,2802,3629,8816.0,11033.0,512.0,1507.0,126.9,0,-151585.72795476732,-27662.88083129801
3526.0,8562.0,1716.0,3650.0,2473,2331,3493,3853,9147.0,9660.0,173.0,949.0,127.0,0,-150959.27476418446,-28009.28966341615
399086.0,523907.0,136012.0,192721.0,608,468,231,201,235731.0,212881.0,149644.0,122882.0,127.0,0,276479.16766265675,87514.6761361055
16052.0,26028.0,6073.0,11020.0,3817,3992,5497,5703,15475.0,16139.0,3154.0,4383.0,127.0,0,-138428.48818241913,-25752.13801562472
2612.0,5712.0,1237.0,2813.0,2625,3274,3746,4504,9422.0,11461.0,1381.0,1777.0,127.1,0,-150989.29618757011,-26835.04785844932
5263.0,9911.0,1893.0,3320.0,4444,4808,6428,6770,15160.0,14705.0,2471.0,2909.0,127.1,0,-146311.10345342,-23147.29840336176
8938.0,12351.0,1713.0,2503.0,2138,2053,2590,2667,6330.0,6223.0,1199.0,1003.0,127.2,0,-149631.4111712469,-29702.928396931828
22601.0,37273.0,2767.0,4673.0,4538,4252,7028,6812,19992.0,19842.0,5022.0,6135.0,127.2,0,-135078.94395344344,-20178.10466230062
23223.0,43055.0,4488.0,7891.0,37,73,93,79,27453.0,28942.0,10532.0,19014.0,127.3,0,-126630.28932165296,-12215.327360196534
33891.0,49622.0,6812.0,12397.0,152,191,241,198,38715.0,35404.0,21654.0,25221.0,127.3,0,-110690.2847070501,-1583.7378672889208
14126.0,16012.0,5583.0,7901.0,2643,1910,3743,3411,10960.0,10007.0,3914.0,2429.0,127.5,0,-141562.30105091215,-28171.94267857776
10117.0,19704.0,1780.0,4241.0,3452,3658,5058,5345,13380.0,14223.0,1616.0,2774.0,127.5,0,-145540.33558187526,-24900.09637625997
27511.0,55665.0,9478.0,15130.0,263,195,54,46,33161.0,29249.0,19225.0,19494.0,127.5,0,-115585.807611576,-8293.461370384175
7591.0,19385.0,1177.0,3043.0,3008,3649,4935,5685,10017.0,11300.0,1620.0,1670.0,127.6,0,-148646.46370852334,-26659.12518604064
365920.0,502524.0,17574.0,21416.0,396,618,9580,9045,173522.0,157031.0,123022.0,115172.0,127.7,0,142274.45007802374,112309.99040323
9432.0,12313.0,1658.0,3937.0,2198,2019,2274,2416,7853.0,8625.0,1986.0,3118.0,127.7,0,-148223.08413723,-28068.68544698851
7431.0,12179.0,3644.0,6120.0,333,259,370,229,15244.0,14574.0,7049.0,10684.0,127.7,0,-141521.17474521833,-21176.589171249485
18032.0,32790.0,6613.0,12037.0,234,219,223,140,23455.0,22884.0,7263.0,14955.0,127.7,0,-130809.67592222012,-17762.930315780424
49026.0,79863.0,5494.0,8982.0,415,324,136,129,59019.0,55427.0,44761.0,43242.0,127.7,0,-85443.96397284087,23685.390023145887
2236.0,11150.0,51.0,1279.0,109,42,171,82,5027.0,10056.0,31280.0,46920.0,127.7,0,-137215.78309826553,-9060.639967118224
523612.0,650423.0,34356.0,48243.0,1833,1675,156,134,718484.0,571646.0,241766.0,228074.0,127.7,3,522199.3667111052,504014.7559980667
3025.0,8943.0,595.0,1484.0,2268,2634,2838,3573,8110.0,9786.0,2321.0,2412.0,127.8,0,-151429.7921820883,-26793.890270501
1200.0,6623.0,303.0,2253.0,1311,2299,2181,3937,6132.0,11727.0,459.0,704.0,127.8,0,-154176.47745233434,-28798.770867736184
30608.0,57001.0,6490.0,11124.0,337,175,136,73,28668.0,28349.0,17852.0,22626.0,127.8,0,-118517.19102455724,-9532.932230884482
138895.0,210453.0,14094.0,23866.0,373,267,376,159,123226.0,104272.0,78638.0,60720.0,127.8,0,954.482823006838,70062.9663437355
4901.0,9944.0,1371.0,2866.0,2669,2754,4109,4383,10597.0,11934.0,1404.0,1721.0,127.9,0,-149427.69211319854,-26323.514356125364
2512.0,11619.0,274.0,1664.0,1052,1886,1637,2717,4892.0,8304.0,506.0,673.0,127.9,0,-154206.06826492638,-29636.179690405646
9720.0,23168.0,1944.0,3756.0,2582,2601,3393,3830,9638.0,10295.0,2287.0,2832.0,127.9,0,-147025.71156631212,-27055.606784509284
5267.0,16964.0,1120.0,3882.0,2130,2595,2736,3562,6311.0,7668.0,694.0,1272.0,128.0,0,-151705.043082328,-29272.44576288814
5487.0,15066.0,1448.0,3144.0,1072,1069,1741,2174,4789.0,5681.0,670.0,1493.0,128.1,0,-152059.14694286365,-30431.06794745411
3324.0,9434.0,1477.0,2876.0,1450,2600,2069,3589,5379.0,8604.0,1225.0,1641.0,128.1,0,-152434.1433462205,-29678.574182109016
5978.0,13262.0,720.0,2959.0,1791,2007,2335,2459,6511.0,6659.0,808.0,1834.0,128.1,0,-151488.12511540222,-28803.69998638302
16387.0,23851.0,2283.0,2733.0,6053,6167,8007,7963,18286.0,19165.0,2741.0,2721.0,128.1,0,-139995.55269570756,-22053.055047822287
27186.0,47375.0,5360.0,8633.0,1921,1946,4698,4504,13131.0,11968.0,4281.0,4600.0,128.1,0,-134979.9326393343,-27002.68522610221
66122.0,103773.0,10953.0,19535.0,306,377,324,239,58712.0,55081.0,35370.0,43541.0,128.1,0,-78239.36323944214,15060.975423637015
180441.0,264707.0,5300.0,7564.0,462,411,0,53,171523.0,143840.0,75753.0,65602.0,128.1,0,33220.509900406294,102993.30750478356
3554.0,6912.0,2610.0,7737.0,1668,1670,1884,1820,5815.0,5815.0,1056.0,1808.0,128.2,0,-151401.99092490802,-30173.91727978307
13437.0,20386.0,3489.0,5264.0,3288,3169,4194,4062,11506.0,11066.0,1520.0,2744.0,128.2,0,-143886.05516381116,-27420.718110979746
50195.0,74420.0,4119.0,6117.0,112,81,98,117,70138.0,61610.0,61169.0,47679.0,128.3,0,-74286.89350194564,39100.089827594886
1874.0,8061.0,933.0,2795.0,1528,2124,2221,3205,5738.0,8148.0,150.0,305.0,128.3,0,-153806.93666751575,-29681.004668909078
1613.0,6958.0,993.0,3348.0,2407,2475,3039,3450,7249.0,8109.0,1047.0,2180.0,128.3,0,-152620.25497759492,-28067.84479984688
6862.0,11556.0,1335.0,2373.0,2394,2681,2658,2865,7822.0,7678.0,884.0,2150.0,128.3,0,-150040.65173001596,-28335.48833116042
64024.0,109276.0,25631.0,41768.0,331,149,48,65,58900.0,53737.0,49300.0,46783.0,128.4,0,-63327.39028173614,12465.58097009559
282828.0,394142.0,72476.0,105433.0,511,434,213,160,191421.0,169248.0,113156.0,90503.0,128.4,0,147460.253316291,86436.62007942842
11647.0,15186.0,3366.0,5096.0,4236,4096,5269,5426,15487.0,14726.0,4817.0,3318.0,128.4,0,-141616.5686015825,-23232.766476823614
47834.0,68020.0,25621.0,42720.0,61,181,115,75,46578.0,43882.0,30490.0,30313.0,128.4,0,-84542.69193233007,-4802.512919498109
5245.0,12066.0,1752.0,2646.0,2071,2462,2862,3233,8036.0,9083.0,1486.0,1361.0,128.5,0,-150196.39136608233,-28230.16500278897
419347.0,536667.0,23178.0,29600.0,683,738,8720,7672,214116.0,176630.0,188365.0,153923.0,128.5,0,215334.75475750284,164621.17346375555
5321.0,12208.0,2638.0,5481.0,1475,1720,2186,2437,5404.0,6441.0,1325.0,1493.0,128.6,0,-150784.90243824618,-30502.991696968165
7466.0,19472.0,1459.0,3391.0,1930,1997,2538,2700,9239.0,9769.0,808.0,2194.0,128.6,0,-149092.54175223256,-27581.370550756368
164450.0,250150.0,22011.0,34776.0,660,347,348,145,101354.0,93955.0,69042.0,80373.0,128.6,0,5969.06730182172,48729.734879944255
591625.0,761338.0,44214.0,57674.0,1096,1097,367,240,690727.0,534758.0,199341.0,175862.0,128.7,3,522090.96581873554,449675.6019729971
2680.0,10810.0,1292.0,3872.0,2376,3184,2865,4080,7063.0,9809.0,542.0,1382.0,128.7,0,-152348.15536373705,-28782.8670175276
43470.0,72543.0,2303.0,4277.0,92,78,201,167,55356.0,51868.0,48821.0,39882.0,128.8,0,-90501.0600815758,24898.60656179462
6011.0,6757.0,4947.0,4834.0,275,119,374,184,10451.0,5691.0,14732.0,7806.0,128.8,0,-140892.01860247095,-22170.898025495317
964350.0,1082170.0,896627.0,1043800.0,2274,1306,1077,367,387450.0,328161.0,225813.0,175659.0,128.8,3,1136405.5901192965,-290397.2104516981
2028.0,8176.0,41.0,1537.0,200,107,232,159,1966.0,5007.0,15841.0,36049.0,128.8,0,-145758.82915828054,-19199.090596934664
55119.0,88654.0,9676.0,16475.0,471,289,283,132,54801.0,52015.0,27206.0,40683.0,128.8,0,-88764.00393525501,10220.37276045932
4661.0,18291.0,1448.0,4665.0,1664,1810,2127,2673,5332.0,6657.0,1140.0,1310.0,128.8,0,-152000.47025422784,-29865.803619071645
1227260.0,1287260.0,2322600.0,2885340.0,4408,2405,1649,764,220006.0,184745.0,125937.0,102415.0,128.9,3,2107214.2766362107,-1362286.9218755497
63324.0,101480.0,14525.0,22314.0,723,267,237,96,58038.0,53313.0,37327.0,40993.0,129.0,0,-76821.21270213758,12985.7200967766
32510.0,58390.0,6330.0,10134.0,225,178,42,49,34698.0,31361.0,20341.0,23369.0,129.0,0,-114118.27203882378,-4579.9378449195465
5472.0,14554.0,2337.0,5213.0,3186,3603,3967,4352,12050.0,12485.0,1663.0,2902.0,129.1,0,-147625.93969099715,-25750.971127064386
31198.0,54053.0,4780.0,7663.0,6153,5551,8376,8204,24127.0,23626.0,5702.0,7040.0,129.1,0,-127933.43780613296,-18953.744225741084
13760.0,29138.0,1907.0,3919.0,6341,6531,8588,9134,22797.0,23548.0,2000.0,5248.0,129.1,0,-139250.16823529315,-18698.297827625684
3313.0,9193.0,453.0,2346.0,140,27,187,151,5299.0,8246.0,30084.0,47063.0,129.1,0,-136797.72239658676,-9689.922467338823
364125.0,471056.0,24493.0,33454.0,1251,866,342,178,747477.0,629814.0,232528.0,230891.0,129.1,3,460091.5830428706,535479.99251855
1575.0,5797.0,834.0,3328.0,683,1394,1543,2950,3646.0,7238.0,0.0,29.0,129.2,0,-155033.84118597893,-31030.27342769855
43571.0,60543.0,12947.0,20615.0,487,246,545,248,25160.0,24307.0,27287.0,22376.0,129.2,0,-106879.82465841154,-12727.61407065728
59003.0,80370.0,3328.0,5634.0,206,261,299,155,56195.0,52214.0,31598.0,36147.0,129.2,0,-89881.58718743095,15950.01720880478
39021.0,69312.0,5865.0,9287.0,469,255,377,199,36266.0,33847.0,29286.0,27070.0,129.3,0,-107296.40561806444,628.1887201688915
46883.0,69190.0,1857.0,3184.0,285,235,0,105,45711.0,39617.0,42386.0,31918.0,129.3,0,-97140.41462263856,14879.58067685038
79918.0,118625.0,32391.0,47592.0,2769,2561,6201,6261,17674.0,17491.0,5305.0,5575.0,129.3,0,-92165.3974452029,-43939.008492423294
49412.0,82609.0,28132.0,43754.0,711,347,367,211,66495.0,61588.0,57499.0,52181.0,129.3,0,-60451.06627087451,20954.19145141056
70621.0,104129.0,13368.0,21814.0,0,0,0,5,65093.0,58333.0,44884.0,46163.0,129.3,0,-68011.21619346784,21699.34988174977
10914.0,19136.0,2087.0,5943.0,4967,5259,7338,7750,18566.0,19238.0,3685.0,4479.0,129.3,0,-141678.74270824093,-20719.713389305864
11437.0,17384.0,5036.0,8951.0,3087,3168,4122,4686,12380.0,12569.0,545.0,3580.0,129.3,0,-143497.4954219873,-27984.331862382056
2531.0,6314.0,1414.0,2473.0,1327,1492,2436,2841,5454.0,5577.0,281.0,1571.0,129.4,0,-153125.6261830679,-29946.426283951616
223355.0,314240.0,28949.0,43810.0,687,291,0,0,123666.0,109477.0,98750.0,87717.0,129.4,-1,56791.15834075856,68336.58995366724
6968.0,9270.0,1919.0,3500.0,1426,1455,2124,2053,5617.0,5266.0,1906.0,1813.0,129.4,0,-150256.26153915856,-29728.89994130844
19320.0,23194.0,4195.0,6871.0,3750,4143,5202,5461,16804.0,18473.0,2962.0,3779.0,129.5,0,-137935.63228874176,-24123.29393650007
3486.0,7870.0,810.0,1717.0,493,1481,510,1657,1182.0,5012.0,346.0,388.0,129.5,0,-155207.3180032511,-32496.82898953776
14395.0,21930.0,4799.0,6638.0,3215,3377,5609,5783,15571.0,15184.0,3052.0,2521.0,129.5,0,-140217.6880151731,-25124.74728913215
5254.0,10008.0,1155.0,3183.0,1434,1456,1876,2164,5764.0,6356.0,1026.0,1198.0,129.5,0,-151822.26418781,-29513.45258863556
24961.0,36010.0,3239.0,4641.0,5751,5402,8453,8135,22247.0,21260.0,7435.0,7344.0,129.6,0,-131722.14992609207,-17993.13278683419
1112.0,7142.0,348.0,2312.0,110,0,81,0,1290.0,4099.0,8244.0,24894.0,129.6,-1,-150441.2840559618,-24736.958277137885
65616.0,109987.0,18391.0,28890.0,167,173,324,249,42835.0,40449.0,27858.0,33663.0,129.6,0,-84488.44545524644,-4351.867516206148
6494.0,19700.0,2264.0,6103.0,4142,4940,5816,6958,14423.0,16906.0,1579.0,3898.0,129.7,0,-146088.71483366564,-24142.97431602514
5590.0,11056.0,914.0,2318.0,1769,2704,2638,4436,6625.0,9554.0,1804.0,2658.0,129.7,0,-150989.63787873025,-28277.298345056555
2032.0,12458.0,54.0,1063.0,939,2416,1180,3623,2275.0,7443.0,148.0,365.0,129.7,0,-155906.21924710096,-31322.17607535139
12085.0,23177.0,11071.0,15148.0,2918,3080,4669,5156,12689.0,12595.0,1169.0,2423.0,129.8,0,-138840.8155881667,-31542.431791476825
28330.0,40358.0,5075.0,7552.0,143,205,76,180,28426.0,26507.0,20274.0,19955.0,129.8,0,-119980.49096448362,-8061.884919295451
28950.0,48511.0,2585.0,3877.0,518,375,103,131,25186.0,24175.0,20341.0,18173.0,129.8,0,-123106.32201017166,-8845.592878153078
35218.0,50513.0,5034.0,8305.0,2275,2325,7151,7085,17508.0,17180.0,8159.0,6710.0,129.9,0,-128240.92744865622,-22581.11726007497
2086.0,6727.0,950.0,2647.0,1259,1441,2196,2710,5366.0,6828.0,0.0,160.0,129.9,0,-153950.39677660825,-30026.70384239673
25878.0,35051.0,2015.0,3278.0,370,285,115,204,19677.0,18448.0,19915.0,16109.0,129.9,0,-127659.86861737308,-12281.155885751512
1780.0,8242.0,829.0,2698.0,1706,2501,2145,3139,6718.0,9969.0,0.0,264.0,129.9,0,-153535.68202705847,-29059.821523718343
16156.0,25276.0,3003.0,5580.0,3131,2954,5066,4955,14101.0,13475.0,4100.0,4207.0,129.9,0,-140800.5795007274,-24331.950224766268
229930.0,346694.0,5740.0,8940.0,460,367,304,190,289052.0,255826.0,107234.0,109805.0,130.0,0,123978.7512312005,194116.2911052653
38689.0,66455.0,22797.0,35435.0,2352,2141,4883,4833,12594.0,12841.0,4340.0,4802.0,130.0,0,-118421.33173020514,-38979.99394485169
1664.0,4524.0,1306.0,4327.0,1875,1938,2503,2447,6940.0,7509.0,673.0,1460.0,130.1,0,-152753.38768780525,-28736.348608390195
3306.0,18355.0,1229.0,4737.0,1647,2597,1729,2804,5061.0,8285.0,498.0,1166.0,130.1,0,-153084.43660172107,-30105.027227800805
2646.0,10310.0,782.0,1947.0,1606,3240,2006,4076,5407.0,11426.0,1421.0,1652.0,130.1,0,-153105.1273488898,-29096.742648867883
8138.0,15838.0,2758.0,5085.0,3280,3486,3705,4084,12781.0,14067.0,1526.0,2613.0,130.1,0,-146001.07763114673,-25830.916999195782
52928.0,90343.0,4159.0,8427.0,189,183,155,139,58546.0,56770.0,34368.0,39822.0,130.1,0,-89249.28955222911,19061.335388801697
7074.0,15216.0,1671.0,4416.0,2441,2510,3131,3384,8236.0,9180.0,1681.0,2762.0,130.2,0,-149163.0047758652,-27864.72562521308
57253.0,86637.0,8096.0,11291.0,741,497,0,84,54183.0,51547.0,40344.0,36100.0,130.2,0,-84990.06686411575,15459.239561697284
24699.0,37730.0,2614.0,4598.0,1973,1757,4883,4941,10926.0,11808.0,3765.0,3838.0,130.2,0,-139175.12964210482,-26849.625852720223
14396.0,17174.0,1802.0,3467.0,3348,3351,4278,4028,12233.0,11196.0,2874.0,2151.0,130.3,0,-143905.5716611537,-25491.101819616983
4600.0,13115.0,621.0,2745.0,1309,2460,1600,3601,4275.0,8962.0,2823.0,3144.0,130.4,0,-152221.69460185108,-29011.368026453616
1881.0,12456.0,794.0,3104.0,1450,2744,2079,4086,5360.0,10346.0,662.0,1011.0,130.4,0,-153792.66676367162,-29505.32309127354
5148.0,7953.0,1680.0,2923.0,14309,14464,25667,25727,31337.0,29285.0,9728.0,13105.0,130.4,0,-135199.6119395776,-8058.959405760037
28582.0,55477.0,77574.0,119013.0,1574,1300,4564,4544,10687.0,11618.0,3516.0,3031.0,130.4,0,-86122.59156413171,-74549.66935036254
201285.0,301742.0,10371.0,14652.0,206,323,0,76,223301.0,191695.0,75932.0,80678.0,130.4,0,70571.24732117826,133687.9597645676
13405.0,24996.0,842.0,2575.0,2603,3035,3596,3677,8788.0,8836.0,0.0,2029.0,130.5,0,-147606.01201699855,-28228.688833041502
36784.0,54868.0,4396.0,7249.0,49,126,0,80,38534.0,34840.0,28282.0,22874.0,130.5,0,-109106.59876343606,2034.629399677313
6446.0,12630.0,937.0,3273.0,2217,2616,2345,2860,7200.0,9244.0,483.0,2852.0,130.5,0,-150826.34924711316,-28508.047205752508
8780.0,18520.0,2494.0,5086.0,3378,3552,5263,6025,14715.0,15785.0,1993.0,3291.0,130.5,0,-144788.4040917859,-24175.674533803023
31209.0,50138.0,8835.0,17109.0,397,300,278,141,36259.0,37066.0,9544.0,24211.0,130.5,0,-116094.98280629498,-9476.025203934909
10616.0,18428.0,1069.0,3089.0,5613,5112,6334,6121,17983.0,18118.0,2557.0,3922.0,130.6,0,-143253.0847820921,-20995.478652337275
74221.0,118821.0,3118.0,5272.0,200,154,515,204,63258.0,56068.0,59886.0,45847.0,130.6,0,-68944.94197304765,32985.65194193095
5387.0,14524.0,2068.0,5053.0,2223,2418,2846,3424,7475.0,8402.0,1541.0,2761.0,130.6,0,-149975.41900119977,-28544.903007812973
1991.0,6019.0,782.0,3746.0,1266,2275,1494,2473,3356.0,6105.0,755.0,847.0,130.7,0,-154646.8962316206,-30760.556541540467
17992.0,24863.0,28947.0,47767.0,925,987,3122,2813,6647.0,7141.0,3724.0,3314.0,130.7,0,-125751.89545519064,-45756.53649055141
49260.0,76335.0,2497.0,7122.0,94,208,0,60,41677.0,40225.0,37606.0,29164.0,130.7,0,-99656.07293396456,9325.161751837177
48478.0,79805.0,8352.0,13739.0,333,183,80,33,45291.0,39400.0,35496.0,30982.0,130.8,0,-94852.10622011844,7391.48008138598
30490.0,51272.0,8261.0,11242.0,0,97,92,114,33440.0,29313.0,23676.0,22966.0,130.8,0,-112999.72187052024,-5121.401728226312
64575.0,95301.0,12410.0,20580.0,222,270,0,53,57642.0,52546.0,48642.0,43867.0,130.8,0,-73410.50499451261,19190.811704376258
47341.0,68352.0,3373.0,5044.0,336,204,0,140,44955.0,42614.0,22630.0,30759.0,130.8,0,-103684.00007625156,4944.29983241457
37883.0,55261.0,5633.0,9943.0,215,171,99,114,42499.0,39815.0,26004.0,28708.0,130.8,0,-106117.86826754511,3674.0905038971287
2153.0,7523.0,298.0,1301.0,1330,1546,1742,1954,3710.0,4730.0,1068.0,2031.0,130.9,0,-154489.63475358437,-29921.49921398408
306221.0,446568.0,10254.0,15729.0,210,371,342,143,174306.0,152860.0,114564.0,101393.0,130.9,0,108250.64318348808,115498.87460436187
7046.0,19972.0,1302.0,3154.0,4450,4610,6023,6579,13161.0,14309.0,2263.0,2512.0,131.0,0,-147017.66609105488,-24308.007199719854
196370.0,303519.0,11181.0,17371.0,127,163,0,0,176899.0,156960.0,88005.0,85983.0,131.0,-1,53281.28231201813,110118.69139622612
4010.0,10553.0,0.0,1029.0,255,170,229,106,12122.0,6642.0,623.0,778.0,131.0,0,-150469.51973376214,-24926.8557169469
2060.0,8462.0,0.0,922.0,112,0,99,0,1328.0,4246.0,13857.0,37245.0,131.0,-1,-146644.30978381282,-20218.46031928406
582293.0,758506.0,63126.0,92860.0,924,1329,402,188,669459.0,537681.0,253575.0,218351.0,131.0,3,547124.5239957194,454537.15092294407
767624.0,856343.0,752569.0,838080.0,1449,903,314,144,267529.0,204363.0,168924.0,127138.0,131.0,3,875169.3809545422,-294651.03269321565
48162.0,71594.0,14468.0,23475.0,0,0,358,155,43705.0,39221.0,33847.0,35545.0,131.1,0,-91505.39421358755,2610.735670773447
56897.0,82788.0,18736.0,29614.0,278,215,1,107,57291.0,52478.0,44370.0,38139.0,131.1,0,-74644.64692285462,12784.33353292116
5430.0,10953.0,2418.0,5647.0,2353,2324,3052,3093,7743.0,8692.0,1652.0,1686.0,131.2,0,-149689.60180354028,-28723.5561266193
6215.0,15467.0,2143.0,4664.0,2323,2372,3450,3670,10387.0,11527.0,877.0,2656.0,131.2,0,-148529.0908894156,-27098.71890178189
11112.0,18817.0,1263.0,4549.0,2020,2148,2806,2837,8715.0,8986.0,2737.0,2503.0,131.2,0,-147219.544555484,-27167.00592774568
122514.0,188142.0,4868.0,5722.0,462,272,297,171,145636.0,119306.0,61891.0,49543.0,131.3,0,-9614.76635400366,82268.12282163261
56144.0,89292.0,1728.0,4722.0,88,156,288,166,52337.0,49046.0,22008.0,37040.0,131.3,0,-97323.19011140532,10820.40990179792
7912.0,17324.0,2468.0,4414.0,272,194,143,162,15003.0,16388.0,5018.0,12495.0,131.4,0,-142766.09390346878,-21183.95722332164
41272.0,67442.0,13016.0,21006.0,414,236,146,73,34097.0,31737.0,20214.0,24665.0,131.5,0,-106066.41347347332,-9572.23748166383
16443.0,23084.0,1941.0,3204.0,2814,2891,4335,4615,12469.0,12093.0,1175.0,4233.0,131.5,0,-143229.98175267607,-25940.35959695765
10830.0,10934.0,252.0,2505.0,4354,4263,5254,5580,13646.0,12996.0,2415.0,3003.0,131.5,0,-145857.55106482242,-23447.20940860035
4960.0,12555.0,537.0,1155.0,2127,2200,3428,3320,7916.0,8007.0,2076.0,2511.0,131.5,0,-150842.36866363362,-27091.27751401417
4349.0,14159.0,1162.0,2729.0,1202,1208,2379,2804,5734.0,6629.0,1556.0,1870.0,131.5,0,-151920.9541501028,-29146.37052000344
1527.0,10082.0,0.0,0.0,94,0,111,0,3275.0,5513.0,705.0,1512.0,131.5,-1,-155353.6982863539,-30205.807626523325
533052.0,713005.0,34348.0,51189.0,1075,1123,665,312,692960.0,546672.0,281951.0,237612.0,131.5,3,530587.2485691538,505662.3509358288
6488.0,9606.0,3209.0,5939.0,2690,2648,3845,4007,9566.0,9283.0,2567.0,2709.0,131.5,0,-147419.5573235328,-27586.566601492115
3720.0,11177.0,2950.0,5156.0,3099,3498,4318,4977,9368.0,10732.0,1099.0,939.0,131.6,0,-149585.1143894619,-28268.52928461164
36903.0,52185.0,10246.0,15398.0,267,120,0,19,41806.0,38556.0,25321.0,26321.0,131.6,0,-104199.67121204876,-266.5259626034167
8532.0,29246.0,2095.0,5544.0,2733,2833,3449,3778,10409.0,10749.0,2152.0,3991.0,131.6,0,-146963.33354727644,-26456.354887012887
5928.0,11638.0,1371.0,1890.0,3158,3445,4340,4436,10162.0,10456.0,488.0,1650.0,131.6,0,-149548.8536897588,-27060.915194427653
63220.0,97690.0,26644.0,39160.0,189,191,153,140,58033.0,50726.0,44619.0,39915.0,131.7,0,-65943.4282418701,8267.634218513736
46666.0,81461.0,7777.0,12796.0,451,247,162,134,41434.0,39788.0,26475.0,32712.0,131.7,0,-100840.26612100445,1924.0397840615003
4281.0,10668.0,1507.0,4493.0,2458,2829,3178,3498,8884.0,9999.0,1111.0,1303.0,131.7,0,-150522.51819840542,-27643.76427217873
7846.0,15118.0,1570.0,3780.0,4027,3995,4791,5204,10866.0,11343.0,1444.0,2564.0,131.8,0,-147837.78577199965,-26317.215762505708
1003.0,3631.0,0.0,781.0,216,150,111,37,10393.0,15035.0,5278.0,6398.0,131.8,0,-150052.63593095413,-22969.706826221503
85939.0,127360.0,5371.0,8776.0,483,289,0,24,95054.0,77737.0,109988.0,62436.0,131.8,0,-27670.06328958059,74597.3732629747
660119.0,772603.0,74316.0,103005.0,1613,1141,376,342,1106600.0,832014.0,553651.0,459418.0,131.8,3,924997.4470489568,883449.3700796718
4683.0,18368.0,1077.0,3866.0,867,1410,1088,2294,3211.0,6982.0,1985.0,2098.0,131.8,0,-152795.53545467122,-30496.135919034376
8030.0,18338.0,1979.0,3298.0,4695,5112,6396,6624,14794.0,15167.0,2839.0,3081.0,131.8,0,-145125.51170504198,-23430.79680508374
14863.0,22213.0,5101.0,7823.0,2292,2102,4420,4386,12423.0,11991.0,2365.0,3616.0,131.9,0,-141355.40694188685,-27449.75536036814
165788.0,240290.0,59778.0,87507.0,940,343,0,72,112827.0,99730.0,67332.0,56613.0,131.9,0,34137.11124834244,27653.872351320217
47645.0,70379.0,33067.0,51792.0,2772,2620,6377,6416,18345.0,18662.0,8480.0,6694.0,132.0,0,-103299.11706717534,-40329.603533055735
10740.0,18485.0,4732.0,6298.0,2308,2510,3847,3701,11541.0,11634.0,1941.0,1930.0,132.1,0,-144066.4824382825,-27957.686250894505
12521.0,22067.0,2835.0,4164.0,5561,6398,7600,8108,18572.0,19755.0,3554.0,2693.0,132.2,0,-140773.73872987478,-21631.45238925029
11899.0,18882.0,2171.0,4352.0,6759,6538,7789,7856,19409.0,17640.0,2602.0,2839.0,132.2,0,-141439.62366841728,-21021.536701810976
12298.0,13240.0,3046.0,4565.0,4357,3953,5872,5521,15854.0,14109.0,2385.0,2991.0,132.2,0,-142343.31558037057,-23913.742478651875
2984.0,10640.0,4219.0,7213.0,5,0,321,240,5568.0,4758.0,1783.0,3060.0,132.3,0,-150214.84719293055,-30799.546811085434
1024810.0,1250660.0,1547500.0,2032910.0,3735,2811,1145,738,464050.0,370324.0,233909.0,195555.0,132.3,3,1650677.5217281743,-647942.5797214267
2869.0,5138.0,2909.0,5379.0,1203,1658,1557,2098,4161.0,5751.0,1213.0,1451.0,132.6,0,-152210.30578741318,-31354.70970390033
8173.0,13796.0,3457.0,4934.0,4166,4536,6321,6622,18502.0,17589.0,4686.0,4322.0,132.6,0,-141537.49801716796,-21049.089565734703
5929.0,14442.0,2257.0,5100.0,4200,4791,5945,7061,14979.0,16991.0,594.0,2774.0,132.7,0,-146579.50908909383,-24343.75422821092
2231.0,5858.0,1639.0,3921.0,3653,4390,4412,5360,11282.0,12499.0,498.0,1442.0,132.8,0,-150394.2417321524,-26310.20168862254
3364.0,11435.0,1371.0,3113.0,2549,2913,3440,3876,7896.0,8253.0,0.0,1491.0,132.8,0,-151823.09785210446,-28558.939038956843
2452.0,14904.0,707.0,3773.0,1070,1818,1303,2273,4292.0,7758.0,76.0,36.0,132.9,0,-154441.6684422666,-30566.96839484669
4622.0,8504.0,37.0,1806.0,2160,2248,3159,3150,8619.0,8868.0,0.0,1844.0,132.9,0,-151859.8293405795,-27289.7139514824
13619.0,19754.0,1879.0,4519.0,4638,3977,5748,5860,14762.0,14980.0,2043.0,3968.0,132.9,0,-143102.82871387497,-23944.60296138396
10654.0,19955.0,4629.0,6770.0,1117,1120,2713,2739,8348.0,8137.0,2655.0,3307.0,133.0,0,-145178.90860172093,-29387.392223250423
33913.0,49495.0,3199.0,7416.0,391,175,118,89,34180.0,32157.0,13816.0,24583.0,133.1,0,-118193.60173979338,-5575.935237859798
4391.0,7134.0,641.0,3467.0,388,878,756,1687,2006.0,4911.0,478.0,326.0,133.2,0,-154540.98151660786,-31882.42857667073
692789.0,868694.0,297161.0,388799.0,1341,880,528,198,437651.0,339735.0,261550.0,193207.0,133.2,3,649256.5584034186,153165.77965703027
3009.0,7131.0,1266.0,3212.0,1375,1413,2028,2313,5340.0,6385.0,1628.0,2289.0,133.2,0,-152496.05274030322,-29277.227740210597
229247.0,331801.0,8596.0,12130.0,439,457,0,15,278150.0,238817.0,115473.0,99474.0,133.2,0,122491.3238888527,187272.8967872896
5807.0,13948.0,2238.0,3598.0,2811,2988,3775,3803,11218.0,10698.0,2605.0,2906.0,133.3,0,-147585.13359365886,-25840.871624690863
475852.0,600029.0,305891.0,405094.0,1387,792,0,60,166744.0,135525.0,88287.0,72198.0,133.3,0,365083.1415879442,-101629.26061828066
94928.0,136387.0,32427.0,48058.0,0,120,354,136,95217.0,89127.0,80394.0,62837.0,133.3,0,-16102.873678096015,44777.56955524378
6813.0,17444.0,1517.0,4254.0,3295,4099,5000,5748,13086.0,16410.0,1453.0,3627.0,133.4,0,-147160.34853026076,-24637.65415872328
33940.0,61910.0,42270.0,65413.0,2485,2493,6383,6633,16119.0,16751.0,6160.0,5976.0,133.5,0,-104507.3020017636,-47712.785607377504
64711.0,96963.0,11167.0,16990.0,648,445,542,185,49910.0,45217.0,46507.0,41155.0,133.5,0,-78827.86509617066,13743.41999761784
2111.0,9829.0,0.0,1133.0,195,145,124,10,3920.0,5205.0,2148.0,3061.0,133.6,0,-154093.8221335213,-28983.307369393275
1765.0,11083.0,274.0,1089.0,130,145,134,56,4037.0,7913.0,1149.0,2662.0,133.6,0,-154412.77881070288,-29542.009429831705
1241.0,6553.0,0.0,448.0,151,139,177,70,3803.0,7422.0,994.0,2282.0,133.6,0,-155027.18919785097,-29609.823298900592
667198.0,866801.0,50452.0,72702.0,1700,1430,259,179,833890.0,638696.0,300194.0,254038.0,133.6,3,668986.2410337119,586230.5781546291
348759.0,484834.0,54352.0,80628.0,571,536,256,196,158811.0,137473.0,164975.0,136628.0,133.6,0,172194.8714600247,102058.10556041014
12024.0,22410.0,2912.0,4747.0,4484,4805,5647,5948,16259.0,16984.0,3864.0,3548.0,133.6,0,-141749.27768735975,-22846.39357074831
37040.0,55151.0,3276.0,6659.0,560,423,77,168,33868.0,32364.0,18816.0,23987.0,133.6,0,-115230.25773329548,-4022.640642155529
4011.0,9536.0,1007.0,2491.0,3061,3085,3422,3655,9459.0,10539.0,1036.0,1755.0,133.6,0,-150688.0613878616,-26907.605815169856
7757.0,16912.0,1665.0,4815.0,2805,3101,4217,4661,10747.0,11493.0,2015.0,1958.0,133.7,0,-147731.58235531344,-26304.3029971175
4532.0,6876.0,295.0,1773.0,989,2615,1643,3851,4846.0,9386.0,1898.0,1822.0,133.7,0,-152726.31939571156,-29041.16687781597
80131.0,122589.0,8237.0,12818.0,382,407,106,42,31414.0,30066.0,15787.0,21791.0,133.7,0,-96659.75740736852,-13112.4517104453
33002.0,47182.0,13306.0,23240.0,252,185,408,239,34930.0,34119.0,15274.0,28078.0,133.7,0,-110269.2279665767,-10214.51216768788
52892.0,92639.0,13339.0,23350.0,29,73,0,0,52641.0,48536.0,24994.0,38733.0,133.7,-1,-89198.02041615114,5471.047219399177
3489.0,12064.0,556.0,2735.0,2437,3627,3146,4588,7780.0,11963.0,903.0,1108.0,133.8,0,-152102.7824354289,-27811.89440160708
65977.0,97098.0,18969.0,31102.0,408,403,111,67,59895.0,54667.0,42360.0,40972.0,133.8,0,-69974.78919526195,13305.83308656434
6026.0,13433.0,1769.0,4271.0,2156,2930,2771,4225,7322.0,9889.0,1477.0,2068.0,133.9,0,-150100.6177329889,-28633.64067090513
548.0,3041.0,604.0,2876.0,699,1982,782,2671,2102.0,6343.0,263.0,267.0,133.9,0,-156183.10251706434,-31648.642679229528
5537.0,10970.0,1172.0,4057.0,814,759,1507,1852,3932.0,5009.0,1524.0,1500.0,133.9,0,-152300.44269715858,-30443.77154502179
11424.0,22645.0,3197.0,5446.0,3274,2771,4346,4457,13112.0,13727.0,611.0,1437.0,133.9,0,-144688.49242269766,-26681.936044690643
603023.0,819193.0,496772.0,714001.0,1070,615,693,273,275907.0,226746.0,65775.0,55600.0,134.0,0,587786.8120358004,-172821.1100721028
9876.0,13313.0,2543.0,5140.0,2685,2630,3681,3581,10455.0,9915.0,3248.0,4209.0,134.1,0,-145650.62214952087,-26300.41618721601
53492.0,71406.0,64314.0,71631.0,4587,4711,6653,6750,19221.0,18369.0,6611.0,4516.0,134.1,0,-79891.9634898741,-60908.19448127145
61332.0,92672.0,6579.0,11771.0,456,307,45,47,57641.0,54793.0,42865.0,44542.0,134.1,0,-80811.86978901226,20746.00167295032
31977.0,40747.0,3117.0,5772.0,545,178,250,195,29928.0,28938.0,23320.0,23087.0,134.1,0,-117641.01719749144,-4339.088527320171
1988.0,9989.0,448.0,1687.0,2604,3448,3193,4454,8370.0,11873.0,408.0,1040.0,134.2,0,-152716.9047543312,-27492.146267999524
23862.0,48546.0,1632.0,3274.0,3035,2838,4953,4748,14972.0,15125.0,4750.0,4551.0,134.3,0,-137915.953783361,-23093.50547800024
69535.0,115821.0,3077.0,4652.0,258,177,196,124,72088.0,66441.0,56514.0,57060.0,134.3,0,-66739.45913295845,39282.77884278205
3533030.0,2014080.0,15338700.0,10286600.0,20149,8753,5338,2345,2426930.0,938011.0,1764300.0,618682.0,134.4,4,13704851.6208152,-7518332.917278039
534.0,2553.0,717.0,2737.0,131,15,99,0,3965.0,6811.0,7.0,94.0,134.4,-1,-155390.22837913755,-30676.379678222373
576174.0,744842.0,52646.0,68244.0,1573,1062,367,198,793880.0,634813.0,268442.0,230330.0,134.4,3,600474.4200227202,548343.2995084255
457.0,2336.0,223.0,1477.0,109,0,184,77,1904.0,4181.0,585.0,2049.0,134.4,0,-156230.82474642154,-31108.53585589941
6852.0,9627.0,307.0,2060.0,3552,3612,4818,5266,12176.0,13290.0,1369.0,1896.0,134.4,0,-148639.57954416642,-24769.590316743488
5430.0,11130.0,2341.0,5631.0,2368,2844,3659,3834,10211.0,12114.0,2128.0,2407.0,134.5,0,-148362.59244284878,-26797.874886900685
50611.0,66086.0,7279.0,11012.0,771,420,456,156,36632.0,31939.0,36554.0,26297.0,134.5,0,-98823.27197772052,2144.201076261739
3834.0,11605.0,1308.0,3895.0,2482,2613,3335,3786,8515.0,9804.0,469.0,1423.0,134.5,0,-151230.8642092586,-27972.861123804432
11683.0,23888.0,1630.0,3300.0,2051,2192,5878,6648,13840.0,15253.0,4562.0,5813.0,134.6,0,-143326.1579108164,-22889.82456910088
5136.0,13778.0,901.0,2309.0,2181,2711,2563,3185,7293.0,8846.0,2119.0,2429.0,134.6,0,-150795.24360208,-27722.37701984099
52921.0,73177.0,4475.0,8608.0,113,209,0,8,40770.0,34581.0,33429.0,23583.0,134.6,0,-99446.39959769142,4623.541502596188
875.0,3331.0,411.0,2557.0,1012,2608,1287,3460,3217.0,8511.0,1231.0,1531.0,134.6,0,-155161.52460258052,-30233.76453750021
490.0,2461.0,508.0,2094.0,1241,3055,1684,4225,4268.0,10480.0,0.0,0.0,134.6,0,-155425.12037885518,-30366.607179314786
7973.0,11025.0,4196.0,6611.0,2513,2604,3602,3822,9720.0,10944.0,434.0,1877.0,134.7,0,-146953.40711510563,-29234.335655066152
27858.0,47251.0,4267.0,6337.0,333,189,134,135,26392.0,25166.0,14886.0,21629.0,134.7,0,-123425.15049945709,-10802.167409808091
41581.0,59146.0,27049.0,42145.0,64,47,48,115,50591.0,45335.0,36319.0,32641.0,134.7,0,-81862.89154025195,63.960157499892375
3108.0,9395.0,1071.0,2946.0,1102,1174,1836,2051,5491.0,6311.0,564.0,1824.0,134.7,0,-152974.3722088469,-29587.068671997746
2330.0,7385.0,544.0,2239.0,1774,1997,2661,3086,6240.0,6993.0,1010.0,980.0,134.8,0,-153258.74469091737,-28678.983716038783
57307.0,87295.0,6195.0,9896.0,112,100,368,227,62622.0,58016.0,42210.0,39134.0,134.8,0,-81405.22796761489,23256.34667018544
86346.0,120177.0,26762.0,38099.0,995,439,0,56,78754.0,69553.0,66873.0,50629.0,134.8,0,-37481.87620183862,30848.367642253204
36508.0,57973.0,4742.0,9438.0,412,260,261,148,40623.0,37567.0,29433.0,27703.0,134.8,0,-107002.86370599004,4414.435283410992
9640.0,17154.0,935.0,3018.0,3180,3117,4697,4646,12692.0,12213.0,3782.0,5216.0,134.8,0,-145522.53150687358,-23473.44559350502
3108.0,11661.0,1721.0,4992.0,1224,3047,1880,4011,5281.0,10885.0,1223.0,2305.0,134.9,0,-152315.86617313584,-29774.223559392085
5813.0,14435.0,1987.0,4944.0,3802,4529,4662,5133,12821.0,15491.0,957.0,2657.0,134.9,0,-147669.6600085419,-25400.334401721164
69525.0,104133.0,21613.0,33309.0,402,211,0,44,69700.0,60629.0,53197.0,47364.0,134.9,0,-57468.81648824965,23187.582714704586
28364.0,39654.0,2657.0,3112.0,0,316,48,148,33477.0,29604.0,33977.0,24709.0,135.0,0,-113701.9087741952,3160.4707486487714
6532.0,22344.0,1308.0,3165.0,2413,2868,3856,4728,10417.0,12246.0,2526.0,3433.0,135.0,0,-148254.93002169218,-25758.59941004535
2021.0,11064.0,3.0,1136.0,261,879,414,1307,1461.0,4259.0,148.0,401.0,135.0,0,-156310.84584166558,-31799.584034326665
7545.0,20736.0,1919.0,3945.0,3724,3976,4049,4249,11210.0,10957.0,2464.0,2675.0,135.0,0,-147176.11890779907,-25854.962204451236
6895.0,12358.0,1992.0,3970.0,1459,1638,4055,4442,10127.0,11574.0,1774.0,2920.0,135.1,0,-148108.8934922799,-26791.57055580278
62523.0,106146.0,3518.0,5927.0,0,11,338,115,56077.0,47037.0,47593.0,36006.0,135.1,0,-82477.38053366354,22216.555094836305
174749.0,271466.0,13090.0,20228.0,0,0,2,25,159228.0,125619.0,66359.0,57314.0,135.1,0,26211.207103513618,85427.0748494639
13438.0,23928.0,2911.0,4592.0,3807,3707,5348,5649,16577.0,16045.0,1877.0,4182.0,135.1,0,-141682.63576790193,-23468.728455769728
20615.0,32383.0,2145.0,4310.0,3771,3660,5187,5531,16983.0,16362.0,3815.0,4135.0,135.2,0,-138380.47525984864,-22392.220264260803
25645.0,41665.0,10407.0,14751.0,86,189,336,177,31337.0,31767.0,6894.0,19481.0,135.2,0,-121083.13397299845,-15084.114359798865
65700.0,109223.0,13498.0,19770.0,197,291,190,107,62560.0,57287.0,63353.0,47857.0,135.2,0,-64047.94443814969,28357.76559072013
473765.0,672642.0,139360.0,200712.0,692,372,260,221,242549.0,208137.0,125660.0,95018.0,135.3,0,300075.6611976288,70334.84667423411
5426.0,8636.0,1227.0,2390.0,1733,1637,2047,2261,7061.0,6218.0,1720.0,1968.0,135.3,0,-150763.0986695529,-28334.83686442679
2073.0,5831.0,0.0,1210.0,907,1974,1112,2506,3103.0,6465.0,1032.0,984.0,135.3,0,-155149.14998092572,-30297.27473872108
1007.0,5476.0,54.0,1777.0,1463,2526,1857,3267,3879.0,7522.0,667.0,954.0,135.3,0,-155334.87859878407,-29927.92415017756
6496.0,17867.0,1592.0,3955.0,4056,4825,5865,6824,14734.0,16924.0,968.0,2889.0,135.4,0,-146764.86277483613,-23942.682794995737
12934.0,24978.0,2291.0,3007.0,6133,6727,8811,8928,22945.0,23812.0,1550.0,3111.0,135.4,0,-139692.79854305266,-19323.203286642314
54903.0,82014.0,4440.0,6737.0,0,41,191,68,54540.0,52393.0,33914.0,39509.0,135.5,0,-90259.894700641,15983.17213057292
7865.0,15702.0,1646.0,3500.0,2652,2547,3496,3593,9240.0,9975.0,588.0,2251.0,135.5,0,-148870.71969708294,-27805.57287052914
38773.0,73205.0,6021.0,9543.0,497,300,0,0,44369.0,40198.0,29736.0,29153.0,135.5,-1,-103219.15789775488,6202.102358941829
34848.0,63631.0,18535.0,29900.0,110,80,171,43,39616.0,37459.0,20783.0,30902.0,135.5,0,-101400.43747366268,-7890.179083408599
11170.0,22169.0,3784.0,7508.0,4767,5190,6918,7335,20421.0,21934.0,1894.0,3508.0,135.6,0,-140350.36414060142,-21537.072428141728
5639050.0,2869640.0,15272100.0,16777200.0,38258,14595,11775,4702,486270.0,289497.0,319396.0,156845.0,135.6,4,13054884.084155813,-9520825.99241555
122467.0,178332.0,9205.0,14844.0,547,295,19,104,73856.0,66717.0,64608.0,56670.0,135.6,0,-37095.73750975859,36446.43024072677
12316.0,22895.0,1867.0,4860.0,3080,3363,4394,4406,10532.0,10837.0,2137.0,3284.0,135.7,0,-145608.61420218775,-26599.15473022529
1159.0,6364.0,1342.0,5561.0,1792,3445,2544,4531,5595.0,9876.0,1573.0,2600.0,135.7,0,-153065.6373846007,-29015.780352109163
9249.0,21790.0,2159.0,3506.0,1840,1928,2935,3141,9017.0,8892.0,459.0,1690.0,135.7,0,-148171.23295486203,-28503.394621633957
7757.0,17294.0,4059.0,8018.0,2588,3018,3316,3525,9353.0,10354.0,1447.0,2626.0,135.7,0,-146833.63138616105,-28821.81385110576
45597.0,72362.0,14479.0,23551.0,348,197,335,165,47382.0,43951.0,32247.0,34981.0,135.7,0,-91551.53760598824,4333.178376530461
24840.0,30605.0,3821.0,5831.0,484,216,393,147,25259.0,22314.0,20397.0,15733.0,135.7,0,-124190.32605339504,-9675.71182436846
4884.0,11264.0,580.0,1637.0,68,93,174,152,6818.0,8324.0,1388.0,1210.0,135.8,0,-151765.7960808222,-28311.04682095764
482537.0,611363.0,61732.0,88415.0,1893,1459,234,115,762228.0,624701.0,352620.0,269322.0,135.8,3,590126.4779315797,570289.5832682534
21551.0,32398.0,5412.0,9566.0,58,102,0,126,23023.0,22024.0,17738.0,18563.0,136.0,0,-126071.73902717624,-12536.740308987584
973452.0,1113750.0,1887410.0,2854210.0,1051,933,677,340,251432.0,225374.0,154835.0,131022.0,136.0,3,1731183.1301205666,-1035979.9251209096
79950.0,125348.0,27531.0,43891.0,0,71,0,79,37130.0,33272.0,24447.0,30439.0,136.1,0,-76545.46067547926,-16578.214478438458
104253.0,151374.0,3592.0,7373.0,512,361,171,128,50927.0,45339.0,35736.0,34873.0,136.1,0,-72176.80864161816,11044.06388902543
4829.0,12611.0,3620.0,9947.0,2902,3350,4098,4527,10039.0,11788.0,2097.0,3370.0,136.1,0,-147691.0267101525,-27528.43380853959
6385.0,11957.0,2367.0,4934.0,2942,3306,3750,4052,9489.0,10737.0,2190.0,2828.0,136.1,0,-148201.56162065448,-27239.458510570046
50607.0,83612.0,11348.0,14768.0,0,42,0,0,34367.0,31265.0,28355.0,25162.0,136.1,-1,-100218.93694347714,-5454.396429219869
3061.0,8040.0,825.0,1734.0,1520,1706,1903,2106,5636.0,5914.0,364.0,1431.0,136.1,0,-153220.5745503043,-29485.076827616624
65038.0,93362.0,8462.0,14101.0,378,212,222,109,62397.0,56306.0,51473.0,46001.0,136.2,0,-72488.59707533878,26176.65428827757
1578.0,6529.0,602.0,2626.0,1269,2128,1868,3348,5116.0,9155.0,0.0,683.0,136.2,0,-154445.76456900864,-29850.129480827043
2939.0,10505.0,722.0,1926.0,179,112,128,26,4870.0,4222.0,690.0,715.0,136.2,0,-153662.3908566656,-29878.006726162115
4031.0,8967.0,964.0,2408.0,26,43,215,112,3098.0,5974.0,26762.0,36558.0,136.2,0,-139696.56797617994,-14528.727863068278
412062.0,558586.0,36421.0,49195.0,1284,1169,471,272,441697.0,362258.0,191313.0,167818.0,136.2,0,326929.0384211984,304121.6866444848
51610.0,76260.0,17874.0,28170.0,305,227,99,59,66553.0,59262.0,38798.0,45075.0,136.3,0,-74409.34202159334,18300.598289858903
688.0,3731.0,664.0,2892.0,1614,3483,1715,3717,4966.0,9210.0,451.0,1313.0,136.3,0,-154588.42007195443,-29636.368958508458
7147.0,13018.0,2192.0,3088.0,3940,3987,5537,5811,14072.0,14367.0,1717.0,2546.0,136.3,0,-146149.95945125126,-24521.70236248424
5673.0,19993.0,777.0,3468.0,1942,2176,3642,3985,11139.0,11494.0,1904.0,2763.0,136.3,0,-148963.43748712863,-25281.51974559558
17632.0,27128.0,2822.0,4223.0,1851,1979,5597,5794,13985.0,13966.0,6143.0,4845.0,136.3,0,-139541.04753101646,-23425.58235234394
24836.0,44500.0,5995.0,8293.0,200,245,354,102,28039.0,26700.0,24084.0,20293.0,136.3,0,-119501.23296620118,-7003.5721824413085
1933.0,11946.0,856.0,3749.0,1634,2795,1681,2827,4115.0,6989.0,25.0,187.0,136.3,0,-154629.1096536322,-30735.447877938423
47927.0,68349.0,7096.0,10890.0,0,81,346,199,54733.0,50626.0,28260.0,38205.0,136.4,0,-93446.68972311565,12309.690459734951
51352.0,72717.0,6831.0,12111.0,0,41,115,97,65133.0,61742.0,53336.0,43508.0,136.4,0,-77614.58695542207,30201.662069582828
10375.0,24880.0,1098.0,3240.0,3061,2779,4640,4417,11306.0,11969.0,3010.0,2891.0,136.5,0,-146312.81583712008,-25196.98657449752
256305.0,358473.0,27363.0,41792.0,867,381,507,193,260563.0,219328.0,113814.0,106418.0,136.5,0,138870.21171207048,163031.249658992
2257.0,12564.0,1630.0,5341.0,151,91,136,17,4299.0,6641.0,322.0,495.0,136.5,0,-153735.72004729343,-30954.465148894236
682939.0,791467.0,663720.0,977088.0,1691,1208,218,289,516363.0,411553.0,177493.0,140307.0,136.5,3,896138.4508223375,-70324.46984584993
5476.0,13738.0,2101.0,5002.0,2464,2891,3468,3948,9952.0,11330.0,729.0,1832.0,136.5,0,-149215.22806206514,-27493.786393032293
34233.0,50122.0,2892.0,4581.0,195,133,199,78,29202.0,28100.0,15722.0,23531.0,136.6,0,-119948.59161551832,-7920.180349475304
5965.0,8255.0,1627.0,3983.0,3226,2929,3671,3825,8813.0,8908.0,1553.0,1749.0,136.6,0,-149560.21383818044,-27615.873264204623
47022.0,85031.0,25602.0,42854.0,367,206,2,16,54050.0,51182.0,22866.0,40208.0,136.6,0,-83082.65976142569,-1624.9868264240176
3711.0,13881.0,1320.0,4107.0,1033,2435,1292,3285,3379.0,8076.0,1243.0,1298.0,136.6,0,-153324.32555156449,-30918.700142300466
4911.0,17482.0,756.0,3356.0,1888,2923,2099,3769,4913.0,9546.0,556.0,531.0,136.6,0,-152878.34307611082,-30082.841975661468
64198.0,101946.0,19724.0,32307.0,623,271,345,161,73606.0,68390.0,68457.0,53324.0,136.6,0,-52808.26534003332,34549.69794418596
17712.0,19499.0,3252.0,4942.0,1773,1502,4602,4065,8783.0,9400.0,3031.0,3051.0,136.6,0,-142933.0755673428,-28585.88278315342
57638.0,84801.0,10004.0,16755.0,228,257,299,109,46371.0,44076.0,25751.0,36404.0,136.7,0,-92384.4663051384,3223.630119327576
7592.0,18425.0,2267.0,5554.0,3177,3371,4719,5148,13587.0,14926.0,1214.0,3036.0,136.7,0,-146261.03819188598,-25038.08141745092
4820.0,9220.0,3391.0,6567.0,3191,3256,4098,4281,10455.0,11247.0,699.0,2767.0,136.7,0,-148256.78226889222,-27804.673110013704
12861.0,26804.0,2567.0,5849.0,2941,3513,3782,3740,11874.0,11183.0,2859.0,3543.0,136.7,0,-143998.93160196455,-25882.35429604568
91571.0,135313.0,5829.0,8577.0,660,248,597,241,65473.0,61418.0,71646.0,54712.0,136.7,0,-53507.85908309178,37913.63472462565
18983.0,40138.0,2159.0,4043.0,5528,5297,8001,8125,23159.0,23852.0,4235.0,4914.0,136.8,0,-135993.97519646125,-18083.546149458845
3572.0,9364.0,2281.0,5540.0,1994,2129,2992,3564,8391.0,9657.0,673.0,841.0,136.9,0,-150721.90974432742,-28653.32104183697
127309.0,184747.0,48889.0,77548.0,6122,6419,17182,16745,45682.0,44655.0,17688.0,18628.0,136.9,0,-42497.814809388015,-32353.819632469244
9870.0,30875.0,1072.0,3060.0,2757,3070,4267,4750,10315.0,11726.0,1784.0,2186.0,136.9,0,-147527.01993246545,-26402.6381728114
7248.0,15451.0,2022.0,4716.0,2246,2248,3497,3581,7471.0,7773.0,717.0,575.0,136.9,0,-149826.30228670966,-29334.540935003697
499780.0,703526.0,49467.0,73156.0,306,230,109,246,61461.0,50170.0,26663.0,24167.0,137.0,0,121526.06524315687,-42326.46819731406
9927.0,20238.0,1510.0,4622.0,2664,2309,3771,3927,12006.0,11710.0,3926.0,3601.0,137.1,0,-145470.41825201057,-24487.370838046398
4153.0,19020.0,2195.0,5792.0,2409,3013,3608,4690,8999.0,11588.0,773.0,2501.0,137.1,0,-150020.9182644742,-27943.17779081404
9324.0,20340.0,1790.0,2851.0,2935,3276,4671,4784,15411.0,15321.0,3499.0,3283.0,137.1,0,-144184.98235862868,-22699.361785519297
5141.0,18022.0,1510.0,3231.0,1984,2243,2903,3197,12448.0,14134.0,893.0,2815.0,137.2,0,-148452.36212808845,-25297.16153649074
16626.0,13034.0,4430.0,5163.0,4320,4391,5246,5603,15371.0,14469.0,2120.0,2706.0,137.2,0,-139967.59165351704,-25527.70533314778
706736.0,867475.0,57701.0,81053.0,1606,1680,226,212,1070210.0,837771.0,341078.0,302879.0,137.2,3,817980.2343766305,753523.5138436815
34305.0,57306.0,1453.0,3802.0,252,199,0,0,32357.0,33324.0,12042.0,27494.0,137.2,-1,-120356.449522401,-5927.158105457776
6508.0,13110.0,2840.0,7183.0,3721,3950,5031,5404,11945.0,13100.0,1365.0,1820.0,137.3,0,-147145.80583866683,-26497.09847860817
6118.0,17369.0,1877.0,4221.0,1384,1409,2012,2103,5666.0,6564.0,1067.0,1773.0,137.3,0,-150926.18623380075,-29975.007706717817
1823.0,6130.0,678.0,2114.0,714,1412,1053,2418,3050.0,7188.0,492.0,761.0,137.3,0,-155035.184418036,-31002.5579432059
10839.0,16492.0,2545.0,4113.0,3430,3650,4810,5104,13310.0,14031.0,802.0,2569.0,137.3,0,-145074.60098885157,-25846.59483637224
55051.0,85413.0,15016.0,25487.0,128,105,140,51,61077.0,60789.0,35935.0,42316.0,137.4,0,-78848.05876673259,14765.100416211146
1137.0,5611.0,307.0,2378.0,212,165,102,0,3201.0,4741.0,665.0,910.0,137.4,-1,-155424.8839200406,-30534.021244712712
444178.0,599909.0,169245.0,248134.0,1991,1473,62,125,540076.0,434189.0,205621.0,162584.0,137.4,3,480776.8667944325,286008.67690847715
15651.0,24841.0,3355.0,7841.0,5577,6018,8095,8241,19449.0,20001.0,3542.0,3443.0,137.5,0,-138646.48790254543,-21490.329517427184
14972.0,24329.0,4675.0,8381.0,5070,5174,6778,7084,18308.0,18228.0,2579.0,3514.0,137.5,0,-138876.59613700723,-23391.754835569183
2492.0,15193.0,899.0,3947.0,952,3442,1624,4885,3741.0,11134.0,849.0,3254.0,137.6,0,-153849.0902743446,-30196.83044854928
5368.0,13492.0,2331.0,5857.0,1451,1508,2759,3146,6190.0,7142.0,972.0,2280.0,137.6,0,-150653.4863422785,-29836.76293498361
1412400.0,1356120.0,2105760.0,2639680.0,973,728,384,228,179950.0,159906.0,112624.0,101427.0,137.6,3,2010183.6064587757,-1269251.1884065762
15625.0,19838.0,1721.0,2612.0,3727,3441,4595,4394,11593.0,10204.0,2158.0,2496.0,137.6,0,-143966.13206744782,-26169.410967678617
17264.0,26177.0,2490.0,6000.0,5348,5668,7296,7224,19902.0,19729.0,1485.0,3576.0,137.6,0,-139122.90381691116,-21609.142240469024
1920.0,9617.0,818.0,2668.0,1719,2563,2410,3664,5466.0,8356.0,1360.0,2233.0,137.7,0,-153299.31941568878,-28966.34707201522
13032.0,19270.0,4045.0,8695.0,2933,2691,3515,3758,10624.0,11251.0,2031.0,2956.0,137.7,0,-143851.855112557,-28054.01489637054
3156.0,15806.0,1086.0,4223.0,2560,3504,2862,4083,6697.0,9266.0,602.0,1743.0,137.7,0,-152392.3175931047,-28832.933594179984
3970.0,11577.0,945.0,2492.0,783,2333,667,2088,2188.0,5986.0,372.0,288.0,137.7,0,-154464.55167853952,-31981.980062165338
78898.0,117732.0,4468.0,6626.0,363,268,487,155,78334.0,71226.0,65578.0,54136.0,137.8,0,-56152.53690298856,45084.82662123194
6673.0,8887.0,1586.0,3398.0,1861,2321,2929,3225,7182.0,8088.0,772.0,1542.0,137.8,0,-150352.25105356323,-29028.92193902413
3914.0,9975.0,1565.0,4048.0,1828,2490,2808,3430,6444.0,8313.0,399.0,516.0,137.9,0,-152096.83528930353,-29624.492567725072
25833.0,35501.0,4967.0,6903.0,243,111,38,114,16814.0,15962.0,13086.0,14050.0,137.9,0,-129711.18742436195,-19137.78784904936
90240.0,147660.0,15781.0,24935.0,112,77,0,73,73051.0,65596.0,57616.0,50667.0,138.0,0,-49454.85819419939,30006.21764014996
11769.0,17034.0,6049.0,7614.0,3567,3661,4745,5107,15287.0,15090.0,4943.0,3956.0,138.0,0,-139679.01502154503,-24897.03528878156
15546.0,27075.0,1464.0,3111.0,6471,6679,8901,9325,20035.0,19846.0,3945.0,4282.0,138.1,0,-139473.42498743374,-19620.858397779048
10940.0,9629.0,2190.0,4349.0,4029,3814,4695,4880,11798.0,10825.0,1646.0,1256.0,138.1,0,-145813.25316473155,-26443.644022381304
4825.0,11225.0,1943.0,3892.0,2534,2318,3813,3797,8774.0,9167.0,779.0,1562.0,138.1,0,-150137.07087838685,-28118.69719007439
36176.0,57512.0,8083.0,12389.0,317,152,269,215,39964.0,35672.0,36101.0,26030.0,138.2,0,-102879.4896201124,4451.274184701444
42061.0,54660.0,15030.0,21492.0,412,254,327,88,48281.0,43260.0,30584.0,28186.0,138.2,0,-93685.94804323828,2997.06986351818
8692.0,14161.0,2543.0,6919.0,2634,2818,4097,4348,9866.0,11469.0,5088.0,4291.0,138.2,0,-145711.20698543213,-25809.62110103392
38447.0,69258.0,2202.0,2608.0,0,128,589,349,40249.0,38044.0,27988.0,31120.0,138.3,0,-108233.51305348758,5589.834751678714
7068.0,13104.0,746.0,2231.0,1670,1735,2364,3109,5432.0,6927.0,2645.0,1694.0,138.4,0,-150850.21223246906,-28824.573427782376
51749.0,73614.0,31167.0,50196.0,162,278,298,110,36191.0,36009.0,18115.0,27980.0,138.5,0,-88653.45556595939,-20673.01679981236
40817.0,60569.0,4428.0,6513.0,577,263,152,108,36537.0,32969.0,27524.0,29066.0,138.5,0,-107829.19765881778,1165.3774788299816
11658.0,19370.0,2674.0,3476.0,2162,1996,3434,3357,8866.0,8219.0,1704.0,1796.0,138.5,0,-146422.92453995108,-28538.424276376103
28055.0,50480.0,5455.0,8797.0,0,0,10,0,21281.0,21673.0,7932.0,16557.0,138.5,-1,-128043.3600858899,-18517.64682303737
9556.0,18618.0,2658.0,5197.0,2621,2590,3212,3540,10859.0,11893.0,5059.0,3677.0,138.6,0,-144919.72784659857,-25422.92049711548
24411.0,40192.0,4957.0,8436.0,270,221,171,78,30720.0,29019.0,15150.0,24164.0,138.6,0,-121991.48918097044,-7757.10589065012
2739.0,8525.0,1072.0,3295.0,2308,3121,3277,4697,8600.0,11438.0,798.0,2003.0,138.6,0,-151609.70562048236,-27468.64644823992
11360.0,22016.0,2636.0,4522.0,1821,2165,2661,2673,6821.0,7214.0,1372.0,1595.0,138.6,0,-147642.78495835024,-29961.325756098388
32684.0,63221.0,7672.0,13535.0,369,203,70,47,41302.0,40306.0,24188.0,32810.0,138.7,0,-107530.09979158363,1871.0932736569196
806.0,4966.0,0.0,575.0,216,168,168,68,4985.0,9452.0,743.0,1751.0,138.7,0,-154832.05035250442,-29024.81663664479
1597.0,9023.0,221.0,849.0,143,74,128,3,6200.0,9859.0,793.0,1145.0,138.7,0,-153866.09013574314,-28523.06126185748
2217.0,6065.0,218.0,771.0,296,189,67,35,3757.0,6111.0,17850.0,35505.0,138.7,0,-144079.09216461092,-17434.885474238825
654279.0,805746.0,73264.0,97815.0,2039,1311,163,127,1080520.0,857334.0,327361.0,276270.0,138.7,3,803470.0465297289,743653.7696672722
1093.0,6330.0,0.0,195.0,89,0,125,34,2735.0,5931.0,915.0,2072.0,138.7,0,-155625.1653907283,-30342.400824273944
3715.0,8900.0,303.0,995.0,61,43,42,0,1515.0,5057.0,11663.0,23781.0,138.8,-1,-148184.17732413247,-23479.419975991263
35106.0,61582.0,3362.0,7276.0,110,149,156,93,34929.0,34912.0,21405.0,31004.0,138.8,0,-113643.4024001098,-1067.037402815029
5437.0,17478.0,3637.0,9447.0,3751,4824,5205,6561,14762.0,19206.0,57.0,1195.0,138.9,0,-146325.45476855873,-25795.506041648496
37379.0,59012.0,7094.0,12033.0,242,205,400,125,34281.0,31079.0,23165.0,24919.0,138.9,0,-110546.1990029937,-4205.1294349010095
28708.0,49939.0,3206.0,7239.0,290,162,196,94,28656.0,28359.0,7613.0,19189.0,138.9,0,-125781.500937243,-12202.976046799617
936.0,3605.0,444.0,1756.0,493,988,507,1370,1689.0,4055.0,2210.0,2796.0,138.9,0,-155283.6207220613,-30612.17490744715
1844.0,9666.0,1146.0,4767.0,1444,2013,2360,3467,6142.0,9036.0,764.0,1513.0,138.9,0,-153110.78650052915,-29105.434796528032
3160.0,11196.0,240.0,2741.0,450,979,465,1711,1722.0,4717.0,129.0,1033.0,138.9,0,-155489.74519370575,-31763.9592361952
83094.0,130257.0,18748.0,32922.0,137,224,310,229,57571.0,52886.0,41965.0,48904.0,138.9,0,-63309.30181717432,11970.73760613109
15617.0,19853.0,1242.0,2432.0,291,264,330,131,18415.0,17586.0,17048.0,13295.0,138.9,0,-134378.19954107938,-13580.983542562491
30645.0,37829.0,12572.0,17878.0,158,150,179,133,35362.0,32426.0,26188.0,21520.0,139.0,0,-108347.90767258214,-5800.762261471307
2397.0,8726.0,3421.0,11395.0,1564,2064,1760,2299,4758.0,6748.0,115.0,395.0,139.0,0,-152318.46190817078,-31898.038271794645
2213.0,13722.0,636.0,4218.0,483,1078,687,1931,2087.0,5673.0,1348.0,2488.0,139.0,0,-154805.48123217397,-30974.750425591334
521.0,3079.0,803.0,4042.0,1081,1760,1813,3137,4441.0,7976.0,41.0,1241.0,139.0,0,-154958.97976251293,-30227.635329571884
10947.0,18306.0,2866.0,5143.0,4251,4012,5607,5164,14362.0,14060.0,3352.0,3599.0,139.0,0,-143260.38045498004,-24153.503641864147
28370.0,46841.0,2785.0,4176.0,11,76,32,94,44776.0,41127.0,24743.0,27672.0,139.0,0,-111550.66156245464,6824.699833393472
16648.0,28780.0,5127.0,9145.0,1670,1643,3828,3829,9208.0,9349.0,3095.0,3327.0,139.0,0,-141825.09520825185,-29355.80571206813
17876.0,37718.0,39511.0,67136.0,2087,2012,5044,4915,14327.0,14693.0,7032.0,6108.0,139.1,0,-113463.04990471368,-45685.46661526929
5412.0,10686.0,1174.0,2972.0,1181,1347,1716,1816,4624.0,5122.0,966.0,1801.0,139.1,0,-152205.09538862787,-30185.014258859133
11292.0,28183.0,3718.0,7306.0,2951,3325,4148,4379,11856.0,12875.0,1766.0,3155.0,139.1,0,-144306.64280441,-27034.43644352788
12243.0,25692.0,1177.0,2116.0,2371,2436,3273,3283,17477.0,16549.0,3314.0,3719.0,139.1,0,-142497.73571902176,-21208.41052818485
4793.0,16453.0,1108.0,3231.0,2026,2202,2859,3409,6168.0,7198.0,1128.0,1977.0,139.1,0,-151722.74362522596,-29028.891124372527
1647.0,4180.0,231.0,2607.0,602,1642,771,2595,1895.0,5686.0,501.0,1162.0,139.1,0,-155883.25910029068,-31373.205730534894
2743.0,14977.0,223.0,784.0,4070,6989,4715,7925,9783.0,16594.0,118.0,479.0,139.1,0,-152098.7926793469,-26715.885875194937
4275.0,13986.0,1332.0,4152.0,12873,17387,24744,33425,10264.0,13547.0,266.0,1052.0,139.1,0,-150316.76286689026,-27013.36091465366
20080.0,37025.0,4581.0,8599.0,8548,9646,10079,10049,27619.0,25586.0,4224.0,7235.0,139.2,0,-131562.92539368803,-16485.233233923427
31151.0,51162.0,31945.0,54164.0,4082,3994,5705,5643,17079.0,15884.0,4475.0,4151.0,139.2,0,-113196.52252079714,-41445.09679800544
25440.0,44063.0,12163.0,20780.0,86,111,103,94,39425.0,38383.0,22577.0,26323.0,139.2,0,-109656.24455780456,-3381.2589960046607
9229.0,18554.0,2761.0,3435.0,3425,3457,4112,4432,10909.0,10837.0,2336.0,1906.0,139.3,0,-146185.71826793245,-26860.068156295943
7437.0,15302.0,2272.0,4994.0,4807,5293,6794,7948,18762.0,21686.0,2236.0,5052.0,139.3,0,-143349.91623798237,-21003.179910059316
84596.0,125823.0,22694.0,36523.0,306,160,0,38,84584.0,75707.0,64258.0,54694.0,139.3,0,-38832.49737601918,36758.00167203038
166358.0,227395.0,6363.0,8804.0,248,296,140,58,188842.0,162463.0,69919.0,69852.0,139.4,0,34378.73383795665,112426.19223632372
9453.0,20160.0,743.0,1939.0,1326,1030,2102,1905,5667.0,6465.0,1983.0,1768.0,139.4,0,-150005.7012963197,-29095.32909557842
2957.0,7127.0,0.0,1130.0,127,130,76,79,1988.0,4841.0,19983.0,34365.0,139.4,0,-144081.32059825835,-17752.386930695182
79501.0,110836.0,9559.0,18197.0,465,301,26,98,61197.0,57832.0,37690.0,45139.0,139.4,0,-71544.70829489957,17867.01845297094
3245.0,12103.0,762.0,3035.0,2576,3394,3449,4388,8572.0,10403.0,795.0,2562.0,139.4,0,-151558.84903714663,-27235.9716415738
48936.0,67702.0,5194.0,6995.0,619,312,529,280,39438.0,33039.0,33901.0,25075.0,139.5,0,-100817.79349367884,4027.2357993110745
1040.0,6693.0,1251.0,4921.0,2059,3800,2461,4551,6126.0,11563.0,790.0,1491.0,139.5,0,-153366.4196190477,-29122.12933237824
7361.0,14302.0,2459.0,4285.0,3442,3224,4410,4928,11918.0,12203.0,1422.0,1583.0,139.5,0,-147082.0830850445,-26345.7585452867
77056.0,115121.0,3206.0,4827.0,367,304,0,35,69148.0,65393.0,53504.0,56637.0,139.5,0,-66060.0769308367,35522.67328930419
717.0,3965.0,192.0,1360.0,174,46,155,42,1364.0,5371.0,10164.0,35918.0,139.5,0,-148574.61545525407,-21992.597683102336
529173.0,707208.0,90187.0,138315.0,1208,891,327,173,776998.0,632858.0,319392.0,277506.0,139.5,3,624303.5128329456,546104.3712993512
14162.0,22146.0,1802.0,2120.0,6256,6943,8588,8050,21920.0,20435.0,3332.0,3426.0,139.5,0,-139292.24992347448,-18946.433425811887
2369.0,7993.0,708.0,2191.0,1845,2322,2284,2733,5147.0,5773.0,332.0,870.0,139.6,0,-153886.69235587848,-29778.66529292852
4062.0,19806.0,1071.0,3866.0,801,915,1769,2389,4759.0,6621.0,757.0,1147.0,139.7,0,-152928.7639497005,-30139.46347986677
26474.0,48544.0,8974.0,15140.0,1885,1950,4488,4557,12553.0,11587.0,4838.0,5113.0,139.8,0,-132766.32321130103,-29275.271272376853
8990.0,13082.0,2243.0,4116.0,3262,3300,3937,4172,12112.0,12562.0,2748.0,3149.0,139.8,0,-145790.45881344008,-25386.603955988958
9831.0,23542.0,1749.0,3407.0,4270,4458,5470,5594,14623.0,15231.0,1766.0,3838.0,139.8,0,-144926.34975328256,-23842.142964517523
221905.0,298018.0,12482.0,17960.0,328,453,292,138,245248.0,208452.0,110544.0,96695.0,139.8,0,105165.31377218144,161993.61791893138
3790.0,13137.0,1045.0,2817.0,888,957,2803,2991,6965.0,7537.0,594.0,3338.0,139.9,0,-151845.42663229952,-28425.03696818746
1080.0,4122.0,0.0,427.0,1906,2349,2408,3038,7091.0,8842.0,577.0,1276.0,139.9,0,-153885.08679888025,-27853.039778459617
485738.0,626016.0,221709.0,285926.0,592,475,319,144,272865.0,234681.0,146313.0,128414.0,139.9,0,387355.16035932186,51049.635422012536
5397.0,16667.0,1117.0,2914.0,3902,4485,4971,5327,11432.0,12393.0,1374.0,2474.0,139.9,0,-148935.6209909074,-25559.06721118545
18086.0,29417.0,0.0,2608.0,6120,6442,8797,8409,24299.0,22895.0,5216.0,4751.0,139.9,0,-136994.554446554,-15562.10871982194
347685.0,468569.0,59722.0,95577.0,575,595,147,199,169319.0,147452.0,119483.0,105624.0,139.9,0,159494.4049176914,81335.84496015018
47198.0,82149.0,5987.0,9953.0,478,376,108,95,63412.0,56339.0,46548.0,44197.0,140.0,0,-83091.40499071055,27175.2414488705
44817.0,71313.0,14702.0,25352.0,324,243,159,74,60110.0,56572.0,27382.0,42563.0,140.0,0,-86816.6443068501,11466.55527446132
59864.0,81399.0,6291.0,8904.0,224,143,361,163,69885.0,60852.0,46776.0,39614.0,140.0,0,-75271.53427502917,29614.97278077585
73908.0,104666.0,6383.0,9257.0,411,132,0,31,66003.0,57744.0,69292.0,50297.0,140.1,0,-61547.556878757605,37351.27983878271
8289.0,19926.0,868.0,3149.0,3578,4130,5130,5909,12266.0,13735.0,4083.0,3719.0,140.1,0,-146390.73373962202,-23726.19276708616
13652.0,24923.0,1816.0,4151.0,7285,8260,11916,12732,37192.0,38174.0,9842.0,12484.0,140.1,0,-129053.05223087467,-5073.565229711327
4316.0,9501.0,1047.0,3123.0,4708,4991,5101,5558,10289.0,10961.0,0.0,624.0,140.2,0,-150680.78420830955,-27041.37729191196
16419.0,28812.0,2487.0,4446.0,6892,6636,9361,9394,23479.0,23373.0,2582.0,3321.0,140.2,0,-137479.7517749057,-18867.705948762246
14614.0,24515.0,1658.0,4029.0,2887,3245,4415,4498,11383.0,13022.0,2654.0,3424.0,140.3,0,-144220.14361407774,-25839.591027384024
7067.0,18915.0,4698.0,9523.0,2313,2456,4031,4202,10258.0,10712.0,1847.0,2168.0,140.3,0,-146176.89997346458,-28509.670164885287
430726.0,538581.0,246167.0,335162.0,1220,762,0,215,153189.0,130942.0,89459.0,68001.0,140.3,0,299150.4982225724,-69952.30764113892
6594.0,12334.0,3106.0,3929.0,4335,4067,6128,6109,12395.0,11481.0,729.0,1701.0,140.3,0,-146971.0193095458,-26669.04303656139
33566.0,56759.0,2219.0,3405.0,174,202,117,7,30897.0,30996.0,9924.0,21960.0,140.4,0,-122260.74309778996,-9067.75246691984
71665.0,98020.0,5980.0,11930.0,358,202,149,115,74171.0,72365.0,49133.0,54464.0,140.4,0,-65975.18077524244,35124.89013118876
60705.0,97378.0,4698.0,10599.0,339,217,0,72,42434.0,37318.0,31917.0,29396.0,140.4,0,-95177.56563050198,5328.071492745705
50215.0,76274.0,2888.0,6766.0,64,97,317,153,53298.0,50658.0,31145.0,35502.0,140.4,0,-95339.27944475236,14672.22436342612
24950.0,38427.0,8423.0,13530.0,432,158,54,90,25981.0,22675.0,20271.0,18465.0,140.4,0,-120343.62869053589,-11730.811559879876
7279.0,14818.0,2755.0,4823.0,2978,3066,4014,4517,11039.0,11672.0,0.0,1719.0,140.5,0,-147816.66553498918,-27657.436194972328
65124.0,105303.0,6222.0,10863.0,343,249,130,121,59503.0,54778.0,35525.0,40829.0,140.6,0,-81844.18226225885,18225.53371455275
19904.0,37084.0,13742.0,23833.0,173,83,0,80,24728.0,23816.0,16234.0,25049.0,140.6,0,-119960.38479242827,-16171.758590245612
129525.0,197771.0,15236.0,22434.0,563,315,0,93,123525.0,109340.0,57038.0,48022.0,140.7,0,-11535.153171039508,59041.61183136895
31007.0,44222.0,4895.0,9610.0,337,203,307,143,32383.0,29575.0,26396.0,24897.0,140.7,0,-114340.1624157778,-2258.595693851385
71893.0,115670.0,7901.0,11916.0,0,105,0,110,76285.0,69208.0,48081.0,51909.0,140.7,0,-64314.24529783138,34389.131018110784
4451.0,9996.0,2138.0,4299.0,1728,1939,1927,2143,5410.0,5655.0,681.0,1900.0,140.7,0,-151669.7645050942,-30334.482395492403
11839.0,19788.0,3896.0,5637.0,4029,3939,5249,4780,15608.0,14531.0,3210.0,3882.0,140.7,0,-141639.6765231051,-24085.14628833191
4148.0,15843.0,908.0,3490.0,2980,4223,3494,4858,9667.0,13465.0,0.0,0.0,140.7,0,-151210.72358741434,-27438.96349268945
2261.0,14796.0,448.0,3467.0,826,2689,1030,3327,2784.0,8244.0,1017.0,2091.0,140.8,0,-154772.54603790454,-30621.217678595563
5321.0,15599.0,1428.0,4626.0,3037,4237,4676,6197,10826.0,15509.0,1071.0,2033.0,140.8,0,-149195.02695063208,-26330.42335716005
72854.0,104053.0,4916.0,8143.0,251,243,136,135,64235.0,56228.0,50001.0,43234.0,140.9,0,-71801.20808917852,27995.31206716584
54598.0,87551.0,22708.0,34891.0,3771,3961,5636,5529,15798.0,15414.0,5740.0,6305.0,141.0,0,-109812.63799648336,-37102.93206594456
11119.0,25851.0,3546.0,7611.0,4967,5304,5928,6130,20088.0,19694.0,3225.0,3985.0,141.1,0,-140135.0527213644,-20962.366178944743
11016.0,23637.0,1447.0,3969.0,2688,2721,4325,4355,11504.0,12479.0,2497.0,3453.0,141.1,0,-145839.58844788204,-25458.05862118032
18388.0,27373.0,2224.0,2706.0,3404,3386,5284,5539,15565.0,16233.0,1956.0,3367.0,141.1,0,-140660.97727027957,-24096.41680979236
3877.0,11523.0,525.0,2183.0,1649,1967,1857,2176,5160.0,6387.0,1304.0,998.0,141.1,0,-153015.7422018252,-29326.00546274824
8856.0,14190.0,2022.0,4335.0,5953,6736,8528,9292,22713.0,23228.0,3730.0,4325.0,141.1,0,-140696.0145218272,-17926.943389466738
91094.0,142539.0,30904.0,51706.0,0,119,84,124,79985.0,70785.0,70559.0,60275.0,141.1,0,-29545.21557966153,31813.439006452503
27469.0,45847.0,5789.0,9486.0,137,117,0,59,30588.0,27709.0,20327.0,21232.0,141.2,0,-118684.54731678093,-6860.2099201194
7466.0,14582.0,1356.0,3686.0,1770,2224,2644,2981,8181.0,9456.0,1538.0,1937.0,141.2,0,-149403.93005364825,-27920.201322807345
2606.0,11913.0,1009.0,3161.0,1324,1956,1498,2517,4676.0,6946.0,969.0,1569.0,141.3,0,-153472.86516307064,-29902.80596129216
36487.0,49058.0,20353.0,32392.0,263,229,288,120,46516.0,44463.0,26011.0,36405.0,141.3,0,-93737.94754451372,-1698.3704073176668
19935.0,35620.0,7159.0,11695.0,4779,4245,6747,6285,19928.0,19224.0,4714.0,4729.0,141.3,0,-133457.70815240536,-23158.504639515828
4676.0,11128.0,2202.0,5232.0,5278,5594,6207,6589,15774.0,17088.0,191.0,1565.0,141.3,0,-147070.9514504661,-24088.55880490672
22825.0,40708.0,2483.0,4998.0,4695,4748,6768,6611,21377.0,20312.0,4724.0,7410.0,141.4,0,-134507.8040342779,-19059.82465271904
11320.0,18947.0,2660.0,6272.0,2936,2831,3684,3734,11560.0,11785.0,1284.0,2965.0,141.5,0,-145361.74861269322,-26792.998733729768
7577.0,18019.0,1740.0,3230.0,4190,4389,5989,6267,14562.0,15866.0,1103.0,2968.0,141.5,0,-146237.24980973746,-24145.098621282857
53733.0,66828.0,3373.0,6150.0,499,261,273,188,52027.0,45783.0,44686.0,31831.0,141.6,0,-89602.29368053032,18427.694189062702
8149.0,16891.0,547.0,2259.0,1866,1641,3253,3298,10357.0,10016.0,3058.0,3506.0,141.6,0,-147941.74206798954,-25189.865062648507
35203.0,58231.0,6038.0,10061.0,509,306,0,21,34719.0,31010.0,17764.0,19700.0,141.6,0,-114621.65053192804,-6228.830361482345
1439.0,7626.0,269.0,1330.0,608,1414,604,1298,1722.0,4785.0,1061.0,1807.0,141.6,0,-155732.22254913437,-31154.840800458544
83977.0,140468.0,11445.0,18157.0,79,110,213,108,86948.0,78282.0,26584.0,34216.0,141.6,0,-62279.65070048833,26261.518793741507
252205.0,309053.0,283116.0,318995.0,4213,3468,5009,4966,85832.0,62038.0,70677.0,46984.0,141.6,0,211619.05741738164,-135381.4876590076
61137.0,100310.0,10539.0,15630.0,391,306,79,61,54362.0,49699.0,49885.0,47393.0,141.7,0,-76684.45835723831,19602.52197633115
7340.0,13328.0,801.0,2826.0,2640,2881,3187,3287,7762.0,7482.0,2397.0,1591.0,141.7,0,-149751.7599883277,-27523.03136739502
94377.0,143705.0,10922.0,17573.0,297,402,358,154,89596.0,81172.0,71301.0,65393.0,141.8,0,-36745.4499394016,51355.3458432648
167256.0,238896.0,22399.0,26982.0,421,330,0,25,208825.0,177783.0,95709.0,85087.0,141.8,0,66272.11177029094,128200.87536407418
59510.0,98404.0,7168.0,10020.0,496,346,128,64,31600.0,30290.0,18877.0,21378.0,141.8,0,-104670.3468447441,-9753.358015475436
13785.0,23383.0,3316.0,4898.0,4130,3771,5310,5440,16404.0,14892.0,1869.0,1907.0,141.8,0,-141628.5656865175,-24223.766256083327
147648.0,216309.0,29905.0,41709.0,334,250,204,95,132899.0,117871.0,76113.0,67749.0,141.9,0,19774.37096929003,65751.73492525354
26200.0,42752.0,3668.0,5457.0,2157,2296,5366,5308,15718.0,15861.0,5614.0,6072.0,141.9,0,-134706.59891515132,-23443.65719171308
2462.0,6929.0,762.0,1700.0,939,2510,1325,4484,1171.0,4698.0,0.0,122.0,141.9,0,-155824.0453067435,-32593.41465980808
59065.0,82790.0,0.0,1610.0,432,333,411,196,51953.0,48517.0,42462.0,34973.0,141.9,0,-90205.14726629602,19723.50870670513
48665.0,75217.0,8689.0,13717.0,0,220,364,170,49647.0,44155.0,40995.0,36401.0,141.9,0,-89865.33953223829,13099.992850151591
15489.0,21182.0,4638.0,7278.0,4946,4674,6175,5748,16715.0,15471.0,4522.0,3134.0,141.9,0,-138740.57075332795,-23656.369556264617
9944.0,16560.0,2126.0,4332.0,3086,3190,3997,4156,10640.0,11209.0,79.0,1625.0,142.0,0,-147322.0467690429,-27670.069592301494
6569.0,22667.0,1531.0,3096.0,916,1187,2155,3179,5900.0,7588.0,3169.0,3329.0,142.0,0,-149903.4703967698,-28506.67081309507
3737.0,9797.0,0.0,1242.0,225,664,541,1832,1362.0,4073.0,539.0,656.0,142.0,0,-155478.21912000296,-31766.49143142459
72472.0,98404.0,25351.0,39196.0,361,262,338,142,82270.0,79660.0,54051.0,54733.0,142.2,0,-46767.237386555295,30138.79271305269
6194.0,9896.0,1193.0,4608.0,1736,1743,2432,2607,7205.0,7912.0,396.0,1672.0,142.2,0,-150932.67819296717,-28874.49708279874
9252.0,28683.0,4742.0,8434.0,3612,3139,5427,5344,15590.0,15366.0,2639.0,4016.0,142.2,0,-142317.49866391445,-24676.859652010764
36748.0,57488.0,3312.0,5688.0,38,131,237,213,29177.0,27905.0,15394.0,23119.0,142.2,0,-118813.2917535982,-8566.644093116753
374442.0,490141.0,25822.0,35519.0,840,636,5947,4996,177882.0,140566.0,155212.0,130410.0,142.3,0,167227.17838980534,125278.06246517648
67697.0,104568.0,18621.0,26782.0,429,318,0,115,90246.0,82023.0,57946.0,66354.0,142.3,0,-46869.01771659299,43215.9747363537
37106.0,64563.0,7539.0,12042.0,0,60,42,58,40626.0,38517.0,20230.0,28333.0,142.4,0,-108143.0348217496,-1139.2398681408597
56459.0,81957.0,8215.0,13238.0,390,426,327,108,52646.0,45504.0,34695.0,26908.0,142.5,0,-89172.49642931607,10619.854755500151
1206.0,3899.0,127.0,1632.0,593,1085,651,1506,2214.0,5043.0,2598.0,3065.0,142.5,0,-154977.69786452778,-29892.518253174225
780.0,4590.0,187.0,1552.0,1025,2267,1640,3502,4158.0,9030.0,516.0,694.0,142.5,0,-155300.0478975572,-29925.49749359861
8595.0,19103.0,2161.0,3191.0,4311,4572,6235,6241,16993.0,17365.0,2371.0,2640.0,142.5,0,-144006.59815673437,-22458.60333064752
90642.0,133008.0,10834.0,17276.0,640,270,264,96,99103.0,90141.0,82527.0,65999.0,142.5,0,-29829.686470002955,62471.595611093726
317638.0,452237.0,51426.0,75278.0,698,253,503,170,373796.0,292078.0,123661.0,110693.0,142.5,0,235825.7879797108,220350.7971432514
16540.0,20282.0,3400.0,4820.0,2298,2594,4264,3963,11930.0,11122.0,3358.0,3024.0,142.6,0,-141774.07914266986,-26481.23132086615
35344.0,60757.0,23724.0,38853.0,3624,3969,4467,4673,14256.0,16241.0,3714.0,3334.0,142.6,0,-118815.92449848366,-38794.10692454114
5518.0,10951.0,2078.0,5205.0,2676,3279,2934,3808,8126.0,10321.0,2689.0,1865.0,142.6,0,-149309.79930405715,-27810.3507576376
12403.0,17960.0,3922.0,6401.0,3403,3190,4352,4571,12352.0,12445.0,2008.0,2005.0,142.6,0,-143541.90771414043,-27004.020651613624
3747.0,13066.0,751.0,2949.0,1438,1636,1905,2265,6443.0,7087.0,411.0,761.0,142.6,0,-152694.42757160284,-29060.67994311281
51200.0,88925.0,5050.0,9458.0,321,193,155,155,54199.0,50554.0,31946.0,42586.0,142.6,0,-91845.65177456487,15292.916581134148
227678.0,320175.0,137598.0,210979.0,128,243,121,133,218557.0,187233.0,83523.0,85221.0,142.7,0,170475.81600492573,53010.90133767776
12049.0,18605.0,2162.0,3019.0,5697,5670,8777,8836,21278.0,20921.0,2260.0,4156.0,142.7,0,-140502.7821550316,-19772.79004737062
38677.0,49781.0,25533.0,36448.0,0,181,242,87,34529.0,31383.0,29040.0,25954.0,142.8,0,-94871.19715366769,-13078.141230910687
118447.0,171411.0,34605.0,55386.0,104,172,146,174,85782.0,80707.0,75748.0,69546.0,142.8,0,-10087.759282402898,35042.832698130354
6664.0,24108.0,1282.0,3689.0,2080,2330,3100,3768,6376.0,7330.0,314.0,2291.0,142.8,0,-151002.91143280477,-29418.846047868545
3015.0,15791.0,499.0,1612.0,1443,2209,1874,3246,4192.0,7253.0,299.0,1108.0,143.0,0,-154180.52993099007,-30269.540181179887
56475.0,73891.0,9530.0,14268.0,506,296,0,58,36055.0,32559.0,33473.0,26437.0,143.0,0,-96248.01621035216,-1286.1401386638315
6743.0,11657.0,1471.0,3504.0,3605,4146,5091,5404,11065.0,12443.0,3288.0,2614.0,143.0,0,-147581.8664539952,-25274.710570752886
36489.0,63430.0,2107.0,3705.0,536,313,190,138,33560.0,30771.0,22285.0,21816.0,143.0,0,-115396.02546078178,-2340.167458968619
3274.0,9101.0,3240.0,8066.0,1701,1883,1956,2317,4642.0,5515.0,998.0,1344.0,143.0,0,-151690.27307087407,-31391.577074591656
148529.0,229782.0,6298.0,7099.0,206,206,0,81,63193.0,58297.0,32754.0,42698.0,143.3,0,-46759.249747179216,14227.7438118709
4937.0,16694.0,1021.0,2624.0,1661,1960,2161,2591,6006.0,7889.0,781.0,1255.0,143.3,0,-152017.86690636803,-29348.88126250176
50061.0,76172.0,5202.0,9250.0,527,227,65,47,46933.0,42799.0,37229.0,33116.0,143.4,0,-94729.28756824195,11373.924595158216
2156.0,9344.0,514.0,2311.0,1277,1824,1451,2264,3809.0,5569.0,0.0,1182.0,143.4,0,-154796.51104477202,-30579.747126050574
1227.0,4960.0,499.0,2177.0,728,1130,1290,2129,3188.0,5416.0,699.0,963.0,143.4,0,-155238.41162344246,-30644.361292786616
29940.0,43679.0,1435.0,2275.0,393,252,95,120,40638.0,38445.0,29236.0,30757.0,143.4,0,-111656.61900055745,7334.076123822739
19150.0,38237.0,6591.0,11822.0,1894,1801,4262,4715,10352.0,10905.0,2199.0,4334.0,143.5,0,-139476.12933396854,-29927.73095425511
57544.0,75535.0,21793.0,31783.0,378,213,106,132,56870.0,51404.0,37773.0,46618.0,143.6,0,-73821.32980589247,9149.637801263048
25050.0,43087.0,7252.0,13377.0,49,32,68,93,31942.0,28573.0,22939.0,25799.0,143.7,0,-116513.5729873779,-4936.231434181253
587912.0,513808.0,532823.0,462135.0,6609,6217,2303,1946,69189.0,46215.0,32215.0,23269.0,143.7,0,496846.1886622864,-344447.8931385433
11891.0,28865.0,49.0,1331.0,4813,5113,6835,7406,16824.0,17896.0,3028.0,3933.0,143.7,0,-143783.78538168911,-20969.487627318944
14036.0,34068.0,1967.0,3652.0,7378,7430,10552,11567,22506.0,23360.0,2335.0,3461.0,143.7,0,-139324.25568075615,-19080.331340001925
85004.0,120930.0,13701.0,22466.0,648,400,0,87,65056.0,54972.0,52037.0,43297.0,143.7,0,-59628.70112788287,23073.092760848103
10117.0,16913.0,4080.0,5114.0,3518,3299,4966,4579,10826.0,10187.0,2315.0,1631.0,143.7,0,-144989.8332325234,-27849.35638627627
106510.0,162317.0,44182.0,70172.0,361,232,0,13,80155.0,73988.0,81440.0,63893.0,143.8,0,-9512.576558930858,27728.592205286925
30641.0,49310.0,8265.0,12891.0,254,226,100,70,22414.0,22258.0,11379.0,17553.0,143.8,0,-123127.38672119348,-18134.00451356852
9280.0,17473.0,2077.0,2945.0,5507,5720,7628,7831,21633.0,21133.0,5831.0,5798.0,143.8,0,-140011.9306259401,-17555.6673952827
16746.0,30955.0,1896.0,4559.0,306,182,149,81,19212.0,17416.0,19334.0,16536.0,143.8,0,-131851.96523271955,-12082.120009235236
90570.0,150835.0,11791.0,17602.0,148,200,119,146,78050.0,71207.0,46970.0,51638.0,144.0,0,-53627.42133638338,31339.57047232246
3123.0,9155.0,1689.0,3818.0,1881,1957,2824,3029,8397.0,9981.0,2134.0,2820.0,144.0,0,-150523.13558081287,-27318.33156776394
208216.0,308177.0,103753.0,166845.0,0,301,0,119,113719.0,102923.0,61640.0,59469.0,144.1,0,80540.31976605143,-4077.4643986128576
4872.0,10271.0,1675.0,3310.0,3203,3863,4548,5139,10757.0,11564.0,2199.0,2465.0,144.2,0,-148768.35505220122,-25957.749245925643
4334.0,9979.0,1265.0,2583.0,3255,3624,3485,3750,9282.0,9829.0,428.0,2157.0,144.3,0,-150630.48782706226,-27393.108259201857
7446.0,12802.0,1543.0,3430.0,4303,4903,5189,5703,12458.0,12701.0,1456.0,2056.0,144.3,0,-147361.17255631922,-25343.46244457296
5493.0,11285.0,705.0,2140.0,2084,2045,3289,3564,8718.0,8886.0,2449.0,2470.0,144.3,0,-150014.31938470926,-26574.66570637816
88927.0,121791.0,185720.0,299963.0,5428,4931,16193,16359,32298.0,30425.0,13746.0,12260.0,144.3,0,27979.762772150367,-126906.40714355152
3248.0,12577.0,2095.0,5681.0,131,43,95,0,4290.0,5066.0,1760.0,2587.0,144.3,-1,-152219.73449287415,-30375.784057073663
952027.0,1224520.0,1108480.0,1500210.0,1235,840,39,228,443931.0,361016.0,247425.0,210429.0,144.3,3,1315486.9804902924,-372245.38757588057
708.0,2699.0,231.0,1202.0,185,203,203,126,5087.0,7685.0,693.0,1556.0,144.3,0,-154709.7937929449,-29151.14980041138
1107.0,3648.0,0.0,387.0,210,170,175,73,6530.0,8196.0,0.0,479.0,144.3,0,-154447.19518773785,-28583.39027484329
650823.0,824971.0,98107.0,138624.0,1712,1288,0,81,804084.0,607617.0,357905.0,275988.0,144.3,3,705823.6894611452,566267.5519725293
3503.0,6003.0,139.0,5982.0,86,167,307,163,2751.0,5725.0,21964.0,33105.0,144.4,0,-142845.6789033329,-16763.10561688267
40807.0,64727.0,24170.0,40701.0,82,180,133,195,46368.0,42483.0,30075.0,39540.0,144.4,0,-87504.31808028191,-2260.9395233615105
52469.0,79473.0,12692.0,21643.0,424,229,206,92,47308.0,42658.0,30464.0,25025.0,144.4,0,-91920.6899312623,2615.396359996736
35171.0,58455.0,13778.0,20734.0,264,200,131,94,43461.0,39059.0,25392.0,28262.0,144.5,0,-101452.14464969284,-983.4323837059056
43548.0,69565.0,9514.0,15612.0,0,67,81,19,41968.0,40661.0,15724.0,26050.0,144.6,0,-105487.37713556008,-4206.36255241148
51248.0,72233.0,2645.0,5278.0,279,199,276,152,44648.0,37954.0,34215.0,28687.0,144.6,0,-98711.3107156716,9482.622410058542
59823.0,91951.0,5274.0,7479.0,352,207,103,96,58451.0,51259.0,39943.0,39188.0,144.6,0,-83720.8650067545,20090.428331081715
44273.0,65020.0,16020.0,25553.0,385,180,219,183,51193.0,46933.0,48361.0,39254.0,144.6,0,-82824.82939146212,13308.284737743928
324806.0,452167.0,12721.0,19277.0,1078,679,295,134,363607.0,299273.0,169141.0,137060.0,144.6,0,227555.5996941525,261057.1560578581
51380.0,86749.0,1223.0,6283.0,46,141,51,87,36139.0,32223.0,25756.0,26609.0,144.7,0,-106860.40260547692,1103.5087179182335
6679.0,21422.0,1852.0,5185.0,3152,3714,4343,5025,11016.0,12209.0,752.0,969.0,144.7,0,-148512.76674506982,-26870.24523936792
102161.0,153926.0,3161.0,4447.0,511,322,0,63,60805.0,55980.0,43532.0,40790.0,144.7,0,-65253.47368066746,21916.68296814685
103552.0,145749.0,6198.0,8602.0,400,267,0,0,40860.0,36055.0,42047.0,33711.0,144.7,-1,-73038.79959621407,5567.305387689255
54702.0,86055.0,10488.0,16832.0,0,33,285,85,50435.0,45274.0,30195.0,39291.0,144.8,0,-89416.15459017541,8008.345921027128
51498.0,87226.0,14642.0,21866.0,215,196,212,165,71151.0,63846.0,45431.0,48972.0,144.8,0,-71674.04978449081,26653.233942074014
3497.0,8877.0,0.0,1172.0,149,59,96,26,4414.0,4627.0,1993.0,2087.0,144.8,0,-153483.93140926785,-28982.41402311769
730090.0,764227.0,712681.0,775730.0,2376,1604,466,359,825380.0,616652.0,422808.0,290079.0,144.8,3,1198028.014560224,218228.42985672696
2621.0,12906.0,666.0,3335.0,1816,2479,2363,3385,6060.0,8643.0,512.0,760.0,144.9,0,-153348.3358256464,-29133.314935847928
76832.0,110615.0,21286.0,34247.0,32,188,0,55,68015.0,61439.0,62425.0,49649.0,145.0,0,-51768.45934157779,26091.76020862249
14759.0,25990.0,1421.0,2110.0,1609,1328,4995,4744,12785.0,13161.0,4541.0,4295.0,145.0,0,-142888.07525210822,-23879.717675413365
21142.0,34042.0,2300.0,3757.0,155,177,439,249,24615.0,22338.0,14152.0,19095.0,145.0,0,-128926.00549128142,-10968.119053790017
39542.0,67376.0,57095.0,94476.0,1952,1658,4564,4515,12639.0,12148.0,3265.0,4233.0,145.0,0,-94836.40530858352,-61083.11301860541
8584.0,12139.0,2434.0,4429.0,3665,3412,4488,4492,11343.0,11642.0,2785.0,2365.0,145.1,0,-146255.3105277437,-26075.686498189167
12344.0,14950.0,2355.0,2810.0,2438,2397,4057,4214,11618.0,10980.0,4547.0,2517.0,145.1,0,-143979.92958800602,-25332.806344901663
4078.0,13088.0,811.0,3367.0,1543,1913,2476,3042,6583.0,8872.0,649.0,1334.0,145.2,0,-152293.1421399661,-28838.247080806952
18095.0,25045.0,4013.0,7149.0,3536,3282,5074,5154,15280.0,14251.0,4898.0,4510.0,145.2,0,-138443.8269113999,-23963.467337784867
62361.0,96884.0,6364.0,8984.0,296,290,59,60,75991.0,65579.0,53686.0,48298.0,145.3,0,-67798.72520920546,37559.912269959634
3088.0,7567.0,844.0,1913.0,1637,1702,2140,2148,5453.0,5564.0,913.0,1749.0,145.4,0,-153035.54926568054,-29332.605966040792
35167.0,51588.0,9111.0,12339.0,681,336,0,77,40298.0,34012.0,31718.0,24840.0,145.4,0,-104199.62690599303,2051.566905825199
10372.0,20767.0,1081.0,3051.0,4269,4972,5792,6269,14743.0,16143.0,2678.0,3054.0,145.4,0,-144874.08877775053,-23124.41372926713
5145.0,15823.0,1359.0,4602.0,756,1851,1024,2312,3174.0,6727.0,2582.0,3023.0,145.4,0,-152091.4107755589,-30327.70610564534
7489.0,13923.0,1570.0,5232.0,1360,2350,1546,2700,4799.0,8506.0,0.0,107.0,145.4,0,-151572.51590591954,-31135.7233885828
21109.0,33023.0,3402.0,4645.0,7644,7327,10363,9868,27440.0,25044.0,7364.0,5321.0,145.5,0,-131121.10861705255,-14913.243346245632
7469.0,11883.0,1912.0,2592.0,2271,1946,2778,2954,8598.0,9272.0,1339.0,2097.0,145.5,0,-148882.6835666343,-28063.74118197639
63026.0,90398.0,22603.0,34382.0,469,235,247,128,57922.0,52138.0,55313.0,47503.0,145.5,0,-63957.426152250046,16452.118915724535
189683.0,281965.0,6025.0,7806.0,402,438,171,112,255817.0,219764.0,86370.0,92200.0,145.5,0,82786.2018709404,163958.854528628
1951.0,4963.0,2293.0,5054.0,2951,3259,3228,3771,7517.0,7944.0,170.0,1619.0,145.5,0,-151856.3537193055,-29194.578642967044
3809.0,10321.0,1860.0,4466.0,2968,3535,4115,4697,9638.0,10961.0,933.0,1450.0,145.6,0,-150176.91570258563,-27407.279030273046
57933.0,73796.0,11708.0,18752.0,508,318,408,142,55096.0,52020.0,36890.0,40874.0,145.7,0,-82477.15382072362,13042.624118672178
3505.0,12360.0,1513.0,2745.0,2141,2396,2530,2894,6381.0,7620.0,556.0,825.0,145.8,0,-152231.3039806896,-29490.55971208555
27361.0,35528.0,3903.0,7961.0,964,1010,3130,3138,9409.0,8193.0,3531.0,3435.0,145.8,0,-138020.48179010692,-28957.236147819523
21574.0,36281.0,3939.0,7673.0,367,304,253,84,32899.0,28988.0,19831.0,18968.0,145.8,0,-121802.64498982034,-4425.49108441731
3360.0,14773.0,1447.0,2904.0,1961,2113,2388,2788,6373.0,7227.0,284.0,1634.0,145.8,0,-152338.61435446484,-29429.240087216127
86283.0,127845.0,3445.0,7016.0,462,269,0,79,85140.0,77999.0,58688.0,61770.0,145.9,0,-52344.99463392972,47883.31294635062
30250.0,52418.0,3893.0,5864.0,297,286,449,178,24677.0,22490.0,15166.0,19453.0,146.0,0,-123648.3009525443,-12038.11675507012
5253.0,9939.0,1987.0,4443.0,1277,1570,2022,2112,4605.0,5443.0,2090.0,1871.0,146.0,0,-151293.0848943968,-30213.60663229943
219303.0,322088.0,23276.0,36973.0,777,283,0,51,298051.0,260808.0,126256.0,100811.0,146.0,0,141677.54773205062,196024.41455939825
5366.0,10897.0,2811.0,4933.0,4726,4843,5468,5582,14954.0,14295.0,3268.0,3673.0,146.0,0,-145337.75809534924,-23406.079313940816
1190.0,7410.0,6196.0,24051.0,113,7,92,0,24179.0,45727.0,5247.0,10072.0,146.0,-1,-139034.51786121196,-17575.027639675547
1427.0,8144.0,8824.0,27484.0,189,141,55,0,23775.0,41598.0,7824.0,11887.0,146.0,-1,-136124.1537041056,-18123.50386499305
1513.0,9320.0,6874.0,26494.0,160,112,146,45,10165.0,20431.0,8890.0,16976.0,146.0,0,-142530.121353527,-24249.34285317753
5617760.0,2512490.0,13753100.0,5935460.0,38628,9410,9065,2242,8954530.0,2507230.0,7107110.0,1793520.0,146.0,1,18526620.713106774,-100663.73284020364
502950.0,672829.0,27380.0,42890.0,1100,1164,500,271,593026.0,491158.0,233305.0,192381.0,146.1,3,444728.0776266034,421135.7367437332
1010160.0,1106180.0,2120200.0,2754280.0,5930,4837,5914,5434,239291.0,193141.0,133375.0,105118.0,146.1,3,1890325.3839338447,-1205348.2534781334
28087.0,49910.0,8759.0,12492.0,0,61,234,150,27404.0,25760.0,16494.0,22824.0,146.1,0,-119029.29648651317,-12130.371705958456
8738.0,15496.0,1840.0,4262.0,4355,4290,5464,5825,13495.0,14392.0,2143.0,3709.0,146.2,0,-145696.61999065854,-24404.05478315665
6923.0,14864.0,1376.0,3157.0,2115,2143,2765,2758,9545.0,9772.0,1150.0,1332.0,146.2,0,-149216.27635891814,-27294.949062284868
22406.0,37265.0,9078.0,14580.0,248,106,81,35,36040.0,34185.0,23345.0,23014.0,146.2,0,-114689.48929029117,-3596.4842730167184
5854.0,12512.0,2214.0,3715.0,3340,3553,4960,5333,13577.0,13877.0,4826.0,4907.0,146.4,0,-145443.8184746358,-23081.869868744216
9669.0,25496.0,3536.0,6206.0,1884,1890,5020,5106,13244.0,15164.0,3371.0,4168.0,146.4,0,-143752.22192141775,-25098.072828417484
10546.0,17739.0,2610.0,4117.0,1673,1670,2638,2270,6666.0,6434.0,1526.0,1412.0,146.5,0,-148030.6145733819,-29954.78499752012
15165.0,28566.0,2799.0,4952.0,1392,1584,3962,4406,10414.0,10307.0,4670.0,4276.0,146.5,0,-142795.673569925,-26221.579595202053
46581.0,71664.0,3223.0,5380.0,157,141,313,125,42638.0,40965.0,25981.0,32808.0,146.6,0,-103647.80404841928,5358.700340818414
6925.0,18241.0,3216.0,7868.0,3002,3300,4252,4668,12404.0,13277.0,2151.0,2884.0,146.7,0,-146086.54036199857,-25970.720512959862
41394.0,73237.0,8557.0,12146.0,0,0,0,0,45381.0,41231.0,31995.0,33082.0,146.7,-1,-98609.44607029745,6658.401575063213
15089.0,30747.0,1932.0,3713.0,4015,4129,5066,5506,14567.0,14522.0,3653.0,4248.0,146.7,0,-141924.85676797794,-23477.2975537858
15049.0,31669.0,1405.0,3956.0,5550,5385,8455,7997,20891.0,19533.0,4533.0,4602.0,146.7,0,-139076.99388515204,-18712.480798280725
4717.0,14433.0,3688.0,6801.0,3117,3726,4352,4937,11423.0,13379.0,615.0,1805.0,146.8,0,-147809.86601165356,-27561.367250148924
43667.0,58662.0,2349.0,3097.0,261,133,190,97,43824.0,39479.0,30145.0,25102.0,146.8,0,-104346.8931744194,7356.806564849325
14953.0,33085.0,1368.0,3588.0,3442,3395,5177,5444,15318.0,15592.0,3866.0,4108.0,146.8,0,-141971.69714744933,-22571.861520626542
3468.0,12393.0,1148.0,3741.0,977,2326,1558,3194,3621.0,8677.0,790.0,1700.0,146.8,0,-153549.69562563908,-30766.793326265743
91147.0,140214.0,12487.0,18255.0,206,294,188,125,102144.0,87469.0,37214.0,37012.0,146.9,0,-47496.67706766908,39658.40578049811
405872.0,483755.0,224971.0,219303.0,0,281,139,91,232138.0,208404.0,112440.0,86780.0,146.9,0,320777.92334146705,7546.202134243915
2605.0,14043.0,581.0,2301.0,716,1370,1240,2589,3148.0,7187.0,1267.0,1792.0,146.9,0,-154321.22723290412,-30439.416514177647
1237.0,4773.0,561.0,1738.0,814,1391,1261,2568,3907.0,7403.0,735.0,1381.0,146.9,0,-154801.10542396276,-30147.281143691147
11647.0,23779.0,1467.0,2628.0,3573,3784,5458,5599,13309.0,13072.0,2119.0,2822.0,147.0,0,-144969.45926721074,-24628.294521849668
3981.0,16160.0,1321.0,3574.0,888,984,1697,2027,3920.0,4911.0,59.0,151.0,147.1,0,-153550.8647337606,-31274.61296261636
84691.0,125482.0,35012.0,55471.0,0,240,87,88,73152.0,66435.0,55561.0,53983.0,147.1,0,-38740.9091743686,18027.07690619632
54519.0,76364.0,8114.0,12096.0,240,243,46,94,49937.0,46607.0,40363.0,39201.0,147.1,0,-87613.67828468115,13447.137963179466
47614.0,72448.0,6771.0,13205.0,170,128,343,188,45558.0,42814.0,34687.0,32957.0,147.1,0,-96226.40818500573,8587.316108505187
7318.0,12523.0,3003.0,5772.0,2872,3029,4138,4617,10853.0,11473.0,2880.0,2574.0,147.2,0,-146542.47951366205,-26587.217804267115
20514.0,40576.0,8776.0,15164.0,97,167,247,121,27542.0,25805.0,10991.0,18335.0,147.2,0,-124654.4497375674,-14591.20033720171
17179.0,31483.0,2672.0,4162.0,3721,3486,5291,5097,15175.0,14525.0,4118.0,3815.0,147.4,0,-140167.32162836427,-23566.878439599965
9436.0,19081.0,1893.0,4333.0,2266,2447,3639,4003,8649.0,9678.0,2471.0,2925.0,147.4,0,-147543.83825776025,-27537.46753871235
8985.0,18244.0,3700.0,6115.0,1873,1837,2916,2858,8122.0,7312.0,697.0,1312.0,147.4,0,-147578.53420321213,-29980.48648397652
8225.0,19225.0,2082.0,4765.0,1929,1867,2857,3026,7162.0,7310.0,2286.0,3068.0,147.4,0,-148631.55990957338,-28573.87758372876
4470.0,11817.0,3706.0,23044.0,130,56,213,99,2455.0,4595.0,21975.0,27139.0,147.5,0,-140869.61394963317,-20205.68762083888
496261.0,603582.0,418299.0,562525.0,1359,945,139,260,306445.0,271427.0,138392.0,133078.0,147.5,0,540230.1393453209,-54403.73554616194
68944.0,100330.0,23043.0,33870.0,3120,3255,8477,8513,23620.0,23355.0,9269.0,8969.0,147.5,0,-98538.96157710694,-31384.2369327406
7277.0,15044.0,2288.0,5182.0,10374,11121,12688,13873,24782.0,25708.0,3133.0,3194.0,147.5,0,-140574.27901785565,-17109.03161137364
1073.0,4677.0,1059.0,4270.0,322,657,522,1321,1865.0,4446.0,916.0,1574.0,147.6,0,-155355.78382960253,-31634.81306875706
9830.0,13578.0,4674.0,6914.0,3707,3466,5055,4966,12989.0,11924.0,1252.0,2338.0,147.6,0,-144024.47584727738,-27168.54017960604
7990.0,22292.0,2399.0,4357.0,2166,2422,3396,3831,9351.0,10897.0,1371.0,1963.0,147.6,0,-147998.12927229938,-27933.764410551197
3652.0,8820.0,2797.0,5912.0,1309,1396,1513,1600,4766.0,5362.0,1058.0,998.0,147.7,0,-151808.50818864105,-31090.683127767923
13425.0,23018.0,5323.0,9682.0,4163,4174,6629,6498,19168.0,18145.0,5056.0,5147.0,147.7,0,-137556.68730065128,-21852.443262922585
378636.0,510749.0,29366.0,43271.0,771,730,311,141,623870.0,481492.0,193515.0,174322.0,147.9,0,392128.59312088136,427875.2252805695
67872.0,109786.0,46944.0,75461.0,284,196,314,126,49499.0,43143.0,32355.0,36435.0,147.9,0,-58832.31085232414,-15879.713607623817
107852.0,144330.0,15948.0,22932.0,364,367,595,214,93413.0,83949.0,68474.0,62980.0,147.9,0,-27383.332626218384,48164.61423409864
3888.0,13139.0,1170.0,3435.0,1623,2661,1938,3043,5207.0,8422.0,332.0,1142.0,148.0,0,-152885.10648041338,-30086.482711101373
4955.0,11170.0,2236.0,3603.0,3096,2839,4065,4133,10738.0,10286.0,1325.0,1405.0,148.0,0,-148812.84647934578,-26865.27731991414
104964.0,159829.0,27741.0,41957.0,0,202,109,134,71135.0,63298.0,46296.0,48811.0,148.0,0,-40441.8785474133,15281.639340746606
6026.0,10487.0,1768.0,3466.0,2262,2080,3119,3340,8647.0,9098.0,1468.0,1849.0,148.1,0,-149534.2900083934,-27833.428851438268
69812.0,102911.0,10840.0,16541.0,149,157,0,27,57760.0,50620.0,46299.0,40811.0,148.2,0,-73547.8286333659,18437.261587087178
19173.0,33686.0,3925.0,6004.0,1981,1413,4998,4888,13195.0,13319.0,5991.0,4566.0,148.2,0,-138596.23423630343,-24827.816394824837
61743.0,90527.0,6627.0,11366.0,0,169,430,154,47155.0,43772.0,27948.0,27966.0,148.2,0,-92937.70804290788,5140.929762281299
9334.0,15252.0,2267.0,3183.0,2766,2491,3081,3030,7363.0,7734.0,1689.0,1781.0,148.2,0,-148339.80821915902,-29092.239671556898
1055.0,6160.0,667.0,2631.0,1743,3460,2307,4663,5496.0,10726.0,722.0,1656.0,148.2,0,-154052.7370065574,-29156.936294540705
5497.0,11128.0,0.0,703.0,1034,2424,1223,3025,6080.0,14564.0,10357.0,11988.0,148.2,0,-147572.71505997714,-22958.538502737007
4426.0,9079.0,223.0,2148.0,1973,7198,2609,10110,4052.0,11957.0,9.0,195.0,148.2,0,-154076.68025315736,-30543.386975086712
1761.0,10638.0,611.0,2646.0,520,1092,512,1630,1225.0,4293.0,1261.0,2449.0,148.3,0,-155433.62555859462,-31517.91744967528
4193.0,19061.0,765.0,3603.0,1155,1724,1178,2595,3630.0,8085.0,0.0,0.0,148.3,0,-154019.648541749,-31173.130449034357
7873.0,16504.0,2470.0,5455.0,4695,4957,5970,6282,14558.0,15148.0,1053.0,3917.0,148.3,0,-145511.15437534958,-24494.333558234997
47051.0,72295.0,12759.0,18854.0,183,194,33,23,53726.0,45119.0,35060.0,34763.0,148.5,0,-88274.04997665682,10474.510893144983
8026.0,15556.0,1364.0,3166.0,11388,11451,11335,11206,25417.0,24463.0,2759.0,3527.0,148.5,0,-140714.74321028212,-16283.66870371563
71565.0,103604.0,11293.0,18142.0,322,243,0,23,81403.0,71539.0,51217.0,53842.0,148.6,0,-58396.56409652093,37142.67061240136
14138.0,21920.0,0.0,1595.0,2616,2283,3668,3363,8512.0,8933.0,1398.0,2342.0,148.6,0,-147456.1265153641,-27285.20211810537
9503.0,19207.0,4392.0,8759.0,2592,2814,4369,4506,11908.0,12311.0,1883.0,3914.0,148.6,0,-144411.83216441688,-27136.718571572084
4911.0,12114.0,2272.0,5189.0,3020,2968,4258,4578,11720.0,12893.0,1538.0,3132.0,148.6,0,-148066.4138580931,-25897.060580936315
70117.0,91246.0,31871.0,48728.0,0,129,0,20,51974.0,46123.0,42200.0,37594.0,148.7,0,-63427.47426286909,-680.9400952468241
5476.0,15681.0,4128.0,8781.0,4720,4776,5509,6079,12324.0,13456.0,345.0,2011.0,148.7,0,-146857.56443709822,-27396.100407327176
48985.0,68048.0,9655.0,16271.0,234,301,184,90,42486.0,38499.0,32858.0,34405.0,148.8,0,-95550.35340991804,4209.695076143002
22307.0,41252.0,3336.0,6855.0,7599,7539,9927,9151,23535.0,21362.0,3669.0,5517.0,148.9,0,-133776.04700105422,-18938.68561115791
40645.0,66015.0,3896.0,7402.0,499,255,65,108,36444.0,30409.0,30979.0,22937.0,148.9,0,-107808.57230854532,1917.718696882246
2752.0,8478.0,1536.0,3596.0,797,1939,990,2298,2630.0,6758.0,938.0,1002.0,148.9,0,-154056.4221635658,-31641.566638041728
38545.0,57922.0,12251.0,19468.0,375,252,518,202,45059.0,39671.0,37454.0,31743.0,148.9,0,-95512.5086977188,6387.114190618839
2255.0,6075.0,420.0,930.0,1191,1620,1431,1897,3244.0,4142.0,468.0,496.0,148.9,0,-154989.77544000672,-30798.09675201934
80913.0,102791.0,24797.0,38918.0,0,126,0,39,65204.0,59091.0,71855.0,53310.0,149.0,0,-44997.25061282131,26389.328125470984
6583.0,10408.0,808.0,2481.0,3494,3674,3977,4329,9887.0,10123.0,624.0,1141.0,149.1,0,-149807.21074642037,-26949.66235275313
12646.0,23079.0,2051.0,4432.0,3279,3568,4900,5054,14657.0,15175.0,1004.0,3360.0,149.1,0,-143894.2255986348,-24590.14983977893
3902.0,13486.0,1043.0,2359.0,2673,3308,3939,4772,12596.0,14576.0,3575.0,5043.0,149.1,0,-147941.38729490415,-23345.04968505541
275613.0,380693.0,20414.0,31533.0,731,534,36,78,287480.0,226823.0,116741.0,109044.0,149.1,0,155524.2011140112,184806.9382985111
57634.0,79407.0,22548.0,36849.0,381,344,354,222,72267.0,63255.0,57405.0,54207.0,149.1,0,-58117.494933228925,27861.143857127707
29325.0,54921.0,1683.0,3411.0,133,201,32,8,26345.0,26260.0,16760.0,22546.0,149.2,0,-123823.13179396908,-8371.475512474437
1971.0,12961.0,101.0,1447.0,177,67,245,222,1319.0,4558.0,6652.0,21177.0,149.2,0,-151302.7175085852,-25884.59090134084
54607.0,86485.0,10697.0,15621.0,483,234,278,194,43705.0,41130.0,19778.0,31348.0,149.2,0,-97191.63789685864,-2018.1168839690545
118288.0,176348.0,15382.0,22905.0,400,306,146,64,84658.0,78368.0,46568.0,64845.0,149.3,0,-35296.58166845667,33412.55286290613
4137.0,16273.0,1308.0,4148.0,1954,2638,3035,4058,7813.0,10633.0,124.0,163.0,149.3,0,-151711.34032008034,-28783.652675470697
3386.0,11180.0,116.0,835.0,1123,1212,1631,1940,5622.0,7148.0,1201.0,1768.0,149.3,0,-153233.16797840237,-28664.93447696141
28454.0,48665.0,7298.0,14373.0,92,108,11,19,31878.0,30449.0,14334.0,22005.0,149.3,0,-118771.66347851284,-9446.537223738713
9826.0,20891.0,7001.0,12056.0,9407,9696,10441,10847,22297.0,22311.0,2205.0,3902.0,149.3,0,-137654.05144828954,-22085.150121335937
7304.0,16436.0,10762.0,21268.0,173,197,155,39,16883.0,19379.0,8095.0,13311.0,149.4,0,-135201.4824388642,-23740.798242848006
55645.0,87177.0,31076.0,49208.0,115,93,0,66,61129.0,51602.0,46387.0,44307.0,149.4,0,-63382.13000437975,9381.317339794205
43671.0,65962.0,6840.0,9200.0,182,315,90,30,40058.0,37634.0,24330.0,31560.0,149.4,0,-104272.02386672524,752.065088960193
9705.0,9847.0,1771.0,2573.0,3822,4526,4312,5198,10405.0,11551.0,1886.0,1446.0,149.4,0,-147124.71682827265,-26850.62634985272
32465.0,43777.0,4196.0,7176.0,336,180,96,137,25467.0,24501.0,16396.0,19918.0,149.4,0,-121663.50214853416,-11282.930108265811
378627.0,491915.0,378098.0,529280.0,11295,11500,31187,31069,76726.0,73067.0,27002.0,25237.0,149.5,0,306060.850531303,-230747.38218169723
350662.0,261507.0,2160500.0,1550180.0,1640,628,674,312,59990.0,23647.0,9772.0,3620.0,149.5,3,1508790.6564442008,-1369321.527674526
26564.0,32130.0,3640.0,6816.0,2740,3146,4546,4711,16614.0,15754.0,3922.0,2671.0,149.5,0,-135226.80629834018,-24141.446406459865
45132.0,74152.0,7061.0,12184.0,29,35,118,126,33920.0,31266.0,30634.0,28014.0,149.5,0,-104410.09760225454,-1286.2728746529135
17826.0,22448.0,2113.0,2742.0,4589,4956,5740,5766,15158.0,14357.0,2893.0,2579.0,149.5,0,-140901.79712199495,-23980.764208036308
3511.0,10601.0,1069.0,3064.0,625,1694,1104,2324,3507.0,6334.0,2170.0,2771.0,149.6,0,-152994.78839983628,-30041.9151469601
3586.0,11039.0,770.0,2139.0,215,96,168,60,4824.0,4055.0,2529.0,1678.0,149.6,0,-152584.53721572238,-29053.010190798523
1269.0,3699.0,1223.0,9131.0,140,103,222,121,3209.0,7837.0,30213.0,35683.0,149.6,0,-139435.4670362849,-13134.117096413927
658465.0,821780.0,214955.0,314253.0,1401,1071,450,308,314492.0,265526.0,173741.0,156962.0,149.6,0,485923.4325486389,86474.98459211289
13031.0,15972.0,2341.0,2651.0,5628,5265,7101,6836,19240.0,17754.0,4522.0,3689.0,149.6,0,-140122.273683843,-20367.30888268158
4316.0,12977.0,3644.0,6226.0,2014,2181,2929,3135,8548.0,9772.0,1514.0,2513.0,149.6,0,-148883.60692203042,-28837.082256912705
45356.0,70207.0,5450.0,8473.0,369,232,0,107,32461.0,28093.0,25855.0,23114.0,149.7,0,-108470.80393991334,-4004.1314950538217
4239610.0,2388800.0,8050070.0,5171270.0,26055,9017,6400,2207,12521900.0,4754920.0,7905230.0,2872030.0,149.7,1,16062910.913651798,6332991.173736684
30674.0,54495.0,13305.0,20781.0,121,105,373,173,30160.0,27428.0,25022.0,19757.0,149.7,0,-110827.90691345936,-10323.66369340302
4159.0,18998.0,911.0,2318.0,2069,2740,2717,3489,6589.0,8949.0,605.0,1177.0,149.7,0,-152222.8006896704,-28946.034513552047
6338.0,12115.0,3973.0,6399.0,2998,2931,4148,3910,12652.0,13064.0,804.0,3040.0,149.7,0,-146169.89792570105,-26791.448974719715
7883.0,17937.0,2401.0,6259.0,4447,4775,5756,6172,13936.0,15554.0,1850.0,2607.0,149.7,0,-145707.33182711757,-24721.0534071962
17093.0,27962.0,10144.0,19110.0,0,0,13,8,25087.0,24396.0,13446.0,14839.0,149.8,0,-125753.69118490006,-16311.410322336058
7469.0,19200.0,2835.0,5949.0,2440,2815,3270,3512,8548.0,10181.0,2604.0,2594.0,149.8,0,-147737.18698588593,-28063.25584559865
475597.0,496365.0,384895.0,429711.0,11411,10510,23119,22230,49526.0,47104.0,20788.0,19675.0,149.8,0,335197.48299067444,-262033.84073168685
1085.0,4928.0,0.0,373.0,134,5,166,51,4639.0,6970.0,1245.0,1971.0,149.9,0,-154660.90550554896,-29015.70330665419
1012.0,4968.0,0.0,0.0,64,0,140,4,3399.0,8463.0,21595.0,36999.0,149.9,0,-143314.07701626452,-15634.512374708163
477662.0,614642.0,46896.0,64135.0,1197,893,0,61,597376.0,480988.0,198482.0,180346.0,149.9,3,435438.0530766671,396732.2243093194
4890.0,16475.0,77.0,1469.0,2289,2212,2670,2822,7575.0,7647.0,1866.0,2399.0,149.9,0,-151434.66821588043,-27121.566972238285
40207.0,59189.0,9320.0,14776.0,442,232,114,98,37176.0,34196.0,27416.0,23907.0,149.9,0,-105104.70269435874,-2335.548497127391
3841.0,9156.0,872.0,2465.0,2911,3288,3465,4044,8794.0,10217.0,1035.0,1236.0,149.9,0,-151216.92882297662,-27315.748626966142
5567.0,13664.0,2657.0,5902.0,2187,2561,3256,3692,9701.0,11146.0,881.0,2392.0,149.9,0,-148781.19604356933,-27854.091558992837
64780.0,119026.0,3591.0,5236.0,297,149,5,30,62703.0,57088.0,39362.0,45099.0,150.0,0,-80404.03855825664,24218.04268315788
13118.0,29009.0,3903.0,6267.0,4420,4176,5748,5754,14512.0,13885.0,3153.0,3504.0,150.1,0,-141672.4572782826,-24949.364167718337
4679.0,8752.0,669.0,2538.0,1743,2695,2682,3945,6505.0,9537.0,1900.0,1511.0,150.3,0,-151695.49604653858,-28283.82074877129
1647.0,9886.0,1009.0,4858.0,879,2433,1321,3712,4114.0,10613.0,1242.0,2080.0,150.3,0,-153954.85956399082,-29999.30528778069
4101.0,12536.0,1144.0,4879.0,3225,5073,3768,5678,11322.0,17866.0,875.0,1541.0,150.3,0,-149802.3733779754,-25922.748882769003
16134.0,17686.0,5462.0,8080.0,3944,3685,5857,5644,18498.0,17809.0,4278.0,3364.0,150.3,0,-137167.22556065783,-23153.63851261365
38695.0,64191.0,4330.0,6042.0,345,277,125,40,40092.0,36498.0,18988.0,23015.0,150.3,0,-111078.5038935529,-940.1487447699474
59893.0,88439.0,49972.0,61275.0,3523,4143,4966,5277,13657.0,14244.0,1684.0,4280.0,150.4,0,-91535.80251986512,-57946.19529068984
6673.0,15733.0,3316.0,6416.0,4303,4682,5960,6671,15965.0,17496.0,2862.0,3163.0,150.4,0,-144212.60359107665,-23419.51319325122
2415.0,15119.0,434.0,2706.0,189,86,147,97,1673.0,4333.0,9159.0,26645.0,150.5,0,-149115.34980471293,-23969.43933492583
42247.0,63201.0,15433.0,26059.0,378,212,109,103,41498.0,37924.0,22983.0,33384.0,150.5,0,-98538.09368537238,-3912.457432572664
2427.0,11332.0,1029.0,2798.0,1737,2055,2083,2596,5172.0,6674.0,842.0,1430.0,150.5,0,-153371.52067182632,-29664.676942772207
58120.0,76643.0,5271.0,7308.0,447,273,0,0,43809.0,40562.0,32138.0,33177.0,150.5,-1,-94672.13877139168,6715.703750142613
69259.0,107642.0,7482.0,10656.0,396,247,212,141,70142.0,65565.0,57803.0,46336.0,150.5,0,-65566.76094049875,34124.42819052967
3497.0,11853.0,1189.0,3984.0,1501,3652,1696,4086,4351.0,8885.0,1381.0,1188.0,150.5,0,-153025.64315053847,-30167.15831785783
15498.0,22649.0,5995.0,8894.0,5941,5463,8316,8328,24830.0,23827.0,5171.0,4089.0,150.6,0,-133776.2817219663,-18948.14356952443
15251.0,28719.0,3706.0,5619.0,2464,2130,6762,7158,17505.0,19057.0,3669.0,7391.0,150.6,0,-138907.25766328,-22227.476284392174
66486.0,96932.0,10601.0,15112.0,518,276,10,111,55765.0,50674.0,43211.0,36079.0,150.6,0,-77710.98667409092,15486.611532207611
174518.0,255471.0,23494.0,38394.0,1013,506,307,146,158040.0,133635.0,61245.0,52417.0,150.7,0,30262.354882383603,75227.0969041298
14936.0,23645.0,1697.0,4847.0,7917,7520,9700,10005,24238.0,24059.0,1321.0,2671.0,150.7,0,-138835.21839279198,-18428.94850322445
8250.0,13186.0,3855.0,6571.0,3207,3203,4660,4647,13476.0,13671.0,2599.0,2403.0,150.7,0,-144513.84327447074,-25668.625037573944
3512.0,8365.0,456.0,2326.0,2066,2287,2639,2679,7384.0,7719.0,1278.0,1432.0,150.7,0,-152163.08463489663,-27792.529650089706
8749.0,16514.0,1623.0,3856.0,3455,3314,4628,4615,13237.0,12679.0,1927.0,3012.0,150.7,0,-146129.13233535498,-24635.37441688116
9804.0,14532.0,2135.0,3755.0,3343,3552,4505,4500,11932.0,11134.0,1319.0,1934.0,150.7,0,-146292.8291382628,-26278.829706899112
842981.0,915967.0,878984.0,1235950.0,6578,6182,3011,2355,172457.0,152678.0,155966.0,126411.0,150.7,3,945608.7909800844,-444579.27806576906
74191.0,121748.0,36593.0,58328.0,4059,4139,9816,9541,22967.0,22168.0,9208.0,9177.0,150.8,0,-87319.79252236919,-40635.0317786769
3971.0,13900.0,1316.0,3214.0,2174,2779,2736,3175,7785.0,9057.0,1803.0,2059.0,150.8,0,-150927.1091957307,-27787.69308717493
53115.0,94447.0,13692.0,21236.0,494,240,160,213,51218.0,48569.0,24614.0,42401.0,150.9,0,-89166.23013966744,4751.578866117412
4122.0,16134.0,1495.0,5260.0,2471,5132,3102,6137,7182.0,14172.0,963.0,1911.0,150.9,0,-151341.07654092487,-28666.75261693216
1665.0,8483.0,1129.0,5791.0,1594,2365,2126,3274,4957.0,7641.0,521.0,687.0,151.0,0,-153924.0521601802,-30067.59040569105
64050.0,96493.0,5880.0,10021.0,285,145,67,97,45198.0,40475.0,37596.0,31337.0,151.0,0,-89404.37556189837,8810.850082694775
125717.0,174098.0,7046.0,11195.0,0,89,266,141,140294.0,129138.0,68577.0,56968.0,151.0,0,-5802.757341150718,81312.32726598215
7911.0,20653.0,2046.0,4236.0,4098,4321,4968,5612,14496.0,16477.0,2956.0,2742.0,151.0,0,-145265.10979378613,-23661.748344087173
3034.0,13740.0,2731.0,6976.0,3375,4092,4387,5278,11957.0,13953.0,1445.0,3518.0,151.1,0,-148395.8544625986,-25890.47519440442
8414.0,12703.0,1719.0,2693.0,1706,2164,1996,2326,4799.0,6009.0,13.0,173.0,151.1,0,-151076.3370675241,-31272.55997904896
105375.0,144039.0,12300.0,19973.0,317,210,493,306,82603.0,71077.0,56664.0,64202.0,151.1,0,-39994.55557842448,39021.38183576646
45298.0,83284.0,6169.0,10023.0,98,85,321,230,45139.0,42351.0,23317.0,30977.0,151.2,0,-102225.906349416,3762.2136099655145
28799.0,51892.0,8570.0,12581.0,300,181,46,63,37070.0,35315.0,24359.0,26870.0,151.2,0,-111096.41062653543,-1997.5703311297077
11164.0,11960.0,950.0,1926.0,1943,1941,3443,3226,7827.0,7904.0,1035.0,1505.0,151.2,0,-148568.31468602148,-28408.086657907705
1540.0,5820.0,947.0,2441.0,1093,2025,1207,2327,2834.0,5805.0,1336.0,1680.0,151.2,0,-154634.05448531595,-30787.949189872124
101297.0,153806.0,7760.0,11630.0,348,241,269,99,62211.0,53326.0,48668.0,46138.0,151.3,0,-59226.38113505655,22988.569960521472
78043.0,109724.0,7425.0,13437.0,177,110,279,117,73036.0,72429.0,36711.0,58356.0,151.3,0,-66969.87282200434,28498.327103576496
1241.0,5142.0,1735.0,5227.0,71,0,106,0,5126.0,8492.0,44651.0,79505.0,151.3,-1,-127365.48945579432,850.2985910067691
5302180.0,2517060.0,12887700.0,7215290.0,27943,5940,7280,1570,5507930.0,1849090.0,3913160.0,1151880.0,151.3,4,14986153.72685629,-3159203.5780706774
1507.0,9746.0,0.0,0.0,100,0,137,5,2214.0,4616.0,842.0,1799.0,151.3,0,-155751.89582577316,-30773.147487866718
621548.0,788084.0,33368.0,42339.0,1417,1173,269,240,786233.0,620904.0,265130.0,202790.0,151.3,3,597593.1941763937,546853.2191603142
43261.0,66041.0,3105.0,3435.0,499,201,115,112,44899.0,39942.0,43736.0,37148.0,151.3,0,-96968.26856417436,15223.924696565056
4427.0,19522.0,2796.0,7537.0,3448,4257,4466,5599,11451.0,13949.0,0.0,1723.0,151.3,0,-148768.4325852936,-27236.019260241235
55819.0,82655.0,21542.0,36243.0,288,141,87,88,50511.0,46333.0,26137.0,37967.0,151.4,0,-82955.36378095215,-872.1799931747082
38746.0,57203.0,5106.0,7936.0,269,172,395,254,50706.0,47932.0,35641.0,35223.0,151.4,0,-98048.3345586086,14227.932641188889
8875.0,20737.0,2579.0,4712.0,4532,4722,5871,6156,15218.0,16520.0,2453.0,3520.0,151.4,0,-144261.98877583302,-23686.945948098324
11763.0,18207.0,465.0,1285.0,4264,4110,5866,5682,13657.0,13307.0,2896.0,2164.0,151.5,0,-145251.34811812596,-23565.90152426507
6403.0,10918.0,1035.0,2526.0,0,65,119,10,16895.0,8228.0,16379.0,9940.0,151.5,0,-139651.4123957129,-14632.701983637113
745769.0,665303.0,188132.0,177578.0,1341,894,617,192,846498.0,458863.0,457900.0,240114.0,151.5,3,858365.7715481983,566596.9971146829
2070.0,10255.0,744.0,4070.0,814,2151,1293,3184,3972.0,9230.0,1026.0,1223.0,151.6,0,-154216.82896588827,-30178.386405976875
2948.0,14696.0,693.0,4226.0,1914,2825,2653,3861,7208.0,10584.0,77.0,607.0,151.6,0,-152857.5206062962,-28652.13625737082
11631.0,23551.0,2195.0,4391.0,6637,7348,8247,8804,23797.0,24730.0,2211.0,2871.0,151.6,0,-139694.5599559208,-18402.4840749612
3673.0,8990.0,1411.0,2563.0,1200,1350,2309,2573,6771.0,7063.0,1714.0,2300.0,151.6,0,-151445.78920025093,-28467.954221593787
141664.0,210473.0,24613.0,35698.0,20,193,260,175,151850.0,134468.0,75867.0,61714.0,151.7,0,21358.82883026448,80374.0457053675
15451.0,34051.0,3237.0,6629.0,5081,5154,7186,7068,18934.0,18755.0,3031.0,5028.0,151.7,0,-139032.62473248536,-21690.656534940157
144943.0,206834.0,16705.0,25776.0,530,300,0,0,132695.0,111144.0,60628.0,54275.0,151.7,-1,2011.960995804664,65453.92619783932
8131.0,9871.0,614.0,1812.0,3041,3133,3658,4001,8953.0,9136.0,1179.0,1702.0,151.8,0,-149454.02568598717,-27196.47087357388
82264.0,121724.0,43226.0,62780.0,3689,3513,4624,4709,15249.0,14614.0,2880.0,2921.0,151.8,0,-86045.74884720458,-53875.29547989892
7834.0,12136.0,3285.0,5681.0,1751,1772,2697,2840,8993.0,9157.0,3800.0,3221.0,151.8,0,-146558.004845473,-27486.44106948761
274810.0,385585.0,15514.0,23263.0,578,337,655,237,310125.0,268960.0,114472.0,115009.0,151.9,0,161937.0951262434,202260.2766129783
3302.0,8006.0,2131.0,4233.0,1157,1416,1662,2159,5027.0,6609.0,186.0,281.0,151.9,0,-152706.65357911258,-30965.25687884731
10261.0,14376.0,2483.0,2636.0,4031,4279,4811,5012,11608.0,10762.0,1474.0,1405.0,151.9,0,-146019.13375592366,-26751.589958960503
3374.0,6708.0,623.0,1867.0,349,195,0,0,18733.0,11398.0,4349.0,3349.0,151.9,-1,-145621.1148527568,-19119.847745529245
1486.0,5627.0,0.0,540.0,162,114,162,57,2701.0,4485.0,11105.0,20965.0,151.9,0,-149331.6047727187,-23081.568665240047
621781.0,765388.0,52686.0,76293.0,2096,1760,175,166,1140480.0,887662.0,419233.0,357032.0,151.9,3,847091.647032265,848107.6656793724
44120.0,66579.0,31871.0,48482.0,215,260,137,51,55223.0,48563.0,40214.0,35938.0,152.0,0,-73550.52359797455,1963.8388544854645
7376.0,8057.0,2434.0,3619.0,2832,2770,3639,3577,9350.0,8725.0,2110.0,1349.0,152.0,0,-148028.907122254,-27704.911391095397
8950.0,14869.0,2106.0,3369.0,4357,4728,5475,5348,13408.0,12972.0,2845.0,2984.0,152.0,0,-145297.845493614,-24461.61086383705
31418.0,61956.0,2830.0,6022.0,418,208,45,72,45513.0,41736.0,20991.0,37454.0,152.0,0,-110086.89662106152,7059.57958109926
122905.0,185456.0,8311.0,12678.0,674,317,0,93,90232.0,78869.0,67175.0,63072.0,152.1,0,-28394.627063221385,49437.851000401846
9195.0,11969.0,1836.0,3613.0,1623,1577,2786,3028,8711.0,7994.0,2669.0,2603.0,152.1,0,-147624.07307375752,-27416.895460674747
12087.0,23762.0,2454.0,4350.0,230,196,36,15,22310.0,23280.0,6208.0,12686.0,152.2,0,-137308.81819710802,-16296.66498957179
1528.0,4351.0,938.0,2687.0,1876,2094,2263,2483,5558.0,6415.0,0.0,612.0,152.2,0,-154042.05831964134,-29789.336217988664
113781.0,187480.0,9320.0,14231.0,284,178,175,159,28048.0,25343.0,15103.0,14653.0,152.2,0,-84803.4828243975,-19539.76770013851
5878.0,9213.0,2772.0,4670.0,4080,4349,4382,4767,10474.0,11175.0,383.0,2016.0,152.3,0,-148451.56649848307,-27725.99174626341
30706.0,51537.0,2916.0,3355.0,5731,5505,8553,7844,25617.0,24272.0,5074.0,5917.0,152.3,0,-129124.80507274412,-17252.356261149438
2079.0,7386.0,1398.0,3971.0,1725,1961,2394,2848,6943.0,8237.0,442.0,968.0,152.3,0,-152666.44066804426,-28995.201283384267
10035.0,24265.0,2157.0,4426.0,4121,4502,4902,5517,13698.0,14674.0,3373.0,3933.0,152.3,0,-144374.04769148288,-24008.08956904718
6066.0,16738.0,1867.0,4188.0,3733,3453,4352,4341,13235.0,12658.0,3704.0,3982.0,152.3,0,-146281.63753426287,-23715.05691291063
19550.0,36263.0,3633.0,7547.0,137,176,58,64,31437.0,30501.0,20899.0,21651.0,152.3,0,-122769.54228321482,-4147.777329688834
20068.0,43115.0,2557.0,4562.0,2243,2371,5142,5083,14327.0,12834.0,6216.0,5531.0,152.3,0,-138458.35776936405,-23061.967622570897
192230.0,265320.0,11902.0,17421.0,608,397,0,47,197716.0,164556.0,59899.0,55111.0,152.4,0,47239.67850521012,106307.33544652304
82475.0,127089.0,19057.0,30903.0,348,128,118,43,93861.0,89608.0,49761.0,73996.0,152.4,0,-40941.47372570455,42059.89937217842
4107.0,10088.0,4533.0,9365.0,1945,1677,2429,2636,7890.0,7557.0,851.0,2126.0,152.5,0,-148946.27646120542,-30139.11727934816
45590.0,60692.0,4090.0,5442.0,260,207,409,141,33075.0,29688.0,35806.0,27068.0,152.5,0,-104865.09796590908,2033.8325052609036
7250.0,14038.0,2847.0,5483.0,9619,9776,11088,11979,22087.0,23690.0,2014.0,3040.0,152.5,0,-141850.39184620808,-19659.640238238186
1948.0,11438.0,353.0,1929.0,497,1103,712,1870,2516.0,6634.0,1128.0,1736.0,152.5,0,-155092.17744489395,-30721.55700103009
2527.0,15781.0,983.0,3904.0,925,1548,1214,2336,3759.0,7660.0,331.0,1030.0,152.5,0,-154241.38084970356,-30815.693017059857
114330.0,167866.0,30752.0,48150.0,322,287,338,187,138984.0,125646.0,55567.0,48120.0,152.5,0,-604.2632483255875,59461.56731015729
22358.0,31718.0,4535.0,6599.0,189,191,166,113,20998.0,18726.0,14634.0,12575.0,152.5,0,-129161.40611565312,-15582.104877348804
111523.0,151994.0,14540.0,25724.0,198,220,152,228,71000.0,65910.0,67913.0,52888.0,152.6,0,-38439.6146225124,32782.82003742398
24886.0,36202.0,7146.0,12206.0,149,170,433,181,25169.0,23134.0,17022.0,16672.0,152.6,0,-123043.504411913,-13088.22364347424
2357.0,9739.0,714.0,1908.0,1480,2037,2214,3270,5275.0,8065.0,671.0,1383.0,152.6,0,-153640.74045996094,-29476.00055839916
5475.0,29324.0,1462.0,5423.0,1580,2884,1782,3385,5482.0,9955.0,521.0,1553.0,152.6,0,-151788.19116710304,-30054.135878091984
8846.0,12497.0,1091.0,3910.0,24552,24280,31414,32109,17600.0,17061.0,10473.0,10699.0,152.7,0,-140283.70386869775,-16683.68882225893
4441.0,10588.0,1692.0,3823.0,2963,3308,4060,4199,9421.0,8276.0,1546.0,2055.0,152.8,0,-149829.35591613146,-27125.894777827263
13898.0,22733.0,3518.0,5049.0,3306,3240,4892,5241,11733.0,11667.0,1619.0,2252.0,152.8,0,-143599.61534680784,-27361.13003476697
6291.0,13915.0,4552.0,7964.0,2501,2309,3482,3517,10702.0,10525.0,3225.0,2979.0,152.9,0,-145784.59653957232,-27379.94431549292
2031.0,11308.0,1028.0,3849.0,771,1985,1103,3526,2939.0,7429.0,1600.0,2722.0,152.9,0,-154101.47617384096,-30526.292434413423
1952.0,11572.0,743.0,3523.0,2398,4156,3016,5496,6185.0,10954.0,661.0,1387.0,152.9,0,-153376.44006935763,-28894.94263308752
9981.0,8840.0,0.0,2774.0,1885,1734,2634,2768,7576.0,7431.0,1196.0,2231.0,152.9,0,-149671.97415851284,-27711.276355788083
2332.0,14800.0,73.0,1242.0,177,87,98,0,4167.0,7812.0,37837.0,66041.0,152.9,-1,-132715.25786220573,-3802.627596061608
566562.0,733875.0,71853.0,110864.0,2087,1920,0,94,792819.0,647746.0,291328.0,277447.0,152.9,3,623723.6046096407,553401.7739166903
10988.0,16154.0,3057.0,3445.0,3693,3421,4744,4625,10573.0,10429.0,802.0,2023.0,152.9,0,-145962.38131605368,-27996.28155130082
66602.0,104553.0,51784.0,84854.0,445,180,285,216,69166.0,66023.0,59861.0,55115.0,152.9,0,-34632.19559961722,8138.443076369931
2106.0,6044.0,1917.0,4210.0,2380,2662,3111,3598,8020.0,9317.0,1606.0,1777.0,153.0,0,-151277.2841599281,-28022.43577736545
51476.0,82018.0,27085.0,41844.0,0,104,122,107,70212.0,67226.0,34966.0,50696.0,153.0,0,-67158.44244372153,14134.364804973538
45320.0,72138.0,43061.0,66451.0,291,292,83,90,50608.0,45362.0,31171.0,35536.0,153.0,0,-70800.11877938561,-11916.712808157436
5731.0,21140.0,2068.0,5788.0,1988,2827,2776,3481,7594.0,9208.0,1223.0,2358.0,153.1,0,-149949.78909115633,-28690.093620963587
12212.0,21905.0,2427.0,5474.0,3684,4069,5869,6506,15049.0,16369.0,3280.0,4978.0,153.1,0,-142589.06526905493,-23333.5107785742
30584.0,50873.0,6310.0,12263.0,197,168,45,79,28243.0,27143.0,14600.0,24015.0,153.2,0,-119867.99139896072,-10828.81016783843
3080.0,15173.0,1021.0,3358.0,2195,3219,2767,4037,6929.0,9845.0,527.0,1040.0,153.2,0,-152481.17979053027,-28784.70464570283
5897.0,15271.0,3566.0,7501.0,2458,2650,3677,4038,9298.0,10401.0,1670.0,2554.0,153.2,0,-147887.2199993307,-28343.206905482453
61755.0,98704.0,6864.0,11825.0,466,415,130,121,76017.0,72618.0,57718.0,54447.0,153.2,0,-65424.48525158048,39980.51869697969
7643.0,11657.0,4487.0,7476.0,3554,3457,4843,4640,12475.0,12561.0,5445.0,4775.0,153.2,0,-143426.22689666395,-25083.872202909355
103625.0,140095.0,25056.0,38789.0,598,190,0,23,85782.0,78884.0,72207.0,61076.0,153.2,0,-25127.97503638832,39155.30808998777
31701.0,59136.0,14285.0,24820.0,266,267,171,98,39968.0,38401.0,21394.0,32079.0,153.3,0,-105090.88177930456,-4349.686014162271
50366.0,76527.0,8946.0,13565.0,137,120,71,103,46845.0,44406.0,34912.0,36554.0,153.3,0,-92480.1130059176,8527.748882756143
879286.0,994495.0,2355310.0,2557700.0,2395,1598,895,418,155994.0,134568.0,99875.0,85305.0,153.4,3,1946657.875081764,-1414364.682324489
11192.0,17501.0,1958.0,6310.0,1831,1753,2634,2623,8181.0,7925.0,1777.0,1612.0,153.5,0,-147415.0774166548,-28492.245180354064
5189.0,14832.0,1716.0,3803.0,900,1030,1899,2382,5250.0,6874.0,1552.0,2066.0,153.5,0,-151390.57096336776,-29825.90810580552
14043.0,17932.0,3132.0,4614.0,3781,3814,5939,5903,13680.0,13958.0,2575.0,2595.0,153.6,0,-142530.521188968,-25438.88950380019
2009.0,4981.0,290.0,1037.0,152,99,150,79,3352.0,5830.0,15222.0,14375.0,153.6,0,-147936.9957919566,-22216.14164420883
932.0,5247.0,257.0,1160.0,228,186,193,128,3200.0,6697.0,4767.0,8495.0,153.6,0,-153070.47114871172,-27552.1159943888
1836.0,4428.0,266.0,1028.0,263,181,93,79,3062.0,5029.0,23913.0,49637.0,153.6,0,-140492.2092906844,-13067.543495713744
717132.0,947940.0,41238.0,63760.0,782,808,364,200,730398.0,597326.0,322004.0,268851.0,153.6,3,646334.6879451419,534864.4408331513
3956.0,12250.0,1556.0,5367.0,1368,1649,2149,2639,4806.0,5886.0,837.0,1842.0,153.7,0,-152496.96924316822,-30261.827729511064
3623.0,8126.0,281.0,1986.0,921,1460,1312,1769,3476.0,5717.0,1535.0,2207.0,153.8,0,-153811.74966743757,-29930.78410551217
20895.0,36256.0,3520.0,5198.0,3707,3266,5203,5056,16340.0,14365.0,2169.0,2733.0,153.8,0,-138390.8696862415,-24595.815826738988
14255.0,31215.0,2028.0,2724.0,6030,6789,9099,9864,19439.0,20983.0,1163.0,2402.0,153.9,0,-141146.2891923524,-21736.09927102973
10555.0,17518.0,0.0,645.0,4925,5009,7011,7106,15886.0,15708.0,2961.0,3212.0,154.0,0,-144902.96034681873,-21588.480567900213
6227.0,16946.0,1471.0,2584.0,2468,2612,3024,3162,8810.0,9637.0,1527.0,2479.0,154.0,0,-149481.87572782583,-27431.50224241768
2991.0,16595.0,442.0,1881.0,671,1430,970,2049,2183.0,5043.0,354.0,689.0,154.0,0,-155170.9286122733,-31548.101336536125
60865.0,75872.0,27370.0,36470.0,651,294,496,313,49049.0,43924.0,42723.0,35348.0,154.0,0,-71731.93485900576,756.389851793112
29847.0,52065.0,4011.0,7421.0,465,393,146,31,33917.0,33767.0,15272.0,29407.0,154.0,0,-118269.4745276646,-4602.649643443456
12075.0,19436.0,1780.0,3103.0,3940,3973,5115,4853,12253.0,11742.0,1815.0,2342.0,154.0,0,-145226.54757152766,-25726.02883691691
3747.0,12174.0,1338.0,3612.0,1067,1883,1401,2532,4339.0,7605.0,1032.0,2101.0,154.1,0,-152840.56268752168,-30284.78735615306
50668.0,70739.0,4632.0,7952.0,182,151,453,209,43508.0,39893.0,23431.0,27378.0,154.1,0,-102235.79710227018,2817.446177458831
17761.0,31601.0,3014.0,4863.0,2560,2471,5316,5632,14496.0,13143.0,4369.0,5278.0,154.1,0,-139724.0045268482,-23907.572677681084
75703.0,120491.0,26364.0,39514.0,586,250,525,249,93848.0,80681.0,71035.0,56239.0,154.2,0,-33066.022295434814,43981.8341396161
10462.0,22543.0,1649.0,3704.0,1739,1889,3308,3664,9342.0,10383.0,1824.0,1706.0,154.2,0,-147374.148602175,-27480.23978728949
7027.0,9466.0,1900.0,3253.0,3968,4149,5609,5802,13346.0,13559.0,693.0,1522.0,154.2,0,-147235.17765934003,-25383.47688275914
76484.0,108922.0,3364.0,5267.0,234,194,206,232,60784.0,58878.0,53958.0,51786.0,154.3,0,-70401.27840865671,29584.84781753913
3062.0,6174.0,1362.0,2806.0,7469,8532,8508,9386,17205.0,19633.0,1152.0,3675.0,154.4,0,-147037.80782478102,-21806.02699618865
12118.0,16395.0,1599.0,3693.0,6579,6509,8069,7805,18717.0,18798.0,5173.0,4682.0,154.4,0,-140875.27905372658,-19738.789221494382
807313.0,1017950.0,854560.0,1169040.0,1866,1497,828,417,206585.0,170598.0,130522.0,94449.0,154.4,3,916079.3185111516,-421155.8432936404
6687.0,17270.0,4140.0,9433.0,3506,3921,5268,5856,13482.0,15262.0,1844.0,2832.0,154.4,0,-145177.39367071888,-25988.94770292395
1768.0,11645.0,0.0,0.0,1309,2675,1420,2962,3870.0,8425.0,1.0,523.0,154.5,0,-155365.72137478477,-30298.70112483796
8322.0,17258.0,2052.0,4746.0,3949,4501,4960,5387,14225.0,16592.0,1894.0,3264.0,154.5,0,-145541.14437563336,-24225.30817430268
6471.0,17506.0,2676.0,5727.0,2359,2702,3967,4531,9437.0,10148.0,1477.0,2537.0,154.5,0,-148277.3333968944,-27816.79042872333
7305.0,21970.0,1768.0,3692.0,2069,2129,3633,4192,10914.0,11172.0,1406.0,2992.0,154.5,0,-147866.758677947,-26324.361229389247
8666.0,12807.0,1196.0,3177.0,2947,2910,3908,3816,10735.0,10969.0,971.0,1181.0,154.5,0,-148172.1483532592,-26640.131608901887
46659.0,54513.0,42711.0,63802.0,2066,1959,3661,3304,9593.0,9230.0,3700.0,4116.0,154.6,0,-103083.37207116082,-54279.32776487024
1867.0,5677.0,1560.0,4206.0,1318,1464,1706,2158,4497.0,5405.0,7.0,1185.0,154.6,0,-153878.9850866234,-30778.678214097665
9294.0,17007.0,1385.0,2080.0,1990,2093,2957,2880,8063.0,7228.0,2488.0,3046.0,154.6,0,-148196.89507465388,-27554.65244203483
30569.0,48534.0,3584.0,5476.0,4643,4882,8115,8343,21124.0,22538.0,4255.0,5563.0,154.7,0,-131095.10681645008,-20904.253943649543
29739.0,55204.0,3553.0,6549.0,242,98,77,8,35247.0,36743.0,15205.0,24451.0,154.7,0,-118681.90212771024,-4290.6174191956125
4913.0,16911.0,1405.0,3143.0,1561,1903,1927,2619,4564.0,5963.0,982.0,1836.0,154.7,0,-152265.5269142848,-30323.042641557684
5792.0,14197.0,1220.0,2484.0,2093,2027,3333,3349,9076.0,9932.0,1822.0,2362.0,154.8,0,-149619.79891063075,-26971.400269570862
14575.0,21902.0,2921.0,5610.0,3388,3531,4612,4626,12951.0,12130.0,3520.0,4686.0,154.8,0,-142176.61658978785,-25072.640520116503
90914.0,134036.0,8234.0,14702.0,275,365,95,159,43415.0,40153.0,32039.0,31960.0,154.9,0,-79553.34647934856,2228.104983048728
4675.0,9004.0,1126.0,2316.0,1991,2489,2541,2981,7327.0,8140.0,1474.0,1861.0,154.9,0,-151123.58198839478,-28173.873549075928
5092.0,13939.0,3333.0,8315.0,1833,2166,2167,2244,5799.0,5533.0,676.0,1141.0,154.9,0,-150503.86899675103,-31003.866262612093
97467.0,140790.0,8187.0,13710.0,883,376,338,131,70301.0,65242.0,49052.0,43296.0,155.0,0,-57068.92410550464,27789.250596564776
75567.0,125815.0,4696.0,10371.0,924,502,0,88,64112.0,55581.0,50250.0,45297.0,155.0,0,-70543.66791978938,28314.0244267942
63151.0,100559.0,14243.0,21294.0,149,118,250,238,58834.0,53350.0,41553.0,38176.0,155.0,0,-75525.55441968542,14998.973971204116
3256.0,8574.0,1397.0,3086.0,1964,2404,3071,3905,8280.0,9812.0,1643.0,2328.0,155.1,0,-150965.9325195872,-27502.092705002076
126676.0,190492.0,6787.0,11839.0,530,262,0,45,100346.0,91991.0,77469.0,80100.0,155.1,0,-17393.03148707727,63596.76259905043
2795.0,12442.0,336.0,3932.0,1911,2914,2960,4491,6452.0,10475.0,665.0,955.0,155.1,0,-153246.1808213983,-28592.7511322185
29790.0,48508.0,2375.0,4133.0,2606,2819,7584,7497,16107.0,15380.0,5100.0,5724.0,155.1,0,-134183.83281453254,-22885.847981474697
18610.0,32577.0,2430.0,3194.0,369,233,282,99,26047.0,27916.0,4864.0,15299.0,155.1,0,-133134.61829875672,-14486.805716679148
12419.0,16106.0,3036.0,5284.0,3093,2827,4969,5181,13667.0,13514.0,1464.0,2380.0,155.1,0,-143707.6757463178,-25783.70433134564
13743.0,15513.0,1951.0,2111.0,2066,1912,2812,2461,8335.0,7080.0,1456.0,2023.0,155.2,0,-146371.58696313432,-28624.769680384616
65415.0,92653.0,8932.0,14087.0,234,284,299,106,66941.0,61466.0,35108.0,38256.0,155.2,0,-76979.39642274735,20620.67769623548
30296.0,66858.0,10285.0,19079.0,385,213,103,55,31615.0,30808.0,22790.0,19032.0,155.2,0,-113327.35665066192,-8536.86001411573
539.0,2316.0,928.0,2756.0,1565,2203,2170,3099,5849.0,8457.0,0.0,608.0,155.2,0,-154324.1097091676,-29535.39089754732
8132.0,18450.0,2485.0,6315.0,2651,2608,4280,4238,12306.0,12442.0,2142.0,2972.0,155.3,0,-146134.1951457649,-25641.466286015624
54149.0,79250.0,6996.0,10647.0,80,173,673,216,49913.0,44405.0,40545.0,44210.0,155.3,0,-87847.59329204753,15039.801218759862
7074.0,20171.0,1750.0,4398.0,4067,4673,5401,6353,13515.0,16323.0,114.0,2033.0,155.3,0,-147392.48060674133,-25347.022049766627
10606.0,14018.0,2310.0,3459.0,2461,2448,3531,3379,8795.0,7998.0,2911.0,1304.0,155.3,0,-146753.0450932331,-27858.94301975987
43074.0,72695.0,10367.0,18519.0,198,194,79,91,56371.0,54304.0,29438.0,40397.0,155.4,0,-91724.97280479052,12452.386821812424
9750.0,17428.0,1642.0,2708.0,3499,3639,4880,4895,12239.0,11800.0,1567.0,3026.0,155.4,0,-146286.6734569641,-25491.617100182488
8677.0,14550.0,3553.0,5005.0,2580,2369,3854,3876,12094.0,11140.0,2389.0,2399.0,155.5,0,-145250.98941087243,-26470.720890330504
25586.0,43480.0,6308.0,8991.0,299,205,166,117,22788.0,19912.0,20965.0,16520.0,155.5,0,-122972.98980712882,-12483.711457708108
1752.0,7101.0,1421.0,4720.0,785,1415,907,1993,2262.0,4872.0,944.0,1516.0,155.5,0,-154644.23050261603,-31652.23705306514
132949.0,189110.0,43948.0,67543.0,743,319,158,96,95989.0,81265.0,95530.0,70805.0,155.5,0,14365.625696990845,43190.36502302202
633601.0,746825.0,66816.0,92873.0,1404,1282,288,287,1062400.0,805233.0,337615.0,287154.0,155.5,3,787538.5261613703,743639.1195200982
25241.0,45136.0,5257.0,7652.0,481,322,79,38,38947.0,39190.0,19486.0,28829.0,155.6,0,-115545.55629626612,-229.963583276618
4105.0,8741.0,1225.0,3270.0,2114,2102,2790,3009,8474.0,10219.0,0.0,631.0,155.6,0,-151470.3499836028,-28289.16914307866
1295.0,8684.0,648.0,2844.0,731,1185,1317,2647,2870.0,5533.0,551.0,747.0,155.6,0,-155332.8996468677,-31040.09659131512
2294.0,12875.0,842.0,3261.0,1701,2930,2233,3636,5588.0,9282.0,328.0,737.0,155.6,0,-153644.72656920712,-29602.10744577812
43143.0,79287.0,10791.0,20650.0,71,102,286,140,51879.0,50279.0,31927.0,38569.0,155.6,0,-92741.42558335424,10093.128013225574
55151.0,83610.0,5973.0,9100.0,294,236,310,105,61734.0,57540.0,53648.0,48765.0,155.7,0,-77403.398056148,29319.1526173064
7399.0,9870.0,3064.0,4799.0,3137,2827,4053,4018,11766.0,11502.0,2759.0,2409.0,155.7,0,-146120.60079518752,-26131.189645160342
586318.0,637967.0,495337.0,701460.0,1009,1143,389,251,229148.0,196768.0,137424.0,129305.0,155.7,0,594629.0464620418,-158507.10399235375
2048.0,8072.0,228.0,1146.0,1330,1466,1368,1417,3870.0,4880.0,492.0,507.0,155.7,0,-154914.4432363207,-30256.727230528755
3623.0,9913.0,1546.0,3891.0,883,2150,996,2560,3246.0,7784.0,2078.0,2160.0,155.8,0,-152847.89260598714,-30650.83199278603
433.0,2153.0,798.0,4243.0,922,2459,1115,3094,2849.0,8437.0,3.0,188.0,155.8,0,-155864.4793752742,-31411.829004392348
12388.0,23804.0,1335.0,2946.0,2871,2739,4409,4927,11637.0,12126.0,3557.0,2564.0,155.8,0,-145015.73310840232,-25090.660885607314
1919.0,10130.0,981.0,3278.0,805,1974,1276,3079,3198.0,8459.0,846.0,1416.0,155.8,0,-154506.01899483203,-30851.340181158022
2617.0,5943.0,629.0,3232.0,1218,2226,1615,3415,4092.0,9231.0,305.0,330.0,155.8,0,-154395.74283432355,-30511.2874550741
5311.0,14820.0,1963.0,4117.0,3748,4071,4261,4880,12337.0,13420.0,1597.0,1703.0,155.8,0,-147994.98160342366,-25544.133589733967
50937.0,83854.0,18030.0,28183.0,195,202,118,38,58083.0,53049.0,40169.0,42633.0,155.9,0,-78198.46108977584,13074.496127410242
12556.0,23298.0,2174.0,3819.0,2923,3058,4012,3996,11297.0,11154.0,3644.0,2933.0,156.0,0,-144442.47453352984,-25748.567112274584
224002.0,322163.0,8074.0,12527.0,524,523,155,78,204701.0,170092.0,85995.0,83010.0,156.1,0,73912.08678992628,126490.21562614768
13214.0,17124.0,2054.0,4460.0,1914,1897,3381,3588,10374.0,9733.0,2237.0,1947.0,156.1,0,-145318.87554807184,-27048.845139698933
13971.0,10207.0,2367.0,4075.0,4372,3641,5934,5550,15503.0,14716.0,4063.0,3143.0,156.1,0,-141646.7481367454,-23089.47579143241
237455.0,362849.0,19704.0,26296.0,6802,6682,8837,9006,29572.0,28276.0,15310.0,11495.0,156.2,0,-26595.861372127023,-33537.64644530334
58903.0,96886.0,1879.0,4376.0,415,319,58,99,53103.0,48211.0,37907.0,36916.0,156.2,0,-89891.45810433161,17681.17403132754
41805.0,68590.0,3419.0,6386.0,118,81,0,12,39674.0,38606.0,16041.0,28136.0,156.2,0,-111063.66427003076,-1249.4137293880085
56485.0,96026.0,10149.0,18695.0,3772,3864,6201,6240,17267.0,16243.0,2602.0,3904.0,156.2,0,-118511.244583838,-30112.52226102298
1819.0,10645.0,511.0,2183.0,459,1136,718,1838,1776.0,5252.0,586.0,1210.0,156.2,0,-155636.06290175294,-31592.05167654536
2933.0,7004.0,1151.0,2239.0,1634,2068,1694,2589,4635.0,7148.0,72.0,422.0,156.2,0,-153734.39274184097,-30599.392867956845
225921.0,325882.0,12731.0,20577.0,853,565,253,114,263778.0,231058.0,123541.0,106681.0,156.2,0,121394.94496240918,180348.09238125343
36397.0,67210.0,4257.0,7743.0,427,376,153,113,38386.0,35444.0,26259.0,25078.0,156.4,0,-109894.8593624564,1558.369985320296
39768.0,78916.0,14597.0,25660.0,216,181,118,52,55625.0,56138.0,26472.0,41806.0,156.4,0,-91410.51006390192,8521.492485312378
130381.0,196036.0,21685.0,32790.0,231,179,0,74,39527.0,36392.0,36240.0,31344.0,156.4,0,-54382.46480162353,-9576.272668109805
56884.0,85952.0,7988.0,12446.0,227,170,0,43,60944.0,56739.0,40267.0,38011.0,156.4,0,-81955.88878823516,20100.68249947288
8597.0,12505.0,2032.0,2884.0,3772,4014,4513,4486,11739.0,12260.0,1357.0,1576.0,156.5,0,-146975.4916565372,-26299.610425361905
2531.0,7190.0,1805.0,5751.0,2350,2486,2960,3443,8035.0,9343.0,1172.0,1508.0,156.5,0,-151368.2328526436,-28195.86655898485
897590.0,801507.0,391301.0,341028.0,530,575,212,118,157076.0,132633.0,92958.0,72582.0,156.6,0,594186.5268963403,-186749.6979457941
960.0,3394.0,2296.0,7015.0,2438,3025,3030,3958,8551.0,11570.0,348.0,592.0,156.6,0,-151859.43975700595,-28568.449043293956
8917.0,19797.0,1582.0,3331.0,4062,3764,4808,5473,14787.0,16246.0,3017.0,2878.0,156.6,0,-145002.9578254711,-23204.746628832247
376079.0,540444.0,26855.0,40124.0,1003,416,727,267,221031.0,180437.0,138661.0,117682.0,156.6,0,180340.8073332465,142805.22995372966
3790.0,11361.0,2288.0,4692.0,3029,3441,4485,5234,11908.0,14011.0,2148.0,2872.0,156.6,0,-148237.10723741192,-25500.623668177155
1234.0,7173.0,0.0,0.0,287,284,168,103,3146.0,4256.0,621.0,949.0,156.7,0,-155632.03002563992,-30395.35465223414
427773.0,599934.0,22536.0,30523.0,1715,1215,294,200,360655.0,291717.0,158592.0,145756.0,156.7,0,272376.71371717146,243305.6821852114
4196.0,13101.0,1558.0,4717.0,2857,3680,3920,4846,9067.0,11326.0,202.0,1763.0,156.8,0,-150715.1229045746,-27860.72183192672
32530.0,55658.0,8922.0,15497.0,701,366,484,217,39415.0,38674.0,25386.0,32460.0,156.8,0,-107181.48365682374,350.4189880698723
37467.0,50302.0,7461.0,12675.0,466,203,20,106,39679.0,36308.0,24971.0,22273.0,156.9,0,-107490.99964628596,-696.1640471810788
60394.0,90382.0,19690.0,29338.0,442,247,364,205,56179.0,48277.0,46036.0,37181.0,156.9,0,-72560.45181982215,11801.066031471822
825.0,3528.0,1002.0,3152.0,1054,3102,1224,3495,2686.0,6424.0,1714.0,2309.0,156.9,0,-154736.69146381636,-30609.961318404432
1047.0,6459.0,346.0,3282.0,3328,6133,4055,7600,8860.0,17053.0,231.0,914.0,156.9,0,-153030.33153974309,-27150.195478937
198233.0,297192.0,11073.0,18964.0,631,392,427,182,207208.0,168023.0,81965.0,74750.0,157.0,0,64030.10030049994,124851.04892590424
2817.0,8879.0,1345.0,2974.0,1733,2072,2685,3096,6736.0,8188.0,833.0,1822.0,157.0,0,-152241.55101360858,-28838.96137677081
8356.0,10695.0,993.0,3171.0,1407,1315,1919,2111,5872.0,5822.0,2546.0,1786.0,157.0,0,-149979.88223548865,-28812.75852672256
10043.0,13452.0,2708.0,4713.0,2573,3019,4019,4671,9616.0,10634.0,2443.0,2588.0,157.1,0,-146348.24922341184,-27542.373408680727
2334.0,13885.0,99.0,1892.0,1079,3053,1284,3492,3069.0,8374.0,1310.0,2611.0,157.1,0,-154680.45700184308,-30019.86356090005
2746.0,11134.0,276.0,2151.0,1555,3477,2317,4153,5644.0,10105.0,71.0,733.0,157.1,0,-153920.8148565202,-29348.87724597971
28452.0,38576.0,17515.0,26556.0,317,248,165,102,23575.0,23143.0,14921.0,17130.0,157.2,0,-115858.6866644129,-21646.656473731007
1733.0,5785.0,1361.0,4120.0,1208,1496,1652,1983,4787.0,5577.0,408.0,1428.0,157.2,0,-153762.17034242608,-30254.446367292305
12840.0,23385.0,3721.0,6785.0,5305,5584,6838,7184,15874.0,15797.0,2265.0,2684.0,157.2,0,-141725.9372846185,-24458.23676628164
612701.0,836133.0,267624.0,388409.0,1435,625,143,208,177075.0,156773.0,118680.0,93677.0,157.2,0,413287.2516766682,-63764.97532775444
5195.0,12465.0,690.0,1833.0,1610,1677,2269,2641,6586.0,6974.0,944.0,927.0,157.2,0,-151860.5823949223,-28775.05837811839
993.0,6371.0,0.0,300.0,136,24,156,48,3744.0,6836.0,202.0,193.0,157.3,0,-155711.6402452464,-30298.63207121944
595249.0,780644.0,125591.0,187095.0,1598,1556,168,111,665247.0,526861.0,262268.0,227416.0,157.3,3,598022.6939973987,416915.889272116
10488.0,22398.0,1282.0,2614.0,6108,6873,7982,8812,19285.0,20852.0,1619.0,3125.0,157.4,0,-143015.13009923563,-20815.657196868746
3846.0,10069.0,1021.0,3649.0,1290,1149,2411,2265,6141.0,6227.0,518.0,1171.0,157.4,0,-152511.98212626873,-29315.54808821508
9188.0,11249.0,3185.0,6238.0,3747,3210,4486,4532,11205.0,11904.0,687.0,1876.0,157.4,0,-146387.42091634212,-27632.573609975178
2829.0,15891.0,533.0,1926.0,1048,3394,1669,4707,3697.0,10388.0,1213.0,2442.0,157.7,0,-153951.65920996203,-29994.32048139365
3375.0,14326.0,956.0,5098.0,3514,5028,4849,6664,11239.0,15195.0,28.0,549.0,157.7,0,-150702.84450689875,-26322.29635958465
5473.0,14356.0,164.0,2105.0,1975,2100,2546,2757,7060.0,8064.0,440.0,831.0,157.7,0,-152093.25128917713,-28389.724466413063
7257.0,21734.0,3122.0,6378.0,3585,3964,4653,5619,14092.0,17157.0,2274.0,4001.0,157.7,0,-145066.17273473923,-24634.660744781733
79250.0,111667.0,31871.0,49668.0,44,245,534,179,72857.0,64722.0,51632.0,42970.0,157.7,0,-46112.00326762014,16751.121095679806
19074.0,22073.0,4207.0,4537.0,3982,3949,5268,5181,15963.0,15258.0,4582.0,3966.0,157.7,0,-137785.13708701264,-23936.860534673397
7345.0,15863.0,3666.0,5750.0,3049,3215,3907,4556,9777.0,11307.0,2436.0,2537.0,157.7,0,-146727.07980893296,-27878.49846258368
18244.0,43433.0,3970.0,6888.0,4240,4306,6089,6278,17492.0,17635.0,3253.0,3860.0,157.7,0,-138101.64707653382,-23340.301422636818
5707.0,16380.0,2348.0,5047.0,7584,8838,9790,10897,21110.0,22178.0,3107.0,6946.0,157.8,0,-142376.628854841,-18779.677985650484
9734.0,17137.0,2138.0,5851.0,2569,2610,3010,3137,7842.0,8340.0,1565.0,1529.0,158.0,0,-148127.27605737833,-28826.857293860365
4081.0,11497.0,1071.0,2732.0,3926,4113,6182,6987,13547.0,15380.0,1149.0,1826.0,158.0,0,-148716.16579810617,-24302.939612542712
19098.0,32710.0,6104.0,9840.0,113,78,61,94,23081.0,21446.0,13060.0,20738.0,158.1,0,-128023.65703014858,-14388.85800422193
3812.0,8908.0,631.0,1549.0,2406,2879,3201,3839,8258.0,9585.0,997.0,1400.0,158.1,0,-151631.63923306417,-27491.28081657901
9370.0,23224.0,2590.0,6215.0,1565,1623,4789,5447,11946.0,12578.0,1512.0,3651.0,158.2,0,-145865.50129178909,-26168.70346100152
28805.0,39398.0,4576.0,3818.0,370,183,40,82,25499.0,22904.0,14206.0,18240.0,158.2,0,-123905.72073435216,-12451.811783786412
55875.0,88116.0,6994.0,10931.0,112,161,187,167,54846.0,50624.0,23887.0,40770.0,158.2,0,-91501.03865986284,10504.9147645659
2321.0,6697.0,293.0,2253.0,1161,1321,2007,2315,4710.0,5137.0,247.0,1093.0,158.3,0,-154395.02069176704,-29791.255468693173
194269.0,281923.0,20260.0,28497.0,629,628,187,102,120458.0,94463.0,88423.0,73329.0,158.4,0,31845.97701075638,66971.7711302235
12201.0,25723.0,19244.0,38750.0,213,158,166,71,18277.0,18028.0,10325.0,13538.0,158.4,0,-125858.43595680797,-27530.762797125462
233374.0,342324.0,6622.0,10200.0,408,386,62,95,237866.0,195049.0,95600.0,81459.0,158.4,0,95047.14704025935,151543.54080984404
55553.0,71043.0,29955.0,43328.0,874,459,232,160,13013.0,11790.0,6777.0,6295.0,158.5,0,-105304.36088674178,-43052.64571674784
15478.0,23339.0,3968.0,4706.0,408,338,196,167,23997.0,21826.0,15382.0,17170.0,158.5,0,-130161.28341335992,-11831.624454036766
17770.0,34298.0,8977.0,15965.0,122,109,51,17,26735.0,24813.0,18907.0,18496.0,158.6,0,-123061.6400436029,-11702.392342904412
7865.0,14268.0,2399.0,5344.0,2826,2940,3891,3983,12114.0,12046.0,1970.0,2227.0,158.6,0,-146547.18676855668,-25884.32892278268
75924.0,116074.0,34004.0,49220.0,590,380,279,118,72458.0,62077.0,55834.0,47570.0,158.6,0,-44048.09223703903,17876.1666785662
37707.0,59865.0,12881.0,20239.0,481,261,0,0,36700.0,33769.0,25053.0,28933.0,158.6,-1,-104130.24173472772,-4886.509147856872
8053.0,16924.0,1474.0,2684.0,1366,1213,3150,3199,8378.0,9234.0,2666.0,2771.0,158.7,0,-148471.85210129127,-27299.166083486496
8624.0,22678.0,1829.0,3631.0,3071,2981,4772,5009,13716.0,13984.0,2243.0,3171.0,158.7,0,-145686.0939204196,-24294.94032483068
2203.0,5523.0,1139.0,2445.0,1613,2227,1938,2674,4820.0,7037.0,1558.0,2452.0,158.8,0,-153153.07027834858,-29477.528828698647
10262.0,12670.0,2897.0,4737.0,2053,2102,2637,2591,8672.0,8363.0,2289.0,2770.0,158.8,0,-146590.36196145666,-28310.392454619658
11698.0,24837.0,839.0,2094.0,4587,4848,6817,6967,21421.0,22862.0,4036.0,5635.0,158.9,0,-140658.3372273462,-17850.086554197314
6536.0,11804.0,2396.0,4557.0,4421,4720,5436,5831,14556.0,15113.0,922.0,3300.0,158.9,0,-146238.27435318346,-24517.27735270271
14431.0,20443.0,7473.0,14293.0,3007,3583,3668,3796,10300.0,10713.0,817.0,1272.0,158.9,0,-141718.16316382284,-31281.350362235928
43582.0,66728.0,2809.0,4295.0,369,150,257,126,41121.0,39197.0,25642.0,27726.0,158.9,0,-106612.55404327573,3896.1937283715633
7819.0,15907.0,1941.0,3280.0,2072,2100,2632,2679,8215.0,8401.0,1748.0,1394.0,158.9,0,-148830.50326808204,-28288.239266644185
249064.0,350623.0,38471.0,55698.0,755,657,0,76,276181.0,212815.0,102363.0,88516.0,159.0,0,144127.87019325784,158723.77639241368
5330.0,9184.0,2808.0,4662.0,2063,2211,2840,3048,8814.0,9008.0,2988.0,2277.0,159.0,0,-148411.59997962773,-27629.56045372544
9734.0,15136.0,1543.0,2899.0,4448,4816,6716,6956,15974.0,15385.0,1166.0,2816.0,159.1,0,-144847.8671902827,-23265.26379175162
36618.0,53639.0,2641.0,4745.0,411,301,0,16,36447.0,32097.0,24534.0,21631.0,159.2,0,-112866.8239638668,55.22759308200693
3740.0,15626.0,2178.0,4896.0,1532,1843,2509,3181,6027.0,7218.0,393.0,2816.0,159.2,0,-151645.41059983053,-29895.560721690697
26872.0,36322.0,3352.0,4212.0,0,98,0,83,25422.0,23119.0,15480.0,19870.0,159.2,0,-124902.05538907966,-10810.024215974514
4355.0,11856.0,3718.0,7537.0,4128,4946,5306,6091,12878.0,14393.0,0.0,2576.0,159.3,0,-147407.5326359016,-26769.623074165407
52113.0,73126.0,10381.0,12783.0,121,75,237,174,46914.0,41205.0,27522.0,32666.0,159.4,0,-93960.94794366196,3832.475508175576
7140.0,22420.0,3333.0,6544.0,1317,1465,3219,3476,7752.0,8382.0,1298.0,3195.0,159.4,0,-148295.48949714907,-29308.54050939836
30214.0,56161.0,5199.0,8104.0,572,242,40,124,31323.0,28731.0,21853.0,20484.0,159.4,0,-117166.82183071612,-5683.46026143599
12719.0,15824.0,1524.0,2766.0,4091,3605,6156,6163,15039.0,14449.0,3189.0,2973.0,159.5,0,-143295.17608677768,-23165.4763190804
2596.0,8761.0,1529.0,3128.0,2863,3190,3797,4408,10110.0,11547.0,986.0,1997.0,159.5,0,-150601.41656055796,-26712.84431561649
5885.0,10615.0,827.0,2278.0,3017,2751,4091,4090,11627.0,11626.0,1152.0,3214.0,159.5,0,-148839.65408656598,-25261.146260262773
1604.0,9811.0,96.0,534.0,103,0,141,20,1399.0,4549.0,6407.0,21159.0,159.6,0,-151513.38595521124,-25912.89519525016
40920.0,65358.0,8718.0,13747.0,331,177,292,214,56802.0,53365.0,29710.0,39434.0,159.6,0,-93572.2539852708,13860.148957918424
44479.0,68789.0,4310.0,5820.0,167,96,147,112,40373.0,35891.0,31335.0,38526.0,159.6,0,-102080.89691690216,6544.557229576054
34886.0,47364.0,7173.0,11955.0,315,217,0,36,36465.0,33916.0,27734.0,25011.0,159.7,0,-108830.52050154812,-780.9031068493532
34086.0,61049.0,5650.0,7326.0,182,86,0,0,37451.0,31991.0,28051.0,26182.0,159.7,-1,-109509.56293829768,1180.1604239652115
20529.0,40283.0,12125.0,22009.0,1619,1367,2937,2945,9624.0,9636.0,1232.0,4198.0,159.7,0,-135794.31024284358,-34382.56178953826
11647.0,20380.0,2715.0,4598.0,4505,4868,5348,5485,17097.0,16203.0,4408.0,4130.0,159.7,0,-141387.95345385108,-21847.423244010068
123864.0,181963.0,5223.0,7863.0,331,234,0,40,146391.0,124240.0,49879.0,47385.0,159.8,0,-13182.728613335552,77047.68423174547
50283.0,85038.0,7451.0,10369.0,41,120,0,74,46861.0,40990.0,35037.0,32347.0,159.8,0,-94025.02560737226,8859.058174550864
69197.0,98250.0,12244.0,17849.0,79,203,160,127,56130.0,50839.0,50798.0,46098.0,159.8,0,-71236.5488562201,19301.871442708773
173636.0,256477.0,7853.0,14529.0,366,233,599,236,144972.0,122269.0,67689.0,58001.0,159.8,0,16291.222021647758,80443.02313913548
7442.0,13618.0,1038.0,3218.0,2717,3324,3725,4546,9519.0,11069.0,2234.0,1622.0,159.8,0,-148809.62337246447,-26629.74745279684
3177.0,11745.0,420.0,1817.0,2403,3525,3144,4417,7319.0,10362.0,418.0,659.0,159.9,0,-152768.09583185313,-28273.25612369419
15359.0,19359.0,1795.0,3817.0,2222,2402,2997,3318,9166.0,9177.0,2880.0,1941.0,160.0,0,-144927.15805200528,-27521.76134210957
109777.0,166144.0,41701.0,67721.0,369,367,0,49,100285.0,95191.0,75181.0,74504.0,160.1,0,-1782.151400281873,40878.33016370582
6727.0,18632.0,1448.0,4240.0,3274,3844,4319,4986,9971.0,11655.0,407.0,2551.0,160.1,0,-149170.3979733888,-27171.485343239703
20364.0,35152.0,4916.0,8349.0,3787,3488,5120,5367,13339.0,13763.0,2245.0,3679.0,160.1,0,-138849.5424473934,-27151.782455601024
8647.0,14815.0,1347.0,2833.0,5088,5363,7113,7350,15132.0,16741.0,2134.0,1766.0,160.1,0,-145581.4496541092,-23365.884368644394
1312.0,3944.0,422.0,1613.0,228,95,232,123,4974.0,6290.0,1578.0,2038.0,160.2,0,-153993.8467893217,-28933.02905790126
642657.0,706813.0,75730.0,102714.0,2310,1597,298,263,1075170.0,770242.0,408146.0,331894.0,160.2,3,834844.1160875685,782302.7906792935
231057.0,324758.0,12877.0,17668.0,494,398,791,244,183141.0,154550.0,117674.0,91658.0,160.2,0,83182.87671618961,124066.369783147
2499.0,9245.0,892.0,3326.0,1818,2253,2303,2949,5704.0,7055.0,383.0,1191.0,160.3,0,-153395.94034252016,-29477.47064003919
41250.0,67077.0,13032.0,19497.0,370,193,175,103,46126.0,39687.0,36010.0,35652.0,160.3,0,-93423.84417648,6416.25769967923
34403.0,53603.0,3335.0,6389.0,177,90,171,87,22602.0,21189.0,14021.0,19097.0,160.3,0,-123736.5188089984,-13807.793983369573
32618.0,50971.0,2255.0,3081.0,100,137,175,132,36842.0,34018.0,27354.0,29005.0,160.3,0,-112621.43913058827,3174.664085011693
46279.0,66461.0,4677.0,7098.0,203,227,273,170,52051.0,46039.0,44843.0,39830.0,160.4,0,-90675.5638626936,19458.458995717378
5870.0,11329.0,2585.0,4959.0,4841,5118,5613,6031,13444.0,15300.0,2452.0,2049.0,160.6,0,-146474.06244263152,-24854.464477490557
2544.0,8944.0,763.0,3359.0,2530,4899,2904,6088,6299.0,12115.0,1132.0,2253.0,160.6,0,-152785.40394232995,-28537.6556761292
97866.0,154946.0,12111.0,20751.0,183,151,0,79,110646.0,94548.0,26815.0,36774.0,160.6,0,-45040.00297551863,40431.38335160757
14749.0,24167.0,2399.0,4771.0,4035,3765,6413,6005,16747.0,16446.0,5769.0,5250.0,160.7,0,-139849.56376040928,-21318.15413237155
10438.0,21760.0,2906.0,6345.0,5502,6104,6986,7395,19563.0,21224.0,1731.0,4618.0,160.7,0,-141561.4271179638,-21371.481361769365
95774.0,155739.0,148073.0,214968.0,610,625,403,182,19302.0,15848.0,11961.0,10896.0,160.7,0,-1934.8320269214744,-112933.90053623253
42686.0,70837.0,2224.0,5980.0,55,108,8,60,51981.0,48276.0,27366.0,37761.0,160.8,0,-100584.42587819614,13521.812315650865
52706.0,88352.0,4983.0,7988.0,197,112,354,173,59585.0,53662.0,40986.0,39126.0,160.8,0,-85948.08432818488,21881.0671932066
3177.0,7586.0,2214.0,4530.0,1543,1687,2189,2374,6463.0,6927.0,924.0,1319.0,160.9,0,-151648.1119513826,-29624.113193048248
1434.0,6663.0,762.0,2806.0,690,1356,722,2063,1985.0,5243.0,1313.0,1601.0,161.0,0,-155207.94855118307,-31224.85656934888
12906.0,19043.0,1395.0,4093.0,4134,4551,5525,5646,13555.0,14131.0,1173.0,1946.0,161.0,0,-144851.1543790981,-25047.218953125983
24919.0,35476.0,2293.0,3366.0,4548,4460,7223,7153,21729.0,21277.0,2479.0,4177.0,161.0,0,-134859.55422304108,-20313.713287124287
2729.0,13429.0,1277.0,5557.0,906,2173,1094,2640,3430.0,7999.0,0.0,37.0,161.0,0,-154351.7638072789,-31519.94424911603
3652.0,7316.0,2269.0,4945.0,1094,1104,1716,1855,4979.0,4848.0,1003.0,1702.0,161.1,0,-152008.67985899365,-30533.94168468305
4498.0,12570.0,2341.0,5738.0,1236,1656,1988,2465,5031.0,7271.0,2321.0,2466.0,161.1,0,-151005.4660993812,-29925.07048242599
2652.0,11316.0,0.0,3532.0,453,940,526,1640,2160.0,6027.0,0.0,147.0,161.1,0,-155825.52945327148,-31499.506619475946
29305.0,46555.0,5117.0,8441.0,257,140,490,180,36078.0,33431.0,23273.0,26306.0,161.2,0,-114192.53755019586,-1034.8857891364823
340213.0,464682.0,17402.0,25261.0,849,762,193,132,379053.0,319014.0,133159.0,118319.0,161.2,0,228413.31173980053,248777.3129464752
4002.0,13101.0,2252.0,7175.0,1967,2376,2632,3414,7057.0,9142.0,837.0,1907.0,161.3,0,-150972.5355816686,-29267.45736372965
387536.0,499786.0,143055.0,169109.0,785,404,0,169,188684.0,158809.0,103470.0,93743.0,161.3,0,234681.22124020048,30044.75623693324
6935.0,10043.0,0.0,0.0,2307,2568,3725,3880,9777.0,9706.0,2605.0,2989.0,161.3,0,-149309.03386914963,-25406.574420711782
30802.0,46418.0,10129.0,16942.0,97,14,1,29,33306.0,29834.0,13867.0,20796.0,161.3,0,-115536.44005350723,-10863.632197534564
2447.0,13906.0,466.0,2462.0,1230,1982,1801,3036,4642.0,7905.0,0.0,1136.0,161.3,0,-154340.43401568965,-30048.343530787133
16311.0,14770.0,2015.0,2784.0,1558,1679,2830,2587,7798.0,6411.0,1676.0,1938.0,161.3,0,-145448.50358784935,-29092.22320194404
8450.0,13415.0,2495.0,4720.0,2500,2085,3681,3898,12433.0,13421.0,696.0,1414.0,161.3,0,-146671.39786791385,-26446.193156594523
28136.0,46548.0,5213.0,9103.0,0,24,0,70,36229.0,34772.0,24614.0,26211.0,161.3,0,-114055.19917293724,-377.2197455641726
13369.0,17833.0,1424.0,2930.0,3173,3322,4533,4292,13450.0,13378.0,4376.0,3558.0,161.4,0,-143306.52383402793,-23560.7516230444
6744.0,17021.0,2492.0,6589.0,3433,3731,5130,5844,14217.0,15919.0,1552.0,4055.0,161.5,0,-145914.33450613127,-24419.77649627198
69677.0,112003.0,12699.0,20145.0,0,165,261,120,55865.0,51770.0,52069.0,41963.0,161.5,0,-70898.68690114874,18687.46833304845
3447.0,11924.0,813.0,2311.0,1997,2194,2601,3150,7412.0,9144.0,0.0,1879.0,161.5,0,-152345.91314124744,-28459.283350605798
4905.0,22396.0,629.0,3202.0,622,939,1202,1878,3562.0,5422.0,255.0,977.0,161.5,0,-153636.2592366409,-30912.7042641053
2203.0,11024.0,1215.0,4129.0,1999,3095,2515,3899,6768.0,10573.0,1185.0,1741.0,161.5,0,-152448.28987099577,-28563.139392964236
4209.0,10221.0,1800.0,3713.0,3135,3206,4985,5217,13859.0,12913.0,2446.0,3199.0,161.6,0,-147370.81107517504,-23809.275352016062
7514.0,15762.0,2961.0,4785.0,2666,2781,3469,3666,8128.0,9124.0,1497.0,1595.0,161.6,0,-148355.0931359848,-29035.39049918403
6361.0,12892.0,1100.0,2202.0,2426,2337,3396,3558,8839.0,9310.0,1331.0,1785.0,161.7,0,-149829.77584410986,-27381.648552072904
2214.0,13116.0,109.0,1328.0,177,95,216,150,1723.0,4817.0,15129.0,27778.0,161.7,0,-147053.12794651208,-21033.68211302981
213972.0,307532.0,11954.0,17660.0,560,335,499,227,256145.0,203165.0,112855.0,97902.0,161.7,0,107470.7111090196,170894.29934913933
22771.0,31048.0,1519.0,3007.0,6540,6557,8969,8858,24877.0,23033.0,6795.0,4870.0,161.9,0,-133167.48770207542,-15773.087055696597
2546.0,15813.0,1819.0,7588.0,2284,4084,3037,5453,7893.0,14295.0,1097.0,1951.0,161.9,0,-151388.19493095778,-28255.549255590115
7290.0,20911.0,1435.0,2982.0,3724,4573,4978,5921,11917.0,13881.0,646.0,1446.0,162.0,0,-148121.0994228467,-26045.36563913343
527255.0,706401.0,42668.0,62494.0,1818,1606,557,220,618019.0,500073.0,251191.0,210160.0,162.0,3,485355.0602280831,436118.35092137504
47662.0,69457.0,7940.0,10747.0,3956,3284,7347,7244,21958.0,20743.0,9684.0,8489.0,162.0,0,-118340.34012035505,-21476.21342384196
48121.0,73273.0,8912.0,14589.0,538,249,294,165,36071.0,32063.0,27135.0,29710.0,162.0,0,-102013.73087410122,-2478.6199935326767
12838.0,27971.0,4636.0,9297.0,3337,3161,5414,5648,17753.0,18367.0,3534.0,5004.0,162.0,0,-139492.54658485547,-22941.42345433309
1996.0,7385.0,691.0,2230.0,992,2208,1318,3295,2689.0,8059.0,898.0,1153.0,162.0,0,-154917.7860083988,-31016.5516090204
10384.0,10807.0,1524.0,3075.0,1749,1313,2048,1816,6270.0,5914.0,2246.0,2975.0,162.1,0,-148562.8131068711,-28961.32868437433
20335.0,37929.0,7195.0,11341.0,2803,2550,3687,3547,10844.0,9749.0,3780.0,3367.0,162.1,0,-137889.3412738267,-29566.811909804983
55293.0,80470.0,13277.0,24558.0,281,225,24,130,53800.0,49946.0,38801.0,33909.0,162.2,0,-83234.80975728764,11093.035384077495
54558.0,89196.0,10113.0,17731.0,0,198,276,167,20738.0,18608.0,11289.0,13288.0,162.2,0,-113384.77908508624,-22629.83101955959
3802.0,8579.0,3594.0,7156.0,1332,1285,2088,1903,5947.0,5652.0,1302.0,1472.0,162.3,0,-150513.5649683472,-30674.287731067358
7318.0,12002.0,1431.0,4232.0,3439,3787,3980,4316,10717.0,11737.0,1444.0,1663.0,162.3,0,-148333.35423011906,-26435.871771821887
31435.0,40624.0,12850.0,20501.0,151,231,83,94,31443.0,29397.0,16283.0,19287.0,162.4,0,-113536.863368909,-13019.296750302869
5383.0,12020.0,1333.0,4251.0,4922,5459,5540,5732,13543.0,13660.0,4430.0,2972.0,162.4,0,-146646.77502081174,-22996.314944739297
41090.0,66939.0,7829.0,10221.0,168,106,370,160,37150.0,32688.0,31034.0,29164.0,162.4,0,-103785.3155641243,889.3731846657574
31028.0,46052.0,10563.0,15416.0,134,217,153,87,34288.0,33673.0,18592.0,25820.0,162.4,0,-112322.66661239344,-7740.656885385219
5242.0,11527.0,557.0,2424.0,3392,3563,4758,5075,12565.0,12528.0,743.0,3264.0,162.5,0,-149009.50344011426,-24619.093637415863
46555.0,73228.0,7525.0,14510.0,726,294,175,111,47482.0,43728.0,41027.0,28531.0,162.6,0,-93490.44969198055,11348.347777992103
9636.0,17587.0,2183.0,4011.0,2141,2202,2891,3334,9427.0,10052.0,3870.0,3630.0,162.6,0,-146306.77780278126,-26542.12843853481
64865.0,104787.0,10711.0,17861.0,599,335,218,199,67482.0,65326.0,38152.0,53705.0,162.6,0,-72656.12269713343,23637.711169504903
9895.0,28442.0,1467.0,3780.0,4053,4064,5254,5683,13242.0,14473.0,2306.0,2626.0,162.6,0,-145672.07244033844,-24510.685138309287
4294.0,6984.0,1543.0,4149.0,2293,2515,2860,2960,7577.0,8039.0,1964.0,2528.0,162.6,0,-150612.74715743883,-27939.696986799583
12355.0,11528.0,2219.0,3318.0,3470,3441,5345,5234,13334.0,12685.0,4154.0,2192.0,162.7,0,-143477.90156207292,-24378.02304297938
1186.0,4222.0,0.0,0.0,79,0,197,91,3729.0,6325.0,1544.0,2251.0,162.7,0,-154884.15034512355,-29427.122159683528
556856.0,726709.0,51203.0,76667.0,224,488,357,178,640436.0,522308.0,236191.0,220195.0,162.7,3,509205.6356216591,438327.26889396063
587612.0,686621.0,665032.0,814034.0,1309,612,320,197,333375.0,271185.0,223107.0,166820.0,162.7,3,795694.8250808435,-157257.26986209935
886.0,5675.0,312.0,1334.0,1007,2277,1175,3102,2899.0,8124.0,781.0,1872.0,162.8,0,-155491.884937287,-30507.746182836352
4038.0,12075.0,959.0,3074.0,2225,2604,2852,3726,7882.0,10397.0,767.0,1163.0,162.8,0,-151597.7594721272,-28084.85348648164
24804.0,38712.0,3719.0,5380.0,186,103,275,192,20109.0,18594.0,13696.0,16137.0,162.8,0,-129019.98469819369,-15612.517740965855
69652.0,111426.0,16123.0,25756.0,565,354,117,80,71642.0,67114.0,66496.0,50139.0,162.8,0,-55073.4561804158,33879.79501368842
6655.0,10295.0,2849.0,3570.0,3451,3775,4242,4451,12370.0,13025.0,2239.0,3654.0,162.8,0,-146335.1169113747,-25584.16414975346
1136.0,5199.0,264.0,1520.0,104,8,98,31,2492.0,5281.0,1070.0,1333.0,163.0,0,-155570.9650198164,-30718.22509841605
4150.0,13903.0,0.0,1168.0,64,153,119,67,8638.0,13811.0,1436.0,2786.0,163.0,0,-151429.65937144763,-26475.515823662707
749.0,2852.0,343.0,1542.0,162,61,159,75,7850.0,18280.0,52032.0,85535.0,163.0,0,-123812.81922956996,7542.341666896948
588311.0,689603.0,65349.0,83007.0,1493,1329,251,177,1158470.0,871659.0,370936.0,320385.0,163.0,3,827784.4869877624,827560.9996895134
30652.0,50011.0,13366.0,22498.0,98,119,0,0,34423.0,33217.0,23208.0,24783.0,163.0,-1,-108916.09139271016,-7613.153382731045
3432.0,5154.0,1084.0,2897.0,1757,2161,3121,3523,8570.0,9196.0,3055.0,2126.0,163.0,0,-150484.09792181684,-26573.302231831494
12764.0,27693.0,6177.0,12185.0,3659,3602,5045,5063,13734.0,14297.0,4316.0,4326.0,163.1,0,-140067.33225581955,-26227.063387771028
62908.0,89962.0,6922.0,9806.0,16,93,0,74,52831.0,46531.0,41624.0,34417.0,163.1,0,-83836.37298138902,15241.581109185276
527158.0,672923.0,36900.0,57230.0,1410,1413,244,119,682218.0,540735.0,231923.0,207746.0,163.1,3,502857.1072703177,471864.9209109185
6270.0,14676.0,1793.0,3817.0,2096,2122,2953,2683,7393.0,7362.0,1457.0,3010.0,163.2,0,-149840.37790619783,-28476.402069526277
6885.0,18509.0,2828.0,4900.0,1460,1376,1952,1993,5917.0,5567.0,1526.0,1867.0,163.2,0,-149660.83114000628,-30255.74146020419
69476.0,101015.0,8821.0,12997.0,258,192,199,137,65806.0,61546.0,49379.0,49258.0,163.2,0,-69247.95806130026,27462.396959038266
4190.0,6801.0,1742.0,3627.0,3376,3746,4434,5129,11097.0,12631.0,960.0,2159.0,163.2,0,-149343.7683719988,-26309.93418588412
6670.0,13395.0,2760.0,5156.0,1926,1804,2907,3190,8020.0,7836.0,2613.0,1964.0,163.2,0,-148432.1068200819,-28395.84353137725
4496.0,15337.0,1641.0,3658.0,4634,5672,5749,6830,13481.0,15269.0,2379.0,1897.0,163.3,0,-147718.39967676165,-24203.631216163994
8842.0,22495.0,3141.0,7884.0,3066,3379,3762,4121,10573.0,11957.0,72.0,1305.0,163.3,0,-147145.96619640233,-28332.90023802913
6867.0,25740.0,1489.0,4435.0,2933,3605,4167,5114,12019.0,14967.0,2020.0,3357.0,163.3,0,-147465.3187468546,-25105.31621864568
2652.0,14004.0,654.0,2346.0,831,1925,1254,3316,3349.0,8677.0,0.0,372.0,163.4,0,-154807.67909950585,-31120.80836411001
4923.0,13502.0,1792.0,4624.0,4221,5268,5420,6082,13279.0,14755.0,1865.0,2917.0,163.5,0,-147592.47789741505,-24506.312686335863
53611.0,82388.0,8708.0,15042.0,279,147,323,142,47182.0,43899.0,35837.0,36306.0,163.6,0,-90852.98626407993,9028.178804427498
2200.0,13062.0,379.0,3421.0,1848,3689,2620,4755,6361.0,11373.0,0.0,188.0,163.7,0,-153844.07072243775,-29041.503395199867
13153.0,25053.0,2797.0,5913.0,3201,3413,4117,4454,11294.0,11243.0,1757.0,2147.0,163.7,0,-144564.06685399832,-27098.32047788044
11009.0,21712.0,1855.0,3519.0,3611,4154,5137,5752,13146.0,15112.0,1520.0,2584.0,163.7,0,-145287.72292720602,-25223.827189362382
5775.0,18588.0,916.0,3231.0,1631,2270,2764,3625,7339.0,9633.0,1421.0,1548.0,163.8,0,-150872.35680683883,-28177.560961370087
269801.0,393475.0,37115.0,59772.0,438,392,3020,3111,105649.0,96981.0,78912.0,80360.0,163.8,0,65122.62528589353,39262.14169632181
33322.0,34917.0,9058.0,13738.0,400,259,0,2,22340.0,21451.0,18208.0,15370.0,163.8,0,-119270.59926081504,-16338.1308718469
14945.0,22717.0,2042.0,4209.0,2570,2692,3567,3657,11929.0,12053.0,2152.0,2823.0,163.8,0,-143836.2426586813,-26065.805920091647
14390.0,19024.0,2768.0,4740.0,4637,4439,6727,6756,19436.0,18794.0,4376.0,4869.0,163.9,0,-139089.98504898482,-20471.71451767596
21513.0,42952.0,6294.0,9182.0,100,175,282,131,26759.0,24668.0,11598.0,18856.0,163.9,0,-126022.4404399557,-13254.52747642588
5935.0,11356.0,358.0,1838.0,4376,4497,5734,5798,13071.0,13893.0,2274.0,3368.0,163.9,0,-148053.42857393704,-23558.671817472237
23499.0,34644.0,2523.0,3772.0,466,300,283,157,25374.0,23888.0,16050.0,18941.0,163.9,0,-126783.10518930308,-10010.344891045668
26428.0,44327.0,10472.0,18789.0,215,93,65,66,29200.0,27399.0,12216.0,22801.0,164.0,0,-119297.48922446156,-13761.797627525
58248.0,89089.0,4809.0,6642.0,255,180,248,130,54097.0,48917.0,37146.0,39047.0,164.1,0,-87699.91512944923,16535.951905676786
54326.0,75078.0,17448.0,26870.0,373,202,0,66,48653.0,45396.0,41259.0,28909.0,164.1,0,-82795.26001953821,5511.668921999048
32067.0,61079.0,2792.0,4461.0,131,160,228,128,40205.0,38977.0,21581.0,28173.0,164.1,0,-113195.6427543338,2443.8868517156698
13440.0,14833.0,4569.0,5879.0,2941,2462,3648,3297,10553.0,9723.0,3257.0,2412.0,164.1,0,-142971.01698698287,-28026.966784242475
4807.0,10839.0,2228.0,3839.0,1405,1456,1821,1958,5076.0,4916.0,751.0,1263.0,164.2,0,-151667.90810244915,-30698.1386335353
42578.0,75322.0,5582.0,9466.0,0,102,286,216,41289.0,37214.0,22373.0,26271.0,164.3,0,-106424.06547108052,721.8820278113526
18555.0,35738.0,6879.0,11399.0,4420,4100,6787,6543,18308.0,18706.0,3893.0,5018.0,164.3,0,-135213.7585026659,-24215.033561653403
51203.0,88921.0,2875.0,5319.0,0,0,162,38,61897.0,59560.0,34833.0,42008.0,164.3,0,-88884.31502065221,22644.45681464824
484503.0,661631.0,105095.0,148142.0,1049,847,0,36,365400.0,306855.0,199682.0,159924.0,164.3,0,371713.20383432345,210301.22717223497
9005.0,17383.0,3606.0,6722.0,6998,7171,8481,8905,20387.0,20475.0,4293.0,4612.0,164.4,0,-140343.4123750724,-20120.49710928953
25239.0,45521.0,10580.0,18038.0,297,159,32,41,22256.0,22480.0,7513.0,17433.0,164.4,0,-125254.04981132368,-20977.9152980967
152365.0,188536.0,250517.0,298408.0,7451,6727,10267,10188,30345.0,28094.0,5986.0,6596.0,164.4,0,94242.9635127695,-177126.35915528896
4498.0,10210.0,671.0,2019.0,1662,1846,2212,2344,5923.0,6411.0,44.0,1233.0,164.4,0,-152751.46516460995,-29465.748063449868
34111.0,46941.0,10007.0,12666.0,361,219,446,186,34596.0,31114.0,20832.0,18404.0,164.5,0,-111414.69813868986,-7646.956571902501
2346.0,10557.0,2207.0,5153.0,1840,1989,2395,2709,5533.0,5791.0,816.0,1939.0,164.5,0,-152373.11154079772,-30099.31149097164
1355.0,9351.0,315.0,2526.0,692,1828,1077,2755,2297.0,6121.0,459.0,1163.0,164.5,0,-155778.38812277315,-31169.602591161703
146836.0,215908.0,13993.0,23673.0,442,375,65,49,92922.0,82041.0,79794.0,59587.0,164.5,0,-9241.666908945626,50752.17202571238
5502.0,13002.0,2384.0,4588.0,2519,2837,3245,3526,9692.0,10048.0,1164.0,2567.0,164.5,0,-148873.1151792215,-27537.636653690744
14305.0,28712.0,2145.0,5232.0,3629,3804,4976,5215,13389.0,13745.0,4180.0,3134.0,164.5,0,-142577.13774826765,-24262.43745658508
8236.0,23051.0,4837.0,9026.0,4729,5020,6820,7406,16520.0,16250.0,1188.0,2457.0,164.6,0,-142976.91380963832,-24939.138867969414
40713.0,66228.0,16878.0,30381.0,270,248,400,254,40962.0,40507.0,23013.0,30505.0,164.7,0,-98762.62547914474,-5507.554811791368
863.0,2774.0,808.0,3019.0,734,1946,917,2225,2275.0,5183.0,27.0,95.0,164.7,0,-155943.8151256164,-31814.14538204662
2132.0,7555.0,1320.0,3746.0,2156,3011,3163,3998,7594.0,10037.0,1450.0,2992.0,164.8,0,-151775.44985278512,-27788.812297499488
85917.0,138180.0,15090.0,24928.0,258,248,20,28,90553.0,82078.0,61304.0,59846.0,164.8,0,-41290.98690515035,44807.661942398845
16339.0,21386.0,3730.0,5433.0,3995,3711,4750,4548,13263.0,11934.0,2190.0,2505.0,164.8,0,-141519.76621501776,-26406.205456711614
4385.0,10406.0,4318.0,8587.0,1511,1339,3070,3088,7108.0,7359.0,1439.0,3790.0,164.9,0,-148906.36423705492,-30000.96849916808
194821.0,230443.0,121234.0,148981.0,7886,7265,11064,10988,35515.0,33010.0,9760.0,7437.0,164.9,0,26182.01296791769,-93728.67338188169
54441.0,87719.0,16458.0,24548.0,209,272,14,43,48537.0,42865.0,32561.0,35482.0,165.0,0,-85863.95221559786,3457.7548452844603
26291.0,35196.0,5015.0,5859.0,182,277,0,50,14756.0,13775.0,12773.0,13210.0,165.1,0,-130640.09687674225,-20765.100899226185
250177.0,368307.0,7650.0,9768.0,761,632,245,125,266753.0,214661.0,87135.0,75894.0,165.1,0,111834.88964244592,163625.87710739623
28984.0,50489.0,13008.0,18782.0,435,274,73,39,28329.0,25823.0,15340.0,16770.0,165.1,0,-116500.7441012212,-15728.02593240919
3012.0,7549.0,2059.0,6105.0,551,1058,613,1489,2096.0,5191.0,2839.0,3427.0,165.2,0,-152822.5818011992,-31138.295576716384
3135.0,14367.0,1917.0,6585.0,1671,2284,2714,3924,8045.0,11291.0,1275.0,1952.0,165.2,0,-150946.75307066063,-28184.64357600525
14400.0,20384.0,2707.0,5136.0,6773,6702,9829,9794,23779.0,22220.0,2698.0,3585.0,165.2,0,-137942.910347433,-18592.678705214297
6841.0,18818.0,2277.0,3300.0,3717,3768,5170,5337,13503.0,13945.0,2000.0,2799.0,165.3,0,-146337.64414224183,-24756.280919545847
97058.0,155557.0,11003.0,15175.0,314,439,0,80,97440.0,84862.0,70979.0,68730.0,165.3,0,-31752.98519310975,56489.4244658145
1238.0,5241.0,163.0,788.0,222,243,122,0,9624.0,14166.0,2388.0,3364.0,165.3,-1,-151641.97705877514,-25271.696174847137
1086.0,6079.0,362.0,1727.0,189,103,168,102,2621.0,7146.0,11243.0,21931.0,165.3,0,-149108.43921054451,-23120.503513526277
1395.0,5943.0,538.0,2002.0,189,63,137,66,9378.0,22150.0,61467.0,88863.0,165.3,0,-118822.2645964663,12837.03541785276
617532.0,713167.0,101341.0,152808.0,2948,2592,231,155,1457840.0,1164240.0,542033.0,457859.0,165.3,3,1080083.854776418,1086204.7956777057
13589.0,22387.0,2971.0,3659.0,5600,5607,7988,7835,20730.0,20640.0,3940.0,4656.0,165.3,0,-138878.53419355184,-19943.89183317345
4331.0,12478.0,1155.0,2179.0,2298,2498,3200,3702,8004.0,9085.0,1588.0,3614.0,165.4,0,-150674.14375222218,-27411.19655716652
3734.0,11760.0,731.0,2320.0,819,935,1333,1774,4222.0,5407.0,173.0,294.0,165.5,0,-153863.7789599434,-30627.21613440322
34202.0,58042.0,6229.0,8984.0,92,76,278,106,32674.0,29195.0,22773.0,22215.0,165.7,0,-113655.85825698568,-5070.269944733191
4329.0,8392.0,0.0,1545.0,41,94,0,94,9053.0,6078.0,1616.0,1174.0,165.7,0,-151306.715491,-26408.19371801808
492706.0,663862.0,27856.0,33905.0,1444,1251,0,60,519995.0,426407.0,138946.0,131514.0,165.7,0,365424.5190885492,325963.4810993268
140094.0,224998.0,28867.0,47042.0,445,217,0,40,138431.0,121073.0,54013.0,56027.0,165.7,0,8820.941789862147,59237.06056762576
5572.0,11204.0,0.0,1097.0,1126,2034,1678,2430,3688.0,6742.0,755.0,1114.0,165.8,0,-153537.11357571438,-30248.986715589603
5002.0,7335.0,1251.0,5049.0,1217,1530,1344,1900,2988.0,4883.0,478.0,451.0,165.8,0,-153408.41908824118,-31663.461061692426
9256.0,20692.0,3160.0,5603.0,2655,2813,3911,4125,9624.0,10146.0,1436.0,1707.0,165.9,0,-146837.69278232616,-28334.206537473558
45690.0,77887.0,1455.0,3326.0,64,130,115,72,46567.0,43827.0,27214.0,33093.0,166.0,0,-102971.76080875743,9573.548338697428
45234.0,74488.0,6169.0,7215.0,180,91,24,100,47472.0,43039.0,31600.0,36561.0,166.1,0,-97438.1806436486,9612.435104582222
7236.0,24860.0,3173.0,7566.0,1852,2342,2699,3276,8381.0,8932.0,2523.0,3030.0,166.1,0,-147651.31980158336,-28330.783934900548
68854.0,102765.0,26644.0,39933.0,402,317,335,248,61067.0,58636.0,58837.0,47595.0,166.1,0,-56050.21738012122,17018.54170154643
61987.0,95279.0,8896.0,13457.0,318,179,329,218,65600.0,62070.0,48906.0,47102.0,166.1,0,-72802.59023506175,27227.521274876704
6547.0,10074.0,2255.0,5854.0,2745,3008,4090,4057,10698.0,10648.0,2230.0,3172.0,166.2,0,-147609.31174767244,-26342.275285748347
14475.0,27246.0,2411.0,3239.0,5878,5912,7649,8062,20292.0,20134.0,2579.0,3927.0,166.2,0,-139694.0658367258,-20615.942038333083
30886.0,50076.0,8129.0,13706.0,26,97,23,31,33480.0,31805.0,18773.0,23771.0,166.2,0,-114618.43263644756,-6967.278661076089
143215.0,228743.0,22940.0,35236.0,477,363,141,98,33016.0,33350.0,27665.0,28394.0,166.3,0,-54731.90886108071,-19386.414169101467
9734.0,21075.0,3577.0,5268.0,3485,3445,4794,4736,12784.0,12148.0,1029.0,2800.0,166.4,0,-144938.51508532368,-26623.046628025364
1904.0,10174.0,695.0,3326.0,2144,3805,2275,3824,5519.0,9130.0,364.0,1203.0,166.4,0,-153863.84726922083,-29438.48379043548
62182.0,96027.0,4687.0,8939.0,678,304,137,100,68180.0,61659.0,48161.0,41350.0,166.5,0,-75467.38152222971,30252.17415413923
4446.0,14580.0,1386.0,4279.0,3162,3663,4275,4875,12091.0,14193.0,798.0,2776.0,166.5,0,-149019.1689823397,-25443.72887190003
6021.0,11972.0,1776.0,2911.0,2501,2673,3709,3916,9652.0,11151.0,1520.0,2897.0,166.6,0,-148924.85592852574,-27011.475799135504
4434.0,10702.0,1889.0,5055.0,1685,2735,1606,2903,3732.0,7107.0,413.0,505.0,166.6,0,-152880.81678331626,-31575.07250592654
18700.0,18713.0,3821.0,4130.0,6694,6683,8547,8548,22190.0,21162.0,6477.0,5415.0,166.6,0,-134504.9717465911,-18699.828367519724
219591.0,317669.0,41729.0,59290.0,336,444,114,89,183260.0,152270.0,74460.0,62722.0,166.7,0,78860.0558172754,83994.52282474934
14400.0,17960.0,248.0,1883.0,3138,2974,4066,4098,12883.0,11817.0,2871.0,2904.0,166.7,0,-144590.75327206985,-23985.46922377713
5380.0,14458.0,1996.0,5225.0,2814,3142,4280,4301,11827.0,12751.0,2418.0,2526.0,166.8,0,-147768.9510516146,-25414.38114692638
27804.0,47935.0,68905.0,115453.0,1194,1332,3299,3106,8345.0,8747.0,2464.0,2714.0,166.8,0,-93914.31830923232,-71032.22757498825
26239.0,49508.0,9919.0,15509.0,165,85,140,154,38536.0,37323.0,22267.0,22621.0,166.9,0,-111861.391671502,-3310.608573470927
1509.0,9630.0,1199.0,4059.0,1263,2261,1379,2990,3354.0,7206.0,387.0,1310.0,166.9,0,-154634.67780658213,-31072.682080220293
35265.0,50910.0,11797.0,17403.0,541,261,269,223,41162.0,37761.0,27296.0,28447.0,167.0,0,-103091.26876083323,-370.7115333995971
5609.0,13941.0,502.0,2206.0,1203,3426,1463,3869,3392.0,7300.0,1713.0,1281.0,167.0,0,-152934.18591336842,-30325.513045309657
892.0,5380.0,42.0,703.0,1558,4599,1564,4604,2905.0,8835.0,141.0,239.0,167.0,0,-156113.9726606459,-30864.99426922564
19243.0,29066.0,3788.0,6747.0,4324,4478,6848,6988,21346.0,20952.0,5354.0,5465.0,167.0,0,-135101.46150192522,-19713.252901419488
12012.0,19608.0,1596.0,3579.0,4484,4693,6901,7058,17295.0,17168.0,3745.0,3628.0,167.0,0,-142228.1680820371,-21398.45717532281
171338.0,265148.0,24936.0,41415.0,246,186,79,73,145358.0,123022.0,60667.0,62323.0,167.0,0,25274.91725917338,67857.23465274191
60824.0,92101.0,7183.0,11603.0,533,464,333,203,48971.0,43126.0,42280.0,36738.0,167.1,0,-85712.79693132688,13420.656439986768
6374.0,8804.0,714.0,2440.0,1112,1001,2282,2392,6739.0,7268.0,1980.0,2272.0,167.1,0,-150741.03751031292,-28118.987077566304
4664.0,18673.0,1117.0,2516.0,705,901,1429,2354,3343.0,5439.0,1626.0,2061.0,167.1,0,-152853.2831951585,-30592.179275011425
6594.0,15919.0,267.0,1693.0,397,574,905,2050,2423.0,5112.0,147.0,462.0,167.1,0,-153813.85855703155,-31643.84092179662
5644.0,10956.0,1570.0,2859.0,2987,3283,3967,4035,11060.0,10719.0,1711.0,3584.0,167.2,0,-148428.04317414152,-25776.79567950161
65911.0,92057.0,14403.0,22043.0,44,164,0,22,54565.0,48118.0,43623.0,35516.0,167.2,0,-75782.05158993698,12461.135460134672
1618.0,7931.0,585.0,3628.0,1224,1831,1719,2556,4673.0,7130.0,392.0,916.0,167.2,0,-154467.01828019222,-29920.59364378816
29394.0,41755.0,7528.0,14955.0,596,311,278,130,39641.0,39638.0,10667.0,25232.0,167.3,0,-115672.2757384222,-5764.231076778466
4376.0,11903.0,394.0,1714.0,2057,2046,3198,3454,7762.0,8415.0,1164.0,1311.0,167.3,0,-151738.3438115725,-27636.66694230534
26453.0,39775.0,5208.0,8714.0,370,261,210,159,31976.0,30261.0,20757.0,18466.0,167.4,0,-119066.1118584447,-5814.989060558437
1920.0,8779.0,284.0,1093.0,1582,2131,1701,2183,5355.0,7234.0,331.0,1078.0,167.4,0,-154245.00977824983,-29319.97359774343
68815.0,96801.0,11221.0,16652.0,363,354,395,200,56312.0,50893.0,46881.0,39467.0,167.5,0,-74299.84864618759,17376.58167976358
8972.0,15588.0,4583.0,8087.0,122,63,506,174,21815.0,19574.0,15050.0,13085.0,167.5,0,-134023.51284178294,-13968.486188078828
3228.0,10492.0,662.0,2224.0,1505,1805,2184,2583,5625.0,6612.0,814.0,1301.0,167.6,0,-153119.74162764434,-29231.90879112785
5542.0,13067.0,1520.0,3317.0,3487,3409,4199,4722,10128.0,10986.0,421.0,1748.0,167.6,0,-149631.14321411567,-27163.876358450696
5153.0,9635.0,1642.0,3748.0,3138,3492,3602,3794,9076.0,10244.0,802.0,1209.0,167.6,0,-150109.48722097644,-27808.10632857
37836.0,63044.0,17380.0,27877.0,314,176,122,154,34686.0,31815.0,27474.0,26394.0,167.7,0,-101296.83794097972,-8392.554864235874
5279.0,13124.0,1057.0,2684.0,4490,5143,5610,5929,13269.0,12838.0,0.0,1720.0,167.7,0,-148797.4410118176,-25048.755527863475
1700.0,6594.0,171.0,1262.0,177,84,36,0,2902.0,4744.0,779.0,1413.0,167.8,-1,-155317.64461140515,-30545.7444469192
1378.0,8264.0,0.0,0.0,215,178,54,0,2413.0,4389.0,275.0,840.0,167.8,-1,-156046.45097323222,-31029.92361268874
348221.0,484019.0,59159.0,88857.0,1182,672,0,33,421572.0,338566.0,175170.0,144742.0,167.8,0,298540.4480778007,270792.1960837936
4757.0,16105.0,806.0,2211.0,1492,1569,2097,2349,5354.0,6014.0,500.0,980.0,167.8,0,-152672.89566318126,-29776.49647017784
8360.0,24779.0,2358.0,5366.0,6510,7153,8273,9080,17657.0,19206.0,1144.0,2558.0,167.9,0,-144123.1332078526,-22672.218763490742
1076.0,6454.0,0.0,0.0,77,43,166,128,4468.0,7889.0,779.0,1420.0,167.9,0,-154983.40451628476,-29407.153022913124
592068.0,778611.0,35932.0,49012.0,1685,1275,36,144,782725.0,637574.0,282426.0,254239.0,167.9,3,598593.7139005009,560454.8277348118
6921.0,13379.0,2152.0,3366.0,2425,2440,3509,3572,9844.0,10548.0,0.0,204.0,167.9,0,-149111.71372992895,-28255.031040828424
67042.0,93065.0,28814.0,47149.0,130,185,0,24,71922.0,69498.0,35409.0,54547.0,168.0,0,-58168.77761396454,13921.978514785103
114157.0,163046.0,19685.0,28032.0,580,369,125,139,66284.0,57200.0,48298.0,50556.0,168.0,0,-43466.70958029863,17794.472994117288
27703.0,43178.0,10652.0,17871.0,20,95,362,167,31470.0,29815.0,14603.0,25577.0,168.0,0,-116396.08954401647,-11074.413933811657
26927.0,48668.0,26982.0,45433.0,62,83,220,91,30160.0,29669.0,15272.0,24275.0,168.0,0,-105945.10730993933,-22033.355034740285
5591.0,11871.0,1723.0,3660.0,3741,4117,4858,5467,13497.0,15340.0,918.0,2256.0,168.2,0,-147703.08040022125,-24872.941137780632
4491.0,5525.0,1635.0,3068.0,3228,3218,3779,3720,9541.0,9539.0,276.0,1580.0,168.2,0,-150322.61012180397,-27627.50641058301
12276.0,18256.0,4006.0,7882.0,1131,1363,4095,4024,10640.0,11126.0,1359.0,2579.0,168.2,0,-144480.11910789303,-28309.842433845995
5106.0,19518.0,1546.0,4217.0,1667,2967,2544,4507,7067.0,12302.0,1594.0,3969.0,168.2,0,-150464.3428865032,-28241.020622624124
705845.0,543709.0,1911230.0,1806060.0,1987,1099,563,300,235206.0,189035.0,128649.0,95031.0,168.3,3,1616518.1741282234,-1060568.181107903
26186.0,42595.0,6483.0,11781.0,154,164,204,134,31428.0,29995.0,24286.0,21405.0,168.4,0,-116868.8012410056,-4991.98887736653
68736.0,92649.0,23242.0,36533.0,267,458,0,79,69315.0,63907.0,53644.0,55772.0,168.4,0,-55613.53314963469,23509.75062152256
73925.0,120734.0,21355.0,36021.0,663,377,797,292,62835.0,60261.0,39406.0,48007.0,168.4,0,-63946.68081822054,13041.151966574336
8592.0,8906.0,2188.0,2499.0,1834,1572,1756,2118,5706.0,5744.0,480.0,1160.0,168.5,0,-149973.63305410463,-30651.4280055706
6640.0,21054.0,1653.0,4049.0,2413,3211,2991,3945,7736.0,9462.0,2370.0,3119.0,168.5,0,-149279.4333346761,-27795.26868239674
7664.0,15122.0,1865.0,2903.0,2382,2339,3962,4026,11014.0,12076.0,2478.0,2737.0,168.5,0,-147243.15828125144,-25935.9571148411
4281.0,14421.0,396.0,3832.0,808,1285,1014,1858,3572.0,6213.0,1492.0,1753.0,168.5,0,-153493.452704379,-30076.564275387216
5828.0,24687.0,2176.0,5634.0,5882,7671,6936,8988,14907.0,18683.0,2192.0,5018.0,168.6,0,-145830.9759676087,-23300.27705885225
3917.0,11913.0,1040.0,2962.0,910,2886,996,3262,1949.0,6588.0,243.0,505.0,168.6,0,-154547.88789191828,-32207.92253923366
62718.0,90254.0,10393.0,14627.0,297,198,46,84,60472.0,54806.0,47628.0,45092.0,168.6,0,-74507.25579042405,22138.340376858283
11303.0,20589.0,2555.0,4074.0,2769,2984,3901,3946,11170.0,11090.0,880.0,3154.0,168.6,0,-145742.3567850464,-27111.08896685605
2278.0,9604.0,717.0,1929.0,170,81,168,215,6344.0,7403.0,2517.0,2699.0,168.6,0,-152347.06853325063,-27814.807914523168
829411.0,989500.0,180797.0,267680.0,6654,5855,51357,46483,649381.0,528514.0,524095.0,375826.0,168.6,3,840341.4262712945,490805.5484956884
31098.0,54888.0,12220.0,20560.0,7,38,76,118,38341.0,35411.0,23004.0,23292.0,168.6,0,-108014.11099391244,-4777.39470628641
5849.0,11829.0,2569.0,3783.0,1686,1649,2256,2380,6580.0,6668.0,699.0,1520.0,168.6,0,-150313.21408164405,-30008.77624446588
8322.0,10732.0,861.0,1878.0,3430,3508,4835,4628,13658.0,12636.0,3292.0,2523.0,168.6,0,-146198.24887014556,-23368.235338095157
164058.0,247778.0,39834.0,60704.0,581,214,237,105,102780.0,84866.0,47327.0,44180.0,168.7,0,6172.274898903765,23546.61938148068
21197.0,39509.0,7714.0,10939.0,191,274,0,0,20019.0,19282.0,14574.0,16222.0,168.7,-1,-127450.215345935,-17556.412910285006
89074.0,127353.0,15397.0,25271.0,521,232,434,200,88445.0,80177.0,67495.0,68452.0,168.7,0,-37363.19976401386,47056.589028093455
49184.0,69725.0,4912.0,6347.0,13,55,324,107,61057.0,56258.0,44783.0,41944.0,168.7,0,-85018.95382166604,25130.812353522542
6761.0,13323.0,1483.0,2914.0,3069,3100,4261,4208,10825.0,11054.0,1360.0,1752.0,168.8,0,-148497.08958705905,-26384.01406083224
13437.0,14531.0,4023.0,6770.0,4412,4749,5622,5685,15484.0,14839.0,3295.0,2805.0,168.8,0,-141056.8469710488,-24483.74989892261
5599.0,11696.0,2214.0,6522.0,2320,2606,3147,3347,7739.0,7599.0,702.0,1619.0,168.8,0,-150122.0886004504,-29018.111741490786
71048.0,111283.0,5340.0,8318.0,0,46,59,63,50788.0,45713.0,30747.0,30888.0,168.8,0,-86976.38633373186,9283.844164045946
9590.0,18362.0,2679.0,6015.0,4608,5421,5563,6445,14925.0,16834.0,3961.0,2881.0,168.8,0,-143556.64661856025,-23452.0404582993
4006.0,6476.0,1489.0,3784.0,1926,2312,2770,2603,5923.0,6652.0,1299.0,984.0,168.8,0,-151955.07253684063,-29459.596746798165
1069.0,6073.0,127.0,1698.0,488,947,635,1243,1731.0,4068.0,1970.0,3722.0,168.9,0,-155400.5528274466,-30347.02454143912
7151.0,17154.0,1575.0,3485.0,5480,6196,7580,8683,20307.0,22616.0,1860.0,2704.0,168.9,0,-143684.78636126436,-20103.423838097828
2418.0,7811.0,1019.0,3024.0,1033,1627,1552,2519,4204.0,6762.0,217.0,1179.0,168.9,0,-154083.12116960154,-30573.057066022764
57434.0,94944.0,16140.0,27743.0,257,154,316,153,77842.0,76484.0,38990.0,60099.0,169.0,0,-66163.1516143536,28640.853215504645
45737.0,60645.0,15833.0,23908.0,785,366,551,207,44785.0,41119.0,43298.0,32484.0,169.0,0,-87965.84557077986,6068.405507124724
6134.0,18038.0,2186.0,4684.0,5335,6384,5768,6485,14533.0,16224.0,2300.0,2866.0,169.1,0,-146102.10940092293,-23865.27890621125
3943.0,12185.0,1352.0,3843.0,1224,1437,2099,2579,5999.0,7628.0,954.0,1560.0,169.1,0,-152098.1810587877,-29374.75706691966
28296.0,47659.0,2923.0,5566.0,195,144,333,194,18897.0,17619.0,17481.0,15162.0,169.1,0,-127412.28727975332,-14674.168344033364
51021.0,79428.0,2873.0,4668.0,387,229,389,208,50635.0,46737.0,33842.0,31884.0,169.2,0,-95681.09600289472,13496.425306679765
47368.0,71589.0,12503.0,20491.0,0,43,0,80,51851.0,49632.0,39543.0,39470.0,169.2,0,-86917.58360918702,12065.683995704609
85961.0,125242.0,16494.0,24995.0,322,187,136,113,119841.0,98011.0,49908.0,43432.0,169.3,0,-33379.11821296127,55025.69334195469
15413.0,23577.0,2373.0,4404.0,5846,5521,7164,7315,21664.0,20561.0,4650.0,5514.0,169.3,0,-137753.52133564136,-18662.9914743141
394170.0,488768.0,263703.0,355364.0,992,680,774,193,277924.0,233307.0,115301.0,97513.0,169.4,0,365789.1583181504,15862.723186304744
23971.0,40331.0,5738.0,9241.0,2823,2570,6102,6033,15633.0,14250.0,5796.0,5651.0,169.4,0,-134211.85768583886,-24642.168268919744
5466.0,15014.0,1057.0,2104.0,2778,2783,3642,3830,8150.0,8979.0,805.0,1053.0,169.4,0,-150822.11202186422,-28070.031433446056
2779.0,7095.0,0.0,1257.0,134,117,239,157,41140.0,38596.0,31670.0,33339.0,169.4,0,-122320.10831697828,11753.77846181914
604.0,2756.0,0.0,423.0,195,136,163,118,4306.0,6229.0,9211.0,13928.0,169.4,0,-150557.26560344698,-23933.547088399675
847083.0,658560.0,179451.0,186889.0,5386,3622,1281,581,4052330.0,2247490.0,1287520.0,725676.0,169.4,3,2706640.761437331,3018478.2254198585
4146.0,9604.0,2075.0,4324.0,4231,5405,5341,6763,11531.0,14067.0,1485.0,1506.0,169.5,0,-148821.86885547667,-26124.810715536223
54307.0,73536.0,11724.0,19076.0,293,221,0,103,43992.0,40506.0,38087.0,34954.0,169.5,0,-89264.15175724345,5798.7888543629415
395633.0,560314.0,25801.0,37268.0,1206,1089,174,122,243346.0,205459.0,146779.0,135180.0,169.5,0,202887.2616553415,162518.5687804911
2096.0,9843.0,799.0,4030.0,1462,2174,1979,3066,4855.0,7510.0,564.0,950.0,169.6,0,-153972.80386197672,-29892.89422851508
1710.0,8154.0,629.0,2454.0,2154,2832,3288,4691,7388.0,10432.0,516.0,1281.0,169.6,0,-153079.044241554,-28124.01042392579
80693.0,105530.0,17352.0,28860.0,227,157,0,76,66865.0,64099.0,52671.0,45344.0,169.6,0,-57565.65404176952,22799.73919307437
3674.0,12264.0,1359.0,3149.0,40,0,35,57,6175.0,5083.0,1524.0,1223.0,169.7,0,-151961.6388336669,-29069.20259632876
1162.0,7100.0,525.0,3218.0,183,74,149,21,2583.0,4958.0,288.0,482.0,169.7,0,-155734.93195751193,-31290.89145816401
851724.0,1011830.0,783129.0,1038060.0,1824,1469,739,479,437485.0,368858.0,237580.0,205715.0,169.7,3,1042600.0948590384,-170423.78208541914
26075.0,24761.0,2969.0,5608.0,6416,5981,7056,7893,21596.0,19536.0,4460.0,5093.0,169.7,0,-133128.48041409516,-19921.09546313936
6579.0,11984.0,2095.0,5156.0,1622,1511,2838,2956,8499.0,7672.0,2046.0,3066.0,169.8,0,-148783.44189812953,-27730.52350137646
54887.0,84016.0,3139.0,4054.0,568,213,282,118,42275.0,37169.0,25926.0,25338.0,169.8,0,-101431.25254296989,3419.796644427126
45667.0,61411.0,9997.0,14023.0,593,412,286,128,44782.0,41978.0,38879.0,34175.0,169.9,0,-93443.96989160076,8151.768580519656
4902.0,16026.0,899.0,2419.0,3847,4590,5149,5775,12602.0,14059.0,1834.0,2681.0,170.0,0,-148565.40227838818,-24423.55678483058
34999.0,63051.0,18487.0,28755.0,12916,12279,16714,16283,57330.0,51358.0,18063.0,20705.0,170.0,0,-95628.60717669089,580.9689803166511
69433.0,114927.0,15794.0,28818.0,228,211,206,101,69528.0,65222.0,34175.0,53080.0,170.1,0,-67900.40939882908,19674.45411338525
48488.0,65987.0,2991.0,4540.0,547,238,0,0,45726.0,41509.0,41498.0,33951.0,170.1,-1,-95773.48818438724,14035.710533063077
19850.0,21118.0,2094.0,3630.0,3591,3837,4678,4821,15583.0,14539.0,3560.0,4590.0,170.1,0,-139397.7840953288,-23230.711113452468
9224.0,9897.0,2427.0,3683.0,2890,2853,4406,4374,10903.0,10084.0,1055.0,1849.0,170.2,0,-146901.90489011718,-27199.344515638582
18376.0,41566.0,4406.0,8376.0,3425,3300,4624,4473,14243.0,13534.0,6207.0,4991.0,170.2,0,-137981.81348855534,-24258.660730087475
330876.0,458197.0,265639.0,305552.0,1112,695,213,126,128158.0,117763.0,64478.0,63701.0,170.2,0,250659.99556613865,-102686.6584944183
3905.0,10580.0,2497.0,5277.0,6657,7656,7799,8579,21707.0,23880.0,2674.0,3252.0,170.2,0,-143373.6674597474,-19157.1250457124
2643.0,12590.0,1637.0,4698.0,856,1066,1109,1481,2935.0,4116.0,47.0,81.0,170.4,0,-154338.7204825528,-32026.491191951733
5354.0,19193.0,1893.0,4802.0,3887,4526,5262,5935,14697.0,16478.0,1854.0,3901.0,170.4,0,-146587.6453589546,-23547.94871540496
65729.0,89492.0,10146.0,16105.0,46,68,62,145,68089.0,60703.0,64132.0,53241.0,170.5,0,-62891.02851373736,35146.99726700007
1549.0,4885.0,779.0,3240.0,891,1231,1284,2175,3908.0,6951.0,737.0,1347.0,170.6,0,-154525.6962712374,-30308.420088685263
35021.0,53974.0,9037.0,14237.0,322,101,54,98,43054.0,39412.0,28099.0,25193.0,170.6,0,-104359.78187915962,2388.6185958219103
12868.0,26540.0,3419.0,7195.0,1746,1571,3832,4003,11568.0,11475.0,1734.0,3602.0,170.7,0,-143955.99112572236,-27072.644218260983
78685.0,111149.0,52919.0,82792.0,311,186,542,193,59475.0,49123.0,48912.0,42060.0,170.7,0,-38959.25915978516,-6175.463231173435
5746.0,10578.0,1196.0,3166.0,3763,3731,4530,4629,13065.0,13307.0,1929.0,2561.0,170.8,0,-147787.00915584233,-24352.92407626222
44074.0,76140.0,10289.0,17265.0,281,129,0,31,63862.0,59430.0,52061.0,45819.0,170.8,0,-78958.10823509222,27535.351338512624
5666.0,13060.0,3323.0,5229.0,2307,2228,3403,3299,9427.0,9842.0,3414.0,2728.0,170.8,0,-147426.55127434744,-27334.87928243046
19242.0,27336.0,3115.0,6072.0,171,121,0,0,26175.0,24524.0,12270.0,18185.0,170.8,-1,-129252.8161695048,-11302.389104736092
57930.0,84831.0,23285.0,36115.0,218,182,0,79,67805.0,63825.0,34684.0,49174.0,170.9,0,-68520.74669271111,14215.734693708113
12985.0,14239.0,2360.0,3633.0,2426,2473,3472,3459,8254.0,7636.0,3143.0,2857.0,170.9,0,-145706.4765376738,-28040.52650991011
4726.0,13356.0,2873.0,5528.0,3775,4137,6083,6601,15937.0,16580.0,1246.0,2805.0,170.9,0,-145971.12710215186,-23767.34850614285
36492.0,61157.0,5010.0,8475.0,0,0,261,126,43946.0,42474.0,34403.0,34263.0,170.9,0,-102664.16931145148,9486.854482781298
3239.0,8183.0,1313.0,3996.0,2165,2201,2964,3442,7873.0,9061.0,939.0,1150.0,171.0,0,-151622.71969058402,-28190.468436253093
12805.0,20517.0,2114.0,3994.0,3114,2863,3894,3982,11569.0,10951.0,1999.0,2671.0,171.0,0,-144899.22316397307,-26287.83742591004
12751.0,16897.0,94.0,1777.0,2322,2146,3160,3277,9405.0,8780.0,2243.0,1692.0,171.0,0,-147328.21458311236,-26440.16735119931
3632.0,16532.0,1459.0,3974.0,2740,4072,3200,4901,6990.0,10454.0,627.0,2487.0,171.0,0,-151703.65357232152,-28782.24669480764
8232.0,18740.0,2221.0,4238.0,3255,3356,4846,5270,14391.0,15614.0,2210.0,3003.0,171.0,0,-145304.51764015647,-24129.576523555155
48625.0,68396.0,8381.0,13563.0,35,172,153,101,45973.0,41069.0,29914.0,27646.0,171.2,0,-96946.5288322964,4917.752364746306
21325.0,38893.0,3041.0,5394.0,55,86,321,114,23370.0,22864.0,5349.0,14373.0,171.2,0,-132746.34660902582,-16684.202759922402
3226.0,6476.0,1357.0,3333.0,2371,2570,2879,3280,8794.0,9955.0,1509.0,1959.0,171.3,0,-150869.52385725116,-27266.289430704317
26092.0,40934.0,4258.0,6372.0,4332,4179,7012,6762,19332.0,20154.0,6696.0,5261.0,171.3,0,-132410.33975604348,-21196.085895092263
2885.0,16943.0,865.0,3841.0,1262,2142,1156,1938,3277.0,5658.0,182.0,371.0,171.3,0,-154531.12523882923,-31238.34022853904
6417.0,15402.0,1766.0,3070.0,1236,1206,1862,1982,4589.0,4800.0,585.0,1495.0,171.3,0,-151579.45288155306,-30852.8086563604
6777.0,13227.0,2736.0,4327.0,1108,925,2231,2748,5934.0,7251.0,3336.0,3563.0,171.3,0,-148879.09999958074,-29147.58143314336
1838.0,6233.0,151.0,1382.0,1042,2277,1084,2952,3103.0,7823.0,311.0,427.0,171.4,0,-155477.30334888276,-30768.912258183333
6276.0,17797.0,322.0,1287.0,0,5,134,76,3661.0,5079.0,2099.0,1677.0,171.5,0,-152475.95352130214,-29862.384002425424
1055.0,3696.0,696.0,2200.0,0,0,150,52,7530.0,9623.0,942.0,1896.0,171.5,0,-153010.85416011297,-27761.90590985724
3476.0,10320.0,0.0,857.0,73,62,112,43,1793.0,4484.0,7345.0,6258.0,171.5,0,-152172.12636462407,-27723.04095388253
696242.0,819365.0,86491.0,125436.0,3162,2866,327,254,1168440.0,927322.0,403477.0,358559.0,171.5,3,907915.2823480484,833356.6433468127
19691.0,30205.0,2384.0,6561.0,3215,3771,5525,6029,16086.0,16367.0,2310.0,3380.0,171.5,0,-139649.8423047083,-23800.769659451627
15010.0,28241.0,3136.0,5502.0,3579,3713,6127,5781,17567.0,17683.0,4537.0,3224.0,171.5,0,-139576.09241960617,-22121.748338098485
88460.0,132938.0,8018.0,13396.0,231,107,384,248,68308.0,62810.0,52195.0,56373.0,171.5,0,-58961.84702167043,30638.730804955707
27936.0,38525.0,3221.0,6025.0,16577,16060,19370,18365,44466.0,40300.0,8160.0,6033.0,171.6,0,-120359.5811276052,-4016.004288028693
6612.0,12472.0,4221.0,7626.0,4187,4602,5934,6405,15820.0,15282.0,3305.0,3671.0,171.6,0,-143450.60406410843,-23807.96719995164
3785.0,18438.0,1946.0,5229.0,1697,2313,2042,2987,6311.0,8865.0,548.0,801.0,171.6,0,-151856.77333231346,-29832.857393685903
7864.0,10695.0,708.0,2344.0,1230,1543,497,1562,1667.0,4687.0,266.0,327.0,171.6,0,-153301.83132461872,-32454.664775698075
901475.0,951421.0,1378540.0,1573710.0,2181,1572,370,333,298221.0,236942.0,187705.0,127360.0,171.6,3,1383059.262073167,-669031.6453011167
12338.0,27846.0,3453.0,4962.0,4791,4830,6639,6963,16725.0,15123.0,4877.0,3490.0,171.6,0,-140668.55445344048,-22493.96517172271
16484.0,28869.0,2818.0,5650.0,2947,3137,4518,4445,13072.0,11644.0,2295.0,2719.0,171.6,0,-142113.14873126542,-25885.068013998807
5881.0,10548.0,1501.0,3412.0,5260,6087,6068,6911,15493.0,17269.0,2249.0,3555.0,171.7,0,-146177.53023379354,-22721.83166310074
7512.0,15551.0,2847.0,7418.0,2889,3391,4251,4657,11994.0,13783.0,674.0,2917.0,171.7,0,-146826.97867660574,-26650.79596473852
11031.0,13571.0,3778.0,5268.0,4336,4476,5358,5300,14617.0,12915.0,2373.0,3870.0,171.8,0,-142808.39951377845,-24938.27710790444
3539.0,9633.0,92.0,1878.0,1175,2744,1444,3242,2893.0,5698.0,0.0,223.0,171.8,0,-155055.92649005167,-31137.683865803512
3331.0,7716.0,1380.0,3480.0,6815,7646,7810,8666,16514.0,17595.0,0.0,3204.0,171.8,0,-147713.73243939597,-22831.789582706653
24614.0,36949.0,16684.0,28044.0,158,148,0,0,35379.0,32838.0,21238.0,26969.0,171.9,-1,-109115.92398934846,-9176.66654657968
7347.0,8707.0,357.0,1796.0,2666,2423,3971,3864,10087.0,9605.0,2665.0,3030.0,171.9,0,-148725.5860014292,-25429.442602215306
45150.0,73829.0,3797.0,6451.0,37,63,406,204,37897.0,35434.0,35741.0,30974.0,171.9,0,-102604.74212458175,5895.002106952579
6263.0,15389.0,2978.0,6738.0,2640,3061,3346,3741,10246.0,11542.0,1140.0,2523.0,171.9,0,-147915.53627939217,-27626.73521150645
5846.0,8947.0,2837.0,5184.0,2721,2615,3156,3340,8665.0,9938.0,1865.0,3310.0,171.9,0,-148529.4803872154,-28080.749866629463
8119.0,17524.0,3407.0,7527.0,5630,5999,7116,7358,18091.0,19529.0,3840.0,5269.0,171.9,0,-141967.70242782764,-21476.414299831384
25177.0,43221.0,6083.0,10728.0,411,209,359,143,26073.0,26098.0,21978.0,25925.0,171.9,0,-120252.25521149304,-8304.027950071511
39453.0,63446.0,4794.0,9089.0,143,96,152,141,36527.0,34196.0,28109.0,28344.0,172.0,0,-108015.84570012693,1147.8766258231735
61438.0,102706.0,9933.0,17354.0,0,124,210,96,67427.0,61315.0,41459.0,44182.0,172.0,0,-74605.7519681669,24173.89389251765
129537.0,178767.0,153950.0,224096.0,8845,8478,12773,12513,39428.0,38338.0,10120.0,8405.0,172.1,0,24063.289092750725,-107242.4128700372
248987.0,372210.0,19556.0,26197.0,230,382,253,155,174488.0,149724.0,82357.0,75667.0,172.1,0,76181.53638146835,95850.2432387166
10718.0,15544.0,3112.0,3709.0,2250,2251,3422,3271,8555.0,7993.0,1146.0,1658.0,172.2,0,-146868.7885602635,-29205.35444614679
4365.0,9029.0,204.0,2306.0,1111,2114,1472,3066,3972.0,8947.0,2309.0,2032.0,172.2,0,-153073.29572051187,-29320.145024348367
32250.0,52103.0,9657.0,15367.0,293,124,239,196,44877.0,42718.0,20865.0,30787.0,172.2,0,-106207.27867589577,1194.9109888309722
72366.0,98797.0,17610.0,24739.0,197,253,321,122,60821.0,58046.0,47284.0,43761.0,172.4,0,-65710.03205649968,16843.748311057545
25202.0,49179.0,5710.0,9470.0,339,267,48,63,26801.0,24147.0,20651.0,18931.0,172.5,0,-121545.37921908055,-9291.114289254478
47052.0,83152.0,6852.0,9594.0,322,278,0,0,58673.0,54674.0,29157.0,36902.0,172.5,-1,-92043.43969347882,15189.18680588173
12563.0,25501.0,1881.0,3818.0,2709,2552,3343,3528,10304.0,10787.0,2201.0,2072.0,172.5,0,-145732.2538662316,-26937.99691850632
9611.0,22046.0,2628.0,4857.0,4376,4627,6097,6404,15215.0,16607.0,2874.0,3374.0,172.6,0,-143791.24165860584,-23613.544136507408
48255.0,61627.0,8342.0,10881.0,294,162,0,107,38423.0,34190.0,30875.0,25421.0,172.7,0,-100454.7516945662,238.1470503929486
37632.0,60649.0,3541.0,5935.0,140,262,169,105,52502.0,48478.0,36837.0,34382.0,172.7,0,-98441.06594212708,16784.90240804949
2303.0,11279.0,628.0,2000.0,3333,4883,3854,5776,10721.0,15550.0,883.0,2435.0,172.7,0,-151049.70444172292,-25714.99644503368
9637.0,17535.0,2260.0,6441.0,3588,3635,5992,6044,15502.0,16996.0,1983.0,2454.0,172.8,0,-144352.30414544712,-23723.820610721392
939.0,5460.0,218.0,1561.0,176,108,147,85,2279.0,4472.0,460.0,819.0,172.8,0,-156069.27098023126,-31149.61099592085
1514.0,5256.0,0.0,131.0,167,66,203,89,3855.0,4836.0,881.0,1258.0,172.8,0,-155062.96485263327,-29806.392281213004
478568.0,635696.0,17598.0,24290.0,650,651,504,227,389310.0,328626.0,235832.0,174772.0,172.8,0,334855.67902453046,298291.0932133879
54861.0,84388.0,3632.0,4715.0,838,867,279,128,41797.0,40177.0,29027.0,33141.0,172.9,0,-99186.00691483024,5362.971667116904
44304.0,66959.0,5934.0,10622.0,249,227,220,98,25956.0,25005.0,16020.0,23646.0,172.9,0,-115062.3158851142,-12393.397601303608
25257.0,36898.0,4883.0,6945.0,167,107,70,75,22727.0,22654.0,14448.0,17024.0,172.9,0,-126461.10681611848,-14260.023625801994
6583.0,16802.0,2149.0,3343.0,4484,4822,6367,6906,15256.0,16121.0,2544.0,3479.0,173.0,0,-145451.5007888056,-23211.17721332943
749.0,4499.0,470.0,2749.0,768,2170,1138,2983,2781.0,7721.0,580.0,2219.0,173.0,0,-155522.99304224714,-30701.18431934542
572.0,3458.0,868.0,3875.0,1160,3110,1336,3584,3336.0,9289.0,518.0,959.0,173.0,0,-155251.37961347026,-30816.73622071988
1218.0,8236.0,403.0,2013.0,580,942,643,1313,1532.0,4092.0,945.0,1971.0,173.1,0,-155837.9468902634,-31366.97824295732
4022.0,15383.0,1757.0,4764.0,6377,10047,7565,11346,16061.0,22513.0,1115.0,2089.0,173.1,0,-147105.31420573863,-23111.105642701164
25176.0,37269.0,2313.0,5587.0,1535,1537,4919,4945,13469.0,13073.0,5521.0,4664.0,173.1,0,-137289.74344439732,-24213.918123540345
3577.0,15644.0,1460.0,5048.0,1522,3341,2063,4404,5275.0,11352.0,997.0,1872.0,173.1,0,-152443.96195943243,-29808.77224787341
816.0,3983.0,1538.0,7143.0,1,0,209,130,2151.0,5571.0,22246.0,45767.0,173.1,0,-141546.82774115345,-15695.928300813866
751025.0,971119.0,468042.0,709647.0,867,850,831,379,544731.0,433934.0,264880.0,219510.0,173.1,3,843936.2371809487,115421.02400349964
8924.0,22865.0,2633.0,5608.0,41,93,117,39,13627.0,14801.0,3679.0,6411.0,173.2,0,-144121.46645490764,-23761.450423498216
918.0,4471.0,781.0,2716.0,1106,2232,1807,3815,4481.0,10570.0,0.0,367.0,173.2,0,-154919.073573936,-30371.83705262663
70086.0,100532.0,3469.0,4779.0,650,275,1,18,58473.0,53428.0,44042.0,45239.0,173.2,0,-78476.72799516827,23261.17824705105
1046.0,4131.0,12.0,843.0,149,257,89,0,11284.0,13265.0,693.0,899.0,173.3,-1,-152013.5382207598,-25221.84885425981
2657.0,9864.0,290.0,1596.0,213,108,40,6,3620.0,5503.0,13834.0,17846.0,173.3,0,-147624.48536103638,-22114.472940260588
594936.0,684848.0,53307.0,71884.0,3409,2047,0,145,1236610.0,934426.0,541846.0,415640.0,173.3,3,932522.1198623764,971096.391199641
78614.0,120250.0,5429.0,7860.0,94,107,493,299,67004.0,63377.0,37279.0,50197.0,173.3,0,-71654.95120543445,24829.9610745324
14632.0,26824.0,10733.0,15319.0,46,260,108,44,23265.0,21344.0,12399.0,11950.0,173.3,0,-127927.35801699442,-18576.06757654253
2142.0,12986.0,180.0,1304.0,171,86,150,14,6036.0,9582.0,269.0,851.0,173.3,0,-153975.5879440344,-28903.458476570133
621887.0,799173.0,101367.0,159642.0,1257,1056,147,132,893807.0,743502.0,366603.0,322453.0,173.3,3,745753.9715700862,633938.7221445313
2796.0,15473.0,181.0,1579.0,1106,2970,1276,3953,3284.0,9069.0,459.0,1237.0,173.3,0,-154825.32129531394,-30543.06356823545
3796.0,7499.0,0.0,644.0,2382,4229,3105,5615,6887.0,12012.0,833.0,2216.0,173.3,0,-152649.61150703076,-27898.99924357428
77529.0,130438.0,14058.0,21348.0,379,193,280,166,67312.0,58397.0,47228.0,46817.0,173.4,0,-62756.517665191466,23309.09584509731
3300.0,8910.0,1112.0,2824.0,3938,4643,5316,6324,13188.0,14798.0,1865.0,3389.0,173.4,0,-148708.86813304733,-23955.707830623345
29938.0,55120.0,36378.0,61087.0,4846,4879,6488,6807,20906.0,21056.0,2938.0,4523.0,173.4,0,-109424.20355781926,-42313.7259418418
42841.0,64057.0,17974.0,28943.0,215,136,115,88,49364.0,45448.0,40823.0,41307.0,173.4,0,-85409.4261870972,8184.538990504483
5342.0,16235.0,1795.0,3929.0,2515,2749,3958,4859,10229.0,12662.0,758.0,2051.0,173.5,0,-149317.43796235754,-27069.382842838957
2605.0,6263.0,1055.0,3669.0,628,1002,659,2064,1475.0,5409.0,259.0,366.0,173.5,0,-155301.22015922124,-32447.933128450637
12308.0,22932.0,1996.0,5942.0,2087,1718,5007,4686,12569.0,11784.0,4005.0,4576.0,173.6,0,-143753.32004933123,-24398.19913531394
11080.0,26831.0,2550.0,5469.0,4463,5139,5749,6197,13982.0,14929.0,1216.0,1788.0,173.7,0,-144611.89893337508,-25390.77585196885
8889.0,13520.0,2593.0,4148.0,4083,4506,5742,6007,14723.0,14771.0,2836.0,2840.0,173.8,0,-144415.48578624727,-23957.970995435626
5403.0,10023.0,1896.0,4226.0,1030,907,2028,2148,6588.0,7153.0,456.0,1307.0,173.8,0,-151075.3578421456,-29688.334447847785
756.0,2599.0,1105.0,4125.0,4092,5573,4289,5780,9282.0,12439.0,228.0,1053.0,173.8,0,-152416.64728113252,-27320.031814723152
5811.0,15416.0,2547.0,5188.0,3241,3600,3820,4090,8882.0,8494.0,2249.0,1958.0,173.8,0,-148673.36139664,-27813.91475795842
4334.0,12020.0,1860.0,4160.0,2020,2119,2464,2469,6876.0,6765.0,550.0,1613.0,173.8,0,-151332.03400283188,-29325.4202994583
6823.0,14908.0,1093.0,3493.0,4593,5188,4875,5419,12546.0,12768.0,655.0,2046.0,173.9,0,-148184.00263786988,-25303.51294664039
71272.0,99480.0,13440.0,19131.0,272,230,169,107,53238.0,47405.0,42178.0,36291.0,174.0,0,-75284.50918016049,11396.56758670283
12784.0,16277.0,2209.0,3080.0,2694,2204,3872,3528,9492.0,8768.0,3153.0,2196.0,174.0,0,-145413.6751456528,-27251.0634608818
162683.0,247130.0,10731.0,16056.0,566,330,143,82,175165.0,143089.0,64942.0,61837.0,174.0,0,26875.58976157737,97900.04399936802
12773.0,22025.0,2377.0,5087.0,1839,1499,3570,3735,9097.0,9958.0,2246.0,3878.0,174.0,0,-145604.74040855165,-27716.20356417536
11521.0,20032.0,1960.0,5578.0,2824,2985,3885,3521,10286.0,10485.0,2864.0,3433.0,174.1,0,-145694.95018491597,-26433.44820993027
3013.0,13904.0,854.0,2479.0,1579,2255,1898,2755,5607.0,7884.0,658.0,1302.0,174.1,0,-153140.95166127823,-29415.9024898595
6138.0,22218.0,1776.0,3642.0,2706,3396,3753,4996,8403.0,11369.0,2196.0,3111.0,174.1,0,-149162.98438464207,-27490.869646833613
5328.0,10548.0,926.0,2785.0,3065,3416,4395,4605,11301.0,11811.0,1111.0,2663.0,174.2,0,-149230.61626406232,-25598.176429133204
64660.0,106886.0,24174.0,39830.0,497,194,336,174,48670.0,43525.0,38797.0,39421.0,174.4,0,-73490.54357394177,1282.7327284738822
39967.0,17451.0,0.0,0.0,4426,4371,5982,5588,14315.0,13398.0,3013.0,2300.0,174.4,0,-133664.89721446016,-24619.75033090566
33260.0,59910.0,7339.0,14577.0,248,174,149,78,32875.0,32674.0,11143.0,19951.0,174.4,0,-117762.37001989204,-10822.621575680172
218499.0,248738.0,19633.0,24826.0,786,432,58,72,162393.0,97008.0,79240.0,47424.0,174.5,0,53578.82202229291,84294.31703607136
3734.0,14493.0,1948.0,5528.0,2115,2759,2598,3425,7838.0,10402.0,366.0,1119.0,174.5,0,-151213.22719419823,-28889.6750241888
243934.0,350767.0,8647.0,13724.0,683,372,81,105,284490.0,248451.0,125341.0,114083.0,174.5,0,136887.59886248593,196780.25153741025
28828.0,43309.0,5676.0,10364.0,590,319,440,152,27540.0,26059.0,23342.0,20778.0,174.5,0,-118523.25672190991,-7611.865461523896
5803.0,11703.0,2083.0,4451.0,3929,4111,4577,4738,12145.0,12671.0,1185.0,1917.0,174.6,0,-147921.39223435198,-25910.778607195505
31633.0,51048.0,5812.0,7286.0,499,207,267,195,41962.0,38999.0,28038.0,23883.0,174.6,0,-108653.98518023158,3707.620271326512
78803.0,126591.0,5480.0,9714.0,680,416,8,91,58132.0,51672.0,42626.0,46176.0,174.6,0,-74076.05020894378,20772.72454598777
16617.0,33200.0,1517.0,3447.0,4451,4442,5888,6032,18239.0,16976.0,2225.0,3568.0,174.6,0,-140541.19959982793,-21701.06008594448
1916.0,11978.0,3173.0,11918.0,146,22,213,137,3843.0,6839.0,804.0,1692.0,174.7,0,-152686.17838005756,-31794.82651593615
1440850.0,966191.0,3488830.0,3859270.0,4819,2072,2253,755,488722.0,392453.0,294941.0,208024.0,174.7,3,3196907.3350282446,-1850594.1840675136
18498.0,29650.0,4251.0,4923.0,157,144,474,178,22699.0,20539.0,15385.0,15596.0,174.7,0,-129512.25125630136,-13276.73108197187
172987.0,240498.0,26773.0,35819.0,444,408,62,98,161103.0,131934.0,74088.0,56944.0,174.7,0,38590.71014224336,81319.99433031767
7714.0,18942.0,2128.0,6095.0,1579,1518,2076,2124,7299.0,8013.0,12.0,1803.0,174.7,0,-149748.11085797258,-29641.68131168212
32833.0,41235.0,3276.0,3348.0,406,202,141,112,30434.0,26949.0,29172.0,26160.0,174.7,0,-114405.0605587436,-1226.0559067652505
4669.0,15193.0,959.0,2969.0,1815,2272,2155,2775,6024.0,7624.0,9.0,1302.0,174.8,0,-152440.9468785956,-29597.694459190006
8763.0,19355.0,3870.0,8269.0,5105,5687,6272,7147,16937.0,18341.0,1442.0,2379.0,174.8,0,-143156.8517980427,-24010.178513764007
3381.0,6967.0,887.0,2573.0,2670,3140,3853,4235,9804.0,10558.0,1083.0,1921.0,174.8,0,-150835.41015798482,-26525.466728492604
4432.0,12766.0,698.0,2254.0,1600,1644,2341,2602,6443.0,7982.0,527.0,2041.0,174.9,0,-152245.0577415555,-28816.923408907955
85079.0,130948.0,4272.0,7107.0,493,241,0,32,87186.0,78066.0,74243.0,67541.0,174.9,0,-44874.80011314653,56189.05334521672
957.0,5043.0,1217.0,5052.0,3376,5841,3636,6262,7690.0,13429.0,0.0,0.0,175.0,0,-153194.3116444217,-28675.60516305401
60261.0,99890.0,9952.0,15904.0,242,257,342,199,67717.0,56646.0,47009.0,41610.0,175.0,0,-73219.9463370137,26337.9453375947
21201.0,38939.0,60244.0,99746.0,2133,2062,3178,3306,9743.0,9380.0,2392.0,2539.0,175.0,0,-102015.89526750246,-64340.9401984938
6287.0,10175.0,2564.0,4545.0,3478,3887,5249,5674,17471.0,17316.0,3782.0,3527.0,175.0,0,-143828.28460002205,-21526.624443282893
1058.0,6045.0,882.0,3422.0,1312,2303,1331,2548,2908.0,5529.0,466.0,761.0,175.0,0,-155279.50921584753,-31181.462147749407
313853.0,424460.0,305491.0,392362.0,841,402,335,137,123811.0,107116.0,78866.0,70214.0,175.1,0,275382.0557459879,-122266.18103554104
4516.0,15913.0,2961.0,7123.0,2575,2849,3965,4563,9976.0,11814.0,1962.0,3672.0,175.2,0,-148315.25917893735,-27142.40302093236
1377.0,7480.0,595.0,3305.0,426,1369,509,1684,1356.0,4358.0,259.0,701.0,175.2,0,-156133.7338135872,-32100.989918487925
6979.0,12326.0,1398.0,2370.0,2720,2781,3857,3684,10850.0,10694.0,1634.0,2930.0,175.2,0,-148206.5739388934,-26025.647028667925
76765.0,116650.0,42149.0,62724.0,635,330,238,151,86389.0,76430.0,73868.0,61125.0,175.2,0,-23430.48240890901,31258.49918276624
18955.0,23819.0,1785.0,4566.0,5462,5329,7717,7435,21751.0,21466.0,1837.0,3281.0,175.2,0,-137990.28077931222,-20006.069842701487
1686.0,9729.0,295.0,3740.0,421,1073,690,1917,2279.0,5951.0,1388.0,2370.0,175.3,0,-155170.50807124062,-30607.10807172505
3752.0,20327.0,1138.0,4884.0,1689,2521,2484,3778,6620.0,9977.0,117.0,665.0,175.3,0,-152464.67199374628,-29329.668002167964
20075.0,39149.0,5664.0,10264.0,121,62,0,0,25343.0,24559.0,11648.0,15134.0,175.3,-1,-128142.99567491644,-14232.234949897698
71911.0,103785.0,19546.0,30808.0,0,379,259,158,61938.0,54817.0,47707.0,45924.0,175.4,0,-63626.96744925904,16888.73979971164
58414.0,99660.0,19657.0,29810.0,391,377,286,194,71995.0,66124.0,51970.0,53788.0,175.4,0,-61975.91544764669,27105.57590261401
57527.0,85534.0,17977.0,29070.0,686,347,26,100,54255.0,49959.0,34814.0,35299.0,175.4,0,-80163.98930928296,6834.518746335361
5251.0,19077.0,1798.0,3996.0,1253,1393,3045,3584,8279.0,10176.0,763.0,1680.0,175.4,0,-150280.74026241107,-28356.83546818384
5555.0,13829.0,1225.0,3326.0,2714,3801,3686,4898,8589.0,11088.0,1675.0,3410.0,175.4,0,-149852.94782226696,-27160.237561809947
55863.0,94339.0,3867.0,7211.0,320,288,0,43,58592.0,53847.0,36192.0,43191.0,175.4,0,-87129.34531523475,20388.56788831807
9374.0,25833.0,2719.0,3908.0,2770,2715,4098,4308,13112.0,13548.0,2338.0,3506.0,175.5,0,-144960.7767108417,-25192.06772810572
5493.0,18108.0,2228.0,5286.0,3119,3659,4164,5047,11470.0,14429.0,1752.0,2936.0,175.5,0,-147916.8485730389,-26007.29673113696
42977.0,61004.0,3954.0,5872.0,523,199,76,104,37922.0,35532.0,21444.0,28487.0,175.5,0,-108964.76892971277,-445.93892929728463
100632.0,155316.0,25633.0,37815.0,305,155,0,18,37468.0,33082.0,29027.0,24735.0,175.6,0,-68263.91087042532,-15510.838184576452
4983.0,15021.0,1886.0,4669.0,2763,3444,3340,4402,8678.0,10870.0,2091.0,2609.0,175.6,0,-149538.60940735956,-27436.64924352072
24118.0,51736.0,12766.0,22875.0,136,119,58,73,36550.0,35219.0,16338.0,18996.0,175.6,0,-114305.5208965212,-9285.673640693543
5448.0,10417.0,2066.0,4243.0,2494,2269,3449,3318,8869.0,7759.0,2619.0,2294.0,175.7,0,-148983.183822611,-27287.626695530467
46659.0,67671.0,9612.0,14559.0,589,352,333,216,20381.0,18383.0,16091.0,15789.0,175.7,0,-115036.92021699972,-19611.735351664567
2680.0,7092.0,2008.0,5374.0,807,793,2017,2279,4673.0,4967.0,1529.0,1954.0,175.7,0,-152499.22772233476,-30238.272892172336
55342.0,82748.0,11052.0,17267.0,285,246,0,0,54297.0,52522.0,45087.0,40848.0,175.8,-1,-81343.4996482777,16564.172081908193
53800.0,85891.0,9375.0,16452.0,613,180,251,139,47283.0,40748.0,31014.0,27597.0,175.8,0,-93149.0882132914,5239.106959433357
40422.0,65618.0,13941.0,21053.0,6024,5453,8879,8721,25814.0,25198.0,7916.0,7653.0,175.9,0,-116174.31100375472,-23209.396103665706
5824.0,19595.0,1903.0,4952.0,2760,2815,3567,3867,8937.0,9496.0,0.0,1784.0,175.9,0,-149941.34194912988,-28347.465032492637
22271.0,35156.0,4154.0,6700.0,0,36,332,165,29724.0,28602.0,12995.0,26134.0,175.9,0,-124418.19420947808,-8331.10630263481
238376.0,327406.0,16684.0,23979.0,302,227,146,139,258271.0,216927.0,129561.0,100422.0,175.9,0,128172.13623626529,175096.64272689162
37624.0,61585.0,6334.0,8581.0,28,159,283,191,43813.0,37644.0,32208.0,30633.0,176.0,0,-102614.85784540715,6994.379375234017
130534.0,200979.0,24800.0,33355.0,62,202,592,220,217134.0,171083.0,75248.0,67453.0,176.0,0,46858.48267993136,122919.68696650615
1750.0,10736.0,791.0,4302.0,1751,2947,2360,4055,5904.0,10040.0,0.0,1425.0,176.0,0,-153794.1115480428,-29361.889935144405
891.0,5415.0,508.0,2167.0,442,1231,566,1827,1839.0,5689.0,252.0,483.0,176.0,0,-156205.1141649484,-31747.19594173468
98923.0,149020.0,38806.0,64107.0,502,404,285,88,118952.0,111576.0,64222.0,89344.0,176.0,0,-1979.529105964175,52987.7841802411
113280.0,171128.0,19283.0,29419.0,601,376,81,119,88140.0,77571.0,74115.0,67436.0,176.1,0,-22589.87526049965,45464.73228133116
2583.0,9310.0,1241.0,2483.0,3378,3625,4461,4714,11556.0,12895.0,103.0,848.0,176.1,0,-150622.7961673839,-26170.677650929763
17698.0,31659.0,1333.0,2846.0,4670,5215,7234,7631,18111.0,18767.0,1669.0,3205.0,176.1,0,-140532.15205011572,-22025.261030399
4279.0,8533.0,1702.0,4148.0,2735,2978,3737,3887,10810.0,12227.0,214.0,2305.0,176.2,0,-149723.5065441878,-26762.773529039707
1007.0,5882.0,163.0,1011.0,188,132,209,131,1602.0,4179.0,8741.0,23454.0,176.2,0,-150468.47567290213,-24440.04886568638
70111.0,109554.0,6598.0,9122.0,456,249,223,111,46436.0,42366.0,23667.0,29964.0,176.2,0,-91181.70554026782,2684.1714747646365
57416.0,81169.0,15110.0,22378.0,213,132,0,24,56618.0,49954.0,38895.0,45685.0,176.3,0,-78306.76437435037,13515.360943689328
34517.0,58085.0,10071.0,14028.0,379,157,124,89,43716.0,38617.0,35481.0,34181.0,176.3,0,-99693.52049722565,6730.8518543875725
6979.0,12085.0,3422.0,4992.0,2263,2283,2776,2494,7190.0,6437.0,1427.0,2310.0,176.3,0,-148615.96840607302,-29799.05916762102
2567.0,9331.0,1429.0,4210.0,1090,1294,1384,1996,4281.0,6058.0,731.0,1020.0,176.3,0,-153534.73788964894,-30601.75522682399
2813.0,8053.0,2231.0,5066.0,2575,2781,3463,4039,10961.0,12127.0,1340.0,3390.0,176.4,0,-149338.53975890536,-26258.065023717925
1586.0,7988.0,655.0,2739.0,1383,2069,1602,2611,4234.0,6798.0,530.0,772.0,176.4,0,-154596.74850656488,-30205.65165945917
52192.0,74959.0,15090.0,22162.0,562,322,400,224,47749.0,42123.0,32348.0,29616.0,176.5,0,-88903.4087462629,2934.369107125767
34658.0,56020.0,5601.0,7844.0,5757,5461,7962,7265,22877.0,22106.0,4886.0,4221.0,176.5,0,-127171.80262204996,-21279.853487508044
45814.0,77847.0,15593.0,26807.0,360,177,253,135,35401.0,32953.0,13819.0,24807.0,176.5,0,-104181.01425094856,-13321.10559639099
17666.0,34383.0,8538.0,14282.0,3783,4164,5303,5154,14976.0,15216.0,3709.0,4251.0,176.5,0,-136102.40115126604,-27508.873344678574
34376.0,56443.0,13033.0,17964.0,285,177,0,63,38459.0,36518.0,32816.0,29835.0,176.5,0,-101608.74169734298,-259.4434476858514
8613.0,22405.0,2439.0,4212.0,2207,2224,3078,3227,8706.0,8870.0,2418.0,1949.0,176.6,0,-147621.8384069248,-27970.8986179533
55051.0,88102.0,15474.0,23305.0,336,206,444,156,46868.0,42295.0,30137.0,33111.0,176.7,0,-88239.40871643582,1583.9067456353405
73631.0,108228.0,9259.0,16156.0,354,387,359,181,49015.0,44551.0,36725.0,36859.0,176.7,0,-81049.77230137752,9001.554482464886
2149.0,6309.0,3009.0,5984.0,2121,2659,2724,3136,8335.0,9127.0,1654.0,2426.0,176.7,0,-150264.91436996477,-28388.05612902316
66704.0,107331.0,5480.0,8470.0,554,236,124,79,40301.0,34035.0,25175.0,29186.0,176.7,0,-95656.4492693404,236.0485300756009
1256.0,7898.0,0.0,690.0,457,1189,690,1954,1330.0,4414.0,589.0,1024.0,176.7,0,-156443.0030231787,-31545.29586917725
10864.0,19933.0,4325.0,6152.0,2912,2710,4230,4195,9282.0,9958.0,1655.0,2107.0,176.7,0,-145396.51132256284,-29229.739037033734
65498.0,92999.0,11863.0,20642.0,249,245,272,117,50620.0,45157.0,34342.0,32376.0,176.7,0,-83304.78676833042,7190.5321628631245
29922.0,53916.0,7700.0,13681.0,269,194,134,62,33344.0,32749.0,14649.0,24263.0,176.8,0,-116829.87861269288,-8372.707596255397
9923.0,20274.0,1922.0,4556.0,4077,4360,5770,6435,14018.0,14512.0,1836.0,2427.0,176.9,0,-145194.45368547516,-24535.46204939341
4651.0,12911.0,2313.0,6569.0,3650,4123,4448,5031,11961.0,13047.0,307.0,2070.0,176.9,0,-148622.75713789443,-26440.57993044005
2625.0,14125.0,762.0,2766.0,1291,1969,1687,2571,4675.0,7477.0,542.0,1317.0,176.9,0,-153825.36653868697,-29968.73415813634
6223.0,15586.0,1828.0,4600.0,3185,4354,3907,5263,8771.0,11377.0,2744.0,2799.0,176.9,0,-148762.2788295345,-27116.533896870093
7708.0,16878.0,2320.0,5001.0,3235,3261,5067,5520,13618.0,15791.0,629.0,2944.0,176.9,0,-146389.90777095425,-25318.747998426574
22777.0,37749.0,1119.0,4172.0,4901,4596,6649,6667,21661.0,20669.0,5082.0,5555.0,176.9,0,-135443.31710194837,-18168.72278279888
13200.0,17186.0,2919.0,3389.0,7340,7977,8199,8310,17675.0,18013.0,3683.0,3009.0,177.0,0,-140749.77268938266,-22190.719163856225
2311.0,4821.0,0.0,1122.0,1369,2518,1688,3437,3843.0,7230.0,322.0,590.0,177.1,0,-155028.12353522275,-30205.02859934036
5707.0,14013.0,1714.0,3008.0,2195,2346,6008,6711,14383.0,16691.0,1544.0,2854.0,177.1,0,-146957.80776604067,-23951.931416344574
28005.0,59112.0,2753.0,5165.0,7246,6885,10338,10238,27117.0,25353.0,4645.0,4908.0,177.1,0,-129947.41381175425,-16365.057827829454
33472.0,55433.0,4753.0,7593.0,218,162,92,134,35720.0,33042.0,29672.0,23767.0,177.2,0,-110858.69139283424,973.1359427877431
1572.0,10254.0,1587.0,8962.0,731,2117,825,2766,2766.0,7893.0,1223.0,2385.0,177.2,0,-154163.55749785918,-31169.707075845243
2003.0,12215.0,1452.0,9137.0,1772,3127,2609,4863,7290.0,13593.0,744.0,1421.0,177.2,0,-152334.77398021313,-28604.87187299228
1434.0,9004.0,504.0,2504.0,786,1374,1265,2246,3173.0,5814.0,237.0,529.0,177.2,0,-155382.1882126412,-30934.05397004532
3810.0,11614.0,1874.0,4810.0,994,2331,1248,2677,2661.0,5340.0,632.0,1127.0,177.2,0,-153472.13125079765,-32010.82022830065
1962.0,8288.0,226.0,3200.0,566,1785,686,1998,1677.0,4119.0,621.0,1098.0,177.2,0,-155819.98056903176,-31488.46462945603
27094.0,48540.0,2681.0,4246.0,7138,6666,9408,8863,39882.0,31940.0,11149.0,12634.0,177.3,0,-121240.44428011976,-4222.710857587168
14371.0,21979.0,2361.0,4326.0,5499,5592,8559,8923,19715.0,19981.0,5342.0,4890.0,177.3,0,-138889.6585893836,-19626.2153144174
6335.0,16302.0,1356.0,2629.0,1700,1990,2448,2601,5540.0,5885.0,741.0,1049.0,177.3,0,-151464.44188480306,-29993.89259513975
94026.0,134154.0,12103.0,19518.0,725,255,0,136,69814.0,60030.0,64869.0,48653.0,177.3,0,-49480.037247125365,32742.286950700836
32521.0,62873.0,4080.0,6570.0,518,214,0,4,35877.0,32849.0,23059.0,23661.0,177.4,0,-114095.46807499562,-1235.584408507093
57439.0,92328.0,7660.0,12176.0,544,303,441,227,51157.0,46312.0,41393.0,42262.0,177.5,0,-85413.34815493885,15237.91568119438
38017.0,61867.0,6160.0,11043.0,275,282,210,127,35490.0,34534.0,27469.0,25004.0,177.5,0,-108785.92411628156,-1076.6404474010124
8872.0,16159.0,2940.0,4479.0,7201,7285,9075,9386,22143.0,23202.0,2266.0,3323.0,177.6,0,-140975.88445293912,-19639.6001371121
302089.0,408572.0,26548.0,37482.0,536,538,316,168,203610.0,176566.0,89674.0,84519.0,177.6,0,119704.5514990584,110913.50450271528
9176.0,15212.0,1848.0,3818.0,4237,4468,4946,5102,12318.0,13597.0,0.0,1473.0,177.6,0,-147116.64549962114,-26440.92496760644
5375.0,16130.0,782.0,3044.0,2929,3838,3542,4703,9297.0,12504.0,1602.0,3427.0,177.6,0,-149937.89587705952,-26451.186549731217
54735.0,86347.0,14082.0,21969.0,183,170,219,137,61947.0,56127.0,34829.0,47348.0,177.6,0,-79002.39648243797,16265.745772711682
5878.0,10930.0,1459.0,3293.0,2129,2216,3266,3485,7789.0,8095.0,1596.0,1856.0,177.6,0,-150147.0791371177,-28117.0104434626
23513.0,37644.0,8301.0,12640.0,230,192,414,177,20306.0,19328.0,9889.0,14457.0,177.7,0,-127912.6207673186,-20147.53398386466
2646.0,13235.0,638.0,1962.0,1499,2099,1979,2804,4959.0,7089.0,612.0,937.0,177.7,0,-153795.71091693657,-29743.776221686418
1611660.0,1741160.0,3893090.0,3975400.0,4278,2717,1660,913,206896.0,164532.0,117771.0,106694.0,177.7,2,3340786.082852618,-2384298.097765824
3608.0,11989.0,1126.0,5057.0,207,232,158,133,2420.0,6795.0,23906.0,38458.0,177.7,0,-140877.1765666893,-15925.381642264252
56044.0,87463.0,16284.0,27436.0,95,108,0,0,56251.0,56004.0,24318.0,39437.0,177.7,-1,-84406.52502157404,5528.961626814718
99338.0,139126.0,10627.0,15435.0,89,168,149,225,66119.0,62241.0,51091.0,38354.0,177.8,0,-56376.99964088868,23554.232866465285
18074.0,34181.0,5577.0,9672.0,2286,2327,5156,5399,19959.0,22047.0,3682.0,7557.0,177.8,0,-135329.46468099087,-22005.56759026494
73947.0,100706.0,16374.0,27128.0,82,188,0,0,62456.0,59876.0,46086.0,44539.0,177.8,-1,-65539.03482842102,18186.653941276283
3655.0,5745.0,0.0,0.0,257,242,131,165,7668.0,8083.0,6687.0,4794.0,177.8,0,-149877.6354766801,-24531.20015090688
488062.0,639578.0,92520.0,141763.0,1674,1287,364,220,752869.0,619532.0,208899.0,192963.0,177.8,3,546742.9445859134,472123.4751293178
5610.0,18043.0,99.0,1543.0,1878,1954,2603,2949,7931.0,8752.0,95.0,2067.0,177.8,0,-151660.66941319196,-27753.28594739152
392614.0,559433.0,48648.0,76037.0,1885,1280,0,96,366955.0,287020.0,147277.0,121085.0,177.8,0,271557.87464219925,224471.96082539312
7538.0,17946.0,2715.0,5949.0,1659,1869,4290,5111,10770.0,13012.0,3004.0,5055.0,177.9,0,-146331.9815897494,-26021.582178408105
6266.0,10203.0,2533.0,4342.0,2959,3081,4055,4077,11041.0,10941.0,2540.0,2521.0,178.0,0,-147345.18968532793,-26256.34556953998
21110.0,33113.0,3106.0,4549.0,3452,3269,7717,8024,20671.0,20624.0,7079.0,9116.0,178.0,0,-134015.1145057104,-18520.62405646252
21447.0,42060.0,9413.0,15636.0,65,118,133,69,25278.0,24172.0,18095.0,19141.0,178.0,0,-122129.79013151833,-13373.272250181437
74157.0,100967.0,7880.0,11774.0,65,285,137,88,54062.0,48416.0,35317.0,32617.0,178.1,0,-80567.90754667427,11752.389732561536
39082.0,53007.0,5587.0,7461.0,408,251,298,160,36290.0,33571.0,23868.0,26664.0,178.1,0,-109503.61956840345,-1524.76629318931
96507.0,164913.0,13523.0,23697.0,1025,1019,0,119,108525.0,99356.0,88280.0,77574.0,178.2,0,-17737.12631417968,70630.2036702915
70828.0,109007.0,8045.0,12644.0,41,196,35,42,67347.0,62287.0,51612.0,53203.0,178.2,0,-67213.617905824,30405.963980563665
4635.0,20194.0,1302.0,3717.0,1069,2185,1858,3605,4922.0,9820.0,2009.0,3113.0,178.2,0,-151749.93800491508,-29377.82385145072
2693.0,8266.0,523.0,1501.0,671,1667,880,2228,1930.0,5904.0,136.0,556.0,178.2,0,-155448.45613199598,-31852.588541733065
536918.0,629210.0,97759.0,134912.0,1562,1223,469,176,835315.0,653464.0,322709.0,303878.0,178.2,3,663551.869399915,583343.9502015781
62246.0,101101.0,20887.0,33441.0,43,105,450,220,64325.0,60066.0,41770.0,44678.0,178.3,0,-67930.93339896182,15493.433850485988
69665.0,103846.0,15232.0,23648.0,192,227,0,102,59551.0,52132.0,46105.0,42026.0,178.3,0,-69685.60178415311,16935.347109856124
72973.0,121886.0,29565.0,45098.0,0,111,324,136,76248.0,69081.0,46108.0,65085.0,178.3,0,-47991.02254491384,21981.709608934983
45862.0,67214.0,8179.0,12270.0,469,246,231,79,41933.0,40800.0,24565.0,32819.0,178.3,0,-101358.18483661432,1255.2879046718117
39898.0,56443.0,5146.0,7127.0,311,156,0,50,29993.0,27423.0,31604.0,24823.0,178.3,0,-109691.05174833088,-2332.417500614461
2043360.0,1719780.0,5857150.0,5612730.0,6328,2858,2026,886,221138.0,159795.0,126048.0,84518.0,178.4,2,4880578.321483844,-3636531.4783055056
620.0,2892.0,0.0,368.0,569,2108,987,2881,3083.0,8307.0,1266.0,1787.0,178.4,0,-155566.29561639688,-29988.4451932645
2206.0,5204.0,1546.0,4110.0,2126,2513,3367,3945,8063.0,9237.0,556.0,879.0,178.4,0,-151974.36035144652,-28352.6962067618
22748.0,32491.0,17089.0,28671.0,236,130,39,65,34645.0,33529.0,15468.0,22494.0,178.4,0,-112618.924993282,-12919.04363988747
41867.0,75405.0,9993.0,17642.0,237,160,0,0,44454.0,42241.0,26115.0,31004.0,178.5,-1,-100274.46582137796,2339.337543032223
6841.0,12043.0,2135.0,4307.0,3167,2987,4033,4131,11192.0,11711.0,2059.0,2644.0,178.5,0,-147478.0223521801,-26130.68116368935
24815.0,35103.0,3026.0,5026.0,2820,2665,4772,4844,14127.0,14751.0,6100.0,5128.0,178.5,0,-136373.55870742086,-23906.091305201157
86039.0,128845.0,9241.0,17207.0,514,241,0,45,92453.0,82051.0,38669.0,39265.0,178.5,0,-55376.89238504601,36872.2730854175
12116.0,21724.0,2288.0,4437.0,6365,6640,8194,8634,19166.0,19776.0,2526.0,4740.0,178.6,0,-141167.74040154935,-20988.241808859184
105709.0,165962.0,29298.0,45007.0,355,204,0,99,29759.0,26012.0,25356.0,22625.0,178.7,0,-68750.46403482024,-24895.044939686497
32560.0,51205.0,4821.0,9471.0,0,119,181,161,37271.0,35315.0,28995.0,26227.0,178.7,0,-110425.39346439204,2081.5015830364464
9316.0,20166.0,3155.0,4711.0,3656,3294,4208,4715,12575.0,13240.0,1879.0,2629.0,178.7,0,-145203.60479851725,-26135.405453646843
77947.0,104113.0,19391.0,29491.0,0,98,352,231,79158.0,72234.0,72943.0,57777.0,178.8,0,-42688.0133825721,39973.21122675171
2649.0,9502.0,1374.0,4926.0,1151,1385,2260,2912,6558.0,8842.0,819.0,2761.0,178.8,0,-152258.9333119301,-28814.488081858966
6033.0,13001.0,2813.0,6140.0,2616,2900,3671,4212,9798.0,10531.0,1649.0,1963.0,178.9,0,-148208.19293143638,-27666.958221831625
5418.0,13539.0,1014.0,2642.0,2573,2940,2890,3403,8439.0,10360.0,874.0,1534.0,178.9,0,-150656.34361683027,-27752.654689531963
28075.0,48875.0,6001.0,11777.0,303,344,70,58,30487.0,30790.0,10260.0,22629.0,179.0,0,-121873.7419418462,-11096.468366979185
5979.0,17005.0,1785.0,3506.0,2850,2878,3270,3581,8745.0,9667.0,448.0,3158.0,179.0,0,-149707.14377577722,-27997.143253102746
16164.0,42872.0,1697.0,5335.0,5556,5444,8412,8730,25723.0,25531.0,7511.0,7415.0,179.0,0,-134785.96940721077,-14212.175449694936
64786.0,96793.0,54713.0,83004.0,3434,3289,4510,4759,13734.0,13205.0,4457.0,3965.0,179.0,0,-85240.5182953434,-60080.03853391198
4809.0,15594.0,782.0,2955.0,4538,5755,5657,6868,12757.0,15286.0,1459.0,2128.0,179.0,0,-148820.48272307348,-24491.534639054324
33867.0,50505.0,5934.0,8728.0,2005,2140,6405,6406,15451.0,16883.0,3745.0,6241.0,179.1,0,-130789.78552826746,-26287.90592697337
1276.0,7992.0,214.0,1133.0,496,1479,607,1894,2296.0,6229.0,830.0,1618.0,179.1,0,-155687.56332807898,-30873.947015367936
12288.0,18136.0,911.0,3383.0,4480,4857,6333,6340,16685.0,16567.0,2455.0,3949.0,179.2,0,-143299.41863580892,-21863.139408214825
6510.0,11368.0,4327.0,6960.0,2903,2919,4734,4750,13265.0,14212.0,880.0,2224.0,179.2,0,-145653.17703317667,-26734.884028421904
539398.0,670869.0,198007.0,255920.0,1399,1038,449,227,302082.0,223803.0,209837.0,144583.0,179.2,0,431621.8789400237,110165.96759574408
4158.0,7518.0,794.0,1534.0,3183,3620,3709,3953,10662.0,10841.0,2041.0,1982.0,179.2,0,-149832.40967916054,-25564.089080001948
345787.0,475786.0,27931.0,38159.0,608,469,3867,3269,192666.0,166834.0,234233.0,183166.0,179.2,0,199438.8866242945,176783.13835522518
45970.0,62227.0,16121.0,25811.0,403,160,201,162,36612.0,34246.0,30916.0,28419.0,179.3,0,-96440.5471992059,-5143.577499583833
65272.0,93759.0,1996.0,2960.0,559,362,43,87,67697.0,61699.0,48142.0,51716.0,179.3,0,-74975.69191487085,33090.98483551883
46911.0,63870.0,10053.0,12799.0,442,176,381,211,52894.0,45556.0,43059.0,29230.0,179.4,0,-88321.21759919405,14125.49594008939
9909.0,24915.0,2813.0,5179.0,3914,3572,4548,4562,9264.0,9023.0,1926.0,2468.0,179.4,0,-146691.58798193224,-28058.227467053744
1450.0,7125.0,1000.0,3509.0,1622,2597,1877,3010,4651.0,7515.0,319.0,1135.0,179.4,0,-154257.32585020596,-30179.583324774085
523390.0,659484.0,262658.0,342338.0,1263,893,326,215,394935.0,326090.0,193129.0,161934.0,179.5,0,507598.1639634325,125099.102327411
20989.0,46057.0,3809.0,8053.0,9354,9809,11841,12575,28992.0,30311.0,3236.0,4423.0,179.5,0,-131820.71290163358,-16053.854656642929
11841.0,28265.0,1850.0,3871.0,1534,1575,3570,3651,11270.0,11084.0,3034.0,3000.0,179.5,0,-145191.52421188212,-25760.82832127921
35781.0,48425.0,6955.0,10987.0,0,94,0,0,31267.0,29325.0,13084.0,24568.0,179.6,-1,-116428.57398662866,-10199.866329421133
22101.0,44106.0,6534.0,13086.0,472,287,156,120,26448.0,23622.0,15386.0,21082.0,179.6,0,-124076.22547156533,-11693.973998996866
3065.0,12540.0,1373.0,3967.0,1055,1318,1549,2128,4352.0,5665.0,658.0,1548.0,179.6,0,-153297.560087416,-30499.539390168477
115137.0,178286.0,10843.0,17523.0,674,511,449,223,68303.0,56765.0,69836.0,55037.0,179.6,0,-39745.870624437535,34315.876163402456
75414.0,121269.0,21827.0,36455.0,494,208,323,95,63977.0,58871.0,39729.0,41722.0,179.7,0,-63172.0088923888,12495.99681573034
52884.0,76250.0,13162.0,18336.0,577,330,39,51,49213.0,48969.0,36316.0,44175.0,179.7,0,-85987.94725853283,9026.161127652556
147871.0,207691.0,215298.0,295992.0,9045,8771,11831,11945,39589.0,37287.0,11931.0,9632.0,179.7,0,74831.83476144826,-145893.8207294163
123315.0,160514.0,56326.0,91365.0,2986,3210,7922,8197,20158.0,20048.0,8004.0,6631.0,179.7,0,-55612.71592184565,-58909.88755097077
3913.0,15140.0,1604.0,4351.0,4598,6395,5670,7990,15402.0,21435.0,1088.0,3211.0,179.8,0,-147427.27314042393,-23258.890833777376
5081.0,11851.0,2384.0,4226.0,994,889,2566,2736,7227.0,7897.0,925.0,2205.0,179.8,0,-150295.00844006214,-29227.541139557365
337820.0,474043.0,37752.0,53129.0,672,624,336,157,152060.0,127730.0,93084.0,78086.0,179.8,0,119280.47861313484,69361.64208097909
59460.0,114775.0,7578.0,11454.0,299,155,124,227,38586.0,35917.0,26031.0,28897.0,179.8,0,-97668.51740734364,-1381.7168837765785
38994.0,71916.0,4984.0,5986.0,131,125,0,0,32100.0,28764.0,23816.0,21336.0,179.8,-1,-112548.0783594964,-4657.722877948054
34306.0,56259.0,2590.0,4051.0,17,129,1,79,47760.0,43902.0,31442.0,36199.0,179.8,0,-104359.56206216654,12627.40270294202
9966.0,26044.0,2090.0,4324.0,3481,4277,3999,4529,10991.0,11879.0,1245.0,2778.0,179.9,0,-146602.7797268935,-26753.000686529507
927.0,4457.0,446.0,2481.0,22,0,182,97,4607.0,5699.0,1099.0,1889.0,180.0,0,-154496.5134366015,-29379.96908392295
691.0,4880.0,125.0,1537.0,10,0,172,98,3059.0,5026.0,478.0,1409.0,180.0,0,-155802.5674249978,-30479.487058750838
552635.0,734437.0,90429.0,135260.0,998,823,182,79,454059.0,345693.0,170917.0,136480.0,180.0,0,415878.0254777032,255306.64055585957
3719.0,12639.0,1457.0,3976.0,2773,3368,4126,5135,9993.0,12853.0,709.0,2061.0,180.0,0,-150337.92246883793,-26919.69626608188
4309.0,12601.0,1769.0,5444.0,2162,2587,2885,3583,7998.0,9167.0,726.0,2707.0,180.0,0,-150695.26726497724,-28306.94199709345
188582.0,278380.0,3000.0,4701.0,755,386,191,123,232944.0,194766.0,86556.0,82335.0,180.1,0,68757.77371415333,149962.06418687358
3185.0,10449.0,597.0,2033.0,2398,2743,3367,3842,7493.0,8092.0,807.0,2306.0,180.1,0,-152212.21783088008,-27846.802061457856
3674.0,10131.0,1740.0,2897.0,1347,1249,1489,1448,4102.0,4386.0,951.0,824.0,180.1,0,-152890.1951426462,-30921.240980569197
183437.0,155425.0,343796.0,473330.0,628,624,215,222,140045.0,121686.0,57560.0,55219.0,180.2,0,245987.07496225616,-138922.1714542586
5847.0,13719.0,2428.0,4697.0,3294,2843,5181,5384,15083.0,15922.0,387.0,1747.0,180.2,0,-146657.26544555943,-24632.75137367298
95262.0,143615.0,28180.0,44375.0,270,193,115,55,124287.0,106163.0,48566.0,48062.0,180.2,0,-19406.224609367724,50075.48011665966
28323.0,44255.0,746.0,2441.0,146,146,0,17,30134.0,27087.0,21376.0,17689.0,180.2,0,-122082.5537802338,-4165.06556425961
12384.0,21435.0,4420.0,7741.0,4819,5688,6428,6588,17684.0,17229.0,3469.0,4393.0,180.2,0,-139955.3253288265,-22944.11806806019
19002.0,42964.0,3953.0,7466.0,315,190,83,66,24882.0,24404.0,12002.0,18595.0,180.3,0,-129397.20715743692,-12681.406431737008
2937.0,14342.0,839.0,2923.0,3503,5067,3993,5735,8156.0,12035.0,150.0,378.0,180.3,0,-152330.56828311048,-28147.97110653119
74877.0,121945.0,4428.0,6022.0,183,262,43,58,118766.0,101220.0,36091.0,36195.0,180.4,0,-52749.252587849376,55682.50568488128
4043.0,7869.0,997.0,3702.0,3363,3764,4638,5010,11517.0,11992.0,545.0,1760.0,180.4,0,-149932.44112714322,-25804.76344419208
2876.0,8718.0,1836.0,3413.0,2672,2943,4224,4734,10451.0,10737.0,1959.0,2395.0,180.4,0,-149711.53729241606,-26234.850665217426
3324.0,12185.0,554.0,1620.0,1849,2765,2525,3794,6139.0,9934.0,269.0,1477.0,180.5,0,-153100.98126714872,-29045.27015262884
25759.0,48039.0,4605.0,5355.0,2733,2796,6484,6599,14975.0,14851.0,4588.0,4419.0,180.5,0,-135159.89090296585,-25166.68703130963
13329.0,28501.0,1450.0,3264.0,6258,6563,9282,9567,23012.0,22972.0,3213.0,4650.0,180.5,0,-139272.55230493596,-17832.700707905286
5073.0,13255.0,837.0,1769.0,2592,2939,2989,3487,7604.0,8571.0,795.0,1054.0,180.5,0,-151385.92837018028,-28257.02420286608
76688.0,111180.0,5882.0,8251.0,38,242,0,6,82298.0,76668.0,56444.0,54750.0,180.5,0,-57588.70223316182,43112.05266277154
16501.0,31113.0,1096.0,1925.0,227,250,150,65,22029.0,22325.0,8153.0,15769.0,180.5,0,-135458.20775612383,-14597.40873069492
1647.0,7689.0,374.0,2121.0,390,808,471,1182,1728.0,4079.0,1897.0,2461.0,180.6,0,-155181.32705562416,-30774.8703428264
1732.0,7326.0,508.0,1814.0,2166,3029,2872,4130,7733.0,11107.0,215.0,985.0,180.6,0,-153147.0408522421,-28006.141606519133
19744.0,32770.0,5068.0,8467.0,6768,6464,8619,9073,22458.0,21091.0,1964.0,4145.0,180.6,0,-134921.1928405694,-21478.507161003254
3863.0,21056.0,1431.0,4310.0,1472,2283,2023,3126,4929.0,7758.0,85.0,652.0,180.7,0,-152993.73133882036,-30606.44495424107
7406.0,10514.0,5288.0,8947.0,2009,2018,2544,2578,7774.0,7389.0,1293.0,1638.0,180.7,0,-147024.44017390002,-30793.49929934941
15825.0,34204.0,3233.0,8180.0,197,106,67,5,23327.0,24326.0,7839.0,17992.0,180.7,0,-133509.30230189575,-14849.61714712657
12685.0,23457.0,2696.0,5982.0,11001,11787,13771,14757,30390.0,31538.0,2277.0,4926.0,180.8,0,-135643.95475817227,-14249.988721584974
22072.0,37415.0,2459.0,4653.0,3962,3876,6539,6606,18779.0,17664.0,4382.0,5984.0,180.8,0,-136312.29568799012,-21010.76098219429
4413.0,10896.0,1000.0,4442.0,1754,2018,2474,2824,6509.0,7442.0,218.0,220.0,180.8,0,-152358.13904953454,-29385.28289030996
67200.0,94778.0,26264.0,39094.0,158,163,257,85,64517.0,59072.0,48403.0,47340.0,180.8,0,-59318.16218800633,15126.928659670124
35714.0,52187.0,5501.0,9256.0,160,291,54,88,47015.0,45480.0,17104.0,34511.0,180.8,0,-107612.86376150502,3950.074222843188
136020.0,204876.0,7485.0,11038.0,249,153,282,133,106532.0,85867.0,39355.0,38634.0,180.9,0,-29601.120323210707,43815.96868382064
30005.0,45735.0,9580.0,15811.0,249,281,215,141,32170.0,29730.0,25323.0,22947.0,180.9,0,-112253.87933165168,-6032.86846449316
2454.0,9767.0,1000.0,2287.0,2491,3633,3260,4967,10763.0,14320.0,4177.0,4361.0,181.0,0,-149255.6821054102,-24241.231408647192
18198.0,35406.0,14132.0,28604.0,2975,2932,7151,7558,20869.0,20658.0,4019.0,8903.0,181.1,0,-128662.1038035098,-26447.75902786453
43352.0,57414.0,3429.0,5159.0,396,272,86,73,31625.0,29499.0,26434.0,25226.0,181.1,0,-110583.3096552983,-2551.5563263902404
51472.0,82599.0,2643.0,4095.0,602,284,257,106,41995.0,39281.0,28509.0,29979.0,181.5,0,-101758.82274215588,5604.660575762373
5573.0,9695.0,2106.0,5499.0,2573,2437,2705,2859,7006.0,6709.0,1492.0,1583.0,181.6,0,-150250.75702695528,-29087.63578137266
7203.0,15300.0,3228.0,8054.0,3756,3793,5136,5568,12168.0,13580.0,760.0,1243.0,181.6,0,-146788.68358229683,-26991.1053289641
7527.0,17717.0,8246.0,14736.0,1637,2022,2512,2744,7554.0,8263.0,2038.0,2036.0,181.7,0,-144707.00357069334,-32420.8672156248
7463.0,18226.0,1810.0,3452.0,2521,2805,4003,4523,11011.0,11996.0,2079.0,2260.0,181.7,0,-147571.9611579842,-26134.255999708523
84867.0,120724.0,18406.0,27385.0,0,39,5,120,78025.0,71398.0,59538.0,54531.0,181.7,0,-46402.79259672582,33278.998898710284
11133.0,28031.0,1139.0,1826.0,3403,3584,5088,5246,12336.0,12940.0,1073.0,3405.0,181.9,0,-146158.31444492526,-25350.24617070981
13720.0,14186.0,3307.0,4618.0,4539,4042,5591,5363,15874.0,15323.0,3864.0,3384.0,181.9,0,-140976.19231161402,-23474.531647155745
7171.0,16336.0,2809.0,6245.0,2648,2833,3632,3994,10640.0,11764.0,1147.0,3061.0,181.9,0,-147411.84010260698,-27240.56866260471
3871.0,10736.0,1726.0,3793.0,2838,3202,3902,4187,9868.0,10538.0,1404.0,2924.0,182.0,0,-149780.87126260286,-26747.95936581869
10602.0,22016.0,3027.0,5398.0,149,29,166,55,20177.0,20486.0,4816.0,10975.0,182.0,0,-139212.7704344318,-18766.859836685613
4904.0,7822.0,1723.0,2923.0,1626,2077,2557,3433,6889.0,9275.0,1042.0,1596.0,182.0,0,-151008.6999748422,-29063.956607646058
870.0,3352.0,109.0,1507.0,490,1101,591,1872,1676.0,4648.0,235.0,329.0,182.0,0,-156588.32839952558,-31630.21806171306
129227.0,159396.0,33201.0,50012.0,273,190,402,171,158199.0,123844.0,134265.0,102881.0,182.0,0,51812.39954621476,110915.69620501182
484469.0,629307.0,71429.0,91962.0,3372,2512,54385,49705,274895.0,230756.0,200671.0,157188.0,182.0,0,307742.01477642264,174318.9438674672
41554.0,69611.0,13912.0,21500.0,228,176,0,0,54884.0,50864.0,28964.0,35817.0,182.0,-1,-91334.86409890544,8461.673196925778
2463.0,14189.0,5.0,1079.0,158,53,100,0,6958.0,11868.0,466.0,597.0,182.1,-1,-153511.16993544094,-28187.48869116804
1139.0,7410.0,65.0,1088.0,52,0,109,0,3925.0,8898.0,646.0,982.0,182.1,-1,-155263.50794396843,-29920.28348590995
5236.0,15609.0,257.0,2749.0,203,98,103,0,15232.0,26634.0,88435.0,113744.0,182.1,-1,-101711.69088404295,31777.28366587196
659155.0,713191.0,147745.0,212649.0,2232,1737,206,310,1281320.0,973097.0,493372.0,407647.0,182.1,3,1025291.8101739424,914280.0210405374
927.0,5888.0,0.0,316.0,143,60,109,0,1470.0,4135.0,1118.0,1834.0,182.1,-1,-156219.40318201022,-31083.676690558183
838.0,4146.0,15.0,381.0,185,78,90,45,2837.0,5541.0,609.0,1857.0,182.1,0,-155813.17301884174,-30433.822707924308
864.0,4402.0,85.0,1485.0,2449,3743,3457,5389,7129.0,11045.0,299.0,1034.0,182.1,0,-154028.34745571238,-28021.79566087316
2226.0,11501.0,199.0,799.0,593,1682,762,2663,1550.0,5306.0,434.0,652.0,182.1,0,-155912.9752709329,-31718.854419651783
4760.0,11727.0,537.0,2532.0,2585,2623,3193,3448,7505.0,7898.0,1996.0,2540.0,182.2,0,-151134.68622824608,-27368.010801573888
2240.0,14402.0,391.0,1634.0,497,1069,649,1615,1976.0,5352.0,589.0,843.0,182.2,0,-155501.62552786752,-31475.452447631083
65685.0,97959.0,12268.0,20242.0,80,261,150,192,59460.0,53458.0,44295.0,39235.0,182.3,0,-74424.04842076112,17790.397354456934
6494.0,13174.0,2713.0,4244.0,1465,1381,2121,2335,6446.0,7084.0,1014.0,2069.0,182.4,0,-149825.09131837767,-30005.67591280808
40470.0,62365.0,3093.0,7354.0,414,274,0,84,35593.0,33210.0,13981.0,17139.0,182.5,0,-115824.34066557518,-6167.828554781463
81804.0,122196.0,7973.0,12171.0,246,239,200,138,61270.0,55558.0,44943.0,49606.0,182.5,0,-68423.08642330147,22520.127700120804
15931.0,32733.0,9355.0,16913.0,3717,3787,5117,5280,15654.0,16342.0,1792.0,3524.0,182.7,0,-136742.76637807893,-28401.813340065422
32697.0,53378.0,41715.0,67110.0,5197,4912,6689,6826,18054.0,18104.0,2763.0,2736.0,182.8,0,-106183.8262614996,-48007.05726963911
491.0,2812.0,576.0,2587.0,227,254,197,131,6727.0,11106.0,2712.0,4761.0,182.8,0,-152670.9213759851,-26955.2215151356
2255.0,6021.0,32.0,1139.0,47,36,278,114,1944.0,4052.0,10722.0,11476.0,182.8,0,-150676.25457664602,-25313.46861600821
817715.0,962882.0,156075.0,220215.0,2205,1616,431,206,1226020.0,966964.0,478466.0,388278.0,182.8,3,1063099.1384180964,854418.3513283039
2517.0,8802.0,207.0,2540.0,206,128,96,29,1877.0,4640.0,21075.0,45762.0,182.8,0,-142325.38139885236,-15636.67406609838
140092.0,226659.0,12681.0,19878.0,478,499,0,51,68152.0,67787.0,46814.0,59274.0,182.8,0,-36287.01601334679,22463.69093150896
5081.0,10706.0,1053.0,1972.0,2029,2249,2796,3174,7342.0,9170.0,2681.0,2278.0,182.8,0,-150502.43226491945,-27570.983892862783
40531.0,57755.0,10791.0,15644.0,337,167,172,128,45059.0,42218.0,31721.0,32515.0,182.9,0,-97726.16877173864,4892.204809207284
21282.0,31139.0,2976.0,5021.0,4873,4275,5814,5176,16203.0,15043.0,3457.0,4080.0,183.0,0,-138020.9067339761,-23608.96329523528
9977.0,13722.0,2257.0,3668.0,3662,3368,5601,5449,14000.0,13470.0,3637.0,2814.0,183.0,0,-144236.7040076304,-23942.91034486858
17749.0,16989.0,2279.0,3376.0,2869,2532,3933,4116,10588.0,10701.0,1661.0,2526.0,183.0,0,-143346.43297198048,-27497.78418610389
24666.0,40103.0,6637.0,11344.0,0,144,159,66,31107.0,27973.0,15426.0,17839.0,183.0,0,-121250.36516385856,-9482.812083638471
3260.0,12310.0,1634.0,3898.0,1626,2087,1965,2538,5428.0,7141.0,962.0,1631.0,183.1,0,-152427.90145687063,-29854.36084299524
9755.0,24846.0,2303.0,4788.0,1763,1709,4139,4548,10241.0,10456.0,4221.0,4361.0,183.1,0,-145585.59086643648,-25842.636871708222
29451.0,47175.0,4011.0,7395.0,269,173,237,179,32819.0,31555.0,18720.0,27915.0,183.1,0,-117843.006768246,-4063.4297327712447
6468.0,8559.0,2442.0,3950.0,5022,5125,5304,4928,12177.0,11039.0,1505.0,1922.0,183.2,0,-147264.62685791202,-26023.27965915308
9316.0,20773.0,2209.0,4053.0,3066,3484,3948,4461,11693.0,13193.0,2671.0,2316.0,183.2,0,-146003.42109042258,-25817.17033355251
14536.0,21896.0,2767.0,4582.0,3235,2986,4779,4813,12193.0,11262.0,2458.0,3158.0,183.2,0,-143225.7823012171,-26143.002598550152
120067.0,178585.0,7810.0,8629.0,399,303,0,3,120560.0,96666.0,55740.0,41330.0,183.2,0,-23198.17363053188,60825.33241937726
30594.0,50834.0,3242.0,6897.0,348,146,90,211,23238.0,23689.0,14796.0,21593.0,183.2,0,-124472.21184512974,-12374.311460827785
7656.0,16033.0,2034.0,4358.0,2343,2478,2699,2936,8823.0,10017.0,1041.0,1957.0,183.2,0,-148748.02266261127,-28157.985662378996
5674.0,14553.0,1335.0,3872.0,1754,2040,2029,2255,5420.0,7074.0,211.0,1519.0,183.3,0,-151940.3500537001,-30161.62907305958
24810.0,16917.0,3464.0,5675.0,3119,3302,5124,4933,12312.0,10659.0,2215.0,2045.0,183.3,0,-138713.5475778525,-27452.699440375087
9008.0,24504.0,1632.0,3715.0,1728,2088,4589,4857,12273.0,13352.0,3692.0,4635.0,183.3,0,-145598.92984830125,-24264.92257710611
105880.0,169916.0,35606.0,46936.0,3232,3527,8285,8012,25593.0,22363.0,9904.0,10227.0,183.4,0,-73454.56463857772,-39956.748210645615
1366.0,8818.0,231.0,1826.0,203,114,238,302,4157.0,8348.0,1150.0,2965.0,183.4,0,-154512.82510885128,-29363.976972693803
2571.0,16249.0,262.0,1786.0,107,11,367,422,5802.0,10687.0,953.0,1608.0,183.4,0,-153500.56400691078,-28721.704645029196
2501.0,15721.0,322.0,1600.0,203,242,364,568,3959.0,10003.0,59816.0,123869.0,183.4,0,-117147.4419511777,14400.242111238727
990656.0,900542.0,171281.0,206835.0,9573,7138,144240,108628,1112170.0,791264.0,759440.0,546527.0,183.4,3,1216981.8051758767,905278.2304902052
6155.0,17781.0,526.0,1599.0,2003,2014,2654,3204,6154.0,6179.0,1140.0,1673.0,183.4,0,-151607.49536223814,-28805.078951833864
27157.0,41063.0,8828.0,14908.0,0,101,171,139,34239.0,30208.0,20968.0,21730.0,183.5,0,-114768.3392290021,-6090.049102113073
30979.0,48517.0,9858.0,17401.0,348,236,292,157,27558.0,25227.0,17419.0,19782.0,183.5,0,-117058.7398849892,-13011.15730486331
1234760.0,1029140.0,2500200.0,2442050.0,2827,1794,1175,494,146753.0,123696.0,87600.0,67361.0,183.5,3,2181326.000060414,-1542305.1519110878
9018.0,24693.0,2315.0,5000.0,1982,2105,2470,2545,7668.0,7264.0,2000.0,2389.0,183.5,0,-148109.50158555136,-28681.707296092445
2386.0,11761.0,1524.0,4120.0,919,1651,1473,2323,3848.0,6388.0,611.0,997.0,183.5,0,-153785.92457796086,-30977.099074409343
6237.0,11352.0,5420.0,8939.0,2404,2521,3257,3551,9439.0,9838.0,1854.0,1750.0,183.5,0,-146438.4281541257,-29492.92738710535
3633.0,10318.0,798.0,2457.0,1025,873,1994,2117,5867.0,6347.0,2339.0,2576.0,183.6,0,-152028.29209164152,-28346.12875152131
3327.0,11055.0,2090.0,4018.0,2009,2698,2329,3267,6570.0,8966.0,0.0,25.0,183.6,0,-152127.35339793528,-30083.804569878084
2402.0,6663.0,509.0,1954.0,2243,3015,2536,3485,6700.0,8656.0,1950.0,2196.0,183.6,0,-152544.610232322,-27781.958535725196
2383.0,11980.0,393.0,1875.0,3644,5687,3841,6057,7944.0,12404.0,827.0,1517.0,183.9,0,-152567.12629934,-27499.614769854707
648399.0,627554.0,656414.0,838345.0,2948,1764,92,280,299388.0,241001.0,106445.0,107148.0,183.9,3,748724.8422685004,-235816.49824758392
69586.0,100539.0,14630.0,24459.0,988,422,168,127,65248.0,61554.0,47981.0,43028.0,184.0,0,-66744.42853186285,21868.23131582397
5649.0,12710.0,1996.0,3361.0,1715,1662,2544,2623,6887.0,7462.0,2765.0,3406.0,184.0,0,-149651.2371282798,-28271.682748023275
32057.0,59165.0,3879.0,4933.0,394,258,0,100,29330.0,26074.0,21773.0,24512.0,184.1,0,-117743.15010609644,-5621.694175922781
7574.0,13541.0,1745.0,2637.0,4867,5161,6481,6352,14756.0,14436.0,2669.0,2727.0,184.1,0,-145597.95037999394,-23406.366567886453
49041.0,69688.0,8522.0,11789.0,595,315,45,98,58376.0,53519.0,43406.0,45734.0,184.2,0,-83821.55026654624,21207.79212889363
18312.0,26885.0,2876.0,5632.0,5453,5732,6946,7137,15675.0,16855.0,3180.0,2460.0,184.2,0,-139848.45491696405,-24061.0328908343
8878.0,13937.0,1762.0,2833.0,2820,2699,3447,3665,8748.0,8656.0,1578.0,2352.0,184.2,0,-148219.14003841675,-27823.957778831948
2796.0,10076.0,1023.0,3462.0,853,1024,1265,2007,3882.0,5491.0,1734.0,2129.0,184.2,0,-153391.6110172039,-30015.2559897606
19209.0,31470.0,2967.0,4009.0,6636,7267,9264,9595,26639.0,27031.0,2097.0,5579.0,184.2,0,-134475.51838056705,-17193.516036227476
3135.0,7676.0,1196.0,3786.0,1235,1798,2035,2730,3926.0,5849.0,1716.0,1941.0,184.2,0,-153142.05052699576,-30154.298584491367
23829.0,41079.0,8289.0,14384.0,343,260,81,58,29200.0,27511.0,12783.0,18680.0,184.2,0,-122180.47937177555,-12645.86830089437
10638.0,26987.0,3094.0,7861.0,1013,900,2493,2812,6175.0,7075.0,2535.0,3335.0,184.2,0,-147266.37631100797,-29842.86795926337
1378.0,9213.0,85.0,447.0,1148,2326,1398,3476,2882.0,7503.0,396.0,1112.0,184.2,0,-155692.33861493456,-30691.05801654321
9457.0,17549.0,1124.0,3424.0,6250,6757,7195,7277,14501.0,14545.0,2809.0,3159.0,184.3,0,-145260.37965943795,-23171.49032053877
43376.0,65210.0,6828.0,9652.0,340,305,58,51,43763.0,40871.0,30224.0,27188.0,184.3,0,-101107.75760256124,4892.6400372601165
65131.0,103218.0,25154.0,39904.0,231,129,43,28,63689.0,58197.0,49002.0,45600.0,184.3,0,-61304.164320312295,15406.27362174386
8609.0,14784.0,2295.0,3744.0,1731,1713,3569,3696,8671.0,8464.0,3821.0,3701.0,184.3,0,-147000.00817047805,-27030.90925340008
9610.0,17991.0,4152.0,5709.0,3840,3806,5357,5242,15118.0,13394.0,2432.0,1707.0,184.4,0,-143158.8277293093,-25085.92501715134
1154.0,5106.0,815.0,3995.0,2027,3375,2795,5315,7708.0,13775.0,1041.0,1530.0,184.4,0,-152809.72162258317,-27743.13720180141
1126.0,4858.0,535.0,2097.0,379,895,560,1805,1807.0,4821.0,109.0,456.0,184.4,0,-156160.9923239017,-31863.949095253152
20823.0,34177.0,5420.0,8409.0,2307,1930,4454,4779,13136.0,12869.0,1426.0,4079.0,184.4,0,-138660.91017807237,-27906.17301777317
8906.0,22982.0,1491.0,3217.0,3346,3274,4586,4968,12078.0,12836.0,1381.0,1706.0,184.5,0,-147045.3038463205,-25734.22160004144
42726.0,64956.0,6687.0,9934.0,314,134,81,110,33414.0,30600.0,22934.0,25041.0,184.5,0,-109098.50181964644,-4923.441861401829
7755.0,13489.0,2607.0,4937.0,7372,6951,9490,9757,26370.0,25847.0,4398.0,5389.0,184.5,0,-138708.9099556432,-15458.297756656571
11751.0,16932.0,3436.0,7627.0,3081,2865,4423,4394,11500.0,10498.0,1292.0,2658.0,184.5,0,-144710.9939931609,-27390.41883365063
2792.0,12186.0,2662.0,8225.0,1665,2366,1763,2584,4108.0,5799.0,0.0,498.0,184.5,0,-153003.07452780107,-31889.96903246307
77123.0,119511.0,7247.0,11521.0,795,412,459,156,49330.0,43350.0,38935.0,40736.0,184.6,0,-79560.58506283864,11786.377591218788
8405.0,11927.0,1040.0,3339.0,3617,3798,4906,5013,12483.0,11092.0,2984.0,2324.0,184.6,0,-146708.66015493468,-24390.103628233388
47693.0,78336.0,16434.0,24931.0,0,170,0,187,53735.0,50017.0,54247.0,41317.0,184.6,0,-77560.66135855712,17234.03614878374
6104.0,12606.0,1158.0,3065.0,4436,4839,6298,7201,18320.0,19317.0,1533.0,3984.0,184.7,0,-145260.2026483743,-20963.862137170257
8594.0,16263.0,3285.0,6456.0,2174,1939,3320,3359,9982.0,9857.0,2864.0,2502.0,184.8,0,-146235.45304611343,-27417.52417953939
3766.0,12858.0,266.0,2762.0,538,1451,782,2164,1941.0,5785.0,1874.0,2134.0,184.8,0,-154341.19648272262,-30771.61257448438
8168.0,12772.0,2458.0,6052.0,10811,11191,11158,11529,28882.0,27014.0,3677.0,3406.0,184.9,0,-138017.03846285152,-14423.05018545438
43239.0,65929.0,13835.0,21280.0,0,88,137,114,45683.0,39149.0,30342.0,26710.0,184.9,0,-95476.96287411563,1689.5884747330892
4275.0,9694.0,638.0,2187.0,2678,3229,3782,4832,10165.0,12261.0,2011.0,3177.0,184.9,0,-149977.40628176185,-25608.19453700053
7586.0,23952.0,1532.0,4487.0,3769,4283,5241,5928,13756.0,16086.0,1042.0,3425.0,184.9,0,-146707.21824107395,-24478.38561649031
7075.0,13281.0,2779.0,3894.0,1967,1941,3074,2936,8097.0,7940.0,1090.0,1565.0,184.9,0,-148830.58952078444,-29088.13370047476
10941.0,20276.0,1944.0,4216.0,2655,3051,4235,4611,12207.0,13110.0,2041.0,3293.0,185.0,0,-145398.8514518916,-25537.927383084145
59207.0,95578.0,7839.0,11915.0,64,71,58,66,56358.0,50985.0,40615.0,37743.0,185.0,0,-83080.65438699139,17246.922923733906
8490.0,7644.0,1864.0,2698.0,3449,3602,3604,3781,9738.0,10286.0,2046.0,2340.0,185.1,0,-147688.47699282027,-27042.54022417603
2208.0,12372.0,532.0,2107.0,631,1665,864,2505,2478.0,6499.0,1041.0,1932.0,185.1,0,-154886.07198319596,-30879.6642374152
2210.0,7194.0,1404.0,4396.0,1700,2541,2572,3674,5704.0,8343.0,186.0,366.0,185.1,0,-153337.58643966453,-29994.4617134384
9436.0,16049.0,2258.0,5195.0,4451,4705,6365,6393,16715.0,16298.0,3005.0,2553.0,185.1,0,-143497.0739344421,-22497.674442466017
14817.0,20758.0,823.0,1749.0,3265,3041,4196,3801,10400.0,9214.0,3437.0,2721.0,185.1,0,-144956.08111509404,-25735.192215351213
7208.0,12731.0,1335.0,3799.0,3846,4015,4634,5031,12478.0,13714.0,676.0,2329.0,185.2,0,-147848.3475563262,-25469.16958464704
25371.0,42885.0,23956.0,40040.0,204,210,367,143,37280.0,35049.0,19322.0,28790.0,185.2,0,-103396.538838071,-13106.374554184791
11881.0,22422.0,1757.0,4167.0,3309,3517,4815,4895,12627.0,11793.0,2744.0,3108.0,185.2,0,-144715.43447992782,-24949.940343501832
33498.0,42535.0,2470.0,3621.0,124,173,0,55,38654.0,36943.0,29801.0,25639.0,185.3,0,-110818.108495268,4614.311611570669
8493.0,13948.0,1405.0,3263.0,3730,4059,4315,4968,11155.0,12003.0,323.0,1791.0,185.4,0,-148069.12167628636,-26668.252887028462
18796.0,39261.0,2164.0,3694.0,5483,5939,7818,7796,20862.0,21149.0,2072.0,4410.0,185.6,0,-137964.89527308277,-20515.76094377659
7129.0,13783.0,1979.0,3789.0,20498,23139,33656,36864,45174.0,46313.0,3072.0,7375.0,185.7,0,-131100.32945340642,-3325.3134193885926
54280.0,86791.0,1285.0,3995.0,471,180,398,261,40649.0,35382.0,33042.0,26844.0,185.8,0,-100876.82638390904,6823.103241886583
27766.0,28443.0,7841.0,9337.0,0,78,484,219,29338.0,26685.0,30154.0,21538.0,185.8,0,-114043.79359609462,-4784.351943128422
41001.0,63042.0,15327.0,25718.0,460,256,0,0,65639.0,60958.0,46246.0,45143.0,185.8,-1,-78179.03275351369,23157.392733074958
2340.0,10261.0,916.0,3115.0,1142,1900,1698,2439,4391.0,6694.0,1211.0,1809.0,185.9,0,-153655.02688672626,-29866.63852433627
9450.0,13374.0,1956.0,3785.0,1945,2093,2764,2858,7114.0,6761.0,863.0,1937.0,185.9,0,-148906.68971453275,-29383.570393956063
1083990.0,1260470.0,970655.0,1273590.0,2859,2416,857,628,432653.0,347666.0,227826.0,187492.0,185.9,3,1259139.435126299,-313325.68037685094
30214.0,45516.0,2657.0,6324.0,6763,6767,8228,8504,18450.0,19023.0,1079.0,1831.0,185.9,0,-134724.8719042803,-23923.03560930613
8938.0,22892.0,1939.0,3833.0,6282,6594,8541,8589,22998.0,23459.0,2178.0,4466.0,186.0,0,-141145.4601012763,-18328.80757332326
61967.0,95796.0,15781.0,25753.0,46,89,153,146,73044.0,65384.0,48187.0,48843.0,186.0,0,-64746.49731888987,27590.418499066644
4755.0,11912.0,1347.0,3801.0,1918,2126,2837,3098,7613.0,7950.0,240.0,2148.0,186.0,0,-151228.2038190192,-28607.954585001084
62853.0,99995.0,15881.0,24788.0,0,122,0,60,22569.0,21826.0,20482.0,15736.0,186.1,0,-101477.54043453524,-21382.894281982877
5630.0,8520.0,3336.0,4894.0,2497,2294,3997,4011,10713.0,10339.0,475.0,1955.0,186.2,0,-148033.6903700134,-27883.60912120846
4421.0,7604.0,2743.0,4925.0,2038,2056,3065,3389,9193.0,10160.0,1193.0,2606.0,186.2,0,-149278.5235472277,-27989.874807115088
22146.0,34084.0,9679.0,14808.0,157,218,0,34,24414.0,24426.0,21238.0,18778.0,186.2,0,-120935.26111800905,-12871.829847302051
5987.0,10814.0,542.0,2378.0,2005,2180,2735,3225,6742.0,8216.0,1722.0,1867.0,186.3,0,-151160.75966178265,-28156.892030916464
18440.0,33091.0,1471.0,2760.0,3440,3035,5139,5540,15882.0,17041.0,3004.0,4865.0,186.3,0,-140440.8398522831,-22746.829148635363
28228.0,51806.0,110932.0,178270.0,1441,1317,3292,3374,8412.0,8918.0,3683.0,3131.0,186.4,0,-64184.704685052,-96825.0584612595
46084.0,67436.0,13979.0,22436.0,95,106,67,147,57920.0,54583.0,39066.0,39676.0,186.4,0,-83837.81126998102,14892.7371589075
10132.0,12524.0,2660.0,4474.0,2130,1919,3166,3011,6591.0,6981.0,2590.0,2104.0,186.5,0,-147717.64708626873,-29448.31120699696
49725.0,67716.0,32999.0,51072.0,180,226,178,186,51950.0,48179.0,45980.0,37744.0,186.5,0,-69595.64665715773,1531.3450083120952
15920.0,26979.0,659.0,2747.0,3286,3714,4883,5020,13796.0,13903.0,4214.0,3962.0,186.5,0,-142642.19311473265,-23029.876220005262
5003.0,14578.0,1218.0,2372.0,943,876,1658,1866,5164.0,5527.0,1217.0,1972.0,186.6,0,-151985.13116593062,-29711.80003725329
106745.0,153634.0,20528.0,26844.0,708,433,155,123,94378.0,80287.0,47754.0,42000.0,186.6,0,-34536.0944044076,33908.69990376916
7169.0,14467.0,837.0,2611.0,2389,2423,3187,3158,9232.0,9251.0,3447.0,3177.0,186.7,0,-148546.89448233804,-25909.74048942134
83112.0,130994.0,38292.0,59988.0,165,169,193,129,79679.0,73655.0,54895.0,53837.0,186.7,0,-34443.69708358859,19894.515242551348
6826.0,11773.0,1598.0,2814.0,4254,4889,5732,6109,16811.0,17558.0,3911.0,3898.0,186.7,0,-144475.3551683367,-21258.314749051868
109907.0,163108.0,11868.0,18212.0,255,205,0,56,62706.0,57591.0,56772.0,44631.0,186.7,0,-49840.597072103454,23320.930457559185
3813.0,11494.0,1048.0,3040.0,2589,2942,3361,4157,8564.0,9243.0,986.0,2785.0,186.7,0,-151033.76274464547,-27341.789550408343
293034.0,428361.0,11008.0,17119.0,898,667,292,206,225900.0,190498.0,114462.0,109262.0,186.8,0,127588.65538213927,149723.63076695497
1029.0,4955.0,0.0,230.0,95,0,155,48,3117.0,4483.0,0.0,229.0,186.8,0,-156049.65330932976,-30776.36000356053
251169.0,364778.0,61828.0,88693.0,312,414,433,172,259116.0,202654.0,117669.0,89443.0,186.8,0,159191.6948123933,139705.52862070463
4331.0,7750.0,4996.0,7672.0,2566,2395,3731,3703,10640.0,11056.0,1813.0,1571.0,186.9,0,-147007.12735491764,-28388.43670966169
3598.0,7543.0,2386.0,4984.0,4792,5545,6283,6797,15701.0,16450.0,1340.0,3266.0,186.9,0,-146780.2937513358,-23424.47182797785
85842.0,128911.0,15812.0,25898.0,336,240,319,119,70954.0,65505.0,49025.0,48588.0,186.9,0,-55612.14756269184,25008.784500605823
9273.0,22319.0,2022.0,4041.0,1528,1425,4125,4523,11914.0,13055.0,2248.0,3564.0,186.9,0,-146052.1870449886,-25532.70846523301
12351.0,29136.0,12281.0,22046.0,3019,2741,4177,4316,11390.0,11237.0,4194.0,4232.0,187.0,0,-137137.35974579625,-31582.359754295343
9952.0,16492.0,1946.0,4007.0,2814,2924,3535,3810,10023.0,12178.0,2256.0,2429.0,187.0,0,-146817.4174305735,-26906.05613711056
364.0,2107.0,755.0,2652.0,622,1187,869,1927,2297.0,5452.0,947.0,1807.0,187.0,0,-155619.3227445553,-31073.7612964719
3401.0,9230.0,1556.0,3946.0,2489,2835,2925,3502,7200.0,8703.0,719.0,2020.0,187.1,0,-151662.5572728107,-28732.140393119826
296989.0,396495.0,162092.0,231721.0,308,494,393,156,145553.0,124248.0,90017.0,77936.0,187.1,0,184340.11243388007,-11474.10975298806
148670.0,222303.0,3908.0,7330.0,249,185,297,185,182840.0,157773.0,64225.0,66726.0,187.1,0,20237.8735725811,108431.53529321622
1809.0,6647.0,2351.0,6390.0,207,108,237,134,3629.0,8267.0,17542.0,38821.0,187.2,0,-142525.56461566975,-18425.045562837357
110388.0,164785.0,17191.0,27282.0,448,234,0,70,126373.0,106865.0,35613.0,50289.0,187.2,0,-24358.77515165662,52232.516415252205
2308.0,8553.0,2121.0,6640.0,1658,2959,2206,4062,7029.0,12828.0,1248.0,1757.0,187.2,0,-151637.8506751095,-28945.19445758763
23164.0,33457.0,4559.0,6227.0,35,134,242,139,23995.0,22682.0,19418.0,17792.0,187.3,0,-125039.21123950242,-10909.657068143231
5556.0,13117.0,1915.0,4059.0,1363,1443,2781,3173,8378.0,8854.0,504.0,1159.0,187.3,0,-150191.90627555503,-28580.530314231084
250355.0,374153.0,3233.0,2628.0,723,311,0,66,187157.0,169729.0,127851.0,97215.0,187.3,0,90693.82256992356,136566.33296833868
18959.0,30603.0,21326.0,37803.0,1725,1848,4158,4050,10230.0,9804.0,2856.0,3744.0,187.3,0,-129266.36110010708,-39062.65031361976
53617.0,83447.0,2638.0,5216.0,151,175,408,177,63508.0,59442.0,28881.0,37815.0,187.3,0,-90058.84579589826,20485.03183326772
4390.0,10672.0,441.0,1357.0,1598,2856,1955,3678,4732.0,9030.0,1739.0,1461.0,187.3,0,-152837.57295035062,-29320.111501164534
41672.0,49971.0,10467.0,15059.0,296,131,200,154,34736.0,32783.0,20269.0,23150.0,187.3,0,-107546.12128407972,-7813.697445506201
8207.0,16879.0,3541.0,6629.0,5341,5807,7136,7611,18046.0,19062.0,3130.0,2981.0,187.3,0,-142411.1523755399,-22259.53428242291
1226.0,4830.0,575.0,3430.0,212,187,206,157,6672.0,9297.0,197.0,1562.0,187.4,0,-153727.7837930762,-28605.80083821603
4757.0,8907.0,60.0,1331.0,94,234,131,121,5201.0,5902.0,2371.0,2282.0,187.4,0,-152407.65049001982,-28414.328659071096
611921.0,747489.0,64784.0,91111.0,1695,1500,174,200,936928.0,741160.0,385990.0,322103.0,187.4,3,742960.7988482913,692897.1548232291
32448.0,56444.0,2952.0,5688.0,152,66,8,63,34251.0,33589.0,16052.0,27262.0,187.4,0,-117769.10013059137,-3912.6435800893487
874.0,4269.0,666.0,2568.0,651,1570,772,1771,2006.0,4524.0,179.0,745.0,187.4,0,-156020.78741495745,-31727.969095240464
4014490.0,1628380.0,7872800.0,4756040.0,17103,6414,4788,1407,6648960.0,3266360.0,5009900.0,2097500.0,187.4,2,12034270.829373011,1406394.0293777708
7114.0,14900.0,2281.0,3980.0,5704,5538,6103,6046,15414.0,16163.0,2595.0,2623.0,187.5,0,-145158.59036230136,-23346.3053107104
9112.0,14823.0,1407.0,4218.0,2693,2647,3891,4067,9931.0,9677.0,2666.0,3621.0,187.5,0,-147273.01097563744,-26206.94746460617
40969.0,45794.0,7195.0,7641.0,491,248,0,127,33606.0,31685.0,30096.0,24753.0,187.5,0,-106773.63148269543,-2048.1687283374413
65541.0,90136.0,20245.0,27936.0,0,103,734,243,73859.0,67450.0,72378.0,61114.0,187.5,0,-49354.03895145975,37192.205306451535
4236.0,14421.0,1223.0,2777.0,1341,1386,2177,2381,6039.0,6533.0,1071.0,1874.0,187.5,0,-151966.02989983882,-29187.94445434505
20337.0,37945.0,4679.0,8705.0,325,194,0,0,34775.0,34812.0,16867.0,25037.0,187.5,-1,-121286.60185081352,-3887.69056354784
36123.0,48050.0,9816.0,14634.0,0,88,92,90,35723.0,31959.0,19503.0,23002.0,187.6,0,-110125.33345680576,-6765.48159319854
19178.0,26514.0,2938.0,5635.0,4213,4109,6193,6088,16287.0,16028.0,2982.0,3524.0,187.6,0,-139117.4595037315,-23682.33953363252
595177.0,747534.0,40603.0,50302.0,940,1112,557,228,942398.0,764875.0,351504.0,273521.0,187.6,3,703004.5249931036,690359.7536071165
7063.0,11425.0,1400.0,2709.0,2540,2566,3201,3255,9699.0,9549.0,2094.0,1904.0,187.7,0,-148650.78833583617,-26733.16504396299
66458.0,114053.0,10644.0,15783.0,438,343,46,59,38531.0,34060.0,17043.0,23120.0,187.7,0,-96756.9233705203,-8495.029136431222
72245.0,115477.0,14096.0,22762.0,219,133,311,129,75804.0,66991.0,56581.0,44370.0,187.7,0,-57923.613523535285,32529.982615927514
222316.0,326507.0,80470.0,122379.0,281,166,640,234,191687.0,160464.0,87995.0,73639.0,187.8,0,116903.46260633836,72255.53253761507
13614.0,28772.0,2361.0,5354.0,3144,3141,5276,5357,14681.0,16103.0,1701.0,3902.0,187.8,0,-142947.0367104978,-24452.052291011
102903.0,149965.0,9691.0,14601.0,623,311,266,93,46558.0,41856.0,39835.0,39377.0,187.8,0,-68405.30927906827,6983.151577546469
24454.0,44501.0,5940.0,9648.0,284,203,0,0,24913.0,23539.0,22835.0,21344.0,187.8,-1,-121439.89161206168,-9270.882214185418
4075.0,16518.0,1579.0,3927.0,2748,4886,3482,6149,8336.0,14365.0,1716.0,2902.0,187.8,0,-150377.86505428667,-27511.11409986172
5264.0,12369.0,1709.0,3567.0,1674,4182,2016,5248,5145.0,12858.0,91.0,921.0,187.8,0,-152093.99308530588,-30689.956309038706
79870.0,119965.0,31768.0,52933.0,648,264,159,90,71904.0,64875.0,55655.0,53650.0,187.8,0,-43523.87434025237,19573.59531012956
3056.0,6792.0,664.0,2319.0,1999,2991,2519,3566,5309.0,7229.0,969.0,1687.0,187.8,0,-153223.75282146904,-29294.42423082928
1194.0,6513.0,410.0,2462.0,710,2209,878,2573,2223.0,7484.0,453.0,1045.0,187.9,0,-155829.41033107962,-31287.516375135237
16053.0,20622.0,3070.0,6083.0,1420,1504,3336,2984,9538.0,9370.0,2829.0,3402.0,187.9,0,-143430.36517738007,-27917.57489604528
26505.0,42160.0,2315.0,2725.0,3416,3257,5155,4864,14022.0,12940.0,4177.0,4277.0,188.0,0,-137035.18931287533,-24578.988781614025
47378.0,69696.0,22261.0,34055.0,520,255,0,0,48182.0,45636.0,47658.0,42433.0,188.1,-1,-78470.0370463822,7509.270674012758
29839.0,51131.0,9161.0,15533.0,320,173,0,54,30732.0,29849.0,24366.0,25255.0,188.1,0,-113321.1592445193,-6699.963623223553
2997.0,6865.0,1541.0,3284.0,2733,3067,3418,3841,8449.0,9227.0,674.0,1000.0,188.1,0,-151419.60569546965,-28088.366255756915
14551.0,35460.0,2868.0,6698.0,3366,3550,4097,4164,13639.0,13639.0,5053.0,5393.0,188.1,0,-141258.49891814808,-23847.28914420953
22515.0,35527.0,4957.0,7636.0,5271,5180,6368,6298,20508.0,20445.0,4416.0,3587.0,188.1,0,-133913.95636864036,-21886.60627993569
36083.0,53753.0,17048.0,28936.0,1878,2052,4817,4665,12877.0,12116.0,4896.0,4756.0,188.2,0,-123132.82170938904,-34796.14215725603
7938.0,12358.0,1745.0,2793.0,4373,4919,5534,5602,13598.0,12839.0,2186.0,2025.0,188.2,0,-146240.1815428921,-24479.36351849368
29083.0,38404.0,1033.0,3110.0,0,26,586,251,27891.0,28245.0,22825.0,22054.0,188.3,0,-121497.63282477214,-4502.792296456562
3898.0,14121.0,1076.0,2682.0,873,928,2118,2478,5064.0,6120.0,384.0,803.0,188.3,0,-153035.49129952572,-30150.05012683937
1601.0,8099.0,808.0,4660.0,1945,3063,2527,4218,6065.0,9923.0,0.0,40.0,188.3,0,-153945.15836442547,-29483.12632933436
117346.0,179147.0,11349.0,18590.0,563,268,222,170,97060.0,86597.0,36192.0,39848.0,188.3,0,-39863.53187510677,35481.86794185304
71670.0,120820.0,43262.0,68813.0,333,157,313,129,59571.0,51561.0,40499.0,39916.0,188.4,0,-51833.538739909,-3470.6914943535994
19842.0,21308.0,3347.0,5049.0,7331,6859,10101,10495,23694.0,24188.0,3428.0,5106.0,188.4,0,-134847.48652371063,-18851.308943421354
1251.0,6533.0,454.0,2009.0,1320,2188,1858,3383,4311.0,8236.0,188.0,849.0,188.5,0,-154954.3338880197,-30139.4853113834
2885.0,7871.0,1005.0,2239.0,2775,3618,2874,3451,6770.0,7970.0,1401.0,1296.0,188.5,0,-152287.43559081323,-28454.94159695324
2332.0,13803.0,875.0,3633.0,1761,3581,2271,4548,5684.0,11606.0,138.0,385.0,188.6,0,-153677.50941265642,-29700.77347159632
4998.0,13222.0,1433.0,3498.0,2397,2406,2894,3192,8131.0,9092.0,1094.0,2388.0,188.6,0,-150489.1399477104,-27953.63445737889
4566.0,14510.0,1247.0,4200.0,2914,3735,3443,4342,9050.0,11261.0,592.0,2040.0,188.6,0,-150607.5771016779,-27493.344165726776
1625.0,5404.0,0.0,289.0,91,64,365,227,6468.0,5952.0,3317.0,3285.0,188.6,0,-152684.3725803272,-26813.550295365283
4166.0,8988.0,1850.0,3763.0,32,65,166,64,3990.0,7877.0,30257.0,48346.0,188.6,0,-135848.1117853853,-11171.549320035574
482482.0,599204.0,63500.0,97640.0,1454,1260,459,269,767988.0,631242.0,268475.0,222925.0,188.6,3,557005.09175311,530072.3654200714
719.0,3373.0,667.0,3111.0,1030,2069,1325,2960,3132.0,6443.0,176.0,657.0,188.7,0,-155586.63020332102,-31020.966919439987
12744.0,16894.0,2370.0,4251.0,5369,5390,7782,7837,18006.0,17826.0,2225.0,2841.0,188.7,0,-141730.6621831498,-22245.176179947342
14141.0,23774.0,2770.0,4977.0,4951,5414,6828,7117,15990.0,15729.0,3108.0,4211.0,188.7,0,-141294.35534792225,-23273.305665463347
34657.0,52706.0,3621.0,4627.0,312,108,239,190,45521.0,43205.0,30700.0,30540.0,188.7,0,-105501.11469190176,9322.397812931024
35353.0,56813.0,28767.0,46840.0,278,167,0,152,47323.0,43637.0,41711.0,38399.0,188.8,0,-81982.3936069155,510.0871564775407
7717.0,25708.0,1210.0,3569.0,4453,5459,4439,5287,13062.0,16143.0,16.0,1602.0,188.8,0,-147797.2573400807,-25449.11245654268
63279.0,87202.0,15102.0,24107.0,530,266,0,2,57451.0,52203.0,41495.0,39541.0,188.9,0,-75351.81281597329,13770.716247742366
63813.0,99830.0,6215.0,9325.0,216,234,0,37,38454.0,35925.0,33564.0,30063.0,189.0,0,-93959.62247340144,2455.4404420511382
160758.0,247475.0,54922.0,84464.0,441,244,466,234,165512.0,139820.0,64927.0,62287.0,189.0,0,52304.027878895984,64244.10150490787
54075.0,77777.0,12532.0,18251.0,536,363,0,11,52044.0,49565.0,41136.0,39542.0,189.0,0,-83465.71604235795,12413.165682843788
68202.0,91027.0,14592.0,20909.0,3967,4113,10291,9005,23223.0,21095.0,9266.0,8619.0,189.0,0,-104898.97136150018,-26335.07054936721
54813.0,74817.0,8157.0,13802.0,483,313,166,79,39691.0,37138.0,26566.0,27317.0,189.1,0,-98675.28083374232,-773.7088554092225
17801.0,38070.0,2703.0,5208.0,5812,6014,7347,8076,23565.0,25215.0,2207.0,4217.0,189.2,0,-136756.00247692046,-19056.17965722287
7783.0,11014.0,3335.0,4698.0,3542,3594,5288,5258,13216.0,12676.0,1967.0,2031.0,189.2,0,-145460.0977939509,-25799.8782655143
1287620.0,1127450.0,2628240.0,2739100.0,4752,2384,911,622,301735.0,234410.0,187408.0,130233.0,189.2,3,2406044.6099015814,-1476168.3188800002
6942.0,11290.0,3218.0,5161.0,2005,2204,3700,3981,9485.0,11040.0,1138.0,2337.0,189.2,0,-147840.02837586947,-28332.01034392071
25704.0,43288.0,3551.0,6250.0,2898,2952,6746,7052,17881.0,17049.0,3970.0,4704.0,189.2,0,-134791.55951354673,-22877.070258314157
202168.0,285873.0,27353.0,42590.0,524,442,640,273,227454.0,190922.0,96694.0,86784.0,189.3,0,92967.58086386776,135287.5968549815
5670.0,9008.0,1090.0,2936.0,3629,3188,4561,4317,10044.0,9884.0,2897.0,3100.0,189.3,0,-148828.1775868502,-25698.68266648992
7595.0,15621.0,1350.0,3454.0,2912,2846,3992,4186,11143.0,10786.0,2037.0,3317.0,189.3,0,-147657.14360272384,-25618.919188696804
9526.0,20557.0,2034.0,3823.0,2127,2184,3076,3269,8779.0,8814.0,2035.0,2484.0,189.3,0,-147568.64980278717,-27804.58748095321
7208.0,11387.0,3040.0,5255.0,3150,3244,4297,4245,10445.0,10195.0,2991.0,2419.0,189.3,0,-146723.70568878716,-26839.42704563003
1157.0,7382.0,640.0,2943.0,88,0,127,90,3509.0,5822.0,349.0,972.0,189.4,0,-155155.92266890488,-30673.01360152044
1996.0,8483.0,336.0,2066.0,158,55,197,128,2528.0,4538.0,1698.0,2294.0,189.4,0,-154799.39801613227,-30378.62682344242
1077350.0,1310710.0,754062.0,1058920.0,1534,1268,458,257,472139.0,378615.0,267914.0,206734.0,189.4,3,1141870.3504434542,-132035.00427597968
6725.0,16486.0,2887.0,6080.0,3194,3959,5066,5897,12341.0,14774.0,1384.0,3188.0,189.5,0,-146667.23840059075,-26062.274089319668
40879.0,50875.0,8347.0,15363.0,198,198,70,171,42976.0,40363.0,28447.0,25376.0,189.5,0,-102321.18916521595,2567.34619099223
3723.0,11891.0,1047.0,2575.0,1529,3236,1767,3606,5522.0,10448.0,944.0,1706.0,189.5,0,-152598.91648010636,-29452.38384535926
2037.0,12580.0,77.0,722.0,767,2569,784,2495,1935.0,6608.0,258.0,425.0,189.5,0,-155994.27459107665,-31496.92611555544
28438.0,41300.0,8665.0,12607.0,234,131,81,77,31733.0,30391.0,21986.0,24999.0,189.6,0,-114696.91901948248,-6704.075756751536
35885.0,57147.0,7602.0,11755.0,0,0,0,73,34417.0,31443.0,17116.0,21335.0,189.6,0,-113432.15373540316,-7455.09782411372
4211.0,11859.0,1606.0,3995.0,2243,2590,4041,4751,9775.0,10478.0,1384.0,2015.0,189.7,0,-149889.82390622716,-26906.953965125627
23747.0,53029.0,3165.0,6370.0,11116,10972,13284,12809,41486.0,38609.0,8329.0,7257.0,189.7,0,-123260.05219906484,-5335.284295171765
66029.0,105042.0,8944.0,13635.0,216,136,437,126,87119.0,75562.0,65587.0,59477.0,189.7,0,-53693.41782425002,49526.48748915229
177232.0,251580.0,11852.0,16809.0,456,263,119,112,207373.0,171865.0,84166.0,72185.0,189.7,0,56529.5504195854,126342.39406174573
5300.0,9908.0,623.0,3447.0,2092,3253,2121,3738,4956.0,9328.0,332.0,1567.0,189.7,0,-152742.78333951955,-29925.28005029509
46630.0,66487.0,4248.0,6650.0,167,96,38,102,43389.0,38182.0,33613.0,33279.0,189.8,0,-99705.57626183216,8464.166891342855
5556.0,7918.0,1368.0,2476.0,4260,4108,5699,5384,13211.0,12623.0,2850.0,2807.0,189.9,0,-147306.65915540664,-23927.958154687876
63715.0,103338.0,14031.0,21184.0,472,324,68,66,59363.0,52454.0,38473.0,41730.0,189.9,0,-75889.62531816798,14707.183895569662
17062.0,29172.0,3027.0,5801.0,7183,6971,10139,10072,24990.0,24005.0,2678.0,4006.0,190.0,0,-136038.72516655544,-18141.328430065005
53017.0,83561.0,27320.0,43351.0,686,515,434,152,60565.0,53689.0,50839.0,37273.0,190.0,0,-66550.3166979022,12293.377567325446
18489.0,22683.0,3779.0,5203.0,3150,3211,4649,4740,13458.0,13414.0,2412.0,3486.0,190.0,0,-140313.69883208073,-26202.32591521328
27646.0,45001.0,1960.0,5341.0,500,301,77,123,33762.0,32117.0,27302.0,26564.0,190.0,0,-116576.6431309298,1321.4260750027934
39806.0,62341.0,8517.0,13808.0,55,135,0,16,42606.0,40547.0,37130.0,34071.0,190.0,0,-98507.35752820648,7335.208709083938
7912.0,14845.0,691.0,3001.0,3022,2824,3973,3955,7825.0,8403.0,1546.0,1364.0,190.2,0,-149905.9723577751,-27843.276699445312
19245.0,34026.0,2950.0,5331.0,4273,4363,6118,6077,18165.0,18456.0,0.0,4447.0,190.3,0,-139218.9355272149,-23610.16369595229
12258.0,21370.0,7611.0,11266.0,2014,1661,4671,4549,11349.0,11232.0,3177.0,4459.0,190.3,0,-140767.17400964885,-29058.54359497414
70832.0,122288.0,9305.0,16952.0,204,244,0,48,45512.0,41438.0,29708.0,35868.0,190.3,0,-86459.07590285197,3835.576793581644
11085.0,20663.0,1342.0,3689.0,2672,2729,3620,3829,7681.0,8256.0,279.0,763.0,190.3,0,-148766.67559223998,-29177.87699126896
57308.0,87865.0,26489.0,45007.0,127,195,0,46,55640.0,53507.0,41506.0,38460.0,190.4,0,-70883.3663272646,5696.062402792926
3076.0,12645.0,772.0,3101.0,2606,3747,3380,4758,6847.0,9453.0,121.0,1474.0,190.4,0,-152785.0414980228,-28779.560550648774
27537.0,41356.0,5856.0,7918.0,544,284,323,142,28746.0,26301.0,22299.0,19666.0,190.4,0,-118909.62338239148,-7494.796001637431
5421.0,12629.0,2509.0,5810.0,3506,4036,4782,5373,13114.0,14266.0,1868.0,2080.0,190.4,0,-147074.8378424906,-25227.134375922564
145659.0,229611.0,62884.0,98661.0,5209,5166,7763,7823,25155.0,24087.0,7767.0,5381.0,190.4,0,-39921.53772261149,-61622.09736586471
61689.0,92486.0,5175.0,7895.0,43,62,0,0,56710.0,52571.0,48244.0,43499.0,190.5,-1,-80216.20890096827,23118.47649851505
5552.0,9718.0,1565.0,4458.0,3309,3696,3668,4079,7971.0,8928.0,387.0,1102.0,190.5,0,-150663.62586369444,-28675.657243093738
3873.0,12030.0,1270.0,3501.0,1366,2784,1238,3389,3731.0,8537.0,1742.0,2172.0,190.6,0,-152838.5593235855,-30326.039022936
45085.0,71274.0,9672.0,13588.0,354,192,8,68,38849.0,36014.0,26528.0,30364.0,190.6,0,-101621.97039324376,-1152.264857023074
414.0,2095.0,1345.0,7560.0,59,0,226,175,1586.0,4218.0,17309.0,41840.0,190.7,0,-144417.4629487539,-18607.692681767177
55134.0,81756.0,30171.0,45405.0,0,32,586,230,52300.0,48990.0,29506.0,43476.0,190.7,0,-74531.0548139245,-2814.8654340675057
177063.0,293931.0,66336.0,101579.0,3944,3777,11374,10679,33142.0,32331.0,14684.0,13103.0,190.7,0,-17546.393557230913,-56628.85153232282
1730.0,9111.0,99.0,1535.0,116,115,92,0,9082.0,13253.0,2347.0,3730.0,190.7,-1,-151698.55114491968,-25564.267860754797
2922.0,9141.0,571.0,2282.0,272,147,80,8,6216.0,9817.0,47728.0,81146.0,190.7,0,-125644.90992513768,3714.204301832961
745490.0,877775.0,97380.0,142470.0,2648,1788,276,232,1282980.0,996069.0,456915.0,378661.0,190.7,3,1009499.5303619768,921390.1104350282
21323.0,42851.0,15021.0,26558.0,38,131,62,49,29301.0,28659.0,25672.0,23123.0,190.8,0,-113194.94547986236,-10524.183469490166
2213.0,9702.0,1417.0,3030.0,2987,3698,3501,4482,10134.0,12985.0,1137.0,3008.0,190.8,0,-150641.4138369181,-26377.6600631872
446141.0,635306.0,47730.0,73939.0,755,539,869,666,134826.0,126600.0,234239.0,167603.0,190.8,0,226165.3463042348,118757.6276910139
44464.0,69943.0,16168.0,25934.0,0,74,0,32,55088.0,49236.0,42035.0,35068.0,190.8,0,-83753.10599623289,12339.277656871887
88350.0,131848.0,9113.0,14055.0,227,210,7,24,77966.0,65143.0,50066.0,46773.0,190.8,0,-55895.85993923436,33630.044626049435
5850.0,14133.0,1756.0,3589.0,3061,3489,5322,5667,15262.0,14218.0,3569.0,4095.0,190.8,0,-145568.76929682572,-22385.33100097481
139606.0,213915.0,21298.0,30601.0,113,350,216,142,114404.0,97647.0,105760.0,76900.0,190.9,0,14296.287061330047,73892.90524152141
19360.0,17968.0,7556.0,6882.0,5173,4665,6816,7148,27370.0,28746.0,4991.0,6971.0,190.9,0,-129677.5549311711,-18189.09650218217
26351.0,43364.0,4648.0,6490.0,6142,6625,8369,8554,26712.0,27216.0,5050.0,6639.0,190.9,0,-129135.4812876132,-17259.38301016527
26830.0,45686.0,29727.0,47419.0,3250,2870,4199,4136,13347.0,12607.0,3490.0,4497.0,191.0,0,-118503.7518571664,-42492.08009412203
669.0,2649.0,329.0,1481.0,149,140,87,0,3102.0,5578.0,839.0,2140.0,191.0,-1,-155426.2415576767,-30309.85760521792
3140.0,10609.0,1246.0,3784.0,198,113,169,137,7070.0,7055.0,609.0,2975.0,191.0,0,-151970.6628317714,-28500.24374331192
1165.0,5967.0,456.0,1544.0,157,37,156,28,5790.0,11838.0,39446.0,60998.0,191.0,0,-132238.22508807477,-3077.1383195631533
554418.0,724328.0,60051.0,84558.0,1727,1032,32,152,762005.0,622226.0,327749.0,300084.0,191.0,3,613009.2670944589,561033.2870960858
15158.0,24158.0,2506.0,5721.0,1638,1813,4567,4930,10476.0,11532.0,3700.0,3626.0,191.0,0,-143411.71835078622,-26508.07063193296
17657.0,28309.0,830.0,2880.0,4979,4709,6293,6284,15491.0,14692.0,1692.0,2269.0,191.1,0,-142187.71133385831,-23506.43679851738
4272.0,18318.0,1273.0,3373.0,1553,2508,2540,3973,8112.0,12328.0,784.0,2624.0,191.1,0,-150992.4326725105,-27910.33895401157
40429.0,59505.0,3994.0,7017.0,439,253,0,46,49935.0,45126.0,36863.0,34394.0,191.1,0,-98128.49602201614,14707.84592228888
125519.0,191694.0,53940.0,85851.0,173,241,319,144,95962.0,86622.0,59425.0,72322.0,191.2,0,5077.0560212718265,22477.429847052357
36562.0,53888.0,1891.0,4109.0,106,83,130,59,26647.0,24032.0,19590.0,19480.0,191.2,0,-119922.58403708789,-8085.7475911518595
8999.0,21117.0,1975.0,3236.0,3372,2972,4199,4289,12253.0,11417.0,1755.0,3048.0,191.3,0,-146286.93048208614,-25562.12411731863
89505.0,123339.0,5554.0,9515.0,584,339,222,142,56489.0,51690.0,47271.0,42361.0,191.3,0,-69150.72452226728,20329.32948275226
5520.0,12892.0,2176.0,4878.0,118,88,165,113,7685.0,5941.0,1783.0,1393.0,191.5,0,-149843.3325909079,-28611.16189366752
1141250.0,1170840.0,872940.0,1096220.0,2606,2093,674,435,519710.0,432410.0,304265.0,257200.0,191.5,3,1291372.6382727684,-157393.0119992818
1710.0,6954.0,166.0,884.0,1203,1501,1839,2499,5114.0,6938.0,0.0,143.0,191.5,0,-154762.11305713817,-29672.91418173852
5993.0,17009.0,1472.0,4874.0,1890,2148,2697,3038,7758.0,8468.0,0.0,836.0,191.5,0,-150824.11208945757,-28986.780221217698
5328.0,10515.0,1302.0,1611.0,327,249,393,176,13895.0,7160.0,7759.0,4828.0,191.6,0,-145085.7356798149,-21064.32388086092
1571.0,9618.0,161.0,902.0,176,163,136,31,3138.0,6653.0,28337.0,56724.0,191.6,0,-138111.0071230188,-9942.472015491698
580157.0,716323.0,161416.0,251538.0,1939,1716,544,336,750985.0,586623.0,294715.0,246498.0,191.6,3,669621.0450673609,466292.8386045897
180810.0,270366.0,43542.0,67689.0,162,204,93,103,133968.0,116594.0,58878.0,57192.0,191.6,0,35559.12930026479,46784.58552400384
1636.0,4168.0,358.0,963.0,28,10,90,0,12480.0,9849.0,1710.0,2179.0,191.6,-1,-150456.7839594096,-24089.144818479024
5839.0,11775.0,1531.0,3605.0,201,161,27,8,7691.0,12170.0,48621.0,58273.0,191.6,0,-125683.1202902328,558.3411249906894
666404.0,826891.0,60501.0,83805.0,1704,1233,273,183,997815.0,819464.0,339252.0,319524.0,191.6,3,772189.6109899227,710517.9641415732
1768.0,6037.0,338.0,1068.0,116,17,89,0,2760.0,5010.0,1419.0,2363.0,191.6,-1,-154882.29115530505,-30323.652377115555
8889.0,12351.0,1948.0,4168.0,1920,2093,2688,2532,8585.0,8015.0,1544.0,1661.0,191.6,0,-148262.50244933143,-28170.71269380523
4757.0,12006.0,1436.0,2362.0,2812,3203,3430,3509,9542.0,9810.0,0.0,1373.0,191.7,0,-150480.03542228852,-27668.729468446487
883121.0,1072180.0,429201.0,602455.0,1821,1176,235,204,533831.0,433564.0,239525.0,211856.0,191.7,3,855972.6426088099,112460.62059843476
75132.0,120819.0,7135.0,10308.0,20,57,117,98,69221.0,64701.0,47979.0,51306.0,191.8,0,-66815.01820847685,30053.827967405286
3590.0,9601.0,1850.0,5233.0,1368,1651,1687,2127,4367.0,5019.0,0.0,516.0,191.8,0,-153118.74902386742,-31265.30872802138
8577.0,20601.0,2684.0,6929.0,2764,3196,3945,4466,9147.0,10656.0,1626.0,2776.0,191.8,0,-147454.03346945567,-28041.55654116731
5842.0,10345.0,1273.0,2694.0,2359,2385,2708,2715,8777.0,9262.0,977.0,3321.0,191.8,0,-149888.3816558689,-27399.347355397247
37944.0,59015.0,25768.0,40100.0,2198,1918,5521,5556,14179.0,12866.0,3984.0,4529.0,191.9,0,-116125.60357052168,-39986.24317662382
2156.0,6664.0,1780.0,4207.0,1474,1983,1985,2364,4691.0,5823.0,1229.0,900.0,191.9,0,-153105.58221159858,-30345.37324557334
4809.0,15849.0,1586.0,3451.0,2296,2618,3472,3902,8274.0,9489.0,1380.0,1391.0,191.9,0,-150416.33798694666,-27985.53191546988
6736.0,17623.0,3139.0,7060.0,2736,2724,3984,4077,10846.0,11567.0,2035.0,2315.0,192.0,0,-147035.12614193148,-27035.58762168305
54786.0,71878.0,4559.0,6644.0,104,135,105,70,61533.0,55856.0,37701.0,37864.0,192.1,0,-85883.1914940458,21662.32975214021
45039.0,67946.0,16341.0,25918.0,139,177,193,151,47715.0,41378.0,43163.0,28998.0,192.1,0,-87072.15888320861,7030.998258127856
23280.0,47069.0,3024.0,6128.0,7373,6953,9153,9199,19285.0,18892.0,3394.0,4500.0,192.1,0,-135740.49141665376,-21773.47524756857
21516.0,39127.0,2785.0,4310.0,4456,4551,6910,7152,18073.0,18311.0,2433.0,4358.0,192.1,0,-137556.28444930207,-22703.986904989943
71062.0,110298.0,10352.0,17425.0,0,104,276,95,55599.0,52039.0,41512.0,38580.0,192.1,0,-76395.65631623231,14930.152415019646
3975.0,10829.0,1041.0,3908.0,200,102,172,149,1841.0,4132.0,12104.0,21541.0,192.2,0,-147539.57783105114,-23929.036513220373
31496.0,51559.0,9648.0,17413.0,227,101,89,88,35404.0,35030.0,19425.0,27497.0,192.2,0,-111740.33667573854,-5872.547673768473
2725.0,6560.0,1471.0,4221.0,3363,3860,4397,5170,11864.0,13831.0,489.0,2017.0,192.4,0,-149976.9187017048,-25780.12786889768
59582.0,79979.0,3625.0,7444.0,483,337,286,156,54214.0,47594.0,38537.0,38052.0,192.4,0,-87530.32299970822,17690.46594885852
6173.0,25280.0,902.0,3257.0,2435,2897,4098,5064,10769.0,12696.0,1018.0,3258.0,192.5,0,-149101.91277105242,-25918.097122870768
7261.0,17385.0,1562.0,2884.0,2743,2984,3127,3382,8940.0,9306.0,1614.0,2177.0,192.5,0,-148942.28926119933,-27485.58610240601
37265.0,51645.0,2612.0,6203.0,134,230,39,73,27784.0,25493.0,21928.0,22621.0,192.5,0,-117364.5600360388,-6380.315846484893
10625.0,19201.0,1778.0,3979.0,2552,2506,3573,3775,10366.0,11858.0,2870.0,2697.0,192.5,0,-146243.27971525575,-26326.48436645064
100898.0,151556.0,22861.0,34645.0,224,244,84,127,143689.0,117043.0,62060.0,52595.0,192.7,0,-6472.0087307972135,71705.69351308583
5725.0,17938.0,2703.0,4593.0,3472,3879,4110,4327,11556.0,11824.0,1492.0,2680.0,192.7,0,-147582.62204211054,-26416.828344123594
4394.0,10571.0,1062.0,4934.0,245,229,160,47,2840.0,6631.0,16538.0,29219.0,192.7,0,-144296.5564727711,-20245.128722659785
36354.0,61374.0,18710.0,29937.0,450,241,455,221,55452.0,52190.0,25552.0,34021.0,192.7,0,-91368.48880758556,4416.879113855208
6539.0,11672.0,0.0,509.0,185,272,199,115,12970.0,11127.0,2551.0,2332.0,192.7,0,-148143.87536784468,-23496.65467383466
719380.0,818093.0,50066.0,57656.0,2432,1930,687,228,1159940.0,856944.0,420000.0,330500.0,192.7,3,890955.9927462637,851778.7942461959
15007.0,25614.0,1102.0,3432.0,6201,5347,7599,7684,19181.0,18457.0,3707.0,3952.0,192.8,0,-140460.91398936065,-20054.216869985983
1802.0,9412.0,164.0,988.0,177,110,178,183,2750.0,4104.0,2885.0,4357.0,192.8,0,-154198.8015821482,-29288.57377004882
1529.0,9286.0,77.0,1096.0,161,37,174,174,4388.0,10537.0,16914.0,36292.0,192.8,0,-144419.90397132936,-17168.75741573073
989148.0,1005800.0,87310.0,109623.0,4605,4329,851,379,2877280.0,2037010.0,1231210.0,939512.0,192.8,3,2177689.198548058,2334825.4881663034
49042.0,74072.0,6723.0,10815.0,176,113,263,159,37089.0,33726.0,23779.0,25743.0,192.8,0,-104429.90118562714,-2565.0983574478632
110420.0,163032.0,16140.0,25757.0,907,426,118,86,67574.0,61962.0,53580.0,55100.0,192.9,0,-44339.42911703978,24023.92920196904
1089.0,6527.0,0.0,141.0,678,1545,1049,2832,2498.0,6916.0,1369.0,2316.0,192.9,0,-155532.7866036694,-30260.635478682438
3153.0,17223.0,329.0,1392.0,892,2077,1483,3714,3914.0,9120.0,1086.0,2700.0,193.1,0,-153876.8788529992,-29762.28772269067
4936.0,22219.0,705.0,1881.0,1136,2332,2013,3932,5351.0,9730.0,0.0,381.0,193.1,0,-152931.80450828758,-30032.444776929635
2322.0,8862.0,478.0,1548.0,1161,2011,1656,2885,4355.0,7527.0,0.0,288.0,193.1,0,-154620.20441167775,-30365.597799029943
44274.0,67654.0,15170.0,24774.0,357,131,0,87,37262.0,33300.0,38075.0,28428.0,193.1,0,-94855.9981535354,-1020.3696581550612
2447.0,12241.0,966.0,2972.0,1078,1683,1952,3416,6237.0,11064.0,215.0,469.0,193.2,0,-153281.17368827734,-29370.115673357108
19922.0,25385.0,3268.0,5336.0,6078,6575,10309,10347,24324.0,22988.0,1690.0,2755.0,193.2,0,-135526.26985305946,-19513.585741532697
65235.0,108367.0,11574.0,18688.0,195,95,90,77,74155.0,62630.0,40892.0,52327.0,193.2,0,-68064.31074322834,28219.64446050731
155143.0,214966.0,16962.0,25738.0,285,191,0,59,68485.0,62404.0,44641.0,43599.0,193.4,0,-29799.812103037897,15581.107597196064
354790.0,472277.0,477611.0,659473.0,897,484,466,268,113401.0,93715.0,52689.0,49979.0,193.4,0,394097.7647975106,-253801.8915833897
3180.0,15895.0,1127.0,3475.0,1191,2745,1706,3858,4076.0,10315.0,1121.0,2775.0,193.5,0,-153218.36834389367,-30135.623542690595
45646.0,65248.0,14079.0,22143.0,98,166,0,0,53020.0,48692.0,39095.0,38079.0,193.5,-1,-86359.18854873865,11525.875546071908
146920.0,226076.0,78278.0,125434.0,494,198,301,109,136984.0,125857.0,44720.0,56109.0,193.5,0,41667.12175092808,22971.287228337704
4280.0,13425.0,2288.0,5991.0,2111,2785,2572,3499,8598.0,10068.0,1388.0,2511.0,193.5,0,-149859.2082449854,-28005.914055368085
39809.0,54988.0,6368.0,9169.0,345,172,45,73,39419.0,36436.0,25602.0,25762.0,193.5,0,-106730.44964190682,498.3361466902607
4841.0,12288.0,2154.0,4478.0,2554,2880,3715,3927,9909.0,10090.0,290.0,2196.0,193.6,0,-149573.5649123944,-27638.259895955885
72712.0,99717.0,29135.0,46286.0,242,197,118,110,78689.0,70617.0,58814.0,51185.0,193.6,0,-44361.27192588584,26912.032077966694
9296.0,8049.0,2471.0,4342.0,4960,4956,6340,6596,17197.0,16212.0,2847.0,3670.0,193.7,0,-143106.08510138356,-22205.072236413245
4722.0,9156.0,545.0,2201.0,240,261,84,0,7094.0,8354.0,1167.0,1405.0,193.7,-1,-151790.14513286555,-28164.358901922184
1080.0,5786.0,130.0,2002.0,176,118,122,0,5429.0,8631.0,775.0,1160.0,193.7,-1,-154494.19641888712,-28923.873121045
496552.0,644734.0,55667.0,79880.0,1188,893,0,35,742465.0,609945.0,279661.0,240901.0,193.7,3,552249.7859381189,525515.8829178951
777.0,4981.0,530.0,2533.0,234,222,115,0,2043.0,4693.0,696.0,1333.0,193.7,-1,-155875.34439372754,-31301.97373278758
6245.0,18375.0,1865.0,5811.0,10181,10833,10458,11461,24081.0,25599.0,2509.0,3759.0,193.8,0,-141767.1730144874,-17395.92011107544
664277.0,752544.0,371501.0,521186.0,1722,1075,140,237,347085.0,305396.0,212964.0,172125.0,193.8,3,627494.7231285571,27311.338250991448
7305.0,12579.0,6088.0,10736.0,3022,3019,4210,4215,13069.0,13745.0,1938.0,2325.0,193.8,0,-143797.05105123704,-27557.284182133862
4873.0,14931.0,1761.0,3374.0,1274,1388,1924,2165,4827.0,5647.0,1052.0,1445.0,193.8,0,-151941.71621882246,-30410.80225125322
409104.0,574582.0,100526.0,148404.0,942,542,58,206,204776.0,179579.0,117472.0,100208.0,193.9,0,227383.64174214032,72431.5881346419
11609.0,13947.0,3881.0,5925.0,3077,3010,4338,4369,12032.0,11824.0,2842.0,2742.0,193.9,0,-143639.48383359011,-26660.53645176522
575533.0,679220.0,177182.0,228696.0,3087,2162,479,331,441919.0,351183.0,236838.0,178603.0,194.0,3,509346.7520069819,226096.31469332436
15493.0,29578.0,6009.0,10064.0,3358,3151,4779,4598,14377.0,13571.0,2967.0,3999.0,194.0,0,-139316.06817381448,-26511.281628294186
3967.0,8525.0,0.0,647.0,977,1297,1287,2435,4972.0,6805.0,1707.0,2197.0,194.0,0,-153128.19410139805,-28760.37065904056
60163.0,89622.0,11198.0,17511.0,149,151,210,145,56395.0,51669.0,49653.0,37221.0,194.1,0,-77082.96274076703,18808.1930495195
73132.0,120580.0,7022.0,11284.0,167,205,112,87,58928.0,50721.0,45860.0,39116.0,194.1,0,-74674.27003219466,20901.083017317385
18749.0,21307.0,2617.0,4224.0,4432,3960,5838,5379,14815.0,15548.0,4355.0,3661.0,194.2,0,-139654.36424842788,-23786.57110638822
65756.0,102983.0,28058.0,44167.0,574,234,0,2,57019.0,46905.0,45921.0,32381.0,194.4,0,-64856.30440831416,5910.462469093294
6540.0,13241.0,2461.0,5228.0,2872,2790,4044,4303,10597.0,10560.0,1150.0,1707.0,194.4,0,-148098.90119598678,-27223.51671635808
27077.0,48526.0,2602.0,5338.0,248,232,0,0,25749.0,26675.0,11002.0,22988.0,194.5,-1,-126453.79757406442,-11517.7622863012
2528.0,6846.0,3129.0,7226.0,2147,2806,2666,3695,6722.0,10232.0,754.0,1815.0,194.5,0,-151163.3668453213,-29983.752051832944
39485.0,63341.0,11871.0,17706.0,330,383,424,182,45663.0,44037.0,23019.0,28794.0,194.5,0,-100817.71526886502,416.06788363424494
39750.0,60942.0,6675.0,9853.0,527,335,564,206,42150.0,38953.0,36626.0,27619.0,194.5,0,-101007.34295089485,6960.987188697149
24082.0,46016.0,2758.0,5372.0,7034,6648,9691,9432,28111.0,27646.0,4001.0,6847.0,194.6,0,-131096.3499724333,-15445.166889180902
3117.0,12358.0,2114.0,4490.0,1598,1754,2004,2128,6000.0,6736.0,854.0,1442.0,194.6,0,-151960.87082556204,-29860.29546333717
7246.0,13712.0,1840.0,3254.0,2453,2642,3664,4186,10283.0,10623.0,1508.0,2005.0,194.6,0,-148211.83016335653,-26880.554111737423
3433.0,14233.0,1144.0,3558.0,2099,2481,2651,3077,8180.0,9081.0,892.0,1990.0,194.7,0,-151433.33089215145,-27788.46346321897
3256.0,10180.0,1416.0,4061.0,2419,2809,3993,4677,10739.0,12670.0,82.0,522.0,194.7,0,-150646.34015731385,-26902.28226280813
9700.0,18277.0,2631.0,6575.0,4925,4755,6476,6657,14723.0,14401.0,1196.0,2730.0,194.8,0,-144673.44891789666,-24739.30641776432
3873.0,11298.0,1141.0,3849.0,3421,4013,4163,5030,9010.0,10494.0,925.0,1683.0,195.0,0,-150902.77779549884,-27323.334518222742
28519.0,55206.0,2549.0,6242.0,569,350,266,214,41252.0,39901.0,23570.0,31034.0,195.1,0,-113247.85999654124,4782.4802788841225
404103.0,566767.0,79651.0,112794.0,391,388,0,41,186608.0,158068.0,124207.0,119563.0,195.1,0,207659.2141102309,80307.90081752976
10498.0,17732.0,1237.0,3396.0,3430,3935,4783,4844,12969.0,12798.0,2785.0,3131.0,195.3,0,-145468.44746514343,-24296.636903649425
41235.0,53372.0,3716.0,6399.0,331,294,45,93,38602.0,35125.0,33518.0,27718.0,195.4,0,-105177.7002755562,5189.601622013517
1644.0,7790.0,224.0,2138.0,219,127,201,105,7591.0,10797.0,1576.0,2707.0,195.5,0,-152731.0957095934,-27069.159968520697
550678.0,613367.0,51716.0,64522.0,2479,2164,417,223,1038790.0,789487.0,378089.0,281674.0,195.5,3,746755.5744215387,759683.083283193
58985.0,90017.0,14202.0,23663.0,125,222,441,159,40477.0,34909.0,33277.0,28537.0,195.6,0,-89807.54924583487,-1330.388153167427
68339.0,115556.0,2073.0,4346.0,477,253,317,184,73644.0,68240.0,61018.0,57212.0,195.6,0,-65539.06331819018,42889.05722852708
5202.0,11708.0,964.0,3018.0,2580,2530,3035,3354,7302.0,8480.0,1176.0,1612.0,195.7,0,-151170.40344398314,-28286.549702604883
14138.0,23130.0,2288.0,3298.0,3129,3314,4628,4656,12472.0,12188.0,4393.0,4222.0,195.7,0,-142745.65954765832,-24657.579993818184
1679.0,11060.0,511.0,4249.0,702,1541,908,2465,2297.0,6173.0,831.0,1359.0,195.9,0,-155348.49165903783,-31126.5760206878
3489.0,18797.0,1270.0,5135.0,1315,1892,1906,3156,6057.0,9778.0,373.0,836.0,195.9,0,-152620.51482523352,-29617.618004556927
39646.0,62496.0,11054.0,16505.0,227,223,339,215,54168.0,47439.0,33768.0,32611.0,196.0,0,-93032.9294481612,11418.85089592727
3623150.0,1584210.0,9997280.0,5153210.0,22843,5757,4671,1333,12073200.0,3276220.0,8918930.0,2155720.0,196.0,1,17236453.668070942,5177222.969956324
8565.0,18345.0,2837.0,6873.0,1435,1420,3507,3862,9971.0,11043.0,2231.0,3688.0,196.0,0,-146646.8431120545,-27215.521606544517
61984.0,87345.0,6375.0,8973.0,0,51,111,142,52464.0,47628.0,45776.0,36037.0,196.0,0,-83020.88360616473,17415.46463633802
72363.0,110604.0,13492.0,19028.0,288,177,399,173,64733.0,56403.0,50466.0,43023.0,196.1,0,-65710.06722865121,23119.66819137718
5576.0,14056.0,3439.0,8347.0,6916,7966,7745,8895,15013.0,16359.0,2006.0,2878.0,196.1,0,-145349.89061981018,-24430.27459337043
8209.0,22550.0,1855.0,4617.0,4077,4344,5486,5298,14857.0,16142.0,4417.0,4598.0,196.1,0,-144337.93734535828,-22420.790752272995
2682.0,16115.0,1635.0,5618.0,1761,3720,2436,5130,5730.0,11306.0,504.0,1767.0,196.1,0,-152678.71016548108,-29795.824088336707
1919.0,8658.0,834.0,3994.0,1514,3604,1898,4836,4182.0,10336.0,0.0,180.0,196.1,0,-154629.937705115,-30689.35776410804
11582.0,21951.0,1484.0,3149.0,2232,2301,3055,3213,8730.0,8950.0,1389.0,3027.0,196.2,0,-147298.17200861347,-27807.933503339336
5982.0,11558.0,571.0,2464.0,3367,3271,3908,4247,9391.0,10358.0,2137.0,1572.0,196.2,0,-149828.14848230814,-26371.446344798744
8282.0,12032.0,2567.0,3081.0,2087,2276,3153,3476,9541.0,9363.0,416.0,1451.0,196.3,0,-148094.4931448906,-28421.48444659608
64443.0,85140.0,7006.0,9517.0,409,345,222,107,43804.0,41842.0,40469.0,36617.0,196.3,0,-87366.41401782115,9250.13282244009
401520.0,529311.0,49019.0,73182.0,1330,1171,598,226,407419.0,323106.0,184397.0,164762.0,196.3,0,312920.35400400555,271831.9582954506
5512.0,12623.0,1864.0,3484.0,2760,2838,3768,3883,9473.0,9694.0,1468.0,1888.0,196.4,0,-149299.24978004076,-27330.656231307326
6486.0,11958.0,2028.0,3614.0,2800,2742,2647,2875,6937.0,6546.0,568.0,1235.0,196.4,0,-150346.37147608463,-29585.5195569326
49689.0,85443.0,3841.0,7210.0,192,87,163,130,49428.0,43232.0,31133.0,29463.0,196.4,0,-97408.60596691509,10686.471359395084
7225.0,18482.0,1620.0,3914.0,6261,7343,7123,8070,15669.0,17357.0,1506.0,2352.0,196.5,0,-145888.24446862732,-23275.77890078611
3806.0,15632.0,933.0,3160.0,2262,2685,3340,3966,8305.0,9640.0,1254.0,2210.0,196.6,0,-151207.3142676071,-27412.49211865956
22970.0,44018.0,8316.0,15570.0,118,31,118,14,23605.0,23661.0,13255.0,21890.0,196.6,0,-124456.62444125285,-15431.098189283442
2019.0,6524.0,0.0,2377.0,1145,2588,1347,3334,3411.0,7714.0,2300.0,2771.0,196.7,0,-154337.8411759958,-29279.81967751134
7699.0,14358.0,1124.0,2858.0,4498,5086,5773,6480,12605.0,13738.0,0.0,302.0,196.7,0,-148238.424097246,-25895.11138638812
176607.0,264379.0,11215.0,18496.0,393,324,588,240,202524.0,164154.0,65869.0,58504.0,196.8,0,45167.066353927046,113845.08577846436
146145.0,207818.0,40170.0,59207.0,659,363,447,119,121040.0,99235.0,74172.0,58086.0,196.8,0,18965.11345234455,49541.59810178433
4791.0,14254.0,423.0,3574.0,2305,2721,2083,2421,5524.0,6695.0,1229.0,1443.0,196.8,0,-152517.47889925083,-29051.29015176916
67441.0,106771.0,9356.0,13888.0,251,193,191,80,63430.0,54134.0,38816.0,45794.0,196.8,0,-75118.97292777972,20768.254420238733
942.0,5536.0,20.0,540.0,151,43,106,0,4281.0,7216.0,59.0,295.0,196.9,-1,-155517.65162305924,-30011.091760859552
1539.0,6372.0,0.0,1.0,233,184,73,14,3673.0,5789.0,822.0,1341.0,196.9,0,-155146.07800740565,-29934.893497318182
2143.0,8365.0,226.0,1235.0,185,74,139,45,5184.0,7787.0,35651.0,45772.0,196.9,0,-135594.05208240644,-7415.495171017093
539720.0,668574.0,40895.0,56235.0,1782,1578,194,97,634552.0,463934.0,233454.0,191654.0,196.9,3,487804.1308786197,436461.5871429372
45513.0,66123.0,7221.0,12700.0,275,200,27,81,29045.0,25626.0,22872.0,18411.0,196.9,0,-110418.7768298752,-9292.389984759498
16353.0,32461.0,1695.0,3234.0,3840,3951,5715,5754,15981.0,15436.0,2488.0,4496.0,196.9,0,-141331.61552051213,-22963.945407159656
6567.0,18123.0,1974.0,4579.0,1911,2239,2757,3175,7502.0,8365.0,512.0,1318.0,196.9,0,-150107.81503672397,-29208.80033820922
566560.0,744003.0,496033.0,641811.0,311,702,586,342,223117.0,193292.0,128434.0,110160.0,196.9,0,578561.4926140934,-168317.0369702396
9701.0,25296.0,2973.0,7782.0,2401,2490,3743,3901,10455.0,10314.0,1891.0,2922.0,197.1,0,-146089.31222392956,-27334.569306651152
19885.0,31157.0,1927.0,5309.0,154,259,308,160,20156.0,19075.0,16694.0,11813.0,197.1,0,-131690.68713686208,-13573.93109743978
17022.0,30523.0,10810.0,18964.0,97,91,42,0,20828.0,20149.0,7757.0,12917.0,197.1,-1,-129590.1308978576,-22108.8631143716
11382.0,11929.0,2386.0,3023.0,3194,3632,4240,4635,11683.0,13384.0,2193.0,1602.0,197.2,0,-145305.59772965332,-26383.454249062605
3284.0,8187.0,1800.0,5510.0,1597,1894,1968,2314,5182.0,6582.0,980.0,2387.0,197.2,0,-152312.23693708758,-29986.767679832643
1387.0,7710.0,0.0,1812.0,215,180,128,18,4281.0,8917.0,582.0,827.0,197.2,0,-155087.71379966868,-29723.63904174561
1776.0,8895.0,147.0,598.0,242,201,90,0,7018.0,10400.0,717.0,1099.0,197.2,-1,-153510.4964240058,-28008.91964464921
1227.0,4461.0,0.0,300.0,88,33,128,50,2924.0,4517.0,1398.0,1809.0,197.2,0,-155340.06376701564,-30071.140395052407
748266.0,911139.0,79012.0,112272.0,2743,2077,0,178,1130180.0,869443.0,465716.0,402427.0,197.2,3,935317.5048790596,843635.8395842875
10596.0,20352.0,6014.0,9388.0,2905,2901,4139,4561,12624.0,13289.0,2173.0,2019.0,197.2,0,-142653.33169267757,-27956.631932387278
27333.0,37441.0,6663.0,9609.0,322,186,188,202,34495.0,29864.0,26121.0,27012.0,197.3,0,-113506.11217284384,-1570.6960343615756
39819.0,71239.0,8399.0,14125.0,183,75,81,24,41946.0,38446.0,19178.0,22692.0,197.3,0,-106943.56055388064,-2367.670731215723
8545.0,14063.0,3141.0,4818.0,1333,1521,2331,2313,6305.0,5998.0,1298.0,1917.0,197.3,0,-148667.5976452887,-30401.441002555104
3142.0,8907.0,370.0,1424.0,3014,3069,3141,3305,9169.0,9860.0,427.0,2310.0,197.4,0,-151769.64905367323,-26801.661446812544
31895.0,61226.0,3930.0,7388.0,284,133,216,116,41579.0,38712.0,24353.0,26294.0,197.4,0,-111074.8679061416,3470.7686280533344
70930.0,111926.0,9712.0,18949.0,185,127,218,154,76037.0,71422.0,59633.0,52876.0,197.4,0,-59183.67888833997,38160.71222683761
32183.0,46858.0,2015.0,5804.0,6020,5771,8172,7789,22399.0,21835.0,6214.0,5300.0,197.4,0,-130249.96135045945,-18439.166266829077
3228.0,10806.0,914.0,2871.0,656,1628,665,2009,2380.0,5011.0,1474.0,1996.0,197.4,0,-154081.0550023315,-31056.28102019468
2481.0,11148.0,992.0,3614.0,2447,3643,2455,4051,6420.0,8941.0,761.0,1903.0,197.6,0,-152780.40380238075,-28813.67011786557
4306.0,9497.0,1841.0,2773.0,3069,3134,4031,4282,11078.0,11226.0,2342.0,3051.0,197.6,0,-148614.9302283136,-25669.29243786504
58445.0,86202.0,17141.0,28674.0,468,217,125,103,55161.0,50174.0,32778.0,35701.0,197.6,0,-80657.88075617763,7083.197755140067
3092.0,10744.0,374.0,2065.0,797,2421,1238,3306,3479.0,7468.0,1316.0,1513.0,197.7,0,-154132.50834117143,-30156.109230879723
1355.0,8834.0,789.0,3078.0,1724,3429,2139,4276,4484.0,8688.0,1096.0,1937.0,197.7,0,-154128.58594618418,-29691.24890533077
14832.0,38566.0,2579.0,4066.0,4173,4838,6491,7037,17999.0,18803.0,2415.0,4014.0,197.7,0,-140520.39316454873,-22250.58723604815
30308.0,44612.0,6572.0,11409.0,448,297,260,143,31456.0,30470.0,9898.0,18106.0,197.7,0,-120832.64177469676,-11864.849592585995
27745.0,47697.0,7618.0,11303.0,447,265,0,39,31042.0,28033.0,24485.0,22065.0,197.8,0,-115463.34605829707,-5861.263179378067
7818.0,8443.0,1687.0,2646.0,2694,2631,3197,3419,9082.0,8727.0,714.0,2437.0,197.9,0,-148863.16350119322,-27846.186420019258
6693.0,16025.0,595.0,2624.0,794,1573,1027,2119,2316.0,6653.0,2602.0,2474.0,197.9,0,-152433.77238395865,-30570.87916517454
7007.0,17931.0,1229.0,3676.0,2249,2533,3048,3896,7947.0,9933.0,933.0,1688.0,197.9,0,-150038.24544445451,-28251.859300172648
11853.0,17348.0,3644.0,5837.0,2610,2772,4202,4463,11361.0,10752.0,3533.0,2578.0,197.9,0,-143772.65492955412,-26688.15613422954
20375.0,35687.0,3419.0,6567.0,4164,4277,6313,6418,18098.0,18844.0,6336.0,4930.0,197.9,0,-136063.191961281,-21283.73745942447
8495.0,21747.0,1261.0,2998.0,4364,4462,6735,6843,16036.0,16875.0,1760.0,2822.0,198.0,0,-145302.24316171824,-22718.171782018107
9097.0,16712.0,4935.0,10142.0,3484,3258,5395,5747,16222.0,16075.0,2595.0,4402.0,198.1,0,-141930.57036172925,-24344.83916252505
180258.0,280485.0,18787.0,29934.0,755,524,7,52,246539.0,196709.0,107344.0,87333.0,198.1,0,90682.91881376386,158711.66735202866
12945.0,27338.0,2140.0,4925.0,4025,4600,5840,6307,16511.0,18059.0,2175.0,3358.0,198.1,0,-142439.74211790707,-23000.57805601943
50590.0,76237.0,14333.0,23320.0,629,268,143,141,64445.0,58323.0,51131.0,43145.0,198.2,0,-73914.30081157564,24122.238849068188
11386.0,19788.0,1719.0,2023.0,1961,1801,3018,2764,8183.0,7353.0,764.0,1106.0,198.4,0,-147936.78004918614,-28858.9979062358
11631.0,25114.0,4739.0,10312.0,1519,1596,3411,3750,9067.0,9089.0,1816.0,3823.0,198.4,0,-144621.36174739973,-29333.254119454952
6457.0,14312.0,1381.0,2641.0,1976,2704,2888,3705,7017.0,8207.0,2008.0,1609.0,198.4,0,-150191.844387707,-28461.31938162099
2175.0,10976.0,4353.0,11766.0,145,64,201,169,5166.0,6796.0,1222.0,1459.0,198.5,0,-151043.99982540088,-31578.020565532064
3562.0,12094.0,6486.0,11754.0,76,0,109,102,5755.0,6038.0,1482.0,2347.0,198.5,0,-148529.5942423953,-32383.45790781092
1556610.0,1338200.0,3208950.0,3433740.0,4299,2459,1887,741,593792.0,469465.0,347932.0,264410.0,198.5,3,3125082.40973105,-1584682.3390342265
2972.0,10678.0,526.0,2542.0,1704,1989,2735,3655,6617.0,8691.0,792.0,1414.0,198.5,0,-152863.98578054522,-28492.62121782182
14711.0,22810.0,902.0,2626.0,3174,3439,4785,4467,13939.0,13795.0,1068.0,1994.0,198.5,0,-144315.08138407895,-24649.501940970054
7158.0,15703.0,3862.0,8131.0,3246,3841,4614,5012,11315.0,12196.0,158.0,1687.0,198.6,0,-146921.7057786503,-28107.71107783196
57986.0,99998.0,14123.0,23198.0,424,233,89,102,44729.0,41060.0,29619.0,27628.0,198.6,0,-89818.93234972956,-209.3019122653932
4808.0,13927.0,2607.0,4362.0,2950,2909,4215,4673,11057.0,12721.0,1389.0,2682.0,198.7,0,-148288.2025648625,-26654.67378555292
1310.0,8871.0,520.0,3107.0,1703,3881,2420,5291,5551.0,12111.0,1723.0,2845.0,198.8,0,-153505.3289511763,-28435.296321494898
19379.0,30310.0,3759.0,6168.0,151,180,256,169,22257.0,20966.0,7183.0,15864.0,198.8,0,-132683.84414698818,-16703.645038109105
327141.0,470949.0,24932.0,33885.0,645,508,7292,6479,133572.0,118491.0,114591.0,97892.0,198.8,0,108167.65436836894,78634.4468545082
53861.0,80154.0,6576.0,11714.0,360,147,65,69,65335.0,56777.0,50573.0,41559.0,198.9,0,-77937.3268896017,28853.848328350014
53229.0,83058.0,5050.0,9210.0,399,175,345,168,40936.0,43059.0,23729.0,35514.0,198.9,0,-100919.55211429604,2192.6867598163262
12315.0,19689.0,2595.0,5401.0,4438,4638,5973,6297,15818.0,17265.0,804.0,3406.0,198.9,0,-143194.75144537992,-24251.076305418705
4261.0,12174.0,571.0,1832.0,2132,2357,2819,3345,6873.0,7905.0,106.0,899.0,198.9,0,-152506.80236536323,-28813.44198263989
25594.0,41117.0,7364.0,10628.0,112,168,0,22,33537.0,31380.0,16996.0,20494.0,198.9,0,-118357.87931994112,-7378.718381480285
11101.0,22699.0,3882.0,5504.0,1275,1062,3298,3359,7748.0,7547.0,3817.0,3585.0,199.0,0,-145317.1533774117,-28793.367529973
1392.0,5448.0,0.0,0.0,125,78,166,64,32877.0,48611.0,11184.0,19422.0,199.1,0,-135932.0712548537,-4210.25934446288
1790.0,11703.0,0.0,0.0,161,92,174,71,4763.0,8316.0,5874.0,10364.0,199.1,0,-151547.4407153446,-25693.807107399763
3188.0,8713.0,851.0,2412.0,248,161,174,67,8404.0,6918.0,16698.0,11677.0,199.1,0,-144585.15946128144,-19264.387943566715
3837.0,9435.0,0.0,1127.0,55,0,172,102,2923.0,4435.0,19088.0,13031.0,199.1,0,-146325.32997326096,-21017.48953438711
1175610.0,1137270.0,152304.0,174722.0,7243,4877,1508,1023,5859950.0,3755060.0,2534940.0,1627260.0,199.1,3,4211618.480257445,4825204.659613959
2948.0,7387.0,1520.0,3495.0,2335,2598,2869,3132,7208.0,8063.0,1416.0,1641.0,199.1,0,-151660.3997439995,-28443.40472753236
29519.0,44781.0,15926.0,25620.0,224,348,320,101,38308.0,35744.0,17185.0,21436.0,199.1,0,-108497.55925131043,-9761.523849388595
73089.0,107024.0,8057.0,11869.0,556,334,0,50,47050.0,42384.0,36908.0,30777.0,199.2,0,-83688.58432903819,7648.677466953657
16580.0,28921.0,6512.0,10427.0,4825,5106,6320,6595,15311.0,15491.0,1847.0,4020.0,199.2,0,-138507.94927582864,-26771.341250635072
6050.0,14281.0,1697.0,4421.0,2332,2532,2581,2753,8157.0,8884.0,741.0,2138.0,199.4,0,-150026.6952609657,-28360.239763520705
29301.0,38436.0,5733.0,8982.0,5393,5616,7128,6929,19197.0,18787.0,6199.0,4982.0,199.4,0,-130354.60369704753,-22669.983613181823
9316.0,21187.0,2174.0,3361.0,2374,2487,4267,4475,10741.0,10313.0,1065.0,1766.0,199.4,0,-147120.105980949,-27157.92646622689
1809.0,8721.0,0.0,0.0,466,1265,645,1674,2303.0,5887.0,1368.0,1934.0,199.5,0,-155375.46179444218,-30493.226862076728
16572.0,26342.0,2638.0,3527.0,1650,1645,4606,4755,12633.0,12786.0,5840.0,6333.0,199.5,0,-140637.21847214445,-23986.53791703323
3063.0,17461.0,1486.0,5389.0,683,1175,1444,2745,4192.0,7703.0,1362.0,2215.0,199.5,0,-152949.35695102127,-30269.00586104597
32125.0,53645.0,6239.0,10060.0,459,322,100,39,36176.0,34754.0,22601.0,25386.0,199.7,0,-112582.97335162622,-2291.3331465103474
2535.0,10039.0,971.0,2465.0,909,1946,1520,3343,4957.0,9407.0,1333.0,2118.0,199.7,0,-153198.7064380363,-29455.414581636265
52677.0,72810.0,13890.0,24502.0,339,297,64,83,72046.0,65052.0,55489.0,45445.0,199.7,0,-68040.71892202085,31268.5009510256
44350.0,82188.0,12661.0,22366.0,2655,2383,7126,7213,18076.0,18156.0,5872.0,5922.0,199.8,0,-119920.90279978832,-28690.384754801296
1568.0,7743.0,1671.0,5848.0,1329,1823,1592,2171,3550.0,4965.0,0.0,55.0,199.9,0,-154497.1811855573,-31612.273108955167
5077.0,9810.0,1958.0,4283.0,1970,2068,2673,3083,8157.0,8908.0,1851.0,2303.0,199.9,0,-149815.12321670027,-27968.103987519196
12518.0,18740.0,1831.0,3353.0,3418,3205,4223,4304,10554.0,10490.0,1184.0,1572.0,199.9,0,-146108.3051997237,-27251.10147942105
8687.0,15181.0,3759.0,5944.0,1203,1086,2566,2484,6749.0,6650.0,2424.0,3188.0,199.9,0,-147406.3658819439,-29840.81392833807
38084.0,60147.0,10179.0,13776.0,116,187,153,105,37373.0,32749.0,32082.0,23836.0,200.0,0,-103579.77422897024,-665.4856578011313
377139.0,471995.0,56325.0,79446.0,986,847,8770,7888,204208.0,167515.0,189598.0,151497.0,200.0,0,216622.7324682476,140416.70950277214
8592.0,9726.0,1756.0,2971.0,2896,3290,3339,4375,7390.0,9806.0,1540.0,1425.0,200.0,0,-149083.73378254694,-28825.27779077112
667.0,3108.0,708.0,2565.0,1769,2968,2164,3700,5013.0,8585.0,185.0,388.0,200.0,0,-154759.57480342864,-29892.040526729223
118368.0,187989.0,57633.0,89791.0,4287,4577,11020,11357,28378.0,28385.0,10844.0,8996.0,200.1,0,-51676.5646157748,-52634.15225308768
51981.0,78540.0,17136.0,24432.0,0,133,370,170,43874.0,41201.0,31805.0,28905.0,200.1,0,-89615.35703565952,-1128.0829070803484
164813.0,226819.0,136302.0,196983.0,598,571,450,207,129383.0,112596.0,70895.0,56850.0,200.2,0,95391.58156786612,-8324.414083544874
4255.0,9278.0,0.0,921.0,1167,2416,1561,3120,3487.0,7803.0,933.0,1120.0,200.2,0,-154100.67038878353,-30215.14835728801
11074.0,11928.0,2082.0,4259.0,5688,5188,5969,6195,17665.0,17377.0,3434.0,3268.0,200.2,0,-142268.6053706399,-21600.19929467676
13501.0,28933.0,715.0,1913.0,6365,6608,8780,9091,23772.0,23814.0,4509.0,4833.0,200.4,0,-138866.04633733595,-16330.00272435876
1139.0,5713.0,619.0,2567.0,1134,2487,1251,3041,2850.0,7373.0,203.0,149.0,200.4,0,-155628.99231426071,-31266.89131177929
63394.0,81950.0,5420.0,5943.0,0,165,0,89,64236.0,58398.0,49426.0,35725.0,200.5,0,-76488.45586513243,26847.81087599169
19164.0,32377.0,3887.0,6470.0,7913,8480,9504,10367,24747.0,25525.0,3675.0,3844.0,200.5,0,-134345.26303528785,-18581.297505111743
95096.0,123817.0,9396.0,15327.0,1028,458,278,169,89353.0,83264.0,63360.0,58254.0,200.5,0,-41445.4528768263,47634.44520435949
47471.0,68266.0,39745.0,54987.0,1422,1584,3930,3872,9684.0,9461.0,3416.0,2643.0,200.6,0,-105050.08613172238,-52766.79022365844
18203.0,28651.0,3843.0,7503.0,4583,4871,6412,6528,19218.0,19799.0,3165.0,4481.0,200.6,0,-137380.86318579866,-22103.37553323408
195557.0,283101.0,52627.0,79239.0,599,496,244,165,138325.0,120007.0,102046.0,92786.0,200.6,0,70265.9062797857,66703.02013437664
14727.0,24267.0,7369.0,9866.0,357,250,639,230,16232.0,14144.0,9449.0,7748.0,200.6,0,-135000.39735831227,-22828.234379491263
80370.0,132257.0,15164.0,25249.0,334,302,54,91,63166.0,57822.0,29338.0,46437.0,200.7,0,-69349.06080506182,12240.47982655928
6946.0,14919.0,1979.0,3469.0,2732,2828,4480,4844,11343.0,11248.0,2391.0,2775.0,200.7,0,-147336.0168567127,-25782.32216087639
1326.0,5654.0,37.0,614.0,164,43,200,123,4596.0,9798.0,7575.0,12251.0,200.7,0,-150920.97971173152,-24775.82978222594
527.0,2735.0,0.0,170.0,158,60,226,215,2950.0,4477.0,46653.0,117075.0,200.7,0,-124349.5472047624,7478.843247099623
469007.0,466256.0,104895.0,132017.0,12490,9630,95014,74624,1053980.0,761465.0,869820.0,613634.0,200.7,3,980438.6291612706,1001031.3230866212
59377.0,79136.0,5721.0,7204.0,258,155,597,158,45430.0,42516.0,36306.0,29958.0,200.7,0,-91972.9690354245,8599.731506446147
8173.0,15568.0,1580.0,4827.0,3268,3430,3766,3751,9439.0,8745.0,1941.0,2121.0,200.8,0,-148215.83488419402,-27111.3519992764
146287.0,216948.0,4476.0,7345.0,484,259,54,127,177974.0,146098.0,72329.0,65583.0,200.8,0,20307.117551935637,108369.3685606052
18628.0,30152.0,1429.0,2438.0,360,336,398,237,29165.0,28837.0,10798.0,23086.0,200.8,0,-129238.90962045448,-8148.148672576575
221046.0,302301.0,10366.0,16238.0,451,366,137,136,299980.0,248153.0,107137.0,98423.0,201.0,0,126987.57500543565,196831.07196406968
2095.0,6942.0,793.0,2932.0,931,2304,1324,3127,3596.0,6700.0,1839.0,2071.0,201.1,0,-153934.77824530803,-29971.30704741676
344142.0,513335.0,589352.0,847448.0,1806,1445,339,302,198019.0,172344.0,129965.0,97746.0,201.1,0,539605.6122576813,-229671.99336732877
89227.0,136945.0,14322.0,24279.0,0,136,203,101,106202.0,92568.0,41068.0,44675.0,201.2,0,-42796.23890548515,44044.07519853223
5154.0,13624.0,1433.0,2884.0,1764,1854,3270,3652,10045.0,11267.0,989.0,2098.0,201.2,0,-149638.7271725543,-26842.755719829773
1165.0,3276.0,717.0,2822.0,2705,2830,3528,4218,7756.0,9240.0,674.0,1751.0,201.2,0,-152956.32743928523,-27769.335533717796
9543.0,16553.0,1199.0,3690.0,2999,3142,4539,4372,10279.0,10045.0,1538.0,2152.0,201.3,0,-147683.65580909554,-26592.121928738496
41157.0,76155.0,4440.0,6063.0,77,163,61,39,47241.0,42501.0,32630.0,30307.0,201.4,0,-100816.18703703908,10245.526811195752
4283.0,8499.0,283.0,2083.0,162,161,226,118,12640.0,10877.0,4366.0,3510.0,201.4,0,-148202.4422503757,-22785.655112915723
597509.0,764416.0,98131.0,127995.0,2100,1374,390,149,950249.0,674165.0,328875.0,225843.0,201.4,3,732853.1982380456,641906.0902540347
25345.0,46528.0,4085.0,7490.0,305,314,130,122,24012.0,23329.0,9983.0,17406.0,201.5,0,-127995.99051936084,-14764.45115945498
8392.0,14288.0,2837.0,4152.0,3071,3270,4716,5135,13426.0,14749.0,1565.0,3617.0,201.5,0,-145409.67550536426,-25309.1239609306
1631.0,7495.0,854.0,2790.0,1419,2314,1659,3002,3809.0,7244.0,0.0,283.0,201.5,0,-154889.72262437784,-30902.995746572087
4650.0,22004.0,1167.0,2357.0,2500,2943,3823,4564,10069.0,12223.0,980.0,2252.0,201.5,0,-149999.51329291207,-26606.19774381684
27698.0,43558.0,6744.0,9689.0,95,114,276,170,29224.0,27968.0,15955.0,18659.0,201.5,0,-120484.51214883084,-10583.84360124141
2724.0,9957.0,1649.0,3220.0,1407,1988,2164,2837,5354.0,7140.0,833.0,2111.0,201.6,0,-152657.60545389476,-29852.16834690111
11879.0,18353.0,2583.0,4827.0,3985,4237,4924,4864,14346.0,13664.0,2810.0,3014.0,201.6,0,-143356.74906060038,-24369.220417143344
11467.0,21626.0,782.0,3618.0,5236,5358,6585,6623,14297.0,15085.0,2307.0,3231.0,201.6,0,-144944.59777378268,-23416.053066966404
7187.0,15175.0,1901.0,4844.0,2844,2806,3955,4160,10457.0,10427.0,2772.0,2586.0,201.6,0,-147574.2949625315,-26181.020674911248
8877.0,12926.0,4042.0,4991.0,3098,2866,4353,3872,10872.0,9399.0,3715.0,2871.0,201.6,0,-144831.5119602786,-26930.482609317405
2296.0,7252.0,1304.0,3463.0,1048,1911,1687,2273,4007.0,6500.0,1176.0,993.0,201.7,0,-153694.46170337917,-30495.76225749561
4783.0,14783.0,2561.0,5923.0,1294,1441,2489,2744,6173.0,6596.0,1015.0,2069.0,201.7,0,-150753.36971931037,-29970.224057764837
124245.0,165189.0,26477.0,38548.0,143,313,0,90,118317.0,106660.0,57174.0,57612.0,201.7,0,-7021.605178632017,50630.89139736028
9914.0,20762.0,2217.0,3803.0,4450,4628,5932,6371,16576.0,18153.0,1608.0,2029.0,201.7,0,-143974.61554001493,-23262.194225837837
32491.0,60829.0,3549.0,5724.0,346,297,112,24,34143.0,33177.0,20141.0,33340.0,201.8,0,-115110.34679781766,-1667.2576549954429
7703.0,11228.0,413.0,1115.0,2307,2379,3005,2575,7258.0,6132.0,1990.0,1709.0,201.8,0,-150234.52870533644,-27773.681814227293
32703.0,41531.0,13624.0,22726.0,38,162,400,175,30134.0,30038.0,26841.0,24744.0,201.8,0,-108487.16722314052,-9108.495196290452
2961.0,11053.0,954.0,2947.0,1451,3311,1445,3480,3257.0,7435.0,1658.0,2614.0,201.9,0,-153618.6510041388,-30331.96776810049
2630.0,9096.0,1368.0,3810.0,1084,1610,1584,2710,4077.0,6836.0,1003.0,1557.0,201.9,0,-153474.56091471566,-30495.741690576087
15348.0,26593.0,5130.0,9919.0,6301,6894,8541,9059,19049.0,19705.0,2953.0,4268.0,202.0,0,-137836.0784964634,-22952.24905496521
66571.0,93510.0,16717.0,27694.0,215,197,0,34,50931.0,44484.0,47991.0,39346.0,202.0,0,-73455.75472772933,11115.090227821118
5727.0,16431.0,961.0,2302.0,1912,2120,2836,3349,7572.0,8469.0,345.0,964.0,202.0,0,-151226.06008711088,-28600.65875066104
303261.0,434008.0,65479.0,93150.0,874,563,279,177,147625.0,128745.0,91472.0,82543.0,202.0,0,122244.66257867162,51434.0935673059
30810.0,55918.0,3319.0,6240.0,5167,5040,7552,7564,25487.0,23394.0,8972.0,6733.0,202.0,0,-127323.39540637557,-15829.658330526232
5980.0,11321.0,1541.0,3189.0,2329,2127,3155,3236,9748.0,9606.0,3379.0,2728.0,202.0,0,-148397.0281285121,-26048.82489700596
11271.0,23223.0,2573.0,4842.0,3864,4199,6228,6689,17605.0,18581.0,1731.0,4008.0,202.0,0,-142414.66510087866,-22552.853852506443
9590.0,20586.0,1793.0,2972.0,2735,3171,3276,3636,11199.0,11305.0,1749.0,3354.0,202.1,0,-146611.89352906315,-26107.749862696997
34916.0,57387.0,1666.0,2654.0,328,224,200,99,29493.0,27859.0,14364.0,22633.0,202.1,0,-120998.67345396384,-7724.902612769201
43844.0,57955.0,11825.0,16541.0,32,143,414,156,41033.0,36084.0,37234.0,30397.0,202.1,0,-95703.81014236504,3456.367089750256
1301.0,7373.0,899.0,4870.0,2787,4990,3583,6514,7393.0,12799.0,469.0,1626.0,202.1,0,-153029.79150960632,-28227.97462691768
4837.0,11059.0,2729.0,4725.0,1166,1399,2218,2302,5591.0,6227.0,702.0,996.0,202.1,0,-151129.33032408138,-30751.26969392223
8555.0,13751.0,1290.0,2880.0,3336,3179,4277,4298,10933.0,10880.0,1330.0,1855.0,202.1,0,-147844.44358664437,-26307.39050036109
3325.0,7196.0,2655.0,5619.0,2696,2869,3978,4297,9791.0,10822.0,1115.0,1752.0,202.2,0,-149652.60069150678,-27653.471117156187
2479.0,12802.0,1035.0,2746.0,1620,2034,2477,3359,5715.0,7534.0,512.0,1347.0,202.2,0,-153233.32760606616,-29479.247744197197
126838.0,184766.0,12956.0,19339.0,0,112,0,86,125524.0,112057.0,44546.0,43654.0,202.2,0,-18472.15334361285,55969.40152194208
61059.0,85090.0,8332.0,12616.0,285,172,512,279,64294.0,59522.0,41238.0,45527.0,202.2,0,-77189.5794751013,23346.350307637957
5773.0,13047.0,1368.0,3748.0,1280,1156,1824,1913,6602.0,6901.0,813.0,1958.0,202.2,0,-151067.8378355799,-29118.4563627646
2043.0,12574.0,144.0,1964.0,578,1306,594,1838,1464.0,5106.0,1453.0,2388.0,202.2,0,-155469.50973872445,-31021.012563092325
1594.0,10339.0,990.0,3700.0,1821,3254,2411,4426,6098.0,11407.0,132.0,1189.0,202.2,0,-153613.99692720457,-29336.45397728855
1657.0,8258.0,384.0,2324.0,453,1474,586,1834,1445.0,4431.0,244.0,397.0,202.2,0,-156168.44534726968,-31985.363185201048
20518.0,35131.0,5206.0,9827.0,361,195,384,160,24396.0,24187.0,9871.0,14954.0,202.2,0,-129376.18987673092,-15351.716979411882
1989.0,4030.0,351.0,2507.0,2358,2436,2748,2924,6924.0,7193.0,899.0,781.0,202.2,0,-153287.998807678,-28181.97730000604
7484.0,19649.0,2528.0,6314.0,2489,2812,3506,3691,8919.0,9167.0,1508.0,2386.0,202.3,0,-148206.1465232534,-28129.65754358397
7908.0,15761.0,2506.0,4768.0,2575,2462,3450,3443,9396.0,9902.0,2438.0,2342.0,202.3,0,-147494.88515598053,-27458.84011818019
19393.0,19017.0,1213.0,3564.0,4835,4993,7486,7712,21039.0,21009.0,4171.0,4106.0,202.4,0,-137563.00290427115,-19013.85713863396
4686.0,13904.0,2135.0,5730.0,3286,3895,4507,5228,10526.0,12049.0,506.0,1345.0,202.4,0,-149397.17723406985,-27270.82217086912
11497.0,24439.0,2518.0,4871.0,4687,4853,7232,7802,19237.0,19536.0,3096.0,2035.0,202.4,0,-141366.7890110338,-21243.327568824927
5103.0,10259.0,1067.0,2929.0,3177,3618,4403,4877,12742.0,14523.0,1039.0,2630.0,202.6,0,-148606.23684493106,-24796.548833948134
23826.0,38841.0,19853.0,30418.0,0,119,0,0,26729.0,22877.0,23890.0,20371.0,202.6,-1,-111004.6231227961,-16530.606416743198
406.0,1850.0,58666.0,201447.0,212,128,160,37,2296.0,4196.0,3087.0,5020.0,202.6,0,-114416.94300439666,-66023.15444480848
2810.0,11289.0,94982.0,178676.0,118,0,260,172,8292.0,7563.0,6859.0,6242.0,202.6,0,-84104.17429472708,-83409.3546015252
14940300.0,5053630.0,484476.0,16777200.0,159091,28286,58703,13876,2043820.0,462853.0,1329470.0,289179.0,202.6,2,7743986.726611326,588718.8914455426
5168.0,9224.0,1568.0,3364.0,1321,1105,1880,1740,4979.0,4738.0,939.0,1146.0,202.6,0,-151965.0952857746,-30308.24140760831
12974.0,20959.0,2267.0,3316.0,4369,4417,5413,5666,13635.0,14023.0,1433.0,1288.0,202.7,0,-144171.86252907274,-25545.494963139696
8112.0,28068.0,3458.0,7200.0,1837,2198,3062,3948,10013.0,12780.0,2531.0,2275.0,202.7,0,-146452.05175393503,-27651.699607180548
893.0,5469.0,925.0,4527.0,369,1149,460,1522,1282.0,4658.0,164.0,77.0,202.7,0,-156251.50435237188,-32463.583472713864
55166.0,82048.0,11330.0,15780.0,396,172,0,41,55963.0,45185.0,43364.0,35384.0,202.7,0,-81785.6812812628,15842.50534334753
148124.0,222536.0,9717.0,14395.0,592,602,0,104,68297.0,56329.0,50810.0,44287.0,202.7,0,-35397.89616920595,23165.696885937392
1308.0,5214.0,834.0,3142.0,1609,2423,2102,3256,4584.0,6916.0,1120.0,1789.0,202.8,0,-154081.82302144053,-29666.890675913044
14634.0,33495.0,3510.0,4562.0,7083,7138,10378,10258,23220.0,21973.0,1540.0,5442.0,202.8,0,-137735.89973939664,-19652.30990869697
3155.0,11914.0,1704.0,4547.0,1927,2283,2497,3479,7329.0,10659.0,1260.0,1294.0,202.8,0,-151496.8135986485,-28617.556654743723
10418.0,25620.0,1680.0,5330.0,3431,3684,5543,5675,13676.0,14001.0,1021.0,2240.0,202.9,0,-145639.177214508,-25003.91162482267
182427.0,266325.0,10323.0,16292.0,204,156,171,107,162161.0,137008.0,72293.0,66605.0,202.9,0,32131.4507788982,92501.0278522266
51893.0,83009.0,24136.0,41198.0,270,141,386,220,45062.0,40997.0,38274.0,35533.0,202.9,0,-81056.37041361057,-988.100231910652
85040.0,120584.0,10718.0,17711.0,110,208,152,159,85812.0,78306.0,79940.0,69320.0,202.9,0,-38732.19503184642,53952.51503648752
8730.0,13712.0,1551.0,3228.0,1975,1753,2653,2724,8211.0,8057.0,2716.0,2345.0,203.0,0,-148251.35207805227,-27546.18553212645
65944.0,103603.0,8994.0,15717.0,342,370,414,191,52545.0,47479.0,40875.0,40473.0,203.0,0,-80801.1298062616,14220.921786077535
71112.0,103860.0,36037.0,55920.0,146,139,171,68,92247.0,84689.0,60121.0,64622.0,203.1,0,-31958.002049465824,33960.2595589047
10334.0,14073.0,830.0,2305.0,2613,2590,3984,3858,10414.0,9376.0,1471.0,2413.0,203.1,0,-147547.00015063092,-26313.717258537406
4069.0,13179.0,1388.0,3067.0,1262,1860,1826,2992,6253.0,10103.0,865.0,1486.0,203.2,0,-151949.66635994738,-29294.851409566298
850.0,5033.0,82.0,1508.0,309,1163,551,1847,1757.0,5685.0,177.0,145.0,203.2,0,-156623.7576474261,-31614.559804681998
48646.0,66692.0,35548.0,54032.0,5392,5226,8080,7615,23307.0,22733.0,5392.0,4338.0,203.2,0,-100368.19683871129,-40486.95939529032
41963.0,61661.0,14813.0,23239.0,334,208,0,3,52903.0,49530.0,31331.0,34752.0,203.2,0,-90687.5400099446,7428.562565817327
377610.0,483854.0,611803.0,933530.0,936,750,727,184,279589.0,234282.0,193756.0,142545.0,203.2,3,634789.5394462213,-160409.1837718012
9193.0,22368.0,2595.0,4150.0,6542,6713,8281,9016,17674.0,19341.0,1474.0,2982.0,203.2,0,-143435.2346477986,-22657.892438112223
91396.0,146220.0,8708.0,15182.0,0,249,92,148,101700.0,89563.0,68538.0,64050.0,203.3,0,-35228.80770516161,59216.91261802192
9327.0,20343.0,1000.0,2830.0,3802,3397,4930,4949,12072.0,13255.0,1392.0,2487.0,203.3,0,-147110.4771621235,-25326.72379415484
31339.0,50270.0,10558.0,12238.0,3049,2894,4218,4001,13828.0,12987.0,3727.0,3787.0,203.3,0,-129680.6363273972,-30460.38075507253
50999.0,76465.0,2372.0,3067.0,0,123,292,148,57777.0,50984.0,48678.0,35810.0,203.3,0,-86846.07952818909,25183.534391277328
11243.0,23873.0,2485.0,5036.0,2528,2455,3637,3900,11140.0,11698.0,2281.0,3272.0,203.3,0,-145297.72006827116,-26475.831590667345
579.0,3283.0,617.0,2705.0,149,25,182,79,3318.0,6783.0,3312.0,6899.0,203.4,0,-153652.03964190878,-28547.20477740209
1129.0,6993.0,0.0,518.0,140,5,144,26,1760.0,6961.0,7727.0,29043.0,203.4,0,-150128.07893498964,-23774.36734093488
660599.0,816886.0,170436.0,250014.0,1777,1574,659,175,974557.0,788833.0,403477.0,313466.0,203.4,3,858182.554563021,653146.7500392509
10513.0,12673.0,1622.0,3184.0,2785,2801,3629,3660,10718.0,9899.0,1248.0,2024.0,203.4,0,-146921.22280325365,-26787.3716135205
58928.0,96896.0,25895.0,34943.0,6063,6205,9737,10203,28500.0,27581.0,6246.0,5508.0,203.4,0,-100015.93172014743,-31261.799794499377
31786.0,39192.0,6996.0,9328.0,340,193,92,82,27326.0,27117.0,15974.0,17635.0,203.4,0,-119614.08369708834,-12364.801526634164
30124.0,57736.0,15186.0,26800.0,121,121,46,54,33634.0,34226.0,12139.0,20078.0,203.4,0,-112902.3259899379,-14627.339581658449
29950.0,51032.0,7439.0,12460.0,269,201,0,31,30336.0,29058.0,25426.0,24636.0,203.5,0,-114330.52682754234,-5530.954663383567
61276.0,109003.0,17453.0,26628.0,3388,3027,8448,8640,20462.0,20340.0,9633.0,9086.0,203.5,0,-106813.45072937549,-29201.867370091717
33314.0,52990.0,6431.0,9757.0,372,232,0,61,44193.0,39185.0,33748.0,26899.0,203.5,0,-104044.62870411662,7499.799911631653
22874.0,46677.0,6239.0,10209.0,293,258,182,85,30612.0,29995.0,22264.0,23097.0,203.6,0,-119293.63901684436,-5716.564606537395
4367.0,12384.0,2258.0,5780.0,2755,3414,4123,4735,10868.0,13186.0,918.0,2670.0,203.7,0,-148970.90556403415,-26726.01391117777
2650.0,14114.0,0.0,377.0,231,236,166,82,3243.0,5662.0,11994.0,22224.0,203.7,0,-148123.26289269837,-22239.48681281149
946.0,5938.0,396.0,1692.0,127,6,84,0,2941.0,7095.0,22568.0,73834.0,203.7,-1,-138262.01320560966,-9847.727781158
362399.0,420692.0,46503.0,56474.0,6398,4728,595,368,1353590.0,1071700.0,805905.0,599365.0,203.7,3,1006003.6721525106,1204728.2970804796
29190.0,47632.0,3041.0,4212.0,79,152,200,149,23782.0,20840.0,21183.0,18588.0,203.7,0,-122963.77600052896,-9614.68646761157
3972.0,14131.0,1836.0,4254.0,1873,2458,2259,2854,6492.0,8287.0,564.0,686.0,203.7,0,-151782.51580090533,-29672.882182030728
4492.0,16478.0,1512.0,5301.0,3675,4680,5162,6263,13578.0,16838.0,2026.0,2730.0,203.7,0,-147793.306254469,-24076.06294037972
1554090.0,1551690.0,1546140.0,1883030.0,4381,2889,919,727,334202.0,277702.0,205068.0,144727.0,203.8,3,1790885.6164609562,-783845.1758063439
10154.0,27346.0,2676.0,5267.0,6362,6410,7508,7847,19903.0,20967.0,2324.0,3810.0,203.9,0,-141563.9430294124,-20873.989877713157
997282.0,1057440.0,585859.0,589195.0,2249,1284,655,351,171516.0,157375.0,94376.0,84444.0,203.9,3,777904.8625291198,-303749.40725266846
5754.0,13755.0,853.0,2266.0,4003,4660,4728,5422,11343.0,12575.0,439.0,791.0,204.0,0,-149569.64333654003,-26135.88672314379
14081.0,22383.0,786.0,1866.0,3868,3836,5036,5343,14287.0,13937.0,1809.0,4096.0,204.0,0,-143955.3730385598,-23667.42305497463
3881.0,7775.0,233.0,1312.0,58,21,99,63,15891.0,20520.0,18364.0,12720.0,204.0,0,-140606.75935864935,-13321.123247519025
1899.0,6847.0,0.0,144.0,173,129,11,0,7859.0,12060.0,9249.0,8611.0,204.0,-1,-149084.79093247908,-22607.49371932096
1331.0,8936.0,0.0,934.0,201,123,130,15,4283.0,7725.0,11712.0,31853.0,204.0,0,-147082.1206263218,-20069.253410408382
823032.0,926279.0,186790.0,207059.0,4267,3292,700,647,2579800.0,1917280.0,1319030.0,936679.0,204.0,3,2076301.0213803884,2131468.773225888
59822.0,89844.0,4313.0,9081.0,800,310,242,199,64096.0,57856.0,51708.0,39042.0,204.0,0,-77515.46202697529,29176.197359975584
15931.0,31727.0,2257.0,4586.0,5724,6110,7681,7981,20465.0,21853.0,3707.0,2774.0,204.0,0,-138855.8651982501,-20216.015171077448
31448.0,67211.0,30729.0,54391.0,2833,2731,6288,6397,14715.0,13118.0,3405.0,5282.0,204.0,0,-115234.41542849709,-42460.67370466189
53581.0,76836.0,26139.0,43105.0,1525,1629,3976,4086,11170.0,11864.0,4121.0,4173.0,204.1,0,-110820.15083654606,-43140.644385193205
147675.0,215746.0,13056.0,15458.0,436,380,0,111,164553.0,149370.0,107310.0,90713.0,204.2,0,36834.86947062673,113117.66041994625
6418.0,13559.0,7777.0,13301.0,1480,1769,3337,3520,8979.0,9751.0,1634.0,2438.0,204.2,0,-144940.23811069917,-31256.25329406156
4408.0,11772.0,897.0,2827.0,750,806,1602,1945,4552.0,5557.0,679.0,1841.0,204.3,0,-152941.972519052,-30105.29278437562
14910.0,26713.0,4011.0,8183.0,4903,4999,7192,7365,18614.0,18404.0,4312.0,6141.0,204.3,0,-138250.9470754428,-21627.46867321497
403162.0,521061.0,45171.0,67274.0,1463,1063,7864,7283,235449.0,205928.0,229094.0,195365.0,204.3,0,253779.60805891184,189091.7373133945
37631.0,65320.0,23616.0,37006.0,565,289,83,77,43045.0,38812.0,30548.0,31882.0,204.4,0,-91477.60833557395,-4838.857714499289
5293.0,12291.0,902.0,1936.0,1552,1542,2152,2248,5046.0,5602.0,529.0,505.0,204.4,0,-152575.06142472982,-30130.326309458396
1303.0,5940.0,0.0,0.0,67,0,166,109,3398.0,5186.0,938.0,1935.0,204.5,0,-155249.09335832793,-29949.06681883785
469140.0,617480.0,67886.0,104893.0,794,857,256,181,521984.0,409239.0,214588.0,177407.0,204.5,0,418027.0635437538,342726.5263486934
76203.0,121560.0,43990.0,69627.0,300,181,0,0,15906.0,14927.0,8359.0,8536.0,204.5,-1,-85001.57753675165,-50339.441681647855
49853.0,86032.0,3750.0,6498.0,430,256,321,223,61435.0,53898.0,42108.0,40305.0,204.5,0,-86570.38038472972,24670.0370021734
3303.0,9656.0,3106.0,8052.0,1843,2235,2271,2567,4937.0,5750.0,927.0,1091.0,204.5,0,-151695.39642021692,-31192.576717453197
66432.0,103484.0,31251.0,47557.0,251,155,0,21,44578.0,35844.0,31492.0,24557.0,204.5,0,-74297.39256107186,-11314.139714019846
50488.0,74664.0,3824.0,8878.0,152,131,0,80,50802.0,49966.0,39765.0,34385.0,204.6,0,-92666.4926151346,15925.548762321214
67802.0,92082.0,7621.0,12330.0,372,253,367,132,33137.0,31485.0,20727.0,26506.0,204.7,0,-98938.19650880252,-8004.903359292923
2474.0,14426.0,284.0,1409.0,324,1392,702,2198,1408.0,4606.0,2769.0,7512.0,204.7,0,-154088.92026653953,-29797.316714224795
3741.0,14839.0,1344.0,4165.0,9501,16886,14093,26152,16377.0,24068.0,5083.0,8817.0,204.7,0,-145033.4488145875,-19876.133654092213
6628.0,13802.0,859.0,3536.0,6778,16183,9538,24136,8912.0,21521.0,632.0,980.0,204.7,0,-150196.13901644986,-27613.12504043722
49864.0,90933.0,4233.0,5817.0,245,210,384,209,53196.0,47893.0,28386.0,36109.0,204.7,0,-95541.20205029983,12725.84693173606
194487.0,268293.0,76971.0,119381.0,433,245,228,123,176027.0,152606.0,77468.0,68710.0,204.8,0,91522.91618784078,61150.030716521214
1686.0,11597.0,921.0,4246.0,125,20,179,92,3931.0,8736.0,20859.0,50598.0,204.8,0,-140715.40125040384,-14046.49055519131
53977.0,74061.0,8910.0,15921.0,115,96,226,172,64442.0,65247.0,29330.0,50347.0,204.8,0,-83410.26880616146,19313.66072713643
1998.0,5575.0,2799.0,5927.0,1692,2027,2499,2990,6468.0,7724.0,392.0,648.0,204.8,0,-152005.08581325633,-30241.918320981196
7180.0,17383.0,2954.0,7057.0,4433,4976,5607,6613,15240.0,17211.0,2064.0,3050.0,204.9,0,-144890.73838371693,-24037.518196085257
547635.0,664885.0,111999.0,162980.0,1323,1090,446,239,253604.0,224852.0,135648.0,119643.0,204.9,0,323214.926727633,97845.08671462766
117771.0,169590.0,5357.0,7114.0,584,355,396,170,95557.0,83593.0,85382.0,69973.0,204.9,0,-22544.94032344597,63741.24185367595
7474.0,16401.0,2233.0,5167.0,3475,3481,5206,5964,13065.0,14445.0,1447.0,3592.0,204.9,0,-146410.64807780384,-25151.21280607792
8110.0,16986.0,1797.0,4573.0,1517,1553,2994,3161,7012.0,7084.0,2047.0,2795.0,204.9,0,-149066.53881089424,-28625.73490475725
2426.0,7912.0,806.0,2367.0,1746,2997,2517,4301,6349.0,10981.0,80.0,419.0,205.0,0,-153403.70277195622,-29261.37866670184
7467.0,12581.0,2013.0,2899.0,2610,2434,3245,3480,10029.0,9722.0,1266.0,2000.0,205.0,0,-148206.4814912093,-27267.60717458725
7399.0,14194.0,556.0,3093.0,2482,2665,3396,3607,8718.0,9683.0,1248.0,1531.0,205.1,0,-149897.51435503858,-27259.709411392072
36972.0,59428.0,4672.0,8822.0,76,120,20,102,38617.0,36185.0,15085.0,26475.0,205.1,0,-113216.84241815296,-3057.9494855170487
51674.0,82988.0,18703.0,30499.0,385,200,30,53,31720.0,29601.0,19658.0,20293.0,205.2,0,-99708.72279853204,-16256.83024635337
13084.0,30387.0,2854.0,8104.0,4803,4947,6231,6529,16207.0,16790.0,3802.0,4932.0,205.2,0,-141225.2455086302,-22714.52669737422
46286.0,63042.0,10458.0,16780.0,0,128,260,104,48383.0,42272.0,38640.0,28535.0,205.2,0,-92050.90853754804,9093.957025452297
1243.0,7398.0,1086.0,4986.0,574,1327,781,1916,1778.0,4614.0,0.0,177.0,205.2,0,-155820.40973219043,-32325.976274919747
1967.0,8316.0,532.0,4202.0,846,1599,1261,2238,3077.0,5699.0,363.0,696.0,205.2,0,-155120.12733444184,-30967.3592593686
15697.0,23822.0,2988.0,4970.0,5819,5854,8301,8400,20246.0,20029.0,4043.0,2880.0,205.2,0,-138407.2276539369,-20638.828512452936
37032.0,67373.0,3798.0,6492.0,76,325,0,96,24905.0,23408.0,17613.0,20382.0,205.3,0,-119814.38603536005,-11100.072641413435
88381.0,123283.0,9020.0,13761.0,315,150,100,116,73038.0,67079.0,54816.0,51489.0,205.3,0,-55819.86309907546,33320.66769724313
302888.0,410175.0,13941.0,18671.0,548,666,5159,4377,148097.0,128852.0,134984.0,113282.0,205.3,0,106661.29788022056,107316.77468455763
51521.0,84487.0,14393.0,23892.0,530,272,0,48,50703.0,46884.0,38541.0,38475.0,205.3,0,-84923.5279630963,9302.759104848596
48218.0,69892.0,5779.0,8234.0,213,141,346,150,41305.0,35552.0,34756.0,27607.0,205.4,0,-99231.85006732028,5652.10543735974
5465.0,10005.0,0.0,1883.0,556,875,599,1390,1710.0,4295.0,1465.0,1580.0,205.4,0,-154154.3845230473,-31122.057160993605
4367.0,10708.0,1306.0,3444.0,4339,5182,4350,4871,10826.0,12853.0,1941.0,2348.0,205.4,0,-149306.57334088616,-25778.109080630387
6716.0,18289.0,3256.0,7179.0,6259,6487,8120,9061,19882.0,21191.0,2765.0,4516.0,205.4,0,-142328.31067510834,-20728.09133886056
61094.0,91546.0,3990.0,9051.0,296,352,74,79,50221.0,46076.0,36574.0,31324.0,205.4,0,-90034.4056485063,12934.573446797269
81392.0,113216.0,28120.0,37499.0,0,144,102,112,71500.0,60743.0,72062.0,52676.0,205.5,0,-39671.54996894029,28238.09722160622
25878.0,35632.0,4116.0,6670.0,8010,8136,11569,11703,32865.0,32397.0,6360.0,7772.0,205.5,0,-126287.85549710688,-12266.692376696095
6083.0,10139.0,1230.0,3039.0,3384,3407,4669,4839,12097.0,12698.0,3245.0,2945.0,205.5,0,-147528.40499919569,-24393.737955834265
4635.0,14106.0,1453.0,3301.0,7336,9450,10284,13035,4945.0,5721.0,0.0,760.0,205.5,0,-152649.35281027813,-30663.98411436453
49403.0,77620.0,28067.0,45832.0,177,75,131,106,59207.0,57119.0,37846.0,47658.0,205.5,0,-71611.08098883244,7415.091180457752
72046.0,110747.0,6819.0,10019.0,551,408,0,61,70809.0,63239.0,59595.0,53114.0,205.6,0,-63064.76744262678,36620.36736305663
260997.0,353722.0,88967.0,131579.0,1230,1223,272,201,106798.0,96267.0,88575.0,84016.0,205.6,0,101869.12425446798,12640.65711612529
1622.0,9314.0,1416.0,5545.0,826,1688,1182,2666,2896.0,7114.0,734.0,2008.0,205.6,0,-154429.9993241599,-31248.32210815109
3487.0,12277.0,791.0,2334.0,3229,3862,3910,5043,11026.0,14454.0,1684.0,2284.0,205.6,0,-150038.40635264947,-25389.341845171195
35143.0,55069.0,13375.0,19582.0,276,254,229,149,41326.0,35456.0,29549.0,30480.0,205.6,0,-100889.88284967768,21.96131096355748
101452.0,151218.0,88127.0,141082.0,7088,6598,9769,9842,28918.0,28315.0,7087.0,6055.0,205.7,0,-39055.628796688296,-72392.27613257905
47895.0,68722.0,10683.0,17008.0,279,254,458,210,50864.0,44946.0,37497.0,37640.0,205.7,0,-89388.65784893642,11398.680776939862
8813.0,16581.0,2926.0,6817.0,1970,2216,3440,3627,9282.0,8840.0,3095.0,2787.0,205.8,0,-146588.30406608895,-27505.83343636825
181338.0,273725.0,27100.0,43598.0,218,307,0,113,113182.0,100199.0,108680.0,85755.0,205.9,0,37038.52376500648,69411.31353511641
35588.0,60928.0,4004.0,8053.0,35,9,0,41,35155.0,34583.0,22984.0,26031.0,205.9,0,-112946.76161879869,-1494.3918569357884
53197.0,77565.0,5309.0,6409.0,74,99,0,47,50660.0,46396.0,37567.0,38048.0,205.9,0,-90944.1440780236,14393.032822430116
2305.0,6277.0,1864.0,3570.0,1438,1552,2118,2447,4632.0,4948.0,538.0,1301.0,205.9,0,-153217.4132002132,-30670.34133242819
119457.0,165961.0,24364.0,37278.0,0,30,206,138,105832.0,82657.0,46694.0,36101.0,206.0,0,-22655.640345761407,36525.58142366179
68432.0,102627.0,7000.0,8341.0,0,227,231,151,66528.0,59853.0,54642.0,45151.0,206.0,0,-69184.6978687593,30679.57178961171
52972.0,64605.0,2459.0,4625.0,773,277,487,185,39779.0,36487.0,30084.0,31211.0,206.0,0,-101533.03800397748,5080.568235289404
45658.0,68272.0,8285.0,13816.0,375,315,163,63,47561.0,43069.0,21222.0,30383.0,206.1,0,-100373.1303129066,2966.698230563572
88601.0,135664.0,8198.0,12637.0,0,214,381,149,75221.0,65747.0,59033.0,43100.0,206.1,0,-54817.31564932114,35626.78503286805
83495.0,108371.0,148155.0,209274.0,2077,2082,5101,5062,14812.0,14584.0,7610.0,6844.0,206.1,0,-11039.357343847776,-117492.39864441716
2980.0,10929.0,1719.0,3827.0,2241,2350,2587,3122,7014.0,7640.0,1094.0,2064.0,206.1,0,-151663.28283906376,-28760.90156687647
68189.0,112198.0,10807.0,18774.0,162,141,90,66,71197.0,65819.0,56076.0,54288.0,206.1,0,-62866.4641749294,33324.93338794385
53733.0,82879.0,29167.0,46467.0,613,318,58,97,58706.0,52381.0,44035.0,39074.0,206.3,0,-68103.76743285602,7345.065263620938
71512.0,96185.0,10379.0,15645.0,80,128,160,142,74066.0,64567.0,33830.0,25840.0,206.3,0,-72312.15248512398,21291.903914891405
63282.0,93906.0,2317.0,7707.0,598,316,0,80,65204.0,60746.0,46022.0,42220.0,206.3,0,-78675.02389893439,29028.821097131327
47079.0,79902.0,15785.0,26776.0,414,233,237,123,32878.0,28829.0,27346.0,26918.0,206.4,0,-99408.86384881432,-9104.423325238407
855.0,4510.0,1271.0,4886.0,6760,15806,8511,20047,3595.0,7145.0,644.0,1073.0,206.4,0,-154657.92955893144,-30840.91697760201
48721.0,93768.0,22605.0,34505.0,412,202,292,91,40836.0,37443.0,20252.0,28519.0,206.4,0,-92854.78968401198,-11180.851046159944
32233.0,48441.0,11239.0,18989.0,14,77,251,124,39601.0,37126.0,21301.0,27006.0,206.5,0,-107817.71358863109,-3556.7044384482906
30522.0,48244.0,8970.0,16379.0,53,82,304,127,42144.0,40382.0,22189.0,23527.0,206.6,0,-109050.5800372974,-598.7156545876351
63314.0,101557.0,2511.0,5590.0,435,225,0,46,57377.0,51242.0,51118.0,51238.0,206.6,0,-79036.77694864194,27541.80833950771
3479.0,17262.0,762.0,2294.0,1830,2543,2315,3562,5676.0,8207.0,716.0,959.0,206.6,0,-153003.38803455068,-29374.730534871032
3436.0,16530.0,889.0,3545.0,1526,2050,2607,3639,5342.0,7231.0,57.0,535.0,206.6,0,-153380.95831956677,-30006.462375654457
2641.0,12102.0,1488.0,5257.0,2679,3934,3512,5181,7236.0,10636.0,45.0,549.0,206.7,0,-152437.95596212154,-29134.950334738645
10656.0,17698.0,2557.0,3781.0,2509,2602,4605,4718,14894.0,15536.0,3045.0,2860.0,206.7,0,-143564.94146435242,-23852.537884722813
7704.0,16788.0,830.0,2851.0,2820,2447,2877,2585,7003.0,6581.0,1295.0,1585.0,206.8,0,-150332.2748175053,-28509.04987150667
598292.0,780075.0,54637.0,74551.0,2769,2097,40055,34406,270834.0,210846.0,208789.0,160013.0,206.8,0,344261.2614812801,178722.92003307783
12755.0,30453.0,2933.0,6993.0,154,73,156,92,20198.0,22027.0,6751.0,13229.0,206.8,0,-137387.62378038606,-17660.840117353666
3803.0,13527.0,830.0,2768.0,2569,2867,3614,4016,9450.0,9681.0,279.0,985.0,206.8,0,-151277.0515858531,-27228.99118891759
22555.0,43983.0,4253.0,8429.0,331,311,282,106,19635.0,18586.0,13419.0,15442.0,206.8,0,-129975.61987599856,-16329.199891037835
8319.0,18220.0,2094.0,5262.0,2510,3247,3449,3472,9058.0,9970.0,2225.0,2492.0,206.8,0,-147823.26726796187,-27505.84297042288
5734.0,13850.0,2171.0,3534.0,4770,5395,6485,6864,15024.0,15485.0,1917.0,2864.0,206.8,0,-146196.88759188636,-23678.25829825101
35711.0,70227.0,7449.0,9489.0,566,297,286,168,70373.0,64109.0,34496.0,38490.0,206.9,0,-88816.20076013061,25432.54114622017
25711.0,44094.0,3136.0,5191.0,314,300,0,27,30600.0,28070.0,24895.0,22681.0,206.9,0,-119361.86912051412,-2923.600192168753
2716.0,11787.0,1220.0,3391.0,6477,10765,9678,16148,21747.0,28155.0,5894.0,11524.0,206.9,0,-142488.9482100448,-15569.525529222648
1164.0,5086.0,590.0,2796.0,740,1649,1009,2299,2596.0,6030.0,1404.0,2148.0,206.9,0,-155058.67636753368,-30586.390034117878
10830.0,18797.0,1388.0,3120.0,2069,2616,2246,3121,5855.0,8312.0,1076.0,1644.0,206.9,0,-149260.16686144093,-29871.66944546195
52781.0,71077.0,12048.0,19059.0,0,170,89,135,54898.0,48079.0,45016.0,34205.0,206.9,0,-82286.7512162633,15377.858512782344
27421.0,55124.0,2310.0,6967.0,2884,2861,6614,6481,17163.0,16685.0,6990.0,7407.0,206.9,0,-133813.2519824087,-20962.79488591676
2254.0,6221.0,1709.0,4473.0,2081,2494,2380,2842,6690.0,8498.0,422.0,575.0,206.9,0,-152550.31963065747,-29433.59639182368
2771.0,6597.0,2561.0,5016.0,1969,2178,2631,2692,7614.0,8799.0,358.0,1430.0,206.9,0,-151249.19968622774,-29306.82540538793
2200.0,6776.0,652.0,1970.0,1504,2135,1799,2447,5842.0,8756.0,641.0,726.0,206.9,0,-153586.78774371045,-29187.406684820497
2122.0,14685.0,1184.0,4898.0,1221,3085,1492,3848,3649.0,9885.0,1226.0,2354.0,207.0,0,-153819.42118815737,-30396.678747192786
1486.0,6788.0,772.0,3523.0,1348,3129,1909,4221,4769.0,10665.0,378.0,788.0,207.0,0,-154369.48146861026,-29994.79131952222
4632.0,10065.0,1704.0,3482.0,2646,2622,3829,3949,10825.0,10216.0,1898.0,3496.0,207.0,0,-148798.92727483725,-25879.438587676017
1777.0,5814.0,913.0,2151.0,2954,3868,3321,4371,8998.0,12971.0,372.0,1133.0,207.1,0,-152199.67159096824,-27373.478442269166
189651.0,279815.0,18377.0,31574.0,20,111,87,68,232028.0,191701.0,87322.0,75564.0,207.1,0,78826.91541161583,138894.41132741698
49968.0,81244.0,17797.0,30996.0,119,265,155,101,58010.0,53426.0,55501.0,44631.0,207.1,0,-72878.5331471869,19991.754868790656
2057.0,7123.0,1146.0,4569.0,1268,1859,1934,2780,5096.0,7053.0,606.0,1480.0,207.1,0,-153558.52539881633,-29853.09767496949
55720.0,82090.0,60223.0,92242.0,6759,6081,16240,13918,40351.0,33046.0,12875.0,11068.0,207.2,0,-69122.39019659588,-41423.60912307234
4025.0,9061.0,442.0,1936.0,1541,2248,1742,2212,3670.0,5138.0,1068.0,1130.0,207.3,0,-153754.97505665003,-30303.632411907776
4401.0,11467.0,1347.0,3256.0,2265,2731,2667,3107,7727.0,8931.0,901.0,1416.0,207.3,0,-151169.76306421813,-28353.689426726523
4796.0,25748.0,1414.0,4270.0,1443,3050,2038,4225,7107.0,13856.0,1178.0,3031.0,207.3,0,-150937.59599129853,-28438.81527604713
2243.0,12219.0,545.0,3389.0,1471,3062,2019,4234,6358.0,13773.0,0.0,678.0,207.3,0,-153652.86896269047,-29072.88450924947
8494.0,14049.0,1548.0,4727.0,2772,2729,2768,3112,6857.0,8329.0,1235.0,1739.0,207.3,0,-149581.67381095438,-29104.16398440505
22311.0,39128.0,4634.0,9717.0,4943,5109,7030,6929,20524.0,20262.0,3251.0,5586.0,207.4,0,-134390.60928461453,-21826.61074112413
395054.0,563026.0,69487.0,95767.0,786,490,452,137,177543.0,149227.0,122832.0,86789.0,207.4,0,188200.8365238694,75709.59613980156
65688.0,101954.0,18622.0,29221.0,393,254,408,292,47515.0,45234.0,25274.0,36017.0,207.4,0,-82845.18301350455,-2248.97008939906
83736.0,127126.0,8411.0,10588.0,148,145,40,78,64782.0,52195.0,27741.0,24473.0,207.5,0,-75270.49916487897,13088.308125558451
3632.0,6808.0,1658.0,2998.0,1972,2036,2407,2656,5934.0,6649.0,2262.0,2502.0,207.5,0,-151439.72685964167,-28887.64558888149
37482.0,63942.0,19374.0,34129.0,717,347,0,0,44284.0,41522.0,36957.0,35371.0,207.5,-1,-91113.73768810218,1875.7507446106065
7498.0,20598.0,3161.0,7635.0,2705,3140,3725,4225,9915.0,10717.0,1383.0,3557.0,207.5,0,-147211.6799272444,-27762.416936750444
1114.0,6963.0,281.0,2007.0,936,1941,1179,2517,3186.0,6877.0,158.0,345.0,207.5,0,-155713.54579791788,-30828.0433466982
3234.0,18927.0,551.0,2816.0,1335,2160,2064,3627,6230.0,10849.0,428.0,996.0,207.6,0,-153102.71434738327,-28991.136896227086
6788.0,16009.0,3582.0,7336.0,3241,3382,4502,4979,11146.0,12264.0,302.0,2396.0,207.6,0,-147200.20277848127,-27840.78240157701
4225.0,18166.0,2533.0,6284.0,6193,7807,7253,9204,15450.0,18646.0,238.0,781.0,207.6,0,-147251.4750696821,-24576.31172106123
127599.0,184530.0,10479.0,12393.0,771,369,421,215,128505.0,118907.0,87795.0,82829.0,207.6,0,2385.822419348784,83794.75281733021
11408.0,18532.0,2044.0,3044.0,5289,5058,5496,5735,12674.0,11781.0,1999.0,1800.0,207.7,0,-145124.66130053188,-25592.261704643566
47287.0,72648.0,10737.0,15293.0,0,84,215,103,54326.0,49736.0,36294.0,44483.0,207.7,0,-87619.89850705398,14186.332127627084
1897.0,8786.0,732.0,3244.0,746,1593,970,2336,2574.0,6690.0,1717.0,2371.0,207.8,0,-154526.70364765503,-30570.06092634411
843.0,4406.0,937.0,3051.0,308,296,199,144,4441.0,7068.0,3236.0,5452.0,207.8,0,-153027.17282018447,-28319.42840388942
1861.0,6352.0,648.0,1867.0,192,112,146,30,5138.0,7242.0,4620.0,5882.0,207.8,0,-151930.87182895068,-27113.73084027404
1473.0,9199.0,418.0,1889.0,152,20,98,0,2217.0,6304.0,15302.0,40778.0,207.8,-1,-145215.7534079998,-18707.153844070664
525837.0,683225.0,36349.0,50689.0,1565,1206,371,235,649415.0,529064.0,227277.0,201235.0,207.8,3,484610.6600599559,448561.8247273522
485699.0,645100.0,56210.0,86008.0,1217,887,10799,10154,239785.0,209488.0,202379.0,174885.0,207.8,0,284714.37068556354,165049.58399134307
15791.0,30502.0,2725.0,5439.0,8369,8477,10796,10998,26570.0,26860.0,3977.0,5733.0,207.8,0,-135354.39379334007,-16047.346900115175
3989.0,11672.0,722.0,1690.0,1350,1454,1523,1848,5176.0,6140.0,518.0,741.0,207.9,0,-153150.2549733783,-29818.443189430425
26151.0,45842.0,6557.0,12079.0,2,76,244,102,29015.0,29159.0,16587.0,22695.0,207.9,0,-120598.45515660364,-9585.131298339438
6549.0,14041.0,2511.0,5610.0,2329,2464,3670,3873,11349.0,11998.0,1498.0,2266.0,207.9,0,-147524.30144750635,-26544.71218232725
46247.0,72524.0,12177.0,19408.0,131,126,490,154,57177.0,52016.0,43122.0,47152.0,207.9,0,-82908.36193308784,18446.40160615207
289252.0,408750.0,29866.0,41396.0,895,351,0,64,181313.0,149622.0,107835.0,89473.0,208.0,0,114015.59845354476,103981.08416786011
5788.0,9155.0,1217.0,2437.0,3579,3772,3943,4008,11207.0,11767.0,3709.0,3231.0,208.0,0,-147852.52006473087,-24690.43224990432
2662.0,12883.0,648.0,2686.0,2047,4730,2855,6818,6947.0,14979.0,1021.0,2827.0,208.0,0,-152493.9505609727,-28017.567723057306
1831.0,8143.0,588.0,2649.0,1611,4448,2265,6429,5543.0,13749.0,521.0,792.0,208.0,0,-153952.01196199522,-29351.03907075636
17906.0,37089.0,6976.0,11871.0,278,246,313,139,22060.0,20069.0,10429.0,13588.0,208.0,0,-130243.59406890118,-17755.420250071882
8432.0,16906.0,2119.0,3819.0,1444,1680,3396,3670,7941.0,8860.0,4969.0,3745.0,208.1,0,-147094.76677007097,-26881.873287758062
1737.0,8345.0,561.0,2253.0,1217,1654,1821,2628,5664.0,8427.0,179.0,1202.0,208.1,0,-154030.45617403905,-29329.89816648596
3496.0,6779.0,1538.0,3580.0,1697,2387,2579,3362,8267.0,11156.0,2756.0,3231.0,208.1,0,-150252.51129279129,-27003.438288729983
58755.0,86024.0,28824.0,47254.0,49,97,55,67,59666.0,55348.0,39516.0,38088.0,208.1,0,-67644.82407237783,5787.082912511218
1855.0,6527.0,3132.0,6388.0,2334,2724,3140,3776,7573.0,8614.0,1179.0,2020.0,208.2,0,-150869.49127842946,-29191.63041939808
1236.0,5185.0,2018.0,5978.0,1573,2367,2200,3329,5037.0,7858.0,424.0,1751.0,208.2,0,-153351.06623311603,-30417.018813243954
75770.0,98615.0,5420.0,8268.0,210,168,264,88,60360.0,58835.0,49624.0,45088.0,208.3,0,-71910.73547291216,25178.99711854986
4532.0,11175.0,1103.0,3472.0,2633,3203,3476,3850,8444.0,9675.0,1307.0,2649.0,208.4,0,-150653.91183040105,-27385.816760526457
17375.0,26575.0,5518.0,9036.0,333,249,49,122,25729.0,22403.0,16742.0,13729.0,208.4,0,-127466.44260685294,-11814.798263976949
6424.0,11826.0,139.0,1352.0,299,176,346,163,12822.0,7530.0,3157.0,2863.0,208.4,0,-147870.52590756482,-23330.276039309658
582929.0,775643.0,90941.0,134164.0,1163,1277,235,186,671609.0,545311.0,231388.0,213661.0,208.4,3,558782.1789499925,428329.0971941185
5117.0,8476.0,569.0,2467.0,2401,2622,3083,3443,7316.0,7959.0,1508.0,1536.0,208.5,0,-151359.09712619107,-27896.802852269448
4685.0,13588.0,913.0,3151.0,1387,1980,1773,2986,4715.0,7833.0,1546.0,1557.0,208.5,0,-152458.27790085546,-29712.19707415776
4072.0,7652.0,1433.0,4828.0,1776,1854,2094,2105,4766.0,5048.0,1044.0,1341.0,208.6,0,-152538.50050477075,-30211.45955944289
9621.0,25948.0,746.0,1740.0,4314,4133,6320,6673,15945.0,16539.0,1255.0,4146.0,208.6,0,-145257.50961730152,-22525.910676514668
2445.0,10632.0,430.0,2551.0,255,195,187,99,2880.0,9184.0,28211.0,56893.0,208.6,0,-137708.5408095586,-10356.978347137796
677808.0,857155.0,164176.0,257264.0,2287,1972,746,277,837266.0,672989.0,312312.0,272714.0,208.6,3,760221.5805069268,524358.9200628102
86089.0,140478.0,4792.0,7955.0,317,330,193,145,94215.0,79808.0,52417.0,44295.0,208.6,0,-51925.41633125185,47352.89663420642
8354.0,14723.0,3120.0,4608.0,4303,4400,5271,5575,13370.0,13329.0,288.0,2563.0,208.7,0,-145856.0359038697,-26224.454729143457
11536.0,24046.0,2986.0,5492.0,1754,1782,3921,4351,9433.0,9811.0,2721.0,5119.0,208.7,0,-145206.9318176539,-27406.333749408503
4031.0,17213.0,1369.0,3972.0,3231,4575,3851,5361,8993.0,12332.0,77.0,222.0,208.7,0,-151186.65675663686,-28078.372510553505
4956.0,10429.0,1464.0,4237.0,1661,1771,2077,2226,5357.0,5112.0,1132.0,1577.0,208.7,0,-151826.62909620235,-29839.836150055664
30796.0,53313.0,5535.0,8154.0,115,145,231,112,30396.0,28635.0,21064.0,18022.0,208.7,0,-117717.3981576696,-7243.698464785863
8721.0,25409.0,142.0,1236.0,1671,1836,2517,2710,7811.0,8352.0,1108.0,1171.0,208.8,0,-150150.9988224567,-27777.09715935888
11277.0,25678.0,2722.0,6659.0,1879,2016,3528,3872,8802.0,8997.0,147.0,3276.0,208.8,0,-146962.78141226945,-28999.6010973401
269629.0,379892.0,25820.0,37156.0,644,416,412,186,111698.0,94186.0,131739.0,93826.0,208.8,0,81173.48481801993,74510.42201165944
9895.0,15108.0,1464.0,2328.0,3582,3949,5098,4907,9671.0,9399.0,621.0,2617.0,208.8,0,-147908.25412087896,-27475.11380321159
1227.0,7567.0,193.0,1018.0,142,78,98,0,3111.0,5739.0,757.0,1190.0,209.0,-1,-155438.39509103214,-30441.354032162395
564019.0,750232.0,21611.0,32346.0,1294,1044,106,158,624987.0,486079.0,212722.0,174032.0,209.0,3,470247.0917436897,429414.6991792576
6317.0,15434.0,3275.0,3704.0,1374,1095,2960,2960,7029.0,7122.0,1936.0,2899.0,209.0,0,-148800.66341839134,-29456.24246910125
13698.0,23279.0,1241.0,3772.0,4046,3981,4674,4719,12506.0,12180.0,2031.0,2905.0,209.0,0,-144669.52737903842,-25153.286592478154
15523.0,27825.0,4948.0,7864.0,2388,2472,5616,5790,14501.0,13953.0,4395.0,4418.0,209.1,0,-139401.7612720342,-25099.443822823672
46419.0,64898.0,15766.0,20621.0,263,236,269,207,36127.0,32363.0,27614.0,30069.0,209.1,0,-97730.81957275856,-6376.975045896546
9917.0,22494.0,2667.0,4954.0,432,241,0,0,15962.0,15959.0,4430.0,10565.0,209.2,-1,-141839.55032977063,-21386.428940423182
18197.0,26693.0,9700.0,14210.0,2576,2286,2995,2745,9279.0,8172.0,3385.0,2579.0,209.2,0,-137987.25789869903,-32283.762399848943
2422.0,7260.0,1843.0,4192.0,1338,1912,1612,2518,4333.0,6797.0,922.0,1434.0,209.2,0,-153161.1381534136,-30672.45836897863
3586.0,11495.0,1234.0,3440.0,1628,2960,2029,3289,4552.0,7147.0,1220.0,1901.0,209.2,0,-152836.1306738885,-30026.550728209364
5415.0,10557.0,1244.0,3420.0,1033,2757,1116,3092,2651.0,6210.0,550.0,725.0,209.2,0,-153335.5561091821,-31825.18445056953
56869.0,90350.0,9343.0,15254.0,478,302,131,117,59926.0,52042.0,42842.0,36009.0,209.2,0,-80787.16795177718,19366.566441590472
53053.0,79543.0,10951.0,17224.0,207,140,74,35,43476.0,36956.0,31720.0,26077.0,209.3,0,-94015.56323925164,1943.329814779947
3428.0,14171.0,975.0,2515.0,146,43,165,88,2850.0,4510.0,8238.0,13444.0,209.3,0,-149804.21483616752,-26135.705290519985
14425.0,32382.0,3165.0,4982.0,194,84,32,67,20103.0,18789.0,6254.0,12977.0,209.3,0,-136801.66639674606,-18224.4059221108
5215.0,7896.0,3554.0,7027.0,3189,3540,4447,4560,11464.0,11155.0,205.0,1832.0,209.4,0,-147827.59599892749,-27651.21728736021
69033.0,100731.0,2998.0,4286.0,0,45,191,136,47336.0,45004.0,35236.0,31929.0,209.5,0,-89186.76007147913,10753.524310001329
56362.0,87296.0,7685.0,10260.0,88,90,415,191,45319.0,41986.0,39415.0,37880.0,209.5,0,-89753.71631137254,10068.063805319096
255425.0,372522.0,306816.0,452106.0,1013,775,406,176,92221.0,77948.0,45831.0,38559.0,209.5,0,221937.71209265437,-158216.48482894097
93594.0,142088.0,21168.0,32391.0,242,168,0,43,79562.0,74405.0,59802.0,57196.0,209.5,0,-39793.96756934397,32487.85995655333
62596.0,94177.0,5789.0,11609.0,322,259,269,204,34751.0,34458.0,19769.0,24249.0,209.6,0,-102246.61182797884,-6260.289333761641
6330.0,13824.0,2567.0,5779.0,1248,1308,2395,2589,7342.0,7690.0,1535.0,2987.0,209.6,0,-149281.02089439213,-28970.055220026203
59757.0,95922.0,11586.0,18520.0,165,275,119,67,63075.0,59874.0,35902.0,43222.0,209.7,0,-78286.4395248822,18007.497276985418
5688.0,13016.0,339.0,2001.0,2883,2708,3427,3425,8647.0,8602.0,451.0,1699.0,209.7,0,-151052.0278319572,-27364.89948026131
21167.0,41661.0,8211.0,12803.0,139,114,14,172,21680.0,19997.0,15342.0,17896.0,209.7,0,-125869.8475847838,-16230.68264859821
8940.0,17303.0,1759.0,4889.0,3884,3744,5771,6440,15497.0,16468.0,2423.0,3515.0,209.7,0,-144689.14382093673,-23013.019139131346
1424.0,7263.0,20.0,1024.0,26,0,253,218,1862.0,5364.0,9419.0,24084.0,209.8,0,-149949.73841321073,-23827.13533699197
38709.0,50301.0,6397.0,11197.0,0,166,818,338,37240.0,35190.0,14057.0,25196.0,209.8,0,-112475.20037012872,-5759.138027297577
4719.0,8061.0,1163.0,4120.0,4275,4823,5257,5720,12448.0,13318.0,947.0,1973.0,209.8,0,-148943.16445438817,-25160.7033117467
9220.0,16693.0,2119.0,3384.0,702,561,1751,1641,5416.0,4853.0,3618.0,2620.0,209.8,0,-148554.84553707077,-29280.300943368275
99611.0,144951.0,22174.0,32712.0,71,161,0,96,73681.0,62973.0,70804.0,51499.0,209.9,0,-35946.38543355357,31449.125429407428
25880.0,51879.0,3731.0,5334.0,13060,13222,16543,16985,42752.0,40568.0,7131.0,5390.0,209.9,0,-122094.50391318796,-5825.004153714031
6098.0,16300.0,1553.0,3649.0,5114,5221,6516,6800,15062.0,16242.0,2695.0,4317.0,210.0,0,-145985.94782592915,-22730.46793375221
94367.0,153337.0,21995.0,41478.0,435,199,0,108,66392.0,60947.0,53774.0,56787.0,210.1,0,-47119.455420638085,20996.12824033803
68818.0,103757.0,14019.0,23747.0,0,79,228,102,82932.0,74090.0,65071.0,52043.0,210.1,0,-52064.662883329365,42101.756379863
1601.0,5223.0,1594.0,4182.0,1372,1683,1748,2012,4460.0,4889.0,851.0,884.0,210.2,0,-153707.4990489205,-30500.240274111675
11946.0,16070.0,4251.0,6638.0,2199,1718,4698,4593,12013.0,11710.0,3869.0,3454.0,210.2,0,-142787.07412262444,-26379.94254566764
23847.0,48464.0,2107.0,3604.0,0,58,493,147,29511.0,27847.0,19521.0,18069.0,210.2,0,-123892.82775715971,-5838.651844212985
709.0,4261.0,456.0,2661.0,128,0,127,51,2009.0,4589.0,1059.0,1703.0,210.3,0,-155788.20455254347,-31061.596530211264
806.0,2785.0,441.0,2436.0,222,226,112,44,9158.0,12050.0,2002.0,2344.0,210.3,0,-152106.74090031473,-26039.880002352664
2958.0,11966.0,1098.0,4237.0,284,203,169,99,14663.0,13226.0,1733.0,1823.0,210.3,0,-148454.88528991377,-23307.92611999093
1808.0,6980.0,310.0,1484.0,158,140,179,101,3592.0,6461.0,15617.0,39646.0,210.3,0,-144558.4725092223,-17842.40253651164
1461370.0,1866720.0,184543.0,254768.0,4195,3184,699,299,1233090.0,985440.0,518514.0,449478.0,210.3,3,1372051.2648148406,825811.450681886
584820.0,711615.0,73156.0,105157.0,1332,1562,241,238,781621.0,584517.0,323638.0,272628.0,210.3,3,638365.7946612923,557102.1226626963
14927.0,32067.0,2133.0,3468.0,4634,5043,6392,6543,19520.0,21223.0,6017.0,6199.0,210.3,0,-138497.49254674392,-19153.606717770155
2569.0,6219.0,1967.0,3136.0,1577,1915,2137,2752,6517.0,8888.0,1988.0,1959.0,210.3,0,-151569.7841358949,-28846.367351125868
1412.0,5670.0,638.0,2345.0,424,1211,564,1531,1291.0,4247.0,51.0,379.0,210.3,0,-156236.39143323718,-32310.18104680387
5185.0,14492.0,2173.0,3301.0,2892,2811,3853,3909,9909.0,10522.0,1664.0,2487.0,210.3,0,-148874.7980569272,-27049.26775185239
59262.0,100318.0,2027.0,4223.0,182,198,554,215,54636.0,53146.0,29348.0,49279.0,210.4,0,-90547.63796441804,16928.313184443166
915.0,4992.0,58.0,2227.0,233,216,207,154,2759.0,4850.0,12616.0,25867.0,210.4,0,-148322.02164859168,-21623.427016990543
939411.0,1037270.0,59049.0,64859.0,4835,3664,777,439,1780050.0,1276380.0,689494.0,530357.0,210.4,3,1391537.1315839845,1369075.4268208405
950.0,4370.0,556.0,2409.0,106,0,177,71,2828.0,5179.0,2175.0,4022.0,210.4,0,-154546.35506033956,-29781.62001734862
67746.0,103305.0,5923.0,10210.0,433,168,8,91,84953.0,73177.0,84789.0,61030.0,210.4,0,-48770.34188343155,58247.3108931984
75873.0,113956.0,44640.0,74205.0,671,334,248,148,63942.0,57941.0,59455.0,50313.0,210.5,0,-38880.18304590657,7776.846848890531
4523.0,16233.0,1805.0,5171.0,1920,2302,2421,3236,7430.0,9838.0,1553.0,1659.0,210.5,0,-150667.1743160864,-28524.662627127327
2545.0,13371.0,592.0,2794.0,441,949,538,1675,1581.0,4901.0,66.0,122.0,210.5,0,-155700.3668694234,-32206.59765587445
9424.0,17029.0,3821.0,5562.0,3992,4302,5710,6046,15340.0,15200.0,2499.0,2925.0,210.7,0,-143184.08952389058,-24501.362033845508
2684.0,8234.0,779.0,2047.0,2319,2415,3700,4231,9267.0,10851.0,1432.0,1379.0,210.7,0,-151378.18041743105,-26692.50650064825
4611.0,14958.0,1788.0,4169.0,2621,2647,4069,4042,10562.0,10461.0,1717.0,2929.0,210.7,0,-149006.2771891426,-26263.45291336173
5307.0,12424.0,1874.0,5207.0,2863,2918,4139,4517,12591.0,14448.0,1543.0,1526.0,210.8,0,-147988.00471913512,-25377.998254217586
29711.0,45994.0,5733.0,8626.0,553,237,0,121,34723.0,34691.0,15290.0,29948.0,210.8,0,-116697.63159983564,-5071.364819702958
8494.0,13874.0,1598.0,3096.0,3597,3662,5029,5268,11325.0,11403.0,2500.0,2034.0,210.8,0,-147024.07307184295,-25727.71498400076
13876.0,28650.0,3091.0,6887.0,6145,6757,8692,9163,27441.0,29048.0,3409.0,4753.0,210.9,0,-135834.28831666702,-16000.691252393455
4269.0,12585.0,635.0,1605.0,1981,2107,2560,2677,8073.0,8660.0,469.0,1587.0,210.9,0,-151698.1180087977,-27833.16494633549
54552.0,81406.0,16353.0,24486.0,553,318,346,140,45145.0,42113.0,30607.0,36203.0,210.9,0,-88049.01441998285,668.0782471040402
11297.0,20515.0,2262.0,4818.0,3032,2796,4047,4005,12044.0,12316.0,2541.0,2710.0,211.0,0,-144995.47333852467,-25748.305995712995
1581.0,9733.0,801.0,3422.0,1265,3405,1467,4206,3220.0,8890.0,740.0,1714.0,211.0,0,-154759.01525500746,-30699.045443010047
1994.0,8986.0,465.0,3230.0,2447,3819,2783,4880,6420.0,10397.0,676.0,737.0,211.0,0,-153522.0520496213,-28673.16889227111
83576.0,128134.0,7106.0,12805.0,617,229,676,270,70383.0,65301.0,45305.0,45707.0,211.0,0,-64545.44774477864,28238.228218204185
3780.0,15744.0,781.0,3569.0,1828,2698,2410,3814,6222.0,9966.0,278.0,424.0,211.0,0,-152849.98050919262,-29330.41520565553
66045.0,92159.0,16588.0,25328.0,170,237,43,59,77108.0,68473.0,65304.0,50564.0,211.1,0,-54152.48243135541,36846.49804912985
1952.0,11115.0,523.0,2708.0,1625,2683,1659,2649,4527.0,8035.0,0.0,0.0,211.1,0,-154698.45351691463,-30307.66216201721
17618.0,38662.0,3606.0,7260.0,157,72,206,102,22688.0,22185.0,12669.0,20549.0,211.1,0,-130699.86178934824,-13166.931887891347
389033.0,545135.0,83283.0,111143.0,946,620,513,144,241200.0,204361.0,163899.0,128333.0,211.2,0,244365.26152670747,131587.43269752772
2142.0,12976.0,815.0,2931.0,1456,2507,1975,3453,4919.0,8315.0,205.0,662.0,211.3,0,-154082.96004921285,-30062.32530515326
52303.0,85889.0,19203.0,29572.0,168,101,421,159,58209.0,52964.0,38974.0,33426.0,211.3,0,-78376.2159592471,10350.656570287934
3449.0,8168.0,1659.0,3585.0,1764,2083,2316,3078,6595.0,8470.0,1438.0,1788.0,211.4,0,-151610.87772275193,-28918.824613378216
55198.0,76025.0,8316.0,11740.0,221,276,390,200,52419.0,50226.0,39396.0,39402.0,211.4,0,-86408.27007966793,14472.842952702948
4082.0,14797.0,990.0,5330.0,128,155,155,85,3641.0,8014.0,32281.0,59039.0,211.4,0,-134535.51840134486,-8281.560563141851
447573.0,654276.0,106750.0,146386.0,960,646,54,69,294580.0,258031.0,130970.0,132821.0,211.4,0,297022.9749683214,133702.9078120784
10503.0,11845.0,2967.0,4859.0,1496,1721,2301,2449,5546.0,6392.0,3086.0,3239.0,211.4,0,-147500.87085469,-29937.138182167044
47528.0,79837.0,12741.0,22265.0,267,131,342,99,47513.0,42358.0,31705.0,29295.0,211.5,0,-92820.54057758636,4241.815875926182
15663.0,23345.0,2289.0,4136.0,2196,2137,4723,4675,11406.0,11174.0,4747.0,4038.0,211.5,0,-142495.60631850176,-25311.29012255765
4927.0,12385.0,3220.0,6762.0,3971,4315,4627,4901,10349.0,11155.0,1772.0,2130.0,211.6,0,-148060.91983499005,-27422.692122343804
3438.0,11649.0,9180.0,15249.0,351,263,264,171,7026.0,5422.0,928.0,1177.0,211.6,0,-146498.4532548915,-33683.24457953004
2169470.0,1146450.0,5943000.0,4834000.0,11947,4500,2884,1327,596861.0,424881.0,409156.0,260177.0,211.6,2,5287579.979873183,-3314083.2879101406
18345.0,35080.0,2042.0,4064.0,3774,3825,5837,6216,17733.0,18468.0,3253.0,4388.0,211.7,0,-139217.7107916741,-21899.493671780718
2088.0,8031.0,1251.0,4844.0,1673,2258,2303,3154,5195.0,6927.0,311.0,822.0,211.7,0,-153619.3240447359,-30087.28969674848
3530.0,8937.0,1048.0,4048.0,1706,2360,2176,3860,6799.0,10940.0,3089.0,3942.0,211.7,0,-151026.5284946754,-27373.32857478664
1358.0,3757.0,351.0,2817.0,1052,2118,1475,3710,4257.0,10455.0,373.0,519.0,211.7,0,-154980.49345918754,-30091.93272459202
23229.0,32243.0,2634.0,4669.0,4303,3612,4960,5017,9894.0,9821.0,2921.0,2184.0,211.8,0,-140743.68965524365,-28040.55889495334
8365.0,15619.0,10864.0,23116.0,2748,2877,4625,4843,17956.0,18380.0,3370.0,6505.0,211.8,0,-136805.1091731341,-26261.811792112087
52710.0,79526.0,32554.0,47466.0,2071,2121,5970,5858,14306.0,13903.0,5098.0,5395.0,211.8,0,-104814.36113246562,-44518.39932052408
29519.0,48366.0,1721.0,4305.0,257,176,100,34,24358.0,21447.0,17499.0,15147.0,211.9,0,-125274.99823865914,-10541.582699744347
90217.0,116131.0,26558.0,38991.0,216,185,405,165,66117.0,62091.0,63258.0,51328.0,211.9,0,-42981.532844983856,21331.719609920536
40593.0,63733.0,20413.0,33949.0,328,230,0,8,51422.0,48288.0,31486.0,34636.0,211.9,0,-88006.50738905043,3111.766053270989
11681.0,28422.0,3185.0,4494.0,1646,1395,4053,4049,9714.0,9855.0,1502.0,3835.0,211.9,0,-145495.62740146616,-28080.18033754855
30247.0,37495.0,6095.0,9478.0,3460,3350,8535,8388,19585.0,18108.0,8787.0,8666.0,212.0,0,-128124.29225096818,-21031.245770566864
32724.0,57356.0,10803.0,14821.0,284,121,27,63,32729.0,28861.0,28365.0,23955.0,212.0,0,-108793.97481801672,-5186.234291766981
96264.0,139918.0,10431.0,17924.0,399,208,222,183,87662.0,79626.0,68857.0,60526.0,212.1,0,-38700.48622770084,48511.1406916472
23409.0,34274.0,3553.0,5363.0,2190,2343,4191,4268,12198.0,10712.0,5165.0,4359.0,212.1,0,-137899.4073378785,-25881.84126339398
7151.0,17956.0,1210.0,3059.0,1157,1272,2495,2734,6289.0,6969.0,747.0,2091.0,212.2,0,-150760.72298866318,-29311.36116594388
83342.0,116504.0,38121.0,55583.0,3081,3205,6277,6340,19255.0,19623.0,8797.0,8325.0,212.2,0,-84456.50975706917,-44852.85047250736
2695.0,10735.0,1349.0,3675.0,1870,2437,2893,4026,7890.0,10963.0,223.0,796.0,212.2,0,-152122.69076440478,-28524.134382085795
2995.0,11015.0,738.0,2533.0,767,1411,740,1725,2469.0,4698.0,1757.0,1647.0,212.3,0,-154197.20299700942,-30811.546822944496
27179.0,47096.0,3759.0,6889.0,315,223,55,41,25845.0,25460.0,18538.0,20027.0,212.4,0,-123155.412958387,-9509.84386141357
12922.0,25647.0,3223.0,5423.0,3049,3315,4327,4323,11991.0,12256.0,2768.0,3534.0,212.4,0,-143501.98273277062,-26262.621885876608
6367.0,13498.0,2731.0,5344.0,5299,5661,6121,6624,14877.0,16574.0,2234.0,3290.0,212.4,0,-145445.66959311682,-23963.860760804026
2301.0,12298.0,772.0,2592.0,1833,2935,2211,3603,5172.0,8357.0,700.0,1032.0,212.4,0,-153702.91289640396,-29618.371044968197
5781.0,15757.0,2377.0,4598.0,2560,3100,2986,3591,7206.0,8416.0,1486.0,1480.0,212.5,0,-149903.1726311598,-29163.207272330717
59032.0,102462.0,7015.0,12688.0,417,228,602,247,52791.0,47480.0,33702.0,32623.0,212.5,0,-88526.0879477898,11798.87260534486
4169.0,8941.0,908.0,2675.0,1291,1285,2025,2088,4849.0,5034.0,1001.0,1367.0,212.5,0,-152837.66869070238,-29849.293924037494
40828.0,62976.0,7743.0,13822.0,0,6,55,116,34142.0,29842.0,23799.0,26615.0,212.5,0,-108300.96281951324,-4387.017242171816
20464.0,38119.0,3755.0,4315.0,6374,6166,8209,8279,20816.0,21058.0,4297.0,4776.0,212.6,0,-135333.98945555263,-20659.596529376307
51337.0,67679.0,23235.0,37141.0,0,0,0,64,56676.0,54511.0,28649.0,46099.0,212.6,0,-78888.6135034006,4613.337497689088
88966.0,123650.0,8538.0,11078.0,336,194,65,129,40536.0,37496.0,35501.0,35805.0,212.7,0,-79675.50162375183,2413.124468293554
24498.0,45562.0,3503.0,6041.0,110,99,111,92,24762.0,22993.0,14086.0,18319.0,212.7,0,-126777.55192158374,-12001.524129594138
6809.0,22312.0,2458.0,5252.0,2898,3480,4204,4739,11372.0,13382.0,0.0,1006.0,212.7,0,-148154.14493400324,-27343.78506407604
9098.0,23672.0,2042.0,4474.0,2965,3246,3648,3959,11508.0,12105.0,1489.0,3909.0,212.7,0,-146526.96502551224,-26056.06900816145
28330.0,39573.0,19762.0,30570.0,2103,2198,3708,3832,10359.0,10566.0,3136.0,4578.0,212.7,0,-126241.67120725189,-38358.20870534155
5141.0,10032.0,1460.0,2605.0,2839,3169,4340,4647,10442.0,10657.0,47.0,3152.0,212.7,0,-149657.1418787114,-26832.330023316776
6288.0,19101.0,897.0,2226.0,3659,3885,4801,5479,10963.0,12397.0,775.0,1496.0,212.7,0,-149279.48954880587,-26183.882692568597
10151.0,14352.0,2367.0,4569.0,4143,3750,4953,4831,13837.0,14272.0,2140.0,2619.0,212.8,0,-144739.8065891019,-24787.734002928133
64474.0,88669.0,15419.0,21813.0,297,234,74,60,54850.0,51381.0,46316.0,39042.0,212.8,0,-74100.40652815743,13792.674948368742
3101.0,7898.0,468.0,1124.0,192,137,226,121,5018.0,6390.0,41684.0,73319.0,212.8,0,-129402.28228904732,-782.0314544890898
697755.0,937048.0,123444.0,166572.0,1266,1118,127,215,858738.0,691242.0,387288.0,346126.0,212.8,3,786884.1472962825,605452.9600225213
634.0,4061.0,269.0,1488.0,195,121,169,60,2587.0,4353.0,369.0,645.0,212.9,0,-156075.6007350658,-31033.14006427113
510833.0,539340.0,213225.0,273742.0,880,628,437,274,385592.0,271490.0,247310.0,181028.0,212.9,0,486513.9875647968,176842.7477389106
124980.0,101574.0,142504.0,171816.0,820,414,359,144,21572.0,14677.0,5673.0,3493.0,212.9,0,3947.595742502599,-113727.07957238084
377875.0,512811.0,37958.0,55849.0,2129,1913,645,258,401427.0,323300.0,150550.0,124997.0,212.9,0,275383.9319331569,255939.7354877184
7010.0,12498.0,2010.0,4562.0,2277,2567,4016,4033,12238.0,12736.0,1629.0,1784.0,212.9,0,-147292.9493929124,-25719.551355811323
6968.0,11065.0,1738.0,3425.0,3182,3445,4799,4944,12281.0,13012.0,2639.0,3353.0,212.9,0,-146904.60173285112,-24842.168583747796
158473.0,249713.0,17671.0,23001.0,553,270,607,241,120855.0,102108.0,86446.0,64082.0,212.9,0,13680.327918705938,68861.98731438568
5657.0,13340.0,1038.0,2481.0,2736,2827,4103,4288,10952.0,12155.0,776.0,1914.0,212.9,0,-149395.24950973832,-26171.725823309447
2686.0,9252.0,1991.0,4860.0,4332,4087,4256,4420,10789.0,10408.0,694.0,2085.0,213.0,0,-150032.17884182752,-26687.995260240143
48879.0,67848.0,4763.0,7704.0,212,251,0,52,40453.0,36576.0,45206.0,37771.0,213.0,0,-94906.53874276028,11723.54586157609
1449.0,7496.0,0.0,268.0,109,63,70,0,5721.0,8937.0,94.0,572.0,213.0,-1,-154627.20209209507,-29061.603333615836
600311.0,777482.0,36476.0,52974.0,2099,1717,0,29,845155.0,651577.0,360933.0,301191.0,213.0,3,665395.7931537185,639527.2972236569
90057.0,119562.0,5175.0,6152.0,334,286,185,164,75997.0,70734.0,75304.0,58046.0,213.1,0,-48065.10647819747,47145.99736040209
10275.0,11029.0,2691.0,5182.0,4873,5161,6371,6374,16870.0,16611.0,2062.0,3545.0,213.1,0,-143006.31109285314,-22962.87335247492
9061.0,19187.0,2186.0,4396.0,2409,2350,4030,3988,11503.0,11598.0,2710.0,3671.0,213.2,0,-146025.16046967285,-25671.71091897364
734.0,4453.0,629.0,2366.0,955,1744,1084,2317,2947.0,6000.0,492.0,716.0,213.2,0,-155566.52825358685,-30973.502082183622
1341.0,7078.0,37.0,504.0,32,0,49,0,1731.0,6160.0,10809.0,26524.0,213.2,-1,-149211.21092071576,-22939.780311217008
88457.0,129550.0,7825.0,12486.0,0,16,200,118,90666.0,82161.0,48584.0,56121.0,213.2,0,-50382.169066006,43340.7151803405
3375.0,12010.0,962.0,3328.0,240,153,168,53,4311.0,10558.0,23790.0,59646.0,213.2,0,-137598.95714461795,-11259.905725889828
162497.0,246426.0,8060.0,13074.0,541,379,305,184,162640.0,144505.0,51120.0,69109.0,213.2,0,15126.386015484924,87037.49639710902
61331.0,99886.0,11241.0,18858.0,230,200,98,99,37419.0,34341.0,34622.0,31525.0,213.2,0,-91396.49801711804,-514.3529076612904
15184.0,20375.0,4186.0,6729.0,7988,8152,10644,10577,26605.0,26064.0,6041.0,5622.0,213.3,0,-133831.62361256758,-16054.82102012562
47196.0,83939.0,21220.0,36709.0,37,88,0,18,39780.0,39360.0,17245.0,28166.0,213.3,0,-96067.34922821648,-12198.660447807848
11521.0,16263.0,2083.0,2889.0,2901,2958,4034,3939,10832.0,10318.0,1646.0,1748.0,213.3,0,-146025.90337529266,-26946.6559614798
10316.0,31214.0,7288.0,13837.0,2748,2770,3743,3868,11159.0,11561.0,2376.0,2971.0,213.3,0,-142354.3056311089,-29427.425107119558
34736.0,58403.0,6955.0,14319.0,369,167,0,0,40927.0,40350.0,23057.0,32635.0,213.4,-1,-107802.92410867351,1456.620550516982
21783.0,36324.0,3582.0,5774.0,171,119,87,22,27702.0,27636.0,18521.0,20768.0,213.4,0,-124563.16570350832,-7761.920628361346
1520.0,6015.0,1493.0,4112.0,1631,2144,1937,2678,4957.0,6827.0,513.0,1248.0,213.4,0,-153664.28846366444,-30200.502351757656
10416.0,23812.0,920.0,5325.0,2953,3007,4283,4460,13025.0,12442.0,3156.0,3068.0,213.5,0,-145568.4360283726,-23912.099330723904
14328.0,19938.0,3637.0,5537.0,5742,5703,7973,7948,20060.0,18634.0,4135.0,3378.0,213.5,0,-138507.23967587366,-20957.11618442847
3550.0,6312.0,1193.0,3480.0,711,1494,1059,2338,2811.0,6673.0,1740.0,2054.0,213.6,0,-153456.10364831085,-30858.04584492886
3910.0,13099.0,834.0,3454.0,1350,2205,1937,3233,4778.0,8529.0,246.0,666.0,213.6,0,-153394.02545350126,-30260.456369631745
3999.0,10179.0,1349.0,3086.0,1546,1574,2199,2761,6073.0,6640.0,1330.0,2331.0,213.6,0,-151806.9325537852,-29048.25431886361
27436.0,45297.0,3350.0,5506.0,242,183,64,56,29267.0,26702.0,22194.0,18321.0,213.8,0,-120656.3765039526,-5845.744789264525
7886.0,17573.0,1994.0,2729.0,2117,2294,2903,3076,8416.0,8914.0,1229.0,1678.0,213.8,0,-148831.0610831044,-28370.36920002214
45721.0,73383.0,4911.0,7956.0,13,150,155,149,64878.0,63003.0,33976.0,39414.0,213.8,0,-89023.40594745026,22831.342423613987
21598.0,28958.0,1956.0,3649.0,5691,5850,8326,8337,22714.0,22092.0,6442.0,5596.0,213.9,0,-134362.45123072536,-17371.25049304394
4632.0,13801.0,990.0,3195.0,3995,5004,4731,5771,11957.0,14449.0,1234.0,2143.0,213.9,0,-149193.50708976353,-25210.18783663099
5149.0,11855.0,1979.0,4350.0,17386,19791,18570,19603,36827.0,38581.0,1897.0,2804.0,214.0,0,-136711.29463801172,-9734.14351301829
4182.0,15675.0,1941.0,4522.0,1816,2051,2683,3004,6543.0,7163.0,1360.0,2204.0,214.0,0,-151115.0477298204,-29141.523694678228
37707.0,57382.0,2301.0,5425.0,4620,3830,6776,7009,18506.0,18034.0,7967.0,7182.0,214.1,0,-128665.48096749428,-20403.70095649574
7678.0,21131.0,1886.0,3413.0,2456,2551,3544,3810,9516.0,9895.0,1498.0,2474.0,214.1,0,-148293.50622587308,-27351.681952129635
13747.0,14650.0,1395.0,3357.0,4421,4044,6027,5819,15539.0,15012.0,3002.0,4109.0,214.2,0,-142662.7648868135,-22731.89369808305
1949.0,7886.0,1129.0,4024.0,1505,2610,2063,3963,4675.0,9460.0,127.0,2030.0,214.2,0,-153910.87483811477,-30214.21211921877
3450.0,11974.0,593.0,2193.0,47,0,231,119,2390.0,6853.0,16342.0,34383.0,214.2,0,-144630.1027806952,-19427.001018583574
53205.0,70895.0,10735.0,17205.0,267,223,232,74,54587.0,51763.0,22467.0,37256.0,214.2,0,-91095.42409291316,7006.141228932251
47742.0,78440.0,26793.0,40265.0,31,122,248,146,53625.0,50913.0,37804.0,38179.0,214.2,0,-76900.90810781447,3255.0290882230656
1655.0,10258.0,789.0,4582.0,252,253,118,110,2235.0,5015.0,10915.0,26256.0,214.2,0,-148329.06811525836,-23113.31827404395
25651.0,56049.0,6895.0,11582.0,657,369,212,191,34945.0,34831.0,10384.0,24691.0,214.2,0,-119932.02282040552,-8298.530271171097
2224.0,8051.0,578.0,2389.0,997,1345,1226,1731,3592.0,4120.0,442.0,780.0,214.2,0,-154710.88000108508,-30640.900042759265
3144.0,8156.0,1707.0,3905.0,448,949,810,1812,2495.0,4729.0,1419.0,1758.0,214.2,0,-153566.64027533092,-31536.731285086844
3015.0,10437.0,1229.0,3254.0,770,1105,1109,2087,3567.0,6307.0,0.0,379.0,214.2,0,-154163.10127670618,-31366.733990651384
4919.0,15907.0,1235.0,3557.0,1544,1799,1792,2538,5574.0,7199.0,1362.0,1536.0,214.3,0,-151823.0149164793,-29467.10382451118
253029.0,333984.0,38198.0,54916.0,907,543,458,170,237421.0,181032.0,144896.0,117579.0,214.3,0,147459.09535571488,156642.55595614316
149909.0,205275.0,34427.0,56295.0,110,214,38,47,21035.0,20638.0,1708.0,1696.0,214.4,0,-62412.885279465074,-49784.91514211828
58184.0,89932.0,13761.0,22399.0,206,70,374,147,43751.0,42415.0,21298.0,28808.0,214.4,0,-93350.6190774799,-3914.5393938295456
49067.0,76853.0,4905.0,6496.0,393,281,229,152,58198.0,54514.0,26850.0,40452.0,214.5,0,-93166.50745229,15570.389525687682
32833.0,57778.0,10817.0,17259.0,306,305,250,104,40483.0,37459.0,32374.0,26590.0,214.5,0,-103431.24387465458,1806.1663428596255
1479.0,6637.0,551.0,4430.0,693,1609,936,2357,2170.0,4828.0,440.0,426.0,214.5,0,-155722.19416572526,-31532.71652582754
2242.0,8562.0,2109.0,7437.0,1932,2770,2418,3377,4984.0,7031.0,238.0,533.0,214.5,0,-153121.60015166155,-30846.346122732302
12391.0,19138.0,3817.0,4800.0,272,131,146,164,13254.0,7047.0,79611.0,53239.0,214.6,0,-108112.35307194958,14410.516066805492
4926380.0,2091260.0,10123900.0,4545350.0,19388,6338,5493,1892,6139960.0,1851340.0,4897130.0,1321180.0,214.6,4,13593086.444042947,-559914.3431998371
52180.0,75534.0,14123.0,17700.0,491,204,54,87,42147.0,36777.0,47879.0,34611.0,214.6,0,-85739.38643428862,7317.9600988363345
4161.0,8020.0,1436.0,2446.0,2543,2841,3542,4433,8575.0,10064.0,901.0,1068.0,214.6,0,-150866.5379758603,-27911.80134228318
56046.0,91508.0,8004.0,11161.0,225,128,377,166,70456.0,63175.0,49718.0,43317.0,214.7,0,-73841.07111833239,30977.44399109946
3363.0,6791.0,947.0,1763.0,1522,1691,2089,2261,5780.0,6130.0,895.0,1576.0,214.7,0,-152733.20873640425,-29243.729202561623
122395.0,178308.0,7391.0,14046.0,357,256,302,170,68732.0,62228.0,45574.0,45963.0,214.7,0,-49065.27691250983,24645.97217772257
41514.0,65109.0,3580.0,7210.0,299,139,7,21,42810.0,41090.0,19517.0,29156.0,214.8,0,-108245.78153013709,2273.341980353249
47686.0,69870.0,10707.0,16443.0,0,59,390,165,49422.0,42590.0,47719.0,33021.0,214.9,0,-86919.67310322044,14033.41429287702
6039.0,17011.0,1810.0,4269.0,2735,3103,3168,3738,7356.0,8081.0,326.0,2259.0,214.9,0,-150450.49510033926,-29090.58786668972
64608.0,94005.0,34246.0,53043.0,2417,2917,8562,8376,20791.0,21087.0,9632.0,8732.0,214.9,0,-93750.97309708768,-39809.67324491312
6030.0,12319.0,7454.0,14404.0,351,320,152,119,21059.0,23297.0,15795.0,17002.0,214.9,0,-132816.57829652278,-15117.60330115266
3546.0,6694.0,684.0,6928.0,183,140,266,132,4758.0,13619.0,1115.0,1834.0,214.9,0,-153192.13258999528,-29606.169587275923
1829.0,7218.0,111.0,1072.0,74,0,114,25,5058.0,5601.0,331.0,642.0,214.9,0,-154596.1067813132,-29465.69536716975
402298.0,539135.0,36368.0,49390.0,886,802,146,111,520535.0,408631.0,181636.0,163755.0,214.9,0,354349.6200313608,349924.0914366538
15006.0,26663.0,1254.0,2306.0,4653,4598,7523,7592,20038.0,19416.0,4056.0,4691.0,215.0,0,-139751.40361247223,-19341.538037718103
2767.0,5998.0,0.0,810.0,46,0,29,0,24686.0,30703.0,103727.0,81305.0,215.0,-1,-97093.12823131232,39286.32912682778
897.0,4619.0,0.0,950.0,133,0,150,29,19649.0,33577.0,28550.0,47463.0,215.0,0,-132146.33831594512,-754.8653129737213
1016000.0,900471.0,417137.0,491725.0,8789,6096,1514,1063,2099340.0,1500400.0,2028650.0,1379220.0,215.0,3,2415605.8462105705,2039303.877882257
3713.0,11473.0,106.0,833.0,1248,1333,1876,2197,5607.0,6689.0,1083.0,1627.0,215.0,0,-153173.69792843648,-28761.056407826843
48877.0,79805.0,7600.0,12572.0,14421,13710,20399,19438,54969.0,49909.0,9630.0,10114.0,215.2,0,-102970.29896575562,-209.2846343959391
2650.0,9107.0,638.0,1743.0,2095,2605,3083,3932,8443.0,11145.0,0.0,708.0,215.2,0,-152475.48559049692,-27832.606424293805
29560.0,43027.0,3371.0,5344.0,340,162,62,128,31687.0,27252.0,26049.0,20556.0,215.3,0,-116975.78584679648,-2490.67628305126
6163.0,12267.0,2226.0,2739.0,1257,1024,1990,1922,5814.0,5215.0,1952.0,2284.0,215.3,0,-150209.16737134653,-29650.05406145417
12553.0,16340.0,2586.0,3528.0,1419,1313,2083,1943,5135.0,4993.0,2043.0,1178.0,215.5,0,-147755.52487787706,-30859.887946566967
59205.0,92755.0,3925.0,7357.0,98,199,141,101,59854.0,53433.0,45243.0,35076.0,215.5,0,-82837.15280473618,23428.89836919325
432.0,2122.0,521.0,2320.0,80,0,169,49,3936.0,6606.0,956.0,1574.0,215.5,0,-155042.39203332405,-29929.784131597287
1524.0,9273.0,0.0,425.0,139,9,149,32,3624.0,6256.0,68.0,608.0,215.5,0,-155545.30324078022,-30398.657195196025
494198.0,657029.0,69976.0,100383.0,1220,1381,121,108,668856.0,565076.0,232691.0,212857.0,215.5,3,507105.5248873512,445934.6321188005
1527.0,9405.0,185.0,1440.0,112,0,140,96,1273.0,4074.0,8405.0,26070.0,215.5,0,-150182.37727029584,-24416.924651995127
62876.0,96024.0,5323.0,8066.0,376,206,174,79,57046.0,51313.0,39148.0,43568.0,215.5,0,-82810.00229408956,19342.40781940409
6590.0,12958.0,1977.0,3954.0,4653,4215,6223,6316,14050.0,14607.0,2555.0,3406.0,215.6,0,-146116.0659858713,-23873.76027780267
4265.0,9926.0,628.0,2384.0,933,1368,1264,1881,2991.0,4683.0,722.0,1045.0,215.7,0,-153974.7461122029,-31024.766070902813
1130.0,6620.0,336.0,1466.0,137,62,220,159,2815.0,5113.0,1576.0,3195.0,215.7,0,-154955.8561005552,-30047.403943432
466457.0,620003.0,64048.0,98256.0,1929,1616,389,169,561301.0,431289.0,231910.0,189973.0,215.7,3,439985.8363766069,379454.1976568463
80912.0,127998.0,6859.0,10940.0,577,688,232,111,38552.0,35414.0,30146.0,33384.0,215.7,0,-87309.05219969919,100.89255063503153
1538.0,6821.0,255.0,1725.0,337,1350,665,1921,1367.0,4357.0,0.0,225.0,215.7,0,-156453.36662180923,-32075.65734994616
40541.0,73557.0,10198.0,15506.0,3461,3189,8301,8132,18720.0,18943.0,6201.0,6532.0,215.8,0,-122689.53294319892,-26251.26034754448
5318.0,11902.0,3067.0,7393.0,4584,5140,6231,7522,16475.0,18826.0,702.0,1879.0,215.8,0,-145667.9416335869,-23964.66703422038
3655.0,11551.0,1278.0,4192.0,1381,1523,2358,2733,6301.0,7798.0,1156.0,1200.0,215.8,0,-152101.33791310692,-29091.16643108206
38400.0,65767.0,9933.0,13747.0,154,213,197,94,42557.0,42229.0,24711.0,38004.0,215.8,0,-102213.17779648482,1927.1239820441008
24215.0,29220.0,4404.0,6667.0,5571,5351,7580,7203,21150.0,20621.0,3023.0,3570.0,215.8,0,-133824.26987135343,-21828.576946976136
96853.0,146261.0,18804.0,30522.0,85,79,33,125,47463.0,42954.0,34237.0,40281.0,215.8,0,-66134.93032475305,23.16286408634187
30224.0,43523.0,4560.0,7955.0,41,72,305,181,24932.0,22253.0,13315.0,18140.0,215.9,0,-123933.1393003329,-13281.488342408258
45873.0,74818.0,6334.0,10574.0,0,20,0,0,53300.0,48356.0,27448.0,32523.0,215.9,-1,-96489.64816535966,10772.937617059311
1168.0,4959.0,480.0,1731.0,155,79,133,41,3015.0,4541.0,11256.0,17543.0,215.9,0,-149365.49746842278,-23649.617187572487
2780760.0,2025070.0,4900510.0,3746570.0,14318,7229,3782,1690,6480090.0,3124190.0,5444310.0,2173340.0,215.9,2,9570218.578505844,3440342.5210849806
56879.0,93858.0,19589.0,32202.0,174,140,156,132,51295.0,44981.0,37251.0,30676.0,216.0,0,-80336.31379276789,4274.407123190638
1326.0,7725.0,0.0,208.0,109,2,121,11,2376.0,4347.0,299.0,994.0,216.0,0,-156055.09103031372,-31016.03828605671
465689.0,643886.0,28594.0,37826.0,1507,1136,361,143,602758.0,471567.0,191843.0,145251.0,216.0,0,413439.1168587202,403986.3310157033
5473.0,11049.0,2459.0,5285.0,1481,1400,2279,2496,6166.0,6714.0,802.0,1413.0,216.1,0,-150705.73365275929,-30150.76671952681
3036.0,19755.0,230.0,1512.0,943,2795,1059,3363,2979.0,8906.0,147.0,1019.0,216.2,0,-154974.0246011778,-30948.54891850114
57692.0,95578.0,9847.0,16393.0,4327,4021,10438,9965,26877.0,25580.0,7687.0,8882.0,216.2,0,-111380.98501486468,-20982.959393833367
45618.0,75528.0,386.0,2238.0,195,163,61,37,37039.0,34969.0,32290.0,29241.0,216.2,0,-106648.05976461002,5736.492563280979
52816.0,76911.0,4399.0,6010.0,418,335,280,115,57865.0,54098.0,41398.0,44578.0,216.3,0,-86240.42605590698,22200.541779118863
9496.0,11926.0,2888.0,4251.0,2431,2575,3320,3442,8345.0,8173.0,3989.0,2713.0,216.3,0,-146435.79963001574,-27756.2369532179
173650.0,249542.0,27207.0,43115.0,331,314,0,61,180493.0,149430.0,68495.0,60495.0,216.3,0,46287.56230685164,91487.31526090468
7715.0,12881.0,698.0,3683.0,2196,2000,3051,2984,8828.0,8130.0,2163.0,1473.0,216.4,0,-149291.18055652146,-26925.79530925573
1617.0,4479.0,506.0,997.0,1600,1668,2165,2428,5139.0,6173.0,722.0,535.0,216.4,0,-154236.85055133977,-29498.224144497453
18107.0,31512.0,1946.0,3336.0,4219,4210,6253,6500,17253.0,17867.0,6667.0,4892.0,216.4,0,-138272.732711725,-20613.228385919
10656.0,22067.0,2147.0,4029.0,4290,4650,5929,6622,15459.0,18155.0,1445.0,2278.0,216.4,0,-144251.71396225243,-24001.026175257062
50162.0,80644.0,4330.0,6237.0,107,110,87,88,50458.0,48972.0,29839.0,37062.0,216.5,0,-95930.566893205,11676.440544643836
5347.0,16784.0,1241.0,3327.0,4062,3988,4606,4874,12060.0,11972.0,1903.0,2824.0,216.5,0,-148348.00269246733,-24959.46246700658
70381.0,118197.0,2495.0,4437.0,625,295,131,109,63590.0,55762.0,46769.0,37729.0,216.5,0,-76664.08910533015,27028.211051378155
13142.0,18040.0,3100.0,6063.0,4010,3840,5148,4827,12778.0,9973.0,2079.0,2928.0,216.6,0,-143469.68787567416,-26087.31994512643
51405.0,70932.0,6134.0,11043.0,305,104,86,128,49654.0,46129.0,46980.0,37578.0,216.6,0,-88146.71472727366,17229.75711256845
7566.0,17662.0,2993.0,4775.0,3617,3910,4344,4728,11238.0,12335.0,2215.0,1845.0,216.7,0,-146609.85476045485,-26749.8053857498
20334.0,32131.0,3052.0,5948.0,4408,4968,7049,7327,19588.0,19503.0,4054.0,5156.0,216.8,0,-136473.84065419764,-21028.283909232978
3931.0,10748.0,2756.0,5954.0,1398,1649,1906,2284,5292.0,6425.0,735.0,1203.0,216.8,0,-151578.04192276855,-30852.267111560144
3986.0,8998.0,1417.0,3055.0,2192,2187,2840,3038,7178.0,8146.0,732.0,1153.0,216.8,0,-151634.41825499316,-28830.4361461787
36201.0,66188.0,4837.0,7933.0,246,311,263,125,33173.0,31909.0,27959.0,25994.0,216.8,0,-111181.8616048356,-1228.3556563743225
35057.0,54058.0,5003.0,10552.0,137,52,0,0,44319.0,42391.0,31045.0,32216.0,216.8,-1,-104595.39104188532,8090.351754952786
2756.0,11337.0,1321.0,3756.0,1300,1519,1838,2415,3936.0,5208.0,0.0,338.0,216.9,0,-154042.35600676003,-31179.64894669762
31946.0,48936.0,4373.0,6572.0,263,263,26,17,43315.0,39875.0,24032.0,29440.0,216.9,0,-109686.68903986554,4656.728100826531
8857.0,19265.0,525.0,1434.0,3367,3309,4916,4967,11022.0,11199.0,685.0,2607.0,216.9,0,-148351.08083083405,-25938.916222568667
1351.0,6664.0,199.0,1099.0,177,49,127,107,6190.0,8366.0,1497.0,2287.0,217.0,0,-153582.35544921213,-28020.939263204436
605164.0,801698.0,52565.0,73814.0,1906,1378,513,234,814291.0,679091.0,214209.0,215882.0,217.0,3,599652.9376666807,534340.6449464841
2754.0,11687.0,298.0,1021.0,1830,3282,2533,4723,6283.0,10645.0,831.0,2653.0,217.1,0,-153090.3147659607,-28331.869588510373
17855.0,31698.0,1132.0,3162.0,4767,4827,7517,7647,21167.0,21226.0,3675.0,3935.0,217.1,0,-138395.84093929772,-19017.556129509507
407916.0,472194.0,128446.0,191629.0,8100,7256,87123,81621,507001.0,437082.0,325020.0,283572.0,217.1,3,482315.4476822482,362786.6922250659
16594.0,25366.0,3530.0,6303.0,4843,4860,6810,6728,19462.0,19614.0,2757.0,4222.0,217.1,0,-138328.13980176463,-21860.06359837733
105624.0,144472.0,7448.0,12048.0,71,352,283,183,142449.0,116561.0,52879.0,46635.0,217.1,0,-19880.79642930272,75483.01590695801
1114.0,3701.0,1038.0,3553.0,7632,12450,9514,16375,7703.0,13557.0,1248.0,1515.0,217.1,0,-152578.8336934263,-27788.043971180712
66676.0,117025.0,11409.0,18292.0,2570,2498,5266,5017,14534.0,14766.0,5035.0,4801.0,217.2,0,-113692.45367229264,-32130.23567292662
4024.0,6439.0,2646.0,3429.0,3040,3153,4229,4433,11800.0,10776.0,3063.0,3340.0,217.2,0,-147546.23008078782,-25350.45388410983
11503.0,16698.0,3148.0,5339.0,2174,1953,2745,2740,7415.0,7314.0,2795.0,1884.0,217.2,0,-146400.29648170515,-29273.11987857241
7948.0,16284.0,1891.0,2017.0,4436,4839,7104,7218,18718.0,18911.0,2468.0,4392.0,217.2,0,-143421.81136871094,-20832.52459873445
18211.0,25513.0,3355.0,4982.0,2957,3349,4892,4875,12457.0,13042.0,2633.0,4580.0,217.2,0,-140951.9576781884,-26281.92193826152
90023.0,130530.0,42840.0,67733.0,109,219,30,28,66782.0,61845.0,61122.0,56965.0,217.3,0,-31594.050920351718,11550.051708049872
10998.0,18968.0,4504.0,10308.0,2824,2906,4965,5360,17916.0,18783.0,4110.0,4584.0,217.4,0,-140105.94402957725,-22462.25729176426
7147.0,12392.0,1732.0,3175.0,2305,2399,3399,3651,8150.0,8478.0,1068.0,2473.0,217.5,0,-149392.46523869384,-28264.98687622598
19105.0,41842.0,1436.0,3467.0,3386,3578,4518,4374,14287.0,14938.0,2364.0,4400.0,217.5,0,-141207.58189800178,-24121.16037708146
5538.0,11236.0,1836.0,4042.0,6624,6903,7752,8120,17523.0,17729.0,1495.0,2458.0,217.6,0,-145583.18100090674,-22115.929329398416
26589.0,53200.0,5740.0,8546.0,3514,3514,4056,3938,8754.0,9502.0,3554.0,2497.0,217.7,0,-137466.47721611368,-30615.391034591437
54019.0,81965.0,16981.0,30246.0,131,104,182,81,61324.0,59719.0,35020.0,47819.0,217.8,0,-77444.66752587854,14253.976184829426
59121.0,89656.0,10084.0,17624.0,252,216,172,182,68385.0,61160.0,49030.0,43523.0,217.8,0,-72307.13202076493,27906.13570233851
39590.0,65755.0,14276.0,24839.0,384,162,421,223,38663.0,36069.0,26615.0,26517.0,217.9,0,-101230.10938509749,-4383.230364551444
106825.0,164132.0,9950.0,16102.0,183,194,1,102,107375.0,85464.0,53180.0,43357.0,217.9,0,-33776.37190377826,51257.04642590441
4650.0,9215.0,2787.0,6327.0,2779,3064,3807,3943,10804.0,11315.0,1543.0,3110.0,218.0,0,-148232.64609722953,-26784.89960598454
35815.0,70384.0,4868.0,8372.0,532,280,446,242,38773.0,35044.0,21780.0,30615.0,218.1,0,-110489.55041210692,467.1054565815976
3576.0,9486.0,1416.0,3637.0,1848,1797,2481,2520,7629.0,7250.0,945.0,1823.0,218.1,0,-151437.65344310796,-28321.665018390773
14226.0,29820.0,2118.0,3733.0,5075,5020,7653,8367,20161.0,21536.0,2114.0,3654.0,218.1,0,-140265.3287251888,-20736.868476599244
9273.0,21505.0,4662.0,9201.0,53,53,33,0,12041.0,12357.0,5285.0,11106.0,218.1,-1,-142109.9202568836,-24630.56923629037
12589.0,22057.0,3052.0,5807.0,3660,3476,5134,5114,13540.0,14274.0,1824.0,4350.0,218.2,0,-143301.01477360766,-25417.970294530915
893435.0,1012590.0,1614190.0,1968360.0,933,1222,681,333,185341.0,164526.0,116211.0,99421.0,218.2,3,1461694.3783037642,-922310.168758938
9549.0,14581.0,1411.0,2629.0,2582,2826,3078,3638,9754.0,11427.0,623.0,1918.0,218.2,0,-148141.49504695158,-27482.17058286741
17300.0,32996.0,1877.0,3277.0,5324,4856,7697,7797,19826.0,17892.0,5722.0,5453.0,218.3,0,-137764.47839543584,-19194.60751364627
51315.0,75587.0,7418.0,12834.0,378,211,430,196,52218.0,47814.0,27272.0,37871.0,218.3,0,-93376.55306270726,9828.879851739604
5130.0,10438.0,3007.0,6575.0,3913,4520,5214,6190,11205.0,13507.0,643.0,1156.0,218.3,0,-148278.09083963296,-27389.525845695505
10322.0,17020.0,1592.0,2730.0,2108,2123,3283,3243,8727.0,8915.0,3510.0,3570.0,218.4,0,-146889.5688124001,-26817.98182118879
7938.0,15223.0,1822.0,3714.0,3428,3255,4984,4901,12670.0,12267.0,2578.0,2253.0,218.4,0,-146434.7051302293,-24913.888625860323
3208820.0,1530920.0,7941400.0,6169330.0,10596,4166,2304,901,298020.0,214338.0,230411.0,150036.0,218.5,2,6878643.284592599,-4917912.91001538
1459.0,6656.0,964.0,3244.0,2847,4102,3665,5327,8115.0,11694.0,890.0,1422.0,218.5,0,-152464.8778457489,-27678.488917307688
40117.0,52973.0,13660.0,19668.0,1864,1715,5096,5105,12531.0,12841.0,6593.0,4675.0,218.6,0,-123360.10684533528,-32450.23504082304
36867.0,62647.0,13148.0,19497.0,314,180,98,174,59767.0,56067.0,42657.0,42815.0,218.6,0,-85631.14979711785,19191.717434657043
39791.0,59074.0,19225.0,35809.0,180,127,295,174,50930.0,51236.0,16786.0,36706.0,218.6,0,-94540.5608862981,-2236.458087733969
22248.0,32884.0,12208.0,17941.0,168,147,302,210,32510.0,30239.0,24654.0,26090.0,218.6,0,-113312.25726557076,-6739.755703018174
65868.0,98265.0,26282.0,36628.0,0,301,0,72,70228.0,58704.0,62105.0,46476.0,218.6,0,-52329.73627429968,24423.394631358304
15191.0,18487.0,1484.0,3359.0,3206,3274,3976,4087,13099.0,13216.0,5044.0,4402.0,218.7,0,-142324.64705557254,-23524.36488484946
47113.0,72021.0,6582.0,11032.0,59,104,276,181,52393.0,45923.0,44552.0,41986.0,218.7,0,-88699.60628855927,18648.51887560348
5264.0,11512.0,3378.0,8181.0,4224,5285,5017,5874,13910.0,16693.0,1451.0,2768.0,218.7,0,-146245.23023054647,-25323.834387778683
51853.0,69355.0,4018.0,6267.0,182,120,40,52,70574.0,63506.0,41922.0,36395.0,218.8,0,-82009.82004843095,29444.190713974484
1880.0,11612.0,0.0,587.0,149,15,128,0,4071.0,6973.0,1083.0,1736.0,218.9,-1,-154682.6195904041,-29530.64990562595
4475.0,9124.0,0.0,1524.0,83,108,38,21,4084.0,4389.0,2497.0,1569.0,218.9,0,-153111.86323523853,-29126.357488473357
1204.0,3304.0,822.0,1978.0,77,106,146,35,2769.0,4831.0,8289.0,10503.0,218.9,0,-151210.1118251648,-26396.91154850965
522297.0,696251.0,90467.0,133823.0,1447,1201,330,210,627445.0,498580.0,230619.0,201653.0,218.9,3,511914.70633347565,402393.1846577869
3058.0,11914.0,1304.0,3496.0,1837,3476,2296,4310,5915.0,11693.0,1121.0,2507.0,218.9,0,-152348.71272679695,-29118.217981605874
4437.0,9071.0,973.0,2764.0,1076,3226,1523,3684,3967.0,10300.0,53.0,184.0,218.9,0,-153581.09654143237,-31053.84086081244
206137.0,309607.0,29651.0,42913.0,436,402,288,167,264098.0,213273.0,105018.0,86774.0,218.9,0,115769.75042333818,160246.53866672763
7065.0,9354.0,1586.0,3070.0,2615,2411,3965,3557,8650.0,7591.0,547.0,1805.0,219.0,0,-149576.72843378218,-28176.59139037196
4503.0,8701.0,2480.0,6358.0,1460,1256,2345,2759,7196.0,8602.0,1643.0,2042.0,219.0,0,-150234.24151655415,-28995.65922702041
5822.0,8523.0,3609.0,5635.0,1024,1070,2451,2349,6745.0,6952.0,1365.0,1982.0,219.0,0,-149228.7717501709,-30201.009755717227
11648.0,21218.0,2545.0,4208.0,4468,4296,5607,5726,14897.0,14836.0,2146.0,2129.0,219.1,0,-143584.11348634923,-24401.399468014177
58738.0,89048.0,3566.0,6552.0,0,140,121,132,36845.0,33860.0,30409.0,28791.0,219.2,0,-99918.0171879346,1903.5197967095992
1201.0,7710.0,540.0,3945.0,840,1988,910,2258,2510.0,7058.0,573.0,1465.0,219.2,0,-155509.69938286993,-31070.40287801332
12862.0,27445.0,1869.0,3686.0,3837,4003,5524,5692,17404.0,16678.0,2741.0,5051.0,219.2,0,-141836.32267093452,-21751.808376067373
8430.0,19506.0,2035.0,4205.0,3170,3257,4614,5137,11753.0,13238.0,2353.0,2669.0,219.3,0,-146531.04933524382,-25687.69802416969
31655.0,48041.0,1943.0,3844.0,186,207,343,159,34207.0,33083.0,11932.0,19044.0,219.4,0,-121368.79933597552,-6302.330181598714
8211.0,11058.0,3750.0,6307.0,2978,2912,3816,3616,11946.0,11812.0,2436.0,3869.0,219.4,0,-145168.5775354554,-26402.48888887952
15997.0,23865.0,2600.0,6636.0,5712,6381,8532,8840,22005.0,21850.0,1146.0,5413.0,219.4,0,-138508.35869044214,-20110.98171351774
316793.0,453717.0,17905.0,28164.0,34,167,0,105,277961.0,229685.0,124533.0,112082.0,219.4,0,169622.0414039461,181444.9637056556
79513.0,119052.0,27787.0,43144.0,324,275,327,146,75072.0,67431.0,64200.0,57015.0,219.5,0,-41412.878720498906,28225.471031744248
16545.0,32548.0,2327.0,3365.0,559,265,153,102,17637.0,15679.0,8951.0,14056.0,219.5,0,-136491.2808535889,-18090.44367036296
11727.0,24268.0,4131.0,7475.0,4116,4386,5530,5652,14547.0,15589.0,2201.0,3501.0,219.5,0,-142421.5371211255,-25380.186115864108
7776.0,12786.0,1392.0,3495.0,2681,2716,3330,3698,8416.0,7898.0,1378.0,1924.0,219.5,0,-149203.95945228057,-27882.730746009565
34327.0,52955.0,5970.0,8783.0,474,243,46,89,30785.0,26072.0,21289.0,18822.0,219.5,0,-115610.93218424745,-7278.26250443979
79748.0,119700.0,7824.0,9390.0,635,253,298,122,73915.0,67803.0,49888.0,47483.0,219.5,0,-62109.651691786,32476.57461629582
41426.0,58845.0,6948.0,12262.0,149,214,0,24,37346.0,34216.0,31081.0,25907.0,219.6,0,-104562.43723191464,1040.73204030337
52785.0,73899.0,8277.0,10235.0,204,207,0,7,40449.0,38481.0,35516.0,26135.0,219.6,0,-95928.39870305028,3327.604488043228
2886.0,8150.0,0.0,954.0,5,0,177,107,5706.0,5889.0,4033.0,3350.0,219.6,0,-152239.4723250541,-27066.80176241944
2807.0,9802.0,417.0,2790.0,0,0,111,0,7037.0,6161.0,516.0,2601.0,219.6,-1,-152778.02580161142,-28076.59264421448
592665.0,751810.0,54946.0,77975.0,1878,1652,251,173,850681.0,639572.0,340814.0,266398.0,219.6,3,665689.5394129974,617897.0837245921
5584.0,15777.0,5783.0,11178.0,1475,1591,3260,3473,8853.0,9795.0,1018.0,1726.0,219.6,0,-147032.98326238096,-30402.7489658589
32965.0,49542.0,2871.0,5125.0,122,115,253,149,23597.0,21101.0,21005.0,19962.0,219.7,0,-121510.56454972218,-9724.34197749833
144919.0,202645.0,6919.0,10655.0,563,375,90,50,178540.0,147609.0,62216.0,56130.0,219.7,0,16762.778361126082,101521.8364084834
5570.0,14524.0,1259.0,2487.0,2851,3102,3955,4139,11202.0,12167.0,816.0,1792.0,219.8,0,-149166.13735977828,-26149.99852888924
9026.0,11408.0,1326.0,2570.0,1208,1178,2091,2090,6178.0,5562.0,1386.0,1205.0,219.8,0,-149839.3292142187,-29451.29338636872
35416.0,61325.0,4844.0,9696.0,221,204,139,164,46880.0,43501.0,23334.0,31955.0,219.8,0,-106273.00740922667,6500.637519464606
5361.0,13312.0,2109.0,4142.0,2343,2276,3371,3324,10254.0,10711.0,1535.0,2275.0,219.8,0,-148767.61854759682,-26891.21914964305
276256.0,385411.0,65241.0,85586.0,798,448,453,213,188559.0,171411.0,99370.0,104203.0,219.9,0,135126.62262684925,86010.84451683341
7925.0,20987.0,2075.0,5272.0,2779,2992,3951,4598,9675.0,10412.0,1535.0,2540.0,220.0,0,-147966.926310606,-27359.050661160145
7021.0,10211.0,1239.0,3039.0,2847,2759,4141,3882,8187.0,7542.0,588.0,1683.0,220.0,0,-150042.64671743085,-28250.77460510893
46628.0,74503.0,28798.0,44737.0,222,172,446,249,36445.0,34166.0,25931.0,30646.0,220.1,0,-89050.40784635775,-14984.513414631589
18685.0,31864.0,3803.0,6505.0,2733,2531,6819,7400,15509.0,16482.0,4762.0,5205.0,220.1,0,-138205.9782996224,-23665.862279314228
28902.0,47200.0,4439.0,6753.0,351,217,264,140,23512.0,21628.0,16938.0,21447.0,220.1,0,-123442.69925561444,-11966.85273554916
41796.0,65128.0,5479.0,8828.0,38,70,0,0,41726.0,38508.0,34541.0,31934.0,220.2,-1,-101422.38509606176,7136.756673657936
2354.0,5412.0,1222.0,2962.0,2112,2424,2710,2954,7842.0,8642.0,1558.0,1537.0,220.2,0,-151785.06102163848,-27774.13969342976
9204.0,22458.0,1762.0,4458.0,2540,2895,3836,4472,11507.0,12917.0,2262.0,2629.0,220.2,0,-146554.5392260292,-25768.058335399142
1085.0,3912.0,508.0,1654.0,1030,2178,1311,3183,3504.0,8014.0,1632.0,1698.0,220.2,0,-154709.99598024748,-29931.74338146964
462.0,2559.0,738.0,3226.0,1970,3306,2879,4966,6271.0,10916.0,276.0,1384.0,220.2,0,-154094.90009921842,-28902.58678181263
7470.0,16419.0,3239.0,6331.0,3698,3707,4836,5209,14027.0,14288.0,1711.0,3086.0,220.2,0,-145250.35253749823,-25145.80052688806
518893.0,675048.0,47201.0,69454.0,2018,1852,222,194,676648.0,530785.0,313841.0,248022.0,220.3,3,539396.8432796476,503249.215239781
5836.0,11883.0,1314.0,2296.0,2142,1999,2824,2975,7372.0,7820.0,2117.0,2365.0,220.4,0,-150196.3436526141,-27987.6676635133
2998.0,9049.0,727.0,4724.0,2005,2436,3103,3853,7194.0,8711.0,1182.0,1134.0,220.4,0,-152344.72212358698,-28136.35221512921
5930.0,20007.0,1822.0,4701.0,4173,4571,5774,6664,13732.0,15908.0,863.0,1769.0,220.4,0,-147469.6536182373,-24907.965258340813
8598.0,21098.0,2610.0,4335.0,2579,2862,3853,4452,10612.0,11469.0,4087.0,3738.0,220.4,0,-145806.8414047352,-25883.20295197264
2347.0,9920.0,1098.0,3363.0,1783,2853,2454,4012,6012.0,9422.0,960.0,1659.0,220.5,0,-152904.8931524914,-29084.575612580396
31733.0,47325.0,0.0,0.0,1774,2237,3765,3904,9772.0,10796.0,3493.0,4598.0,220.5,0,-138626.18461148773,-26389.89636466128
35739.0,68131.0,10156.0,17194.0,279,102,175,70,46695.0,45155.0,31782.0,32896.0,220.6,0,-99319.02932102306,6723.499938766759
731027.0,945248.0,431503.0,561316.0,1706,1146,687,283,125620.0,112063.0,74687.0,74905.0,220.6,0,533111.2120548023,-228347.92972915844
32886.0,56066.0,14106.0,22421.0,533,311,57,92,44216.0,41450.0,28901.0,30883.0,220.7,0,-100194.35434076024,1329.1231342924475
8573.0,21430.0,2952.0,5270.0,258,180,169,73,4907.0,5097.0,1059.0,2407.0,220.7,0,-149448.31582587562,-31194.4013618537
9310.0,24659.0,4032.0,7479.0,2812,2666,3974,4033,11662.0,10872.0,729.0,2120.0,220.8,0,-145502.9335452874,-27826.961812254194
7074.0,13212.0,1661.0,3666.0,2921,2961,3686,3803,10417.0,10817.0,2731.0,2950.0,220.8,0,-147773.64539585504,-26007.78120323982
3178.0,12410.0,1086.0,4931.0,2323,2911,2701,3505,7364.0,9747.0,661.0,1435.0,220.8,0,-152100.4884723288,-28437.48800436435
3054.0,11411.0,1153.0,3429.0,3328,4074,4343,5524,8686.0,10469.0,676.0,1221.0,220.8,0,-151526.20100239984,-27660.6212174692
21276.0,33678.0,4536.0,10023.0,3689,3464,4644,4681,14271.0,13616.0,3759.0,3083.0,220.8,0,-137835.70099632925,-25844.612145738105
67323.0,108777.0,6612.0,11123.0,176,104,171,97,75415.0,69158.0,58507.0,56184.0,220.9,0,-63079.653708997736,40006.43219828293
36170.0,55315.0,5080.0,7242.0,0,7,364,124,46417.0,40648.0,29646.0,28598.0,220.9,0,-104104.9271799542,8121.225396997539
4302.0,8794.0,1198.0,3155.0,6616,6996,10924,11863,19203.0,18636.0,3048.0,5863.0,220.9,0,-144765.22942353852,-19367.16187904791
349728.0,495234.0,105246.0,155412.0,92,302,0,68,172116.0,150694.0,94554.0,91899.0,220.9,0,182094.1706104011,41727.29727738883
3213.0,8616.0,1809.0,4737.0,2778,3661,3431,4334,9234.0,12034.0,1194.0,2329.0,221.0,0,-150432.24157086376,-27342.849221135963
5357.0,16560.0,921.0,2424.0,1486,1979,1698,2018,4599.0,5670.0,261.0,1120.0,221.0,0,-152759.16563681062,-30443.820865952035
75995.0,107736.0,5776.0,9180.0,0,182,291,114,79043.0,69614.0,60498.0,47883.0,221.0,0,-58784.3635748456,41765.29877281517
25758.0,43847.0,4193.0,6292.0,4927,5350,6932,7423,20505.0,21313.0,2858.0,5684.0,221.0,0,-133424.91979611776,-21935.15599000164
2691.0,8822.0,1747.0,4725.0,3956,6002,4587,7046,11843.0,16952.0,1406.0,2261.0,221.1,0,-149438.89562393725,-25540.59618433176
2991.0,11301.0,2140.0,5848.0,1067,1236,2095,2537,5664.0,7337.0,871.0,1158.0,221.1,0,-152176.67737888676,-30118.65205021
8728.0,12152.0,2878.0,5027.0,7411,7678,16179,16601,29909.0,25989.0,16721.0,14949.0,221.1,0,-130763.67021217814,-6733.123493209401
118528.0,186495.0,19500.0,28807.0,0,192,390,137,68247.0,56938.0,53017.0,42771.0,221.1,0,-40162.57424719111,19599.56394121305
8229.0,17537.0,2633.0,6060.0,1354,1213,2628,2599,6376.0,5913.0,2830.0,3393.0,221.2,0,-148363.51275243497,-29136.67537039168
6055.0,9163.0,2423.0,4286.0,2660,2822,3210,3084,7601.0,7201.0,334.0,728.0,221.2,0,-150100.77733976443,-29563.765035678305
20880.0,35757.0,15730.0,24257.0,206,129,313,196,27662.0,26915.0,17657.0,21665.0,221.2,0,-116767.08278174343,-15573.48479537386
3514.0,17049.0,1139.0,3778.0,3040,4958,3845,5858,9103.0,14380.0,0.0,0.0,221.2,0,-151564.52192597382,-27898.6116832915
99361.0,156300.0,10915.0,16650.0,322,205,100,195,50677.0,44123.0,37593.0,34946.0,221.3,0,-68541.78883940668,7397.218257204116
10588.0,21218.0,2495.0,4328.0,4556,4626,6250,6541,16207.0,17289.0,2421.0,4415.0,221.3,0,-143070.82731458615,-22989.116276975765
4416.0,13821.0,1093.0,3770.0,1526,2690,2255,4066,5086.0,9071.0,854.0,2182.0,221.3,0,-152452.375478183,-29762.181580505247
1261.0,7100.0,700.0,2543.0,583,1499,719,2419,1513.0,4667.0,110.0,380.0,221.3,0,-156132.87955452976,-32173.77730495997
3097.0,10187.0,580.0,1924.0,2117,3145,2435,3499,5744.0,8626.0,411.0,1149.0,221.3,0,-153342.61045825572,-29290.09094276693
132384.0,193420.0,27619.0,44518.0,225,244,174,109,75702.0,71300.0,68638.0,54465.0,221.3,0,-18278.007292799182,26746.04098251119
7762.0,14415.0,3175.0,5507.0,2612,2906,4280,4259,11134.0,11154.0,3128.0,2778.0,221.4,0,-145998.3004337189,-26409.02773493964
57912.0,91068.0,18796.0,30735.0,532,227,392,157,51119.0,45837.0,47306.0,39065.0,221.4,0,-75768.41908248817,10159.557246007167
15456.0,23186.0,3424.0,6071.0,5948,6924,9282,9733,21488.0,22221.0,6094.0,4154.0,221.5,0,-136725.50454382232,-19044.31916651053
189099.0,271157.0,14556.0,24321.0,0,46,57,86,173457.0,147791.0,106125.0,85356.0,221.5,0,57733.61986570642,113757.25887867749
46511.0,66346.0,8694.0,13914.0,0,48,343,162,31127.0,28000.0,25917.0,23826.0,221.5,0,-106246.54120460054,-6817.919492386136
7787.0,22419.0,2101.0,4122.0,2901,3435,3564,4105,8802.0,9741.0,1634.0,2628.0,221.5,0,-148351.60813459335,-27863.74698657935
6184.0,22553.0,1129.0,3010.0,1532,2203,1798,2612,5086.0,6897.0,1783.0,2179.0,221.5,0,-151361.58129733504,-29511.443299142506
9019.0,8837.0,2401.0,3476.0,3467,3809,3981,3919,10430.0,9544.0,3522.0,2756.0,221.5,0,-146191.24717938306,-26289.547704068777
13359.0,23884.0,4471.0,10925.0,4218,4539,5695,6693,14991.0,14908.0,1354.0,2596.0,221.6,0,-141744.73935160405,-25919.31425873117
9366.0,14985.0,7885.0,13425.0,2213,2144,2875,2811,7594.0,7342.0,1514.0,2379.0,221.6,0,-144333.45668156238,-32452.892006448707
7891.0,16549.0,1242.0,2866.0,2619,2736,3068,3261,7215.0,7489.0,773.0,1977.0,221.7,0,-150018.93001326604,-28801.321022895325
3862.0,9281.0,1386.0,2763.0,3843,4619,3937,4593,9474.0,11239.0,77.0,628.0,221.7,0,-150974.5018578157,-27709.09621341748
67723.0,81400.0,9298.0,14982.0,696,344,203,151,63702.0,58749.0,53624.0,43538.0,221.7,0,-69740.09334370357,26809.390906505465
17440.0,28029.0,2586.0,4143.0,266,157,335,146,28138.0,27224.0,14866.0,16318.0,221.7,0,-128743.56110075836,-8825.999051259409
37585.0,48393.0,6888.0,10469.0,361,209,0,3,43724.0,39663.0,29946.0,25924.0,221.7,0,-103717.754320217,4886.988018025742
74794.0,112952.0,4100.0,7408.0,306,256,335,151,67500.0,57703.0,55935.0,45977.0,221.7,0,-67561.44306235957,33376.50490649337
353563.0,492457.0,52009.0,75960.0,888,626,71,79,186090.0,158452.0,111363.0,96397.0,221.7,0,159973.95804770422,91511.81427369209
62857.0,88766.0,11116.0,18580.0,261,304,84,148,60061.0,54450.0,50106.0,38317.0,221.9,0,-74077.89340117986,21368.113574301457
847496.0,1043320.0,839438.0,1217170.0,1416,981,301,386,145422.0,125478.0,64453.0,66319.0,222.0,3,866580.2020594724,-485183.3458117634
8738.0,18254.0,1962.0,4818.0,3558,4008,5041,5771,12043.0,13692.0,2139.0,3518.0,222.0,0,-146294.88887593392,-25431.37729155262
1162.0,5475.0,0.0,478.0,158,92,140,85,3423.0,4701.0,1672.0,2405.0,222.0,0,-154965.12765391957,-29540.818576690654
255885.0,370394.0,22042.0,37239.0,112,200,386,190,295448.0,254806.0,90955.0,88241.0,222.0,0,140015.91404929775,175947.74603884204
7958.0,11776.0,2080.0,3702.0,1299,1465,3689,3867,9841.0,9247.0,3619.0,3618.0,222.0,0,-146973.47285654992,-26211.279337312822
7798.0,10734.0,1999.0,3138.0,4062,4104,4729,5164,13106.0,14045.0,2210.0,1760.0,222.1,0,-146370.24766792197,-24974.92485804549
34459.0,53436.0,5420.0,9491.0,346,186,84,78,36396.0,33148.0,28079.0,22689.0,222.1,0,-110412.9534038677,76.09034976300973
45406.0,68064.0,5764.0,6750.0,157,137,20,101,35626.0,33236.0,27226.0,26061.0,222.1,0,-105928.7777637671,-1154.896772675875
5791.0,11941.0,3925.0,6871.0,3406,3281,4483,4580,13580.0,12452.0,3777.0,2920.0,222.2,0,-144925.3382787623,-24910.340475927253
15183.0,26126.0,1129.0,4045.0,5908,6336,7653,7829,19325.0,18988.0,1939.0,4231.0,222.2,0,-140923.0896308632,-20688.26127584336
23712.0,39489.0,4198.0,4778.0,112,190,122,122,26058.0,24918.0,12998.0,14028.0,222.2,0,-126978.90037780242,-12712.508760047174
129435.0,198334.0,8876.0,11955.0,146,136,99,66,195451.0,164945.0,72852.0,75500.0,222.2,0,25768.72058819988,119563.80931548776
1958.0,6765.0,0.0,414.0,134,109,152,96,5459.0,7042.0,0.0,610.0,222.2,0,-154565.16962009986,-29294.830599621106
1457.0,7200.0,102.0,1119.0,106,10,64,0,3336.0,9136.0,35159.0,57448.0,222.2,-1,-135501.73936213407,-6792.911233869294
506714.0,628716.0,58259.0,81528.0,1567,1209,178,144,709404.0,550477.0,305247.0,256683.0,222.2,3,554734.345755986,515593.25700152415
8195.0,18712.0,1440.0,2933.0,1882,1871,3952,4034,11676.0,12517.0,1778.0,3210.0,222.2,0,-147220.45930185975,-25502.47736959969
4176.0,14211.0,1467.0,3376.0,3336,3972,4662,5625,10573.0,12261.0,928.0,2698.0,222.3,0,-149719.14767062612,-26394.03279859617
5879.0,16917.0,623.0,3847.0,1131,1365,2476,3180,5827.0,7626.0,969.0,995.0,222.3,0,-151951.90830507973,-29235.03976835482
14808.0,25064.0,968.0,1545.0,7020,6918,8189,8050,18693.0,17723.0,3315.0,2787.0,222.3,0,-141144.22962323777,-20616.45384285452
3655.0,9734.0,2607.0,6062.0,3367,3806,4128,4767,10971.0,11722.0,1403.0,2678.0,222.3,0,-148793.659994039,-26629.450275172163
49371.0,84230.0,8515.0,12995.0,0,117,559,178,26044.0,23347.0,26873.0,23660.0,222.4,0,-107158.33631557522,-9730.259282088511
13170.0,20150.0,4188.0,5637.0,21404,20905,28104,28613,34932.0,34465.0,12377.0,13186.0,222.4,0,-127554.97831177869,-6757.5642183944765
45008.0,69773.0,14588.0,25621.0,231,158,0,66,38727.0,38281.0,21963.0,26319.0,222.4,0,-100509.7281781418,-6875.386677292172
57096.0,97899.0,11492.0,18808.0,583,378,0,12,65443.0,62395.0,46231.0,51062.0,222.5,0,-73570.27177997105,25328.33961086356
7947.0,21357.0,2973.0,5554.0,2899,2755,3632,3974,10973.0,11767.0,1520.0,1893.0,222.5,0,-146840.0366931911,-27214.5653932284
9808.0,22788.0,1122.0,2380.0,4219,4521,5745,6027,14669.0,15206.0,2104.0,3228.0,222.5,0,-145300.12400568728,-23373.28731034347
7131.0,19200.0,664.0,1438.0,2975,3452,4674,5357,12330.0,13618.0,1558.0,3151.0,222.5,0,-147982.51960533805,-24633.61998658527
17542.0,21617.0,4787.0,8294.0,3985,4000,5221,5788,14084.0,15343.0,2394.0,3455.0,222.6,0,-139731.17009692788,-26389.708853104763
12538.0,21775.0,2640.0,4917.0,3101,2918,4116,4058,11954.0,12180.0,1841.0,2193.0,222.6,0,-144590.21354416054,-26499.76827674767
64751.0,93837.0,8318.0,13199.0,0,136,105,119,46118.0,42608.0,35402.0,34500.0,222.6,0,-87429.57099731405,7403.686851257964
39446.0,68385.0,5345.0,9004.0,125,278,112,81,40461.0,38665.0,22533.0,31763.0,222.6,0,-107490.59405902032,1498.70266108531
144071.0,221910.0,3373.0,5284.0,538,217,320,203,222703.0,185846.0,64775.0,66867.0,222.6,0,36177.50451418938,134524.04448350988
64380.0,95291.0,5597.0,8402.0,246,285,345,177,55639.0,49302.0,40540.0,31316.0,222.7,0,-83673.58125901384,16801.338321617262
37025.0,57339.0,7372.0,13048.0,325,235,302,149,35851.0,33735.0,33777.0,27338.0,222.7,0,-105569.36423177132,1476.7576866189738
8063.0,13674.0,0.0,1422.0,1872,2060,2670,2819,7737.0,8316.0,104.0,1718.0,222.7,0,-150852.65044252653,-28025.27450174541
4026.0,13197.0,228.0,2914.0,5813,8005,6115,8309,10544.0,14275.0,366.0,572.0,222.8,0,-151117.90807269834,-26200.40672137615
9468.0,17091.0,1807.0,3630.0,4040,3938,5797,5692,16894.0,15171.0,2389.0,2885.0,222.8,0,-143901.74237386722,-22309.619433738226
17755.0,34804.0,1460.0,3444.0,2681,2641,4988,5106,13828.0,14079.0,4165.0,5124.0,222.8,0,-141195.64219143803,-23465.09434926901
1976.0,5740.0,0.0,1174.0,165,64,111,33,13296.0,13020.0,711.0,1872.0,222.9,0,-150602.86541497053,-23840.083086673105
1292.0,7959.0,0.0,1218.0,70,0,81,0,2896.0,6805.0,349.0,823.0,222.9,-1,-155839.2314315178,-30690.317445155804
1112.0,6345.0,391.0,2491.0,146,169,121,14,2840.0,10897.0,32091.0,77230.0,222.9,0,-134298.2251401277,-5379.327490737131
643095.0,806793.0,64245.0,90088.0,1465,1317,177,180,993745.0,770736.0,368147.0,316882.0,222.9,3,773723.9751075273,718809.1621585978
1183.0,7752.0,242.0,1412.0,170,130,144,3,1133.0,4669.0,1121.0,2366.0,222.9,0,-156030.02558214162,-31379.497489261936
46929.0,82435.0,18688.0,30081.0,224,143,304,154,50128.0,46315.0,33292.0,39150.0,223.0,0,-85949.3998172353,4447.904321753111
7895.0,17633.0,1553.0,3218.0,3223,3496,4254,4713,12235.0,12869.0,200.0,2323.0,223.1,0,-147704.31350570818,-26005.39319950812
14942.0,30209.0,3848.0,7598.0,3502,3220,5250,5194,16235.0,16330.0,4618.0,3992.0,223.1,0,-139587.0886591784,-23251.31923518776
57378.0,81163.0,46238.0,71904.0,387,272,557,181,52635.0,47576.0,47777.0,37205.0,223.2,0,-56414.291690654325,-6176.486304739748
1025350.0,1168820.0,2659580.0,3727000.0,3117,2265,1019,641,314073.0,260409.0,149034.0,121510.0,223.2,3,2310577.4273747304,-1488499.5100538202
32621.0,49858.0,6061.0,8480.0,50,146,106,51,41544.0,37948.0,25373.0,25852.0,223.2,0,-109001.8089601185,2420.549004866971
2010.0,7596.0,1182.0,3722.0,1212,2211,1322,2665,4126.0,6967.0,1287.0,1592.0,223.2,0,-153725.62895827726,-30183.640247389787
3981.0,10085.0,1210.0,2901.0,3149,3328,3905,4027,8634.0,9165.0,196.0,945.0,223.2,0,-151343.62558864383,-28036.12252503253
45613.0,70006.0,15682.0,24835.0,201,190,242,85,54464.0,50461.0,44388.0,41252.0,223.2,0,-82249.02184277576,14155.376312237928
12940.0,12752.0,3937.0,5958.0,4010,4207,5114,5073,13177.0,11998.0,1094.0,2570.0,223.3,0,-143203.31335295155,-26818.25179542529
12082.0,18145.0,3297.0,5358.0,4200,3877,5912,6318,17857.0,18143.0,4370.0,4093.0,223.3,0,-140483.9517377714,-21780.838401067056
1017.0,5816.0,846.0,4529.0,927,2208,1072,2741,2796.0,8526.0,469.0,848.0,223.3,0,-155360.74182848493,-31212.077834432195
1047.0,4975.0,696.0,4367.0,1568,2692,1899,3267,5765.0,10826.0,612.0,752.0,223.3,0,-154070.43821592757,-29196.59932220367
1863.0,3288.0,351.0,1775.0,157,92,234,185,10655.0,8125.0,3172.0,3810.0,223.4,0,-150444.13229514405,-24378.989162880265
524326.0,674335.0,74709.0,108491.0,1381,1471,501,228,743462.0,588090.0,225976.0,179632.0,223.4,3,549670.4515995261,480027.9127477133
2390.0,7129.0,1560.0,3487.0,2729,3334,3152,3876,7521.0,9406.0,1544.0,1727.0,223.4,0,-151660.8374842548,-28166.5034955962
4704.0,12868.0,502.0,1780.0,3472,3960,4021,4526,10667.0,12642.0,1252.0,2111.0,223.4,0,-150082.04412767987,-25722.951685825632
3329.0,12442.0,781.0,2636.0,2120,2523,3074,3802,7904.0,9531.0,760.0,1020.0,223.6,0,-152021.71974692136,-27938.38289202102
4208.0,13897.0,679.0,2001.0,168,105,197,94,12449.0,12695.0,696.0,1539.0,223.6,0,-149649.2611565252,-25006.50479785123
1812.0,5302.0,267.0,857.0,183,144,106,9,4275.0,5987.0,25617.0,60294.0,223.6,0,-137979.29190399166,-9874.239824974204
727079.0,864955.0,67838.0,82493.0,2456,1869,118,175,1080320.0,849127.0,425330.0,364416.0,223.6,3,876739.1897406165,797456.8277402949
55597.0,90087.0,22790.0,35587.0,125,111,68,85,58577.0,55776.0,24368.0,39871.0,223.7,0,-78960.80163997212,3022.059404512456
9345.0,14194.0,1088.0,2114.0,4833,4988,7176,7501,19154.0,19601.0,3127.0,4441.0,223.7,0,-142957.31137870866,-19859.274815340134
20235.0,34420.0,6874.0,10035.0,3656,3558,5729,5716,17820.0,18459.0,6293.0,6001.0,223.8,0,-133742.34788948775,-23466.68453857549
3845.0,11600.0,1433.0,4280.0,2649,3176,3512,3956,9652.0,10777.0,1614.0,2345.0,223.8,0,-150087.80472601936,-26704.46026248992
209021.0,297390.0,26470.0,41473.0,37,178,357,202,177505.0,147835.0,73086.0,62860.0,223.9,0,60909.54488290066,90069.18036683391
4266.0,15257.0,1577.0,3480.0,2598,3001,3807,4635,10368.0,12552.0,515.0,736.0,223.9,0,-150101.79380001788,-27088.13803041997
1428.0,8925.0,147.0,873.0,245,267,122,14,2163.0,4427.0,405.0,698.0,223.9,0,-156005.80472782208,-31252.773403449857
532974.0,676136.0,34918.0,46245.0,1534,1353,128,76,816906.0,635546.0,321148.0,227518.0,223.9,3,600016.6651374155,598503.5204506415
2034.0,6743.0,346.0,1692.0,142,98,210,131,4243.0,6199.0,2622.0,3587.0,224.0,0,-153499.4244142911,-28707.74861198754
1273.0,4150.0,310.0,2003.0,116,0,175,91,7060.0,9399.0,1990.0,2594.0,224.0,0,-152924.77834801408,-27279.176817874635
742724.0,903883.0,64702.0,96036.0,2202,1657,0,171,919897.0,730035.0,362470.0,305239.0,224.0,3,777982.6487643324,661103.4645493358
75428.0,97289.0,6938.0,8657.0,237,259,806,266,72839.0,66286.0,59688.0,52155.0,224.0,0,-60768.97576754565,37496.69782954667
2337.0,11835.0,1043.0,3775.0,1417,2118,2073,3296,5565.0,8515.0,310.0,324.0,224.1,0,-153558.34531411534,-29819.61096594849
70208.0,104023.0,9547.0,13658.0,328,308,10,37,81839.0,75411.0,52041.0,56055.0,224.1,0,-59377.72710659998,39303.65348112656
45176.0,68888.0,8520.0,14349.0,89,86,0,39,56158.0,53459.0,25532.0,32828.0,224.1,0,-94633.86783107772,10486.918340626817
3151.0,12772.0,1661.0,4301.0,2453,3177,3105,4038,7862.0,10028.0,446.0,1565.0,224.1,0,-151552.07868890505,-28550.361647920305
6093.0,17020.0,1889.0,5931.0,1783,2039,2208,2397,5984.0,6708.0,2329.0,2372.0,224.2,0,-150242.21281092393,-29154.055354415905
12916.0,20612.0,1443.0,2579.0,4865,5357,5622,5827,14336.0,15397.0,2228.0,3615.0,224.2,0,-143859.83530288664,-23874.052982149733
7972.0,11732.0,827.0,2271.0,2729,2776,3643,3756,9780.0,10017.0,2497.0,2147.0,224.3,0,-148457.30818828993,-26172.2873789625
7229.0,16692.0,2044.0,4992.0,2419,2856,2635,2962,7242.0,8059.0,1207.0,1898.0,224.3,0,-149574.8286120345,-29076.179124713333
2515.0,6317.0,1958.0,2849.0,1151,1035,1963,1904,4809.0,5185.0,1260.0,1447.0,224.3,0,-152702.64496798348,-30304.830931459062
93676.0,155095.0,6526.0,11538.0,297,209,0,117,89142.0,73157.0,41757.0,33221.0,224.4,0,-55241.49512601123,36312.986307032654
14115.0,22923.0,1184.0,3351.0,3570,3469,4581,4576,11940.0,12956.0,2830.0,4708.0,224.4,0,-144271.7902901371,-24877.663174541103
10390.0,25959.0,2226.0,4887.0,6056,7232,7894,8971,19912.0,21056.0,3267.0,3958.0,224.5,0,-141407.4861576875,-20180.49513572853
23583.0,34349.0,5372.0,8456.0,488,301,4,15,23195.0,21611.0,9798.0,13378.0,224.5,0,-128774.07633855689,-16699.06013940744
7399.0,18970.0,3105.0,5607.0,3660,4067,4407,4522,12448.0,12833.0,860.0,2351.0,224.5,0,-146491.36001442824,-26531.4543146816
7879.0,15220.0,2188.0,3904.0,3419,3443,4249,4324,12543.0,13169.0,1708.0,2724.0,224.5,0,-146525.8762242462,-25511.346352569864
10621.0,17015.0,2846.0,4908.0,2853,2652,4117,4078,12344.0,12764.0,2164.0,2021.0,224.6,0,-144960.26825122215,-26149.791187656818
3672.0,5819.0,1359.0,3979.0,2033,2300,2432,2557,6626.0,7199.0,2151.0,1789.0,224.6,0,-151448.744404035,-28425.98290053191
75147.0,109103.0,4344.0,6418.0,336,244,484,207,65460.0,59310.0,54277.0,47035.0,224.6,0,-68646.00158957431,31384.94854424548
3547.0,10190.0,1448.0,3644.0,2018,2211,2874,2927,7270.0,7729.0,591.0,2265.0,224.6,0,-151663.19540742924,-28643.672623234947
26629.0,40568.0,3783.0,5683.0,124,126,0,54,28762.0,24088.0,13515.0,16460.0,224.7,0,-124353.95267710432,-10324.9041883823
8867.0,18277.0,853.0,2313.0,1833,1793,4290,4698,10177.0,11074.0,1921.0,3347.0,224.7,0,-147956.00730176698,-26042.561554638287
24506.0,52745.0,3656.0,7966.0,160,72,348,153,28422.0,27839.0,21847.0,21091.0,224.8,0,-121803.78771699322,-6082.0311304986535
8325.0,15342.0,2585.0,4335.0,4058,3858,5559,5732,14975.0,14176.0,0.0,2676.0,224.8,0,-145605.99947488157,-24973.689542607885
124481.0,183696.0,15800.0,25422.0,346,318,40,75,76597.0,69512.0,63224.0,51211.0,224.9,0,-31681.88490541936,32451.47075864277
34312.0,46681.0,8850.0,12580.0,0,16,197,132,29687.0,26482.0,26970.0,23005.0,224.9,0,-111499.0159818344,-6723.834591110281
11534.0,16179.0,1986.0,3125.0,4834,4455,7201,6935,15071.0,14014.0,3683.0,3591.0,224.9,0,-143183.60918537428,-23049.97321452964
8234.0,23031.0,1541.0,4521.0,3134,3419,3690,4019,11106.0,12313.0,1961.0,2473.0,224.9,0,-147414.8114493966,-25972.00508450756
22770.0,44763.0,6548.0,10726.0,281,311,345,147,25842.0,25833.0,14456.0,18997.0,225.0,0,-124672.63217152376,-12853.635043791262
17321.0,31956.0,1575.0,4297.0,239,77,109,186,19452.0,19477.0,9363.0,13305.0,225.1,0,-135818.18354505498,-16468.640484222284
180886.0,269723.0,9171.0,13137.0,737,471,0,34,105973.0,96265.0,80716.0,80530.0,225.2,0,10243.134641466371,63566.19755950806
341380.0,482447.0,100334.0,142231.0,701,392,333,163,196577.0,172217.0,111383.0,94784.0,225.3,0,192887.9131320611,68344.65679579672
4674.0,9696.0,2832.0,5122.0,3037,3370,3705,4068,11862.0,13051.0,589.0,1546.0,225.3,0,-148264.00861469327,-26797.527195083298
41806.0,67156.0,4327.0,6922.0,526,203,0,26,39339.0,35261.0,22209.0,27017.0,225.4,0,-108451.4238685406,376.8149420910522
11041.0,21383.0,2252.0,4170.0,4593,4463,5549,5723,13911.0,12784.0,2303.0,2914.0,225.5,0,-144322.2028908492,-24609.809330582066
390.0,1936.0,1026.0,5699.0,34,0,147,61,1661.0,4604.0,15754.0,28386.0,225.5,0,-146887.71741072743,-21170.282099585274
746906.0,1004810.0,281349.0,382528.0,613,593,411,189,288353.0,246328.0,149096.0,137297.0,225.5,0,544625.8487841499,9019.658675905648
42297.0,60862.0,13765.0,22355.0,55,198,0,64,45402.0,39779.0,39909.0,30269.0,225.5,0,-92057.43684896771,6202.226670670392
2226.0,13617.0,631.0,3135.0,1393,2616,1748,3409,4144.0,8224.0,240.0,359.0,225.5,0,-154550.8047608306,-30476.707558920527
1130.0,5470.0,0.0,495.0,566,1758,886,2529,2411.0,6559.0,144.0,427.0,225.5,0,-156246.43357557344,-31135.77502131632
1977.0,12714.0,0.0,449.0,814,1948,962,2896,2034.0,5629.0,1007.0,2128.0,225.5,0,-155535.46762121748,-30794.112037546547
3163.0,10850.0,441.0,1716.0,1680,2572,2265,3772,4488.0,7251.0,0.0,43.0,225.5,0,-154270.4170644597,-30351.241539400955
8078.0,13706.0,1127.0,3153.0,2263,2363,3743,3775,10581.0,10501.0,2183.0,2602.0,225.5,0,-147904.93324282786,-25919.167848456294
23922.0,37691.0,2305.0,3944.0,0,19,342,132,26799.0,25928.0,18328.0,20561.0,225.5,0,-125073.59967024924,-7783.5870229226275
37765.0,68732.0,8496.0,10031.0,4,102,0,39,28847.0,25958.0,22379.0,17293.0,225.6,0,-113124.35062740024,-10100.669796418202
18938.0,23747.0,5980.0,9950.0,2065,1846,5724,5701,14509.0,14268.0,3651.0,4672.0,225.7,0,-137530.04667021128,-26235.124649347206
2466.0,14141.0,983.0,3551.0,1018,1466,1419,2180,3825.0,6059.0,790.0,1396.0,225.7,0,-154020.50371954328,-30518.253688056764
1665.0,5135.0,1000.0,4929.0,782,1630,867,1832,2208.0,4587.0,1175.0,1476.0,225.7,0,-154914.79466435942,-31325.993506296734
6436.0,14201.0,1707.0,4724.0,2859,3103,3737,4030,9893.0,10233.0,2999.0,2543.0,225.7,0,-148191.97578685646,-26279.20446054813
3475.0,13806.0,686.0,1956.0,1568,2576,1833,3185,4268.0,7505.0,1222.0,1645.0,225.7,0,-153420.0420012192,-29895.51417062315
8807.0,10222.0,1622.0,4281.0,2174,2224,2761,2983,8007.0,8507.0,2411.0,1688.0,225.7,0,-148457.74507268614,-27958.08219839075
124126.0,154047.0,18657.0,25891.0,503,309,0,194,137949.0,117721.0,60330.0,44788.0,225.7,0,-4074.931729993026,67227.02319316432
2502.0,15300.0,367.0,1472.0,185,125,225,190,5351.0,10250.0,4928.0,9449.0,225.8,0,-151201.95412475828,-26142.401054855072
759.0,3138.0,326.0,2336.0,225,155,218,202,6293.0,9930.0,5700.0,8650.0,225.8,0,-151335.3549969207,-25212.12834433003
622202.0,802999.0,121933.0,172226.0,991,736,677,273,733906.0,609406.0,292109.0,260971.0,225.8,3,652738.8277092332,478780.7868871644
7101.0,17977.0,686.0,3495.0,2705,2892,4063,4594,11028.0,13515.0,1619.0,3176.0,225.8,0,-148542.28231775254,-25440.325531785824
1173.0,4936.0,542.0,2044.0,103,169,146,116,1827.0,4581.0,11221.0,29464.0,225.8,0,-148362.9993640383,-22541.454147698867
37697.0,60244.0,5954.0,11164.0,40,122,124,121,33395.0,33210.0,15195.0,30767.0,225.8,0,-113805.86264215624,-6476.456228331961
38434.0,54513.0,6430.0,11955.0,354,192,241,156,24438.0,21804.0,16181.0,17944.0,225.8,0,-118468.78020096871,-14130.711441331589
642.0,3622.0,3.0,353.0,98,0,187,103,2461.0,4740.0,2093.0,4069.0,225.8,0,-155244.15239006723,-29673.294036549985
2494.0,7535.0,518.0,1806.0,0,0,73,0,7498.0,7213.0,1768.0,2175.0,225.8,-1,-152220.2700259856,-27371.4824153278
476594.0,618901.0,63521.0,89871.0,744,422,71,142,579185.0,455594.0,288208.0,236749.0,225.8,3,478519.4011986865,421563.9865494669
239324.0,346829.0,31946.0,49521.0,384,369,0,40,237884.0,189886.0,91325.0,78647.0,225.9,0,113046.83320198485,133023.85147387726
3636.0,6379.0,928.0,3331.0,0,151,188,110,22830.0,13064.0,2073.0,2178.0,225.9,0,-144443.07408785156,-17881.510055166837
3041.0,11905.0,176.0,1495.0,61,0,179,72,4095.0,8092.0,1509.0,2306.0,225.9,0,-153843.9837913327,-29432.64355452793
701313.0,754681.0,191438.0,263556.0,3340,2587,481,314,1309760.0,969529.0,493167.0,407391.0,225.9,3,1085445.5697243393,901963.1250207252
136850.0,204625.0,2919.0,5459.0,611,348,0,94,166297.0,144683.0,65056.0,59116.0,225.9,0,6602.083865204768,98487.18077841222
7219.0,15529.0,3022.0,6747.0,2253,1967,3409,3337,9266.0,8643.0,2298.0,1847.0,226.0,0,-147594.29899776092,-27958.229619388432
5935.0,11970.0,1129.0,2873.0,3606,3631,5736,6238,14840.0,15276.0,2554.0,3330.0,226.0,0,-146626.69240953366,-22812.17618398088
917.0,3459.0,877.0,2745.0,1815,2602,2249,3042,5537.0,7714.0,1155.0,1340.0,226.0,0,-153825.78729952537,-29123.11454789201
8028.0,21330.0,3304.0,6798.0,8447,8757,11407,12600,39321.0,32478.0,13509.0,13746.0,226.1,0,-127854.09892946835,-2557.153524605168
12700.0,22589.0,1726.0,4752.0,2699,2707,3348,3450,9959.0,10498.0,2062.0,2786.0,226.1,0,-145899.82051968374,-27011.4388504904
51846.0,79084.0,26793.0,43704.0,300,135,207,140,49715.0,47959.0,37650.0,35041.0,226.1,0,-77435.71572852008,-52.44213500271144
19453.0,19274.0,3934.0,6700.0,6337,6817,8726,8884,23651.0,23447.0,4951.0,4749.0,226.2,0,-134107.81578861587,-18642.41715193657
23851.0,37937.0,3536.0,3843.0,5019,4530,6080,6408,17060.0,16613.0,5001.0,4302.0,226.2,0,-135597.2602441967,-22901.63286166433
51110.0,81623.0,20567.0,36697.0,0,55,153,161,42039.0,41310.0,28739.0,34984.0,226.2,0,-88793.63585468859,-4697.212697833889
5928.0,11778.0,1222.0,2695.0,2160,2469,3367,3691,7881.0,8653.0,1839.0,2326.0,226.3,0,-150099.53351640172,-27735.687747221607
4751.0,14791.0,2355.0,5360.0,1713,2024,2736,3069,7095.0,8658.0,1021.0,1706.0,226.3,0,-150535.47719823115,-29311.35927311972
10199.0,23688.0,5307.0,11469.0,1109,992,3004,3239,7774.0,8736.0,2195.0,2714.0,226.3,0,-145400.1415371529,-30433.90726719589
805220.0,972742.0,494058.0,648061.0,2512,1991,687,342,309844.0,251252.0,199923.0,135990.0,226.3,3,743682.9928961463,-93610.43290019396
39884.0,69568.0,9811.0,16420.0,151,101,506,269,37502.0,35047.0,28886.0,28695.0,226.4,0,-103603.63283940108,-1030.2880759991567
14278.0,23736.0,2530.0,4792.0,5950,6662,8115,8429,20786.0,20002.0,3566.0,3873.0,226.4,0,-139111.6836070113,-19958.97633976041
2032.0,7062.0,932.0,2086.0,1224,1945,1893,2769,5067.0,6821.0,957.0,1178.0,226.4,0,-153638.39192607006,-29636.70003005896
9370.0,15156.0,2169.0,3486.0,2186,2028,3258,3035,8850.0,8936.0,3172.0,4494.0,226.4,0,-146833.366155407,-27034.26367177716
7598.0,13224.0,1570.0,3388.0,3527,3611,4461,4801,12408.0,13845.0,2478.0,4033.0,226.4,0,-146678.5163582845,-24656.858658345824
41326.0,63496.0,38116.0,60761.0,3578,3187,7160,7174,18526.0,17255.0,7634.0,5596.0,226.5,0,-102766.7212680477,-43504.4488589184
11638.0,17113.0,2543.0,4745.0,2077,2250,3595,3922,9190.0,9397.0,1242.0,1805.0,226.5,0,-146544.86572643375,-28441.976889300862
75999.0,105294.0,6189.0,7501.0,351,223,0,135,70120.0,63251.0,60457.0,52870.0,226.6,0,-61904.775075804704,36646.07710897374
10139.0,15342.0,4214.0,8344.0,2498,2493,3299,3448,8205.0,8387.0,2807.0,2266.0,226.6,0,-145812.4646347188,-29286.861329043106
1664.0,9667.0,508.0,2351.0,876,1820,1094,2627,3291.0,8020.0,767.0,1836.0,226.6,0,-154871.31765526792,-30445.240440226404
4392.0,10255.0,3185.0,6576.0,1372,1366,2060,2274,6385.0,6059.0,779.0,2282.0,226.7,0,-150447.5478776671,-30268.46738819976
7886.0,13339.0,1555.0,3585.0,2612,3585,3244,4541,7595.0,9533.0,1652.0,1431.0,226.7,0,-149377.9062204775,-28475.611471272223
31930.0,51295.0,3505.0,5054.0,7449,7260,10138,10000,30511.0,29426.0,4747.0,6061.0,226.7,0,-126107.13562667312,-14719.113031502624
7570.0,14290.0,2724.0,4001.0,3705,3836,4656,4983,10116.0,10516.0,2420.0,1211.0,226.7,0,-147303.66097631387,-27305.65862908291
7991.0,20267.0,1948.0,3176.0,3427,3585,4974,5650,14294.0,14600.0,1993.0,3765.0,226.7,0,-145618.72444785363,-23972.45244814232
113632.0,175358.0,23043.0,37224.0,569,261,5,81,96186.0,92013.0,61427.0,71638.0,226.7,0,-20373.60544223836,43518.82246264414
1606.0,8936.0,585.0,3564.0,1218,2935,1183,2703,3284.0,8556.0,449.0,1428.0,226.8,0,-155013.0801916049,-30693.23261329872
1309570.0,1490340.0,1739220.0,2253990.0,3346,2244,1195,797,623709.0,463609.0,223690.0,171290.0,226.8,3,1964827.728069572,-694048.5818690285
24548.0,38186.0,3040.0,5530.0,626,303,0,0,25278.0,23086.0,12777.0,19088.0,226.8,-1,-127234.86895705192,-11808.939880534876
1058.0,6427.0,274.0,1798.0,85,0,139,1,2262.0,4409.0,1289.0,2345.0,226.8,0,-155490.9929471496,-30610.43837643911
669.0,3574.0,78.0,794.0,128,8,127,18,3087.0,4763.0,454.0,615.0,226.8,0,-155940.38204092844,-30568.55080905985
2994.0,6100.0,0.0,1050.0,122,85,259,121,4610.0,7482.0,32028.0,49321.0,226.8,0,-136549.02359810125,-8642.149035365874
511933.0,678878.0,27145.0,40270.0,1742,1164,238,231,690120.0,560187.0,234249.0,211311.0,226.8,3,494757.61294153065,485522.9341449541
15746.0,27526.0,3031.0,5184.0,1609,1549,5339,5429,13492.0,14005.0,6395.0,6025.0,226.9,0,-140150.0971909657,-23451.2397410907
3572.0,11499.0,1277.0,3232.0,2482,3460,3172,4455,8048.0,10903.0,822.0,2687.0,226.9,0,-151280.32219587092,-27881.05795570253
2341.0,7365.0,1349.0,2524.0,1677,1953,2574,3155,6921.0,8353.0,793.0,2110.0,226.9,0,-152328.95618705594,-28664.347567510133
47497.0,78423.0,2198.0,3551.0,76,112,0,29,40521.0,37067.0,21631.0,29655.0,227.0,0,-106939.22140544512,2272.199092163286
99575.0,155734.0,32859.0,53026.0,107,301,0,85,108730.0,90229.0,93557.0,67747.0,227.0,0,-2331.6476300317154,59058.62835722086
2490.0,11618.0,774.0,3578.0,3080,3990,4035,5281,9393.0,12101.0,209.0,1126.0,227.1,0,-151885.45967233347,-27150.722251853644
78179.0,124793.0,7705.0,11833.0,251,246,0,70,17679.0,17049.0,12916.0,10932.0,227.2,0,-106450.5227984507,-24283.49423700725
45952.0,70305.0,2061.0,4295.0,348,200,301,140,41211.0,36618.0,29284.0,27458.0,227.2,0,-104807.75153029196,5754.003049465082
1539.0,4281.0,1325.0,3002.0,180,133,0,0,6892.0,6434.0,21911.0,21248.0,227.2,-1,-142482.97974133654,-16686.91277772533
3386470.0,1895020.0,5744890.0,3523550.0,15219,6165,2467,1358,5239360.0,2809840.0,4303680.0,1956700.0,227.2,2,9393709.513772167,1572981.1444034127
8301.0,15560.0,12887.0,24305.0,317,148,159,106,4644.0,4856.0,147.0,689.0,227.3,0,-143370.95916528732,-38238.97942947381
5566.0,9556.0,0.0,225.0,958,1755,772,2108,2546.0,5728.0,332.0,499.0,227.3,0,-154289.73491893502,-31248.86400266895
8708.0,14221.0,4016.0,7095.0,3614,3924,5398,5347,13577.0,13856.0,2935.0,4020.0,227.3,0,-143839.41878137714,-25333.705344520407
21434.0,43471.0,2767.0,5354.0,119,181,190,68,25438.0,23688.0,11742.0,16526.0,227.4,0,-129327.29857757612,-12184.023888396268
4132.0,16726.0,398.0,2009.0,1766,3001,2157,3357,6438.0,9653.0,665.0,1651.0,227.4,0,-152575.54592670035,-28617.504083328477
86033.0,125860.0,11600.0,11349.0,182,135,384,141,70170.0,62609.0,43462.0,50367.0,227.4,0,-60624.55969144916,25096.629864991988
12195.0,26747.0,7863.0,12901.0,4079,4136,4625,4399,13973.0,12961.0,1524.0,2424.0,227.4,0,-140298.5837067327,-28575.62983346786
22751.0,36484.0,19172.0,29886.0,3412,3295,4135,4463,13384.0,12540.0,3615.0,3022.0,227.4,0,-127586.43766332172,-35761.413335879435
10509.0,15014.0,810.0,2127.0,2802,2431,3992,4269,12955.0,12350.0,3093.0,4521.0,227.5,0,-145478.23851453594,-23687.1517261873
82279.0,112632.0,5935.0,10568.0,508,493,182,200,73644.0,65446.0,62540.0,50382.0,227.5,0,-57464.77175619222,39100.618526667065
2508.0,8004.0,1019.0,2929.0,4122,4734,5101,6036,10238.0,11998.0,326.0,1297.0,227.5,0,-151259.4928190927,-26693.24968282439
124363.0,187679.0,21347.0,30836.0,0,52,210,93,122388.0,107208.0,47660.0,49374.0,227.5,0,-13232.685676110326,51104.42392405275
2413.0,11992.0,1064.0,3813.0,2404,3248,3036,4150,8042.0,11420.0,685.0,1233.0,227.6,0,-152139.3700517869,-27966.89563137548
4391.0,13192.0,1984.0,3971.0,1634,1853,2293,2552,5812.0,6287.0,912.0,1943.0,227.7,0,-151528.52212487304,-29874.94071989101
284891.0,387071.0,122381.0,181861.0,237,198,118,186,173119.0,149669.0,87530.0,82142.0,227.8,0,164002.83043025198,31304.13556870589
6815.0,8814.0,954.0,2411.0,394,178,515,233,11673.0,9858.0,5001.0,2148.0,227.8,0,-147074.96981651257,-23934.53559235031
779581.0,949491.0,81769.0,117204.0,1966,1778,472,256,1194800.0,938816.0,501957.0,408133.0,227.8,3,993271.860865071,896852.0578734969
6021.0,7482.0,1732.0,3508.0,2280,2665,3506,3784,9900.0,9590.0,2102.0,1905.0,227.8,0,-148754.74320362185,-26742.335495394596
844013.0,908422.0,791028.0,914219.0,2377,1760,879,466,360253.0,288955.0,185269.0,138852.0,227.9,3,982327.4676804096,-256394.71352409545
1772.0,5303.0,1807.0,6263.0,940,1663,1336,3010,3936.0,8046.0,1426.0,2069.0,227.9,0,-153366.1683708361,-30545.55772615379
1574.0,5314.0,351.0,3499.0,616,1519,1056,2754,3130.0,6770.0,121.0,661.0,227.9,0,-155476.67395570737,-30902.124062613817
4895.0,17408.0,1697.0,4169.0,5330,6771,7830,9844,20604.0,25930.0,1600.0,3876.0,228.1,0,-144338.40866040444,-19765.904634484275
9492.0,27429.0,1711.0,4706.0,2388,2077,3529,3872,18804.0,17691.0,3201.0,7047.0,228.1,0,-142278.1663818277,-20038.57743491032
1280.0,8455.0,279.0,1484.0,59,0,89,0,1460.0,4329.0,8145.0,24846.0,228.1,-1,-150386.32987739836,-24646.10183068508
76804.0,128764.0,10821.0,18385.0,415,347,0,26,38851.0,37669.0,21149.0,33198.0,228.1,0,-89464.99154271607,-5735.986595137278
36586.0,61057.0,6205.0,9205.0,203,131,440,200,44852.0,38635.0,28731.0,27788.0,228.2,0,-104302.67704998577,5884.441624391908
36041.0,63033.0,8544.0,13875.0,261,497,367,160,46697.0,44599.0,26896.0,37345.0,228.3,0,-101548.48784195588,6381.502668664001
40106.0,81754.0,70692.0,115030.0,4496,4752,6378,6392,15613.0,16458.0,3764.0,2938.0,228.4,0,-83846.47282477847,-67772.28142870784
53274.0,83577.0,8927.0,12848.0,227,217,89,57,43341.0,37611.0,38169.0,31740.0,228.5,0,-92288.06221032588,6729.217321721855
6822.0,18340.0,1807.0,5700.0,1930,2113,2795,2978,8807.0,9356.0,877.0,2017.0,228.5,0,-149307.2828622546,-28029.990483184745
4015.0,10991.0,2236.0,5303.0,3195,3875,3740,4693,8894.0,10927.0,1409.0,1428.0,228.5,0,-149995.38419847089,-27932.031852068874
5242.0,15850.0,1553.0,3492.0,1813,2356,2464,3189,6571.0,8580.0,589.0,2610.0,228.6,0,-151169.79686590843,-29207.982242038182
2196.0,13292.0,568.0,2173.0,390,1327,564,1758,1470.0,4149.0,155.0,305.0,228.6,0,-155854.01776627492,-32172.21302519835
8364.0,11840.0,1489.0,2845.0,2021,2321,3361,3310,9341.0,9527.0,2427.0,1855.0,228.6,0,-148102.1989789223,-26967.258151511694
12748.0,26300.0,14606.0,28721.0,1718,1644,3307,3750,9053.0,9031.0,2731.0,2659.0,228.6,0,-137165.44465207015,-35412.78754126115
5530.0,15963.0,1962.0,4890.0,1942,2300,3045,3229,7869.0,8329.0,240.0,1518.0,228.6,0,-150450.00108479563,-28983.20425122889
35867.0,61686.0,11756.0,19863.0,320,273,223,82,45322.0,42632.0,31423.0,30894.0,228.6,0,-99165.95962391904,4370.6800546529885
2595.0,8876.0,205.0,1270.0,59,59,144,55,7286.0,6880.0,740.0,711.0,228.7,0,-153053.4147040249,-27982.99886961552
475297.0,610550.0,41866.0,54986.0,1396,1042,333,227,565102.0,421021.0,238021.0,169210.0,228.7,3,429631.8406955116,394441.8541992341
9877.0,12705.0,4487.0,8310.0,1254,1523,2790,2768,7345.0,7227.0,2339.0,3093.0,228.7,0,-146190.59076413076,-30048.79357027685
7038.0,15604.0,9767.0,22211.0,2878,4143,3752,5197,8919.0,12373.0,2061.0,2629.0,228.8,0,-143153.7719962776,-32374.24563990132
2616.0,6634.0,2344.0,12114.0,641,2241,891,2812,1731.0,6529.0,430.0,708.0,228.8,0,-154184.51853753813,-32968.87818902631
740781.0,728612.0,3243360.0,3010600.0,3164,1578,816,426,570020.0,452812.0,335430.0,254892.0,228.8,3,2798210.823118073,-1575073.3927369113
66686.0,101821.0,8672.0,13296.0,119,228,26,203,55519.0,50139.0,32001.0,32734.0,228.8,0,-83632.64091132427,11288.957949409723
2078.0,5134.0,2159.0,4217.0,2178,2637,3324,4114,9440.0,11067.0,2839.0,3171.0,228.8,0,-149850.48639505508,-26532.94612867639
10009.0,18213.0,3615.0,6448.0,4158,4686,5950,6213,13904.0,14669.0,15.0,2846.0,228.9,0,-144660.17696371104,-26372.54094621785
9107.0,15595.0,1649.0,3134.0,1819,1884,2474,2347,7150.0,6539.0,1083.0,1527.0,228.9,0,-149214.191305526,-29119.843927458474
65235.0,97962.0,2219.0,5334.0,396,246,215,142,51262.0,45889.0,38655.0,37813.0,229.0,0,-87504.01185066055,16350.400362434022
30789.0,45273.0,3807.0,6093.0,0,80,313,137,30326.0,28592.0,23436.0,24740.0,229.0,0,-117221.081287968,-4128.865733655461
15219.0,33957.0,2633.0,3540.0,1463,1401,4312,4411,12790.0,13293.0,5097.0,4207.0,229.0,0,-141667.58423592692,-24449.70548369469
6795.0,15888.0,1316.0,2345.0,2323,2529,3187,3639,9560.0,10401.0,2760.0,2563.0,229.1,0,-148552.66492006698,-26365.529010799622
10319.0,19149.0,3759.0,5089.0,5863,6300,7114,7469,16306.0,16542.0,2587.0,2200.0,229.1,0,-142478.05861043726,-23987.50111903812
9607.0,13495.0,1496.0,2765.0,2423,2324,3308,3426,17858.0,15110.0,5520.0,7228.0,229.1,0,-141927.5276007913,-19507.65157054088
60986.0,82637.0,10834.0,18643.0,269,189,0,47,59965.0,52777.0,36005.0,42758.0,229.1,0,-79725.02927076521,16401.751128682165
11171.0,20612.0,3615.0,5257.0,6896,7075,9403,9519,19462.0,19239.0,4614.0,4284.0,229.1,0,-139789.2360418394,-20767.43269318215
31474.0,45545.0,7470.0,9705.0,239,288,604,325,34923.0,33466.0,25312.0,30147.0,229.2,0,-110962.1682764441,-1911.1197027670896
15592.0,31629.0,4555.0,8566.0,2180,2047,5206,5253,15704.0,16933.0,2028.0,4922.0,229.2,0,-139913.4018778247,-25009.67197935945
19767.0,29838.0,3553.0,4691.0,4704,4651,6661,6770,19054.0,18532.0,3063.0,4188.0,229.2,0,-137088.65554293987,-22215.970630796604
7095.0,12210.0,2696.0,3964.0,1490,1610,2174,2210,6280.0,6161.0,1578.0,1250.0,229.2,0,-149560.76185269092,-30033.696526231484
91647.0,120118.0,16961.0,24510.0,155,123,342,158,55421.0,49575.0,50097.0,35767.0,229.2,0,-60668.69418911093,12481.38675866454
3709.0,13324.0,101.0,1698.0,2954,3281,3566,4204,9551.0,11097.0,1606.0,1680.0,229.3,0,-151195.09697843058,-26033.424671655463
7711.0,16540.0,944.0,3456.0,4580,5251,5815,6169,12556.0,12936.0,1480.0,2324.0,229.3,0,-147577.99466474884,-24868.315395013586
2390500.0,1391210.0,11561700.0,9494200.0,14700,5924,4603,1854,454320.0,286385.0,278494.0,145889.0,229.3,4,9131300.10906637,-7019330.206442966
6607.0,13306.0,3230.0,8167.0,2563,2886,3681,4128,9018.0,10027.0,2078.0,2836.0,229.3,0,-147768.2804307869,-28139.059119442183
9993.0,12448.0,1344.0,1745.0,2226,1688,2862,2785,7532.0,6964.0,1080.0,1456.0,229.4,0,-148898.44642697857,-28756.48055643668
8105.0,17894.0,2583.0,5936.0,4942,5318,6557,6844,14488.0,13918.0,3010.0,2675.0,229.4,0,-144803.07729997317,-24001.59102874709
12200.0,21579.0,2859.0,5038.0,6377,6751,7016,7709,18468.0,18829.0,4011.0,3280.0,229.6,0,-140691.58610020092,-21407.53788615052
10517.0,15040.0,4310.0,6206.0,9501,9790,11082,11396,24527.0,23807.0,1883.0,1955.0,229.6,0,-138587.89834094094,-19476.718446766958
12924.0,15271.0,2382.0,3345.0,2893,2441,3617,3423,9924.0,9094.0,2114.0,1676.0,229.6,0,-145491.13681347718,-27615.829435172564
5982.0,12497.0,4080.0,9095.0,1268,1197,3643,3915,8746.0,10031.0,1100.0,3330.0,229.7,0,-147861.33144134175,-29134.154725117085
1212.0,4894.0,861.0,3131.0,982,1383,1470,2123,4377.0,6384.0,547.0,1099.0,229.7,0,-154496.65890323222,-30160.623288227776
33559.0,58251.0,12292.0,19768.0,0,0,0,74,38222.0,34240.0,23494.0,25948.0,229.7,0,-106493.903350617,-4426.086851359756
11936.0,22683.0,2866.0,4608.0,3288,3112,4612,4684,13140.0,13776.0,3595.0,3055.0,229.7,0,-143388.7358700866,-24977.30863799335
31348.0,46607.0,11428.0,19170.0,393,212,80,149,29896.0,28984.0,12216.0,20343.0,229.7,0,-116618.85333714564,-14636.266896119134
8908.0,23579.0,1809.0,4479.0,2455,2654,3677,3895,11165.0,12292.0,2301.0,4340.0,229.7,0,-146567.29188025766,-25703.916925185506
7277.0,9598.0,2487.0,4564.0,3600,3661,4813,5125,13308.0,14201.0,1158.0,1606.0,229.8,0,-146564.1695719008,-25585.271016051225
9682.0,15895.0,2554.0,3094.0,2229,2251,3620,3727,10136.0,10260.0,2119.0,2521.0,229.8,0,-146497.31831744648,-27240.80257575019
98095.0,150779.0,6495.0,9474.0,581,284,43,100,70410.0,63967.0,63375.0,51144.0,229.8,0,-51654.63397382799,36148.67993795176
3267.0,9124.0,1282.0,3961.0,1761,2540,2214,3018,5716.0,8410.0,839.0,1922.0,229.8,0,-152546.28912759226,-29456.154956843387
16839.0,36503.0,2677.0,4300.0,4257,4485,5751,5717,18573.0,19337.0,3899.0,5506.0,229.8,0,-138636.6038433451,-21219.309989160283
43364.0,63892.0,7878.0,12212.0,354,177,406,148,50623.0,45855.0,35309.0,30958.0,229.9,0,-94941.53537594972,11311.164868820011
26002.0,22958.0,648.0,3020.0,7034,7424,8971,8732,25752.0,22875.0,5895.0,4588.0,229.9,0,-132418.0182080806,-15306.29180389022
105260.0,150326.0,32157.0,48505.0,287,171,696,231,108906.0,96906.0,90449.0,74573.0,229.9,0,-692.2254448694875,59034.06141445588
1608.0,5198.0,164.0,1462.0,1046,1101,2470,2761,6679.0,7446.0,521.0,1157.0,230.0,0,-153778.89907158256,-28292.53047145517
101250.0,157845.0,4679.0,8967.0,133,235,184,126,87449.0,83068.0,54127.0,67782.0,230.0,0,-45246.74060147873,46647.60523049699
14954.0,26441.0,3072.0,5279.0,1546,1120,3829,3907,10004.0,10443.0,2870.0,5240.0,230.0,0,-143420.69717077247,-27239.52255384701
188721.0,160450.0,58510.0,76088.0,0,169,632,159,53243.0,45820.0,49828.0,33429.0,230.0,0,6400.921558332746,-21777.24148040393
5488.0,11554.0,638.0,1608.0,2604,2130,3220,3123,7688.0,6864.0,1485.0,2639.0,230.1,0,-150860.30731883633,-27561.50580514317
91992.0,146845.0,31340.0,48910.0,390,327,219,95,51779.0,44215.0,41287.0,34847.0,230.1,0,-55606.738074674286,-2716.2102501589616
3618.0,9091.0,1694.0,4404.0,2344,2776,3755,4690,11719.0,14609.0,1720.0,2289.0,230.1,0,-149037.0189613004,-25510.32274405399
480619.0,653171.0,249056.0,357907.0,876,788,436,268,198328.0,170800.0,110743.0,103166.0,230.1,0,354224.87987182755,-31892.363723804632
47984.0,60940.0,14588.0,22616.0,0,162,7,74,35204.0,32092.0,33833.0,22805.0,230.2,0,-96943.14513315308,-4879.3583655814
6215.0,17624.0,956.0,3229.0,2177,2438,3131,3403,7404.0,8057.0,764.0,1203.0,230.2,0,-150919.6111038576,-28520.809765605776
2796.0,9793.0,1362.0,3324.0,1794,2163,3156,3670,8347.0,9248.0,1086.0,2834.0,230.2,0,-151290.176966938,-27560.02686702342
25421.0,47102.0,2049.0,4402.0,4288,4417,5175,4972,14689.0,13629.0,3069.0,4660.0,230.2,0,-137720.63377468873,-24323.959785762177
2328.0,5896.0,760.0,1799.0,82,132,92,0,6996.0,6671.0,3108.0,3433.0,230.3,-1,-151693.5527986615,-27066.103033417232
600465.0,755659.0,46731.0,63307.0,1562,1333,398,174,725562.0,546516.0,260576.0,215005.0,230.3,3,570699.016217296,501522.32037898427
11602.0,24982.0,60093.0,105253.0,1773,1805,2495,2460,6243.0,6474.0,1079.0,2429.0,230.3,0,-108129.12963066758,-66405.21602225512
2831.0,15573.0,1112.0,3885.0,1900,3146,2277,3751,6114.0,10100.0,860.0,1607.0,230.3,0,-152694.46973408613,-29111.153121699
4561.0,14481.0,844.0,2084.0,288,273,387,254,13686.0,9846.0,2865.0,3145.0,230.3,0,-147829.2020862706,-23182.696925626344
3234.0,10396.0,209.0,942.0,276,276,247,136,2961.0,5382.0,836.0,1229.0,230.3,0,-154637.26713560332,-30638.167812884185
552075.0,675543.0,69228.0,96408.0,2072,1975,266,179,833960.0,652768.0,355119.0,260923.0,230.3,3,655979.7083948295,606119.5101806622
6384.0,14546.0,72.0,1660.0,306,150,105,66,4342.0,6829.0,26659.0,41374.0,230.3,0,-138217.16041657206,-12605.874210839174
53166.0,88013.0,3098.0,5951.0,360,336,119,80,52089.0,49322.0,23903.0,40039.0,230.3,0,-96629.78660395392,11272.82288311407
586.0,2523.0,605.0,2341.0,143,175,112,67,10437.0,12451.0,933.0,1565.0,230.3,0,-152000.10019209216,-25893.370467822995
1042.0,4538.0,200.0,1438.0,215,155,193,58,3969.0,5592.0,1958.0,2104.0,230.3,0,-154562.29764790888,-29241.58485272641
863310.0,1007870.0,119169.0,170975.0,2374,1932,280,231,1461260.0,1100220.0,487829.0,397999.0,230.3,3,1167019.3474347517,1028851.576742227
7772.0,10905.0,25331.0,111477.0,1327,1391,2135,2238,6077.0,6388.0,605.0,1051.0,230.4,0,-134128.57862894997,-44857.15218310702
130901.0,197527.0,7195.0,12272.0,296,172,119,106,111913.0,97954.0,34400.0,32921.0,230.4,0,-32022.426153834967,44736.57329494647
7764.0,17707.0,2454.0,5688.0,3922,4140,4871,5226,11751.0,12546.0,1331.0,2142.0,230.4,0,-146957.08327988902,-26422.183176586583
50001.0,80461.0,4691.0,6856.0,578,333,267,133,43932.0,41667.0,28220.0,32558.0,230.4,0,-99854.53464625742,5931.85951915666
10706.0,24147.0,1150.0,3189.0,4086,4237,5688,5995,14143.0,14281.0,1012.0,2316.0,230.5,0,-145668.77319594458,-24386.396471270265
71788.0,113228.0,21019.0,34381.0,59,20,237,127,76550.0,72771.0,45086.0,49231.0,230.5,0,-56622.08835027601,24641.64602737533
7643.0,16365.0,1505.0,3673.0,3581,3842,4630,4532,12427.0,13441.0,1590.0,2129.0,230.5,0,-147264.36179321885,-25284.780163511216
3766.0,13371.0,1357.0,4493.0,1710,2064,2616,2899,6453.0,7544.0,453.0,1469.0,230.6,0,-152157.19121710176,-29303.34846639696
6202.0,15429.0,1816.0,4415.0,2749,3067,4498,4651,12226.0,13385.0,224.0,1682.0,230.6,0,-148292.95551965653,-26157.99745922891
1959.0,8505.0,844.0,2611.0,1722,2269,2759,3915,6891.0,9410.0,1641.0,2216.0,230.6,0,-152520.97638038654,-27968.199735854894
5569.0,19715.0,1538.0,4264.0,2652,3232,3378,4039,7944.0,9943.0,0.0,302.0,230.6,0,-150933.22261248427,-28967.788244693515
25497.0,46987.0,947.0,1748.0,330,225,257,133,27749.0,25307.0,12654.0,20281.0,230.6,0,-127066.84842812974,-8858.929712665937
13968.0,11338.0,2180.0,4594.0,2287,2458,3655,3420,8692.0,9679.0,3051.0,2461.0,230.8,0,-145314.83329526064,-27816.06333627948
700991.0,894176.0,666542.0,957080.0,1283,1384,0,220,265132.0,225425.0,136586.0,125573.0,230.8,3,775260.7193159518,-251646.85608026665
5010.0,14463.0,1792.0,5006.0,2480,3047,3247,4398,10057.0,13219.0,2213.0,1781.0,230.8,0,-149031.13342746327,-26589.14749470044
994.0,6038.0,63.0,2511.0,701,1943,539,2052,1334.0,5609.0,380.0,605.0,230.8,0,-156634.7016854328,-31720.80232431016
104795.0,173329.0,6275.0,8605.0,710,345,45,77,100084.0,88300.0,73706.0,73912.0,230.9,0,-28995.51386982684,62602.42176820838
1995.0,4207.0,1345.0,2723.0,2038,1988,2581,2751,6882.0,7187.0,1536.0,2010.0,230.9,0,-152228.60740576958,-28368.584762104103
39968.0,51144.0,5865.0,7533.0,441,197,49,61,34090.0,31822.0,20838.0,19421.0,230.9,0,-111974.21951900783,-5582.323120639117
237606.0,325617.0,4555.0,7128.0,228,219,175,70,210487.0,176275.0,87048.0,81224.0,231.0,0,79823.79598402898,131629.34691092288
4593.0,7012.0,1215.0,3143.0,3409,3741,4748,5074,11020.0,10613.0,2085.0,2045.0,231.0,0,-149176.1333193128,-25599.465787385925
7638.0,14561.0,1594.0,3646.0,3956,3915,6045,6384,14251.0,15187.0,1036.0,2218.0,231.0,0,-146573.24119853898,-24402.184383270687
3298.0,6534.0,1265.0,2281.0,2488,2841,3637,4208,9745.0,10215.0,1319.0,2940.0,231.0,0,-150419.79585372866,-26532.49300740797
125930.0,197532.0,40012.0,63726.0,590,256,261,166,96868.0,80879.0,40033.0,38097.0,231.0,0,-15444.535466260277,18137.870140088224
43779.0,76156.0,3728.0,6950.0,402,152,13,104,32146.0,29991.0,13308.0,19098.0,231.0,0,-115585.5627717336,-8928.963510483685
77256.0,111939.0,5875.0,10006.0,547,280,238,92,71891.0,63168.0,55672.0,52006.0,231.0,0,-62682.77102990361,35735.23139002475
47641.0,69264.0,6210.0,8037.0,451,307,386,194,42156.0,38178.0,25960.0,23016.0,231.1,0,-102612.49364653556,1529.344177850824
7628.0,17735.0,2909.0,5970.0,3476,3323,4472,4710,12541.0,12841.0,1690.0,3878.0,231.1,0,-145992.09054371348,-25770.83313850337
55864.0,95557.0,19815.0,28126.0,460,183,479,163,60410.0,52096.0,52234.0,38399.0,231.2,0,-69980.39605618962,17488.579487606843
12437.0,18928.0,1630.0,4194.0,1894,2111,2849,2958,8712.0,9336.0,3569.0,2907.0,231.2,0,-146066.98058198256,-27071.267656254025
6616.0,16830.0,2679.0,5869.0,4360,4945,6201,7709,17210.0,20158.0,1235.0,3920.0,231.2,0,-144618.93335036383,-22789.3738024665
8171.0,12622.0,2410.0,3946.0,3008,3354,4295,4955,11247.0,12984.0,2795.0,2057.0,231.2,0,-146521.23656442488,-26139.610849862904
568.0,3615.0,0.0,216.0,436,1498,592,2149,1398.0,5313.0,243.0,681.0,231.2,0,-156865.2951002323,-31658.035159049527
9112.0,23722.0,858.0,3364.0,2613,2562,3801,3987,10023.0,10600.0,1232.0,1898.0,231.3,0,-148357.86884021544,-26682.475354124064
2703.0,9247.0,1455.0,4604.0,3389,4611,3257,3998,8557.0,10310.0,953.0,2035.0,231.3,0,-151315.69799677588,-27664.74961127705
1060.0,4631.0,878.0,4684.0,1034,2787,1404,3416,3306.0,7712.0,1319.0,2088.0,231.4,0,-154620.09373802258,-30356.134819003124
10715.0,19925.0,1735.0,3421.0,5882,5973,8197,8341,21341.0,21250.0,2812.0,4875.0,231.4,0,-141021.3061056308,-19032.707468432724
3124.0,9420.0,1982.0,3991.0,2237,2339,2637,2983,6551.0,7562.0,1705.0,1565.0,231.4,0,-151468.92774875395,-29051.70760669168
43869.0,76480.0,2030.0,3961.0,355,183,234,154,44054.0,40757.0,30356.0,33215.0,231.5,0,-103277.5572443632,9079.977053073442
78681.0,109899.0,3841.0,4867.0,738,396,99,106,59229.0,53382.0,49147.0,41627.0,231.6,0,-72931.2744157959,24509.616784028454
2865.0,10451.0,254.0,1144.0,269,189,127,0,3537.0,4162.0,3501.0,4536.0,231.6,-1,-153097.86000313464,-28628.192470237245
355751.0,503580.0,49108.0,75334.0,647,494,212,102,240269.0,216977.0,119576.0,120577.0,231.6,0,189377.33249718277,134774.51614606014
124475.0,193142.0,15467.0,21319.0,322,213,38,156,170120.0,137965.0,54592.0,60113.0,231.6,0,8186.727299204125,89600.19541696318
13563.0,35693.0,1524.0,5165.0,6159,6220,7574,7096,19029.0,17121.0,4915.0,3940.0,231.6,0,-140385.19384171706,-19816.49601765722
48992.0,76855.0,12745.0,19881.0,438,196,190,193,45211.0,43645.0,35347.0,34852.0,231.6,0,-91209.63394853196,5108.173350961519
2984.0,8208.0,1701.0,3739.0,2347,2661,2634,2937,7435.0,8348.0,764.0,2142.0,231.7,0,-151595.91374206892,-28609.60070124437
7541.0,13830.0,2489.0,4597.0,3379,3682,4700,4792,12180.0,11212.0,1032.0,1989.0,231.8,0,-146961.94507972046,-26308.37729138282
15937.0,29800.0,4389.0,9511.0,112,99,86,39,21785.0,22596.0,9589.0,17636.0,231.8,0,-132759.6118108879,-15880.352259744588
6747.0,12549.0,2622.0,3019.0,3929,4071,5995,6315,15092.0,15813.0,1550.0,2786.0,231.8,0,-145587.7411849646,-24151.207662035355
52184.0,90430.0,13035.0,21072.0,284,115,147,116,63924.0,57283.0,48087.0,45655.0,231.8,0,-75199.77827991355,23630.012866810917
9948.0,10406.0,2677.0,3351.0,4300,4265,5872,5738,14290.0,14065.0,1515.0,1988.0,231.8,0,-144713.51461856964,-25044.21289344401
7701.0,13862.0,2487.0,4045.0,4444,4851,5635,5679,15429.0,16025.0,0.0,2891.0,231.9,0,-145696.41604599415,-24550.199416768384
46422.0,74981.0,7633.0,10505.0,118,106,1,130,56655.0,53446.0,41451.0,44509.0,231.9,0,-87161.2502633565,19831.36341456828
39759.0,47906.0,8864.0,12259.0,148,91,83,21,37113.0,33832.0,32412.0,27683.0,231.9,0,-103311.30594058298,642.5365115482964
16526.0,18211.0,3247.0,6449.0,4338,4546,5897,5789,13868.0,14209.0,2254.0,1917.0,232.0,0,-141552.4501295771,-25797.6619036952
17314.0,16981.0,2102.0,3087.0,5703,5338,8137,8338,20797.0,19727.0,5153.0,4322.0,232.0,0,-137517.10810382216,-19142.377979134384
9043.0,20539.0,3027.0,6831.0,4252,5154,5789,6763,13740.0,15294.0,2135.0,3342.0,232.0,0,-144690.7027826231,-25075.59656786505
18595.0,28307.0,11367.0,16690.0,62,140,182,76,56020.0,50521.0,29873.0,35749.0,232.0,0,-101644.155888265,12630.380417281169
10036.0,15154.0,3905.0,5942.0,2154,2422,3153,3231,8640.0,9919.0,3539.0,2934.0,232.0,0,-145518.33604447884,-28396.8259335337
40661.0,53484.0,17846.0,29734.0,148,167,458,208,44111.0,39874.0,32448.0,29210.0,232.1,0,-93377.67747229771,-369.5055981562328
2006.0,8185.0,660.0,2162.0,1641,2237,2208,2989,4772.0,6423.0,196.0,225.0,232.1,0,-154369.79203876623,-30122.63105796864
115163.0,166898.0,9204.0,12156.0,46,138,431,238,89240.0,82827.0,83696.0,69215.0,232.1,0,-24523.308107427496,56672.80103008542
39176.0,54375.0,9265.0,15192.0,177,178,71,39,34214.0,32534.0,30137.0,27207.0,232.1,0,-105479.73617807396,-2435.354175467295
5052.0,10197.0,3407.0,5859.0,3428,3613,4477,4572,12417.0,12641.0,3148.0,4043.0,232.2,0,-146200.1885521118,-25356.17504061816
85920.0,121267.0,1491.0,4105.0,462,297,395,180,71372.0,69528.0,26020.0,50538.0,232.3,0,-73524.62601314412,24919.22770505559
7664.0,13625.0,933.0,3028.0,3684,3815,5342,5646,13674.0,12975.0,2230.0,3124.0,232.3,0,-146725.5621368148,-23708.736606152303
35483.0,53090.0,5848.0,11100.0,589,336,373,201,36052.0,35067.0,24610.0,25568.0,232.4,0,-110768.67808775988,-1469.7497959606917
5033.0,11749.0,2240.0,4177.0,2582,2914,3706,4290,8690.0,9833.0,1638.0,2129.0,232.4,0,-149496.03401349756,-27920.65182499167
27464.0,46296.0,4234.0,6762.0,168,138,215,69,40518.0,37297.0,28691.0,28405.0,232.5,0,-111290.4352537418,5056.1398411537775
31800.0,48706.0,13301.0,21387.0,595,319,59,23,34984.0,32549.0,20128.0,31136.0,232.5,0,-108562.5091039786,-7572.715903632892
154507.0,208920.0,22438.0,33850.0,512,214,0,96,84511.0,74545.0,75037.0,70143.0,232.5,0,-4481.936652720266,39331.374336337976
6569.0,15470.0,2109.0,4700.0,2977,3396,3847,4062,8829.0,8497.0,1634.0,2393.0,232.6,0,-148861.87078781484,-27809.65003167716
6733.0,17091.0,2073.0,4418.0,2180,3541,2757,4206,6250.0,8851.0,1488.0,1741.0,232.6,0,-150121.65303049973,-29596.16715764836
52709.0,86170.0,12038.0,19924.0,64,112,90,38,48184.0,44836.0,36433.0,32882.0,232.6,0,-88684.4938358208,7329.867694053511
10128.0,13588.0,1735.0,3629.0,2944,2455,3695,3325,10202.0,9469.0,0.0,2428.0,232.6,0,-147642.56142241255,-27618.3583696784
7028.0,13962.0,588.0,3749.0,2482,2804,3918,4246,10019.0,10896.0,1237.0,2261.0,232.7,0,-149351.99923305967,-26319.31261235099
9395.0,17017.0,2336.0,5057.0,2316,2372,2846,2999,8604.0,8249.0,0.0,1637.0,232.7,0,-148350.53340057356,-29086.86121623795
7408.0,20161.0,2109.0,4925.0,3844,4457,5869,6777,13463.0,15887.0,3637.0,3827.0,232.7,0,-145504.31257427944,-23859.517624184224
92897.0,112899.0,64420.0,94336.0,5012,4722,5970,5646,14920.0,15193.0,2657.0,3323.0,232.7,0,-67230.51914945048,-68107.53889064558
17079.0,34752.0,4603.0,9035.0,195,148,111,73,22232.0,22338.0,11476.0,18060.0,232.8,0,-131192.45995393337,-14946.46823220633
78333.0,111765.0,9525.0,13634.0,474,267,516,154,69191.0,58630.0,52394.0,44374.0,232.8,0,-63112.20296524193,29066.93196216423
7300.0,16465.0,2253.0,3815.0,6208,6357,8186,8162,20140.0,20426.0,4635.0,3577.0,232.8,0,-142094.03975298925,-19339.04151169933
497.0,3418.0,224.0,1138.0,104,23,439,842,2404.0,4614.0,39558.0,85731.0,232.9,0,-131031.87038694732,-1011.9148164726794
889643.0,796759.0,296848.0,417645.0,7301,4759,177902,113674,912229.0,556293.0,633715.0,386832.0,232.9,3,1105652.1571921995,628287.9428358169
86456.0,128833.0,9707.0,16830.0,532,286,39,53,64616.0,61949.0,44330.0,54322.0,232.9,0,-63442.032790336365,23743.77111379557
55022.0,83889.0,9344.0,15825.0,35,96,0,22,59826.0,55491.0,34348.0,45831.0,232.9,0,-83482.77502015117,17435.008609844208
2390.0,7550.0,1095.0,2727.0,1779,1744,2799,3404,6762.0,8014.0,0.0,1138.0,232.9,0,-152970.93103225596,-29096.88571745732
12316.0,23092.0,3685.0,6507.0,4373,4689,5982,6345,15300.0,15657.0,1734.0,3793.0,233.0,0,-142283.1651022792,-24810.58067175512
11436.0,26525.0,2176.0,3506.0,4236,4585,5661,6009,16156.0,17669.0,0.0,2655.0,233.0,0,-144084.14029925197,-24175.638862456864
12879.0,23215.0,3470.0,6894.0,4614,4663,6757,6680,18239.0,18597.0,4150.0,3102.0,233.0,0,-140070.2960624388,-21949.41475478066
12251.0,15766.0,0.0,1644.0,2886,2906,3771,3843,11353.0,11402.0,4278.0,3470.0,233.0,0,-145741.99491588818,-23976.7671304511
11012.0,12863.0,183.0,2427.0,3662,3782,5181,5154,14143.0,14449.0,5596.0,3902.0,233.0,0,-144320.72596740656,-21622.02260162304
183736.0,268956.0,46075.0,68453.0,471,469,141,193,133256.0,115339.0,61240.0,56341.0,233.1,0,38950.53620767861,45408.335016722645
7604.0,24237.0,2331.0,4724.0,2838,3356,3722,4412,10849.0,12951.0,65.0,1820.0,233.1,0,-148025.96204585733,-27489.58188015529
33404.0,54363.0,8314.0,13598.0,499,335,291,122,27181.0,27266.0,14818.0,22287.0,233.1,0,-117944.9071580416,-13127.24621034808
2140.0,14098.0,714.0,4925.0,740,1179,1005,1918,2469.0,4812.0,158.0,343.0,233.2,0,-155318.5107533616,-31620.482149356416
203034.0,306015.0,31960.0,50532.0,0,96,630,275,221613.0,190348.0,89949.0,74314.0,233.2,0,89804.44912853275,123814.68591202411
9547.0,15280.0,4497.0,6391.0,6135,6383,8276,8314,20791.0,21859.0,2894.0,3621.0,233.2,0,-139967.7286046427,-21205.49562160325
44492.0,72864.0,10218.0,17842.0,387,246,16,11,47897.0,47597.0,20151.0,31647.0,233.2,0,-99599.97885421728,1794.4235669679438
96090.0,149671.0,30990.0,46626.0,0,55,305,119,83391.0,77043.0,53127.0,60031.0,233.3,0,-32368.17530190658,26235.162489610186
207829.0,313826.0,35122.0,49960.0,0,125,0,70,182896.0,149457.0,92620.0,78771.0,233.3,0,78045.40277385485,98872.49127331284
1689.0,7447.0,1723.0,3910.0,832,1463,1641,2585,5184.0,9061.0,2011.0,3163.0,233.4,0,-152541.28290117503,-29276.483145719216
1067.0,4474.0,501.0,1924.0,251,535,507,1338,1188.0,4279.0,208.0,471.0,233.4,0,-156449.61315614593,-32186.21813963056
16053.0,22521.0,4626.0,7568.0,3087,2893,4886,4940,13580.0,13347.0,4080.0,3545.0,233.4,0,-140048.18825384288,-25788.66831867488
6772.0,14365.0,3038.0,6965.0,3392,3626,4640,4999,13828.0,15280.0,3054.0,3530.0,233.5,0,-145213.9167215194,-24465.491656800437
46709.0,67792.0,3319.0,5231.0,101,190,153,129,48537.0,48194.0,20926.0,30932.0,233.5,0,-102972.60705933694,6597.42236354874
65017.0,88300.0,8895.0,12614.0,1108,382,563,161,49901.0,43978.0,40473.0,38933.0,233.6,0,-82782.11571137713,12255.444915403412
55974.0,88857.0,5676.0,7798.0,158,130,232,180,45182.0,36855.0,32402.0,30818.0,233.6,0,-94842.2232065946,7191.43489217012
16030.0,26373.0,2631.0,3776.0,5487,5497,7387,7355,20874.0,21112.0,2508.0,4457.0,233.6,0,-138603.4058555974,-20432.156461264
1556.0,5743.0,8182.0,21248.0,273,187,197,87,4947.0,5759.0,4930.0,6040.0,233.7,0,-146804.49768127286,-31789.26363529305
2443.0,8884.0,13272.0,21354.0,121,140,351,147,4215.0,4747.0,7584.0,5977.0,233.7,0,-142284.89758371163,-34401.38047098362
1499470.0,902079.0,4999170.0,3995640.0,9689,5105,3736,1802,509871.0,374336.0,249045.0,166701.0,233.7,2,4251300.003740568,-2815159.6566287256
87035.0,123734.0,19239.0,29255.0,83,189,0,67,78010.0,70820.0,79225.0,64213.0,233.7,0,-36457.52370346342,42420.11989398235
6427.0,12084.0,1402.0,3528.0,2651,2640,3532,3746,8530.0,9151.0,551.0,1819.0,233.7,0,-150016.38327744356,-28092.61851751475
560269.0,757029.0,253270.0,368295.0,897,632,425,267,272262.0,237759.0,179169.0,139738.0,233.7,0,452957.3181805269,41613.70942391093
4952.0,15024.0,1965.0,4640.0,1591,1970,2499,3078,8069.0,10123.0,585.0,1190.0,233.8,0,-150510.06301452583,-28729.94667141601
11135.0,25978.0,1944.0,4608.0,8308,8588,13926,14065,20205.0,21079.0,2230.0,6520.0,233.9,0,-141211.39975687984,-19878.12786379242
23090.0,40582.0,2859.0,6906.0,0,128,286,149,27360.0,25971.0,10010.0,14187.0,233.9,0,-128654.00059258836,-12235.965129614287
7902.0,16968.0,1472.0,4729.0,1611,1785,2663,3639,7172.0,9806.0,863.0,1323.0,233.9,0,-149927.16932480814,-29040.92355744003
11691.0,24862.0,3673.0,6181.0,164,165,0,39,23812.0,24570.0,14482.0,15499.0,233.9,0,-132543.31853215746,-12163.356668070042
26875.0,48736.0,6543.0,9708.0,191,120,70,48,35777.0,32409.0,26218.0,25109.0,233.9,0,-113403.68027202132,-919.8864209175844
42837.0,69866.0,6155.0,10264.0,285,218,278,167,47524.0,44469.0,28210.0,29588.0,233.9,0,-100537.58080202658,7268.858431302291
119898.0,187430.0,5367.0,6815.0,0,16,270,172,125373.0,105011.0,52268.0,47319.0,233.9,0,-23309.834647720592,64918.5438922793
10383.0,18088.0,3407.0,6539.0,2163,2328,2958,2932,7468.0,8070.0,1970.0,1544.0,234.0,0,-147003.38593023448,-29729.653791504275
18991.0,37888.0,2883.0,3483.0,6506,5684,8499,8154,23404.0,23006.0,4601.0,3227.0,234.0,0,-135455.53516489273,-18500.52369009772
1105810.0,805190.0,2583420.0,3030190.0,4000,1689,1337,551,289251.0,236592.0,177527.0,129789.0,234.0,3,2291306.800507128,-1448322.7760754495
1525.0,9354.0,1077.0,4594.0,690,1493,794,1968,1935.0,4792.0,548.0,1014.0,234.1,0,-155332.091893007,-31875.181900876443
5694.0,7546.0,2329.0,4653.0,3535,3395,4653,4934,12762.0,12871.0,2230.0,2801.0,234.1,0,-147021.4336356212,-25087.152439504676
81808.0,115921.0,20195.0,31926.0,22,106,478,178,83607.0,76207.0,58163.0,54614.0,234.1,0,-44399.914408725424,35321.458145749886
40143.0,53671.0,5338.0,9486.0,128,196,130,74,43937.0,41537.0,32378.0,29364.0,234.1,0,-102312.75793918523,7401.6237933531265
9529.0,16683.0,2276.0,5117.0,4584,4871,5814,5936,15624.0,15209.0,813.0,4149.0,234.2,0,-144546.0933877308,-23869.891633130297
223474.0,329003.0,20087.0,28999.0,206,317,0,121,135704.0,113304.0,58262.0,47066.0,234.2,0,36109.29912058529,57951.55846090034
701.0,4031.0,856.0,3357.0,1133,2433,1612,3484,4065.0,9177.0,979.0,1873.0,234.2,0,-154592.28976524522,-30015.851915992047
5332.0,12045.0,1397.0,4257.0,2449,2783,3434,3713,9054.0,10176.0,1199.0,1591.0,234.2,0,-150022.27121826162,-27451.7542075015
17458.0,36141.0,3912.0,7866.0,7962,8398,10428,11026,29043.0,29957.0,3235.0,5419.0,234.2,0,-133052.0262204911,-15699.556441435994
155868.0,231958.0,19187.0,30658.0,469,182,93,141,202564.0,168174.0,82072.0,76127.0,234.3,0,50403.241896209074,119838.9269805411
2771.0,10209.0,381.0,4151.0,43,46,158,39,1767.0,4332.0,9366.0,19065.0,234.3,0,-149845.44269637257,-25029.352095246177
70470.0,100547.0,38057.0,61086.0,290,119,295,191,61356.0,55181.0,42048.0,42720.0,234.3,0,-54188.853681977125,2103.733393472565
39920.0,54715.0,16096.0,24449.0,0,39,305,182,47827.0,44675.0,28839.0,26817.0,234.3,0,-94849.16336572704,1228.2693847292649
864.0,4269.0,1323.0,4313.0,3301,5245,4252,6793,10963.0,17417.0,0.0,0.0,234.4,0,-151683.0597467678,-26665.13301649748
1982.0,9778.0,877.0,3086.0,1019,3468,1483,4488,2816.0,10385.0,539.0,757.0,234.4,0,-154920.0737546667,-31265.93965994486
17906.0,34274.0,8605.0,17222.0,4969,4718,6749,6641,18685.0,17879.0,6719.0,4973.0,234.4,0,-133079.22251368733,-23840.106350851165
4191.0,11974.0,2044.0,5413.0,3351,3797,4220,5150,11210.0,13232.0,1243.0,2195.0,234.4,0,-148975.1996491612,-26304.119322512463
7672.0,15123.0,1232.0,3630.0,2329,2338,2819,3035,7153.0,8282.0,1907.0,2516.0,234.4,0,-149657.8318677054,-28258.02473744093
5433.0,18190.0,897.0,2874.0,2341,2682,3320,3847,8254.0,9099.0,170.0,1253.0,234.4,0,-151109.69330460654,-28136.4209768573
7164.0,23400.0,0.0,0.0,2624,3141,3828,4962,11973.0,16604.0,1985.0,3644.0,234.5,0,-148370.4649838384,-24188.03201909501
2038.0,9069.0,168.0,1323.0,1100,1955,1374,2868,5385.0,11190.0,0.0,247.0,234.5,0,-154491.9133917171,-29508.46615464762
9141.0,19914.0,2734.0,3961.0,3893,4461,5830,6192,14827.0,16167.0,1518.0,2700.0,234.5,0,-144672.44107198698,-24572.2481099573
24851.0,50702.0,2550.0,3898.0,157,192,152,99,33048.0,30895.0,14547.0,17572.0,234.5,0,-123479.71768508012,-6113.470174310914
14733.0,27415.0,3191.0,6450.0,0,148,169,112,18691.0,20290.0,8391.0,15994.0,234.5,0,-136124.54458325155,-17772.149322011282
35092.0,59474.0,18638.0,30344.0,1936,2056,4884,4941,13328.0,13256.0,3882.0,5187.0,234.6,0,-122556.86851772944,-35801.03021729601
49878.0,73667.0,7746.0,9736.0,0,62,276,117,56365.0,50965.0,45144.0,38320.0,234.6,0,-85217.66682674596,19909.554984616258
45252.0,75085.0,39219.0,64595.0,101,157,291,83,43133.0,39068.0,25180.0,27919.0,234.6,0,-80024.55678074351,-17962.069599291826
11156.0,12219.0,2799.0,3748.0,3707,3481,5167,4953,13062.0,12059.0,1693.0,1500.0,234.6,0,-144686.3580948239,-25980.55125103296
57160.0,95374.0,26793.0,43272.0,3653,3551,3842,3833,11867.0,11831.0,2646.0,3373.0,234.6,0,-109229.4484717282,-44092.57325334448
27700.0,50664.0,8064.0,14678.0,303,215,308,137,32082.0,30723.0,19108.0,23259.0,234.7,0,-116538.37063540246,-7544.508049322289
5646.0,12196.0,1807.0,4279.0,1706,1671,2344,2340,7129.0,7302.0,594.0,1686.0,234.7,0,-150692.68290614797,-29187.28107891457
16781.0,31356.0,4093.0,8015.0,321,153,136,69,16636.0,15206.0,13028.0,11890.0,234.7,0,-134395.97717484305,-18484.172546914764
4304.0,10053.0,3106.0,4730.0,2693,3018,3696,4092,9703.0,10693.0,807.0,3422.0,234.7,0,-148882.92890974277,-27917.777446480737
14666.0,30672.0,3518.0,7365.0,3180,2931,4911,5198,12883.0,13079.0,2829.0,3843.0,234.8,0,-142119.35091316304,-25920.711539300974
1179.0,5333.0,547.0,1622.0,2682,4156,2903,4532,6847.0,10664.0,246.0,796.0,234.8,0,-153757.24053088517,-28572.57906887881
20842.0,40358.0,15728.0,27601.0,459,274,188,153,20162.0,18950.0,11873.0,18216.0,234.9,0,-122735.11176883992,-23292.867926479023
2376.0,9182.0,3316.0,11143.0,571,822,1476,2238,4614.0,7272.0,938.0,1179.0,234.9,0,-152064.2902389835,-31450.47304625043
71246.0,112331.0,9983.0,14458.0,282,158,313,159,75331.0,69495.0,52820.0,49045.0,235.0,0,-62183.4382467613,34050.20686076257
14112.0,13289.0,2682.0,3477.0,2186,1672,3534,3144,9379.0,8754.0,2672.0,1706.0,235.0,0,-144835.12550350747,-27986.616228583563
278750.0,372024.0,74192.0,110525.0,454,359,64,127,390760.0,316766.0,176387.0,134576.0,235.0,0,265744.63281440607,245266.8590159493
2445.0,6636.0,497.0,1885.0,246,130,121,45,7563.0,10301.0,6467.0,6578.0,235.0,0,-149933.0927920932,-24637.004522499377
2172.0,12361.0,0.0,569.0,146,12,146,65,1513.0,6259.0,23296.0,76015.0,235.0,0,-138131.6453135437,-9927.105855547596
690710.0,856381.0,92034.0,124801.0,571,503,89,149,961230.0,761136.0,401395.0,343001.0,235.0,3,813323.2550281951,695852.7756520816
2275.0,9584.0,971.0,3328.0,1535,2077,2145,3437,4618.0,6817.0,1086.0,1626.0,235.1,0,-153609.1373014689,-29834.508681228675
109942.0,148522.0,10659.0,13733.0,278,201,291,101,47852.0,42481.0,42576.0,30989.0,235.1,0,-64319.887417358186,6540.454638828709
10060.0,20641.0,2368.0,5858.0,1371,1559,2675,3099,7702.0,8120.0,3759.0,2844.0,235.1,0,-146925.32420467123,-27949.08867356335
6561.0,17134.0,751.0,1749.0,2788,3368,3894,4564,11896.0,14685.0,2105.0,3962.0,235.2,0,-148048.58179301833,-24567.62657138417
39263.0,69906.0,11784.0,17121.0,200,202,159,109,42119.0,38885.0,20633.0,26738.0,235.2,0,-103707.3598195844,-3087.334244925907
163286.0,248090.0,27938.0,44283.0,710,461,136,65,137398.0,121454.0,118887.0,103001.0,235.2,0,47088.81420502524,92420.15275273894
16265.0,20864.0,4694.0,6507.0,1875,1888,2048,1830,6071.0,5579.0,1547.0,1649.0,235.2,0,-144480.25761855673,-31965.77828852305
167170.0,254409.0,33804.0,56345.0,348,211,93,83,142432.0,124249.0,72507.0,62678.0,235.3,0,32787.56744881024,65735.46898041303
51316.0,72541.0,6342.0,11162.0,480,448,545,291,49805.0,47535.0,33543.0,32042.0,235.3,0,-93628.85043683113,10674.706693388154
27779.0,53379.0,8426.0,15463.0,324,158,275,123,30135.0,28074.0,19688.0,23293.0,235.4,0,-116915.42672648544,-8759.23353158987
2454.0,11704.0,1411.0,4473.0,1676,2399,1981,2899,5786.0,8722.0,1267.0,1872.0,235.4,0,-152607.43530235725,-29268.96771903203
8834.0,11838.0,3669.0,4183.0,1957,2052,2910,3299,7616.0,7736.0,0.0,1264.0,235.4,0,-148153.00369496923,-30571.39632230905
12197.0,12188.0,2837.0,4411.0,2906,2707,3696,3891,10619.0,10276.0,2330.0,1872.0,235.5,0,-145056.71975497398,-27292.54647928303
36996.0,60606.0,4277.0,7179.0,198,129,115,93,33423.0,30231.0,26552.0,25097.0,235.5,0,-111763.1905386311,-1505.015261095505
12734.0,17937.0,1697.0,3609.0,2513,2996,3825,4014,11307.0,11093.0,767.0,3319.0,235.5,0,-145708.6092154796,-26599.681535041276
8286.0,18687.0,1356.0,4248.0,2580,3023,4147,4216,6777.0,6558.0,366.0,1693.0,235.6,0,-150160.72039998244,-29389.256994275936
10110.0,19466.0,1919.0,3117.0,4731,4824,6763,6803,16110.0,16176.0,875.0,2199.0,235.6,0,-144557.57881579234,-23661.02792127652
53240.0,74221.0,8069.0,11438.0,542,253,201,167,49850.0,47352.0,44780.0,34158.0,235.6,0,-87213.97857807134,14547.659023381766
9119.0,17031.0,3287.0,7054.0,3759,3944,4681,5038,12448.0,12521.0,53.0,2137.0,235.6,0,-145985.59811448125,-27129.892876029586
58325.0,103079.0,11485.0,18360.0,0,39,327,206,46703.0,41139.0,39161.0,31792.0,235.6,0,-86564.99316799955,7346.051380827466
30265.0,58189.0,5199.0,10574.0,0,93,0,0,33031.0,32263.0,17475.0,22667.0,235.7,-1,-117725.79301125756,-6084.992753454873
3367.0,11410.0,1294.0,3229.0,1769,2377,2199,2884,5299.0,6458.0,965.0,1193.0,235.8,0,-152730.6523405228,-29798.015775040192
50874.0,74592.0,11145.0,18945.0,408,269,354,117,48670.0,44154.0,39581.0,35068.0,235.8,0,-88394.47434141701,9989.128972878552
18546.0,30407.0,3137.0,4226.0,3225,3264,4732,4805,15010.0,14561.0,4472.0,3382.0,235.8,0,-139286.66205691514,-23973.841578154177
11042.0,12976.0,4715.0,4847.0,2859,3051,3444,3333,9780.0,9462.0,1500.0,1958.0,235.9,0,-144906.9221130401,-29262.062389837392
6331.0,17072.0,2030.0,4185.0,2231,2455,2749,2979,7453.0,8125.0,148.0,925.0,236.0,0,-150371.16053426516,-29475.7026557451
62125.0,87047.0,11145.0,18076.0,438,196,0,28,57013.0,52226.0,45918.0,41394.0,236.0,0,-76888.22990295496,18206.46344195416
31161.0,54163.0,2784.0,5635.0,5390,5348,7215,7019,21982.0,19870.0,3007.0,4801.0,236.1,0,-131574.63298770547,-20546.701730246004
29004.0,52885.0,9058.0,14366.0,252,288,137,55,34593.0,35696.0,10082.0,20910.0,236.1,0,-117814.07570872376,-10830.346687472462
1089.0,6489.0,504.0,3867.0,662,1417,1147,2482,2833.0,6420.0,0.0,86.0,236.1,0,-155820.61473764718,-31297.325226156696
61140.0,90786.0,19978.0,32937.0,201,160,0,36,44261.0,39590.0,46381.0,34555.0,236.1,0,-77634.3993628603,3758.934834790798
4252.0,13634.0,1019.0,3764.0,2045,2463,2857,3504,7715.0,9534.0,685.0,1857.0,236.2,0,-151486.94726748287,-28164.88471207712
104460.0,154781.0,13819.0,22688.0,381,235,11,46,86467.0,82596.0,56637.0,69688.0,236.2,0,-36895.58953394847,41438.1986023512
80594.0,124047.0,11859.0,17720.0,361,243,545,255,77250.0,67180.0,77051.0,55506.0,236.3,0,-46435.4102145919,44683.03548583394
2545.0,11720.0,844.0,2206.0,2782,3496,2947,3821,6929.0,9838.0,1053.0,1559.0,236.4,0,-152561.26464921742,-28334.878885159284
171521.0,251145.0,3299.0,5412.0,0,117,39,104,178323.0,148993.0,66102.0,64004.0,236.4,0,27486.764030226303,104823.21412387218
27393.0,47094.0,5389.0,8645.0,484,325,156,226,26494.0,24315.0,20739.0,21332.0,236.4,0,-120671.89437844398,-9003.687423068517
44498.0,72954.0,8466.0,12441.0,168,261,39,79,44460.0,39261.0,23928.0,29185.0,236.5,0,-101274.51267736767,1910.812069194388
34015.0,50892.0,4195.0,6158.0,50,63,0,120,25268.0,23107.0,19628.0,20630.0,236.5,0,-119837.19085589882,-10038.416152309852
44789.0,51986.0,17320.0,25365.0,0,202,458,181,32368.0,31134.0,32187.0,23266.0,236.5,0,-98192.07379145044,-8795.709130863517
628312.0,811643.0,1006330.0,1379800.0,4740,4532,8470,8183,188062.0,165264.0,103941.0,97502.0,236.5,3,929824.8654651252,-527168.4327017271
755751.0,977460.0,42558.0,60160.0,1048,1073,276,397,1019940.0,813369.0,432952.0,371470.0,236.6,3,847503.9939742824,777619.9602049344
1804.0,4948.0,877.0,2365.0,1970,2372,2865,4046,6724.0,9433.0,1619.0,1591.0,236.6,0,-152723.34789986676,-28193.93093762032
1051.0,6505.0,0.0,1414.0,592,1686,768,2402,1497.0,5155.0,275.0,276.0,236.6,0,-156661.6576929865,-31678.11248920609
13269.0,17125.0,3101.0,4201.0,3469,3051,4499,4789,12591.0,11840.0,3989.0,2552.0,236.6,0,-142845.94842290928,-25474.422213326678
50608.0,77178.0,11052.0,18615.0,221,229,200,119,42223.0,39654.0,21552.0,26406.0,236.6,0,-99222.68218021932,-2966.8674842107976
6281.0,7546.0,3467.0,4692.0,6579,6916,8304,8550,15982.0,15733.0,2449.0,2638.0,236.7,0,-144471.88998947627,-23732.0064256716
690.0,3349.0,305.0,2059.0,515,1120,627,1826,1639.0,4953.0,924.0,2253.0,236.7,0,-156045.89616946128,-31167.020840216726
3145.0,7846.0,1012.0,4721.0,1568,2051,2556,3519,7393.0,10001.0,25.0,386.0,236.7,0,-152521.1639295923,-28805.46783109218
1139.0,4121.0,751.0,2944.0,2100,2767,2598,3446,6271.0,8612.0,647.0,1600.0,236.7,0,-153644.5318993513,-28765.18635163623
207232.0,289545.0,20100.0,32330.0,342,320,0,67,196148.0,170118.0,71273.0,77662.0,236.8,0,65383.981880217325,107585.9801845665
1689.0,3590.0,1122.0,2481.0,6522,7235,6677,7649,13908.0,15582.0,527.0,559.0,236.8,0,-149880.95449510287,-24416.624828228792
16405.0,31549.0,3748.0,7696.0,127,124,216,117,21285.0,20729.0,11765.0,16275.0,236.9,0,-132604.74138953097,-15129.537082372575
10467.0,17742.0,3494.0,5249.0,1187,1210,2808,2630,7570.0,7251.0,2300.0,2782.0,236.9,0,-146587.09429340146,-29387.6135307118
219308.0,315915.0,24096.0,38554.0,308,319,0,95,259785.0,212926.0,144175.0,115475.0,236.9,0,133459.54767892507,181187.14345523837
42409.0,70515.0,8689.0,15148.0,212,272,319,166,55517.0,53458.0,25779.0,34728.0,236.9,0,-95607.37541447143,10564.565225703638
1736.0,11494.0,617.0,3871.0,104,0,130,62,2658.0,4255.0,472.0,854.0,236.9,0,-155287.81836124975,-31201.602922655304
758465.0,790621.0,884143.0,1066190.0,2936,1910,835,498,484511.0,383472.0,181499.0,129799.0,236.9,3,1065080.4920422963,-233765.34537857884
24653.0,46452.0,1550.0,3796.0,417,182,159,151,27065.0,24273.0,24201.0,23613.0,236.9,0,-122621.9608387122,-4235.549864807024
429.0,1949.0,295.0,1552.0,160,72,218,204,3976.0,7687.0,1576.0,2800.0,236.9,0,-154797.70058770658,-29305.44849291544
1626.0,4636.0,51.0,766.0,88,85,340,224,4178.0,7942.0,28854.0,59564.0,236.9,0,-137145.90262284322,-8546.13528101692
597010.0,707753.0,92499.0,122620.0,1891,1194,834,312,970372.0,736086.0,311730.0,260322.0,236.9,3,735860.5815793645,656538.3965422045
39762.0,68644.0,32266.0,55467.0,158,255,87,70,38795.0,36449.0,31737.0,26164.0,237.1,0,-86832.03998050878,-13513.665655508288
1236.0,7045.0,672.0,2721.0,592,1272,816,1906,2137.0,5568.0,1109.0,2219.0,237.1,0,-155279.96302826822,-31045.4884747402
16383.0,30752.0,2890.0,4796.0,1529,1577,3642,3795,9116.0,8810.0,4762.0,3708.0,237.1,0,-142857.11069243986,-27231.99577906898
60570.0,109226.0,5831.0,8086.0,311,220,402,160,67772.0,62956.0,55526.0,52120.0,237.1,0,-71443.10323788215,34200.49442063393
2116.0,4911.0,391.0,2160.0,1606,2637,1990,3127,4882.0,7509.0,700.0,906.0,237.1,0,-154189.22670379406,-29571.05971572427
10082.0,19349.0,2154.0,3559.0,5332,5644,7079,6933,22090.0,21136.0,4626.0,4085.0,237.1,0,-140086.52271685147,-18148.87231251236
4150.0,9329.0,1428.0,3597.0,2311,2574,3010,3129,7472.0,7883.0,1395.0,1915.0,237.2,0,-151085.68160201077,-28261.31886976404
39719.0,66257.0,2188.0,3803.0,426,188,193,170,44134.0,42201.0,37669.0,30047.0,237.2,0,-102533.20726850924,11861.030675450123
62563.0,97188.0,5992.0,7628.0,418,265,0,67,52303.0,47080.0,34722.0,34227.0,237.2,0,-87428.19311252987,12587.106047186364
16238.0,11384.0,1423.0,3294.0,3386,2838,4567,4379,11035.0,9878.0,1757.0,2918.0,237.3,0,-144267.91337348236,-26475.276731733684
48250.0,85643.0,3573.0,6626.0,149,127,0,92,47303.0,42292.0,32845.0,33296.0,237.3,0,-98025.15641079211,10937.811022104102
16209.0,32923.0,4838.0,8080.0,165,118,8,88,25740.0,24755.0,20491.0,18003.0,237.3,0,-126485.417359876,-9046.083397865918
300652.0,432371.0,101177.0,154295.0,236,287,354,167,286121.0,229170.0,100314.0,94252.0,237.3,0,213006.1011053681,122349.4270069474
4250.0,14466.0,3036.0,6493.0,1876,2120,2757,2926,8653.0,8871.0,959.0,2852.0,237.4,0,-149445.68158015862,-28563.44894591904
4557.0,6863.0,1421.0,2988.0,2370,2478,3191,3337,8294.0,8426.0,1778.0,1722.0,237.4,0,-150435.9488708063,-27633.52626672866
92649.0,143624.0,21166.0,32597.0,340,111,0,44,87991.0,79453.0,75195.0,64526.0,237.4,0,-29775.26997599656,45515.24257259148
55213.0,80103.0,13315.0,21183.0,345,181,421,139,66335.0,63519.0,47258.0,47617.0,237.5,0,-72736.62198729558,24749.425183085663
5518.0,12832.0,1306.0,4262.0,2749,2817,4204,4654,11479.0,12269.0,2313.0,4519.0,237.5,0,-148132.99198196895,-24934.51147341441
1825.0,6355.0,341.0,2471.0,145,60,106,3,1279.0,4715.0,9194.0,18539.0,237.6,0,-150610.24265759307,-25408.112294273946
39700.0,71956.0,3534.0,6872.0,394,343,286,146,57343.0,52347.0,26113.0,31835.0,237.6,0,-99695.3674285479,14807.244695396204
5645.0,10180.0,3208.0,5531.0,2437,2297,3033,2911,8308.0,8528.0,1190.0,1625.0,237.6,0,-148979.33361565098,-29080.04001382564
37987.0,56896.0,21000.0,33132.0,67,180,263,127,43650.0,42115.0,34441.0,27004.0,237.6,0,-92046.1371394643,-1985.550613377658
61750.0,94268.0,10546.0,16476.0,170,132,87,179,61802.0,58596.0,28530.0,49128.0,237.6,0,-80736.77933051455,15580.477687049915
14217.0,27319.0,3052.0,4987.0,3416,3687,4501,4445,12886.0,13469.0,4451.0,4345.0,237.7,0,-141961.64130032534,-24837.083178411474
77037.0,118985.0,8455.0,11934.0,515,249,19,81,67865.0,64011.0,41269.0,55675.0,237.7,0,-67657.93818251287,26128.900964391694
11346.0,15778.0,2219.0,4082.0,3002,2500,3880,3638,10053.0,8156.0,2610.0,2065.0,237.8,0,-145958.99104662286,-27058.29431770517
24879.0,54647.0,8977.0,16031.0,484,244,266,178,24796.0,21465.0,10266.0,15664.0,237.8,0,-124570.1952120002,-17470.458020766666
7050.0,9587.0,1227.0,2936.0,3164,2883,3956,3925,9057.0,9752.0,1590.0,2252.0,237.8,0,-149204.68706176925,-27183.993993675416
12213.0,17750.0,2149.0,2328.0,2008,2207,3460,3502,9487.0,9321.0,1654.0,3325.0,237.8,0,-146103.80893067672,-27627.637376675757
63234.0,105115.0,1088.0,4240.0,0,132,108,76,40570.0,37880.0,19045.0,24423.0,237.8,0,-102854.533758986,52.93387600149072
13201.0,26806.0,863.0,2348.0,8885,9630,12608,14008,36897.0,40187.0,3425.0,7502.0,237.8,0,-133022.04865194892,-8124.314166551452
59006.0,83231.0,16049.0,24745.0,210,199,152,81,52027.0,46477.0,43146.0,38452.0,237.8,0,-78421.77965959269,10542.99767396531
3104.0,7131.0,719.0,2079.0,436,1080,760,1488,1723.0,4314.0,1235.0,1206.0,237.9,0,-154751.078424047,-31567.859291691195
4058.0,9817.0,1647.0,3851.0,5453,6666,6033,7520,13960.0,16825.0,0.0,785.0,237.9,0,-148693.95433543215,-25052.79249376925
12813.0,24673.0,1465.0,4374.0,1637,1587,3465,3560,9150.0,9395.0,2053.0,3760.0,237.9,0,-146280.98888799487,-27212.709364266662
3896.0,11645.0,1471.0,4629.0,1462,1586,2727,3333,8131.0,9649.0,1384.0,2369.0,238.0,0,-150811.87257917,-27786.84094248676
37920.0,53833.0,7036.0,8949.0,188,144,137,120,33939.0,30299.0,29415.0,26965.0,238.1,0,-107954.27309637325,-1469.8168786441129
15500.0,28890.0,87913.0,155457.0,1454,1666,3772,3875,9018.0,9014.0,2101.0,4090.0,238.1,0,-85482.1661809721,-81671.48922590821
434811.0,537619.0,54958.0,76747.0,2670,2474,32767,29236,250458.0,204313.0,159021.0,128333.0,238.2,0,245969.6355529104,150277.87650325173
1331.0,4519.0,1184.0,3976.0,2168,2996,2912,4105,7869.0,11168.0,598.0,770.0,238.2,0,-152668.88496832395,-28192.20880352849
26913.0,50504.0,7185.0,10039.0,6634,7033,9018,8761,26104.0,25163.0,6321.0,5552.0,238.3,0,-127093.81176781857,-18913.146562079117
27041.0,48142.0,2569.0,4194.0,258,338,364,170,26373.0,25391.0,10837.0,21364.0,238.3,0,-126468.52014239613,-11435.920263333726
1337.0,6445.0,585.0,1815.0,853,1269,1451,2177,4025.0,5880.0,705.0,1027.0,238.3,0,-154745.85631327223,-30163.220569760877
441264.0,542608.0,33618.0,45785.0,977,852,10903,9091,252567.0,203875.0,226377.0,161845.0,238.3,0,263886.7740901989,198180.3296364436
6557.0,13610.0,2961.0,4769.0,2987,3011,4319,4316,11361.0,11608.0,459.0,1085.0,238.3,0,-147735.22589844943,-27444.688157371915
7086.0,15846.0,2384.0,4254.0,5788,6252,6488,7051,12821.0,13440.0,1505.0,2348.0,238.3,0,-146704.23710055713,-25549.307498443843
27922.0,42012.0,2931.0,5298.0,6352,6157,9588,9647,27469.0,26724.0,5030.0,5743.0,238.3,0,-129455.15707716516,-15954.323972640654
83409.0,116987.0,13646.0,22523.0,545,241,71,175,61546.0,58803.0,43905.0,53090.0,238.4,0,-63666.12581971949,19151.679160949247
708.0,3186.0,683.0,2283.0,616,1073,940,1996,2365.0,5050.0,352.0,1157.0,238.4,0,-155799.14936947517,-31361.72448570322
3468.0,10088.0,2015.0,4699.0,2803,3392,3702,4541,8850.0,10203.0,0.0,613.0,238.4,0,-151015.73465869593,-28507.327666122877
30311.0,49478.0,12189.0,19442.0,3382,3336,5013,4621,12859.0,10848.0,3460.0,4903.0,238.5,0,-129367.92328409728,-31961.56572948775
41271.0,56418.0,7115.0,11336.0,227,168,254,106,57095.0,53625.0,50045.0,41992.0,238.5,0,-86575.90073025729,23972.15853203204
47030.0,67862.0,8539.0,13717.0,361,309,168,167,46645.0,40578.0,34506.0,30206.0,238.5,0,-95168.7748984989,7684.522449925618
11817.0,18096.0,10460.0,18735.0,110,129,292,126,19175.0,19614.0,12780.0,12844.0,238.5,0,-130858.58803126204,-20504.02423142047
46427.0,77268.0,7274.0,11712.0,379,243,153,76,51521.0,48426.0,32103.0,44458.0,238.6,0,-93177.14741381531,12879.81707532539
1298.0,7501.0,204.0,2175.0,1281,3022,1622,4100,4070.0,9751.0,194.0,1260.0,238.6,0,-155162.61680369548,-30070.01170607285
1831.0,10927.0,102.0,2187.0,1516,3140,2097,4356,5083.0,10271.0,481.0,757.0,238.6,0,-154514.6152755989,-29359.481680593264
39284.0,54523.0,6318.0,9735.0,5,192,209,172,40394.0,39003.0,30469.0,33458.0,238.6,0,-103772.43460824016,4458.316852777138
406.0,2628.0,489.0,2873.0,801,1869,1207,3439,3615.0,8383.0,827.0,1293.0,238.7,0,-155300.0390283038,-30208.335596947432
13059.0,32220.0,1081.0,3270.0,2678,2776,4208,4435,12452.0,13473.0,2146.0,4620.0,238.7,0,-144810.5696979933,-24721.902069042622
5942.0,18440.0,1223.0,3290.0,1764,1992,2274,2674,6537.0,7238.0,1185.0,2132.0,238.7,0,-150967.14260233534,-28894.82653067634
3411.0,8076.0,4593.0,8661.0,133,138,237,103,9576.0,9854.0,4690.0,3713.0,238.8,0,-146819.3165455505,-27203.656776416345
1545.0,6561.0,2763.0,6568.0,34,0,165,150,9048.0,9861.0,2505.0,2984.0,238.8,0,-149984.0485685286,-27301.21948041655
1776.0,6186.0,2337.0,11520.0,164,282,109,74,2831.0,4441.0,18975.0,37062.0,238.8,0,-142602.1628531964,-18599.944335518943
1899320.0,1562350.0,2249580.0,2416170.0,3063,1873,1298,685,846652.0,540785.0,528727.0,316308.0,238.8,3,2790184.25254028,-760563.5060271069
8164.0,16345.0,3127.0,5965.0,4487,4474,5541,5828,14756.0,15448.0,2923.0,2841.0,238.9,0,-144295.85673879768,-24189.408916734992
38520.0,70792.0,7206.0,13340.0,331,280,17,99,45762.0,44350.0,29382.0,33524.0,238.9,0,-101444.40857859704,6898.274326231742
18471.0,37490.0,4063.0,5334.0,4530,4523,6311,6325,18700.0,17307.0,2932.0,4204.0,238.9,0,-137473.94376857998,-22728.85276333365
137866.0,208234.0,14448.0,21831.0,412,425,379,244,92416.0,78215.0,81255.0,64532.0,239.2,0,-11664.64112176071,52136.93094342385
31776.0,45317.0,7305.0,12915.0,457,291,301,182,38873.0,36991.0,19237.0,24655.0,239.2,0,-112107.47756999696,-2761.044670715008
2977.0,7294.0,1203.0,4133.0,1748,3070,2001,3477,5333.0,9561.0,0.0,37.0,239.2,0,-153440.36713125647,-30284.93455863383
35624.0,53248.0,13047.0,22286.0,590,386,174,154,38157.0,35564.0,27864.0,25090.0,239.3,0,-103650.29653721304,-3379.517440177828
6743.0,20209.0,2059.0,5415.0,2207,2985,3153,4173,7841.0,9337.0,1766.0,2948.0,239.3,0,-149154.31408694206,-28270.794439595185
28615.0,52046.0,3572.0,6695.0,3104,2599,7900,7707,22038.0,21077.0,7067.0,8836.0,239.3,0,-130043.96068923504,-18485.83313289637
2316.0,12775.0,2624.0,11224.0,717,1603,964,2384,2398.0,6185.0,927.0,2041.0,239.3,0,-153461.2133384851,-32280.8633846611
5890.0,11962.0,1433.0,2596.0,3023,3252,4172,4739,11542.0,12372.0,550.0,881.0,239.3,0,-148974.26670733417,-26322.510739129983
54455.0,82881.0,16188.0,27147.0,82,120,200,129,60033.0,52993.0,44096.0,37906.0,239.3,0,-76298.87132252798,16124.727609786723
5950.0,11900.0,669.0,2171.0,1722,1891,2440,2479,6659.0,7800.0,2398.0,2035.0,239.4,0,-150855.93005516598,-27976.548404359462
7255.0,21504.0,1754.0,4793.0,3294,3405,3734,3668,11794.0,12621.0,2590.0,3092.0,239.4,0,-147047.71830299508,-25243.862927475468
1497.0,8840.0,892.0,4405.0,583,1359,769,2175,2053.0,6119.0,1780.0,3699.0,239.4,0,-154624.4711278379,-30734.71329884317
2953.0,8703.0,1980.0,6045.0,2606,3074,3737,4494,10479.0,12470.0,836.0,1315.0,239.4,0,-150119.59879094092,-26958.201775293237
11223.0,24535.0,1199.0,3313.0,5115,5227,7223,7701,18601.0,19076.0,2633.0,3279.0,239.4,0,-142689.32217341574,-20794.558275674302
7804.0,19929.0,2193.0,4390.0,2791,2951,3839,3942,11349.0,10742.0,2111.0,2684.0,239.6,0,-146949.66766934187,-26102.31200048473
7272.0,15398.0,1922.0,3558.0,1348,1214,2900,2962,8705.0,8401.0,3107.0,3133.0,239.6,0,-148126.757733043,-27080.362636243644
6098.0,14857.0,2415.0,4841.0,3240,3428,4489,4680,12269.0,13682.0,1053.0,2860.0,239.6,0,-147446.63548951267,-25963.656473790183
2838.0,7094.0,5669.0,9681.0,157,127,263,206,7008.0,5471.0,1090.0,1141.0,239.6,0,-149122.07687885404,-31388.959544536763
939997.0,1112590.0,1680870.0,2145500.0,9230,8059,10047,9207,396860.0,311807.0,203625.0,166907.0,239.6,3,1662983.7024092758,-785935.8126613683
45301.0,70167.0,37364.0,49849.0,2296,2192,8126,7805,21674.0,21329.0,10483.0,8121.0,239.7,0,-98870.22820170966,-39696.15708962722
32850.0,66172.0,7619.0,12526.0,384,142,35,61,28128.0,24424.0,24307.0,20544.0,239.7,0,-114943.7174199081,-8354.762488666136
3954.0,11769.0,523.0,1326.0,176,143,212,87,14956.0,12307.0,8635.0,6835.0,239.8,0,-145131.74581098426,-19125.73584182844
1352.0,3334.0,156.0,879.0,52,26,179,141,4300.0,6993.0,13648.0,17094.0,239.8,0,-148108.73167327046,-21713.850942798603
587762.0,704227.0,139337.0,222746.0,1682,1106,283,283,1035670.0,854101.0,362248.0,298723.0,239.8,3,817350.3177839102,696378.8534286936
42531.0,73623.0,3148.0,5259.0,209,167,96,79,46029.0,42342.0,32259.0,32330.0,239.8,0,-101573.08961190644,10370.034349176134
69282.0,94931.0,5180.0,7608.0,508,332,383,194,62063.0,52558.0,50281.0,39202.0,239.8,0,-74466.1000196569,26159.16009064621
2815.0,6383.0,1718.0,4120.0,1281,1490,2064,2776,5839.0,7762.0,1850.0,1856.0,239.9,0,-152011.3490084861,-29209.06596705765
66131.0,91396.0,11336.0,17451.0,438,202,272,141,47212.0,44208.0,44049.0,38373.0,239.9,0,-80605.38901546424,10360.823792579362
575059.0,688638.0,362826.0,474182.0,945,1288,775,363,223786.0,192765.0,139043.0,122519.0,240.0,0,495833.0151006874,-78380.01114873166
49222.0,77813.0,14568.0,23176.0,2308,2266,5670,5765,15639.0,15713.0,5241.0,5157.0,240.0,0,-118039.59092704128,-32135.84810429977
41579.0,57223.0,5446.0,6739.0,3654,3200,6396,6470,19246.0,18501.0,5202.0,6299.0,240.0,0,-125709.00108908452,-23463.963217805504
3731.0,10764.0,1050.0,2795.0,1224,2897,1587,3807,3926.0,8796.0,1727.0,1499.0,240.2,0,-153051.17654302914,-30168.744194229337
2803.0,12003.0,411.0,3017.0,898,2535,1336,3534,3679.0,8613.0,215.0,654.0,240.2,0,-154649.65100275105,-30633.796471560014
16986.0,28695.0,5491.0,10326.0,10984,11640,23592,24527,17870.0,18678.0,7472.0,11854.0,240.2,0,-134791.84858139345,-20885.328985474986
50743.0,70043.0,25066.0,39517.0,683,257,0,40,47046.0,42470.0,36434.0,34126.0,240.2,0,-80847.04153002697,-1241.9529874487343
142700.0,212730.0,177428.0,263219.0,3704,3297,6892,7046,22131.0,21545.0,8589.0,8026.0,240.3,0,37237.38374357892,-134487.41169131987
96263.0,147891.0,20468.0,33351.0,83,212,0,117,88905.0,75852.0,104645.0,73761.0,240.3,0,-16330.51486932658,60136.13508843763
23132.0,48184.0,3997.0,5176.0,626,460,147,74,29805.0,28075.0,25240.0,21726.0,240.4,0,-120174.29379829387,-3807.641727973365
6826.0,14730.0,1824.0,3490.0,2401,2444,2571,2637,7619.0,7702.0,472.0,1085.0,240.4,0,-150095.92560391303,-29112.519096197462
304241.0,441964.0,18638.0,27004.0,523,472,248,140,165250.0,146390.0,101667.0,94564.0,240.4,0,103525.06446160402,98129.82331778869
3033.0,4963.0,921.0,3352.0,107,84,194,99,5480.0,6406.0,2552.0,2755.0,240.5,0,-152266.62935826468,-28514.45015423136
1277.0,7880.0,192.0,911.0,116,15,143,23,3433.0,6847.0,10927.0,32808.0,240.5,0,-147524.05294407404,-20899.74376506358
768978.0,926580.0,99807.0,144875.0,2545,1999,105,153,1200630.0,945837.0,497649.0,435273.0,240.5,3,1005854.6836581744,892449.1056742005
1492.0,7607.0,0.0,352.0,104,0,121,117,2269.0,5949.0,1812.0,4766.0,240.5,0,-155000.39632019363,-29854.257655890586
18437.0,33852.0,3486.0,6659.0,1867,1911,4157,4379,11340.0,12263.0,2403.0,4151.0,240.5,0,-141414.96203540493,-27251.28749564168
12703.0,23493.0,3874.0,7580.0,4031,4336,5953,6434,16947.0,17785.0,2575.0,4115.0,240.5,0,-140901.4146384635,-23508.241738325985
17517.0,30107.0,2373.0,3785.0,322,207,149,45,31002.0,30689.0,15968.0,18623.0,240.6,0,-126870.15436072908,-6054.5932606151255
6199.0,14460.0,1917.0,5323.0,1798,2099,2975,3611,6934.0,7799.0,556.0,2007.0,240.6,0,-150450.63135714273,-29378.57953107248
2727.0,10472.0,612.0,2296.0,952,2191,1461,3256,3442.0,8118.0,755.0,1736.0,240.6,0,-154312.53805395248,-30504.416982576688
859.0,5812.0,137.0,2099.0,1266,2268,1652,3059,5022.0,9624.0,647.0,2787.0,240.7,0,-154599.36415131885,-28962.25980752857
110123.0,178757.0,22019.0,33821.0,835,374,58,73,98256.0,88144.0,106614.0,85308.0,240.7,0,-3180.5203031332057,66852.93548931129
2049.0,11279.0,547.0,3328.0,1193,1907,1475,2597,4417.0,7571.0,592.0,1790.0,240.8,0,-154248.3036953043,-29862.97639582284
5558.0,18079.0,1083.0,2691.0,2352,2564,3005,3265,8159.0,9659.0,1587.0,1700.0,240.8,0,-150393.83698335697,-27655.831179500536
185007.0,266731.0,97769.0,147738.0,687,313,106,127,166485.0,147361.0,68752.0,72248.0,240.8,0,94932.3097625648,39585.322600145126
40650.0,62626.0,13253.0,20015.0,101,70,362,159,44918.0,42734.0,37735.0,33936.0,240.9,0,-93642.10671389315,6001.799501165751
2255.0,8342.0,705.0,2595.0,1233,1572,1881,2704,4957.0,7426.0,0.0,414.0,240.9,0,-154203.12465010583,-30102.43387350771
49730.0,70591.0,6977.0,11645.0,290,204,317,146,48852.0,44959.0,43842.0,36195.0,241.0,0,-89944.6203430095,14764.155867070538
19411.0,23131.0,2868.0,3823.0,3943,3562,5146,5208,15845.0,14126.0,4641.0,4011.0,241.0,0,-138597.78329265382,-23160.983571914498
221649.0,317275.0,56108.0,87613.0,910,818,0,52,174004.0,152342.0,123643.0,121750.0,241.1,0,111070.04010943146,99090.65749198076
102759.0,150951.0,14163.0,21907.0,954,397,319,169,113580.0,98819.0,99034.0,78227.0,241.1,0,-8404.473791719094,77636.29143420716
3169.0,14619.0,42.0,1519.0,471,1533,651,2076,2461.0,7338.0,6.0,131.0,241.1,0,-155448.71768875257,-31368.925788288303
5064.0,10504.0,3580.0,4659.0,2660,2364,3228,3067,10880.0,10174.0,2563.0,2553.0,241.1,0,-147176.16334328052,-26924.293664152545
34270.0,52921.0,3215.0,5753.0,152,221,137,155,37525.0,35064.0,28342.0,25614.0,241.2,0,-111037.82297310098,2766.654820843545
33859.0,56152.0,11070.0,17142.0,346,235,264,169,39975.0,38453.0,29449.0,26330.0,241.2,0,-104177.58769480616,-9.614795448585935
294712.0,436410.0,24762.0,32466.0,605,435,772,239,156286.0,132250.0,106085.0,80089.0,241.2,0,99613.05810804674,88768.42832270404
39463.0,56870.0,11298.0,16371.0,55,240,19,81,48247.0,43326.0,45173.0,33881.0,241.2,0,-91240.00402234997,12522.605615040144
9543.0,18141.0,4433.0,7452.0,3460,3820,5496,5466,14706.0,16078.0,1745.0,2709.0,241.3,0,-143305.5626442776,-25645.29385060787
53262.0,100010.0,10630.0,15593.0,382,205,187,105,58497.0,57736.0,40732.0,48832.0,241.3,0,-81178.39740791045,19062.213835742878
68810.0,101921.0,32501.0,46190.0,3010,3041,9409,9226,22004.0,21237.0,9813.0,6669.0,241.3,0,-92879.84940201337,-38473.85687676792
3744.0,10694.0,1752.0,3998.0,2960,3213,3409,3999,8555.0,10019.0,1205.0,1568.0,241.4,0,-150651.96840076958,-27888.611079485927
5714.0,13160.0,2248.0,4791.0,2779,2366,3752,3506,10516.0,10741.0,3104.0,2838.0,241.5,0,-147757.32568388997,-26086.524583938542
7161.0,22072.0,1507.0,3372.0,1722,1933,2370,2484,7375.0,8101.0,446.0,1959.0,241.5,0,-150188.58949049172,-28960.08624439169
3281.0,7808.0,926.0,3032.0,1733,1603,2345,2459,8434.0,8988.0,1021.0,2364.0,241.5,0,-151437.95827931064,-27367.38465614151
35152.0,61963.0,104841.0,168754.0,3014,2539,5039,5292,13179.0,13196.0,3295.0,4390.0,241.5,0,-63384.808279923614,-90394.77471407338
43472.0,72973.0,2499.0,4866.0,221,232,275,131,51536.0,48962.0,27095.0,35141.0,241.6,0,-100703.59362411105,12483.019568721076
37090.0,50952.0,6989.0,12202.0,31,138,162,75,38488.0,35460.0,23130.0,25534.0,241.6,0,-108776.44874832177,-1376.802204753425
31208.0,47140.0,1419.0,2570.0,5308,5378,8042,7752,24845.0,22128.0,7335.0,5629.0,241.6,0,-129504.6091971478,-15931.590279469185
8185.0,9967.0,897.0,2437.0,4300,4950,6683,6993,4994.0,4478.0,1418.0,1449.0,241.6,0,-150958.40673462427,-29815.040057198305
727913.0,712195.0,4911850.0,6629440.0,1042,917,698,393,365350.0,299463.0,183775.0,149755.0,241.7,2,3783627.580053476,-2831681.0072131213
6414.0,14628.0,3290.0,4652.0,2412,2340,3412,3796,9405.0,10588.0,4021.0,3822.0,241.7,0,-146790.45198532438,-26946.476990936106
3278.0,11927.0,3508.0,8464.0,2832,3627,3680,4489,10789.0,13288.0,1517.0,2044.0,241.8,0,-148447.69086147906,-27340.224513432
5109.0,8496.0,2578.0,4511.0,2223,2077,3210,3302,8319.0,8073.0,1845.0,1524.0,241.8,0,-149400.22964299194,-28383.48436919638
151505.0,228472.0,13567.0,21335.0,729,332,333,146,165238.0,146579.0,70371.0,61899.0,241.8,0,21793.17520808676,92857.5955183854
162938.0,243585.0,36660.0,55170.0,545,372,80,131,186336.0,150598.0,67677.0,68377.0,241.8,0,51757.50819918892,90864.71199623242
30708.0,58200.0,11315.0,19553.0,360,191,477,242,32406.0,30138.0,33109.0,26707.0,241.9,0,-107312.38988841408,-3147.632270585069
16892.0,25144.0,2640.0,4834.0,2036,2132,5535,5392,13365.0,12875.0,4127.0,3661.0,241.9,0,-141142.54502572646,-24691.481791180675
4182.0,7262.0,2092.0,3975.0,1945,2718,2893,4035,6712.0,9241.0,1784.0,1567.0,241.9,0,-150858.03845222617,-29053.40011565057
29880.0,48929.0,4243.0,6343.0,222,87,234,112,30513.0,28939.0,22356.0,18624.0,241.9,0,-118378.87361879088,-5660.380727295124
94687.0,136594.0,19362.0,29472.0,575,338,150,79,72332.0,63429.0,56015.0,53221.0,242.0,0,-45751.84879514856,26752.415028934476
12599.0,20909.0,2030.0,3900.0,387,269,175,68,16410.0,15717.0,14378.0,12569.0,242.0,0,-137050.91454100682,-16384.607145830254
943.0,6216.0,113.0,1608.0,1227,2473,1704,3443,4632.0,9654.0,173.0,383.0,242.0,0,-155236.05517897854,-29783.78614246569
4463.0,9990.0,739.0,2836.0,394,1140,561,1589,1868.0,5241.0,107.0,100.0,242.0,0,-154671.73682067636,-32228.30155605948
1442.0,7626.0,439.0,2203.0,3814,6764,4296,7089,9150.0,15247.0,0.0,206.0,242.1,0,-152846.9236055813,-27261.28701882799
4111.0,11963.0,0.0,349.0,2095,2461,3014,3278,7672.0,8075.0,1409.0,1567.0,242.1,0,-152036.90891604815,-27285.56817267513
62142.0,98753.0,9689.0,17847.0,248,479,171,99,66270.0,62497.0,31249.0,41504.0,242.1,0,-79113.38471652223,18835.551967128184
10438.0,26898.0,2155.0,3882.0,1078,1172,2803,3099,7777.0,8815.0,3593.0,3975.0,242.2,0,-146802.66272181738,-27680.093027118368
35243.0,51775.0,4825.0,6073.0,7902,7845,9588,8820,25658.0,24763.0,4817.0,3606.0,242.2,0,-126310.702435804,-19197.919186772808
13563.0,18581.0,0.0,225.0,3075,3369,4180,4141,10541.0,11025.0,1486.0,2089.0,242.2,0,-146774.70466903094,-25967.792365905265
30908.0,50888.0,11586.0,17055.0,125,94,156,72,34945.0,31733.0,27344.0,23827.0,242.2,0,-108391.09289857962,-4607.194178007572
65408.0,93264.0,13169.0,22484.0,128,98,160,92,64951.0,62599.0,28821.0,45471.0,242.4,0,-76362.43558633156,15222.4137164088
52665.0,87420.0,5317.0,7680.0,654,446,96,120,52613.0,46726.0,33765.0,34627.0,242.4,0,-92109.97641696157,13512.799373132508
12280.0,22994.0,1905.0,3395.0,3328,3785,4735,4789,14382.0,13973.0,2499.0,2530.0,242.4,0,-143822.1501348758,-24154.91089353258
9158.0,13969.0,29819.0,46940.0,195,142,302,153,3506.0,3910.0,1877.0,1530.0,242.5,0,-131095.6489981535,-48783.304363728734
37549.0,59581.0,4128.0,5582.0,309,283,292,136,36750.0,36197.0,33163.0,29018.0,242.5,0,-107204.08092238498,4059.777891569709
125117.0,178051.0,143934.0,182012.0,477,301,191,137,28372.0,21808.0,15283.0,12246.0,242.5,0,12708.30018672187,-104897.26140017628
842.0,2952.0,635.0,3691.0,1024,2672,1044,2709,2506.0,5614.0,550.0,1103.0,242.5,0,-155646.56098017615,-31176.83099168064
346029.0,478622.0,53223.0,76771.0,838,732,578,242,240973.0,202006.0,143328.0,122680.0,242.6,0,197587.30114212516,143572.54067894278
97319.0,142171.0,48135.0,65950.0,7701,6941,10062,9419,26534.0,23905.0,8072.0,7057.0,242.6,0,-68948.41709946228,-47948.55045015168
11049.0,25154.0,4130.0,7254.0,287,129,137,107,13599.0,12179.0,11806.0,9897.0,242.7,0,-138789.79031132266,-20887.703492873046
14007.0,26694.0,7343.0,12460.0,2459,2642,2740,2665,9783.0,9703.0,1571.0,2406.0,242.7,0,-141795.49990752703,-31002.43400484053
523.0,2895.0,84.0,463.0,177,59,204,110,2383.0,4139.0,255.0,745.0,242.7,0,-156370.21291881683,-31070.45008053368
546856.0,703175.0,65465.0,94371.0,3681,3023,55138,49500,270942.0,219537.0,177624.0,143067.0,242.7,0,317101.9803796528,159574.29372583423
16184.0,23632.0,3470.0,5252.0,4403,4373,6895,6506,18450.0,17155.0,4086.0,4824.0,242.8,0,-138428.0584317356,-21780.77193707286
1259.0,5857.0,1126.0,5843.0,734,999,1176,1872,3346.0,5298.0,404.0,1411.0,242.8,0,-154773.48292472263,-30992.35143644782
21618.0,40544.0,4552.0,7397.0,439,221,440,225,24590.0,23061.0,16780.0,15841.0,242.8,0,-126627.825663195,-11848.48371367222
16928.0,13350.0,3913.0,6188.0,2618,2525,3393,3443,9843.0,9367.0,2543.0,2211.0,242.9,0,-142605.65559133864,-28622.8876438334
1150.0,6578.0,870.0,3829.0,1327,2089,1685,2846,3700.0,6471.0,688.0,1117.0,242.9,0,-154765.68363637707,-30528.02706146618
1139.0,3886.0,314.0,1970.0,753,1549,725,1992,1565.0,4396.0,256.0,255.0,242.9,0,-156387.48280673608,-31849.5575069094
3963.0,13346.0,1144.0,3525.0,1208,1301,1966,2366,5441.0,6615.0,586.0,1764.0,242.9,0,-152595.42381074728,-29720.256917654817
3088.0,11551.0,1872.0,4569.0,2124,3764,3058,5156,8286.0,13368.0,559.0,1193.0,243.0,0,-151247.11789196447,-28422.7709789493
2434.0,8310.0,430.0,2976.0,666,1356,1019,2249,2427.0,5549.0,380.0,639.0,243.0,0,-155293.9892958463,-31347.08753729676
87440.0,134094.0,36488.0,59611.0,465,270,335,220,97139.0,86141.0,63533.0,58339.0,243.0,0,-22288.279530850763,36132.57183423861
43571.0,67082.0,5798.0,8695.0,311,112,0,0,54714.0,49693.0,37266.0,36133.0,243.2,-1,-93084.15944663643,16851.097686741985
5330.0,14559.0,1891.0,3466.0,5490,6474,5818,6699,11896.0,14774.0,288.0,545.0,243.2,0,-148859.26325130294,-26511.884261122585
32402.0,54515.0,4559.0,6457.0,2580,2600,7032,7013,20300.0,20447.0,6342.0,5925.0,243.3,0,-129232.67670762316,-21223.517317074227
3144.0,9618.0,2315.0,5831.0,2275,2348,2811,2908,7585.0,7794.0,557.0,1560.0,243.3,0,-151188.6246608778,-29090.423509361048
41299.0,70961.0,7887.0,13527.0,216,86,0,10,42593.0,42989.0,25893.0,29611.0,243.3,0,-103047.0191921047,2194.5078048709584
74343.0,108035.0,17132.0,27079.0,221,94,352,118,63740.0,58579.0,43423.0,41419.0,243.4,0,-65635.28081485193,16865.098883856324
5109.0,14765.0,1582.0,4779.0,1836,1870,2950,3546,8865.0,10765.0,2233.0,3327.0,243.4,0,-149472.0871435373,-26961.06488079541
43761.0,71263.0,11789.0,19148.0,318,239,89,45,61327.0,56712.0,35657.0,43867.0,243.5,0,-85493.55575299401,17814.862793159733
38058.0,66602.0,8426.0,13422.0,41,79,406,234,36605.0,29280.0,18939.0,22015.0,243.5,0,-110227.55230878029,-5855.22162079886
94195.0,169428.0,22196.0,33438.0,303,250,81,90,108004.0,87344.0,45626.0,42019.0,243.5,0,-33164.752832953774,41402.79643519191
20826.0,36274.0,2131.0,3693.0,210,185,103,71,28141.0,24947.0,20876.0,17404.0,243.6,0,-125315.01347726327,-6062.886216431572
3884.0,10858.0,1314.0,3612.0,2639,2977,3588,3948,9301.0,10115.0,0.0,1721.0,243.6,0,-150986.66167118866,-27631.40659911416
330534.0,320131.0,644486.0,842579.0,403,647,535,280,156101.0,130079.0,97199.0,76949.0,243.6,0,538486.6254027227,-306991.0216733588
68303.0,119494.0,3736.0,6997.0,206,206,0,27,81878.0,72085.0,72975.0,62162.0,243.6,0,-55656.2098523021,52864.57928393476
13950.0,21404.0,3321.0,4911.0,4191,4759,6228,6012,17024.0,15666.0,4349.0,4583.0,243.6,0,-140023.39086740796,-22373.402822504147
13623.0,19186.0,2926.0,4378.0,5048,5174,6877,7069,17278.0,17223.0,4211.0,3787.0,243.6,0,-140464.33559612694,-22128.399885099883
4945.0,15811.0,906.0,2628.0,1878,2239,2909,3546,8160.0,10485.0,97.0,652.0,243.7,0,-151450.13313904163,-28297.459384298734
2628.0,9653.0,2288.0,3491.0,2929,2958,4267,4484,11927.0,11625.0,1459.0,2772.0,243.7,0,-148971.8095296376,-25718.684437928623
1064.0,5276.0,823.0,3471.0,1048,1695,1372,2378,3639.0,6993.0,348.0,1040.0,243.8,0,-154997.0839908896,-30687.02867517309
14256.0,22992.0,2171.0,3271.0,5416,5546,7053,6872,18853.0,18979.0,5258.0,4497.0,243.8,0,-139539.30356245546,-20146.310164977072
7208.0,13296.0,2966.0,4736.0,4930,5189,6520,6643,14432.0,15289.0,2008.0,2604.0,243.8,0,-145310.00224117123,-24651.07910195684
8362.0,17428.0,2188.0,4832.0,4034,4100,5073,5140,13695.0,14112.0,2526.0,2925.0,243.8,0,-145479.04166470046,-24437.42010508859
11974.0,24414.0,1828.0,3158.0,4405,4876,6254,6234,16280.0,15522.0,2701.0,2532.0,243.9,0,-143065.85515314623,-22798.839502025578
83258.0,125597.0,17192.0,27753.0,315,264,70,75,76173.0,70379.0,52630.0,57038.0,243.9,0,-50966.81096532925,30478.38000135221
11368.0,16948.0,992.0,2556.0,3475,3501,5263,5410,15034.0,15572.0,2853.0,2833.0,243.9,0,-144362.26828036693,-22911.88956899369
575002.0,781759.0,267559.0,393363.0,1088,1042,222,109,213126.0,182874.0,138692.0,122890.0,244.0,0,425132.1849477659,-25394.0510039267
4178.0,9424.0,389.0,1075.0,2041,2081,3235,3572,7289.0,8839.0,74.0,1383.0,244.0,0,-152429.2728147096,-28365.43858801576
36686.0,53067.0,2444.0,2809.0,314,220,210,169,27928.0,27531.0,22788.0,22364.0,244.0,0,-117367.24141501731,-5826.29818646656
64024.0,97378.0,7242.0,10497.0,433,265,362,179,54497.0,49502.0,46211.0,45502.0,244.0,0,-79312.4943405998,19725.754697537403
20359.0,29143.0,145774.0,222426.0,4192,4570,6201,6367,20477.0,18410.0,4714.0,4326.0,244.2,0,-37365.856075643824,-109931.13345192012
235170.0,313553.0,36092.0,49551.0,536,442,112,79,124114.0,104808.0,80248.0,70287.0,244.3,0,57775.39154787571,52766.99022918435
7663.0,18119.0,695.0,2907.0,5881,6545,6768,7216,15398.0,16402.0,1947.0,2572.0,244.3,0,-146280.5784629835,-22675.016141175685
8699.0,15070.0,2241.0,5326.0,4749,4937,6304,6694,15368.0,16297.0,2715.0,3524.0,244.3,0,-144401.62713488154,-23257.03637997491
36817.0,59443.0,4413.0,7413.0,148,136,111,71,35593.0,31056.0,29964.0,26807.0,244.3,0,-109289.16648694976,1499.4290795523666
39011.0,73155.0,18549.0,27873.0,457,277,320,167,24664.0,20810.0,12476.0,9440.0,244.3,0,-112203.03723533193,-24553.30541324417
18415.0,25694.0,3743.0,4559.0,3321,3199,4475,4303,15246.0,13560.0,5743.0,4962.0,244.3,0,-138146.84325429972,-23410.383853912528
3597.0,8233.0,1429.0,4039.0,1614,1829,1802,2120,4657.0,5456.0,0.0,675.0,244.4,0,-153255.08932613162,-30792.50478940316
4608.0,13452.0,1685.0,3953.0,1824,2275,2664,3463,8675.0,11099.0,1790.0,3061.0,244.4,0,-149889.26648393745,-27342.550226389925
827.0,3421.0,547.0,2143.0,644,1515,902,2344,2149.0,6870.0,209.0,146.0,244.4,0,-156122.21053320414,-31643.01557040392
889.0,4096.0,322.0,1274.0,119,1,84,0,2882.0,5535.0,492.0,634.0,244.5,-1,-155758.71705038284,-30845.989119488
1333.0,5326.0,20.0,1072.0,70,27,190,137,4518.0,6979.0,1675.0,2530.0,244.5,0,-154370.8755537435,-28850.62889942617
686682.0,910294.0,47546.0,63683.0,1283,1221,617,159,730528.0,553141.0,277943.0,227034.0,244.5,3,616736.8171512784,507766.0763060231
28307.0,40210.0,4124.0,6948.0,52,147,0,0,28651.0,27404.0,22142.0,19412.0,244.5,-1,-119931.077833258,-6618.572173505483
73254.0,119412.0,34777.0,53730.0,367,221,4,23,71051.0,62442.0,59372.0,56536.0,244.6,0,-42804.29263666371,19597.77382648085
27538.0,40608.0,2482.0,4443.0,179,138,87,90,27867.0,25798.0,22255.0,22991.0,244.6,0,-121232.71204777205,-5417.425975779872
9277.0,13775.0,2743.0,4593.0,2337,2257,3365,3413,10622.0,10247.0,2256.0,2100.0,244.6,0,-146316.26950367584,-27036.63411018541
3187.0,7832.0,803.0,2591.0,2426,2720,3026,3447,7900.0,10078.0,1818.0,1768.0,244.7,0,-151580.89297038654,-27381.886913104598
12417.0,25341.0,3462.0,6808.0,3055,2971,4057,4136,12773.0,12419.0,2503.0,3078.0,244.8,0,-143346.94199784446,-26070.43788052248
3972.0,10076.0,1563.0,2527.0,2246,2566,2780,3121,6560.0,7411.0,2376.0,1707.0,244.8,0,-151141.17563907892,-28533.389481801645
6149.0,21873.0,868.0,2483.0,3645,4365,4144,5160,11920.0,14563.0,2219.0,3681.0,244.8,0,-148116.8822271951,-24596.53173346851
230696.0,349217.0,15509.0,23945.0,396,251,380,200,247726.0,207623.0,115140.0,86833.0,244.9,0,112423.21805394432,161434.58171115286
6902.0,15343.0,1742.0,3772.0,2699,2719,3599,3771,11134.0,11146.0,1584.0,2096.0,244.9,0,-147996.71782351268,-26212.47243073792
650496.0,834252.0,270051.0,396323.0,1623,1055,601,322,385799.0,312193.0,214925.0,169168.0,245.0,3,569596.0628639315,116727.8222325389
3803.0,11823.0,1498.0,3316.0,2583,3835,3507,5117,7841.0,10443.0,711.0,2891.0,245.0,0,-151140.96741240603,-28178.82742490823
1604.0,10751.0,322.0,2976.0,1761,3295,2342,4286,5576.0,10399.0,629.0,1123.0,245.1,0,-154131.6751284621,-29049.925177730434
29388.0,52608.0,9343.0,13317.0,297,156,162,74,28446.0,28351.0,17318.0,21949.0,245.1,0,-117429.35116369766,-11717.836536078044
2165.0,9931.0,825.0,2542.0,1446,2979,1955,4425,4948.0,9859.0,1982.0,2281.0,245.1,0,-153193.24987775402,-29046.337709996835
1784.0,11331.0,571.0,2234.0,1736,3303,2279,4743,5018.0,10294.0,1207.0,2128.0,245.1,0,-153797.40975140402,-29167.07233786743
4317.0,12852.0,990.0,2717.0,1372,2276,1832,3310,4898.0,9044.0,2148.0,2540.0,245.1,0,-152126.8969079172,-29210.40451197726
7980.0,13342.0,1311.0,3295.0,2542,2493,3522,3827,9556.0,9524.0,1210.0,1502.0,245.1,0,-148777.81097402578,-27261.979489192752
43309.0,68167.0,23786.0,39649.0,257,134,418,221,51727.0,50939.0,25616.0,36411.0,245.1,0,-86369.128024074,-1166.713407546882
32327.0,48415.0,10115.0,14916.0,47,135,0,26,33121.0,32227.0,21978.0,28286.0,245.2,0,-111065.39566561842,-6465.428346919474
65382.0,98601.0,6203.0,10716.0,500,252,200,133,63168.0,57805.0,39099.0,39330.0,245.2,0,-78969.37870102705,21797.12012130483
48940.0,63189.0,4682.0,5819.0,343,252,0,36,38233.0,36098.0,21321.0,27091.0,245.2,0,-106102.14749096223,-1369.5560321653938
2344.0,14214.0,538.0,2102.0,963,1966,1374,2658,4175.0,8129.0,439.0,1853.0,245.2,0,-154291.95647463307,-30083.641206186523
4481.0,15383.0,995.0,2979.0,3400,4719,4316,6065,9656.0,12523.0,512.0,3074.0,245.3,0,-150439.90297975845,-26812.406991963388
2731.0,9397.0,0.0,0.0,776,2195,916,2849,1593.0,5490.0,38.0,186.0,245.3,0,-156028.625033409,-31840.285973603823
21595.0,40814.0,7693.0,11985.0,5710,5793,8232,8085,23923.0,23500.0,6021.0,6488.0,245.3,0,-129899.5680914192,-20242.23183560817
11137.0,14614.0,3012.0,5623.0,3219,2973,5105,4715,13229.0,12726.0,3025.0,3499.0,245.4,0,-143728.7871362528,-25127.459603547704
1450.0,8416.0,1350.0,5150.0,886,1365,1268,2106,3163.0,5239.0,182.0,309.0,245.4,0,-154843.78673900294,-31531.024686819004
9169.0,19286.0,1596.0,5360.0,1774,1863,2511,2854,6687.0,7055.0,1494.0,1128.0,245.5,0,-149332.92033283444,-29274.7944188916
19705.0,32453.0,8579.0,16993.0,1250,1524,4164,4302,11059.0,11409.0,1330.0,2642.0,245.6,0,-138093.3166122273,-31400.76819747988
20614.0,31754.0,3625.0,6546.0,3748,4130,5673,5771,14651.0,14526.0,4451.0,4286.0,245.6,0,-138155.7949983574,-24503.540980757676
69828.0,101520.0,29366.0,47660.0,68,99,395,167,59329.0,59144.0,39085.0,46385.0,245.6,0,-61998.12187798506,5665.631174462087
38781.0,55912.0,7866.0,13251.0,225,168,535,181,39274.0,36718.0,28033.0,25035.0,245.6,0,-105376.68132467108,437.62092220263366
17856.0,37330.0,6342.0,11373.0,2027,1699,3302,3341,10221.0,9869.0,3633.0,2202.0,245.6,0,-139978.12943837265,-29512.98391905688
1851.0,4446.0,1210.0,2928.0,3564,4005,4113,4939,10498.0,12596.0,1287.0,1472.0,245.6,0,-150905.16264335546,-26176.628397182398
26897.0,36911.0,4705.0,6666.0,4946,4806,6517,6495,20761.0,18517.0,6375.0,5121.0,245.7,0,-131263.16952725683,-20784.3768206568
20079.0,42442.0,2161.0,5247.0,400,269,0,0,15268.0,14031.0,8289.0,14433.0,245.8,-1,-136429.44594021756,-19925.89561372727
5635.0,10178.0,7346.0,14860.0,297,206,0,0,11128.0,11256.0,8166.0,8412.0,245.8,-1,-141433.4106496281,-25881.513320919308
81223.0,123226.0,11959.0,17752.0,334,405,61,67,59176.0,52915.0,44634.0,49505.0,245.8,0,-66979.18573367895,18585.08868584166
17296.0,33417.0,3302.0,5556.0,4076,3687,5456,5641,15780.0,15204.0,2567.0,3390.0,245.9,0,-140036.69005249997,-24306.40781310055
8117.0,26869.0,1867.0,3889.0,1665,1734,3649,4598,10369.0,13080.0,2146.0,3824.0,245.9,0,-147334.22695474696,-26339.46319702265
4615.0,9930.0,1567.0,3666.0,456,677,534,1412,1096.0,4473.0,123.0,514.0,245.9,0,-154327.4094922296,-33173.104034446245
3324.0,11560.0,508.0,2064.0,1722,2070,1982,2180,5367.0,6181.0,275.0,977.0,245.9,0,-153542.70855912834,-29583.4193250132
1902.0,8787.0,0.0,1018.0,149,138,144,36,29104.0,33426.0,792.0,1758.0,246.0,0,-143491.13050337735,-13824.42739773604
780.0,3335.0,393.0,1520.0,233,193,251,207,6244.0,12043.0,1734.0,2574.0,246.0,0,-153533.86673095188,-27925.73471202953
708.0,3695.0,97.0,1430.0,219,158,117,117,2651.0,4710.0,2430.0,3845.0,246.0,0,-154970.30473495956,-29511.279111193824
850648.0,882978.0,136560.0,149018.0,2068,1439,131,232,2039890.0,1423930.0,986474.0,604443.0,246.0,3,1644808.3382539982,1626975.7521124135
7185.0,21660.0,2032.0,2955.0,4675,4688,5379,5473,12742.0,11686.0,743.0,3269.0,246.0,0,-147111.12865089337,-25558.31345429365
605.0,2974.0,279.0,1274.0,89,6,106,33,3025.0,6043.0,5209.0,10402.0,246.1,0,-152864.43611956603,-27163.90074427509
3220.0,9496.0,254.0,811.0,97,65,147,80,19578.0,14356.0,7812.0,9396.0,246.1,0,-143514.81289062917,-15921.168876094554
3512.0,10827.0,8.0,964.0,53,0,35,22,6409.0,12634.0,38984.0,66314.0,246.1,0,-130806.61091846207,-1897.9180074000724
996609.0,1148810.0,120515.0,168361.0,1437,1299,285,186,1034180.0,786582.0,323078.0,258150.0,246.1,3,951528.4440194718,657737.0430837844
79200.0,106470.0,7985.0,11603.0,0,67,13,117,54801.0,52472.0,39532.0,45078.0,246.1,0,-74967.35253718225,15594.214332010222
20783.0,33650.0,3467.0,5147.0,372,239,283,177,26914.0,24840.0,17294.0,15991.0,246.2,0,-126463.04574113528,-9404.175439175524
1816.0,8465.0,561.0,1730.0,1093,2827,1658,4189,4056.0,10071.0,328.0,1219.0,246.3,0,-154666.36814821194,-30286.769391336373
48690.0,83075.0,8127.0,13895.0,454,247,156,126,44384.0,41115.0,22411.0,24497.0,246.3,0,-100977.56561725876,414.3004067220791
58989.0,83477.0,27718.0,45055.0,1570,1589,5323,5395,13293.0,12149.0,5164.0,5785.0,246.4,0,-105967.58506652608,-42441.590187417634
51156.0,77564.0,9825.0,14789.0,535,341,320,149,38966.0,35415.0,39537.0,34096.0,246.4,0,-93704.10016396016,4489.260469250268
124575.0,183568.0,41834.0,63529.0,219,183,231,119,88046.0,80028.0,79459.0,69590.0,246.4,0,-189.9710710660147,33101.79831335203
17047.0,32387.0,3254.0,5865.0,2148,2305,5622,5609,14645.0,13932.0,3271.0,5122.0,246.4,0,-140208.95626757303,-24402.32217977912
76714.0,128228.0,29929.0,45937.0,339,175,89,97,76877.0,71139.0,62569.0,53996.0,246.5,0,-41249.82213112425,27034.355974194925
809441.0,922502.0,95567.0,103075.0,4844,3946,5373,5231,172792.0,136745.0,115219.0,98300.0,246.5,0,372428.3625846945,28063.330688501275
2584.0,7919.0,2406.0,5211.0,3617,4838,4988,6272,13865.0,17517.0,1158.0,2777.0,246.5,0,-148142.65484647188,-24688.92166883136
3923.0,12051.0,0.0,1346.0,103,62,237,101,5423.0,6280.0,1708.0,1357.0,246.5,0,-153051.94076943194,-28608.497010455747
924.0,4092.0,0.0,0.0,151,49,124,29,5435.0,7658.0,101.0,1004.0,246.5,0,-154912.37239762995,-29137.278139758164
917.0,5717.0,163.0,826.0,124,0,118,0,1933.0,4502.0,6236.0,12150.0,246.5,-1,-152710.04172994485,-27089.457584239917
624542.0,821272.0,81393.0,114362.0,1513,1269,288,174,742341.0,578276.0,266207.0,217593.0,246.5,3,614464.7420762631,491582.6844370459
7352.0,12287.0,2634.0,4475.0,1522,1401,2417,2634,6958.0,7406.0,644.0,1442.0,246.5,0,-149512.72979928172,-29943.33209108486
54028.0,76208.0,7796.0,13508.0,279,228,141,80,70163.0,67121.0,44443.0,41423.0,246.6,0,-77129.41845942388,28535.942058038934
55303.0,78282.0,8225.0,13317.0,0,40,0,63,39218.0,34424.0,28822.0,24845.0,246.6,0,-98121.9547909997,-597.396755742102
5343.0,11077.0,2137.0,3419.0,2968,3109,3888,4021,10014.0,9689.0,1255.0,2481.0,246.6,0,-148939.10282200755,-27143.106531290363
8777.0,13860.0,2171.0,5484.0,4653,5211,6373,6724,15704.0,15625.0,2047.0,3879.0,246.7,0,-144468.3477189377,-23228.787119503693
20212.0,35759.0,964.0,2800.0,7623,7487,9883,9590,24498.0,23597.0,4411.0,5572.0,246.7,0,-135557.10501459442,-16384.393062967065
6655.0,16383.0,1658.0,3099.0,2461,2444,3434,3629,10939.0,11411.0,1970.0,3140.0,246.7,0,-147970.1657899245,-25937.65133633945
239916.0,358968.0,32588.0,49029.0,1211,409,763,227,204541.0,164673.0,86287.0,70967.0,246.7,0,95874.1422105508,108154.8496374256
1244.0,4133.0,2011.0,3903.0,1170,2556,1720,3558,4762.0,8469.0,1679.0,2551.0,246.8,0,-152913.87191897602,-29932.827617173665
36403.0,61651.0,7717.0,13841.0,118,84,95,44,35365.0,33181.0,28431.0,24248.0,246.8,0,-108169.0125468058,-1746.129021246852
16321.0,16138.0,4770.0,8359.0,4641,5168,6693,6860,17301.0,16266.0,2741.0,2028.0,246.9,0,-138841.56692114935,-24346.11570622125
1969.0,6386.0,1548.0,4415.0,29,20,165,142,6136.0,5590.0,305.0,673.0,247.0,0,-153066.1547044317,-29701.16421691171
2340420.0,2175770.0,557531.0,551386.0,3318,2242,1578,743,1009770.0,814674.0,781876.0,574702.0,247.0,3,2001951.0092705972,523918.2877706034
4398.0,12634.0,695.0,2725.0,4384,5114,5606,6209,14645.0,15455.0,933.0,1538.0,247.0,0,-148466.80417271267,-23531.85034100009
45967.0,69529.0,2634.0,5277.0,204,249,127,139,40449.0,34647.0,35010.0,26541.0,247.1,0,-102752.6730304206,7166.672802670615
18668.0,33256.0,3857.0,7013.0,3385,3430,8508,9045,20471.0,21475.0,4804.0,6032.0,247.2,0,-135815.1069747716,-20407.482965061405
30647.0,38485.0,11252.0,17226.0,0,17,358,181,22168.0,20188.0,14448.0,14878.0,247.2,0,-120378.71823435483,-19305.97666459615
14316.0,19174.0,3237.0,8003.0,4755,4918,6664,6964,18859.0,18725.0,1193.0,2951.0,247.2,0,-140473.36734210496,-22769.84442045321
64421.0,109460.0,39556.0,63157.0,248,274,0,0,62252.0,57487.0,42793.0,36850.0,247.3,-1,-55711.36838026723,1507.4869751685874
159342.0,231021.0,11246.0,17453.0,628,217,102,113,177749.0,144295.0,63492.0,57277.0,247.3,0,25916.759279733145,98087.24275217186
38048.0,60210.0,5987.0,10633.0,157,124,0,90,34370.0,32812.0,30391.0,29250.0,247.3,0,-107783.30210203148,228.91782134971072
2056.0,5947.0,576.0,1648.0,1057,1911,1314,2627,3571.0,7461.0,1351.0,1491.0,247.3,0,-154364.98248567124,-30146.320553399724
51043.0,90765.0,7079.0,12243.0,243,184,245,128,58586.0,56740.0,31902.0,50098.0,247.4,0,-87598.18778684338,17990.45855251203
2171.0,6586.0,1937.0,5764.0,1570,2014,2015,2540,5508.0,7171.0,337.0,729.0,247.4,0,-152973.24397146114,-30330.08532795652
1474.0,9708.0,0.0,0.0,189,98,137,0,4834.0,8303.0,1053.0,2105.0,247.5,-1,-154469.1398389548,-28975.345283055125
3155.0,5445.0,0.0,577.0,200,156,36,6,7918.0,7279.0,3493.0,2930.0,247.5,0,-151384.1932287647,-25980.174882524745
569.0,2868.0,0.0,0.0,154,81,150,27,2473.0,4781.0,12423.0,35601.0,247.5,0,-147474.2813198396,-20264.225524667752
520626.0,685780.0,71079.0,106621.0,1559,1164,169,145,833952.0,681379.0,283729.0,253107.0,247.5,3,617040.2598491327,575786.4931831836
1405.0,6306.0,593.0,2468.0,1652,2254,2104,3308,6295.0,9889.0,573.0,763.0,247.5,0,-153768.5822618663,-28834.273204160323
4439.0,8552.0,0.0,0.0,243,151,168,128,20112.0,20908.0,41828.0,22925.0,247.6,0,-128686.99945966492,941.0906465297704
1571.0,5045.0,436.0,1991.0,204,134,114,89,18301.0,22312.0,14261.0,14904.0,247.6,0,-141563.99397242191,-13145.876432003945
1056940.0,1027780.0,111805.0,129932.0,2271,1690,580,445,1762320.0,1219820.0,608474.0,451528.0,247.6,3,1428239.8788082046,1270459.8930813896
4498.0,5089.0,2471.0,4133.0,3442,3602,3673,3820,9578.0,9303.0,2990.0,2308.0,247.6,0,-148631.81926545533,-26874.230967794625
7268.0,13767.0,2961.0,4862.0,4267,4548,5900,6118,14681.0,15078.0,4015.0,4065.0,247.6,0,-144253.62065521273,-23418.696653833525
6248.0,18995.0,2471.0,5834.0,1810,1765,2752,3033,7296.0,7721.0,732.0,1932.0,247.6,0,-149829.56900570178,-29439.4245088833
517340.0,674490.0,159194.0,231077.0,629,565,245,166,245527.0,216398.0,153716.0,116398.0,247.6,0,346014.9864317186,72137.20365651674
36601.0,55523.0,7207.0,8121.0,1722,1609,4432,4027,11701.0,12615.0,5918.0,3960.0,247.6,0,-129971.01585639112,-29094.58263616504
5423.0,8283.0,896.0,2008.0,1392,1595,2060,1949,5201.0,5428.0,1585.0,1348.0,247.7,0,-151960.3373697167,-29458.695289202955
1216.0,4530.0,0.0,1402.0,103,0,245,181,8968.0,14194.0,1047.0,2182.0,247.7,0,-152702.04540264452,-26336.085979352498
724.0,3498.0,405.0,2025.0,97,0,215,133,3763.0,7510.0,785.0,1767.0,247.7,0,-155119.53619907386,-30025.999181434523
1152.0,5236.0,0.0,346.0,140,47,188,113,1917.0,5856.0,23579.0,63230.0,247.7,0,-139878.13513927086,-11538.35863188926
724396.0,850486.0,96894.0,139960.0,2153,1811,177,169,1148410.0,921725.0,381484.0,355110.0,247.7,3,909044.2784347604,802549.7981462595
20046.0,42329.0,3877.0,6995.0,5218,5696,7107,7041,20704.0,19761.0,3593.0,6593.0,247.8,0,-135505.62073203118,-20785.274060136075
9122.0,20490.0,1616.0,2784.0,5646,6235,6696,6956,18283.0,18646.0,2893.0,4649.0,247.9,0,-143135.53053313814,-20793.633624952847
26423.0,44128.0,1893.0,3573.0,3623,3383,8522,8558,22531.0,21944.0,7370.0,6507.0,247.9,0,-132059.34376990938,-17223.139323525655
6923.0,16157.0,1455.0,3287.0,9356,9813,14493,15484,18475.0,19429.0,3707.0,6598.0,248.0,0,-143495.8938038778,-19758.509588008423
13774.0,16101.0,1431.0,3228.0,5175,5072,6724,6874,15046.0,14904.0,3367.0,2323.0,248.0,0,-142937.49209232617,-23200.42348657392
16901.0,38556.0,2489.0,4661.0,151,50,20,0,29292.0,29786.0,7727.0,17206.0,248.0,-1,-131040.399013882,-10848.236929887911
10323.0,19715.0,925.0,2678.0,7267,7601,10409,11211,4848.0,4728.0,1295.0,1111.0,248.1,0,-150206.09551957907,-30163.392243902905
440417.0,424057.0,809555.0,834935.0,1715,1300,468,185,248720.0,189348.0,124103.0,96457.0,248.1,3,751628.7259135818,-344787.7796804026
6938.0,19042.0,2166.0,5108.0,1553,1718,2102,2590,6483.0,7324.0,1444.0,1075.0,248.1,0,-149971.0560768716,-29646.928071905742
22870.0,43267.0,10613.0,16390.0,149,47,222,79,27061.0,27981.0,9097.0,19227.0,248.2,0,-123224.0739925555,-16853.43671225578
9460.0,16223.0,4413.0,8154.0,2869,2891,4558,4831,11661.0,11754.0,3008.0,4043.0,248.2,0,-144093.95447682423,-26810.311730576534
2322.0,6830.0,556.0,3270.0,1538,2441,2167,2801,5113.0,6338.0,1115.0,1802.0,248.2,0,-153620.34750128366,-29223.571359016107
35538.0,59943.0,4607.0,7537.0,91,119,0,26,38335.0,36095.0,24458.0,30785.0,248.3,0,-109972.4460377041,1522.3265139466057
40848.0,60743.0,2248.0,4781.0,171,213,52,74,37039.0,33745.0,22618.0,24682.0,248.3,0,-111461.1444044214,87.39658942393362
22755.0,34014.0,4208.0,6078.0,336,252,286,123,27099.0,24191.0,16190.0,19747.0,248.4,0,-124993.29320146152,-9740.99289734356
83381.0,130281.0,28626.0,47632.0,133,140,203,130,97386.0,88076.0,71940.0,66719.0,248.4,0,-25107.94866217082,46360.9848476793
4230.0,8904.0,97.0,2483.0,303,154,175,185,8152.0,14143.0,50971.0,60508.0,248.4,0,-125974.41745448943,3199.7158233956325
560272.0,680493.0,60930.0,89229.0,1637,1260,428,239,882469.0,707951.0,318998.0,300082.0,248.4,3,667091.5520241652,632596.5702225373
9247.0,11891.0,988.0,4168.0,2263,2322,2977,3029,6700.0,7200.0,1371.0,1245.0,248.4,0,-149743.91150952244,-28922.064948746112
19010.0,33975.0,1680.0,3393.0,3689,3767,4957,5000,14558.0,15202.0,4270.0,4897.0,248.4,0,-140188.38142271017,-23216.51793594472
44410.0,72711.0,784.0,2716.0,324,146,220,142,53866.0,50944.0,34859.0,35748.0,248.5,0,-97511.24498917349,18326.994647300296
56919.0,89603.0,28783.0,44928.0,158,102,0,80,60736.0,54557.0,47585.0,47539.0,248.5,0,-63770.47637436254,11510.997062889266
1915.0,12432.0,1148.0,4586.0,1202,4058,2075,5996,5119.0,16784.0,1036.0,3491.0,248.5,0,-153192.1163649034,-29327.02131699138
5574.0,19720.0,1096.0,4325.0,3630,5661,4634,7143,13237.0,21056.0,1275.0,1907.0,248.5,0,-148173.1208557762,-24549.2294888864
13472.0,24600.0,2174.0,4198.0,3246,3461,4467,4356,11917.0,12106.0,1646.0,3040.0,248.5,0,-144510.38885054845,-26236.46917015368
8031.0,21316.0,3232.0,6412.0,2884,3313,3359,3916,10304.0,11562.0,1401.0,2435.0,248.5,0,-146904.18846300812,-27769.212339650625
24448.0,40732.0,2119.0,3939.0,7185,7136,8641,8261,23554.0,22852.0,4773.0,4482.0,248.6,0,-133457.01905199833,-18007.309961242114
15762.0,20522.0,1187.0,4854.0,1613,1665,3534,3670,10215.0,10606.0,4300.0,5103.0,248.7,0,-143786.20413831333,-25397.87456395775
5391.0,9851.0,563.0,2332.0,1598,1499,2214,2269,6666.0,6696.0,1079.0,1469.0,248.7,0,-151713.7465763378,-28513.969078240945
4259.0,9548.0,3122.0,5708.0,2145,2231,2793,2952,7938.0,8360.0,933.0,2398.0,248.7,0,-149771.25165467625,-29154.02131017331
9320.0,16926.0,2130.0,3120.0,10140,10788,10779,10531,24355.0,23846.0,2619.0,3694.0,248.8,0,-140168.68393348495,-17552.36154598224
8414.0,14965.0,3227.0,5021.0,3581,3195,4160,4245,11568.0,11760.0,1990.0,1769.0,248.8,0,-146045.16964184394,-26850.18945254685
55467.0,87648.0,23820.0,42814.0,173,111,0,55,48564.0,47845.0,35078.0,40968.0,248.9,0,-78725.66919694383,722.6342849764515
1366.0,4220.0,1065.0,3153.0,134,46,256,158,4515.0,4102.0,1249.0,2019.0,248.9,0,-153858.61899353348,-29771.410582943037
601933.0,793536.0,275989.0,392617.0,614,611,566,239,352244.0,292454.0,184359.0,156124.0,248.9,0,525751.2729155881,80021.40156433202
7151.0,18002.0,151.0,1727.0,6151,6303,7883,7841,19279.0,19047.0,662.0,2886.0,249.0,0,-145548.8392522917,-20332.70251471845
41006.0,65936.0,7324.0,13726.0,89,91,321,180,42104.0,36895.0,23182.0,28754.0,249.0,0,-104884.90274937612,983.6243048988144
5578.0,9832.0,1584.0,3713.0,1510,1415,2034,2118,5514.0,5577.0,1708.0,1015.0,249.0,0,-151277.09191012874,-29704.806071581348
8288.0,16395.0,2336.0,5782.0,5760,6063,7611,7811,17743.0,18366.0,3489.0,3432.0,249.0,0,-143155.7089382904,-21476.05251563888
6941.0,24115.0,3645.0,7291.0,2848,2864,3829,4132,11355.0,12592.0,2620.0,3689.0,249.0,0,-145982.72361014207,-26579.249193225776
1762.0,10345.0,17.0,783.0,134,49,193,117,1559.0,4315.0,9594.0,26617.0,249.0,0,-149565.19482093956,-23559.087435255355
31837.0,41439.0,4555.0,7863.0,0,55,74,144,36633.0,34899.0,18241.0,30231.0,249.0,0,-114655.75619183586,-1977.9761288872835
14149.0,20347.0,5226.0,7024.0,5520,5463,7846,7822,20118.0,20367.0,3730.0,3879.0,249.1,0,-137543.89765458216,-21996.08184076981
5775.0,12642.0,216.0,1496.0,4115,5090,4776,5278,11285.0,13245.0,413.0,562.0,249.1,0,-150065.30312976215,-25821.638205989275
3928.0,12239.0,1344.0,2530.0,1730,1724,1968,2103,5373.0,5021.0,723.0,1255.0,249.2,0,-152514.87715092447,-29911.186465254945
4962.0,11758.0,1314.0,2805.0,1954,1965,2718,2845,7128.0,7375.0,1822.0,3057.0,249.2,0,-150686.2522222853,-28097.96266523573
2438.0,7283.0,2349.0,4606.0,1326,1606,1799,2228,5061.0,6233.0,960.0,1553.0,249.2,0,-152447.6925299931,-30495.383221292
1739500.0,1589290.0,2252480.0,2575800.0,4865,2565,869,684,258229.0,197306.0,87635.0,65056.0,249.2,3,2266939.159691984,-1349454.2156502977
67814.0,104575.0,4610.0,9269.0,349,213,0,99,53098.0,50117.0,35648.0,31753.0,249.3,0,-85844.7895213684,13607.748845042815
6242.0,16682.0,2073.0,4828.0,1230,1392,2234,2379,5870.0,7076.0,1357.0,2115.0,249.3,0,-150497.91749857966,-29799.90467617832
5419.0,11347.0,1788.0,3222.0,2557,2883,3797,4332,10044.0,11178.0,2221.0,3063.0,249.3,0,-148706.46514139132,-26411.09023019843
53963.0,79124.0,5183.0,8015.0,545,266,286,188,54716.0,51847.0,48829.0,43514.0,249.3,0,-84040.67933021081,22589.95345795441
25724.0,48366.0,4845.0,9498.0,98,89,98,52,31202.0,29353.0,17958.0,25468.0,249.4,0,-120113.271544171,-6079.864595829873
11485.0,18502.0,2349.0,4162.0,5302,5587,7470,7746,21886.0,21246.0,4705.0,4442.0,249.5,0,-139394.5876705142,-18400.061697140205
45866.0,69416.0,9265.0,16561.0,312,298,241,142,36645.0,34362.0,19427.0,27274.0,249.5,0,-105587.6366063322,-5815.950943609478
10351.0,11631.0,2298.0,4337.0,6117,6407,7069,6996,15648.0,13955.0,4291.0,3059.0,249.5,0,-143032.61265074887,-22635.821476939
4919.0,10728.0,1139.0,2993.0,3561,3743,5099,5450,11292.0,12454.0,1441.0,2973.0,249.5,0,-149092.12201448425,-25521.54265297812
2875.0,7240.0,794.0,2150.0,2745,2774,3212,3556,8171.0,9846.0,188.0,1857.0,249.5,0,-152182.0587727619,-27854.11175555537
2438.0,12516.0,266.0,2199.0,1701,3356,2004,3780,5599.0,10001.0,570.0,1472.0,249.6,0,-153796.67715219743,-29023.922962157256
1464.0,9659.0,1.0,1524.0,1200,3197,1300,3539,3484.0,9223.0,179.0,417.0,249.6,0,-155611.63864834563,-30466.147561636983
1424.0,4595.0,849.0,1861.0,2138,3020,2547,3732,6333.0,8339.0,1558.0,1925.0,249.7,0,-153054.90476724715,-28371.77081877955
57200.0,89779.0,2851.0,4539.0,414,297,27,58,76605.0,66448.0,59294.0,53923.0,249.7,0,-69280.86013231568,43744.79494277033
91766.0,130912.0,14892.0,21414.0,82,24,35,106,106643.0,90413.0,51161.0,45563.0,249.7,0,-37327.06367452473,48177.140373947404
100189.0,150816.0,12592.0,17219.0,95,160,286,141,106953.0,91617.0,85379.0,67036.0,249.8,0,-19984.706464253715,67074.47914015374
2540.0,6719.0,992.0,2189.0,1943,2258,2110,2426,5764.0,6596.0,183.0,897.0,249.9,0,-153393.9625351772,-29636.651304134863
7962.0,12685.0,1702.0,3245.0,2123,1926,2862,2833,8718.0,7799.0,2256.0,2050.0,249.9,0,-148439.46107090675,-27510.50271086992
5712.0,8152.0,1055.0,4190.0,8131,8816,8906,8950,15228.0,14985.0,1704.0,2092.0,249.9,0,-147050.171092432,-23057.561369244384
33963.0,52427.0,9197.0,15652.0,266,218,245,182,32359.0,28923.0,20914.0,21823.0,250.1,0,-112581.36352616176,-7960.486564531271
101771.0,156687.0,20885.0,33259.0,321,238,0,39,66744.0,62289.0,37687.0,45616.0,250.1,0,-52043.81683247056,12891.559835754484
48331.0,75363.0,3822.0,6481.0,720,280,222,160,35071.0,30691.0,24278.0,23382.0,250.1,0,-107747.16021247672,-2143.5857938034424
426489.0,534553.0,61244.0,91244.0,1827,1481,251,134,420061.0,337168.0,186709.0,159465.0,250.1,0,337471.7520614959,270646.1134977098
49365.0,73307.0,5776.0,9188.0,0,18,141,47,34938.0,31422.0,22758.0,23796.0,250.3,0,-106544.66049467276,-4092.589135067323
14543.0,30762.0,3282.0,5938.0,4484,4666,6794,7312,18285.0,20336.0,2879.0,4959.0,250.3,0,-139732.6192756551,-22145.526849066067
39435.0,67518.0,4768.0,8198.0,5613,5116,8493,7836,23744.0,21427.0,5263.0,5733.0,250.3,0,-125069.40226072069,-20116.892848842865
111115.0,180618.0,19079.0,30605.0,0,140,0,0,81027.0,73800.0,58183.0,61870.0,250.4,-1,-33433.30519368034,33681.732405696835
58555.0,82399.0,84128.0,135208.0,2169,2347,7332,7039,16849.0,17215.0,5881.0,5899.0,250.5,0,-65304.15501480752,-75257.49786466996
94406.0,150683.0,93354.0,141821.0,4364,4123,6548,6397,20621.0,18611.0,6822.0,5260.0,250.5,0,-42280.329381203526,-80706.19085529432
5537.0,10760.0,1515.0,3528.0,1490,1509,2565,2864,6947.0,8311.0,2744.0,3950.0,250.5,0,-149941.71302830416,-27845.74561145727
12787.0,18605.0,1771.0,2993.0,3252,3368,5151,4815,13197.0,12673.0,4632.0,3556.0,250.6,0,-143324.11428558335,-23792.25213181824
6217.0,12142.0,1616.0,4034.0,2569,2710,3854,4210,10909.0,11823.0,3426.0,3461.0,250.6,0,-147613.40088308914,-25238.42080186538
91684.0,118310.0,53182.0,76644.0,1960,2487,4979,4738,13537.0,13707.0,4715.0,4704.0,250.6,0,-75185.50077128602,-60762.17201167371
7821.0,10304.0,1472.0,3230.0,1196,2057,1375,2608,4354.0,7388.0,2675.0,2221.0,250.6,0,-150451.1215683024,-29915.694468716392
42170.0,73513.0,8172.0,13124.0,215,316,0,22,34756.0,33399.0,23702.0,28794.0,250.6,0,-106938.397424573,-4046.663153690264
12254.0,21867.0,1817.0,3785.0,2781,2798,3643,3771,9455.0,9797.0,2836.0,2482.0,250.7,0,-145999.04901455215,-27081.63917981575
2688.0,10626.0,612.0,3149.0,1326,1704,2053,2524,5428.0,7019.0,653.0,1188.0,250.7,0,-153538.4822065467,-29375.833576801306
3109.0,12222.0,1165.0,3701.0,2023,2507,2379,3134,5706.0,7463.0,0.0,490.0,250.8,0,-153186.06772989905,-29960.449348277925
66741.0,107599.0,23444.0,38974.0,853,437,105,80,49209.0,41716.0,34446.0,32178.0,250.9,0,-75419.8373153802,-1042.3468290940982
5369.0,11785.0,1314.0,3221.0,1818,2189,2187,2709,7382.0,9060.0,0.0,109.0,250.9,0,-151450.92957578378,-29202.59490305473
182305.0,261813.0,38747.0,58993.0,988,609,563,199,125008.0,113380.0,101027.0,93891.0,251.0,0,49015.10600949038,67608.64668914642
35154.0,53142.0,14731.0,25399.0,331,212,21,97,44347.0,42090.0,29818.0,29620.0,251.0,0,-98596.56442947048,1054.3343561071124
190405.0,277994.0,54665.0,84505.0,441,313,112,132,205649.0,165191.0,93686.0,72980.0,251.0,0,94326.12468106028,101639.17211609337
52257.0,77733.0,5245.0,7755.0,0,113,304,167,19511.0,17280.0,16087.0,13812.0,251.1,0,-116405.0062514206,-18102.40698615712
1564.0,6860.0,0.0,85.0,143,12,139,29,6388.0,9583.0,5404.0,8286.0,251.1,0,-151343.5044796829,-25182.44147362656
488680.0,597089.0,76547.0,121299.0,1003,879,436,204,839165.0,677966.0,331131.0,276116.0,251.1,3,630483.841015902,601309.4354731604
7912.0,13023.0,2967.0,6166.0,1387,1595,2947,3261,8228.0,8655.0,2461.0,3360.0,251.2,0,-147567.63545777806,-28314.18817709277
9684.0,13293.0,1850.0,4106.0,2383,2880,3358,3770,10381.0,11399.0,1492.0,1558.0,251.2,0,-147225.26372299445,-27062.427023819608
62968.0,99839.0,6431.0,10346.0,397,212,0,60,67201.0,64209.0,35046.0,44248.0,251.2,0,-78857.19426282166,23449.071809828576
3325.0,12648.0,1414.0,3740.0,2619,3481,3639,4668,9635.0,12676.0,913.0,1334.0,251.2,0,-150707.88956925904,-27125.55371515316
52651.0,80869.0,10781.0,14099.0,179,117,220,155,52934.0,45620.0,43757.0,37632.0,251.3,0,-84131.41296089046,14961.84227533542
1826.0,10902.0,302.0,1512.0,1390,2484,2032,3492,4941.0,8582.0,570.0,912.0,251.3,0,-154390.4996618167,-29512.33343178944
39941.0,60180.0,8951.0,13329.0,37,75,244,99,45460.0,42892.0,33176.0,34993.0,251.3,0,-98208.18034762787,7347.936315049108
9776.0,18740.0,3270.0,4267.0,5568,6230,7397,7580,16488.0,17110.0,2981.0,3132.0,251.3,0,-142693.2104134914,-23214.3063908475
1885.0,7381.0,611.0,3091.0,100,15,247,178,2460.0,4366.0,2368.0,2707.0,251.3,0,-154386.22546088512,-30239.47787524837
2950.0,11366.0,0.0,1865.0,107,97,253,168,7356.0,9563.0,4167.0,4485.0,251.3,0,-151276.22726280702,-25789.22703063653
2886.0,7450.0,202.0,1574.0,29,37,105,16,9572.0,10565.0,38432.0,54054.0,251.3,0,-131255.79626499733,-2178.14814256418
865404.0,914151.0,157708.0,229106.0,3901,2964,589,466,2209860.0,1651270.0,1094340.0,792034.0,251.3,3,1805595.7114057,1795574.2858901424
6766.0,8365.0,1189.0,3252.0,2042,1949,3166,3168,7478.0,6745.0,1080.0,1515.0,251.4,0,-150343.92109019114,-28473.248290373227
7390.0,17061.0,4226.0,8570.0,4140,4821,6140,6743,16354.0,17715.0,3639.0,4833.0,251.4,0,-142617.573780119,-23196.864999214093
12352.0,26512.0,1841.0,3535.0,3862,4281,5607,6420,15454.0,17109.0,3992.0,4816.0,251.4,0,-142511.46304994918,-22446.64451805094
15904.0,18881.0,21697.0,34344.0,4061,4212,5967,6033,17796.0,17746.0,5354.0,3064.0,251.5,0,-126006.86187713363,-33371.8703793633
10068.0,11963.0,2301.0,4709.0,3603,3181,4283,4264,10440.0,10403.0,1774.0,2186.0,251.5,0,-146542.6417088842,-27112.95393936681
9348.0,21472.0,1596.0,4590.0,2395,2687,3223,3322,9286.0,9358.0,1283.0,2617.0,251.6,0,-147975.38243803475,-27491.54003457416
3153.0,8534.0,200.0,1107.0,266,191,109,19,10940.0,9174.0,6122.0,6130.0,251.6,0,-148509.73504771228,-22578.051246492272
2828.0,7974.0,837.0,2829.0,125,111,130,30,2944.0,5365.0,17929.0,37216.0,251.6,0,-143522.89207487574,-18069.22352945849
548056.0,687907.0,77706.0,116907.0,1640,1378,560,253,872857.0,731999.0,283941.0,245536.0,251.6,3,649511.1896606007,593316.8439706201
12100.0,19221.0,3002.0,6921.0,2794,2551,4079,3981,10101.0,10423.0,1118.0,3060.0,251.6,0,-145512.97397668575,-28034.24761935443
7740.0,13942.0,2325.0,3972.0,2655,2876,3756,3854,9729.0,9081.0,1451.0,1699.0,251.6,0,-147983.48429163246,-27640.417647590813
35380.0,53479.0,2633.0,4062.0,382,275,0,44,44506.0,39761.0,33804.0,32274.0,251.7,0,-104980.42662275952,10834.050088029606
7180.0,16840.0,3022.0,6928.0,1076,1162,2999,3069,7813.0,7620.0,646.0,2035.0,251.7,0,-148854.37995801526,-29537.38033172453
7958.0,21332.0,3633.0,6494.0,191,96,130,42,17545.0,17708.0,8337.0,12999.0,251.7,0,-139508.4060813187,-18837.530730727893
20662.0,34660.0,1438.0,2562.0,5670,6047,8695,8657,23631.0,23390.0,7593.0,6611.0,251.7,0,-134136.63919453076,-15758.653186641382
41511.0,75685.0,4075.0,6670.0,3968,3943,5879,6017,16289.0,16555.0,3222.0,4399.0,251.8,0,-128987.42000844303,-25605.6750568754
12243.0,23547.0,1404.0,3571.0,5670,5059,7053,7164,18289.0,17953.0,3130.0,3096.0,251.8,0,-142109.3753321984,-21008.52560027152
20937.0,38124.0,1500.0,3415.0,149,206,109,106,27956.0,27186.0,11756.0,18318.0,251.8,0,-129039.0697049616,-9470.936759122464
10929.0,16782.0,2530.0,4090.0,2453,2177,3337,3506,9977.0,9228.0,5029.0,3566.0,251.9,0,-144868.79075427944,-26019.41627410016
7557.0,20105.0,715.0,2773.0,2687,3074,3693,4205,11035.0,12539.0,716.0,2616.0,252.0,0,-148736.87169503674,-25953.38032114328
566.0,3626.0,770.0,3569.0,1309,2335,1671,3050,4423.0,8150.0,781.0,1390.0,252.0,0,-154679.20038425294,-29887.33602589261
23510.0,46328.0,6442.0,10242.0,348,262,1,75,31122.0,30427.0,13325.0,23413.0,252.0,0,-121922.17672656216,-9263.477521383706
10635.0,20280.0,830.0,2871.0,4466,4652,6313,6825,16804.0,17017.0,369.0,2262.0,252.2,0,-144961.6849343473,-22775.690511780173
4270.0,8792.0,1282.0,3448.0,2359,2498,3095,3351,7998.0,9085.0,889.0,1444.0,252.2,0,-151146.26684106735,-28132.622728056987
66544.0,106353.0,6040.0,8021.0,645,260,160,99,73542.0,65566.0,50452.0,43865.0,252.3,0,-69166.21274088456,33874.54492734812
4969.0,12025.0,901.0,1971.0,2956,3134,3927,4244,9032.0,9341.0,1792.0,1890.0,252.3,0,-150264.9862696325,-26833.119031453003
1040.0,6054.0,1156.0,4741.0,1303,2193,1756,3047,4327.0,7412.0,564.0,1111.0,252.3,0,-154377.0482289771,-30356.803488565743
411704.0,518606.0,55707.0,79938.0,1341,809,0,157,399130.0,309998.0,169482.0,127153.0,252.3,0,307715.6050603406,249434.66045521147
3298.0,8420.0,1321.0,4165.0,463,1028,718,1632,2010.0,5008.0,1920.0,2102.0,252.4,0,-153760.50691684263,-31345.85489254074
5544.0,14872.0,1872.0,3936.0,2821,3329,3295,3858,7876.0,9053.0,877.0,1141.0,252.4,0,-150313.5273281633,-28716.55486921828
1662.0,9303.0,393.0,2631.0,183,108,150,43,4598.0,11462.0,36591.0,66795.0,252.4,0,-132936.70295273478,-4091.2163894349433
609554.0,735093.0,77462.0,111744.0,1293,1404,95,196,1032430.0,810932.0,326053.0,293193.0,252.4,3,768027.2348600334,715685.9505083651
174168.0,251587.0,28714.0,40942.0,382,321,235,98,171052.0,146091.0,66928.0,67432.0,252.5,0,43582.80976041083,84994.46790795542
5937.0,14405.0,2319.0,5113.0,2305,2880,3283,3941,8465.0,10067.0,331.0,1630.0,252.6,0,-149719.25632529816,-28800.535932057534
4516.0,12079.0,1694.0,4527.0,2507,2507,3787,4244,9785.0,11176.0,878.0,1921.0,252.7,0,-149897.98432124074,-27203.935845017262
31211.0,46405.0,2473.0,5629.0,418,143,165,140,36738.0,33344.0,26353.0,29978.0,252.9,0,-113339.74858497576,2799.313239033425
2760.0,6423.0,3189.0,5732.0,2658,2619,3197,3555,8188.0,9716.0,314.0,1225.0,253.1,0,-150601.13712516267,-29388.063128735324
8652.0,10587.0,2049.0,3523.0,3920,4148,4930,5371,13491.0,13155.0,1985.0,2481.0,253.1,0,-145804.42801783417,-24796.487423810915
2667.0,14456.0,952.0,3702.0,1936,2899,2177,3317,5098.0,7607.0,1649.0,2483.0,253.1,0,-152928.33745771038,-29171.05260237208
6605.0,14881.0,2471.0,5277.0,1706,1709,2607,2701,7601.0,8348.0,42.0,2035.0,253.1,0,-149787.915747467,-29543.03196211544
61694.0,102118.0,13404.0,21298.0,4163,4119,11569,10977,26299.0,23080.0,9139.0,9246.0,253.1,0,-106963.39802918222,-23171.17394143852
56887.0,95324.0,16193.0,26371.0,210,148,531,234,59641.0,57604.0,39794.0,42238.0,253.1,0,-76515.78008698583,14606.466170615746
2007.0,5366.0,1290.0,3319.0,2074,2720,2679,3503,6273.0,8631.0,1322.0,1839.0,253.1,0,-152636.6014792994,-28836.927513257007
72270.0,99261.0,11136.0,17593.0,213,197,81,89,76201.0,70843.0,63439.0,56109.0,253.2,0,-55764.63782524904,39398.80776961621
39360.0,65760.0,12211.0,22582.0,206,209,280,103,38233.0,39011.0,13320.0,28960.0,253.3,0,-107542.57401520624,-8530.426577571368
2641.0,6669.0,1979.0,4756.0,3315,3741,4387,5157,12105.0,14154.0,1882.0,2970.0,253.3,0,-148917.4850336815,-25203.759133721192
1963.0,12359.0,0.0,0.0,186,133,196,143,2819.0,4300.0,2929.0,5145.0,253.3,0,-154099.1712671533,-29007.48337482912
258597.0,380641.0,15558.0,25923.0,518,558,105,90,255571.0,215727.0,88695.0,87610.0,253.3,0,117758.3373494506,153578.3903441604
78524.0,106834.0,9161.0,13423.0,538,313,0,76,61388.0,55127.0,48998.0,49794.0,253.3,0,-67372.06423264588,23792.966900152805
6705.0,14602.0,2032.0,3793.0,2633,2694,3882,4145,11787.0,11609.0,1634.0,2483.0,253.3,0,-147515.18453322406,-25885.0441902246
27689.0,52781.0,4823.0,7639.0,98,62,409,188,23920.0,21286.0,16768.0,16559.0,253.3,0,-124171.05633625576,-12726.375383120769
36796.0,56765.0,11990.0,18997.0,484,302,640,217,36112.0,33277.0,30532.0,30291.0,253.4,0,-103180.0835404871,-2129.6796504779595
8541.0,23699.0,5633.0,10759.0,4330,4762,5623,5754,13845.0,14293.0,0.0,1779.0,253.4,0,-144034.75088453275,-27759.865881821028
8398.0,20002.0,3513.0,6830.0,3328,3552,5034,5461,13679.0,15885.0,3761.0,4003.0,253.5,0,-143966.1577619796,-24590.026985242475
46759.0,72575.0,68753.0,111468.0,0,58,149,183,46362.0,41043.0,38528.0,35635.0,253.5,0,-51655.799693777066,-27721.792612087826
3785310.0,1800150.0,9753980.0,6193300.0,40809,11697,13818,3895,677505.0,469606.0,316106.0,229461.0,253.5,4,8579265.779948875,-5804723.568917781
12244.0,14390.0,1625.0,3522.0,4900,4687,6946,6856,19470.0,19256.0,4531.0,5022.0,253.6,0,-140665.40782405713,-19503.255251243485
4459.0,11060.0,1738.0,4851.0,2793,2946,4056,4249,11310.0,11394.0,1447.0,2580.0,253.7,0,-148909.2096447237,-25918.7194787896
5882.0,13479.0,870.0,2726.0,2555,2634,3558,3490,9621.0,9934.0,1771.0,1592.0,253.7,0,-149693.73779237084,-26557.7501826786
13565.0,15317.0,1532.0,3542.0,3937,4241,5746,6094,16824.0,17372.0,2753.0,3615.0,253.7,0,-142219.13619996727,-22177.61860741891
26481.0,39186.0,7374.0,9858.0,327,244,13,24,27940.0,26514.0,23295.0,25650.0,253.7,0,-117534.37005605064,-7511.104366946769
30024.0,58235.0,10345.0,19717.0,378,318,111,134,47198.0,42483.0,35917.0,26731.0,253.7,0,-100554.94388829348,8039.691405045927
1576.0,4895.0,654.0,1781.0,1152,3093,1824,4614,4491.0,12683.0,334.0,630.0,253.8,0,-154576.18818968916,-30146.184296275165
71574.0,106910.0,4936.0,5721.0,0,109,0,97,67345.0,58807.0,52458.0,38606.0,253.8,0,-70588.26782155852,30320.44398593056
21764.0,35353.0,9638.0,16769.0,373,236,172,85,26874.0,25148.0,15570.0,20370.0,253.9,0,-121900.90764580108,-13388.44612234582
57954.0,88026.0,2507.0,3431.0,180,238,59,33,58519.0,53106.0,32445.0,38966.0,253.9,0,-89162.02304004195,18810.3217769862
674.0,3711.0,418.0,1766.0,127,79,112,71,1827.0,5141.0,9310.0,25901.0,253.9,0,-149808.4060950698,-23804.954220851832
41512.0,64179.0,9305.0,14579.0,227,99,304,202,52810.0,47379.0,32767.0,37347.0,253.9,0,-93859.85523966532,11876.989503921464
21617.0,35200.0,1790.0,3757.0,6090,5826,8771,8689,23575.0,22067.0,7224.0,6334.0,253.9,0,-133697.8532473,-16276.585363204833
54075.0,73813.0,12202.0,18497.0,819,463,90,111,56691.0,51615.0,34447.0,38054.0,253.9,0,-84254.47116515574,12512.992704212533
34772.0,63061.0,8575.0,12906.0,390,192,213,125,38264.0,36511.0,16637.0,25222.0,253.9,0,-111166.22712578344,-5138.270897714956
28201.0,56312.0,5765.0,10934.0,115,160,282,144,34550.0,30104.0,21242.0,22921.0,254.0,0,-116063.81921512847,-3731.93399506481
79403.0,112459.0,45555.0,71346.0,838,334,279,167,62186.0,56927.0,51533.0,48464.0,254.0,0,-40751.15231453473,2241.7930546852917
15714.0,28799.0,1031.0,2692.0,2684,2829,4235,4084,13368.0,12630.0,5439.0,4752.0,254.0,0,-142112.87701261812,-22880.887318488152
230986.0,330329.0,110092.0,171415.0,137,301,381,140,179921.0,155526.0,68960.0,63705.0,254.1,0,127325.13738536077,36073.19413442834
8326.0,18353.0,1774.0,4019.0,2332,2391,3046,3083,9428.0,10266.0,2478.0,3244.0,254.1,0,-147687.10223585062,-26845.4102178062
2081.0,10551.0,398.0,3101.0,520,1614,531,1907,1090.0,4219.0,142.0,213.0,254.1,0,-156205.99242009383,-32318.68340413249
79505.0,115115.0,14654.0,21219.0,475,289,321,143,83529.0,70177.0,65874.0,58691.0,254.2,0,-45842.98115248335,42789.7188829222
136695.0,204078.0,13703.0,21083.0,819,344,395,138,107628.0,92770.0,46590.0,37848.0,254.3,0,-21964.451003382823,43470.69674204779
9041.0,18861.0,1812.0,3210.0,4728,4861,6713,6980,17144.0,17156.0,933.0,3194.0,254.3,0,-144456.04449383027,-22686.69740718307
3512.0,8691.0,1819.0,3842.0,1549,1768,2309,2606,6005.0,6808.0,145.0,1249.0,254.3,0,-152286.3426505822,-30025.298670997858
9822.0,25897.0,1900.0,3620.0,3087,3318,4827,4950,14229.0,14495.0,2633.0,3839.0,254.4,0,-144686.7543534236,-23822.04342868483
3859.0,10219.0,1174.0,3728.0,1979,3111,2383,3876,5522.0,8008.0,2183.0,1563.0,254.4,0,-152014.55282855773,-29042.935955336696
6680.0,12654.0,1115.0,3030.0,2817,3140,3436,3894,9286.0,10266.0,1514.0,2550.0,254.4,0,-149322.14318784006,-26929.84625115881
11555.0,19578.0,3409.0,5439.0,1085,949,2291,2113,6304.0,5870.0,2649.0,2790.0,254.4,0,-146642.04417072755,-30058.836628045257
58248.0,85122.0,32806.0,52297.0,355,265,0,93,54964.0,50409.0,46165.0,42060.0,254.4,0,-64266.06212214514,3774.039701393096
38705.0,64979.0,5892.0,11896.0,0,13,46,78,44417.0,42693.0,20629.0,25864.0,254.5,0,-107081.23711276524,1959.0391817506209
28489.0,51925.0,18911.0,32871.0,207,153,96,55,31486.0,31752.0,24967.0,22706.0,254.6,0,-106901.41720767337,-12413.416762886318
98721.0,139789.0,3309.0,7491.0,450,280,0,72,86559.0,80237.0,84199.0,64144.0,254.6,0,-36990.90468279335,59143.09271244511
42585.0,67630.0,14987.0,22787.0,167,178,0,0,57806.0,53102.0,40025.0,44165.0,254.6,-1,-83716.31163684107,15548.230017915728
1225550.0,1147640.0,1520460.0,1818720.0,3638,1954,1415,644,349766.0,277203.0,104563.0,78050.0,254.6,3,1600108.241399139,-789402.145578936
4893.0,11718.0,2416.0,5522.0,1236,1506,1911,2268,6120.0,7168.0,562.0,1633.0,254.6,0,-151055.47348924325,-30181.22683675701
10057.0,16934.0,1740.0,3610.0,6282,6402,7565,7720,18017.0,17200.0,3005.0,4013.0,254.6,0,-142823.42329772096,-21153.98210577223
631431.0,782503.0,696287.0,1041160.0,1588,1233,472,264,306256.0,256228.0,155749.0,130856.0,254.6,3,793596.010661249,-230909.79353209943
43752.0,66573.0,37175.0,61136.0,264,118,55,31,39608.0,38593.0,17714.0,28022.0,254.7,0,-86381.7273650966,-21927.012193258983
1715.0,6560.0,0.0,726.0,176,113,165,50,4581.0,7075.0,1605.0,1977.0,254.7,0,-154295.34813450938,-28941.33538380943
818.0,3258.0,463.0,1794.0,173,148,93,25,5274.0,7836.0,664.0,1140.0,254.7,0,-154483.66039965977,-29264.901746414856
3838.0,12599.0,113.0,1390.0,281,153,181,87,3904.0,5089.0,781.0,1678.0,254.7,0,-153994.72875082758,-29972.089882536853
715256.0,905876.0,54279.0,82242.0,1966,1818,681,283,954413.0,753906.0,381254.0,328621.0,254.7,3,784983.4780810219,702892.2924928822
1523560.0,1348030.0,4407040.0,5062120.0,5351,3382,1257,785,298715.0,247139.0,147128.0,124284.0,254.8,2,3714079.281174136,-2628051.6474748733
13824.0,23090.0,2034.0,3118.0,4577,4811,6373,6606,16488.0,17346.0,2874.0,3934.0,254.9,0,-141830.69362340818,-22619.15286121674
2946.0,8817.0,3997.0,8015.0,183,128,251,158,4336.0,4350.0,3379.0,3864.0,254.9,0,-150248.2272603542,-30638.26663209952
1032320.0,1088460.0,1264220.0,1571720.0,2639,2051,499,492,411301.0,311404.0,206874.0,153471.0,254.9,3,1419049.7054092777,-522029.4092047021
6352.0,13042.0,880.0,3359.0,3222,3319,4215,4618,9672.0,10744.0,0.0,705.0,255.0,0,-150234.70012950257,-27446.80040178218
15822.0,32474.0,2634.0,4818.0,4892,5263,6997,7600,16255.0,17288.0,1952.0,3864.0,255.1,0,-141050.78846673816,-23669.90716784446
57781.0,80405.0,13327.0,21359.0,557,341,0,30,42399.0,38530.0,22249.0,28072.0,255.1,0,-94166.5825511138,-4190.978151388768
8085.0,10786.0,2140.0,5350.0,1525,1670,2581,2477,6412.0,6667.0,1730.0,2810.0,255.2,0,-149225.99615264812,-29350.41993415615
2587.0,10308.0,540.0,1733.0,1562,1829,1843,2314,5342.0,6503.0,726.0,1449.0,255.2,0,-153608.15163929973,-29306.624967818465
3069.0,9306.0,1414.0,3899.0,2156,2281,2885,3391,8351.0,9465.0,2044.0,3073.0,255.2,0,-150756.44830051644,-27168.504035026675
5964.0,9661.0,4126.0,4595.0,3334,3113,4278,4300,12281.0,12911.0,966.0,3201.0,255.3,0,-146303.60839758787,-27003.94042847961
19141.0,24569.0,4723.0,5366.0,3020,2870,3757,3822,10665.0,11051.0,2785.0,2892.0,255.3,0,-140592.74081802115,-28544.153605499905
63426.0,97365.0,11617.0,19195.0,234,120,354,182,63835.0,55025.0,48946.0,43066.0,255.3,0,-71625.28812551156,23678.8943826146
789.0,2810.0,1308.0,4588.0,785,1626,1208,2717,2861.0,6847.0,860.0,1417.0,255.3,0,-154889.72104582327,-31190.393478299546
1732.0,10737.0,0.0,421.0,142,13,210,165,5153.0,9429.0,3709.0,6991.0,255.4,0,-152620.5395471076,-26893.11184728723
510213.0,655054.0,36380.0,54100.0,1152,1258,595,207,752928.0,614656.0,265062.0,241815.0,255.4,3,543970.4958177535,537374.9469755453
55091.0,92426.0,3268.0,5113.0,514,198,61,75,32291.0,29183.0,22270.0,21682.0,255.4,0,-107571.1778883729,-5108.412033934943
10258.0,15792.0,815.0,3725.0,753,928,2616,2633,5848.0,6247.0,795.0,1804.0,255.4,0,-149979.23925702836,-29569.403350981516
40873.0,62948.0,3052.0,4650.0,0,86,143,115,29826.0,28788.0,19169.0,18996.0,255.5,0,-116138.9872899633,-7339.01007696025
80185.0,117125.0,3500.0,3451.0,0,277,136,86,66393.0,62158.0,59509.0,50351.0,255.5,0,-64396.432216275774,34904.347300334484
34851.0,47187.0,7494.0,10856.0,133,96,160,134,47586.0,40165.0,30782.0,28087.0,255.5,0,-102096.31875862274,7824.554834583392
8502.0,13552.0,2567.0,3816.0,1727,1515,2433,2433,6869.0,7527.0,1237.0,1383.0,255.5,0,-148916.30406617417,-29793.05608209415
1392.0,6802.0,7418.0,30063.0,130,41,162,54,1915.0,4207.0,29368.0,48886.0,255.6,0,-134334.0992010418,-16085.471241306695
5545070.0,2682670.0,9708370.0,0.0,67451,18715,18627,5317,4509900.0,1650640.0,2752020.0,973506.0,255.6,4,11989183.744652951,-2325792.310762552
2427.0,10749.0,0.0,601.0,234,128,263,170,7024.0,11455.0,1664.0,2109.0,255.8,0,-152863.7150541641,-27396.8243277684
1716.0,7359.0,135.0,1186.0,49,0,139,90,6418.0,16692.0,52196.0,79676.0,255.8,0,-124886.06934339835,5833.232483274169
680188.0,793939.0,90266.0,127473.0,1918,1694,510,270,1221530.0,940274.0,453034.0,397446.0,255.8,3,951081.4887365166,892634.1932120611
14989.0,29924.0,2998.0,5975.0,1393,1387,4125,4287,10853.0,10792.0,2873.0,3649.0,255.8,0,-143274.60885690452,-26911.774768435967
41637.0,63009.0,5707.0,8425.0,85,115,23,47,36482.0,32129.0,25741.0,24178.0,255.8,0,-107911.8259672024,-1258.1843562954018
33616.0,56279.0,6033.0,9114.0,270,182,0,91,39131.0,35734.0,29978.0,27704.0,255.9,0,-107767.67365551968,3076.8320276446066
5024.0,18805.0,2229.0,4654.0,1840,1973,2786,3236,6415.0,7610.0,567.0,1338.0,255.9,0,-151030.94438327276,-29929.491995783847
18354.0,25119.0,3378.0,5385.0,2392,2383,4068,4310,11926.0,12354.0,4167.0,4227.0,255.9,0,-140597.68484612578,-26055.85566859343
69817.0,105131.0,6437.0,9087.0,737,419,254,135,30915.0,27137.0,29844.0,22428.0,256.0,0,-97082.3460542398,-5626.952530703464
60313.0,79786.0,9391.0,12358.0,239,191,68,92,51279.0,46264.0,40405.0,37335.0,256.0,0,-83974.31409675391,12835.589993476437
1309.0,7665.0,149.0,1719.0,578,1641,736,2292,1794.0,5922.0,284.0,364.0,256.0,0,-156304.84489511847,-31582.80392928882
2993.0,15561.0,374.0,1163.0,487,781,771,1798,2463.0,5233.0,337.0,400.0,256.1,0,-155134.29147276006,-31382.331617216845
10821.0,13942.0,4205.0,6210.0,2133,1938,3711,3634,9026.0,8508.0,807.0,1351.0,256.1,0,-146023.27322210744,-29791.190895084896
1086.0,7038.0,0.0,830.0,1238,3171,1631,4236,3843.0,9788.0,304.0,646.0,256.1,0,-155529.71644350214,-30124.00926971223
602670.0,747244.0,72843.0,103731.0,1465,1618,313,167,727932.0,559273.0,328813.0,276228.0,256.1,3,623620.6071268832,524941.4645505865
5562.0,18279.0,913.0,2655.0,2138,2124,2730,2902,6798.0,7252.0,21.0,358.0,256.1,0,-151871.47789719567,-29282.83563025584
37324.0,71004.0,20536.0,36098.0,391,279,225,85,38179.0,36237.0,29263.0,27931.0,256.1,0,-96897.62622260871,-7134.64665238166
6585.0,12376.0,2519.0,4053.0,1395,1494,1712,2077,5564.0,6279.0,0.0,167.0,256.2,0,-150934.62291710742,-31179.09873284221
40835.0,55854.0,8618.0,12293.0,29,213,130,203,37943.0,33481.0,25449.0,25628.0,256.2,0,-105495.90295910648,-1999.4349636934855
58508.0,86650.0,11713.0,18090.0,551,211,179,111,53917.0,50031.0,41214.0,38677.0,256.2,0,-81451.76454428246,13717.851099170122
4024.0,12263.0,1023.0,3409.0,2323,4132,2935,4922,7838.0,11781.0,571.0,2016.0,256.3,0,-151543.36419105044,-28097.177465201337
1026.0,5339.0,240.0,966.0,1182,3602,1450,4132,3561.0,10072.0,72.0,392.0,256.3,0,-155633.7465772006,-30587.58670166372
3176.0,12842.0,887.0,2327.0,0,0,114,123,8807.0,6437.0,3701.0,3357.0,256.3,0,-150231.91512403786,-25820.167627355997
1205.0,5336.0,817.0,3778.0,55,0,102,0,4197.0,10615.0,30832.0,44613.0,256.3,-1,-137941.65739717058,-10556.481760243962
525677.0,635442.0,109069.0,164331.0,1190,996,390,196,688904.0,525053.0,240741.0,200472.0,256.3,3,557437.5562940374,433411.8923705758
265668.0,361322.0,33119.0,51054.0,1447,680,0,121,119124.0,102684.0,135057.0,100617.0,256.4,0,90023.47959326845,77361.04933673819
54003.0,81003.0,5300.0,8536.0,378,384,83,79,43107.0,40392.0,33628.0,28729.0,256.5,0,-96655.67559064036,6422.242195311275
8325.0,19040.0,1332.0,2990.0,1127,1021,3377,3843,9027.0,9501.0,1695.0,2315.0,256.5,0,-148582.1549930327,-27297.214219753656
52424.0,85632.0,14031.0,23738.0,177,197,0,0,65217.0,59157.0,47654.0,42244.0,256.5,-1,-74435.78815855944,23089.96690243721
11241.0,21806.0,1834.0,2951.0,3346,3233,4956,4711,13183.0,14166.0,3218.0,5587.0,256.5,0,-144185.28492558302,-24008.1004777498
16227.0,28783.0,4945.0,8227.0,4931,4954,5833,6483,15260.0,16549.0,1632.0,3210.0,256.6,0,-139939.69109374026,-26018.29580407496
5238.0,9410.0,2214.0,3673.0,1372,1603,1600,1911,3928.0,5275.0,1552.0,991.0,256.7,0,-151757.72582799033,-31151.26283067064
23692.0,29574.0,4013.0,7210.0,2386,2292,5713,5655,16815.0,15724.0,7397.0,5575.0,256.8,0,-134404.70919776394,-22134.64186903771
5972.0,12747.0,1606.0,4987.0,2160,2493,3137,3682,7690.0,9223.0,1071.0,1609.0,256.8,0,-150276.7526873926,-28538.271275267944
71944.0,102228.0,4557.0,5322.0,180,134,323,154,47670.0,43586.0,33394.0,34706.0,256.8,0,-87095.81731581912,9469.667074876144
1342.0,5646.0,214.0,1615.0,690,1505,643,1626,2003.0,4628.0,1565.0,2252.0,257.0,0,-155440.78806938673,-30653.41641473493
1667.0,11048.0,451.0,2337.0,488,1546,566,1594,1288.0,4315.0,50.0,171.0,257.0,0,-156288.95749215045,-32245.09604456046
2232.0,7543.0,494.0,1220.0,83,101,77,1,3598.0,4188.0,150.0,681.0,257.1,0,-154886.67364900757,-30725.255909446976
304540.0,432783.0,51666.0,80354.0,640,624,326,127,269585.0,227923.0,105261.0,103346.0,257.1,0,175928.239084652,146260.74902595274
4818.0,9326.0,1453.0,2817.0,2923,3012,4107,4495,10303.0,10756.0,1275.0,2446.0,257.1,0,-149493.03148861928,-26493.48925896484
45664.0,66977.0,3213.0,2548.0,189,183,280,244,37873.0,33991.0,29382.0,28116.0,257.1,0,-105516.0651568594,3085.7196279132518
28522.0,54295.0,21685.0,37092.0,4462,4401,7085,7031,20230.0,19730.0,7050.0,5195.0,257.1,0,-118853.08893581892,-31589.40889863597
14668.0,30076.0,4287.0,7243.0,1689,1725,4887,4658,11753.0,11475.0,6093.0,5015.0,257.1,0,-140747.62889684012,-25559.228257237763
14877.0,28448.0,3625.0,6961.0,4940,4811,7040,7364,19623.0,20261.0,1608.0,4949.0,257.2,0,-139224.76878019748,-22071.31294588633
2425.0,11107.0,1352.0,3524.0,3541,5117,4230,6353,11383.0,16635.0,1296.0,2235.0,257.3,0,-150073.24075874858,-25616.98957970917
144455.0,191820.0,8893.0,14301.0,328,236,0,16,166238.0,145101.0,72382.0,60169.0,257.3,0,16651.405823167617,97448.23815588251
79324.0,112660.0,8878.0,11371.0,424,252,207,126,62754.0,50972.0,63204.0,43943.0,257.3,0,-62120.64323590053,29804.80249606756
94220.0,137701.0,13217.0,22926.0,299,244,629,233,70443.0,65940.0,48488.0,53219.0,257.3,0,-53816.347865010524,26289.111113362356
106505.0,165541.0,10505.0,16073.0,312,228,0,44,123157.0,103896.0,42386.0,32164.0,257.4,0,-31806.781582219264,54582.376743342335
5937.0,12907.0,2979.0,5171.0,2491,2748,3267,3445,9249.0,10100.0,974.0,2759.0,257.4,0,-148529.6920340421,-28268.39921381408
119651.0,179464.0,4327.0,6378.0,234,199,0,27,169014.0,147588.0,57096.0,54222.0,257.4,0,-1800.8481039975595,96313.66119236565
70351.0,104713.0,36581.0,61355.0,4376,3734,11926,11820,32520.0,30456.0,10616.0,12471.0,257.4,0,-83654.77463482173,-33213.591578206404
5300.0,18734.0,3275.0,7562.0,853,868,2563,3112,6466.0,7963.0,1459.0,2093.0,257.5,0,-149750.49738535268,-30076.12782839308
22785.0,45705.0,6164.0,9791.0,67,124,100,20,35019.0,33794.0,13928.0,20304.0,257.5,0,-120825.0096055438,-6823.294768151016
111556.0,143407.0,1984.0,3567.0,203,277,259,171,107249.0,89894.0,38179.0,35168.0,257.5,0,-43967.24076587426,48263.12632468704
1400.0,4773.0,1847.0,2992.0,203,129,194,101,4724.0,4233.0,17622.0,12927.0,257.5,0,-145789.71959759793,-21511.888044413987
4042.0,7404.0,2046.0,5148.0,192,133,102,43,11782.0,8665.0,33524.0,22081.0,257.5,0,-134363.39888130967,-9204.480007622864
5495740.0,2269210.0,13401500.0,8115530.0,33772,7059,12775,4505,15077900.0,3269120.0,12334100.0,2553500.0,257.5,1,23019403.4394214,6314928.1352035
63109.0,91769.0,4967.0,7844.0,192,118,139,189,53044.0,46932.0,49311.0,39548.0,257.6,0,-81522.35925386459,20639.73214431125
18750.0,35493.0,3189.0,5111.0,5072,5069,6994,6847,19240.0,18633.0,4968.0,4389.0,257.7,0,-136942.97464111884,-20971.664776929243
56448.0,91360.0,4353.0,8310.0,687,261,0,116,59959.0,56454.0,25088.0,36615.0,257.7,0,-90865.8533589772,15194.800759706975
34920.0,61215.0,4950.0,7211.0,3297,3314,8172,8235,23350.0,22359.0,7671.0,7549.0,257.7,0,-125857.79786862264,-18883.799956882183
7593.0,17785.0,2231.0,6421.0,1671,1775,2661,2786,6310.0,6424.0,647.0,2563.0,257.7,0,-149841.079710651,-29934.075907595143
27921.0,38850.0,3879.0,5181.0,343,177,395,184,30464.0,26753.0,23129.0,20536.0,257.7,0,-118927.2483080345,-4704.037895764639
50522.0,82015.0,11322.0,16468.0,266,235,149,119,60460.0,52627.0,40730.0,39476.0,257.7,0,-82120.8264106776,18544.630386212382
10278.0,17557.0,2073.0,3282.0,2492,1957,4052,4012,10547.0,11376.0,2601.0,4061.0,257.7,0,-146026.52964219183,-26267.478484600622
31449.0,46438.0,9410.0,14831.0,1,109,645,249,34207.0,30634.0,24198.0,23919.0,257.9,0,-111153.99579632204,-5046.850841430394
6629.0,18745.0,1246.0,2415.0,1460,1466,3333,3645,7657.0,8550.0,1990.0,2252.0,257.9,0,-149852.10823970335,-27885.941714737663
29377.0,55923.0,2171.0,3550.0,0,111,270,134,36173.0,36615.0,16304.0,25259.0,258.0,0,-118859.68571425125,-2222.4571424559763
19717.0,29365.0,0.0,628.0,2494,2701,4176,4246,13754.0,13087.0,5152.0,4399.0,258.0,0,-141162.5576285116,-22426.73306592408
8288.0,18811.0,2138.0,3740.0,3218,3449,4369,4822,11639.0,12078.0,1169.0,2542.0,258.0,0,-147022.6647843994,-26333.03201482657
62420.0,96090.0,6607.0,10229.0,302,321,179,126,60132.0,54995.0,36785.0,37717.0,258.0,0,-82330.31780969714,18586.660715378788
853.0,5033.0,683.0,2644.0,1837,4348,2230,5592,4817.0,12519.0,1143.0,2772.0,258.1,0,-154134.0261468383,-29227.67810186367
17213.0,24152.0,1596.0,4308.0,3893,4120,5559,5593,17458.0,16948.0,3060.0,3153.0,258.2,0,-140340.607567033,-21999.74148879163
4327.0,23745.0,1417.0,4683.0,1915,2721,2484,3566,6289.0,9162.0,825.0,1180.0,258.2,0,-151858.88686731397,-29371.94723033702
2217.0,8486.0,870.0,2655.0,41,12,81,0,5531.0,6659.0,3010.0,3350.0,258.2,-1,-152370.54621289572,-28108.392460079056
1581.0,8937.0,0.0,0.0,110,95,220,154,2599.0,7064.0,17732.0,35936.0,258.2,0,-145001.4543809023,-17968.685833800322
439137.0,590122.0,24557.0,33677.0,770,808,564,157,608927.0,485583.0,187685.0,153840.0,258.2,0,402108.1729477588,411781.76913084247
86290.0,129046.0,5405.0,9618.0,0,187,0,51,100318.0,86556.0,45987.0,42678.0,258.3,0,-51246.67478967138,47856.02750304986
159824.0,237512.0,17615.0,24152.0,167,100,0,20,180327.0,153570.0,53800.0,51927.0,258.3,0,27420.66240695617,90762.03262627283
2850.0,5249.0,583.0,2049.0,1187,1920,1691,3221,4827.0,7788.0,383.0,373.0,258.3,0,-153966.49469373823,-29992.98698780408
26794.0,56600.0,12973.0,22551.0,134,143,147,114,41365.0,42203.0,16724.0,29137.0,258.4,0,-109472.12765286137,-4755.433151468085
54527.0,78446.0,14292.0,22363.0,119,156,100,43,54816.0,50898.0,43476.0,42904.0,258.4,0,-79527.98488069605,14553.510102375623
4632.0,17974.0,2308.0,6739.0,2464,3094,2814,3453,7140.0,8708.0,454.0,1293.0,258.4,0,-150856.0293122219,-29550.316388581552
87201.0,137166.0,9362.0,7816.0,613,321,0,0,68069.0,63254.0,66595.0,53065.0,258.4,-1,-53779.35072704784,35254.10330637796
1994.0,9967.0,576.0,2193.0,1456,2355,1946,3035,4149.0,6187.0,200.0,758.0,258.4,0,-154645.49806628676,-30376.27064425667
15275.0,25270.0,2099.0,3831.0,2836,2644,3880,3738,11054.0,10857.0,4261.0,3470.0,258.5,0,-143195.14447715072,-25686.98580770617
5398.0,16016.0,2030.0,4183.0,3654,3840,4674,5117,11526.0,11927.0,726.0,1759.0,258.5,0,-148592.7558508966,-26460.053790572776
17213.0,31902.0,4509.0,6738.0,3814,4629,5609,6391,17276.0,18892.0,3379.0,4529.0,258.6,0,-138119.55015690066,-23588.815861727948
52242.0,74173.0,21911.0,33926.0,696,700,0,174,55824.0,50187.0,54568.0,38701.0,258.7,0,-71184.24545692575,14534.877662184776
14062.0,22685.0,2518.0,3724.0,5227,5598,8462,8929,19791.0,20359.0,392.0,2833.0,258.7,0,-140960.93950765932,-22063.806531060283
2007.0,7698.0,662.0,2361.0,1432,1830,2369,3240,6073.0,8734.0,673.0,1077.0,258.8,0,-153498.06615774028,-28963.90968223936
40847.0,60421.0,9417.0,13665.0,287,142,235,145,45739.0,41073.0,29505.0,30859.0,258.8,0,-99266.12936507013,4968.842891655306
2872.0,7646.0,0.0,627.0,188,138,276,153,3109.0,4187.0,3805.0,3865.0,258.8,0,-153434.51937990007,-28720.858684788756
2783.0,12884.0,0.0,172.0,137,39,245,160,5548.0,6803.0,1468.0,2633.0,258.8,0,-153389.70115915118,-28351.30985335005
457452.0,597878.0,17579.0,26021.0,2651,1826,418,230,625064.0,469705.0,254923.0,202579.0,258.8,3,443040.82375203946,461208.9262090624
65747.0,104425.0,6219.0,8658.0,526,298,128,111,72606.0,67165.0,49632.0,55631.0,259.0,0,-68607.23885104341,34766.3916561809
15857.0,21916.0,4061.0,9192.0,1039,1176,3216,3128,7891.0,7368.0,1603.0,2897.0,259.0,0,-144086.0380827821,-30163.820502670056
4092.0,10244.0,1108.0,2641.0,2805,3515,3949,4594,10825.0,12043.0,421.0,2353.0,259.0,0,-150120.64258991706,-26273.19945376385
5818.0,14693.0,1254.0,2556.0,2145,2312,3048,3411,7968.0,8772.0,1299.0,2328.0,259.0,0,-150282.72886942793,-27920.632565939108
964.0,3919.0,1177.0,4176.0,164,79,185,67,4037.0,4155.0,1240.0,1993.0,259.0,0,-154168.02123884868,-30125.97582148361
998277.0,1014350.0,782890.0,929703.0,2781,1701,872,469,312187.0,243642.0,124090.0,94378.0,259.0,3,990016.087752266,-324510.42645002226
6366.0,19166.0,1400.0,3355.0,1289,1026,2637,2559,7567.0,7833.0,2795.0,3124.0,259.1,0,-149488.0350317296,-27546.226434644304
196200.0,282829.0,16533.0,24175.0,577,319,0,45,238695.0,202045.0,104144.0,81943.0,259.1,0,90256.29775237606,151923.56194778372
94176.0,147278.0,5017.0,8908.0,263,284,235,97,30906.0,29889.0,21388.0,18730.0,259.1,0,-91680.55713143716,-10465.42240330657
21085.0,31170.0,6261.0,9553.0,252,178,45,63,25389.0,24763.0,12862.0,17627.0,259.2,0,-126526.8904282427,-13739.7714111721
77619.0,119129.0,7642.0,12983.0,185,297,0,71,38203.0,32742.0,30484.0,28859.0,259.2,0,-88722.38366706981,-981.9604622067636
18071.0,23765.0,2579.0,4590.0,7805,7677,10526,10146,26485.0,26561.0,2768.0,5011.0,259.2,0,-135098.8440474817,-16780.930608098683
61364.0,97143.0,19268.0,29546.0,243,278,280,125,51191.0,51038.0,37112.0,39049.0,259.2,0,-77761.23635747834,5404.391263829293
139163.0,200882.0,11990.0,16840.0,266,195,0,31,137083.0,119298.0,60988.0,58245.0,259.3,0,-968.8557634475874,72323.99040184089
125517.0,175849.0,11025.0,16096.0,396,344,702,191,144072.0,122570.0,58986.0,60384.0,259.3,0,-4540.167698405392,77740.45014799599
6938.0,12646.0,1378.0,2883.0,2757,3242,3785,4385,9342.0,10281.0,3051.0,2162.0,259.3,0,-148491.11457589996,-26492.78231807581
2840.0,6584.0,1134.0,2084.0,506,1373,591,1615,1399.0,4177.0,0.0,382.0,259.3,0,-155278.6114380881,-32667.023942924243
95066.0,140910.0,385675.0,569008.0,8324,8360,11038,11634,32350.0,34267.0,5957.0,8105.0,259.4,0,165201.0834362978,-256760.17553526585
677.0,3163.0,1931.0,7636.0,792,1233,1397,2111,4083.0,6498.0,0.0,85.0,259.4,0,-154439.8866872744,-31375.792686556582
610265.0,818532.0,71460.0,104714.0,1543,1039,127,64,688071.0,563239.0,312196.0,281614.0,259.5,3,602353.7458181838,494004.2521465912
6076.0,10798.0,1857.0,3233.0,3328,3570,4715,5094,13106.0,13380.0,646.0,1707.0,259.5,0,-147759.0516133132,-25438.03768327932
1319.0,8133.0,171.0,1917.0,317,913,393,939,1762.0,5224.0,1202.0,2735.0,259.6,0,-155662.63739853745,-30852.381431531987
8878.0,22485.0,4027.0,8423.0,10959,11761,11244,12659,24808.0,25669.0,1761.0,5680.0,259.6,0,-138898.74306436567,-18469.092486790425
1349.0,8634.0,0.0,411.0,134,1,156,110,3506.0,7061.0,947.0,1737.0,259.7,0,-155203.12527038372,-29911.85115455743
1004.0,4136.0,0.0,849.0,157,57,175,83,6540.0,8479.0,349.0,354.0,259.7,0,-154371.98249090242,-28443.94816886247
992.0,6308.0,0.0,0.0,145,56,93,22,3155.0,5953.0,129.0,164.0,259.7,0,-156008.2457555894,-30706.42202941481
2735.0,10417.0,851.0,1794.0,88,0,84,62,2769.0,4075.0,11040.0,13466.0,259.7,0,-149173.53886990776,-24884.91834697948
581214.0,747894.0,28920.0,42281.0,1622,1240,592,393,758221.0,601159.0,289967.0,249419.0,259.7,3,580434.1818651479,552461.2361211939
1600.0,5876.0,0.0,375.0,168,93,178,71,4154.0,7877.0,1205.0,1922.0,259.7,0,-154689.5123901479,-29380.475126006477
971280.0,1160150.0,87121.0,107278.0,5287,3188,654,225,1273480.0,858114.0,596025.0,400630.0,259.7,3,1144717.7516179872,969046.3667360065
137515.0,208462.0,14618.0,20203.0,387,287,0,109,161187.0,141566.0,64804.0,60190.0,259.8,0,12691.928905280423,87934.84632305393
13163.0,28282.0,254.0,2004.0,2269,2199,3736,3613,10291.0,10061.0,1625.0,3653.0,259.8,0,-146629.26867923062,-25950.378286275
53226.0,83635.0,8129.0,13742.0,402,220,283,138,53554.0,49212.0,37825.0,36198.0,259.8,0,-87817.62738357832,14262.230416672885
3541.0,7635.0,2629.0,5611.0,3270,3587,4586,5196,13271.0,15576.0,2792.0,3175.0,259.9,0,-147212.50731748572,-24517.849446608627
42845.0,62646.0,12434.0,19951.0,611,363,354,156,46396.0,44245.0,26265.0,39221.0,259.9,0,-96206.56250864976,3342.7318344307605
36651.0,63752.0,4257.0,6277.0,349,342,0,68,33381.0,29983.0,21884.0,20824.0,259.9,0,-114199.63669774133,-4141.46577499136
54743.0,89109.0,9753.0,14906.0,355,216,264,92,59187.0,55124.0,24929.0,35635.0,260.0,0,-88365.94070295381,11204.116448731163
23055.0,36614.0,75976.0,115877.0,6252,6290,8434,8258,23799.0,23566.0,3447.0,3940.0,260.0,0,-83473.64360404809,-64774.62436945671
50402.0,87857.0,30455.0,46280.0,318,187,139,218,42409.0,37377.0,28079.0,31541.0,260.1,0,-82766.2962038253,-11455.04749663108
3744.0,9171.0,863.0,3194.0,1828,2642,2413,3591,5630.0,7287.0,1432.0,1691.0,260.1,0,-152489.01002720837,-29066.30026506596
7931.0,19174.0,2487.0,4707.0,3044,3109,4034,4082,11889.0,11707.0,3298.0,3897.0,260.2,0,-145859.0526037821,-25260.728691673023
15057.0,22477.0,3321.0,5340.0,5393,5085,8209,8411,19344.0,18960.0,2572.0,3025.0,260.3,0,-139371.61766059668,-21970.440697279955
4480.0,9775.0,1100.0,3379.0,1896,2028,2793,2849,6681.0,6631.0,1343.0,1871.0,260.3,0,-151559.59999810602,-28606.011882609968
25565.0,40671.0,3774.0,5881.0,195,146,89,65,33975.0,31023.0,23515.0,21895.0,260.3,0,-118068.31270524905,-1885.609060235056
50885.0,64638.0,30865.0,45988.0,1709,1458,4688,4434,12816.0,12915.0,6257.0,4686.0,260.3,0,-107064.10911473307,-43911.69649142967
4347.0,10471.0,578.0,3209.0,705,1403,883,2520,2367.0,6337.0,2595.0,2703.0,260.4,0,-153357.28032914337,-30341.95325205401
1777.0,10827.0,456.0,2340.0,1582,2670,2322,4393,5530.0,10401.0,263.0,657.0,260.4,0,-154183.40715131542,-29402.63874121398
5797.0,13276.0,1486.0,4864.0,3046,3403,3656,4256,11491.0,12114.0,474.0,508.0,260.4,0,-149074.51698937835,-26474.98759995021
1905.0,7099.0,727.0,1904.0,1688,2242,2085,2832,4772.0,6432.0,150.0,392.0,260.6,0,-154360.80991799268,-30150.965198538102
6558.0,10230.0,617.0,2004.0,523,296,872,491,18366.0,9535.0,14039.0,10157.0,260.6,0,-140047.47464217598,-14395.95865958468
950030.0,984346.0,146313.0,170011.0,8744,5962,135997,106402,953648.0,692628.0,622972.0,455540.0,260.6,3,1049766.1094760797,751480.4105740119
1730.0,8422.0,248.0,871.0,118,0,153,66,3056.0,6353.0,953.0,1394.0,260.6,0,-155119.86903249956,-30429.36158852257
817.0,5423.0,0.0,215.0,95,23,128,18,3075.0,5893.0,8726.0,21698.0,260.6,0,-150222.50904359767,-23682.241978315826
562632.0,580929.0,230234.0,330155.0,2054,1815,245,199,1282210.0,977479.0,458931.0,392885.0,260.6,3,1028553.780990985,852505.9457561886
1337.0,4096.0,0.0,887.0,170,124,80,0,3268.0,4977.0,2570.0,3768.0,260.6,-1,-154460.5764990337,-29054.0676195897
7379.0,11473.0,3410.0,5412.0,4852,4521,6493,6030,15303.0,13515.0,2891.0,1810.0,260.7,0,-144315.35956036503,-24147.14924075514
26700.0,47401.0,7619.0,14415.0,104,151,241,151,40978.0,38853.0,30105.0,33220.0,260.7,0,-107928.24387869582,4637.614065775862
58700.0,87490.0,9310.0,14414.0,200,210,345,175,65972.0,61108.0,36165.0,45072.0,260.8,0,-78653.84926668282,21744.607399598444
6400.0,16821.0,200.0,1333.0,2401,2772,3850,3941,12158.0,12722.0,3043.0,4347.0,260.8,0,-147983.0169683114,-23589.971508591392
59852.0,94441.0,6431.0,10144.0,209,241,177,145,61850.0,54499.0,37910.0,41637.0,260.8,0,-81818.73321946016,21051.53857927448
44213.0,69880.0,611.0,4101.0,321,127,0,54,39705.0,37944.0,23019.0,36440.0,260.8,0,-108377.80919500408,4637.150644515899
135446.0,208883.0,12652.0,18685.0,393,204,289,145,99543.0,87746.0,67709.0,57663.0,260.9,0,-16550.135229969717,51141.50566968479
52983.0,84770.0,2190.0,3920.0,0,41,374,207,56768.0,52880.0,36194.0,46234.0,261.0,0,-89904.166165486,20965.69084977767
12328.0,24344.0,2257.0,3856.0,3183,3224,4668,4405,12165.0,10959.0,3785.0,2558.0,261.0,0,-144081.1537972199,-25236.72135194388
606343.0,772124.0,101506.0,155275.0,2190,1849,440,238,812019.0,654621.0,294567.0,269811.0,261.0,3,669379.2269219202,544473.8003549576
15561.0,30592.0,4208.0,8861.0,46,16,68,53,19530.0,21221.0,3952.0,9234.0,261.1,0,-137197.2709895392,-20881.772406110787
8443.0,16973.0,975.0,3950.0,2105,2524,2923,2949,8217.0,8321.0,985.0,2026.0,261.1,0,-149442.4446229731,-27939.10667850724
3505.0,15536.0,1526.0,4477.0,672,618,1890,2202,4438.0,4854.0,1473.0,2331.0,261.1,0,-152573.66838872692,-30101.03929463962
8841.0,15939.0,4408.0,7072.0,3430,3829,4022,4177,12927.0,11862.0,4077.0,3249.0,261.1,0,-143485.3878492817,-25647.10672252036
10474.0,18815.0,2830.0,6544.0,2397,2310,3794,4018,10636.0,11341.0,2322.0,2557.0,261.3,0,-145676.91131537897,-27058.186174883376
1517.0,9165.0,1002.0,3877.0,985,2533,1100,2933,2914.0,7774.0,383.0,1200.0,261.3,0,-154982.15411910025,-31247.480966841107
1963.0,12556.0,830.0,3541.0,503,1423,765,1895,2077.0,5307.0,237.0,873.0,261.4,0,-155392.32325253764,-31811.82315274368
1090.0,6432.0,484.0,3104.0,945,1810,797,1902,2716.0,6163.0,469.0,1286.0,261.4,0,-155561.8634371558,-30970.50589706857
42248.0,63616.0,11064.0,17357.0,408,366,73,35,22472.0,18623.0,19701.0,15550.0,261.4,0,-113596.60153494874,-17438.648190744985
6352.0,11192.0,5491.0,6930.0,4315,4351,6304,6593,15294.0,14712.0,1749.0,2922.0,261.4,0,-143585.3054338983,-25693.329719879657
59014.0,88740.0,4143.0,6815.0,340,195,87,87,74678.0,69125.0,46212.0,46495.0,261.4,0,-74281.00774630636,34916.21067419843
31964.0,49984.0,3429.0,6650.0,5921,5878,8385,8147,25120.0,23408.0,5051.0,5350.0,261.5,0,-128559.33821077444,-18071.63838824613
60544.0,80361.0,6521.0,8674.0,281,142,487,186,42917.0,40815.0,48874.0,36393.0,261.5,0,-86624.340242451,12738.735807542284
23011.0,37477.0,3920.0,6660.0,9631,9588,11699,11347,25065.0,22068.0,4629.0,4411.0,261.5,0,-132173.368594313,-18155.89897164977
189153.0,261321.0,8581.0,12288.0,423,426,0,41,162581.0,133494.0,63971.0,59394.0,261.5,0,29890.18623059205,88773.3601556979
7498.0,21433.0,2557.0,4823.0,3428,4282,5468,7075,12009.0,14763.0,2005.0,2312.0,261.6,0,-146608.71511868623,-25994.49780338374
3371.0,11736.0,0.0,1461.0,502,1302,673,2036,1612.0,4333.0,85.0,338.0,261.6,0,-155722.33765505138,-31826.09342551358
25930.0,44295.0,4559.0,8447.0,2069,1724,4622,4776,11716.0,10975.0,5567.0,5690.0,261.7,0,-136072.79055613058,-26598.610482141507
40128.0,57616.0,16151.0,23789.0,493,300,143,71,46601.0,42027.0,41194.0,32785.0,261.7,0,-89964.15846189889,6546.224691496947
8181.0,11085.0,2392.0,4096.0,1623,1789,2812,2975,7354.0,7882.0,2981.0,2858.0,261.7,0,-148119.73290506896,-28386.17255236982
59909.0,88220.0,4773.0,5676.0,161,198,431,215,53217.0,47707.0,32036.0,37099.0,261.8,0,-89573.23195422001,13437.920813287445
230307.0,330530.0,5834.0,9132.0,200,188,40,169,247816.0,207052.0,93373.0,82743.0,261.8,0,97072.501570625,157800.4944257405
42475.0,63165.0,6258.0,12723.0,0,152,575,251,55244.0,48710.0,47573.0,33240.0,261.9,0,-89527.33834898245,20820.72998491923
19376.0,28809.0,3324.0,5652.0,3294,3553,3836,4097,12480.0,13248.0,2421.0,3236.0,261.9,0,-140734.5325365798,-26631.07821816876
149276.0,212025.0,15205.0,20053.0,165,259,0,106,142276.0,115524.0,62788.0,57989.0,262.0,0,8365.608588806877,73646.0141702465
9198.0,14185.0,1895.0,3312.0,1550,1760,2164,2283,5891.0,5866.0,266.0,1193.0,262.0,0,-149919.33196752187,-30473.16970377773
42360.0,75261.0,29964.0,49251.0,2578,2152,4918,4607,11877.0,11896.0,4775.0,3619.0,262.1,0,-112280.28299940824,-44179.0041339052
8559.0,19144.0,1405.0,3591.0,2809,2867,3999,4346,10788.0,11567.0,1246.0,2878.0,262.1,0,-147732.03412620566,-26342.81144478717
3846.0,18780.0,981.0,4094.0,2187,2941,2329,3084,5499.0,7434.0,641.0,797.0,262.2,0,-152828.98305523067,-29705.729275843125
27742.0,41652.0,669.0,4509.0,3407,3319,5133,5198,16305.0,14832.0,8718.0,8537.0,262.2,0,-134422.02586059968,-19593.42737653429
24032.0,45882.0,9750.0,15275.0,122,118,96,105,33973.0,31791.0,18322.0,21500.0,262.2,0,-116536.67605875166,-7781.475187897955
6769.0,18803.0,1450.0,3607.0,2409,2837,3822,4520,8865.0,10769.0,1039.0,2730.0,262.2,0,-149397.13398797798,-27581.299513682767
13650.0,21520.0,2926.0,5367.0,1236,1179,4024,3792,10532.0,10511.0,3501.0,2523.0,262.4,0,-143928.37608580894,-26899.819927150897
8245.0,18453.0,1090.0,3254.0,3871,3801,5183,5712,12538.0,13287.0,1216.0,3632.0,262.4,0,-147201.1510049152,-24907.81957370513
2546.0,10058.0,1618.0,4420.0,1573,1731,2107,2462,6000.0,6964.0,792.0,1173.0,262.5,0,-152594.02538060863,-29580.70414207677
27318.0,49313.0,22107.0,35264.0,4258,4060,5574,5806,15496.0,16921.0,3387.0,5165.0,262.5,0,-122546.87447695826,-36314.55911950662
4772.0,10915.0,1124.0,3260.0,1157,1149,3115,3156,7588.0,7957.0,1622.0,3000.0,262.5,0,-150770.19362777862,-27766.922808824354
32063.0,47694.0,9276.0,14833.0,3406,3277,7221,7219,19461.0,19202.0,5579.0,5246.0,262.5,0,-126857.59637578436,-25122.82771212462
942.0,3602.0,1019.0,3405.0,740,1381,784,1860,2361.0,6003.0,801.0,1854.0,262.6,0,-155219.24226956826,-31290.627128594868
9488.0,14889.0,3915.0,5673.0,4629,4592,6545,6859,22787.0,22579.0,4749.0,5212.0,262.7,0,-138613.91776274497,-18543.372103030044
3266.0,18513.0,410.0,1424.0,1374,2365,1640,3024,4037.0,7784.0,1158.0,1862.0,262.7,0,-153797.2474297728,-29847.02978793396
7111.0,14488.0,2365.0,4775.0,3360,3230,4071,4108,11244.0,10558.0,2298.0,2644.0,262.7,0,-147096.4949264609,-26159.53919888301
8101.0,18274.0,999.0,2967.0,1894,1894,2176,2426,5653.0,6195.0,834.0,1159.0,262.8,0,-150888.510768565,-29757.21244508281
8310.0,16405.0,2679.0,3952.0,2999,2982,4242,4447,11076.0,12126.0,2069.0,2585.0,262.9,0,-146556.9420795345,-26645.662839319717
142817.0,200306.0,234118.0,379428.0,4571,3998,5727,5465,18740.0,18535.0,4458.0,4391.0,262.9,0,72921.75841384652,-174551.0454165008
5348.0,9968.0,648.0,2365.0,2005,2132,2029,2461,6136.0,7189.0,1447.0,2182.0,262.9,0,-151685.01299671433,-28631.594001961545
4913.0,15429.0,1572.0,5529.0,2432,2824,2790,3354,7736.0,9525.0,273.0,789.0,262.9,0,-151111.10791047834,-28886.51997209706
12471.0,19829.0,1203.0,4315.0,2141,1977,3510,3491,8727.0,8863.0,3630.0,2808.0,263.0,0,-146329.78021315543,-26784.839347170204
18505.0,27153.0,2816.0,4111.0,6033,6078,7679,8068,24941.0,22975.0,6540.0,5922.0,263.1,0,-133953.91513588963,-16210.48748478906
29997.0,42296.0,3657.0,6523.0,1181,1168,3097,2936,8082.0,8177.0,4078.0,3627.0,263.1,0,-137482.5348000045,-29553.05614112709
1162.0,6736.0,626.0,3810.0,1478,2653,1523,2661,3695.0,6644.0,174.0,752.0,263.1,0,-155167.19641255098,-30653.545858795864
46994.0,69590.0,2554.0,3129.0,257,153,0,101,43690.0,39235.0,28120.0,34255.0,263.1,0,-102494.35099221492,7545.962323513992
36137.0,50073.0,5944.0,9708.0,234,125,338,209,28244.0,24889.0,14156.0,17727.0,263.2,0,-118804.132344409,-12154.046755478506
14298.0,21117.0,1984.0,4152.0,4629,4717,6793,6954,13445.0,14402.0,1968.0,2385.0,263.2,0,-143572.38176274823,-25170.38931712546
9434.0,9902.0,1072.0,2113.0,1286,2698,1946,3447,5272.0,10545.0,2791.0,2066.0,263.2,0,-149628.80030202077,-29163.87344093211
2533.0,9773.0,422.0,2088.0,1475,2740,1880,3524,5741.0,10638.0,671.0,690.0,263.2,0,-153648.22280768954,-29121.4783641446
57717.0,103902.0,3450.0,6402.0,258,225,250,164,58947.0,56039.0,42625.0,48210.0,263.3,0,-83489.6133286147,24259.78668176657
39580.0,62285.0,11475.0,19452.0,0,143,295,114,32809.0,31168.0,17324.0,28496.0,263.3,0,-108987.38549420256,-9906.28510705288
684.0,3189.0,0.0,397.0,164,39,146,16,10474.0,15258.0,6985.0,10266.0,263.3,0,-149028.1402359576,-21560.606053244977
1506.0,8422.0,353.0,1805.0,110,0,117,26,2921.0,9803.0,20362.0,53277.0,263.3,0,-141481.72175935018,-14095.518164918163
521913.0,566745.0,101038.0,144951.0,1517,1592,324,164,1139490.0,892438.0,371585.0,289800.0,263.3,3,813057.7941415777,792832.6655188693
33995.0,67525.0,6900.0,10400.0,116,122,36,58,41291.0,36361.0,26247.0,27589.0,263.3,0,-107431.71924819224,2289.817692734079
48459.0,74666.0,8383.0,16629.0,272,216,190,162,46763.0,42926.0,31274.0,32849.0,263.3,0,-95497.09560468214,6832.346971807008
595281.0,806776.0,609041.0,836121.0,1133,975,588,273,347583.0,272611.0,208627.0,146832.0,263.3,3,758705.4743497166,-122902.26737358877
8823.0,17072.0,2173.0,3412.0,1312,1249,2058,2099,7197.0,6353.0,1210.0,1915.0,263.4,0,-148853.2141323818,-29285.652686449117
59169.0,95472.0,49374.0,78317.0,2618,2703,6520,6371,17787.0,18443.0,7285.0,5782.0,263.4,0,-88126.63587823488,-52316.67245506887
53910.0,89554.0,3910.0,8082.0,463,135,144,119,45069.0,39786.0,37188.0,26867.0,263.5,0,-95690.33657905046,9736.53244869626
11115.0,16427.0,2197.0,3050.0,3095,3344,5715,5800,15472.0,16174.0,5053.0,4390.0,263.5,0,-142427.93005687237,-22200.6402208274
33514.0,59486.0,9382.0,15882.0,8,43,76,45,29472.0,28829.0,16396.0,22724.0,263.6,0,-115493.30290519429,-11624.193624831194
49536.0,77397.0,4112.0,7591.0,331,243,40,33,55809.0,56147.0,27019.0,35107.0,263.6,0,-95212.42465219296,13739.976680510128
9064.0,14406.0,5026.0,7586.0,3137,3326,5263,5386,12552.0,12905.0,0.0,2158.0,263.6,0,-144777.90191605163,-28169.311741039102
9370.0,12841.0,4682.0,7744.0,4870,5397,6352,6931,15854.0,16135.0,1251.0,3422.0,263.6,0,-142774.8977812723,-25156.54653634904
81071.0,119439.0,9746.0,12946.0,780,529,55,103,82999.0,76270.0,75804.0,63101.0,263.6,0,-44607.73687177729,50307.747061792936
146948.0,220605.0,64116.0,100115.0,0,148,317,132,102558.0,88226.0,55979.0,43473.0,263.7,0,18936.27125397147,12790.823426886383
4787.0,11000.0,1259.0,2322.0,1303,1387,1846,2015,4611.0,4609.0,489.0,507.0,263.7,0,-152747.30252097646,-30613.59878110013
73365.0,108605.0,37455.0,58721.0,702,474,294,86,61113.0,54936.0,64807.0,48889.0,263.7,0,-44349.033934306426,12679.342572869273
207489.0,309511.0,19532.0,30221.0,499,341,0,50,26960.0,24930.0,24976.0,25093.0,263.7,0,-34903.733545273804,-26911.24390965553
45686.0,74171.0,9511.0,17708.0,148,118,220,86,34779.0,34040.0,19664.0,28264.0,263.7,0,-106120.5403159243,-6880.113321381876
4358.0,14600.0,2003.0,4279.0,3385,3601,3670,3902,9862.0,10786.0,995.0,1015.0,263.7,0,-149784.06017565442,-27436.3176084561
36124.0,59306.0,5908.0,9640.0,221,128,327,185,30403.0,26628.0,21432.0,20462.0,263.7,0,-114830.28163026444,-7273.561417653225
42323.0,60953.0,6383.0,7439.0,106,109,109,122,40529.0,37294.0,21098.0,32045.0,263.8,0,-106058.93930418864,146.17901598354
19828.0,34124.0,2930.0,4572.0,468,216,0,43,29384.0,29135.0,17241.0,23526.0,263.8,0,-125179.0989163958,-6256.96078064635
8214.0,15074.0,2143.0,3461.0,3200,3499,5186,5082,12470.0,12160.0,3671.0,3663.0,263.8,0,-145608.90242225357,-24574.22572051561
11742.0,15913.0,1678.0,2982.0,5082,5494,6589,7123,16116.0,16887.0,1234.0,1898.0,263.9,0,-143957.94223548187,-23510.368364258567
6754.0,10262.0,1132.0,2725.0,2332,2213,3032,3096,7906.0,8468.0,1273.0,1502.0,263.9,0,-150125.18147452068,-28087.73609197857
18588.0,35336.0,3505.0,7127.0,5975,6177,7893,8019,18191.0,18446.0,2351.0,5336.0,263.9,0,-138106.99186777388,-22767.541385385382
106143.0,162395.0,13819.0,18751.0,17,80,64,105,131741.0,113498.0,38912.0,42696.0,264.0,0,-25748.57176964389,58185.71022879076
26961.0,42224.0,2765.0,3777.0,191,113,177,103,34620.0,32869.0,24503.0,24177.0,264.0,0,-117249.58123621187,-154.01690571771542
1765.0,5149.0,2204.0,5203.0,1468,1621,2284,2631,6120.0,7535.0,858.0,1166.0,264.0,0,-152431.62613449994,-29794.90345641049
66687.0,90284.0,7614.0,11899.0,89,106,61,70,26142.0,25109.0,25985.0,19875.0,264.0,0,-101451.5189014412,-11209.245512211151
23825.0,34135.0,4557.0,7744.0,174,84,79,111,29674.0,29221.0,10316.0,21280.0,264.0,0,-125127.95518335135,-10620.598387177168
2643.0,10723.0,1716.0,4518.0,1078,1623,1709,3082,4735.0,8143.0,1280.0,2602.0,264.1,0,-152697.8730281625,-30014.790053800723
1234.0,5787.0,460.0,1730.0,616,1386,1141,2810,2995.0,7450.0,142.0,201.0,264.1,0,-155651.7627678839,-31098.629985140386
73646.0,122571.0,17251.0,28250.0,366,275,229,141,70108.0,64493.0,42629.0,47965.0,264.2,0,-62433.484942187206,21579.003821585047
1801.0,3771.0,350.0,1075.0,302,208,117,69,5659.0,4750.0,1289.0,1247.0,264.2,0,-153741.07917872266,-28735.040541478927
292722.0,463067.0,63488.0,82028.0,942,520,196,218,320786.0,272719.0,159203.0,115306.0,264.2,0,223753.71045615795,196532.93689624497
18453.0,30682.0,3685.0,4554.0,515,442,0,73,19046.0,17530.0,8516.0,12309.0,264.2,0,-134518.48050533442,-18639.3770146846
9675.0,18962.0,8364.0,14151.0,2383,2515,4115,4437,10026.0,10862.0,2330.0,2427.0,264.3,0,-142470.59143920874,-30883.09616743132
43226.0,73365.0,34490.0,32419.0,450,250,0,0,45340.0,41465.0,32843.0,36773.0,264.3,-1,-79189.35419173674,-8820.159795097898
2415.0,10621.0,872.0,2243.0,1733,2334,2159,2997,6015.0,8187.0,1330.0,1998.0,264.4,0,-152852.86538651073,-28736.20934114761
7072.0,13383.0,2439.0,4026.0,3203,3747,4950,5154,12164.0,13020.0,1637.0,1984.0,264.4,0,-146973.18937742195,-26002.820968229837
8387.0,18720.0,2355.0,4444.0,4282,4386,6269,6977,16259.0,17045.0,2359.0,3632.0,264.4,0,-144167.81921830974,-22876.70376324196
58963.0,101452.0,18954.0,33063.0,406,230,155,86,62921.0,56626.0,46631.0,43496.0,264.4,0,-69598.1692556111,17881.644064677912
8307.0,17465.0,1620.0,2727.0,2059,2435,2951,3420,7406.0,9178.0,3406.0,3108.0,264.5,0,-148388.22643228975,-27658.385237004844
5118.0,15766.0,858.0,2682.0,1662,1985,2402,2804,6098.0,6965.0,702.0,1652.0,264.5,0,-151993.5202877884,-29169.0002045757
26841.0,42555.0,5841.0,9666.0,130,144,0,0,46200.0,43445.0,36265.0,31590.0,264.5,-1,-104684.84893235697,11376.179992498688
66450.0,102869.0,61250.0,101324.0,3451,3482,9574,9298,22412.0,21802.0,8968.0,8768.0,264.6,0,-73854.5621856475,-56129.70108880328
25770.0,47666.0,7132.0,11934.0,308,270,242,159,33634.0,31407.0,22899.0,28711.0,264.6,0,-115184.83193101033,-3387.117964167672
2243.0,12263.0,2808.0,8505.0,1550,2404,2140,3581,6051.0,9917.0,608.0,1675.0,264.6,0,-151877.8239184966,-30272.429234850864
1819.0,8654.0,705.0,2813.0,616,1423,891,2254,2242.0,5374.0,536.0,1349.0,264.7,0,-155292.33011615372,-31417.60344393754
7593.0,11979.0,4100.0,4649.0,3046,2907,4593,4487,11902.0,10534.0,1874.0,1715.0,264.7,0,-145678.22996609894,-27189.60354021613
64238.0,104784.0,5928.0,7836.0,2598,2551,7445,7389,17608.0,17008.0,8347.0,7419.0,264.7,0,-115534.1927362802,-24771.990928636416
117851.0,185655.0,3791.0,6256.0,349,245,160,117,154504.0,127238.0,64267.0,60248.0,264.8,0,-6041.220644914167,91569.1427815582
184781.0,277125.0,54491.0,89180.0,402,231,103,123,176771.0,150028.0,70678.0,69051.0,264.8,0,69896.50576016557,73570.18821659939
1708.0,6018.0,0.0,0.0,1559,2115,2095,2750,4587.0,6047.0,857.0,1084.0,264.9,0,-154678.8579768178,-29390.851195735457
8338.0,24622.0,2586.0,5923.0,2694,3000,3896,4786,11321.0,13158.0,2350.0,3264.0,264.9,0,-146310.87326375433,-26207.869874555032
8502.0,19923.0,3144.0,5959.0,3098,2840,4586,4714,14309.0,14573.0,2011.0,3719.0,264.9,0,-144577.16964190576,-24747.53416633237
33181.0,55166.0,4073.0,6022.0,342,200,194,126,36231.0,34775.0,20114.0,22085.0,265.0,0,-114956.55514471946,-2538.301135080488
3433.0,9229.0,588.0,1677.0,1864,3046,2039,4130,4873.0,10181.0,1930.0,2253.0,265.1,0,-152893.14216164377,-29053.83565125809
29825.0,40594.0,3484.0,5532.0,278,194,65,34,25993.0,23559.0,15771.0,14519.0,265.1,0,-123912.17781016018,-11460.519195968282
3785.0,10009.0,1501.0,3298.0,5099,5681,6416,7341,13100.0,14533.0,1421.0,1726.0,265.1,0,-148651.28071687752,-24738.659595691184
18721.0,34009.0,9870.0,16485.0,460,250,359,190,29549.0,29043.0,18598.0,15859.0,265.2,0,-121232.97925563667,-11098.033073378869
27655.0,48231.0,1735.0,3406.0,0,143,153,148,30641.0,30732.0,15678.0,24708.0,265.2,0,-122660.68594023024,-5685.960268552379
88601.0,134024.0,11626.0,18512.0,107,169,427,159,82594.0,76687.0,62941.0,63891.0,265.3,0,-45056.65641762191,43112.89506287598
226502.0,321350.0,32803.0,50117.0,442,398,199,113,204522.0,178338.0,90092.0,83113.0,265.3,0,93457.2155278776,112424.76909236512
14589.0,15656.0,3433.0,6837.0,2335,2394,3040,3089,8112.0,8285.0,1076.0,2153.0,265.3,0,-145225.16147958947,-29889.463920375456
1773.0,7378.0,6958.0,19130.0,219,160,165,76,3953.0,5112.0,6479.0,8252.0,265.3,0,-147158.02536428743,-30658.45322695333
1082.0,6769.0,6340.0,23632.0,182,85,162,47,2707.0,4900.0,2944.0,5823.0,265.3,0,-150041.07243826057,-32886.46334948801
1694260.0,1429700.0,4872860.0,4742220.0,4355,2795,1188,719,489590.0,366813.0,261363.0,188284.0,265.3,2,4241958.659333637,-2752709.4545689933
114301.0,163901.0,9787.0,13009.0,97,191,597,172,204274.0,157344.0,94859.0,90432.0,265.3,0,34186.571747472946,137185.78803685517
1635.0,6638.0,1321.0,3812.0,1483,1954,2304,3268,6154.0,8639.0,463.0,460.0,265.3,0,-153314.22930504283,-29489.59589932533
19536.0,20527.0,1453.0,3471.0,4155,4024,5268,5622,13790.0,15179.0,1152.0,2671.0,265.4,0,-141906.47380771025,-25258.997789169996
6169.0,12804.0,2125.0,3921.0,2769,3797,3383,4062,8141.0,9495.0,2637.0,2533.0,265.4,0,-148937.99867124416,-27786.30537194966
12456.0,19753.0,4873.0,6881.0,3428,4004,5055,5187,16462.0,16032.0,5628.0,4609.0,265.4,0,-139344.69391832012,-23067.34235833756
480216.0,569949.0,34216.0,47031.0,3029,2718,50575,44902,335976.0,277446.0,258621.0,182383.0,265.4,0,332402.7022868778,264929.6993136082
7212.0,18213.0,2325.0,4999.0,2832,3048,4189,4613,11707.0,12676.0,2081.0,3817.0,265.5,0,-146806.93801839143,-25750.315359405075
99281.0,139834.0,7149.0,12134.0,89,191,403,185,39515.0,33515.0,39265.0,27149.0,265.5,0,-76575.53408224955,2160.506474808008
3001.0,9316.0,923.0,2462.0,115,15,137,10,6795.0,7292.0,2376.0,2613.0,265.5,0,-151768.47388608212,-27778.961524165785
821.0,3563.0,652.0,2148.0,109,0,131,27,2842.0,4813.0,1723.0,2238.0,265.5,0,-154918.84662204064,-30300.73878232039
771475.0,794091.0,783383.0,966574.0,2898,1811,254,351,566101.0,466692.0,322230.0,276479.0,265.5,3,1108077.3419915328,-37172.91444250556
76950.0,108267.0,6903.0,10545.0,58,149,193,143,76689.0,74649.0,52584.0,51283.0,265.6,0,-61167.271511715226,36731.92481284641
16141.0,21877.0,2449.0,4374.0,2404,2687,4981,4973,13991.0,14319.0,3229.0,3545.0,265.6,0,-141645.712289801,-24524.007030050758
1532.0,6491.0,875.0,2678.0,977,2032,1170,2656,3904.0,8062.0,629.0,1044.0,265.6,0,-154546.2581729459,-30464.40566225965
135931.0,192994.0,3158.0,5137.0,23,208,0,159,149079.0,130282.0,72505.0,58269.0,265.7,0,1269.2819209393638,90500.4674880108
26469.0,41734.0,4485.0,8188.0,49,165,32,12,32644.0,31497.0,21484.0,25013.0,265.7,0,-118163.12558396815,-3584.132158705372
10149.0,21048.0,1270.0,3130.0,2586,2482,3695,3935,10399.0,11719.0,1103.0,1344.0,265.7,0,-147596.97395976938,-26914.064096944174
12521.0,26512.0,3960.0,6544.0,3250,3742,4315,4607,12340.0,12368.0,3449.0,2741.0,265.7,0,-142848.35072684172,-26320.32498876025
1579.0,6415.0,2260.0,6388.0,2160,3102,2806,4162,7508.0,11172.0,445.0,1971.0,265.7,0,-151891.88307774297,-28983.82295811688
163539.0,245873.0,19757.0,29925.0,106,284,153,91,39426.0,38529.0,27407.0,27043.0,265.8,0,-45983.9304541488,-14980.645538815854
26036.0,36204.0,8345.0,13277.0,50,97,128,88,21821.0,21764.0,10933.0,18761.0,265.8,0,-125237.69511736045,-18252.941471822152
7961.0,24582.0,2995.0,6782.0,3066,3132,3908,4497,11344.0,12857.0,1359.0,3149.0,265.8,0,-146551.855606562,-26860.18138387269
30335.0,44863.0,5048.0,8011.0,402,256,172,151,25262.0,24404.0,20006.0,24257.0,265.8,0,-120159.08575588376,-9597.790713551658
1359.0,8000.0,700.0,3105.0,1134,1965,1223,2233,3572.0,6625.0,678.0,1151.0,265.8,0,-154855.60499319292,-30515.48422739193
33375.0,55299.0,6116.0,7458.0,49,129,112,49,29224.0,26343.0,26048.0,20719.0,265.8,0,-114608.58402828724,-5993.190909562596
1256.0,7212.0,736.0,3135.0,752,1570,1033,2628,3296.0,9295.0,495.0,1526.0,265.9,0,-155018.60127838867,-30722.63231182207
1624.0,8930.0,729.0,3199.0,771,1564,1403,2957,3818.0,9680.0,31.0,183.0,265.9,0,-154977.8240981045,-30821.469149437093
8921.0,23955.0,2943.0,6831.0,4625,5354,5521,6042,13648.0,14002.0,1673.0,2102.0,265.9,0,-145166.82207707572,-25466.91711915333
30489.0,61855.0,11152.0,14374.0,80,115,0,92,30233.0,26465.0,21894.0,16941.0,265.9,0,-113868.30511284032,-10679.069214575751
3765.0,13159.0,415.0,1461.0,1644,1976,2392,3004,7276.0,8973.0,620.0,2319.0,266.0,0,-152268.4964911656,-27985.49057497299
253344.0,371243.0,7812.0,13825.0,337,408,124,132,140498.0,127788.0,104679.0,98056.0,266.0,0,65599.22063299682,94408.31457803283
1570680.0,1365760.0,4688430.0,5477390.0,6365,4523,6882,6367,350902.0,290636.0,165912.0,121590.0,266.0,2,3957823.8845300656,-2767320.318837061
249883.0,215299.0,65151.0,64109.0,509,262,112,120,111208.0,101511.0,75374.0,60958.0,266.0,0,75072.17575353335,21864.21556880845
90649.0,132554.0,38145.0,61344.0,0,0,92,115,69225.0,64966.0,48867.0,47871.0,266.0,0,-39150.45610517102,9400.224843423672
7135.0,13823.0,954.0,2389.0,1265,1233,3209,3382,6832.0,7716.0,2157.0,2802.0,266.0,0,-150087.93430423064,-28098.915481385106
22952.0,42100.0,2811.0,4091.0,2636,3093,4215,4504,13432.0,13736.0,4054.0,5821.0,266.0,0,-138266.9076416103,-24837.929543892664
30343.0,57126.0,4895.0,9689.0,157,107,349,155,40262.0,36174.0,27445.0,24655.0,266.0,0,-110703.87759727244,3167.8586306985926
9971.0,21095.0,2401.0,4018.0,3019,3319,4145,4053,10353.0,10280.0,2309.0,3156.0,266.1,0,-146234.0125904058,-26844.11140943673
29474.0,46621.0,2478.0,4867.0,11131,11599,14690,14897,33954.0,33811.0,6947.0,7626.0,266.1,0,-125246.33012361969,-10555.8051608442
41525.0,57581.0,12853.0,19957.0,0,20,0,32,39490.0,35226.0,29471.0,24703.0,266.1,0,-100224.13879527689,-2186.095452359379
11088.0,17371.0,2042.0,3312.0,3351,3495,4445,4174,11100.0,11554.0,3490.0,3905.0,266.2,0,-145156.12996270435,-25602.811310859463
29776.0,54661.0,1289.0,2245.0,71,45,79,62,27889.0,27429.0,24027.0,25826.0,266.2,0,-120118.24034851164,-3601.363058601153
5627.0,18060.0,1411.0,3739.0,1954,2180,3136,3600,8774.0,10502.0,462.0,1783.0,266.2,0,-150267.2390472132,-27935.47374712058
24878.0,34085.0,5170.0,8924.0,195,292,231,143,25635.0,24481.0,21270.0,16514.0,266.2,0,-122653.6686327342,-9795.872823851594
16658.0,29974.0,3620.0,6417.0,1882,2160,6285,6557,15704.0,15348.0,2360.0,5126.0,266.3,0,-139973.5526989922,-24317.056481421427
109602.0,168524.0,7806.0,9955.0,0,200,4,69,82517.0,65565.0,37491.0,29046.0,266.3,0,-52924.78096820608,27825.738908646428
7908.0,16162.0,1256.0,2568.0,4303,4724,5423,6098,13901.0,15143.0,3485.0,2974.0,266.3,0,-145854.5556803026,-23281.662055908
716398.0,839165.0,951207.0,881358.0,1567,1274,725,334,504243.0,403747.0,277098.0,221667.0,266.3,3,1149946.3185087538,-205802.05742918747
116114.0,183566.0,20449.0,33453.0,233,380,103,45,101278.0,92268.0,77855.0,84734.0,266.4,0,-11136.182675534394,57201.18114521487
4049.0,10969.0,1795.0,3245.0,5592,6380,7047,7816,17533.0,17843.0,2073.0,2865.0,266.4,0,-145955.22737173788,-21680.04898314508
46687.0,70958.0,12638.0,19467.0,28,167,520,234,43758.0,40116.0,42164.0,36580.0,266.5,0,-90148.87779511756,7545.335175351971
35236.0,50875.0,6612.0,10726.0,318,222,139,83,42748.0,39217.0,36829.0,31927.0,266.5,0,-102011.59386809754,8447.719747996049
20593.0,36688.0,5129.0,9657.0,312,280,105,79,19699.0,21511.0,7663.0,14828.0,266.6,0,-132347.38468086027,-19225.3881044159
9213.0,12081.0,1144.0,4134.0,1330,1587,1978,2375,4940.0,6078.0,258.0,616.0,266.6,0,-150937.12178234334,-30700.154047675416
37273.0,45923.0,5225.0,6322.0,270,133,0,56,28122.0,25421.0,25313.0,22213.0,266.6,0,-114206.51069059897,-6452.978487264769
1603.0,8635.0,920.0,3892.0,2358,4153,2743,4712,6422.0,11165.0,416.0,1119.0,266.6,0,-153414.99836452477,-28979.967183425917
1665.0,9145.0,475.0,2248.0,1099,3271,1379,3744,3172.0,8958.0,182.0,245.0,266.6,0,-155363.40227909744,-31000.143371515143
6644.0,21103.0,3196.0,6488.0,1217,1201,2972,3395,7530.0,8648.0,1330.0,2774.0,266.6,0,-148735.21983732845,-29385.30069868529
16950.0,27031.0,4239.0,5730.0,6883,6558,9977,10081,24814.0,23780.0,5000.0,4264.0,266.7,0,-134438.31173334247,-17990.66749129953
1585.0,8979.0,1081.0,4831.0,758,1484,741,1833,2537.0,6382.0,881.0,1655.0,266.7,0,-154829.3959831991,-31258.544535024448
6350.0,19022.0,3472.0,7181.0,3077,3495,4110,4579,10588.0,12249.0,1705.0,2204.0,266.7,0,-147214.4379868473,-27538.97222447877
55002.0,86317.0,15884.0,25161.0,592,352,256,141,41532.0,35303.0,36416.0,32928.0,266.8,0,-88087.44340019951,560.4927943753319
11694.0,13939.0,4166.0,4840.0,3002,2985,4710,4427,12907.0,12845.0,2219.0,3292.0,266.8,0,-143173.5197014422,-26463.94322955913
1951.0,6737.0,1112.0,2890.0,2305,3020,2862,3863,6879.0,8749.0,805.0,2010.0,266.9,0,-152677.70330488123,-28527.626333021675
36544.0,54289.0,8651.0,15910.0,143,129,0,0,42499.0,40801.0,22613.0,36585.0,266.9,-1,-104847.54828337955,1715.6796276997738
43255.0,47497.0,6035.0,9293.0,7699,8107,10471,10159,27446.0,25636.0,7303.0,5981.0,267.1,0,-120169.79486489596,-17921.188396556427
6716.0,9116.0,0.0,661.0,183,151,119,117,10625.0,9704.0,9944.0,4267.0,267.1,0,-146155.80771240228,-21578.37220524547
1057.0,5386.0,259.0,2086.0,203,138,158,79,6243.0,13952.0,36116.0,60568.0,267.1,0,-133497.42877192606,-4126.336600073129
716574.0,890014.0,45437.0,65139.0,2560,2172,449,205,1106800.0,877503.0,339532.0,285371.0,267.1,3,827255.0917798916,780260.1615307839
34236.0,53486.0,3723.0,5365.0,56,181,321,236,41328.0,40257.0,21289.0,31356.0,267.1,0,-110863.84475241078,2817.0623457567453
2580.0,7233.0,1501.0,3813.0,1543,1891,2644,3387,7466.0,9445.0,1406.0,1953.0,267.1,0,-151674.24152810202,-28198.416787403847
14361.0,29725.0,3427.0,6502.0,3549,3698,5016,5500,13867.0,14170.0,2292.0,3897.0,267.1,0,-142053.8858713642,-25438.32099528215
2620.0,7650.0,703.0,2190.0,2229,2612,2635,3366,7218.0,9189.0,1953.0,2892.0,267.1,0,-151998.69988026674,-27477.19870512776
38802.0,67038.0,7595.0,13819.0,218,233,0,0,38531.0,38145.0,17809.0,28045.0,267.1,-1,-109293.78778266817,-3662.166710503901
17076.0,37432.0,9755.0,16374.0,1749,1838,4922,5138,11004.0,12470.0,4317.0,4618.0,267.2,0,-137028.53549084425,-30431.16632397458
1348.0,5931.0,2552.0,7163.0,179,90,239,142,3675.0,4869.0,1036.0,1634.0,267.3,0,-153344.9701134084,-31386.180805941567
677796.0,856014.0,678153.0,982234.0,1976,1398,820,401,282016.0,237073.0,137343.0,126195.0,267.3,3,781752.3435928413,-246335.01000445517
28673.0,38892.0,5403.0,8944.0,4055,4384,6307,6171,18091.0,18850.0,3826.0,3965.0,267.4,0,-132346.55956512396,-24281.03433817803
15459.0,31715.0,3434.0,5767.0,5055,4684,6978,7033,18788.0,18843.0,3362.0,4185.0,267.4,0,-138943.8040681806,-21904.047009026683
23818.0,43472.0,15512.0,26571.0,1964,1642,5650,5574,14794.0,13901.0,2412.0,4968.0,267.4,0,-129240.7512563404,-32829.01435207761
11418.0,21310.0,2269.0,4852.0,3621,3341,4494,4674,11532.0,11912.0,2900.0,3160.0,267.4,0,-144980.67708019342,-25860.87261826432
9177.0,28051.0,964.0,2686.0,2060,2293,3172,3715,9087.0,10349.0,933.0,1909.0,267.5,0,-148791.00337955594,-27469.783695684757
53098.0,79610.0,5695.0,9319.0,402,384,210,126,40588.0,36985.0,27477.0,30918.0,267.5,0,-99882.3442591794,2410.9636157095047
7658.0,12670.0,2375.0,4572.0,3855,4012,4770,4975,10227.0,10672.0,1299.0,1516.0,267.5,0,-147833.2777170428,-27443.364465041526
16774.0,20688.0,1402.0,3434.0,7286,7100,8535,8243,22801.0,21060.0,5503.0,5593.0,267.5,0,-137024.39616110662,-17050.27959456381
401.0,2433.0,0.0,257.0,180,80,87,0,3666.0,6853.0,1173.0,2604.0,267.6,-1,-155327.00725534637,-29514.64801310317
6930.0,10611.0,0.0,1087.0,222,71,155,108,5305.0,8316.0,33778.0,44163.0,267.6,0,-134629.629085626,-8552.325537229575
646563.0,807119.0,144556.0,215478.0,921,786,119,151,689793.0,549783.0,246643.0,224435.0,267.6,3,637054.6156798421,410160.01915508014
15399.0,22558.0,3937.0,6414.0,5447,5661,8155,8361,21096.0,21813.0,1217.0,3754.0,267.6,0,-138424.23219999252,-21723.39852181779
2734.0,8198.0,920.0,2443.0,2512,3434,3244,4725,6950.0,10047.0,0.0,650.0,267.6,0,-152925.60737766096,-28968.38642917516
62747.0,87514.0,3984.0,5007.0,216,202,239,105,65892.0,60998.0,51010.0,48935.0,267.6,0,-74744.07196876977,31623.55081177261
75894.0,112623.0,7451.0,10497.0,0,0,323,148,71484.0,66126.0,52221.0,52731.0,267.6,0,-63518.77712724471,33245.9178770162
607329.0,744194.0,54591.0,78126.0,1961,1323,469,188,1013060.0,761670.0,372882.0,303650.0,267.6,3,761194.975982492,739270.539414708
5707.0,10020.0,1024.0,3221.0,2050,2582,2593,3471,6932.0,9371.0,1179.0,1510.0,267.7,0,-151102.49115341788,-28606.691820167805
4111.0,6491.0,954.0,2318.0,4252,4837,5136,6014,11581.0,13504.0,1730.0,2722.0,267.7,0,-149343.94397479307,-25089.674622573133
104013.0,142897.0,2794.0,5381.0,176,144,209,119,149328.0,119416.0,66277.0,56707.0,267.7,0,-14436.022727240344,90097.08185463
11934.0,16990.0,1371.0,2509.0,3182,3055,3708,4064,20471.0,17250.0,8584.0,8037.0,267.7,0,-138647.72392825587,-16512.450410775557
60088.0,96831.0,32710.0,48356.0,436,276,133,139,38409.0,34062.0,28760.0,31629.0,267.8,0,-78783.03916013791,-15729.62453839667
134573.0,192538.0,8606.0,15501.0,297,272,294,159,53411.0,48820.0,65462.0,49539.0,267.9,0,-42354.80678026384,22323.60437527599
16188.0,31209.0,7980.0,13887.0,2343,2356,3286,3499,9954.0,10500.0,2712.0,2623.0,267.9,0,-139936.4281216259,-30920.98735180812
2048.0,11831.0,458.0,4549.0,85,106,225,399,3044.0,11406.0,17460.0,50745.0,267.9,0,-142522.61844240723,-15742.656454495524
191714.0,277812.0,32372.0,46780.0,2531,2323,5493,5318,171996.0,150152.0,79058.0,91652.0,267.9,0,61268.09861280833,91141.948758255
552227.0,653397.0,298738.0,393241.0,1175,900,77,170,341750.0,226770.0,207962.0,150610.0,267.9,0,524389.2628408574,71351.30260259057
63600.0,91863.0,11315.0,16413.0,517,266,169,70,68676.0,61437.0,35543.0,40143.0,268.0,0,-74895.43754028137,20824.32864814232
12141.0,28022.0,4593.0,9003.0,4656,4670,6348,6106,17310.0,17285.0,3253.0,4369.0,268.0,0,-140187.1887215433,-23367.95048937398
4802.0,10609.0,1498.0,3732.0,2854,3038,3857,4113,7456.0,7770.0,284.0,1854.0,268.0,0,-151192.98443270134,-28832.170621008816
19784.0,32709.0,6215.0,10548.0,417,215,36,167,28969.0,29067.0,14851.0,18533.0,268.1,0,-124628.64005878358,-10382.955892222744
23060.0,39938.0,2063.0,3641.0,155,114,550,241,21877.0,21127.0,11225.0,19243.0,268.1,0,-130599.92016181958,-13879.308362499249
11604.0,22598.0,2367.0,4707.0,2708,2639,3490,3750,11411.0,12185.0,1514.0,2685.0,268.1,0,-145466.20780255296,-26670.405272620206
17848.0,24854.0,5693.0,7498.0,5381,5456,8257,8257,20427.0,19791.0,3315.0,3929.0,268.1,0,-135713.9214053581,-22499.30467590072
27042.0,45586.0,12620.0,19449.0,287,251,213,177,43841.0,38894.0,23275.0,26259.0,268.2,0,-106443.69026048362,-697.4414770607291
138761.0,199860.0,10967.0,16480.0,0,170,506,194,126333.0,106211.0,57852.0,50301.0,268.2,0,-8847.26336728729,63606.03318963958
6579.0,13127.0,1217.0,2058.0,3487,3283,4207,4274,11844.0,11739.0,1176.0,2027.0,268.2,0,-148328.21787821956,-25594.44947847441
3877.0,10731.0,175.0,1557.0,645,1505,1009,1816,2494.0,5514.0,4647.0,7696.0,268.2,0,-152382.62244856972,-28315.404136846424
2318.0,12455.0,1239.0,4633.0,3977,8773,5502,12449,10238.0,19762.0,3142.0,7626.0,268.2,0,-149346.28557000653,-24620.619714325097
5075.0,10408.0,0.0,434.0,773,2977,1419,4506,2161.0,7219.0,744.0,950.0,268.2,0,-154454.94352762803,-31213.428832446963
62749.0,95774.0,3992.0,6109.0,278,222,153,163,52661.0,47971.0,45493.0,35940.0,268.2,0,-84380.44366323926,18851.97659563988
17461.0,33222.0,1900.0,6346.0,168,124,358,162,22142.0,21969.0,9671.0,15900.0,268.3,0,-133882.0121388269,-14434.597802969794
4500.0,16441.0,1527.0,4204.0,1417,2014,2262,3234,5657.0,8069.0,98.0,866.0,268.4,0,-152306.36332787544,-30207.399423946517
42191.0,65492.0,18440.0,31993.0,340,187,286,171,47570.0,44943.0,26308.0,36638.0,268.4,0,-92108.73874019193,-39.64831824886278
11655.0,18882.0,3307.0,5604.0,4681,5236,6415,6627,17776.0,18003.0,2357.0,4851.0,268.4,0,-141333.83412112904,-22532.806124242958
19159.0,36361.0,1932.0,4730.0,3844,3685,5854,6213,14065.0,15278.0,3900.0,5328.0,268.4,0,-140256.20751478398,-23780.20788616668
132704.0,191385.0,21776.0,32625.0,210,208,0,61,199673.0,162606.0,82893.0,63387.0,268.5,0,40094.31575743479,116190.7927112321
14081.0,15492.0,1577.0,2594.0,3741,3314,4492,4070,11013.0,10000.0,4524.0,2536.0,268.5,0,-144081.22289043886,-25346.44261554551
66576.0,100249.0,27936.0,45579.0,813,395,408,256,78112.0,69996.0,64983.0,54459.0,268.5,0,-45270.221750479046,30812.90430510404
856.0,4929.0,650.0,3487.0,167,93,267,235,3433.0,6960.0,2628.0,5033.0,268.6,0,-153952.0215013646,-29099.50354941302
3602.0,15280.0,68.0,691.0,188,117,163,190,4136.0,4495.0,18206.0,21578.0,268.6,0,-145073.05941028355,-19276.494022796447
646494.0,734277.0,59001.0,73023.0,1562,982,494,256,1095080.0,794639.0,451741.0,362135.0,268.6,3,853746.8336408286,828292.0766438489
476768.0,614552.0,63488.0,94507.0,823,637,4909,4243,191360.0,166129.0,189665.0,161560.0,268.6,0,257868.0563596388,122955.52345861496
9389.0,18490.0,2554.0,4759.0,1532,1883,2837,3135,9024.0,10059.0,1906.0,2776.0,268.6,0,-147167.55436470025,-27974.57558620851
26566.0,50033.0,3167.0,3775.0,151,84,239,176,31405.0,29073.0,15842.0,20293.0,268.7,0,-122270.19354003668,-6670.843461855504
121435.0,184224.0,8630.0,11576.0,465,314,71,40,86261.0,77238.0,91755.0,70411.0,268.7,0,-20568.427996780723,58314.32879072048
14852.0,25921.0,2938.0,5303.0,2989,3648,4265,4293,13673.0,14020.0,1847.0,3272.0,268.9,0,-142523.35736175772,-25574.220228544335
8159.0,12284.0,1320.0,2166.0,3536,3872,5108,5853,15306.0,16283.0,3283.0,4674.0,268.9,0,-144936.0385312321,-22261.82980370876
16476.0,26623.0,393.0,5597.0,3977,4542,6190,6120,15703.0,15739.0,3861.0,3381.0,268.9,0,-141938.9707306343,-21932.0921051819
9324.0,12219.0,1689.0,3519.0,3354,3133,4523,4385,11986.0,11557.0,1366.0,2323.0,268.9,0,-146706.50593159423,-25851.29618453003
56471.0,86856.0,10821.0,16850.0,11044,10628,14506,14638,35790.0,35124.0,6660.0,6213.0,269.0,0,-107886.29330417892,-16734.93763959244
5278.0,16591.0,1513.0,4120.0,2365,2787,3744,4631,8567.0,10092.0,1500.0,1821.0,269.0,0,-150043.48234706392,-27664.97092350545
30206.0,38555.0,6893.0,11615.0,311,130,434,161,38814.0,35657.0,26005.0,24295.0,269.0,0,-110609.46690745156,344.8842235555603
72460.0,101706.0,18193.0,27604.0,0,151,482,210,48494.0,40899.0,42620.0,37735.0,269.0,0,-73309.0448305544,5753.940173170729
3299.0,11615.0,54.0,1488.0,2259,2634,2679,3347,7603.0,9708.0,270.0,1396.0,269.0,0,-152805.25798544005,-27816.63725904
355178.0,470692.0,75188.0,112596.0,877,569,270,241,465945.0,395945.0,192728.0,175603.0,269.1,0,342841.53177828074,300653.78756857815
19042.0,27704.0,3355.0,5380.0,11313,10838,12760,12937,29206.0,28607.0,3720.0,2915.0,269.1,0,-132841.45520423556,-15545.39375954897
5987.0,15317.0,3730.0,7863.0,3650,4579,5310,6621,13905.0,16347.0,4544.0,3738.0,269.1,0,-144445.21620948063,-24140.28595872029
47736.0,78117.0,21508.0,32581.0,451,320,141,37,56466.0,50450.0,37930.0,38959.0,269.1,0,-79126.40044893921,8547.244189872592
4518.0,13227.0,2355.0,5934.0,1810,2034,2762,3134,7882.0,8807.0,310.0,2475.0,269.2,0,-150441.07951699605,-28973.557620971267
6476.0,11671.0,1721.0,3095.0,4312,4765,4578,4878,10013.0,10701.0,3.0,1637.0,269.2,0,-149327.65108356954,-27616.489766931594
13793.0,27157.0,2767.0,4935.0,2987,3103,4546,4835,14800.0,15946.0,4878.0,4585.0,269.3,0,-141282.22143643632,-23202.25513798437
13813.0,34256.0,2574.0,4905.0,5130,5237,6902,7554,20252.0,21490.0,3020.0,4925.0,269.3,0,-139584.40659928165,-20356.47680678577
34633.0,58687.0,19821.0,29751.0,288,214,0,89,43863.0,39931.0,25990.0,27958.0,269.4,0,-97135.94055028698,-4286.470890125762
2912.0,17546.0,0.0,1032.0,98,17,181,167,3683.0,7472.0,445.0,1442.0,269.4,0,-154705.83783566995,-30159.40640209424
670169.0,834599.0,95826.0,139153.0,1997,1735,522,205,948367.0,757361.0,347798.0,328424.0,269.4,3,780113.1849089366,661844.866578156
10314.0,19709.0,4336.0,7079.0,7283,7366,8455,8755,20508.0,21085.0,3942.0,3896.0,269.5,0,-139468.08201732443,-20849.86995904511
62708.0,91859.0,9192.0,13675.0,427,172,250,192,51461.0,46332.0,41530.0,32031.0,269.6,0,-83303.22621616641,12541.060058652674
8825.0,27869.0,2681.0,5933.0,3947,4397,5089,5659,13753.0,15024.0,2538.0,3690.0,269.6,0,-144821.92354144296,-24612.4367749355
23899.0,35848.0,6826.0,12032.0,373,188,247,167,30687.0,27492.0,22086.0,19639.0,269.8,0,-118937.05490930344,-6733.860236803896
11702.0,27362.0,3113.0,4926.0,1854,2010,3373,3600,8224.0,8654.0,2047.0,3050.0,269.8,0,-146106.9112857435,-28877.531571480868
302664.0,384646.0,158365.0,216741.0,1060,541,731,203,242544.0,172231.0,112858.0,84965.0,269.8,0,237135.390958796,62534.74022768428
2318.0,8094.0,2255.0,5253.0,1924,3826,1940,3596,6401.0,11649.0,2018.0,1921.0,269.8,0,-151519.1823853908,-29078.490478553613
5987.0,13228.0,363.0,2197.0,1217,1372,2051,2130,5249.0,5656.0,1348.0,1235.0,269.8,0,-152177.9505570141,-29247.817932306974
35975.0,42375.0,6078.0,6473.0,0,50,285,159,30785.0,28090.0,25654.0,21764.0,269.9,0,-112879.61061390968,-5148.472436700376
43251.0,60415.0,13244.0,22770.0,0,86,102,75,56049.0,51106.0,51824.0,37074.0,269.9,0,-81969.65163473491,19291.176128762552
8556.0,17651.0,949.0,2352.0,2476,2744,4605,4725,13092.0,13398.0,3358.0,4356.0,270.0,0,-146043.28717003166,-23474.42739266538
22952.0,38374.0,3838.0,7666.0,384,260,377,155,28015.0,26397.0,26434.0,21968.0,270.0,0,-120693.80787500084,-4287.300332264473
5059.0,8897.0,2686.0,4665.0,1055,1028,2307,2231,5885.0,5832.0,1651.0,2747.0,270.0,0,-150364.24216136622,-29873.286850441396
17769.0,24166.0,4087.0,4930.0,3031,2936,2986,3104,9733.0,10045.0,2867.0,3249.0,270.0,0,-141939.54279864725,-28555.11831045203
90710.0,136795.0,27892.0,46189.0,0,45,580,236,86918.0,82464.0,57789.0,61921.0,270.1,0,-33161.08920589207,33020.02179332753
10645.0,26890.0,3064.0,6277.0,3372,3466,4265,4555,12944.0,12562.0,1927.0,2781.0,270.1,0,-144519.49085557443,-25886.41650466429
10250.0,16494.0,758.0,1699.0,2848,2531,3719,3956,10908.0,10546.0,2018.0,2348.0,270.1,0,-147214.5658806232,-25732.448963368934
98781.0,127366.0,223012.0,358597.0,3587,3230,4608,4555,12952.0,13823.0,2116.0,1856.0,270.1,0,43421.150783820194,-169767.60152427992
2289.0,6763.0,0.0,0.0,264,312,143,36,11097.0,10801.0,9474.0,9527.0,270.1,0,-147264.5956640502,-20345.30128739179
2186.0,4923.0,1016.0,2634.0,230,153,131,61,6678.0,9064.0,8058.0,6906.0,270.1,0,-149451.15127860702,-24785.3180951149
1793.0,6042.0,46.0,1746.0,113,15,178,110,3683.0,8004.0,38564.0,58779.0,270.1,0,-133820.00049446223,-4918.87241838823
625012.0,774999.0,188228.0,290984.0,2528,2137,0,146,948520.0,769960.0,340686.0,285709.0,270.1,3,817478.5781270232,597022.2880546283
17579.0,36953.0,8179.0,14069.0,1386,1377,3743,3684,9819.0,9767.0,4027.0,3196.0,270.3,0,-138734.1011349371,-30576.038707277785
11638.0,14356.0,1968.0,3074.0,2903,2798,4685,4506,13052.0,12841.0,3288.0,2389.0,270.3,0,-144368.79740537805,-24684.99196137826
3213.0,19021.0,257.0,1418.0,922,2786,1055,2841,2498.0,7473.0,1074.0,2089.0,270.4,0,-154622.4880976159,-30720.42718408271
2369.0,5754.0,0.0,0.0,1526,3828,1722,4009,3793.0,9583.0,319.0,328.0,270.4,0,-155060.72831216815,-30283.771295820203
48416.0,75155.0,21278.0,34661.0,2929,2549,5752,5970,19825.0,19515.0,7215.0,8261.0,270.4,0,-110726.60762148994,-32323.37767173425
11213.0,21227.0,2727.0,4320.0,2859,2438,4593,4760,12324.0,12622.0,2064.0,3944.0,270.4,0,-144602.3484627387,-25858.41214173452
37736.0,65470.0,28798.0,46389.0,128,68,144,78,40069.0,36457.0,20114.0,26789.0,270.4,0,-93692.75315116084,-15175.741723343372
318823.0,468537.0,49572.0,73252.0,337,524,188,165,241342.0,216483.0,117599.0,113892.0,270.4,0,173483.80517473855,135659.26316331024
11866.0,21187.0,3541.0,7005.0,2944,2951,3835,3809,10258.0,10474.0,513.0,2342.0,270.4,0,-145479.7681746245,-28627.972031624573
2139.0,7785.0,523.0,2541.0,3419,5169,3766,5755,8026.0,12605.0,0.0,0.0,270.5,0,-153037.7827849141,-28103.98680321265
481215.0,672129.0,124582.0,177246.0,1510,727,784,268,115234.0,97634.0,74362.0,62829.0,270.5,0,212529.28066943257,-28059.964607518
50938.0,73359.0,18471.0,28812.0,294,116,0,0,43658.0,41360.0,29547.0,28419.0,270.5,-1,-90123.85523008856,-3051.232984624716
4621.0,13111.0,1742.0,4056.0,1740,1951,2481,2723,6989.0,7349.0,735.0,2265.0,270.7,0,-151094.99979406907,-29015.99633490467
32988.0,51978.0,2339.0,4251.0,6041,5098,8897,8842,28145.0,27741.0,11143.0,9059.0,270.7,0,-124811.20164515665,-12388.621309236987
109333.0,170650.0,5884.0,7536.0,179,170,0,60,101330.0,92792.0,62935.0,71684.0,270.7,0,-31103.183267500688,58464.04975289185
45211.0,56669.0,9956.0,16645.0,107,160,0,92,32695.0,30160.0,28813.0,27598.0,270.7,0,-103655.36388044202,-4714.724529662402
20230.0,37575.0,7467.0,12757.0,309,156,317,156,27957.0,27756.0,18135.0,20501.0,270.8,0,-122576.90576372774,-10143.273612440946
929.0,5441.0,396.0,3512.0,209,474,627,1682,1435.0,4218.0,1202.0,2447.0,270.8,0,-155850.72571243517,-31220.624922960757
4320.0,22084.0,1922.0,5556.0,961,1248,2360,3250,5617.0,7761.0,212.0,470.0,270.8,0,-152134.19693092632,-30484.08209170199
9564.0,13718.0,1749.0,2695.0,5920,5618,8193,8515,19175.0,18608.0,2446.0,4592.0,270.8,0,-142630.2158631987,-20535.24760258259
9273.0,20153.0,2265.0,6056.0,2503,2536,3689,3506,11257.0,12171.0,3455.0,4285.0,270.8,0,-145642.3868734768,-25480.37561042481
1849.0,11813.0,569.0,2669.0,1224,2103,1387,2449,2936.0,5213.0,127.0,277.0,270.8,0,-155345.49420926804,-31238.364925195227
101469.0,156472.0,12894.0,20742.0,391,217,39,108,20496.0,18780.0,12452.0,12142.0,270.9,0,-92077.4955454846,-27274.25188384368
8867.0,14908.0,1917.0,3186.0,6117,6443,7899,8032,16255.0,14878.0,2008.0,3055.0,270.9,0,-144471.7964923427,-22873.004364558637
39321.0,61091.0,4348.0,6216.0,448,254,239,134,45427.0,41716.0,23544.0,27954.0,270.9,0,-106098.79502659167,5085.617587660683
4283.0,11596.0,1103.0,2361.0,2711,3145,3368,4247,9446.0,10929.0,2923.0,2675.0,270.9,0,-149704.45589527913,-26054.16440055179
59999.0,84482.0,5448.0,9299.0,466,399,247,132,48947.0,44459.0,41658.0,35800.0,270.9,0,-87607.93470302326,14136.703896841069
9431.0,25188.0,3311.0,6706.0,1760,1585,3927,4150,10424.0,10534.0,2452.0,4093.0,270.9,0,-145626.65909254126,-27124.517437894698
9554.0,21830.0,2694.0,4604.0,2089,1929,3580,3266,9446.0,8657.0,2509.0,2920.0,271.0,0,-146570.14360957232,-27528.94900609445
5245.0,17852.0,1900.0,3739.0,2367,2530,3272,3584,9576.0,10826.0,968.0,2488.0,271.1,0,-149447.51546219515,-27385.13619804177
3165.0,6301.0,1261.0,3072.0,47,60,267,157,5978.0,9599.0,50712.0,74313.0,271.1,0,-124938.5817940662,3270.848135826982
511348.0,632768.0,40079.0,52941.0,1742,1565,169,127,906795.0,709637.0,328126.0,279443.0,271.1,3,644384.6064407747,664764.8167165613
11956.0,23393.0,2272.0,4035.0,7240,7759,11210,11543,21967.0,23197.0,2421.0,3479.0,271.1,0,-140173.8906745052,-19436.78693556698
102350.0,155055.0,71087.0,110484.0,189,299,276,202,39335.0,35705.0,30809.0,31385.0,271.1,0,-33831.45810854349,-41163.69708441877
9543.0,15121.0,3549.0,6747.0,3207,3217,4199,4235,11923.0,12001.0,1964.0,1993.0,271.2,0,-145182.5014975358,-26875.810622476856
54641.0,83831.0,6969.0,10651.0,538,433,17,118,34449.0,32615.0,30215.0,29491.0,271.3,0,-100308.0327374163,-1451.444445584657
12560.0,19553.0,2047.0,3046.0,1619,1575,2274,2309,6935.0,7509.0,2652.0,2269.0,271.3,0,-146950.11505691806,-28952.926496192104
7775.0,12821.0,647.0,1301.0,11343,10960,17616,17132,15065.0,14757.0,3241.0,3421.0,271.3,0,-145807.26436224932,-22162.32735036773
49270.0,76105.0,14067.0,18765.0,104,231,169,137,52995.0,49012.0,47666.0,35942.0,271.3,0,-81990.43226646213,14526.027085031425
1804.0,6334.0,0.0,184.0,161,29,160,56,4098.0,4744.0,1118.0,1147.0,271.4,0,-154761.28366937352,-29590.06016771551
3217.0,9039.0,271.0,1852.0,270,254,139,40,4565.0,4554.0,529.0,637.0,271.4,0,-154066.54645968112,-29885.8920547584
1493.0,3408.0,228.0,1758.0,119,144,70,34,2566.0,5307.0,30540.0,40072.0,271.4,0,-139645.73770514928,-12089.292157321035
388779.0,516392.0,24476.0,35405.0,1106,762,326,119,435237.0,345988.0,213045.0,174146.0,271.4,0,315052.15929713123,319183.8696824145
31051.0,47150.0,9133.0,14041.0,354,322,87,88,43776.0,41809.0,28667.0,30288.0,271.4,0,-104740.29523132242,4098.919092507993
4259.0,11770.0,250.0,1096.0,287,169,301,139,3993.0,6351.0,20742.0,15546.0,271.5,0,-144568.63456407626,-19427.57496342506
2601.0,7624.0,149.0,2407.0,119,143,295,207,13315.0,13271.0,9342.0,9636.0,271.5,0,-146069.0907940449,-19094.13865877128
3632.0,6734.0,0.0,1430.0,59,66,99,94,7307.0,9155.0,11938.0,8711.0,271.5,0,-147617.49981912738,-21925.901066708964
640059.0,759386.0,88433.0,130259.0,2096,1388,282,158,1046110.0,845312.0,397488.0,328190.0,271.5,3,825049.9134658914,751055.8471623113
158254.0,222333.0,15351.0,24730.0,590,317,152,147,122581.0,107992.0,53546.0,45439.0,271.5,0,-1731.0833255789184,54626.08129053316
7963.0,15907.0,1555.0,3162.0,3037,3025,3809,3889,11292.0,10967.0,1500.0,1860.0,271.5,0,-147679.92254669382,-26137.029247046285
800.0,2921.0,1620.0,13509.0,100,0,115,32,1744.0,4098.0,13419.0,22146.0,271.5,0,-147922.2431522708,-23498.72600340204
18085.0,34844.0,22249.0,41026.0,165,109,92,72,25510.0,25295.0,7824.0,19613.0,271.5,0,-118268.49756870966,-25301.1039695031
35322.0,63409.0,16839.0,27080.0,334,162,81,52,51546.0,48171.0,37663.0,43163.0,271.6,0,-89220.16727369594,9737.131587116284
22557.0,37308.0,2751.0,4402.0,0,0,35,71,30208.0,29216.0,11412.0,19767.0,271.6,0,-126440.79814283724,-8849.585597626909
44038.0,58579.0,6043.0,11315.0,0,0,294,170,37367.0,36743.0,38033.0,34246.0,271.6,0,-100488.98327220202,5708.662331807474
20883.0,36200.0,4162.0,6929.0,4662,4291,6538,6499,17928.0,18625.0,3308.0,4547.0,271.7,0,-136583.16911201202,-23222.629689650457
10592.0,17103.0,2511.0,4503.0,4945,5313,7432,7423,18495.0,19757.0,4509.0,4565.0,271.7,0,-141234.7829155827,-20650.0823552492
67442.0,111129.0,5298.0,7196.0,554,284,141,140,49372.0,44014.0,38715.0,42983.0,271.8,0,-84650.34450348104,13933.463345518136
2540.0,7359.0,1287.0,4688.0,1680,2040,2413,2945,6591.0,7942.0,697.0,997.0,271.9,0,-152615.30018877896,-29066.2966406325
8605.0,16191.0,2883.0,5385.0,3138,3853,4956,5034,12844.0,12650.0,2111.0,2966.0,271.9,0,-145433.36035061287,-25594.69267645819
8351.0,16914.0,5480.0,10215.0,180,118,222,105,16953.0,17255.0,3977.0,8547.0,271.9,0,-140510.33340374168,-22940.71298348329
2698.0,15087.0,0.0,1322.0,180,143,119,50,3299.0,7799.0,12625.0,30698.0,272.1,0,-146774.9700345288,-20582.526492845693
36345.0,59584.0,10167.0,16619.0,318,227,190,79,44077.0,41049.0,23731.0,31763.0,272.1,0,-103357.76084034548,1461.8533306793945
5297.0,15777.0,784.0,2772.0,1191,1294,2922,3481,7580.0,9169.0,127.0,1109.0,272.1,0,-151584.41916703415,-28523.91326515461
33810.0,63945.0,171.0,2864.0,94,157,294,133,26147.0,22197.0,19068.0,18080.0,272.1,0,-122832.12631810636,-7586.489561331327
2846.0,7679.0,0.0,0.0,1954,2183,2416,2652,5835.0,5877.0,571.0,1253.0,272.2,0,-153733.10841722053,-28768.179250814894
53549.0,82664.0,14702.0,21625.0,92,67,0,49,48232.0,44421.0,36240.0,33759.0,272.2,0,-86439.64235906665,5692.613895014645
205109.0,297624.0,23175.0,33533.0,882,436,412,193,138777.0,112713.0,62244.0,56893.0,272.2,0,34819.57695650056,62397.6659923979
4761.0,21419.0,1205.0,4037.0,1378,1766,1994,2653,6068.0,8290.0,428.0,1902.0,272.2,0,-151984.29626832926,-29458.20360432296
2316.0,13666.0,1103.0,5031.0,725,1550,938,2370,2052.0,5639.0,921.0,1817.0,272.3,0,-154698.0882551796,-31583.237208161725
2576.0,8642.0,1526.0,5003.0,1157,1812,1605,2862,3744.0,6978.0,0.0,141.0,272.3,0,-154086.564242709,-31450.10271046388
21071.0,47586.0,4727.0,6565.0,7149,7785,10401,11088,30868.0,30542.0,4699.0,6253.0,272.3,0,-129543.07189182946,-14543.35239831812
50100.0,78821.0,4844.0,8876.0,608,261,0,10,39512.0,39373.0,29522.0,30421.0,272.4,0,-101490.73362466828,3237.395880931963
7719.0,12543.0,1582.0,2562.0,2199,2168,3493,3450,9835.0,10146.0,2367.0,2196.0,272.4,0,-148057.90249018118,-26641.67181522367
35508.0,56352.0,12590.0,20211.0,28,2,0,43,40379.0,38181.0,29464.0,27607.0,272.4,0,-102104.65185101908,-604.7602193194762
5581.0,18061.0,1385.0,3443.0,2368,2285,3460,3664,9414.0,10476.0,317.0,2421.0,272.4,0,-149987.071447196,-27469.535758550068
15338.0,24887.0,1562.0,2456.0,5631,5258,7347,7133,20424.0,18246.0,3177.0,3788.0,272.4,0,-139665.24526943988,-19827.430105613526
3572.0,11160.0,1354.0,3213.0,1543,2924,1902,3679,5093.0,9301.0,1512.0,2620.0,272.4,0,-152316.84474796202,-29521.232991425797
7804.0,10694.0,1411.0,3606.0,2848,2642,3948,4169,10167.0,10018.0,2087.0,1790.0,272.4,0,-148144.11244567245,-26512.037519698933
52975.0,82355.0,24390.0,40737.0,355,172,0,0,56222.0,51033.0,38886.0,43395.0,272.5,-1,-74201.14426654673,7367.883159935311
248198.0,350268.0,28753.0,44367.0,622,442,0,93,234916.0,203870.0,104849.0,94082.0,272.5,0,120079.62889531118,140726.84911789824
3773.0,11069.0,377.0,2232.0,1001,2733,1384,3178,3456.0,7478.0,1515.0,2187.0,272.5,0,-153702.6812700143,-30024.94810009476
14751.0,23493.0,2658.0,4947.0,1960,1834,3282,3272,8800.0,9381.0,1760.0,2135.0,272.5,0,-145134.23234070078,-28693.39994082129
279700.0,384729.0,78360.0,115673.0,82,386,289,134,205627.0,174725.0,72788.0,65757.0,272.6,0,138621.6814981103,71018.48981624044
20608.0,33042.0,1610.0,2588.0,56,158,136,63,35071.0,33093.0,8156.0,17012.0,272.6,0,-127384.02246546216,-6739.977753221003
7142080.0,2130250.0,7544030.0,11791600.0,42931,9884,15756,3761,14771300.0,3758000.0,12184200.0,2769690.0,272.7,1,19482403.770527743,9663375.866315853
4946430.0,2216040.0,3983650.0,9999490.0,39764,11095,10912,3026,11899700.0,3149670.0,8464740.0,2302580.0,272.7,1,13398283.356005944,8590057.212344978
1596.0,9860.0,386.0,2148.0,1051,2197,1156,2912,2788.0,6292.0,381.0,1241.0,272.8,0,-155427.33689551585,-30939.72070568784
791.0,4281.0,346.0,2078.0,931,2121,1355,3140,2870.0,6444.0,0.0,0.0,272.8,0,-156045.08220379098,-31168.903958217463
53671.0,85756.0,18272.0,29686.0,198,102,276,194,57731.0,56462.0,36452.0,42048.0,272.8,0,-78515.86776222433,10869.14956003038
68131.0,91744.0,5396.0,7411.0,285,202,0,118,78713.0,71196.0,51030.0,51603.0,272.8,0,-65439.84999794053,38929.55600221337
74846.0,119214.0,11188.0,18472.0,46,121,449,222,35888.0,31262.0,19454.0,23194.0,272.8,0,-93238.97522262082,-10027.958515380373
223175.0,317525.0,71267.0,115456.0,805,604,301,186,285468.0,232514.0,88436.0,91168.0,272.9,0,155556.4480698269,140270.34086662796
8832.0,18065.0,2332.0,5735.0,3080,3240,4614,4555,12858.0,13365.0,3317.0,4599.0,272.9,0,-145063.7515951693,-24487.30554339989
33781.0,48995.0,4064.0,5483.0,571,392,26,3,36700.0,34845.0,32068.0,27934.0,272.9,0,-109354.70151265016,3678.925090854504
1575.0,3553.0,971.0,2184.0,2612,3437,3397,4271,7481.0,8694.0,0.0,332.0,272.9,0,-153165.3978451757,-28640.102267826824
175687.0,253517.0,45023.0,68118.0,82,158,297,149,117310.0,105156.0,51962.0,50252.0,273.0,0,23545.03299275925,31639.993724585063
14086.0,28692.0,2839.0,6770.0,2727,2345,6209,6631,16272.0,16462.0,3888.0,5951.0,273.0,0,-140640.1606906736,-22527.78683453401
51293.0,72061.0,29725.0,49966.0,176,141,387,102,51623.0,48238.0,48388.0,43493.0,273.1,0,-69746.56229139266,5211.7547484084025
49134.0,76240.0,3292.0,6982.0,322,203,124,52,48719.0,44606.0,30485.0,34562.0,273.1,0,-97929.28207018271,11165.151664697409
29897.0,51055.0,47059.0,76882.0,3093,3090,4273,4109,13074.0,12977.0,4367.0,3524.0,273.1,0,-105201.3818698673,-53533.416838774334
4681.0,18398.0,1716.0,5133.0,1066,1222,2304,2700,5567.0,6668.0,644.0,1879.0,273.1,0,-151813.53780712228,-30002.650704561016
1200.0,5848.0,472.0,2835.0,70,33,215,197,17441.0,25727.0,2535.0,4130.0,273.2,0,-147767.6972534841,-20337.12898240354
1124180.0,1339240.0,137748.0,175081.0,2729,2207,1441,541,1931360.0,1621990.0,1470910.0,1094630.0,273.2,3,1949436.2844170115,1821774.897245072
10495.0,11580.0,2416.0,2019.0,1988,1838,2657,2417,6857.0,6348.0,2055.0,2152.0,273.3,0,-147809.9081079259,-29368.39912160269
1701.0,6192.0,696.0,2644.0,2063,3057,2768,3882,7591.0,10265.0,446.0,595.0,273.3,0,-153058.31327632253,-28177.764251792312
1086.0,6173.0,327.0,1453.0,433,1426,431,1319,1393.0,4808.0,320.0,347.0,273.3,0,-156443.59521974952,-31921.834302409712
76081.0,109583.0,17320.0,27610.0,333,303,348,174,70225.0,62058.0,66856.0,57713.0,273.3,0,-51163.2520848923,33181.8799796823
126200.0,184571.0,10745.0,16707.0,275,339,474,179,118591.0,108653.0,102421.0,92324.0,273.4,0,4123.524270528724,85111.74488824319
8800.0,17014.0,2902.0,6373.0,2998,2827,4129,4152,11272.0,11971.0,1058.0,2216.0,273.4,0,-146533.79497117503,-27177.29242709334
22040.0,37624.0,4820.0,7379.0,230,115,0,30,26345.0,26443.0,10999.0,17924.0,273.5,0,-127350.04759170004,-13026.81534718307
190998.0,261684.0,40088.0,64866.0,421,289,0,93,140668.0,118749.0,91608.0,84405.0,273.5,0,55884.32757791167,70627.80059753681
51625.0,64416.0,8047.0,14357.0,309,256,626,203,48456.0,44834.0,44938.0,33981.0,273.5,0,-88483.0278210775,13824.129639995834
68422.0,96126.0,24196.0,37318.0,5479,5851,14127,13785,40154.0,38701.0,17223.0,13870.0,273.5,0,-86935.61283780244,-17484.59986856663
84994.0,121899.0,4677.0,5933.0,782,260,370,95,77367.0,67681.0,71709.0,56249.0,273.5,0,-51417.32157801073,46857.096628198735
12940.0,18215.0,1591.0,2604.0,1284,1461,2661,2753,7382.0,7515.0,3142.0,2182.0,273.5,0,-146738.30713142635,-28215.85233555773
328031.0,477232.0,57619.0,83222.0,311,318,40,72,186518.0,162339.0,102631.0,94516.0,273.6,0,150123.67014925423,85954.1120826585
95524.0,147310.0,3862.0,6649.0,361,308,0,19,81662.0,76564.0,44812.0,54100.0,273.6,0,-55930.85661606008,37768.63677646272
2583.0,17006.0,940.0,3688.0,849,1777,1125,2435,2188.0,5489.0,518.0,1394.0,273.6,0,-154841.65781593852,-31648.909269798285
17634.0,25741.0,3246.0,5014.0,5398,5727,7321,7335,17623.0,17541.0,2607.0,3403.0,273.6,0,-139084.36922488746,-23105.743456086704
4995.0,11669.0,477.0,1392.0,2377,2189,3696,3612,10773.0,10699.0,2604.0,2791.0,273.7,0,-149350.34690719374,-24982.55044078218
5591.0,11778.0,2099.0,3276.0,2452,2947,3460,3611,7829.0,8327.0,0.0,908.0,273.8,0,-150512.4237625315,-29296.521718018183
62526.0,96277.0,3754.0,7551.0,17,45,311,104,55960.0,51879.0,26685.0,37477.0,273.8,0,-89896.10707159483,13457.156656022784
68638.0,89564.0,6876.0,7967.0,424,365,348,164,66840.0,61381.0,40940.0,47149.0,273.8,0,-73848.45759636746,25512.47847492334
9912.0,22509.0,2276.0,4194.0,2053,2204,3051,3178,8729.0,9366.0,2047.0,2228.0,273.8,0,-147294.11289835154,-28049.2672312735
13570.0,30579.0,3494.0,6829.0,305,193,111,67,23525.0,23688.0,9436.0,19837.0,273.8,0,-133340.48111145108,-13775.526683866992
36684.0,61495.0,14504.0,25041.0,44,90,177,126,27676.0,26290.0,16427.0,19974.0,273.9,0,-111803.50621284112,-16609.64520392281
42507.0,59634.0,2937.0,5319.0,357,238,185,160,32076.0,33527.0,10220.0,20799.0,273.9,0,-117608.85176824188,-9416.242682005412
3422.0,17557.0,1100.0,4705.0,1160,2396,1280,2790,2995.0,7481.0,28.0,270.0,273.9,0,-154345.72810419847,-31679.526836163048
42475.0,70087.0,20015.0,28775.0,0,138,49,76,52983.0,47301.0,46793.0,35273.0,273.9,0,-81078.08861953417,10751.812930548924
100685.0,155896.0,13718.0,19939.0,843,599,160,127,98762.0,88495.0,71712.0,78391.0,273.9,0,-26304.203447819425,57242.998357310425
2786.0,6737.0,573.0,3404.0,1978,2467,2562,3171,6818.0,8902.0,957.0,988.0,274.0,0,-152809.61981716545,-28382.73235489989
16171.0,18413.0,73245.0,53011.0,502,192,1078,458,13287.0,5040.0,4384.0,2833.0,274.0,0,-92733.95462883342,-69056.25947556917
14487300.0,5414120.0,14829100.0,9148840.0,138264,36324,107827,36965,1268790.0,431438.0,1005850.0,286830.0,274.0,4,16995359.65914885,-9013903.252945878
4877.0,17781.0,1465.0,3112.0,1988,2234,2837,3229,7381.0,9053.0,627.0,2108.0,274.0,0,-151063.42051551925,-28680.74852105636
14540.0,26558.0,6546.0,11116.0,2702,2945,4258,4381,13868.0,13946.0,2465.0,4104.0,274.1,0,-139739.09130400853,-27302.793998087454
3034.0,11291.0,684.0,2034.0,3171,4672,3700,5152,10499.0,15162.0,1553.0,2294.0,274.2,0,-150582.86691259276,-25679.749316895155
18701.0,28957.0,2200.0,3841.0,8046,7974,11379,11195,24543.0,25608.0,3004.0,3420.0,274.2,0,-136090.3795019176,-17966.294498289455
4784.0,13746.0,2511.0,5364.0,2410,2389,3086,3363,9767.0,10275.0,396.0,1674.0,274.2,0,-149442.33957253254,-27989.14551965359
8738.0,12363.0,1999.0,3097.0,3246,3022,4573,4220,9813.0,9962.0,2829.0,1821.0,274.2,0,-147235.7264224694,-26848.257630468677
2968.0,6022.0,1268.0,3442.0,1680,1776,2337,2528,5079.0,5604.0,903.0,888.0,274.2,0,-153072.62927285742,-29969.42347728392
46741.0,68461.0,5975.0,6787.0,0,71,158,200,38412.0,35557.0,41500.0,31212.0,274.3,0,-98061.938335976,7203.947290376844
9226.0,15230.0,1428.0,3417.0,2609,2691,4750,5006,14204.0,14834.0,2760.0,3644.0,274.3,0,-145246.98659992157,-23480.56333434804
59897.0,87287.0,12168.0,17456.0,571,270,174,143,57482.0,51660.0,37813.0,38296.0,274.3,0,-80264.79628235308,14107.751161951115
2530.0,10122.0,806.0,1693.0,2009,2450,2787,3325,8714.0,11816.0,1123.0,2145.0,274.4,0,-151690.99864514853,-27057.73257095836
184749.0,268419.0,22577.0,32898.0,864,439,100,141,208432.0,172746.0,94461.0,82383.0,274.4,0,72580.46323233031,125746.05982924125
8799.0,18520.0,1610.0,2922.0,2775,2559,3637,3640,10087.0,9154.0,2534.0,2395.0,274.5,0,-147394.43181836486,-26468.24044010993
3101.0,10127.0,2137.0,4259.0,200,206,333,267,6678.0,8163.0,1275.0,3202.0,274.5,0,-151273.3772982118,-28988.68465337665
37920.0,64045.0,1956.0,4339.0,251,233,494,263,37971.0,35078.0,23281.0,24169.0,274.5,0,-112261.10189977934,1247.138550890395
5548.0,14740.0,734.0,2660.0,2335,2476,3586,3842,9888.0,9855.0,1904.0,3520.0,274.6,0,-149511.83738657171,-25916.35986253646
537841.0,689082.0,67065.0,95138.0,1543,1164,484,199,599326.0,483343.0,229369.0,200940.0,274.6,3,488891.9292512764,397657.82649889286
9504.0,27715.0,971.0,2265.0,5329,5455,7150,7276,19265.0,19714.0,2984.0,2603.0,274.6,0,-143206.87971410516,-20081.432792442003
4966.0,12778.0,1409.0,2924.0,3072,3339,3494,4104,9874.0,11765.0,1488.0,1454.0,274.6,0,-149703.37826576768,-26818.144606648697
2612.0,6975.0,1778.0,4558.0,1951,2447,2898,3313,7854.0,8654.0,740.0,1311.0,274.7,0,-151620.59859353636,-28511.31322497668
6622.0,15693.0,1826.0,3244.0,4409,4961,5396,5979,15132.0,16912.0,1594.0,2957.0,274.8,0,-146132.42553749698,-23573.969333722383
4649.0,7345.0,42.0,1331.0,0,10,0,0,14408.0,10664.0,6088.0,5097.0,274.8,-1,-146588.13907015216,-20562.001117900163
790270.0,936867.0,79011.0,115262.0,2872,2454,201,315,1299340.0,1006710.0,483839.0,409335.0,274.8,3,1036340.3692993044,956576.5123736354
8806.0,17440.0,4150.0,9021.0,28,17,70,0,4139.0,5068.0,4288.0,4630.0,274.8,-1,-147402.35026195928,-30733.44950274273
10200.0,11497.0,3980.0,6703.0,3250,3599,5363,5363,12679.0,12413.0,3166.0,3481.0,274.8,0,-143641.82710734184,-25965.197333471777
20765.0,32313.0,3493.0,4362.0,3141,3420,4852,4825,15166.0,14184.0,4966.0,4078.0,274.8,0,-137791.55743796425,-23923.57902005856
16293.0,28057.0,1282.0,3924.0,2797,3240,4439,4685,13886.0,14394.0,2590.0,3790.0,274.9,0,-142641.3642385912,-24098.028175489188
41580.0,61694.0,9470.0,15311.0,290,199,226,161,44945.0,42246.0,28124.0,31360.0,274.9,0,-99733.66015212066,3886.811918346957
26972.0,57441.0,35319.0,62963.0,2156,2255,4832,4943,13084.0,13603.0,3928.0,4538.0,274.9,0,-114537.32276236652,-45985.61966887399
41892.0,50356.0,8174.0,14250.0,502,319,0,39,41828.0,37395.0,30397.0,26080.0,275.0,0,-101734.1679903752,2815.056182786142
11899.0,18362.0,1086.0,2519.0,3385,3257,3812,3581,10576.0,10109.0,1661.0,1858.0,275.1,0,-146654.77406563447,-26484.130902329067
1291.0,5608.0,1158.0,3818.0,171,108,149,30,2720.0,4140.0,785.0,1408.0,275.1,0,-154882.8194092894,-31252.90496232825
859664.0,980106.0,1069880.0,1545290.0,1203,1010,0,122,335584.0,285993.0,137413.0,127757.0,275.1,3,1151116.2286327917,-469943.5022652267
40373.0,59097.0,27904.0,48132.0,744,497,64,106,34671.0,35186.0,17223.0,25593.0,275.1,0,-96880.4953135516,-19604.602868473456
645.0,2789.0,1017.0,3606.0,148,216,152,31,5422.0,7118.0,194.0,897.0,275.1,0,-154309.34652289923,-29743.949928657483
1269.0,6501.0,1289.0,3575.0,183,146,100,0,4287.0,6031.0,396.0,1431.0,275.1,-1,-154236.82801663477,-30501.53633628373
2872.0,8766.0,614.0,1706.0,245,124,168,118,3797.0,5548.0,16134.0,29446.0,275.1,0,-144918.18969714234,-19392.92991474108
501785.0,555894.0,47308.0,63158.0,1996,1812,611,228,1028940.0,776711.0,412239.0,314285.0,275.1,3,735970.9430018006,778963.983069059
25640.0,48738.0,5669.0,9229.0,59,93,0,2,33241.0,33360.0,11239.0,20745.0,275.1,0,-121736.01622126496,-8880.015898910468
17194.0,21950.0,3990.0,5661.0,2646,2602,3633,3500,11569.0,11385.0,2529.0,1709.0,275.2,0,-141733.66629405244,-27683.095798859093
48507.0,70917.0,10342.0,16502.0,931,371,591,235,45586.0,37981.0,36285.0,26900.0,275.2,0,-93555.59999247784,6003.397934222874
965.0,3501.0,3412.0,9438.0,151,97,160,29,39486.0,51709.0,75707.0,96421.0,275.2,0,-97230.25792806428,37285.439840980194
2182100.0,1249960.0,3879390.0,3193080.0,10021,4718,4030,2971,6655280.0,3057740.0,4293100.0,1709780.0,275.2,2,8215446.528005927,3673664.2945375415
64098.0,84088.0,3905.0,6474.0,578,543,102,65,56103.0,52233.0,35292.0,42575.0,275.2,0,-85262.07554158929,17779.322234938332
80363.0,111445.0,24155.0,39323.0,311,224,379,112,69814.0,65799.0,51594.0,44490.0,275.2,0,-52178.07151526464,19826.505925094792
1974.0,10457.0,502.0,2089.0,1012,1964,1315,2580,3506.0,6732.0,0.0,120.0,275.3,0,-155150.87837923478,-30922.501390708047
1377.0,8913.0,303.0,1357.0,792,1929,1071,2508,2895.0,6604.0,188.0,165.0,275.3,0,-155733.96880795286,-31059.37413260106
18902.0,37246.0,4900.0,7572.0,225,170,171,112,16715.0,16407.0,7227.0,15327.0,275.3,0,-134641.2329157856,-20961.07432864169
3553.0,7931.0,623.0,2581.0,616,1469,787,1412,2151.0,4529.0,2094.0,2678.0,275.3,0,-153937.11118801034,-30669.564136304565
5454.0,19383.0,623.0,1437.0,2699,2787,3485,4012,9880.0,11470.0,630.0,893.0,275.3,0,-150431.99200078918,-26802.34575243868
70398.0,123394.0,14753.0,21138.0,294,263,106,81,32738.0,27733.0,27893.0,27349.0,275.4,0,-90379.19755718645,-9761.9645392099
7560.0,12274.0,2727.0,3319.0,3514,4060,4554,4842,10150.0,10647.0,1696.0,2117.0,275.4,0,-147443.63046709774,-27443.865449227906
1869.0,6932.0,2276.0,5849.0,1831,2200,2653,3646,6055.0,7992.0,731.0,1534.0,275.5,0,-152367.71168317017,-29881.6255408596
83680.0,131909.0,21156.0,35523.0,373,167,86,41,70792.0,64169.0,53969.0,55021.0,275.5,0,-50242.96696254941,24798.07735359841
10312.0,22208.0,753.0,2722.0,3446,3551,4982,4837,13821.0,13690.0,2750.0,3488.0,275.5,0,-145462.28043916516,-23398.91000944917
8829.0,15933.0,1580.0,3602.0,2851,2841,3564,3897,11051.0,10786.0,1278.0,1917.0,275.5,0,-147492.11479319836,-26445.811256171117
27727.0,37044.0,0.0,0.0,0,1,288,187,21729.0,20286.0,13205.0,18332.0,275.6,0,-129565.13727395164,-12296.846419125046
3878.0,7781.0,456.0,1861.0,155,120,177,88,4336.0,4307.0,7298.0,6407.0,275.6,0,-150544.41998923794,-26423.295453408835
2265.0,8695.0,157.0,604.0,94,10,254,138,3615.0,4989.0,2225.0,3029.0,275.6,0,-154035.52598355513,-29257.160344169795
233848.0,282200.0,22219.0,26363.0,853,524,468,159,400176.0,289750.0,143079.0,96840.0,275.6,0,198651.446771756,266736.99688115146
21136.0,35817.0,20531.0,31678.0,2048,1972,2351,2562,8335.0,7663.0,2686.0,2659.0,275.6,0,-129979.52196892787,-40153.207274033724
12933.0,20662.0,1604.0,4124.0,3040,3454,4166,4605,10939.0,11087.0,1845.0,2817.0,275.6,0,-145521.2226369299,-26414.774961726485
11741.0,13213.0,1359.0,1771.0,3002,3175,3652,3736,9010.0,8946.0,2075.0,1710.0,275.7,0,-147103.90899690113,-27485.499880764437
6611.0,19583.0,3493.0,6150.0,3799,4282,5631,5931,14383.0,14556.0,1003.0,1959.0,275.7,0,-145668.68852659315,-25500.4968187396
44328.0,68972.0,3484.0,5108.0,85,39,0,75,32096.0,30009.0,27834.0,24792.0,275.7,0,-109472.27795293546,-1833.8577464672417
61008.0,89799.0,13339.0,20601.0,240,173,551,213,61536.0,59849.0,33299.0,44168.0,275.7,0,-78097.76163888701,14913.094108944704
15542.0,27059.0,4691.0,6985.0,7769,8104,9593,10123,27764.0,27253.0,2478.0,3610.0,275.8,0,-134384.7255753026,-17482.59022375958
60895.0,93779.0,10146.0,16504.0,0,119,0,32,59306.0,54519.0,35487.0,44417.0,275.8,0,-80516.65348420004,16472.06451404857
5095.0,16082.0,2188.0,5632.0,9706,11958,14869,18768,12889.0,15370.0,1863.0,4996.0,275.8,0,-147138.2576922238,-24662.074812409064
961.0,5076.0,635.0,2695.0,925,4517,1859,7821,2043.0,6905.0,314.0,359.0,275.8,0,-155986.85483578357,-31693.71422483832
4189.0,14087.0,770.0,3028.0,1042,2129,1235,2858,3683.0,8052.0,1749.0,2105.0,275.9,0,-153082.68986593577,-30070.555204653258
2334.0,14048.0,92.0,1677.0,708,1962,1132,2815,3386.0,8716.0,114.0,189.0,275.9,0,-155290.8072720588,-30705.62746876239
47120.0,71513.0,12378.0,18818.0,653,326,42,98,48499.0,42487.0,39753.0,33394.0,275.9,0,-89305.29819000205,9153.418774790243
1710.0,9343.0,614.0,2131.0,1864,3198,2271,4157,4494.0,8617.0,252.0,1102.0,275.9,0,-154516.0476647555,-30086.083233657657
3479.0,17271.0,142.0,1662.0,1173,2873,1242,3480,2217.0,7028.0,658.0,932.0,275.9,0,-155018.56510286796,-31203.191341712944
104888.0,89583.0,227470.0,326899.0,80,130,234,218,50777.0,45554.0,30192.0,32919.0,276.0,0,80325.71446475864,-132288.82633544362
3776.0,11454.0,2461.0,7372.0,2042,2744,2563,3395,8160.0,11139.0,1325.0,1432.0,276.0,0,-150303.34363166208,-28558.27702649662
3004.0,17193.0,992.0,3992.0,1453,3002,2034,4493,4595.0,9629.0,982.0,2487.0,276.0,0,-153236.38197291936,-29815.26410492479
4628.0,10301.0,1392.0,2256.0,1241,2671,1532,3956,3939.0,8657.0,331.0,362.0,276.0,0,-153100.68451022083,-31201.92105053773
252637.0,365199.0,22011.0,30042.0,1009,446,437,199,159725.0,128433.0,84883.0,76114.0,276.0,0,73706.86658529885,85868.8150246367
2695.0,9457.0,1745.0,4448.0,1810,2329,2486,3116,6517.0,8369.0,1383.0,1657.0,276.1,0,-151931.96180501318,-29016.87238445702
76483.0,118582.0,33484.0,51202.0,545,308,177,159,57305.0,50796.0,61658.0,47355.0,276.2,0,-48887.58791280465,10994.449301679768
18858.0,33800.0,1738.0,4051.0,3874,4201,6314,6728,17193.0,17596.0,2143.0,4864.0,276.3,0,-139809.6798425954,-22471.719098683665
1164.0,5384.0,19414.0,66032.0,260,282,155,55,7885.0,15847.0,2820.0,6162.0,276.3,0,-138647.37611004454,-37823.8171983434
6564.0,12695.0,44220.0,61127.0,197,117,96,106,7869.0,4833.0,14848.0,8577.0,276.3,0,-114569.03333375584,-48324.350663246514
6804780.0,3359130.0,7867860.0,12445700.0,38894,10936,18065,8298,2704080.0,1474880.0,2086060.0,1007290.0,276.3,4,10178388.5012116,-2667903.944928932
60978.0,97363.0,3340.0,4312.0,487,222,125,109,56467.0,52023.0,38880.0,47228.0,276.3,0,-84853.97091440485,20819.37049979189
3640.0,9599.0,1768.0,2879.0,2115,2185,2958,3060,8005.0,8080.0,1334.0,1346.0,276.3,0,-150914.3656505792,-28221.503145387676
7866.0,17808.0,1354.0,2951.0,4216,4474,5676,5933,14155.0,14966.0,2149.0,4079.0,276.4,0,-146042.8789251489,-23562.435605168983
212179.0,310710.0,14604.0,23589.0,276,373,140,131,145503.0,126031.0,138850.0,111635.0,276.4,0,70014.43778526166,112501.42596466176
1409.0,5865.0,1069.0,2940.0,1558,2353,2000,2957,5490.0,8039.0,0.0,252.0,276.5,0,-154077.51231817054,-29964.973747669224
14821.0,18182.0,1979.0,3295.0,2519,2393,3339,3396,9011.0,8864.0,1299.0,2596.0,276.5,0,-145589.89890510423,-28258.034670111792
69177.0,97142.0,9974.0,12753.0,0,94,283,158,56811.0,49734.0,44992.0,42226.0,276.6,0,-75137.27316379368,18101.666343464596
9797.0,14421.0,2446.0,4376.0,3452,3610,5478,5262,15194.0,14786.0,3710.0,2705.0,276.6,0,-143629.07913891293,-23281.90762529167
40927.0,75716.0,12288.0,22821.0,321,244,156,150,45615.0,44324.0,13407.0,26478.0,276.6,0,-103801.13249170668,-4375.339925654938
253540.0,352508.0,159539.0,247749.0,17287,16579,23570,23679,38715.0,33270.0,10017.0,10015.0,276.6,0,78580.90457470689,-119027.06488064695
5096.0,16065.0,461.0,1873.0,1579,1586,2265,2503,6065.0,6456.0,723.0,1402.0,276.6,0,-152315.75998046293,-28970.7524858185
38152.0,60606.0,14494.0,22547.0,302,296,0,17,38709.0,35646.0,24375.0,32849.0,276.7,0,-101675.0431278462,-4322.197340658757
2875.0,10151.0,1606.0,3978.0,1719,2424,2257,3357,6602.0,9088.0,1464.0,2273.0,276.7,0,-151808.6857800804,-28755.17716723297
7997.0,18040.0,2739.0,4349.0,3594,3324,4302,4645,11713.0,12138.0,1684.0,3021.0,276.8,0,-146442.09919910686,-26352.16953874532
62196.0,82324.0,2902.0,4213.0,650,389,327,159,47080.0,42042.0,32921.0,34601.0,276.8,0,-92683.4488953181,10553.458424307242
7620.0,15226.0,2693.0,4850.0,2998,3380,3911,4276,9291.0,9394.0,1719.0,3039.0,276.8,0,-147706.77547459482,-27813.0157753214
18092.0,26836.0,4203.0,5641.0,2986,2486,4549,4085,12952.0,13716.0,3530.0,3463.0,276.9,0,-140002.39392872088,-26297.33262031696
7226.0,18320.0,1280.0,4239.0,2648,2622,3781,3829,10480.0,11374.0,1457.0,2455.0,276.9,0,-148479.3084927669,-26352.178639208894
65311.0,102628.0,2538.0,4934.0,97,69,282,136,61480.0,56942.0,39484.0,40158.0,277.0,0,-82044.48285839504,23330.41602141259
11124.0,17876.0,3340.0,6219.0,958,720,2751,2570,7533.0,6319.0,2923.0,3019.0,277.0,0,-146181.79287574178,-29057.51046160439
32907.0,52368.0,6136.0,8996.0,469,212,259,162,42795.0,42551.0,24418.0,28871.0,277.0,0,-108238.77497438026,3229.65393254688
50112.0,81824.0,4344.0,7850.0,2696,2833,5396,5340,12828.0,13148.0,3753.0,5252.0,277.0,0,-126539.3932591574,-28162.189055128096
7844.0,16007.0,1544.0,3978.0,3002,3140,4161,4506,10568.0,10636.0,805.0,1529.0,277.1,0,-148360.59051585814,-26924.037208486392
21743.0,36787.0,4481.0,8260.0,62,43,0,0,25465.0,24999.0,9750.0,21345.0,277.1,-1,-128137.42007665645,-13320.57650271295
36697.0,65044.0,6270.0,9708.0,171,139,0,26,39242.0,37831.0,25129.0,30492.0,277.1,0,-107729.71040034728,1210.8640482861847
9543.0,16192.0,1773.0,3312.0,5577,5321,6907,7201,16021.0,16966.0,1578.0,2182.0,277.1,0,-144671.34988396632,-23296.916326836435
14147.0,34007.0,5571.0,9658.0,3288,3130,4742,4879,13744.0,13860.0,2640.0,4130.0,277.2,0,-140559.44911357027,-26665.26675261801
61305.0,88007.0,12118.0,16534.0,104,264,0,94,47004.0,42739.0,35384.0,28533.0,277.2,0,-86577.64737582993,4836.554131783127
47863.0,77544.0,11104.0,16785.0,107,84,380,201,45831.0,43690.0,31256.0,33063.0,277.2,0,-94262.02050754886,4600.853046561035
21012.0,29519.0,2815.0,3572.0,3364,3351,5875,5845,18937.0,18841.0,1903.0,3897.0,277.3,0,-137610.05206953443,-22441.68586245416
1355.0,8720.0,789.0,3526.0,1471,3818,1697,4485,3905.0,11389.0,861.0,2590.0,277.3,0,-154394.95296722234,-30051.98283330592
2375.0,13854.0,370.0,2896.0,686,2287,1052,3243,2100.0,7561.0,0.0,250.0,277.3,0,-155696.30510073833,-31734.155881562816
145229.0,221895.0,17677.0,28000.0,439,181,311,117,134154.0,117641.0,69669.0,66954.0,277.3,0,8426.986959636386,71548.21523442912
8617.0,22141.0,2743.0,5185.0,2839,2813,4262,4190,10437.0,11048.0,1945.0,3205.0,277.3,0,-146642.855088492,-27062.165471655597
13366.0,23310.0,3048.0,4842.0,5153,5389,6718,6844,17179.0,15911.0,2005.0,3052.0,277.4,0,-141436.91437210626,-23294.95947281509
4107.0,14476.0,674.0,2734.0,2280,3066,3405,4675,10212.0,14302.0,1152.0,2284.0,277.4,0,-150431.36659013436,-26094.473571881368
1001.0,6068.0,293.0,1605.0,89,13,0,0,1738.0,4250.0,8978.0,17944.0,277.4,-1,-150930.0398931417,-25219.637028311496
278579.0,398460.0,27560.0,39893.0,346,157,0,54,239217.0,208703.0,105180.0,90563.0,277.4,0,133313.23417379076,141795.2868673884
91166.0,135911.0,77272.0,122128.0,58,155,0,100,85561.0,75685.0,71701.0,56144.0,277.5,0,4918.001935483451,6039.066354092665
8565.0,14849.0,3474.0,5822.0,2244,2095,3798,3800,10044.0,10321.0,1576.0,3248.0,277.6,0,-146469.1780096778,-27914.745116231727
5225.0,8734.0,5036.0,8614.0,4172,4107,5437,5649,14862.0,15449.0,1748.0,2885.0,277.6,0,-144562.2518374387,-25615.870375277293
19612.0,41581.0,2015.0,3895.0,2435,2151,3272,3192,10193.0,9886.0,1029.0,2947.0,277.6,0,-143125.73446172703,-27901.68423986467
15715.0,23490.0,3348.0,5198.0,2006,2196,4897,5006,14644.0,14771.0,4997.0,5215.0,277.6,0,-140042.47514071473,-23637.852655976945
7796.0,13249.0,1031.0,2861.0,3232,3057,3901,3602,9452.0,8387.0,2005.0,1617.0,277.7,0,-148783.45935497942,-26787.63252597088
9563.0,18205.0,3151.0,6865.0,337,201,81,31,15777.0,15793.0,5298.0,10336.0,277.7,0,-141438.77412278744,-21459.88156319161
5035.0,17796.0,1283.0,2916.0,2703,3053,3256,3993,7546.0,8988.0,107.0,1364.0,277.7,0,-151333.793771445,-28809.634119478007
8731.0,12928.0,2540.0,3753.0,831,660,2178,2390,6466.0,7036.0,311.0,994.0,277.8,0,-149416.06981174546,-30496.619520028784
814379.0,1050940.0,666784.0,829041.0,1945,1168,253,224,333612.0,271511.0,197906.0,172968.0,277.8,3,881354.5797647419,-182532.67288977935
54930.0,75933.0,3841.0,6540.0,601,218,452,200,37809.0,33087.0,40020.0,29852.0,277.9,0,-97170.22574378704,6791.2085333635005
8956.0,25549.0,7995.0,15970.0,3201,3552,4236,4645,13666.0,14849.0,2069.0,3211.0,278.0,0,-141374.15026887483,-28287.31055067157
165740.0,222859.0,21171.0,31033.0,741,282,118,191,229645.0,192187.0,92860.0,82724.0,278.0,0,72840.19162246445,140659.74166922824
12011.0,27073.0,2648.0,3059.0,3173,3388,6147,6316,17666.0,19105.0,4636.0,4885.0,278.0,0,-140851.08811124117,-21249.37179863907
15747.0,26458.0,2446.0,4562.0,4548,4926,7117,7503,16968.0,15770.0,2228.0,3628.0,278.1,0,-140818.4786732523,-23017.6719100824
3166.0,8134.0,3057.0,7439.0,3080,3595,4008,4743,11538.0,13750.0,1363.0,1574.0,278.1,0,-148582.59066220943,-26715.69652052714
6184.0,14177.0,1831.0,3198.0,5706,6203,7511,8169,19757.0,20612.0,2175.0,3755.0,278.1,0,-143902.48969734777,-20248.569263165544
3906.0,9054.0,1385.0,2931.0,342,264,58,0,5556.0,7550.0,35753.0,34085.0,278.1,-1,-135344.32493105502,-9854.237719229222
1247.0,5705.0,2619.0,6690.0,185,108,59,0,25676.0,33166.0,22390.0,24774.0,278.1,-1,-132620.597188249,-4834.881041083569
1949.0,8401.0,1040.0,2996.0,145,118,0,0,4621.0,6755.0,14665.0,17838.0,278.1,-1,-146641.20297983752,-21557.749274843387
2106.0,13544.0,523.0,2213.0,170,51,137,0,2744.0,7056.0,17577.0,38890.0,278.1,-1,-144045.8263881038,-17828.82059779814
1630220.0,1333440.0,1912800.0,1868140.0,6008,3277,1447,925,3258600.0,2169910.0,1992550.0,1274770.0,278.1,3,4196093.263464616,1761431.972902615
399581.0,586511.0,32310.0,48621.0,284,415,122,85,83345.0,77289.0,72303.0,69287.0,278.1,0,101054.55191051013,15185.538428504007
30419.0,51290.0,4832.0,8043.0,198,170,305,157,24475.0,23547.0,10874.0,16579.0,278.1,0,-124969.19826203442,-15028.78757705259
126016.0,183897.0,26723.0,39244.0,0,84,598,219,83273.0,73891.0,42124.0,41883.0,278.1,0,-29466.069290712883,19365.99161171335
38821.0,57268.0,5149.0,7670.0,634,492,139,130,41732.0,38606.0,31346.0,32464.0,278.3,0,-103966.73866810536,6276.092523998832
48755.0,73276.0,11758.0,14723.0,0,112,152,120,37753.0,32383.0,37801.0,24531.0,278.3,0,-95749.94314435255,401.3063355114464
76082.0,109316.0,5565.0,7570.0,411,232,343,156,71412.0,65376.0,46001.0,44629.0,278.3,0,-68094.88703321562,30461.7619376997
1658.0,6688.0,1553.0,5735.0,1286,1696,1883,2768,4750.0,6628.0,294.0,1689.0,278.4,0,-153685.60311924835,-30398.97434591493
48006.0,74649.0,4794.0,7160.0,0,102,0,115,40304.0,35958.0,32934.0,26728.0,278.4,0,-101234.5313053362,4745.157837592062
4013.0,11703.0,1781.0,3674.0,1369,2999,1998,4296,5626.0,11827.0,1967.0,2400.0,278.4,0,-151461.2365989915,-29324.982229953148
27221.0,45168.0,11804.0,21592.0,177,185,21,60,26584.0,25742.0,9992.0,15150.0,278.5,0,-121019.8522323246,-18464.80243509456
5233.0,11557.0,279.0,2844.0,654,1623,987,2197,2521.0,5299.0,643.0,1101.0,278.6,0,-154054.2804120739,-31190.31407552116
4804.0,14589.0,868.0,3352.0,1774,2732,2230,3218,5336.0,7845.0,556.0,555.0,278.6,0,-152651.17978339797,-29874.49076752922
54808.0,93100.0,19306.0,29029.0,351,192,308,129,53875.0,47736.0,47929.0,40467.0,278.7,0,-75038.36719806054,12270.013387938145
41507.0,58587.0,6569.0,10743.0,445,286,305,124,44208.0,39393.0,34490.0,28084.0,278.8,0,-100163.27721994348,7392.393491306149
5109.0,12115.0,1781.0,3195.0,2932,3259,3899,4139,9452.0,9827.0,796.0,1353.0,278.8,0,-149846.11725825685,-27633.303355828328
28582.0,34662.0,4693.0,8380.0,0,97,0,122,31041.0,28485.0,29429.0,21161.0,278.9,0,-115431.60514847626,-2150.068005565514
38910.0,52047.0,12827.0,19035.0,813,402,411,184,35954.0,32436.0,28375.0,25450.0,278.9,0,-103214.83090048196,-4575.284904050321
12371.0,10764.0,3383.0,4503.0,5969,5541,7268,6848,20035.0,18701.0,3072.0,2596.0,278.9,0,-139986.82387802342,-21259.685776021623
148016.0,213019.0,13181.0,17603.0,791,349,96,134,67602.0,58917.0,55181.0,51429.0,278.9,0,-30847.231211553604,23538.821646729328
6330.0,8622.0,1639.0,2564.0,2924,2876,3389,3772,10291.0,10848.0,413.0,1092.0,279.0,0,-149240.9015500761,-27296.820597706057
4678.0,13706.0,1350.0,2969.0,2815,4058,3201,4418,9245.0,13150.0,1839.0,1485.0,279.0,0,-150013.12095117875,-27008.31216257908
2833.0,12696.0,1768.0,5493.0,1120,1377,1423,1829,3845.0,5123.0,186.0,995.0,279.1,0,-153592.43253326777,-31340.178292740107
5343.0,17861.0,1064.0,2848.0,2280,2621,3090,3692,9692.0,11547.0,1079.0,1079.0,279.1,0,-150069.89360461032,-26973.204222962584
8167.0,19863.0,2126.0,3602.0,2500,2370,3809,3653,12020.0,11492.0,3508.0,3235.0,279.1,0,-145960.29329033857,-24984.787868762385
2969.0,7521.0,1187.0,3184.0,3659,4002,4934,5806,13387.0,15799.0,857.0,1432.0,279.1,0,-149323.28748507678,-24593.165972828752
8659.0,18684.0,3209.0,6367.0,2618,2407,3526,3340,10937.0,10217.0,2491.0,2075.0,279.1,0,-146021.13683858758,-26995.135477545424
2958.0,11305.0,420.0,1360.0,88,0,324,225,2282.0,5321.0,9075.0,17939.0,279.2,0,-149759.11261138835,-25042.823109570192
38195.0,62830.0,2873.0,4725.0,420,218,373,194,41356.0,39736.0,16461.0,23723.0,279.2,0,-112562.23873331504,-139.89111368350132
169014.0,254684.0,29358.0,46011.0,466,193,333,138,122334.0,107467.0,83366.0,72936.0,279.2,0,26716.038346320944,61902.64868403906
40356.0,61623.0,5529.0,10814.0,1954,2165,5348,5049,12924.0,12589.0,3156.0,4303.0,279.3,0,-130015.00181947442,-28613.74527358583
182434.0,260256.0,35692.0,53061.0,0,173,220,212,106243.0,94976.0,83859.0,81202.0,279.3,0,30556.89791846383,48413.4332179717
3116.0,10306.0,0.0,533.0,602,1618,954,2177,2069.0,5895.0,1799.0,1828.0,279.3,0,-154799.35270369044,-30561.66119149293
1129.0,5677.0,841.0,3860.0,1519,3599,2025,4723,4129.0,10265.0,877.0,1208.0,279.3,0,-154518.80246782585,-30142.65291214596
3407.0,7466.0,1477.0,3396.0,2878,3311,4254,4800,11053.0,12150.0,545.0,1055.0,279.3,0,-150161.24863883026,-26471.81174889422
83180.0,120884.0,4806.0,6662.0,331,246,367,136,73471.0,63005.0,66269.0,44982.0,279.4,0,-57259.72169617428,40340.159826953895
9676.0,29944.0,1980.0,4804.0,5860,6832,7517,9205,18814.0,23264.0,2759.0,3533.0,279.5,0,-142606.85128624682,-20955.98588938108
8451.0,13264.0,1761.0,2602.0,2738,2542,3629,3567,8882.0,8746.0,1512.0,1826.0,279.5,0,-148425.05792924907,-27822.46233355012
9633.0,15427.0,2121.0,4014.0,2987,3294,4698,4875,13994.0,13163.0,4962.0,4741.0,279.5,0,-143744.38559429502,-22975.303852934678
86884.0,130273.0,68305.0,103854.0,3433,3404,6179,5679,18684.0,17509.0,8026.0,4246.0,279.6,0,-63218.44050952207,-65373.17541666802
43043.0,63916.0,14585.0,23139.0,260,201,109,73,38647.0,36696.0,20588.0,29149.0,279.6,0,-101502.2354604482,-6918.926140638774
4983.0,10449.0,3125.0,6175.0,1964,2061,2670,3127,6750.0,6773.0,2335.0,2513.0,279.6,0,-149476.88707633023,-29347.50141286302
84488.0,147290.0,6454.0,11026.0,883,305,532,229,135758.0,109673.0,66269.0,51322.0,279.7,0,-26703.34495236026,79620.65054277219
7257.0,13331.0,1903.0,3641.0,2936,2783,3854,3888,9366.0,9874.0,1518.0,2016.0,279.7,0,-148570.81714416682,-27494.62026747746
55629.0,82088.0,9945.0,16231.0,41,176,193,129,51879.0,47183.0,36988.0,36419.0,279.7,0,-86616.49035736674,11591.214016634189
9474.0,20718.0,1526.0,2955.0,2213,2169,3980,4391,10449.0,10443.0,428.0,1894.0,279.7,0,-147854.1646021079,-27193.276022694587
2964.0,9958.0,746.0,2370.0,1399,2042,2064,3435,5126.0,7888.0,357.0,1856.0,279.7,0,-153493.72409167208,-29685.88028490716
4087.0,12682.0,691.0,3168.0,373,895,491,1688,1901.0,4574.0,57.0,90.0,279.7,0,-154863.8372098299,-32175.599178723
63873.0,106413.0,35304.0,54417.0,192,102,261,116,66435.0,64398.0,51196.0,54778.0,279.8,0,-51602.56117250105,13245.900231493568
39865.0,58639.0,11869.0,17904.0,524,383,0,0,42661.0,39502.0,29392.0,32490.0,279.8,-1,-99207.4306298912,1769.2935989799334
118943.0,176368.0,6732.0,10923.0,683,240,0,74,93725.0,84135.0,79900.0,66643.0,279.9,0,-24385.49126891617,58807.76246682208
4033.0,10510.0,1059.0,3246.0,3672,4297,4480,4917,10786.0,12033.0,515.0,1306.0,279.9,0,-150291.20925968693,-26391.32385418979
6108.0,17764.0,2078.0,4415.0,2546,2928,3367,3672,9678.0,10668.0,775.0,2161.0,280.0,0,-149037.21743252032,-27621.87052449041
28572.0,49170.0,4959.0,7966.0,113,150,0,0,23312.0,21700.0,14555.0,20386.0,280.0,-1,-124330.15285660706,-13562.409111388855
8407.0,19123.0,1380.0,3229.0,1574,1671,2631,2693,8539.0,8559.0,2636.0,2364.0,280.0,0,-148381.89647598067,-27240.67764907034
15135.0,26101.0,1771.0,4325.0,5528,6215,8547,8849,21224.0,20581.0,3487.0,4683.0,280.0,0,-139014.62648424009,-19162.97419726341
6519.0,11427.0,976.0,2781.0,3523,3632,4776,4647,10662.0,10112.0,2082.0,2103.0,280.1,0,-148707.3285569275,-25792.915759379524
33194.0,52178.0,2490.0,3953.0,589,363,321,177,33813.0,33714.0,15461.0,22251.0,280.1,0,-118829.97787685816,-4999.820048517551
67545.0,90233.0,5858.0,7197.0,462,386,0,0,55793.0,51640.0,39207.0,38575.0,280.1,-1,-81715.7839097425,17146.458910863865
95246.0,137224.0,10196.0,16012.0,0,160,0,0,104210.0,90967.0,86355.0,69102.0,280.1,-1,-24300.747362825467,67926.15225449561
29706.0,56023.0,20435.0,36376.0,245,141,0,5,36618.0,33814.0,17256.0,25008.0,280.3,0,-105591.90271707208,-13070.8414194629
22322.0,30340.0,4205.0,5080.0,5713,6052,7630,7875,18255.0,18790.0,3099.0,4411.0,280.3,0,-135907.34265436215,-23244.207961050008
16020.0,36378.0,11382.0,19584.0,197,166,204,118,18073.0,18118.0,12875.0,12346.0,280.3,0,-129025.25574360303,-22093.138666742125
5290.0,15903.0,2796.0,7131.0,4344,4300,5257,5589,13482.0,13363.0,953.0,2530.0,280.3,0,-147042.73225447466,-25477.43140701112
40750.0,65270.0,13426.0,20822.0,327,132,163,89,35892.0,31938.0,31214.0,28575.0,280.4,0,-100634.44574360164,-3417.531997292452
3742.0,13347.0,1421.0,4439.0,1692,2016,2496,2916,7166.0,8512.0,421.0,1121.0,280.5,0,-151857.36000246243,-28960.702394250748
118780.0,173863.0,15788.0,23324.0,472,279,693,294,99256.0,88070.0,70362.0,64042.0,280.6,0,-19553.16059791998,52212.08533361432
48657.0,61973.0,11365.0,18209.0,399,215,106,50,31523.0,28046.0,24695.0,24613.0,280.6,0,-103695.61368661982,-8771.289419070581
299697.0,407386.0,41394.0,64161.0,1126,702,98,118,418622.0,349457.0,177049.0,149478.0,280.7,0,266362.8851650505,284782.5841258657
40664.0,71364.0,8359.0,12676.0,0,70,117,77,41335.0,40818.0,23773.0,31498.0,280.7,0,-104092.53885494873,557.7762724769673
4604.0,10042.0,1278.0,3950.0,2754,2933,3474,3984,8209.0,8756.0,15.0,1462.0,280.7,0,-151236.03759070777,-28381.685201922104
4782.0,9967.0,1302.0,2657.0,2422,2677,3520,4043,8765.0,9677.0,1096.0,2428.0,280.7,0,-150375.60627983353,-27447.75948671928
26466.0,51712.0,2641.0,5581.0,3970,4083,6315,6558,18785.0,19519.0,4585.0,5684.0,280.7,0,-134347.73510852165,-21370.29118292725
36512.0,55049.0,6311.0,10217.0,239,193,263,122,32924.0,32374.0,17309.0,24166.0,280.8,0,-114310.1950725734,-7093.562000244467
6282.0,18484.0,789.0,2304.0,3482,4306,4233,5605,10866.0,13884.0,0.0,402.0,280.8,0,-149825.60883277014,-26678.98458979445
10286.0,16658.0,0.0,1464.0,3013,2750,3971,3776,10165.0,10313.0,2082.0,1531.0,280.8,0,-148137.1574013594,-25832.48074797981
127119.0,181046.0,15642.0,22455.0,197,227,48,80,77417.0,69895.0,58537.0,57118.0,280.8,0,-31324.71270369564,31879.168421662685
1241.0,5677.0,422.0,1484.0,167,52,134,47,2791.0,4239.0,3479.0,4870.0,280.9,0,-153947.93581991005,-29056.69501487705
397193.0,530766.0,363607.0,588694.0,988,611,174,111,281116.0,247431.0,147454.0,134561.0,280.9,0,454003.3164608821,-25602.46536870712
171728.0,266110.0,16628.0,27984.0,25,159,342,195,132105.0,115807.0,64629.0,62551.0,280.9,0,15213.464393200147,66368.18754882918
85971.0,125598.0,12604.0,18539.0,847,295,422,245,68148.0,62400.0,51304.0,47753.0,280.9,0,-58302.839097722055,26062.38441878025
2179.0,7345.0,1620.0,4368.0,2298,2823,2596,3283,6068.0,7430.0,147.0,494.0,280.9,0,-153033.86768170667,-29894.18412279725
29146.0,46527.0,3647.0,6338.0,152,105,46,38,29074.0,27087.0,15383.0,24895.0,280.9,0,-121521.18848571114,-8068.204200330099
8969.0,18333.0,1695.0,3293.0,4578,4982,5530,5920,11229.0,11000.0,2383.0,2320.0,280.9,0,-146810.05577052667,-25883.020483914897
594353.0,746733.0,56634.0,80286.0,1573,1232,393,282,981644.0,781802.0,336417.0,306261.0,281.0,3,730000.587463739,704085.8451037031
4531.0,11537.0,1785.0,3840.0,3116,3850,4153,4862,11775.0,13441.0,1210.0,2954.0,281.0,0,-148676.9990270247,-25698.365155398435
7912.0,12870.0,3361.0,5812.0,2999,2690,3456,3601,9888.0,10265.0,1629.0,1581.0,281.0,0,-147074.7584375729,-28146.75108423026
41940.0,63192.0,5269.0,7966.0,146,112,490,246,46077.0,43507.0,47692.0,39639.0,281.1,0,-93709.40842998086,16756.888463816922
134332.0,183262.0,18358.0,27351.0,714,290,298,121,80184.0,70914.0,56106.0,46167.0,281.1,0,-27527.19251751434,28677.34736119124
1673.0,9393.0,722.0,3232.0,974,1905,1826,3667,4750.0,9335.0,509.0,944.0,281.1,0,-154268.88344232616,-29907.440122435644
1486.0,9243.0,171.0,1359.0,879,1882,1385,3513,3161.0,8762.0,182.0,762.0,281.1,0,-155586.7619079836,-30721.431370671475
1690.0,8363.0,197.0,1093.0,198,128,38,0,1628.0,4706.0,7601.0,19295.0,281.1,-1,-151101.20987953545,-25634.40148777274
23380.0,38397.0,4135.0,7977.0,0,54,81,67,30918.0,30394.0,13434.0,20505.0,281.1,0,-123988.41236775422,-8356.08288540669
132202.0,178950.0,4857.0,6588.0,299,269,250,131,184661.0,158398.0,71701.0,59617.0,281.2,0,16831.046881140763,112053.1971178812
40530.0,59614.0,7315.0,11075.0,542,392,354,203,36117.0,32274.0,28740.0,26478.0,281.2,0,-106020.44965694223,-798.6688258532195
56621.0,66514.0,25549.0,29133.0,2278,1518,3683,3759,10680.0,10397.0,3248.0,4873.0,281.3,0,-110435.96556836208,-43532.91254673805
7570.0,18738.0,3199.0,5403.0,3932,3592,5215,5244,14487.0,14289.0,2380.0,2891.0,281.3,0,-144806.3905970919,-24586.216039288804
32800.0,42724.0,8871.0,13099.0,327,290,196,203,34250.0,31514.0,22963.0,22032.0,281.3,0,-111647.60002112758,-5591.455577804438
52072.0,85595.0,12084.0,20895.0,370,401,86,118,52359.0,46927.0,37302.0,39397.0,281.3,0,-85886.86392899218,11392.088173745153
45728.0,76568.0,13888.0,23251.0,2214,2384,6233,6059,16227.0,15527.0,3788.0,6105.0,281.4,0,-120090.90465403184,-31566.20036700474
8605.0,26982.0,4658.0,10994.0,4197,4625,6930,7634,19098.0,20082.0,1126.0,2903.0,281.4,0,-141754.78705061748,-23174.445118002197
1069.0,6764.0,56.0,1177.0,85,0,71,0,2377.0,5818.0,5936.0,12045.0,281.4,-1,-152645.8638892405,-26894.04619689691
1629.0,5958.0,403.0,1722.0,83,0,46,0,3009.0,5118.0,3394.0,6631.0,281.4,-1,-153514.08551239985,-28684.386868908823
461948.0,571171.0,81792.0,120739.0,2204,1801,26,92,758079.0,584488.0,299935.0,240276.0,281.4,3,570564.5093296854,529640.9341295912
27253.0,45606.0,13507.0,22389.0,687,356,0,0,27488.0,24918.0,15144.0,18506.0,281.4,-1,-117103.82259654574,-16258.155531396122
4909.0,8115.0,235.0,1401.0,4877,5363,6964,7422,16817.0,18369.0,1091.0,2760.0,281.4,0,-147380.5008628642,-21637.722545569108
29319.0,46185.0,8313.0,13493.0,74,94,0,0,36638.0,35357.0,13218.0,28847.0,281.5,-1,-115125.73998625128,-6493.526493203586
1625.0,4156.0,11930.0,22428.0,167,149,99,16,7683.0,6028.0,1001.0,1170.0,281.5,0,-145020.2134118357,-34847.27837517561
1700300.0,1309950.0,3737870.0,3453650.0,4770,2247,1362,684,543253.0,445781.0,339087.0,243985.0,281.5,2,3520554.9805877423,-1965038.1106521268
7372.0,17306.0,3149.0,7331.0,2317,2681,3078,3421,9896.0,10461.0,1492.0,1505.0,281.5,0,-147500.86111399948,-28043.50051673919
32763.0,50623.0,6474.0,9525.0,182,121,0,0,30973.0,28576.0,24094.0,23969.0,281.5,-1,-114141.39891127255,-5363.918183738973
1924.0,5593.0,269.0,2192.0,837,2278,810,2207,2503.0,5526.0,1365.0,1572.0,281.6,0,-155098.2455030891,-30602.410015676265
1783.0,9598.0,188.0,1494.0,764,2191,1151,3192,2519.0,7259.0,422.0,700.0,281.6,0,-155662.635548939,-31067.03288852366
207510.0,297934.0,12026.0,19536.0,162,350,171,210,171951.0,149619.0,77043.0,77701.0,281.6,0,51147.829416551016,99765.69676414416
1930.0,8579.0,1910.0,4931.0,2281,2969,3242,4462,9010.0,11398.0,805.0,1592.0,281.6,0,-151226.92224778922,-27746.043206384784
4392.0,13651.0,839.0,3392.0,735,2277,1163,3550,2887.0,8096.0,232.0,880.0,281.6,0,-154026.16433243777,-31463.405956546125
1753520.0,1585520.0,3074100.0,3392530.0,6392,4496,2221,1188,191230.0,150294.0,102184.0,79998.0,281.6,3,2817126.305203669,-1900060.7193175592
8444.0,19537.0,1436.0,3868.0,2503,2587,3482,3430,10881.0,12211.0,2610.0,3168.0,281.6,0,-147177.10890919116,-25678.0885678039
36816.0,59880.0,45123.0,68485.0,1641,1326,4022,3812,11843.0,11525.0,3735.0,3976.0,281.6,0,-104439.5315447754,-53737.92324456511
45040.0,68827.0,7618.0,12421.0,548,366,64,158,45528.0,42343.0,33889.0,31035.0,281.6,0,-97245.96695397088,7559.564767314816
16412.0,22152.0,3766.0,8285.0,6723,7346,8158,8516,19264.0,18391.0,1909.0,2837.0,281.6,0,-138810.9931590115,-22698.088861275817
49376.0,91239.0,44877.0,65968.0,2610,2414,6956,7072,17804.0,16898.0,5929.0,5189.0,281.7,0,-95809.71210488002,-49509.26063625696
116175.0,171470.0,24285.0,36962.0,635,339,0,70,92561.0,85684.0,102594.0,79937.0,281.7,0,-3867.414852206042,58887.39488779301
29919.0,46721.0,3494.0,7094.0,215,107,184,223,25035.0,23397.0,14898.0,16034.0,281.8,0,-124429.41118546046,-12201.467082993986
2979.0,4502.0,1529.0,2725.0,611,1043,793,1715,2420.0,5406.0,270.0,395.0,281.8,0,-154386.8512693218,-32162.72322085293
3996.0,20832.0,1193.0,3443.0,1451,2093,1975,2872,4843.0,7197.0,462.0,1348.0,281.8,0,-152915.428463721,-30250.247263526457
10889.0,24097.0,3125.0,5187.0,3617,3736,4962,4951,12757.0,12349.0,3221.0,2190.0,281.8,0,-144057.4457211001,-25609.23908705508
3262.0,17176.0,487.0,2832.0,762,1700,897,2330,2256.0,6903.0,901.0,1277.0,281.9,0,-154719.68795386193,-31224.170718877056
4987.0,14655.0,975.0,2657.0,3351,4399,3611,4700,7575.0,11162.0,650.0,1113.0,281.9,0,-151382.49352443477,-28406.952681537063
1784.0,7394.0,0.0,48.0,157,62,144,47,3052.0,4600.0,801.0,1203.0,281.9,0,-155350.97218023954,-30374.185472291112
1001.0,4075.0,0.0,1374.0,26,0,137,53,3929.0,4565.0,8315.0,13924.0,281.9,0,-150896.22965879508,-24574.239788572137
751104.0,920364.0,47883.0,65431.0,1594,1153,247,281,1164270.0,880149.0,334866.0,272824.0,281.9,3,865683.7423851751,808846.3930658486
2239.0,11570.0,451.0,1897.0,894,2321,1258,2836,3081.0,7011.0,112.0,1133.0,281.9,0,-155100.18323962158,-30966.887653514445
50507.0,83151.0,8026.0,12960.0,162,115,156,94,43664.0,43564.0,24787.0,37835.0,281.9,0,-98066.34233417564,3042.197335520836
134055.0,202340.0,13497.0,17458.0,503,290,30,67,61459.0,53998.0,54878.0,43589.0,281.9,0,-40218.81598557615,18978.34633777341
6948.0,20893.0,2707.0,5978.0,2667,2889,3459,3795,10304.0,10985.0,1728.0,2957.0,281.9,0,-147523.9748157544,-27147.81293928951
19223.0,26196.0,916.0,2191.0,2422,2790,5257,5140,14713.0,13238.0,4040.0,4695.0,282.0,0,-140671.74400841165,-22779.82681933477
37710.0,59798.0,5855.0,9110.0,237,167,172,86,30288.0,27018.0,15164.0,21148.0,282.0,0,-116495.90372524278,-9936.426542163492
57376.0,91596.0,17489.0,28170.0,267,157,466,199,64591.0,58012.0,41652.0,45468.0,282.0,0,-72095.1416777441,18188.592521247778
1068.0,3944.0,104.0,1146.0,173,127,199,106,3976.0,6586.0,662.0,1136.0,282.1,0,-155215.46926340216,-29877.68396482011
8465.0,12262.0,0.0,398.0,248,179,316,176,13180.0,8040.0,633.0,890.0,282.1,0,-148150.2135516347,-24525.037251121088
2623.0,10490.0,0.0,579.0,115,92,266,199,2578.0,9731.0,28909.0,48809.0,282.1,0,-138832.7771621466,-11293.717700103753
487498.0,632016.0,35108.0,47652.0,1224,1238,507,273,729299.0,592459.0,295384.0,251543.0,282.1,3,535556.9336404748,538993.7581061905
45419.0,72814.0,5460.0,7828.0,0,46,232,161,43710.0,39589.0,32486.0,29130.0,282.1,0,-100160.09293612794,6846.74595446308
13885.0,21333.0,3343.0,5453.0,2506,2267,4255,4030,11951.0,11813.0,3779.0,3254.0,282.2,0,-142706.36065584273,-26046.261133373948
57109.0,98438.0,15193.0,27437.0,526,233,4,93,59059.0,53559.0,54916.0,47814.0,282.2,0,-71092.4985636665,22090.472650875683
68409.0,97563.0,8696.0,15157.0,471,194,286,245,61330.0,59178.0,32331.0,45925.0,282.3,0,-78501.1657939768,17091.86755967123
333749.0,458593.0,35702.0,50713.0,327,435,607,186,210061.0,171506.0,129524.0,103446.0,282.3,0,158997.51833656532,126947.28590487655
6361.0,15146.0,1160.0,2741.0,2482,2714,3373,3622,11868.0,13250.0,1090.0,2611.0,282.3,0,-148407.2893517568,-25472.81023282409
2020.0,6677.0,1266.0,4114.0,1187,1617,1514,2199,3726.0,6820.0,1097.0,1806.0,282.4,0,-153886.74799625506,-30534.841290741428
7761.0,18461.0,3882.0,7027.0,1392,1558,3472,3629,8033.0,7830.0,1985.0,2657.0,282.4,0,-147349.32878418278,-29313.442799738565
4432.0,9095.0,1476.0,3010.0,2693,2824,3924,3831,9200.0,9458.0,1027.0,2319.0,282.4,0,-150240.79228305287,-27304.930704216364
462150.0,629344.0,41887.0,60179.0,1380,820,0,87,634005.0,518853.0,241905.0,203353.0,282.5,3,461072.0910723553,445957.4356812607
44881.0,65533.0,4044.0,3807.0,5,115,0,87,34333.0,33890.0,13956.0,24392.0,282.5,0,-113022.9764182398,-6694.348629532527
1216.0,6694.0,607.0,2223.0,200,199,93,30,2507.0,7325.0,14836.0,38315.0,282.5,0,-145541.35873485572,-19217.97766006915
66306.0,104017.0,15963.0,26143.0,349,210,272,97,59582.0,55759.0,35200.0,41617.0,282.5,0,-74617.83910062583,12073.398844918009
44231.0,55455.0,7479.0,10781.0,544,252,453,179,32110.0,31073.0,23696.0,24380.0,282.6,0,-108324.43082559122,-6128.635788476957
49631.0,75657.0,3187.0,5339.0,204,93,23,80,48969.0,41248.0,36612.0,31666.0,282.6,0,-95790.7042831744,13462.840503785135
2868.0,4858.0,2307.0,4944.0,2836,2786,3248,3391,7965.0,7440.0,994.0,1205.0,282.7,0,-151017.63721996904,-28700.24361972097
65650.0,90391.0,12405.0,17351.0,488,211,626,223,62289.0,56340.0,52163.0,48601.0,282.7,0,-68979.82556025579,24300.721949008013
2911.0,11253.0,1060.0,2606.0,2308,2690,3080,3657,8899.0,10851.0,868.0,1792.0,282.8,0,-151413.83482783145,-27288.19840379609
3108.0,9021.0,995.0,2240.0,2189,2674,2521,3229,5731.0,7629.0,0.0,791.0,282.8,0,-153254.0214082527,-29789.34310220217
4586.0,17804.0,899.0,2824.0,1876,2623,2941,4251,7842.0,10942.0,2824.0,2933.0,282.9,0,-150450.71010634367,-26960.392033781824
3442.0,9680.0,767.0,1679.0,1782,2017,2459,2929,6431.0,7738.0,76.0,511.0,282.9,0,-152967.4413425251,-29238.155305378477
26351.0,44619.0,3002.0,6261.0,136,101,0,0,37503.0,34772.0,22750.0,28288.0,282.9,-1,-116171.1843487851,1490.329121148101
8455.0,18078.0,2784.0,4744.0,3757,3604,4953,4816,13035.0,13029.0,2587.0,2847.0,282.9,0,-145315.03195523063,-25221.926379674976
11185.0,24700.0,3040.0,5052.0,4931,5048,7062,6675,18282.0,18389.0,3712.0,2075.0,283.0,0,-141331.8909439702,-21890.32325261682
42690.0,71025.0,2602.0,6239.0,83,190,26,67,41092.0,37458.0,28587.0,29458.0,283.0,0,-105829.11416080128,5579.175759649257
1804.0,10777.0,0.0,0.0,206,142,140,56,5423.0,10691.0,1736.0,3026.0,283.1,0,-153698.3886405721,-28191.50624485496
2533.0,11393.0,154.0,1074.0,160,68,98,16,3003.0,5049.0,1761.0,2150.0,283.1,0,-154486.096261862,-29995.839731731478
686424.0,842441.0,96722.0,140821.0,1745,1401,40,238,960660.0,752350.0,357154.0,284231.0,283.1,3,790798.4043482748,664831.0214583001
4427.0,14413.0,403.0,1336.0,1160,1312,1687,2039,5034.0,6650.0,322.0,1512.0,283.1,0,-153230.33192696518,-29694.36696515122
47223.0,69509.0,26685.0,41833.0,2380,2254,5354,5554,14064.0,14851.0,5431.0,3828.0,283.1,0,-111298.63337651796,-40743.57716010362
8695.0,12815.0,1915.0,4871.0,2880,2948,3605,3726,9900.0,9603.0,3359.0,3297.0,283.1,0,-146892.07241419933,-26280.439857049776
39030.0,58821.0,12196.0,19685.0,100,130,188,125,45344.0,43732.0,30192.0,35977.0,283.2,0,-97369.4789424149,4202.122720417046
6106.0,14632.0,1663.0,2970.0,1508,1366,1807,1823,5772.0,5788.0,1041.0,1456.0,283.2,0,-151080.72393480793,-29835.22850109342
8196.0,23843.0,2077.0,5114.0,3101,3670,4160,5053,11664.0,14559.0,933.0,3049.0,283.2,0,-147114.75581862396,-26291.00536491029
26998.0,41661.0,3357.0,5594.0,601,279,627,200,30518.0,28721.0,28168.0,21633.0,283.3,0,-117642.25930444345,-1991.4186907682704
5811.0,12858.0,1987.0,4675.0,2332,2656,3535,4015,10269.0,11383.0,662.0,3088.0,283.3,0,-148880.09691920088,-27069.82097495275
67133.0,97354.0,5913.0,8373.0,230,252,0,39,68914.0,62635.0,45385.0,47495.0,283.3,0,-72511.54374407022,29446.231135684626
1091.0,3939.0,2756.0,7431.0,3630,4718,3592,4712,8357.0,11352.0,1432.0,1749.0,283.3,0,-151025.97149580347,-28347.571985959403
69246.0,97764.0,6479.0,8697.0,308,255,523,244,49987.0,46247.0,37451.0,48991.0,283.3,0,-82526.18813720143,13898.560665419503
10921.0,13554.0,4725.0,6085.0,1964,1756,3002,2998,9326.0,8250.0,2347.0,2273.0,283.4,0,-144804.42036578854,-29141.863209947736
7617.0,12305.0,1495.0,1869.0,3250,2940,4186,3975,10053.0,10543.0,1007.0,1520.0,283.4,0,-148645.5624565355,-27120.981707826697
9314.0,25458.0,3905.0,7863.0,3874,4590,5215,5924,14716.0,16637.0,3221.0,3172.0,283.4,0,-143155.66568948582,-24599.97697008661
197878.0,276834.0,30625.0,48729.0,411,507,343,153,147384.0,130610.0,119720.0,107256.0,283.5,0,68456.94592849773,95832.23627109536
1288.0,6351.0,357.0,2697.0,759,2013,815,2307,2322.0,7215.0,1508.0,2184.0,283.5,0,-155249.59546788695,-30572.4699627869
4750.0,10738.0,1625.0,3654.0,2177,2395,3092,3126,8622.0,8845.0,1976.0,2268.0,283.5,0,-149926.6653060569,-27396.122163955548
21983.0,26121.0,2331.0,4456.0,5639,5534,6768,6586,18832.0,17552.0,3306.0,4940.0,283.5,0,-136938.19654189292,-21511.03115952105
4955.0,10655.0,3639.0,6277.0,2153,2066,2941,3000,8273.0,8600.0,0.0,1715.0,283.5,0,-149408.59171308874,-29812.784107244668
30026.0,46347.0,9562.0,14994.0,512,223,209,108,37343.0,32607.0,25105.0,25899.0,283.6,0,-109632.50661516852,-2370.107319089897
12267.0,22333.0,1908.0,4262.0,1359,1504,3304,3458,9233.0,9891.0,764.0,1981.0,283.6,0,-146862.55104915806,-28229.39778468748
2012.0,8286.0,118.0,433.0,154,70,133,16,3229.0,5996.0,11582.0,16805.0,283.6,0,-149146.31517378325,-23323.532124528887
1355.0,6976.0,252.0,916.0,151,32,133,43,5675.0,12844.0,45449.0,74841.0,283.6,0,-128388.71561780904,1706.3344382693576
566144.0,674708.0,40381.0,55829.0,1356,1139,201,180,1062120.0,842752.0,396174.0,332820.0,283.6,3,768912.9179376615,796342.77434067
46565.0,65903.0,29159.0,45811.0,2486,2142,5922,5929,16283.0,15714.0,7348.0,6520.0,283.7,0,-107810.7018942503,-39613.369380374
14292.0,28407.0,2567.0,5578.0,6871,6863,8907,9146,21649.0,21033.0,3925.0,4570.0,283.7,0,-138467.7252226748,-19173.86267946893
11299.0,24129.0,2319.0,4268.0,3837,3956,5164,5364,12242.0,12502.0,475.0,1894.0,283.8,0,-145728.3730777755,-26654.91656806854
2660.0,10300.0,1350.0,3647.0,1164,2305,1839,3467,4246.0,7924.0,890.0,1963.0,283.9,0,-153388.42115145974,-30361.253758314902
2109.0,6905.0,746.0,1832.0,735,2164,1590,3373,3095.0,7407.0,644.0,838.0,283.9,0,-154784.26977277442,-30957.986716579115
16917.0,30263.0,1826.0,3173.0,3852,4107,5490,5415,13208.0,12963.0,3020.0,2765.0,283.9,0,-142282.93836581043,-24891.273539741807
5443.0,14896.0,1071.0,2685.0,3120,3427,4393,4561,13981.0,14838.0,3894.0,5530.0,283.9,0,-146485.7663273351,-22374.35751082027
6605.0,16237.0,3673.0,7944.0,3360,3579,4614,5053,13861.0,15077.0,1725.0,3078.0,283.9,0,-145376.59544089407,-25462.67318582661
6197.0,9193.0,355.0,2035.0,2696,2514,3978,3924,9471.0,9858.0,2321.0,2164.0,283.9,0,-149711.9135802106,-26026.27033599323
2569.0,5570.0,102.0,1335.0,71,12,238,110,3457.0,4137.0,1378.0,837.0,284.0,0,-154609.85881170645,-30049.49638517097
645162.0,856248.0,29193.0,37516.0,2501,2694,54411,51849,302806.0,258979.0,233503.0,201160.0,284.0,0,374635.0974359155,228874.76568445077
16414.0,30235.0,2102.0,4217.0,4692,4558,6106,6290,16345.0,15510.0,4747.0,5831.0,284.0,0,-139856.71348409064,-21830.94954039464
3321.0,7964.0,1206.0,2998.0,3739,3839,4773,5163,9785.0,10238.0,1205.0,1941.0,284.1,0,-150597.14761311517,-26678.17958992856
110111.0,165588.0,15558.0,22114.0,650,268,0,33,52550.0,49333.0,44519.0,43111.0,284.2,0,-56500.46942466282,9183.883796460588
5222.0,12113.0,1695.0,3899.0,2335,2843,3446,3869,8483.0,10322.0,418.0,1030.0,284.3,0,-150478.2950455742,-28410.347835862747
13628.0,25405.0,2698.0,4174.0,3200,3112,4009,4078,17203.0,15415.0,3701.0,4028.0,284.3,0,-140819.06738265514,-22213.57015384631
22257.0,42327.0,3378.0,5928.0,3354,3855,5070,5281,14976.0,15052.0,3149.0,5332.0,284.3,0,-137856.99140362508,-24629.3017057144
6465.0,10670.0,1098.0,3150.0,3286,3587,4827,5088,13439.0,14119.0,3216.0,3449.0,284.3,0,-146805.16850856392,-23417.99436362114
197989.0,299724.0,33151.0,42299.0,333,410,496,205,268578.0,216673.0,109539.0,95638.0,284.4,0,119658.1317843666,164731.42174788043
126629.0,180858.0,18900.0,28030.0,119,136,14,101,83614.0,73984.0,77492.0,61216.0,284.4,0,-18968.901860426355,42395.00771633467
8207.0,16074.0,1876.0,3277.0,3896,4331,5519,5883,14867.0,16029.0,2088.0,2798.0,284.4,0,-145407.0540495511,-23693.422116833357
960.0,5669.0,77.0,687.0,321,325,169,85,6179.0,13088.0,10161.0,17740.0,284.4,0,-148681.38530950874,-21810.459386211915
2929.0,12386.0,0.0,1114.0,173,116,182,70,17847.0,19488.0,10080.0,10846.0,284.4,0,-143569.33236961902,-15652.878574847586
1169.0,5105.0,647.0,2478.0,100,25,269,219,11042.0,22132.0,87929.0,115227.0,284.4,0,-104992.5673822796,29170.41472981728
1098300.0,1174120.0,160961.0,220226.0,1836,1365,753,264,1454630.0,1159060.0,516097.0,463005.0,284.4,3,1307768.700666267,1005445.6038164932
7307.0,23635.0,1383.0,3522.0,2118,2598,2610,3216,7347.0,8922.0,1810.0,2086.0,284.4,0,-149706.43554360833,-28316.473447304412
4010.0,12168.0,1172.0,2417.0,2385,2797,2486,2838,7351.0,8057.0,0.0,624.0,284.4,0,-152052.78270200352,-28961.84752096661
3169.0,20005.0,935.0,3959.0,179,163,191,120,2393.0,5212.0,2389.0,4924.0,284.4,0,-153378.88735838942,-30204.288879692867
913.0,5542.0,985.0,4501.0,52,126,245,190,9563.0,16652.0,2652.0,5694.0,284.4,0,-150841.72851026038,-25321.46393318628
1894.0,11849.0,1071.0,4499.0,157,47,171,79,11508.0,19641.0,1503.0,2472.0,284.4,0,-150334.7538133647,-25208.907357323493
4667.0,8601.0,3453.0,4394.0,0,36,109,42,5059.0,4559.0,4186.0,2378.0,284.4,0,-149483.69989249518,-29851.478340927224
644720.0,734084.0,135588.0,193470.0,2509,2300,478,313,1535510.0,1170450.0,518788.0,426702.0,284.4,3,1137367.0690032055,1097292.698688773
2382.0,8595.0,1175.0,3240.0,5,0,112,0,3667.0,6875.0,3101.0,3985.0,284.4,-1,-152818.94653912992,-29348.945533885744
13214.0,19661.0,3433.0,6514.0,2438,2579,3112,3201,8610.0,8369.0,2084.0,2355.0,284.4,0,-145165.89683324675,-29029.77059287816
1341900.0,1162630.0,235581.0,251026.0,11870,7737,228287,146525,1539240.0,926969.0,985983.0,564983.0,284.5,3,1683805.626642072,1210327.928786298
7110.0,19332.0,1872.0,3938.0,4228,5138,6014,6599,13924.0,15289.0,776.0,1637.0,284.6,0,-146913.6963060448,-24951.80915716318
57930.0,77267.0,13262.0,20656.0,215,201,125,92,57885.0,52225.0,31644.0,32980.0,284.6,0,-83082.34870402832,10362.047253346993
2883.0,5118.0,1007.0,3461.0,2186,2339,2878,3067,7453.0,7976.0,1138.0,1486.0,284.7,0,-152053.33392776572,-28103.571917604386
39219.0,62216.0,8644.0,12417.0,0,17,320,121,41337.0,38299.0,33933.0,28615.0,284.8,0,-101101.06657715456,4274.978112509936
66027.0,106203.0,29150.0,45189.0,2945,2424,7452,7661,20019.0,20455.0,7444.0,6963.0,284.8,0,-98068.25513783048,-38395.67038116513
7754.0,16374.0,612.0,1948.0,4456,4983,6809,7731,15110.0,17285.0,357.0,1950.0,284.9,0,-147098.98793598224,-23576.595009895274
5782.0,15379.0,1201.0,2983.0,2751,2836,3220,3662,8967.0,10205.0,833.0,2035.0,284.9,0,-150091.1244960494,-27496.03688786396
4457.0,8517.0,2217.0,6969.0,2727,3459,3437,5016,10443.0,14123.0,3920.0,3400.0,284.9,0,-147954.76863606845,-25599.6452521021
15013.0,25533.0,2533.0,6237.0,2980,2699,3485,3315,10641.0,9901.0,1936.0,1622.0,285.0,0,-144280.62358606776,-27476.78938283652
16228.0,26307.0,2126.0,5831.0,5271,4957,7166,7385,17703.0,17527.0,5808.0,5165.0,285.0,0,-138994.05565191788,-20634.95239645965
14241.0,24092.0,2912.0,3756.0,4937,5545,6899,7057,19521.0,19653.0,4278.0,3085.0,285.0,0,-139273.92783545904,-20825.972670413877
17122.0,24938.0,5072.0,6216.0,2827,2667,3873,3520,10674.0,9712.0,4702.0,3383.0,285.1,0,-140405.27604457695,-27742.748807194286
57865.0,81774.0,6821.0,11609.0,203,195,149,110,63738.0,59578.0,33225.0,43876.0,285.1,0,-82958.11556935433,20522.986106232773
16544.0,36865.0,1604.0,2941.0,3630,3830,5237,5181,15397.0,14944.0,6157.0,6785.0,285.1,0,-139937.33757637636,-21382.555773233154
5037.0,8191.0,3671.0,6600.0,3301,3391,4915,5020,12927.0,12563.0,1643.0,1936.0,285.2,0,-146615.4743764288,-26166.98401468001
57623.0,91401.0,1179.0,4040.0,233,282,348,149,51011.0,46700.0,41983.0,34485.0,285.2,0,-90645.11849390672,18202.11307672853
1189710.0,1215610.0,2045210.0,2434980.0,1788,1496,0,290,235689.0,181057.0,134882.0,107531.0,285.2,3,1911288.8707328285,-1171204.0358879322
5139.0,18274.0,1162.0,2863.0,1525,1672,2211,2751,7074.0,8793.0,0.0,984.0,285.2,0,-151679.00859774338,-29146.22595638526
67797.0,99837.0,8151.0,12373.0,414,224,0,0,62709.0,58067.0,45065.0,45152.0,285.2,-1,-73920.06155968433,23578.33498035845
13177.0,35226.0,5494.0,10458.0,3046,3086,3550,3394,11760.0,11908.0,2865.0,2947.0,285.3,0,-141972.75959853065,-27906.40434018501
82484.0,117632.0,10349.0,14720.0,14,91,453,257,78967.0,72912.0,52693.0,46830.0,285.3,0,-56016.50482631041,34980.85740995612
9805.0,21713.0,2480.0,5040.0,3436,3325,4739,4851,11864.0,11800.0,1388.0,3003.0,285.3,0,-145923.79197261872,-26337.49981188332
17600.0,31243.0,2542.0,4761.0,321,306,83,55,25811.0,25695.0,8469.0,21725.0,285.3,0,-131435.29328105442,-12097.175513932882
9694.0,12212.0,2767.0,3721.0,1940,2036,3241,3123,9443.0,9505.0,3077.0,2608.0,285.3,0,-146294.314654156,-27398.193032760813
3357.0,7242.0,2387.0,6084.0,2971,3246,3427,3828,7317.0,8184.0,1486.0,1453.0,285.3,0,-150840.83312790724,-28945.408806454398
8468.0,20700.0,1275.0,2454.0,2666,2774,3984,4204,11741.0,12525.0,880.0,2387.0,285.3,0,-147626.89364387104,-25885.005794676057
3623.0,14009.0,1323.0,4305.0,1667,3185,2035,4195,4781.0,9874.0,1334.0,2279.0,285.4,0,-152566.35304660542,-29831.560303239545
1115.0,4173.0,660.0,2932.0,888,2616,1191,3593,2762.0,8486.0,465.0,682.0,285.4,0,-155486.7715278214,-31151.17038732507
4358.0,15393.0,551.0,1299.0,261,142,106,0,1895.0,6204.0,13027.0,29841.0,285.4,-1,-146309.45246390917,-21891.00951689128
57258.0,92957.0,11363.0,19481.0,535,312,112,41,61431.0,57213.0,32630.0,44331.0,285.4,0,-81271.5496498928,16075.146903415178
21872.0,34308.0,4619.0,7200.0,228,174,373,165,20681.0,21440.0,5927.0,14274.0,285.6,0,-132443.61484965082,-19184.04611338429
6429.0,17579.0,1802.0,4022.0,2950,3275,3817,4146,11553.0,12692.0,1213.0,1887.0,285.6,0,-148122.57914782263,-26143.38851884803
42996.0,71818.0,13828.0,25396.0,687,337,561,187,53798.0,48153.0,38961.0,34298.0,285.6,0,-87781.26932720128,11675.476555628444
1387.0,4627.0,0.0,240.0,1081,2830,1521,3819,3541.0,9170.0,1068.0,1287.0,285.7,0,-155180.14619292808,-29911.19726980673
2648.0,8528.0,56.0,1406.0,1405,3116,1898,4437,4255.0,9607.0,263.0,524.0,285.7,0,-154695.4745259903,-30036.468442802056
2684.0,4950.0,1237.0,3611.0,1045,1630,1472,2064,3673.0,4839.0,1223.0,1424.0,285.7,0,-153660.8851602362,-30601.71130078994
57957.0,90124.0,7465.0,12630.0,212,138,207,120,41211.0,37333.0,35891.0,30465.0,285.7,0,-93341.82111158362,4835.835388544354
16917.0,24533.0,3084.0,5777.0,6494,7007,8661,9093,23781.0,24324.0,2470.0,3407.0,285.7,0,-136759.63344152583,-19118.45615422088
26234.0,41777.0,5717.0,8276.0,2895,2265,7406,7106,18535.0,17000.0,6093.0,6492.0,285.8,0,-131773.67390552847,-22678.54175912361
3814.0,13541.0,654.0,1585.0,1366,1594,2313,2779,6740.0,8161.0,392.0,888.0,285.8,0,-152590.69603610277,-28802.905767799155
68792.0,105244.0,18849.0,29393.0,497,241,247,219,67981.0,63099.0,51108.0,47978.0,285.8,0,-61145.52985677938,23106.15002734008
1884.0,11021.0,1541.0,6307.0,689,1175,825,1314,2346.0,4689.0,348.0,392.0,285.8,0,-154831.7256739081,-32113.628093832114
35335.0,52999.0,3925.0,5839.0,293,154,125,137,39814.0,33929.0,26571.0,20610.0,285.9,0,-110364.99571587864,2152.625325362645
2020.0,9829.0,947.0,3492.0,1733,3202,2218,4194,5687.0,10316.0,732.0,1484.0,285.9,0,-153396.26137613662,-29298.286946222463
24804.0,44384.0,6479.0,9685.0,227,95,182,99,22982.0,22841.0,11263.0,16686.0,285.9,0,-126647.3549437944,-16461.83554375108
46184.0,70588.0,11246.0,16805.0,257,97,0,0,54717.0,51056.0,29990.0,41590.0,285.9,-1,-90247.00165969694,11086.059425745738
64488.0,100070.0,5947.0,10013.0,197,103,182,172,56774.0,51531.0,47643.0,44884.0,285.9,0,-78540.61824072707,22449.80291793252
7225.0,18060.0,3694.0,5221.0,1915,2092,3788,4105,10514.0,11209.0,3598.0,4151.0,286.0,0,-145794.56375714412,-26675.00044851817
3353.0,9535.0,2463.0,6420.0,1299,2038,1817,2881,4871.0,7543.0,153.0,439.0,286.0,0,-152518.52758556214,-31263.88848204295
367027.0,534554.0,28963.0,46842.0,743,606,425,150,181370.0,167274.0,125762.0,112104.0,286.0,0,154743.5519527094,110685.06290571437
55231.0,70527.0,96774.0,145751.0,3007,2573,4016,3833,11597.0,11061.0,3356.0,3278.0,286.1,0,-61565.42064913984,-87790.49601422479
5325.0,18633.0,1627.0,4285.0,1191,1285,1845,2118,5576.0,6823.0,408.0,1052.0,286.1,0,-151799.0953421897,-30215.88329516748
149475.0,208613.0,15052.0,24444.0,82,94,80,97,182363.0,146627.0,68978.0,63351.0,286.1,0,29375.232966816693,102533.4344636412
13053.0,19030.0,4162.0,4827.0,7449,7402,9394,9647,23547.0,23011.0,4393.0,4405.0,286.1,0,-136864.22587770442,-18724.10882722578
5989.0,12513.0,3014.0,5693.0,2238,2339,3080,3259,8702.0,9058.0,2585.0,2818.0,286.1,0,-148129.6373149699,-27954.389315020475
46533.0,66356.0,14152.0,21171.0,0,234,13,64,33915.0,31013.0,19541.0,23941.0,286.1,0,-103550.43975914177,-11140.972173432026
61436.0,101173.0,9418.0,16531.0,148,211,0,31,50094.0,46227.0,41287.0,34515.0,286.2,0,-84061.09805743487,11913.83892217754
14489.0,19933.0,3033.0,5184.0,3985,4158,6141,6167,16102.0,16421.0,1027.0,3129.0,286.2,0,-141827.4621924045,-24437.877480491446
5680.0,11424.0,2293.0,3895.0,2278,2462,3479,3992,9933.0,11658.0,1181.0,1460.0,286.2,0,-148888.25845251628,-27509.456447195927
63606.0,82744.0,7424.0,9836.0,635,267,0,16,48151.0,42974.0,41147.0,37497.0,286.2,0,-85099.18127436715,12215.607869869626
43574.0,63002.0,8680.0,15346.0,680,314,317,128,42323.0,36569.0,37390.0,33637.0,286.2,0,-96936.39327386496,6848.733829034794
4437.0,14832.0,1563.0,4046.0,1076,1296,2120,2387,5478.0,6613.0,1038.0,2635.0,286.3,0,-151818.52379879763,-29660.8030619037
10875.0,25146.0,3019.0,6586.0,3997,4019,5072,5400,15695.0,17232.0,2052.0,3738.0,286.3,0,-143046.70880840224,-23926.287787035493
35958.0,62863.0,11066.0,18159.0,204,207,153,77,46635.0,44151.0,23960.0,30535.0,286.3,0,-101813.1744339042,2438.9722230917578
43359.0,78084.0,2473.0,4467.0,378,223,396,190,38206.0,35981.0,22591.0,28785.0,286.3,0,-109242.01030014236,1168.6153098711256
5633.0,14291.0,1273.0,4104.0,4856,5399,5743,6418,16095.0,17927.0,1751.0,2718.0,286.3,0,-146456.00475917992,-22525.65699085772
7198.0,17683.0,2710.0,5579.0,1179,1102,2919,3229,6950.0,6875.0,2359.0,4082.0,286.3,0,-148560.57488318355,-28841.30415218004
50068.0,77581.0,29907.0,49187.0,487,283,210,132,36241.0,33843.0,32466.0,28142.0,286.3,0,-84872.14416254658,-13693.860326655711
182920.0,257568.0,12841.0,19906.0,456,376,152,89,235984.0,197387.0,98914.0,83906.0,286.4,0,79363.9578682199,151511.4076261268
2765.0,10650.0,456.0,2488.0,2709,4141,3693,5483,7802.0,11006.0,1263.0,2733.0,286.4,0,-152118.9378445164,-27275.23168025237
2032.0,7072.0,0.0,147.0,488,1584,774,2480,1455.0,4758.0,410.0,652.0,286.4,0,-156181.75115271378,-31651.3275478188
818.0,4984.0,1299.0,5663.0,1163,2683,1075,2699,3068.0,6781.0,503.0,1119.0,286.4,0,-154959.4621097986,-31254.008407989702
47895.0,85039.0,6145.0,8560.0,195,244,417,246,47823.0,40930.0,40610.0,35882.0,286.4,0,-92966.93257866704,13349.076663509772
8017.0,19870.0,1321.0,3269.0,3282,3286,4581,4996,12225.0,13877.0,1096.0,2448.0,286.5,0,-147472.06896587124,-25477.23461431719
7913.0,19497.0,2281.0,5786.0,2296,2832,3550,4164,10153.0,11850.0,2417.0,3288.0,286.6,0,-147195.66913979175,-26695.78269400368
95546.0,153283.0,9799.0,14939.0,55,103,512,201,87473.0,74845.0,38924.0,36112.0,286.6,0,-53648.0023218619,32357.958093261477
6869.0,17217.0,3649.0,6242.0,4426,5156,6564,6898,16910.0,17155.0,3022.0,3214.0,286.6,0,-143409.82660394642,-22967.16076039684
41275.0,46458.0,9837.0,15787.0,363,335,109,112,39434.0,34123.0,32252.0,28540.0,286.6,0,-100922.44892222884,1470.936257944817
95248.0,144589.0,81350.0,124018.0,6587,5561,9350,8627,27548.0,25026.0,9732.0,7170.0,286.6,0,-45778.54830865079,-67312.28966419744
4631.0,18300.0,1479.0,2725.0,3883,3943,5224,5880,12933.0,14853.0,792.0,2361.0,286.6,0,-148551.43376291654,-25049.237185513604
13346.0,32784.0,3129.0,5144.0,3261,2941,7152,6939,19033.0,19322.0,4676.0,7639.0,286.6,0,-138991.7539596343,-20312.706970543837
10672.0,9168.0,1414.0,2280.0,1471,1399,2710,2564,6595.0,5700.0,2026.0,1964.0,286.7,0,-148583.04093534593,-28958.245676399078
86304.0,120889.0,21805.0,32670.0,252,205,289,180,82731.0,74176.0,89075.0,69256.0,286.7,0,-28583.509207715542,48784.5707295006
4657.0,11832.0,1663.0,3771.0,2839,3071,4523,4607,11359.0,11825.0,2575.0,2942.0,286.7,0,-148395.11255862605,-25321.03711951772
5890.0,15400.0,2324.0,4549.0,2299,2455,3447,3708,9956.0,10914.0,1158.0,2753.0,286.8,0,-148615.59297772212,-27330.25861694463
2932.0,7236.0,1170.0,4238.0,2729,3127,3150,3686,10828.0,12233.0,209.0,1156.0,286.9,0,-150782.17099845427,-26517.739653348315
27461.0,43977.0,7432.0,13825.0,399,225,89,68,31255.0,29769.0,13033.0,24065.0,286.9,0,-119585.70067216126,-10075.419630622047
47098.0,63097.0,9420.0,14003.0,0,52,0,144,36860.0,32719.0,25914.0,22258.0,286.9,0,-103119.91013814123,-3940.737244697637
1676.0,7582.0,429.0,2229.0,1894,3364,2597,4823,6610.0,11851.0,126.0,243.0,287.0,0,-153858.35224540142,-28819.801647187884
31151.0,47944.0,1641.0,3453.0,619,264,393,173,42480.0,37596.0,26676.0,23833.0,287.0,0,-112006.75754202165,6105.819181325005
10368.0,21686.0,2528.0,6223.0,2461,2241,3383,3213,10733.0,9493.0,1985.0,3076.0,287.0,0,-145944.30993245982,-26859.50771224789
2753.0,6199.0,164.0,2519.0,164,48,191,85,6966.0,10690.0,2028.0,2056.0,287.1,0,-152515.7165768605,-27413.52842603069
733.0,4035.0,137.0,1127.0,167,134,127,0,10104.0,16581.0,1149.0,1662.0,287.1,-1,-152322.8216526369,-25712.02389948437
835.0,4541.0,0.0,105.0,137,17,149,74,3037.0,5705.0,1967.0,2999.0,287.1,0,-155089.1707511113,-29544.475734219726
701447.0,791843.0,78561.0,99229.0,2078,2177,897,369,1587700.0,1210900.0,574918.0,480369.0,287.1,3,1172239.8690746424,1194574.6661513534
62975.0,92315.0,22224.0,35326.0,475,255,55,38,44105.0,40154.0,31058.0,33506.0,287.1,0,-81189.01230990147,-4467.08788311567
4911.0,10470.0,1479.0,3930.0,2097,2789,2253,3034,7379.0,8605.0,1769.0,1935.0,287.2,0,-150641.62639684902,-28243.07304575446
200435.0,288542.0,13255.0,17918.0,49,331,0,84,156204.0,132815.0,106061.0,81726.0,287.2,0,53217.27470685556,102319.0695641646
34883.0,59534.0,38358.0,59666.0,4912,4327,7031,6832,20903.0,21336.0,5407.0,4687.0,287.2,0,-105100.42375163626,-42816.53114723728
14324.0,19917.0,2585.0,5878.0,4142,4123,5651,5499,16576.0,14532.0,5985.0,4929.0,287.2,0,-139933.81498994803,-21478.21804591464
62312.0,96358.0,3731.0,5523.0,485,300,159,108,69098.0,64211.0,41497.0,53438.0,287.2,0,-76592.89341543458,30568.31982327292
49757.0,65728.0,16926.0,28384.0,285,280,245,151,37607.0,33714.0,28302.0,21813.0,287.2,0,-95684.79784186912,-7422.785572085333
36981.0,56823.0,2255.0,4851.0,312,172,291,200,42535.0,38283.0,38073.0,34179.0,287.3,0,-103658.01649271372,11818.870514495413
27932.0,57354.0,7207.0,11538.0,3401,3099,7248,7819,18253.0,18940.0,5778.0,6423.0,287.3,0,-130300.52168113858,-24046.71551487981
32908.0,43706.0,12944.0,20182.0,524,364,352,156,31856.0,29935.0,18980.0,24745.0,287.3,0,-110996.4224453978,-10904.975411989712
7789.0,22581.0,2540.0,4107.0,2189,2102,3359,3626,9396.0,9567.0,1921.0,4695.0,287.3,0,-147414.61391751375,-27311.6478834892
2298.0,4877.0,1100.0,2557.0,2901,3065,3806,4235,8521.0,8698.0,609.0,1606.0,287.4,0,-151924.4970897638,-27649.781785733958
3964.0,15255.0,1642.0,4037.0,1271,2024,2058,3464,6777.0,10429.0,1736.0,1835.0,287.4,0,-151215.18255273206,-28694.15392264879
1455.0,5450.0,1052.0,3082.0,1535,2168,2414,3011,6564.0,8480.0,732.0,2065.0,287.4,0,-153086.54925372967,-28679.104545246635
59142.0,81850.0,7456.0,12550.0,0,25,140,129,59719.0,52683.0,39751.0,38150.0,287.4,0,-82124.0330050265,19319.72622124113
3458.0,12479.0,0.0,0.0,2648,3419,4177,5366,11180.0,14546.0,1307.0,2552.0,287.5,0,-150633.33590946038,-24907.520975292136
4531.0,16484.0,1702.0,4870.0,1592,1940,2214,2913,7061.0,8673.0,1930.0,2428.0,287.6,0,-150666.08106751248,-28412.43456448718
6801.0,13188.0,1210.0,2971.0,2573,2989,3260,3547,11112.0,12006.0,2062.0,2491.0,287.6,0,-148189.7772712947,-25622.549725321933
9399.0,21422.0,2319.0,4594.0,2126,2079,3321,3294,11062.0,11779.0,1649.0,3107.0,287.6,0,-146458.05631837543,-26593.172525868773
2692.0,9450.0,324.0,1851.0,186,154,181,129,4820.0,8978.0,8081.0,8497.0,287.6,0,-150349.95633391995,-25293.37360270771
1419800.0,1317370.0,483503.0,579647.0,6718,4240,1371,831,3313420.0,2372880.0,2728730.0,1665910.0,287.6,3,3468711.603239533,3078799.760444855
2566.0,6969.0,1431.0,5342.0,1274,1290,1732,2094,4701.0,5757.0,0.0,482.0,287.6,0,-153681.32229809565,-30729.78949428922
35186.0,52272.0,268961.0,435209.0,2924,2926,4098,3970,11242.0,10795.0,3536.0,3860.0,287.7,0,49113.14778896718,-194647.34135593695
15108.0,23686.0,4401.0,4547.0,4086,4103,5511,5525,14752.0,14676.0,2461.0,2901.0,287.8,0,-140738.03229851762,-25627.018879619183
15020.0,28440.0,2054.0,3921.0,10612,10007,12078,11730,25173.0,21994.0,6448.0,5345.0,287.8,0,-135893.76154034623,-15483.553617722042
17184.0,38191.0,1462.0,4218.0,1637,1551,3826,3740,10291.0,10401.0,3704.0,6254.0,287.8,0,-143053.80139746732,-25679.57365355085
1795.0,8942.0,851.0,3977.0,992,1952,1491,3282,4530.0,9667.0,325.0,762.0,287.8,0,-154320.30000702848,-30242.68830171213
32918.0,59020.0,12072.0,17705.0,3289,3026,4275,3776,12562.0,11863.0,4528.0,2678.0,287.8,0,-128403.12271627667,-32155.94284533628
2574.0,9261.0,0.0,1573.0,583,1737,779,1858,2171.0,5588.0,375.0,942.0,287.9,0,-155613.06140532473,-31202.05266978872
124008.0,176923.0,8869.0,13875.0,394,334,0,53,79475.0,73538.0,57146.0,62178.0,287.9,0,-36221.8132832312,37862.98448679059
19473.0,26779.0,13006.0,19716.0,0,98,251,139,25269.0,23938.0,18483.0,19037.0,287.9,0,-120330.95894865916,-15360.022212881686
2002.0,6151.0,1598.0,4297.0,1205,1444,1163,1649,4021.0,5629.0,1331.0,1287.0,288.0,0,-153511.47759305002,-30541.54571740705
130942.0,192616.0,9889.0,15152.0,397,168,0,90,91411.0,81581.0,77215.0,68176.0,288.0,0,-19132.57888187517,53702.46985886694
789090.0,933119.0,406884.0,558647.0,1123,489,472,259,82617.0,68650.0,73167.0,49429.0,288.0,0,516719.8833600069,-248580.9713913012
78847.0,126949.0,10877.0,16672.0,0,148,0,2,71537.0,65373.0,61371.0,56383.0,288.1,0,-56081.86337670279,35361.2735089186
28824.0,46927.0,923.0,4968.0,0,51,256,213,24976.0,21874.0,17232.0,16087.0,288.1,0,-125812.23073094356,-9565.245135149016
8910.0,12492.0,1297.0,4135.0,3813,3784,5304,5176,14618.0,13167.0,2990.0,3626.0,288.2,0,-145194.21503169718,-23022.106861086264
18172.0,24695.0,1821.0,5074.0,3683,3975,6371,6263,16954.0,16331.0,4468.0,4665.0,288.2,0,-139308.5024059975,-21686.424425427293
27021.0,39710.0,4284.0,6568.0,373,237,168,46,33440.0,29458.0,21987.0,16352.0,288.2,0,-118624.8175487835,-4169.39166387821
4518.0,11282.0,1749.0,3551.0,1025,994,2345,2710,6064.0,6720.0,895.0,1843.0,288.2,0,-151545.40153386933,-29598.858405801
693871.0,794586.0,644828.0,743839.0,973,760,0,92,120920.0,101259.0,71491.0,57401.0,288.3,0,659698.9482036384,-366988.1591871711
10415.0,21406.0,2107.0,3498.0,2998,3237,3629,3906,10514.0,10863.0,2514.0,2247.0,288.3,0,-146222.5266126598,-26647.66126041784
35129.0,51253.0,10735.0,16134.0,569,260,0,12,33239.0,31625.0,29763.0,24949.0,288.3,0,-106983.99756135663,-4231.550828742194
78455.0,123111.0,22934.0,36572.0,366,201,0,14,60693.0,55924.0,38441.0,39916.0,288.3,0,-63346.90546446735,8696.011812422072
15272.0,13152.0,1340.0,3340.0,1208,1148,1649,1629,4917.0,4257.0,1971.0,1852.0,288.4,0,-147543.20608058583,-30315.04282173769
4841.0,11009.0,2308.0,5053.0,2038,2194,2129,2259,5743.0,6223.0,556.0,1051.0,288.4,0,-151394.98528928202,-30444.497489574045
6736.0,17271.0,1448.0,3780.0,3768,3739,4709,4803,10878.0,10747.0,708.0,2851.0,288.4,0,-148607.2320158756,-26423.63983534717
11187.0,25892.0,1616.0,2857.0,3213,3593,5672,6287,13995.0,13328.0,2198.0,3411.0,288.4,0,-144642.6442999256,-24129.71195431705
28263.0,45747.0,13076.0,20300.0,143,151,80,72,34223.0,27905.0,23699.0,19319.0,288.6,0,-110685.63039368315,-8080.4031810423585
3684.0,14649.0,1484.0,3982.0,5978,7892,10647,13822,4055.0,4928.0,211.0,382.0,288.6,0,-153391.10840838862,-31154.478236594838
19807.0,31955.0,3815.0,5144.0,3591,3421,4583,4490,14209.0,12816.0,4060.0,3456.0,288.6,0,-138805.22119920017,-25149.58137128923
3564.0,14222.0,374.0,1009.0,1284,2627,1214,2999,3027.0,7565.0,2651.0,2906.0,288.7,0,-153473.2380209552,-29689.316568349823
3173.0,12219.0,1215.0,3304.0,1457,3037,1707,3626,4185.0,8754.0,427.0,828.0,288.7,0,-153612.8508189113,-30725.397404502182
16833.0,21685.0,2250.0,3840.0,6211,6221,8181,8146,19561.0,19551.0,4392.0,5034.0,288.7,0,-138358.78229010064,-20190.91405641853
2193.0,5387.0,202.0,783.0,2299,4001,3097,5431,6786.0,10912.0,1205.0,1911.0,288.7,0,-153113.554112355,-27878.311997095872
2677.0,7334.0,1455.0,4736.0,1169,1271,1630,1949,3950.0,4240.0,1094.0,1285.0,288.7,0,-153453.02318770855,-30639.14847488574
35357.0,60421.0,16212.0,27066.0,58,47,46,64,44251.0,44621.0,25233.0,33944.0,288.8,0,-98680.2989937667,-1179.0125974650982
92948.0,163426.0,8205.0,13963.0,206,225,282,143,102098.0,91446.0,38474.0,46846.0,288.9,0,-48029.25186217,44307.80721266269
36400.0,54655.0,13389.0,20744.0,161,202,158,76,38599.0,36844.0,32220.0,26094.0,288.9,0,-101163.6276670329,-1375.950520824037
8809.0,14876.0,1467.0,3293.0,1588,1456,2819,2962,7830.0,7530.0,354.0,1798.0,288.9,0,-149390.23443046617,-28817.643407366
16213.0,21824.0,2368.0,5304.0,4961,5146,6772,6315,15556.0,15469.0,1345.0,3233.0,289.0,0,-141693.3485847546,-24326.83787271974
28359.0,38992.0,3596.0,4077.0,4441,4138,6617,6173,18964.0,17351.0,5010.0,3668.0,289.0,0,-132928.76461034513,-22124.60589039504
1083.0,6640.0,226.0,1357.0,134,0,156,84,4087.0,7650.0,2183.0,4085.0,289.1,0,-154141.24802200243,-28773.64660908432
968.0,3523.0,348.0,950.0,216,103,156,55,3183.0,4345.0,1882.0,2424.0,289.1,0,-154832.4007202679,-29807.28856331498
580077.0,766217.0,46822.0,70697.0,741,1068,630,216,711480.0,577266.0,195809.0,172784.0,289.1,3,526825.8539237567,459935.2788668816
2632.0,5352.0,2131.0,5477.0,1300,1439,1922,2027,5383.0,5915.0,1836.0,1862.0,289.1,0,-152011.20252388468,-29750.05216792853
4176.0,12892.0,1510.0,3224.0,1223,1522,1852,2391,5577.0,6881.0,1403.0,2097.0,289.2,0,-151850.65862513974,-29481.921374702222
5712.0,9410.0,312.0,669.0,168,211,17,32,31597.0,20488.0,6307.0,5100.0,289.3,0,-138134.07078951504,-9841.498596682322
2699.0,9966.0,662.0,2098.0,104,29,5,0,6348.0,8234.0,23603.0,33108.0,289.3,-1,-140588.9449429383,-14075.874898738726
954380.0,996113.0,48135.0,55518.0,4112,3471,213,166,1563600.0,1079500.0,593252.0,426288.0,289.3,3,1243881.164133633,1181012.129785892
11454.0,18900.0,2257.0,3818.0,5570,5992,7009,7272,19317.0,19334.0,5205.0,4161.0,289.3,0,-140479.92795142424,-19801.232133831934
50047.0,78966.0,8055.0,10550.0,394,255,81,100,50432.0,46905.0,31154.0,28888.0,289.4,0,-93963.85711574375,8568.500232756978
10560.0,14153.0,2212.0,3947.0,1405,1383,4715,4745,12105.0,11715.0,4655.0,5156.0,289.4,0,-144217.90793547145,-24347.879588331394
5680.0,15416.0,1822.0,4497.0,2078,1962,3198,3676,9280.0,10871.0,0.0,1317.0,289.4,0,-149962.61829341692,-28145.625241460144
26428.0,47885.0,2300.0,3662.0,328,243,297,137,27053.0,27375.0,11572.0,21142.0,289.4,0,-126355.48883896926,-10524.68670830222
47598.0,77873.0,3426.0,5507.0,0,67,179,74,41919.0,38862.0,24340.0,25693.0,289.4,0,-104920.38884255046,2879.928927808487
54585.0,78249.0,8187.0,13171.0,77,61,168,71,61098.0,57497.0,42112.0,47267.0,289.4,0,-80840.25321269997,22482.687132537325
9162.0,16833.0,1888.0,2784.0,2437,2142,3329,3066,9758.0,8528.0,1991.0,2222.0,289.5,0,-147425.51443590058,-27130.44067949496
308101.0,428634.0,49891.0,78908.0,732,504,160,167,212860.0,186492.0,95610.0,90623.0,289.6,0,145418.8279621571,105185.77561803225
91865.0,133814.0,32714.0,54588.0,421,218,0,44,77115.0,67343.0,60129.0,56927.0,289.6,0,-33544.74212312259,23897.99178870447
7603.0,19753.0,2125.0,4018.0,2150,2612,3359,3745,8610.0,9743.0,1488.0,2302.0,289.6,0,-148593.9574148254,-28101.6831390902
6640.0,12756.0,2967.0,4776.0,5028,5734,6153,6679,14593.0,15837.0,0.0,2221.0,289.6,0,-146259.01795747018,-25417.98396485275
4119.0,6662.0,2308.0,3746.0,1007,981,2139,2365,4911.0,5940.0,2997.0,2388.0,289.6,0,-150998.26381038694,-29683.907281424235
161864.0,181376.0,45371.0,59679.0,1312,775,68,131,28737.0,26865.0,9405.0,8558.0,289.6,0,-42776.9527903522,-48233.00319589054
1055.0,6165.0,0.0,0.0,161,47,197,186,5289.0,10890.0,31481.0,55326.0,289.7,0,-136480.0982303721,-7352.798628122022
526505.0,704830.0,36854.0,52475.0,1209,976,478,153,729621.0,569899.0,214559.0,193171.0,289.7,3,515678.2315650589,492283.7848892584
2900.0,8948.0,607.0,1845.0,2992,3384,3567,3751,8745.0,8740.0,1594.0,1838.0,289.7,0,-151524.70656945778,-26787.857488751724
13556.0,29240.0,7331.0,12475.0,3059,2767,4175,4310,11377.0,11367.0,4652.0,4238.0,289.7,0,-139898.21299925118,-28368.02546765797
5888.0,11691.0,3036.0,4180.0,2500,2212,3316,3217,10402.0,10507.0,1914.0,2065.0,289.8,0,-147731.3022574583,-27288.826475755264
18659.0,26920.0,2176.0,4577.0,7584,7679,9806,10245,24018.0,26287.0,5780.0,6349.0,289.8,0,-134969.29045020783,-16648.907778453322
613517.0,822741.0,44779.0,67960.0,1345,1052,0,118,799001.0,646325.0,224635.0,190389.0,289.8,3,591428.5635030831,529301.286175023
2491.0,11400.0,2489.0,6687.0,2371,3061,3197,4562,8078.0,11044.0,1395.0,2510.0,289.9,0,-150683.63107402617,-28340.58905768057
30928.0,40108.0,6298.0,11868.0,352,246,133,130,33835.0,30721.0,31548.0,28364.0,289.9,0,-110409.84665361232,501.5381284701252
66607.0,89589.0,10189.0,18244.0,305,144,152,128,69007.0,60731.0,58721.0,40037.0,289.9,0,-65752.48060388738,31253.819236461244
18018.0,23431.0,3527.0,6205.0,5544,5390,7128,7479,19550.0,20304.0,3940.0,3528.0,289.9,0,-137356.51604665228,-21509.909928343997
184755.0,275259.0,27873.0,43953.0,547,307,133,146,182002.0,153170.0,66686.0,59254.0,290.0,0,51151.71414314848,90343.5163071987
3956.0,12136.0,671.0,3147.0,2510,2912,3295,4109,9347.0,11796.0,1020.0,2130.0,290.0,0,-150953.02835696517,-26710.25883492724
49286.0,74673.0,4622.0,8412.0,352,189,439,171,47382.0,42648.0,34967.0,33167.0,290.1,0,-96073.04294718952,11132.40672434612
54987.0,79357.0,31206.0,49160.0,37,83,652,270,63292.0,58621.0,65800.0,53980.0,290.1,0,-54199.54004948645,20409.844342741697
89384.0,139863.0,29706.0,44185.0,426,381,422,180,97048.0,82985.0,76422.0,66113.0,290.1,0,-20477.73236715968,46862.778143618736
850.0,5139.0,528.0,1873.0,128,0,182,86,3531.0,6170.0,789.0,1413.0,290.1,0,-155130.81033555773,-30313.33847532217
1331.0,4771.0,320.0,2042.0,76,0,193,140,4623.0,6891.0,670.0,1075.0,290.1,0,-154671.90279305942,-29627.666982774568
601394.0,783021.0,30436.0,42020.0,1082,1231,317,226,737870.0,579317.0,264168.0,230360.0,290.1,3,568639.8196019253,523446.24745868245
7767.0,19348.0,2870.0,6037.0,3820,4246,5216,5905,14056.0,14981.0,2278.0,4249.0,290.1,0,-145013.52551894245,-24489.733909624592
7158.0,23915.0,1790.0,3367.0,2726,3103,4175,4797,12216.0,14003.0,694.0,2762.0,290.1,0,-147614.46576460806,-25840.33331317229
39941.0,66697.0,2391.0,3829.0,6751,6050,9697,9057,33084.0,30283.0,9658.0,8992.0,290.1,0,-120255.2182212604,-10382.861399449725
3777.0,10057.0,2590.0,6729.0,1592,1914,2088,2344,5895.0,6676.0,542.0,758.0,290.2,0,-151610.68690348626,-30508.907808574477
273926.0,434382.0,26738.0,38618.0,1703,1125,687,453,45813.0,43979.0,28935.0,31083.0,290.3,0,8000.454864807485,-21209.429851758825
10415.0,15720.0,2667.0,4997.0,2724,3213,4773,5229,14325.0,16269.0,4119.0,4646.0,290.3,0,-143221.47530644212,-23528.203392817773
186171.0,237977.0,46889.0,67758.0,719,396,48,103,232293.0,178769.0,117987.0,85311.0,290.3,0,109760.75513909626,135818.12203028525
20324.0,35906.0,2662.0,4846.0,6323,5912,7455,7664,21363.0,21066.0,2503.0,2684.0,290.3,0,-136826.97890061862,-20708.681721333545
2243.0,12801.0,1205.0,4183.0,1031,1551,1521,2417,3994.0,6419.0,442.0,1281.0,290.4,0,-154025.13242987465,-30700.531080922745
17205.0,41019.0,4641.0,8725.0,288,259,100,108,30900.0,31813.0,17394.0,28184.0,290.4,0,-123743.52853929832,-5390.042293800801
95896.0,139885.0,8864.0,13462.0,203,127,165,79,79438.0,71937.0,56155.0,60106.0,290.4,0,-48382.07292170759,38921.836737694
34841.0,62501.0,1805.0,4216.0,134,120,0,0,42288.0,42305.0,23063.0,32024.0,290.4,-1,-110778.60702077496,5448.805842282989
80837.0,110990.0,10961.0,16148.0,112,250,0,32,64307.0,60775.0,65638.0,49341.0,290.4,0,-57783.116726569424,31268.03388215085
2698.0,6890.0,1874.0,5031.0,2404,2957,2822,3436,7742.0,9540.0,817.0,1099.0,290.4,0,-151567.025413595,-28650.270246790773
7226.0,13193.0,1539.0,4700.0,5042,4845,6370,6862,16678.0,17124.0,2313.0,3378.0,290.5,0,-145065.12037177067,-22084.493101126784
55332.0,85468.0,12079.0,18234.0,201,204,0,54,71203.0,63405.0,48534.0,43492.0,290.5,0,-71397.9936842494,28468.146276846088
45258.0,77559.0,10215.0,16538.0,460,416,131,74,48326.0,46644.0,36258.0,37502.0,290.7,0,-92410.615356222,9716.184216989666
25257.0,37008.0,2398.0,2930.0,0,17,264,119,28549.0,25135.0,25364.0,20668.0,290.7,0,-121063.69508190034,-3852.9323801139217
2555.0,8677.0,909.0,2364.0,1801,2740,2113,3267,5089.0,7584.0,424.0,1528.0,290.8,0,-153581.08717706354,-29809.78415207855
53486.0,85367.0,7489.0,10976.0,575,357,159,177,33855.0,31419.0,19626.0,21191.0,290.8,0,-105646.00990355197,-7853.344899077023
211734.0,286313.0,15711.0,21576.0,52,255,466,231,233531.0,191152.0,106707.0,93080.0,290.9,0,96074.52061258498,151029.39493852516
2380.0,11244.0,2276.0,6865.0,1429,1924,1895,2577,5469.0,7595.0,1064.0,1394.0,291.0,0,-152319.27915890867,-30169.550818432304
13596.0,32968.0,2682.0,5212.0,173,82,137,76,27540.0,29496.0,9311.0,19039.0,291.0,0,-132227.76256872257,-10909.163789740309
20418.0,34335.0,6334.0,9815.0,0,0,0,39,30468.0,28640.0,20661.0,18414.0,291.0,0,-121482.89927863628,-7132.018726647486
73643.0,119309.0,8817.0,10741.0,650,290,242,194,62712.0,55170.0,56350.0,53810.0,291.0,0,-65790.37758970905,28893.19676077372
52667.0,80190.0,31855.0,49143.0,3919,3617,4712,4847,14426.0,14753.0,4788.0,4014.0,291.1,0,-105546.91158725027,-44357.15854519037
6050.0,11631.0,1362.0,2477.0,2895,2930,3512,3877,8128.0,8128.0,811.0,1765.0,291.1,0,-150289.97186421065,-28197.00663810488
25494.0,40173.0,15242.0,27363.0,89,192,0,69,32165.0,29925.0,13179.0,20685.0,291.2,0,-114961.60220108026,-14756.706042217982
26025.0,46362.0,8850.0,14908.0,191,147,339,202,25638.0,22986.0,15777.0,12864.0,291.3,0,-122129.5254880606,-15069.329494872063
1628.0,9648.0,526.0,2657.0,936,2295,1189,3210,2990.0,8900.0,0.0,290.0,291.3,0,-155487.4699564915,-31214.29191337396
81926.0,116702.0,36198.0,58405.0,300,251,321,102,66483.0,61332.0,52005.0,49390.0,291.3,0,-43952.41449207744,11016.565659214431
83883.0,127202.0,17584.0,27071.0,485,280,8,40,85810.0,80441.0,67866.0,61752.0,291.4,0,-39876.88485555445,43434.23896482485
25194.0,44161.0,8280.0,12441.0,542,318,0,11,29086.0,28257.0,15176.0,17218.0,291.4,0,-120980.34381208646,-12031.89008661342
6123.0,7708.0,1955.0,2614.0,593,1718,1170,1810,3459.0,4845.0,1585.0,1162.0,291.4,0,-151754.09867074166,-31301.77547338816
8829.0,21023.0,3845.0,5631.0,2733,2620,4299,4335,11492.0,11128.0,4046.0,2920.0,291.4,0,-144580.24487772916,-26264.73256514372
37615.0,62241.0,8939.0,12090.0,191,171,139,141,38540.0,37462.0,22604.0,31696.0,291.5,0,-106606.61047671472,-1834.2895838402728
11389.0,17534.0,4287.0,6861.0,3265,3476,4100,4008,11569.0,10552.0,1749.0,2283.0,291.5,0,-144119.17623683726,-27726.90012326001
10577.0,19789.0,2458.0,5611.0,2631,2419,3282,3070,8239.0,7486.0,1685.0,2055.0,291.5,0,-147270.86663507574,-28696.16897192344
120490.0,186465.0,9550.0,16008.0,40,133,0,29,119063.0,104492.0,44878.0,46069.0,291.6,0,-25908.85486514907,54962.02660724984
22169.0,33232.0,7777.0,12836.0,59,128,346,181,22630.0,20740.0,14161.0,17576.0,291.7,0,-125806.98009434732,-15968.70476590413
1590.0,8487.0,920.0,3566.0,1480,2129,2116,3211,5246.0,8102.0,364.0,969.0,291.7,0,-153991.38698538614,-29769.318016892244
26510.0,48261.0,3668.0,5526.0,83,88,144,159,39375.0,38406.0,17186.0,21666.0,291.7,0,-117684.91615227632,-1158.3582578017667
6862.0,14210.0,2394.0,4196.0,4466,5851,6087,7402,15253.0,18081.0,4994.0,5272.0,291.9,0,-144039.08646666846,-22069.893744819004
217828.0,300766.0,211941.0,304603.0,6634,6129,8958,8703,25044.0,24152.0,7131.0,6555.0,291.9,0,92435.8680105159,-160041.66345229157
55587.0,88427.0,27028.0,44639.0,0,155,409,182,53241.0,47190.0,43585.0,37781.0,291.9,0,-71615.75609618082,4717.132534037915
8558.0,14344.0,1663.0,3076.0,2115,2395,3536,3934,9672.0,11157.0,1625.0,2192.0,292.0,0,-148006.33697760737,-27161.92472237238
5484.0,8919.0,2689.0,3764.0,906,1115,1779,2094,5833.0,7048.0,228.0,1605.0,292.0,0,-150882.01330623633,-30717.169440037072
16418.0,36778.0,4564.0,8939.0,5477,5979,6214,6237,18125.0,17404.0,5670.0,4740.0,292.1,0,-137147.74941779525,-22039.682881002045
681.0,4044.0,628.0,2618.0,183,109,235,180,4462.0,7679.0,1345.0,2432.0,292.1,0,-154377.1175389749,-29379.572063570784
1244.0,4772.0,1536.0,3411.0,80,120,119,28,4605.0,5316.0,1988.0,2382.0,292.1,0,-153224.4490495366,-29634.22177566705
1080920.0,1379070.0,95891.0,139648.0,6610,5636,48107,43116,586935.0,477954.0,469943.0,384212.0,292.1,3,837624.1582667226,466899.8992932599
12514.0,18641.0,3496.0,6586.0,3702,3624,5518,5095,14700.0,14363.0,516.0,2719.0,292.1,0,-143190.37984160613,-25768.127234037383
718866.0,921138.0,371496.0,500701.0,858,1056,231,178,83722.0,77459.0,83608.0,68883.0,292.1,0,470332.4102988945,-213598.15735266905
6295.0,14814.0,2150.0,3865.0,3584,4301,4802,5634,10917.0,12986.0,3479.0,2902.0,292.2,0,-147256.68694758162,-25639.776016250235
1008.0,5804.0,983.0,6070.0,273,244,206,133,2086.0,4563.0,9215.0,17016.0,292.2,0,-150321.9299890674,-25483.3182817868
18153.0,31466.0,10345.0,18441.0,728,461,292,146,22867.0,22452.0,6389.0,13946.0,292.2,0,-128896.83097746524,-21014.558868187465
20592.0,27565.0,3500.0,5639.0,4324,3745,6408,5848,18421.0,15772.0,4524.0,3813.0,292.3,0,-136582.14517786042,-22083.963165768797
604.0,4086.0,482.0,2700.0,602,1410,683,2034,1634.0,5335.0,1047.0,1672.0,292.3,0,-155988.8887335243,-31317.29236559037
8784.0,16003.0,2083.0,4628.0,1259,1700,1993,2572,4903.0,5947.0,1935.0,2809.0,292.4,0,-149585.19900598112,-30229.482458362927
11702.0,12358.0,2799.0,3768.0,2878,3117,4131,4006,11707.0,11798.0,2547.0,3302.0,292.4,0,-144533.93334257722,-26226.9910376493
55105.0,95222.0,7992.0,12803.0,536,211,223,190,49798.0,44866.0,33553.0,36759.0,292.4,0,-90341.49042928206,10148.526949114424
6864.0,12081.0,961.0,2689.0,1348,1737,1557,1825,4935.0,5991.0,2000.0,2181.0,292.4,0,-151187.57846238994,-29454.67473505708
32997.0,50459.0,3244.0,5644.0,167,102,253,147,32384.0,28671.0,21052.0,18114.0,292.5,0,-117494.58072583476,-4681.667025333911
375053.0,519802.0,82936.0,128876.0,4364,3675,9986,9345,50295.0,46679.0,35002.0,28656.0,292.5,0,92193.18124041428,-58054.20085515635
6971.0,15645.0,5.0,1551.0,17995,19558,10546,11466,4324.0,4298.0,247.0,833.0,292.5,0,-152847.99622722532,-30192.450706751835
8985.0,16168.0,2700.0,4518.0,4053,4289,5372,5536,14143.0,14613.0,1853.0,3019.0,292.6,0,-144904.44553716012,-24782.706674532423
202602.0,294930.0,33580.0,50816.0,209,184,0,67,105144.0,88738.0,96434.0,80863.0,292.6,0,41460.26142695578,52955.28266366832
4887.0,10270.0,918.0,4495.0,671,1389,706,2329,2913.0,7122.0,3090.0,3265.0,292.6,0,-152401.81004902438,-29947.77915715974
2498.0,11563.0,1847.0,5445.0,3452,4880,3822,5440,9254.0,13407.0,968.0,1097.0,292.6,0,-150926.85352049978,-27599.79079582647
44141.0,63697.0,18126.0,26857.0,5894,6462,7662,7740,20483.0,20186.0,2587.0,2647.0,292.7,0,-116765.57203396806,-32491.48023997928
4175.0,13954.0,997.0,2892.0,2758,3201,3387,4002,9348.0,11494.0,1553.0,2386.0,292.7,0,-150408.04610862304,-26663.790826154174
1284.0,3991.0,870.0,3157.0,2373,3639,2768,4486,6247.0,10634.0,524.0,1349.0,292.8,0,-153590.0737479489,-28956.21771481219
17718.0,38640.0,3512.0,5635.0,3953,3749,5881,6011,17446.0,18521.0,2062.0,5528.0,292.8,0,-138883.76216878922,-23279.961002099837
2316.0,12509.0,877.0,3565.0,1496,2444,1934,3126,5644.0,9020.0,875.0,2003.0,292.8,0,-153225.3084198335,-29157.94045184431
4108.0,15671.0,2224.0,5981.0,2108,2409,2852,3481,7970.0,10403.0,1587.0,1928.0,292.8,0,-150256.83277822298,-28361.020470706757
29345.0,52577.0,4169.0,6486.0,261,146,307,147,29168.0,25687.0,25171.0,24785.0,292.8,0,-117437.92523266272,-4259.482183408309
10025.0,15336.0,2238.0,4608.0,3324,3415,4435,4516,12608.0,12380.0,1892.0,2002.0,292.9,0,-145606.51757025954,-25679.24269376232
6458.0,18855.0,2463.0,5628.0,2965,3392,3863,3878,11405.0,11844.0,1388.0,2449.0,292.9,0,-147585.27233713225,-26490.125159996896
2225.0,5838.0,1495.0,4470.0,2419,3520,2972,4353,7683.0,10125.0,1927.0,2280.0,292.9,0,-151489.96744106463,-27763.249043213054
2350.0,11798.0,739.0,3011.0,1324,3267,1542,4059,3237.0,8519.0,676.0,1470.0,292.9,0,-154533.46903788266,-30765.231400452307
130211.0,200304.0,24052.0,36511.0,285,240,115,75,141417.0,117087.0,57095.0,48574.0,293.0,0,2990.212597359437,64887.82590018264
348687.0,492420.0,9034.0,13455.0,520,664,774,297,292035.0,249306.0,121367.0,115955.0,293.1,0,182224.99558559997,193134.98329826663
55173.0,88483.0,10500.0,17062.0,478,244,515,291,59780.0,52574.0,55719.0,50498.0,293.1,0,-74165.13514163937,26387.515120622636
14971.0,32891.0,4953.0,9728.0,2249,2217,4998,5267,13923.0,14857.0,2485.0,4541.0,293.2,0,-140575.36499700887,-26215.22126846624
5782.0,11908.0,3069.0,6594.0,2160,2852,3289,3463,10023.0,10349.0,2262.0,3016.0,293.2,0,-147674.9916677163,-27243.41875823599
42141.0,68054.0,2538.0,3153.0,160,115,365,164,35627.0,30570.0,31356.0,30886.0,293.2,0,-107358.94065068892,3591.4290854619794
7489.0,15373.0,3079.0,5687.0,2135,1982,3061,3346,8798.0,10058.0,4087.0,2807.0,293.3,0,-146874.52914628247,-27403.458891167134
6666.0,8977.0,952.0,1774.0,8459,8647,15861,16125,29172.0,27313.0,15695.0,14268.0,293.3,0,-133733.12801634538,-6397.364049499935
2196.0,7875.0,1364.0,4598.0,1552,2950,1877,4609,4718.0,12215.0,434.0,789.0,293.3,0,-153671.68595406576,-30421.445706637936
45697.0,68901.0,11152.0,18178.0,415,207,36,77,55257.0,51277.0,35612.0,32613.0,293.3,0,-89315.49830155537,12425.827225466435
6585.0,14943.0,1431.0,2360.0,3020,3313,3690,3792,10455.0,10217.0,1266.0,1442.0,293.4,0,-148846.56469371036,-26664.38336591556
6355.0,14840.0,1193.0,3257.0,2225,2388,3137,3389,9323.0,9283.0,881.0,2790.0,293.4,0,-149589.67936858343,-27161.600321286736
160301.0,239625.0,4880.0,6658.0,228,434,122,62,176072.0,147180.0,57833.0,52330.0,293.4,0,18442.91285652027,97793.28216953094
49493.0,70139.0,35393.0,53597.0,2446,2162,5688,5757,15454.0,14468.0,7069.0,5288.0,293.4,0,-102939.3471959829,-44557.01748810624
72561.0,112239.0,9324.0,14173.0,339,240,359,202,30434.0,29497.0,23322.0,22999.0,293.4,0,-96517.3344327682,-10566.371165668736
36029.0,50891.0,6929.0,10406.0,429,343,0,14,27946.0,25754.0,23004.0,22942.0,293.4,0,-114378.22582301951,-8405.242418312184
8572.0,11940.0,1338.0,3685.0,3696,3989,5086,5239,11466.0,11915.0,1473.0,1312.0,293.5,0,-147578.0571758135,-26027.149648363284
7011.0,9764.0,1153.0,3094.0,2660,2590,3512,3614,9548.0,8768.0,808.0,1917.0,293.5,0,-149383.02068821396,-27207.0708232167
23108.0,39720.0,3793.0,5688.0,234,174,93,71,23340.0,21401.0,13565.0,15334.0,293.5,0,-128356.75564140684,-13690.18058630373
53553.0,70135.0,10702.0,15125.0,171,158,232,188,44378.0,41301.0,34925.0,35809.0,293.5,0,-91163.55841496594,5544.579928843206
20813.0,30429.0,2585.0,7282.0,2156,1847,4807,4907,13068.0,13440.0,4828.0,3814.0,293.6,0,-139431.31017246583,-24782.689913477352
11486.0,21168.0,1756.0,3490.0,2021,1861,2977,3288,10013.0,10834.0,3216.0,3106.0,293.6,0,-145887.5892574859,-26381.9637212029
431578.0,641904.0,22062.0,30825.0,1142,777,6272,5798,133945.0,123521.0,134242.0,120935.0,293.6,0,159286.22464703277,85826.01410989667
2610.0,8787.0,950.0,3000.0,1640,2500,2317,3348,5258.0,7729.0,302.0,2700.0,293.6,0,-153351.10759029232,-29594.721708992613
2014.0,7936.0,662.0,2744.0,538,1333,652,1592,1875.0,4699.0,71.0,1255.0,293.6,0,-155591.5788888401,-31846.028928745563
5964.0,15660.0,2305.0,3422.0,3146,3437,4286,4457,11812.0,12454.0,658.0,1224.0,293.6,0,-148136.4476753554,-26603.541932919325
5957.0,11694.0,1059.0,2033.0,18369,19830,21403,23571,7885.0,7842.0,778.0,1550.0,293.7,0,-150628.96947880398,-28173.342525934226
4090.0,8416.0,731.0,2567.0,2045,2097,3345,3595,8916.0,9641.0,491.0,1748.0,293.7,0,-151295.49433516045,-27311.909534619048
1251.0,6088.0,1579.0,6135.0,773,985,1166,1627,3240.0,4572.0,1038.0,1464.0,293.7,0,-154270.96895568626,-31068.783287836897
15033.0,28865.0,1975.0,3360.0,3937,3797,5180,4790,14630.0,13052.0,3070.0,2887.0,293.8,0,-142276.84323188037,-23923.53554379109
2156.0,7559.0,1017.0,3171.0,1039,1451,1960,3129,5085.0,7947.0,674.0,1906.0,293.8,0,-153533.58651753524,-29688.338416745893
910.0,4408.0,707.0,3273.0,654,1234,831,2481,2380.0,6745.0,887.0,1385.0,293.8,0,-155466.89396728293,-31119.64871392896
2048.0,7418.0,382.0,1561.0,212,132,286,199,12614.0,22866.0,8370.0,13594.0,293.8,0,-146309.0967533357,-19420.458118600556
806.0,3915.0,0.0,575.0,94,0,203,131,35083.0,51698.0,6938.0,10988.0,293.8,0,-137810.18285965463,-5912.441083815083
1715.0,9956.0,166.0,941.0,173,82,160,60,31533.0,53783.0,4645.0,8631.0,293.8,0,-140067.61420160136,-9660.911598664725
685.0,3339.0,0.0,440.0,29,0,210,117,5446.0,7557.0,5529.0,8068.0,293.8,0,-152109.72252090523,-25703.194348106503
2767.0,9848.0,484.0,1477.0,74,19,261,146,24732.0,41097.0,148452.0,266209.0,293.8,0,-56866.543358854935,87451.14953997657
1778120.0,1923400.0,134088.0,122561.0,7799,6041,1737,958,5984650.0,4066770.0,1905550.0,1457210.0,293.8,3,4248235.720967558,4584946.503435653
1805.0,6955.0,2283.0,6760.0,2932,4258,3990,5891,10261.0,14755.0,0.0,1086.0,293.9,0,-150815.16952972813,-27598.88190931819
75902.0,115523.0,9779.0,14113.0,575,337,0,40,59190.0,50151.0,48137.0,40185.0,293.9,0,-70541.71730265935,20282.180387527576
55352.0,85588.0,16036.0,25619.0,312,316,171,90,58784.0,52102.0,44554.0,38819.0,293.9,0,-76314.71145045874,15710.586557819606
963.0,5704.0,1009.0,4054.0,264,233,181,89,1982.0,6005.0,5992.0,19658.0,294.0,0,-151224.96295635257,-26490.898438845557
39513.0,72615.0,17438.0,30528.0,333,319,30,65,44944.0,43048.0,23980.0,29515.0,294.0,0,-96840.70821113524,-3017.482816963591
78584.0,112115.0,19726.0,29909.0,355,255,0,35,83656.0,76239.0,57225.0,57218.0,294.0,0,-46038.99353141105,35879.30985905744
10103.0,19129.0,1376.0,2135.0,3080,3397,4305,4632,11659.0,11957.0,2135.0,3349.0,294.0,0,-146338.5135878912,-25425.11544482172
8608.0,18330.0,2993.0,5129.0,2893,3441,4554,4899,12642.0,13134.0,1494.0,2144.0,294.0,0,-145779.85222232706,-26183.232809162637
354513.0,486277.0,132219.0,173711.0,871,501,109,253,236215.0,199929.0,121773.0,101972.0,294.0,0,242897.278895572,78047.6553853126
28438.0,59118.0,12132.0,21320.0,433,269,257,212,32689.0,32317.0,15395.0,21933.0,294.1,0,-114690.83953334544,-11533.7136534865
3375.0,6714.0,1582.0,3014.0,3858,3989,4401,4803,9443.0,9710.0,1093.0,2153.0,294.1,0,-150484.306354159,-27147.95153438833
2171.0,7829.0,406.0,2257.0,901,1196,1218,2411,2704.0,6662.0,1334.0,1545.0,294.2,0,-154826.06677062725,-30593.810862107952
1830.0,11862.0,566.0,2923.0,372,846,796,2099,1682.0,5370.0,115.0,275.0,294.2,0,-155928.01012142588,-32034.160316664835
32188.0,52605.0,2801.0,5352.0,0,28,114,60,40489.0,35593.0,26379.0,22901.0,294.2,0,-111907.70969482706,3776.945144836765
1809.0,7467.0,1213.0,3849.0,212,118,141,7,2818.0,4120.0,9623.0,13625.0,294.2,0,-149783.1766504886,-25590.063449540365
965.0,5895.0,3491.0,16272.0,167,76,144,85,5187.0,10748.0,41901.0,84957.0,294.2,0,-126562.83412847268,-475.66266317983536
4119.0,9964.0,26252.0,34465.0,110,116,141,30,85601.0,68015.0,155811.0,105699.0,294.2,0,-28642.095070291325,86999.22001832856
2545.0,8867.0,13248.0,28385.0,200,108,103,23,69972.0,65522.0,109104.0,104502.0,294.2,0,-62700.92388057367,65593.26938277727
3666.0,9946.0,19280.0,33115.0,224,108,74,0,89050.0,76665.0,109534.0,94616.0,294.2,-1,-50573.50598584967,72395.46445131609
2226.0,5633.0,13567.0,26410.0,309,219,89,0,53332.0,54851.0,101491.0,94286.0,294.2,-1,-74218.32020903668,50062.46927562244
2505.0,8054.0,12427.0,25142.0,296,177,133,11,83736.0,82547.0,94574.0,83608.0,294.2,0,-65081.17209983723,65363.93600851465
6492680.0,1574150.0,1835560.0,7360840.0,48726,7528,10770,1626,4476450.0,3332560.0,1488910.0,2606610.0,294.2,2,6665569.0907666925,2266351.253508585
120016.0,175576.0,11497.0,17290.0,632,303,216,141,120256.0,106702.0,101573.0,80121.0,294.2,0,1006.6547056053532,83779.06800090852
10891.0,19339.0,2935.0,4288.0,7774,7805,8816,9028,12337.0,12254.0,2680.0,4439.0,294.3,0,-144278.49639674008,-25616.080116221096
983.0,6352.0,1551.0,6666.0,2262,4430,2853,5554,7126.0,13638.0,860.0,2646.0,294.3,0,-152559.054963174,-28459.00039560858
3641.0,8593.0,593.0,3351.0,800,2408,920,3003,2626.0,7232.0,418.0,474.0,294.3,0,-154604.07221541987,-31412.924933733528
22442.0,37403.0,1872.0,2952.0,0,20,127,55,26265.0,26612.0,10425.0,20510.0,294.4,0,-129142.7403566232,-11078.011058327991
12157.0,27047.0,1435.0,2394.0,1541,1491,4188,4158,9844.0,9429.0,4930.0,4617.0,294.4,0,-145086.75532266503,-25365.90369239045
338481.0,472273.0,24186.0,37993.0,1484,1094,342,127,74042.0,58375.0,24363.0,23214.0,294.4,0,42718.27607777927,-9135.766487873632
9874.0,21592.0,3345.0,3934.0,2679,2544,4239,4074,11017.0,10658.0,3105.0,3356.0,294.4,0,-145004.10486188778,-26644.03143063134
19411.0,31424.0,2839.0,6406.0,5517,5643,7161,7112,17940.0,16276.0,2687.0,2854.0,294.5,0,-138534.58506504432,-22820.28732539045
12130.0,24879.0,3802.0,6690.0,4661,4830,7032,7431,20016.0,21448.0,3498.0,4359.0,294.6,0,-139427.99548316194,-21056.853932139013
3996.0,14685.0,940.0,2869.0,973,1463,2622,3802,7103.0,10329.0,1669.0,4439.0,294.6,0,-151235.56147938545,-27657.98104439455
53211.0,79333.0,10850.0,16658.0,164,234,0,38,53800.0,48421.0,42813.0,35213.0,294.6,0,-84118.3574048863,14644.847560803397
8387.0,11348.0,2561.0,4107.0,2549,2726,4076,4233,12625.0,12361.0,4519.0,3903.0,294.7,0,-144839.09985463982,-24357.64472797593
10290.0,14990.0,1599.0,4497.0,1620,1363,1513,1506,4206.0,4264.0,480.0,925.0,294.7,0,-150391.72427627357,-31378.511893685994
11633.0,25934.0,3512.0,5230.0,2752,2855,4552,4617,14599.0,13768.0,1929.0,2503.0,294.7,0,-143094.82304006972,-25228.034567383955
79773.0,112459.0,17759.0,27504.0,219,179,20,70,63992.0,59359.0,57242.0,51000.0,294.7,0,-56554.98765400812,23613.23972488296
3989.0,6676.0,2689.0,5147.0,5236,6893,6428,8665,14271.0,18284.0,3914.0,3559.0,294.7,0,-146067.47139810867,-23417.225817777533
1764.0,10966.0,686.0,3097.0,598,2323,837,3370,1957.0,6759.0,296.0,792.0,294.7,0,-155615.51488844556,-31772.50922813643
633.0,3456.0,322.0,2017.0,376,1129,859,2063,2205.0,5559.0,700.0,1270.0,294.8,0,-156009.2249970838,-31067.199454428235
4178.0,13131.0,518.0,981.0,3277,3191,4235,4643,12099.0,13388.0,1812.0,1960.0,294.9,0,-149453.40972498246,-24581.971102278305
11342.0,27846.0,1884.0,5412.0,5096,5911,7432,8133,18767.0,20036.0,4287.0,4155.0,295.0,0,-141371.4035082041,-20292.273431664464
656.0,2373.0,30.0,906.0,22,0,111,16,4062.0,5359.0,1941.0,2533.0,295.1,0,-154748.44849299086,-28989.28151135657
502604.0,647142.0,76103.0,107672.0,1353,1348,278,242,498514.0,395089.0,201374.0,153713.0,295.1,0,418955.8332640893,311205.6962733938
868.0,4325.0,362.0,2116.0,1010,1735,1589,2469,3783.0,6490.0,646.0,845.0,295.1,0,-155245.259909845,-30199.51779037961
47019.0,72641.0,18415.0,29497.0,119,157,39,133,52977.0,46835.0,31093.0,39172.0,295.1,0,-85626.01148004855,5495.098144856424
2648.0,11301.0,851.0,5490.0,1447,3575,1893,4732,5616.0,12861.0,1819.0,2585.0,295.1,0,-152698.17055490852,-28691.44321363277
1183.0,7332.0,684.0,4776.0,1164,3400,1511,4483,4204.0,12440.0,1085.0,1869.0,295.1,0,-154412.4602494929,-29807.732833108144
5423.0,14122.0,1098.0,2337.0,1731,1597,2159,2279,6997.0,7383.0,498.0,1242.0,295.2,0,-151424.8339121263,-28923.11798438333
7295.0,17254.0,1646.0,4173.0,3055,3238,4085,4361,11096.0,11763.0,2149.0,2418.0,295.2,0,-147668.59622299418,-25912.161433387955
48269.0,82342.0,8009.0,13344.0,0,85,384,169,40623.0,38091.0,41173.0,32577.0,295.2,0,-94982.73616648404,7308.001791256578
7205.0,22730.0,926.0,3442.0,2947,3522,4295,4928,11599.0,13671.0,305.0,1297.0,295.2,0,-148798.04413332153,-26089.3007470496
19692.0,42403.0,2751.0,5666.0,2993,3226,4177,4475,13168.0,13820.0,4211.0,5108.0,295.3,0,-139793.78212615254,-24804.269289169977
19041.0,28331.0,3766.0,6126.0,5078,5079,6795,6928,20082.0,18689.0,4559.0,3812.0,295.4,0,-136269.83680913463,-21085.15304065256
9617.0,21251.0,3476.0,5076.0,3687,3914,4710,4885,13081.0,12764.0,1614.0,2618.0,295.4,0,-144729.03848174654,-26148.35877839038
366082.0,453910.0,653407.0,1021090.0,317,356,456,146,282862.0,241293.0,177408.0,131237.0,295.4,3,652811.0055053626,-192385.4042492572
8235.0,17040.0,4744.0,7942.0,6872,7418,8272,8836,20095.0,21698.0,2687.0,2816.0,295.4,0,-140824.67152005795,-21932.06149121416
7757.0,12999.0,2626.0,3699.0,3041,3230,4235,4395,11198.0,11025.0,1386.0,2470.0,295.5,0,-147031.51062238053,-26804.409453167893
295951.0,413044.0,39379.0,63113.0,533,595,55,143,153494.0,135386.0,154885.0,127685.0,295.5,0,132978.1034546951,105859.12813987676
6810.0,13056.0,956.0,1986.0,3392,3523,3817,4017,9536.0,10779.0,1318.0,1555.0,295.5,0,-149462.28468601147,-26921.91067786702
10075.0,11396.0,1601.0,2985.0,1774,1567,3238,2921,7113.0,7385.0,564.0,1274.0,295.6,0,-149090.24800658828,-29432.530041084105
21398.0,32655.0,3766.0,5135.0,6572,6580,8512,8567,24231.0,23719.0,3034.0,5306.0,295.6,0,-133802.67267756298,-19012.316246041228
18872.0,24303.0,12791.0,19904.0,4206,4496,5816,6055,17798.0,18348.0,6470.0,5351.0,295.7,0,-130239.78755069364,-27137.199800001992
33449.0,33887.0,8014.0,12948.0,136,176,267,138,30862.0,28384.0,27875.0,20728.0,295.7,0,-111853.3551298363,-5385.596029824617
71669.0,108886.0,7966.0,10741.0,420,236,8,81,57293.0,50845.0,44300.0,38271.0,295.7,0,-76040.62798660845,18579.05520727782
4596.0,15289.0,992.0,2745.0,2637,3062,3362,3956,8217.0,9333.0,728.0,1993.0,295.8,0,-151103.3910112358,-27812.31861427564
1466.0,4608.0,470.0,2226.0,0,0,139,24,1661.0,4434.0,12504.0,22968.0,295.8,0,-148715.09246395624,-23124.354799596287
28550.0,53286.0,1374.0,3650.0,85,269,351,152,33463.0,31425.0,13723.0,23423.0,295.8,0,-122154.66167396487,-4759.337373277023
14195.0,22793.0,2756.0,5082.0,4399,4337,6286,6820,15623.0,16230.0,4095.0,3691.0,295.8,0,-141150.73239257972,-23170.196227021108
2578.0,10434.0,2428.0,8616.0,1330,1741,1564,2136,4348.0,6022.0,533.0,1198.0,295.8,0,-152859.96298783366,-31241.60094036911
7221.0,24261.0,988.0,2465.0,1342,1497,2733,3108,8095.0,8893.0,722.0,1926.0,295.8,0,-150100.54438591038,-28071.19833077291
2947.0,6047.0,1496.0,3411.0,1263,1348,2161,2216,6129.0,5741.0,1426.0,1392.0,295.8,0,-152194.88341083904,-29147.03662530622
40772.0,66475.0,10440.0,16444.0,508,505,61,67,38722.0,34873.0,27089.0,35206.0,295.9,0,-102095.88046533243,-421.9776313612092
19985.0,35989.0,6153.0,12432.0,0,0,231,124,36431.0,33615.0,19279.0,31075.0,295.9,0,-118006.99051938124,-1767.373294997993
40384.0,63292.0,16291.0,26221.0,260,158,29,97,48512.0,45733.0,34215.0,30716.0,295.9,0,-91738.79651099058,4389.446699695207
10041.0,18547.0,3079.0,4286.0,3107,3406,4371,4513,11602.0,10939.0,3504.0,3571.0,296.0,0,-144680.13649720984,-25916.12280307676
3328.0,19731.0,94.0,833.0,779,1811,1211,3172,2886.0,7026.0,653.0,1229.0,296.0,0,-154777.19431859945,-30694.418937491588
3533.0,19973.0,283.0,996.0,1202,2005,1908,3596,4234.0,7569.0,218.0,1125.0,296.0,0,-154126.87157271823,-30172.00929713035
2322.0,8915.0,1.0,720.0,136,199,203,128,5552.0,7055.0,2075.0,2879.0,296.0,0,-153320.95612865817,-28025.36989906513
4123.0,10442.0,1103.0,2953.0,41,0,297,136,6428.0,6464.0,831.0,821.0,296.0,0,-152146.7056415791,-29132.3685845689
70463.0,68865.0,20703.0,21153.0,535,397,437,206,517107.0,226939.0,145995.0,75958.0,296.0,0,181847.01955757797,350112.0968911887
41687.0,71769.0,6771.0,9638.0,469,232,393,204,47614.0,43474.0,37530.0,30776.0,296.0,0,-96952.37395695044,11115.229578794437
62970.0,96550.0,12959.0,19137.0,566,277,244,133,60267.0,50002.0,50179.0,43545.0,296.0,0,-71977.63809078302,21203.70821672149
30817.0,46543.0,8363.0,13330.0,104,194,23,79,37323.0,32632.0,31546.0,26565.0,296.1,0,-107685.5533570086,1128.0634956332688
75865.0,108981.0,10258.0,13987.0,122,154,90,43,71641.0,66042.0,61587.0,53176.0,296.1,0,-58008.73102923365,35585.50910337463
5943.0,11837.0,1297.0,3018.0,2029,2200,3062,3454,7579.0,7958.0,2576.0,1791.0,296.1,0,-149974.03201674615,-27751.9256780011
24749.0,40668.0,2451.0,3340.0,400,214,147,90,26218.0,24723.0,9747.0,14003.0,296.1,0,-128890.78331608782,-12950.24296565989
100545.0,144093.0,12149.0,19222.0,0,161,479,212,37561.0,33773.0,19520.0,26315.0,296.1,0,-80878.27099636519,-10714.910608379503
2904.0,5851.0,748.0,2618.0,290,187,68,101,5568.0,5924.0,2678.0,2369.0,296.2,0,-152401.2731830118,-28351.345856760465
1247.0,6365.0,420.0,1288.0,213,153,130,0,3867.0,5380.0,769.0,1204.0,296.2,-1,-154926.0858052255,-30100.018052889944
554837.0,728056.0,68845.0,106697.0,1435,1188,261,135,623173.0,501427.0,250355.0,217457.0,296.2,3,517663.2446159473,421969.8434502189
57056.0,96930.0,6303.0,9850.0,20,99,79,49,58826.0,56083.0,25301.0,44774.0,296.2,0,-88672.92476655115,14614.197424390177
28977.0,44889.0,1780.0,2639.0,290,218,340,186,24154.0,23523.0,9538.0,16074.0,296.3,0,-128368.6667447834,-13863.530348279648
7000.0,19842.0,2658.0,4038.0,3466,4104,4546,5174,17674.0,17999.0,6009.0,5149.0,296.3,0,-142353.96902987867,-20310.520116024127
5042.0,13856.0,1654.0,4474.0,1294,1771,1624,2399,5774.0,7200.0,1596.0,1776.0,296.3,0,-151277.2217016394,-29475.184952979256
31381.0,47373.0,2022.0,4979.0,364,249,237,128,31871.0,27930.0,21701.0,21213.0,296.3,0,-118600.0171967102,-3364.3316553494296
1791.0,5082.0,1520.0,2473.0,1969,2133,2768,3282,6977.0,8779.0,1207.0,1599.0,296.3,0,-152321.73774122188,-28608.63708694617
66403.0,87695.0,60463.0,97251.0,231,173,329,163,57364.0,52523.0,56201.0,48820.0,296.3,0,-36187.29594949033,-7305.446871567383
62548.0,99051.0,17574.0,27029.0,611,397,0,53,28497.0,25858.0,19479.0,20933.0,296.4,0,-97472.99071795994,-18265.171337733045
4870.0,18028.0,2454.0,5879.0,1791,3418,2736,4786,7018.0,12630.0,427.0,2242.0,296.4,0,-150604.4063554866,-29593.222729378354
5211.0,13632.0,1349.0,4892.0,901,2717,1082,3432,3512.0,9769.0,481.0,462.0,296.4,0,-153017.46622069928,-31404.58649432787
2989.0,17143.0,942.0,4356.0,1664,2914,2196,3970,5735.0,10029.0,545.0,1307.0,296.5,0,-153072.81010964632,-29434.636133414017
2574.0,8501.0,319.0,1772.0,750,2072,1243,3157,2597.0,7743.0,261.0,298.0,296.5,0,-155323.20304079726,-31283.20660811964
13623.0,24128.0,1575.0,2971.0,5,174,177,65,20856.0,19766.0,17118.0,16494.0,296.5,0,-133435.17531626462,-11574.42356904208
224387.0,314496.0,5940.0,7650.0,497,426,371,135,238056.0,200085.0,136185.0,103164.0,296.5,0,108702.320306038,173189.51415564865
85746.0,130869.0,22600.0,34332.0,354,307,200,118,80083.0,72614.0,75595.0,62535.0,296.5,0,-35280.63267580043,39912.25182833182
34154.0,59593.0,20828.0,36437.0,59,121,130,119,38431.0,37272.0,21209.0,29123.0,296.7,0,-100703.11126278342,-10140.754319495496
39690.0,52121.0,18291.0,30872.0,287,268,146,98,38089.0,37096.0,25704.0,28518.0,296.7,0,-98759.21946892176,-7335.09091001569
35962.0,44628.0,4763.0,6969.0,95,262,257,153,31230.0,27985.0,28024.0,23220.0,296.7,0,-112533.63462580965,-2812.685546521403
32904.0,46948.0,1656.0,5964.0,261,195,185,165,23757.0,22441.0,19521.0,21734.0,296.8,0,-122626.00639090486,-9194.986432440312
9884.0,11498.0,3647.0,5143.0,2045,2291,2610,3459,6595.0,8263.0,2418.0,2087.0,296.9,0,-147202.32387330328,-30125.48485445292
3166.0,12606.0,1326.0,3423.0,1731,2812,2727,4231,5053.0,8168.0,1161.0,2017.0,296.9,0,-152724.74379507283,-29744.811611140285
1463.0,5524.0,0.0,970.0,213,162,133,66,2020.0,6159.0,19172.0,38585.0,296.9,0,-144444.54857951595,-17298.042178351418
63444.0,107205.0,20428.0,30110.0,480,253,203,99,70463.0,62789.0,37632.0,49946.0,296.9,0,-65851.01143031662,18692.85145646857
26647.0,45100.0,1223.0,3206.0,317,248,128,97,30541.0,29647.0,24439.0,24564.0,296.9,0,-120256.42249276732,-1709.531454594493
68128.0,98887.0,17254.0,27062.0,162,94,474,231,71321.0,63162.0,54334.0,47559.0,296.9,0,-59876.03659976993,27549.722502351586
3584.0,8084.0,1987.0,3739.0,1232,1536,1868,1827,4803.0,4957.0,957.0,796.0,296.9,0,-152441.561500525,-30628.2147880214
4359.0,10929.0,1242.0,2677.0,2625,4666,3339,6657,8615.0,16569.0,2253.0,3214.0,297.0,0,-150131.3619806719,-26866.422299875805
2138.0,12074.0,720.0,2619.0,2243,4742,2771,6591,6750.0,16041.0,728.0,1221.0,297.0,0,-153058.34406542787,-28534.331028129956
1198.0,6913.0,698.0,4300.0,1281,2131,1818,3269,4272.0,7582.0,390.0,1203.0,297.0,0,-154705.98281073713,-30172.38009769808
3616.0,13643.0,1167.0,3487.0,1363,1844,1794,2397,5175.0,7483.0,1331.0,1673.0,297.0,0,-152577.98712761054,-29582.874546955063
40071.0,58028.0,3829.0,5674.0,397,215,260,163,42720.0,41968.0,31626.0,29319.0,297.0,0,-104215.40552783463,7261.532448570517
5466.0,16390.0,2320.0,5683.0,2480,2702,3785,4157,9937.0,10503.0,2459.0,2387.0,297.0,0,-148365.83858678283,-26824.391178245776
193584.0,293306.0,22876.0,37706.0,0,25,280,142,95878.0,83530.0,87003.0,71616.0,297.0,0,21549.08443245137,48962.478018610505
4723.0,12588.0,3122.0,6064.0,2751,2706,3059,3150,7904.0,8788.0,1476.0,1567.0,297.1,0,-149499.47289658638,-29111.07719374448
62890.0,105781.0,3603.0,5413.0,119,71,139,40,54318.0,48142.0,33795.0,32809.0,297.1,0,-88557.42566643932,14723.826738907064
17133.0,26276.0,29849.0,48469.0,5,208,343,138,6956.0,6259.0,863.0,1366.0,297.1,0,-126649.00837657745,-47590.58483585088
3742.0,9743.0,1568.0,3715.0,1149,1300,1883,1979,6338.0,7212.0,974.0,1039.0,297.1,0,-151937.39070728436,-29358.635668071103
55717.0,89267.0,6727.0,12767.0,397,207,245,150,65044.0,60887.0,41969.0,47318.0,297.1,0,-79651.49726013365,25768.81842593841
106174.0,186395.0,6188.0,10383.0,0,158,32,157,96812.0,83148.0,30423.0,38538.0,297.1,0,-50410.57448671792,36660.42848456673
8543.0,13742.0,4243.0,6087.0,5208,5675,6352,6722,15491.0,14998.0,2392.0,3411.0,297.1,0,-143159.92570375482,-24579.988849961483
61165.0,84927.0,23079.0,37330.0,2459,2090,7177,7150,18459.0,17024.0,6056.0,5495.0,297.2,0,-105654.2309836233,-36072.74515385389
69846.0,111718.0,12527.0,18487.0,212,176,384,177,74837.0,67270.0,61306.0,49723.0,297.2,0,-58005.31631611413,35901.43128508133
6712.0,15281.0,2416.0,4491.0,2962,3582,4666,5877,11436.0,14663.0,2208.0,3762.0,297.2,0,-147030.21572722076,-25900.814908126227
2165.0,7454.0,568.0,1994.0,632,2003,841,3033,1994.0,6704.0,152.0,569.0,297.2,0,-155597.34293118026,-31797.321628054
2767.0,10560.0,2332.0,5203.0,1893,2671,2177,3052,6339.0,8665.0,231.0,841.0,297.2,0,-152105.80380788248,-30117.780100257805
43354.0,56966.0,5080.0,8816.0,71,115,77,83,48565.0,44111.0,31013.0,27403.0,297.3,0,-99841.29040207108,9393.566041161652
37967.0,64146.0,14664.0,23001.0,542,270,111,65,58419.0,54051.0,30779.0,41824.0,297.3,0,-89249.71067482175,12172.879492118733
31502.0,60574.0,20919.0,36138.0,0,21,0,12,35075.0,35504.0,15236.0,32091.0,297.3,0,-105068.869697059,-14177.689646874129
7480.0,18544.0,1829.0,5993.0,198,165,285,194,12128.0,13085.0,63413.0,80744.0,297.4,0,-114506.53177765528,12883.722097317584
958553.0,813823.0,176358.0,202422.0,2486,1354,681,306,2067860.0,1243490.0,861668.0,528700.0,297.4,3,1673462.296009973,1548137.9829761358
31971.0,53279.0,4463.0,7947.0,4641,4740,7780,8083,21255.0,22381.0,2505.0,5368.0,297.4,0,-130525.78962073525,-22230.795615724863
162799.0,246143.0,11730.0,22136.0,930,563,684,322,127415.0,111713.0,52491.0,51487.0,297.4,0,185.1296278170485,60189.44940750649
4863.0,22521.0,1184.0,3405.0,8021,16459,7167,13922,14127.0,25191.0,988.0,2064.0,297.5,0,-148075.32961065788,-24088.49107461462
3762.0,8956.0,609.0,2229.0,1018,2009,1381,2917,2973.0,7437.0,2487.0,2335.0,297.5,0,-153387.27011803765,-30043.696026235782
8942.0,11894.0,1234.0,3035.0,14662,14954,21830,22115,34671.0,28659.0,10600.0,7089.0,297.5,0,-132893.21222402167,-6526.522123832991
106530.0,162433.0,15162.0,23631.0,306,221,0,70,110017.0,96141.0,49350.0,47183.0,297.6,0,-30036.6158828772,48681.28433091143
18724.0,24334.0,2487.0,4546.0,2628,2592,3703,3860,12454.0,11417.0,3773.0,3304.0,297.6,0,-141085.386066098,-25501.18419411469
8581.0,28207.0,2585.0,7328.0,55,119,64,0,13512.0,22197.0,9156.0,15475.0,297.6,-1,-141185.17426731772,-20024.71018971834
42740.0,59834.0,6225.0,9238.0,37,115,119,71,44917.0,43298.0,26650.0,34184.0,297.6,0,-101700.01269269008,5665.716470222014
31463.0,44258.0,11662.0,19396.0,44,113,0,32,33454.0,29669.0,23802.0,21435.0,297.6,0,-110393.27321560816,-7504.126270057772
670725.0,908438.0,278038.0,450715.0,991,531,354,176,198318.0,170988.0,105097.0,94877.0,297.6,0,448955.6225863475,-66148.49766382066
38066.0,56622.0,3415.0,6877.0,518,295,67,83,46926.0,44075.0,30472.0,33766.0,297.6,0,-103290.21385339566,10540.020681707054
3856.0,11554.0,1404.0,4915.0,2141,2587,3204,4039,9399.0,11272.0,79.0,239.0,297.6,0,-151051.49366584644,-27829.31139980256
32341.0,44776.0,5510.0,9108.0,324,178,0,45,26117.0,25990.0,20705.0,21823.0,297.8,0,-118683.0616740667,-9575.280532558025
56715.0,92430.0,7075.0,9171.0,164,150,228,95,54161.0,49587.0,33143.0,35952.0,297.8,0,-88602.60063174422,13077.029504290167
5160.0,17401.0,4720.0,10455.0,3877,4550,5064,5774,12362.0,13667.0,267.0,559.0,297.8,0,-146775.72062966978,-27989.310567954886
39404.0,61910.0,2681.0,2766.0,450,180,70,94,30752.0,26916.0,23627.0,21090.0,297.9,0,-114668.60277526098,-4219.036388893506
10460.0,12449.0,1398.0,3195.0,4515,4136,5159,5085,14308.0,13010.0,1442.0,2309.0,297.9,0,-145365.7641214402,-24244.104864557827
34847.0,56650.0,5008.0,9378.0,234,150,0,0,51017.0,48353.0,27463.0,28549.0,298.0,-1,-103444.0599932505,10244.872673913353
5524.0,12249.0,1222.0,4979.0,2432,3021,3021,3706,8625.0,10031.0,1809.0,1682.0,298.1,0,-150021.8355584588,-27356.01526751717
13560.0,23780.0,3216.0,4357.0,5449,5090,7649,7621,19473.0,19397.0,4241.0,3222.0,298.1,0,-139358.76788202956,-20995.11669383848
16962.0,27949.0,5290.0,10581.0,351,197,184,65,32107.0,30628.0,13595.0,20684.0,298.1,0,-125200.11634691176,-7816.133437877761
11748.0,20925.0,4569.0,8776.0,1896,1860,2941,3062,8763.0,9463.0,2731.0,2346.0,298.2,0,-144676.5803181544,-29280.88273301821
18503.0,29841.0,6100.0,12082.0,5552,5824,7543,8170,19717.0,19694.0,2959.0,2511.0,298.2,0,-135795.76562074962,-23625.111055993933
10886.0,17433.0,3606.0,4284.0,5135,5063,7472,7434,19134.0,18937.0,4541.0,4826.0,298.2,0,-140024.87118107002,-20897.38905477461
10455.0,19174.0,2521.0,4531.0,4358,4025,5433,5188,14154.0,13126.0,3274.0,2626.0,298.3,0,-143945.5846522289,-24225.83137354949
3106.0,12706.0,868.0,4381.0,1490,1962,2110,2857,6224.0,8656.0,758.0,1288.0,298.3,0,-152779.84047656783,-29000.32594912255
7523.0,10657.0,3977.0,5679.0,2425,2341,2967,3172,10016.0,9538.0,2610.0,1817.0,298.3,0,-146361.0124075348,-27978.451886781564
63185.0,94605.0,19003.0,29071.0,327,203,158,129,56478.0,53790.0,44333.0,41903.0,298.3,0,-71789.49228495995,12282.90481985502
5565.0,14125.0,1615.0,3942.0,1930,2254,2609,2724,7125.0,6989.0,2599.0,2793.0,298.3,0,-149979.60029667747,-28044.599710589224
25736.0,36516.0,3314.0,4346.0,2367,2160,5034,4933,12503.0,11687.0,4253.0,4144.0,298.4,0,-137336.28465696835,-26105.496207986467
681.0,3634.0,944.0,3294.0,753,1463,747,1911,1807.0,4427.0,0.0,0.0,298.4,0,-156157.55163385984,-32210.60559106385
11934.0,13870.0,3206.0,4911.0,2350,2000,3097,3373,9220.0,8798.0,1780.0,2311.0,298.4,0,-145689.80697670663,-28552.96134123263
7326.0,15631.0,0.0,1551.0,2895,3080,3812,4146,10752.0,11857.0,1313.0,2215.0,298.5,0,-149282.53981365397,-25482.151224468173
10357.0,17206.0,1937.0,3548.0,2758,2404,4132,4046,11622.0,11154.0,1968.0,2139.0,298.5,0,-146079.22061929194,-26081.62993613837
1906.0,10384.0,884.0,4842.0,867,2103,825,2252,2416.0,5209.0,685.0,901.0,298.5,0,-155055.78378246014,-31435.37119921462
16455.0,15571.0,1443.0,3423.0,3849,3404,4928,4632,13006.0,12676.0,3498.0,2150.0,298.5,0,-142729.7045498221,-24647.97556996524
3435.0,10418.0,1678.0,3558.0,1745,2097,2000,2245,6361.0,7224.0,883.0,2142.0,298.5,0,-151869.5151330611,-29254.599734395542
32444.0,43793.0,1970.0,3685.0,4318,4095,5819,5923,17641.0,17292.0,5349.0,5076.0,298.6,0,-132673.45624457602,-21839.31193490396
8026.0,18325.0,959.0,2523.0,3557,3937,4918,5514,10906.0,11620.0,1453.0,1782.0,298.6,0,-148264.35897081357,-26041.03943463554
95359.0,144454.0,14951.0,25875.0,0,93,259,127,50759.0,43419.0,40545.0,37946.0,298.6,0,-65888.607699308,6896.001739887524
608978.0,790533.0,61897.0,86727.0,1749,1454,390,249,832334.0,646253.0,306366.0,273822.0,298.6,3,657123.9601287781,587609.9066035475
821.0,5264.0,0.0,0.0,122,38,143,24,2257.0,4558.0,1287.0,2133.0,298.6,0,-155806.9559768929,-30461.056950358856
878.0,3716.0,1196.0,3645.0,1449,2095,1832,2812,5194.0,7921.0,585.0,1842.0,298.6,0,-153924.37188901802,-29697.01881933213
75359.0,115090.0,13389.0,20893.0,174,148,100,119,63232.0,56654.0,47438.0,43442.0,298.6,0,-66296.1257113344,20836.65626506205
109828.0,168473.0,18660.0,30478.0,303,291,488,159,96331.0,84475.0,81008.0,72389.0,298.7,0,-17571.598296501208,54947.64028355967
16427.0,13867.0,2681.0,3520.0,2160,2198,3333,2996,8536.0,8212.0,1527.0,1981.0,298.7,0,-144655.9457008778,-29106.211233179118
15789.0,19218.0,5444.0,10474.0,3083,2946,3921,3906,11474.0,11737.0,2342.0,1766.0,298.7,0,-141408.2427896398,-28633.726594528183
107681.0,152223.0,55731.0,81713.0,562,306,907,288,17807.0,17850.0,14220.0,13554.0,298.7,0,-60331.42728071725,-55302.134667596736
16398.0,31853.0,9988.0,17785.0,237,165,136,64,22359.0,20812.0,16698.0,17576.0,298.7,0,-125829.21834692074,-16089.265882538206
60390.0,95194.0,4258.0,7388.0,28,173,348,137,49780.0,44372.0,41545.0,37856.0,298.7,0,-87676.84320291693,15668.261666934672
20252.0,32312.0,6325.0,11399.0,3131,3218,4012,4111,12004.0,12684.0,1699.0,2503.0,298.8,0,-138877.1895074797,-29293.123228202665
3311.0,12342.0,827.0,3702.0,752,861,2067,2733,5746.0,7175.0,2529.0,2754.0,298.8,0,-152102.5909007968,-28311.217882824614
7512.0,14157.0,56.0,1545.0,3075,3120,4627,4146,11985.0,11326.0,2519.0,1716.0,298.8,0,-148228.3862415645,-24322.05352976818
68170.0,110059.0,2011.0,2852.0,19,92,193,153,63485.0,58401.0,50015.0,51606.0,298.8,0,-75001.09355307429,30999.157889464284
48408.0,74088.0,4411.0,6126.0,0,79,304,171,51873.0,48989.0,37029.0,38768.0,298.8,0,-93085.97705618908,15925.59167991071
1693.0,5760.0,487.0,2332.0,82,19,182,154,2519.0,6612.0,15149.0,34145.0,298.9,0,-145835.00002475947,-19703.63401347068
54032.0,74079.0,4468.0,5928.0,95,169,431,205,52140.0,49757.0,24538.0,35595.0,298.9,0,-95633.42715343244,9942.872849850046
4721.0,14862.0,4653.0,11506.0,2455,3199,3234,4125,7814.0,10568.0,1909.0,2165.0,298.9,0,-148248.68879438884,-29850.73217707511
50963.0,76594.0,9846.0,15689.0,109,229,348,171,50847.0,46724.0,40469.0,38746.0,299.0,0,-87481.89440341228,13138.488855771142
25106.0,45650.0,8864.0,13633.0,312,208,48,25,39024.0,35135.0,25304.0,25216.0,299.0,0,-111385.0379944984,-575.6107291096378
51334.0,76408.0,29509.0,48451.0,266,219,197,106,50222.0,48294.0,20704.0,29869.0,299.1,0,-82448.6872843445,-9344.41781186097
8755.0,15009.0,600.0,1577.0,3720,4005,5944,5991,15290.0,14727.0,3756.0,3629.0,299.1,0,-145152.40309324407,-21826.044901264504
41180.0,59290.0,18274.0,29980.0,239,255,237,99,36186.0,34269.0,26417.0,28252.0,299.1,0,-98789.1566265017,-8367.729800766043
39048.0,61409.0,3153.0,4400.0,257,169,383,116,39450.0,36425.0,27452.0,29077.0,299.1,0,-108146.48884717346,3895.027598616052
11879.0,16494.0,1841.0,4962.0,2610,2324,3633,3327,9548.0,10035.0,2344.0,1946.0,299.2,0,-146343.81023100117,-27305.87900675557
52938.0,85479.0,11354.0,17704.0,412,327,39,57,46021.0,41577.0,31685.0,31966.0,299.3,0,-91905.44554228152,4237.103573832228
32437.0,44289.0,7775.0,12267.0,171,188,43,7,29696.0,27768.0,20870.0,25327.0,299.3,0,-114962.78562606068,-8108.814182579728
54566.0,88175.0,13584.0,22917.0,74,185,4,89,45191.0,40510.0,30292.0,34449.0,299.3,0,-90274.11132298232,2020.64043463083
58312.0,87307.0,8623.0,13300.0,370,155,125,152,29811.0,27376.0,18860.0,17342.0,299.3,0,-105479.19370898846,-12374.904275708268
7944.0,19790.0,1435.0,3717.0,2243,2410,3539,3876,9814.0,11034.0,1556.0,3464.0,299.4,0,-148215.67077402375,-26714.008461605976
27581.0,51629.0,14080.0,25190.0,3551,3665,5530,5339,13087.0,13173.0,1938.0,2977.0,299.5,0,-129881.26251355474,-33773.86783702826
78033.0,110802.0,3179.0,5685.0,131,235,0,4,58534.0,50376.0,59217.0,39080.0,299.5,0,-70574.11093004738,28344.83985216478
4665.0,8745.0,2456.0,3734.0,2603,2546,3307,3377,10979.0,10891.0,2107.0,2162.0,299.5,0,-148288.85046358928,-26383.939780168486
5822.0,16639.0,743.0,1430.0,116,162,311,175,11411.0,11868.0,11748.0,9021.0,299.6,0,-144387.95479639206,-19969.345691979048
1716.0,7779.0,175.0,1486.0,157,99,223,182,4255.0,8286.0,3853.0,5463.0,299.6,0,-153050.9478415348,-27754.512620736383
546346.0,704976.0,57902.0,86376.0,1821,1512,196,195,998654.0,816668.0,385090.0,296957.0,299.6,3,735672.3169467057,736094.1130097777
1815.0,8976.0,0.0,170.0,137,26,168,76,2244.0,5428.0,1564.0,3748.0,299.6,0,-155099.40789471738,-30158.40942191208
14004.0,29431.0,4289.0,7641.0,3958,4294,6181,6820,17397.0,18336.0,1293.0,2109.0,299.6,0,-140605.6308705412,-24428.07763489787
7395.0,17899.0,875.0,1952.0,2724,2900,4084,4098,10402.0,11300.0,2820.0,3362.0,299.7,0,-148106.78183488522,-25440.07057144257
316280.0,449845.0,368154.0,575071.0,71,478,278,121,193344.0,171392.0,96182.0,86246.0,299.8,0,359410.34285814594,-107962.10707102682
64534.0,84659.0,69233.0,107911.0,351,313,162,84,63106.0,54200.0,63361.0,47181.0,299.8,0,-25872.414675931243,-6318.697437478331
6264.0,10919.0,2501.0,3868.0,3825,4098,5130,5105,13044.0,13183.0,3835.0,2956.0,299.8,0,-145928.94226705807,-24354.653002189872
97456.0,135020.0,7279.0,13051.0,263,439,412,162,56824.0,51386.0,48628.0,44159.0,299.9,0,-63824.88822672551,19800.109085173783
8001.0,15954.0,2614.0,4022.0,3488,3790,6779,7172,19652.0,18878.0,4506.0,9658.0,300.1,0,-141064.81336819538,-18999.02906242602
6295.0,19721.0,1759.0,4484.0,5544,6421,7779,9092,19132.0,21035.0,1175.0,3937.0,300.1,0,-144534.59463273326,-20995.371324426906
28633.0,50504.0,6785.0,10284.0,375,183,57,49,34541.0,32485.0,24377.0,26668.0,300.1,0,-113555.8804663016,-2490.041473936253
8900.0,26137.0,3211.0,7154.0,1728,1857,3927,4269,11532.0,11608.0,2260.0,3064.0,300.2,0,-145614.6069346097,-26572.33966399349
35073.0,60778.0,7190.0,11192.0,358,189,370,123,31113.0,29907.0,18554.0,23014.0,300.2,0,-114794.60199494504,-8359.28861839609
115351.0,164548.0,20090.0,30677.0,548,444,692,306,101396.0,88394.0,58031.0,47464.0,300.2,0,-23667.00369068389,43252.32272365944
404883.0,516361.0,33435.0,49409.0,1573,1355,475,185,553982.0,442250.0,193341.0,164242.0,300.2,0,372844.5082162277,377735.1604294864
12955.0,21549.0,2150.0,2796.0,3947,3484,5228,5088,14549.0,14234.0,2815.0,4534.0,300.3,0,-142929.4136679209,-23792.14804961281
10735.0,24996.0,0.0,0.0,2727,2920,4194,4779,12645.0,14281.0,2163.0,2835.0,300.3,0,-146640.96027413706,-24049.57030994761
30450.0,45285.0,7978.0,8177.0,131,211,114,64,18002.0,17045.0,19588.0,17320.0,300.3,0,-122392.99698759228,-17323.75369527255
5603.0,6805.0,1656.0,2599.0,1289,1578,2328,2153,5079.0,4667.0,778.0,1806.0,300.3,0,-151656.6363512108,-30289.072607678718
53310.0,86034.0,3093.0,7270.0,58,110,335,156,59184.0,57413.0,34499.0,47790.0,300.4,0,-88486.34206857347,21443.444026237576
6305.0,15267.0,1531.0,3881.0,2766,2663,3459,3576,8573.0,8770.0,205.0,1726.0,300.4,0,-150097.15035472883,-28298.872050802
65969.0,98760.0,24242.0,37811.0,0,135,402,170,66810.0,60807.0,42004.0,49446.0,300.5,0,-62280.50272330671,15579.64338147404
8504.0,17913.0,5492.0,8713.0,3458,3333,3858,3922,11741.0,10799.0,4436.0,3358.0,300.7,0,-143263.369707072,-26887.940625555228
153254.0,232506.0,9619.0,14272.0,820,351,307,198,74279.0,63107.0,65085.0,56971.0,300.7,0,-23796.25987009215,34702.124293771034
59223.0,87182.0,31471.0,49520.0,183,228,128,76,66226.0,61561.0,51363.0,45725.0,300.7,0,-57330.41329814919,14439.288204847096
63541.0,87574.0,16609.0,25588.0,186,170,73,81,60771.0,54763.0,46953.0,43839.0,300.7,0,-70150.47128460456,17887.149581223577
15130.0,22997.0,4380.0,6507.0,4607,4459,5677,5579,16441.0,16377.0,5091.0,4014.0,300.7,0,-138869.49015606163,-23265.21650053796
573799.0,781370.0,37506.0,56408.0,2069,2289,34942,32284,247674.0,198988.0,228991.0,158901.0,300.7,0,319266.7736670326,184713.212637828
5788.0,14675.0,1960.0,4272.0,1668,1869,2372,2683,6610.0,7688.0,433.0,1486.0,300.7,0,-150847.58564026837,-29720.27443191576
2278.0,9248.0,451.0,1849.0,1423,2032,2538,3294,8644.0,11388.0,1416.0,1671.0,300.8,0,-152024.29503146795,-26815.955816921447
3277.0,8175.0,981.0,2735.0,4345,4635,5118,5453,11698.0,12568.0,1029.0,2811.0,300.9,0,-149861.36224460634,-25258.43086706456
355632.0,498476.0,38419.0,55644.0,469,453,7565,7333,146216.0,127346.0,125508.0,117599.0,300.9,0,141367.97390536134,84054.22298911287
5403.0,17409.0,2710.0,6255.0,2772,2993,4338,4876,11408.0,12168.0,770.0,1466.0,300.9,0,-148197.5003976829,-26990.5200174066
5307.0,11194.0,805.0,2727.0,1881,2078,2243,2519,7048.0,7983.0,1322.0,1462.0,300.9,0,-151319.34916921673,-28318.2469677015
1596.0,9340.0,336.0,3060.0,197,107,153,42,2481.0,7380.0,17469.0,42166.0,301.0,0,-144126.26068058462,-17365.972718252455
58560.0,94477.0,11991.0,19576.0,300,137,0,17,62834.0,59936.0,27177.0,43081.0,301.0,0,-81843.20234011326,13994.57360640018
7510.0,16840.0,1229.0,1955.0,837,965,1058,1318,3354.0,4067.0,1167.0,993.0,301.1,0,-151909.99640434986,-31205.48757401996
2821.0,9268.0,1460.0,4051.0,1619,2103,2057,2826,4653.0,6140.0,1191.0,1621.0,301.1,0,-152993.87577757158,-30111.89603887168
6156.0,17991.0,578.0,2121.0,556,1570,1005,2221,2260.0,4901.0,661.0,1063.0,301.1,0,-153585.83339935655,-31601.46216745999
13689.0,24337.0,2363.0,3865.0,2877,2711,4136,4012,13862.0,12548.0,3381.0,3003.0,301.2,0,-142779.78400468745,-24417.8492070481
166498.0,240164.0,12824.0,19405.0,207,270,340,167,123494.0,109063.0,52704.0,54565.0,301.2,0,1153.2221422739967,57366.2057404387
8580.0,20341.0,1292.0,3252.0,3177,3316,4641,5178,12873.0,13574.0,941.0,2945.0,301.2,0,-146963.9724411398,-25070.9422631641
3594.0,8715.0,1656.0,3120.0,2770,2825,3517,4024,9924.0,10703.0,2107.0,2296.0,301.3,0,-149737.9463538412,-26457.26593436496
64601.0,97037.0,5755.0,7961.0,798,359,149,116,56978.0,47757.0,38616.0,35806.0,301.3,0,-83012.06241545486,17446.73578993048
50191.0,77273.0,9610.0,16190.0,483,320,226,89,59579.0,54279.0,43943.0,41180.0,301.3,0,-82434.17217950226,20705.602144711556
68107.0,103044.0,24289.0,38543.0,0,3,0,12,62112.0,59629.0,36259.0,45771.0,301.3,0,-66075.4656583828,9439.381195757547
43725.0,65535.0,5103.0,5492.0,210,168,33,55,38841.0,35219.0,34692.0,28102.0,301.3,0,-102610.93639522509,4862.413946031029
120073.0,182263.0,7978.0,11161.0,276,155,0,99,90287.0,81824.0,66909.0,71498.0,301.4,0,-28793.97871182018,51106.72916921375
9515.0,21425.0,1038.0,2610.0,3530,4256,4136,5168,11562.0,13685.0,2538.0,2751.0,301.5,0,-146782.48719561967,-25163.685192687863
16519.0,31619.0,4095.0,5355.0,4406,3914,5944,6082,16407.0,15214.0,4664.0,4322.0,301.5,0,-138631.5927425045,-23326.98227811781
26426.0,39364.0,5860.0,9168.0,384,279,207,99,28582.0,28021.0,18539.0,18179.0,301.5,0,-121011.77801140596,-9345.292103469495
30598.0,57403.0,4121.0,6667.0,203,137,0,28,20437.0,20018.0,11076.0,16636.0,301.5,0,-127125.92048142,-17053.99689346191
10071.0,16903.0,2645.0,5497.0,4173,3905,4795,4795,12334.0,12716.0,1254.0,2152.0,301.5,0,-145644.2831699675,-26354.50432892864
30198.0,50133.0,10290.0,17921.0,529,280,17,0,27996.0,24999.0,28082.0,22549.0,301.6,-1,-112605.45444950514,-8030.305686175576
1511.0,8280.0,193.0,1310.0,62,0,162,36,2580.0,5900.0,11342.0,23014.0,301.6,0,-148896.50332795607,-22852.500283769165
41382.0,71131.0,9966.0,16913.0,0,33,139,78,32795.0,31123.0,13498.0,23103.0,301.6,0,-111391.3993405147,-11556.128006095185
6670.0,14480.0,1606.0,3403.0,5090,5453,6583,6826,16727.0,17879.0,2122.0,3135.0,301.6,0,-145325.26988020487,-22178.120030497463
48516.0,65018.0,91600.0,143033.0,3701,3568,5658,5601,17851.0,16110.0,6214.0,4376.0,301.6,0,-63871.8413522045,-78772.68729434995
48237.0,73434.0,2355.0,4807.0,76,108,152,146,47077.0,43008.0,33313.0,33485.0,301.7,0,-98776.8600172218,11787.588690926112
11097.0,20046.0,1699.0,3057.0,1795,1712,4741,4610,14442.0,14530.0,5982.0,4916.0,301.7,0,-142838.38616098242,-22065.039803684347
35157.0,56338.0,2291.0,5200.0,306,214,298,108,29867.0,27104.0,26213.0,24442.0,301.8,0,-115698.27708462834,-2634.0376964417264
4868.0,14478.0,2224.0,4634.0,2980,3743,4859,5492,10717.0,11335.0,2166.0,2689.0,301.8,0,-148392.88727231108,-26304.426644368825
2592.0,13836.0,116.0,946.0,171,76,130,66,2861.0,8390.0,15436.0,40346.0,301.8,0,-144679.31437069096,-18197.48340282734
55497.0,84833.0,3191.0,6228.0,215,110,119,71,67023.0,61586.0,34297.0,46648.0,301.8,0,-84207.83940044983,25927.539022449444
3113.0,9052.0,1520.0,4119.0,3491,4326,3614,4395,8286.0,10467.0,0.0,1599.0,301.9,0,-151631.19370485612,-28372.642119316697
2537.0,13964.0,1050.0,3455.0,1807,2943,2072,3349,5324.0,8410.0,332.0,1170.0,301.9,0,-153464.3694005853,-29844.7136712679
63623.0,105173.0,37662.0,60757.0,3934,3430,8986,8456,24815.0,24878.0,7006.0,6665.0,302.0,0,-91207.60791913792,-40779.93017087079
92929.0,88296.0,102066.0,130634.0,1999,1898,5566,5410,12581.0,12197.0,4051.0,4203.0,302.0,0,-41656.23448486232,-92496.06027500697
108402.0,163294.0,10316.0,17056.0,331,270,96,100,154497.0,128579.0,46632.0,41579.0,302.0,0,-14275.04929694574,77686.2081723967
7113.0,18711.0,1388.0,3095.0,3493,3942,4880,5478,12043.0,13682.0,1251.0,2030.0,302.0,0,-147872.81691477037,-25577.13959323487
8074.0,17236.0,1876.0,3771.0,3893,4276,4665,5097,13490.0,14675.0,798.0,1575.0,302.0,0,-146713.9765108148,-25295.02066278023
1984.0,8490.0,1105.0,3458.0,2018,3646,2979,5283,6847.0,12137.0,836.0,1753.0,302.1,0,-152704.97797110328,-28573.323319329367
1644.0,9239.0,207.0,2075.0,571,1648,630,2099,1614.0,4839.0,114.0,192.0,302.1,0,-156293.36987099424,-31853.98149801108
61993.0,93523.0,8371.0,12948.0,197,192,21,80,72083.0,64005.0,52064.0,50406.0,302.1,0,-68657.76853590303,33510.53211817099
85511.0,120342.0,12937.0,17488.0,0,120,16,48,59934.0,54220.0,52455.0,45867.0,302.2,0,-61780.21784576011,20869.712950929712
95775.0,140035.0,6050.0,10688.0,222,123,0,75,59625.0,52371.0,44957.0,49383.0,302.2,0,-64794.587039500446,21749.047067309428
6048.0,15177.0,1275.0,2451.0,1413,1486,3785,3924,9251.0,10186.0,1456.0,3254.0,302.2,0,-149421.41187981202,-26920.68276252424
7458.0,11205.0,1937.0,3612.0,4680,5262,6803,7126,15900.0,16754.0,2213.0,2838.0,302.2,0,-145151.40350107523,-22968.643588121096
35358.0,63903.0,2686.0,7943.0,427,250,504,220,52137.0,48558.0,39120.0,37154.0,302.2,0,-98933.45365917118,18642.07290828745
4398.0,8281.0,1350.0,3424.0,2302,2131,3071,3356,8091.0,8887.0,633.0,2044.0,302.3,0,-151023.78742490095,-28135.965931635044
60768.0,96252.0,13974.0,23563.0,0,228,509,167,52452.0,46887.0,44607.0,38063.0,302.3,0,-78451.54116088155,12551.596661904628
1608.0,6706.0,1580.0,4707.0,1066,1730,1148,2570,4216.0,7200.0,878.0,1146.0,302.3,0,-153782.67330624076,-30593.97160610049
5258.0,11314.0,858.0,2935.0,2392,2373,3522,3604,7999.0,7702.0,1044.0,1899.0,302.3,0,-150918.7114973313,-27790.94885992865
37445.0,51952.0,4093.0,8164.0,426,300,273,176,33202.0,30457.0,19615.0,28424.0,302.3,0,-113945.01854608124,-3935.0689040665775
36070.0,52572.0,93071.0,145110.0,3654,3167,8123,7630,22658.0,21637.0,7219.0,7961.0,302.4,0,-64958.93542982054,-74845.0810021772
5512.0,13209.0,1465.0,2600.0,2542,2635,3289,3717,8832.0,9379.0,1318.0,1747.0,302.4,0,-149938.02706340994,-27571.965826603657
59035.0,89722.0,16870.0,28147.0,119,119,0,64,42593.0,39223.0,37007.0,28320.0,302.5,0,-85642.13246441532,-141.5388895624419
51096.0,85392.0,13044.0,19173.0,242,289,106,102,37577.0,35628.0,20728.0,33383.0,302.5,0,-99164.34088808837,-6413.059498107192
40573.0,66911.0,9092.0,14777.0,312,219,8,150,51535.0,47378.0,30849.0,37428.0,302.5,0,-95664.05953459276,10473.008729042693
44224.0,65135.0,11327.0,20796.0,59,114,621,352,46870.0,43678.0,27157.0,32856.0,302.5,0,-96668.5454318388,3601.7127320039763
6691.0,17232.0,1601.0,3738.0,2554,2629,4123,4247,10653.0,10215.0,2683.0,2355.0,302.5,0,-147958.69896303487,-25910.28150597716
2304.0,6836.0,1110.0,3142.0,1607,1905,2221,2552,5490.0,6360.0,377.0,907.0,302.6,0,-153460.40144084388,-29785.084162695435
343213.0,467161.0,41894.0,58635.0,768,533,266,178,263013.0,221845.0,126207.0,118108.0,302.6,0,191649.9645550555,156885.20531404333
2803.0,8605.0,1000.0,2869.0,2536,3061,3459,4138,8947.0,10998.0,1464.0,2239.0,302.7,0,-151200.4384232941,-26890.631819400674
108335.0,155604.0,5705.0,9856.0,589,373,266,177,98926.0,90886.0,77539.0,75823.0,302.7,0,-26805.47086235325,63913.711842178425
1432210.0,930051.0,2458680.0,2127230.0,3998,1758,760,559,166086.0,134763.0,96165.0,68411.0,302.7,3,2245524.2035032483,-1513085.00177452
1161.0,6712.0,113.0,1028.0,375,661,651,1602,1682.0,4527.0,1249.0,2452.0,302.7,0,-155821.41735868392,-30881.41368630144
5870.0,16385.0,643.0,2364.0,2936,3508,3949,4174,10412.0,11435.0,1465.0,2728.0,302.7,0,-149466.86181330084,-25859.79940949197
545950.0,746951.0,109972.0,167968.0,1106,811,12686,12119,239452.0,212466.0,180544.0,161816.0,302.8,0,336657.3635973048,115915.24100577172
13857.0,16030.0,3345.0,4303.0,3035,3566,5269,5280,16383.0,15977.0,4737.0,3565.0,302.8,0,-140323.11176414948,-22789.58445752846
1446.0,5052.0,1744.0,4840.0,765,862,1327,2047,3425.0,5372.0,594.0,1136.0,302.8,0,-154198.88267241156,-31306.62973297308
3393.0,9216.0,865.0,4079.0,740,831,670,1655,1744.0,4247.0,624.0,1166.0,302.8,0,-154752.41003880894,-31928.29624629304
68220.0,100281.0,10441.0,13974.0,400,294,244,140,79274.0,73790.0,61429.0,59899.0,302.9,0,-56780.06115887163,41806.41318460691
50357.0,71505.0,3508.0,5929.0,213,220,254,119,36210.0,36558.0,16987.0,24182.0,302.9,0,-109211.57707352634,-4288.3708109140825
66826.0,96584.0,9236.0,14128.0,80,143,0,22,50221.0,45618.0,39353.0,37096.0,302.9,0,-82310.00426258025,11360.888957543217
75514.0,121165.0,4581.0,6892.0,885,482,40,45,55679.0,47818.0,49738.0,48319.0,302.9,0,-74253.70205645911,23327.947665237018
4175.0,9542.0,3031.0,6702.0,3796,4305,5285,6164,14263.0,16759.0,1632.0,3146.0,303.0,0,-146657.7505235725,-24674.39688239993
8106.0,15188.0,4015.0,7460.0,4964,5303,6111,6642,15244.0,15946.0,1588.0,3248.0,303.0,0,-143925.8480704752,-24928.50278552634
6749.0,15679.0,1227.0,3052.0,2376,2599,3875,4159,10007.0,10511.0,3575.0,3145.0,303.0,0,-148056.15362363853,-25587.061741675883
8015.0,19662.0,6009.0,10715.0,1468,1602,3039,3363,9456.0,10053.0,1880.0,3448.0,303.0,0,-145074.12984058258,-29683.820310770137
2224.0,11309.0,0.0,1493.0,0,0,171,90,1467.0,6352.0,9989.0,20918.0,303.2,0,-150003.8386950432,-24385.42099408543
54499.0,90779.0,20651.0,33232.0,26,13,297,215,72327.0,64439.0,39941.0,44462.0,303.2,0,-68361.50521818666,20402.080200896893
8162.0,20548.0,1077.0,2254.0,5147,5878,6323,7042,14991.0,16638.0,2012.0,3949.0,303.3,0,-145800.14755508577,-22956.78080986864
5544.0,12241.0,1951.0,4054.0,3777,4045,4836,5286,12396.0,12326.0,1445.0,2103.0,303.3,0,-147886.0192754394,-25512.677924376512
58166.0,94025.0,2267.0,4858.0,320,217,263,112,65082.0,59228.0,45743.0,42653.0,303.3,0,-80908.19612752106,29268.831950927208
19713.0,41251.0,6184.0,11765.0,4382,4306,6040,6222,18190.0,19247.0,2383.0,3907.0,303.3,0,-135971.3425610897,-24742.20245013413
7739.0,19914.0,2955.0,4701.0,2277,2123,2900,2948,7959.0,8528.0,3121.0,2482.0,303.3,0,-147633.46534595967,-28330.335609160767
2504.0,9990.0,1309.0,3591.0,2023,2817,2732,3497,7887.0,10306.0,1045.0,1108.0,303.4,0,-151886.96459475651,-28094.033554492933
1531.0,7616.0,169.0,2778.0,472,1692,662,1942,1836.0,5222.0,211.0,194.0,303.4,0,-156229.9369952845,-31641.231492148385
3479.0,8536.0,1093.0,1993.0,1658,2484,2527,3578,6477.0,7985.0,1327.0,1607.0,303.4,0,-152106.45886165244,-28715.062603558872
886.0,4465.0,0.0,884.0,768,2115,759,2392,1930.0,5316.0,293.0,365.0,303.4,0,-156515.75193705043,-31371.94828771599
5141.0,15591.0,2176.0,6646.0,2567,2884,2897,3382,9686.0,11174.0,711.0,2815.0,303.5,0,-149303.46878085908,-27538.529787079293
9851.0,9717.0,1907.0,3107.0,3558,3260,4355,4087,12047.0,10599.0,823.0,1679.0,303.5,0,-146594.16121517104,-26315.61443698032
6406.0,14801.0,942.0,1916.0,3590,3904,5326,5997,14086.0,15362.0,694.0,2114.0,303.6,0,-147743.48618894682,-24178.695179643782
4650.0,10053.0,1785.0,4485.0,2911,3153,3191,3892,9209.0,10725.0,1375.0,2027.0,303.7,0,-149842.97140460188,-27410.178029450668
28138.0,46663.0,6900.0,10804.0,366,168,282,119,31169.0,29966.0,9325.0,20757.0,303.7,0,-121500.8394632971,-11926.07847537673
28309.0,40510.0,3910.0,5796.0,38,169,0,35,28675.0,27426.0,21415.0,24021.0,303.7,0,-119746.85975262316,-6040.442579218536
8267.0,11553.0,3282.0,4438.0,4581,4773,6323,6217,17867.0,17570.0,4195.0,2716.0,303.7,0,-142289.3109532206,-21810.942149111987
8563.0,11289.0,190.0,3094.0,2936,4359,3226,4955,6351.0,9590.0,112.0,1089.0,303.8,0,-151214.95268887188,-29150.568059987057
5379.0,14209.0,1725.0,3899.0,1860,2813,2342,3211,7382.0,10812.0,2160.0,2007.0,303.9,0,-150125.76367176435,-28250.00249957762
10018.0,22045.0,2569.0,3714.0,4142,4188,5421,4825,13324.0,11829.0,2966.0,3699.0,303.9,0,-144444.1687903629,-24709.23828706888
73916.0,115098.0,19314.0,28657.0,406,242,0,75,78969.0,68760.0,66938.0,53571.0,303.9,0,-47224.25437211123,36968.1053517516
2795.0,7513.0,480.0,1844.0,708,890,1394,1598,4721.0,6046.0,1216.0,2142.0,303.9,0,-153578.45146416832,-29358.63444767132
2303.0,8272.0,120.0,582.0,3164,4276,4204,5858,10369.0,14435.0,694.0,839.0,303.9,0,-151830.54791367543,-25953.086480395155
204331.0,257586.0,227618.0,359054.0,7775,7179,10128,9814,27635.0,24115.0,6406.0,6227.0,304.0,0,98597.7969006926,-167723.84148020676
73764.0,107102.0,31162.0,51194.0,544,242,383,176,72211.0,69704.0,43920.0,53710.0,304.0,0,-50627.62471994864,15631.19060805345
4234.0,14335.0,2023.0,5017.0,3334,4492,4262,6172,11035.0,15388.0,1576.0,3591.0,304.0,0,-148751.6927493911,-26040.49532411694
3856.0,9388.0,1050.0,2343.0,2302,2690,3254,3771,8221.0,9366.0,1047.0,1754.0,304.1,0,-151277.93731446972,-27702.58794088351
29889.0,47075.0,8865.0,12857.0,349,120,86,91,32710.0,30010.0,24103.0,20115.0,304.2,0,-113359.70105668876,-6201.809133538009
1520.0,9581.0,432.0,1803.0,216,143,163,73,3892.0,8356.0,1845.0,5043.0,304.2,0,-153911.441822926,-29042.805302069333
1236.0,4422.0,370.0,2406.0,128,54,128,21,31094.0,35885.0,2821.0,4809.0,304.2,0,-141477.00239466887,-11414.207363569309
922.0,4500.0,80.0,1409.0,56,0,90,0,3305.0,5627.0,3840.0,6536.0,304.2,-1,-153740.51823779856,-28076.60002868261
848038.0,760244.0,263290.0,313655.0,9818,7660,1110,748,3374840.0,2069960.0,1666450.0,1135740.0,304.2,3,2651168.24122642,2762223.044484652
11853.0,24312.0,738.0,3110.0,3017,3141,4530,4905,12970.0,13617.0,1456.0,2692.0,304.2,0,-145804.87200122225,-24699.13043472645
14521.0,22723.0,3115.0,4601.0,2237,1889,5575,5698,13932.0,15486.0,2560.0,5253.0,304.2,0,-141906.523451431,-24879.21345358965
291393.0,372200.0,30127.0,47830.0,928,910,7495,7213,167374.0,155154.0,170748.0,145061.0,304.2,0,139039.6259182731,130202.2164404881
44426.0,72917.0,4749.0,10203.0,80,235,459,182,45984.0,42797.0,40607.0,36583.0,304.2,0,-96093.38695383008,13399.647519345775
1698.0,10430.0,758.0,3819.0,651,1928,1229,3418,2442.0,6995.0,836.0,1981.0,304.2,0,-155024.0463068531,-31088.475731091432
3050.0,9385.0,1683.0,4747.0,2148,2997,3204,4538,7674.0,10113.0,279.0,493.0,304.2,0,-151860.64015039575,-28918.09914127633
88643.0,123579.0,15812.0,21311.0,0,58,36,125,94203.0,81988.0,84429.0,73095.0,304.3,0,-27822.86938211769,58314.90551679117
77898.0,113531.0,25544.0,39292.0,197,84,105,100,62316.0,55301.0,46006.0,43855.0,304.3,0,-57751.64147082341,11926.610467076298
62614.0,88038.0,9037.0,12212.0,109,88,415,234,60987.0,56368.0,45188.0,42703.0,304.3,0,-76456.37547305031,21915.863607362404
52641.0,67279.0,8776.0,12596.0,518,181,115,76,46377.0,43230.0,34140.0,30497.0,304.4,0,-92926.13893501082,6894.502249547335
188817.0,282786.0,19647.0,30872.0,629,571,11,182,193616.0,165905.0,74594.0,68514.0,304.4,0,56458.80903407186,107391.33215673176
1290.0,6324.0,1371.0,5190.0,2604,4439,3016,4891,3534.0,5817.0,0.0,547.0,304.4,0,-154758.59556455346,-31334.712561927718
7528.0,21677.0,1900.0,3257.0,4059,4439,5392,5775,15903.0,16638.0,3154.0,4383.0,304.4,0,-144607.6183384828,-22308.09520756119
8760.0,26443.0,1306.0,3558.0,2724,2919,3185,3723,8206.0,9441.0,1865.0,2412.0,304.5,0,-148713.7550478637,-27743.18013298526
3532.0,9971.0,914.0,2811.0,0,0,191,50,2899.0,5403.0,16465.0,26337.0,304.5,0,-145116.76126653797,-20551.75996577005
29509.0,50302.0,8330.0,15769.0,161,112,194,54,40774.0,41565.0,15617.0,26522.0,304.5,0,-112571.86790983632,-3274.618492605943
3090.0,10158.0,703.0,2457.0,151,41,194,80,3784.0,5682.0,1474.0,1563.0,304.5,0,-153706.76489867963,-30097.302625644603
1863.0,6796.0,0.0,0.0,85,12,196,119,2580.0,5975.0,15683.0,34975.0,304.5,0,-145772.2237347198,-19013.05600130137
553426.0,705633.0,63543.0,93916.0,1801,1561,503,171,850268.0,671541.0,350477.0,281766.0,304.5,3,660879.1147574575,621310.170281351
2831.0,8535.0,1308.0,4009.0,1114,1355,1559,1735,4339.0,5268.0,1082.0,1314.0,304.5,0,-153317.08001898238,-30311.412102243103
103908.0,165291.0,13589.0,20899.0,267,252,0,111,116905.0,103332.0,96907.0,83583.0,304.6,0,-6941.526639287884,79991.22552430996
64105.0,97850.0,18155.0,26652.0,716,677,99,77,72261.0,66612.0,47261.0,55056.0,304.6,0,-62139.8067961995,26073.78948126295
18577.0,32962.0,3000.0,5850.0,3292,3607,5377,5256,17222.0,15796.0,4305.0,5146.0,304.6,0,-138209.15117296897,-22276.73857034488
84296.0,124156.0,12338.0,18600.0,0,72,439,198,59024.0,52543.0,42822.0,46179.0,304.6,0,-66616.76408272957,16758.412935265234
1265.0,5584.0,384.0,1941.0,1037,2330,1227,3381,3180.0,8189.0,290.0,395.0,304.6,0,-155527.96566885922,-30842.876512191586
39877.0,64349.0,5517.0,10655.0,216,253,0,0,36812.0,35913.0,14691.0,29294.0,304.6,-1,-112055.87791966628,-4622.589237916334
4178.0,4620.0,1656.0,2583.0,4188,4123,4532,4997,12060.0,12495.0,3540.0,2206.0,304.6,0,-148013.90606494478,-24556.617514486505
1811.0,5885.0,987.0,3178.0,2854,2793,3405,3664,8853.0,9023.0,1892.0,2266.0,304.7,0,-151496.0254254416,-26693.91391655386
32663.0,51764.0,6272.0,9647.0,122,61,242,225,30103.0,29131.0,15860.0,25143.0,304.8,0,-117596.71833444422,-9053.759295066317
5001.0,13427.0,2286.0,4613.0,4402,4738,4900,5595,12375.0,13554.0,2005.0,2189.0,304.8,0,-147667.4973616765,-25452.59241031296
58569.0,87381.0,17290.0,27017.0,1,74,447,166,59770.0,53225.0,39175.0,35724.0,304.8,0,-76063.31971706935,12584.82096733333
2883.0,7932.0,1162.0,3178.0,3765,3855,5091,5561,11528.0,11844.0,2525.0,2308.0,304.9,0,-149487.1526381273,-24906.519591960667
161836.0,234449.0,27095.0,39929.0,885,297,695,207,165738.0,129851.0,61760.0,50173.0,304.9,0,30932.72593183763,78514.71761793594
24796.0,36996.0,1354.0,4109.0,239,261,0,83,29939.0,29105.0,12282.0,22292.0,304.9,0,-125969.28685907564,-7518.09654761893
58446.0,75498.0,11571.0,15618.0,230,166,141,118,52890.0,49067.0,44645.0,42443.0,304.9,0,-80296.93609180638,15205.918718893594
3442.0,12518.0,660.0,3523.0,1628,1912,2053,2488,6051.0,7648.0,874.0,1102.0,305.0,0,-152844.32659031154,-28982.38710701172
7040.0,13664.0,3790.0,6982.0,5082,5791,7728,7874,17759.0,18388.0,3378.0,3314.0,305.0,0,-142712.73114899275,-22362.3547041474
93926.0,145472.0,19170.0,31345.0,837,289,36,90,79512.0,72047.0,59621.0,54831.0,305.0,0,-41424.547436714696,33233.15279550386
4191.0,19452.0,1665.0,3611.0,2319,2680,3364,3956,9655.0,10997.0,1272.0,1981.0,305.1,0,-149957.67881525194,-27072.697920813065
114618.0,174704.0,7515.0,9928.0,0,50,257,122,220204.0,181256.0,55191.0,54828.0,305.1,0,20790.33823094581,126304.28766920132
3893.0,7664.0,981.0,2357.0,1804,2359,2155,2749,6622.0,8284.0,550.0,647.0,305.1,0,-152357.0803348438,-29061.07907117401
6140.0,13185.0,2358.0,3054.0,2485,2327,3367,3359,9471.0,10202.0,2763.0,2344.0,305.1,0,-148167.4200228473,-27067.0325442712
8505.0,19089.0,2178.0,4220.0,1082,1020,3336,3706,9823.0,10197.0,1556.0,2282.0,305.1,0,-147620.98568320405,-27400.44263167441
2829.0,13689.0,902.0,2730.0,1607,2052,2117,2840,5039.0,6690.0,544.0,1758.0,305.2,0,-153423.33807464116,-29767.37018122056
299073.0,428134.0,23853.0,33293.0,654,392,6210,5912,133373.0,121715.0,115771.0,92589.0,305.2,0,95602.5513139411,80651.58466147195
28367.0,50316.0,2662.0,5736.0,146,164,0,0,31300.0,31123.0,20105.0,24392.0,305.2,-1,-119845.49941143113,-4083.976079337463
41084.0,77353.0,5937.0,10196.0,331,196,196,153,44118.0,40691.0,35273.0,33389.0,305.3,0,-99854.6575742927,8939.539698250705
13659.0,27228.0,2159.0,3866.0,3707,3232,5181,5341,15727.0,15648.0,5495.0,3224.0,305.4,0,-141280.90192686248,-22184.33488588302
3403.0,10236.0,7664.0,14537.0,14,18,250,206,5972.0,7045.0,1932.0,2376.0,305.4,0,-147513.61231962146,-32781.64089926121
586.0,3675.0,2052.0,8534.0,61,0,117,0,2643.0,6040.0,594.0,1008.0,305.4,-1,-154711.24099919145,-31960.58200600413
2005040.0,1629280.0,4412230.0,3807620.0,8502,4671,2082,1104,882028.0,538880.0,433036.0,248658.0,305.4,2,4299043.303183747,-2153855.9472174807
287117.0,195846.0,227633.0,185577.0,3131,1282,651,289,2085450.0,734864.0,950219.0,367681.0,305.4,3,1454172.0147236343,1582016.3197536273
4234.0,16116.0,0.0,0.0,768,1328,1713,2478,4296.0,6916.0,679.0,738.0,305.4,0,-153887.26612924627,-29869.45337752894
11540.0,26793.0,3065.0,3721.0,5233,5126,7963,7892,18860.0,17793.0,3826.0,4376.0,305.4,0,-140574.05952602992,-21144.62889932758
9712.0,13139.0,741.0,3060.0,3742,3674,4742,4705,12146.0,11429.0,2610.0,2764.0,305.4,0,-146614.18194509638,-24587.211914186035
27779.0,50471.0,11356.0,17211.0,394,160,225,97,30956.0,28662.0,21983.0,21836.0,305.4,0,-113858.96239305616,-9350.696320148094
68149.0,92770.0,62509.0,90476.0,6406,4006,10359,5337,27193.0,12462.0,8090.0,4416.0,305.5,0,-71000.27809979244,-55075.13267616424
11309.0,24659.0,684.0,2080.0,8783,9834,10054,11528,19656.0,20420.0,2563.0,2614.0,305.5,0,-142632.19918540042,-19942.247478213947
103765.0,161978.0,18020.0,29402.0,183,271,0,0,70147.0,64672.0,46111.0,55515.0,305.5,-1,-47334.55764936413,21857.04275036064
98220.0,140465.0,24102.0,37800.0,0,217,191,139,84603.0,69990.0,79826.0,53794.0,305.5,0,-26641.154837807,41389.30444503702
16130.0,22661.0,3788.0,5546.0,2364,2555,3923,3761,10568.0,9853.0,706.0,1909.0,305.5,0,-143407.93119804087,-28851.946922509323
3248.0,10818.0,1627.0,4305.0,1384,2214,2253,3042,5875.0,8107.0,1152.0,1754.0,305.6,0,-152150.65439096245,-29466.20119469308
1453.0,4747.0,1426.0,3889.0,1611,1988,1996,2414,5093.0,6087.0,1090.0,2254.0,305.6,0,-153336.60464661167,-29664.37491902073
43483.0,58985.0,4715.0,8018.0,257,140,179,200,28796.0,26225.0,23085.0,20292.0,305.6,0,-112776.50321609071,-7352.931562823727
2602410.0,1491680.0,9919870.0,8217630.0,12973,5136,3068,1327,183201.0,119985.0,120043.0,67945.0,305.7,4,7893723.677838727,-6252731.152282124
15990.0,29301.0,2295.0,3372.0,4483,4931,6413,6925,17813.0,18658.0,2408.0,4014.0,305.7,0,-140328.1313648788,-22268.52921555041
1581520.0,1289130.0,5867350.0,6518500.0,43132,24480,54547,33808,175245.0,111907.0,77598.0,50093.0,305.7,2,4655719.414825713,-3667699.953310327
4969.0,7431.0,2150.0,2985.0,2030,1885,3087,3314,8971.0,8682.0,1164.0,1670.0,305.7,0,-149692.65525683368,-27955.875565648297
9233.0,17253.0,526.0,2949.0,3638,3962,4494,4815,10448.0,11097.0,0.0,2369.0,305.8,0,-148737.97300023973,-26653.766637279725
35887.0,54399.0,9087.0,15388.0,161,261,136,143,46685.0,46905.0,31718.0,32120.0,305.8,0,-100123.13120381882,7227.324821147133
6718.0,10796.0,2078.0,5173.0,2935,2573,2688,2818,7126.0,7116.0,1682.0,1690.0,305.8,0,-149662.66664227535,-28972.04547411623
38343.0,50594.0,5568.0,8570.0,0,0,182,102,31613.0,29394.0,27839.0,26431.0,305.8,0,-110492.86699114244,-2793.0585046487504
4062.0,7333.0,1021.0,2185.0,80,48,49,0,6944.0,9592.0,42538.0,38472.0,305.9,-1,-131848.33200444054,-5207.043671919695
1215.0,7014.0,681.0,3333.0,165,115,174,88,14926.0,29726.0,25894.0,39902.0,305.9,0,-135610.4747806209,-6517.217493221655
4674.0,7441.0,1162.0,2600.0,273,182,133,107,8323.0,5640.0,39987.0,20625.0,305.9,0,-134073.02151488254,-8399.373281633885
742304.0,520800.0,1837480.0,2139130.0,6051,3491,1684,881,3960540.0,2027920.0,2590900.0,1306940.0,305.9,3,4321794.065959537,2566477.4971724194
64154.0,98993.0,33386.0,51372.0,76,139,0,0,81286.0,75677.0,59446.0,56887.0,305.9,-1,-42823.51546695002,27636.712194253018
11130.0,12277.0,1689.0,2744.0,3328,3243,3741,4281,10948.0,10773.0,2741.0,1318.0,306.0,0,-146055.4490868812,-26211.14264618932
26618.0,48195.0,2442.0,3835.0,113,156,155,152,38956.0,40389.0,23404.0,30215.0,306.0,0,-115301.23172376509,3320.5174678087315
36131.0,58026.0,6347.0,12949.0,125,130,100,98,31235.0,29629.0,16481.0,25479.0,306.0,0,-115342.928126351,-8296.324542693194
2300.0,12578.0,602.0,1909.0,1196,2010,1640,2922,4553.0,7978.0,278.0,729.0,306.1,0,-154295.94646053118,-30129.47122541311
2366.0,14073.0,0.0,1079.0,577,1628,816,2316,1772.0,5462.0,0.0,111.0,306.1,0,-156121.4751082431,-31731.437640819957
7836.0,14196.0,774.0,2312.0,2477,2548,4236,4370,10258.0,9763.0,2880.0,2483.0,306.1,0,-148150.13236013078,-25611.686874256586
6065.0,15400.0,993.0,3827.0,1591,1754,3138,3486,8538.0,9302.0,1182.0,2840.0,306.1,0,-150084.4675685443,-27378.658849072363
2104.0,8303.0,195.0,1368.0,185,117,23,0,12699.0,14971.0,2779.0,4498.0,306.2,-1,-149591.9872384208,-23057.578832068702
4455.0,10540.0,600.0,2884.0,185,129,0,0,7289.0,8583.0,2590.0,2730.0,306.2,-1,-151081.4335938805,-27248.49143978203
2451.0,7833.0,355.0,1560.0,89,31,35,25,7826.0,17655.0,55328.0,76338.0,306.2,0,-123064.3361371032,7315.8003035814145
775527.0,961257.0,93160.0,136725.0,2144,1684,0,99,1293950.0,1026920.0,438223.0,364705.0,306.2,3,1015168.4363234616,918940.4371971132
47124.0,72258.0,3831.0,5904.0,491,249,119,61,54269.0,50514.0,45752.0,42828.0,306.2,0,-89199.11248465472,22199.032310648134
41290.0,58513.0,13438.0,20943.0,5431,5024,15786,14780,37176.0,35082.0,9547.0,9978.0,306.2,0,-110140.96620409834,-14691.604075756
34078.0,48061.0,2882.0,5510.0,152,95,36,97,33227.0,31408.0,21835.0,23758.0,306.3,0,-115920.05777252965,-2757.7953469074346
1032390.0,1319500.0,673853.0,901556.0,1513,1448,601,384,428068.0,337057.0,199379.0,170136.0,306.3,3,1018283.5431292396,-141251.34783866574
1869.0,7514.0,2336.0,6453.0,2426,3094,3261,3913,8175.0,9974.0,921.0,1697.0,306.4,0,-151277.7273085623,-28472.040873841903
27552.0,52483.0,8781.0,14307.0,254,148,0,40,29464.0,27369.0,22385.0,21178.0,306.4,0,-116338.14635390812,-8599.977250103053
2466.0,15061.0,949.0,3702.0,1586,2803,1912,3576,5258.0,9572.0,716.0,1213.0,306.4,0,-153446.49677833475,-29650.582961698463
5382.0,9603.0,1616.0,3717.0,1609,1544,2238,2245,6873.0,7058.0,1311.0,2270.0,306.4,0,-150710.05967187413,-28817.66188952837
19969.0,29647.0,3388.0,8210.0,1951,2208,4439,4660,15947.0,15069.0,6798.0,5625.0,306.4,0,-136969.58473070475,-22295.098935079488
2740.0,14990.0,635.0,2533.0,2219,3637,2471,3932,6060.0,9804.0,585.0,894.0,306.5,0,-153276.09920541782,-29069.535985504557
71987.0,106565.0,22507.0,34234.0,391,186,482,199,81721.0,76594.0,53086.0,58188.0,306.5,0,-49096.68169782865,31758.624770172213
3942.0,12854.0,1467.0,3292.0,1780,1909,3073,3282,8080.0,8507.0,1837.0,2558.0,306.5,0,-150626.5811709135,-27598.600719772898
9159.0,17367.0,1359.0,3769.0,6335,7159,7795,8750,17113.0,18303.0,2797.0,3658.0,306.6,0,-143983.02721824305,-21571.74879187342
50658.0,82081.0,4408.0,9067.0,98,82,32,108,46713.0,41742.0,31353.0,31575.0,306.7,0,-97496.53438944388,8981.913142844813
12629.0,15686.0,801.0,2373.0,2479,2924,4630,4480,10960.0,10375.0,3683.0,3070.0,306.7,0,-145481.1774287969,-25064.176929263
1800.0,8944.0,2731.0,9184.0,1094,1499,1494,2167,4509.0,6458.0,851.0,1203.0,306.8,0,-152779.37184104184,-31145.20612744304
29398.0,56469.0,5571.0,8934.0,314,317,0,1,32559.0,31802.0,14664.0,24712.0,306.8,0,-118806.38728441064,-7420.346654064695
2272180.0,1368800.0,7806200.0,6776720.0,12451,6667,4085,2132,2338050.0,1615280.0,1660520.0,1037030.0,306.8,2,7961247.758027579,-2739861.4616126614
42854.0,67820.0,2858.0,6112.0,201,156,19,39,56373.0,50819.0,39811.0,38684.0,306.9,0,-93388.04547419026,21259.80777510098
383.0,2101.0,2598.0,12692.0,180,159,137,22,3830.0,8590.0,3353.0,6505.0,306.9,0,-152168.10099438243,-29500.634712589228
3662830.0,1901490.0,11497300.0,7971920.0,21917,7730,6269,2152,3839680.0,2029320.0,2854970.0,1310800.0,306.9,4,12232102.05859936,-3653043.1921953615
10251.0,23834.0,2363.0,5206.0,5345,5738,7281,7920,16262.0,16920.0,776.0,2753.0,306.9,0,-144089.2065100804,-23804.76287505282
2743.0,17180.0,2658.0,12785.0,1294,3319,1827,4789,4938.0,12598.0,456.0,1397.0,306.9,0,-152370.60074991343,-31023.396048655424
2152.0,7743.0,2708.0,12103.0,2241,3819,3026,5255,7475.0,13495.0,969.0,2287.0,306.9,0,-151128.96359547248,-29052.15313824497
42905.0,69343.0,14606.0,22930.0,113,239,516,240,46990.0,45855.0,33413.0,29550.0,306.9,0,-92999.17937967484,3798.815697419621
3514.0,10997.0,774.0,1701.0,101,87,188,80,5002.0,4525.0,8660.0,6251.0,306.9,0,-149690.81242610526,-25631.657387811567
3694.0,8835.0,765.0,1928.0,118,118,0,100,3120.0,4260.0,22997.0,33368.0,306.9,0,-141754.66836997078,-16460.32909974804
573324.0,758277.0,332609.0,474023.0,521,692,234,222,340367.0,299248.0,164139.0,149547.0,306.9,0,539487.3942739562,29282.66525279239
7392.0,18495.0,4466.0,7683.0,112,105,95,59,18419.0,20511.0,3142.0,7085.0,307.0,0,-141435.5927519234,-21900.09534094517
2285.0,6701.0,2605.0,7592.0,2588,3265,3613,4715,7171.0,9581.0,924.0,1236.0,307.1,0,-151430.56021259722,-29374.79593411563
4485.0,16916.0,1275.0,3691.0,2631,3574,3558,4675,7313.0,9218.0,539.0,2056.0,307.1,0,-151422.51287256062,-28623.083695514044
9801.0,21467.0,3010.0,5359.0,3078,3075,5039,5134,13914.0,14480.0,2376.0,3859.0,307.2,0,-144162.8991164119,-24820.854263036017
4337.0,10369.0,710.0,2443.0,2437,2724,3099,3745,6928.0,8145.0,290.0,974.0,307.4,0,-152276.47677833666,-28781.224324077863
38289.0,63153.0,1268.0,3263.0,541,289,229,201,41415.0,40891.0,21384.0,27221.0,307.4,0,-111346.62706788702,3525.616803589921
78161.0,112709.0,12178.0,22834.0,620,341,283,125,61026.0,55477.0,50906.0,41894.0,307.5,0,-65893.94642988038,21226.862425443825
7977.0,19990.0,2375.0,5221.0,2600,2576,3402,3854,9573.0,10612.0,2817.0,3488.0,307.5,0,-147192.63581530482,-26926.3524844292
6345.0,14770.0,2837.0,5689.0,2799,3286,4690,5144,11945.0,13849.0,576.0,2314.0,307.5,0,-147445.88847193465,-26736.433158083106
49913.0,73025.0,9830.0,17081.0,37,168,278,156,49412.0,42827.0,42711.0,38611.0,307.6,0,-87759.76483416406,13228.428952359283
1308.0,7018.0,784.0,2996.0,521,997,1170,2804,2840.0,6608.0,1080.0,2052.0,307.7,0,-154887.72508446776,-30714.059365328023
1807.0,8886.0,334.0,1472.0,716,1085,1480,2968,3766.0,7195.0,395.0,512.0,307.7,0,-155023.2246569656,-30412.4811719812
9127.0,14475.0,3597.0,4747.0,4405,4082,5654,5611,15315.0,14446.0,1903.0,2936.0,307.7,0,-143689.38125813362,-24606.037433777787
75173.0,119644.0,6737.0,13250.0,177,156,387,158,76498.0,72544.0,46074.0,56399.0,307.7,0,-63851.30740646717,34920.66037940483
8396.0,13874.0,2157.0,4461.0,5618,6167,7927,8454,21023.0,21140.0,3542.0,4437.0,307.7,0,-141609.7869089217,-19112.413073344447
23583.0,32719.0,6773.0,9419.0,125,69,20,105,31640.0,28217.0,26942.0,23564.0,307.7,0,-116386.25291914814,-3410.31146869397
26613.0,41411.0,7487.0,10727.0,390,363,54,111,30717.0,29203.0,35227.0,25252.0,307.7,0,-111796.97192703917,-891.9179213250427
5838.0,21293.0,1175.0,3358.0,2144,2304,3147,3880,7832.0,8967.0,1635.0,3027.0,307.7,0,-150177.96374050513,-27704.919788868912
7613.0,18090.0,2133.0,4942.0,2340,2572,2957,3476,10053.0,11459.0,484.0,1649.0,307.7,0,-148386.91597063534,-27722.17593832217
6493.0,11368.0,2262.0,4249.0,3259,3642,4494,5140,11068.0,11777.0,2202.0,3226.0,307.8,0,-147461.63763508157,-26111.77711432697
21606.0,34177.0,3103.0,4851.0,5206,5187,7353,7001,19508.0,18219.0,3447.0,5633.0,307.8,0,-136115.34925745707,-21371.65229891037
47195.0,64480.0,8572.0,12575.0,252,262,292,86,55809.0,48514.0,41120.0,31770.0,307.8,0,-88308.70599400395,16473.92759179349
7143.0,11430.0,1127.0,2179.0,1360,1531,2058,2042,6730.0,6693.0,881.0,1742.0,307.9,0,-150617.24338248745,-28980.893029767216
6544.0,20609.0,655.0,1746.0,3153,3655,4987,5841,12112.0,13250.0,139.0,2880.0,307.9,0,-148884.52724576468,-25365.974509030064
150709.0,215924.0,19397.0,27206.0,278,252,0,22,160742.0,125049.0,61582.0,59656.0,308.0,0,19937.956048880587,82358.07706357438
19286.0,34595.0,4358.0,5180.0,6922,6899,10672,10569,26842.0,26717.0,2766.0,6099.0,308.1,0,-133076.87597483286,-17576.20456583157
10217.0,22005.0,3690.0,6292.0,2304,2602,3367,3489,10091.0,10300.0,2354.0,3435.0,308.1,0,-145311.96223591478,-27772.612343714027
8078.0,16308.0,3129.0,5565.0,1973,2095,4628,4787,12935.0,12458.0,3584.0,3927.0,308.2,0,-144776.2680165852,-24884.836978544776
6255.0,11864.0,1496.0,3634.0,1921,2040,2866,3010,7681.0,7670.0,405.0,1247.0,308.2,0,-150533.2811032284,-28831.284830287164
6722.0,15940.0,3149.0,6357.0,2670,2819,4198,4687,12131.0,12488.0,2097.0,3409.0,308.2,0,-146293.4219780041,-26026.323606544986
42938.0,60209.0,5242.0,8745.0,71,131,400,221,41971.0,38613.0,35896.0,35847.0,308.2,0,-100003.1067344848,8554.492109725845
17914.0,33749.0,1453.0,4161.0,251,94,0,0,17499.0,16310.0,11449.0,13397.0,308.2,-1,-135763.4806376791,-16771.07044685351
43418.0,69026.0,5791.0,12096.0,278,167,16,7,55463.0,49617.0,37080.0,42730.0,308.2,0,-92038.3605916796,18309.67891048535
35971.0,56194.0,12139.0,20874.0,328,279,254,109,38113.0,37572.0,26410.0,30684.0,308.3,0,-103985.34689914327,-2571.7397276376905
2761.0,8700.0,2391.0,5847.0,2971,3640,3577,4443,8317.0,10006.0,789.0,2160.0,308.3,0,-150799.0327344881,-28455.550816273928
57961.0,82313.0,23192.0,37122.0,559,295,141,98,67836.0,66743.0,54461.0,49889.0,308.3,0,-61168.3590807342,22704.988603924005
6960.0,12561.0,1829.0,3187.0,3992,4188,5260,5519,13245.0,14061.0,1336.0,2728.0,308.3,0,-146967.88725351612,-24935.90550627603
3220.0,8797.0,1568.0,4165.0,1176,1934,1880,3009,6244.0,9632.0,2286.0,2291.0,308.4,0,-151551.09793476993,-28632.7276089466
57148.0,87499.0,8454.0,13721.0,145,91,51,43,50215.0,45585.0,43873.0,36465.0,308.4,0,-85227.476779885,14272.404149539372
1011.0,6568.0,190.0,1320.0,541,1587,765,2285,1836.0,5550.0,115.0,188.0,308.5,0,-156464.28685831348,-31661.68131577825
6522.0,16347.0,1987.0,5771.0,3878,4241,4571,5143,10264.0,10861.0,766.0,1288.0,308.5,0,-148775.46123459918,-27363.279693778397
47585.0,75229.0,6253.0,9344.0,231,170,447,198,30829.0,27751.0,27872.0,23824.0,308.5,0,-106904.86397147056,-4723.547019018908
14425.0,25277.0,3980.0,5993.0,4876,4899,6140,5910,16302.0,15576.0,1325.0,2668.0,308.5,0,-141055.80897574534,-24851.52349434608
239123.0,334709.0,37937.0,56163.0,882,411,278,92,151658.0,128353.0,108946.0,97876.0,308.5,0,87163.48070946368,85236.78883699764
65208.0,105515.0,43011.0,70890.0,880,342,408,195,59564.0,53073.0,52813.0,43912.0,308.5,0,-49605.63813371061,2910.4700907816696
24001.0,42560.0,908.0,1779.0,436,278,294,165,28398.0,27280.0,14030.0,23247.0,308.6,0,-126530.98895553184,-7273.498079782305
18161.0,29177.0,3657.0,6966.0,1752,1945,5275,5347,12711.0,13343.0,3326.0,4513.0,308.6,0,-140404.3108691422,-26025.707035196054
42970.0,80001.0,10098.0,15125.0,411,247,275,136,36580.0,34837.0,25896.0,30197.0,308.6,0,-103470.70116850428,-3008.317611836166
4366.0,11115.0,1582.0,4230.0,1976,2422,2357,2797,5693.0,6773.0,317.0,957.0,308.6,0,-152213.33454147904,-30104.213155283414
50057.0,72490.0,23975.0,38414.0,578,454,0,115,54443.0,50029.0,44718.0,37801.0,308.7,0,-75025.38388464123,8230.428208615147
191930.0,286092.0,22907.0,35160.0,115,183,308,146,223861.0,193560.0,93129.0,78566.0,308.7,0,81729.51693940311,133657.27643351327
19238.0,35075.0,9392.0,15798.0,148,192,257,133,21707.0,22276.0,9731.0,17850.0,308.7,0,-127908.28410499926,-19190.92296025548
3645.0,9326.0,2307.0,5465.0,2027,2305,2590,2924,6570.0,7408.0,0.0,1278.0,308.8,0,-151688.58658985357,-30039.01289873861
8049.0,15616.0,19002.0,35001.0,2059,2174,4518,4824,11685.0,12053.0,3478.0,4578.0,308.8,0,-134347.02822226455,-35579.189493156904
29502.0,60035.0,7798.0,13468.0,200,152,0,26,38104.0,34324.0,17221.0,25515.0,308.8,0,-113681.2441067574,-4117.404866857494
11135.0,15185.0,3294.0,6013.0,3363,3581,4003,4429,11100.0,11819.0,2982.0,2284.0,308.8,0,-144665.10580202355,-26866.28016585375
35653.0,57008.0,4564.0,6851.0,7523,7622,9970,9997,30847.0,30474.0,7511.0,6291.0,308.8,0,-122650.64440408956,-14217.254085395314
5304.0,12407.0,1531.0,4370.0,4080,5078,5260,6605,13788.0,15735.0,2256.0,4273.0,308.8,0,-147072.1124971444,-23663.95379644624
112484.0,177981.0,201078.0,312952.0,4903,4532,10609,10491,29971.0,28785.0,14225.0,10950.0,308.8,0,47186.59140847044,-139572.92506029515
59455.0,98177.0,28482.0,44848.0,130,190,695,281,63236.0,55145.0,36863.0,41221.0,308.8,0,-66567.1542739606,7604.600285875644
122435.0,190948.0,23022.0,35134.0,366,416,81,112,72878.0,62931.0,74375.0,53705.0,308.8,0,-24778.5777625982,30778.125623028125
22537.0,44502.0,2458.0,4576.0,13241,13572,18769,18931,35537.0,33324.0,3599.0,6520.0,308.9,0,-128752.7753671342,-10665.959068948108
12757.0,14771.0,3237.0,3089.0,3007,3105,5053,4722,10920.0,11239.0,2415.0,2109.0,308.9,0,-144352.21697740513,-27312.909945096933
17154.0,30981.0,1692.0,3253.0,5616,5033,7900,7538,23418.0,22858.0,5471.0,5589.0,309.0,0,-136407.2192435625,-16881.085537639767
3456.0,16732.0,1151.0,3635.0,967,1565,1359,2161,4284.0,6841.0,428.0,1269.0,309.0,0,-153441.9702651157,-30570.22763921757
3379.0,8596.0,1622.0,3642.0,1154,1171,1914,1998,4907.0,5565.0,497.0,1116.0,309.0,0,-152860.13337710453,-30461.46270341502
210219.0,296344.0,35148.0,54329.0,237,576,446,171,74304.0,66856.0,56780.0,50025.0,309.0,0,13229.132114550768,10389.355421907165
4760.0,12201.0,1577.0,3899.0,2746,3239,3842,4277,9233.0,10801.0,539.0,2119.0,309.1,0,-150227.1950387051,-27605.896129795376
19210.0,34669.0,4564.0,9773.0,5766,6337,8077,8095,23407.0,24026.0,6131.0,7281.0,309.1,0,-133128.96980023058,-18276.00644723949
2340.0,9204.0,2217.0,4648.0,1595,1631,2337,2612,4871.0,4925.0,553.0,1578.0,309.1,0,-152810.39988472202,-30691.989005510808
400774.0,533068.0,35093.0,50992.0,844,644,181,153,313110.0,265049.0,191347.0,157757.0,309.1,0,262159.8512497473,222785.47772241995
10806.0,21579.0,3082.0,4922.0,792,1007,2697,2397,6585.0,7085.0,754.0,2515.0,309.2,0,-147782.14925606083,-30465.255935382116
6631070.0,2385080.0,12006300.0,4436600.0,33922,8455,9530,2345,2964000.0,4615000.0,16199800.0,3214780.0,309.3,1,18569858.2829116,1185912.6273091417
7126.0,13632.0,1232.0,2698.0,1154,909,2819,2991,7572.0,7764.0,2085.0,3488.0,309.3,0,-149506.6694619392,-27725.93175095053
2437.0,12656.0,973.0,4204.0,1640,3033,1953,3666,5440.0,10088.0,436.0,2209.0,309.3,0,-153337.06552551285,-29506.28329139281
3608.0,8050.0,933.0,2533.0,1795,1770,2440,2611,6724.0,6799.0,1351.0,1160.0,309.3,0,-152100.19374921636,-28528.811544102064
41687.0,69741.0,6158.0,10522.0,535,344,0,119,37929.0,33527.0,17200.0,25052.0,309.3,0,-109968.19256920148,-4073.678702090103
18207.0,24999.0,3077.0,4231.0,3264,3180,4384,4440,14968.0,13693.0,3575.0,3405.0,309.3,0,-139814.33733886533,-24314.251059907903
93116.0,123712.0,17433.0,26994.0,569,321,515,222,91744.0,82182.0,65784.0,66888.0,309.4,0,-33643.5137426366,46632.74603631965
3712.0,18511.0,554.0,2259.0,3074,4696,3836,5754,8906.0,13191.0,224.0,1402.0,309.4,0,-151716.35808682008,-27349.81306279213
7546.0,24038.0,992.0,2588.0,5450,6284,7230,8346,18928.0,21132.0,962.0,1440.0,309.5,0,-145038.92872450617,-21215.44785301553
13498.0,24155.0,1508.0,1845.0,3639,3224,5474,5270,15058.0,13650.0,1999.0,4004.0,309.5,0,-143289.41622544485,-23529.144941067832
6124.0,15918.0,2011.0,3776.0,2403,2630,2879,3320,9726.0,11107.0,1135.0,2387.0,309.6,0,-148894.81631267746,-27364.20858841212
25651.0,38333.0,6298.0,9807.0,6984,6697,9790,10049,28184.0,26856.0,5811.0,4978.0,309.6,0,-127544.44140400256,-17263.686269770915
38836.0,54902.0,9066.0,13590.0,171,126,409,153,35229.0,33668.0,25920.0,22742.0,309.6,0,-107418.83305527568,-4131.789943713546
716256.0,898742.0,145409.0,205216.0,1728,1224,12604,11696,92842.0,77975.0,35583.0,32593.0,309.6,0,294954.41236608545,-91664.66615597192
12170.0,16850.0,4566.0,6432.0,3264,3418,4160,4245,12066.0,12113.0,3967.0,3384.0,309.7,0,-142424.88276367803,-26531.057370759438
40702.0,66185.0,7269.0,11244.0,118,171,112,44,51523.0,48239.0,33562.0,33429.0,309.7,0,-96379.9081922175,12098.579194906912
1690.0,9981.0,885.0,4040.0,1260,2416,1586,2960,4010.0,7721.0,310.0,1223.0,309.7,0,-154520.813018593,-30518.307667574336
10577.0,20078.0,2178.0,3696.0,3192,3176,4818,4811,11787.0,12433.0,2158.0,2274.0,309.7,0,-145659.30061204423,-26040.255268778616
9554.0,16166.0,2070.0,4527.0,4856,4735,6494,6463,18430.0,17151.0,3166.0,4542.0,309.8,0,-142493.62490193333,-20916.22546639097
205059.0,292240.0,54685.0,86982.0,741,310,291,105,204446.0,179236.0,88979.0,71993.0,309.8,0,97937.76598114836,97780.36612122491
138170.0,200154.0,8139.0,12047.0,252,210,76,90,118323.0,103382.0,51430.0,51398.0,309.9,0,-16884.678798245062,57835.5189154816
1180.0,7240.0,1568.0,7870.0,1049,1722,1568,2797,4024.0,7703.0,360.0,724.0,309.9,0,-154296.78793193446,-30964.086693714195
36210.0,67558.0,13008.0,18956.0,104,128,225,137,40715.0,36843.0,32442.0,28828.0,309.9,0,-100123.284029535,745.634912744692
9308.0,14633.0,1884.0,2962.0,4373,4301,6713,6581,18282.0,17926.0,5103.0,3870.0,310.0,0,-142160.40465469594,-20171.183070013794
87380.0,123243.0,11778.0,20102.0,488,237,0,60,74743.0,70396.0,58560.0,58296.0,310.0,0,-51314.501781371626,35395.24428212184
30806.0,50174.0,6246.0,10980.0,562,242,338,101,36580.0,33402.0,26296.0,23184.0,310.1,0,-111850.22534428709,-757.0519694902869
16253.0,24860.0,4414.0,8369.0,7409,7873,10119,9972,25035.0,24724.0,3517.0,4545.0,310.2,0,-135013.69926774886,-18492.793235698075
78408.0,118716.0,15097.0,22827.0,0,129,275,99,69817.0,66599.0,38096.0,51319.0,310.2,0,-63351.91601470309,21074.527322068858
9087.0,19772.0,3857.0,6535.0,6784,7711,8787,9712,22121.0,25398.0,1743.0,4619.0,310.2,0,-140295.06111014183,-20254.993254984227
30433.0,45492.0,7775.0,12745.0,693,301,380,123,35880.0,34077.0,28915.0,23885.0,310.2,0,-110207.20973473928,-923.9298767294748
9449.0,25279.0,896.0,3284.0,2252,2339,3421,3593,10375.0,10776.0,1243.0,1830.0,310.3,0,-148040.7514657181,-26512.56536714282
5141.0,11646.0,806.0,2494.0,3931,4398,4979,5818,14037.0,17149.0,1398.0,1469.0,310.3,0,-148198.89243653923,-23851.31437892368
13059.0,30072.0,2082.0,4324.0,3129,2936,4998,5085,13987.0,14521.0,3302.0,2662.0,310.3,0,-143246.06979448837,-24207.490505240585
3708.0,7463.0,2202.0,4447.0,2177,2266,2916,2972,8788.0,8749.0,2154.0,2483.0,310.3,0,-149787.45292109912,-27476.93062222682
14517.0,22427.0,1551.0,3642.0,2652,2892,3545,3619,9788.0,9378.0,2183.0,3242.0,310.3,0,-145251.2528791857,-27003.30594526611
4311.0,12664.0,1613.0,4072.0,2012,2659,2683,3524,7162.0,9860.0,767.0,1485.0,310.4,0,-151318.9220923644,-28916.98026719553
36963.0,59272.0,5117.0,9163.0,59,107,349,122,36990.0,33563.0,26150.0,29191.0,310.4,0,-109219.64895774022,714.1208924284183
2710.0,15482.0,690.0,2342.0,3071,5127,3702,6085,8283.0,13720.0,235.0,1616.0,310.4,0,-152282.71456000287,-27725.347323580216
26543.0,51451.0,11071.0,19785.0,164,115,32,77,32585.0,32354.0,26668.0,25769.0,310.5,0,-111602.38967264631,-5464.6852455361695
43923.0,70625.0,6739.0,11632.0,506,258,33,31,54177.0,49980.0,29547.0,36021.0,310.5,0,-95383.83402012454,12630.833679758787
12026.0,25936.0,2943.0,6640.0,3512,3837,4875,5309,14688.0,16322.0,1409.0,2523.0,310.6,0,-143473.9609931645,-25054.929280269906
43150.0,79498.0,7872.0,13516.0,152,193,422,221,37263.0,34017.0,27673.0,25521.0,310.7,0,-104561.70559731797,-1194.852623493029
153157.0,225918.0,10383.0,16057.0,403,361,346,303,134614.0,114074.0,48640.0,50632.0,310.8,0,-2979.042273010098,64460.05168146909
3832.0,9096.0,0.0,850.0,176,109,223,163,7959.0,7088.0,1774.0,1996.0,310.8,0,-151840.6889014499,-26868.97463855993
1809.0,7170.0,0.0,213.0,171,103,209,133,3876.0,5936.0,320.0,1185.0,310.8,0,-155148.9325856949,-30059.387465985747
490839.0,632390.0,69345.0,101584.0,337,685,280,161,698231.0,571379.0,238305.0,215261.0,310.8,3,520910.8052512902,467864.8656825488
3878.0,8611.0,1045.0,2869.0,1843,1955,2313,2554,6500.0,7813.0,0.0,991.0,310.9,0,-152533.25186822645,-29352.65452772421
19605.0,26193.0,5257.0,7361.0,2941,2970,5214,5065,15018.0,13032.0,4205.0,3690.0,310.9,0,-137445.0138836353,-25429.81930941101
1104.0,5204.0,195.0,1402.0,143,65,212,118,5021.0,6490.0,1467.0,2233.0,310.9,0,-154231.13981934809,-28762.53314847362
527049.0,658173.0,27392.0,39658.0,1854,1291,440,210,546508.0,408805.0,240365.0,183287.0,310.9,3,435092.2173125524,391651.88144047256
23457.0,40508.0,3505.0,6262.0,322,218,159,102,28169.0,26988.0,9103.0,20308.0,310.9,0,-127253.65702292197,-11552.69307471332
111911.0,170774.0,7362.0,11186.0,433,252,342,216,90963.0,74290.0,32957.0,33502.0,310.9,0,-49587.0484367342,32107.7552399307
41849.0,52049.0,6900.0,8575.0,0,93,0,85,30258.0,28139.0,23066.0,20246.0,311.0,0,-111291.28506978435,-7709.722929086231
4639.0,11490.0,1498.0,2693.0,2129,2855,3216,4035,8083.0,10212.0,2661.0,2793.0,311.0,0,-149983.63591982334,-27277.95241058464
82875.0,131326.0,19814.0,31401.0,224,251,0,23,90322.0,81277.0,74734.0,67865.0,311.0,0,-33409.204031900634,48815.62161946412
4158.0,17951.0,1642.0,3448.0,1788,2469,2050,2950,6250.0,9183.0,2061.0,1781.0,311.0,0,-151259.04977343092,-28912.727669666197
1937.0,5671.0,696.0,2739.0,879,2034,1031,2521,3027.0,8181.0,0.0,213.0,311.0,0,-155236.90682590727,-31330.39466782566
6156.0,14744.0,2207.0,4794.0,3286,3273,3711,3806,9721.0,9260.0,1602.0,2219.0,311.1,0,-148594.46747597575,-27322.284629735128
1057.0,4676.0,5056.0,14913.0,257,216,146,65,4627.0,7271.0,2430.0,3405.0,311.1,0,-150567.49059597636,-31468.56589213215
2895540.0,1733540.0,5985180.0,3548180.0,11076,4075,2440,1009,1146060.0,718630.0,726696.0,416843.0,311.1,2,5998616.334258091,-2882119.958450204
398759.0,574207.0,437223.0,643772.0,584,553,80,139,92188.0,78656.0,45452.0,35030.0,311.3,0,370089.0343867318,-250151.45248645495
20582.0,27670.0,7104.0,12669.0,19728,19494,19392,19192,41563.0,37952.0,5631.0,5352.0,311.3,0,-123010.68276214977,-8984.56547095002
2703.0,6340.0,3261.0,8400.0,1389,1313,1813,1894,5508.0,5843.0,439.0,1124.0,311.3,0,-151754.17171390564,-31090.040166983243
498724.0,634725.0,374280.0,486744.0,1622,765,876,261,235776.0,198439.0,137475.0,124579.0,311.3,0,477570.8213547684,-73357.06370698275
1694.0,9900.0,248.0,1376.0,1395,3052,1501,3755,3547.0,8383.0,311.0,486.0,311.4,0,-155260.3536878689,-30529.561801136108
1866.0,6849.0,518.0,2568.0,789,1875,661,1994,1682.0,5347.0,358.0,386.0,311.4,0,-155841.94534374148,-31887.26337475397
36205.0,58738.0,11689.0,19645.0,94,81,389,166,36040.0,34003.0,31306.0,26734.0,311.4,0,-103827.4068449216,-2194.1656756003795
8857.0,15743.0,2365.0,3849.0,2634,2648,3092,3045,8035.0,7006.0,3910.0,3259.0,311.5,0,-147158.4034019811,-27528.599747923443
49890.0,91967.0,10246.0,17631.0,613,416,0,31,58364.0,53711.0,40942.0,42230.0,311.6,0,-83640.81498817289,18466.279140651928
11457.0,24280.0,3530.0,5651.0,5167,5026,6133,6476,18027.0,19340.0,3584.0,4644.0,311.6,0,-140720.3625954419,-22020.69687512365
2879.0,9510.0,1359.0,4881.0,506,1209,1085,2414,3259.0,6465.0,1366.0,1513.0,311.6,0,-153621.09553357883,-30878.917169403485
2747.0,14845.0,890.0,5525.0,1085,1792,1554,2921,3899.0,7444.0,317.0,349.0,311.6,0,-154242.82014257036,-30797.576521847863
2116.0,12273.0,494.0,2746.0,732,1915,976,2433,2185.0,6253.0,1343.0,2256.0,311.6,0,-154929.32184720787,-30856.18712566812
6925.0,10503.0,0.0,2618.0,1111,2160,1799,3063,3553.0,7275.0,0.0,425.0,311.6,0,-153409.46383489997,-30849.34673499348
6179.0,10019.0,2202.0,3554.0,2220,2344,3531,3647,10486.0,10289.0,2284.0,3366.0,311.6,0,-147849.6289653316,-26366.2177527122
35376.0,58380.0,4336.0,7311.0,2646,2628,8181,8227,22111.0,21285.0,6091.0,6572.0,311.6,0,-127361.62284209707,-20130.531503866667
40002.0,64313.0,4694.0,8982.0,263,246,0,0,35195.0,32460.0,28486.0,26836.0,311.6,-1,-108521.15290832956,257.28464997552874
18247.0,17634.0,2046.0,3415.0,3858,3520,5155,4892,13167.0,11810.0,3859.0,4441.0,311.7,0,-141083.84986277082,-24521.530679684285
1632.0,6255.0,0.0,65.0,0,0,220,185,6962.0,8630.0,1632.0,2319.0,311.7,0,-153203.0880535576,-27363.988786378035
857.0,4945.0,317.0,3737.0,125,0,234,169,3220.0,10256.0,21607.0,42052.0,311.7,0,-142596.20462234443,-15120.48934199139
701749.0,911848.0,31816.0,41933.0,1961,1823,730,433,914540.0,722269.0,252042.0,222449.0,311.7,3,684864.0565298971,621405.2890234796
11541.0,20845.0,4226.0,8314.0,4562,4863,7031,7290,19317.0,20892.0,4115.0,3752.0,311.7,0,-139540.73742480608,-21565.178532969017
12258.0,17085.0,957.0,2396.0,3973,4190,5442,5365,14109.0,13374.0,3457.0,2626.0,311.7,0,-144240.88144560112,-23312.391081006448
12230.0,14499.0,605.0,3757.0,2441,2381,3875,3993,10205.0,10089.0,2674.0,2382.0,311.8,0,-146580.62864997116,-25928.122144748653
4527.0,12450.0,2262.0,4490.0,1893,2251,2838,3292,7440.0,7836.0,1719.0,2707.0,311.8,0,-150151.29556444118,-28566.6578103047
50416.0,72415.0,10637.0,14264.0,324,312,0,159,35895.0,32546.0,34734.0,25459.0,311.8,0,-97695.56594877988,-1316.2404482773236
6258.0,23382.0,1816.0,3879.0,2778,4151,2998,4471,10809.0,13340.0,3306.0,4040.0,311.9,0,-147475.3142508775,-25389.52494463705
7426.0,12055.0,3875.0,4508.0,3098,3102,4213,4080,10479.0,11104.0,1897.0,2592.0,311.9,0,-146424.57711510648,-27787.771923250017
1945.0,7091.0,1237.0,3799.0,1737,2239,1966,2617,5423.0,7512.0,101.0,646.0,311.9,0,-153684.7843429355,-30042.26649829341
688.0,4660.0,544.0,3329.0,828,2323,1321,3616,2886.0,8505.0,570.0,1076.0,311.9,0,-155597.27973846177,-30864.53916829865
3264.0,10707.0,806.0,2289.0,1004,1459,2135,2666,5059.0,6810.0,839.0,1889.0,311.9,0,-153178.38570887252,-29577.358225414773
29792.0,44837.0,14757.0,25189.0,206,222,146,93,25586.0,24907.0,19245.0,17698.0,312.0,0,-114640.6763553425,-16825.100546095404
8829.0,13043.0,3707.0,4922.0,2829,2646,4038,3867,11460.0,11640.0,4384.0,4557.0,312.0,0,-144358.50879417718,-25794.484172266843
4527.0,10033.0,1828.0,3732.0,1499,1268,3276,3515,9363.0,9964.0,1254.0,4172.0,312.0,0,-149570.91619291037,-27036.92999337173
4802.0,8882.0,1864.0,5357.0,2127,2312,2538,2665,7538.0,8131.0,497.0,1074.0,312.0,0,-150926.50431292062,-29048.43376818728
45888.0,59875.0,7925.0,13018.0,0,155,0,19,40017.0,36264.0,29740.0,26040.0,312.1,0,-101334.76292329206,1284.9716183692765
3816.0,8397.0,1695.0,3178.0,1967,2066,2389,2738,7826.0,8341.0,1302.0,2540.0,312.1,0,-150835.3933664069,-28123.320345642573
965.0,5812.0,818.0,3320.0,488,1279,481,1465,1498.0,4652.0,466.0,701.0,312.1,0,-156007.94473455346,-32037.699709731714
4090.0,14991.0,896.0,3414.0,2494,3813,3346,4936,9079.0,13022.0,896.0,2528.0,312.1,0,-150859.03982743988,-27017.70132094176
1197.0,6983.0,957.0,4013.0,2060,4055,2610,4913,6462.0,12372.0,42.0,163.0,312.2,0,-153797.3298935022,-29261.941015680764
8372.0,14634.0,985.0,2687.0,1128,1270,2003,2258,5804.0,6043.0,583.0,567.0,312.2,0,-150888.4927296244,-29870.647438181728
5048.0,11441.0,1316.0,4014.0,2739,2685,3693,3885,10905.0,11943.0,1898.0,3551.0,312.2,0,-148853.4570910148,-25603.868775564177
33843.0,52512.0,14863.0,21979.0,823,400,617,242,29941.0,27398.0,24353.0,20962.0,312.2,0,-108645.71959481716,-11733.5806654144
2549.0,7139.0,1155.0,2645.0,1828,2106,2287,2612,5875.0,6833.0,199.0,1323.0,312.2,0,-153167.97814440684,-29593.788923344266
9772.0,17818.0,1836.0,4304.0,3126,3007,4254,4578,13464.0,14721.0,1498.0,2535.0,312.3,0,-145680.56663102077,-24949.22820436282
75057.0,102864.0,11317.0,19910.0,336,238,39,117,81617.0,72589.0,73243.0,61563.0,312.3,0,-47749.19838710719,47517.35455333769
19160.0,30438.0,1630.0,3221.0,5057,5371,6955,6850,18582.0,17607.0,4627.0,3822.0,312.3,0,-138345.88143961207,-20669.72209001032
100541.0,150827.0,13761.0,20061.0,231,211,816,300,82742.0,74585.0,60179.0,54196.0,312.3,0,-40869.42551207655,38376.06279287406
174305.0,269362.0,122627.0,168472.0,6957,6814,9823,9310,32752.0,29171.0,14349.0,12349.0,312.3,0,19807.23674133496,-92305.2476291932
30223.0,63322.0,4581.0,8297.0,331,188,244,81,38309.0,37181.0,15809.0,28299.0,312.3,0,-115683.86832998296,-2160.1256789410872
21642.0,33428.0,2008.0,3582.0,2968,3324,5092,4983,15954.0,13981.0,6140.0,3962.0,312.3,0,-137684.14505179567,-22075.29250809468
50205.0,68710.0,13078.0,20636.0,497,254,0,65,57269.0,52770.0,35490.0,37597.0,312.3,0,-84647.45410253176,12944.33263973882
6194.0,7750.0,1714.0,2899.0,1218,1246,2331,2121,6370.0,6427.0,2487.0,2406.0,312.4,0,-150086.1932917746,-28734.16058018076
5964.0,14631.0,878.0,2435.0,3312,3779,3880,4420,10449.0,10942.0,0.0,701.0,312.4,0,-150045.41282180243,-26930.565344602885
41500.0,63983.0,17263.0,24317.0,336,191,67,46,40296.0,36769.0,32805.0,25805.0,312.5,0,-95455.11239587184,-2867.900366276393
2346.0,5152.0,0.0,917.0,393,383,0,0,9917.0,8652.0,1099.0,1555.0,312.5,-1,-151872.33803754914,-25888.06560660887
2607.0,4219.0,310.0,1623.0,270,128,237,157,5166.0,5421.0,2231.0,1469.0,312.5,0,-153285.11207459198,-28642.813029795005
1258.0,6901.0,518.0,2805.0,204,172,155,27,2754.0,8992.0,28568.0,62416.0,312.5,0,-137361.24253389562,-9378.617249374169
505617.0,624547.0,39441.0,53170.0,2071,1466,371,169,788666.0,590091.0,327201.0,279512.0,312.5,3,588010.6301209298,590470.4984215884
961437.0,946998.0,807020.0,758440.0,1757,929,636,260,200123.0,166714.0,110742.0,81656.0,312.6,3,934536.2912512366,-415763.816135894
11426.0,23104.0,2763.0,5766.0,4560,4721,6342,6719,15559.0,15421.0,1045.0,2306.0,312.6,0,-143608.86657601793,-24537.1765232811
2262.0,11315.0,870.0,3458.0,2714,4480,3386,5538,7367.0,12006.0,557.0,798.0,312.6,0,-152740.54582810737,-28385.02428421741
11155.0,17774.0,3270.0,4971.0,3692,3290,4419,4707,12177.0,12141.0,2201.0,3146.0,312.6,0,-144366.00790315383,-26360.20792493399
52155.0,91275.0,4006.0,5915.0,494,283,359,196,54511.0,47777.0,28764.0,32779.0,312.6,0,-94447.6483887728,13174.840915286648
58069.0,73521.0,10692.0,14875.0,613,304,76,109,61363.0,56336.0,53222.0,47986.0,312.6,0,-73372.08765617873,25627.614175607723
4365.0,9063.0,492.0,2734.0,1949,1989,3100,3247,8187.0,9267.0,1070.0,1804.0,312.8,0,-151456.3397035692,-27389.22447726213
13842.0,24264.0,2301.0,4673.0,2981,2873,5028,5089,14379.0,14286.0,3841.0,4336.0,312.8,0,-142187.32749247696,-23652.997099595377
5190.0,13120.0,1778.0,6136.0,3035,4129,3760,5239,9131.0,12332.0,641.0,1888.0,312.8,0,-149949.27934210494,-27819.24159569978
86705.0,133554.0,6967.0,11846.0,227,208,0,29,30985.0,27339.0,21245.0,16482.0,312.8,0,-93695.02497862277,-11575.533283343964
104267.0,125024.0,124908.0,190082.0,2830,2617,4053,4143,15044.0,13635.0,2538.0,3138.0,312.9,0,-20821.672471309925,-106826.569631577
6506.0,18554.0,1977.0,3050.0,3007,3201,3775,4265,7816.0,8505.0,1827.0,2103.0,312.9,0,-149400.94413268784,-28328.935569761863
40286.0,70027.0,6679.0,10323.0,294,294,717,248,35639.0,33587.0,22469.0,25714.0,312.9,0,-109185.9976538094,-3438.607753870023
7606.0,16482.0,278.0,1291.0,2612,2904,3090,3321,7736.0,8827.0,1725.0,1978.0,313.0,0,-150215.0057865456,-27448.473229469822
98581.0,150592.0,7010.0,9933.0,520,283,150,94,85726.0,78444.0,62925.0,64069.0,313.0,0,-42728.21454338788,47363.53099679241
35440.0,62031.0,10318.0,15727.0,290,139,0,34,39881.0,37049.0,26045.0,26966.0,313.0,0,-105268.16347241135,-1026.5033491045942
8793.0,16969.0,3568.0,7599.0,4294,4598,5269,5530,13590.0,14725.0,434.0,1776.0,313.1,0,-145313.28054548567,-26460.18937016369
4818.0,16142.0,875.0,2964.0,6782,10613,9072,15003,2933.0,4625.0,139.0,474.0,313.1,0,-153868.2151059941,-31575.122236125444
5153.0,14008.0,968.0,3057.0,5775,6455,5358,6461,12109.0,14620.0,0.0,437.0,313.1,0,-149592.99201424228,-25925.734936310797
50248.0,79972.0,13650.0,21740.0,243,228,259,137,61079.0,55230.0,52009.0,47823.0,313.1,0,-75129.10171899662,23564.79949422761
945466.0,974022.0,1384190.0,1721670.0,2977,1660,680,591,276950.0,230715.0,194611.0,142659.0,313.2,3,1399870.605608362,-683533.7872071465
81721.0,121180.0,11116.0,17563.0,811,260,0,58,34750.0,32464.0,28062.0,26082.0,313.2,0,-87443.47391835785,-7075.363671932199
2638.0,9456.0,1577.0,4856.0,2525,5012,3250,7231,7978.0,18317.0,2417.0,3484.0,313.2,0,-150797.67096632795,-27255.644844898285
1651.0,10185.0,609.0,2574.0,1970,5085,2372,6792,5938.0,17578.0,516.0,959.0,313.2,0,-153812.954294023,-29078.12394427308
55428.0,81915.0,14259.0,23392.0,248,188,286,138,56052.0,51615.0,43719.0,41436.0,313.2,0,-78719.86618424747,15163.87246004876
31490.0,56427.0,5328.0,7790.0,278,219,0,0,38549.0,36395.0,22814.0,30712.0,313.3,-1,-111660.01213001442,774.5055118099372
4992.0,13862.0,403.0,1860.0,2470,5135,3020,5607,6796.0,11996.0,1424.0,1761.0,313.3,0,-151761.84320726007,-28112.590344271528
60242.0,95159.0,7353.0,9604.0,439,298,100,114,50822.0,44783.0,36434.0,33787.0,313.3,0,-87530.0911484877,11595.024038368369
2121.0,6717.0,180.0,1206.0,1091,1852,1281,2398,3979.0,7740.0,1207.0,1506.0,313.3,0,-154479.1090195144,-29702.07715411805
63202.0,96293.0,15232.0,22301.0,0,139,95,110,72222.0,64598.0,40974.0,41515.0,313.3,0,-68578.45360436643,23132.358837338736
10720.0,24457.0,2519.0,4711.0,3864,4313,5322,5847,14188.0,16196.0,1637.0,2145.0,313.4,0,-144489.26955071904,-24984.22695843181
4297.0,8118.0,631.0,1326.0,3022,3546,4395,4730,12159.0,12751.0,2918.0,2675.0,313.4,0,-148801.45688962986,-24043.284970360768
93489.0,137568.0,8248.0,12944.0,949,613,0,100,80013.0,74219.0,84066.0,69497.0,313.4,0,-38045.43904035787,53046.20900275408
23079.0,40990.0,7017.0,12779.0,162,188,213,79,23920.0,23658.0,13594.0,17783.0,313.4,0,-125560.6283548542,-14940.150348314355
2120.0,10697.0,731.0,3023.0,160,91,155,32,2700.0,4674.0,3942.0,5662.0,313.4,0,-153144.65749519048,-29043.91718560966
1540.0,8059.0,65.0,1297.0,88,0,119,31,3728.0,5337.0,2309.0,3765.0,313.4,0,-154221.2061120296,-28927.787786918627
491687.0,586693.0,62721.0,95836.0,997,1107,74,248,664272.0,513772.0,254618.0,186816.0,313.4,3,503801.82617561193,452775.8143119142
7685.0,13557.0,2840.0,4935.0,1905,1674,3114,2845,8950.0,7703.0,2623.0,2189.0,313.4,0,-147509.60582747037,-27883.196021089014
55177.0,87819.0,22318.0,35836.0,625,284,0,116,54405.0,49246.0,51001.0,38527.0,313.4,0,-71679.49580992488,11666.823180063398
10487.0,10325.0,1814.0,4015.0,4062,3708,5060,4781,12168.0,11676.0,1983.0,2532.0,313.5,0,-145805.4916591357,-25597.16882377736
6076.0,14881.0,1265.0,2183.0,3997,4196,5140,5474,14675.0,15658.0,3622.0,3760.0,313.5,0,-146100.81590501717,-22495.65679902001
52904.0,78093.0,25181.0,40672.0,92,95,117,110,24330.0,23968.0,15193.0,14896.0,313.6,0,-100393.30137288535,-27815.61049537186
11195.0,20774.0,3494.0,5864.0,4593,5109,6157,6256,19711.0,20163.0,1758.0,3835.0,313.6,0,-140870.69475643378,-21811.793578439887
20033.0,38087.0,20250.0,37104.0,1930,2206,5042,5175,12966.0,13931.0,2225.0,4547.0,313.6,0,-128465.9913758792,-36860.954740472254
6508.0,8783.0,3373.0,4042.0,2437,3239,3165,4632,9356.0,11462.0,2699.0,2184.0,313.6,0,-147411.82770696378,-27853.880078127186
10268.0,27034.0,3170.0,6075.0,2087,2167,4854,5213,14429.0,14489.0,2674.0,5607.0,313.6,0,-143300.61041221037,-24220.05362302955
3099.0,6719.0,2131.0,3627.0,20,0,108,81,6153.0,4734.0,728.0,750.0,313.6,0,-152027.38721687422,-29940.154130597653
693810.0,780607.0,1047660.0,1263320.0,1416,928,33,153,440538.0,347263.0,119970.0,100519.0,313.6,3,1105288.384944125,-390545.2046039537
44311.0,60182.0,8139.0,11709.0,0,43,137,172,43912.0,41837.0,24824.0,30188.0,313.8,0,-101366.81581526704,2319.086104438353
6119.0,17882.0,2430.0,4736.0,4290,4348,5857,6241,13093.0,13825.0,989.0,2193.0,313.8,0,-147160.02053251627,-25584.980385754097
4790.0,14853.0,1115.0,2288.0,2492,2607,3778,3882,9474.0,9887.0,591.0,2071.0,313.8,0,-150412.83125178493,-27151.228598818616
37180.0,43462.0,18509.0,30776.0,154,170,93,51,35605.0,32730.0,28176.0,26314.0,313.8,0,-100122.95570350392,-8195.890302276173
5599.0,12950.0,2113.0,5601.0,2407,2466,3115,3485,8135.0,8990.0,1024.0,1547.0,313.9,0,-149903.42096407988,-28580.91182715297
9881.0,11478.0,2734.0,5398.0,7478,7060,8875,8864,20600.0,19096.0,3384.0,3146.0,313.9,0,-141009.95029969717,-20111.44736106531
10729.0,15953.0,3621.0,5239.0,6000,6063,6226,6129,17962.0,18577.0,1578.0,3004.0,314.0,0,-141930.49147248786,-23177.029267136717
5192.0,10187.0,3179.0,6617.0,8906,9289,10362,10650,22541.0,23740.0,1514.0,4170.0,314.0,0,-142303.49976468965,-19476.85296493229
11180.0,20456.0,1975.0,4321.0,2314,2534,3090,3309,10088.0,10689.0,4177.0,3155.0,314.0,0,-145466.20950291574,-26041.03044490053
13175.0,17431.0,2969.0,4156.0,4179,4070,5295,4995,13563.0,11158.0,2590.0,1945.0,314.0,0,-143127.8009662675,-25454.01632218408
4826.0,13534.0,0.0,1511.0,1532,1723,1832,2214,4648.0,6112.0,1789.0,1241.0,314.1,0,-153011.0815001276,-29139.24747252685
108753.0,159638.0,10828.0,16695.0,337,298,199,90,74064.0,71153.0,63218.0,58637.0,314.1,0,-41761.9936166344,36183.2424806199
35969.0,55152.0,6150.0,9468.0,385,195,48,87,35780.0,32870.0,31832.0,27025.0,314.1,0,-107635.2331073631,1400.6848365055955
135610.0,199195.0,16362.0,24135.0,719,359,488,133,69111.0,58686.0,48567.0,42611.0,314.2,0,-36605.430500474016,19112.58970771427
756760.0,938843.0,223776.0,318154.0,1885,1499,550,594,371507.0,299743.0,104840.0,85791.0,314.3,0,523552.9742948859,70265.09971396817
17905.0,34585.0,3208.0,5121.0,216,142,359,132,18398.0,18483.0,9729.0,12869.0,314.4,0,-134846.23841841414,-18114.044946403425
13724.0,34854.0,3771.0,7068.0,3119,3295,4296,4372,13703.0,13950.0,3496.0,5105.0,314.5,0,-141556.03204043,-25018.8679208536
5326.0,17657.0,1093.0,3713.0,2693,3459,3724,4670,9733.0,11964.0,641.0,1606.0,314.5,0,-150131.67734157015,-27062.43556386458
60026.0,87687.0,10877.0,16697.0,0,61,0,20,48907.0,45165.0,35516.0,32929.0,314.5,0,-86496.59501477497,7663.015571560511
80805.0,122624.0,18300.0,29818.0,113,241,0,140,75124.0,69472.0,63414.0,56634.0,314.5,0,-47750.89090135149,33739.0623307716
2150.0,9131.0,885.0,3802.0,1571,2199,2195,3102,6453.0,9461.0,630.0,958.0,314.6,0,-153145.00792806034,-28910.616703896703
1008.0,5188.0,420.0,1359.0,2059,5262,3039,8395,2879.0,6156.0,714.0,1650.0,314.6,0,-155424.42950653975,-30656.328299255296
287229.0,402507.0,177754.0,270452.0,648,242,348,235,58871.0,52785.0,52991.0,43681.0,314.7,0,134089.2769745641,-96514.21747149248
1053.0,5701.0,13035.0,50107.0,174,109,70,0,8626.0,17290.0,7174.0,11374.0,314.7,-1,-140502.08752194207,-30677.957844890443
5067230.0,2837010.0,2859480.0,12513000.0,51473,16150,9819,3243,4719430.0,2639300.0,3005100.0,1463820.0,314.7,2,7313610.901411468,2322559.1698413887
20955.0,23670.0,3163.0,4078.0,2154,2297,3916,3721,11076.0,11183.0,3496.0,4085.0,314.7,0,-140330.4946269591,-26931.841181446376
91227.0,133043.0,8939.0,13218.0,186,251,0,0,37376.0,33966.0,35355.0,24355.0,314.7,-1,-81414.85340908814,-1866.240922487741
4032.0,4648.0,770.0,3331.0,2488,2505,3365,2989,8838.0,9209.0,1080.0,1799.0,314.8,0,-151102.64564984606,-27126.942739651284
5572.0,13281.0,1469.0,3458.0,4204,4631,5680,6387,14817.0,16799.0,1339.0,2334.0,314.8,0,-147123.88848687094,-23686.897176547973
52227.0,81695.0,4619.0,8506.0,659,291,232,116,53545.0,49299.0,30390.0,40467.0,314.8,0,-92858.66821860892,14090.179659814608
3666.0,13049.0,1550.0,4149.0,1583,1843,2230,2553,5616.0,6680.0,1593.0,1444.0,314.8,0,-152025.41279171867,-29473.713648751334
19120.0,39769.0,2696.0,4652.0,7458,7544,9725,9920,25611.0,25249.0,3119.0,5396.0,314.8,0,-134806.0832944473,-17267.71168054825
3576.0,9858.0,1879.0,4118.0,2352,3103,2574,3505,6329.0,9262.0,819.0,1884.0,314.8,0,-151741.52776360666,-29477.601660235345
27142.0,37642.0,3045.0,4159.0,8184,8791,9842,10453,25374.0,26296.0,3181.0,4388.0,314.9,0,-131489.46529135827,-18294.095328404168
2448.0,14292.0,233.0,1214.0,192,106,105,0,2254.0,5049.0,15901.0,26551.0,314.9,-1,-146504.39655729727,-20662.440424664856
290425.0,404033.0,14573.0,23196.0,189,125,654,171,329650.0,269663.0,136832.0,128655.0,314.9,0,186459.3477056684,225754.20115827664
30986.0,31566.0,0.0,3411.0,4548,4254,7719,7557,20465.0,19343.0,5597.0,5009.0,314.9,0,-133271.88468154942,-18624.54520744159
8347.0,16551.0,2530.0,4576.0,5637,5753,6204,6446,14867.0,15999.0,3454.0,2865.0,315.0,0,-144380.734206514,-23529.04586722165
8241.0,17767.0,2837.0,5085.0,3155,3273,4849,5032,11840.0,12843.0,1573.0,2010.0,315.0,0,-146386.24871321255,-26556.406702924774
125916.0,184602.0,21286.0,31374.0,275,216,54,130,88331.0,77590.0,63100.0,64010.0,315.1,0,-20444.582248323077,38335.23799006952
6057.0,11992.0,3165.0,4589.0,2920,2671,3690,3566,11375.0,10184.0,1600.0,3250.0,315.1,0,-147099.10583673182,-26706.637891938888
502953.0,622213.0,74797.0,110746.0,1308,1210,40,304,657862.0,534073.0,268331.0,236107.0,315.1,3,525154.4106238195,454073.3431109979
99292.0,137544.0,22116.0,35566.0,22,224,92,90,106650.0,97032.0,71137.0,67445.0,315.1,0,-19116.34300094593,55050.990018424025
7492.0,13304.0,822.0,2941.0,1176,1313,2468,2675,6608.0,6630.0,2236.0,3376.0,315.1,0,-150033.3267130718,-28057.291861425078
3354.0,6728.0,1936.0,3446.0,2244,2370,2651,2879,7480.0,7897.0,595.0,1147.0,315.1,0,-151450.11830410553,-28983.203051479195
1521.0,5874.0,87.0,546.0,89,46,86,0,4395.0,6000.0,630.0,800.0,315.2,-1,-154908.45656491863,-29698.094581321195
2075.0,8088.0,85.0,2051.0,215,72,43,64,3034.0,4975.0,22816.0,39238.0,315.2,0,-142250.88618404866,-15116.433693494651
576104.0,727615.0,63162.0,94524.0,1161,1137,479,240,595412.0,454603.0,196793.0,167439.0,315.2,3,483845.6909003576,376101.7594389092
8562.0,12853.0,2229.0,4348.0,3566,3493,5036,5136,14031.0,14307.0,1128.0,2356.0,315.2,0,-145806.26839247183,-24941.32394627092
21158.0,30275.0,7961.0,12595.0,124,122,343,185,21335.0,20731.0,20820.0,19221.0,315.2,0,-124012.27071905525,-13779.249916247933
1518.0,5582.0,0.0,510.0,91,21,89,6,3636.0,4603.0,761.0,778.0,315.3,0,-155265.30401465553,-30072.714117799987
296338.0,434091.0,83807.0,117917.0,133,220,0,131,298292.0,239744.0,159968.0,122691.0,315.3,0,230338.90025595063,170824.9995217965
6230.0,15633.0,595.0,1869.0,2253,2344,2755,2974,6765.0,7191.0,659.0,1728.0,315.3,0,-151423.55631586653,-28659.92599218959
54729.0,88981.0,38376.0,58999.0,361,220,346,151,71080.0,64331.0,61132.0,53248.0,315.3,0,-47657.67817225259,18772.065453499014
51219.0,85042.0,11669.0,20475.0,314,147,0,58,64550.0,61626.0,54101.0,43748.0,315.3,0,-74277.6871876662,27163.214676908025
20265.0,28414.0,5753.0,8334.0,1289,1045,2806,2937,9023.0,8412.0,3204.0,3423.0,315.4,0,-139944.75495418432,-30041.820285032223
53897.0,79200.0,19091.0,30193.0,409,236,19,102,56808.0,50998.0,52575.0,40047.0,315.4,0,-72576.36434098551,16200.006369889608
4840.0,13632.0,485.0,3042.0,1643,1739,2320,2442,5904.0,6383.0,1298.0,1448.0,315.4,0,-152258.37743164302,-28822.250278424497
33487.0,58162.0,3887.0,5586.0,306,203,24,80,31063.0,27471.0,16114.0,23011.0,315.4,0,-118649.00577483664,-7239.201162942547
3632.0,13081.0,1218.0,2988.0,1477,1388,1998,2034,5153.0,5522.0,1295.0,1747.0,315.5,0,-152549.5570919912,-29632.685152861377
2602.0,7265.0,2126.0,3877.0,2428,2806,3395,3910,9098.0,9827.0,1307.0,1937.0,315.5,0,-150533.51508714166,-27603.4375744567
25432.0,42237.0,2760.0,5292.0,378,199,365,152,33415.0,30637.0,24786.0,22427.0,315.7,0,-118538.44132783642,-975.2263870701318
15999.0,30598.0,782.0,3032.0,4502,5027,6283,6939,15979.0,17861.0,1404.0,2858.0,315.7,0,-142712.78897476144,-23085.936257868823
2998.0,9447.0,327.0,2001.0,759,1165,602,1404,2231.0,4837.0,1559.0,2012.0,315.7,0,-154614.2394195466,-30729.010866796387
6876.0,21119.0,815.0,3755.0,4518,5048,6456,7343,16425.0,18763.0,41.0,687.0,315.7,0,-147002.03671601892,-23151.72294114314
12471.0,14808.0,2384.0,3801.0,2942,2711,4388,4193,12889.0,13121.0,2678.0,3036.0,315.8,0,-143957.53037830337,-25256.22736504264
29218.0,53412.0,4047.0,8324.0,97,59,0,0,27213.0,26820.0,17817.0,22023.0,315.8,-1,-121526.94815408972,-8933.060741103007
2346.0,7953.0,1740.0,4705.0,2214,2986,2351,3163,5878.0,8002.0,132.0,584.0,315.8,0,-152962.92581661989,-30092.871171006023
7491.0,18118.0,2123.0,6068.0,2353,2508,3367,3884,9406.0,10633.0,431.0,1966.0,315.9,0,-148714.42441094533,-28087.453255116317
7755.0,11202.0,1538.0,3533.0,3253,3536,3794,4275,9269.0,9795.0,383.0,703.0,315.9,0,-149246.79670855773,-28046.53916122784
202380.0,288488.0,146394.0,217851.0,5927,5647,9772,9647,29501.0,28706.0,8778.0,7314.0,316.0,0,43557.16257572817,-114251.84134705368
51190.0,79557.0,7070.0,10978.0,450,339,291,95,55899.0,50605.0,35008.0,37865.0,316.0,0,-89154.41564238696,15627.598999441
442759.0,529729.0,407066.0,452207.0,2537,1547,674,598,397896.0,318056.0,188530.0,161225.0,316.0,3,573853.749390328,39503.68880296906
1984.0,8107.0,614.0,2087.0,970,2512,1555,3927,3633.0,10270.0,1397.0,2344.0,316.0,0,-154215.41428009854,-29969.452403215026
1578.0,9390.0,0.0,1307.0,1752,3085,2620,4869,5943.0,11954.0,562.0,1023.0,316.0,0,-154236.26813950544,-28657.52061618391
2326.0,7109.0,1393.0,2772.0,767,1204,1324,1853,3691.0,5189.0,1123.0,1484.0,316.0,0,-153721.7824941921,-30697.452731454803
22690.0,32675.0,4215.0,5943.0,578,262,301,143,20751.0,20572.0,9170.0,16927.0,316.1,0,-130823.3378404694,-17153.22670302331
6952.0,15965.0,2430.0,4939.0,2672,2559,3446,3719,10628.0,11778.0,2546.0,2504.0,316.1,0,-147322.92074699025,-26498.806416325413
2355.0,13620.0,744.0,3059.0,961,2926,1404,3559,3982.0,9497.0,1967.0,3153.0,316.1,0,-153504.00808504404,-29485.858867811483
7484.0,20789.0,1563.0,4729.0,1748,3507,2566,4225,6861.0,10967.0,25.0,2052.0,316.1,0,-150392.67760648322,-29502.509907731303
1794.0,6149.0,1623.0,3407.0,1908,2172,2439,2879,6222.0,7176.0,101.0,1230.0,316.1,0,-153045.08927704912,-29674.90072802684
14699.0,20306.0,2794.0,5447.0,1803,1735,4059,4208,9205.0,9730.0,4385.0,3941.0,316.1,0,-143681.46372238564,-27126.051437344388
52568.0,88262.0,2291.0,4262.0,542,216,0,1,50364.0,47207.0,38316.0,39342.0,316.1,0,-92978.35523441862,16663.101537276856
31953.0,52501.0,3185.0,6786.0,49,39,79,76,42590.0,38788.0,26648.0,24902.0,316.2,0,-110439.42916102803,5313.43130816548
44830.0,67701.0,8351.0,13176.0,315,248,0,76,58044.0,54197.0,43646.0,42428.0,316.2,0,-86143.62025610625,20949.158700585034
1259.0,3518.0,17.0,313.0,104,46,193,84,5928.0,5183.0,1979.0,2265.0,316.2,0,-153688.8093224547,-27867.415142589613
386461.0,513453.0,35577.0,53453.0,785,748,168,97,468086.0,376449.0,198429.0,164810.0,316.2,0,330003.35532376415,325503.35781847726
150962.0,192027.0,18118.0,26974.0,2271,2446,6204,6120,17600.0,17014.0,7192.0,7528.0,316.2,0,-72019.42678122716,-38536.038932233074
9138.0,25749.0,789.0,3033.0,3244,3765,4703,4819,10906.0,11192.0,380.0,2333.0,316.3,0,-148253.7136332587,-26368.623578153623
2986.0,8133.0,2341.0,5136.0,1631,1607,2200,2347,6049.0,6000.0,974.0,1127.0,316.4,0,-151830.8619295954,-29963.08091883253
63218.0,96103.0,10977.0,14637.0,578,479,70,71,59324.0,54623.0,47125.0,38315.0,316.4,0,-75457.99050591089,19714.47145228863
