FSC-A,FSC-H,SSC-A,SSC-H,FL1-A,FL1-H,FL2-A,FL2-H,FL3-A,FL3-H,FL4-A,FL4-H,Time,Cluster,Label
400353.0,554236.0,39609.0,54401.0,885,847,6907.0,6853,244625.0,221562.0,226040.0,198827.0,22.6,1,Crypto
660091.0,587728.0,302703.0,449239.0,4864,3492,99874.0,66286,657001.0,412633.0,448003.0,270726.0,26.3,1,Crypto
450362.0,614313.0,125102.0,131987.0,16287,15254,35508.0,34764,64825.0,62232.0,27472.0,25329.0,28.1,1,Crypto
584745.0,679318.0,316382.0,352300.0,22019,20640,44445.0,43059,73632.0,66970.0,36893.0,32019.0,29.3,1,Crypto
742809.0,987885.0,39422.0,55407.0,2936,1974,24337.0,20623,264215.0,207652.0,186667.0,144627.0,36.5,1,Crypto
505363.0,628075.0,117930.0,173394.0,2706,2025,30388.0,26551,309456.0,248096.0,250875.0,188957.0,41.3,1,Crypto
675202.0,936651.0,27015.0,40068.0,2265,1949,20459.0,19156,244182.0,214177.0,172086.0,151980.0,42.2,1,Crypto
971130.0,1197170.0,149875.0,136175.0,8753,6094,8332.0,7612,115333.0,107618.0,94902.0,83880.0,46.0,1,Crypto
444723.0,611985.0,13679.0,19075.0,765,652,5651.0,5440,180527.0,157670.0,153417.0,146912.0,53.5,1,Crypto
905468.0,633363.0,205382.0,160543.0,15762,8417,174519.0,93295,1509800.0,770927.0,1189600.0,578881.0,58.6,1,Crypto
755958.0,796492.0,287658.0,293269.0,111441,59053,1690410.0,919066,1602030.0,779621.0,1052090.0,537970.0,60.0,1,Crypto
347578.0,456396.0,22255.0,33679.0,1513,853,5713.0,5394,149736.0,127640.0,164716.0,114652.0,66.6,1,Crypto
847082.0,1028360.0,523485.0,789927.0,7493,6215,78160.0,65085,719191.0,560800.0,442878.0,417794.0,73.0,1,Crypto
333911.0,482447.0,13811.0,17493.0,1007,665,3712.0,3428,119100.0,101102.0,101450.0,93108.0,86.2,1,Crypto
356951.0,458421.0,310853.0,432783.0,23990,23003,33293.0,31708,97757.0,91451.0,28923.0,24800.0,86.3,1,Crypto
2099390.0,1821170.0,1384420.0,1297490.0,22253,15529,6160.0,4320,327967.0,248811.0,272847.0,179965.0,89.8,1,Crypto
310118.0,417525.0,67685.0,100826.0,456,517,5192.0,4789,140755.0,123876.0,148063.0,111646.0,91.8,1,Crypto
1059740.0,1169720.0,212646.0,289613.0,7659,5817,80525.0,62947,752037.0,553700.0,564112.0,408870.0,91.9,1,Crypto
2123660.0,1792560.0,6522540.0,5947420.0,13863,8474,7009.0,5952,873502.0,361613.0,553611.0,211064.0,104.3,1,Crypto
281205.0,395055.0,17371.0,27950.0,846,682,4573.0,4308,156941.0,139585.0,140933.0,125607.0,109.7,1,Crypto
431934.0,604323.0,45095.0,69690.0,1486,1216,13035.0,12323,180805.0,156441.0,125757.0,113105.0,110.3,1,Crypto
574039.0,789897.0,46532.0,69409.0,1716,1516,14478.0,14090,177898.0,156892.0,148423.0,132024.0,118.5,1,Crypto
2329990.0,1066860.0,6439760.0,4333320.0,133991,47175,45440.0,15412,200854.0,69019.0,77197.0,25478.0,120.6,1,Crypto
889688.0,726928.0,288945.0,333698.0,3704,2879,30738.0,27982,202863.0,167140.0,158244.0,113216.0,131.7,1,Crypto
378435.0,505176.0,27020.0,35311.0,954,730,5686.0,4668,188900.0,159460.0,167783.0,141614.0,134.2,1,Crypto
404520.0,521431.0,34962.0,52285.0,1387,1025,6162.0,5951,243385.0,201348.0,208241.0,175552.0,136.1,1,Crypto
514905.0,705691.0,49972.0,77111.0,1054,919,8022.0,7221,236406.0,210453.0,165658.0,157084.0,137.8,1,Crypto
1247720.0,1225270.0,95701.0,103390.0,12698,9016,140958.0,98301,1252180.0,816498.0,953608.0,625430.0,137.9,1,Crypto
433557.0,511616.0,86694.0,132407.0,2715,2097,32087.0,28063,272297.0,211122.0,188766.0,155086.0,138.9,1,Crypto
834538.0,988449.0,95919.0,135464.0,4659,3805,47805.0,41713,550045.0,441674.0,370308.0,278830.0,143.7,1,Crypto
485056.0,672948.0,14187.0,20724.0,2057,1817,22477.0,22123,166670.0,150078.0,134415.0,115373.0,145.8,1,Crypto
207688.0,299911.0,74704.0,99482.0,13277,12680,20924.0,20333,62331.0,59228.0,18211.0,14685.0,148.0,1,Crypto
1253580.0,1507370.0,186383.0,255455.0,5329,4368,59010.0,50573,613546.0,473145.0,508362.0,381100.0,148.6,1,Crypto
205078.0,279681.0,91231.0,147591.0,5493,5340,6974.0,7147,140457.0,116125.0,82395.0,71515.0,163.3,1,Crypto
401730.0,505548.0,99091.0,153490.0,2078,1463,18931.0,16190,251657.0,197854.0,226248.0,159308.0,165.4,1,Crypto
428037.0,534975.0,70488.0,103103.0,2628,2278,25339.0,22504,227545.0,186589.0,155381.0,143910.0,165.5,1,Crypto
496774.0,694168.0,46552.0,68884.0,1175,1141,6591.0,6239,182612.0,165105.0,181327.0,138554.0,166.5,1,Crypto
1342710.0,1320400.0,1884900.0,1852170.0,8356,6566,83895.0,75288,557216.0,461716.0,489064.0,346909.0,167.8,1,Crypto
440779.0,578481.0,21717.0,32514.0,2057,1635,26415.0,24859,199407.0,171356.0,153092.0,131466.0,168.4,1,Crypto
660616.0,763708.0,89257.0,127514.0,5374,5260,73777.0,64898,542334.0,443234.0,372502.0,335716.0,169.1,1,Crypto
887710.0,861499.0,95783.0,117449.0,6723,4640,99461.0,73277,822757.0,560949.0,662240.0,419733.0,169.2,1,Crypto
1019640.0,921304.0,117995.0,143863.0,113473,77797,10417.0,7911,1135920.0,557640.0,466705.0,223258.0,184.0,1,Crypto
325492.0,447779.0,32882.0,46804.0,414,414,4930.0,4370,145000.0,122342.0,121286.0,108036.0,189.3,1,Crypto
853811.0,1013060.0,63994.0,88700.0,4029,3445,60674.0,51001,461514.0,356081.0,325529.0,250414.0,193.1,1,Crypto
656498.0,876086.0,35796.0,51087.0,4094,3716,38061.0,36267,299110.0,256467.0,214031.0,186414.0,202.2,1,Crypto
817723.0,787531.0,370553.0,310675.0,7224,2989,5079.0,4577,400301.0,304701.0,233536.0,149383.0,218.2,1,Crypto
427950.0,570571.0,33773.0,46928.0,722,763,3834.0,3482,153204.0,127531.0,129299.0,110634.0,219.2,1,Crypto
1577820.0,1196770.0,326170.0,340630.0,12747,5972,202430.0,105888,1767440.0,860642.0,1482660.0,678000.0,223.9,1,Crypto
456396.0,603636.0,30918.0,45970.0,2222,1992,17875.0,16583,206924.0,173437.0,145566.0,128015.0,237.6,1,Crypto
974968.0,732335.0,250620.0,253475.0,9881,5023,111260.0,59389,1653360.0,834060.0,1306590.0,656941.0,239.0,1,Crypto
591979.0,802600.0,67651.0,103376.0,1297,981,8272.0,7661,257675.0,222749.0,243324.0,194116.0,250.3,1,Crypto
1381720.0,1135010.0,5960360.0,5740390.0,14122,8223,72201.0,62487,689190.0,563665.0,541904.0,495783.0,253.6,1,Crypto
503365.0,670350.0,81834.0,118379.0,1302,1059,8642.0,7776,238508.0,208529.0,209997.0,194832.0,256.1,1,Crypto
526225.0,660683.0,90846.0,127364.0,3143,2551,33493.0,29017,312107.0,245819.0,206286.0,166477.0,256.2,1,Crypto
526430.0,701874.0,49550.0,71801.0,1166,992,7275.0,5968,228306.0,187731.0,238470.0,177373.0,257.9,1,Crypto
465282.0,528413.0,125620.0,168737.0,9443,8030,103002.0,86272,1003930.0,782382.0,779376.0,617541.0,264.2,1,Crypto
442464.0,625867.0,74395.0,109302.0,755,786,6175.0,5594,192876.0,169456.0,188312.0,157773.0,265.2,1,Crypto
440789.0,667196.0,22862.0,34004.0,873,964,6750.0,6890,164003.0,154069.0,133105.0,135104.0,268.2,1,Crypto
456421.0,544456.0,36596.0,48617.0,3189,2729,34162.0,29269,326315.0,264399.0,220897.0,195690.0,268.8,1,Crypto
762968.0,750037.0,63498.0,74577.0,6008,4143,116761.0,82671,613827.0,405180.0,400291.0,271570.0,281.3,1,Crypto
584355.0,760527.0,796437.0,1067350.0,10757,9059,10375.0,9238,348594.0,289296.0,176589.0,143085.0,286.2,1,Crypto
468046.0,589252.0,23849.0,28969.0,2960,2304,17300.0,14665,212725.0,160522.0,193950.0,126840.0,290.1,1,Crypto
1105530.0,1383870.0,90877.0,132770.0,4391,4188,39430.0,32801,487358.0,377729.0,386166.0,266528.0,300.7,1,Crypto
828702.0,937929.0,118811.0,168501.0,8957,7261,66232.0,56795,760518.0,610348.0,576845.0,488490.0,305.5,1,Crypto
379642.0,513943.0,36756.0,52194.0,569,498,7539.0,6770,177792.0,153765.0,151577.0,129022.0,309.7,1,Crypto
353139.0,442393.0,612380.0,882442.0,19806,17448,22562.0,21065,74229.0,65890.0,21180.0,17667.0,310.1,1,Crypto
416123.0,687865.0,46513.0,80426.0,898,841,179.0,156,502691.0,509225.0,145328.0,161333.0,19.6,2,Nano1
712261.0,813442.0,112653.0,170275.0,3047,2558,727.0,284,1458670.0,1198800.0,1050980.0,966964.0,22.0,2,Nano1
514821.0,700087.0,75801.0,112926.0,1440,1189,152.0,183,885795.0,794937.0,333758.0,330792.0,22.4,2,Nano1
600978.0,714488.0,196871.0,301170.0,1422,1296,1120.0,441,1061490.0,863291.0,368992.0,336492.0,24.3,2,Nano1
1266830.0,1703930.0,96080.0,125959.0,3407,3115,259.0,488,1084390.0,833345.0,604966.0,408817.0,25.3,2,Nano1
758781.0,774481.0,163378.0,223000.0,3596,3107,474.0,364,1873190.0,1368390.0,832151.0,710221.0,26.2,2,Nano1
548469.0,774704.0,690682.0,1054930.0,800,1032,613.0,239,472958.0,391559.0,178588.0,149791.0,26.8,2,Nano1
403180.0,508111.0,59845.0,88475.0,1296,1139,218.0,171,520273.0,436084.0,240996.0,225394.0,27.2,2,Nano1
491830.0,617240.0,65675.0,90270.0,2727,1442,338.0,226,503086.0,370763.0,246801.0,178789.0,30.5,2,Nano1
1364690.0,1230300.0,1528570.0,1472730.0,4103,2325,794.0,570,1862300.0,1248730.0,1177400.0,760776.0,32.1,2,Nano1
544307.0,699104.0,54873.0,79411.0,1241,1226,223.0,98,710061.0,548773.0,283371.0,239892.0,34.0,2,Nano1
1021150.0,1101910.0,753010.0,928588.0,2214,1533,478.0,469,982637.0,705280.0,560110.0,424823.0,35.6,2,Nano1
901385.0,1094540.0,344132.0,439905.0,2093,1671,387.0,370,715679.0,593336.0,378513.0,323264.0,37.2,2,Nano1
515759.0,668234.0,43042.0,53647.0,1190,1106,0.0,86,680366.0,529543.0,313455.0,244281.0,40.4,2,Nano1
485453.0,556279.0,97414.0,143175.0,2136,1505,121.0,113,1012680.0,776912.0,431627.0,327461.0,42.2,2,Nano1
165065.0,169249.0,11354.0,11910.0,1250,632,0.0,93,572448.0,337830.0,300968.0,163882.0,42.9,2,Nano1
509497.0,660741.0,32379.0,47270.0,1428,959,0.0,200,622244.0,482596.0,228126.0,215925.0,44.3,2,Nano1
641126.0,816612.0,133695.0,190440.0,1384,973,247.0,202,741425.0,589300.0,316649.0,263290.0,45.3,2,Nano1
377693.0,497882.0,79354.0,114755.0,1140,961,152.0,119,480700.0,374446.0,202815.0,180413.0,46.6,2,Nano1
434628.0,497410.0,44245.0,60789.0,1718,1192,184.0,188,1018210.0,766233.0,370457.0,294173.0,47.8,2,Nano1
402987.0,524745.0,38126.0,51873.0,1091,915,0.0,94,573079.0,450557.0,204490.0,142597.0,49.2,2,Nano1
2544660.0,1414550.0,5492800.0,4619570.0,9989,4381,2356.0,1110,670023.0,487055.0,385221.0,249519.0,51.3,2,Nano1
518672.0,617553.0,48599.0,68280.0,2020,1066,424.0,278,835105.0,661214.0,298196.0,218396.0,52.3,2,Nano1
753989.0,798811.0,76417.0,97290.0,4191,3243,349.0,349,1744110.0,1268010.0,1480010.0,1146500.0,52.7,2,Nano1
324233.0,437957.0,49349.0,75490.0,518,729,288.0,99,394743.0,323303.0,133751.0,114325.0,53.4,2,Nano1
505654.0,679477.0,43233.0,65223.0,1466,1200,128.0,157,568562.0,456067.0,183334.0,165441.0,53.4,2,Nano1
709231.0,818180.0,58757.0,85061.0,2720,2128,529.0,274,1571070.0,1223760.0,731622.0,618068.0,54.9,2,Nano1
532185.0,698449.0,67735.0,102794.0,2213,1835,260.0,227,824355.0,666157.0,324887.0,295958.0,58.6,2,Nano1
2311790.0,2170960.0,4596160.0,4823770.0,6971,3957,1283.0,839,703744.0,527438.0,444978.0,301850.0,63.3,2,Nano1
446958.0,546322.0,98111.0,140615.0,1181,1288,187.0,96,683433.0,558575.0,255849.0,236431.0,67.8,2,Nano1
410196.0,520405.0,36583.0,51134.0,985,952,493.0,202,637573.0,509250.0,216297.0,196879.0,68.8,2,Nano1
673785.0,636694.0,128516.0,145268.0,4882,3411,506.0,384,960089.0,713286.0,335338.0,284647.0,69.0,2,Nano1
2012510.0,1601140.0,553447.0,550648.0,8701,5700,826.0,554,2335660.0,1413570.0,916556.0,614449.0,69.1,2,Nano1
833266.0,853939.0,65503.0,79360.0,2213,1739,541.0,324,1499850.0,1060480.0,609006.0,480969.0,70.3,2,Nano1
361390.0,462911.0,30257.0,41137.0,1324,906,336.0,124,559668.0,451977.0,271085.0,207969.0,74.6,2,Nano1
490566.0,598853.0,75837.0,115864.0,1576,1400,491.0,230,898858.0,704388.0,370745.0,333496.0,75.8,2,Nano1
706666.0,699365.0,75717.0,98541.0,5115,3799,321.0,323,1781280.0,1200910.0,812661.0,545770.0,79.6,2,Nano1
759232.0,653579.0,804749.0,917293.0,1766,1131,137.0,191,617624.0,497796.0,245449.0,183464.0,83.0,2,Nano1
503951.0,584295.0,34641.0,49083.0,1879,2174,141.0,277,1249150.0,1034670.0,501840.0,463107.0,83.8,2,Nano1
600458.0,767563.0,69314.0,104750.0,1752,1448,0.0,155,890657.0,728730.0,308662.0,299536.0,84.5,2,Nano1
412123.0,536376.0,34377.0,45694.0,1085,1019,528.0,262,583738.0,467529.0,212922.0,194619.0,85.5,2,Nano1
1868540.0,1019960.0,4865440.0,2492530.0,8451,2349,1919.0,503,722745.0,311165.0,551974.0,228974.0,87.5,2,Nano1
841949.0,758861.0,117068.0,145886.0,2663,2225,708.0,386,2650500.0,1671900.0,1011260.0,689080.0,88.8,2,Nano1
737418.0,814433.0,102569.0,133422.0,2494,2128,640.0,389,1360650.0,1026830.0,1065140.0,761563.0,91.2,2,Nano1
549306.0,708262.0,48470.0,66214.0,1045,720,626.0,377,762885.0,623339.0,225806.0,214503.0,94.0,2,Nano1
456592.0,599391.0,28669.0,39046.0,1354,1433,357.0,196,474128.0,392076.0,201863.0,184607.0,95.3,2,Nano1
520734.0,333119.0,46166.0,38819.0,1694,549,313.0,234,1000690.0,331080.0,426076.0,137458.0,95.7,2,Nano1
763387.0,740320.0,1264180.0,1631810.0,1896,1135,889.0,353,517461.0,413471.0,280631.0,216717.0,96.8,2,Nano1
523303.0,651516.0,37819.0,55614.0,1751,1507,332.0,132,868303.0,668782.0,303432.0,266644.0,97.3,2,Nano1
491174.0,648180.0,26355.0,38387.0,616,830,146.0,180,881380.0,722012.0,303686.0,267577.0,97.9,2,Nano1
536377.0,712374.0,41789.0,56811.0,1926,2009,150.0,133,709576.0,546116.0,379485.0,284452.0,98.2,2,Nano1
692832.0,812337.0,79297.0,111438.0,2310,2121,699.0,302,1270350.0,961505.0,422066.0,342113.0,98.7,2,Nano1
966728.0,1085020.0,1776420.0,2459030.0,5106,3603,1163.0,627,518448.0,415263.0,185311.0,146520.0,98.9,2,Nano1
350537.0,460500.0,24666.0,38472.0,692,558,327.0,173,486505.0,399951.0,206692.0,176189.0,99.4,2,Nano1
473430.0,605467.0,67280.0,99741.0,1357,1253,294.0,251,915126.0,737440.0,356965.0,304267.0,99.5,2,Nano1
2041730.0,1327600.0,2035210.0,1776870.0,9057,4040,1862.0,882,2159230.0,1450810.0,1691920.0,916131.0,100.4,2,Nano1
1096770.0,938727.0,215063.0,252635.0,3443,2108,532.0,449,3067570.0,1887820.0,1494290.0,950471.0,103.5,2,Nano1
978666.0,867529.0,197570.0,201674.0,3784,2408,576.0,448,1952710.0,1059310.0,736250.0,377070.0,103.7,2,Nano1
449490.0,521547.0,240119.0,340751.0,728,777,203.0,219,531035.0,439312.0,170272.0,144221.0,105.0,2,Nano1
562774.0,724819.0,28853.0,39746.0,1278,995,143.0,179,832741.0,683267.0,302461.0,268944.0,105.3,2,Nano1
395989.0,525408.0,75619.0,111616.0,942,759,598.0,168,555067.0,465210.0,197190.0,159868.0,105.6,2,Nano1
893788.0,923504.0,114871.0,163754.0,2892,2151,623.0,298,2228050.0,1522970.0,915627.0,719671.0,108.6,2,Nano1
448323.0,565807.0,48744.0,70492.0,1350,1074,163.0,122,674445.0,548421.0,258453.0,234250.0,109.2,2,Nano1
460642.0,566031.0,65652.0,93646.0,2213,1938,254.0,147,760442.0,586634.0,256053.0,216225.0,110.4,2,Nano1
767055.0,838011.0,1144950.0,1291320.0,1631,1036,305.0,356,464266.0,385121.0,198046.0,171968.0,115.0,2,Nano1
1006470.0,947278.0,153423.0,164426.0,3215,2129,654.0,343,1680990.0,1131580.0,729270.0,482550.0,116.1,2,Nano1
1010840.0,1124790.0,1325470.0,1534100.0,3028,2105,443.0,406,1139060.0,801957.0,527049.0,375589.0,116.8,2,Nano1
510421.0,639794.0,163649.0,236149.0,949,811,621.0,349,486471.0,395985.0,129924.0,122743.0,117.3,2,Nano1
919416.0,1001950.0,102608.0,144950.0,2435,2466,538.0,340,1661870.0,1257470.0,706741.0,507967.0,117.4,2,Nano1
455147.0,580216.0,38327.0,44749.0,976,846,0.0,119,760751.0,616766.0,307090.0,273769.0,119.0,2,Nano1
545871.0,725622.0,41123.0,56486.0,898,693,313.0,231,671198.0,539630.0,320760.0,256031.0,119.1,2,Nano1
458864.0,632058.0,28408.0,40407.0,643,691,231.0,240,689295.0,578954.0,269456.0,248291.0,122.2,2,Nano1
538256.0,684382.0,56155.0,83578.0,1511,1414,553.0,294,701708.0,564385.0,272203.0,252165.0,123.8,2,Nano1
673758.0,807726.0,51081.0,75874.0,2183,1738,346.0,138,1000200.0,778791.0,350957.0,283068.0,125.0,2,Nano1
746513.0,832368.0,116054.0,130869.0,5936,4287,962.0,470,1458130.0,1061660.0,1200550.0,865374.0,125.2,2,Nano1
725264.0,747837.0,73914.0,98646.0,1613,1854,26.0,222,2047680.0,1499070.0,822220.0,556072.0,127.9,2,Nano1
1932640.0,1918340.0,4470050.0,5703390.0,6558,4576,2190.0,1360,277964.0,236971.0,205530.0,158426.0,128.1,2,Nano1
762280.0,830654.0,67141.0,81634.0,2118,1669,127.0,240,1663360.0,1177400.0,546917.0,419215.0,128.1,2,Nano1
1140630.0,1521840.0,112909.0,155244.0,3618,3077,1043.0,507,699956.0,546050.0,241028.0,180888.0,128.3,2,Nano1
1271020.0,1019020.0,1693970.0,1830930.0,2011,1165,443.0,151,448197.0,368934.0,214576.0,177322.0,130.0,2,Nano1
1521060.0,1579590.0,500685.0,603985.0,3684,2526,1119.0,559,1272500.0,927149.0,829808.0,597586.0,132.0,2,Nano1
1133970.0,1167940.0,54534.0,63584.0,3995,2545,395.0,292,2245400.0,1428380.0,880015.0,604261.0,132.8,2,Nano1
489657.0,629437.0,83165.0,127141.0,1221,943,418.0,281,654444.0,533756.0,244093.0,211521.0,133.6,2,Nano1
517645.0,677985.0,41336.0,58618.0,834,942,162.0,201,748336.0,579467.0,269909.0,237807.0,138.0,2,Nano1
815372.0,728471.0,93402.0,100499.0,12048,7981,1662.0,1044,1235400.0,886467.0,568935.0,366950.0,138.8,2,Nano1
667954.0,804679.0,63304.0,89633.0,2642,2029,415.0,193,1261450.0,984587.0,602068.0,426317.0,139.2,2,Nano1
556479.0,708119.0,154434.0,228375.0,883,723,0.0,122,753382.0,587894.0,387332.0,323496.0,141.4,2,Nano1
598078.0,731020.0,65162.0,97523.0,1372,1299,0.0,104,1004190.0,807374.0,441467.0,370916.0,143.3,2,Nano1
425372.0,512984.0,50264.0,77706.0,1534,1075,256.0,122,985041.0,793330.0,390491.0,347224.0,143.6,2,Nano1
809869.0,888098.0,1394080.0,1693370.0,3137,2165,1273.0,609,437339.0,341552.0,162763.0,126302.0,147.2,2,Nano1
1281080.0,1291720.0,1931780.0,1958870.0,6602,4095,717.0,802,648961.0,511895.0,396369.0,297064.0,147.3,2,Nano1
831334.0,854656.0,187315.0,263246.0,4831,3645,1138.0,451,2977110.0,1917030.0,1467530.0,905764.0,149.7,2,Nano1
544948.0,679656.0,53475.0,75306.0,1253,1293,314.0,255,911815.0,721835.0,386747.0,292517.0,150.1,2,Nano1
447860.0,574513.0,34823.0,48811.0,1067,1187,559.0,367,641201.0,505624.0,258718.0,214869.0,153.9,2,Nano1
269144.0,376931.0,32063.0,45377.0,1164,647,203.0,112,393176.0,329124.0,123373.0,126136.0,154.3,2,Nano1
742537.0,713028.0,156233.0,224583.0,3111,2392,220.0,264,2701530.0,1938110.0,1028240.0,871443.0,157.1,2,Nano1
464161.0,603495.0,34257.0,45940.0,1769,1288,314.0,146,685501.0,554035.0,250810.0,228764.0,157.2,2,Nano1
556382.0,707390.0,30908.0,44924.0,1434,1297,589.0,232,986984.0,798220.0,398581.0,329813.0,157.3,2,Nano1
415822.0,556810.0,90199.0,135491.0,968,898,307.0,136,587667.0,481565.0,232300.0,196718.0,158.7,2,Nano1
646358.0,834061.0,56613.0,79773.0,1468,1213,147.0,117,738418.0,587147.0,281859.0,264964.0,165.0,2,Nano1
544038.0,666899.0,21225.0,32657.0,2045,1594,640.0,247,1012840.0,835863.0,429751.0,356925.0,166.5,2,Nano1
458938.0,628056.0,48538.0,70372.0,1716,1545,38.0,96,525375.0,440068.0,182633.0,184920.0,167.0,2,Nano1
547887.0,642799.0,41154.0,55686.0,1766,1189,57.0,155,1161990.0,932414.0,380842.0,350435.0,168.7,2,Nano1
572969.0,684712.0,120007.0,155230.0,2395,1849,635.0,312,620081.0,521660.0,423565.0,406201.0,168.9,2,Nano1
360628.0,458603.0,16030.0,22892.0,288,603,218.0,229,569925.0,460383.0,206535.0,178754.0,170.4,2,Nano1
605827.0,820391.0,342326.0,503334.0,3684,3181,750.0,465,412051.0,356183.0,187180.0,169274.0,170.5,2,Nano1
1675720.0,2078280.0,674424.0,847853.0,2500,1810,418.0,466,911276.0,703809.0,378927.0,323714.0,172.5,2,Nano1
413573.0,578649.0,16741.0,23829.0,994,799,218.0,187,550356.0,452984.0,176774.0,155819.0,172.9,2,Nano1
456719.0,585645.0,84483.0,124882.0,1749,1041,174.0,194,755436.0,594937.0,294148.0,245477.0,176.3,2,Nano1
342279.0,466060.0,15102.0,19216.0,900,546,567.0,245,438444.0,357728.0,205931.0,172700.0,176.8,2,Nano1
541064.0,515569.0,1009570.0,1053350.0,1495,1170,468.0,311,559017.0,455679.0,263832.0,224844.0,177.4,2,Nano1
1213720.0,1011780.0,429737.0,305397.0,3937,1938,826.0,312,1369960.0,1073680.0,783077.0,641046.0,178.1,2,Nano1
449221.0,582784.0,24306.0,31610.0,1274,1177,0.0,96,770316.0,628820.0,295367.0,229926.0,178.3,2,Nano1
632257.0,829726.0,235375.0,335523.0,1611,1268,496.0,356,427175.0,337144.0,173785.0,160708.0,182.5,2,Nano1
2621700.0,1544630.0,6036400.0,4170770.0,10425,4378,3826.0,1246,1667190.0,704234.0,1310180.0,523236.0,182.6,2,Nano1
623574.0,721232.0,104498.0,147572.0,2298,1250,257.0,188,1012070.0,748337.0,469363.0,306394.0,182.7,2,Nano1
497947.0,608267.0,117460.0,177365.0,1670,1273,345.0,266,874773.0,711089.0,309457.0,259138.0,184.9,2,Nano1
796029.0,825007.0,1079500.0,1285310.0,5526,4157,1164.0,856,1867890.0,1312740.0,1447950.0,949929.0,189.9,2,Nano1
1072950.0,1188970.0,970245.0,1162670.0,2425,1758,364.0,429,366153.0,315502.0,217251.0,175682.0,191.7,2,Nano1
460451.0,620096.0,17247.0,24171.0,311,520,261.0,161,575155.0,457667.0,218326.0,189091.0,192.2,2,Nano1
582416.0,752847.0,85511.0,126687.0,1683,1347,479.0,271,862052.0,711943.0,298877.0,266685.0,193.4,2,Nano1
595047.0,635627.0,828667.0,1173630.0,1289,1073,178.0,167,651049.0,530656.0,265354.0,246292.0,194.4,2,Nano1
1548790.0,1588370.0,1282770.0,1515320.0,8904,4951,1596.0,987,1693690.0,1150160.0,1320710.0,817479.0,200.6,2,Nano1
537613.0,647593.0,60688.0,84200.0,2428,1976,219.0,236,978444.0,728071.0,516112.0,340157.0,200.9,2,Nano1
493062.0,656622.0,55139.0,70529.0,1800,1355,0.0,82,597735.0,476232.0,388106.0,276789.0,201.2,2,Nano1
1422530.0,1172770.0,1385030.0,1340830.0,4803,2467,1533.0,610,1547600.0,1068190.0,1208960.0,713515.0,205.6,2,Nano1
884842.0,884885.0,182725.0,254923.0,4466,3312,907.0,467,1811620.0,1312300.0,1433230.0,1084820.0,205.9,2,Nano1
863424.0,986739.0,85345.0,127699.0,2166,1829,365.0,237,1626950.0,1220410.0,689801.0,558394.0,206.8,2,Nano1
493279.0,470380.0,687966.0,847222.0,2319,1853,592.0,359,521290.0,428456.0,240235.0,215319.0,206.9,2,Nano1
533319.0,678398.0,106472.0,147941.0,2612,1952,409.0,267,1027050.0,762255.0,1085910.0,768115.0,207.2,2,Nano1
444526.0,591355.0,42982.0,59642.0,1559,1104,427.0,239,648022.0,524506.0,196880.0,199602.0,209.1,2,Nano1
1286200.0,1433190.0,1779050.0,2391010.0,5516,3820,1207.0,827,440162.0,337564.0,171251.0,134618.0,211.1,2,Nano1
889979.0,931977.0,143948.0,172796.0,6092,3635,582.0,608,2375110.0,1563520.0,2069420.0,1354820.0,219.9,2,Nano1
322930.0,436615.0,38926.0,57406.0,1489,1062,728.0,238,404291.0,342960.0,188996.0,168335.0,220.0,2,Nano1
337399.0,436807.0,41044.0,61218.0,910,783,103.0,180,484868.0,403879.0,169044.0,148803.0,222.7,2,Nano1
759803.0,843630.0,69074.0,95060.0,2711,2284,359.0,274,1211440.0,968636.0,875828.0,726800.0,223.6,2,Nano1
400278.0,521343.0,86807.0,131195.0,1241,933,393.0,181,632750.0,519018.0,264220.0,206371.0,224.6,2,Nano1
562871.0,743203.0,77548.0,113089.0,1516,1459,115.0,158,675363.0,547740.0,268171.0,233907.0,225.2,2,Nano1
561865.0,571324.0,80693.0,100439.0,9579,6521,1391.0,718,2336490.0,1475280.0,1342530.0,855806.0,225.3,2,Nano1
498856.0,602388.0,85637.0,127773.0,1460,1048,370.0,240,766137.0,635775.0,271215.0,250712.0,230.1,2,Nano1
407611.0,544147.0,56641.0,82133.0,1197,769,305.0,283,610855.0,505017.0,212303.0,187264.0,231.1,2,Nano1
539359.0,642507.0,79273.0,112130.0,2572,1618,0.0,109,957144.0,789276.0,304671.0,321155.0,233.0,2,Nano1
553150.0,697155.0,51939.0,63306.0,1967,1490,247.0,204,717756.0,555703.0,330135.0,242428.0,233.3,2,Nano1
614920.0,702477.0,288418.0,393891.0,3669,2507,1079.0,570,979031.0,734443.0,501779.0,383058.0,233.8,2,Nano1
346901.0,452584.0,29131.0,44192.0,680,762,152.0,190,474504.0,405372.0,160276.0,147352.0,242.0,2,Nano1
720641.0,825026.0,37242.0,45247.0,3469,1782,883.0,472,1516790.0,1159430.0,518662.0,425272.0,242.0,2,Nano1
496884.0,640569.0,66986.0,102253.0,1486,1112,166.0,128,733859.0,595765.0,239782.0,207481.0,242.6,2,Nano1
503397.0,606169.0,384459.0,512817.0,1725,1227,250.0,327,542208.0,435593.0,189383.0,171319.0,243.7,2,Nano1
511122.0,630916.0,60295.0,92464.0,1018,1147,477.0,228,888161.0,710321.0,378902.0,294056.0,243.8,2,Nano1
495329.0,649778.0,17699.0,22363.0,1287,798,0.0,159,725261.0,575481.0,197763.0,187595.0,246.9,2,Nano1
341687.0,473421.0,19946.0,29361.0,986,700,136.0,186,404583.0,344134.0,182106.0,159500.0,247.5,2,Nano1
542716.0,717137.0,147549.0,201182.0,2717,2042,343.0,278,378116.0,319228.0,171876.0,152512.0,247.9,2,Nano1
444997.0,571300.0,91473.0,134147.0,794,1087,304.0,137,655262.0,540412.0,224675.0,208691.0,252.0,2,Nano1
1177320.0,1585880.0,72084.0,104420.0,1498,1193,588.0,288,981208.0,775392.0,458412.0,338661.0,252.1,2,Nano1
789311.0,999686.0,571110.0,829332.0,1757,1221,528.0,319,387819.0,322107.0,174818.0,149506.0,255.5,2,Nano1
370462.0,505791.0,53434.0,83005.0,414,362,409.0,249,419715.0,347154.0,155988.0,140441.0,255.6,2,Nano1
622177.0,807123.0,63431.0,91252.0,1846,1282,359.0,177,895906.0,712320.0,346013.0,303714.0,255.7,2,Nano1
376053.0,471405.0,20516.0,29350.0,797,501,444.0,119,511022.0,425070.0,242495.0,204067.0,258.1,2,Nano1
1253160.0,1217810.0,1653210.0,2208380.0,3285,2872,955.0,741,1985370.0,1507040.0,1361470.0,1039310.0,263.9,2,Nano1
800787.0,775378.0,120780.0,143907.0,5936,4145,962.0,475,847858.0,408091.0,320584.0,168204.0,273.0,2,Nano1
998349.0,984994.0,161592.0,165315.0,13501,10490,1924.0,1293,1424740.0,1035420.0,614350.0,411167.0,274.1,2,Nano1
343711.0,470736.0,45361.0,68500.0,1360,778,368.0,131,427963.0,358976.0,198704.0,168996.0,275.7,2,Nano1
670006.0,770262.0,899468.0,1099010.0,16875,10556,2478.0,1519,565203.0,431530.0,204446.0,174518.0,277.3,2,Nano1
503807.0,642034.0,152587.0,222258.0,1489,1303,354.0,215,709713.0,559465.0,288958.0,239800.0,280.3,2,Nano1
442646.0,584843.0,77579.0,106605.0,714,1170,715.0,290,630782.0,495619.0,243587.0,204742.0,280.7,2,Nano1
647309.0,710191.0,129687.0,179372.0,1896,1743,395.0,259,1015300.0,822267.0,704605.0,572802.0,281.1,2,Nano1
241099.0,218863.0,111931.0,125888.0,2563,1389,425.0,301,493616.0,310601.0,257262.0,150580.0,281.5,2,Nano1
374552.0,483036.0,36117.0,55684.0,849,741,111.0,207,601070.0,510312.0,230526.0,225268.0,281.7,2,Nano1
636404.0,801262.0,80719.0,119811.0,1540,1535,635.0,283,750877.0,618641.0,246871.0,242356.0,285.2,2,Nano1
588455.0,716980.0,102857.0,153511.0,1078,1217,275.0,193,1092350.0,902798.0,382051.0,347962.0,287.0,2,Nano1
437112.0,554295.0,35141.0,46304.0,1324,1311,55.0,217,700280.0,568523.0,259657.0,224019.0,287.0,2,Nano1
500711.0,608479.0,37867.0,48084.0,885,1349,235.0,103,831268.0,648713.0,356659.0,300696.0,289.3,2,Nano1
917583.0,876279.0,138409.0,166743.0,4184,2752,823.0,410,1040500.0,766676.0,468195.0,342981.0,290.8,2,Nano1
506628.0,573190.0,99848.0,152961.0,1559,1121,279.0,204,862388.0,692821.0,833755.0,667896.0,293.4,2,Nano1
557310.0,707946.0,63593.0,90555.0,1232,1054,14.0,119,668967.0,543464.0,204475.0,178323.0,294.6,2,Nano1
428199.0,530667.0,48451.0,73981.0,1600,928,493.0,233,837729.0,698801.0,334097.0,298244.0,294.8,2,Nano1
448800.0,559965.0,80238.0,111232.0,1021,771,597.0,231,710558.0,557457.0,346379.0,255526.0,296.5,2,Nano1
426999.0,565477.0,31012.0,43411.0,1695,1226,100.0,87,729110.0,592959.0,234497.0,207210.0,296.7,2,Nano1
1370030.0,1374590.0,4118340.0,5325730.0,6413,4019,1722.0,955,426155.0,338163.0,244202.0,181312.0,297.9,2,Nano1
425517.0,512137.0,48156.0,65384.0,1151,1041,320.0,207,997009.0,804867.0,426160.0,359333.0,298.4,2,Nano1
725316.0,853446.0,63805.0,87597.0,1822,1630,611.0,460,1076950.0,877658.0,830565.0,699590.0,298.6,2,Nano1
637617.0,804543.0,84713.0,120975.0,2171,1238,197.0,136,782404.0,621947.0,251500.0,219387.0,298.9,2,Nano1
658494.0,678470.0,71338.0,94927.0,6447,4383,427.0,665,1648520.0,1146860.0,922383.0,588224.0,300.7,2,Nano1
205777.0,283295.0,11809.0,19680.0,433,232,0.0,76,395987.0,319499.0,77296.0,79494.0,301.7,2,Nano1
432231.0,539535.0,105935.0,159234.0,1338,933,100.0,208,890612.0,704710.0,330830.0,299370.0,302.1,2,Nano1
579708.0,774090.0,88493.0,128210.0,974,979,0.0,188,669919.0,540906.0,267643.0,226977.0,303.0,2,Nano1
492915.0,629356.0,146758.0,180866.0,877,775,79.0,87,617760.0,482635.0,288444.0,242521.0,303.7,2,Nano1
744811.0,783423.0,337542.0,517541.0,18869,17150,2061.0,1762,1200940.0,864807.0,470594.0,358365.0,304.8,2,Nano1
634998.0,603551.0,1095600.0,1508060.0,2932,2475,488.0,326,1306470.0,1029230.0,534427.0,447357.0,306.4,2,Nano1
611795.0,748515.0,120536.0,176246.0,1646,1573,13.0,120,1074050.0,827419.0,370103.0,320686.0,307.6,2,Nano1
637642.0,691391.0,86576.0,109423.0,5181,3832,433.0,404,1710780.0,1223290.0,1956420.0,1186180.0,308.1,2,Nano1
500320.0,669645.0,49778.0,75335.0,538,450,220.0,163,463742.0,391003.0,197495.0,189365.0,311.5,2,Nano1
539893.0,681115.0,64458.0,89779.0,1640,1411,703.0,320,725640.0,586132.0,287597.0,252114.0,311.8,2,Nano1
1324800.0,1200160.0,10824000.0,13719800.0,12749,6892,3231.0,1723,7059670.0,4312460.0,5868130.0,3316110.0,19.8,3,Nano2
2984350.0,1309240.0,6808840.0,5357860.0,10987,4293,2773.0,1221,3887500.0,2126170.0,2555860.0,1246010.0,32.2,3,Nano2
1092470.0,1088860.0,119870.0,135234.0,40736,29150,4227.0,3040,1535750.0,800298.0,648910.0,311779.0,33.7,3,Nano2
3961530.0,1794050.0,15667000.0,9226980.0,23653,8278,6553.0,2271,2261640.0,1376200.0,1554560.0,805340.0,58.7,3,Nano2
3734400.0,1944110.0,4013090.0,2984260.0,53809,21069,10107.0,4309,5434200.0,2616490.0,3479530.0,1504810.0,74.2,3,Nano2
2452410.0,1502900.0,6569410.0,4917730.0,42188,12859,5995.0,1921,3027780.0,1640020.0,2176680.0,960050.0,74.2,3,Nano2
6546000.0,2587200.0,1066010.0,9038970.0,38381,11188,9893.0,2868,10319300.0,1830380.0,5302870.0,980923.0,87.5,3,Nano2
3215780.0,2348020.0,7238380.0,5904590.0,13260,6234,3544.0,1717,2834730.0,1653390.0,1941110.0,964968.0,97.1,3,Nano2
2041730.0,1327600.0,2035210.0,1776870.0,9057,4040,1862.0,882,2159230.0,1450810.0,1691920.0,916131.0,100.4,3,Nano2
3197580.0,2128890.0,9983850.0,6813200.0,19273,8161,5089.0,1729,1941150.0,1292390.0,1742000.0,966728.0,104.0,3,Nano2
682561.0,570613.0,230716.0,264032.0,5319,3903,1017.0,457,4167530.0,2598810.0,1730360.0,1121330.0,118.7,3,Nano2
2315100.0,1467590.0,3713600.0,3212990.0,14072,6959,2999.0,1594,6661530.0,3334700.0,5395880.0,2390580.0,122.2,3,Nano2
831334.0,854656.0,187315.0,263246.0,4831,3645,1138.0,451,2977110.0,1917030.0,1467530.0,905764.0,149.7,3,Nano2
2041180.0,1564190.0,5615920.0,6477860.0,6341,4414,838.0,657,4660360.0,2702580.0,1970750.0,1104030.0,164.7,3,Nano2
1834890.0,1423570.0,1052180.0,993732.0,7168,3822,1621.0,786,3174700.0,1751390.0,2107930.0,1081520.0,173.6,3,Nano2
3316910.0,1920800.0,6112540.0,3467040.0,34068,10623,7774.0,2495,6593470.0,2897780.0,6165360.0,2487500.0,178.5,3,Nano2
6054400.0,2922390.0,2763440.0,2338520.0,52505,23477,19502.0,13540,8301560.0,3359000.0,5622310.0,1947120.0,180.3,3,Nano2
1654110.0,1394980.0,3707030.0,4114330.0,7382,4278,2370.0,1011,3242910.0,2056620.0,2202970.0,1287350.0,186.9,3,Nano2
1333460.0,1380810.0,1238010.0,1257220.0,26251,18438,6433.0,4228,2472920.0,1684580.0,1654860.0,1072880.0,207.2,3,Nano2
1349260.0,1088350.0,1930770.0,2005730.0,8907,5424,1622.0,1027,2585600.0,1658920.0,1864380.0,1041760.0,225.2,3,Nano2
4226890.0,2373000.0,2895460.0,13923100.0,28926,10405,11648.0,6320,4258530.0,2179410.0,3175510.0,1395860.0,225.4,3,Nano2
3172580.0,2227390.0,259067.0,167309.0,6428,3264,1325.0,576,6283560.0,2890120.0,3802570.0,1611100.0,248.2,3,Nano2
1253160.0,1217810.0,1653210.0,2208380.0,3285,2872,955.0,741,1985370.0,1507040.0,1361470.0,1039310.0,263.9,3,Nano2
1046540.0,1349010.0,45213.0,64148.0,61078,54433,6659.0,6297,1025270.0,850020.0,416524.0,353802.0,270.0,3,Nano2
8757200.0,2651820.0,11120100.0,11092900.0,72121,11450,26539.0,9430,13593300.0,7294800.0,4466320.0,5404110.0,270.3,3,Nano2
3994460.0,2111290.0,10431600.0,6547540.0,32352,9827,9248.0,3624,4790210.0,2259380.0,3306760.0,1399620.0,304.7,3,Nano2
3549640.0,2098920.0,5796960.0,5159120.0,14410,6484,3981.0,1605,7484920.0,3408210.0,5470950.0,2212350.0,314.5,3,Nano2
26789.0,70574.0,4715.0,12348.0,243,160,74.0,51,31930.0,41352.0,24932.0,39367.0,16.6,4,PEuk1
14296.0,38907.0,5002.0,10752.0,125,116,121.0,18,18733.0,25657.0,10524.0,19826.0,16.9,4,PEuk1
36957.0,66135.0,1278.0,5243.0,370,219,177.0,83,33130.0,43034.0,34956.0,37430.0,16.9,4,PEuk1
120796.0,239146.0,30674.0,58725.0,439,202,494.0,205,15352.0,20123.0,13498.0,16020.0,17.0,4,PEuk1
28640.0,49058.0,2602.0,6153.0,0,84,310.0,230,23472.0,30079.0,20526.0,23856.0,17.6,4,PEuk1
5401.0,19121.0,612.0,2832.0,358,354,172.0,96,16235.0,23247.0,3280.0,15403.0,17.7,4,PEuk1
24527.0,56561.0,15224.0,31281.0,343,230,108.0,59,32316.0,41242.0,27588.0,33617.0,17.8,4,PEuk1
47575.0,115933.0,22232.0,44566.0,387,208,0.0,35,49983.0,64423.0,30380.0,59845.0,17.9,4,PEuk1
22090.0,41027.0,9380.0,18357.0,206,182,244.0,101,21563.0,26270.0,16695.0,24701.0,18.3,4,PEuk1
28280.0,45740.0,3203.0,5523.0,297,189,0.0,103,24297.0,28575.0,21805.0,23465.0,18.5,4,PEuk1
33608.0,55378.0,17234.0,31558.0,753,402,179.0,126,30144.0,35549.0,27515.0,33548.0,18.5,4,PEuk1
15931.0,30516.0,2974.0,5799.0,107,112,232.0,146,24880.0,29353.0,20865.0,21112.0,18.6,4,PEuk1
40846.0,81815.0,6198.0,13657.0,8,117,111.0,70,43969.0,52291.0,26650.0,47236.0,18.7,4,PEuk1
58943.0,114324.0,20921.0,44169.0,158,178,139.0,125,71622.0,80785.0,57573.0,65726.0,18.8,4,PEuk1
36050.0,81543.0,2446.0,4090.0,234,152,266.0,126,45017.0,49301.0,32735.0,38325.0,18.9,4,PEuk1
115338.0,212642.0,18157.0,32671.0,242,216,190.0,97,91911.0,96411.0,46564.0,48428.0,19.4,4,PEuk1
66611.0,140614.0,14820.0,24265.0,76,145,0.0,41,54001.0,57073.0,65085.0,62331.0,19.5,4,PEuk1
24190.0,29840.0,16068.0,30381.0,122,186,0.0,58,32412.0,38659.0,13624.0,33898.0,19.5,4,PEuk1
23317.0,51484.0,10694.0,18746.0,112,134,234.0,129,24432.0,27723.0,18419.0,22420.0,19.5,4,PEuk1
15471.0,32329.0,2190.0,3786.0,430,149,99.0,71,19619.0,24326.0,3391.0,9032.0,19.7,4,PEuk1
42339.0,68301.0,14110.0,23805.0,355,369,0.0,51,49386.0,54666.0,39583.0,41597.0,19.8,4,PEuk1
5796.0,14800.0,24383.0,56490.0,160,218,199.0,129,39372.0,56050.0,146714.0,117291.0,19.8,4,PEuk1
24935.0,46993.0,1088.0,2746.0,388,225,103.0,60,19952.0,23002.0,14063.0,17560.0,19.8,4,PEuk1
20992.0,34326.0,2665.0,4581.0,439,273,13.0,22,19143.0,21643.0,11228.0,21442.0,20.0,4,PEuk1
30994.0,68036.0,4802.0,10019.0,103,89,206.0,116,40143.0,48023.0,17642.0,40736.0,20.2,4,PEuk1
47884.0,56861.0,19989.0,29796.0,83,85,0.0,121,40308.0,42278.0,33386.0,37478.0,20.5,4,PEuk1
45444.0,64979.0,8850.0,15649.0,0,75,0.0,68,35614.0,37995.0,28232.0,29911.0,20.5,4,PEuk1
139199.0,222795.0,15253.0,24958.0,192,208,684.0,232,80216.0,83797.0,95405.0,75564.0,20.6,4,PEuk1
21602.0,39352.0,815.0,3319.0,397,242,286.0,152,35179.0,39180.0,18866.0,28960.0,20.9,4,PEuk1
35278.0,68349.0,7226.0,12135.0,481,229,294.0,133,24666.0,25561.0,18852.0,22079.0,21.2,4,PEuk1
55963.0,91827.0,11655.0,19819.0,541,406,231.0,127,66275.0,68569.0,60482.0,54442.0,21.2,4,PEuk1
37676.0,50706.0,18130.0,32339.0,0,299,133.0,94,37836.0,39836.0,31565.0,30903.0,21.6,4,PEuk1
43359.0,74945.0,9300.0,15640.0,478,220,105.0,119,50743.0,52333.0,49978.0,43046.0,21.6,4,PEuk1
85394.0,139836.0,35719.0,62806.0,0,136,0.0,34,74951.0,68295.0,26645.0,31787.0,21.6,4,PEuk1
93793.0,143420.0,9430.0,14444.0,708,303,71.0,72,85684.0,79952.0,36580.0,37133.0,21.6,4,PEuk1
23822.0,45875.0,8155.0,13781.0,201,105,371.0,136,28351.0,28880.0,15468.0,17519.0,21.6,4,PEuk1
1960.0,6505.0,142.0,1637.0,179,75,153.0,57,20372.0,20875.0,6599.0,7252.0,22.0,4,PEuk1
1740.0,8250.0,267.0,1270.0,109,49,210.0,141,7662.0,12313.0,5973.0,6874.0,22.0,4,PEuk1
16764.0,30916.0,5640.0,8464.0,29,121,289.0,130,26848.0,26174.0,16902.0,22089.0,22.4,4,PEuk1
51534.0,72058.0,7425.0,12755.0,599,336,374.0,145,54143.0,52365.0,35672.0,40140.0,22.5,4,PEuk1
34963.0,39189.0,6833.0,8543.0,562,190,0.0,64,28270.0,28231.0,21390.0,18388.0,22.8,4,PEuk1
49357.0,69171.0,11717.0,19680.0,218,289,57.0,145,44476.0,42246.0,38397.0,38472.0,23.1,4,PEuk1
34118.0,57433.0,30441.0,52553.0,544,306,319.0,129,48516.0,47594.0,29791.0,31136.0,23.2,4,PEuk1
38063.0,69444.0,3438.0,7652.0,376,207,118.0,53,45700.0,45978.0,28816.0,39929.0,23.4,4,PEuk1
34980.0,53509.0,5892.0,8711.0,110,286,58.0,118,47771.0,45467.0,27446.0,31414.0,23.6,4,PEuk1
18585.0,35608.0,3084.0,6136.0,185,88,197.0,128,22000.0,23569.0,8916.0,15705.0,23.7,4,PEuk1
36992.0,70978.0,7921.0,12061.0,339,165,273.0,162,37108.0,35841.0,25642.0,26190.0,24.2,4,PEuk1
21293.0,38926.0,3457.0,5386.0,82,42,481.0,226,34763.0,30435.0,22366.0,24314.0,24.2,4,PEuk1
22885.0,32455.0,1721.0,3350.0,303,255,449.0,149,25365.0,24469.0,18291.0,21192.0,24.3,4,PEuk1
47625.0,91066.0,10443.0,18628.0,239,282,425.0,141,48497.0,45218.0,27121.0,33071.0,24.3,4,PEuk1
53252.0,87916.0,7266.0,10967.0,216,125,348.0,144,39097.0,36735.0,28165.0,32120.0,24.8,4,PEuk1
17461.0,27926.0,5036.0,8919.0,263,127,136.0,24,18086.0,20156.0,4165.0,10699.0,24.9,4,PEuk1
34847.0,45973.0,1438.0,3693.0,0,227,219.0,184,29614.0,28635.0,13641.0,21901.0,25.3,4,PEuk1
50223.0,76550.0,31558.0,52411.0,160,129,196.0,108,51070.0,49255.0,48868.0,46578.0,25.4,4,PEuk1
36026.0,42732.0,3177.0,5252.0,348,163,52.0,99,31283.0,29932.0,28462.0,23677.0,25.4,4,PEuk1
213601.0,330486.0,53977.0,83618.0,622,695,0.0,118,118606.0,100936.0,57513.0,53612.0,25.6,4,PEuk1
116133.0,172754.0,12220.0,20416.0,284,352,1.0,60,80198.0,69974.0,53636.0,55226.0,25.6,4,PEuk1
39101.0,63602.0,25835.0,44390.0,411,314,374.0,145,30678.0,29478.0,11099.0,20602.0,25.8,4,PEuk1
27253.0,28714.0,5014.0,7554.0,186,144,386.0,260,25488.0,25480.0,15471.0,20496.0,25.9,4,PEuk1
56592.0,75620.0,2379.0,3184.0,221,235,188.0,118,50450.0,44226.0,45588.0,40269.0,26.1,4,PEuk1
4790.0,13583.0,195.0,1942.0,185,123,158.0,124,24711.0,19584.0,3612.0,2934.0,26.2,4,PEuk1
1158.0,6495.0,480.0,2737.0,192,123,137.0,77,8677.0,18067.0,1278.0,2071.0,26.2,4,PEuk1
23290.0,39076.0,11205.0,20358.0,287,203,143.0,86,27687.0,28961.0,4787.0,13814.0,26.3,4,PEuk1
26622.0,38544.0,6274.0,9918.0,194,198,5.0,96,34732.0,31555.0,26595.0,28162.0,26.3,4,PEuk1
38507.0,67507.0,5424.0,8728.0,74,164,141.0,117,45981.0,42938.0,42485.0,35750.0,26.4,4,PEuk1
22799.0,34884.0,7092.0,10556.0,0,158,220.0,155,35501.0,33037.0,19565.0,22528.0,26.5,4,PEuk1
17148.0,34564.0,11823.0,20812.0,140,195,280.0,135,24167.0,23315.0,13554.0,17612.0,27.4,4,PEuk1
38256.0,68932.0,9590.0,15237.0,0,114,0.0,53,38605.0,37006.0,21076.0,29458.0,27.8,4,PEuk1
24335.0,45822.0,5032.0,8312.0,334,260,86.0,46,23665.0,22556.0,7529.0,16487.0,28.0,4,PEuk1
32075.0,47012.0,1658.0,4712.0,194,204,370.0,160,26237.0,25954.0,24350.0,22153.0,28.0,4,PEuk1
45060.0,74645.0,15975.0,23971.0,25,24,13.0,29,57614.0,55210.0,34532.0,46350.0,28.1,4,PEuk1
82561.0,119732.0,20838.0,34020.0,145,95,0.0,55,86958.0,82419.0,49817.0,64172.0,28.2,4,PEuk1
29836.0,51946.0,3400.0,6175.0,23,89,431.0,188,29419.0,29675.0,11032.0,21187.0,28.3,4,PEuk1
35495.0,60631.0,2511.0,3712.0,279,156,39.0,78,37657.0,34084.0,14846.0,25904.0,28.4,4,PEuk1
85288.0,124047.0,5825.0,10021.0,704,344,96.0,135,38101.0,34439.0,29496.0,34789.0,28.6,4,PEuk1
30868.0,53959.0,2578.0,2905.0,263,212,134.0,78,40990.0,39040.0,13838.0,28903.0,28.7,4,PEuk1
15927.0,24005.0,5051.0,8813.0,98,82,144.0,62,23060.0,22309.0,18930.0,16063.0,29.1,4,PEuk1
29065.0,32988.0,9015.0,14928.0,577,358,313.0,154,35833.0,32783.0,31496.0,27359.0,29.2,4,PEuk1
25622.0,36364.0,5463.0,8475.0,59,66,269.0,219,25639.0,25101.0,9998.0,16614.0,29.4,4,PEuk1
28313.0,53851.0,7585.0,14046.0,85,135,168.0,180,33532.0,30672.0,20345.0,23404.0,29.4,4,PEuk1
67172.0,107734.0,4711.0,7663.0,230,131,209.0,106,56408.0,52050.0,36322.0,45759.0,29.5,4,PEuk1
37621.0,64189.0,4715.0,6327.0,532,202,98.0,83,38904.0,35734.0,28694.0,29188.0,29.5,4,PEuk1
76380.0,112839.0,17402.0,27874.0,203,180,191.0,175,82355.0,75856.0,64304.0,52442.0,29.5,4,PEuk1
35897.0,61161.0,6486.0,11439.0,240,178,140.0,117,36157.0,31032.0,17347.0,24694.0,29.5,4,PEuk1
56396.0,94494.0,8776.0,14503.0,97,246,112.0,81,59826.0,56268.0,45916.0,45786.0,29.6,4,PEuk1
34097.0,46755.0,2918.0,4999.0,397,170,278.0,137,40338.0,37527.0,25500.0,30124.0,29.7,4,PEuk1
50982.0,77460.0,8915.0,14742.0,154,85,308.0,217,57004.0,52624.0,48008.0,44184.0,29.7,4,PEuk1
35031.0,48282.0,5187.0,7993.0,103,155,61.0,67,29143.0,26450.0,27948.0,24634.0,30.2,4,PEuk1
31457.0,43944.0,5904.0,9991.0,363,172,228.0,196,28827.0,27367.0,24676.0,22108.0,30.3,4,PEuk1
47122.0,64857.0,13090.0,22508.0,475,380,256.0,93,47593.0,42498.0,37979.0,35848.0,30.5,4,PEuk1
71602.0,87250.0,6200.0,9357.0,334,305,412.0,153,64928.0,61186.0,57377.0,48049.0,30.5,4,PEuk1
53360.0,78884.0,5515.0,9277.0,442,278,128.0,139,49150.0,46725.0,32998.0,41052.0,30.9,4,PEuk1
26038.0,41547.0,2107.0,4468.0,158,133,187.0,89,27378.0,26612.0,15912.0,22505.0,30.9,4,PEuk1
46572.0,70438.0,10937.0,15006.0,352,235,295.0,170,22906.0,20658.0,16998.0,20919.0,31.5,4,PEuk1
3598.0,10618.0,2729.0,6448.0,182,53,99.0,79,14997.0,21929.0,9782.0,9441.0,32.1,4,PEuk1
4705.0,13390.0,11655.0,21359.0,252,172,159.0,36,49447.0,40508.0,12283.0,10807.0,32.2,4,PEuk1
38764.0,54311.0,3400.0,5438.0,381,234,178.0,102,42606.0,40722.0,25084.0,31633.0,32.3,4,PEuk1
21878.0,43460.0,2065.0,4947.0,245,150,80.0,40,27783.0,26629.0,8516.0,17462.0,32.5,4,PEuk1
40358.0,59690.0,12692.0,22298.0,269,339,143.0,135,45263.0,42548.0,24087.0,34133.0,32.6,4,PEuk1
24390.0,34638.0,1860.0,3131.0,146,140,269.0,214,31001.0,31828.0,9709.0,17068.0,32.9,4,PEuk1
24046.0,39244.0,14350.0,23568.0,605,277,119.0,81,30082.0,29974.0,21504.0,23687.0,33.2,4,PEuk1
23364.0,41360.0,5494.0,7805.0,134,144,108.0,52,26784.0,25795.0,9992.0,17153.0,33.3,4,PEuk1
72744.0,116229.0,13004.0,20941.0,179,232,443.0,217,85393.0,76985.0,81472.0,56923.0,33.5,4,PEuk1
120846.0,172112.0,6622.0,10639.0,227,347,307.0,136,113858.0,101881.0,102821.0,89904.0,33.6,4,PEuk1
58820.0,90868.0,12233.0,19623.0,554,258,128.0,107,27548.0,24838.0,20550.0,19299.0,33.6,4,PEuk1
30171.0,49884.0,12053.0,18519.0,263,163,226.0,146,23415.0,21666.0,24347.0,20652.0,33.8,4,PEuk1
75902.0,108910.0,12525.0,17342.0,231,387,77.0,108,85128.0,79016.0,51345.0,61589.0,34.4,4,PEuk1
34202.0,54215.0,10137.0,17127.0,237,148,29.0,144,52174.0,48642.0,31394.0,36853.0,34.8,4,PEuk1
37108.0,59743.0,6275.0,12068.0,125,149,0.0,21,31837.0,28381.0,34994.0,24915.0,34.8,4,PEuk1
36119.0,49073.0,9011.0,15279.0,622,314,583.0,169,36725.0,32436.0,30940.0,25779.0,34.9,4,PEuk1
66350.0,110819.0,5750.0,8916.0,444,245,150.0,156,35763.0,31844.0,31173.0,27476.0,35.1,4,PEuk1
104543.0,148926.0,14954.0,21229.0,293,367,519.0,170,70699.0,65544.0,50348.0,51210.0,35.3,4,PEuk1
33622.0,37692.0,22751.0,33805.0,212,103,166.0,117,21378.0,19840.0,15701.0,16106.0,35.3,4,PEuk1
78270.0,105038.0,5539.0,8011.0,1136,380,1129.0,292,39203.0,34099.0,35004.0,28541.0,35.5,4,PEuk1
29236.0,43263.0,5529.0,8773.0,92,140,136.0,136,35105.0,31475.0,23889.0,23238.0,35.7,4,PEuk1
39923.0,56128.0,3675.0,5886.0,363,341,49.0,67,46438.0,41842.0,25503.0,27942.0,35.8,4,PEuk1
22853.0,30180.0,9236.0,15505.0,65,75,74.0,41,20019.0,19013.0,6867.0,12538.0,35.8,4,PEuk1
126403.0,192950.0,31797.0,48189.0,628,361,159.0,119,80416.0,67995.0,64267.0,57673.0,35.8,4,PEuk1
37949.0,59970.0,10944.0,16714.0,327,114,52.0,45,36266.0,34700.0,21146.0,26348.0,36.1,4,PEuk1
36465.0,51783.0,11150.0,16181.0,70,142,46.0,28,50625.0,47815.0,49761.0,37282.0,36.9,4,PEuk1
90997.0,125000.0,4990.0,6275.0,352,252,172.0,128,89623.0,81337.0,78375.0,73550.0,37.1,4,PEuk1
54445.0,77669.0,3311.0,4534.0,477,286,182.0,84,49008.0,47395.0,39674.0,41139.0,37.3,4,PEuk1
84875.0,117501.0,22565.0,35760.0,481,246,0.0,27,79775.0,72287.0,65646.0,63637.0,37.3,4,PEuk1
64928.0,81647.0,4227.0,5421.0,0,256,376.0,247,65110.0,59484.0,74562.0,53318.0,37.5,4,PEuk1
51164.0,59509.0,1402.0,3698.0,545,336,298.0,159,40283.0,36680.0,37568.0,29280.0,38.0,4,PEuk1
292510.0,287622.0,8508.0,11208.0,1330,842,494.0,172,180881.0,95631.0,118974.0,55499.0,38.2,4,PEuk1
88156.0,123145.0,3613.0,4872.0,517,295,428.0,107,101047.0,91452.0,94268.0,79290.0,38.4,4,PEuk1
57655.0,93908.0,9731.0,16521.0,315,218,172.0,92,71079.0,66743.0,33129.0,56445.0,38.4,4,PEuk1
49353.0,64352.0,1417.0,4926.0,251,174,270.0,170,42082.0,39063.0,46620.0,34657.0,38.4,4,PEuk1
68487.0,98091.0,10711.0,18076.0,321,409,0.0,27,43414.0,39480.0,31984.0,27435.0,38.4,4,PEuk1
31894.0,55923.0,2791.0,4737.0,245,138,232.0,168,33624.0,33656.0,25263.0,26807.0,38.6,4,PEuk1
205221.0,280789.0,14259.0,21772.0,1212,577,352.0,189,74581.0,68455.0,42790.0,37173.0,38.7,4,PEuk1
46380.0,58835.0,2564.0,3567.0,786,383,357.0,161,42455.0,38540.0,30304.0,30068.0,38.8,4,PEuk1
37812.0,59306.0,11713.0,18450.0,121,90,304.0,167,48599.0,43569.0,36483.0,33118.0,38.9,4,PEuk1
36390.0,57719.0,1460.0,3920.0,115,99,156.0,89,44516.0,42489.0,24468.0,33423.0,39.0,4,PEuk1
46382.0,74643.0,13215.0,22019.0,174,88,229.0,89,59969.0,58727.0,27185.0,48463.0,39.1,4,PEuk1
46886.0,71622.0,11190.0,18640.0,0,67,92.0,54,71607.0,64296.0,55915.0,45218.0,39.8,4,PEuk1
77863.0,106670.0,33215.0,52531.0,367,183,33.0,178,67124.0,58786.0,62872.0,49530.0,40.1,4,PEuk1
107449.0,175823.0,40150.0,65992.0,334,258,163.0,159,99495.0,89405.0,68892.0,79213.0,40.3,4,PEuk1
28612.0,57316.0,7369.0,14136.0,162,126,244.0,180,35226.0,35673.0,18168.0,28722.0,40.3,4,PEuk1
50837.0,83239.0,29044.0,47799.0,0,130,134.0,117,50930.0,45386.0,28158.0,37146.0,40.6,4,PEuk1
91427.0,127314.0,21474.0,32344.0,206,247,17.0,34,92240.0,88949.0,71054.0,80243.0,40.8,4,PEuk1
33389.0,47154.0,2624.0,4922.0,0,124,0.0,42,47993.0,46225.0,18995.0,29694.0,40.9,4,PEuk1
49645.0,74320.0,8182.0,12087.0,450,262,155.0,138,52869.0,48239.0,33354.0,34627.0,41.0,4,PEuk1
89773.0,116916.0,10246.0,15562.0,743,455,681.0,211,87871.0,81725.0,62824.0,67480.0,41.2,4,PEuk1
71051.0,97705.0,17079.0,27628.0,318,342,210.0,144,68251.0,64592.0,49621.0,53171.0,41.4,4,PEuk1
44119.0,61288.0,21583.0,33241.0,0,169,0.0,44,49906.0,49109.0,38788.0,38607.0,41.7,4,PEuk1
44521.0,51728.0,8251.0,11719.0,171,117,0.0,92,53011.0,47411.0,46135.0,43784.0,41.9,4,PEuk1
23281.0,42705.0,6349.0,10401.0,131,171,330.0,198,43890.0,41673.0,40373.0,30621.0,42.2,4,PEuk1
35770.0,63743.0,12338.0,20612.0,0,41,270.0,128,39995.0,38523.0,30829.0,28419.0,42.2,4,PEuk1
45764.0,70521.0,17153.0,26425.0,475,273,0.0,102,37118.0,35627.0,35929.0,27694.0,42.3,4,PEuk1
45139.0,72072.0,5093.0,8251.0,173,149,194.0,70,48121.0,44922.0,21529.0,35161.0,42.5,4,PEuk1
35905.0,55571.0,9593.0,14905.0,317,349,106.0,112,50154.0,48181.0,21171.0,38311.0,42.5,4,PEuk1
39129.0,62787.0,6195.0,8904.0,586,171,471.0,220,36457.0,34036.0,31597.0,27289.0,42.6,4,PEuk1
35964.0,63891.0,11554.0,16626.0,340,214,163.0,74,45244.0,42219.0,33777.0,35367.0,42.9,4,PEuk1
48597.0,65293.0,7666.0,14709.0,305,147,352.0,173,46099.0,45548.0,33065.0,43572.0,43.2,4,PEuk1
33970.0,49009.0,3656.0,6101.0,303,209,220.0,172,37622.0,34059.0,21270.0,27595.0,43.3,4,PEuk1
35256.0,45815.0,8278.0,14317.0,182,153,399.0,190,39462.0,35945.0,26803.0,28872.0,43.4,4,PEuk1
37577.0,46717.0,3388.0,4177.0,40,157,326.0,177,40702.0,39922.0,27334.0,30664.0,43.4,4,PEuk1
17425.0,37069.0,1857.0,3080.0,234,197,171.0,100,19209.0,18569.0,9489.0,15723.0,43.7,4,PEuk1
35292.0,41634.0,12209.0,17516.0,0,68,482.0,252,28173.0,25483.0,16237.0,23123.0,43.8,4,PEuk1
64367.0,96740.0,34159.0,55830.0,342,117,323.0,206,78680.0,74729.0,38258.0,53933.0,44.0,4,PEuk1
605.0,3174.0,1874.0,8820.0,115,8,172.0,58,8378.0,17246.0,10293.0,16046.0,44.1,4,PEuk1
13207.0,11431.0,42070.0,29213.0,0,152,174.0,92,114497.0,38387.0,68563.0,21950.0,44.1,4,PEuk1
14014.0,19761.0,34535.0,31851.0,171,270,178.0,142,110620.0,54233.0,24681.0,20412.0,44.1,4,PEuk1
23243.0,42939.0,5970.0,9290.0,490,339,90.0,85,40782.0,38610.0,15344.0,24418.0,44.1,4,PEuk1
68633.0,99789.0,9470.0,14146.0,453,322,210.0,131,42819.0,41566.0,25167.0,29354.0,44.2,4,PEuk1
50427.0,73400.0,9775.0,14168.0,852,400,168.0,84,63748.0,58955.0,32796.0,43802.0,44.4,4,PEuk1
47102.0,56558.0,10606.0,15475.0,441,272,73.0,213,35503.0,32664.0,34225.0,23598.0,44.5,4,PEuk1
50867.0,85857.0,8040.0,14197.0,191,131,254.0,152,49471.0,46779.0,18544.0,36993.0,44.6,4,PEuk1
56765.0,81885.0,16226.0,24661.0,116,195,165.0,77,59960.0,53260.0,42582.0,47323.0,44.8,4,PEuk1
39234.0,56529.0,3136.0,5019.0,373,268,27.0,106,37469.0,35186.0,25655.0,28303.0,45.0,4,PEuk1
45244.0,69681.0,25087.0,40495.0,324,262,345.0,194,62475.0,59961.0,32893.0,37731.0,45.0,4,PEuk1
35663.0,60696.0,5577.0,10803.0,318,187,223.0,125,37906.0,33509.0,17913.0,22623.0,45.0,4,PEuk1
32803.0,45132.0,2930.0,5018.0,143,234,285.0,124,30662.0,27387.0,23536.0,20918.0,45.5,4,PEuk1
44113.0,61395.0,6069.0,7722.0,346,394,130.0,87,22575.0,21396.0,22033.0,17430.0,45.6,4,PEuk1
120874.0,184715.0,19046.0,31566.0,562,388,216.0,137,109735.0,89546.0,41448.0,35968.0,45.8,4,PEuk1
77360.0,122490.0,4075.0,7152.0,768,449,191.0,126,71111.0,67555.0,45036.0,57705.0,45.8,4,PEuk1
40526.0,50544.0,3743.0,5931.0,514,298,371.0,189,44261.0,39758.0,40256.0,35191.0,45.8,4,PEuk1
65512.0,86045.0,11966.0,21256.0,983,343,0.0,160,44775.0,40694.0,43780.0,28942.0,45.9,4,PEuk1
13966.0,33338.0,1584.0,3720.0,269,226,254.0,125,21270.0,23002.0,8738.0,15668.0,46.0,4,PEuk1
52170.0,76109.0,8421.0,14106.0,548,240,0.0,111,51332.0,46047.0,45975.0,35155.0,46.0,4,PEuk1
64062.0,95049.0,4039.0,6427.0,559,252,302.0,236,81154.0,76376.0,54585.0,66004.0,46.2,4,PEuk1
37567.0,55296.0,19462.0,27372.0,321,257,118.0,79,54772.0,50232.0,42138.0,38666.0,46.6,4,PEuk1
31405.0,54103.0,8804.0,13009.0,538,329,140.0,169,38225.0,34495.0,35066.0,27697.0,46.8,4,PEuk1
28392.0,58426.0,1309.0,3201.0,191,192,292.0,118,34547.0,33815.0,18725.0,24764.0,47.0,4,PEuk1
42780.0,61826.0,5238.0,8050.0,149,173,238.0,132,41061.0,38564.0,27384.0,31146.0,47.4,4,PEuk1
41396.0,66255.0,16861.0,25369.0,517,186,0.0,126,42363.0,39454.0,19597.0,32752.0,47.8,4,PEuk1
40761.0,57748.0,9010.0,15121.0,185,138,90.0,42,47700.0,46518.0,22060.0,36272.0,48.0,4,PEuk1
35398.0,58779.0,8191.0,14511.0,393,288,193.0,158,41406.0,39786.0,29242.0,26424.0,48.2,4,PEuk1
115526.0,160943.0,21147.0,35697.0,0,207,0.0,84,39169.0,36385.0,28222.0,27255.0,48.3,4,PEuk1
56028.0,74183.0,8637.0,13819.0,260,210,105.0,160,55047.0,52723.0,42676.0,42217.0,48.4,4,PEuk1
42930.0,58152.0,2334.0,2694.0,73,179,358.0,171,45904.0,43109.0,28141.0,29363.0,48.6,4,PEuk1
16229.0,33899.0,22016.0,39802.0,174,204,193.0,105,30459.0,30710.0,11824.0,23619.0,48.7,4,PEuk1
131717.0,190530.0,8742.0,11870.0,91,139,0.0,55,133633.0,115212.0,50279.0,48708.0,48.9,4,PEuk1
69880.0,106001.0,27471.0,42661.0,288,189,0.0,59,86319.0,78555.0,67210.0,71500.0,49.0,4,PEuk1
17784.0,34673.0,8766.0,16735.0,228,102,229.0,128,28256.0,30200.0,7569.0,19946.0,49.3,4,PEuk1
14788.0,27930.0,3663.0,6902.0,254,131,84.0,41,22359.0,22823.0,4984.0,15014.0,49.8,4,PEuk1
34784.0,47697.0,8151.0,13752.0,668,361,301.0,105,43748.0,38042.0,29674.0,27793.0,49.8,4,PEuk1
35515.0,72665.0,7339.0,11893.0,343,333,196.0,154,47476.0,42780.0,28311.0,35157.0,50.0,4,PEuk1
60583.0,85588.0,7408.0,13681.0,348,181,130.0,75,71804.0,64053.0,51307.0,44101.0,50.1,4,PEuk1
37900.0,51617.0,1706.0,2800.0,191,412,280.0,206,35982.0,35371.0,27364.0,27501.0,50.6,4,PEuk1
114562.0,178527.0,7655.0,13038.0,358,233,316.0,159,118204.0,106294.0,55687.0,53529.0,50.6,4,PEuk1
29139.0,31987.0,7400.0,10783.0,542,279,520.0,211,30227.0,28830.0,23708.0,21860.0,50.8,4,PEuk1
82956.0,119626.0,7726.0,13526.0,32,224,190.0,76,79083.0,75845.0,49875.0,55026.0,50.9,4,PEuk1
40605.0,56031.0,14254.0,22627.0,430,231,0.0,84,41067.0,39114.0,27354.0,32373.0,51.2,4,PEuk1
14910.0,25013.0,5298.0,7155.0,146,155,0.0,40,32736.0,31922.0,19456.0,23816.0,51.3,4,PEuk1
37628.0,65972.0,2257.0,5504.0,402,243,109.0,47,24547.0,23631.0,11289.0,19825.0,51.3,4,PEuk1
46110.0,68390.0,4397.0,6038.0,397,253,200.0,250,57408.0,53163.0,29686.0,41402.0,51.3,4,PEuk1
87530.0,136614.0,25152.0,40162.0,0,130,185.0,68,96976.0,83754.0,75731.0,67403.0,51.4,4,PEuk1
43282.0,78724.0,5776.0,10930.0,505,336,0.0,82,52101.0,49028.0,44051.0,42006.0,51.5,4,PEuk1
36196.0,54660.0,3657.0,8416.0,357,146,422.0,110,26441.0,24703.0,18148.0,21339.0,51.9,4,PEuk1
50073.0,81052.0,5595.0,9716.0,287,300,201.0,136,56731.0,53962.0,26641.0,43826.0,51.9,4,PEuk1
20423.0,38181.0,3000.0,4471.0,463,192,302.0,119,26249.0,23530.0,21592.0,21114.0,52.2,4,PEuk1
45139.0,68807.0,20926.0,33139.0,152,92,651.0,294,50955.0,45344.0,46006.0,38770.0,52.2,4,PEuk1
24062.0,30830.0,2087.0,3672.0,252,167,342.0,191,22161.0,20486.0,22265.0,19416.0,52.2,4,PEuk1
36586.0,61547.0,2373.0,3762.0,216,163,275.0,153,45043.0,44795.0,14279.0,30207.0,52.6,4,PEuk1
104594.0,160778.0,22828.0,34659.0,577,431,30.0,80,102426.0,97273.0,65534.0,76900.0,52.6,4,PEuk1
1535.0,9220.0,0.0,0.0,49,0,155.0,45,10603.0,20552.0,6968.0,11526.0,52.7,4,PEuk1
44365.0,61148.0,5147.0,6890.0,330,181,109.0,121,49241.0,45122.0,31378.0,41339.0,52.7,4,PEuk1
61816.0,105575.0,11439.0,17029.0,725,410,305.0,164,70978.0,66658.0,48649.0,53028.0,52.8,4,PEuk1
23636.0,37624.0,2138.0,4117.0,0,70,417.0,133,27959.0,25472.0,16736.0,18958.0,52.9,4,PEuk1
45033.0,61065.0,7817.0,10870.0,76,180,283.0,138,40839.0,37805.0,28926.0,31532.0,53.1,4,PEuk1
52211.0,80574.0,7624.0,10680.0,112,191,203.0,130,51510.0,48046.0,32062.0,37997.0,53.4,4,PEuk1
42391.0,48307.0,5513.0,9103.0,137,114,0.0,64,44614.0,38444.0,33973.0,28895.0,53.4,4,PEuk1
44318.0,67268.0,1891.0,4638.0,0,85,30.0,47,49678.0,43904.0,48684.0,38527.0,53.5,4,PEuk1
34694.0,44082.0,11857.0,17937.0,532,260,127.0,169,26070.0,23815.0,22978.0,21596.0,53.5,4,PEuk1
74121.0,108073.0,6244.0,11632.0,134,269,409.0,196,34540.0,33333.0,14472.0,26204.0,53.9,4,PEuk1
46774.0,66450.0,15661.0,26136.0,439,175,379.0,164,49952.0,49097.0,13119.0,33626.0,53.9,4,PEuk1
25864.0,50202.0,4505.0,8190.0,151,113,143.0,49,39906.0,39602.0,8437.0,20668.0,54.0,4,PEuk1
144963.0,224997.0,70351.0,103600.0,1383,1047,108.0,103,78895.0,63821.0,62263.0,50567.0,54.0,4,PEuk1
30307.0,54289.0,9717.0,13492.0,110,63,437.0,219,34932.0,31151.0,28875.0,25932.0,54.2,4,PEuk1
27308.0,52674.0,24922.0,45721.0,267,201,155.0,70,28487.0,28793.0,19883.0,22880.0,54.2,4,PEuk1
31615.0,50368.0,12539.0,21191.0,599,203,0.0,97,29653.0,29713.0,27410.0,21787.0,54.3,4,PEuk1
41284.0,61044.0,26802.0,44447.0,681,431,83.0,45,58755.0,56004.0,32576.0,37665.0,54.5,4,PEuk1
26291.0,38464.0,3525.0,6210.0,222,179,119.0,49,40453.0,38629.0,15666.0,26789.0,54.6,4,PEuk1
7182.0,12831.0,319.0,2177.0,334,135,443.0,243,23719.0,14060.0,4452.0,3105.0,54.9,4,PEuk1
17277.0,28449.0,1489.0,3528.0,177,121,128.0,66,19863.0,18869.0,10672.0,14809.0,55.0,4,PEuk1
100243.0,126737.0,13950.0,19952.0,474,282,556.0,243,80808.0,74295.0,71124.0,59362.0,55.0,4,PEuk1
44231.0,60046.0,13368.0,19174.0,291,197,0.0,55,45941.0,45851.0,25449.0,40112.0,55.0,4,PEuk1
35814.0,54182.0,5781.0,7490.0,240,246,20.0,30,48515.0,46467.0,30493.0,32499.0,55.1,4,PEuk1
20495.0,36943.0,6649.0,11341.0,0,65,215.0,71,36339.0,37614.0,13337.0,29075.0,55.1,4,PEuk1
79551.0,111388.0,7774.0,10624.0,346,176,0.0,107,71798.0,69620.0,46667.0,58474.0,55.1,4,PEuk1
18900.0,32771.0,5336.0,8963.0,224,140,200.0,83,23186.0,21662.0,16434.0,16432.0,55.1,4,PEuk1
48158.0,62244.0,2192.0,4300.0,61,150,232.0,101,48709.0,44456.0,46729.0,31156.0,55.3,4,PEuk1
60601.0,93128.0,9660.0,16212.0,134,140,131.0,86,37073.0,34065.0,19232.0,24877.0,55.4,4,PEuk1
68874.0,91362.0,7439.0,11046.0,677,304,251.0,201,61691.0,55186.0,54287.0,49190.0,55.6,4,PEuk1
52041.0,73404.0,3194.0,6068.0,610,485,537.0,237,56232.0,55039.0,31992.0,42410.0,55.7,4,PEuk1
41443.0,66915.0,20294.0,31559.0,107,140,282.0,138,47062.0,41790.0,34222.0,33427.0,55.8,4,PEuk1
57109.0,77097.0,24462.0,38996.0,321,213,601.0,199,75430.0,67547.0,43354.0,48610.0,56.4,4,PEuk1
60236.0,91364.0,7113.0,10709.0,598,274,61.0,111,69684.0,65101.0,51945.0,48006.0,56.5,4,PEuk1
95003.0,143499.0,20825.0,33925.0,337,176,79.0,164,41899.0,40562.0,20564.0,31668.0,56.8,4,PEuk1
46285.0,71637.0,7018.0,10721.0,218,155,55.0,173,48724.0,44665.0,42135.0,41464.0,57.1,4,PEuk1
30081.0,51723.0,7959.0,14705.0,541,376,150.0,51,41780.0,39664.0,24917.0,32062.0,57.3,4,PEuk1
55415.0,76208.0,2906.0,3415.0,92,160,137.0,126,58589.0,54175.0,49335.0,42059.0,57.3,4,PEuk1
35262.0,51678.0,12503.0,21567.0,433,279,0.0,47,37488.0,35895.0,15427.0,23616.0,57.5,4,PEuk1
56620.0,82071.0,4358.0,7204.0,601,351,272.0,215,51959.0,47863.0,34547.0,39748.0,57.6,4,PEuk1
24660.0,38992.0,5244.0,7973.0,360,191,172.0,97,20243.0,18614.0,6771.0,15348.0,57.6,4,PEuk1
37194.0,55942.0,11578.0,20418.0,140,86,68.0,71,43971.0,42838.0,23691.0,35008.0,57.9,4,PEuk1
75880.0,116519.0,19697.0,30771.0,171,98,301.0,102,71870.0,66876.0,69325.0,56924.0,58.0,4,PEuk1
134841.0,196976.0,11485.0,17527.0,314,260,199.0,182,110942.0,88186.0,40480.0,33956.0,58.4,4,PEuk1
64563.0,109507.0,8110.0,11972.0,390,248,79.0,91,57151.0,50322.0,43923.0,36229.0,58.4,4,PEuk1
25555.0,53580.0,1565.0,3288.0,308,209,171.0,67,30291.0,28027.0,23821.0,22231.0,58.4,4,PEuk1
49415.0,69941.0,6299.0,8774.0,227,265,554.0,210,58067.0,54451.0,39757.0,41897.0,58.6,4,PEuk1
6463.0,9803.0,1508.0,2900.0,387,183,207.0,148,21286.0,12452.0,2377.0,2638.0,58.6,4,PEuk1
2542.0,8731.0,102.0,1334.0,86,131,513.0,424,12643.0,14765.0,3235.0,4183.0,58.6,4,PEuk1
1809.0,8372.0,11643.0,38783.0,113,0,144.0,52,10372.0,17733.0,2947.0,4681.0,58.7,4,PEuk1
795.0,4089.0,21159.0,63046.0,173,90,158.0,24,14845.0,23486.0,2982.0,5074.0,58.7,4,PEuk1
40499.0,56311.0,15436.0,26142.0,483,393,418.0,201,48213.0,43556.0,31229.0,24548.0,58.8,4,PEuk1
47371.0,61254.0,1038.0,2352.0,0,4,0.0,20,36997.0,35427.0,28178.0,24801.0,58.9,4,PEuk1
25625.0,43628.0,2748.0,6411.0,264,151,336.0,159,31815.0,31130.0,21660.0,25012.0,58.9,4,PEuk1
29871.0,50125.0,9216.0,14031.0,372,275,83.0,51,31801.0,28876.0,23539.0,27128.0,59.0,4,PEuk1
23073.0,26827.0,4847.0,5820.0,281,169,144.0,91,23512.0,22028.0,21277.0,19603.0,59.2,4,PEuk1
44633.0,72938.0,12807.0,23223.0,189,194,19.0,35,51461.0,47392.0,35995.0,38571.0,59.4,4,PEuk1
22309.0,45348.0,5927.0,10922.0,145,199,67.0,89,23343.0,24420.0,9503.0,18973.0,59.7,4,PEuk1
26179.0,41135.0,4128.0,7503.0,497,289,80.0,62,41575.0,39332.0,19596.0,31010.0,59.7,4,PEuk1
41533.0,58457.0,10889.0,15611.0,4,170,487.0,199,34549.0,31060.0,35519.0,27996.0,59.9,4,PEuk1
43666.0,64910.0,5520.0,7019.0,201,497,10.0,74,43357.0,40652.0,39874.0,36591.0,59.9,4,PEuk1
17501.0,35527.0,3912.0,7083.0,142,66,117.0,44,30323.0,30524.0,23921.0,23606.0,60.1,4,PEuk1
27980.0,38233.0,7813.0,11653.0,142,172,71.0,57,33895.0,29626.0,25697.0,21583.0,60.2,4,PEuk1
50910.0,69979.0,12838.0,19440.0,402,199,13.0,66,51478.0,49646.0,28702.0,34209.0,60.3,4,PEuk1
48523.0,71496.0,9458.0,11746.0,140,176,112.0,106,40637.0,35761.0,20902.0,29182.0,60.8,4,PEuk1
33407.0,49323.0,8108.0,14201.0,86,143,705.0,278,48551.0,45674.0,36235.0,33467.0,61.1,4,PEuk1
37208.0,40509.0,4897.0,6482.0,584,287,158.0,116,34494.0,29996.0,29116.0,26810.0,61.1,4,PEuk1
58409.0,102979.0,4040.0,7091.0,245,202,95.0,57,48706.0,46315.0,33634.0,38042.0,61.8,4,PEuk1
60653.0,95263.0,13057.0,21728.0,378,274,102.0,114,64451.0,57173.0,38819.0,40666.0,62.1,4,PEuk1
30732.0,32743.0,5151.0,7052.0,296,190,83.0,106,31526.0,28733.0,18343.0,20384.0,62.2,4,PEuk1
78311.0,86986.0,6605.0,8853.0,65,179,648.0,196,61598.0,54229.0,51678.0,43497.0,62.3,4,PEuk1
32472.0,45072.0,6466.0,10921.0,0,71,238.0,121,47966.0,45879.0,33293.0,29628.0,62.3,4,PEuk1
49707.0,68049.0,13399.0,21688.0,0,69,276.0,112,48502.0,46253.0,29622.0,38302.0,62.3,4,PEuk1
38552.0,44490.0,5482.0,11025.0,0,88,117.0,108,34074.0,31766.0,34803.0,26180.0,62.4,4,PEuk1
32600.0,66331.0,8153.0,16147.0,548,355,216.0,157,45663.0,46655.0,18103.0,33065.0,62.7,4,PEuk1
160165.0,250940.0,31004.0,46812.0,768,416,570.0,288,25907.0,24205.0,21999.0,18928.0,62.7,4,PEuk1
58241.0,85687.0,3046.0,4106.0,0,78,399.0,164,54559.0,49470.0,47781.0,42729.0,62.7,4,PEuk1
93090.0,130540.0,5621.0,5922.0,575,234,146.0,142,79913.0,73258.0,76467.0,64607.0,63.2,4,PEuk1
86754.0,127704.0,14968.0,23208.0,394,449,181.0,83,84481.0,76738.0,59871.0,63635.0,63.8,4,PEuk1
56690.0,82345.0,13795.0,22259.0,137,94,62.0,43,56923.0,55044.0,26910.0,41911.0,63.8,4,PEuk1
30113.0,49791.0,13466.0,20580.0,287,145,24.0,34,30890.0,28429.0,21881.0,25825.0,63.9,4,PEuk1
39799.0,70469.0,2078.0,4455.0,512,244,484.0,203,52736.0,50271.0,19158.0,36398.0,63.9,4,PEuk1
104957.0,152061.0,16714.0,28360.0,133,133,5.0,59,101098.0,85071.0,30674.0,26484.0,64.4,4,PEuk1
37941.0,52794.0,7856.0,10128.0,554,572,40.0,120,42633.0,38163.0,33720.0,32332.0,64.4,4,PEuk1
68390.0,93667.0,8129.0,12642.0,0,46,478.0,195,76815.0,68450.0,55291.0,50489.0,64.5,4,PEuk1
47296.0,65613.0,11480.0,18128.0,0,52,657.0,231,48508.0,44334.0,38959.0,36330.0,64.7,4,PEuk1
58884.0,102458.0,5609.0,9706.0,0,0,532.0,189,51218.0,47778.0,30084.0,36964.0,64.8,4,PEuk1
90911.0,131524.0,12252.0,17065.0,369,249,190.0,124,73686.0,66384.0,44539.0,61309.0,64.8,4,PEuk1
50637.0,68438.0,5134.0,9068.0,165,154,259.0,115,41194.0,39326.0,20959.0,30254.0,64.9,4,PEuk1
56412.0,72620.0,8179.0,12055.0,488,178,275.0,202,32449.0,28203.0,29274.0,21728.0,64.9,4,PEuk1
38962.0,62724.0,24527.0,39447.0,216,96,304.0,144,49827.0,47903.0,34579.0,36374.0,65.2,4,PEuk1
71461.0,99470.0,10982.0,16792.0,405,217,0.0,61,59694.0,53890.0,51567.0,42320.0,65.3,4,PEuk1
46864.0,73217.0,3747.0,5342.0,355,265,89.0,112,40193.0,36841.0,24821.0,29978.0,65.3,4,PEuk1
30131.0,61728.0,58337.0,99250.0,511,256,313.0,191,40353.0,40126.0,21789.0,28965.0,65.4,4,PEuk1
36062.0,61017.0,13567.0,21516.0,210,159,80.0,53,45052.0,43665.0,17121.0,29125.0,65.5,4,PEuk1
45611.0,57988.0,7266.0,11191.0,438,292,512.0,190,38265.0,37150.0,35001.0,26967.0,65.6,4,PEuk1
70053.0,96800.0,9178.0,14598.0,509,282,86.0,52,73046.0,69411.0,56765.0,53737.0,65.9,4,PEuk1
46772.0,75495.0,11706.0,19662.0,294,162,24.0,84,57929.0,53160.0,43066.0,45747.0,66.2,4,PEuk1
18667.0,38179.0,3572.0,4944.0,299,237,121.0,92,21511.0,20639.0,9544.0,14615.0,66.3,4,PEuk1
35662.0,58922.0,5704.0,9078.0,116,105,311.0,186,35102.0,34131.0,9687.0,20187.0,66.3,4,PEuk1
112727.0,175065.0,16719.0,27072.0,269,230,23.0,75,80272.0,76258.0,37051.0,45111.0,66.4,4,PEuk1
17292.0,31976.0,5728.0,8943.0,82,108,213.0,163,27070.0,27642.0,13765.0,23674.0,66.6,4,PEuk1
43560.0,61191.0,4116.0,7032.0,0,203,406.0,192,40481.0,36208.0,20786.0,30368.0,66.7,4,PEuk1
26207.0,43448.0,2336.0,3778.0,0,71,134.0,49,39626.0,37631.0,14568.0,25931.0,66.8,4,PEuk1
47979.0,79686.0,20239.0,30525.0,231,158,121.0,71,57469.0,51650.0,23954.0,36940.0,66.8,4,PEuk1
51358.0,81392.0,10321.0,17741.0,589,380,299.0,129,52554.0,46965.0,42397.0,38004.0,67.1,4,PEuk1
38003.0,56650.0,12604.0,19703.0,372,211,84.0,109,47809.0,44348.0,34934.0,35936.0,67.4,4,PEuk1
35153.0,46107.0,3324.0,5311.0,140,136,57.0,44,35802.0,33753.0,18697.0,26573.0,67.4,4,PEuk1
49379.0,79910.0,5865.0,9665.0,493,193,436.0,194,66267.0,60854.0,44385.0,49512.0,67.9,4,PEuk1
82150.0,128619.0,6347.0,9963.0,527,263,365.0,206,64949.0,60690.0,50744.0,44616.0,67.9,4,PEuk1
26341.0,45709.0,5319.0,8237.0,390,241,111.0,74,28545.0,25987.0,16596.0,19147.0,67.9,4,PEuk1
28880.0,50132.0,3117.0,5435.0,524,316,165.0,65,26105.0,23149.0,18154.0,20999.0,67.9,4,PEuk1
43418.0,65119.0,7995.0,11942.0,86,188,289.0,146,55912.0,52198.0,46257.0,45447.0,68.0,4,PEuk1
42571.0,67703.0,8402.0,13951.0,308,226,229.0,102,46882.0,44009.0,34227.0,36442.0,68.2,4,PEuk1
23405.0,37464.0,2221.0,3960.0,336,244,165.0,96,29641.0,29807.0,14652.0,22895.0,68.2,4,PEuk1
38793.0,69223.0,12269.0,19630.0,243,274,209.0,105,46497.0,43379.0,24699.0,36983.0,68.3,4,PEuk1
31755.0,50617.0,18133.0,30851.0,0,88,329.0,127,46670.0,44228.0,15848.0,30449.0,68.6,4,PEuk1
38583.0,57177.0,2677.0,4032.0,219,171,316.0,138,49061.0,45205.0,34008.0,44902.0,68.7,4,PEuk1
662.0,2138.0,379.0,2963.0,37,0,140.0,51,8076.0,18677.0,54510.0,99259.0,69.0,4,PEuk1
56212.0,77336.0,4856.0,6813.0,337,177,225.0,152,51319.0,47438.0,33800.0,45860.0,69.0,4,PEuk1
27367.0,39068.0,13112.0,21741.0,294,131,389.0,138,32596.0,31780.0,16219.0,26480.0,69.0,4,PEuk1
5814.0,16155.0,1287.0,3226.0,192,136,40.0,42,10835.0,14773.0,4314.0,3926.0,69.1,4,PEuk1
21243.0,41401.0,2866.0,5594.0,343,147,11.0,54,29335.0,27868.0,17414.0,25418.0,69.1,4,PEuk1
90487.0,128546.0,81216.0,128660.0,255,146,247.0,148,87500.0,81051.0,84610.0,71068.0,69.6,4,PEuk1
67395.0,101344.0,9909.0,17275.0,334,280,218.0,130,63914.0,62832.0,36835.0,49876.0,69.7,4,PEuk1
32291.0,44231.0,18058.0,26556.0,481,376,163.0,138,47913.0,45351.0,21928.0,32070.0,69.8,4,PEuk1
4642.0,15297.0,969.0,2462.0,145,55,163.0,32,17740.0,20440.0,1065.0,3008.0,70.3,4,PEuk1
65840.0,92246.0,16039.0,23849.0,245,151,225.0,141,80836.0,71861.0,76993.0,55194.0,70.3,4,PEuk1
37728.0,65697.0,2688.0,3694.0,257,219,254.0,111,48879.0,43702.0,32576.0,34723.0,70.3,4,PEuk1
23952.0,40717.0,3752.0,5453.0,288,204,166.0,120,26209.0,24271.0,19778.0,18499.0,70.4,4,PEuk1
44101.0,74263.0,6773.0,10590.0,98,53,343.0,165,47354.0,41477.0,34126.0,29141.0,70.7,4,PEuk1
51945.0,88577.0,5985.0,9375.0,246,198,84.0,24,28382.0,28101.0,22241.0,27267.0,70.9,4,PEuk1
47386.0,74634.0,16187.0,26255.0,403,259,124.0,72,49002.0,44603.0,43665.0,37381.0,71.3,4,PEuk1
41374.0,61547.0,19946.0,31888.0,299,201,237.0,98,48786.0,45588.0,37719.0,34027.0,71.4,4,PEuk1
23083.0,44197.0,5335.0,10302.0,212,116,80.0,56,29501.0,30199.0,19027.0,20380.0,71.5,4,PEuk1
28075.0,56852.0,14992.0,26253.0,429,220,343.0,253,45645.0,42575.0,38410.0,34872.0,71.6,4,PEuk1
30818.0,57580.0,4382.0,9226.0,354,154,266.0,161,49499.0,47070.0,34529.0,37355.0,71.7,4,PEuk1
70624.0,103452.0,11470.0,16403.0,243,219,0.0,36,54195.0,48195.0,55588.0,44564.0,72.6,4,PEuk1
45719.0,71832.0,15122.0,24160.0,269,233,39.0,48,46090.0,41663.0,26758.0,34079.0,72.7,4,PEuk1
51609.0,81514.0,3738.0,6452.0,219,195,58.0,23,59231.0,56278.0,32039.0,45249.0,73.0,4,PEuk1
34980.0,56906.0,9284.0,16406.0,607,319,225.0,116,38741.0,37145.0,24432.0,33194.0,73.1,4,PEuk1
37362.0,56914.0,6095.0,8659.0,228,247,395.0,135,38188.0,33387.0,35543.0,30902.0,73.2,4,PEuk1
31260.0,44501.0,11152.0,16461.0,145,199,0.0,45,39607.0,36632.0,21584.0,24919.0,73.3,4,PEuk1
37128.0,54661.0,11627.0,17976.0,0,70,14.0,101,40177.0,36299.0,25297.0,23473.0,73.4,4,PEuk1
44758.0,72162.0,21824.0,32949.0,188,234,118.0,81,57432.0,50142.0,30228.0,46857.0,73.4,4,PEuk1
33225.0,36882.0,9933.0,14468.0,450,240,117.0,152,27588.0,25371.0,28717.0,18761.0,73.7,4,PEuk1
16782.0,28356.0,10637.0,18748.0,330,197,122.0,52,28039.0,27891.0,13556.0,21573.0,74.1,4,PEuk1
19584.0,26743.0,5062.0,8336.0,0,60,237.0,141,24371.0,21875.0,20259.0,18229.0,74.1,4,PEuk1
69683.0,100117.0,22783.0,36903.0,86,154,465.0,250,21676.0,20279.0,15535.0,14198.0,74.2,4,PEuk1
2311.0,8275.0,5539.0,14152.0,152,119,160.0,62,13450.0,21001.0,45872.0,61475.0,74.2,4,PEuk1
59385.0,72326.0,18665.0,26441.0,118,129,16.0,38,48752.0,44389.0,22784.0,29184.0,74.5,4,PEuk1
31015.0,48766.0,3903.0,7586.0,375,326,245.0,186,43406.0,43754.0,12946.0,27243.0,74.6,4,PEuk1
76307.0,120038.0,19252.0,30985.0,536,347,280.0,159,119289.0,105836.0,22466.0,42682.0,74.6,4,PEuk1
30371.0,51733.0,1357.0,4201.0,370,246,196.0,130,34173.0,33427.0,8565.0,19851.0,74.8,4,PEuk1
14943.0,32814.0,9796.0,18455.0,162,70,39.0,67,24484.0,24967.0,8673.0,17157.0,74.9,4,PEuk1
36553.0,60942.0,9516.0,16949.0,337,405,38.0,28,45056.0,43790.0,11975.0,28041.0,75.0,4,PEuk1
83387.0,131526.0,7276.0,10331.0,459,349,0.0,39,86788.0,81417.0,69868.0,67751.0,75.2,4,PEuk1
36943.0,61062.0,13196.0,20720.0,136,111,267.0,169,37391.0,35188.0,26995.0,27214.0,75.2,4,PEuk1
74965.0,116428.0,23736.0,38973.0,290,253,100.0,96,90521.0,85467.0,69517.0,69314.0,75.2,4,PEuk1
25959.0,45744.0,3546.0,5073.0,74,123,0.0,89,33830.0,30497.0,24226.0,22073.0,75.4,4,PEuk1
44880.0,64901.0,17158.0,25958.0,438,265,33.0,38,43454.0,37672.0,37363.0,30233.0,75.5,4,PEuk1
36140.0,60897.0,3084.0,5371.0,149,116,386.0,171,35615.0,34647.0,10395.0,22193.0,75.8,4,PEuk1
66471.0,102317.0,26709.0,41582.0,460,289,400.0,174,63007.0,57063.0,39396.0,43177.0,75.9,4,PEuk1
45829.0,79900.0,9571.0,16865.0,0,90,117.0,99,60500.0,56158.0,34386.0,43560.0,75.9,4,PEuk1
60892.0,84317.0,6830.0,12343.0,352,405,308.0,203,58743.0,53971.0,32866.0,36358.0,76.3,4,PEuk1
62914.0,104862.0,5970.0,11129.0,581,348,0.0,31,53011.0,50887.0,28719.0,39424.0,76.7,4,PEuk1
33177.0,56964.0,2700.0,5296.0,174,177,316.0,153,37167.0,34827.0,19837.0,31268.0,76.7,4,PEuk1
40021.0,56809.0,2284.0,3914.0,430,350,95.0,99,44476.0,43499.0,38753.0,32697.0,77.4,4,PEuk1
21982.0,35613.0,4287.0,8496.0,267,125,179.0,84,18165.0,19106.0,5932.0,10784.0,77.4,4,PEuk1
60565.0,84497.0,4323.0,8598.0,128,71,310.0,113,62048.0,57916.0,59608.0,46397.0,77.5,4,PEuk1
52015.0,79103.0,19136.0,30319.0,382,210,0.0,32,64226.0,56283.0,67403.0,48913.0,77.8,4,PEuk1
23374.0,44782.0,17114.0,28239.0,104,164,140.0,94,38401.0,33969.0,28086.0,26707.0,77.9,4,PEuk1
43503.0,58800.0,5978.0,6474.0,290,161,0.0,117,35700.0,33852.0,35102.0,27132.0,78.2,4,PEuk1
45685.0,74068.0,12158.0,18553.0,273,240,229.0,151,43792.0,40691.0,35514.0,31311.0,78.5,4,PEuk1
79081.0,100856.0,11466.0,16427.0,668,255,26.0,194,70946.0,67181.0,68171.0,51061.0,78.7,4,PEuk1
51944.0,74862.0,5460.0,8868.0,170,185,362.0,175,55270.0,50769.0,44710.0,36718.0,78.8,4,PEuk1
5376.0,17332.0,2293.0,5135.0,165,145,149.0,123,13895.0,16611.0,3011.0,7218.0,79.0,4,PEuk1
34902.0,57824.0,7374.0,12148.0,0,127,345.0,216,34525.0,35262.0,9331.0,20501.0,79.2,4,PEuk1
21239.0,44455.0,12015.0,22045.0,189,89,185.0,53,26892.0,28730.0,12710.0,22606.0,79.4,4,PEuk1
31565.0,54131.0,11732.0,20970.0,0,0,109.0,19,41557.0,41618.0,13808.0,28185.0,79.7,4,PEuk1
44914.0,67308.0,9235.0,14001.0,557,309,105.0,48,44261.0,40451.0,31480.0,30476.0,79.7,4,PEuk1
50208.0,78390.0,2825.0,4629.0,0,24,275.0,158,41808.0,38810.0,37006.0,33308.0,79.9,4,PEuk1
38728.0,55309.0,5602.0,9710.0,233,109,427.0,251,53122.0,49029.0,35937.0,34270.0,79.9,4,PEuk1
32677.0,54349.0,13344.0,23310.0,276,285,169.0,107,35152.0,36059.0,11093.0,23155.0,80.0,4,PEuk1
39219.0,52787.0,12608.0,19601.0,503,261,81.0,85,37268.0,35466.0,21491.0,28625.0,80.0,4,PEuk1
72834.0,105006.0,9528.0,14183.0,246,215,55.0,57,79642.0,72218.0,69018.0,54534.0,80.2,4,PEuk1
29772.0,43372.0,4541.0,7870.0,456,228,166.0,164,32650.0,30782.0,19664.0,19759.0,80.5,4,PEuk1
38574.0,73858.0,8634.0,14273.0,409,311,8.0,63,43278.0,42602.0,30564.0,34782.0,80.5,4,PEuk1
17928.0,30628.0,9688.0,17594.0,267,238,241.0,97,24410.0,23712.0,8673.0,14345.0,80.6,4,PEuk1
101836.0,142041.0,38349.0,59635.0,0,116,23.0,116,83193.0,75900.0,73243.0,64133.0,80.6,4,PEuk1
23827.0,31380.0,6498.0,10336.0,675,301,0.0,45,25874.0,21638.0,13943.0,15446.0,80.7,4,PEuk1
57710.0,91419.0,6637.0,7682.0,240,226,194.0,101,70082.0,62610.0,57957.0,50592.0,80.7,4,PEuk1
33907.0,50512.0,4497.0,6721.0,267,267,83.0,97,46173.0,44456.0,17425.0,31066.0,80.7,4,PEuk1
93756.0,142810.0,14836.0,23867.0,100,442,313.0,183,45333.0,42805.0,33803.0,35233.0,81.3,4,PEuk1
20219.0,39143.0,5029.0,7972.0,282,199,166.0,79,26984.0,27039.0,8296.0,19909.0,81.8,4,PEuk1
57372.0,97645.0,11744.0,20258.0,352,225,46.0,140,42874.0,37832.0,34932.0,32200.0,82.2,4,PEuk1
27760.0,47537.0,5355.0,7710.0,0,49,305.0,168,32344.0,29449.0,30431.0,32381.0,82.3,4,PEuk1
67409.0,87735.0,9674.0,17551.0,317,292,185.0,142,89720.0,78942.0,63948.0,60933.0,82.4,4,PEuk1
27541.0,38327.0,8103.0,12025.0,0,93,49.0,63,28881.0,26273.0,14632.0,19385.0,83.3,4,PEuk1
45816.0,70370.0,10755.0,16547.0,148,204,0.0,41,53403.0,48903.0,36673.0,35729.0,83.5,4,PEuk1
33920.0,59189.0,14044.0,23723.0,387,163,324.0,171,43932.0,43622.0,17828.0,33128.0,83.5,4,PEuk1
51875.0,66152.0,4964.0,8846.0,148,63,0.0,124,53733.0,48223.0,43654.0,38897.0,83.6,4,PEuk1
41203.0,55620.0,23837.0,37724.0,8,87,286.0,99,54060.0,49568.0,43754.0,41123.0,83.7,4,PEuk1
28299.0,40092.0,4063.0,4920.0,550,254,0.0,27,23901.0,22544.0,18469.0,20045.0,83.8,4,PEuk1
3885.0,13852.0,508.0,1511.0,119,78,188.0,150,12643.0,12094.0,2151.0,2864.0,83.8,4,PEuk1
30340.0,46505.0,2434.0,3075.0,219,96,0.0,52,34649.0,32647.0,11347.0,20994.0,84.1,4,PEuk1
74534.0,106247.0,18085.0,29463.0,376,169,93.0,165,83199.0,78606.0,41614.0,64577.0,84.1,4,PEuk1
207976.0,291021.0,23880.0,35738.0,252,428,130.0,192,110402.0,99570.0,87929.0,78912.0,84.2,4,PEuk1
43587.0,70935.0,4928.0,7226.0,382,357,234.0,150,63214.0,58512.0,44511.0,41394.0,84.2,4,PEuk1
34625.0,59431.0,16207.0,28224.0,216,112,264.0,119,43952.0,40175.0,26236.0,28846.0,84.3,4,PEuk1
54164.0,83478.0,7293.0,13425.0,231,191,599.0,184,49153.0,42292.0,26309.0,28961.0,84.4,4,PEuk1
74318.0,117145.0,7115.0,11942.0,0,67,212.0,182,68034.0,61503.0,47290.0,52748.0,84.4,4,PEuk1
20454.0,36627.0,4390.0,7559.0,0,0,197.0,103,20702.0,21399.0,8366.0,18599.0,84.9,4,PEuk1
46195.0,80574.0,48434.0,73940.0,165,130,358.0,138,31334.0,27719.0,19185.0,20078.0,85.5,4,PEuk1
29117.0,40464.0,6861.0,9391.0,442,146,84.0,30,39043.0,32548.0,27667.0,28919.0,85.5,4,PEuk1
66629.0,101258.0,4420.0,5721.0,71,137,324.0,193,63847.0,57574.0,36458.0,44391.0,85.5,4,PEuk1
23371.0,38313.0,16430.0,25097.0,56,86,130.0,109,36331.0,33585.0,27460.0,25107.0,85.8,4,PEuk1
29478.0,38740.0,5716.0,8400.0,584,293,119.0,90,45445.0,40119.0,34186.0,29901.0,85.8,4,PEuk1
53180.0,72255.0,15824.0,24064.0,445,267,254.0,192,55791.0,50453.0,45679.0,38958.0,85.9,4,PEuk1
94342.0,132184.0,9662.0,14809.0,322,366,0.0,85,129606.0,105592.0,32237.0,29095.0,85.9,4,PEuk1
55338.0,75929.0,8213.0,12272.0,409,317,182.0,140,50079.0,48404.0,14758.0,33125.0,85.9,4,PEuk1
25924.0,41605.0,4008.0,6799.0,197,181,117.0,92,31686.0,30591.0,11248.0,19785.0,86.1,4,PEuk1
65620.0,85171.0,5194.0,8158.0,4,146,156.0,131,77373.0,74303.0,50199.0,57864.0,86.2,4,PEuk1
48866.0,74176.0,4787.0,9037.0,200,114,0.0,33,47173.0,42631.0,37327.0,32642.0,86.3,4,PEuk1
66130.0,94985.0,15993.0,25350.0,364,237,70.0,50,52365.0,48075.0,43085.0,36470.0,86.6,4,PEuk1
40879.0,67499.0,3427.0,5787.0,0,146,32.0,106,46686.0,41640.0,31664.0,42855.0,86.8,4,PEuk1
27204.0,29589.0,9712.0,13217.0,343,265,0.0,66,38122.0,34999.0,35183.0,28632.0,86.8,4,PEuk1
73164.0,111179.0,11442.0,18094.0,158,97,84.0,116,52914.0,47367.0,42576.0,41457.0,87.0,4,PEuk1
36661.0,46693.0,6220.0,10662.0,478,188,190.0,137,32736.0,28674.0,28150.0,25844.0,87.1,4,PEuk1
28751.0,39887.0,4864.0,7398.0,134,99,595.0,228,29338.0,28074.0,14702.0,21001.0,87.3,4,PEuk1
27387.0,50488.0,2859.0,5294.0,107,96,218.0,135,32927.0,34226.0,7093.0,16496.0,87.4,4,PEuk1
233902.0,321573.0,38121.0,54628.0,565,410,278.0,135,128681.0,118347.0,71975.0,77791.0,87.6,4,PEuk1
51686.0,64049.0,11518.0,19877.0,367,224,0.0,151,51418.0,45838.0,51118.0,37631.0,88.3,4,PEuk1
50700.0,68723.0,3870.0,6865.0,267,193,139.0,108,53680.0,49836.0,41535.0,39134.0,88.5,4,PEuk1
16003.0,32940.0,3760.0,6279.0,55,0,171.0,62,24183.0,24075.0,8200.0,13767.0,88.6,4,PEuk1
3461.0,9884.0,238.0,946.0,56,0,213.0,108,18577.0,24026.0,17037.0,17104.0,88.8,4,PEuk1
47673.0,77108.0,27787.0,47055.0,264,231,245.0,90,54329.0,49410.0,52403.0,40661.0,89.1,4,PEuk1
135138.0,175918.0,19726.0,31522.0,1106,528,29.0,177,58592.0,52235.0,61748.0,44131.0,89.2,4,PEuk1
45141.0,80979.0,5467.0,8609.0,436,272,188.0,140,67130.0,56833.0,43479.0,40519.0,89.3,4,PEuk1
28702.0,53113.0,5371.0,10646.0,485,220,194.0,91,38884.0,40169.0,9079.0,19965.0,89.4,4,PEuk1
51696.0,85947.0,15891.0,28495.0,267,223,207.0,136,57112.0,54441.0,26169.0,39187.0,89.7,4,PEuk1
42953.0,74188.0,3343.0,5585.0,203,168,199.0,70,51035.0,48263.0,19918.0,36142.0,89.7,4,PEuk1
42359.0,60845.0,5170.0,7755.0,236,223,146.0,60,43017.0,40596.0,25882.0,36861.0,90.0,4,PEuk1
107515.0,154664.0,38002.0,59243.0,0,115,485.0,189,90555.0,84647.0,87773.0,69750.0,90.1,4,PEuk1
55910.0,76579.0,5439.0,8369.0,466,332,0.0,67,68715.0,64909.0,52815.0,46603.0,90.1,4,PEuk1
40308.0,65827.0,5846.0,9185.0,376,187,81.0,97,49474.0,49688.0,13670.0,33553.0,90.3,4,PEuk1
27319.0,52065.0,9741.0,16784.0,127,137,5.0,16,30263.0,30596.0,14792.0,20975.0,90.4,4,PEuk1
41137.0,65248.0,22591.0,36271.0,351,249,349.0,155,46194.0,41825.0,36379.0,32825.0,90.4,4,PEuk1
20439.0,33555.0,1896.0,3706.0,183,147,282.0,128,27092.0,27409.0,11072.0,20216.0,90.5,4,PEuk1
43113.0,71483.0,15196.0,23191.0,0,51,242.0,243,38320.0,34383.0,37263.0,25657.0,90.6,4,PEuk1
29024.0,33483.0,3620.0,4251.0,614,307,263.0,164,27960.0,23985.0,27981.0,18631.0,91.0,4,PEuk1
12223.0,20796.0,2360.0,3613.0,7,33,152.0,105,12525.0,12192.0,2046.0,7459.0,91.3,4,PEuk1
34771.0,52472.0,4305.0,7429.0,523,255,130.0,76,38178.0,38986.0,8145.0,17623.0,91.5,4,PEuk1
27707.0,45970.0,2018.0,2762.0,86,101,17.0,26,30803.0,30506.0,19521.0,27143.0,91.7,4,PEuk1
65289.0,92264.0,20674.0,29729.0,219,188,213.0,156,79843.0,72343.0,61769.0,58693.0,91.7,4,PEuk1
26920.0,44699.0,7135.0,14759.0,194,210,165.0,61,30842.0,29464.0,23959.0,21916.0,91.7,4,PEuk1
27946.0,48433.0,7245.0,13523.0,438,214,96.0,79,39017.0,39994.0,9872.0,17889.0,91.8,4,PEuk1
27249.0,41210.0,2423.0,3661.0,0,125,424.0,193,24186.0,21498.0,21916.0,17369.0,91.8,4,PEuk1
47724.0,75037.0,40352.0,63884.0,442,263,299.0,262,48261.0,44710.0,31422.0,34972.0,91.9,4,PEuk1
16960.0,34250.0,787.0,2205.0,321,244,131.0,59,32963.0,31929.0,13030.0,21616.0,91.9,4,PEuk1
21713.0,36015.0,3139.0,4597.0,472,361,149.0,110,29054.0,29485.0,9694.0,23488.0,92.0,4,PEuk1
35147.0,49010.0,1035.0,2084.0,334,336,43.0,36,38722.0,36353.0,10672.0,22839.0,92.2,4,PEuk1
44791.0,70898.0,3482.0,5728.0,0,222,674.0,250,47938.0,43660.0,39294.0,28540.0,92.2,4,PEuk1
39166.0,63761.0,15672.0,26368.0,139,57,579.0,276,54355.0,49140.0,22946.0,31810.0,92.2,4,PEuk1
98285.0,140601.0,23331.0,36259.0,315,281,115.0,109,131642.0,114311.0,38081.0,39932.0,92.2,4,PEuk1
25500.0,43554.0,16746.0,30954.0,278,216,215.0,179,45387.0,44836.0,17610.0,31498.0,92.4,4,PEuk1
46573.0,71251.0,5855.0,7952.0,272,244,42.0,76,45701.0,42824.0,42289.0,39066.0,92.4,4,PEuk1
23344.0,43436.0,3151.0,5150.0,125,76,152.0,68,35914.0,36766.0,9944.0,24708.0,92.8,4,PEuk1
75909.0,115289.0,4155.0,5296.0,472,314,136.0,139,49832.0,45013.0,19847.0,36602.0,92.9,4,PEuk1
16562.0,34085.0,7351.0,13349.0,19,0,184.0,77,29512.0,30334.0,9407.0,22655.0,93.1,4,PEuk1
26999.0,50344.0,4457.0,8516.0,1232,1344,336.0,139,40897.0,38054.0,18351.0,31679.0,93.3,4,PEuk1
28373.0,38689.0,2662.0,3421.0,173,119,182.0,170,28736.0,26390.0,21590.0,24690.0,93.3,4,PEuk1
35537.0,65373.0,3197.0,6096.0,0,120,500.0,221,35407.0,32710.0,32352.0,30493.0,93.7,4,PEuk1
44977.0,64288.0,11954.0,18785.0,336,190,74.0,38,49776.0,47615.0,37567.0,36677.0,93.7,4,PEuk1
53913.0,73060.0,16691.0,26326.0,43,143,0.0,96,54866.0,47880.0,40442.0,37833.0,93.9,4,PEuk1
44008.0,65224.0,4075.0,6330.0,299,133,184.0,115,38545.0,37169.0,22367.0,23729.0,93.9,4,PEuk1
40217.0,55338.0,14625.0,23698.0,604,298,0.0,33,59345.0,54110.0,42938.0,38659.0,94.2,4,PEuk1
32207.0,56309.0,1879.0,4287.0,480,209,117.0,80,35282.0,32843.0,23028.0,23035.0,94.4,4,PEuk1
45412.0,63894.0,32381.0,49951.0,708,420,7.0,81,59435.0,54095.0,52205.0,43886.0,94.5,4,PEuk1
82839.0,108276.0,12091.0,15493.0,149,145,0.0,43,82406.0,77755.0,66259.0,64823.0,94.5,4,PEuk1
67850.0,94874.0,13929.0,19946.0,705,327,0.0,51,36254.0,32621.0,35615.0,25072.0,94.7,4,PEuk1
23491.0,37968.0,4541.0,7916.0,16,55,184.0,88,26901.0,24695.0,20009.0,20625.0,94.8,4,PEuk1
23291.0,40377.0,5204.0,10074.0,65,141,222.0,156,31501.0,28810.0,27472.0,22015.0,95.1,4,PEuk1
28579.0,53865.0,12038.0,21615.0,209,51,16.0,36,45191.0,42980.0,25888.0,34727.0,95.3,4,PEuk1
43670.0,54171.0,4183.0,6679.0,545,179,0.0,130,42884.0,39037.0,43409.0,28501.0,95.5,4,PEuk1
64899.0,110669.0,30048.0,50900.0,300,303,247.0,120,75244.0,71767.0,33310.0,55371.0,95.5,4,PEuk1
53836.0,72550.0,6675.0,8683.0,375,264,21.0,21,37388.0,35048.0,22258.0,23370.0,95.7,4,PEuk1
19124.0,37170.0,9437.0,15644.0,252,338,0.0,29,26753.0,24021.0,22455.0,19635.0,95.7,4,PEuk1
73355.0,114108.0,4258.0,7107.0,394,233,390.0,170,96196.0,92835.0,56483.0,64866.0,96.0,4,PEuk1
29463.0,57233.0,4864.0,7021.0,352,285,357.0,185,28968.0,26983.0,14700.0,21037.0,96.1,4,PEuk1
48638.0,64061.0,12254.0,18008.0,74,139,282.0,149,57861.0,49313.0,43389.0,37353.0,96.2,4,PEuk1
713.0,3910.0,3572.0,16595.0,139,37,179.0,67,7094.0,16019.0,6608.0,11947.0,97.1,4,PEuk1
26395.0,47882.0,1695.0,3018.0,355,208,128.0,56,31533.0,32175.0,12729.0,21569.0,97.1,4,PEuk1
40535.0,59794.0,5575.0,9418.0,281,250,0.0,59,55816.0,51538.0,42416.0,43005.0,97.3,4,PEuk1
50395.0,71180.0,17060.0,25241.0,379,163,0.0,54,48901.0,44491.0,26621.0,31871.0,97.9,4,PEuk1
40581.0,52518.0,8704.0,11742.0,240,362,250.0,137,54896.0,53002.0,23208.0,34681.0,98.2,4,PEuk1
72776.0,108693.0,14247.0,23612.0,219,149,185.0,143,72221.0,67261.0,51948.0,55680.0,98.2,4,PEuk1
30755.0,51832.0,5196.0,10050.0,137,48,73.0,31,34944.0,36536.0,23421.0,31583.0,98.6,4,PEuk1
46013.0,73457.0,15694.0,25143.0,0,70,295.0,132,69076.0,64406.0,42272.0,49612.0,98.6,4,PEuk1
61238.0,87030.0,7561.0,11013.0,0,48,481.0,199,63482.0,60019.0,38594.0,45173.0,98.7,4,PEuk1
7333.0,13741.0,863.0,2138.0,266,134,155.0,114,20755.0,13942.0,4384.0,4379.0,98.7,4,PEuk1
93511.0,146634.0,17158.0,25649.0,98,135,215.0,142,88031.0,82144.0,87395.0,72205.0,99.3,4,PEuk1
42223.0,52193.0,5034.0,5200.0,0,211,48.0,61,34500.0,34080.0,31025.0,21477.0,99.3,4,PEuk1
20332.0,38656.0,2339.0,4396.0,372,251,280.0,148,30949.0,33999.0,13484.0,22745.0,99.4,4,PEuk1
28662.0,36690.0,6222.0,10473.0,532,340,80.0,39,32468.0,28360.0,27855.0,26984.0,99.4,4,PEuk1
40685.0,58801.0,7477.0,10873.0,445,236,200.0,146,35729.0,34819.0,21770.0,30237.0,99.4,4,PEuk1
19713.0,36302.0,4061.0,6876.0,445,232,194.0,105,28866.0,28371.0,8466.0,16486.0,99.4,4,PEuk1
32042.0,32126.0,5015.0,6771.0,0,219,0.0,95,31417.0,29832.0,27653.0,21930.0,99.7,4,PEuk1
44259.0,64059.0,5836.0,8529.0,441,271,253.0,129,45954.0,42145.0,28044.0,34170.0,99.9,4,PEuk1
39935.0,65916.0,1376.0,3524.0,324,188,232.0,122,44330.0,43610.0,24318.0,39236.0,100.0,4,PEuk1
52350.0,81921.0,18114.0,28409.0,0,67,0.0,42,60352.0,53809.0,36778.0,45524.0,100.2,4,PEuk1
172965.0,271893.0,15483.0,24280.0,357,401,225.0,140,52295.0,48541.0,37530.0,36155.0,100.3,4,PEuk1
25895.0,39538.0,12218.0,18894.0,361,205,270.0,114,31356.0,30571.0,18209.0,24567.0,100.4,4,PEuk1
4057.0,10512.0,5208.0,10561.0,50,11,216.0,127,23189.0,21133.0,7707.0,9733.0,100.4,4,PEuk1
34362.0,56008.0,8560.0,14031.0,351,215,174.0,111,46025.0,45423.0,20307.0,34838.0,100.5,4,PEuk1
111815.0,162485.0,25890.0,42080.0,702,475,368.0,208,67821.0,59260.0,73764.0,58594.0,100.7,4,PEuk1
29819.0,50947.0,11778.0,19631.0,236,161,46.0,100,47559.0,47209.0,28383.0,39246.0,100.9,4,PEuk1
34664.0,41587.0,12111.0,18857.0,841,329,209.0,119,42238.0,39649.0,29968.0,32085.0,101.2,4,PEuk1
102536.0,138399.0,7319.0,7689.0,26,101,594.0,214,95180.0,85485.0,109541.0,80127.0,101.2,4,PEuk1
56347.0,72757.0,12724.0,20006.0,0,111,92.0,98,57738.0,54111.0,54741.0,45783.0,101.3,4,PEuk1
46415.0,76750.0,40701.0,65125.0,297,217,4.0,28,62035.0,57252.0,36372.0,37280.0,101.7,4,PEuk1
47149.0,62214.0,8438.0,13120.0,331,187,0.0,78,34572.0,34480.0,22422.0,25721.0,101.8,4,PEuk1
79457.0,122165.0,13514.0,21256.0,645,299,103.0,95,51807.0,48420.0,43902.0,41793.0,101.9,4,PEuk1
28827.0,43070.0,8302.0,11789.0,526,292,320.0,126,25251.0,21404.0,24649.0,20482.0,102.1,4,PEuk1
63877.0,75546.0,28529.0,44450.0,0,142,106.0,90,50282.0,44062.0,45910.0,35523.0,102.1,4,PEuk1
31158.0,52262.0,5142.0,6461.0,0,146,58.0,93,40928.0,38994.0,35432.0,31613.0,102.3,4,PEuk1
93509.0,147472.0,5910.0,8737.0,390,299,425.0,213,47596.0,41901.0,40580.0,34980.0,102.5,4,PEuk1
19303.0,37245.0,6227.0,10150.0,225,173,421.0,248,24376.0,23542.0,19105.0,16692.0,102.5,4,PEuk1
56751.0,75378.0,9973.0,14249.0,521,157,263.0,107,51924.0,47644.0,43870.0,38012.0,102.6,4,PEuk1
39736.0,58639.0,4674.0,8167.0,548,246,450.0,184,37425.0,33574.0,33570.0,26747.0,102.8,4,PEuk1
32849.0,58228.0,5014.0,8852.0,592,421,338.0,239,47164.0,45707.0,23033.0,27054.0,102.9,4,PEuk1
58500.0,100243.0,6972.0,9878.0,86,143,266.0,189,66750.0,62587.0,30675.0,51246.0,102.9,4,PEuk1
26054.0,27656.0,7736.0,10747.0,148,224,0.0,28,38000.0,35841.0,26996.0,27769.0,103.1,4,PEuk1
74850.0,111845.0,11452.0,18269.0,204,150,266.0,185,73527.0,68112.0,59170.0,54874.0,103.2,4,PEuk1
78105.0,104472.0,18288.0,25944.0,0,194,232.0,123,80012.0,73902.0,78296.0,62212.0,103.9,4,PEuk1
77015.0,128598.0,25192.0,41465.0,868,649,421.0,155,69888.0,67926.0,46758.0,51378.0,103.9,4,PEuk1
38944.0,52077.0,17496.0,26442.0,475,194,108.0,136,43954.0,40946.0,27851.0,24993.0,104.0,4,PEuk1
12018.0,18275.0,2629.0,6045.0,370,158,124.0,94,19702.0,18806.0,7020.0,16319.0,104.0,4,PEuk1
19270.0,39577.0,23012.0,40098.0,210,150,447.0,209,38233.0,36323.0,20278.0,26945.0,104.1,4,PEuk1
29660.0,48864.0,15028.0,23336.0,116,53,30.0,33,45501.0,43238.0,16972.0,31357.0,104.3,4,PEuk1
60027.0,94607.0,13519.0,21510.0,154,121,349.0,142,53572.0,51392.0,22840.0,35668.0,104.4,4,PEuk1
64206.0,111816.0,2600.0,5962.0,88,278,0.0,18,39659.0,35287.0,31683.0,28474.0,104.5,4,PEuk1
42491.0,69732.0,2161.0,3051.0,0,101,40.0,19,42458.0,38894.0,24467.0,26726.0,104.6,4,PEuk1
65889.0,93663.0,18389.0,30486.0,170,135,127.0,121,61446.0,56626.0,35525.0,40338.0,105.0,4,PEuk1
28723.0,38276.0,8040.0,13939.0,847,413,0.0,74,32542.0,30559.0,30645.0,26152.0,105.1,4,PEuk1
30656.0,44793.0,5120.0,8687.0,194,118,178.0,110,43467.0,40432.0,23249.0,31478.0,105.3,4,PEuk1
21513.0,29397.0,2459.0,4102.0,0,88,270.0,155,27508.0,25253.0,14153.0,18593.0,105.3,4,PEuk1
28392.0,54850.0,5240.0,9256.0,195,252,11.0,84,37394.0,33909.0,28801.0,28881.0,105.4,4,PEuk1
35098.0,50934.0,3541.0,7539.0,0,67,136.0,82,36260.0,33444.0,29363.0,21021.0,106.3,4,PEuk1
15398.0,29438.0,4852.0,7267.0,324,157,247.0,121,21276.0,18801.0,14051.0,16359.0,106.3,4,PEuk1
53708.0,73951.0,6519.0,10202.0,565,324,361.0,173,56649.0,52426.0,35042.0,39066.0,106.4,4,PEuk1
29962.0,54422.0,4691.0,8336.0,0,102,191.0,100,33794.0,30543.0,23895.0,23238.0,106.6,4,PEuk1
74361.0,108393.0,17120.0,22717.0,885,368,199.0,115,50437.0,43165.0,36854.0,30071.0,106.6,4,PEuk1
39273.0,68887.0,6387.0,9820.0,128,178,351.0,156,43794.0,39862.0,23862.0,37447.0,106.6,4,PEuk1
52182.0,61704.0,38984.0,58145.0,261,241,179.0,79,51939.0,47438.0,41551.0,36576.0,106.7,4,PEuk1
29458.0,44690.0,9774.0,14129.0,523,284,43.0,80,39904.0,35325.0,25786.0,31446.0,107.4,4,PEuk1
31525.0,46060.0,4605.0,7188.0,167,131,86.0,91,39410.0,37743.0,38505.0,31058.0,107.8,4,PEuk1
48553.0,70819.0,13119.0,20563.0,523,260,122.0,108,33985.0,31178.0,38879.0,27096.0,108.3,4,PEuk1
194581.0,276510.0,29941.0,45943.0,0,275,162.0,128,124261.0,111732.0,100732.0,100921.0,108.4,4,PEuk1
1222.0,6919.0,233.0,1226.0,173,72,158.0,106,9526.0,17274.0,1882.0,3330.0,108.6,4,PEuk1
61549.0,106958.0,6076.0,10806.0,577,349,260.0,229,68821.0,64750.0,34263.0,52177.0,108.6,4,PEuk1
49975.0,69444.0,15222.0,22783.0,357,244,0.0,60,49370.0,43014.0,35153.0,29529.0,108.6,4,PEuk1
33814.0,46059.0,17635.0,27079.0,164,112,0.0,25,30848.0,29174.0,18671.0,26373.0,108.8,4,PEuk1
15912.0,29540.0,4130.0,5634.0,186,139,280.0,236,23383.0,23858.0,6403.0,14516.0,108.8,4,PEuk1
24046.0,39766.0,7767.0,13429.0,331,162,48.0,62,27895.0,27886.0,8221.0,20455.0,108.8,4,PEuk1
28416.0,41517.0,11320.0,20997.0,349,304,436.0,223,34161.0,31853.0,22997.0,24977.0,109.1,4,PEuk1
95329.0,124800.0,39470.0,57731.0,595,348,39.0,50,103916.0,89893.0,83064.0,72092.0,109.8,4,PEuk1
46012.0,72403.0,16060.0,26009.0,391,232,76.0,128,46870.0,41582.0,41602.0,39792.0,109.8,4,PEuk1
23249.0,51823.0,2731.0,5134.0,79,113,238.0,135,28055.0,29114.0,14194.0,24106.0,109.9,4,PEuk1
48106.0,72104.0,8150.0,13889.0,204,185,121.0,122,28367.0,26104.0,25801.0,20664.0,109.9,4,PEuk1
31980.0,52733.0,10764.0,17774.0,297,158,261.0,126,32445.0,30780.0,16794.0,23073.0,110.0,4,PEuk1
56963.0,93108.0,4346.0,5697.0,240,165,216.0,144,36602.0,35342.0,24406.0,30553.0,110.1,4,PEuk1
35484.0,59389.0,7516.0,13070.0,309,220,196.0,107,47524.0,45910.0,25020.0,32814.0,110.1,4,PEuk1
42417.0,63248.0,5662.0,9359.0,215,136,339.0,259,38694.0,37432.0,12040.0,20759.0,110.1,4,PEuk1
43182.0,68046.0,16262.0,26971.0,544,287,102.0,176,56907.0,56105.0,35444.0,41688.0,110.4,4,PEuk1
32645.0,53790.0,3716.0,8241.0,106,57,336.0,196,38855.0,37357.0,23503.0,26309.0,110.5,4,PEuk1
30408.0,57552.0,3168.0,5870.0,0,22,147.0,66,40924.0,38787.0,18849.0,26472.0,110.5,4,PEuk1
25553.0,32936.0,15723.0,26287.0,109,112,95.0,25,28202.0,27801.0,9594.0,19854.0,110.6,4,PEuk1
50805.0,67237.0,6723.0,10970.0,97,73,368.0,156,53029.0,51778.0,18495.0,32161.0,110.9,4,PEuk1
61431.0,66123.0,10906.0,16625.0,0,67,160.0,175,56512.0,50415.0,50281.0,41238.0,111.3,4,PEuk1
63146.0,90647.0,25101.0,41634.0,257,298,304.0,146,65140.0,58190.0,57409.0,50815.0,111.4,4,PEuk1
28432.0,44029.0,6033.0,10020.0,505,278,259.0,147,41746.0,38765.0,36624.0,30086.0,111.6,4,PEuk1
27440.0,46902.0,7973.0,13231.0,142,215,219.0,81,35552.0,33983.0,16063.0,21235.0,112.1,4,PEuk1
23495.0,44192.0,5733.0,10369.0,17,36,294.0,206,33050.0,31856.0,16689.0,23534.0,112.3,4,PEuk1
37297.0,60217.0,4567.0,7440.0,340,274,100.0,40,44480.0,43973.0,9601.0,22064.0,112.3,4,PEuk1
31105.0,51073.0,4500.0,7424.0,314,161,307.0,158,33707.0,31563.0,23632.0,25756.0,112.5,4,PEuk1
39715.0,69516.0,18047.0,30902.0,484,307,182.0,88,46022.0,45636.0,27378.0,34279.0,112.8,4,PEuk1
31219.0,58846.0,2655.0,4138.0,484,236,209.0,55,34565.0,30006.0,23263.0,24446.0,112.9,4,PEuk1
44885.0,70797.0,6958.0,11615.0,396,350,92.0,35,54727.0,51080.0,37368.0,39491.0,112.9,4,PEuk1
13754.0,28901.0,10201.0,18705.0,361,354,165.0,46,21173.0,20971.0,6562.0,13805.0,113.0,4,PEuk1
39428.0,63452.0,7915.0,13465.0,753,544,256.0,120,41737.0,39878.0,23687.0,31381.0,113.1,4,PEuk1
42786.0,74766.0,13032.0,21145.0,330,271,218.0,94,59848.0,53475.0,35428.0,38190.0,113.1,4,PEuk1
25558.0,52012.0,11198.0,19775.0,266,126,35.0,115,39412.0,37115.0,29988.0,34983.0,113.2,4,PEuk1
48582.0,73908.0,54140.0,92127.0,363,228,0.0,87,50194.0,49579.0,21063.0,34993.0,113.3,4,PEuk1
73485.0,104215.0,17093.0,25150.0,535,289,477.0,200,86599.0,79807.0,53111.0,60682.0,113.5,4,PEuk1
32603.0,60903.0,5939.0,10375.0,450,349,79.0,26,37843.0,38713.0,12160.0,24532.0,113.6,4,PEuk1
110546.0,162648.0,15771.0,25439.0,245,143,248.0,134,59198.0,52291.0,45700.0,42816.0,113.9,4,PEuk1
101333.0,140478.0,16851.0,23789.0,485,307,0.0,83,83163.0,76314.0,73188.0,63327.0,114.0,4,PEuk1
45485.0,62805.0,13634.0,23327.0,593,363,349.0,186,48852.0,45633.0,46418.0,46174.0,114.0,4,PEuk1
6680.0,20119.0,4066.0,9250.0,112,0,177.0,85,19402.0,21502.0,2595.0,7289.0,114.1,4,PEuk1
18821.0,42327.0,4251.0,7603.0,333,204,323.0,203,22895.0,22049.0,14573.0,15464.0,114.3,4,PEuk1
20921.0,37784.0,5077.0,7982.0,354,169,152.0,27,32659.0,33224.0,6160.0,20252.0,114.6,4,PEuk1
27385.0,45191.0,6567.0,9758.0,19,11,206.0,83,14904.0,14421.0,8455.0,12254.0,114.6,4,PEuk1
42299.0,66292.0,17740.0,31327.0,321,404,106.0,49,55143.0,53664.0,33651.0,40707.0,114.7,4,PEuk1
15161.0,24269.0,4128.0,7384.0,0,74,62.0,46,15102.0,16377.0,17472.0,14295.0,114.7,4,PEuk1
42274.0,75403.0,17798.0,27671.0,309,176,465.0,231,43603.0,39431.0,24407.0,37172.0,114.8,4,PEuk1
48020.0,63685.0,19532.0,30086.0,309,277,147.0,125,61518.0,58369.0,27440.0,37667.0,115.3,4,PEuk1
37259.0,44618.0,16937.0,24977.0,209,127,264.0,119,34578.0,30834.0,30361.0,24816.0,115.4,4,PEuk1
68732.0,113750.0,19141.0,31737.0,330,358,152.0,66,65516.0,57799.0,37363.0,42846.0,115.4,4,PEuk1
67768.0,96287.0,11667.0,19285.0,171,236,137.0,113,74834.0,67867.0,51951.0,53950.0,115.4,4,PEuk1
27594.0,41576.0,10055.0,14468.0,121,93,216.0,131,29357.0,26595.0,17823.0,25774.0,115.7,4,PEuk1
2398.0,14038.0,281.0,2497.0,167,95,158.0,77,9553.0,15480.0,304.0,476.0,116.1,4,PEuk1
35588.0,45194.0,11155.0,16834.0,0,86,232.0,178,55489.0,51149.0,48488.0,44067.0,116.5,4,PEuk1
33778.0,60071.0,4725.0,8332.0,239,242,111.0,197,35411.0,30485.0,34298.0,26074.0,116.6,4,PEuk1
45725.0,79089.0,6004.0,9308.0,2220,2076,389.0,260,46660.0,45218.0,21353.0,33543.0,116.6,4,PEuk1
28065.0,60188.0,11367.0,18656.0,71,51,49.0,28,32199.0,31365.0,14377.0,21829.0,116.7,4,PEuk1
43959.0,52589.0,7041.0,9178.0,306,258,225.0,120,39827.0,36970.0,33625.0,31389.0,116.9,4,PEuk1
33508.0,53466.0,12530.0,21224.0,459,181,0.0,78,41064.0,38976.0,23761.0,28437.0,116.9,4,PEuk1
75412.0,118563.0,8103.0,13132.0,19,141,259.0,165,66794.0,61370.0,30307.0,47646.0,116.9,4,PEuk1
24984.0,44691.0,2894.0,5328.0,219,150,190.0,146,42045.0,38020.0,22869.0,30226.0,117.0,4,PEuk1
43409.0,40435.0,5520.0,7841.0,0,241,275.0,121,42530.0,40369.0,41630.0,30489.0,117.2,4,PEuk1
40135.0,56253.0,8380.0,9410.0,0,10,402.0,212,39910.0,34793.0,29994.0,32282.0,117.2,4,PEuk1
71354.0,105903.0,13897.0,21578.0,64,152,0.0,19,35296.0,30539.0,23761.0,23535.0,117.2,4,PEuk1
33913.0,54631.0,8237.0,12028.0,595,271,0.0,28,35380.0,33051.0,23123.0,28461.0,117.3,4,PEuk1
9116.0,20049.0,719.0,1785.0,219,101,196.0,88,29205.0,17323.0,2570.0,2160.0,117.4,4,PEuk1
22861.0,37162.0,5932.0,11013.0,97,110,427.0,174,27522.0,27105.0,20090.0,19224.0,117.6,4,PEuk1
27030.0,38042.0,43432.0,70726.0,191,177,65.0,164,29040.0,26371.0,18530.0,20338.0,117.8,4,PEuk1
39044.0,59873.0,4088.0,7325.0,550,296,269.0,204,35818.0,33713.0,21248.0,24505.0,117.8,4,PEuk1
69891.0,119445.0,5590.0,8431.0,299,335,285.0,238,85005.0,81249.0,48216.0,69816.0,117.8,4,PEuk1
64474.0,99628.0,9583.0,16268.0,393,236,19.0,111,74075.0,68208.0,70531.0,58023.0,117.9,4,PEuk1
43714.0,67190.0,10627.0,18237.0,330,162,70.0,64,48249.0,44633.0,34177.0,37340.0,118.0,4,PEuk1
26372.0,33097.0,11749.0,18076.0,315,139,0.0,27,26357.0,23980.0,22954.0,20218.0,118.2,4,PEuk1
29693.0,50935.0,1937.0,3618.0,198,143,0.0,37,43258.0,36832.0,31194.0,27674.0,118.4,4,PEuk1
48395.0,56868.0,8062.0,12711.0,116,125,90.0,97,42351.0,37270.0,34640.0,30841.0,118.5,4,PEuk1
60737.0,91273.0,49747.0,80296.0,236,169,439.0,189,77861.0,71149.0,64617.0,56967.0,118.6,4,PEuk1
60462.0,95831.0,41865.0,70104.0,55,224,200.0,99,60024.0,53793.0,36975.0,49315.0,119.0,4,PEuk1
49001.0,76716.0,2640.0,5048.0,165,285,0.0,60,48866.0,44228.0,27157.0,34227.0,119.0,4,PEuk1
27450.0,44805.0,3137.0,6025.0,255,218,0.0,71,38056.0,38319.0,20794.0,28791.0,119.1,4,PEuk1
16529.0,30731.0,1762.0,5161.0,107,118,206.0,103,19649.0,19863.0,12999.0,14766.0,119.2,4,PEuk1
147829.0,228030.0,8984.0,13454.0,5,245,253.0,108,54855.0,47920.0,40212.0,38108.0,119.2,4,PEuk1
64297.0,101171.0,7223.0,11231.0,0,196,436.0,234,39412.0,36439.0,24544.0,31115.0,119.5,4,PEuk1
38605.0,51301.0,28578.0,46126.0,240,137,127.0,102,39999.0,38592.0,20383.0,25724.0,119.7,4,PEuk1
23960.0,32628.0,1962.0,4194.0,349,213,125.0,172,16136.0,15348.0,14693.0,9617.0,119.9,4,PEuk1
51787.0,69735.0,3594.0,6798.0,0,144,0.0,51,41871.0,38066.0,35668.0,26506.0,120.1,4,PEuk1
33354.0,36561.0,6100.0,10120.0,0,29,197.0,92,28770.0,27796.0,17279.0,24193.0,120.2,4,PEuk1
127793.0,187262.0,10611.0,16489.0,834,453,199.0,145,90408.0,78206.0,71916.0,71217.0,120.7,4,PEuk1
40891.0,73586.0,6189.0,11280.0,451,225,286.0,228,46785.0,43564.0,18831.0,34878.0,121.0,4,PEuk1
43491.0,57379.0,16386.0,27192.0,355,233,0.0,139,33856.0,31712.0,13778.0,22147.0,121.0,4,PEuk1
50226.0,81330.0,4020.0,7608.0,80,154,144.0,65,51641.0,48300.0,30976.0,38555.0,121.0,4,PEuk1
28743.0,46682.0,7554.0,14047.0,456,281,14.0,74,40046.0,39029.0,36811.0,37295.0,121.3,4,PEuk1
25275.0,45667.0,10886.0,16788.0,442,293,231.0,98,33258.0,30252.0,25593.0,23780.0,121.9,4,PEuk1
15198.0,35143.0,9822.0,20927.0,101,160,263.0,170,25780.0,28684.0,4548.0,11297.0,122.2,4,PEuk1
58902.0,94785.0,9684.0,17100.0,11,135,419.0,194,61499.0,59405.0,26382.0,47579.0,122.3,4,PEuk1
27447.0,53436.0,4001.0,6825.0,230,267,83.0,29,26687.0,25266.0,18684.0,21843.0,122.4,4,PEuk1
110414.0,141578.0,53422.0,79930.0,548,548,399.0,239,23884.0,20728.0,6638.0,6672.0,122.7,4,PEuk1
30527.0,52483.0,10335.0,16978.0,55,100,257.0,149,39561.0,37903.0,25958.0,23888.0,122.7,4,PEuk1
274974.0,295761.0,452795.0,643469.0,1972,1080,273.0,192,37653.0,27685.0,5033.0,4253.0,122.7,4,PEuk1
33128.0,38635.0,18739.0,28736.0,306,164,207.0,120,38222.0,33701.0,28238.0,28031.0,122.7,4,PEuk1
21929.0,35035.0,3664.0,5112.0,1468,1345,384.0,165,30615.0,30536.0,12961.0,22472.0,122.7,4,PEuk1
46100.0,72757.0,16756.0,26878.0,493,267,326.0,153,33264.0,28390.0,30829.0,23797.0,122.8,4,PEuk1
18629.0,36261.0,8984.0,17403.0,134,90,216.0,89,30076.0,31103.0,7171.0,11983.0,122.9,4,PEuk1
14910.0,23936.0,4039.0,8101.0,134,110,278.0,168,26721.0,25969.0,10543.0,19393.0,122.9,4,PEuk1
55514.0,73111.0,4027.0,6462.0,1018,324,338.0,149,61080.0,53028.0,64748.0,43196.0,123.3,4,PEuk1
67604.0,98315.0,31308.0,47811.0,384,241,143.0,111,84310.0,75295.0,72399.0,58474.0,123.4,4,PEuk1
40811.0,55384.0,2509.0,4661.0,369,224,472.0,217,38994.0,38300.0,24704.0,27020.0,123.6,4,PEuk1
22616.0,43613.0,4215.0,7511.0,157,76,114.0,106,28088.0,26020.0,13641.0,23980.0,123.8,4,PEuk1
54789.0,84128.0,18035.0,28649.0,339,214,197.0,111,68364.0,62069.0,65345.0,50365.0,124.3,4,PEuk1
19245.0,34285.0,3307.0,4906.0,376,191,177.0,123,31081.0,31382.0,18560.0,26231.0,124.4,4,PEuk1
33827.0,41242.0,4590.0,5385.0,1248,1035,515.0,195,43221.0,38867.0,36157.0,28647.0,124.6,4,PEuk1
60507.0,79752.0,8448.0,14162.0,269,175,333.0,119,63746.0,58491.0,46393.0,43327.0,124.6,4,PEuk1
34270.0,60095.0,1507.0,4780.0,188,226,127.0,47,22821.0,22457.0,9643.0,19620.0,124.9,4,PEuk1
21661.0,38563.0,2732.0,4023.0,22,117,266.0,144,22682.0,23182.0,10322.0,17522.0,125.2,4,PEuk1
9447.0,15221.0,0.0,1178.0,0,82,305.0,153,51333.0,21843.0,74762.0,32886.0,125.2,4,PEuk1
28276.0,46337.0,8361.0,13788.0,493,261,86.0,74,41424.0,39461.0,24885.0,27318.0,125.4,4,PEuk1
142874.0,231987.0,11042.0,16374.0,587,396,0.0,82,82829.0,72124.0,85549.0,65789.0,125.6,4,PEuk1
55248.0,72072.0,18322.0,26121.0,524,193,793.0,239,51399.0,45709.0,33067.0,39180.0,125.7,4,PEuk1
19823.0,34451.0,6622.0,9605.0,506,230,215.0,113,28063.0,25013.0,18042.0,16423.0,126.0,4,PEuk1
91867.0,140735.0,24412.0,37221.0,480,415,245.0,199,27494.0,26413.0,15451.0,22788.0,126.2,4,PEuk1
50777.0,70155.0,7429.0,12969.0,397,385,100.0,166,57207.0,52898.0,47705.0,51365.0,126.2,4,PEuk1
18877.0,31758.0,3542.0,6036.0,270,230,160.0,60,16227.0,14723.0,7952.0,11991.0,126.2,4,PEuk1
52699.0,92334.0,9341.0,13876.0,648,329,218.0,131,39904.0,34304.0,30943.0,28678.0,126.6,4,PEuk1
16509.0,25146.0,5951.0,10423.0,408,301,103.0,107,27055.0,27452.0,18097.0,19543.0,126.7,4,PEuk1
39073.0,59565.0,15732.0,24294.0,330,159,245.0,133,42056.0,39491.0,22559.0,29092.0,126.7,4,PEuk1
35900.0,54658.0,13435.0,22136.0,315,178,87.0,107,28764.0,26759.0,20453.0,22503.0,126.8,4,PEuk1
35973.0,43402.0,16600.0,28322.0,125,123,336.0,113,35988.0,33380.0,31790.0,28426.0,126.8,4,PEuk1
97011.0,137256.0,41665.0,69282.0,246,364,74.0,97,99186.0,87727.0,82997.0,70216.0,126.9,4,PEuk1
17528.0,46444.0,6028.0,8474.0,269,152,235.0,136,22864.0,22492.0,6622.0,13670.0,127.1,4,PEuk1
161089.0,233443.0,12244.0,21841.0,0,127,444.0,198,66707.0,59971.0,67967.0,53263.0,127.4,4,PEuk1
28770.0,58001.0,4380.0,7963.0,110,147,106.0,26,35686.0,34706.0,17256.0,26620.0,127.4,4,PEuk1
39235.0,58634.0,4080.0,7067.0,255,150,209.0,81,42076.0,41865.0,13723.0,26680.0,127.6,4,PEuk1
27853.0,36966.0,6785.0,10445.0,209,103,279.0,148,28156.0,25520.0,20801.0,19707.0,127.8,4,PEuk1
7373.0,21391.0,563.0,1975.0,5,61,206.0,69,18366.0,18982.0,3111.0,2931.0,128.1,4,PEuk1
37556.0,63404.0,10524.0,17731.0,142,115,188.0,131,45987.0,44532.0,19217.0,30073.0,128.3,4,PEuk1
72004.0,109202.0,8879.0,16296.0,337,307,406.0,126,62322.0,57592.0,48651.0,43409.0,128.3,4,PEuk1
35868.0,61198.0,8835.0,15180.0,210,141,361.0,163,55482.0,53268.0,13236.0,28605.0,128.3,4,PEuk1
59664.0,88366.0,7866.0,10573.0,152,452,779.0,282,64665.0,56904.0,49074.0,44025.0,128.3,4,PEuk1
44544.0,56194.0,4524.0,6910.0,0,97,83.0,83,61140.0,58508.0,35397.0,46407.0,128.4,4,PEuk1
35552.0,63121.0,13785.0,22796.0,180,100,57.0,49,50026.0,47122.0,31157.0,33340.0,128.4,4,PEuk1
51466.0,84845.0,17889.0,27280.0,339,307,8.0,119,45892.0,41666.0,34493.0,31112.0,128.5,4,PEuk1
41968.0,52685.0,14104.0,24573.0,139,222,400.0,155,40826.0,36672.0,32450.0,27764.0,128.6,4,PEuk1
37258.0,60935.0,2521.0,3939.0,447,259,310.0,239,25722.0,22163.0,12002.0,20974.0,129.2,4,PEuk1
95990.0,161449.0,10632.0,16375.0,414,174,68.0,47,113372.0,94809.0,43254.0,40538.0,129.2,4,PEuk1
36011.0,48682.0,3330.0,5030.0,209,95,74.0,44,43871.0,43558.0,25034.0,30359.0,129.3,4,PEuk1
133348.0,195426.0,26719.0,42299.0,305,239,299.0,199,103928.0,96095.0,89462.0,78418.0,129.4,4,PEuk1
20536.0,42804.0,6598.0,8466.0,186,183,118.0,53,30437.0,30235.0,15491.0,22653.0,129.4,4,PEuk1
46129.0,69867.0,3908.0,7721.0,355,193,520.0,196,58382.0,55016.0,45486.0,43735.0,129.5,4,PEuk1
47490.0,81303.0,6771.0,10605.0,255,124,421.0,171,48142.0,40784.0,31809.0,29106.0,129.7,4,PEuk1
45776.0,65438.0,4377.0,8296.0,441,186,213.0,159,53826.0,49521.0,34397.0,33613.0,130.0,4,PEuk1
18488.0,37334.0,9039.0,14331.0,325,350,368.0,135,23439.0,21289.0,13791.0,16296.0,130.0,4,PEuk1
13157.0,30018.0,7846.0,13650.0,85,125,0.0,60,21866.0,19641.0,12025.0,15493.0,130.9,4,PEuk1
40538.0,56898.0,15768.0,27370.0,0,151,0.0,50,49586.0,45814.0,52579.0,39502.0,131.0,4,PEuk1
37308.0,71631.0,5973.0,11003.0,182,136,0.0,27,54994.0,53003.0,40410.0,41839.0,131.3,4,PEuk1
32887.0,56927.0,3726.0,5500.0,237,109,0.0,39,49974.0,43581.0,24269.0,29108.0,131.5,4,PEuk1
27429.0,39854.0,4569.0,7315.0,209,94,324.0,173,20242.0,17375.0,13984.0,16152.0,131.7,4,PEuk1
54067.0,79533.0,9578.0,18305.0,439,200,0.0,151,48950.0,43524.0,41878.0,29354.0,131.9,4,PEuk1
3669.0,8506.0,1771.0,3561.0,275,196,294.0,154,16991.0,16078.0,3347.0,4925.0,132.0,4,PEuk1
99030.0,138079.0,12451.0,20410.0,509,458,373.0,124,98377.0,87335.0,80593.0,78429.0,132.1,4,PEuk1
94277.0,135160.0,29538.0,45286.0,478,272,73.0,57,79274.0,73528.0,79588.0,68809.0,132.1,4,PEuk1
40499.0,60847.0,4924.0,6766.0,281,191,373.0,171,44332.0,40611.0,35233.0,25629.0,132.2,4,PEuk1
68792.0,99228.0,39678.0,60333.0,160,173,182.0,139,73958.0,66492.0,58498.0,51374.0,132.3,4,PEuk1
51011.0,65618.0,2641.0,5053.0,288,419,248.0,119,36831.0,33272.0,38394.0,29223.0,132.4,4,PEuk1
61872.0,82929.0,4571.0,6818.0,690,298,29.0,160,63702.0,56562.0,48438.0,48538.0,132.6,4,PEuk1
81750.0,120159.0,15962.0,25986.0,0,107,73.0,126,56988.0,52015.0,44355.0,39992.0,132.6,4,PEuk1
46944.0,53637.0,7188.0,10308.0,0,202,671.0,261,45543.0,41623.0,39092.0,26728.0,132.7,4,PEuk1
36313.0,49792.0,11085.0,17921.0,327,105,460.0,201,38249.0,38337.0,20847.0,35798.0,132.7,4,PEuk1
979.0,5626.0,331.0,1611.0,136,0,125.0,18,12337.0,22273.0,1970.0,3260.0,132.8,4,PEuk1
1265.0,7207.0,0.0,775.0,189,116,190.0,168,6781.0,12129.0,1606.0,2526.0,132.8,4,PEuk1
1398.0,7077.0,782.0,3799.0,67,66,181.0,113,10677.0,21783.0,95565.0,180467.0,132.8,4,PEuk1
20693.0,30997.0,14292.0,22858.0,364,219,409.0,144,28027.0,25483.0,28349.0,18919.0,133.3,4,PEuk1
26300.0,50486.0,2389.0,5303.0,314,186,62.0,49,31319.0,30907.0,24030.0,24895.0,133.5,4,PEuk1
107411.0,172856.0,7690.0,12076.0,599,331,74.0,113,35960.0,33599.0,20979.0,19155.0,134.0,4,PEuk1
65535.0,97659.0,5165.0,7963.0,118,169,43.0,67,37685.0,33600.0,30709.0,27418.0,134.0,4,PEuk1
120305.0,180985.0,10335.0,15106.0,835,497,196.0,112,135949.0,108288.0,55121.0,50288.0,134.1,4,PEuk1
28435.0,43744.0,33153.0,51844.0,194,161,266.0,117,46387.0,44008.0,31829.0,32198.0,134.2,4,PEuk1
53608.0,72908.0,38454.0,61270.0,556,304,169.0,147,73863.0,68029.0,60100.0,57861.0,134.3,4,PEuk1
27555.0,35902.0,2470.0,3026.0,306,156,0.0,68,32825.0,28506.0,26879.0,24048.0,134.3,4,PEuk1
36949.0,63400.0,4890.0,7466.0,311,172,201.0,103,46837.0,43675.0,29572.0,32468.0,134.4,4,PEuk1
38559.0,57625.0,3584.0,5397.0,403,228,361.0,133,54599.0,51160.0,42109.0,40683.0,134.8,4,PEuk1
51617.0,80119.0,21652.0,33557.0,339,225,0.0,21,61718.0,58886.0,34728.0,40662.0,134.9,4,PEuk1
33335.0,47112.0,1943.0,3684.0,324,172,0.0,79,44171.0,41883.0,25351.0,27327.0,134.9,4,PEuk1
35790.0,63671.0,10973.0,17678.0,246,342,64.0,99,47034.0,46141.0,17666.0,30319.0,135.0,4,PEuk1
12635.0,19917.0,3963.0,7759.0,0,0,359.0,167,19578.0,17918.0,13797.0,13531.0,135.3,4,PEuk1
89456.0,140059.0,7985.0,12502.0,1019,437,254.0,197,117341.0,97111.0,35545.0,41559.0,135.6,4,PEuk1
66752.0,88306.0,7336.0,11382.0,91,125,680.0,245,74619.0,70563.0,53951.0,51880.0,135.7,4,PEuk1
28526.0,34216.0,5470.0,8318.0,124,125,188.0,120,32834.0,30936.0,24126.0,25296.0,136.0,4,PEuk1
47612.0,74951.0,17589.0,31076.0,604,248,463.0,198,40656.0,39223.0,23167.0,30788.0,136.0,4,PEuk1
79184.0,124238.0,17424.0,28338.0,231,166,108.0,138,82438.0,78193.0,81185.0,70228.0,136.0,4,PEuk1
23766.0,36660.0,9066.0,14490.0,349,210,256.0,205,26747.0,25515.0,14188.0,17593.0,136.8,4,PEuk1
85496.0,121010.0,6330.0,11593.0,480,279,139.0,166,74630.0,66401.0,58087.0,50034.0,137.0,4,PEuk1
22386.0,42820.0,2650.0,5824.0,328,205,140.0,145,30049.0,28393.0,13440.0,19623.0,137.4,4,PEuk1
2796.0,5974.0,197.0,1224.0,305,269,513.0,337,21301.0,14072.0,3596.0,3131.0,137.9,4,PEuk1
11699.0,19876.0,9674.0,17306.0,201,103,163.0,120,17576.0,17584.0,3633.0,9937.0,138.2,4,PEuk1
24935.0,36974.0,5185.0,8172.0,204,119,383.0,199,29896.0,26512.0,25803.0,26942.0,138.4,4,PEuk1
20495.0,40087.0,5065.0,6754.0,0,73,124.0,118,25797.0,23007.0,24407.0,19741.0,138.4,4,PEuk1
181288.0,251449.0,30801.0,47383.0,337,314,297.0,122,97995.0,87632.0,101544.0,88725.0,138.6,4,PEuk1
24675.0,44572.0,1227.0,2468.0,249,155,0.0,63,39425.0,37588.0,12756.0,23879.0,138.6,4,PEuk1
44342.0,68777.0,33465.0,50686.0,539,344,223.0,140,42088.0,39276.0,21283.0,36387.0,138.6,4,PEuk1
31371.0,44810.0,6328.0,9401.0,7,79,346.0,192,42668.0,40345.0,35075.0,34418.0,138.7,4,PEuk1
54668.0,76819.0,8865.0,14736.0,0,82,0.0,59,62125.0,57128.0,46913.0,35287.0,138.7,4,PEuk1
71411.0,82933.0,9120.0,12605.0,396,257,74.0,131,66124.0,57339.0,62231.0,46911.0,139.0,4,PEuk1
105576.0,151248.0,36617.0,58311.0,279,142,115.0,139,119534.0,101979.0,55334.0,44103.0,139.0,4,PEuk1
31058.0,38458.0,3215.0,4731.0,314,236,582.0,238,38354.0,35588.0,23849.0,27241.0,139.2,4,PEuk1
31841.0,48661.0,5158.0,9645.0,92,28,182.0,192,40110.0,40492.0,20362.0,33382.0,139.3,4,PEuk1
52726.0,86581.0,10592.0,15426.0,789,358,103.0,116,55840.0,51896.0,31886.0,38769.0,139.5,4,PEuk1
26047.0,48169.0,3446.0,5063.0,312,292,106.0,34,36251.0,35133.0,23156.0,22611.0,140.0,4,PEuk1
79763.0,119899.0,15380.0,22589.0,0,50,200.0,138,58817.0,50346.0,50822.0,38489.0,140.3,4,PEuk1
33622.0,51504.0,21486.0,33652.0,266,154,159.0,56,50400.0,45223.0,32068.0,34855.0,140.5,4,PEuk1
34486.0,59137.0,10256.0,16533.0,28,47,506.0,233,30189.0,28496.0,17920.0,19426.0,140.5,4,PEuk1
79409.0,106709.0,6268.0,6613.0,445,348,125.0,88,46095.0,40490.0,34859.0,32264.0,140.5,4,PEuk1
117272.0,168988.0,4529.0,9981.0,1001,470,512.0,193,99819.0,90407.0,81074.0,67498.0,140.7,4,PEuk1
12334.0,17274.0,2743.0,4402.0,174,180,263.0,159,25203.0,23873.0,20964.0,20744.0,141.0,4,PEuk1
30511.0,45891.0,26161.0,39943.0,17,91,373.0,178,42684.0,38729.0,28307.0,26674.0,141.2,4,PEuk1
20775.0,43394.0,2135.0,4009.0,240,172,111.0,132,26317.0,25425.0,11566.0,19365.0,141.5,4,PEuk1
38929.0,59504.0,3548.0,5967.0,145,47,8.0,40,39097.0,38613.0,13294.0,23986.0,141.5,4,PEuk1
24569.0,39366.0,4519.0,6137.0,130,77,99.0,91,22738.0,22473.0,7776.0,13023.0,141.5,4,PEuk1
96451.0,140008.0,9562.0,14165.0,0,67,43.0,72,93005.0,78840.0,38470.0,33143.0,141.7,4,PEuk1
28460.0,47821.0,10158.0,19714.0,139,154,108.0,123,36180.0,35619.0,22274.0,26392.0,141.8,4,PEuk1
23463.0,38615.0,5825.0,8321.0,0,49,103.0,80,28895.0,27867.0,21928.0,20042.0,141.9,4,PEuk1
42672.0,65853.0,8553.0,15632.0,44,143,247.0,84,45284.0,41073.0,37784.0,33305.0,142.2,4,PEuk1
70740.0,110401.0,21419.0,31982.0,32,130,283.0,117,71233.0,64985.0,65613.0,53513.0,142.3,4,PEuk1
29355.0,32542.0,3884.0,4830.0,0,122,218.0,153,21365.0,19360.0,13799.0,14410.0,142.3,4,PEuk1
39549.0,58155.0,2428.0,4490.0,607,560,177.0,110,44489.0,41103.0,40505.0,31099.0,142.5,4,PEuk1
34703.0,53798.0,13306.0,19191.0,1417,1041,62.0,90,37479.0,34470.0,26353.0,22366.0,142.5,4,PEuk1
30374.0,39457.0,2633.0,4259.0,0,228,269.0,193,20095.0,18468.0,16523.0,18549.0,142.6,4,PEuk1
31058.0,40601.0,11111.0,16320.0,0,64,0.0,22,34775.0,30792.0,31475.0,24241.0,142.6,4,PEuk1
35795.0,49617.0,11621.0,17478.0,278,247,321.0,161,38573.0,37428.0,20401.0,28962.0,142.8,4,PEuk1
31389.0,42873.0,2482.0,4160.0,645,262,247.0,90,37462.0,35750.0,22551.0,26527.0,143.1,4,PEuk1
26489.0,40791.0,5115.0,10854.0,302,244,40.0,88,34228.0,30145.0,20525.0,23540.0,143.3,4,PEuk1
39955.0,60705.0,6682.0,10550.0,278,180,261.0,165,45149.0,44308.0,17531.0,37012.0,143.3,4,PEuk1
61253.0,93876.0,13205.0,20115.0,305,264,102.0,102,67756.0,61480.0,58344.0,59009.0,143.3,4,PEuk1
47409.0,73574.0,18698.0,30367.0,610,442,0.0,79,61270.0,57764.0,27690.0,41827.0,143.3,4,PEuk1
62447.0,90609.0,32405.0,50168.0,148,165,310.0,165,69148.0,64568.0,37638.0,52240.0,143.6,4,PEuk1
35860.0,36164.0,1407.0,2374.0,0,154,894.0,290,23935.0,19810.0,16852.0,21804.0,143.7,4,PEuk1
108385.0,177075.0,13830.0,23325.0,82,76,150.0,115,130424.0,113344.0,29781.0,34959.0,143.8,4,PEuk1
53840.0,100815.0,14425.0,25636.0,237,166,182.0,45,48240.0,46294.0,24067.0,37788.0,144.1,4,PEuk1
41148.0,62759.0,6502.0,9450.0,40,81,80.0,92,49333.0,45178.0,25564.0,32936.0,144.1,4,PEuk1
33537.0,55525.0,6227.0,9874.0,146,44,326.0,185,49863.0,48299.0,19121.0,33898.0,144.2,4,PEuk1
37822.0,61520.0,3225.0,6993.0,472,275,305.0,197,44955.0,42386.0,18761.0,32899.0,144.3,4,PEuk1
38864.0,61562.0,5875.0,8467.0,285,153,203.0,84,48076.0,47432.0,25551.0,37131.0,144.4,4,PEuk1
69059.0,79720.0,5286.0,6730.0,598,228,0.0,30,76261.0,69390.0,67501.0,49171.0,144.8,4,PEuk1
8552.0,14694.0,5862.0,11837.0,0,0,0.0,46,21065.0,20221.0,3850.0,10841.0,144.9,4,PEuk1
38455.0,50349.0,29993.0,47597.0,499,258,316.0,151,43070.0,40505.0,42421.0,31145.0,145.2,4,PEuk1
92065.0,129973.0,825.0,2766.0,106,149,294.0,191,115171.0,98423.0,51389.0,40132.0,145.3,4,PEuk1
44188.0,64088.0,7468.0,9939.0,64,77,212.0,89,44580.0,40679.0,34461.0,36234.0,145.6,4,PEuk1
52536.0,75239.0,11883.0,16951.0,88,113,109.0,81,58855.0,53771.0,45954.0,42406.0,146.1,4,PEuk1
104368.0,158493.0,4828.0,6884.0,231,226,19.0,32,74226.0,60919.0,50516.0,51653.0,146.1,4,PEuk1
41823.0,50811.0,3496.0,4739.0,390,197,507.0,221,34470.0,33680.0,27820.0,26681.0,146.3,4,PEuk1
19180.0,30914.0,4363.0,8145.0,373,321,115.0,64,33180.0,30849.0,24502.0,22755.0,146.7,4,PEuk1
28691.0,52035.0,3477.0,7584.0,287,194,168.0,93,46133.0,46054.0,24427.0,32791.0,146.8,4,PEuk1
43246.0,75498.0,21916.0,37057.0,320,357,35.0,123,52283.0,51000.0,31147.0,43642.0,147.1,4,PEuk1
35793.0,47215.0,7139.0,12947.0,352,190,87.0,84,41931.0,40613.0,17911.0,34742.0,147.5,4,PEuk1
20075.0,38628.0,4698.0,10559.0,40,33,169.0,129,34984.0,34732.0,29582.0,26742.0,147.5,4,PEuk1
10254.0,26469.0,2729.0,6627.0,312,245,181.0,44,20263.0,22478.0,8300.0,15859.0,147.7,4,PEuk1
42597.0,70648.0,4066.0,7649.0,249,258,463.0,221,50614.0,50788.0,35636.0,40365.0,147.8,4,PEuk1
39323.0,62707.0,5262.0,8772.0,0,106,16.0,122,26568.0,23400.0,23959.0,22020.0,147.8,4,PEuk1
36449.0,53344.0,8055.0,15264.0,161,118,447.0,178,35271.0,34047.0,34905.0,27702.0,148.2,4,PEuk1
64159.0,89488.0,11021.0,15810.0,188,156,0.0,135,78534.0,72405.0,55381.0,52872.0,148.7,4,PEuk1
21501.0,41873.0,3613.0,6996.0,210,233,285.0,148,23111.0,22335.0,6579.0,14104.0,148.8,4,PEuk1
54840.0,82517.0,21898.0,34614.0,669,451,263.0,96,64957.0,63066.0,31160.0,51425.0,148.8,4,PEuk1
25415.0,40326.0,3160.0,6530.0,119,101,0.0,77,25907.0,25794.0,9150.0,15646.0,149.0,4,PEuk1
24304.0,51386.0,7278.0,13120.0,23,64,71.0,30,34630.0,33876.0,14555.0,26536.0,149.0,4,PEuk1
41580.0,65941.0,13385.0,22075.0,640,276,80.0,57,60777.0,58146.0,32332.0,44293.0,149.1,4,PEuk1
62851.0,79453.0,19570.0,28529.0,518,262,323.0,143,64482.0,57037.0,31892.0,38742.0,149.3,4,PEuk1
36002.0,54513.0,6061.0,11311.0,385,332,136.0,61,44563.0,41766.0,14910.0,30857.0,149.3,4,PEuk1
20801.0,31122.0,2676.0,4390.0,560,314,323.0,146,15928.0,15745.0,5868.0,12321.0,149.5,4,PEuk1
27520.0,42317.0,7968.0,11511.0,107,52,84.0,78,41729.0,41321.0,22921.0,37286.0,149.6,4,PEuk1
21085.0,33764.0,12542.0,20402.0,340,192,367.0,203,27528.0,26226.0,22869.0,21650.0,149.6,4,PEuk1
1953.0,10707.0,413.0,2481.0,157,58,122.0,93,14646.0,24434.0,10951.0,16597.0,149.7,4,PEuk1
1220.0,4397.0,163.0,1018.0,165,69,143.0,19,16275.0,25721.0,6003.0,8828.0,149.7,4,PEuk1
82829.0,131213.0,40855.0,60714.0,246,238,216.0,196,75124.0,66955.0,53735.0,54325.0,149.9,4,PEuk1
28813.0,46500.0,6095.0,9825.0,88,33,14.0,43,39135.0,37707.0,25859.0,27132.0,150.1,4,PEuk1
36214.0,54197.0,6697.0,9497.0,524,230,368.0,169,43122.0,40844.0,29190.0,29183.0,150.5,4,PEuk1
29724.0,61073.0,4948.0,7528.0,195,121,225.0,128,23108.0,22200.0,18848.0,18603.0,150.5,4,PEuk1
26020.0,45362.0,3589.0,6698.0,547,450,316.0,148,28622.0,26607.0,9001.0,20183.0,150.5,4,PEuk1
64751.0,76459.0,12956.0,17950.0,632,206,179.0,101,62582.0,59987.0,60305.0,57081.0,150.6,4,PEuk1
25799.0,45974.0,6088.0,11397.0,198,270,163.0,110,35491.0,35934.0,15030.0,26380.0,150.7,4,PEuk1
65430.0,97767.0,20147.0,34153.0,515,335,291.0,139,58692.0,55224.0,30691.0,44917.0,150.8,4,PEuk1
21861.0,29200.0,12925.0,23041.0,285,178,95.0,61,26590.0,26091.0,14661.0,22005.0,151.0,4,PEuk1
60486.0,82609.0,21529.0,33495.0,145,148,326.0,193,45241.0,43364.0,25994.0,39665.0,151.1,4,PEuk1
44285.0,70727.0,1963.0,5351.0,0,159,0.0,60,43344.0,39788.0,28777.0,32106.0,151.1,4,PEuk1
20993.0,39144.0,15917.0,29199.0,119,125,311.0,145,36478.0,37544.0,14071.0,27098.0,151.2,4,PEuk1
37079.0,61839.0,12206.0,21109.0,336,250,0.0,148,42245.0,39436.0,16975.0,27701.0,151.2,4,PEuk1
29103.0,49351.0,4854.0,5601.0,161,196,311.0,132,32437.0,28878.0,27273.0,23337.0,151.3,4,PEuk1
52795.0,86827.0,30841.0,52017.0,85,73,51.0,105,56538.0,54560.0,26410.0,39142.0,151.6,4,PEuk1
57131.0,87741.0,25770.0,38700.0,716,449,267.0,138,74760.0,65494.0,47444.0,46349.0,151.9,4,PEuk1
23096.0,41416.0,6433.0,9045.0,194,183,564.0,219,30776.0,32234.0,10512.0,16168.0,152.1,4,PEuk1
38236.0,58105.0,3082.0,5716.0,231,236,130.0,120,48021.0,45103.0,17101.0,33735.0,153.1,4,PEuk1
92593.0,136322.0,29804.0,44111.0,468,216,206.0,90,98804.0,92102.0,89897.0,78269.0,153.2,4,PEuk1
37223.0,56778.0,9653.0,14383.0,412,221,232.0,157,44813.0,40166.0,31410.0,30025.0,153.2,4,PEuk1
18943.0,30635.0,3764.0,5196.0,222,208,288.0,223,23776.0,22517.0,16690.0,19623.0,153.2,4,PEuk1
53265.0,73521.0,17182.0,25635.0,122,53,237.0,130,63875.0,60167.0,41123.0,50297.0,153.3,4,PEuk1
72633.0,99645.0,18353.0,27552.0,524,236,65.0,117,79410.0,69302.0,68401.0,50475.0,153.4,4,PEuk1
156748.0,211304.0,17718.0,28839.0,758,584,5.0,85,84039.0,73894.0,68221.0,59923.0,153.5,4,PEuk1
31226.0,57039.0,10690.0,21161.0,328,192,133.0,128,33202.0,33780.0,7350.0,16910.0,153.5,4,PEuk1
31399.0,40572.0,6586.0,9828.0,336,325,84.0,116,34445.0,31816.0,38415.0,27123.0,153.5,4,PEuk1
47655.0,71878.0,21276.0,31433.0,194,134,263.0,90,44665.0,40383.0,38563.0,34993.0,153.6,4,PEuk1
77208.0,112900.0,18755.0,30217.0,523,313,115.0,93,65479.0,63266.0,44406.0,49758.0,153.7,4,PEuk1
53941.0,74902.0,11708.0,19403.0,164,160,93.0,104,54322.0,49160.0,48736.0,41580.0,153.7,4,PEuk1
40179.0,69315.0,14255.0,22466.0,290,315,0.0,54,56926.0,54795.0,38105.0,40003.0,153.9,4,PEuk1
45074.0,67466.0,23250.0,37753.0,0,0,241.0,135,51885.0,46735.0,39049.0,35323.0,153.9,4,PEuk1
27483.0,54718.0,16542.0,30290.0,249,150,190.0,50,33010.0,34694.0,8011.0,21059.0,154.0,4,PEuk1
19990.0,30330.0,6421.0,12069.0,246,112,219.0,123,30220.0,29489.0,24854.0,25344.0,154.3,4,PEuk1
34000.0,52154.0,14429.0,21252.0,832,700,351.0,229,38268.0,34040.0,30624.0,24171.0,154.6,4,PEuk1
70527.0,108145.0,5446.0,9613.0,732,275,0.0,40,64023.0,58868.0,49700.0,42398.0,154.6,4,PEuk1
83165.0,135015.0,9744.0,15466.0,442,277,373.0,171,44741.0,41472.0,30992.0,34711.0,154.8,4,PEuk1
44135.0,64824.0,2858.0,4561.0,0,0,392.0,115,53317.0,52118.0,25852.0,42052.0,155.1,4,PEuk1
30119.0,47732.0,7791.0,10917.0,550,230,0.0,36,42130.0,37791.0,31825.0,30685.0,155.2,4,PEuk1
27396.0,38021.0,4899.0,8310.0,309,139,0.0,37,31538.0,29947.0,32846.0,27965.0,155.7,4,PEuk1
20784.0,40944.0,3912.0,6147.0,435,218,253.0,171,21053.0,20480.0,7876.0,11406.0,155.8,4,PEuk1
401636.0,575157.0,150088.0,229149.0,485,718,251.0,105,61039.0,58722.0,42366.0,44217.0,155.8,4,PEuk1
33285.0,58634.0,9319.0,16706.0,738,568,125.0,157,49848.0,48696.0,31498.0,32748.0,155.8,4,PEuk1
46724.0,69642.0,10630.0,19078.0,192,244,314.0,140,57780.0,56005.0,23696.0,46207.0,155.9,4,PEuk1
27330.0,51127.0,6189.0,9612.0,300,187,219.0,138,40353.0,36740.0,30779.0,30180.0,156.6,4,PEuk1
67202.0,88990.0,6936.0,10296.0,408,272,0.0,86,69417.0,63657.0,69342.0,56010.0,156.7,4,PEuk1
41392.0,56929.0,4845.0,7745.0,287,186,313.0,116,43523.0,42034.0,22618.0,30604.0,156.7,4,PEuk1
24125.0,31092.0,6195.0,10249.0,0,49,0.0,55,27255.0,25448.0,23337.0,22244.0,156.8,4,PEuk1
44142.0,71344.0,5451.0,7671.0,432,278,0.0,72,50535.0,47311.0,48315.0,40917.0,157.0,4,PEuk1
21850.0,43113.0,3736.0,6555.0,1553,1262,51.0,27,20711.0,19795.0,8250.0,17302.0,157.2,4,PEuk1
29668.0,56035.0,3644.0,7602.0,204,113,367.0,187,33056.0,33268.0,20046.0,24202.0,157.3,4,PEuk1
60282.0,98028.0,9700.0,15134.0,183,227,269.0,100,82759.0,78044.0,40530.0,60857.0,157.3,4,PEuk1
24463.0,34103.0,5860.0,13441.0,545,271,102.0,79,24327.0,24383.0,7206.0,16429.0,157.4,4,PEuk1
63859.0,93456.0,17876.0,29021.0,487,279,68.0,81,70429.0,65740.0,49261.0,55657.0,157.4,4,PEuk1
20564.0,38927.0,5813.0,10228.0,173,169,80.0,42,35907.0,36493.0,11984.0,23906.0,157.8,4,PEuk1
80950.0,132366.0,12898.0,19283.0,272,285,14.0,95,48287.0,42078.0,44493.0,32183.0,157.8,4,PEuk1
26124.0,32446.0,15359.0,22254.0,768,709,336.0,172,37540.0,33934.0,30111.0,23100.0,158.0,4,PEuk1
27136.0,40103.0,5527.0,7577.0,311,197,232.0,140,28302.0,25914.0,18100.0,19099.0,158.0,4,PEuk1
30816.0,48846.0,6244.0,9450.0,267,135,188.0,135,37975.0,34886.0,22629.0,23044.0,158.2,4,PEuk1
30634.0,53561.0,9930.0,18659.0,164,168,136.0,22,32914.0,32145.0,10638.0,23306.0,158.5,4,PEuk1
73975.0,113255.0,5935.0,7475.0,177,188,14.0,81,96940.0,87367.0,75438.0,68153.0,158.5,4,PEuk1
28131.0,40997.0,21501.0,34258.0,104,74,0.0,53,27617.0,24972.0,16555.0,15939.0,158.5,4,PEuk1
71692.0,102697.0,22792.0,34727.0,327,182,0.0,64,74453.0,66537.0,49629.0,50405.0,158.6,4,PEuk1
42237.0,56274.0,10984.0,16240.0,103,134,146.0,109,55819.0,53950.0,46217.0,34651.0,158.6,4,PEuk1
57301.0,76560.0,6648.0,9285.0,285,155,245.0,112,54442.0,48868.0,42799.0,39235.0,158.7,4,PEuk1
33328.0,53170.0,5261.0,8317.0,26,171,280.0,168,21227.0,20621.0,5406.0,15394.0,158.7,4,PEuk1
65215.0,83933.0,2875.0,5003.0,16,122,259.0,87,44991.0,41486.0,42064.0,31121.0,158.8,4,PEuk1
64726.0,98282.0,15268.0,24620.0,122,66,219.0,164,70770.0,64857.0,49204.0,51512.0,158.9,4,PEuk1
55690.0,77233.0,5455.0,9399.0,327,213,329.0,181,52092.0,47654.0,40980.0,37758.0,158.9,4,PEuk1
11889.0,20080.0,13804.0,24182.0,142,171,127.0,49,18465.0,18372.0,13399.0,13617.0,159.0,4,PEuk1
24238.0,42998.0,7346.0,11585.0,177,177,273.0,159,25791.0,25110.0,9205.0,21375.0,159.2,4,PEuk1
22275.0,44271.0,3558.0,7910.0,0,0,234.0,124,25917.0,25178.0,12978.0,19101.0,159.4,4,PEuk1
56753.0,92029.0,72845.0,115492.0,557,354,0.0,46,45288.0,43636.0,20935.0,33798.0,159.5,4,PEuk1
74701.0,120809.0,20923.0,33650.0,423,411,137.0,81,69508.0,66221.0,40209.0,57663.0,159.5,4,PEuk1
36066.0,60968.0,3881.0,5923.0,608,448,418.0,210,22895.0,22515.0,23443.0,21915.0,159.8,4,PEuk1
57339.0,89167.0,24586.0,36958.0,127,194,200.0,144,78911.0,76312.0,48669.0,50901.0,159.9,4,PEuk1
42827.0,45824.0,9296.0,14228.0,1637,1370,285.0,162,56386.0,52181.0,43522.0,39767.0,159.9,4,PEuk1
60863.0,80825.0,6416.0,9212.0,1437,1183,4.0,167,54025.0,49490.0,40218.0,40498.0,159.9,4,PEuk1
36245.0,58897.0,4547.0,7855.0,400,321,212.0,108,35035.0,31402.0,32697.0,32487.0,160.1,4,PEuk1
91158.0,129180.0,8682.0,10948.0,454,185,0.0,91,74118.0,66663.0,70842.0,58979.0,160.4,4,PEuk1
41925.0,68976.0,15912.0,25188.0,80,40,301.0,123,31788.0,28508.0,22648.0,29089.0,160.4,4,PEuk1
46095.0,72188.0,24996.0,39514.0,726,303,73.0,83,53779.0,49075.0,46520.0,42352.0,160.4,4,PEuk1
22381.0,33511.0,4792.0,9584.0,168,234,181.0,148,25646.0,26114.0,13133.0,18417.0,160.5,4,PEuk1
45808.0,42727.0,5257.0,7384.0,765,311,179.0,92,37556.0,33970.0,21602.0,26862.0,160.6,4,PEuk1
37980.0,54482.0,7017.0,12004.0,387,232,0.0,17,36164.0,31491.0,32173.0,25766.0,160.6,4,PEuk1
109318.0,149298.0,8442.0,9622.0,698,453,299.0,139,68713.0,60833.0,50646.0,50195.0,161.0,4,PEuk1
66979.0,87723.0,28412.0,45357.0,234,319,0.0,57,60579.0,55230.0,46729.0,41876.0,161.1,4,PEuk1
28245.0,47453.0,8136.0,12535.0,408,267,92.0,58,35521.0,33188.0,19421.0,23558.0,161.5,4,PEuk1
30289.0,52081.0,8162.0,11271.0,0,153,247.0,190,32732.0,27485.0,28077.0,22766.0,161.7,4,PEuk1
23082.0,36423.0,28623.0,49882.0,55,52,30.0,20,35818.0,34236.0,14973.0,28499.0,161.9,4,PEuk1
60030.0,97065.0,10002.0,15483.0,34,77,105.0,64,52229.0,46423.0,32288.0,35766.0,162.0,4,PEuk1
62693.0,91945.0,32307.0,49902.0,0,236,201.0,172,74807.0,67770.0,59937.0,61354.0,162.5,4,PEuk1
47747.0,72734.0,5513.0,9602.0,249,186,137.0,132,52711.0,46400.0,31603.0,32744.0,162.6,4,PEuk1
87743.0,120809.0,20663.0,31837.0,517,311,48.0,126,56779.0,51646.0,52965.0,45939.0,162.6,4,PEuk1
34317.0,49904.0,4802.0,5879.0,269,73,285.0,226,35963.0,31504.0,25912.0,22982.0,162.7,4,PEuk1
40247.0,64582.0,9853.0,17738.0,408,227,68.0,30,43363.0,40611.0,26388.0,27172.0,163.1,4,PEuk1
19612.0,41400.0,1929.0,3944.0,533,407,24.0,110,23191.0,23777.0,7634.0,16553.0,163.2,4,PEuk1
36048.0,63633.0,30197.0,49145.0,160,175,144.0,28,51410.0,50392.0,20809.0,34569.0,163.6,4,PEuk1
34978.0,65229.0,8884.0,15094.0,315,305,279.0,192,42309.0,39672.0,13308.0,24187.0,163.7,4,PEuk1
83050.0,128643.0,7866.0,14605.0,654,584,370.0,130,71780.0,67655.0,37544.0,60292.0,163.8,4,PEuk1
51329.0,78613.0,6074.0,9906.0,408,205,0.0,89,52079.0,48073.0,35400.0,35598.0,163.8,4,PEuk1
37136.0,63891.0,25223.0,39718.0,260,223,493.0,286,43773.0,41451.0,42491.0,40531.0,163.9,4,PEuk1
19612.0,31007.0,13804.0,22944.0,1344,974,143.0,174,37892.0,36821.0,30996.0,27370.0,164.2,4,PEuk1
56520.0,86583.0,8914.0,12085.0,1582,1306,187.0,110,53894.0,49308.0,40245.0,38396.0,164.2,4,PEuk1
26764.0,34162.0,5965.0,8591.0,324,160,0.0,70,36649.0,31549.0,28401.0,23287.0,164.4,4,PEuk1
31680.0,46164.0,7607.0,12344.0,442,242,245.0,108,43341.0,43888.0,15310.0,30836.0,164.5,4,PEuk1
43365.0,59815.0,2602.0,2741.0,251,197,234.0,135,41986.0,38780.0,29376.0,36249.0,164.6,4,PEuk1
47766.0,72872.0,15292.0,25222.0,305,205,0.0,80,43196.0,39359.0,19115.0,33766.0,164.6,4,PEuk1
58601.0,97046.0,10646.0,15903.0,385,225,238.0,93,65437.0,61736.0,43561.0,57528.0,164.7,4,PEuk1
4076.0,17797.0,6849.0,21878.0,62,0,144.0,48,31369.0,50282.0,31553.0,41672.0,164.7,4,PEuk1
17673.0,25971.0,5298.0,10749.0,336,234,179.0,61,30465.0,30716.0,20687.0,18050.0,165.0,4,PEuk1
45193.0,69369.0,62237.0,99704.0,257,139,403.0,208,54102.0,48440.0,32538.0,39253.0,165.1,4,PEuk1
34421.0,47851.0,3743.0,3922.0,281,275,46.0,112,49542.0,45958.0,39783.0,35684.0,165.1,4,PEuk1
32739.0,46631.0,18574.0,28020.0,188,184,218.0,60,58394.0,52186.0,45904.0,40856.0,165.2,4,PEuk1
39926.0,58143.0,9459.0,13292.0,264,331,225.0,76,49278.0,42747.0,30926.0,27470.0,165.2,4,PEuk1
14468.0,29949.0,5465.0,8974.0,227,116,387.0,190,21301.0,20228.0,8925.0,16474.0,165.3,4,PEuk1
37401.0,42591.0,6134.0,8804.0,526,291,16.0,95,31893.0,30316.0,28026.0,21666.0,165.5,4,PEuk1
24858.0,39255.0,1895.0,2737.0,451,295,206.0,75,26053.0,25654.0,10211.0,18383.0,165.5,4,PEuk1
60439.0,87982.0,6804.0,11091.0,631,323,294.0,151,32576.0,30200.0,27223.0,26656.0,165.6,4,PEuk1
37338.0,68735.0,13141.0,18432.0,278,182,33.0,49,37681.0,33858.0,28840.0,31632.0,165.7,4,PEuk1
138604.0,192845.0,25061.0,38290.0,544,203,67.0,84,64291.0,58212.0,56714.0,43689.0,165.9,4,PEuk1
34827.0,52335.0,4133.0,6255.0,373,296,207.0,111,52155.0,48160.0,33962.0,34319.0,165.9,4,PEuk1
55217.0,94407.0,8483.0,13424.0,370,146,0.0,52,62942.0,57254.0,39300.0,50160.0,166.1,4,PEuk1
51934.0,76862.0,3038.0,4132.0,575,350,348.0,197,41541.0,39009.0,18902.0,27496.0,166.2,4,PEuk1
20356.0,37339.0,5491.0,10020.0,420,325,114.0,57,27460.0,24783.0,20467.0,19510.0,166.3,4,PEuk1
17528.0,26009.0,5288.0,8992.0,287,154,84.0,56,23355.0,24046.0,6295.0,15489.0,166.4,4,PEuk1
57059.0,82881.0,13799.0,23392.0,560,452,289.0,112,51925.0,47551.0,32633.0,47081.0,166.4,4,PEuk1
36245.0,34080.0,10096.0,17560.0,139,134,49.0,17,24492.0,22826.0,21222.0,16738.0,166.5,4,PEuk1
67667.0,120011.0,7381.0,13392.0,285,160,128.0,122,71554.0,65309.0,42366.0,53384.0,166.5,4,PEuk1
32120.0,43164.0,20006.0,34801.0,1277,1232,204.0,177,44254.0,41342.0,27966.0,28808.0,166.6,4,PEuk1
21322.0,39091.0,4976.0,9228.0,104,104,144.0,117,24516.0,24477.0,7770.0,16750.0,166.7,4,PEuk1
39551.0,56575.0,2119.0,5309.0,366,285,0.0,32,53764.0,51351.0,36411.0,36316.0,166.7,4,PEuk1
46724.0,76976.0,8332.0,13490.0,816,514,0.0,32,52597.0,48346.0,46752.0,45914.0,166.9,4,PEuk1
54788.0,72174.0,7393.0,11477.0,278,156,0.0,43,60139.0,54011.0,54443.0,47766.0,166.9,4,PEuk1
17432.0,40851.0,4323.0,9157.0,290,226,79.0,15,25274.0,26158.0,4691.0,10549.0,167.2,4,PEuk1
13587.0,21236.0,12587.0,20182.0,128,114,74.0,92,22267.0,21191.0,11111.0,15447.0,167.4,4,PEuk1
25178.0,47278.0,1795.0,2705.0,414,201,95.0,136,37725.0,36889.0,18095.0,30626.0,167.7,4,PEuk1
32673.0,38317.0,2435.0,2549.0,0,0,273.0,198,29984.0,24832.0,21829.0,16552.0,168.4,4,PEuk1
28718.0,39897.0,5925.0,8418.0,426,229,415.0,234,29592.0,24990.0,18580.0,17966.0,168.5,4,PEuk1
45715.0,59831.0,9961.0,16031.0,210,286,0.0,25,50755.0,45820.0,43344.0,40250.0,168.5,4,PEuk1
2292.0,7997.0,437.0,1357.0,64,0,117.0,79,13812.0,12214.0,2522.0,2582.0,168.7,4,PEuk1
46287.0,73139.0,8593.0,14024.0,0,202,336.0,240,50225.0,47034.0,37444.0,34517.0,169.2,4,PEuk1
34827.0,50625.0,5966.0,9793.0,182,242,321.0,150,43116.0,39852.0,23650.0,26544.0,169.2,4,PEuk1
155377.0,245781.0,21415.0,32966.0,442,363,125.0,104,85752.0,78460.0,63531.0,67537.0,169.3,4,PEuk1
24045.0,39190.0,7401.0,9571.0,500,296,168.0,108,33830.0,31177.0,24255.0,21131.0,169.3,4,PEuk1
68272.0,104577.0,3421.0,4681.0,173,185,368.0,129,43781.0,40167.0,20029.0,33116.0,169.5,4,PEuk1
43171.0,62241.0,16739.0,26573.0,231,215,301.0,145,60017.0,56246.0,35703.0,42541.0,169.6,4,PEuk1
19642.0,35418.0,9389.0,18029.0,336,376,288.0,107,26206.0,25880.0,12540.0,18531.0,169.6,4,PEuk1
20043.0,36201.0,2676.0,6432.0,107,38,2.0,96,32575.0,33131.0,15228.0,22524.0,169.7,4,PEuk1
108121.0,169050.0,16259.0,24330.0,554,397,285.0,123,108705.0,93199.0,39037.0,41731.0,169.8,4,PEuk1
20384.0,35869.0,4847.0,7943.0,207,182,118.0,65,22735.0,23041.0,10953.0,15466.0,170.0,4,PEuk1
46687.0,74152.0,10022.0,14731.0,64,150,152.0,141,65648.0,56408.0,47888.0,37649.0,170.3,4,PEuk1
51800.0,81265.0,5928.0,10415.0,342,271,149.0,96,79130.0,72823.0,41161.0,47682.0,170.3,4,PEuk1
68824.0,104830.0,8922.0,14614.0,303,175,209.0,128,73927.0,67875.0,74419.0,55817.0,170.6,4,PEuk1
39946.0,55911.0,2451.0,3292.0,104,81,478.0,140,49750.0,47436.0,41364.0,40100.0,170.7,4,PEuk1
85022.0,115060.0,8944.0,12543.0,460,266,220.0,136,77309.0,70676.0,66158.0,57843.0,171.0,4,PEuk1
24189.0,49659.0,6152.0,10651.0,0,22,52.0,52,18496.0,18873.0,5208.0,13004.0,171.1,4,PEuk1
23671.0,38472.0,4399.0,6962.0,109,81,238.0,115,36229.0,34874.0,11283.0,27247.0,171.2,4,PEuk1
143151.0,209807.0,14820.0,23432.0,762,455,336.0,214,84666.0,79160.0,55372.0,70601.0,171.5,4,PEuk1
41302.0,68591.0,5705.0,9586.0,182,224,304.0,123,46367.0,44708.0,19945.0,34667.0,171.5,4,PEuk1
45705.0,62253.0,13399.0,21502.0,104,185,0.0,31,55356.0,51140.0,43772.0,35604.0,171.6,4,PEuk1
29749.0,45522.0,3510.0,6807.0,240,162,67.0,64,38459.0,38733.0,17552.0,31436.0,171.7,4,PEuk1
51441.0,73732.0,6562.0,8532.0,303,175,179.0,126,60308.0,56703.0,44238.0,40199.0,171.8,4,PEuk1
42610.0,73762.0,4612.0,7451.0,131,233,152.0,64,47836.0,43788.0,23074.0,37823.0,172.1,4,PEuk1
22616.0,31284.0,7231.0,11358.0,454,218,278.0,170,27123.0,27277.0,18861.0,20504.0,172.1,4,PEuk1
51229.0,75898.0,3503.0,4429.0,414,207,232.0,155,49204.0,44607.0,45579.0,36308.0,172.2,4,PEuk1
21657.0,39016.0,732.0,3176.0,219,186,124.0,79,24987.0,25180.0,15499.0,21956.0,172.5,4,PEuk1
46578.0,69738.0,4464.0,5858.0,683,244,381.0,215,58633.0,50274.0,45417.0,36330.0,172.7,4,PEuk1
128239.0,186691.0,63817.0,95509.0,666,358,283.0,129,138314.0,122259.0,64469.0,66443.0,172.8,4,PEuk1
56139.0,86341.0,8388.0,12964.0,302,254,38.0,87,53999.0,48831.0,40490.0,40719.0,172.9,4,PEuk1
29753.0,52308.0,8562.0,13501.0,390,159,39.0,87,42857.0,39269.0,34386.0,26477.0,173.2,4,PEuk1
32049.0,36117.0,4004.0,6250.0,472,216,196.0,116,29199.0,28750.0,28030.0,25807.0,173.3,4,PEuk1
63561.0,87431.0,8910.0,13686.0,333,214,99.0,73,52397.0,47126.0,40735.0,35457.0,173.5,4,PEuk1
2111.0,8737.0,1594.0,4431.0,146,48,231.0,211,28172.0,36374.0,3388.0,4403.0,173.6,4,PEuk1
896.0,3971.0,1062.0,3804.0,56,0,174.0,124,11140.0,20611.0,4606.0,8436.0,173.6,4,PEuk1
76059.0,115327.0,5686.0,9162.0,115,112,0.0,61,69722.0,58356.0,51243.0,49138.0,173.7,4,PEuk1
37257.0,53753.0,2993.0,4908.0,252,254,449.0,174,40851.0,39924.0,32910.0,32980.0,173.8,4,PEuk1
83276.0,133830.0,5194.0,8511.0,695,388,86.0,143,60002.0,56347.0,31340.0,50577.0,174.0,4,PEuk1
46387.0,78323.0,6756.0,9705.0,0,125,84.0,128,57744.0,51671.0,39621.0,41101.0,174.0,4,PEuk1
142293.0,208593.0,25890.0,41890.0,364,292,544.0,189,110698.0,99899.0,37255.0,43768.0,174.1,4,PEuk1
28119.0,39351.0,1828.0,3602.0,547,225,317.0,133,22735.0,20995.0,19319.0,17537.0,174.2,4,PEuk1
34725.0,53054.0,12462.0,20208.0,222,179,4.0,82,45722.0,44217.0,16991.0,34296.0,174.2,4,PEuk1
48875.0,71476.0,3196.0,3898.0,254,262,169.0,100,44597.0,43720.0,29432.0,38013.0,174.5,4,PEuk1
23741.0,30997.0,10481.0,12249.0,314,218,68.0,53,24874.0,22884.0,20069.0,19076.0,174.5,4,PEuk1
40052.0,57919.0,16607.0,26098.0,185,212,177.0,75,45300.0,43666.0,24760.0,35800.0,175.1,4,PEuk1
21864.0,38815.0,2234.0,4185.0,127,103,48.0,52,36373.0,37551.0,14434.0,23756.0,175.2,4,PEuk1
22352.0,40289.0,4746.0,7537.0,109,159,478.0,212,34275.0,34570.0,8691.0,19750.0,175.2,4,PEuk1
28425.0,46899.0,10476.0,15500.0,0,79,143.0,102,45920.0,42320.0,28383.0,39423.0,175.2,4,PEuk1
46660.0,60289.0,11945.0,17750.0,1214,342,144.0,152,47092.0,40235.0,37293.0,27465.0,175.3,4,PEuk1
47815.0,66471.0,8562.0,13090.0,465,350,194.0,193,51026.0,48303.0,33611.0,35719.0,175.4,4,PEuk1
49052.0,63901.0,3580.0,5476.0,490,257,206.0,94,52581.0,49736.0,43380.0,37026.0,175.5,4,PEuk1
137250.0,198581.0,18464.0,28813.0,281,215,0.0,79,88151.0,79285.0,61972.0,54451.0,175.6,4,PEuk1
44027.0,56553.0,4346.0,8880.0,26,96,560.0,251,42195.0,40500.0,27585.0,27087.0,175.9,4,PEuk1
27983.0,44495.0,6327.0,11199.0,311,194,62.0,39,39845.0,36199.0,20444.0,27719.0,175.9,4,PEuk1
46576.0,71853.0,3343.0,5192.0,179,275,229.0,109,46797.0,40022.0,43938.0,40093.0,176.2,4,PEuk1
27193.0,48859.0,4492.0,6456.0,1021,854,207.0,112,29527.0,27966.0,14871.0,20006.0,176.3,4,PEuk1
26069.0,39325.0,10869.0,16028.0,382,215,357.0,183,28653.0,26830.0,22831.0,20329.0,176.6,4,PEuk1
47332.0,74717.0,14381.0,23437.0,216,95,0.0,45,48994.0,46051.0,22680.0,36374.0,176.8,4,PEuk1
64722.0,92052.0,15179.0,20749.0,318,167,0.0,99,58858.0,55770.0,32930.0,42197.0,176.8,4,PEuk1
29485.0,53098.0,4432.0,5585.0,312,128,96.0,87,38361.0,38003.0,20573.0,28789.0,177.0,4,PEuk1
41803.0,58209.0,4439.0,7842.0,0,40,65.0,145,54306.0,48531.0,40927.0,40284.0,177.2,4,PEuk1
33870.0,45159.0,3848.0,6076.0,312,229,115.0,111,39160.0,35614.0,24930.0,29217.0,177.2,4,PEuk1
26464.0,29757.0,7001.0,9332.0,121,130,0.0,114,22824.0,20854.0,17186.0,15207.0,177.4,4,PEuk1
37057.0,55025.0,13517.0,21902.0,291,221,152.0,138,49212.0,48043.0,22997.0,36281.0,177.7,4,PEuk1
40614.0,52988.0,15368.0,25094.0,394,269,58.0,32,50221.0,45464.0,24208.0,37288.0,178.1,4,PEuk1
1457.0,5038.0,861.0,2717.0,219,85,204.0,110,15243.0,16587.0,5431.0,5581.0,178.1,4,PEuk1
45880.0,71164.0,20033.0,31843.0,100,141,21.0,27,50012.0,44202.0,43093.0,34743.0,178.4,4,PEuk1
86414.0,122327.0,14657.0,25034.0,783,434,0.0,60,85813.0,76719.0,56690.0,65808.0,178.5,4,PEuk1
51276.0,87457.0,25559.0,47571.0,337,201,156.0,62,61067.0,60048.0,28658.0,46326.0,178.5,4,PEuk1
43218.0,71062.0,3012.0,5956.0,311,439,223.0,112,55618.0,53408.0,40733.0,43429.0,178.6,4,PEuk1
43677.0,64408.0,10599.0,17236.0,0,166,324.0,117,44023.0,43000.0,24153.0,36399.0,179.0,4,PEuk1
70064.0,102390.0,4243.0,5777.0,418,308,111.0,65,49592.0,46763.0,42588.0,39073.0,179.1,4,PEuk1
329916.0,471227.0,148898.0,216575.0,1229,854,0.0,154,38685.0,32922.0,32685.0,26592.0,179.8,4,PEuk1
28342.0,45583.0,10017.0,15027.0,0,191,141.0,78,39520.0,36373.0,24695.0,26165.0,179.9,4,PEuk1
30290.0,44246.0,1876.0,2824.0,390,205,235.0,82,29532.0,27613.0,14655.0,22978.0,179.9,4,PEuk1
37902.0,56893.0,4584.0,7461.0,725,349,46.0,39,47281.0,42728.0,32287.0,32422.0,180.2,4,PEuk1
40981.0,71767.0,15249.0,23144.0,258,129,0.0,38,44182.0,39763.0,34660.0,30618.0,180.3,4,PEuk1
48625.0,65430.0,8620.0,10842.0,115,223,417.0,164,36669.0,31986.0,33214.0,23263.0,181.3,4,PEuk1
95275.0,154242.0,11367.0,17503.0,503,354,166.0,115,45053.0,38174.0,24296.0,27487.0,181.3,4,PEuk1
47307.0,68657.0,7317.0,10557.0,378,238,261.0,170,51842.0,50503.0,27462.0,41313.0,181.3,4,PEuk1
52511.0,76883.0,29306.0,47102.0,14,97,137.0,157,54026.0,52650.0,28942.0,39709.0,181.4,4,PEuk1
74996.0,103244.0,4650.0,7957.0,372,199,0.0,34,60378.0,55271.0,46544.0,42531.0,181.4,4,PEuk1
44510.0,71483.0,10119.0,14340.0,299,226,30.0,74,46417.0,42634.0,37726.0,35687.0,181.5,4,PEuk1
74248.0,106643.0,6751.0,9470.0,185,157,171.0,151,44661.0,42489.0,39919.0,34455.0,181.8,4,PEuk1
41340.0,63438.0,11650.0,20234.0,275,160,333.0,125,45759.0,42624.0,34780.0,35795.0,181.8,4,PEuk1
42294.0,68419.0,3319.0,6911.0,366,385,0.0,53,40637.0,36238.0,17984.0,30252.0,182.0,4,PEuk1
74976.0,95418.0,21245.0,33529.0,305,347,722.0,304,73578.0,69718.0,44698.0,49392.0,182.0,4,PEuk1
48409.0,56431.0,11200.0,14989.0,1081,289,316.0,202,32307.0,31874.0,14494.0,22839.0,182.2,4,PEuk1
35692.0,57907.0,8191.0,10694.0,521,280,418.0,197,45597.0,42377.0,34250.0,34448.0,182.4,4,PEuk1
26229.0,50637.0,3333.0,4675.0,480,325,19.0,29,30082.0,27802.0,17350.0,19944.0,182.4,4,PEuk1
42952.0,53838.0,17155.0,26878.0,251,135,19.0,25,46618.0,44247.0,30862.0,37819.0,182.6,4,PEuk1
2548.0,10823.0,11102.0,20363.0,101,35,106.0,46,17850.0,16938.0,4667.0,4641.0,182.6,4,PEuk1
27940.0,29714.0,23628.0,36040.0,94,193,248.0,109,23864.0,21400.0,24503.0,18175.0,182.8,4,PEuk1
39158.0,64742.0,8205.0,14404.0,191,264,276.0,109,26266.0,24335.0,15041.0,19771.0,182.9,4,PEuk1
58367.0,90926.0,9825.0,15803.0,243,244,0.0,49,54849.0,52872.0,31314.0,39651.0,183.1,4,PEuk1
28607.0,42708.0,3980.0,7028.0,520,360,13.0,187,24253.0,21687.0,19970.0,19227.0,183.3,4,PEuk1
42206.0,63785.0,3960.0,7384.0,155,192,321.0,225,47994.0,47302.0,16367.0,34977.0,183.4,4,PEuk1
146549.0,214618.0,15883.0,25872.0,154,171,76.0,105,89445.0,75124.0,36691.0,32439.0,183.6,4,PEuk1
132413.0,194571.0,11617.0,15254.0,74,126,74.0,143,133287.0,111390.0,34192.0,41673.0,183.6,4,PEuk1
25760.0,41318.0,6212.0,10363.0,409,314,119.0,163,29674.0,28714.0,9025.0,18035.0,183.8,4,PEuk1
70592.0,108940.0,6469.0,10692.0,113,108,115.0,103,75485.0,69005.0,15327.0,30041.0,183.8,4,PEuk1
20014.0,34291.0,8268.0,12605.0,131,126,0.0,36,36334.0,34788.0,15956.0,23617.0,183.9,4,PEuk1
39833.0,61249.0,12499.0,19333.0,168,72,168.0,99,47243.0,42165.0,37770.0,38866.0,184.0,4,PEuk1
55830.0,84856.0,6512.0,8449.0,578,300,447.0,199,57198.0,52492.0,42518.0,38427.0,184.1,4,PEuk1
39810.0,61771.0,9470.0,15922.0,481,268,386.0,185,50693.0,43965.0,37663.0,33119.0,184.2,4,PEuk1
41361.0,56255.0,13505.0,22330.0,426,290,307.0,122,38758.0,36747.0,32675.0,29685.0,184.3,4,PEuk1
77801.0,121016.0,19314.0,28720.0,155,222,295.0,185,84558.0,74547.0,72946.0,62969.0,184.8,4,PEuk1
34434.0,46424.0,5206.0,7804.0,451,296,269.0,202,41869.0,40018.0,19120.0,31398.0,184.9,4,PEuk1
33957.0,64884.0,4538.0,7051.0,258,162,162.0,91,47402.0,47304.0,15883.0,29490.0,185.0,4,PEuk1
53376.0,84787.0,3148.0,5807.0,734,303,115.0,104,48790.0,46450.0,35292.0,37198.0,185.0,4,PEuk1
36007.0,46294.0,8006.0,11724.0,529,321,131.0,104,25784.0,22071.0,21052.0,16584.0,185.1,4,PEuk1
34231.0,51575.0,4390.0,5926.0,1748,1167,0.0,77,27008.0,25078.0,25420.0,22077.0,185.6,4,PEuk1
21580.0,32221.0,17136.0,28006.0,0,99,143.0,121,37163.0,35448.0,25654.0,27485.0,185.7,4,PEuk1
35560.0,52563.0,4818.0,8007.0,40,117,197.0,135,35933.0,35064.0,26878.0,27997.0,186.0,4,PEuk1
132100.0,184142.0,20916.0,35673.0,610,559,188.0,97,68126.0,62681.0,47974.0,50929.0,186.1,4,PEuk1
30863.0,48256.0,11777.0,19933.0,0,194,139.0,86,41440.0,38507.0,44063.0,31646.0,186.3,4,PEuk1
30696.0,44561.0,7844.0,13933.0,0,51,8.0,53,27789.0,25237.0,19362.0,19322.0,186.5,4,PEuk1
48530.0,84478.0,4112.0,6196.0,258,147,125.0,139,38370.0,37558.0,12867.0,23006.0,186.8,4,PEuk1
32722.0,52843.0,11818.0,19900.0,130,178,73.0,39,45732.0,42000.0,32340.0,28847.0,186.8,4,PEuk1
2100.0,5016.0,11739.0,17110.0,158,98,279.0,188,56833.0,43543.0,6518.0,5974.0,186.9,4,PEuk1
1736.0,3813.0,1263.0,5057.0,206,143,226.0,179,9803.0,11308.0,14478.0,10682.0,186.9,4,PEuk1
38010.0,56171.0,23365.0,39270.0,44,60,172.0,103,37271.0,37226.0,15035.0,29172.0,186.9,4,PEuk1
30583.0,54178.0,11042.0,15327.0,134,166,133.0,118,44796.0,43633.0,27249.0,34286.0,186.9,4,PEuk1
23795.0,42412.0,1541.0,2562.0,194,157,98.0,51,27521.0,26976.0,18495.0,20493.0,187.1,4,PEuk1
51775.0,69521.0,23851.0,36509.0,584,302,0.0,65,61042.0,56308.0,45808.0,40090.0,187.1,4,PEuk1
38965.0,54584.0,13040.0,18609.0,521,286,7.0,48,49657.0,45390.0,26136.0,37881.0,187.3,4,PEuk1
29610.0,46524.0,8606.0,13140.0,592,409,95.0,46,44119.0,42543.0,31204.0,32035.0,187.3,4,PEuk1
45008.0,68472.0,3682.0,6026.0,309,182,168.0,128,40823.0,37672.0,29579.0,33082.0,187.8,4,PEuk1
24797.0,30731.0,24647.0,38631.0,140,144,0.0,33,20328.0,19320.0,14539.0,16567.0,187.8,4,PEuk1
50679.0,64170.0,7037.0,10818.0,402,299,0.0,51,52443.0,48638.0,35092.0,36923.0,188.1,4,PEuk1
94956.0,130601.0,24581.0,37820.0,707,467,73.0,124,101544.0,93622.0,83758.0,80444.0,188.1,4,PEuk1
47256.0,72896.0,9928.0,14582.0,68,97,111.0,96,40610.0,37777.0,25324.0,32650.0,188.3,4,PEuk1
81331.0,125109.0,23029.0,35033.0,128,110,497.0,189,68453.0,62944.0,67178.0,48718.0,188.4,4,PEuk1
49515.0,74766.0,9923.0,18738.0,382,325,122.0,107,49178.0,45172.0,33713.0,35648.0,188.7,4,PEuk1
76181.0,107948.0,17977.0,27838.0,435,306,98.0,106,66418.0,65082.0,33502.0,50184.0,188.9,4,PEuk1
95467.0,140258.0,16978.0,29352.0,1520,1236,38.0,57,25951.0,25899.0,26403.0,25748.0,189.1,4,PEuk1
39398.0,60751.0,7906.0,15237.0,343,139,278.0,207,36251.0,33023.0,15731.0,27760.0,189.1,4,PEuk1
38525.0,58326.0,5831.0,9676.0,4665,4848,403.0,311,39005.0,36540.0,19571.0,26344.0,189.3,4,PEuk1
146266.0,208095.0,38969.0,58832.0,614,461,29.0,105,101876.0,90750.0,87022.0,70372.0,189.5,4,PEuk1
7136.0,16494.0,7509.0,10624.0,0,0,139.0,189,38172.0,22432.0,6569.0,4982.0,189.9,4,PEuk1
36296.0,54214.0,5992.0,9333.0,478,242,414.0,280,25176.0,23468.0,23641.0,18275.0,190.9,4,PEuk1
30202.0,48250.0,33505.0,57729.0,314,203,162.0,123,39181.0,39052.0,12900.0,25528.0,191.1,4,PEuk1
92276.0,114029.0,6114.0,9751.0,317,162,121.0,225,57396.0,51265.0,34984.0,39330.0,191.2,4,PEuk1
39195.0,61141.0,2779.0,5533.0,227,222,228.0,212,30924.0,27563.0,21210.0,23107.0,192.3,4,PEuk1
44300.0,79235.0,4243.0,6519.0,80,88,443.0,204,50789.0,44271.0,35115.0,29874.0,192.3,4,PEuk1
79566.0,117969.0,23796.0,39033.0,188,174,232.0,91,99068.0,93652.0,53677.0,70650.0,193.0,4,PEuk1
45324.0,67243.0,11911.0,18452.0,592,249,52.0,40,59654.0,55616.0,37510.0,45957.0,193.1,4,PEuk1
77935.0,122500.0,19953.0,31637.0,0,154,174.0,74,81335.0,72709.0,65190.0,61544.0,193.3,4,PEuk1
20302.0,33822.0,6500.0,13271.0,303,217,314.0,146,25475.0,25544.0,15786.0,18262.0,193.5,4,PEuk1
49979.0,75338.0,1974.0,3545.0,104,144,402.0,216,53085.0,48708.0,25190.0,45180.0,193.7,4,PEuk1
39531.0,57871.0,20572.0,31957.0,831,290,54.0,94,33128.0,30736.0,31321.0,23964.0,194.5,4,PEuk1
24567.0,42119.0,3203.0,5308.0,312,222,0.0,28,23438.0,23625.0,11646.0,19368.0,194.8,4,PEuk1
25034.0,40875.0,3690.0,7060.0,201,142,121.0,112,36868.0,37100.0,33710.0,27457.0,195.0,4,PEuk1
38350.0,66911.0,14398.0,21583.0,152,136,163.0,128,35725.0,32716.0,26253.0,27523.0,195.2,4,PEuk1
40539.0,45998.0,10695.0,17227.0,270,160,433.0,182,39974.0,37958.0,39458.0,33941.0,195.3,4,PEuk1
41784.0,65887.0,5702.0,10363.0,257,314,403.0,214,57365.0,54573.0,31436.0,41357.0,195.7,4,PEuk1
31662.0,51644.0,8853.0,16553.0,720,483,49.0,88,40939.0,40661.0,19824.0,32040.0,195.7,4,PEuk1
44338.0,70617.0,6636.0,9804.0,40,45,35.0,114,56158.0,52907.0,26656.0,42023.0,195.9,4,PEuk1
45114.0,55914.0,3594.0,4491.0,134,219,0.0,103,51440.0,44503.0,32358.0,25321.0,196.0,4,PEuk1
36501.0,56577.0,5321.0,9575.0,206,94,182.0,155,45813.0,44136.0,28710.0,31908.0,196.1,4,PEuk1
26125.0,41258.0,22462.0,37890.0,162,89,289.0,167,45732.0,45529.0,20965.0,33436.0,196.3,4,PEuk1
81462.0,124271.0,2670.0,5521.0,149,206,253.0,126,57567.0,53979.0,38182.0,39419.0,196.3,4,PEuk1
28557.0,46643.0,7142.0,12176.0,339,210,0.0,27,23358.0,21448.0,11014.0,18680.0,196.5,4,PEuk1
32836.0,47443.0,4761.0,8803.0,0,41,122.0,85,43403.0,40265.0,21756.0,37727.0,196.8,4,PEuk1
38207.0,57048.0,16336.0,24308.0,287,182,49.0,108,49438.0,46963.0,27331.0,33431.0,196.9,4,PEuk1
46565.0,62921.0,10222.0,17539.0,601,437,11.0,79,64656.0,61981.0,51559.0,46627.0,197.0,4,PEuk1
45295.0,63646.0,22812.0,35260.0,0,130,345.0,133,48318.0,42295.0,41332.0,33374.0,197.1,4,PEuk1
20655.0,43720.0,15649.0,29415.0,243,199,108.0,75,29035.0,27676.0,20596.0,20415.0,197.3,4,PEuk1
21595.0,26850.0,6389.0,11444.0,255,156,218.0,113,30606.0,27765.0,17303.0,22301.0,197.3,4,PEuk1
142314.0,201432.0,32822.0,49777.0,337,262,440.0,230,86794.0,76570.0,64024.0,63755.0,197.4,4,PEuk1
16899.0,32733.0,2444.0,4896.0,219,100,185.0,119,19493.0,19382.0,8248.0,20439.0,197.7,4,PEuk1
30599.0,49463.0,5583.0,8284.0,53,120,228.0,164,49156.0,44441.0,42459.0,33160.0,197.7,4,PEuk1
52315.0,73982.0,7827.0,9711.0,382,224,0.0,29,41560.0,37258.0,29166.0,29070.0,197.8,4,PEuk1
82570.0,121438.0,19994.0,33869.0,614,252,301.0,146,88481.0,82009.0,58349.0,65775.0,197.8,4,PEuk1
57337.0,82777.0,13148.0,19489.0,35,148,61.0,56,52916.0,46898.0,45519.0,43887.0,198.0,4,PEuk1
33461.0,38256.0,5127.0,6086.0,408,283,633.0,146,29610.0,27083.0,25468.0,24478.0,198.0,4,PEuk1
41803.0,60190.0,8581.0,11693.0,677,271,0.0,31,54642.0,48172.0,41399.0,46064.0,198.5,4,PEuk1
24307.0,38640.0,2169.0,4920.0,224,260,149.0,52,31854.0,31384.0,6480.0,16146.0,198.5,4,PEuk1
39465.0,61778.0,7454.0,14691.0,149,264,354.0,183,67981.0,65837.0,37463.0,48886.0,198.6,4,PEuk1
97395.0,155835.0,13435.0,21770.0,113,181,330.0,108,59271.0,56367.0,42500.0,37240.0,198.9,4,PEuk1
64633.0,98497.0,13088.0,18085.0,179,130,24.0,132,51354.0,44401.0,36057.0,35231.0,199.1,4,PEuk1
29330.0,41674.0,7027.0,10544.0,681,240,194.0,157,23942.0,22060.0,23792.0,18953.0,199.2,4,PEuk1
40110.0,55273.0,3309.0,4818.0,0,49,169.0,62,30217.0,28324.0,23041.0,21165.0,199.2,4,PEuk1
21559.0,44971.0,8308.0,14300.0,328,251,90.0,67,34982.0,33179.0,15546.0,28382.0,199.3,4,PEuk1
55953.0,79401.0,5475.0,8863.0,0,60,299.0,189,61135.0,55642.0,40066.0,46956.0,199.5,4,PEuk1
7927.0,16349.0,4899.0,8122.0,532,450,209.0,158,18338.0,19725.0,5725.0,7579.0,200.0,4,PEuk1
59246.0,93472.0,3872.0,8243.0,95,218,0.0,65,50536.0,45201.0,29435.0,39406.0,200.2,4,PEuk1
70646.0,112009.0,24673.0,39393.0,246,202,237.0,131,67265.0,61332.0,46723.0,40346.0,200.2,4,PEuk1
36400.0,45900.0,8979.0,13730.0,0,0,24.0,52,37635.0,33758.0,31185.0,25540.0,200.3,4,PEuk1
21172.0,34893.0,5189.0,7190.0,177,152,351.0,142,29580.0,29205.0,18609.0,25683.0,200.3,4,PEuk1
1852.0,6609.0,1790.0,4836.0,165,121,188.0,73,14246.0,18615.0,3931.0,6412.0,200.6,4,PEuk1
62312.0,105314.0,15466.0,23318.0,557,371,153.0,103,70178.0,61715.0,46590.0,55700.0,200.6,4,PEuk1
40463.0,68402.0,11883.0,20566.0,160,194,402.0,247,53421.0,50990.0,19535.0,39765.0,200.8,4,PEuk1
51114.0,67987.0,7944.0,13041.0,53,175,19.0,120,65972.0,58698.0,51061.0,45963.0,201.4,4,PEuk1
58292.0,91167.0,5664.0,7868.0,340,261,0.0,82,58491.0,51959.0,40404.0,42819.0,202.4,4,PEuk1
29695.0,50600.0,22014.0,34990.0,50,234,365.0,146,44670.0,41055.0,29961.0,29551.0,203.1,4,PEuk1
52153.0,81516.0,25116.0,39547.0,517,281,152.0,125,51826.0,48510.0,37290.0,37512.0,203.2,4,PEuk1
11753.0,29447.0,3585.0,6522.0,343,218,130.0,86,24118.0,25755.0,10132.0,19854.0,203.5,4,PEuk1
36493.0,46041.0,6692.0,9188.0,1175,1127,608.0,212,32355.0,31400.0,16393.0,25789.0,204.0,4,PEuk1
24171.0,36131.0,3627.0,6786.0,417,293,0.0,48,32096.0,30465.0,28456.0,24852.0,204.2,4,PEuk1
100510.0,144665.0,8227.0,12348.0,242,314,185.0,154,113564.0,104720.0,103315.0,87291.0,204.4,4,PEuk1
58418.0,73496.0,645.0,4691.0,219,206,0.0,40,52153.0,46248.0,45458.0,34072.0,204.8,4,PEuk1
45105.0,61549.0,13502.0,18553.0,0,69,0.0,107,51544.0,49726.0,39019.0,38444.0,204.8,4,PEuk1
224296.0,317912.0,66906.0,104836.0,243,232,27.0,56,38292.0,33989.0,35375.0,29577.0,205.1,4,PEuk1
108597.0,163176.0,10072.0,16822.0,215,177,131.0,131,34810.0,32117.0,35501.0,26022.0,205.4,4,PEuk1
3480.0,10375.0,3697.0,7833.0,128,7,272.0,227,16761.0,16357.0,18092.0,17603.0,205.6,4,PEuk1
43673.0,65009.0,13289.0,20918.0,328,168,0.0,107,43932.0,41028.0,45066.0,34251.0,205.9,4,PEuk1
95598.0,125526.0,3608.0,5540.0,121,188,611.0,177,108838.0,98795.0,96460.0,83508.0,206.0,4,PEuk1
41248.0,54432.0,14803.0,22650.0,85,151,96.0,57,41678.0,38592.0,23778.0,27373.0,206.4,4,PEuk1
187511.0,275369.0,158321.0,247278.0,997,585,86.0,112,28276.0,25671.0,18703.0,19535.0,206.4,4,PEuk1
38322.0,63984.0,12846.0,21152.0,568,388,0.0,22,51202.0,49043.0,26522.0,34794.0,206.6,4,PEuk1
57795.0,85169.0,13979.0,21064.0,0,54,178.0,111,75593.0,67282.0,59545.0,52204.0,206.7,4,PEuk1
2357.0,12665.0,351.0,1529.0,77,0,141.0,44,7316.0,19986.0,79081.0,157121.0,206.8,4,PEuk1
31094.0,55180.0,2408.0,4618.0,145,179,181.0,94,43970.0,42069.0,30049.0,31316.0,206.8,4,PEuk1
44399.0,68214.0,9669.0,16649.0,43,159,286.0,203,52757.0,49557.0,39951.0,36249.0,206.8,4,PEuk1
28368.0,58299.0,2633.0,4736.0,360,294,121.0,98,35185.0,32567.0,11706.0,24137.0,206.9,4,PEuk1
1825.0,8463.0,4057.0,9996.0,305,266,267.0,149,22325.0,26402.0,24912.0,34999.0,207.2,4,PEuk1
2203.0,5924.0,583.0,3554.0,207,150,124.0,78,14055.0,14563.0,33080.0,32596.0,207.2,4,PEuk1
116946.0,182073.0,7949.0,11962.0,303,271,166.0,158,62434.0,56827.0,30330.0,46408.0,207.2,4,PEuk1
53948.0,79100.0,2571.0,2859.0,637,467,272.0,78,62970.0,57023.0,38973.0,40173.0,207.3,4,PEuk1
50755.0,72738.0,25176.0,41062.0,13,81,0.0,30,66929.0,58623.0,52190.0,46147.0,207.4,4,PEuk1
36590.0,58276.0,7655.0,10139.0,376,269,5.0,61,42529.0,40220.0,32042.0,30192.0,207.4,4,PEuk1
26563.0,44089.0,4596.0,6386.0,245,139,58.0,78,29480.0,27341.0,19263.0,21432.0,207.4,4,PEuk1
45613.0,70922.0,10479.0,13405.0,0,40,0.0,31,49259.0,43309.0,40107.0,33696.0,207.6,4,PEuk1
19702.0,35399.0,10958.0,18766.0,305,306,307.0,155,25283.0,23728.0,12519.0,19145.0,207.8,4,PEuk1
50366.0,66243.0,8611.0,12176.0,436,167,563.0,207,58337.0,52421.0,51813.0,38988.0,208.0,4,PEuk1
69443.0,83586.0,15483.0,23687.0,47,255,235.0,119,75600.0,66309.0,71019.0,51612.0,208.1,4,PEuk1
37678.0,56503.0,4502.0,7418.0,0,47,168.0,138,31525.0,28757.0,34686.0,28587.0,208.3,4,PEuk1
48081.0,81899.0,2837.0,3772.0,49,268,222.0,148,55318.0,51252.0,32314.0,36542.0,208.4,4,PEuk1
27466.0,44302.0,3403.0,6055.0,209,189,181.0,89,38583.0,36784.0,18477.0,25130.0,208.8,4,PEuk1
38289.0,53005.0,2246.0,4553.0,750,321,266.0,220,40101.0,36150.0,27693.0,27056.0,208.9,4,PEuk1
191811.0,167106.0,50858.0,49846.0,1031,1114,68.0,119,69917.0,63080.0,48206.0,50489.0,209.1,4,PEuk1
100063.0,149982.0,9120.0,15433.0,436,280,128.0,130,66364.0,60311.0,33996.0,44870.0,209.2,4,PEuk1
19145.0,42301.0,5115.0,10588.0,215,215,68.0,25,21809.0,21594.0,18527.0,18955.0,209.4,4,PEuk1
29279.0,41408.0,5020.0,7207.0,70,86,48.0,64,35007.0,32063.0,26569.0,24838.0,209.6,4,PEuk1
32616.0,44621.0,2725.0,5045.0,198,170,266.0,116,29138.0,28379.0,18158.0,24877.0,209.7,4,PEuk1
34437.0,72493.0,13713.0,26164.0,505,435,260.0,127,45454.0,42024.0,28805.0,33015.0,210.0,4,PEuk1
42654.0,66104.0,9087.0,15280.0,0,125,381.0,210,55069.0,52433.0,22659.0,42371.0,210.1,4,PEuk1
21150.0,37850.0,5311.0,8306.0,384,254,203.0,159,31570.0,29277.0,17913.0,23394.0,210.2,4,PEuk1
21054.0,32741.0,9037.0,16794.0,258,96,54.0,43,28274.0,26972.0,22857.0,21418.0,210.6,4,PEuk1
30863.0,54134.0,12922.0,22526.0,453,335,174.0,92,40314.0,38650.0,27241.0,24647.0,211.0,4,PEuk1
40336.0,56684.0,4011.0,4400.0,726,271,220.0,99,36160.0,32091.0,33825.0,25558.0,211.4,4,PEuk1
28373.0,45745.0,2305.0,4778.0,411,359,156.0,60,32751.0,30606.0,15138.0,21667.0,211.7,4,PEuk1
12729.0,26535.0,7374.0,14450.0,243,284,156.0,53,22776.0,23873.0,7125.0,15792.0,211.9,4,PEuk1
29570.0,53964.0,14204.0,27123.0,89,36,0.0,30,39397.0,38518.0,19503.0,29467.0,212.5,4,PEuk1
163984.0,248998.0,53997.0,85689.0,485,390,0.0,97,131970.0,116069.0,58806.0,54846.0,212.5,4,PEuk1
49013.0,75056.0,4881.0,7491.0,625,316,26.0,71,53144.0,51092.0,29894.0,37361.0,213.5,4,PEuk1
75456.0,111685.0,6239.0,7696.0,309,136,781.0,261,67920.0,63172.0,56912.0,46726.0,213.6,4,PEuk1
45078.0,62136.0,6763.0,8425.0,67,177,273.0,125,46865.0,43365.0,33869.0,35672.0,213.7,4,PEuk1
88264.0,117580.0,4814.0,8601.0,23,74,81.0,79,85468.0,77665.0,86645.0,67195.0,213.8,4,PEuk1
19921.0,30541.0,3285.0,5263.0,270,203,2.0,79,26928.0,26228.0,25769.0,24011.0,214.2,4,PEuk1
43861.0,72602.0,7585.0,9863.0,593,269,0.0,55,52822.0,49214.0,41238.0,44868.0,214.9,4,PEuk1
37591.0,58265.0,4245.0,6951.0,3197,2853,245.0,211,42717.0,36496.0,34579.0,27643.0,215.3,4,PEuk1
32968.0,56175.0,10728.0,20059.0,294,215,115.0,55,43821.0,40779.0,17595.0,28680.0,215.6,4,PEuk1
94995.0,126560.0,13823.0,20896.0,1562,1653,0.0,98,107257.0,98435.0,101058.0,80215.0,215.7,4,PEuk1
36881.0,48075.0,3021.0,6548.0,127,232,247.0,102,35176.0,31907.0,29487.0,21438.0,216.0,4,PEuk1
11146.0,21285.0,3434.0,5771.0,971,843,219.0,113,25470.0,24396.0,12577.0,17064.0,216.3,4,PEuk1
22613.0,41988.0,24999.0,42877.0,402,231,194.0,84,42528.0,39722.0,32526.0,32632.0,216.3,4,PEuk1
25684.0,37311.0,7770.0,13959.0,499,266,144.0,94,44057.0,42961.0,38456.0,30904.0,216.5,4,PEuk1
29679.0,37559.0,2732.0,4549.0,210,139,199.0,92,40464.0,37231.0,32793.0,29534.0,216.5,4,PEuk1
51744.0,69408.0,14043.0,21522.0,215,359,24.0,92,54977.0,54098.0,32107.0,44977.0,216.8,4,PEuk1
23175.0,42766.0,13353.0,23041.0,0,11,333.0,124,22384.0,20780.0,21025.0,18423.0,217.1,4,PEuk1
18117.0,34368.0,6950.0,10773.0,3638,3449,583.0,379,27968.0,26970.0,6234.0,16168.0,217.2,4,PEuk1
66038.0,90460.0,8375.0,10961.0,296,157,425.0,238,69753.0,64310.0,54198.0,52685.0,217.4,4,PEuk1
34877.0,62394.0,7118.0,12193.0,0,26,76.0,50,39931.0,39005.0,16446.0,27565.0,217.5,4,PEuk1
23965.0,36331.0,4869.0,9238.0,203,109,216.0,121,21044.0,21437.0,6871.0,11209.0,217.6,4,PEuk1
43965.0,63127.0,16242.0,25543.0,352,147,114.0,112,54798.0,51908.0,46501.0,43448.0,217.7,4,PEuk1
90238.0,127440.0,3283.0,5791.0,645,333,239.0,94,91885.0,83838.0,90335.0,70063.0,217.8,4,PEuk1
33122.0,49456.0,5820.0,8051.0,180,174,275.0,119,32174.0,31339.0,10229.0,17274.0,218.0,4,PEuk1
132253.0,185352.0,42817.0,66146.0,352,216,302.0,134,117844.0,100422.0,51609.0,46467.0,218.6,4,PEuk1
131732.0,189078.0,18701.0,27945.0,541,308,278.0,208,80638.0,73167.0,52546.0,60259.0,218.9,4,PEuk1
39716.0,79558.0,3258.0,7508.0,420,206,259.0,91,28845.0,26192.0,22332.0,18982.0,219.1,4,PEuk1
20964.0,42654.0,2914.0,4644.0,151,86,182.0,102,33008.0,31027.0,18630.0,20049.0,219.4,4,PEuk1
60507.0,92667.0,12640.0,18507.0,195,204,428.0,242,70308.0,62984.0,54425.0,46327.0,219.4,4,PEuk1
39601.0,45674.0,5127.0,5972.0,0,146,471.0,147,29730.0,25530.0,23703.0,18162.0,219.6,4,PEuk1
74304.0,118263.0,13179.0,19837.0,611,294,109.0,103,81808.0,71706.0,51299.0,59140.0,219.8,4,PEuk1
54847.0,90103.0,12134.0,18345.0,273,303,73.0,84,63369.0,59990.0,42614.0,49270.0,219.9,4,PEuk1
56323.0,82075.0,11669.0,19798.0,174,169,371.0,170,59161.0,56975.0,28731.0,48790.0,220.2,4,PEuk1
53485.0,82051.0,4686.0,7568.0,349,259,0.0,53,47549.0,43578.0,37678.0,36342.0,220.3,4,PEuk1
16559.0,39004.0,3191.0,7492.0,215,150,140.0,65,26938.0,24580.0,11201.0,18727.0,220.4,4,PEuk1
23807.0,49301.0,7954.0,15740.0,249,345,187.0,56,30965.0,30306.0,15930.0,23278.0,220.4,4,PEuk1
33510.0,51122.0,11100.0,18150.0,403,181,0.0,42,37136.0,35780.0,13808.0,24179.0,220.4,4,PEuk1
44030.0,69709.0,3326.0,5013.0,266,244,140.0,88,49259.0,46721.0,21969.0,35504.0,220.5,4,PEuk1
29685.0,50596.0,4294.0,7499.0,444,284,421.0,295,34479.0,31598.0,13337.0,27612.0,220.5,4,PEuk1
38526.0,54387.0,6354.0,9218.0,76,137,253.0,165,35296.0,33005.0,24436.0,24429.0,220.9,4,PEuk1
59992.0,89117.0,4878.0,6488.0,472,181,513.0,187,49080.0,45960.0,39450.0,35248.0,220.9,4,PEuk1
38824.0,56376.0,34749.0,56185.0,104,161,158.0,109,42622.0,41157.0,31331.0,30575.0,221.0,4,PEuk1
31485.0,44195.0,3438.0,5296.0,328,206,266.0,98,31708.0,29414.0,18763.0,24401.0,221.1,4,PEuk1
28391.0,50368.0,8716.0,13182.0,1761,1610,95.0,81,32353.0,30578.0,13639.0,19327.0,221.6,4,PEuk1
76358.0,123790.0,23218.0,38173.0,414,177,528.0,214,90151.0,77687.0,61110.0,68571.0,221.7,4,PEuk1
59686.0,92329.0,53503.0,91052.0,248,145,0.0,29,77315.0,73764.0,39368.0,49558.0,221.9,4,PEuk1
36468.0,44544.0,5698.0,10456.0,59,195,200.0,148,36200.0,33106.0,22437.0,31216.0,222.2,4,PEuk1
54084.0,90120.0,8167.0,13149.0,602,407,118.0,68,50847.0,48504.0,22946.0,38932.0,222.3,4,PEuk1
9550.0,23974.0,4279.0,9882.0,414,224,357.0,208,18231.0,18040.0,5865.0,9073.0,222.4,4,PEuk1
49242.0,78572.0,4257.0,7321.0,617,314,0.0,31,66797.0,63834.0,43661.0,50321.0,222.5,4,PEuk1
61219.0,93290.0,17404.0,28235.0,43,209,134.0,92,70528.0,64408.0,36794.0,50463.0,222.5,4,PEuk1
72327.0,104322.0,5079.0,7847.0,373,184,485.0,188,55624.0,51702.0,55124.0,46991.0,223.1,4,PEuk1
192900.0,295301.0,28535.0,40305.0,1399,789,317.0,150,104672.0,100638.0,42879.0,58346.0,223.5,4,PEuk1
49590.0,65616.0,7322.0,10546.0,261,110,0.0,116,40169.0,37066.0,33730.0,25865.0,223.6,4,PEuk1
52419.0,67885.0,11437.0,16786.0,375,267,269.0,171,66384.0,61623.0,62020.0,45649.0,223.6,4,PEuk1
24269.0,38470.0,2677.0,4218.0,387,214,80.0,56,31115.0,30705.0,14425.0,18980.0,223.6,4,PEuk1
20624.0,32431.0,9624.0,15130.0,182,244,171.0,94,29933.0,27654.0,15115.0,19868.0,223.7,4,PEuk1
48506.0,76508.0,22061.0,38238.0,545,263,165.0,106,62866.0,61163.0,37427.0,54014.0,223.8,4,PEuk1
21423.0,23334.0,1501.0,2327.0,297,155,237.0,175,25022.0,24076.0,21984.0,19556.0,223.8,4,PEuk1
4671.0,7648.0,1713.0,3197.0,318,205,474.0,281,29853.0,21216.0,9072.0,7703.0,223.9,4,PEuk1
74690.0,101456.0,3158.0,4177.0,693,420,98.0,129,51128.0,46493.0,48882.0,39486.0,224.1,4,PEuk1
175221.0,231943.0,131330.0,158844.0,837,538,297.0,142,24396.0,22802.0,20642.0,21342.0,224.5,4,PEuk1
47127.0,69371.0,23937.0,39733.0,62,131,474.0,247,48617.0,43532.0,34250.0,37846.0,224.5,4,PEuk1
35145.0,55132.0,10071.0,16514.0,318,323,253.0,133,37124.0,34144.0,29131.0,26692.0,224.6,4,PEuk1
49601.0,66526.0,6605.0,8814.0,104,158,664.0,213,39724.0,36648.0,38436.0,25773.0,224.8,4,PEuk1
17277.0,44479.0,1474.0,4173.0,279,193,152.0,71,25759.0,27893.0,3840.0,12375.0,224.9,4,PEuk1
45675.0,70373.0,8826.0,14968.0,629,337,130.0,58,51484.0,49656.0,17676.0,37582.0,225.0,4,PEuk1
2505.0,14482.0,684.0,4459.0,158,80,199.0,95,9761.0,19145.0,5355.0,8761.0,225.2,4,PEuk1
1592.0,9298.0,1218.0,4497.0,204,229,187.0,96,6283.0,12707.0,2871.0,4796.0,225.2,4,PEuk1
20955.0,37665.0,20923.0,40021.0,312,145,7.0,39,23279.0,23212.0,9670.0,16811.0,225.2,4,PEuk1
32951.0,51000.0,2549.0,5410.0,459,171,125.0,103,37438.0,38524.0,22775.0,32504.0,225.3,4,PEuk1
1687.0,6726.0,403.0,2105.0,139,12,223.0,166,7023.0,13371.0,3516.0,4955.0,225.3,4,PEuk1
1631.0,7279.0,0.0,866.0,109,139,222.0,223,7922.0,15071.0,111903.0,197749.0,225.3,4,PEuk1
33541.0,57063.0,6986.0,11835.0,98,28,310.0,172,40487.0,38755.0,13880.0,25920.0,225.6,4,PEuk1
31133.0,52052.0,8393.0,12671.0,165,116,0.0,75,46253.0,44773.0,15851.0,29726.0,225.7,4,PEuk1
105739.0,147061.0,7521.0,9966.0,707,268,523.0,213,70065.0,60774.0,47523.0,51369.0,225.7,4,PEuk1
138140.0,191430.0,11718.0,19380.0,381,533,134.0,121,64529.0,56132.0,44641.0,43220.0,225.7,4,PEuk1
43068.0,71536.0,25755.0,42493.0,293,279,196.0,181,54133.0,50603.0,43988.0,38730.0,225.7,4,PEuk1
32420.0,44120.0,10412.0,18261.0,408,247,153.0,69,29533.0,30629.0,9901.0,18947.0,226.0,4,PEuk1
47076.0,69133.0,5044.0,7506.0,177,132,137.0,72,60348.0,56239.0,41871.0,41673.0,226.1,4,PEuk1
44697.0,59532.0,15011.0,24748.0,109,141,196.0,77,47484.0,45178.0,19308.0,33366.0,226.1,4,PEuk1
71109.0,92101.0,9186.0,14471.0,207,227,40.0,90,53428.0,45420.0,51267.0,37200.0,226.2,4,PEuk1
14784.0,16208.0,872.0,1745.0,457,267,0.0,173,11199.0,11610.0,8332.0,6626.0,226.2,4,PEuk1
29494.0,41583.0,4505.0,6605.0,336,353,408.0,168,39918.0,37685.0,20938.0,23467.0,226.5,4,PEuk1
54013.0,74169.0,16341.0,25603.0,95,171,251.0,257,55590.0,51094.0,44295.0,44091.0,226.7,4,PEuk1
68325.0,101646.0,17124.0,27283.0,0,133,0.0,26,69152.0,62821.0,46691.0,49355.0,226.8,4,PEuk1
38410.0,66520.0,12829.0,20790.0,85,230,29.0,49,42572.0,41158.0,27820.0,34315.0,227.0,4,PEuk1
36686.0,58175.0,17242.0,28036.0,459,234,0.0,61,43278.0,41003.0,34771.0,29098.0,227.0,4,PEuk1
19127.0,28002.0,6514.0,11027.0,291,147,92.0,40,29907.0,28362.0,19660.0,21875.0,227.3,4,PEuk1
52116.0,87143.0,5525.0,8428.0,364,220,14.0,81,60682.0,59114.0,41553.0,47875.0,227.6,4,PEuk1
34969.0,61089.0,5657.0,10114.0,0,0,131.0,202,52411.0,49611.0,27100.0,40711.0,228.2,4,PEuk1
34371.0,50967.0,12697.0,18735.0,224,173,45.0,58,39668.0,37522.0,22876.0,24443.0,228.2,4,PEuk1
33395.0,45459.0,5177.0,6533.0,203,224,197.0,65,25161.0,23049.0,20643.0,16570.0,228.2,4,PEuk1
67685.0,97430.0,10280.0,13182.0,693,441,317.0,219,72086.0,67263.0,35191.0,51611.0,228.4,4,PEuk1
33630.0,42576.0,3249.0,5706.0,0,65,121.0,66,34488.0,30614.0,21843.0,21433.0,228.5,4,PEuk1
24326.0,39732.0,2916.0,5624.0,512,369,143.0,115,40794.0,39347.0,26537.0,26348.0,228.6,4,PEuk1
48218.0,74515.0,5946.0,9065.0,761,311,327.0,134,53670.0,48416.0,28582.0,36849.0,228.6,4,PEuk1
21796.0,34268.0,2734.0,6302.0,125,93,156.0,138,37753.0,36670.0,14915.0,25233.0,228.6,4,PEuk1
49080.0,73889.0,3326.0,4856.0,653,255,65.0,110,47993.0,45339.0,26116.0,37238.0,228.7,4,PEuk1
40570.0,71532.0,7327.0,14458.0,212,214,89.0,87,39107.0,36469.0,20227.0,30494.0,228.9,4,PEuk1
39852.0,54460.0,15963.0,24754.0,200,138,179.0,112,43047.0,38591.0,41620.0,28250.0,228.9,4,PEuk1
28517.0,38209.0,4519.0,10070.0,0,70,314.0,150,30363.0,26812.0,27192.0,21845.0,229.2,4,PEuk1
13189.0,22119.0,2804.0,4724.0,2275,2245,538.0,296,21119.0,18955.0,6125.0,12361.0,229.4,4,PEuk1
76936.0,117778.0,17400.0,25649.0,177,156,368.0,137,77486.0,68444.0,55831.0,50077.0,229.5,4,PEuk1
28869.0,34111.0,4557.0,8683.0,212,353,0.0,33,43642.0,39811.0,35863.0,30574.0,229.5,4,PEuk1
38727.0,68126.0,9482.0,17286.0,474,249,64.0,66,40456.0,39355.0,19409.0,34532.0,229.6,4,PEuk1
34952.0,50111.0,8579.0,14982.0,312,193,472.0,219,35056.0,33393.0,12741.0,24624.0,229.7,4,PEuk1
65898.0,95195.0,12082.0,20172.0,426,221,714.0,189,64900.0,62565.0,46185.0,44109.0,230.0,4,PEuk1
545.0,2788.0,0.0,57.0,131,63,235.0,172,5490.0,11914.0,30671.0,63957.0,230.1,4,PEuk1
39865.0,51055.0,3604.0,5999.0,378,292,61.0,129,43397.0,37751.0,31221.0,29956.0,230.2,4,PEuk1
25679.0,33923.0,6081.0,9858.0,240,273,133.0,155,32332.0,29491.0,17119.0,20458.0,230.2,4,PEuk1
31625.0,50680.0,5865.0,7841.0,659,387,286.0,139,34572.0,33559.0,18985.0,29648.0,230.4,4,PEuk1
25166.0,30312.0,9061.0,14305.0,548,365,376.0,154,25544.0,21916.0,14599.0,14573.0,230.5,4,PEuk1
77088.0,105745.0,7503.0,12021.0,38,208,207.0,88,85979.0,79701.0,65024.0,54706.0,231.1,4,PEuk1
64121.0,101277.0,41940.0,67560.0,488,290,200.0,87,75837.0,67407.0,59874.0,56266.0,231.2,4,PEuk1
35688.0,72254.0,25257.0,47656.0,471,279,199.0,117,46759.0,46759.0,20041.0,34098.0,231.3,4,PEuk1
73247.0,98369.0,30242.0,43852.0,354,352,0.0,70,76001.0,69439.0,63656.0,53570.0,231.4,4,PEuk1
22159.0,33190.0,7104.0,12162.0,587,291,133.0,75,19415.0,18974.0,5976.0,13143.0,231.6,4,PEuk1
36637.0,47222.0,11457.0,17674.0,0,43,136.0,64,39431.0,35414.0,28679.0,33708.0,231.9,4,PEuk1
37830.0,62474.0,14187.0,24381.0,246,141,0.0,96,36176.0,36146.0,14208.0,25770.0,232.1,4,PEuk1
24991.0,41283.0,9071.0,14706.0,538,272,241.0,78,39357.0,36387.0,29894.0,28608.0,232.2,4,PEuk1
16261.0,38735.0,5880.0,10227.0,137,144,48.0,62,29273.0,29179.0,14246.0,18072.0,232.3,4,PEuk1
158275.0,227079.0,20720.0,32756.0,490,257,447.0,244,85122.0,77962.0,67852.0,58562.0,232.3,4,PEuk1
29945.0,43590.0,29613.0,46950.0,209,168,133.0,74,37286.0,35437.0,33047.0,29779.0,232.4,4,PEuk1
47842.0,76627.0,5745.0,8505.0,524,240,179.0,149,40183.0,38012.0,20550.0,26154.0,232.5,4,PEuk1
18118.0,26192.0,3704.0,6688.0,692,301,212.0,124,27885.0,27336.0,18150.0,18237.0,232.6,4,PEuk1
33575.0,46052.0,7094.0,9267.0,61,109,273.0,190,31106.0,29041.0,20324.0,22436.0,232.9,4,PEuk1
52544.0,80794.0,12297.0,19709.0,741,276,76.0,129,44988.0,39537.0,45962.0,35280.0,232.9,4,PEuk1
59362.0,93234.0,6249.0,8190.0,478,351,143.0,134,55253.0,53334.0,21990.0,40155.0,233.5,4,PEuk1
58526.0,103394.0,5683.0,8569.0,242,284,0.0,28,52295.0,45115.0,31875.0,25482.0,233.6,4,PEuk1
15295.0,25726.0,7178.0,10870.0,297,168,225.0,155,18625.0,17880.0,12067.0,12546.0,233.7,4,PEuk1
20931.0,30195.0,7846.0,12354.0,128,112,119.0,102,31427.0,31558.0,21803.0,27017.0,233.7,4,PEuk1
57283.0,77937.0,16408.0,27764.0,607,288,0.0,41,82759.0,75593.0,47239.0,54019.0,234.3,4,PEuk1
19947.0,42585.0,3743.0,7014.0,137,252,149.0,77,33041.0,32982.0,10032.0,20330.0,234.4,4,PEuk1
21347.0,43671.0,8939.0,16334.0,216,215,182.0,101,24411.0,23595.0,12080.0,17635.0,234.8,4,PEuk1
41629.0,66929.0,3937.0,5219.0,222,132,152.0,136,36922.0,34346.0,34525.0,26554.0,234.9,4,PEuk1
29104.0,46079.0,3053.0,3504.0,512,320,80.0,170,35313.0,30042.0,20211.0,20826.0,235.1,4,PEuk1
55904.0,73330.0,10738.0,13782.0,330,276,188.0,74,45173.0,41346.0,43988.0,37116.0,235.2,4,PEuk1
41796.0,56687.0,27751.0,44064.0,194,136,267.0,211,36664.0,33347.0,39026.0,29051.0,235.2,4,PEuk1
40283.0,66514.0,6685.0,10036.0,0,42,362.0,122,33667.0,31169.0,21423.0,25829.0,235.7,4,PEuk1
20737.0,46157.0,4763.0,9878.0,403,287,193.0,126,27991.0,25568.0,22919.0,19589.0,235.8,4,PEuk1
18489.0,23225.0,1477.0,2559.0,260,311,339.0,224,22358.0,22164.0,10927.0,14748.0,236.1,4,PEuk1
40298.0,59651.0,14127.0,21266.0,203,110,384.0,158,55713.0,50991.0,46995.0,45081.0,236.1,4,PEuk1
31158.0,58062.0,7055.0,12836.0,61,170,0.0,61,44118.0,42557.0,15603.0,27879.0,236.4,4,PEuk1
39898.0,70088.0,8345.0,14521.0,164,82,0.0,72,51640.0,51465.0,30549.0,43842.0,236.5,4,PEuk1
16853.0,29116.0,4650.0,7286.0,130,84,199.0,87,23106.0,22731.0,9936.0,17808.0,236.5,4,PEuk1
35289.0,56305.0,5257.0,5954.0,0,66,0.0,95,29539.0,28089.0,17648.0,24286.0,237.0,4,PEuk1
21987.0,42896.0,5656.0,9888.0,640,260,52.0,80,31525.0,28520.0,23390.0,24452.0,237.2,4,PEuk1
40587.0,54788.0,11032.0,16391.0,140,117,155.0,64,37883.0,35790.0,20575.0,22378.0,237.9,4,PEuk1
123076.0,173217.0,11885.0,18278.0,477,387,199.0,203,92182.0,74807.0,40490.0,31415.0,238.0,4,PEuk1
17492.0,34768.0,2097.0,4057.0,373,368,179.0,81,30442.0,30842.0,11301.0,22950.0,238.0,4,PEuk1
14643.0,26297.0,2482.0,4351.0,345,194,108.0,74,30983.0,30103.0,10435.0,20728.0,238.1,4,PEuk1
30523.0,45209.0,10531.0,19064.0,239,167,158.0,155,34963.0,33453.0,27413.0,25102.0,238.2,4,PEuk1
57231.0,92741.0,3458.0,5520.0,251,274,33.0,46,65997.0,62514.0,34982.0,43583.0,238.3,4,PEuk1
37207.0,56947.0,25878.0,44067.0,351,164,169.0,115,40768.0,41510.0,13469.0,31125.0,238.5,4,PEuk1
40779.0,62999.0,14204.0,22624.0,134,236,108.0,80,65940.0,57584.0,55898.0,50955.0,238.6,4,PEuk1
70125.0,119466.0,12125.0,16665.0,660,262,260.0,105,55229.0,47775.0,51629.0,42882.0,238.6,4,PEuk1
45184.0,60495.0,5000.0,5617.0,269,187,134.0,136,43183.0,38102.0,23021.0,36140.0,238.7,4,PEuk1
21975.0,33850.0,10107.0,18836.0,435,286,212.0,160,28293.0,26595.0,6803.0,16918.0,238.8,4,PEuk1
38326.0,64233.0,3565.0,5907.0,113,164,70.0,119,39682.0,37598.0,24185.0,31059.0,238.9,4,PEuk1
17873.0,43304.0,5940.0,10926.0,233,108,238.0,153,38718.0,37921.0,25669.0,29581.0,238.9,4,PEuk1
28488.0,54547.0,5710.0,10336.0,317,266,283.0,168,41415.0,41263.0,20529.0,26575.0,239.0,4,PEuk1
33170.0,56445.0,14228.0,23144.0,261,221,65.0,73,51724.0,48624.0,18825.0,33685.0,239.3,4,PEuk1
68443.0,93814.0,6807.0,13027.0,269,175,90.0,79,46817.0,42657.0,33830.0,33485.0,239.6,4,PEuk1
80298.0,119365.0,14903.0,23253.0,0,0,143.0,129,81522.0,68101.0,43973.0,37457.0,239.7,4,PEuk1
63680.0,96089.0,14032.0,22664.0,285,163,134.0,40,65365.0,62090.0,39876.0,44078.0,239.7,4,PEuk1
46073.0,62083.0,4809.0,6845.0,242,120,412.0,194,55298.0,50756.0,26472.0,38899.0,239.9,4,PEuk1
27099.0,42539.0,10738.0,17735.0,109,72,96.0,59,33619.0,32541.0,12879.0,21644.0,239.9,4,PEuk1
66848.0,75356.0,14640.0,22352.0,1315,503,519.0,151,58194.0,52818.0,54461.0,38791.0,240.0,4,PEuk1
25221.0,43904.0,2679.0,4674.0,369,264,0.0,37,37124.0,34105.0,33930.0,28644.0,240.6,4,PEuk1
91704.0,107033.0,34549.0,51942.0,681,272,283.0,173,75735.0,65603.0,82211.0,60730.0,241.5,4,PEuk1
31977.0,54491.0,10786.0,19379.0,447,182,119.0,62,38080.0,33116.0,29608.0,27102.0,241.6,4,PEuk1
44094.0,77003.0,6361.0,12106.0,554,292,7.0,55,45970.0,40762.0,35224.0,28353.0,241.6,4,PEuk1
42367.0,70212.0,5611.0,9646.0,367,206,0.0,86,51489.0,49847.0,19296.0,36053.0,241.8,4,PEuk1
41304.0,48239.0,6243.0,9678.0,248,255,0.0,67,28496.0,24626.0,36776.0,23610.0,241.8,4,PEuk1
49392.0,73001.0,35685.0,54660.0,218,142,134.0,117,49265.0,44836.0,50021.0,41632.0,242.7,4,PEuk1
34309.0,56012.0,3781.0,5562.0,324,174,137.0,58,42690.0,39821.0,32728.0,32044.0,242.8,4,PEuk1
43843.0,73958.0,16226.0,26441.0,563,317,297.0,151,50212.0,49522.0,33885.0,38492.0,242.9,4,PEuk1
21826.0,40819.0,1282.0,3658.0,402,372,402.0,239,25587.0,25737.0,19985.0,19952.0,243.7,4,PEuk1
21495.0,34758.0,3094.0,5744.0,334,302,234.0,157,26068.0,23804.0,23339.0,18299.0,244.1,4,PEuk1
60051.0,88363.0,6878.0,11637.0,456,399,152.0,161,82373.0,75016.0,57940.0,61503.0,244.5,4,PEuk1
53205.0,73672.0,15200.0,21005.0,0,52,35.0,60,64914.0,59224.0,55507.0,49657.0,244.8,4,PEuk1
19055.0,35642.0,4123.0,8094.0,101,41,210.0,159,20054.0,18246.0,13741.0,16709.0,244.9,4,PEuk1
27039.0,58558.0,4921.0,9462.0,311,114,222.0,123,36605.0,34657.0,18933.0,24513.0,244.9,4,PEuk1
16487.0,27870.0,1726.0,3797.0,269,313,80.0,37,30511.0,31752.0,11733.0,24975.0,245.1,4,PEuk1
37674.0,62108.0,10831.0,18180.0,148,89,143.0,134,41841.0,40320.0,21146.0,34502.0,245.4,4,PEuk1
69571.0,108385.0,3539.0,6184.0,500,166,779.0,254,40657.0,37117.0,40580.0,33359.0,245.5,4,PEuk1
43427.0,58600.0,9722.0,13802.0,3086,2855,324.0,213,44875.0,42932.0,26492.0,35035.0,245.6,4,PEuk1
57696.0,85771.0,10448.0,16607.0,466,166,149.0,86,73584.0,68399.0,53742.0,57679.0,245.6,4,PEuk1
19620.0,33061.0,3609.0,7805.0,171,94,105.0,55,27557.0,28212.0,4311.0,12149.0,245.7,4,PEuk1
19272.0,31965.0,15109.0,26858.0,168,122,175.0,132,27570.0,28012.0,6853.0,16157.0,245.8,4,PEuk1
65793.0,94965.0,28882.0,45859.0,0,73,437.0,166,61000.0,56627.0,25876.0,42270.0,245.8,4,PEuk1
45579.0,60146.0,5913.0,9644.0,581,506,238.0,122,56757.0,52012.0,39729.0,34770.0,246.0,4,PEuk1
72431.0,108180.0,2420.0,4624.0,201,308,29.0,125,80499.0,75459.0,69146.0,63755.0,246.0,4,PEuk1
30210.0,45528.0,5928.0,8384.0,290,228,40.0,23,35240.0,32260.0,25187.0,28812.0,246.0,4,PEuk1
70459.0,106203.0,15675.0,25057.0,415,321,111.0,66,69382.0,66219.0,41738.0,51319.0,246.2,4,PEuk1
180686.0,277594.0,79227.0,119126.0,382,231,210.0,134,145127.0,120367.0,64313.0,61116.0,246.2,4,PEuk1
45996.0,64139.0,20258.0,32264.0,306,238,174.0,107,63609.0,60379.0,66222.0,50230.0,246.3,4,PEuk1
18058.0,37239.0,902.0,3210.0,67,56,79.0,94,25422.0,22925.0,19585.0,21674.0,246.3,4,PEuk1
41120.0,66511.0,10338.0,17507.0,0,79,0.0,37,40017.0,34920.0,37404.0,31351.0,246.4,4,PEuk1
55977.0,87774.0,8610.0,16325.0,276,221,185.0,162,63032.0,57860.0,53444.0,44057.0,246.6,4,PEuk1
48250.0,86444.0,2799.0,5235.0,399,234,96.0,54,54784.0,51646.0,38915.0,39367.0,246.8,4,PEuk1
101017.0,151817.0,5036.0,8722.0,602,321,103.0,94,104058.0,95744.0,70721.0,79044.0,246.8,4,PEuk1
56547.0,98507.0,6445.0,9559.0,838,668,654.0,503,60423.0,55512.0,26315.0,43261.0,246.8,4,PEuk1
33688.0,53922.0,2389.0,6391.0,381,121,65.0,101,43001.0,41260.0,17370.0,32582.0,247.1,4,PEuk1
46207.0,68466.0,9255.0,14472.0,433,366,403.0,171,60012.0,56017.0,38620.0,38768.0,247.1,4,PEuk1
29040.0,46876.0,9815.0,15949.0,210,224,39.0,79,37682.0,37260.0,19445.0,26720.0,247.2,4,PEuk1
42948.0,55986.0,5424.0,8445.0,324,187,421.0,106,37650.0,37238.0,29985.0,25552.0,247.3,4,PEuk1
108919.0,142661.0,42160.0,58097.0,80,176,0.0,147,62265.0,54566.0,47532.0,48666.0,247.6,4,PEuk1
44277.0,66265.0,25389.0,39361.0,85,126,174.0,178,66929.0,61274.0,55272.0,47990.0,247.7,4,PEuk1
35980.0,56197.0,2174.0,3150.0,124,173,149.0,46,47562.0,45461.0,24565.0,36904.0,247.9,4,PEuk1
36421.0,63892.0,3616.0,5816.0,260,242,226.0,105,48912.0,48745.0,22568.0,35570.0,247.9,4,PEuk1
47427.0,66346.0,21194.0,33663.0,0,102,718.0,283,47389.0,40902.0,29736.0,35368.0,248.2,4,PEuk1
100712.0,56837.0,1356.0,2560.0,0,87,0.0,118,193233.0,65255.0,83609.0,16028.0,248.2,4,PEuk1
59426.0,96197.0,26204.0,39443.0,412,283,68.0,115,73304.0,66944.0,59928.0,55916.0,248.2,4,PEuk1
41295.0,56898.0,4907.0,7546.0,532,221,0.0,21,43162.0,41936.0,10719.0,27423.0,248.3,4,PEuk1
18187.0,34312.0,547.0,3241.0,1544,1677,190.0,163,25996.0,25290.0,16850.0,18588.0,248.3,4,PEuk1
41687.0,67218.0,20887.0,36413.0,364,325,59.0,78,70500.0,66860.0,28781.0,51103.0,248.3,4,PEuk1
40794.0,67088.0,6528.0,9772.0,584,249,121.0,41,48676.0,47778.0,26980.0,38261.0,248.6,4,PEuk1
38756.0,71184.0,3345.0,6322.0,275,137,144.0,91,46512.0,41751.0,31835.0,28576.0,248.6,4,PEuk1
28432.0,47930.0,1539.0,4398.0,79,124,320.0,148,44378.0,41420.0,27386.0,29849.0,248.7,4,PEuk1
57283.0,82620.0,12319.0,20282.0,0,11,109.0,88,61672.0,55496.0,40454.0,41902.0,248.7,4,PEuk1
88744.0,134841.0,7817.0,12254.0,0,132,0.0,26,89410.0,82248.0,82678.0,69085.0,248.8,4,PEuk1
26926.0,54698.0,11047.0,18061.0,173,86,264.0,140,41492.0,41172.0,17857.0,27399.0,248.9,4,PEuk1
24322.0,38325.0,4387.0,5706.0,119,200,242.0,118,30012.0,28617.0,21621.0,23837.0,249.3,4,PEuk1
24021.0,50006.0,11209.0,20921.0,381,259,103.0,37,34475.0,38077.0,15146.0,25421.0,249.3,4,PEuk1
57544.0,82177.0,8730.0,14035.0,515,282,178.0,121,52058.0,46648.0,42404.0,49072.0,249.4,4,PEuk1
18532.0,30425.0,2966.0,6218.0,176,150,238.0,68,26651.0,25190.0,18612.0,18385.0,249.8,4,PEuk1
48270.0,82571.0,6385.0,8640.0,0,90,10.0,93,31562.0,26418.0,26148.0,19794.0,249.9,4,PEuk1
41450.0,69200.0,9173.0,14916.0,240,93,100.0,65,54534.0,51768.0,26560.0,40127.0,249.9,4,PEuk1
139089.0,186116.0,26361.0,40786.0,0,143,295.0,152,95101.0,83045.0,84655.0,69649.0,250.0,4,PEuk1
32434.0,44825.0,3470.0,4661.0,466,262,0.0,34,37938.0,34918.0,20259.0,28225.0,250.1,4,PEuk1
76677.0,101541.0,3831.0,5680.0,80,171,0.0,28,64889.0,57045.0,60111.0,44300.0,250.1,4,PEuk1
20816.0,34156.0,4334.0,7227.0,0,79,40.0,76,34538.0,33135.0,13437.0,23470.0,250.3,4,PEuk1
20668.0,36147.0,3228.0,5530.0,61,142,365.0,169,23324.0,21489.0,8884.0,17087.0,250.3,4,PEuk1
37830.0,70671.0,7642.0,11675.0,83,178,188.0,145,46824.0,43522.0,27688.0,32875.0,250.4,4,PEuk1
17367.0,34182.0,1570.0,4137.0,182,202,23.0,25,31038.0,29831.0,7648.0,16181.0,250.8,4,PEuk1
36083.0,45622.0,5911.0,12399.0,441,239,229.0,113,32261.0,32772.0,22688.0,25712.0,250.8,4,PEuk1
18951.0,33851.0,5484.0,9672.0,204,204,169.0,112,25536.0,27181.0,7078.0,13288.0,250.9,4,PEuk1
38001.0,63454.0,12534.0,21722.0,650,500,49.0,154,32235.0,29664.0,17489.0,23674.0,251.2,4,PEuk1
37530.0,50524.0,7717.0,12874.0,370,253,260.0,158,41387.0,36564.0,39697.0,33048.0,251.2,4,PEuk1
102238.0,145321.0,20907.0,32559.0,299,186,379.0,176,86238.0,77754.0,72761.0,76201.0,251.3,4,PEuk1
57734.0,70991.0,9693.0,14582.0,619,219,297.0,191,56361.0,51389.0,51809.0,37016.0,251.3,4,PEuk1
44257.0,77388.0,2756.0,5212.0,342,237,153.0,54,46925.0,43727.0,18857.0,32812.0,251.4,4,PEuk1
64069.0,99621.0,16082.0,23978.0,468,329,0.0,67,66213.0,65377.0,45670.0,57657.0,251.4,4,PEuk1
28866.0,58414.0,10960.0,17240.0,462,503,270.0,197,38626.0,36179.0,18487.0,28996.0,251.6,4,PEuk1
40235.0,63673.0,8857.0,13078.0,209,111,147.0,94,41959.0,41152.0,27563.0,35751.0,251.7,4,PEuk1
22303.0,36715.0,5271.0,9473.0,314,205,223.0,119,34447.0,33165.0,14939.0,24333.0,251.8,4,PEuk1
33979.0,53989.0,6390.0,9956.0,613,337,220.0,83,44581.0,39716.0,30487.0,28386.0,251.9,4,PEuk1
33819.0,54431.0,5424.0,8617.0,119,126,345.0,149,36962.0,35348.0,19039.0,23811.0,251.9,4,PEuk1
44184.0,58355.0,7013.0,11043.0,275,218,206.0,216,47037.0,41216.0,38398.0,29273.0,252.0,4,PEuk1
65025.0,113915.0,19012.0,25643.0,1748,1575,169.0,264,86605.0,76421.0,48718.0,58897.0,252.2,4,PEuk1
29276.0,51584.0,4878.0,5954.0,375,199,458.0,252,35704.0,33922.0,26109.0,27666.0,252.3,4,PEuk1
40447.0,55855.0,5908.0,9203.0,225,153,339.0,138,42607.0,39853.0,32786.0,33011.0,252.4,4,PEuk1
54800.0,82215.0,20765.0,32324.0,2392,1993,579.0,375,63766.0,57813.0,40037.0,49015.0,252.5,4,PEuk1
45790.0,73837.0,11171.0,15577.0,176,138,245.0,178,52399.0,47336.0,44274.0,38394.0,252.5,4,PEuk1
31831.0,55490.0,11765.0,17610.0,291,228,114.0,53,33588.0,28536.0,17022.0,15730.0,252.7,4,PEuk1
29344.0,45543.0,5051.0,9668.0,222,155,124.0,184,31476.0,30043.0,13547.0,25108.0,252.8,4,PEuk1
38141.0,57956.0,5671.0,9263.0,281,218,405.0,170,42894.0,38753.0,27001.0,28728.0,252.9,4,PEuk1
69680.0,99888.0,6303.0,9852.0,578,288,119.0,64,72725.0,65343.0,49480.0,51892.0,253.0,4,PEuk1
75207.0,105815.0,15024.0,21985.0,10,86,0.0,39,77236.0,69868.0,45772.0,59880.0,253.1,4,PEuk1
47715.0,75645.0,3592.0,6755.0,270,204,162.0,102,58333.0,58246.0,33277.0,47966.0,253.1,4,PEuk1
43305.0,52310.0,6617.0,12886.0,127,196,275.0,138,27662.0,26840.0,25316.0,22822.0,253.6,4,PEuk1
15604.0,25711.0,2061.0,4047.0,299,170,261.0,116,18092.0,18702.0,11993.0,19004.0,253.7,4,PEuk1
21921.0,46605.0,6267.0,10695.0,339,209,166.0,62,29637.0,28344.0,23006.0,23481.0,254.1,4,PEuk1
67301.0,109231.0,20360.0,30603.0,454,343,276.0,185,79970.0,71422.0,46358.0,56682.0,254.4,4,PEuk1
26143.0,46737.0,5122.0,9751.0,311,242,136.0,59,44068.0,41345.0,19127.0,28176.0,254.5,4,PEuk1
114602.0,187328.0,7393.0,12224.0,378,346,0.0,78,102373.0,90764.0,33030.0,37164.0,255.1,4,PEuk1
34365.0,51718.0,5208.0,7873.0,155,105,125.0,193,22649.0,20037.0,17133.0,17644.0,255.1,4,PEuk1
33069.0,48422.0,29505.0,47180.0,273,174,247.0,167,33698.0,32073.0,28740.0,25969.0,255.4,4,PEuk1
17949.0,37420.0,2058.0,5130.0,330,252,283.0,111,19992.0,20681.0,11502.0,19893.0,255.4,4,PEuk1
18677.0,36178.0,3709.0,7072.0,146,112,103.0,39,19187.0,19511.0,5600.0,11423.0,255.5,4,PEuk1
48146.0,79179.0,3699.0,5383.0,529,296,0.0,108,41777.0,33209.0,41608.0,27828.0,255.6,4,PEuk1
34527.0,61851.0,4615.0,7292.0,106,79,140.0,105,31715.0,31492.0,11844.0,26512.0,255.7,4,PEuk1
27173.0,53395.0,8670.0,16778.0,1218,763,225.0,179,27725.0,28578.0,13784.0,20290.0,255.7,4,PEuk1
54010.0,88802.0,5712.0,8179.0,397,224,0.0,51,58297.0,54950.0,39970.0,53362.0,256.5,4,PEuk1
24272.0,39857.0,3524.0,7195.0,663,418,89.0,218,28434.0,27016.0,22017.0,20549.0,256.5,4,PEuk1
29922.0,58775.0,5111.0,8889.0,115,128,251.0,148,35063.0,31220.0,12543.0,22434.0,257.1,4,PEuk1
19001.0,36506.0,2840.0,6238.0,0,160,260.0,160,32815.0,34853.0,9433.0,20443.0,257.3,4,PEuk1
22708.0,45502.0,4696.0,6402.0,361,383,114.0,135,38162.0,35848.0,21428.0,26672.0,257.4,4,PEuk1
63827.0,104637.0,2825.0,3582.0,505,186,86.0,77,62592.0,57926.0,69881.0,54004.0,257.5,4,PEuk1
58594.0,89651.0,11720.0,19557.0,505,271,144.0,116,88802.0,81006.0,71802.0,67042.0,257.6,4,PEuk1
49802.0,70709.0,8033.0,8142.0,656,215,7.0,120,43571.0,37182.0,40025.0,29534.0,257.9,4,PEuk1
52307.0,77688.0,8517.0,11698.0,414,246,141.0,51,57035.0,51189.0,37638.0,31080.0,257.9,4,PEuk1
159551.0,230225.0,55581.0,87026.0,523,368,371.0,163,114270.0,103472.0,98692.0,89838.0,258.1,4,PEuk1
28543.0,35707.0,3424.0,4349.0,0,15,0.0,51,34168.0,31032.0,25400.0,22336.0,258.1,4,PEuk1
38861.0,56754.0,4334.0,5907.0,378,179,462.0,188,40910.0,40325.0,18591.0,28907.0,258.4,4,PEuk1
37891.0,64115.0,16212.0,28118.0,299,330,297.0,118,27596.0,25287.0,23050.0,25028.0,258.6,4,PEuk1
30705.0,57307.0,5196.0,6747.0,794,595,338.0,201,30976.0,29184.0,28140.0,21526.0,258.6,4,PEuk1
13896.0,34234.0,2351.0,4767.0,318,364,181.0,72,23723.0,24652.0,9901.0,18312.0,258.9,4,PEuk1
23658.0,38211.0,2950.0,4297.0,242,171,286.0,146,31449.0,29811.0,14478.0,24367.0,258.9,4,PEuk1
52327.0,79670.0,19726.0,28561.0,110,157,601.0,232,59246.0,53992.0,69488.0,52551.0,259.1,4,PEuk1
18110.0,28815.0,2918.0,4890.0,0,27,0.0,84,27286.0,26207.0,15575.0,19302.0,259.5,4,PEuk1
33945.0,62751.0,10311.0,17166.0,91,49,86.0,53,33909.0,32932.0,15266.0,27107.0,259.6,4,PEuk1
41478.0,66894.0,5065.0,7832.0,296,200,223.0,111,48340.0,47162.0,24090.0,35312.0,259.7,4,PEuk1
15532.0,31703.0,7442.0,11709.0,95,56,251.0,185,23088.0,24144.0,15813.0,20035.0,259.7,4,PEuk1
49425.0,82431.0,25410.0,41210.0,210,119,355.0,180,51205.0,43721.0,43519.0,37894.0,259.8,4,PEuk1
35840.0,54625.0,2236.0,5537.0,170,119,134.0,89,50866.0,46833.0,31493.0,35314.0,259.9,4,PEuk1
28802.0,46040.0,3419.0,5936.0,227,206,349.0,236,32402.0,29332.0,26096.0,23720.0,260.0,4,PEuk1
59775.0,57593.0,16537.0,25035.0,0,84,0.0,97,54460.0,51492.0,39067.0,45194.0,260.0,4,PEuk1
25792.0,37819.0,3826.0,8016.0,707,472,216.0,122,29752.0,28539.0,19375.0,19399.0,260.2,4,PEuk1
61094.0,91144.0,8028.0,13393.0,257,128,98.0,119,57139.0,50784.0,51191.0,44869.0,260.3,4,PEuk1
54505.0,88979.0,12750.0,23253.0,343,201,0.0,40,49389.0,45265.0,28374.0,30520.0,260.4,4,PEuk1
44920.0,63241.0,3518.0,3734.0,22,79,254.0,250,41746.0,37325.0,40790.0,36589.0,260.4,4,PEuk1
48336.0,62092.0,5117.0,9156.0,8,150,128.0,140,41663.0,35630.0,25084.0,26835.0,260.6,4,PEuk1
42522.0,63868.0,6016.0,9591.0,505,174,14.0,45,25910.0,25306.0,12858.0,19885.0,260.7,4,PEuk1
31337.0,47263.0,6097.0,8083.0,10,132,14.0,24,33483.0,29323.0,18194.0,19256.0,260.7,4,PEuk1
51217.0,83915.0,6045.0,8530.0,364,327,108.0,90,36818.0,33112.0,17774.0,26509.0,261.0,4,PEuk1
58817.0,91913.0,9161.0,13646.0,257,136,0.0,136,28895.0,27017.0,20225.0,26657.0,261.0,4,PEuk1
20416.0,28526.0,4025.0,7220.0,109,126,100.0,114,31496.0,31315.0,12270.0,23491.0,261.1,4,PEuk1
34176.0,51985.0,20421.0,31973.0,185,151,165.0,106,37052.0,35112.0,23969.0,24136.0,261.3,4,PEuk1
65156.0,97653.0,20499.0,32069.0,0,181,402.0,159,76485.0,69908.0,65286.0,53300.0,261.3,4,PEuk1
22489.0,35341.0,9284.0,16744.0,231,192,153.0,75,25521.0,24354.0,28424.0,24333.0,261.5,4,PEuk1
66415.0,102050.0,5704.0,12040.0,290,301,374.0,159,76821.0,68881.0,60521.0,54384.0,261.6,4,PEuk1
42323.0,61875.0,1000.0,3416.0,409,158,276.0,117,35129.0,33317.0,29604.0,24515.0,261.9,4,PEuk1
45771.0,77318.0,29469.0,44390.0,1106,660,547.0,288,23312.0,20127.0,8910.0,7467.0,262.5,4,PEuk1
33212.0,47011.0,5740.0,9939.0,305,164,396.0,222,35976.0,34128.0,24258.0,28502.0,262.5,4,PEuk1
48067.0,56026.0,21292.0,30848.0,590,282,0.0,178,56509.0,51239.0,32486.0,32016.0,262.6,4,PEuk1
20809.0,30599.0,3809.0,5385.0,2,92,118.0,79,19805.0,17313.0,18451.0,18336.0,262.9,4,PEuk1
31119.0,50937.0,7947.0,11120.0,462,235,80.0,91,38524.0,34959.0,19232.0,29749.0,263.0,4,PEuk1
21969.0,36016.0,5472.0,9085.0,252,224,150.0,103,34127.0,33494.0,15731.0,25501.0,263.4,4,PEuk1
36278.0,50677.0,3982.0,5303.0,592,304,223.0,138,39872.0,36309.0,38385.0,29544.0,263.5,4,PEuk1
40083.0,62655.0,10500.0,15150.0,475,337,8.0,53,26286.0,24168.0,15401.0,23725.0,263.5,4,PEuk1
31678.0,45757.0,8884.0,12833.0,689,362,0.0,22,46478.0,43808.0,31192.0,35127.0,263.8,4,PEuk1
8243.0,7737.0,4155.0,3931.0,52,147,380.0,214,53988.0,24868.0,27200.0,9266.0,263.9,4,PEuk1
20637.0,38543.0,2926.0,4857.0,0,19,177.0,98,32221.0,31701.0,12346.0,20737.0,263.9,4,PEuk1
46287.0,70005.0,5710.0,9507.0,0,15,77.0,128,48016.0,45411.0,42474.0,40914.0,264.0,4,PEuk1
61881.0,94389.0,19161.0,32038.0,168,201,98.0,62,74888.0,73781.0,33980.0,51654.0,264.1,4,PEuk1
78740.0,119619.0,20178.0,32418.0,0,48,459.0,232,73865.0,65823.0,70623.0,58517.0,264.2,4,PEuk1
52762.0,81889.0,13126.0,19878.0,258,210,71.0,85,47990.0,45572.0,22201.0,31558.0,264.2,4,PEuk1
1739.0,6622.0,257.0,1512.0,225,123,302.0,226,12713.0,12839.0,1459.0,1973.0,264.2,4,PEuk1
174671.0,250267.0,15452.0,24205.0,698,451,147.0,82,85286.0,76989.0,58320.0,52982.0,264.6,4,PEuk1
51054.0,70330.0,16386.0,27228.0,261,127,181.0,88,45324.0,42828.0,42488.0,33923.0,264.7,4,PEuk1
48888.0,73734.0,4923.0,8650.0,203,173,238.0,114,44019.0,42226.0,26738.0,36119.0,264.8,4,PEuk1
100499.0,149404.0,17630.0,28163.0,520,346,398.0,149,65060.0,55976.0,45610.0,42819.0,264.8,4,PEuk1
46779.0,58255.0,15462.0,24200.0,50,188,122.0,124,50360.0,46070.0,54498.0,39717.0,264.8,4,PEuk1
67715.0,105510.0,8459.0,11797.0,137,234,48.0,120,46864.0,41616.0,37517.0,35059.0,265.0,4,PEuk1
27081.0,49150.0,10041.0,17223.0,511,269,0.0,57,33294.0,30819.0,29055.0,24681.0,265.2,4,PEuk1
56868.0,72519.0,13203.0,20653.0,782,686,345.0,201,54368.0,49919.0,51675.0,41859.0,265.5,4,PEuk1
35280.0,49943.0,11507.0,17855.0,113,75,234.0,106,36749.0,32402.0,27919.0,25086.0,265.6,4,PEuk1
36991.0,71070.0,2868.0,5799.0,468,180,131.0,159,33514.0,31426.0,21125.0,25834.0,265.9,4,PEuk1
43201.0,59105.0,5494.0,8587.0,0,89,289.0,140,40573.0,39662.0,21443.0,33037.0,266.0,4,PEuk1
35287.0,56031.0,15119.0,21688.0,260,305,242.0,192,37114.0,35190.0,23180.0,25389.0,266.1,4,PEuk1
30022.0,45323.0,829.0,2281.0,352,236,269.0,192,27552.0,25907.0,31708.0,27637.0,266.1,4,PEuk1
56797.0,81670.0,9526.0,15586.0,445,393,320.0,128,76483.0,72770.0,53022.0,57005.0,266.1,4,PEuk1
82900.0,124943.0,22510.0,34194.0,192,346,570.0,201,81320.0,71977.0,46935.0,50829.0,266.1,4,PEuk1
36130.0,42017.0,3915.0,5554.0,774,362,0.0,118,28931.0,27139.0,25008.0,18301.0,266.5,4,PEuk1
41627.0,67107.0,9044.0,14122.0,303,250,58.0,85,35374.0,31765.0,25210.0,28225.0,266.8,4,PEuk1
28977.0,47670.0,4627.0,6715.0,56,64,241.0,145,36966.0,34861.0,20333.0,21272.0,267.2,4,PEuk1
46843.0,61868.0,39278.0,58249.0,370,254,583.0,237,58834.0,52759.0,62633.0,51377.0,267.2,4,PEuk1
66410.0,81404.0,4638.0,5846.0,343,193,226.0,78,59184.0,59216.0,31349.0,49345.0,267.6,4,PEuk1
40514.0,67919.0,2832.0,3826.0,0,29,13.0,14,22236.0,20670.0,9635.0,18607.0,267.7,4,PEuk1
9510.0,21408.0,3460.0,5371.0,116,119,171.0,93,18128.0,17826.0,9545.0,12246.0,268.0,4,PEuk1
30006.0,41958.0,12728.0,18706.0,983,603,177.0,72,45433.0,41827.0,40828.0,36375.0,268.1,4,PEuk1
19888.0,41944.0,609.0,3016.0,38,74,65.0,45,33170.0,34275.0,14824.0,27432.0,268.5,4,PEuk1
54434.0,89954.0,2123.0,5587.0,228,265,285.0,171,54986.0,54551.0,24746.0,39327.0,268.5,4,PEuk1
91876.0,123460.0,23297.0,35248.0,741,380,150.0,114,96322.0,81736.0,41460.0,40193.0,268.9,4,PEuk1
204750.0,309058.0,9641.0,14221.0,696,653,73.0,131,126224.0,107223.0,74368.0,65871.0,269.0,4,PEuk1
26664.0,42540.0,10055.0,16452.0,423,185,184.0,57,42048.0,39342.0,23930.0,33576.0,269.3,4,PEuk1
53845.0,80381.0,33052.0,50176.0,0,58,197.0,95,56848.0,52323.0,44603.0,35070.0,269.4,4,PEuk1
29596.0,57730.0,7624.0,10540.0,465,233,259.0,182,48400.0,45994.0,33625.0,29147.0,270.0,4,PEuk1
74688.0,98142.0,20782.0,31768.0,112,308,109.0,82,91395.0,85691.0,63899.0,64683.0,270.1,4,PEuk1
90473.0,134193.0,9288.0,16082.0,385,199,0.0,73,128678.0,111795.0,44077.0,45090.0,270.3,4,PEuk1
29659.0,43454.0,10525.0,15930.0,0,89,155.0,155,28460.0,25989.0,18547.0,18861.0,270.4,4,PEuk1
76670.0,117723.0,9075.0,14583.0,224,124,0.0,52,55056.0,49865.0,37685.0,38849.0,270.7,4,PEuk1
43438.0,72369.0,6007.0,9337.0,284,180,21.0,28,43110.0,41380.0,26311.0,39188.0,270.7,4,PEuk1
50083.0,84174.0,5710.0,9140.0,351,169,155.0,79,50626.0,49630.0,25408.0,40150.0,270.8,4,PEuk1
30611.0,49504.0,17249.0,28540.0,831,378,289.0,170,35601.0,33712.0,20923.0,26967.0,270.8,4,PEuk1
25572.0,40787.0,4818.0,8360.0,210,128,109.0,136,24670.0,23201.0,20938.0,20615.0,271.0,4,PEuk1
63963.0,88456.0,18042.0,28046.0,291,229,64.0,104,65488.0,60157.0,63422.0,48608.0,271.2,4,PEuk1
33116.0,60137.0,3640.0,6362.0,26,277,42.0,31,40665.0,39109.0,20395.0,32484.0,271.4,4,PEuk1
86862.0,137218.0,21098.0,34724.0,475,271,531.0,271,59064.0,49874.0,47825.0,40704.0,271.4,4,PEuk1
32089.0,46913.0,17247.0,30181.0,372,172,0.0,76,36781.0,34940.0,30663.0,28659.0,271.4,4,PEuk1
64231.0,90612.0,4402.0,5271.0,355,138,1.0,86,60761.0,55947.0,51663.0,45185.0,271.5,4,PEuk1
26381.0,47303.0,2985.0,4065.0,752,448,133.0,139,32301.0,30242.0,15809.0,24038.0,271.6,4,PEuk1
84842.0,139694.0,5784.0,9898.0,154,85,43.0,85,100515.0,83293.0,37057.0,37527.0,272.2,4,PEuk1
29074.0,46913.0,13682.0,22513.0,382,244,39.0,63,36502.0,34073.0,12961.0,18911.0,272.2,4,PEuk1
36648.0,64517.0,14199.0,21350.0,131,132,368.0,153,48175.0,44734.0,33848.0,37379.0,272.3,4,PEuk1
31263.0,69171.0,4459.0,9607.0,337,201,216.0,138,40308.0,38256.0,22387.0,30387.0,272.3,4,PEuk1
50704.0,77498.0,18046.0,25940.0,547,326,342.0,125,53337.0,52107.0,41185.0,41364.0,272.4,4,PEuk1
23701.0,37122.0,817.0,1492.0,28,87,542.0,262,31030.0,31209.0,16541.0,23981.0,272.5,4,PEuk1
31976.0,41750.0,13809.0,22948.0,62,157,430.0,255,42937.0,38116.0,27351.0,25840.0,272.5,4,PEuk1
54692.0,67997.0,10635.0,13281.0,933,257,0.0,125,56547.0,51653.0,56043.0,47158.0,272.6,4,PEuk1
29215.0,41173.0,14324.0,22790.0,0,87,19.0,143,31988.0,29018.0,25108.0,24138.0,272.6,4,PEuk1
46202.0,61320.0,3457.0,6059.0,508,286,0.0,78,60373.0,56486.0,45021.0,49505.0,273.0,4,PEuk1
42668.0,78075.0,8169.0,14450.0,0,19,294.0,141,46740.0,44683.0,27278.0,31986.0,273.2,4,PEuk1
62548.0,93236.0,12719.0,23143.0,276,302,242.0,143,71486.0,65381.0,49022.0,60306.0,273.3,4,PEuk1
24317.0,45554.0,3177.0,5207.0,73,112,149.0,86,36222.0,35675.0,13294.0,23418.0,273.4,4,PEuk1
29146.0,47627.0,5252.0,9264.0,157,124,146.0,69,33827.0,32701.0,18452.0,24213.0,273.6,4,PEuk1
191498.0,259527.0,21161.0,29358.0,810,530,0.0,71,120553.0,108376.0,136042.0,96142.0,273.6,4,PEuk1
40774.0,67907.0,14298.0,23121.0,186,148,77.0,49,45754.0,42507.0,33774.0,31075.0,273.7,4,PEuk1
34237.0,45412.0,14721.0,19752.0,4167,3855,319.0,353,46484.0,41681.0,32747.0,28721.0,273.7,4,PEuk1
88481.0,144665.0,13471.0,23176.0,381,233,119.0,62,123494.0,110685.0,43134.0,68580.0,273.9,4,PEuk1
32517.0,54059.0,4670.0,7307.0,352,162,421.0,208,38786.0,37896.0,21987.0,27034.0,274.0,4,PEuk1
778.0,3240.0,0.0,65.0,128,60,238.0,143,8190.0,12106.0,1600.0,2848.0,274.1,4,PEuk1
38856.0,76164.0,16113.0,29324.0,327,121,203.0,156,47308.0,46739.0,19961.0,33981.0,274.1,4,PEuk1
51929.0,84991.0,2370.0,4156.0,303,279,288.0,137,54859.0,50104.0,40983.0,37287.0,274.4,4,PEuk1
76933.0,114684.0,18118.0,26039.0,536,378,0.0,111,74971.0,69214.0,71961.0,54191.0,274.5,4,PEuk1
28693.0,44056.0,13416.0,20407.0,74,55,23.0,55,38869.0,37982.0,25903.0,34965.0,274.5,4,PEuk1
20880.0,28888.0,5547.0,10185.0,777,754,140.0,108,21902.0,21320.0,6111.0,12751.0,274.6,4,PEuk1
78566.0,115593.0,7235.0,11862.0,340,229,103.0,111,73262.0,68137.0,60812.0,52028.0,274.6,4,PEuk1
42845.0,68575.0,10642.0,16291.0,505,525,121.0,57,54127.0,50855.0,25947.0,43077.0,274.7,4,PEuk1
51125.0,85625.0,7827.0,13105.0,487,243,201.0,56,60082.0,58251.0,59851.0,48121.0,274.8,4,PEuk1
74893.0,115131.0,10620.0,16920.0,258,154,0.0,93,83356.0,72129.0,43906.0,38197.0,274.9,4,PEuk1
29183.0,45048.0,8006.0,12505.0,43,143,62.0,94,33784.0,31074.0,32361.0,28263.0,275.1,4,PEuk1
27853.0,44403.0,8661.0,12326.0,454,214,119.0,189,27913.0,24803.0,23869.0,22971.0,275.1,4,PEuk1
36925.0,57331.0,4016.0,6370.0,269,254,64.0,58,46535.0,46698.0,16154.0,34099.0,275.2,4,PEuk1
29751.0,49675.0,27260.0,46883.0,237,168,121.0,127,34205.0,32048.0,18807.0,24270.0,276.4,4,PEuk1
65106.0,89664.0,19778.0,28421.0,728,384,74.0,78,65943.0,60130.0,64260.0,51222.0,276.4,4,PEuk1
32962.0,45261.0,2598.0,4269.0,346,186,458.0,228,40998.0,39088.0,32591.0,26905.0,276.4,4,PEuk1
64601.0,89979.0,15462.0,24685.0,171,183,58.0,93,64236.0,58568.0,50819.0,45744.0,276.6,4,PEuk1
65994.0,97555.0,21628.0,32085.0,971,1192,203.0,179,80275.0,72628.0,63861.0,57435.0,276.7,4,PEuk1
27019.0,42169.0,16954.0,29559.0,173,89,253.0,120,40169.0,36915.0,28400.0,30180.0,276.8,4,PEuk1
49080.0,78264.0,2820.0,6825.0,0,79,29.0,79,36666.0,34242.0,19514.0,28465.0,277.0,4,PEuk1
45266.0,70733.0,26644.0,44735.0,512,588,282.0,261,60889.0,56323.0,35948.0,44147.0,277.1,4,PEuk1
38218.0,57840.0,3345.0,4863.0,668,445,73.0,57,39807.0,35123.0,23883.0,24519.0,277.1,4,PEuk1
52820.0,79690.0,6013.0,8631.0,1078,894,253.0,154,41243.0,36757.0,31399.0,29122.0,277.2,4,PEuk1
29420.0,50088.0,2322.0,4000.0,74,181,317.0,212,37468.0,35599.0,23372.0,29905.0,277.2,4,PEuk1
49762.0,90781.0,6145.0,10890.0,221,270,0.0,58,46902.0,43096.0,25307.0,30129.0,277.3,4,PEuk1
85764.0,146111.0,5244.0,7977.0,119,114,272.0,87,82813.0,72540.0,50044.0,58574.0,277.3,4,PEuk1
87161.0,128846.0,15981.0,24986.0,384,185,299.0,112,104722.0,97162.0,85598.0,86545.0,277.5,4,PEuk1
64574.0,98029.0,4330.0,7189.0,285,330,23.0,92,38025.0,34636.0,25516.0,22695.0,277.7,4,PEuk1
32455.0,55535.0,8419.0,12685.0,512,369,250.0,165,44278.0,40096.0,35115.0,32626.0,277.7,4,PEuk1
30400.0,40204.0,2746.0,3466.0,0,79,425.0,294,29475.0,27892.0,22843.0,27733.0,278.5,4,PEuk1
62630.0,81307.0,48854.0,75454.0,278,235,436.0,159,64859.0,56788.0,58355.0,40085.0,278.5,4,PEuk1
20362.0,35108.0,7554.0,12970.0,255,131,244.0,153,27780.0,28406.0,10289.0,22541.0,278.7,4,PEuk1
24063.0,45940.0,17052.0,25737.0,218,246,283.0,152,35401.0,33555.0,27612.0,25303.0,278.7,4,PEuk1
49678.0,73141.0,28652.0,46399.0,411,310,181.0,76,65542.0,59682.0,33277.0,51244.0,278.9,4,PEuk1
33591.0,51533.0,4797.0,6369.0,312,278,297.0,109,38030.0,34812.0,15783.0,26441.0,279.0,4,PEuk1
31176.0,56610.0,8696.0,14400.0,468,404,158.0,101,49415.0,45473.0,33505.0,36506.0,280.0,4,PEuk1
37739.0,47312.0,11490.0,18624.0,243,125,165.0,45,38437.0,36643.0,18106.0,26406.0,280.2,4,PEuk1
24752.0,32659.0,4169.0,6213.0,70,161,139.0,123,20630.0,19739.0,10178.0,15091.0,280.2,4,PEuk1
90748.0,141659.0,3453.0,5310.0,272,261,130.0,119,84007.0,75582.0,73884.0,67151.0,280.4,4,PEuk1
89724.0,133188.0,7712.0,9800.0,355,188,0.0,52,113172.0,101853.0,71426.0,79942.0,280.5,4,PEuk1
64574.0,93690.0,6109.0,8434.0,632,337,213.0,119,35089.0,33303.0,24594.0,26011.0,280.5,4,PEuk1
22471.0,35049.0,9073.0,16700.0,294,194,206.0,112,29970.0,29647.0,16440.0,21305.0,280.7,4,PEuk1
52306.0,76025.0,21884.0,36387.0,224,174,0.0,77,62268.0,56409.0,47950.0,50003.0,280.8,4,PEuk1
119625.0,181172.0,38193.0,61421.0,246,272,412.0,167,109991.0,97741.0,46264.0,50773.0,281.0,4,PEuk1
36077.0,55786.0,4681.0,6766.0,352,263,357.0,198,45216.0,43560.0,31873.0,35842.0,281.0,4,PEuk1
60070.0,92434.0,41540.0,63376.0,376,260,655.0,199,70099.0,62723.0,48269.0,45445.0,281.0,4,PEuk1
14406.0,33692.0,3323.0,6020.0,231,89,181.0,91,20801.0,19283.0,11669.0,15131.0,281.1,4,PEuk1
44927.0,69495.0,7623.0,11802.0,502,328,150.0,107,40848.0,38385.0,19977.0,33327.0,281.2,4,PEuk1
91585.0,108562.0,7616.0,10166.0,653,313,323.0,189,84162.0,73461.0,86255.0,67094.0,281.7,4,PEuk1
34838.0,52520.0,3690.0,4822.0,228,206,446.0,233,37545.0,34700.0,33851.0,27705.0,281.8,4,PEuk1
23619.0,30114.0,21238.0,34835.0,71,79,436.0,248,21362.0,19473.0,17505.0,16863.0,282.0,4,PEuk1
17514.0,43952.0,7046.0,15039.0,237,102,99.0,102,24729.0,26833.0,13928.0,21912.0,282.2,4,PEuk1
18911.0,35340.0,1057.0,2986.0,243,233,84.0,50,17240.0,18376.0,15514.0,16561.0,282.2,4,PEuk1
47977.0,87354.0,7127.0,11764.0,124,152,310.0,225,50205.0,49917.0,24277.0,46992.0,282.3,4,PEuk1
31479.0,51144.0,6734.0,10861.0,1082,482,127.0,112,36929.0,34209.0,19506.0,24157.0,282.4,4,PEuk1
36331.0,57423.0,2406.0,4366.0,198,464,256.0,196,32344.0,28463.0,21735.0,20303.0,282.5,4,PEuk1
45322.0,62519.0,5925.0,10060.0,619,496,215.0,215,51828.0,47033.0,36883.0,33835.0,282.7,4,PEuk1
60080.0,83878.0,16549.0,23203.0,598,277,370.0,182,76588.0,66227.0,61313.0,51372.0,282.7,4,PEuk1
31208.0,51794.0,4744.0,6671.0,0,128,446.0,250,41437.0,38493.0,30589.0,32623.0,282.8,4,PEuk1
32706.0,61889.0,4663.0,6835.0,320,236,260.0,72,53683.0,50920.0,30519.0,37267.0,283.0,4,PEuk1
18557.0,30831.0,2427.0,4034.0,252,142,38.0,73,17927.0,16080.0,11325.0,15511.0,283.0,4,PEuk1
47828.0,58983.0,9451.0,14764.0,160,176,684.0,211,42084.0,40027.0,41264.0,30985.0,283.1,4,PEuk1
40006.0,66401.0,6807.0,12732.0,527,373,333.0,182,49713.0,47871.0,18690.0,37239.0,283.1,4,PEuk1
34534.0,50272.0,7666.0,12163.0,614,265,136.0,184,41922.0,38784.0,24120.0,32745.0,283.2,4,PEuk1
44238.0,66577.0,9339.0,11181.0,497,346,0.0,36,45648.0,43736.0,35429.0,36979.0,283.3,4,PEuk1
87878.0,130124.0,30407.0,52168.0,457,249,45.0,79,78130.0,73457.0,61356.0,67208.0,283.4,4,PEuk1
91549.0,152604.0,6162.0,8048.0,669,459,108.0,148,108501.0,88628.0,30689.0,36193.0,283.4,4,PEuk1
43878.0,63033.0,17701.0,28767.0,80,108,238.0,111,28350.0,26482.0,11061.0,19276.0,283.5,4,PEuk1
68263.0,100162.0,4337.0,6807.0,272,206,199.0,120,74874.0,67527.0,51354.0,58865.0,283.7,4,PEuk1
45978.0,69628.0,3812.0,6331.0,912,694,228.0,118,58160.0,52082.0,29290.0,28774.0,283.8,4,PEuk1
22576.0,24970.0,4929.0,8055.0,468,194,95.0,81,32159.0,31124.0,11484.0,23503.0,284.2,4,PEuk1
64740.0,105757.0,10211.0,16557.0,535,278,0.0,77,82878.0,79480.0,42313.0,68387.0,284.3,4,PEuk1
47456.0,72481.0,8084.0,13119.0,417,289,272.0,126,47809.0,44378.0,41193.0,36112.0,284.6,4,PEuk1
94055.0,140927.0,11531.0,13734.0,270,300,174.0,108,33177.0,28882.0,23358.0,18253.0,284.7,4,PEuk1
26559.0,32455.0,5590.0,9672.0,136,125,374.0,159,35578.0,34484.0,13031.0,26698.0,284.8,4,PEuk1
69366.0,93050.0,31332.0,48754.0,506,222,392.0,174,62123.0,56194.0,42768.0,50587.0,284.9,4,PEuk1
32872.0,48454.0,6351.0,8410.0,10,81,105.0,78,25595.0,21031.0,14015.0,16103.0,284.9,4,PEuk1
35081.0,47022.0,6517.0,10328.0,337,230,67.0,128,43414.0,38781.0,22981.0,28699.0,285.1,4,PEuk1
1531.0,9846.0,667.0,3369.0,104,0,191.0,118,6126.0,13192.0,33246.0,79657.0,285.2,4,PEuk1
56887.0,83293.0,6026.0,7143.0,145,234,184.0,87,35599.0,33052.0,32045.0,31020.0,285.3,4,PEuk1
38461.0,70561.0,8567.0,14483.0,164,268,139.0,53,39548.0,35860.0,22501.0,26823.0,285.4,4,PEuk1
24650.0,47154.0,3536.0,5173.0,390,245,92.0,66,28009.0,28279.0,5147.0,12957.0,286.0,4,PEuk1
35396.0,37798.0,5839.0,7999.0,160,197,95.0,56,20354.0,19400.0,22290.0,16338.0,286.1,4,PEuk1
39298.0,55983.0,13342.0,19732.0,628,200,32.0,107,35251.0,34425.0,33044.0,24935.0,286.2,4,PEuk1
17177.0,29459.0,3718.0,6521.0,109,90,128.0,72,22233.0,20740.0,7420.0,15562.0,286.2,4,PEuk1
47424.0,77193.0,15596.0,26030.0,616,253,364.0,124,63921.0,60189.0,43003.0,40827.0,286.3,4,PEuk1
95539.0,145368.0,8646.0,13215.0,73,268,0.0,59,91999.0,83128.0,75931.0,66225.0,286.4,4,PEuk1
48782.0,71921.0,13306.0,20535.0,348,173,112.0,109,46568.0,41870.0,37956.0,35867.0,286.7,4,PEuk1
37746.0,67952.0,3675.0,7766.0,481,248,38.0,79,42745.0,40819.0,29046.0,28769.0,286.8,4,PEuk1
71907.0,102427.0,11766.0,20314.0,480,286,136.0,111,45831.0,42923.0,33676.0,30844.0,286.8,4,PEuk1
29990.0,58129.0,3575.0,5643.0,0,36,398.0,237,33310.0,31741.0,20976.0,26950.0,287.4,4,PEuk1
25188.0,40762.0,5439.0,8265.0,161,200,84.0,106,32426.0,31511.0,12975.0,28154.0,287.4,4,PEuk1
44061.0,72967.0,9897.0,16832.0,287,196,149.0,164,53263.0,45898.0,28992.0,30357.0,287.5,4,PEuk1
29912.0,46244.0,6977.0,10353.0,454,238,139.0,116,38213.0,35187.0,21241.0,24391.0,287.5,4,PEuk1
30687.0,54043.0,4155.0,5655.0,137,162,239.0,128,41095.0,38077.0,21864.0,24106.0,287.6,4,PEuk1
38840.0,69958.0,4996.0,7925.0,104,88,299.0,156,39040.0,38270.0,22192.0,30759.0,287.8,4,PEuk1
21034.0,26703.0,7763.0,14082.0,393,237,0.0,130,27197.0,26086.0,11023.0,20777.0,287.8,4,PEuk1
50217.0,88553.0,5541.0,7770.0,296,375,239.0,137,32047.0,28308.0,24164.0,25535.0,288.1,4,PEuk1
35102.0,58145.0,6962.0,11407.0,0,5,414.0,234,44146.0,40562.0,30203.0,29016.0,288.2,4,PEuk1
49240.0,73436.0,4859.0,6624.0,230,268,0.0,63,62180.0,58379.0,53642.0,41390.0,288.7,4,PEuk1
115702.0,173640.0,39787.0,64113.0,168,168,286.0,115,102663.0,94648.0,67878.0,70835.0,288.7,4,PEuk1
28436.0,41166.0,2509.0,3385.0,162,100,115.0,107,37385.0,33740.0,29534.0,26581.0,288.7,4,PEuk1
32201.0,55322.0,4632.0,9355.0,417,253,169.0,149,39141.0,34676.0,32527.0,30615.0,288.8,4,PEuk1
31608.0,44584.0,15031.0,24075.0,287,223,0.0,57,32073.0,30751.0,28994.0,25701.0,289.1,4,PEuk1
33557.0,55873.0,1134.0,2539.0,300,181,0.0,53,33276.0,31545.0,26438.0,22933.0,289.2,4,PEuk1
33629.0,50841.0,10065.0,16325.0,671,505,188.0,135,43284.0,42290.0,20268.0,32366.0,289.5,4,PEuk1
71286.0,108299.0,13387.0,21147.0,73,83,74.0,85,75196.0,67720.0,53543.0,50859.0,289.5,4,PEuk1
26525.0,34346.0,6926.0,9422.0,538,250,409.0,240,42755.0,38807.0,32477.0,29272.0,290.1,4,PEuk1
58018.0,86607.0,5480.0,7657.0,402,253,398.0,226,56069.0,53762.0,26384.0,43742.0,290.4,4,PEuk1
41778.0,57189.0,14393.0,20430.0,441,243,55.0,83,42084.0,41146.0,26315.0,30668.0,290.8,4,PEuk1
47364.0,66023.0,18001.0,28539.0,506,288,143.0,79,61711.0,58553.0,25611.0,41176.0,291.3,4,PEuk1
101319.0,159271.0,4564.0,8765.0,242,266,387.0,157,63162.0,56496.0,37337.0,42381.0,291.5,4,PEuk1
54825.0,88601.0,7801.0,11695.0,254,147,294.0,221,62428.0,57750.0,36309.0,42393.0,291.6,4,PEuk1
14794.0,24754.0,1759.0,2668.0,511,564,210.0,155,16607.0,17038.0,12771.0,13210.0,291.6,4,PEuk1
26318.0,45758.0,8074.0,15356.0,3093,2790,283.0,197,35803.0,36006.0,8521.0,20877.0,291.7,4,PEuk1
57085.0,83383.0,16489.0,26665.0,266,145,188.0,111,62285.0,58052.0,60267.0,49049.0,291.9,4,PEuk1
41142.0,56460.0,5899.0,7808.0,110,75,0.0,41,38857.0,35319.0,32025.0,26350.0,291.9,4,PEuk1
39299.0,41360.0,4301.0,7917.0,503,172,103.0,132,40205.0,36143.0,33374.0,27574.0,292.1,4,PEuk1
49193.0,61718.0,3179.0,5755.0,439,257,398.0,157,63369.0,61492.0,28754.0,46754.0,292.2,4,PEuk1
38227.0,57182.0,11878.0,18350.0,521,319,42.0,105,48648.0,44957.0,38807.0,35596.0,292.3,4,PEuk1
39567.0,65789.0,7903.0,12155.0,400,376,276.0,116,22908.0,21300.0,22518.0,19673.0,292.3,4,PEuk1
18018.0,28727.0,6737.0,12698.0,680,569,248.0,104,33918.0,34593.0,12940.0,24942.0,292.4,4,PEuk1
52080.0,76566.0,32114.0,49063.0,113,72,42.0,61,53007.0,48475.0,40729.0,39151.0,292.5,4,PEuk1
22568.0,36743.0,7557.0,11128.0,0,34,182.0,109,27027.0,24449.0,17939.0,24645.0,292.6,4,PEuk1
47217.0,67975.0,3613.0,5968.0,349,232,295.0,107,44723.0,42860.0,41313.0,32925.0,292.7,4,PEuk1
48731.0,78491.0,6737.0,10361.0,432,288,0.0,31,61529.0,55095.0,42518.0,37650.0,292.8,4,PEuk1
65455.0,96695.0,3906.0,6481.0,194,239,364.0,175,66395.0,63702.0,38309.0,45924.0,292.9,4,PEuk1
45762.0,64983.0,10469.0,16605.0,281,229,234.0,131,44235.0,40902.0,24102.0,31179.0,293.3,4,PEuk1
51309.0,83895.0,14242.0,23374.0,306,347,79.0,47,46093.0,43646.0,20353.0,35256.0,293.6,4,PEuk1
47093.0,43926.0,3496.0,5268.0,195,200,0.0,54,37153.0,33032.0,33613.0,24752.0,293.8,4,PEuk1
36435.0,46700.0,1953.0,3750.0,360,243,171.0,194,49450.0,44936.0,36807.0,32783.0,293.9,4,PEuk1
63101.0,94684.0,22782.0,36809.0,321,263,184.0,137,60021.0,53899.0,42848.0,44976.0,294.0,4,PEuk1
20770.0,35337.0,3247.0,3517.0,61,67,103.0,62,31357.0,28140.0,25628.0,21146.0,294.0,4,PEuk1
113689.0,171685.0,63002.0,98572.0,160,143,263.0,199,100768.0,84695.0,100197.0,72973.0,294.0,4,PEuk1
24756.0,50453.0,6898.0,13266.0,3357,2964,466.0,294,30660.0,28001.0,22326.0,21781.0,294.1,4,PEuk1
34951.0,62520.0,14546.0,26125.0,569,398,545.0,273,46198.0,44267.0,17990.0,33089.0,294.2,4,PEuk1
36493.0,55595.0,4377.0,5037.0,361,195,220.0,181,34981.0,32567.0,21371.0,23762.0,294.3,4,PEuk1
28019.0,34012.0,4732.0,6398.0,140,205,393.0,133,30405.0,28792.0,16113.0,21673.0,294.4,4,PEuk1
41651.0,61490.0,31763.0,52079.0,222,186,482.0,206,55369.0,50716.0,47137.0,39548.0,294.4,4,PEuk1
62463.0,95930.0,9274.0,13269.0,532,282,237.0,107,81204.0,75549.0,54928.0,51548.0,294.8,4,PEuk1
22195.0,47710.0,12625.0,22282.0,320,243,247.0,96,38116.0,34674.0,19681.0,24908.0,294.8,4,PEuk1
68523.0,99654.0,7949.0,9821.0,64,170,441.0,172,73581.0,66519.0,68493.0,50894.0,294.8,4,PEuk1
45056.0,78942.0,7092.0,12711.0,580,364,92.0,44,52135.0,47576.0,50515.0,40948.0,295.0,4,PEuk1
37311.0,57087.0,6030.0,8115.0,285,163,453.0,169,39458.0,36163.0,23743.0,24489.0,295.2,4,PEuk1
23739.0,45933.0,7254.0,11258.0,333,242,0.0,36,33066.0,30638.0,15660.0,26861.0,295.4,4,PEuk1
51135.0,82289.0,30166.0,46959.0,424,255,147.0,96,54402.0,50850.0,38710.0,41591.0,295.5,4,PEuk1
32912.0,46940.0,6570.0,10726.0,1734,1440,447.0,235,43210.0,38232.0,36819.0,28037.0,295.5,4,PEuk1
71944.0,89030.0,29052.0,42418.0,212,175,147.0,119,48839.0,44462.0,61210.0,48028.0,295.6,4,PEuk1
20795.0,42481.0,954.0,2554.0,477,260,450.0,221,34346.0,34072.0,9244.0,22194.0,295.7,4,PEuk1
27662.0,38334.0,8071.0,14212.0,608,262,238.0,154,29033.0,28132.0,19685.0,18287.0,295.8,4,PEuk1
66365.0,113499.0,18662.0,32001.0,324,223,299.0,171,66390.0,63513.0,49145.0,50166.0,295.8,4,PEuk1
14442.0,32560.0,8014.0,15064.0,291,210,100.0,75,24874.0,26843.0,8443.0,16806.0,295.8,4,PEuk1
26269.0,54788.0,1283.0,3690.0,146,82,0.0,48,39409.0,39807.0,13335.0,27972.0,296.0,4,PEuk1
54012.0,99231.0,5825.0,10457.0,355,245,329.0,187,26394.0,23980.0,11972.0,20484.0,296.2,4,PEuk1
42960.0,64886.0,3364.0,4961.0,0,158,645.0,182,55553.0,51982.0,48087.0,39836.0,296.2,4,PEuk1
29898.0,49159.0,1905.0,5340.0,430,170,125.0,84,42650.0,39442.0,30166.0,34585.0,296.4,4,PEuk1
71899.0,83280.0,30264.0,45641.0,221,310,118.0,50,77108.0,69227.0,52456.0,54512.0,296.6,4,PEuk1
48064.0,70879.0,1740.0,2555.0,260,138,412.0,159,53551.0,49680.0,37194.0,36594.0,296.8,4,PEuk1
104202.0,140893.0,9547.0,14967.0,284,248,128.0,85,47460.0,43368.0,51395.0,47074.0,296.9,4,PEuk1
111225.0,158940.0,31850.0,51455.0,565,332,0.0,74,117026.0,107110.0,32959.0,44988.0,296.9,4,PEuk1
42859.0,59355.0,2966.0,6995.0,258,205,522.0,179,43053.0,37509.0,37989.0,31307.0,297.0,4,PEuk1
13734.0,25537.0,16300.0,29269.0,149,78,247.0,133,25781.0,27702.0,7833.0,15740.0,297.1,4,PEuk1
39723.0,69696.0,3917.0,5545.0,575,445,10.0,16,37008.0,32949.0,34748.0,28820.0,297.1,4,PEuk1
71270.0,90637.0,3510.0,5390.0,287,233,58.0,123,76142.0,72384.0,78074.0,61336.0,297.1,4,PEuk1
27084.0,41252.0,9243.0,13510.0,288,293,143.0,86,35447.0,32743.0,22609.0,21782.0,297.1,4,PEuk1
38317.0,65051.0,19872.0,32897.0,1245,1067,114.0,133,52609.0,48470.0,48166.0,39984.0,297.2,4,PEuk1
30731.0,59411.0,3278.0,5740.0,76,127,96.0,36,34251.0,34189.0,8194.0,20593.0,297.2,4,PEuk1
36788.0,48590.0,32889.0,49718.0,201,105,200.0,120,47876.0,44460.0,24716.0,30196.0,297.4,4,PEuk1
17494.0,30142.0,4287.0,7775.0,43,25,124.0,96,24322.0,22964.0,8832.0,16838.0,297.8,4,PEuk1
161181.0,206415.0,23618.0,36529.0,853,285,638.0,216,77896.0,73840.0,67198.0,60476.0,297.8,4,PEuk1
46549.0,65524.0,5868.0,8724.0,396,273,84.0,23,49617.0,45125.0,32632.0,34249.0,298.1,4,PEuk1
83866.0,129274.0,14794.0,23869.0,399,226,124.0,109,85351.0,79079.0,54056.0,63112.0,298.2,4,PEuk1
35014.0,47804.0,3862.0,6108.0,2875,2536,354.0,311,36286.0,31600.0,21604.0,25851.0,298.2,4,PEuk1
27631.0,58124.0,8582.0,15135.0,234,165,38.0,111,42971.0,40379.0,24363.0,33292.0,298.5,4,PEuk1
3693.0,11055.0,389.0,1968.0,47,0,282.0,166,11324.0,12965.0,5173.0,4936.0,298.6,4,PEuk1
43316.0,65238.0,7273.0,13039.0,562,350,43.0,79,44821.0,41409.0,33172.0,25975.0,299.1,4,PEuk1
48456.0,72790.0,22485.0,36363.0,210,194,275.0,189,62760.0,58402.0,29792.0,42500.0,299.1,4,PEuk1
19749.0,35861.0,4760.0,7326.0,293,304,316.0,136,28537.0,27441.0,12739.0,22267.0,299.3,4,PEuk1
37567.0,65312.0,18657.0,31818.0,426,302,57.0,33,46669.0,43913.0,29645.0,37682.0,299.3,4,PEuk1
37476.0,54444.0,8972.0,15330.0,349,148,0.0,74,44272.0,39088.0,33426.0,27260.0,299.4,4,PEuk1
47281.0,80838.0,11250.0,17601.0,355,212,81.0,75,50709.0,48174.0,50869.0,38631.0,299.5,4,PEuk1
64757.0,111152.0,52670.0,85240.0,346,176,364.0,160,69886.0,65311.0,59337.0,62403.0,299.6,4,PEuk1
21387.0,39287.0,2928.0,6092.0,140,208,177.0,203,25232.0,22917.0,8451.0,16124.0,299.8,4,PEuk1
96654.0,157808.0,13086.0,20954.0,584,226,45.0,78,130554.0,112975.0,40736.0,53072.0,300.0,4,PEuk1
30723.0,51269.0,5149.0,8659.0,337,238,171.0,130,35217.0,35448.0,11027.0,21483.0,300.0,4,PEuk1
44151.0,60023.0,5922.0,9174.0,34,166,333.0,157,40542.0,37981.0,33609.0,32310.0,300.4,4,PEuk1
68904.0,94325.0,29591.0,45636.0,176,217,487.0,181,70622.0,62593.0,71043.0,47703.0,300.5,4,PEuk1
48147.0,79623.0,4596.0,8453.0,288,166,456.0,235,40585.0,39249.0,27607.0,34486.0,301.1,4,PEuk1
18780.0,39607.0,3282.0,4703.0,68,77,106.0,94,25669.0,22333.0,13810.0,17413.0,301.2,4,PEuk1
26730.0,43022.0,10438.0,15569.0,231,177,324.0,133,39511.0,37469.0,20211.0,24826.0,301.2,4,PEuk1
57153.0,89648.0,2482.0,4913.0,0,67,93.0,110,36971.0,33212.0,24155.0,23418.0,301.4,4,PEuk1
77244.0,111614.0,4634.0,7607.0,596,338,77.0,72,97109.0,93219.0,54846.0,66585.0,301.7,4,PEuk1
56755.0,78512.0,23681.0,36653.0,143,185,0.0,66,63131.0,57404.0,61707.0,42414.0,301.7,4,PEuk1
48298.0,75655.0,12925.0,20240.0,55,207,149.0,151,66617.0,57040.0,47990.0,44049.0,302.1,4,PEuk1
29125.0,50700.0,5676.0,8982.0,1930,1917,212.0,69,35205.0,34509.0,23501.0,24537.0,302.3,4,PEuk1
27973.0,52637.0,15848.0,26382.0,388,267,239.0,78,37941.0,35360.0,17958.0,27594.0,302.4,4,PEuk1
39490.0,38410.0,7370.0,8488.0,198,185,229.0,112,39023.0,35866.0,27820.0,28520.0,302.5,4,PEuk1
48106.0,69727.0,17723.0,28142.0,0,166,114.0,159,44751.0,40942.0,37647.0,31347.0,302.5,4,PEuk1
40291.0,62404.0,13945.0,23761.0,388,307,27.0,29,44801.0,43086.0,27889.0,34012.0,302.6,4,PEuk1
16091.0,32858.0,5539.0,11214.0,411,349,194.0,116,19276.0,19589.0,4915.0,9903.0,302.9,4,PEuk1
50874.0,78524.0,23444.0,36584.0,62,108,327.0,214,61471.0,56472.0,48452.0,41727.0,303.1,4,PEuk1
27585.0,39246.0,4384.0,8229.0,206,110,339.0,179,35664.0,34513.0,7529.0,15537.0,303.2,4,PEuk1
37793.0,57107.0,24594.0,39903.0,660,304,65.0,60,41510.0,38347.0,13867.0,27712.0,303.3,4,PEuk1
28640.0,44286.0,4991.0,8397.0,272,170,346.0,145,31137.0,29440.0,17112.0,26280.0,303.3,4,PEuk1
73291.0,103691.0,11694.0,17064.0,641,351,304.0,188,101954.0,91547.0,65765.0,71725.0,303.4,4,PEuk1
24490.0,39902.0,16305.0,26584.0,1126,1024,20.0,21,35355.0,33434.0,8673.0,21073.0,303.5,4,PEuk1
30832.0,56442.0,6577.0,10829.0,284,229,311.0,164,52064.0,48394.0,32679.0,32487.0,303.6,4,PEuk1
57754.0,78270.0,28496.0,46325.0,506,361,209.0,182,60889.0,54045.0,58457.0,43788.0,303.7,4,PEuk1
32707.0,60861.0,4124.0,6530.0,490,310,368.0,151,47682.0,43892.0,32445.0,33303.0,303.8,4,PEuk1
35167.0,62521.0,9832.0,13391.0,355,343,84.0,90,44893.0,38803.0,34096.0,34638.0,303.9,4,PEuk1
50848.0,79157.0,7645.0,14044.0,167,159,146.0,127,55131.0,46478.0,35023.0,30933.0,304.0,4,PEuk1
51823.0,82642.0,7638.0,11806.0,302,169,319.0,98,55523.0,53194.0,34221.0,51647.0,304.0,4,PEuk1
51057.0,74141.0,5858.0,11860.0,653,429,203.0,159,49690.0,45183.0,43201.0,39341.0,304.2,4,PEuk1
58281.0,82067.0,22715.0,36830.0,1137,1153,131.0,144,66600.0,61282.0,42587.0,51050.0,304.2,4,PEuk1
49756.0,69290.0,3714.0,5348.0,71,100,440.0,163,46063.0,41903.0,41290.0,34225.0,304.4,4,PEuk1
77579.0,108280.0,65024.0,88901.0,779,487,219.0,109,66634.0,57283.0,47222.0,42758.0,304.6,4,PEuk1
20618.0,39465.0,16046.0,28259.0,255,189,119.0,119,30116.0,30349.0,16449.0,23577.0,304.8,4,PEuk1
20956.0,40633.0,6720.0,10403.0,514,300,239.0,119,26817.0,24053.0,18405.0,17223.0,304.8,4,PEuk1
3632.0,16398.0,149.0,971.0,245,125,182.0,131,11514.0,12632.0,6006.0,7550.0,304.8,4,PEuk1
34599.0,51510.0,6213.0,10204.0,651,299,0.0,41,39827.0,38435.0,36015.0,34121.0,304.8,4,PEuk1
31737.0,52789.0,19999.0,33963.0,83,165,118.0,107,42890.0,38539.0,20037.0,33563.0,305.0,4,PEuk1
41173.0,68317.0,18516.0,31171.0,361,182,169.0,89,51598.0,49044.0,34239.0,44263.0,305.0,4,PEuk1
81496.0,145465.0,6442.0,13041.0,608,333,64.0,103,86275.0,79046.0,17233.0,32764.0,305.1,4,PEuk1
32212.0,38888.0,8187.0,9957.0,391,273,4.0,149,34167.0,31073.0,32810.0,22489.0,305.1,4,PEuk1
136244.0,208676.0,9418.0,14218.0,388,295,260.0,123,74610.0,70694.0,64302.0,65073.0,305.2,4,PEuk1
23152.0,37389.0,5525.0,9919.0,168,135,0.0,21,27802.0,29925.0,8288.0,19001.0,305.3,4,PEuk1
22412.0,40858.0,11212.0,20578.0,408,227,200.0,194,35290.0,33494.0,25946.0,28996.0,305.5,4,PEuk1
65039.0,97376.0,4162.0,7444.0,826,299,196.0,83,45485.0,45350.0,37135.0,41611.0,305.8,4,PEuk1
41029.0,57128.0,10022.0,14254.0,0,33,146.0,78,41215.0,38133.0,19904.0,27433.0,305.8,4,PEuk1
93448.0,135396.0,24920.0,39504.0,2860,3040,143.0,260,34330.0,31093.0,34061.0,25708.0,305.9,4,PEuk1
27516.0,41902.0,11488.0,17610.0,985,899,93.0,69,31717.0,29709.0,27424.0,23848.0,305.9,4,PEuk1
79551.0,122608.0,24835.0,40712.0,471,271,65.0,56,55883.0,52354.0,39881.0,43447.0,306.0,4,PEuk1
56373.0,76983.0,24064.0,36056.0,831,496,352.0,150,59880.0,53234.0,51812.0,43437.0,306.1,4,PEuk1
45032.0,65754.0,3481.0,7325.0,1094,1247,556.0,314,63402.0,60191.0,39034.0,44564.0,306.5,4,PEuk1
76753.0,96175.0,3580.0,6766.0,539,350,143.0,151,43041.0,39316.0,37178.0,27748.0,306.5,4,PEuk1
28791.0,42526.0,4507.0,8383.0,171,163,237.0,188,36583.0,34832.0,15172.0,27344.0,306.7,4,PEuk1
43851.0,72925.0,6443.0,11184.0,545,370,174.0,79,39903.0,39181.0,24728.0,27814.0,306.8,4,PEuk1
32319.0,54952.0,2408.0,5276.0,263,162,471.0,288,37426.0,31678.0,25499.0,25586.0,306.8,4,PEuk1
22443.0,39332.0,7621.0,11215.0,384,306,310.0,155,37232.0,34957.0,25253.0,24118.0,306.9,4,PEuk1
33072.0,50543.0,8936.0,13909.0,148,154,21.0,27,35003.0,34490.0,21759.0,23337.0,306.9,4,PEuk1
36414.0,64013.0,8666.0,14524.0,426,284,212.0,88,47217.0,44276.0,41746.0,36487.0,307.0,4,PEuk1
53583.0,89662.0,7315.0,11846.0,89,153,447.0,182,76824.0,71360.0,60847.0,56606.0,307.3,4,PEuk1
50344.0,82655.0,5470.0,8506.0,308,242,324.0,186,45390.0,41046.0,29938.0,34235.0,307.4,4,PEuk1
44713.0,61086.0,12541.0,20444.0,0,189,263.0,121,56886.0,53543.0,27860.0,41204.0,307.5,4,PEuk1
38716.0,65572.0,7927.0,11128.0,137,87,0.0,20,45568.0,42894.0,37486.0,36710.0,307.7,4,PEuk1
46628.0,64367.0,16259.0,25624.0,417,212,127.0,120,45816.0,42011.0,51374.0,39707.0,307.9,4,PEuk1
35207.0,53695.0,4444.0,7426.0,625,295,0.0,85,43588.0,40631.0,23203.0,25841.0,308.0,4,PEuk1
25661.0,37646.0,8768.0,12674.0,853,311,261.0,119,28867.0,27698.0,22759.0,21917.0,308.1,4,PEuk1
13480.0,25459.0,5367.0,8523.0,535,291,314.0,178,19378.0,19014.0,5252.0,12059.0,308.7,4,PEuk1
32812.0,53598.0,4708.0,9110.0,272,145,260.0,168,44538.0,45522.0,23830.0,35855.0,308.9,4,PEuk1
77194.0,103886.0,13797.0,21648.0,198,356,20.0,52,42280.0,36249.0,35803.0,28522.0,308.9,4,PEuk1
15376.0,28816.0,4274.0,8391.0,206,146,89.0,76,31187.0,32028.0,9399.0,21305.0,309.3,4,PEuk1
20488.0,45379.0,3584.0,7431.0,149,59,200.0,72,26332.0,26193.0,14380.0,26640.0,309.4,4,PEuk1
38724.0,37562.0,4717.0,6868.0,348,188,812.0,246,30961.0,28300.0,27179.0,21024.0,309.5,4,PEuk1
39770.0,71295.0,10889.0,20821.0,293,154,35.0,39,50724.0,51281.0,23789.0,39839.0,309.8,4,PEuk1
67779.0,111845.0,28038.0,44061.0,420,302,294.0,137,50820.0,45232.0,37068.0,30079.0,309.9,4,PEuk1
47579.0,81198.0,18434.0,32001.0,145,55,275.0,124,44933.0,42204.0,28358.0,30321.0,309.9,4,PEuk1
34819.0,64492.0,10239.0,16483.0,58,45,422.0,200,36062.0,35700.0,17318.0,25724.0,310.0,4,PEuk1
23830.0,44122.0,14295.0,23849.0,134,156,159.0,177,31394.0,30499.0,25678.0,28507.0,310.0,4,PEuk1
31062.0,45494.0,7885.0,11386.0,119,96,0.0,53,30578.0,29055.0,20601.0,24568.0,310.4,4,PEuk1
36244.0,47905.0,9700.0,14595.0,300,158,0.0,27,38419.0,34611.0,34021.0,28257.0,311.1,4,PEuk1
47550.0,59393.0,11346.0,17445.0,711,544,55.0,48,49117.0,44167.0,35226.0,29546.0,311.3,4,PEuk1
48568.0,77223.0,3515.0,5219.0,1048,1191,84.0,126,50913.0,46063.0,45454.0,34854.0,311.5,4,PEuk1
27074.0,47363.0,5472.0,9753.0,207,102,282.0,181,22260.0,21186.0,6947.0,15449.0,311.5,4,PEuk1
24573.0,41975.0,4756.0,8582.0,176,122,218.0,185,35305.0,36383.0,10634.0,26263.0,311.7,4,PEuk1
60235.0,89544.0,2221.0,3935.0,771,754,346.0,163,47252.0,45651.0,19368.0,33345.0,311.7,4,PEuk1
13383.0,31585.0,6136.0,12020.0,83,32,245.0,124,27598.0,29252.0,6354.0,14921.0,311.9,4,PEuk1
50499.0,78912.0,3927.0,7079.0,478,300,209.0,113,50080.0,49539.0,30551.0,38800.0,312.6,4,PEuk1
28986.0,42029.0,2449.0,3866.0,524,257,38.0,64,29996.0,27966.0,23106.0,25296.0,312.6,4,PEuk1
33607.0,56719.0,16693.0,25910.0,157,197,389.0,120,51496.0,47729.0,39367.0,38948.0,313.0,4,PEuk1
40277.0,74180.0,9106.0,15305.0,264,262,49.0,120,42683.0,39646.0,32687.0,33924.0,313.2,4,PEuk1
45373.0,78870.0,9068.0,12713.0,409,300,0.0,50,60054.0,58522.0,44794.0,48387.0,313.2,4,PEuk1
53722.0,85468.0,21796.0,34144.0,334,294,65.0,54,66889.0,57920.0,41901.0,44683.0,313.4,4,PEuk1
63096.0,92110.0,9017.0,13722.0,83,101,89.0,70,57572.0,54191.0,39120.0,45438.0,313.7,4,PEuk1
29787.0,48347.0,7899.0,9645.0,185,221,156.0,77,35629.0,33790.0,24813.0,30553.0,313.9,4,PEuk1
95720.0,152172.0,16595.0,28840.0,484,279,46.0,128,142680.0,121580.0,34975.0,42249.0,314.0,4,PEuk1
16462.0,35713.0,4353.0,6472.0,167,149,95.0,34,28900.0,28667.0,16908.0,23296.0,314.2,4,PEuk1
48022.0,81265.0,7001.0,11297.0,255,258,125.0,76,59250.0,54487.0,40397.0,44005.0,314.4,4,PEuk1
39227.0,57656.0,3196.0,7200.0,311,113,102.0,183,35629.0,32924.0,20292.0,25399.0,314.4,4,PEuk1
75231.0,109518.0,19433.0,29774.0,167,275,0.0,48,80938.0,71480.0,65973.0,64713.0,314.4,4,PEuk1
3364.0,8625.0,3608.0,10917.0,245,152,212.0,97,19057.0,32103.0,14387.0,13620.0,314.5,4,PEuk1
2359.0,11690.0,8400.0,22077.0,127,0,118.0,57,59530.0,80516.0,7029.0,9654.0,314.5,4,PEuk1
37627.0,58042.0,3505.0,4232.0,227,243,153.0,94,29486.0,28682.0,14897.0,24681.0,315.2,4,PEuk1
66977.0,111369.0,9192.0,16354.0,41,222,491.0,188,73606.0,71344.0,23056.0,46494.0,315.6,4,PEuk1
70580.0,115925.0,15347.0,24685.0,442,372,0.0,38,49302.0,44060.0,29689.0,33217.0,315.7,4,PEuk1
32623.0,50327.0,8316.0,14119.0,544,288,89.0,92,40313.0,38230.0,22623.0,29095.0,315.8,4,PEuk1
26219.0,48078.0,4801.0,9426.0,465,321,447.0,242,29987.0,30870.0,4493.0,13845.0,315.8,4,PEuk1
35046.0,51412.0,6965.0,12846.0,500,217,20.0,49,40742.0,41316.0,18618.0,29841.0,316.0,4,PEuk1
32983.0,59710.0,5002.0,7705.0,252,208,172.0,75,36491.0,35664.0,13857.0,27838.0,316.1,4,PEuk1
37171.0,59388.0,14161.0,23242.0,185,194,46.0,48,47141.0,47957.0,14212.0,29456.0,316.2,4,PEuk1
42736.0,71606.0,7372.0,11874.0,299,195,188.0,181,45580.0,43284.0,29686.0,30391.0,316.4,4,PEuk1
49811.0,70619.0,7530.0,13169.0,505,343,1.0,96,23439.0,20700.0,28947.0,19867.0,316.4,4,PEuk1
228079.0,489711.0,131074.0,219687.0,394,639,253.0,243,161183.0,204371.0,96748.0,133914.0,17.0,5,PEuk2
339409.0,606855.0,169046.0,309892.0,1782,1627,504.0,287,201446.0,229665.0,101711.0,119535.0,18.1,5,PEuk2
73010.0,145253.0,4128.0,6747.0,106,168,301.0,157,127208.0,149912.0,38064.0,54697.0,18.2,5,PEuk2
107291.0,192289.0,12196.0,24601.0,180,184,209.0,160,153161.0,166895.0,77468.0,74487.0,19.0,5,PEuk2
183282.0,322558.0,18849.0,34335.0,450,191,111.0,211,173275.0,184476.0,85206.0,79763.0,19.5,5,PEuk2
111527.0,179953.0,12534.0,17553.0,267,272,422.0,221,126878.0,128782.0,44539.0,55648.0,19.8,5,PEuk2
205985.0,309569.0,8131.0,11478.0,0,34,212.0,114,163759.0,150806.0,107903.0,103692.0,23.2,5,PEuk2
107726.0,178397.0,15600.0,24643.0,541,342,302.0,291,140951.0,122071.0,44444.0,41935.0,23.4,5,PEuk2
171420.0,262460.0,7920.0,11487.0,656,490,0.0,84,206430.0,183117.0,98858.0,85517.0,23.5,5,PEuk2
491149.0,694370.0,38145.0,56509.0,791,890,197.0,118,280001.0,229562.0,156708.0,135350.0,23.9,5,PEuk2
243157.0,350678.0,39312.0,62947.0,264,193,0.0,115,142430.0,134628.0,156071.0,116065.0,24.1,5,PEuk2
146834.0,231019.0,6143.0,9486.0,204,189,512.0,291,137489.0,124949.0,64903.0,68334.0,24.7,5,PEuk2
191865.0,293227.0,33527.0,48764.0,506,213,276.0,128,288153.0,245805.0,90251.0,89718.0,26.1,5,PEuk2
134587.0,205520.0,2049.0,2369.0,0,60,299.0,212,177883.0,149705.0,65445.0,68951.0,26.6,5,PEuk2
232290.0,338080.0,56512.0,87756.0,520,363,39.0,76,238204.0,212357.0,99516.0,102116.0,26.8,5,PEuk2
177765.0,250327.0,8289.0,9900.0,743,353,55.0,120,194199.0,163571.0,77417.0,76041.0,27.9,5,PEuk2
171096.0,241993.0,20507.0,31691.0,620,388,635.0,208,226351.0,204952.0,93724.0,92916.0,27.9,5,PEuk2
130244.0,218659.0,65108.0,106266.0,441,254,412.0,213,198942.0,169994.0,69313.0,71529.0,28.0,5,PEuk2
307419.0,452458.0,97833.0,152463.0,829,659,13.0,87,132759.0,117499.0,70068.0,65102.0,28.5,5,PEuk2
128775.0,197253.0,8321.0,13914.0,203,175,5.0,113,188019.0,154356.0,74041.0,61426.0,28.6,5,PEuk2
158696.0,230730.0,12281.0,17837.0,406,216,632.0,218,235532.0,184586.0,109025.0,91698.0,29.0,5,PEuk2
189278.0,277012.0,24713.0,38577.0,297,319,143.0,57,192615.0,170864.0,82674.0,87910.0,31.5,5,PEuk2
175605.0,259980.0,52705.0,65442.0,246,267,5.0,141,147209.0,127625.0,63239.0,63917.0,32.2,5,PEuk2
203803.0,285196.0,11586.0,15952.0,506,253,0.0,114,257302.0,207463.0,117964.0,88560.0,33.1,5,PEuk2
112635.0,164769.0,8210.0,9530.0,285,227,499.0,197,187223.0,161175.0,74216.0,70836.0,33.3,5,PEuk2
190665.0,275468.0,19565.0,33019.0,668,326,210.0,83,260655.0,217065.0,103390.0,94303.0,34.3,5,PEuk2
132392.0,198613.0,23976.0,35318.0,611,387,424.0,174,180947.0,152750.0,67283.0,62251.0,34.5,5,PEuk2
751647.0,898748.0,1043320.0,1438240.0,5129,3584,1270.0,811,230852.0,194660.0,124799.0,105536.0,35.8,5,PEuk2
113934.0,148623.0,8895.0,12410.0,562,206,0.0,110,193767.0,161666.0,115527.0,78668.0,37.1,5,PEuk2
113859.0,162865.0,13837.0,19609.0,297,193,177.0,87,184133.0,159468.0,75400.0,67601.0,37.8,5,PEuk2
270961.0,365831.0,288772.0,403063.0,625,585,664.0,206,123400.0,103075.0,74126.0,54511.0,38.4,5,PEuk2
136792.0,198537.0,11375.0,16088.0,224,184,0.0,50,207861.0,170187.0,99157.0,75871.0,39.8,5,PEuk2
193352.0,277986.0,13186.0,19724.0,354,296,342.0,140,225069.0,179599.0,82623.0,77212.0,40.3,5,PEuk2
353124.0,504057.0,114337.0,167094.0,1040,591,61.0,81,276301.0,237724.0,129144.0,116463.0,42.3,5,PEuk2
731530.0,784246.0,829029.0,1001840.0,1127,862,602.0,310,228023.0,186331.0,129228.0,114422.0,42.5,5,PEuk2
144740.0,217761.0,31335.0,47971.0,258,143,228.0,127,225845.0,191431.0,94379.0,83773.0,42.9,5,PEuk2
1060910.0,1150940.0,1979030.0,2804670.0,714,473,0.0,59,301526.0,261794.0,119600.0,131964.0,43.1,5,PEuk2
227666.0,336133.0,7178.0,10456.0,427,520,172.0,143,180529.0,158425.0,64279.0,82337.0,44.4,5,PEuk2
199106.0,287845.0,9990.0,15233.0,342,171,118.0,120,246655.0,216029.0,106459.0,93522.0,46.0,5,PEuk2
207739.0,285108.0,50016.0,75298.0,780,408,112.0,135,364314.0,307469.0,150157.0,124593.0,47.4,5,PEuk2
241996.0,361612.0,34277.0,53582.0,0,54,387.0,140,225125.0,192141.0,83581.0,82808.0,49.3,5,PEuk2
167814.0,237530.0,7158.0,10661.0,846,287,278.0,178,226674.0,195616.0,97480.0,84269.0,49.5,5,PEuk2
221772.0,325678.0,8321.0,12869.0,315,361,345.0,184,115018.0,103244.0,85326.0,90647.0,49.5,5,PEuk2
87901.0,143102.0,15727.0,23536.0,252,144,237.0,179,129353.0,116021.0,33403.0,44381.0,49.9,5,PEuk2
406118.0,547612.0,152558.0,207302.0,755,649,506.0,192,214311.0,187159.0,137083.0,114748.0,50.1,5,PEuk2
114562.0,178527.0,7655.0,13038.0,358,233,316.0,159,118204.0,106294.0,55687.0,53529.0,50.6,5,PEuk2
358828.0,502731.0,25995.0,37716.0,1372,1002,0.0,63,265092.0,224816.0,139231.0,110881.0,50.7,5,PEuk2
166726.0,232865.0,16968.0,26096.0,529,204,86.0,139,174951.0,139201.0,75111.0,55498.0,50.8,5,PEuk2
102439.0,152471.0,8294.0,14097.0,317,157,0.0,123,174822.0,148871.0,68334.0,65122.0,51.0,5,PEuk2
324233.0,437957.0,49349.0,75490.0,518,729,288.0,99,394743.0,323303.0,133751.0,114325.0,53.4,5,PEuk2
202786.0,282518.0,9635.0,16948.0,216,267,0.0,54,254284.0,212860.0,117209.0,100483.0,54.0,5,PEuk2
183930.0,272009.0,13749.0,21567.0,1,150,0.0,131,137573.0,124444.0,82148.0,78375.0,54.2,5,PEuk2
153797.0,204544.0,35899.0,49137.0,934,498,364.0,140,171683.0,146136.0,103346.0,79568.0,54.4,5,PEuk2
318855.0,445244.0,322768.0,496031.0,1173,636,428.0,198,291104.0,252683.0,153307.0,130841.0,56.2,5,PEuk2
224287.0,322098.0,18974.0,28608.0,741,502,156.0,83,158347.0,140610.0,92860.0,76310.0,56.8,5,PEuk2
197987.0,292743.0,42275.0,64456.0,346,340,175.0,127,220473.0,183755.0,83650.0,73555.0,57.4,5,PEuk2
202729.0,300306.0,8174.0,10612.0,508,303,330.0,187,215678.0,192464.0,68519.0,83552.0,58.2,5,PEuk2
148196.0,221243.0,19336.0,28882.0,89,183,572.0,242,225437.0,180344.0,96678.0,75815.0,60.2,5,PEuk2
149891.0,222803.0,37566.0,59480.0,272,285,292.0,182,127967.0,106391.0,53095.0,46610.0,60.2,5,PEuk2
339409.0,419414.0,42980.0,53327.0,1048,549,251.0,122,235220.0,158519.0,141445.0,87052.0,60.9,5,PEuk2
191311.0,279696.0,39314.0,58810.0,336,223,35.0,128,154846.0,133021.0,86918.0,75052.0,61.2,5,PEuk2
644102.0,720639.0,591566.0,836459.0,1256,837,99.0,248,135534.0,117872.0,93886.0,73552.0,63.4,5,PEuk2
331598.0,462912.0,70670.0,111590.0,946,773,266.0,96,207877.0,182862.0,117423.0,110076.0,63.8,5,PEuk2
92664.0,144637.0,15321.0,24262.0,538,347,431.0,175,176280.0,151575.0,53770.0,56519.0,65.1,5,PEuk2
185225.0,261574.0,13292.0,20379.0,427,252,485.0,230,202996.0,176019.0,68671.0,72267.0,66.5,5,PEuk2
304365.0,421615.0,124522.0,181926.0,816,665,308.0,186,249722.0,215846.0,150161.0,126886.0,66.7,5,PEuk2
144686.0,224426.0,4945.0,9113.0,207,258,124.0,89,169700.0,149737.0,48420.0,67768.0,67.9,5,PEuk2
257512.0,351123.0,55981.0,84809.0,2002,1661,537.0,367,161172.0,147817.0,73541.0,79346.0,68.2,5,PEuk2
698468.0,941730.0,288159.0,406677.0,2017,2019,718.0,440,188318.0,142083.0,74952.0,58953.0,70.3,5,PEuk2
364695.0,500717.0,22507.0,29538.0,471,750,0.0,122,261844.0,209465.0,147065.0,112326.0,70.6,5,PEuk2
242585.0,343579.0,36164.0,53101.0,611,453,273.0,197,279819.0,238162.0,144089.0,125755.0,71.5,5,PEuk2
299566.0,445704.0,33677.0,52460.0,521,336,501.0,175,227146.0,197753.0,86077.0,86385.0,72.5,5,PEuk2
944456.0,1227480.0,1656100.0,2464750.0,2063,1713,741.0,282,178484.0,160262.0,131607.0,92279.0,72.8,5,PEuk2
409862.0,549081.0,569447.0,829845.0,1266,946,819.0,469,140831.0,121339.0,90090.0,75634.0,73.0,5,PEuk2
421711.0,576837.0,40373.0,55859.0,811,558,417.0,223,257393.0,202126.0,145806.0,116245.0,73.4,5,PEuk2
305503.0,353259.0,78607.0,105274.0,2700,2455,683.0,392,295734.0,240265.0,142407.0,137609.0,74.1,5,PEuk2
227491.0,332878.0,27883.0,41666.0,913,419,0.0,42,139452.0,119269.0,89218.0,71434.0,74.5,5,PEuk2
76307.0,120038.0,19252.0,30985.0,536,347,280.0,159,119289.0,105836.0,22466.0,42682.0,74.6,5,PEuk2
114259.0,172665.0,16976.0,27627.0,638,272,0.0,84,150902.0,130905.0,57310.0,60043.0,77.0,5,PEuk2
277027.0,385825.0,14455.0,23698.0,877,410,529.0,225,156226.0,141990.0,87323.0,93778.0,77.1,5,PEuk2
153254.0,209186.0,42757.0,68232.0,471,462,201.0,162,193360.0,170343.0,70883.0,79855.0,80.2,5,PEuk2
397461.0,501994.0,336224.0,450304.0,1025,800,399.0,183,218816.0,182839.0,123697.0,111372.0,80.5,5,PEuk2
351251.0,429823.0,567449.0,819776.0,1758,1535,282.0,253,249733.0,203041.0,101579.0,108682.0,80.7,5,PEuk2
918512.0,675365.0,3904470.0,4763250.0,5938,2782,1286.0,487,256076.0,201250.0,174281.0,137488.0,80.8,5,PEuk2
369860.0,507258.0,199151.0,262745.0,886,684,272.0,231,211728.0,176556.0,120555.0,105018.0,81.1,5,PEuk2
137425.0,207769.0,28172.0,43120.0,439,318,152.0,117,276517.0,227090.0,133783.0,104920.0,83.1,5,PEuk2
82012.0,132603.0,4057.0,6647.0,477,337,427.0,201,133686.0,110832.0,54975.0,50682.0,83.2,5,PEuk2
593146.0,791891.0,269735.0,401050.0,2603,2748,494.0,357,366146.0,304365.0,128690.0,118632.0,83.6,5,PEuk2
207976.0,291021.0,23880.0,35738.0,252,428,130.0,192,110402.0,99570.0,87929.0,78912.0,84.2,5,PEuk2
580282.0,732119.0,240356.0,357221.0,1395,1139,46.0,80,170471.0,153458.0,124342.0,117004.0,84.2,5,PEuk2
672441.0,792568.0,1753400.0,2363340.0,1742,969,436.0,240,111867.0,94471.0,63063.0,53428.0,84.9,5,PEuk2
346963.0,481453.0,94013.0,144853.0,1356,1241,0.0,211,226695.0,198463.0,130076.0,109318.0,85.2,5,PEuk2
112301.0,174825.0,21911.0,31949.0,565,294,551.0,225,208941.0,174323.0,67745.0,72295.0,86.1,5,PEuk2
349288.0,465456.0,245465.0,366762.0,1284,717,355.0,191,225092.0,198058.0,135005.0,124278.0,86.5,5,PEuk2
690813.0,930730.0,190209.0,289138.0,2237,1643,320.0,288,314739.0,258556.0,102923.0,95336.0,86.8,5,PEuk2
233902.0,321573.0,38121.0,54628.0,565,410,278.0,135,128681.0,118347.0,71975.0,77791.0,87.6,5,PEuk2
200299.0,279366.0,19700.0,29469.0,518,288,291.0,106,260679.0,216555.0,115812.0,111063.0,88.4,5,PEuk2
232479.0,304175.0,187044.0,273570.0,648,481,373.0,189,126860.0,107288.0,68842.0,66249.0,89.9,5,PEuk2
132632.0,199661.0,5700.0,11049.0,572,205,0.0,97,157201.0,132124.0,71669.0,61978.0,92.0,5,PEuk2
245480.0,350790.0,153042.0,221262.0,623,654,102.0,171,193313.0,156969.0,72673.0,51667.0,92.1,5,PEuk2
245004.0,336750.0,9770.0,13620.0,278,365,162.0,168,269087.0,215679.0,114144.0,89791.0,92.2,5,PEuk2
205806.0,290143.0,13972.0,20120.0,759,1047,137.0,124,183584.0,163748.0,71193.0,68348.0,92.3,5,PEuk2
912202.0,1148230.0,384279.0,531830.0,1221,1192,0.0,129,282695.0,235041.0,128215.0,118132.0,94.5,5,PEuk2
149567.0,229750.0,6507.0,11710.0,95,147,825.0,263,169731.0,140438.0,62768.0,52409.0,95.1,5,PEuk2
222971.0,306832.0,177328.0,261557.0,856,728,24.0,115,159962.0,138505.0,76089.0,69498.0,97.3,5,PEuk2
673986.0,873855.0,726757.0,1047620.0,957,904,159.0,215,319114.0,263895.0,170173.0,132730.0,99.7,5,PEuk2
138892.0,174965.0,20416.0,31576.0,65,317,21.0,48,241095.0,208676.0,83140.0,88023.0,100.0,5,PEuk2
232990.0,329424.0,27591.0,44908.0,835,499,0.0,162,161387.0,144413.0,147391.0,129578.0,100.1,5,PEuk2
204406.0,247103.0,79023.0,104114.0,0,158,815.0,257,216977.0,172274.0,110150.0,98027.0,102.7,5,PEuk2
334412.0,474879.0,52083.0,67233.0,1028,502,280.0,138,232651.0,202238.0,128818.0,131959.0,102.9,5,PEuk2
267617.0,408259.0,11555.0,17906.0,526,301,592.0,189,200679.0,174963.0,101520.0,100788.0,104.0,5,PEuk2
168262.0,238989.0,23830.0,34340.0,1,187,450.0,222,184466.0,155248.0,83365.0,68383.0,104.1,5,PEuk2
203967.0,307216.0,11567.0,17656.0,0,152,292.0,124,181450.0,152726.0,89631.0,78164.0,104.8,5,PEuk2
386016.0,547030.0,176803.0,280821.0,2918,2425,229.0,168,169768.0,155820.0,91507.0,88828.0,105.2,5,PEuk2
108014.0,147902.0,19249.0,28895.0,373,343,76.0,98,209661.0,173275.0,56410.0,64100.0,105.2,5,PEuk2
260387.0,384937.0,20516.0,30755.0,838,538,349.0,116,283439.0,236630.0,109836.0,105811.0,105.7,5,PEuk2
375085.0,540770.0,38054.0,59198.0,1280,1063,614.0,302,208451.0,178081.0,113708.0,104570.0,106.8,5,PEuk2
268059.0,348685.0,80916.0,113308.0,574,428,365.0,141,197183.0,142634.0,93617.0,75812.0,107.1,5,PEuk2
107284.0,177313.0,27593.0,43926.0,611,404,0.0,41,208384.0,178484.0,73071.0,78910.0,109.1,5,PEuk2
143765.0,212857.0,14237.0,23642.0,314,334,216.0,92,174202.0,158464.0,59345.0,65195.0,109.4,5,PEuk2
168396.0,270703.0,46504.0,73514.0,568,338,419.0,207,239892.0,198268.0,115730.0,116882.0,109.5,5,PEuk2
284411.0,379784.0,83994.0,123074.0,640,536,338.0,133,227550.0,193484.0,86373.0,87070.0,110.0,5,PEuk2
143594.0,199041.0,25993.0,41364.0,264,122,152.0,106,194710.0,162004.0,96249.0,81142.0,113.3,5,PEuk2
85821.0,141251.0,10683.0,19799.0,116,161,7.0,60,139779.0,122920.0,31835.0,34603.0,116.3,5,PEuk2
527474.0,603405.0,384657.0,445253.0,1245,1035,383.0,209,253513.0,214382.0,156102.0,118169.0,117.6,5,PEuk2
254142.0,351149.0,27344.0,42671.0,272,318,471.0,239,341812.0,295334.0,126811.0,116658.0,117.7,5,PEuk2
217935.0,301093.0,63253.0,96443.0,468,383,348.0,165,131830.0,120640.0,59893.0,67395.0,117.9,5,PEuk2
239629.0,325440.0,22953.0,36466.0,663,314,390.0,175,321722.0,276112.0,139234.0,137432.0,118.2,5,PEuk2
255875.0,364209.0,81872.0,105925.0,910,390,257.0,116,275261.0,238927.0,133617.0,119655.0,118.4,5,PEuk2
540262.0,757915.0,93208.0,137177.0,1758,1416,0.0,165,299989.0,248675.0,148807.0,132402.0,118.7,5,PEuk2
228820.0,327395.0,103815.0,146709.0,663,676,529.0,330,137832.0,124216.0,77110.0,77340.0,119.6,5,PEuk2
134688.0,185479.0,11590.0,19483.0,173,244,237.0,179,144040.0,127340.0,53058.0,50530.0,121.9,5,PEuk2
229988.0,335745.0,15634.0,24512.0,707,246,84.0,79,261852.0,226702.0,114582.0,88834.0,124.0,5,PEuk2
157557.0,232987.0,20837.0,29960.0,331,167,77.0,135,229288.0,185090.0,100956.0,83911.0,125.0,5,PEuk2
327743.0,444139.0,34756.0,48074.0,483,641,260.0,200,202073.0,170126.0,129719.0,92485.0,125.3,5,PEuk2
133348.0,195426.0,26719.0,42299.0,305,239,299.0,199,103928.0,96095.0,89462.0,78418.0,129.4,5,PEuk2
162093.0,232626.0,9779.0,14083.0,275,481,462.0,239,102263.0,92118.0,90613.0,64439.0,129.6,5,PEuk2
155843.0,180313.0,11085.0,15497.0,1004,727,71.0,124,322480.0,249230.0,152634.0,128881.0,130.1,5,PEuk2
183718.0,264030.0,8079.0,10336.0,596,249,632.0,226,202737.0,180170.0,74483.0,85580.0,130.9,5,PEuk2
319341.0,468230.0,26783.0,40363.0,687,766,529.0,241,322754.0,258778.0,161450.0,139919.0,132.0,5,PEuk2
448956.0,353141.0,2030880.0,2518370.0,2474,1301,902.0,384,321088.0,272259.0,132788.0,117385.0,132.0,5,PEuk2
204054.0,301204.0,16587.0,25523.0,200,293,335.0,200,271690.0,222298.0,102851.0,92723.0,132.1,5,PEuk2
969401.0,902972.0,1993790.0,1942050.0,3573,1991,1324.0,483,276716.0,227573.0,123632.0,108239.0,132.1,5,PEuk2
217292.0,346566.0,51757.0,77041.0,358,314,0.0,39,154865.0,129987.0,75341.0,68186.0,132.3,5,PEuk2
160872.0,215698.0,8929.0,12496.0,471,336,190.0,118,172292.0,137101.0,42299.0,45717.0,133.2,5,PEuk2
486753.0,673220.0,202201.0,276678.0,5802,4466,1398.0,964,265400.0,220351.0,108612.0,89548.0,133.4,5,PEuk2
529947.0,702037.0,792345.0,1188640.0,1746,1469,0.0,148,244588.0,215477.0,139995.0,122588.0,134.1,5,PEuk2
193090.0,235301.0,88340.0,134184.0,0,223,550.0,207,173602.0,144587.0,83208.0,66193.0,134.8,5,PEuk2
89456.0,140059.0,7985.0,12502.0,1019,437,254.0,197,117341.0,97111.0,35545.0,41559.0,135.6,5,PEuk2
358634.0,499829.0,45377.0,65734.0,1290,633,59.0,105,268552.0,230698.0,152082.0,127868.0,138.8,5,PEuk2
128124.0,194208.0,32672.0,50214.0,315,299,424.0,254,98886.0,89829.0,70696.0,78871.0,140.3,5,PEuk2
259430.0,363222.0,24841.0,35766.0,803,283,278.0,176,149666.0,133990.0,84180.0,79761.0,142.6,5,PEuk2
302697.0,416626.0,36222.0,50566.0,412,268,477.0,171,341457.0,294527.0,143043.0,142604.0,144.6,5,PEuk2
92065.0,129973.0,825.0,2766.0,106,149,294.0,191,115171.0,98423.0,51389.0,40132.0,145.3,5,PEuk2
200389.0,287050.0,10570.0,16819.0,478,313,0.0,79,240114.0,210151.0,73072.0,64778.0,145.6,5,PEuk2
112127.0,163976.0,28321.0,47396.0,137,241,206.0,121,144719.0,127974.0,44454.0,61905.0,146.7,5,PEuk2
417664.0,576445.0,172844.0,254163.0,1114,1181,614.0,320,263913.0,221635.0,115602.0,90011.0,147.5,5,PEuk2
370005.0,500760.0,81361.0,117244.0,1330,939,231.0,298,321032.0,257442.0,198230.0,141025.0,147.6,5,PEuk2
160750.0,245631.0,37813.0,55722.0,480,357,532.0,239,326842.0,266877.0,115058.0,101667.0,149.0,5,PEuk2
92334.0,129492.0,27554.0,44098.0,19,143,298.0,279,95092.0,84150.0,40384.0,37480.0,149.2,5,PEuk2
190676.0,287723.0,26462.0,42401.0,435,315,0.0,61,227338.0,198007.0,91582.0,92019.0,149.3,5,PEuk2
106835.0,166336.0,45268.0,68997.0,375,239,58.0,133,172066.0,143781.0,61213.0,59657.0,149.4,5,PEuk2
418851.0,521767.0,176547.0,231523.0,934,519,578.0,174,334786.0,285992.0,181882.0,162632.0,150.1,5,PEuk2
1098950.0,1290370.0,462205.0,654177.0,3008,1792,752.0,324,348597.0,283468.0,143677.0,132097.0,150.9,5,PEuk2
108383.0,174536.0,29538.0,49303.0,116,89,493.0,227,110025.0,100694.0,27414.0,44540.0,153.2,5,PEuk2
208236.0,296227.0,20176.0,30233.0,764,495,96.0,119,242478.0,199025.0,77214.0,80444.0,154.6,5,PEuk2
650011.0,788442.0,415259.0,582902.0,3315,2996,531.0,360,281508.0,215183.0,102523.0,75970.0,155.6,5,PEuk2
155738.0,213061.0,20825.0,33574.0,527,430,364.0,248,151815.0,124886.0,69237.0,59162.0,155.7,5,PEuk2
246552.0,345269.0,40704.0,53069.0,749,348,324.0,157,312782.0,254596.0,136027.0,127808.0,156.2,5,PEuk2
322032.0,437574.0,29667.0,46268.0,808,589,119.0,104,205723.0,180511.0,122142.0,101053.0,158.6,5,PEuk2
654613.0,875307.0,292526.0,414083.0,1579,945,237.0,223,351693.0,302129.0,168361.0,154612.0,158.6,5,PEuk2
331569.0,506968.0,24352.0,35382.0,660,380,477.0,203,236310.0,201814.0,97880.0,90952.0,158.8,5,PEuk2
280544.0,393013.0,115992.0,185032.0,604,632,0.0,41,132148.0,120680.0,149368.0,105922.0,159.4,5,PEuk2
281081.0,424830.0,29164.0,44362.0,907,440,0.0,165,150862.0,130475.0,88955.0,69870.0,160.5,5,PEuk2
537762.0,777749.0,613523.0,906085.0,6963,6535,1290.0,934,246992.0,223641.0,118805.0,124516.0,161.7,5,PEuk2
162465.0,227467.0,13215.0,19647.0,0,176,760.0,270,179480.0,154711.0,80730.0,63197.0,162.9,5,PEuk2
157287.0,215793.0,25516.0,38446.0,127,258,64.0,43,182986.0,163589.0,63258.0,63456.0,163.1,5,PEuk2
301664.0,418150.0,37949.0,58310.0,958,807,68.0,97,220015.0,192037.0,104092.0,101113.0,163.8,5,PEuk2
394016.0,587331.0,62782.0,96239.0,698,534,0.0,137,255722.0,216368.0,146589.0,142331.0,166.2,5,PEuk2
624759.0,698663.0,470960.0,591332.0,2751,1574,550.0,446,350056.0,280989.0,174552.0,128296.0,167.3,5,PEuk2
446013.0,544502.0,399733.0,492877.0,5481,3538,1094.0,689,213947.0,178618.0,110486.0,105010.0,167.5,5,PEuk2
171115.0,229953.0,5657.0,7943.0,644,467,248.0,101,234857.0,197428.0,93411.0,89942.0,169.2,5,PEuk2
156063.0,247524.0,21571.0,30404.0,197,175,155.0,49,249031.0,199639.0,91643.0,94016.0,169.2,5,PEuk2
135119.0,198025.0,20114.0,32312.0,213,245,386.0,151,158336.0,131787.0,54867.0,51128.0,170.6,5,PEuk2
236925.0,348456.0,28920.0,44624.0,0,73,0.0,80,144629.0,129859.0,92311.0,85785.0,170.6,5,PEuk2
92894.0,147782.0,9851.0,15379.0,188,171,257.0,176,135746.0,116086.0,34046.0,41505.0,170.8,5,PEuk2
234112.0,329231.0,13802.0,22445.0,469,296,92.0,86,265114.0,221961.0,146114.0,120173.0,171.0,5,PEuk2
195001.0,280377.0,8706.0,14357.0,702,604,381.0,186,232583.0,203449.0,77738.0,82209.0,171.6,5,PEuk2
221546.0,323568.0,20404.0,28564.0,1278,875,374.0,144,139493.0,117303.0,80916.0,61172.0,171.9,5,PEuk2
350017.0,477518.0,169873.0,223254.0,1166,496,425.0,172,204090.0,169525.0,116221.0,97613.0,172.1,5,PEuk2
128239.0,186691.0,63817.0,95509.0,666,358,283.0,129,138314.0,122259.0,64469.0,66443.0,172.8,5,PEuk2
142293.0,208593.0,25890.0,41890.0,364,292,544.0,189,110698.0,99899.0,37255.0,43768.0,174.1,5,PEuk2
158370.0,224725.0,31876.0,48103.0,35,192,256.0,132,304195.0,260219.0,98180.0,113037.0,175.8,5,PEuk2
1166700.0,1119020.0,8921760.0,8272140.0,3582,2095,867.0,499,401611.0,241843.0,184842.0,96398.0,176.0,5,PEuk2
102057.0,173845.0,11742.0,19088.0,834,282,57.0,70,135752.0,118185.0,32074.0,39650.0,176.2,5,PEuk2
259149.0,396173.0,8841.0,15312.0,864,405,288.0,149,230957.0,185807.0,117396.0,86180.0,176.7,5,PEuk2
165705.0,242108.0,24308.0,38500.0,207,292,0.0,61,269853.0,227933.0,122922.0,121979.0,176.9,5,PEuk2
372696.0,307765.0,55648.0,71831.0,1809,991,270.0,198,231000.0,106491.0,119211.0,54356.0,180.5,5,PEuk2
315540.0,455118.0,177301.0,271041.0,2115,1857,27.0,269,144972.0,129663.0,103256.0,90669.0,182.4,5,PEuk2
166277.0,241949.0,28769.0,44119.0,457,180,357.0,237,235283.0,201382.0,80415.0,71950.0,182.5,5,PEuk2
165026.0,232187.0,6366.0,9465.0,466,222,357.0,147,207165.0,183756.0,96196.0,82657.0,182.6,5,PEuk2
130786.0,195127.0,21398.0,34493.0,122,67,466.0,132,157971.0,136375.0,57684.0,61037.0,182.7,5,PEuk2
277742.0,395127.0,27469.0,39848.0,1522,871,264.0,186,212795.0,179258.0,94371.0,97382.0,182.7,5,PEuk2
337892.0,459258.0,29468.0,45544.0,101,251,339.0,147,236146.0,200269.0,137003.0,128099.0,182.7,5,PEuk2
132413.0,194571.0,11617.0,15254.0,74,126,74.0,143,133287.0,111390.0,34192.0,41673.0,183.6,5,PEuk2
172415.0,251369.0,13850.0,20160.0,210,201,0.0,87,193724.0,156925.0,60207.0,64696.0,184.1,5,PEuk2
103927.0,161534.0,25394.0,41600.0,524,295,433.0,243,123114.0,109213.0,48032.0,49983.0,185.5,5,PEuk2
114345.0,186387.0,26122.0,40830.0,160,143,294.0,126,186506.0,161697.0,79178.0,68874.0,186.0,5,PEuk2
205107.0,284179.0,11003.0,17116.0,351,340,64.0,159,180345.0,148571.0,97786.0,73483.0,187.6,5,PEuk2
214227.0,286581.0,20104.0,34909.0,521,260,0.0,109,234705.0,197923.0,99200.0,82629.0,188.0,5,PEuk2
233432.0,305821.0,16096.0,22477.0,505,298,664.0,277,332341.0,278273.0,143368.0,117752.0,190.9,5,PEuk2
1072950.0,1188970.0,970245.0,1162670.0,2425,1758,364.0,429,366153.0,315502.0,217251.0,175682.0,191.7,5,PEuk2
296092.0,436090.0,24908.0,37031.0,672,588,248.0,127,152668.0,130654.0,92097.0,80842.0,192.0,5,PEuk2
117664.0,181786.0,12022.0,17963.0,269,269,292.0,158,169063.0,140342.0,69783.0,59220.0,193.0,5,PEuk2
174487.0,256694.0,7731.0,10534.0,468,251,403.0,132,182393.0,154032.0,88781.0,81123.0,195.2,5,PEuk2
253640.0,361845.0,22855.0,34015.0,252,335,557.0,231,305707.0,259882.0,131791.0,117297.0,195.4,5,PEuk2
166724.0,260272.0,17017.0,26010.0,907,428,0.0,89,151112.0,132304.0,72233.0,74499.0,195.8,5,PEuk2
322133.0,390719.0,440407.0,574440.0,1553,1002,239.0,223,200080.0,177219.0,111008.0,98196.0,196.4,5,PEuk2
258494.0,367380.0,156874.0,231785.0,388,454,166.0,192,139952.0,120438.0,103387.0,77109.0,196.4,5,PEuk2
199305.0,292545.0,23056.0,33436.0,523,267,0.0,57,300930.0,253008.0,115476.0,105752.0,197.8,5,PEuk2
107722.0,162111.0,11310.0,16496.0,291,354,16.0,84,149708.0,133237.0,45937.0,45827.0,198.8,5,PEuk2
129813.0,179266.0,19707.0,32873.0,115,171,109.0,149,186312.0,162038.0,80893.0,72504.0,199.5,5,PEuk2
532837.0,718638.0,156206.0,231425.0,1154,960,193.0,122,310663.0,259505.0,157201.0,154363.0,199.7,5,PEuk2
141243.0,218921.0,20749.0,28218.0,491,214,368.0,177,180270.0,142512.0,65719.0,57584.0,200.3,5,PEuk2
129918.0,199521.0,18538.0,27157.0,282,269,0.0,80,143814.0,122527.0,61585.0,54912.0,200.4,5,PEuk2
177585.0,241682.0,6334.0,6366.0,8,283,597.0,170,233342.0,194563.0,115644.0,83364.0,201.0,5,PEuk2
221351.0,313438.0,21631.0,33449.0,533,309,201.0,117,130326.0,117953.0,104469.0,96627.0,201.2,5,PEuk2
170730.0,255834.0,12257.0,19007.0,474,296,280.0,185,176426.0,147574.0,70926.0,70180.0,203.8,5,PEuk2
100510.0,144665.0,8227.0,12348.0,242,314,185.0,154,113564.0,104720.0,103315.0,87291.0,204.4,5,PEuk2
95598.0,125526.0,3608.0,5540.0,121,188,611.0,177,108838.0,98795.0,96460.0,83508.0,206.0,5,PEuk2
320213.0,461173.0,36799.0,53935.0,737,762,744.0,257,199355.0,172385.0,130347.0,106208.0,206.8,5,PEuk2
181514.0,263795.0,18195.0,26828.0,0,127,245.0,114,280887.0,228937.0,98680.0,91591.0,207.0,5,PEuk2
124697.0,155021.0,38134.0,59649.0,740,466,245.0,107,252365.0,189744.0,91626.0,80350.0,209.1,5,PEuk2
103578.0,145657.0,14934.0,22108.0,2148,1726,507.0,253,143345.0,128297.0,41773.0,50378.0,211.7,5,PEuk2
151493.0,237643.0,25483.0,37486.0,340,352,879.0,262,186788.0,150830.0,77230.0,67886.0,214.3,5,PEuk2
143808.0,213056.0,5331.0,8887.0,267,320,114.0,39,175324.0,153083.0,57792.0,60930.0,217.3,5,PEuk2
122137.0,189009.0,9326.0,16818.0,122,221,392.0,144,164519.0,151656.0,37673.0,60994.0,219.0,5,PEuk2
97615.0,144012.0,34111.0,50045.0,599,381,763.0,250,155657.0,131381.0,61447.0,54263.0,219.2,5,PEuk2
93839.0,112751.0,24625.0,36922.0,1386,341,250.0,255,102485.0,90278.0,89531.0,62454.0,219.3,5,PEuk2
178458.0,243852.0,9511.0,15883.0,662,277,348.0,197,262673.0,213542.0,89110.0,79235.0,220.1,5,PEuk2
568705.0,709602.0,512471.0,629951.0,3576,2867,424.0,276,234267.0,196128.0,155431.0,114917.0,221.4,5,PEuk2
93497.0,149956.0,22402.0,32677.0,3232,2869,491.0,284,132047.0,112078.0,42857.0,50026.0,222.8,5,PEuk2
249996.0,335507.0,72932.0,98909.0,729,659,336.0,152,203763.0,171263.0,100296.0,87322.0,224.1,5,PEuk2
1123580.0,1449930.0,794473.0,1053620.0,5115,3861,465.0,602,118298.0,101501.0,68991.0,51108.0,224.7,5,PEuk2
237534.0,336780.0,73025.0,96689.0,188,759,463.0,195,246921.0,212360.0,103981.0,92910.0,226.0,5,PEuk2
260002.0,370235.0,22581.0,33158.0,0,268,332.0,142,263799.0,225109.0,74080.0,83995.0,226.7,5,PEuk2
592244.0,618832.0,902257.0,1109500.0,3304,2424,323.0,298,365339.0,292174.0,186808.0,137401.0,227.5,5,PEuk2
181698.0,266959.0,44194.0,68073.0,598,459,393.0,149,197034.0,175075.0,81723.0,78012.0,228.2,5,PEuk2
202264.0,291804.0,23394.0,32179.0,716,384,411.0,190,247523.0,214737.0,92821.0,101936.0,229.1,5,PEuk2
92110.0,150587.0,5113.0,8388.0,970,377,172.0,155,131442.0,112842.0,32592.0,41411.0,229.2,5,PEuk2
143501.0,204550.0,7257.0,9520.0,560,252,503.0,157,149739.0,129630.0,60127.0,65361.0,229.2,5,PEuk2
131914.0,190058.0,5067.0,7927.0,1380,824,547.0,252,182733.0,157114.0,67879.0,70946.0,230.9,5,PEuk2
417770.0,563368.0,230914.0,368577.0,610,502,466.0,138,321310.0,270131.0,184380.0,140560.0,232.6,5,PEuk2
271617.0,381353.0,81265.0,124670.0,477,449,20.0,89,159965.0,141970.0,84932.0,81299.0,232.9,5,PEuk2
166327.0,228882.0,4056.0,5318.0,177,204,49.0,123,162059.0,139978.0,110486.0,92250.0,233.0,5,PEuk2
140328.0,209494.0,44034.0,65513.0,427,335,0.0,125,310461.0,255331.0,104750.0,87308.0,233.9,5,PEuk2
165263.0,251723.0,87121.0,131999.0,373,189,222.0,100,152975.0,134040.0,74675.0,85488.0,234.7,5,PEuk2
352125.0,476941.0,85379.0,135535.0,634,565,0.0,72,289987.0,252547.0,143430.0,133538.0,234.7,5,PEuk2
282249.0,428479.0,49283.0,65946.0,865,560,548.0,196,150513.0,133940.0,90622.0,84113.0,235.6,5,PEuk2
158944.0,228579.0,16114.0,24207.0,324,261,119.0,73,229705.0,193103.0,86630.0,77711.0,235.7,5,PEuk2
119766.0,185000.0,13083.0,19495.0,511,503,0.0,110,174791.0,143334.0,30850.0,39684.0,235.9,5,PEuk2
157547.0,222465.0,22883.0,36386.0,305,159,509.0,159,239475.0,200898.0,98981.0,79779.0,237.4,5,PEuk2
292265.0,384829.0,11579.0,17072.0,185,231,493.0,155,240143.0,200385.0,109557.0,104334.0,238.6,5,PEuk2
327344.0,475831.0,133676.0,210078.0,1685,1613,139.0,167,240608.0,216081.0,108226.0,91726.0,238.8,5,PEuk2
169889.0,233300.0,25423.0,36026.0,916,396,338.0,132,293377.0,238007.0,143812.0,101516.0,240.3,5,PEuk2
199462.0,299284.0,13100.0,18748.0,4569,3781,152.0,347,264832.0,215025.0,125774.0,109841.0,241.2,5,PEuk2
364727.0,493393.0,152217.0,226573.0,311,524,253.0,168,170761.0,145857.0,110261.0,88984.0,243.5,5,PEuk2
388526.0,532600.0,36409.0,54273.0,1514,1400,462.0,276,261384.0,220050.0,150329.0,126293.0,244.1,5,PEuk2
101741.0,153301.0,26276.0,42560.0,623,458,475.0,239,117129.0,103390.0,50644.0,51537.0,244.7,5,PEuk2
135676.0,198648.0,2204.0,3512.0,201,127,294.0,103,170613.0,146937.0,84041.0,89400.0,245.0,5,PEuk2
235814.0,321130.0,30781.0,46188.0,92,129,71.0,105,186109.0,160484.0,78529.0,73402.0,246.2,5,PEuk2
180686.0,277594.0,79227.0,119126.0,382,231,210.0,134,145127.0,120367.0,64313.0,61116.0,246.2,5,PEuk2
114635.0,152818.0,29509.0,42755.0,0,125,213.0,143,193353.0,152200.0,80317.0,62166.0,246.4,5,PEuk2
542716.0,717137.0,147549.0,201182.0,2717,2042,343.0,278,378116.0,319228.0,171876.0,152512.0,247.9,5,PEuk2
176549.0,265083.0,37278.0,56348.0,198,339,147.0,104,188522.0,157705.0,66947.0,65754.0,248.7,5,PEuk2
390195.0,554439.0,27931.0,40193.0,648,651,187.0,122,288174.0,255790.0,154083.0,158356.0,249.8,5,PEuk2
322452.0,445201.0,86701.0,127489.0,1981,1484,247.0,188,301921.0,257309.0,136553.0,100693.0,250.3,5,PEuk2
112843.0,159011.0,25339.0,40258.0,176,245,320.0,180,174140.0,142545.0,66119.0,52384.0,250.4,5,PEuk2
140302.0,200527.0,26501.0,42437.0,834,288,87.0,73,220194.0,184630.0,88427.0,84548.0,251.7,5,PEuk2
395059.0,536769.0,133274.0,197307.0,1085,647,163.0,97,267468.0,220616.0,155460.0,111676.0,251.8,5,PEuk2
603874.0,695151.0,444889.0,609019.0,4133,3421,294.0,379,307917.0,251986.0,161272.0,127886.0,252.5,5,PEuk2
114775.0,166771.0,15979.0,25373.0,394,239,242.0,89,148255.0,127367.0,47939.0,49969.0,253.7,5,PEuk2
154930.0,224301.0,11868.0,16201.0,322,513,560.0,201,151079.0,132382.0,87798.0,69148.0,253.9,5,PEuk2
789311.0,999686.0,571110.0,829332.0,1757,1221,528.0,319,387819.0,322107.0,174818.0,149506.0,255.5,5,PEuk2
166582.0,246396.0,6059.0,10997.0,234,251,0.0,92,188247.0,160086.0,102959.0,76039.0,257.9,5,PEuk2
159551.0,230225.0,55581.0,87026.0,523,368,371.0,163,114270.0,103472.0,98692.0,89838.0,258.1,5,PEuk2
217740.0,299247.0,32372.0,46462.0,770,659,504.0,185,237924.0,190623.0,69275.0,73523.0,258.4,5,PEuk2
196083.0,285376.0,65867.0,97322.0,421,229,231.0,101,172238.0,146419.0,80821.0,68938.0,259.8,5,PEuk2
202656.0,303630.0,78671.0,117868.0,946,1207,147.0,155,181669.0,151900.0,82138.0,69307.0,260.4,5,PEuk2
238551.0,354777.0,12438.0,17679.0,384,279,0.0,64,179928.0,160843.0,115745.0,96729.0,260.9,5,PEuk2
146004.0,242560.0,11327.0,15157.0,438,359,193.0,91,171045.0,135834.0,66502.0,54721.0,262.9,5,PEuk2
210539.0,307575.0,32793.0,51227.0,801,452,436.0,161,267649.0,228473.0,100871.0,92841.0,263.6,5,PEuk2
228158.0,344727.0,93109.0,147202.0,176,253,635.0,198,137002.0,120087.0,77615.0,69722.0,264.8,5,PEuk2
351887.0,473073.0,163702.0,215457.0,4489,3983,440.0,460,299305.0,252359.0,133346.0,131626.0,265.6,5,PEuk2
168818.0,249183.0,12609.0,19915.0,668,261,172.0,117,187865.0,164075.0,73904.0,63442.0,265.8,5,PEuk2
168283.0,269077.0,21451.0,32188.0,1028,638,0.0,133,174346.0,137142.0,85738.0,60112.0,268.3,5,PEuk2
487032.0,586794.0,703043.0,829911.0,1809,1803,414.0,411,350879.0,273841.0,152587.0,115558.0,268.4,5,PEuk2
244895.0,364245.0,10369.0,16318.0,912,681,0.0,66,158817.0,133787.0,85695.0,71264.0,268.9,5,PEuk2
329465.0,466462.0,59468.0,80566.0,859,578,191.0,205,203339.0,173622.0,130563.0,98306.0,269.5,5,PEuk2
20547.0,15880.0,67918.0,38493.0,665,281,286.0,200,492722.0,180310.0,1810970.0,1079750.0,270.3,5,PEuk2
236738.0,330752.0,44692.0,69508.0,619,250,771.0,330,322660.0,277827.0,119597.0,117853.0,270.9,5,PEuk2
407079.0,579284.0,64659.0,89632.0,1525,1285,247.0,150,269880.0,221924.0,202476.0,144771.0,270.9,5,PEuk2
564782.0,789055.0,348705.0,539695.0,865,518,942.0,286,200394.0,178459.0,109560.0,97747.0,271.3,5,PEuk2
266320.0,326300.0,291522.0,406961.0,378,597,635.0,175,151609.0,136973.0,87045.0,76364.0,273.2,5,PEuk2
216412.0,299558.0,83772.0,118327.0,1380,1045,5.0,79,150946.0,126745.0,75598.0,67200.0,273.3,5,PEuk2
99321.0,156161.0,2241.0,3802.0,493,219,308.0,262,112726.0,106413.0,42015.0,43431.0,273.8,5,PEuk2
127022.0,180183.0,37269.0,58819.0,263,201,64.0,94,199033.0,170114.0,78506.0,68200.0,274.8,5,PEuk2
231259.0,326519.0,19141.0,26780.0,122,290,184.0,111,178290.0,150547.0,89922.0,84797.0,277.1,5,PEuk2
153238.0,237130.0,17362.0,25950.0,97,167,402.0,180,167886.0,153394.0,59963.0,73466.0,277.5,5,PEuk2
146084.0,229667.0,22500.0,36134.0,300,251,317.0,141,154623.0,134216.0,50556.0,54326.0,277.6,5,PEuk2
164270.0,229502.0,21813.0,33632.0,86,103,402.0,211,255440.0,215746.0,101755.0,98932.0,277.8,5,PEuk2
222033.0,316305.0,8314.0,11052.0,64,201,273.0,183,294597.0,245869.0,142197.0,106493.0,278.9,5,PEuk2
119926.0,167416.0,12968.0,16927.0,0,91,418.0,177,133762.0,108538.0,47567.0,40191.0,281.2,5,PEuk2
241099.0,218863.0,111931.0,125888.0,2563,1389,425.0,301,493616.0,310601.0,257262.0,150580.0,281.5,5,PEuk2
405793.0,544641.0,288307.0,388246.0,1315,958,17.0,119,277191.0,227768.0,120503.0,101826.0,282.6,5,PEuk2
676001.0,833963.0,148490.0,189199.0,4181,2935,702.0,542,211771.0,169448.0,146589.0,102871.0,283.7,5,PEuk2
352270.0,442758.0,41406.0,60016.0,1087,850,2.0,93,388486.0,296560.0,231489.0,154280.0,284.3,5,PEuk2
246710.0,345526.0,21309.0,30724.0,0,284,623.0,217,185948.0,167970.0,96717.0,80383.0,284.5,5,PEuk2
155193.0,214359.0,5508.0,6442.0,297,290,400.0,219,193007.0,156791.0,80102.0,79868.0,286.4,5,PEuk2
413778.0,552091.0,188130.0,286762.0,1716,1392,436.0,237,291973.0,248596.0,137371.0,123628.0,287.5,5,PEuk2
295815.0,438704.0,104689.0,146688.0,5242,3981,863.0,631,188732.0,154681.0,117004.0,87642.0,287.8,5,PEuk2
152338.0,219419.0,6413.0,11232.0,64,107,0.0,95,139505.0,120088.0,56862.0,55120.0,287.8,5,PEuk2
273743.0,393480.0,13488.0,18839.0,665,373,184.0,145,161279.0,135322.0,88424.0,76402.0,287.9,5,PEuk2
161709.0,209256.0,25037.0,36112.0,255,247,0.0,65,240519.0,198468.0,114039.0,79887.0,288.0,5,PEuk2
238437.0,338846.0,18785.0,26677.0,786,518,14.0,47,211176.0,178423.0,96054.0,94707.0,288.0,5,PEuk2
288346.0,409183.0,21837.0,34060.0,290,262,352.0,208,304945.0,254166.0,86115.0,87287.0,288.5,5,PEuk2
459029.0,633610.0,274408.0,403624.0,922,926,496.0,235,173974.0,147468.0,100531.0,91388.0,289.4,5,PEuk2
263489.0,367388.0,17201.0,26104.0,598,517,646.0,296,314025.0,261182.0,115017.0,103957.0,291.3,5,PEuk2
233724.0,346272.0,24366.0,34058.0,1214,909,801.0,392,228765.0,204015.0,91618.0,96337.0,291.7,5,PEuk2
127917.0,182060.0,33961.0,52344.0,403,289,443.0,146,175896.0,154850.0,60351.0,61782.0,296.3,5,PEuk2
147689.0,201759.0,7877.0,11236.0,496,243,456.0,247,155118.0,130537.0,71797.0,58876.0,297.4,5,PEuk2
116114.0,181365.0,11281.0,17203.0,674,358,386.0,177,134784.0,115878.0,66345.0,65911.0,297.9,5,PEuk2
132039.0,189558.0,7741.0,11719.0,496,260,11.0,43,190311.0,170959.0,57202.0,79880.0,298.6,5,PEuk2
388269.0,481667.0,99587.0,124167.0,1701,1741,387.0,178,306602.0,259799.0,134979.0,133690.0,299.2,5,PEuk2
217343.0,314021.0,45454.0,74561.0,355,274,62.0,130,215785.0,189275.0,99787.0,94246.0,300.0,5,PEuk2
205777.0,283295.0,11809.0,19680.0,433,232,0.0,76,395987.0,319499.0,77296.0,79494.0,301.7,5,PEuk2
111615.0,170985.0,3431.0,7419.0,308,294,0.0,39,155253.0,138131.0,50117.0,56684.0,302.1,5,PEuk2
153540.0,242311.0,37880.0,54109.0,520,327,504.0,168,143358.0,123537.0,82603.0,65327.0,304.1,5,PEuk2
240541.0,353788.0,10774.0,14775.0,1917,1619,100.0,267,148329.0,127208.0,84126.0,80783.0,305.9,5,PEuk2
417600.0,548410.0,55999.0,80079.0,1440,1098,301.0,130,269004.0,234718.0,154172.0,129756.0,307.0,5,PEuk2
512954.0,717403.0,291630.0,448267.0,1266,788,216.0,136,235246.0,204167.0,132465.0,101511.0,307.2,5,PEuk2
343840.0,473372.0,194332.0,298121.0,2760,2101,168.0,132,249173.0,208062.0,124979.0,117327.0,307.5,5,PEuk2
985573.0,1171760.0,1697220.0,2298020.0,2295,1616,535.0,362,295898.0,233727.0,157146.0,125778.0,308.1,5,PEuk2
169819.0,255882.0,10994.0,16018.0,384,221,179.0,189,205946.0,171093.0,81055.0,77982.0,310.0,5,PEuk2
247756.0,353508.0,7465.0,11942.0,457,333,526.0,199,296326.0,244195.0,126520.0,111055.0,312.6,5,PEuk2
95720.0,152172.0,16595.0,28840.0,484,279,46.0,128,142680.0,121580.0,34975.0,42249.0,314.0,5,PEuk2
283152.0,416250.0,13189.0,19998.0,1185,1086,193.0,180,154856.0,129518.0,73104.0,69730.0,314.2,5,PEuk2
222871.0,330365.0,14103.0,22873.0,886,715,155.0,167,127258.0,116104.0,73887.0,74573.0,314.4,5,PEuk2
191729.0,275720.0,20828.0,29758.0,485,456,218.0,121,205840.0,172719.0,101781.0,83868.0,315.9,5,PEuk2
2458.0,7566.0,444.0,1636.0,1641,2474,2421.0,3449,6246.0,8848.0,2342.0,2099.0,16.7,6,Syn
7650.0,16300.0,1373.0,2882.0,4288,5562,5260.0,7137,13136.0,17511.0,889.0,3509.0,16.7,6,Syn
11519.0,19357.0,291.0,1782.0,963,1488,2306.0,3726,6447.0,10749.0,3613.0,4821.0,16.7,6,Syn
1479.0,8819.0,770.0,2892.0,1438,2653,2069.0,4008,5855.0,11453.0,668.0,1609.0,16.8,6,Syn
10872.0,24856.0,1390.0,3676.0,1698,2219,2685.0,3507,7640.0,10602.0,2584.0,3001.0,16.8,6,Syn
7667.0,21553.0,1325.0,3212.0,2601,3529,3554.0,4924,11355.0,15507.0,1625.0,2522.0,16.9,6,Syn
5057.0,16138.0,1191.0,3186.0,1616,2386,2497.0,3600,7631.0,11057.0,1964.0,2086.0,17.0,6,Syn
10891.0,21239.0,889.0,2690.0,5650,7648,6921.0,9730,16179.0,21161.0,1749.0,2929.0,17.3,6,Syn
13635.0,21601.0,4118.0,9771.0,3588,5034,4322.0,6261,13760.0,19029.0,2462.0,2698.0,17.3,6,Syn
3533.0,12783.0,516.0,1647.0,1691,2674,1990.0,3164,4734.0,7912.0,1381.0,1863.0,17.5,6,Syn
6475.0,14026.0,470.0,2166.0,834,1856,1153.0,2334,3127.0,6455.0,1141.0,1087.0,17.5,6,Syn
9946.0,20584.0,5130.0,8291.0,2048,2625,2907.0,3358,7259.0,8595.0,1619.0,2137.0,17.6,6,Syn
1863.0,10754.0,628.0,2710.0,2326,6041,2866.0,7677,6607.0,18258.0,0.0,313.0,17.7,6,Syn
11812.0,20472.0,1701.0,2859.0,5484,7121,6430.0,8317,18959.0,25703.0,2578.0,5039.0,17.8,6,Syn
3799.0,11090.0,1474.0,3484.0,3805,6050,4843.0,7443,12506.0,19636.0,1316.0,3838.0,17.8,6,Syn
2789.0,8374.0,999.0,3126.0,1181,1590,1716.0,2241,4302.0,5336.0,588.0,651.0,17.8,6,Syn
12006.0,33597.0,750.0,1655.0,1589,2005,3005.0,4015,8549.0,11117.0,1585.0,5755.0,18.0,6,Syn
4840.0,14331.0,1852.0,4371.0,1432,1858,1728.0,2176,5305.0,7037.0,1065.0,1503.0,18.0,6,Syn
4462.0,7138.0,2307.0,5158.0,2226,3043,2932.0,3928,9239.0,12685.0,3422.0,3149.0,18.2,6,Syn
1813.0,4108.0,423.0,1329.0,2097,3010,3229.0,4662,7271.0,9866.0,860.0,1242.0,18.3,6,Syn
4180.0,10420.0,2494.0,6160.0,2054,2539,2244.0,3016,5548.0,7202.0,1342.0,1362.0,18.6,6,Syn
2371.0,10441.0,708.0,2422.0,856,2210,731.0,2821,1945.0,8088.0,1786.0,2596.0,18.6,6,Syn
9180.0,14335.0,820.0,1638.0,14973,19210,14509.0,18675,25405.0,30592.0,2280.0,4243.0,18.7,6,Syn
6968.0,13556.0,1318.0,4730.0,1894,2521,2369.0,2911,6752.0,8646.0,808.0,2227.0,18.8,6,Syn
6239.0,12000.0,530.0,2941.0,1638,2030,2399.0,3116,6219.0,7399.0,484.0,1989.0,18.9,6,Syn
34618.0,46851.0,3436.0,7400.0,2216,2616,4821.0,5992,13788.0,16803.0,5042.0,7662.0,19.0,6,Syn
2709.0,13413.0,815.0,2491.0,1212,1629,1589.0,2339,4559.0,6435.0,1328.0,1757.0,19.0,6,Syn
3443.0,13890.0,736.0,2279.0,3908,6230,4846.0,7879,12513.0,19937.0,1223.0,2825.0,19.1,6,Syn
1646.0,6866.0,806.0,3406.0,1137,1985,1352.0,3095,3809.0,7025.0,898.0,1059.0,19.1,6,Syn
2021.0,7391.0,66.0,2573.0,602,1493,629.0,2429,1165.0,4207.0,127.0,292.0,19.1,6,Syn
5419.0,17843.0,1920.0,4408.0,3095,4039,4136.0,5458,11010.0,13889.0,2211.0,3115.0,19.2,6,Syn
4349.0,12673.0,1069.0,2486.0,1045,1557,1527.0,2600,3670.0,6017.0,1474.0,1656.0,19.5,6,Syn
4603.0,14822.0,1052.0,2411.0,1920,2541,2644.0,3442,6290.0,8595.0,714.0,1461.0,19.5,6,Syn
5651.0,14781.0,224.0,3064.0,2099,2489,2776.0,3354,7894.0,9500.0,1068.0,2145.0,19.6,6,Syn
16297.0,35880.0,1629.0,2863.0,3659,4414,5243.0,6255,13710.0,16598.0,3748.0,3535.0,19.7,6,Syn
2704.0,16617.0,602.0,2969.0,1308,2407,1668.0,3217,4330.0,9036.0,217.0,1599.0,19.8,6,Syn
1777.0,7053.0,0.0,1001.0,328,1018,431.0,1411,1344.0,4909.0,462.0,665.0,19.8,6,Syn
2366.0,15485.0,801.0,3074.0,1365,3547,1483.0,3836,4126.0,9853.0,115.0,331.0,19.9,6,Syn
7976.0,15640.0,1005.0,2435.0,5562,6935,7877.0,10010,17252.0,20868.0,1147.0,1762.0,20.1,6,Syn
2214.0,14494.0,660.0,2756.0,524,1210,677.0,1924,1568.0,5261.0,597.0,1406.0,20.2,6,Syn
1980.0,10971.0,724.0,4264.0,901,1570,1068.0,2326,3155.0,7034.0,714.0,1130.0,20.2,6,Syn
1191.0,5043.0,830.0,3113.0,1362,2721,2001.0,3712,4481.0,8998.0,1406.0,2445.0,20.2,6,Syn
14546.0,25910.0,1920.0,3033.0,3530,3986,4395.0,5017,13123.0,14904.0,3650.0,4823.0,20.3,6,Syn
4826.0,13691.0,1302.0,2947.0,3164,4263,4316.0,5706,11973.0,16359.0,2394.0,5369.0,20.3,6,Syn
8968.0,18305.0,964.0,3070.0,7098,8043,7362.0,8285,20560.0,22884.0,2441.0,3130.0,20.6,6,Syn
15293.0,20207.0,278.0,3565.0,4746,4641,7142.0,7662,18017.0,19330.0,3882.0,3232.0,20.6,6,Syn
15488.0,17760.0,3990.0,6523.0,7333,8603,8916.0,10574,24790.0,28456.0,4901.0,4904.0,20.7,6,Syn
6501.0,13253.0,1766.0,4754.0,2963,3569,3207.0,3680,9570.0,11833.0,775.0,1272.0,20.9,6,Syn
2494.0,8117.0,1053.0,3412.0,2419,3009,2888.0,3641,7977.0,9840.0,830.0,1965.0,20.9,6,Syn
14494.0,20034.0,2250.0,4035.0,8012,8650,8623.0,9771,19884.0,21472.0,2360.0,3680.0,21.0,6,Syn
8641.0,21105.0,1706.0,4431.0,2817,3057,4075.0,4565,10352.0,12006.0,3089.0,3069.0,21.1,6,Syn
4596.0,13681.0,293.0,1330.0,2684,3465,3244.0,4107,8027.0,9894.0,1480.0,1807.0,21.1,6,Syn
34360.0,51948.0,8237.0,11672.0,3518,3812,4890.0,5530,15639.0,17222.0,2756.0,3376.0,21.2,6,Syn
8375.0,22298.0,1445.0,4981.0,9117,11370,9391.0,11404,15592.0,18596.0,907.0,3705.0,21.2,6,Syn
3844.0,23052.0,708.0,2826.0,1634,3370,2367.0,4702,5913.0,11581.0,0.0,0.0,21.4,6,Syn
1904.0,6998.0,109.0,1201.0,560,2030,632.0,2329,1356.0,5585.0,0.0,56.0,21.4,6,Syn
5856.0,17736.0,842.0,2604.0,2830,4283,3538.0,5256,8021.0,12962.0,1258.0,1591.0,21.5,6,Syn
1615.0,9605.0,769.0,2754.0,1097,3331,1178.0,3845,3470.0,11075.0,319.0,424.0,21.5,6,Syn
2012.0,4482.0,983.0,2380.0,3063,3533,3771.0,4389,10391.0,12506.0,0.0,2864.0,21.6,6,Syn
1029.0,6061.0,231.0,2350.0,610,1454,983.0,2801,2342.0,6759.0,118.0,156.0,21.7,6,Syn
11264.0,23976.0,4186.0,8219.0,6247,7281,8355.0,9372,21946.0,24350.0,4039.0,4018.0,21.8,6,Syn
7566.0,19642.0,1009.0,2360.0,4342,5389,5999.0,7272,14027.0,16338.0,2433.0,2903.0,21.8,6,Syn
2818.0,13108.0,1847.0,7187.0,3102,7799,3548.0,8391,7903.0,18440.0,1445.0,2734.0,22.0,6,Syn
3699.0,10655.0,1016.0,2708.0,1067,4041,1293.0,4767,2837.0,9149.0,15.0,247.0,22.0,6,Syn
7058.0,20644.0,1538.0,4487.0,2555,3054,3462.0,4263,9650.0,11801.0,30.0,1512.0,22.0,6,Syn
5759.0,9776.0,1541.0,3668.0,2395,2883,3185.0,3425,9002.0,9309.0,801.0,2141.0,22.0,6,Syn
8638.0,17088.0,2018.0,3980.0,2355,2844,3086.0,3685,7421.0,8610.0,1017.0,2293.0,22.0,6,Syn
1725.0,7087.0,2756.0,6536.0,5477,6778,6996.0,8892,17543.0,22954.0,1775.0,2852.0,22.0,6,Syn
1680.0,10749.0,358.0,2401.0,680,2438,886.0,2822,2167.0,6987.0,799.0,2036.0,22.1,6,Syn
838.0,4385.0,343.0,1360.0,1396,4008,1543.0,4330,3217.0,9306.0,547.0,969.0,22.1,6,Syn
5842.0,14514.0,1953.0,3869.0,2915,3200,4286.0,4903,9743.0,10810.0,1641.0,1572.0,22.1,6,Syn
1739.0,4993.0,1024.0,2780.0,2799,2980,3311.0,3636,8702.0,9025.0,1123.0,1603.0,22.2,6,Syn
4046.0,12400.0,477.0,1533.0,2908,5261,3174.0,5798,7675.0,13029.0,2076.0,2162.0,22.4,6,Syn
1940.0,6627.0,0.0,1116.0,529,1893,623.0,2410,1577.0,5897.0,294.0,327.0,22.4,6,Syn
6950.0,15474.0,796.0,2033.0,3228,3374,4417.0,4698,9042.0,8621.0,1886.0,2247.0,22.5,6,Syn
2898.0,13735.0,842.0,3130.0,571,1647,563.0,1698,1744.0,5482.0,171.0,279.0,22.7,6,Syn
4534.0,15049.0,1637.0,3282.0,3098,3400,3817.0,4387,10128.0,11286.0,1553.0,3300.0,22.7,6,Syn
6004.0,9974.0,1359.0,5104.0,2881,3505,3907.0,4673,10643.0,13111.0,1301.0,1721.0,22.7,6,Syn
5843.0,9116.0,2700.0,4993.0,2766,2824,4188.0,4786,13083.0,13797.0,2183.0,2811.0,22.7,6,Syn
3968.0,12088.0,866.0,2057.0,3155,3483,3730.0,3907,9749.0,10555.0,877.0,1986.0,22.7,6,Syn
2531.0,8872.0,535.0,2025.0,901,1884,921.0,2626,2734.0,6763.0,0.0,0.0,22.8,6,Syn
6018.0,18979.0,1895.0,5792.0,3020,3849,3911.0,4967,9964.0,12319.0,1784.0,2367.0,22.8,6,Syn
6223.0,18387.0,3151.0,6577.0,5668,8934,7196.0,10661,16228.0,22783.0,4057.0,5077.0,22.9,6,Syn
17406.0,29961.0,3642.0,7380.0,5099,5546,6329.0,6999,14818.0,16484.0,3694.0,4394.0,22.9,6,Syn
9256.0,29076.0,1737.0,4033.0,7292,7868,8655.0,10074,15155.0,16861.0,892.0,3356.0,22.9,6,Syn
8978.0,22991.0,2883.0,5515.0,4110,4595,5606.0,6613,16383.0,18757.0,1924.0,3610.0,23.0,6,Syn
5416.0,9803.0,1388.0,2563.0,3376,3285,4595.0,5351,13035.0,14549.0,3184.0,2933.0,23.0,6,Syn
1315.0,4246.0,846.0,3622.0,2257,2726,3137.0,3927,9013.0,11259.0,740.0,1175.0,23.0,6,Syn
15803.0,28883.0,2386.0,4089.0,4523,4530,5800.0,6014,14074.0,15938.0,3333.0,2730.0,23.0,6,Syn
9913.0,19310.0,1639.0,4261.0,5335,7474,6555.0,9204,14170.0,19898.0,506.0,593.0,23.1,6,Syn
5070.0,19454.0,1460.0,4293.0,5733,8134,6525.0,9316,15231.0,19772.0,1374.0,4329.0,23.4,6,Syn
1621.0,7364.0,0.0,466.0,1175,4521,1600.0,5721,2885.0,10254.0,887.0,1404.0,23.4,6,Syn
6406.0,8714.0,17.0,714.0,3250,3302,4994.0,5031,14285.0,13827.0,4893.0,3488.0,23.5,6,Syn
455.0,2168.0,629.0,2836.0,1042,2169,1251.0,3038,2589.0,6233.0,518.0,1026.0,23.5,6,Syn
2206.0,13574.0,571.0,2382.0,2032,3907,2473.0,4908,6287.0,12502.0,827.0,1607.0,23.6,6,Syn
8768.0,18906.0,1081.0,2595.0,4623,5276,6832.0,8020,17802.0,21394.0,4311.0,3340.0,23.6,6,Syn
8529.0,11788.0,1883.0,3746.0,1891,1678,3765.0,3758,9667.0,9991.0,4889.0,3954.0,23.7,6,Syn
6765.0,25109.0,1644.0,4754.0,4571,5619,5648.0,7324,13580.0,17462.0,843.0,1148.0,23.7,6,Syn
4313.0,10502.0,1041.0,3206.0,2681,3073,3219.0,3612,7688.0,7720.0,1038.0,1600.0,23.8,6,Syn
14371.0,20452.0,2681.0,4597.0,3149,3598,5152.0,5407,13238.0,13443.0,2481.0,2846.0,23.8,6,Syn
5955.0,16074.0,1491.0,3913.0,6279,7008,8332.0,9797,22476.0,25513.0,1752.0,3761.0,23.8,6,Syn
6981.0,15046.0,1447.0,5434.0,7168,8196,7545.0,8990,13390.0,15702.0,80.0,800.0,24.0,6,Syn
7419.0,18151.0,1479.0,3103.0,2198,2069,2934.0,3300,7712.0,9130.0,687.0,1546.0,24.0,6,Syn
8750.0,21948.0,1383.0,4041.0,5419,6358,7075.0,7999,16925.0,18078.0,3016.0,3820.0,24.1,6,Syn
9083.0,21657.0,324.0,2031.0,1152,2188,1587.0,2773,4584.0,8444.0,2087.0,1778.0,24.4,6,Syn
5142.0,26144.0,477.0,2076.0,1066,3075,1513.0,4511,5173.0,13322.0,1009.0,2967.0,24.5,6,Syn
1800.0,11013.0,387.0,1501.0,1553,3915,2474.0,5782,6264.0,15234.0,0.0,102.0,24.5,6,Syn
7908.0,17202.0,1330.0,2439.0,4912,5190,7463.0,7691,17517.0,17307.0,1071.0,4342.0,24.5,6,Syn
5843.0,20972.0,1925.0,4820.0,2340,2629,3468.0,4311,9113.0,10806.0,1451.0,2358.0,24.5,6,Syn
5730.0,15705.0,832.0,1849.0,1155,1006,2007.0,2235,5000.0,5301.0,2067.0,2964.0,24.6,6,Syn
6450.0,18117.0,1750.0,4346.0,6325,7316,7515.0,8771,13325.0,14859.0,1460.0,1972.0,24.6,6,Syn
8933.0,20284.0,993.0,2988.0,3620,4028,4655.0,4765,12182.0,13403.0,1222.0,2423.0,24.6,6,Syn
9158.0,22813.0,3081.0,6207.0,4904,5324,7284.0,7831,18811.0,18481.0,2522.0,4713.0,24.6,6,Syn
2343.0,6403.0,308.0,909.0,5229,6805,6896.0,8762,15948.0,20538.0,1416.0,2768.0,24.8,6,Syn
3784.0,7880.0,784.0,4101.0,2578,2832,3171.0,3476,8873.0,9607.0,1643.0,1805.0,25.1,6,Syn
26376.0,39687.0,2161.0,3350.0,3759,3487,5089.0,5193,17003.0,16652.0,3779.0,3366.0,25.2,6,Syn
10697.0,19920.0,242.0,1361.0,4667,5251,5970.0,6255,15348.0,15668.0,1535.0,3207.0,25.2,6,Syn
4808.0,18397.0,1265.0,3385.0,1921,2704,2426.0,3290,6378.0,8437.0,1094.0,1742.0,25.3,6,Syn
13743.0,15378.0,2591.0,3940.0,9923,10606,12789.0,13134,25911.0,25711.0,3502.0,4241.0,25.3,6,Syn
6706.0,13719.0,1447.0,3294.0,4689,4838,5256.0,5647,13964.0,15329.0,2912.0,2873.0,25.5,6,Syn
2637.0,9770.0,1366.0,3557.0,3265,4172,4084.0,5399,10269.0,13292.0,0.0,51.0,25.5,6,Syn
22026.0,37544.0,2593.0,4016.0,6778,6626,8391.0,8411,21059.0,21633.0,5631.0,4025.0,25.5,6,Syn
19180.0,30330.0,1539.0,3253.0,9000,8856,12826.0,13197,32005.0,30815.0,9962.0,9644.0,25.6,6,Syn
7750.0,30459.0,1780.0,3887.0,3937,4569,4758.0,5708,10701.0,13095.0,962.0,1071.0,25.7,6,Syn
18938.0,25542.0,3393.0,4519.0,3123,2560,2992.0,3159,9779.0,8614.0,1451.0,1955.0,25.8,6,Syn
7117.0,22586.0,3192.0,7005.0,4963,5653,6011.0,6691,16056.0,17692.0,1048.0,2431.0,25.8,6,Syn
26658.0,41523.0,4717.0,7672.0,6693,7292,10906.0,11308,29079.0,31918.0,1761.0,4880.0,25.9,6,Syn
3553.0,12575.0,566.0,1844.0,1932,2340,2663.0,3300,6943.0,8434.0,591.0,2036.0,26.0,6,Syn
10703.0,16779.0,1766.0,3567.0,4741,4982,5928.0,6504,13707.0,14582.0,0.0,2133.0,26.0,6,Syn
7904.0,16627.0,873.0,6065.0,1982,4834,2843.0,6587,7208.0,18184.0,3853.0,3039.0,26.1,6,Syn
11406.0,32343.0,2645.0,7267.0,3795,6252,5041.0,8191,12643.0,22395.0,0.0,618.0,26.1,6,Syn
15931.0,18662.0,4179.0,7537.0,7995,8148,8038.0,8224,18631.0,18645.0,3206.0,3029.0,26.1,6,Syn
2061.0,8014.0,1414.0,4083.0,2527,3449,3466.0,5077,8268.0,11783.0,603.0,1340.0,26.1,6,Syn
7061.0,14541.0,599.0,2311.0,566,1812,589.0,2107,1960.0,4750.0,453.0,495.0,26.1,6,Syn
5256.0,20884.0,1266.0,4380.0,2740,3161,3469.0,4197,8345.0,9769.0,139.0,1251.0,26.1,6,Syn
6846.0,21319.0,1472.0,3028.0,2467,2992,3408.0,4497,8993.0,12430.0,706.0,2481.0,26.2,6,Syn
2085.0,7321.0,561.0,2398.0,551,1392,677.0,1965,1673.0,4910.0,255.0,797.0,26.2,6,Syn
1996.0,11776.0,0.0,1352.0,1247,3901,1148.0,3746,2516.0,8675.0,1096.0,2560.0,26.2,6,Syn
3270.0,15051.0,1295.0,3435.0,2862,3929,3342.0,4619,11261.0,15945.0,183.0,178.0,26.2,6,Syn
6568.0,15855.0,1810.0,4642.0,3333,6286,3863.0,7003,9560.0,16524.0,2955.0,2347.0,26.4,6,Syn
1502.0,5882.0,1031.0,2908.0,1348,3983,1539.0,4896,4135.0,11398.0,726.0,1189.0,26.4,6,Syn
7632.0,20986.0,877.0,3296.0,1668,2915,2162.0,4577,6002.0,11472.0,2351.0,1957.0,26.4,6,Syn
4025.0,9213.0,1579.0,3696.0,3466,4397,4360.0,5410,12310.0,14207.0,3101.0,3034.0,26.4,6,Syn
29345.0,46028.0,3421.0,7268.0,6892,6806,9352.0,9894,27477.0,26920.0,9047.0,7022.0,26.6,6,Syn
4920.0,9064.0,1380.0,4801.0,1701,1855,2808.0,3012,7151.0,7293.0,942.0,1541.0,26.6,6,Syn
5761.0,18160.0,796.0,1815.0,2540,3349,3335.0,4555,8041.0,10484.0,740.0,1598.0,26.6,6,Syn
2318.0,13779.0,1086.0,4354.0,1902,3278,2277.0,4115,5704.0,10161.0,13.0,880.0,26.7,6,Syn
21551.0,25051.0,4952.0,4483.0,6029,6057,7325.0,7112,17672.0,16810.0,4071.0,3685.0,26.8,6,Syn
6216.0,14624.0,1800.0,3990.0,3378,4404,4492.0,5417,11093.0,13243.0,1094.0,1213.0,26.8,6,Syn
1840.0,6458.0,472.0,1637.0,2269,2883,2897.0,3861,8129.0,11219.0,0.0,572.0,26.9,6,Syn
11027.0,17421.0,3410.0,4624.0,3086,3454,4596.0,5068,15630.0,16914.0,3776.0,3641.0,27.0,6,Syn
6830.0,19570.0,3512.0,9879.0,7536,9120,8383.0,9949,21096.0,25000.0,0.0,1820.0,27.1,6,Syn
2616.0,15930.0,375.0,1939.0,1100,3379,1638.0,4898,3783.0,11224.0,334.0,1440.0,27.1,6,Syn
3507.0,10513.0,489.0,1637.0,601,984,687.0,1680,2362.0,5524.0,3051.0,3527.0,27.1,6,Syn
3600.0,12141.0,655.0,1723.0,2890,3676,4230.0,5397,11116.0,13763.0,0.0,884.0,27.1,6,Syn
3511.0,16358.0,631.0,2421.0,1297,2835,1315.0,3188,3186.0,8758.0,518.0,977.0,27.1,6,Syn
3073.0,8141.0,830.0,3239.0,1499,3116,1804.0,3861,3908.0,9921.0,808.0,1003.0,27.1,6,Syn
2373.0,11460.0,911.0,2606.0,1405,2701,1742.0,3632,3786.0,8351.0,1571.0,1936.0,27.2,6,Syn
17817.0,17753.0,1644.0,4208.0,5979,5960,7824.0,8022,21178.0,19838.0,6438.0,3932.0,27.3,6,Syn
2177.0,8974.0,976.0,4502.0,4209,6714,5057.0,8067,11602.0,18775.0,250.0,610.0,27.5,6,Syn
11799.0,23350.0,4087.0,5395.0,6543,6539,7990.0,7458,21070.0,20047.0,4087.0,3936.0,27.5,6,Syn
17359.0,30969.0,4959.0,9354.0,8152,8938,10005.0,10571,28558.0,30828.0,2473.0,4081.0,27.6,6,Syn
6124.0,15680.0,1041.0,1696.0,2705,2581,3967.0,4096,9152.0,9749.0,795.0,2196.0,27.8,6,Syn
10381.0,18482.0,1834.0,2130.0,4868,5229,6623.0,6371,16595.0,16776.0,2356.0,3555.0,27.9,6,Syn
19602.0,45723.0,4519.0,8455.0,8918,9495,11553.0,12322,31517.0,33415.0,4924.0,7837.0,28.0,6,Syn
4381.0,14093.0,1670.0,3051.0,3289,3401,4002.0,4171,10610.0,10752.0,1623.0,2342.0,28.0,6,Syn
3418.0,18557.0,1342.0,4871.0,2890,4562,3329.0,5149,8675.0,13553.0,323.0,1924.0,28.0,6,Syn
4360.0,11226.0,53.0,1511.0,273,1793,1046.0,2635,2337.0,7422.0,519.0,940.0,28.0,6,Syn
2838.0,11016.0,355.0,1246.0,4521,5883,5745.0,7390,13797.0,17625.0,94.0,1302.0,28.0,6,Syn
5642.0,15066.0,245.0,1585.0,2241,2438,3160.0,3610,7326.0,7919.0,640.0,1377.0,28.2,6,Syn
14680.0,22966.0,1138.0,2384.0,5959,6326,7911.0,8386,18758.0,18123.0,1579.0,2750.0,28.2,6,Syn
7348.0,14313.0,1757.0,3639.0,2177,2351,2944.0,3237,9622.0,9662.0,2018.0,1941.0,28.3,6,Syn
5031.0,19468.0,1876.0,4859.0,3226,5033,4066.0,6161,9443.0,13705.0,848.0,2376.0,28.3,6,Syn
7446.0,19344.0,1443.0,3255.0,5197,5628,6513.0,7394,15895.0,17579.0,1056.0,1608.0,28.3,6,Syn
3424.0,9890.0,617.0,2359.0,928,1723,882.0,2303,3325.0,6771.0,1424.0,1462.0,28.7,6,Syn
6434.0,20193.0,1907.0,5317.0,2476,3899,3475.0,5126,9545.0,13915.0,2192.0,3397.0,28.8,6,Syn
7035.0,15877.0,1816.0,2897.0,4038,4454,5685.0,6281,14339.0,15236.0,1014.0,1705.0,28.9,6,Syn
4621.0,13873.0,1127.0,2953.0,2286,2631,3239.0,3908,8175.0,9460.0,1129.0,1786.0,28.9,6,Syn
14433.0,23185.0,3263.0,5546.0,6385,7342,8341.0,8414,19060.0,19592.0,1438.0,3180.0,29.0,6,Syn
11724.0,19162.0,1390.0,3298.0,4972,6130,6857.0,7604,19733.0,22476.0,4980.0,4157.0,29.1,6,Syn
2341.0,9358.0,734.0,3160.0,1875,2483,2266.0,3076,4797.0,6369.0,503.0,530.0,29.2,6,Syn
23128.0,35800.0,5388.0,6945.0,7207,7296,10369.0,10423,26187.0,25615.0,2430.0,5020.0,29.6,6,Syn
11332.0,32697.0,2092.0,3035.0,5381,5364,6680.0,6989,18369.0,20150.0,1295.0,2060.0,29.7,6,Syn
37342.0,65198.0,2904.0,5447.0,6930,6513,9983.0,10186,31044.0,30967.0,4446.0,7694.0,29.7,6,Syn
10664.0,16545.0,2911.0,4149.0,5381,5776,7376.0,7648,17256.0,17351.0,2470.0,2571.0,29.7,6,Syn
3788.0,12712.0,1587.0,4881.0,3384,4205,5022.0,6316,13953.0,17468.0,363.0,941.0,29.8,6,Syn
8203.0,17546.0,2125.0,4682.0,4137,4305,5676.0,6165,11843.0,12408.0,2652.0,3522.0,29.8,6,Syn
3947.0,16226.0,2116.0,6127.0,3439,4286,4589.0,5776,11579.0,14354.0,153.0,2189.0,29.9,6,Syn
1848.0,7441.0,791.0,3738.0,361,1030,559.0,1518,1466.0,4185.0,153.0,374.0,30.2,6,Syn
7259.0,18756.0,2216.0,5050.0,3472,4086,4198.0,4667,11406.0,12112.0,302.0,2195.0,30.2,6,Syn
3385.0,18564.0,1333.0,4745.0,2871,4885,3608.0,6448,9928.0,18010.0,1708.0,3821.0,30.3,6,Syn
9137.0,21028.0,4632.0,7915.0,3567,4594,4976.0,6539,13735.0,17548.0,2721.0,3043.0,30.3,6,Syn
8724.0,11452.0,2985.0,4082.0,3401,3773,4597.0,4964,12199.0,12205.0,1994.0,1785.0,30.6,6,Syn
13007.0,13540.0,3378.0,3844.0,6042,5913,6293.0,6374,14472.0,13753.0,713.0,1720.0,30.8,6,Syn
15517.0,33633.0,1790.0,3643.0,4284,4646,6560.0,7147,17163.0,17110.0,1930.0,3205.0,30.8,6,Syn
3393.0,9742.0,2935.0,6091.0,5232,6166,5550.0,6676,12199.0,14252.0,977.0,1597.0,30.8,6,Syn
13592.0,15040.0,3750.0,3539.0,2180,2459,3011.0,3630,7909.0,9500.0,2365.0,1842.0,30.8,6,Syn
2312.0,8757.0,762.0,2898.0,388,1114,639.0,1865,1251.0,4489.0,387.0,484.0,30.8,6,Syn
11396.0,25347.0,1826.0,3106.0,12241,12770,12200.0,12524,23760.0,24804.0,2316.0,2711.0,30.9,6,Syn
2905.0,8679.0,1594.0,4788.0,1190,3502,1412.0,3823,3811.0,8981.0,1842.0,2729.0,31.1,6,Syn
3032.0,19236.0,909.0,5074.0,2696,5221,2606.0,5228,6690.0,13078.0,0.0,988.0,31.1,6,Syn
11072.0,20231.0,935.0,2649.0,5057,4892,7232.0,7368,16935.0,17625.0,3367.0,3537.0,31.1,6,Syn
3486.0,6346.0,2267.0,5058.0,7605,7675,10082.0,10412,25645.0,26728.0,4021.0,3552.0,31.1,6,Syn
1123.0,6105.0,1002.0,4574.0,3427,5831,4845.0,8236,11071.0,19562.0,0.0,1173.0,31.3,6,Syn
6224.0,17937.0,1199.0,3099.0,2292,2310,3389.0,3754,10949.0,12300.0,1407.0,3103.0,31.5,6,Syn
17141.0,30040.0,3160.0,5788.0,10996,11870,13005.0,13546,30505.0,31154.0,4610.0,5559.0,31.6,6,Syn
3777.0,8353.0,2099.0,4682.0,2657,3568,3077.0,4943,9236.0,13567.0,3577.0,3548.0,31.9,6,Syn
2357.0,14603.0,698.0,2938.0,850,2643,948.0,3274,2488.0,8164.0,142.0,200.0,31.9,6,Syn
26453.0,56382.0,2308.0,4854.0,6494,6626,9552.0,9586,28378.0,27779.0,6692.0,5850.0,31.9,6,Syn
4365.0,13619.0,708.0,2753.0,4050,5233,5853.0,7617,16126.0,21234.0,1223.0,2117.0,32.1,6,Syn
2804.0,9330.0,0.0,1163.0,690,1682,698.0,2208,1867.0,6705.0,370.0,645.0,32.1,6,Syn
21388.0,30754.0,1579.0,3032.0,4524,4169,6665.0,6795,19366.0,19711.0,5483.0,5374.0,32.2,6,Syn
5888.0,22811.0,1325.0,3365.0,3348,4207,3616.0,4536,8616.0,10680.0,456.0,1969.0,32.2,6,Syn
16301.0,22718.0,0.0,589.0,7523,7127,9509.0,9385,25802.0,25493.0,4492.0,5382.0,32.3,6,Syn
4890.0,9668.0,2152.0,7102.0,1831,5511,2208.0,5687,5491.0,11544.0,1783.0,2066.0,32.3,6,Syn
6985.0,17406.0,945.0,4049.0,3104,6931,3664.0,7934,6642.0,12876.0,881.0,1272.0,32.3,6,Syn
12419.0,18735.0,3848.0,5426.0,3297,3318,4504.0,4342,13990.0,13380.0,2423.0,1337.0,32.4,6,Syn
1290.0,7512.0,242.0,2399.0,3176,5215,3636.0,5944,9588.0,15668.0,0.0,755.0,32.4,6,Syn
17659.0,13252.0,2289.0,3634.0,3768,3469,4631.0,4402,10584.0,10787.0,1135.0,1245.0,32.6,6,Syn
8270.0,17798.0,1450.0,3448.0,5676,6553,6948.0,7528,16796.0,18279.0,1673.0,2805.0,32.7,6,Syn
2017.0,6284.0,382.0,2631.0,1830,2264,1977.0,2807,5712.0,7453.0,0.0,18.0,32.7,6,Syn
11712.0,16842.0,2284.0,4978.0,4447,4529,5383.0,6080,15351.0,16232.0,1368.0,2594.0,32.8,6,Syn
68580.0,103647.0,25197.0,40673.0,9550,9788,13880.0,13995,38318.0,38638.0,7032.0,6991.0,32.8,6,Syn
12924.0,33488.0,2514.0,5177.0,3904,4671,5190.0,5797,17506.0,19621.0,1380.0,5573.0,32.9,6,Syn
2596.0,8135.0,482.0,2340.0,847,1752,1161.0,2890,2559.0,6142.0,1912.0,2099.0,33.0,6,Syn
1176.0,5402.0,588.0,2800.0,2604,4182,2796.0,4610,5981.0,9593.0,802.0,1166.0,33.0,6,Syn
2621.0,8182.0,873.0,4007.0,2974,3302,3474.0,3828,7731.0,8857.0,387.0,485.0,33.1,6,Syn
12261.0,22369.0,1538.0,3898.0,6706,7154,7472.0,7626,17998.0,17568.0,4194.0,2664.0,33.2,6,Syn
8465.0,11516.0,1984.0,4371.0,6893,7184,9254.0,9345,21946.0,23050.0,554.0,3638.0,33.2,6,Syn
24594.0,42650.0,2748.0,5407.0,8302,8738,10234.0,10081,24189.0,22469.0,1669.0,3187.0,33.2,6,Syn
3791.0,12637.0,0.0,358.0,2341,3155,2800.0,3708,7279.0,9729.0,896.0,936.0,33.2,6,Syn
11027.0,12090.0,1107.0,3494.0,1643,1323,2395.0,2249,7455.0,6265.0,2859.0,2077.0,33.5,6,Syn
3245.0,11845.0,1524.0,4708.0,4376,5650,5906.0,8016,14176.0,19333.0,345.0,1386.0,33.5,6,Syn
9499.0,18227.0,786.0,2614.0,2730,3125,4160.0,4590,11920.0,13062.0,2028.0,3993.0,33.6,6,Syn
3834.0,10928.0,708.0,3577.0,1559,2509,2418.0,3837,6931.0,12353.0,484.0,584.0,33.7,6,Syn
3512.0,12054.0,928.0,1767.0,580,1430,602.0,1272,1904.0,4003.0,1000.0,1035.0,33.7,6,Syn
4723.0,10055.0,472.0,3631.0,1069,2532,1347.0,2823,2978.0,6631.0,358.0,350.0,33.7,6,Syn
12593.0,19821.0,4644.0,8004.0,4611,4895,6073.0,6472,18289.0,19226.0,2795.0,4248.0,33.8,6,Syn
16396.0,17486.0,2195.0,3147.0,4734,4360,6735.0,6451,17873.0,16136.0,4170.0,4567.0,33.9,6,Syn
8838.0,14676.0,2416.0,4103.0,8065,8818,8888.0,9556,17512.0,17131.0,661.0,1461.0,34.0,6,Syn
5315.0,7935.0,1182.0,3651.0,4957,5304,7327.0,7196,18108.0,18081.0,3963.0,4151.0,34.1,6,Syn
9762.0,18750.0,1618.0,3985.0,2008,5821,2391.0,6592,6107.0,14513.0,2964.0,2584.0,34.1,6,Syn
20671.0,35786.0,1527.0,4955.0,7313,7027,9469.0,9830,26073.0,25595.0,3593.0,5029.0,34.1,6,Syn
7054.0,7976.0,1962.0,4482.0,2827,3679,2941.0,4234,8748.0,10372.0,2619.0,2359.0,34.2,6,Syn
2383.0,11669.0,0.0,1709.0,792,1683,957.0,2371,2194.0,5798.0,2021.0,2570.0,34.2,6,Syn
4775.0,21187.0,434.0,2386.0,2065,2663,3197.0,4419,7456.0,9959.0,1456.0,2718.0,34.2,6,Syn
6988.0,18595.0,950.0,2403.0,3107,4364,3967.0,5152,8123.0,11067.0,941.0,973.0,34.2,6,Syn
18426.0,23464.0,2985.0,3106.0,3001,2867,4211.0,4232,11659.0,11163.0,2780.0,1724.0,34.4,6,Syn
8561.0,26269.0,2900.0,7199.0,4068,4604,5410.0,6461,14963.0,17785.0,1340.0,3486.0,34.4,6,Syn
1571.0,8136.0,1005.0,3279.0,1972,4718,1974.0,4974,5068.0,10624.0,495.0,920.0,34.4,6,Syn
32107.0,46753.0,5139.0,9346.0,5432,5428,7357.0,7540,20869.0,22308.0,5298.0,6096.0,34.5,6,Syn
5996.0,16400.0,1287.0,4136.0,3209,3506,3756.0,4265,9366.0,11172.0,1343.0,3130.0,34.6,6,Syn
12305.0,20740.0,2147.0,4222.0,5383,5338,6945.0,6989,17429.0,16747.0,2137.0,3015.0,34.7,6,Syn
5082.0,10899.0,868.0,3014.0,2002,2639,2778.0,3698,7657.0,9722.0,947.0,2068.0,34.8,6,Syn
12280.0,21020.0,2434.0,4390.0,5191,5589,6624.0,7224,19113.0,20072.0,836.0,3365.0,34.9,6,Syn
9406.0,31812.0,2569.0,6936.0,1574,1481,3872.0,4214,11378.0,12029.0,1974.0,2257.0,35.1,6,Syn
933.0,5006.0,413.0,2084.0,1643,2584,2347.0,3956,5764.0,9261.0,460.0,1559.0,35.2,6,Syn
13660.0,18909.0,2444.0,3399.0,2749,2958,4463.0,4531,11871.0,11205.0,1774.0,1810.0,35.2,6,Syn
2659.0,13898.0,1282.0,3012.0,776,1471,638.0,2208,2031.0,5709.0,608.0,664.0,35.3,6,Syn
5774.0,14704.0,710.0,1603.0,2341,2816,4034.0,5139,11495.0,15196.0,2090.0,3326.0,35.3,6,Syn
5694.0,13674.0,1411.0,3880.0,7321,7891,7540.0,8373,16947.0,17294.0,0.0,1312.0,35.4,6,Syn
1382.0,8658.0,676.0,4305.0,713,2024,954.0,2611,2759.0,7773.0,1121.0,1782.0,35.6,6,Syn
7341.0,12935.0,3470.0,7788.0,4856,4980,7141.0,7812,19237.0,21759.0,1812.0,3394.0,35.6,6,Syn
3857.0,13917.0,801.0,3104.0,811,1553,1019.0,2503,2559.0,6869.0,0.0,0.0,35.6,6,Syn
3456.0,14986.0,2119.0,4098.0,4270,4976,4369.0,5370,12257.0,14857.0,2233.0,3048.0,35.7,6,Syn
19561.0,40383.0,1800.0,3353.0,9229,8769,12573.0,12722,29993.0,29117.0,5419.0,7075.0,35.7,6,Syn
10056.0,20492.0,2811.0,4609.0,7355,7777,9267.0,9623,20451.0,20113.0,1123.0,2319.0,35.7,6,Syn
3529.0,7348.0,1237.0,4030.0,2322,2809,3320.0,3854,8470.0,9927.0,135.0,718.0,36.0,6,Syn
43637.0,68766.0,68016.0,112568.0,3841,3888,5969.0,5903,17638.0,18140.0,4782.0,3922.0,36.0,6,Syn
3596.0,5251.0,2657.0,4428.0,2872,2933,4213.0,4038,11689.0,12407.0,3063.0,3189.0,36.1,6,Syn
6585.0,13937.0,2095.0,2996.0,3503,2942,4715.0,4469,11877.0,11436.0,3078.0,2669.0,36.2,6,Syn
6269.0,19115.0,1484.0,3884.0,1721,1800,4109.0,4605,11088.0,13277.0,1771.0,3802.0,36.3,6,Syn
12355.0,21457.0,1273.0,2970.0,6430,6864,8601.0,8903,20573.0,20504.0,3575.0,3068.0,36.4,6,Syn
6500.0,22003.0,2195.0,5546.0,4961,6661,6630.0,8859,15602.0,21315.0,1506.0,4053.0,36.4,6,Syn
15254.0,23001.0,11598.0,9449.0,8622,8999,10047.0,10599,25106.0,25446.0,1091.0,2580.0,36.4,6,Syn
8800.0,21449.0,2813.0,4950.0,4384,4686,6525.0,6953,17804.0,17013.0,2359.0,4517.0,36.5,6,Syn
1915.0,10210.0,0.0,384.0,2453,4721,2651.0,5381,4429.0,9701.0,741.0,1161.0,36.5,6,Syn
3237.0,20254.0,477.0,3380.0,2002,3780,2370.0,4523,5888.0,11055.0,177.0,639.0,36.5,6,Syn
8714.0,15904.0,5158.0,8908.0,3246,3268,4189.0,4375,11153.0,10735.0,2260.0,3084.0,36.5,6,Syn
4248.0,18504.0,1563.0,4952.0,4240,5937,4537.0,6343,9751.0,13290.0,1777.0,2686.0,36.5,6,Syn
7351.0,11065.0,2040.0,4397.0,3294,3208,4207.0,4259,11124.0,11143.0,1164.0,2472.0,36.6,6,Syn
1179.0,7541.0,195.0,2262.0,795,2130,837.0,2203,1772.0,5039.0,1076.0,1787.0,36.7,6,Syn
7965.0,14973.0,2439.0,3856.0,7355,7438,7486.0,7791,16858.0,17819.0,667.0,2673.0,36.7,6,Syn
4624.0,14870.0,1218.0,3163.0,3856,4094,5072.0,5546,12031.0,13259.0,919.0,2460.0,36.8,6,Syn
9211.0,16574.0,1847.0,2198.0,3633,3523,5328.0,5337,14158.0,14992.0,1578.0,2591.0,36.9,6,Syn
6694.0,8468.0,2710.0,4260.0,3455,3504,4406.0,4691,10499.0,11191.0,2029.0,1697.0,36.9,6,Syn
5583.0,20889.0,2694.0,7607.0,3213,4050,3936.0,5076,11822.0,15170.0,1360.0,1887.0,36.9,6,Syn
2013.0,10109.0,1426.0,4436.0,1330,2435,1892.0,3946,5164.0,10578.0,871.0,3075.0,37.0,6,Syn
3012.0,14241.0,738.0,3133.0,1145,2391,1621.0,3877,4469.0,10530.0,71.0,352.0,37.0,6,Syn
8037.0,10430.0,1764.0,4558.0,3826,4209,4470.0,4815,12701.0,12288.0,1234.0,1610.0,37.0,6,Syn
10294.0,24574.0,4366.0,8174.0,5830,6993,6694.0,8179,16846.0,20765.0,3046.0,3909.0,37.1,6,Syn
10095.0,16774.0,1520.0,3059.0,4960,4928,7668.0,7732,19918.0,20694.0,4551.0,3922.0,37.1,6,Syn
1994.0,6857.0,932.0,3969.0,1009,1211,1618.0,2099,4138.0,5383.0,284.0,450.0,37.2,6,Syn
5206.0,11909.0,2228.0,5619.0,3801,4181,5401.0,6313,12964.0,14853.0,785.0,2323.0,37.3,6,Syn
13368.0,26434.0,1029.0,1777.0,10380,10223,12547.0,12480,25478.0,24376.0,4346.0,4496.0,37.3,6,Syn
6981.0,20541.0,3122.0,6080.0,4230,4596,5685.0,6254,13774.0,15799.0,685.0,2420.0,37.3,6,Syn
9517.0,20405.0,1735.0,3453.0,1851,1976,3055.0,3035,8598.0,8274.0,605.0,1907.0,37.5,6,Syn
8936.0,11485.0,2876.0,2854.0,8312,8751,8986.0,8906,18644.0,18172.0,2006.0,2229.0,37.7,6,Syn
1362.0,8670.0,451.0,1912.0,1767,3149,2581.0,4859,6818.0,12637.0,71.0,922.0,37.7,6,Syn
1754.0,10797.0,216.0,1692.0,602,1821,987.0,3293,2393.0,7887.0,164.0,645.0,37.7,6,Syn
11390.0,8529.0,3015.0,4985.0,3962,4247,5884.0,6014,14201.0,14415.0,3539.0,2674.0,37.9,6,Syn
11539.0,21613.0,4298.0,5015.0,6208,6315,8412.0,8055,16508.0,14967.0,2561.0,2377.0,38.0,6,Syn
6165.0,15448.0,1472.0,3353.0,8031,8759,8680.0,9261,17995.0,18132.0,1465.0,2355.0,38.1,6,Syn
2625.0,10413.0,1805.0,5641.0,2751,3868,3956.0,5548,10400.0,14972.0,304.0,1608.0,38.1,6,Syn
20359.0,34220.0,1771.0,5815.0,5640,6186,7649.0,7993,20483.0,20509.0,1600.0,2730.0,38.3,6,Syn
7772.0,14712.0,2389.0,4182.0,3485,3815,5257.0,5991,14123.0,15127.0,4452.0,4453.0,38.5,6,Syn
20672.0,28648.0,3604.0,5111.0,7333,7726,9555.0,9783,22398.0,22518.0,1536.0,4355.0,38.5,6,Syn
620.0,2870.0,159.0,1303.0,1266,2473,1700.0,3693,4587.0,9945.0,329.0,925.0,38.6,6,Syn
2203.0,10149.0,1175.0,4021.0,2190,6391,2588.0,6750,5163.0,13521.0,1538.0,2046.0,38.6,6,Syn
4259.0,15305.0,1392.0,4067.0,4635,7876,4976.0,8714,9690.0,16816.0,912.0,1408.0,38.6,6,Syn
2261.0,7514.0,1663.0,5055.0,3451,4622,5079.0,7065,14356.0,20178.0,1226.0,3314.0,38.9,6,Syn
13472.0,16013.0,901.0,2527.0,5991,6084,8216.0,8406,19554.0,19452.0,1568.0,2367.0,39.0,6,Syn
14492.0,19844.0,897.0,2186.0,3221,3391,4638.0,4678,14931.0,15156.0,4776.0,4680.0,39.1,6,Syn
2098.0,7999.0,696.0,2715.0,776,1550,1180.0,2883,3225.0,7524.0,962.0,1458.0,39.3,6,Syn
13116.0,20439.0,1822.0,4236.0,5936,6430,7366.0,7334,18171.0,17141.0,4465.0,4844.0,39.3,6,Syn
18297.0,35854.0,4476.0,6604.0,8045,8554,11022.0,11544,27178.0,27813.0,5524.0,5295.0,39.3,6,Syn
17884.0,25746.0,4523.0,6941.0,3636,3766,4641.0,4928,11872.0,13131.0,796.0,2280.0,39.4,6,Syn
10484.0,21045.0,2155.0,4196.0,4012,3881,4881.0,4835,12628.0,11650.0,1936.0,2463.0,39.4,6,Syn
4345.0,23733.0,1146.0,3836.0,638,952,1811.0,2992,4530.0,7789.0,1340.0,2187.0,39.6,6,Syn
5770.0,15058.0,1182.0,2566.0,1623,1596,3181.0,3476,8686.0,8924.0,1059.0,3455.0,39.7,6,Syn
14949.0,23604.0,2566.0,4244.0,3464,3576,4890.0,4903,13932.0,13116.0,2170.0,2751.0,40.0,6,Syn
7779.0,15376.0,2487.0,5247.0,4131,4698,4903.0,5194,11066.0,11900.0,1725.0,1816.0,40.0,6,Syn
1453.0,5973.0,1162.0,2701.0,1438,1869,2066.0,2761,4994.0,7921.0,372.0,440.0,40.1,6,Syn
9908.0,17850.0,3537.0,5118.0,3388,3211,4851.0,5095,12393.0,12184.0,2844.0,2927.0,40.1,6,Syn
5879.0,22896.0,1024.0,3212.0,1893,2436,2593.0,3465,6536.0,8806.0,792.0,883.0,40.2,6,Syn
3152.0,9692.0,1826.0,4064.0,2857,3373,3913.0,4822,9536.0,11545.0,954.0,2076.0,40.5,6,Syn
12344.0,34812.0,1853.0,3903.0,3683,4258,5863.0,6202,13108.0,14468.0,1465.0,2723.0,40.5,6,Syn
2057.0,11904.0,506.0,2554.0,957,2340,1178.0,2920,3527.0,8308.0,0.0,136.0,40.5,6,Syn
9137.0,22390.0,1745.0,3122.0,3463,4132,4681.0,5676,11279.0,13228.0,1415.0,2086.0,40.8,6,Syn
7869.0,17404.0,2619.0,5316.0,3696,3852,5007.0,5486,14644.0,15034.0,3475.0,3042.0,40.9,6,Syn
7043.0,20074.0,2049.0,4730.0,6779,8022,8332.0,9875,20996.0,25016.0,0.0,1677.0,40.9,6,Syn
7532.0,25824.0,2377.0,2931.0,3973,3990,5260.0,5513,15432.0,16442.0,3516.0,3364.0,41.0,6,Syn
10368.0,18955.0,3355.0,6087.0,5606,5787,7599.0,7958,20416.0,21678.0,766.0,2410.0,41.1,6,Syn
13272.0,27735.0,2435.0,6116.0,4943,5476,7091.0,7629,19334.0,20678.0,989.0,4127.0,41.1,6,Syn
1341.0,6959.0,1270.0,4307.0,1653,2611,2061.0,3102,5811.0,9072.0,863.0,1333.0,41.1,6,Syn
1349.0,3584.0,317.0,1960.0,626,1635,794.0,2092,2344.0,6621.0,196.0,852.0,41.1,6,Syn
2271.0,7646.0,1208.0,2274.0,3967,4975,4862.0,5917,11994.0,14172.0,903.0,1625.0,41.2,6,Syn
1010.0,4827.0,901.0,3617.0,2489,3733,3013.0,4573,6931.0,10576.0,691.0,993.0,41.2,6,Syn
3498.0,7475.0,720.0,2630.0,4649,4945,5366.0,5874,13414.0,14767.0,114.0,1813.0,41.2,6,Syn
3286.0,14601.0,925.0,3706.0,4955,8070,5850.0,9626,14089.0,23183.0,1076.0,1787.0,41.2,6,Syn
8220.0,20195.0,2217.0,5069.0,5568,5652,7239.0,7583,17912.0,19366.0,2620.0,4460.0,41.3,6,Syn
13142.0,14276.0,3010.0,4492.0,4840,5142,5155.0,5670,10818.0,12384.0,1973.0,2158.0,41.3,6,Syn
5832.0,22117.0,1453.0,4113.0,3662,4618,5058.0,6455,11477.0,14155.0,1050.0,2573.0,41.4,6,Syn
2846.0,16132.0,351.0,1359.0,451,1315,522.0,1670,1578.0,4378.0,60.0,47.0,41.4,6,Syn
1388.0,9216.0,345.0,1535.0,921,1468,1571.0,2957,3348.0,6222.0,0.0,112.0,41.6,6,Syn
5038.0,12064.0,1596.0,2858.0,2552,2486,3715.0,3966,9798.0,11057.0,2014.0,2387.0,41.6,6,Syn
19099.0,25615.0,3736.0,5192.0,2824,3276,5168.0,4837,14611.0,14199.0,4886.0,4553.0,41.7,6,Syn
10454.0,32623.0,3697.0,7576.0,4731,4539,5916.0,5987,16403.0,16794.0,1498.0,3507.0,42.0,6,Syn
4391.0,18438.0,1501.0,4557.0,3814,4811,4403.0,5354,11106.0,13125.0,1476.0,2572.0,42.1,6,Syn
25264.0,20895.0,3084.0,4610.0,2622,2664,3436.0,3229,9826.0,8534.0,2341.0,2353.0,42.2,6,Syn
1992.0,9085.0,248.0,1065.0,1091,2783,1235.0,3377,2987.0,9061.0,2283.0,3142.0,42.3,6,Syn
1951.0,11723.0,401.0,2100.0,2237,3960,2970.0,5203,7305.0,13284.0,723.0,1673.0,42.3,6,Syn
7309.0,14660.0,2614.0,4830.0,1659,2908,1873.0,3559,4885.0,8893.0,3032.0,2323.0,42.3,6,Syn
7128.0,20556.0,844.0,3999.0,1457,2873,1565.0,3477,4368.0,8838.0,580.0,1127.0,42.3,6,Syn
3487.0,21563.0,1701.0,6335.0,1822,3774,2058.0,4241,4707.0,8943.0,1270.0,1979.0,42.3,6,Syn
2921.0,13915.0,861.0,4963.0,1250,3387,1144.0,3421,2927.0,7753.0,0.0,336.0,42.3,6,Syn
8631.0,16057.0,683.0,2102.0,5588,7112,6693.0,8454,16604.0,19464.0,4250.0,3198.0,42.4,6,Syn
2764.0,17795.0,140.0,1210.0,1149,4097,1488.0,5209,3823.0,12158.0,0.0,47.0,42.4,6,Syn
3288.0,10013.0,1417.0,3329.0,1203,1524,3026.0,3760,8808.0,10724.0,1600.0,4023.0,42.6,6,Syn
3177.0,18739.0,1217.0,4847.0,1839,3137,3014.0,5414,6456.0,11368.0,13.0,318.0,42.8,6,Syn
18833.0,12916.0,1634.0,2519.0,469,2207,974.0,3670,2306.0,7312.0,12.0,383.0,42.8,6,Syn
15714.0,29552.0,2149.0,6516.0,5656,5892,7856.0,8168,21884.0,21640.0,4262.0,4308.0,42.9,6,Syn
4542.0,7671.0,1762.0,4237.0,6080,6079,6554.0,6755,15379.0,15438.0,2652.0,2253.0,43.0,6,Syn
15990.0,24177.0,2634.0,4873.0,7594,7987,9490.0,9984,30078.0,30519.0,4343.0,3646.0,43.0,6,Syn
5809.0,14132.0,1939.0,5833.0,7400,8419,7763.0,9083,19489.0,22235.0,731.0,2344.0,43.1,6,Syn
3050.0,9629.0,501.0,1622.0,3840,4909,4662.0,6132,12091.0,16031.0,1302.0,4378.0,43.3,6,Syn
6989.0,13760.0,1297.0,3739.0,1111,1162,2432.0,2528,6909.0,6613.0,176.0,1524.0,43.4,6,Syn
4751.0,14288.0,3558.0,7546.0,2293,3325,3282.0,4918,9180.0,13981.0,2248.0,3122.0,43.5,6,Syn
2639.0,11999.0,1283.0,5720.0,1169,2609,1233.0,3656,3049.0,10362.0,428.0,852.0,43.5,6,Syn
4416.0,22114.0,724.0,2411.0,2162,3653,3033.0,5033,7878.0,13537.0,0.0,1026.0,43.6,6,Syn
13139.0,28656.0,5882.0,11181.0,5647,5871,7174.0,7352,18212.0,18175.0,2213.0,3213.0,43.6,6,Syn
6912.0,15075.0,1218.0,3209.0,2231,3826,2884.0,5097,7259.0,13907.0,0.0,639.0,43.6,6,Syn
31065.0,50086.0,3170.0,4256.0,6818,7131,9871.0,10006,29823.0,28622.0,4420.0,5857.0,43.6,6,Syn
27264.0,44187.0,40133.0,63535.0,5043,4937,5887.0,5869,14254.0,13897.0,1824.0,2384.0,43.7,6,Syn
10139.0,19960.0,1357.0,2505.0,5181,4924,6254.0,6493,14831.0,15385.0,877.0,2152.0,43.7,6,Syn
4794.0,10612.0,1749.0,3678.0,4825,5481,6160.0,6442,16437.0,17853.0,3387.0,4165.0,43.7,6,Syn
14795.0,28043.0,5520.0,8963.0,9023,9909,10960.0,11618,24444.0,24595.0,2164.0,3359.0,43.9,6,Syn
12130.0,16334.0,5434.0,7182.0,8761,9795,10486.0,11048,23013.0,23606.0,2619.0,2841.0,43.9,6,Syn
4402.0,12663.0,70.0,1028.0,3615,3968,4693.0,5218,11585.0,12773.0,775.0,2850.0,44.1,6,Syn
9960.0,29160.0,896.0,2749.0,2977,3446,4618.0,5255,14269.0,15087.0,2230.0,3642.0,44.3,6,Syn
7801.0,18125.0,1922.0,4640.0,3789,4000,5980.0,6051,14084.0,14271.0,2330.0,2672.0,44.5,6,Syn
5019.0,13434.0,1702.0,5794.0,4300,4651,5622.0,6347,15589.0,17598.0,1269.0,2401.0,44.6,6,Syn
2840.0,9002.0,0.0,0.0,4903,5798,6143.0,7237,15019.0,17104.0,858.0,1071.0,44.8,6,Syn
3052.0,16889.0,916.0,3752.0,1259,3171,1385.0,4002,4379.0,12098.0,1419.0,2644.0,44.8,6,Syn
8965.0,21669.0,1464.0,3667.0,2304,4075,2910.0,5225,8564.0,14643.0,107.0,989.0,44.8,6,Syn
2214.0,7550.0,236.0,821.0,1961,5099,2228.0,5264,4840.0,12098.0,597.0,1817.0,44.9,6,Syn
4348.0,23442.0,604.0,2332.0,2630,5881,2837.0,6138,5656.0,13489.0,512.0,840.0,44.9,6,Syn
16551.0,23839.0,3582.0,5927.0,4631,4514,6822.0,6667,20023.0,19842.0,5787.0,5083.0,44.9,6,Syn
13229.0,21159.0,2507.0,3360.0,2856,3061,3709.0,3876,12131.0,12896.0,3692.0,3722.0,45.0,6,Syn
1003.0,5165.0,1699.0,6244.0,883,1548,1363.0,2447,4626.0,8288.0,0.0,0.0,45.1,6,Syn
2249.0,14526.0,647.0,2493.0,1561,2756,2209.0,4107,5148.0,9767.0,953.0,1621.0,45.3,6,Syn
14180.0,32530.0,1931.0,5048.0,4683,5325,5881.0,6953,17530.0,21471.0,6043.0,4459.0,45.5,6,Syn
1902.0,7494.0,739.0,2445.0,2099,2820,3096.0,4159,7870.0,10872.0,358.0,1647.0,45.5,6,Syn
12100.0,25038.0,2047.0,4720.0,3503,4166,5374.0,5995,13309.0,14254.0,1173.0,2353.0,45.5,6,Syn
13699.0,28385.0,3086.0,5045.0,4210,4105,5816.0,5894,16833.0,16623.0,2847.0,3270.0,45.7,6,Syn
6921.0,16153.0,1661.0,3625.0,2586,3031,3254.0,3796,8896.0,10982.0,1936.0,1789.0,45.7,6,Syn
12561.0,24401.0,2013.0,4911.0,6459,5996,7433.0,7247,19184.0,18512.0,3154.0,3402.0,45.7,6,Syn
4354.0,7631.0,678.0,2433.0,4104,4821,5196.0,5799,12543.0,14046.0,893.0,1554.0,45.8,6,Syn
7252.0,10487.0,3086.0,4858.0,2642,3218,3820.0,4057,9483.0,10388.0,2888.0,2141.0,45.9,6,Syn
24454.0,37413.0,3510.0,5488.0,8161,8925,11206.0,11604,27116.0,27597.0,3333.0,5648.0,46.0,6,Syn
6388.0,15284.0,2502.0,5240.0,3189,3159,3740.0,4104,10744.0,10467.0,770.0,1448.0,46.0,6,Syn
6544.0,16377.0,1477.0,3621.0,4086,4449,6135.0,6801,15676.0,17140.0,880.0,2509.0,46.2,6,Syn
9927.0,19970.0,4657.0,9370.0,4518,4881,5582.0,5956,15768.0,17389.0,2873.0,3195.0,46.2,6,Syn
6187.0,15478.0,681.0,1878.0,4035,4302,5361.0,5984,13238.0,15327.0,2161.0,2308.0,46.4,6,Syn
1960.0,8068.0,1273.0,4854.0,2576,3794,3294.0,4867,8616.0,13049.0,310.0,842.0,46.5,6,Syn
3683.0,12291.0,1750.0,4193.0,2275,4133,2312.0,4609,7561.0,13531.0,1783.0,2496.0,46.5,6,Syn
4496.0,14599.0,526.0,3130.0,1523,3821,1617.0,4214,4914.0,11488.0,240.0,382.0,46.5,6,Syn
7963.0,22467.0,2634.0,5946.0,5745,6745,6282.0,7262,14941.0,16674.0,1468.0,1343.0,46.5,6,Syn
15395.0,19429.0,0.0,2320.0,3720,3818,5610.0,5249,16296.0,14816.0,2549.0,3222.0,46.6,6,Syn
3593.0,16239.0,650.0,2635.0,2755,3454,3585.0,4915,8422.0,11283.0,0.0,64.0,46.7,6,Syn
4614.0,17897.0,1368.0,3817.0,1193,1299,1900.0,2068,5576.0,6216.0,722.0,974.0,46.7,6,Syn
1516.0,8612.0,563.0,2140.0,1199,1597,1516.0,2123,4138.0,5669.0,760.0,959.0,46.7,6,Syn
4384.0,15877.0,1740.0,4209.0,1670,3149,2061.0,3424,5237.0,10158.0,1232.0,1649.0,46.7,6,Syn
5440.0,10871.0,1962.0,4209.0,2917,3287,3825.0,4035,10474.0,10142.0,1219.0,2275.0,46.7,6,Syn
16659.0,27587.0,2562.0,4650.0,7982,8552,11348.0,11833,31223.0,31475.0,2894.0,5874.0,46.7,6,Syn
25627.0,42234.0,4104.0,6110.0,7129,6751,10094.0,10427,30157.0,30009.0,5909.0,7223.0,46.8,6,Syn
1558.0,9333.0,514.0,2058.0,2488,4674,3131.0,5771,7607.0,14224.0,27.0,557.0,46.9,6,Syn
6100.0,12796.0,437.0,3026.0,2479,2582,3455.0,3527,8163.0,9377.0,0.0,484.0,47.0,6,Syn
4904.0,14673.0,1498.0,3102.0,3418,3701,4056.0,4472,10446.0,11233.0,1295.0,1606.0,47.1,6,Syn
7143.0,19198.0,3160.0,6191.0,5867,6850,7290.0,8309,17650.0,19117.0,0.0,2970.0,47.1,6,Syn
16488.0,33368.0,2579.0,2920.0,7689,8100,10049.0,10958,26367.0,27260.0,1521.0,3185.0,47.1,6,Syn
8376.0,24345.0,748.0,1926.0,3881,4146,5067.0,5578,13726.0,14557.0,1432.0,3134.0,47.1,6,Syn
10217.0,17510.0,2871.0,3946.0,10827,10624,12053.0,11769,25444.0,23826.0,3902.0,3576.0,47.2,6,Syn
6539.0,22012.0,2071.0,5490.0,2313,3279,3689.0,5120,8418.0,11553.0,304.0,1985.0,47.2,6,Syn
4179.0,15167.0,902.0,2969.0,1456,1861,2173.0,2995,4988.0,6151.0,1023.0,1454.0,47.2,6,Syn
12369.0,15297.0,2458.0,4225.0,3379,3270,4235.0,4284,11889.0,12100.0,3631.0,2127.0,47.3,6,Syn
12590.0,14058.0,2878.0,3809.0,2041,2015,2852.0,2441,11384.0,9639.0,4265.0,4883.0,47.3,6,Syn
8573.0,16712.0,2415.0,4438.0,3449,3377,4804.0,5080,13526.0,13707.0,3537.0,4003.0,47.4,6,Syn
21386.0,21043.0,4063.0,4776.0,3442,3457,5554.0,5297,16317.0,15666.0,5699.0,4753.0,47.9,6,Syn
11119.0,17133.0,1338.0,2996.0,4544,4642,5105.0,5698,13376.0,15258.0,533.0,1932.0,47.9,6,Syn
6239.0,10105.0,1253.0,2663.0,698,1541,658.0,1900,2745.0,6603.0,1891.0,1704.0,48.0,6,Syn
4809.0,9889.0,1150.0,3363.0,1876,2229,2789.0,3606,7333.0,9451.0,76.0,331.0,48.0,6,Syn
9435.0,13034.0,1538.0,1987.0,2014,2502,2364.0,3443,6326.0,9443.0,1874.0,1982.0,48.0,6,Syn
3805.0,13996.0,1103.0,3328.0,2953,3472,4000.0,4763,10676.0,12864.0,0.0,272.0,48.1,6,Syn
1776.0,8457.0,34.0,242.0,2290,4506,3131.0,5438,6795.0,11837.0,910.0,2183.0,48.1,6,Syn
12586.0,15494.0,2099.0,3413.0,2874,2979,3810.0,3499,9149.0,9217.0,2861.0,2187.0,48.2,6,Syn
7402.0,17607.0,2554.0,5623.0,1429,1789,2192.0,2477,7233.0,7832.0,1921.0,1875.0,48.6,6,Syn
16659.0,32769.0,3812.0,6829.0,2757,2871,6930.0,6995,18572.0,18035.0,4720.0,6183.0,48.6,6,Syn
276118.0,342715.0,384870.0,515837.0,17836,17365,20007.0,20352,30847.0,26535.0,4428.0,8221.0,48.7,6,Syn
915.0,5006.0,37.0,876.0,1093,1674,1900.0,3096,5113.0,8400.0,0.0,369.0,48.7,6,Syn
10620.0,20187.0,3053.0,5612.0,5725,6481,7204.0,7642,18378.0,18929.0,851.0,3203.0,48.9,6,Syn
2673.0,7368.0,1211.0,2828.0,3623,4423,4316.0,5242,10121.0,12012.0,924.0,1100.0,48.9,6,Syn
6831.0,17480.0,1860.0,4839.0,6904,7967,7750.0,8895,14290.0,15978.0,725.0,1792.0,48.9,6,Syn
10193.0,16744.0,614.0,2040.0,551,1811,958.0,2137,1408.0,4987.0,323.0,1015.0,48.9,6,Syn
15998.0,28731.0,5367.0,9187.0,4209,4633,6241.0,6157,17193.0,16915.0,2727.0,5550.0,49.0,6,Syn
12973.0,11751.0,3682.0,6976.0,5429,5451,7366.0,7469,18342.0,16847.0,3080.0,2831.0,49.0,6,Syn
13332.0,21364.0,2921.0,5497.0,3361,3692,5089.0,5084,13368.0,13615.0,2473.0,3761.0,49.1,6,Syn
12764.0,20169.0,1953.0,3200.0,4595,4561,5991.0,6593,15874.0,16604.0,1936.0,3607.0,49.1,6,Syn
1303.0,5265.0,2888.0,8532.0,1761,2366,1851.0,2477,6117.0,8377.0,106.0,768.0,49.2,6,Syn
6634.0,18589.0,654.0,1515.0,997,1876,1055.0,2207,3390.0,7143.0,1623.0,1564.0,49.3,6,Syn
2282.0,7930.0,854.0,2496.0,1522,2474,1694.0,2794,4651.0,8173.0,0.0,356.0,49.3,6,Syn
3029.0,11632.0,1356.0,4407.0,1948,3625,2604.0,4681,7375.0,13213.0,474.0,546.0,49.4,6,Syn
4050.0,11693.0,1816.0,3819.0,2286,3063,2956.0,3837,7182.0,9327.0,930.0,2048.0,49.4,6,Syn
21397.0,42326.0,4610.0,7807.0,11382,11838,14886.0,15220,37522.0,36592.0,4610.0,5119.0,49.6,6,Syn
4081.0,9320.0,2214.0,5701.0,910,1532,1475.0,2614,4645.0,7039.0,1305.0,1579.0,49.7,6,Syn
3475.0,15704.0,1695.0,5304.0,3695,5723,4776.0,7264,12291.0,18306.0,297.0,1929.0,49.8,6,Syn
9443.0,16602.0,5122.0,11407.0,6211,6539,7592.0,7873,21570.0,23080.0,1803.0,2809.0,49.8,6,Syn
2941.0,10015.0,0.0,1915.0,1178,3515,1445.0,3985,3383.0,10233.0,0.0,356.0,49.9,6,Syn
263911.0,388087.0,49582.0,72567.0,12296,11360,15519.0,15109,40941.0,38685.0,6260.0,7378.0,50.0,6,Syn
13411.0,16537.0,2325.0,3828.0,4892,5203,5588.0,5769,14058.0,13986.0,2417.0,4427.0,50.1,6,Syn
2594.0,8716.0,1275.0,3217.0,4032,8848,4398.0,9241,8644.0,16834.0,2142.0,2595.0,50.1,6,Syn
8288.0,19118.0,214.0,1484.0,3342,8528,4119.0,9374,6496.0,15081.0,0.0,281.0,50.1,6,Syn
16276.0,21786.0,2605.0,3946.0,4166,4381,6258.0,5797,14976.0,14627.0,2023.0,2815.0,50.1,6,Syn
25770.0,39727.0,2631.0,3476.0,6839,6390,10572.0,10655,25698.0,23478.0,6070.0,7198.0,50.2,6,Syn
1262.0,7567.0,1306.0,4857.0,1724,3000,2464.0,4230,5975.0,10432.0,526.0,1213.0,50.2,6,Syn
1782.0,8011.0,1077.0,4208.0,544,1271,711.0,1698,2356.0,5343.0,804.0,1715.0,50.4,6,Syn
684.0,2854.0,1702.0,4771.0,977,1661,1278.0,2079,3086.0,5787.0,135.0,167.0,50.4,6,Syn
15031.0,30598.0,7957.0,15278.0,6954,7139,9015.0,9506,22986.0,23216.0,4027.0,4424.0,50.4,6,Syn
6191.0,16512.0,973.0,2570.0,550,1567,876.0,2018,2312.0,5804.0,1676.0,1684.0,50.4,6,Syn
782.0,3734.0,381.0,1585.0,1070,2338,1532.0,3219,3416.0,7888.0,402.0,515.0,50.4,6,Syn
1267.0,4224.0,2149.0,5671.0,608,1170,809.0,1513,2160.0,4941.0,1120.0,1213.0,50.4,6,Syn
20184.0,32939.0,3886.0,7730.0,5585,6186,7542.0,8204,22278.0,24221.0,5555.0,5012.0,50.5,6,Syn
7283.0,14557.0,865.0,2652.0,2714,3143,3355.0,3633,8968.0,9375.0,3028.0,2341.0,50.5,6,Syn
12715.0,17343.0,2894.0,3591.0,3874,3531,4946.0,4922,14084.0,14137.0,1267.0,2279.0,50.5,6,Syn
10118.0,18385.0,2372.0,4089.0,5057,4921,5565.0,5513,14197.0,14161.0,2964.0,2153.0,50.6,6,Syn
6730.0,15578.0,2221.0,4132.0,2681,2943,3583.0,3672,9254.0,9573.0,1836.0,2444.0,50.6,6,Syn
16685.0,30749.0,3246.0,5939.0,4856,5066,6915.0,6985,20124.0,20375.0,1900.0,4797.0,50.7,6,Syn
12172.0,23869.0,5050.0,8249.0,4412,4801,5966.0,6148,17036.0,16921.0,3545.0,3601.0,50.8,6,Syn
1243.0,5882.0,923.0,3440.0,2032,3328,2979.0,4998,7128.0,11528.0,1096.0,2021.0,51.0,6,Syn
10394.0,11662.0,3213.0,4601.0,3256,3191,4691.0,4489,12303.0,12154.0,3318.0,3355.0,51.1,6,Syn
6113.0,17946.0,1548.0,3797.0,2809,3253,3414.0,3857,6996.0,7689.0,881.0,1826.0,51.1,6,Syn
6493.0,19989.0,1577.0,2604.0,3324,3303,4240.0,4130,9866.0,10771.0,0.0,1369.0,51.3,6,Syn
6585.0,17710.0,1623.0,4016.0,4188,4442,5426.0,5627,12759.0,13240.0,0.0,2623.0,51.6,6,Syn
9927.0,19368.0,1750.0,3579.0,5100,4625,5995.0,6247,13225.0,12259.0,749.0,2092.0,51.6,6,Syn
2571.0,12965.0,1302.0,4331.0,1706,2423,2672.0,3960,6909.0,10637.0,456.0,953.0,51.7,6,Syn
21236.0,28059.0,2894.0,3787.0,6625,6221,8914.0,8543,19476.0,20279.0,4610.0,3959.0,51.7,6,Syn
17762.0,17140.0,4413.0,7206.0,1290,1083,3623.0,3778,9828.0,8730.0,3823.0,4371.0,51.8,6,Syn
9112.0,28218.0,1084.0,2604.0,6217,7690,8389.0,10624,21360.0,27428.0,3417.0,4588.0,51.9,6,Syn
7574.0,18818.0,2331.0,3716.0,5737,6505,6970.0,7782,15086.0,16769.0,592.0,1863.0,52.1,6,Syn
10394.0,19253.0,3972.0,6021.0,4191,4866,5490.0,6156,15268.0,16559.0,4133.0,3031.0,52.1,6,Syn
19868.0,23261.0,1637.0,2763.0,3017,3257,4201.0,4437,12312.0,12170.0,5389.0,4852.0,52.2,6,Syn
5354.0,19041.0,1275.0,4294.0,2560,2923,3633.0,4129,11258.0,12717.0,957.0,2075.0,52.2,6,Syn
5233.0,14272.0,485.0,2018.0,1582,1935,2325.0,2484,5522.0,5938.0,560.0,1028.0,52.3,6,Syn
4748.0,13078.0,978.0,3757.0,1875,2777,2692.0,3676,6838.0,9704.0,1506.0,2182.0,52.4,6,Syn
4502.0,14610.0,353.0,1593.0,3943,4085,4562.0,5108,9446.0,9889.0,1540.0,1596.0,52.5,6,Syn
39266.0,54759.0,7142.0,10232.0,8276,7952,10401.0,10260,30983.0,29693.0,8522.0,6880.0,52.7,6,Syn
26063.0,26287.0,3326.0,3787.0,3207,3169,7527.0,7551,15078.0,15655.0,2719.0,6509.0,52.8,6,Syn
12816.0,14582.0,2154.0,4177.0,4212,4306,5670.0,5921,13439.0,14589.0,2195.0,2456.0,52.9,6,Syn
28303.0,43453.0,3335.0,4765.0,6652,6604,10138.0,10466,29072.0,26692.0,8163.0,7238.0,52.9,6,Syn
2565.0,15056.0,909.0,3816.0,1118,1926,1687.0,2916,5151.0,9282.0,0.0,706.0,53.0,6,Syn
907.0,3196.0,1146.0,3305.0,1075,2700,1270.0,3017,3142.0,7831.0,1898.0,2947.0,53.1,6,Syn
5749.0,20099.0,890.0,2872.0,2080,5115,2099.0,5517,4265.0,10169.0,1924.0,1936.0,53.1,6,Syn
11655.0,17862.0,6095.0,8142.0,5790,5955,5844.0,5855,17502.0,17233.0,1938.0,3077.0,53.2,6,Syn
5504.0,13879.0,1500.0,3067.0,2296,2343,2932.0,3212,8214.0,9432.0,106.0,1427.0,53.3,6,Syn
68469.0,110706.0,169646.0,264157.0,3071,3394,7082.0,7043,16999.0,16807.0,4794.0,5346.0,53.3,6,Syn
17519.0,42830.0,619.0,1931.0,6027,6053,9113.0,8971,26937.0,27284.0,6642.0,5825.0,53.3,6,Syn
6762.0,12377.0,1229.0,3022.0,3253,3079,4308.0,4409,9558.0,9395.0,855.0,1468.0,53.3,6,Syn
10635.0,22364.0,2664.0,5144.0,3623,3978,4995.0,5325,17653.0,18274.0,2774.0,3953.0,53.4,6,Syn
6047.0,14460.0,1256.0,3596.0,3832,8345,4221.0,9345,10366.0,20367.0,1541.0,2074.0,53.6,6,Syn
7801.0,15885.0,3136.0,6428.0,5492,5557,6577.0,7002,15709.0,16105.0,462.0,3069.0,53.6,6,Syn
3939.0,12340.0,3319.0,7702.0,3125,4629,4681.0,7397,11201.0,17097.0,2683.0,3448.0,53.6,6,Syn
1967.0,6836.0,1345.0,6401.0,1451,3870,2165.0,6274,5895.0,15126.0,183.0,231.0,53.6,6,Syn
6561.0,14663.0,1977.0,2787.0,7460,8191,8669.0,9805,19178.0,20754.0,2173.0,3107.0,53.7,6,Syn
6834.0,27170.0,1187.0,3756.0,8045,10654,8669.0,11030,19058.0,24253.0,2215.0,4024.0,53.8,6,Syn
6586.0,20290.0,1556.0,3836.0,2325,2665,3599.0,4096,9118.0,9339.0,0.0,1604.0,53.8,6,Syn
2416.0,8382.0,1822.0,3761.0,2325,4057,2988.0,5362,9143.0,15015.0,2570.0,2940.0,53.9,6,Syn
2189.0,7404.0,806.0,2385.0,3005,3964,4349.0,5980,11705.0,15994.0,433.0,968.0,54.0,6,Syn
6973.0,15773.0,0.0,540.0,506,1721,919.0,2673,2433.0,7027.0,112.0,262.0,54.0,6,Syn
6846.0,16510.0,2109.0,4145.0,4937,4820,6541.0,6739,15906.0,15406.0,2187.0,3931.0,54.0,6,Syn
13864.0,19042.0,2813.0,6441.0,4797,4313,6258.0,6355,20061.0,19561.0,5891.0,5920.0,54.1,6,Syn
6460.0,13062.0,1304.0,2769.0,2817,3478,3866.0,4376,8755.0,10182.0,399.0,1195.0,54.3,6,Syn
2753.0,6918.0,152.0,942.0,1069,2031,1267.0,2758,3570.0,7220.0,1804.0,2229.0,54.3,6,Syn
1917.0,4690.0,841.0,2283.0,1184,2461,1656.0,3536,3997.0,8530.0,250.0,860.0,54.3,6,Syn
13398.0,21058.0,2986.0,3982.0,3964,3916,5094.0,5279,13802.0,14261.0,1366.0,4375.0,54.4,6,Syn
22303.0,31063.0,1610.0,2502.0,4127,3889,5961.0,6185,17215.0,16688.0,3672.0,4207.0,54.5,6,Syn
31122.0,32220.0,2719.0,4911.0,7123,7631,11538.0,11325,30660.0,30851.0,6572.0,4967.0,54.5,6,Syn
10350.0,18750.0,4130.0,5284.0,3134,2873,5045.0,4695,13438.0,13388.0,2695.0,3213.0,54.7,6,Syn
15764.0,31022.0,1515.0,3476.0,4294,4666,6364.0,6579,16502.0,17558.0,1958.0,4320.0,54.7,6,Syn
6914.0,11203.0,1970.0,2863.0,1719,1284,2358.0,2310,8095.0,6598.0,3025.0,2288.0,54.7,6,Syn
4602.0,17131.0,3285.0,7118.0,3545,3923,3930.0,4363,9783.0,10791.0,1689.0,1836.0,54.9,6,Syn
1335.0,7252.0,1256.0,5106.0,1969,3130,2237.0,3619,5521.0,9005.0,7.0,681.0,55.0,6,Syn
8527.0,17895.0,1798.0,4000.0,4330,4804,5871.0,6527,13563.0,14847.0,2578.0,3146.0,55.1,6,Syn
9256.0,9690.0,53.0,1908.0,1601,1878,2080.0,2908,6203.0,7922.0,1097.0,1501.0,55.4,6,Syn
10257.0,20426.0,1744.0,4701.0,4302,4058,6286.0,6197,17382.0,16872.0,4533.0,4073.0,55.5,6,Syn
4448.0,13360.0,2894.0,5904.0,1504,1611,3519.0,3828,8459.0,9409.0,775.0,3933.0,55.6,6,Syn
11992.0,38414.0,3680.0,7759.0,1961,2006,4034.0,4537,12174.0,13655.0,1459.0,4509.0,55.6,6,Syn
20479.0,33367.0,3465.0,6240.0,5556,5480,7568.0,7743,17554.0,18224.0,3914.0,4389.0,55.7,6,Syn
19519.0,25561.0,3941.0,6732.0,4436,4761,6128.0,6029,15482.0,16399.0,2139.0,4035.0,55.8,6,Syn
4585.0,11650.0,1184.0,2806.0,4062,4964,5079.0,6280,12510.0,15069.0,378.0,1662.0,55.8,6,Syn
9524.0,19682.0,973.0,2901.0,5105,5196,6680.0,6973,17489.0,17034.0,3165.0,4324.0,56.0,6,Syn
6632.0,18616.0,1647.0,5038.0,5519,6413,6004.0,6856,15052.0,17636.0,781.0,2157.0,56.0,6,Syn
7370.0,17489.0,1519.0,3336.0,6005,6738,6380.0,7421,14145.0,16453.0,646.0,1165.0,56.1,6,Syn
63615.0,103294.0,48415.0,73119.0,5022,4994,6087.0,5684,17665.0,16797.0,3206.0,4795.0,56.1,6,Syn
10589.0,24898.0,1943.0,3411.0,3134,3308,3869.0,3805,12847.0,12539.0,2426.0,3953.0,56.2,6,Syn
11206.0,29592.0,3956.0,7362.0,6510,5940,8648.0,8965,22852.0,23479.0,4191.0,6181.0,56.2,6,Syn
11011.0,23637.0,1582.0,2673.0,4910,5485,5898.0,6049,16346.0,16320.0,1821.0,3908.0,56.2,6,Syn
2365.0,4092.0,715.0,1695.0,1780,1934,2890.0,3172,7471.0,7564.0,772.0,1467.0,56.4,6,Syn
4237.0,13920.0,1604.0,4725.0,2006,2640,2701.0,3471,7759.0,10219.0,199.0,1235.0,56.5,6,Syn
15718.0,40871.0,2828.0,5807.0,8034,8734,10404.0,11798,24651.0,26444.0,1275.0,3893.0,56.5,6,Syn
11060.0,10988.0,3639.0,4299.0,3869,3793,5379.0,5130,13513.0,12712.0,3225.0,2779.0,56.6,6,Syn
1359.0,8257.0,571.0,2654.0,1419,2916,1854.0,3772,3911.0,7265.0,250.0,236.0,56.7,6,Syn
1262.0,7877.0,0.0,0.0,605,1894,740.0,2353,1621.0,4646.0,155.0,63.0,56.7,6,Syn
5709.0,14584.0,1179.0,2215.0,1389,1444,1998.0,1991,5835.0,5769.0,674.0,1276.0,56.7,6,Syn
9291.0,18492.0,2511.0,3573.0,6854,6935,8197.0,8500,19822.0,20053.0,2257.0,3352.0,56.8,6,Syn
1186.0,6003.0,0.0,0.0,1179,2569,1539.0,3363,5546.0,12139.0,1055.0,2190.0,56.8,6,Syn
4395.0,13139.0,252.0,2551.0,1516,1929,2484.0,3300,5922.0,8465.0,346.0,823.0,56.8,6,Syn
20181.0,19916.0,2694.0,3935.0,9968,10519,11407.0,11682,27070.0,25408.0,3344.0,3189.0,56.8,6,Syn
7571.0,12097.0,1033.0,3114.0,3532,3805,4053.0,4319,9739.0,10347.0,1941.0,1945.0,56.8,6,Syn
4169.0,9703.0,1548.0,3732.0,2172,2604,2606.0,3212,7455.0,9276.0,901.0,2658.0,56.8,6,Syn
1635.0,9503.0,0.0,16.0,403,1141,589.0,1853,1698.0,4872.0,123.0,175.0,56.9,6,Syn
4760.0,15873.0,1232.0,5238.0,2832,5170,3724.0,7313,8882.0,18781.0,941.0,1606.0,56.9,6,Syn
2976.0,9409.0,1150.0,3701.0,1404,3178,1795.0,3541,3538.0,8196.0,2142.0,1988.0,57.0,6,Syn
3417.0,10930.0,1005.0,3980.0,1463,3563,1494.0,3542,3604.0,8796.0,85.0,1248.0,57.0,6,Syn
1463.0,3259.0,1301.0,5047.0,2358,3801,2552.0,4674,6614.0,10824.0,1240.0,1616.0,57.0,6,Syn
1222.0,7934.0,0.0,727.0,767,2462,1015.0,3282,2245.0,7468.0,577.0,896.0,57.0,6,Syn
4311.0,11504.0,1253.0,2769.0,1576,1770,2439.0,2481,5959.0,6751.0,728.0,983.0,57.0,6,Syn
16403.0,22895.0,2912.0,3175.0,7748,7260,8926.0,8838,20508.0,18169.0,4256.0,3464.0,57.1,6,Syn
10334.0,22945.0,3148.0,6002.0,4960,5576,6034.0,6899,17212.0,19512.0,4036.0,3882.0,57.3,6,Syn
8872.0,21953.0,1402.0,3385.0,4257,4756,5556.0,6152,14293.0,15694.0,355.0,1857.0,57.4,6,Syn
15099.0,29495.0,2818.0,5650.0,3375,3272,4350.0,4672,14058.0,14987.0,743.0,3293.0,57.4,6,Syn
7131.0,25978.0,2858.0,5974.0,2256,3009,2865.0,4432,8933.0,12834.0,3143.0,3107.0,57.5,6,Syn
16233.0,30315.0,2164.0,3800.0,3355,3278,4656.0,4303,11896.0,11243.0,2660.0,2531.0,57.5,6,Syn
3364.0,13144.0,501.0,2430.0,1465,2341,2391.0,3782,7003.0,10184.0,1077.0,2957.0,57.5,6,Syn
1905.0,8495.0,1604.0,5415.0,1830,2728,1998.0,2861,5485.0,8465.0,120.0,674.0,57.5,6,Syn
1664.0,11408.0,810.0,4842.0,958,2301,1258.0,2827,2988.0,7210.0,186.0,208.0,57.6,6,Syn
20231.0,37015.0,2660.0,3831.0,7384,7537,9490.0,9310,25623.0,24212.0,6309.0,5616.0,57.8,6,Syn
5274.0,11302.0,1994.0,3065.0,3884,3950,4138.0,3994,11152.0,10356.0,2059.0,1957.0,57.8,6,Syn
11243.0,13595.0,1937.0,2960.0,4539,4460,5556.0,5565,10495.0,9459.0,782.0,604.0,57.9,6,Syn
8480.0,14715.0,1555.0,3472.0,3581,3827,4848.0,5024,10652.0,11366.0,1190.0,3305.0,58.0,6,Syn
6963.0,21469.0,2128.0,3627.0,5018,4986,7302.0,7866,18258.0,18390.0,3742.0,3074.0,58.2,6,Syn
4417.0,11030.0,1459.0,2480.0,5063,7884,5579.0,8496,10696.0,16254.0,0.0,231.0,58.3,6,Syn
6906.0,19230.0,1256.0,3214.0,4693,5301,6080.0,6766,16012.0,17513.0,1857.0,3876.0,58.5,6,Syn
5910.0,11607.0,2670.0,4272.0,3427,3660,4134.0,4448,11628.0,11186.0,1868.0,2359.0,59.0,6,Syn
4373.0,14796.0,1476.0,3476.0,1196,1374,1737.0,2111,4033.0,4657.0,650.0,946.0,59.1,6,Syn
4854.0,19530.0,1587.0,3990.0,1407,1634,2740.0,3218,6071.0,6852.0,229.0,2189.0,59.1,6,Syn
3203.0,13019.0,2337.0,6456.0,1031,1551,1617.0,2334,5228.0,8094.0,491.0,1569.0,59.2,6,Syn
5703.0,10070.0,2621.0,5881.0,4625,5925,5069.0,6647,11887.0,15684.0,3250.0,2619.0,59.3,6,Syn
14288.0,17078.0,2217.0,3745.0,3989,4043,6327.0,6282,15792.0,15552.0,1883.0,4250.0,59.6,6,Syn
2488.0,7202.0,279.0,1337.0,530,1337,762.0,2187,2278.0,5987.0,152.0,488.0,59.6,6,Syn
13714.0,18480.0,2739.0,4537.0,2259,2657,4091.0,4673,13038.0,14431.0,1071.0,2832.0,59.8,6,Syn
13620.0,27060.0,2428.0,4225.0,4282,4345,5455.0,5744,15087.0,14971.0,5097.0,3434.0,59.9,6,Syn
866.0,3390.0,154.0,1430.0,324,288,2145.0,2594,4257.0,5463.0,1369.0,1994.0,60.0,6,Syn
2790.0,7893.0,281.0,1135.0,2246,2631,3089.0,3610,7971.0,9263.0,592.0,873.0,60.1,6,Syn
13486.0,31486.0,2725.0,4594.0,4421,4479,6190.0,6358,16577.0,16999.0,3631.0,5228.0,60.2,6,Syn
8283.0,16620.0,370.0,1891.0,10684,11749,11385.0,12787,20615.0,23203.0,1813.0,2954.0,60.2,6,Syn
33058.0,54613.0,2947.0,3423.0,7312,7349,10635.0,10963,31739.0,31662.0,6245.0,8663.0,60.2,6,Syn
4107.0,7114.0,1213.0,2690.0,2947,2618,4760.0,4728,13762.0,14174.0,2745.0,3313.0,60.3,6,Syn
19584.0,32430.0,2523.0,6077.0,6069,6075,8268.0,8738,19727.0,20798.0,2306.0,2910.0,60.3,6,Syn
4154.0,16481.0,2894.0,5555.0,7068,8155,8013.0,9489,16690.0,19303.0,12.0,1839.0,60.4,6,Syn
9158.0,13204.0,2035.0,4918.0,4533,4920,5989.0,6116,12238.0,12426.0,460.0,1215.0,60.5,6,Syn
4672.0,11207.0,1582.0,5224.0,657,1628,702.0,1798,2202.0,5731.0,1374.0,1279.0,60.5,6,Syn
6695.0,16590.0,2090.0,6527.0,1235,2255,1485.0,2654,4361.0,7975.0,0.0,110.0,60.5,6,Syn
13983.0,26791.0,3654.0,6239.0,4907,5092,6531.0,7224,18897.0,20272.0,2634.0,4130.0,60.6,6,Syn
10839.0,27168.0,2389.0,3906.0,2865,3345,3822.0,4575,10906.0,13978.0,3852.0,3542.0,60.7,6,Syn
2152.0,10153.0,1397.0,5150.0,2035,3446,3333.0,5499,9066.0,15460.0,903.0,1227.0,60.8,6,Syn
3594.0,11383.0,2645.0,6496.0,2325,3577,2877.0,4660,8431.0,12621.0,1813.0,2372.0,60.9,6,Syn
5121.0,9710.0,1658.0,3348.0,2962,4187,3755.0,4988,9977.0,11338.0,1565.0,2191.0,60.9,6,Syn
9387.0,17492.0,1843.0,4489.0,2501,2540,5401.0,5693,14096.0,14628.0,6249.0,5496.0,60.9,6,Syn
3367.0,9211.0,2051.0,4891.0,2054,2630,3270.0,3709,8677.0,9478.0,1359.0,2128.0,61.0,6,Syn
6625.0,9727.0,2380.0,3750.0,2696,4526,3812.0,5635,10899.0,15735.0,3262.0,3238.0,61.0,6,Syn
1277.0,8116.0,497.0,3510.0,758,2673,940.0,3349,2364.0,8489.0,564.0,948.0,61.0,6,Syn
3748.0,11366.0,501.0,2028.0,1955,2199,2774.0,3456,6153.0,7545.0,3.0,927.0,61.0,6,Syn
4348.0,16112.0,1764.0,3420.0,8294,9632,8960.0,10159,19211.0,21468.0,1439.0,3786.0,61.1,6,Syn
26997.0,32225.0,2669.0,5260.0,3102,3235,5490.0,5316,15937.0,16058.0,6135.0,3908.0,61.1,6,Syn
15398.0,28875.0,2561.0,4389.0,3146,3170,5134.0,5313,16993.0,15938.0,2218.0,5780.0,61.2,6,Syn
2670.0,8578.0,1436.0,4541.0,3852,4953,4109.0,5445,8838.0,11015.0,167.0,1059.0,61.4,6,Syn
2964.0,5930.0,956.0,2183.0,3349,4711,4258.0,5787,10032.0,14307.0,1140.0,1436.0,61.4,6,Syn
6869.0,18264.0,1325.0,4908.0,5365,6668,6286.0,7793,15512.0,19041.0,571.0,1937.0,61.4,6,Syn
5217.0,13840.0,2404.0,4360.0,3306,3140,3765.0,3959,10119.0,10499.0,2158.0,2190.0,61.5,6,Syn
4879.0,18608.0,1266.0,3182.0,2537,4010,3604.0,5997,9560.0,16350.0,1048.0,3086.0,61.5,6,Syn
2502.0,13236.0,2028.0,6644.0,3080,5024,3535.0,5772,10076.0,16227.0,1495.0,2485.0,61.6,6,Syn
8304.0,14973.0,2368.0,3945.0,6724,6746,7308.0,7152,16499.0,15877.0,460.0,2345.0,61.6,6,Syn
12725.0,19511.0,2344.0,3678.0,6359,6890,7290.0,7560,18052.0,16814.0,1020.0,1914.0,61.7,6,Syn
4613.0,13067.0,1332.0,3499.0,3490,4319,4441.0,5269,10678.0,12967.0,2347.0,3420.0,61.8,6,Syn
4622.0,12334.0,626.0,2008.0,493,1381,627.0,1848,1637.0,4545.0,419.0,213.0,61.8,6,Syn
32377.0,57834.0,2988.0,5187.0,8193,8781,12364.0,12831,33738.0,33307.0,4537.0,8758.0,61.9,6,Syn
7588.0,11255.0,2780.0,4460.0,5206,5006,5616.0,5477,13482.0,12411.0,2395.0,1974.0,62.1,6,Syn
27396.0,47251.0,3070.0,5330.0,9926,9686,13048.0,13460,39107.0,38528.0,8898.0,10385.0,62.1,6,Syn
2386.0,8695.0,223.0,1635.0,728,2033,801.0,2382,2877.0,7569.0,799.0,941.0,62.1,6,Syn
5093.0,19794.0,1050.0,3864.0,2592,3709,3542.0,5314,9060.0,13381.0,539.0,2484.0,62.2,6,Syn
5415.0,11053.0,1031.0,2806.0,4204,4480,6097.0,6488,14531.0,15502.0,2812.0,2810.0,62.4,6,Syn
2559.0,11059.0,1220.0,3672.0,983,1756,1062.0,1941,2778.0,5677.0,526.0,924.0,62.5,6,Syn
7893.0,16717.0,1453.0,3643.0,656,1481,891.0,1798,2529.0,5067.0,115.0,423.0,62.5,6,Syn
6357.0,8423.0,0.0,1822.0,2404,4704,3226.0,5425,8517.0,13522.0,2739.0,2409.0,62.6,6,Syn
1877.0,10009.0,950.0,3948.0,1227,3729,1077.0,3785,2639.0,9258.0,399.0,1455.0,62.6,6,Syn
7984.0,18267.0,1833.0,3836.0,3699,3476,4356.0,4202,12411.0,12738.0,3166.0,3334.0,62.9,6,Syn
16529.0,39116.0,7477.0,13438.0,5021,4814,6816.0,6936,20485.0,20456.0,5260.0,4759.0,62.9,6,Syn
4245.0,17526.0,679.0,2330.0,2012,2582,3146.0,4166,7174.0,9870.0,217.0,1376.0,63.0,6,Syn
10807.0,18591.0,2815.0,5627.0,5296,5493,6580.0,6756,17363.0,17002.0,3324.0,3437.0,63.2,6,Syn
738.0,3963.0,279.0,1412.0,1280,2861,1564.0,3695,4223.0,9819.0,0.0,274.0,63.2,6,Syn
2673.0,16580.0,823.0,3194.0,1475,3840,1472.0,4416,3771.0,9633.0,603.0,1682.0,63.6,6,Syn
3636.0,20758.0,726.0,2673.0,2335,4568,2859.0,5740,6259.0,11945.0,0.0,396.0,63.6,6,Syn
11988.0,30900.0,2737.0,5769.0,4215,4307,5781.0,6193,16361.0,16972.0,2271.0,4328.0,63.7,6,Syn
2645.0,15740.0,314.0,1977.0,2914,5092,3604.0,6430,6494.0,11189.0,0.0,18.0,63.8,6,Syn
1877.0,6461.0,60.0,648.0,1224,3603,1813.0,4986,3024.0,8381.0,147.0,182.0,63.8,6,Syn
3554.0,15588.0,169.0,2590.0,1556,2591,1979.0,3596,4305.0,7468.0,348.0,1072.0,63.8,6,Syn
5105.0,11450.0,3221.0,6268.0,3612,3983,4515.0,4924,14191.0,14943.0,1771.0,3532.0,63.9,6,Syn
6572.0,11134.0,2871.0,5079.0,4207,4469,5657.0,5671,15049.0,15383.0,1825.0,2745.0,63.9,6,Syn
4112.0,14429.0,1328.0,3512.0,1456,2162,2298.0,3693,6511.0,10188.0,273.0,232.0,63.9,6,Syn
8969.0,14711.0,2101.0,4847.0,2368,2332,3563.0,3965,9993.0,10548.0,249.0,1100.0,64.0,6,Syn
2321.0,10984.0,164.0,1764.0,1818,2643,2569.0,4028,6486.0,9791.0,19.0,400.0,64.1,6,Syn
17767.0,35065.0,7944.0,12838.0,5384,5464,7286.0,7311,23917.0,25490.0,4401.0,8352.0,64.1,6,Syn
124953.0,202591.0,46992.0,71341.0,7382,7020,12686.0,12240,35547.0,34800.0,12958.0,10509.0,64.5,6,Syn
4119.0,7794.0,2991.0,5225.0,1926,1882,2939.0,2731,7731.0,7046.0,478.0,1537.0,64.5,6,Syn
10217.0,25290.0,106.0,1900.0,5302,5400,6889.0,7029,19680.0,19939.0,3022.0,6609.0,64.5,6,Syn
3212.0,16285.0,789.0,2467.0,2044,3132,2983.0,4461,7561.0,11254.0,488.0,1596.0,64.5,6,Syn
11376.0,22819.0,3017.0,5101.0,6165,5846,7817.0,7868,20896.0,21483.0,3726.0,3475.0,64.7,6,Syn
9702.0,21394.0,2265.0,5798.0,4233,4657,5446.0,6112,13851.0,16024.0,1810.0,3023.0,64.9,6,Syn
17549.0,21305.0,2070.0,4316.0,5338,5036,7814.0,7694,21356.0,21607.0,3052.0,4068.0,64.9,6,Syn
9482.0,15872.0,2413.0,5569.0,5950,5886,6779.0,6937,18885.0,18179.0,2991.0,4340.0,65.0,6,Syn
752.0,4354.0,252.0,5076.0,577,1342,620.0,1713,1583.0,4452.0,822.0,1958.0,65.1,6,Syn
1511.0,9032.0,1402.0,6704.0,1999,3509,2282.0,3937,5602.0,9691.0,246.0,191.0,65.1,6,Syn
1892.0,11246.0,80.0,645.0,968,2989,1161.0,3435,3257.0,9509.0,784.0,1880.0,65.1,6,Syn
3518.0,12242.0,801.0,2360.0,2075,4107,2234.0,4572,4747.0,10712.0,696.0,1066.0,65.1,6,Syn
5136.0,10773.0,1740.0,4335.0,5154,5890,7091.0,7693,18782.0,19374.0,2377.0,3073.0,65.1,6,Syn
10548.0,15851.0,707.0,1898.0,4524,4411,5145.0,5289,10670.0,10612.0,0.0,542.0,65.2,6,Syn
8462.0,16773.0,1548.0,5619.0,4263,4513,6264.0,6788,19347.0,19958.0,2804.0,2807.0,65.2,6,Syn
4633.0,22397.0,928.0,3551.0,1806,2384,2489.0,3534,6592.0,9440.0,290.0,257.0,65.3,6,Syn
2164.0,12665.0,0.0,30.0,460,839,491.0,1034,1825.0,4544.0,3625.0,6527.0,65.6,6,Syn
2700.0,7982.0,1177.0,4696.0,4444,7877,5632.0,10416,8416.0,15267.0,416.0,930.0,65.6,6,Syn
8622.0,20065.0,916.0,2967.0,4641,5018,5822.0,6689,15537.0,17930.0,1549.0,2099.0,65.7,6,Syn
9619.0,14030.0,2633.0,4216.0,5535,5855,7110.0,7357,18400.0,18418.0,2575.0,3441.0,65.8,6,Syn
15437.0,18798.0,1448.0,3653.0,4085,3823,5773.0,5613,14342.0,13869.0,2503.0,2891.0,65.8,6,Syn
17205.0,34537.0,1927.0,3230.0,9088,9207,11234.0,11080,27265.0,26190.0,3412.0,5153.0,65.8,6,Syn
6506.0,17074.0,1582.0,3899.0,2962,3100,3684.0,4065,8888.0,10601.0,1456.0,2099.0,65.8,6,Syn
9457.0,19380.0,3426.0,3725.0,4209,4531,4698.0,4835,13535.0,13091.0,2020.0,1847.0,65.9,6,Syn
4875.0,9835.0,2049.0,4732.0,3944,3718,5720.0,5846,15858.0,15883.0,130.0,1775.0,65.9,6,Syn
18282.0,27218.0,1383.0,4086.0,3490,3587,5136.0,4881,14571.0,14440.0,5025.0,3899.0,66.1,6,Syn
2607.0,11522.0,676.0,3768.0,1066,2686,1211.0,3188,3050.0,8516.0,1266.0,2473.0,66.2,6,Syn
3978.0,22692.0,712.0,4093.0,3098,5211,3330.0,5482,8594.0,14288.0,0.0,298.0,66.2,6,Syn
19766.0,16364.0,3348.0,4146.0,3243,3122,5404.0,5306,14559.0,13716.0,4024.0,4915.0,66.2,6,Syn
40391.0,61728.0,28034.0,44087.0,2364,1958,5660.0,5467,15346.0,15932.0,5387.0,5256.0,66.3,6,Syn
22688.0,41347.0,4389.0,7116.0,11574,11931,14569.0,14884,37596.0,36617.0,4662.0,4349.0,66.3,6,Syn
6769.0,13198.0,2270.0,3612.0,2133,2498,3004.0,2960,8027.0,8355.0,950.0,2718.0,66.5,6,Syn
22346.0,27699.0,3443.0,6086.0,4569,4383,6652.0,6563,20538.0,19843.0,4297.0,5459.0,66.5,6,Syn
654.0,4227.0,787.0,3572.0,1396,2489,1845.0,3489,4633.0,9158.0,843.0,1332.0,66.6,6,Syn
9453.0,17568.0,1484.0,2784.0,6190,6460,8001.0,8492,19915.0,21700.0,6784.0,5552.0,66.7,6,Syn
70769.0,96661.0,43516.0,67355.0,3448,3376,8743.0,8237,23198.0,21972.0,8867.0,6962.0,66.7,6,Syn
44087.0,69922.0,17048.0,26382.0,4058,4113,5824.0,5892,18061.0,17482.0,3846.0,4247.0,66.8,6,Syn
1556.0,9748.0,429.0,3349.0,1707,3047,2307.0,4191,5295.0,10039.0,890.0,1981.0,66.9,6,Syn
7704.0,18669.0,2602.0,4969.0,3505,3620,4618.0,5074,12229.0,13802.0,0.0,1258.0,67.0,6,Syn
8009.0,17930.0,3676.0,7599.0,5223,5826,7142.0,7768,15539.0,17343.0,1936.0,4087.0,67.0,6,Syn
11123.0,14110.0,1309.0,3303.0,4013,4963,5026.0,5571,12775.0,14428.0,4551.0,3703.0,67.1,6,Syn
17819.0,32394.0,4121.0,9272.0,6163,6747,9011.0,9561,26858.0,28252.0,3855.0,8183.0,67.2,6,Syn
3575.0,13245.0,1843.0,4500.0,2256,2610,3076.0,3776,7526.0,8618.0,457.0,1994.0,67.2,6,Syn
13875.0,15014.0,3649.0,4807.0,5357,5705,6838.0,7244,17566.0,17370.0,413.0,2742.0,67.3,6,Syn
11508.0,21378.0,3615.0,5766.0,4321,4317,5919.0,6103,15894.0,17101.0,612.0,3119.0,67.4,6,Syn
9781.0,19576.0,538.0,1112.0,4572,5090,5859.0,6637,13210.0,14367.0,2488.0,3156.0,67.4,6,Syn
2910.0,11415.0,916.0,3408.0,3858,4422,4315.0,4792,10896.0,12623.0,1027.0,2142.0,67.5,6,Syn
1819.0,6246.0,1179.0,3278.0,2228,3947,3043.0,5579,9363.0,16672.0,1705.0,3344.0,67.5,6,Syn
7370.0,19171.0,1884.0,5395.0,10222,12139,10359.0,12160,19814.0,22859.0,541.0,950.0,67.6,6,Syn
7701.0,17168.0,1206.0,2765.0,3887,4273,4429.0,4401,14470.0,14679.0,1544.0,2558.0,67.6,6,Syn
11486.0,24526.0,2063.0,4197.0,1601,1943,2628.0,2514,8205.0,8390.0,913.0,1858.0,67.6,6,Syn
450.0,1876.0,906.0,2893.0,2471,6293,2967.0,7466,7703.0,18700.0,1565.0,2518.0,68.1,6,Syn
6463.0,13049.0,2681.0,5339.0,4282,7252,5503.0,8528,12651.0,20809.0,1021.0,1176.0,68.1,6,Syn
18343.0,32316.0,12242.0,18964.0,1656,1570,3665.0,3580,9013.0,9073.0,2225.0,3174.0,68.1,6,Syn
1830.0,6065.0,453.0,1764.0,1610,2134,2331.0,3230,5230.0,6821.0,278.0,1000.0,68.1,6,Syn
10811.0,13136.0,1589.0,3422.0,2062,2042,5180.0,5273,14000.0,14098.0,4218.0,4742.0,68.1,6,Syn
4922.0,7521.0,53.0,1469.0,1733,2641,2506.0,4012,6222.0,9546.0,453.0,935.0,68.1,6,Syn
3309.0,8594.0,2246.0,4951.0,2160,2656,2777.0,3214,7011.0,7068.0,982.0,1352.0,68.3,6,Syn
5538.0,17458.0,1469.0,3162.0,4233,6074,4949.0,7149,11492.0,14545.0,1333.0,2053.0,68.3,6,Syn
2215.0,9571.0,0.0,742.0,910,3368,1235.0,4436,2225.0,7397.0,354.0,709.0,68.3,6,Syn
1376.0,5279.0,702.0,3185.0,3050,4393,2752.0,3899,5827.0,8162.0,328.0,1046.0,68.4,6,Syn
3360.0,18641.0,1436.0,4965.0,1021,1911,1514.0,3084,4302.0,9544.0,968.0,2227.0,68.5,6,Syn
18018.0,32187.0,4265.0,5668.0,7409,7650,9876.0,9597,26478.0,24305.0,5287.0,6438.0,68.5,6,Syn
7473.0,11029.0,2631.0,6195.0,2856,3289,4574.0,4999,11905.0,13269.0,1682.0,1499.0,68.6,6,Syn
5397.0,13973.0,1004.0,2772.0,3431,3586,4791.0,5308,13620.0,14739.0,1682.0,1770.0,68.7,6,Syn
1734.0,7147.0,1570.0,4654.0,2709,5386,2928.0,5469,6375.0,11800.0,659.0,1238.0,68.7,6,Syn
3087.0,12242.0,961.0,4007.0,1278,4105,1398.0,4225,3140.0,9730.0,158.0,171.0,68.7,6,Syn
1104.0,5445.0,621.0,3151.0,1269,3219,1476.0,4497,3454.0,10181.0,820.0,1303.0,68.9,6,Syn
5497.0,10979.0,1845.0,4311.0,4240,5063,4535.0,4984,8523.0,8938.0,159.0,799.0,69.0,6,Syn
30285.0,53735.0,4138.0,7659.0,6362,6563,9216.0,9388,23532.0,23232.0,4533.0,6046.0,69.0,6,Syn
4011.0,19966.0,1352.0,4707.0,2020,2804,2866.0,4124,8822.0,13110.0,709.0,1459.0,69.3,6,Syn
20181.0,38867.0,7557.0,12473.0,8432,8210,11130.0,11128,26198.0,25733.0,4387.0,5791.0,69.4,6,Syn
7388.0,18815.0,1668.0,4160.0,1534,2115,2850.0,3425,8912.0,11915.0,3026.0,2918.0,69.4,6,Syn
5013.0,21737.0,1299.0,3371.0,3479,4322,5164.0,6593,14895.0,19016.0,678.0,1573.0,69.7,6,Syn
19511.0,30051.0,4121.0,6403.0,7891,7729,9545.0,9109,26292.0,25806.0,3311.0,4909.0,69.8,6,Syn
2662.0,12528.0,1182.0,5312.0,994,2269,1306.0,3075,3101.0,6882.0,1219.0,2186.0,69.8,6,Syn
1114.0,6131.0,744.0,3952.0,998,2431,1046.0,2886,2229.0,6243.0,278.0,1028.0,69.8,6,Syn
3008.0,10175.0,1031.0,2029.0,1607,2358,2257.0,3025,5786.0,7992.0,983.0,1018.0,69.9,6,Syn
1313.0,7579.0,537.0,3825.0,1359,3525,1728.0,4591,4636.0,11958.0,0.0,151.0,69.9,6,Syn
4258.0,8731.0,1792.0,2984.0,4019,4805,4892.0,5502,12146.0,13995.0,1406.0,2295.0,69.9,6,Syn
12226.0,15340.0,3939.0,5473.0,4813,5053,5587.0,5421,12211.0,12222.0,822.0,2067.0,70.0,6,Syn
97453.0,147368.0,228431.0,347685.0,3419,3182,8831.0,8680,19178.0,17538.0,7424.0,6195.0,70.1,6,Syn
7336.0,12858.0,2918.0,5901.0,7355,7289,7930.0,8094,14214.0,14730.0,1685.0,1956.0,70.1,6,Syn
828.0,3221.0,2006.0,6485.0,1945,3478,2637.0,4563,6524.0,11358.0,1086.0,2120.0,70.4,6,Syn
2484.0,15379.0,307.0,3542.0,426,1936,857.0,2855,1972.0,7061.0,165.0,596.0,70.4,6,Syn
10848.0,22139.0,2502.0,4426.0,5737,6075,7688.0,8428,19276.0,20579.0,1857.0,3106.0,70.4,6,Syn
4459.0,6442.0,5886.0,11149.0,1911,1899,2702.0,2751,7481.0,7511.0,1076.0,1345.0,70.4,6,Syn
3889.0,7200.0,339.0,1447.0,1351,1301,2395.0,2573,6156.0,5569.0,1388.0,1766.0,70.6,6,Syn
7114.0,15335.0,1685.0,4341.0,3087,2685,4030.0,4277,11100.0,11624.0,1213.0,2747.0,70.7,6,Syn
4417.0,11141.0,1498.0,3106.0,2081,3091,2730.0,3792,7182.0,10905.0,1734.0,3336.0,70.8,6,Syn
19608.0,30296.0,2955.0,3963.0,3419,3118,7567.0,7361,20443.0,20433.0,11598.0,9124.0,70.8,6,Syn
6447.0,11861.0,2150.0,4116.0,3155,3345,4254.0,4300,11899.0,12041.0,2589.0,1817.0,70.9,6,Syn
2215.0,13183.0,707.0,2827.0,1209,2187,1432.0,2658,3828.0,7068.0,740.0,1636.0,70.9,6,Syn
8482.0,19740.0,2971.0,5084.0,7312,7569,9034.0,9053,21442.0,21275.0,2253.0,2785.0,71.0,6,Syn
4854.0,16845.0,1210.0,3725.0,1948,2560,2383.0,3075,5988.0,7919.0,656.0,1124.0,71.0,6,Syn
8480.0,22308.0,2027.0,4894.0,5650,6526,7603.0,8270,19510.0,20715.0,1588.0,4166.0,71.1,6,Syn
4456.0,14069.0,1330.0,3486.0,2346,2466,3424.0,3875,8786.0,9614.0,1280.0,1552.0,71.2,6,Syn
8107.0,16263.0,2279.0,5120.0,7971,7867,8781.0,9652,18416.0,19069.0,7.0,3162.0,71.2,6,Syn
17406.0,18276.0,2997.0,5238.0,4861,4480,6042.0,6018,19628.0,18313.0,6728.0,5929.0,71.2,6,Syn
11094.0,19126.0,2200.0,3840.0,3925,3725,5452.0,5158,14469.0,13781.0,2006.0,1884.0,71.2,6,Syn
14946.0,14753.0,3079.0,3187.0,6881,6915,8550.0,8675,20237.0,19763.0,2111.0,2897.0,71.4,6,Syn
6148.0,13522.0,1077.0,2034.0,1287,2230,1931.0,3238,5601.0,9887.0,1930.0,2055.0,71.4,6,Syn
6719.0,13304.0,1900.0,4215.0,3319,3668,4302.0,4985,11932.0,13268.0,2055.0,2034.0,71.4,6,Syn
6209.0,11040.0,839.0,2010.0,2154,2328,2748.0,3110,7302.0,8476.0,393.0,701.0,71.5,6,Syn
586.0,3412.0,748.0,2519.0,1739,3871,1839.0,4502,4354.0,10536.0,284.0,640.0,71.5,6,Syn
6966.0,21153.0,2882.0,5542.0,2833,3186,4192.0,4937,12386.0,14197.0,0.0,1058.0,71.6,6,Syn
6658.0,15099.0,877.0,2288.0,3321,3691,3974.0,4402,10275.0,11844.0,830.0,2033.0,71.6,6,Syn
7347.0,18460.0,1625.0,3775.0,3379,3749,4719.0,4879,13794.0,14808.0,2829.0,3019.0,71.7,6,Syn
3196.0,5902.0,849.0,2174.0,2721,3179,4008.0,4679,11584.0,12943.0,878.0,1788.0,71.7,6,Syn
5195.0,13401.0,2870.0,6818.0,4415,4854,5487.0,5967,12185.0,13196.0,716.0,733.0,71.7,6,Syn
6172.0,12935.0,3891.0,7545.0,5440,6084,6203.0,6689,17730.0,18285.0,927.0,1569.0,71.8,6,Syn
10395.0,27415.0,1847.0,4286.0,4744,5106,6090.0,6151,17429.0,17689.0,1778.0,3725.0,72.0,6,Syn
2887.0,9799.0,880.0,3331.0,765,1149,1120.0,1991,2913.0,5394.0,1409.0,2006.0,72.1,6,Syn
20163.0,36171.0,1913.0,3376.0,11325,12010,15865.0,16446,34275.0,35055.0,7995.0,8691.0,72.2,6,Syn
12517.0,22268.0,4093.0,7702.0,3058,2543,3939.0,3878,11730.0,11389.0,2873.0,3757.0,72.2,6,Syn
4496.0,7893.0,2866.0,4826.0,2633,2736,4177.0,4466,16318.0,17000.0,5932.0,7219.0,72.2,6,Syn
3724.0,12246.0,274.0,1638.0,6914,8668,7344.0,9110,15058.0,17406.0,1311.0,2353.0,72.3,6,Syn
18729.0,25526.0,2030.0,4154.0,5141,5721,8126.0,7909,18357.0,18340.0,2441.0,4331.0,72.4,6,Syn
24883.0,26635.0,3062.0,4370.0,7674,7357,11292.0,10829,27197.0,26265.0,5406.0,4337.0,72.7,6,Syn
10756.0,19135.0,2334.0,6341.0,9951,9965,12287.0,12363,29376.0,29059.0,3748.0,3530.0,72.8,6,Syn
7316.0,18124.0,1956.0,4787.0,4055,4635,4764.0,5055,12651.0,13821.0,2508.0,3081.0,72.9,6,Syn
1894.0,11267.0,568.0,1987.0,669,2031,756.0,2109,2186.0,5714.0,1727.0,3082.0,72.9,6,Syn
3576.0,14051.0,786.0,2830.0,2854,3471,3955.0,5053,10934.0,14236.0,427.0,1294.0,72.9,6,Syn
1942.0,8034.0,1074.0,3373.0,1496,2367,1887.0,2921,4870.0,7472.0,0.0,947.0,72.9,6,Syn
11825.0,12301.0,1886.0,3409.0,3943,3660,5790.0,5701,13420.0,12705.0,2552.0,2784.0,73.0,6,Syn
105047.0,152223.0,103841.0,153750.0,11449,10200,16193.0,14762,46053.0,39166.0,7844.0,8857.0,73.0,6,Syn
3673.0,17274.0,429.0,1198.0,1869,3795,2195.0,4214,5727.0,11601.0,0.0,1134.0,73.0,6,Syn
15057.0,18605.0,2121.0,4134.0,5825,6383,7605.0,8137,18981.0,19752.0,664.0,1767.0,73.0,6,Syn
17109.0,27432.0,8865.0,14952.0,8148,8147,10868.0,11216,26314.0,25770.0,3870.0,4617.0,73.1,6,Syn
60976.0,106885.0,7333.0,13242.0,5299,5097,7864.0,8026,24192.0,24090.0,3561.0,7077.0,73.1,6,Syn
9596.0,22940.0,482.0,1999.0,3243,3479,4669.0,5010,13562.0,14802.0,2028.0,2426.0,73.1,6,Syn
7071.0,18571.0,1232.0,3225.0,4626,5180,5644.0,6302,13213.0,13823.0,1436.0,2913.0,73.1,6,Syn
9585.0,21883.0,1790.0,4695.0,2818,4056,3712.0,5914,10860.0,16905.0,4312.0,4788.0,73.3,6,Syn
1987.0,12793.0,528.0,4235.0,1049,3101,1625.0,4959,4448.0,14060.0,12.0,49.0,73.3,6,Syn
2465.0,7032.0,1053.0,4070.0,3689,4297,4657.0,5967,11084.0,13919.0,630.0,681.0,73.3,6,Syn
15481.0,23443.0,4291.0,7254.0,4041,3573,5190.0,4679,13028.0,12278.0,2210.0,3267.0,73.4,6,Syn
4435.0,13531.0,1802.0,4140.0,3321,3817,5012.0,5829,13498.0,15874.0,843.0,1976.0,73.5,6,Syn
1364.0,8550.0,1053.0,4616.0,1517,2909,2458.0,4969,6456.0,14053.0,931.0,2333.0,73.6,6,Syn
6580.0,11897.0,1809.0,2012.0,862,2416,1776.0,4095,4354.0,11871.0,65.0,367.0,73.6,6,Syn
4258.0,12894.0,1062.0,3239.0,2639,3815,3330.0,5695,9442.0,15588.0,2158.0,3160.0,73.6,6,Syn
4169.0,8904.0,1249.0,3895.0,1238,2980,1460.0,4401,4142.0,11444.0,41.0,279.0,73.6,6,Syn
5718.0,22303.0,1168.0,3490.0,3844,4813,4845.0,6102,12301.0,15420.0,0.0,951.0,73.8,6,Syn
12802.0,26138.0,4100.0,5661.0,5019,5093,6642.0,7043,17067.0,18145.0,3364.0,4302.0,73.8,6,Syn
3196.0,13825.0,811.0,1840.0,1613,3629,2563.0,5080,6981.0,14601.0,1827.0,3027.0,73.9,6,Syn
3438.0,4127.0,1193.0,2397.0,3545,3606,4277.0,4516,9786.0,9209.0,2503.0,1738.0,73.9,6,Syn
21707.0,41892.0,3347.0,3866.0,6216,5831,7612.0,7340,24235.0,23438.0,3277.0,4780.0,73.9,6,Syn
6783.0,12039.0,1350.0,3791.0,4200,4338,6308.0,6544,13475.0,12752.0,2271.0,2664.0,74.0,6,Syn
5803.0,14779.0,1883.0,5221.0,3416,3958,5288.0,5802,12011.0,12515.0,629.0,960.0,74.0,6,Syn
4829.0,9527.0,1922.0,3229.0,2331,2597,3210.0,3629,8404.0,10193.0,0.0,387.0,74.0,6,Syn
2581.0,15587.0,34.0,509.0,288,702,605.0,1338,1788.0,5198.0,953.0,2015.0,74.0,6,Syn
1356.0,4965.0,449.0,1627.0,583,1131,823.0,1620,2470.0,6184.0,381.0,832.0,74.0,6,Syn
15477.0,22319.0,3354.0,7183.0,8910,9177,10445.0,10602,23183.0,22863.0,6106.0,5795.0,74.1,6,Syn
2454.0,15061.0,1009.0,3791.0,835,1908,1019.0,2242,3260.0,6961.0,629.0,1378.0,74.1,6,Syn
6169.0,10566.0,1520.0,3143.0,3098,3339,4158.0,4162,10124.0,9506.0,2733.0,3135.0,74.2,6,Syn
5631.0,13661.0,384.0,2697.0,4934,4740,5497.0,5515,13796.0,13251.0,2821.0,3086.0,74.2,6,Syn
5893.0,18834.0,715.0,2914.0,5390,5739,7264.0,7206,19757.0,19598.0,3487.0,3985.0,74.3,6,Syn
1873.0,10182.0,918.0,2906.0,420,1259,657.0,1732,1841.0,5122.0,1269.0,2476.0,74.3,6,Syn
1298.0,7603.0,686.0,2844.0,2041,3724,2603.0,4897,5438.0,10120.0,557.0,1562.0,74.3,6,Syn
9856.0,25942.0,1987.0,4955.0,5517,6803,7126.0,8612,18549.0,21325.0,377.0,4975.0,74.4,6,Syn
5166.0,11750.0,0.0,1596.0,1170,2234,1289.0,2768,4049.0,8616.0,2243.0,1601.0,74.5,6,Syn
5024.0,16476.0,1203.0,3262.0,1360,2655,1679.0,3842,4195.0,10642.0,1447.0,2682.0,74.5,6,Syn
3372.0,9709.0,638.0,2210.0,928,1999,1198.0,3258,2720.0,7674.0,364.0,455.0,74.5,6,Syn
6396.0,14176.0,3031.0,5316.0,5405,6646,6547.0,8013,18666.0,21712.0,2721.0,3569.0,74.5,6,Syn
2344.0,12952.0,1232.0,5594.0,1203,1858,1387.0,2076,4331.0,6985.0,293.0,369.0,74.6,6,Syn
1697.0,8793.0,901.0,5526.0,581,1511,528.0,1551,1989.0,5847.0,0.0,273.0,74.6,6,Syn
4776.0,13062.0,944.0,2242.0,1250,2579,1818.0,3623,4435.0,8562.0,2069.0,2519.0,74.6,6,Syn
14467.0,29208.0,2832.0,5221.0,6939,6402,8679.0,9011,23211.0,22835.0,3935.0,5081.0,74.6,6,Syn
2322.0,15081.0,242.0,2191.0,2642,5507,2938.0,6359,6790.0,14285.0,643.0,1161.0,75.0,6,Syn
1376.0,8849.0,283.0,2261.0,1004,3241,999.0,3818,2584.0,8683.0,224.0,483.0,75.0,6,Syn
10218.0,22795.0,1517.0,2698.0,4314,5491,4732.0,5526,11711.0,14065.0,2741.0,2326.0,75.0,6,Syn
2064.0,13358.0,360.0,1910.0,572,1533,591.0,1981,1260.0,4160.0,171.0,134.0,75.0,6,Syn
1874.0,9156.0,484.0,2595.0,2510,3491,3661.0,5405,9279.0,13560.0,538.0,3485.0,75.1,6,Syn
7028.0,11631.0,2046.0,4287.0,1487,1479,2035.0,2071,6320.0,6736.0,273.0,1295.0,75.2,6,Syn
1369.0,8854.0,333.0,1672.0,363,1145,567.0,1613,1531.0,4385.0,886.0,2476.0,75.3,6,Syn
6973.0,12319.0,1472.0,3733.0,2347,2926,3658.0,4324,9306.0,9864.0,0.0,330.0,75.3,6,Syn
9313.0,21376.0,2161.0,4407.0,4034,4287,5190.0,5037,12992.0,12735.0,3916.0,3758.0,75.4,6,Syn
2118.0,10230.0,769.0,2348.0,1118,1805,1798.0,2848,4805.0,8106.0,0.0,1380.0,75.4,6,Syn
8159.0,15877.0,2166.0,2919.0,2500,2319,3523.0,3245,9414.0,9630.0,1207.0,2053.0,75.6,6,Syn
6476.0,11760.0,2073.0,4105.0,3549,3684,4445.0,4698,12483.0,12082.0,3411.0,2796.0,75.6,6,Syn
7717.0,12575.0,2993.0,6635.0,3270,3164,3987.0,4388,11347.0,11955.0,1803.0,2401.0,75.6,6,Syn
6183.0,14590.0,1697.0,3198.0,4888,5396,6172.0,6671,15604.0,16113.0,1249.0,2738.0,75.7,6,Syn
7322.0,22702.0,3760.0,7967.0,2576,2947,4028.0,4716,10979.0,12646.0,963.0,2530.0,75.8,6,Syn
17898.0,24470.0,2351.0,3480.0,3494,3568,5664.0,5961,17702.0,18479.0,421.0,3539.0,75.8,6,Syn
4372.0,9423.0,1929.0,4561.0,4517,5007,5982.0,6552,13988.0,14670.0,156.0,1793.0,75.9,6,Syn
6029.0,16323.0,1493.0,3208.0,3446,3311,4884.0,5244,11929.0,11953.0,1304.0,3817.0,75.9,6,Syn
13305.0,20082.0,1603.0,3377.0,4477,4387,5680.0,5874,17138.0,15353.0,4542.0,3503.0,76.0,6,Syn
11476.0,24005.0,1613.0,4057.0,5411,5660,7387.0,8107,19916.0,22620.0,583.0,3535.0,76.1,6,Syn
7334.0,19722.0,2207.0,4866.0,8335,9311,10703.0,11856,25871.0,26353.0,2845.0,3335.0,76.1,6,Syn
12236.0,30314.0,1309.0,4051.0,2401,2370,3728.0,3903,8533.0,8588.0,1597.0,4067.0,76.2,6,Syn
4661.0,14874.0,3541.0,7382.0,3203,3452,3613.0,4141,8433.0,9340.0,1336.0,1985.0,76.2,6,Syn
2030.0,11376.0,1522.0,5992.0,927,2372,1214.0,3102,3410.0,8936.0,787.0,2834.0,76.2,6,Syn
4069.0,10083.0,1951.0,4256.0,3908,3812,5553.0,5909,13550.0,14436.0,332.0,1827.0,76.2,6,Syn
8537.0,21421.0,2095.0,4357.0,2959,3358,5134.0,5453,13537.0,13937.0,772.0,3323.0,76.2,6,Syn
1528.0,4620.0,1951.0,6300.0,2214,5466,2534.0,5595,5061.0,10548.0,1210.0,1971.0,76.2,6,Syn
14011.0,25437.0,5748.0,7149.0,4717,4500,6289.0,6112,17555.0,17210.0,4276.0,4425.0,76.2,6,Syn
4373.0,11042.0,1907.0,4548.0,3391,3795,4101.0,4755,9769.0,11327.0,346.0,2225.0,76.3,6,Syn
4298.0,16988.0,218.0,1406.0,645,1472,844.0,2080,2516.0,5760.0,2009.0,2504.0,76.3,6,Syn
16734.0,28603.0,2025.0,4102.0,3991,4032,4766.0,4655,14922.0,13679.0,3061.0,3914.0,76.4,6,Syn
20819.0,40087.0,4051.0,6651.0,5978,6325,8541.0,9101,24035.0,23407.0,3581.0,5763.0,76.4,6,Syn
8899.0,19028.0,502.0,2135.0,5111,5495,7182.0,7610,16613.0,18426.0,2622.0,3242.0,76.5,6,Syn
4469.0,10492.0,2077.0,4505.0,2214,2307,3080.0,3237,8032.0,8015.0,1562.0,2096.0,76.5,6,Syn
3454.0,12547.0,1193.0,4343.0,3781,5045,3844.0,5298,8905.0,12163.0,449.0,770.0,76.5,6,Syn
8723.0,14751.0,1153.0,2168.0,1970,2386,2866.0,3507,7626.0,9507.0,2269.0,2040.0,76.8,6,Syn
13336.0,18018.0,3268.0,5140.0,4190,4370,5639.0,5326,14691.0,14403.0,1588.0,3958.0,76.8,6,Syn
1872.0,5648.0,1371.0,5161.0,2316,2763,2904.0,3857,8598.0,12050.0,301.0,1685.0,76.8,6,Syn
3209.0,13764.0,1524.0,4081.0,2054,2782,2679.0,3672,7135.0,9784.0,123.0,836.0,76.9,6,Syn
10050.0,23303.0,1436.0,4102.0,6925,7780,9590.0,10315,22988.0,25229.0,2160.0,4076.0,77.0,6,Syn
1543.0,4468.0,1907.0,4327.0,1469,2746,1265.0,2784,2954.0,6108.0,1988.0,2583.0,77.0,6,Syn
2229.0,14293.0,650.0,3286.0,2755,4707,3479.0,6231,9340.0,16654.0,460.0,1015.0,77.1,6,Syn
1486.0,9067.0,1762.0,6599.0,1404,3172,1801.0,4504,5132.0,12247.0,339.0,1739.0,77.1,6,Syn
4190.0,13154.0,1280.0,2943.0,2455,2834,3076.0,3607,7958.0,8622.0,1395.0,1728.0,77.2,6,Syn
15051.0,23482.0,2825.0,3872.0,3107,2495,4931.0,4293,12517.0,10629.0,3095.0,3063.0,77.3,6,Syn
7944.0,16992.0,2181.0,4192.0,5178,5359,7205.0,7888,18961.0,20675.0,1394.0,4315.0,77.5,6,Syn
7013.0,16330.0,1701.0,3493.0,5311,5972,6579.0,7566,15272.0,18181.0,1381.0,2631.0,77.5,6,Syn
9249.0,9881.0,3587.0,4023.0,3840,3620,4489.0,4923,11680.0,11507.0,1018.0,1992.0,77.5,6,Syn
14780.0,17249.0,2967.0,3786.0,4632,4587,5708.0,5648,16295.0,14593.0,3508.0,3304.0,77.5,6,Syn
4794.0,11970.0,2401.0,4976.0,1523,1581,2020.0,2114,6199.0,6458.0,489.0,1456.0,77.7,6,Syn
5264.0,26361.0,1424.0,3905.0,1559,2284,2006.0,3087,6098.0,8923.0,1281.0,1455.0,77.9,6,Syn
13149.0,15825.0,2319.0,4596.0,5256,5191,7537.0,7117,19499.0,18057.0,2689.0,3329.0,77.9,6,Syn
2447.0,9284.0,1184.0,4478.0,2401,3242,3377.0,4708,8474.0,11813.0,325.0,1071.0,78.0,6,Syn
9862.0,16761.0,2166.0,4484.0,3587,3686,5369.0,5767,14559.0,15207.0,2151.0,2383.0,78.0,6,Syn
1629.0,9562.0,854.0,3699.0,1172,3374,1429.0,3764,3741.0,8736.0,934.0,2530.0,78.2,6,Syn
5738.0,17501.0,841.0,3490.0,2035,4072,2255.0,4322,5281.0,9502.0,60.0,590.0,78.2,6,Syn
7625.0,25051.0,1065.0,3258.0,4853,5868,6214.0,7467,15472.0,18507.0,770.0,2588.0,78.3,6,Syn
2481.0,12039.0,882.0,2495.0,1525,4275,2003.0,5412,5549.0,15115.0,1666.0,2431.0,78.5,6,Syn
1452.0,9952.0,204.0,1360.0,2959,5903,3462.0,7072,9286.0,19403.0,0.0,280.0,78.5,6,Syn
1521.0,6165.0,502.0,2911.0,2059,3212,3005.0,4668,6736.0,11583.0,139.0,479.0,78.6,6,Syn
3507.0,11589.0,511.0,2768.0,2193,2682,2909.0,3865,9085.0,11870.0,925.0,1536.0,78.6,6,Syn
13443.0,16932.0,1538.0,4175.0,2572,3726,2982.0,4321,7356.0,9589.0,2582.0,2197.0,78.7,6,Syn
9583.0,14850.0,3143.0,6103.0,7490,7702,8489.0,9484,18098.0,19231.0,3303.0,3047.0,78.7,6,Syn
5214.0,22850.0,1302.0,3934.0,2696,4249,3608.0,5458,9550.0,14284.0,366.0,734.0,78.9,6,Syn
4008.0,13409.0,2566.0,6310.0,1289,1718,1953.0,2625,5185.0,7036.0,560.0,941.0,78.9,6,Syn
12698.0,25966.0,3750.0,7246.0,4414,4199,6356.0,6477,17237.0,17790.0,2193.0,3787.0,79.0,6,Syn
3166.0,11262.0,305.0,837.0,1369,3371,1640.0,3836,3712.0,8697.0,1153.0,1645.0,79.0,6,Syn
16932.0,29637.0,19527.0,35334.0,7134,7767,9329.0,9701,23623.0,23613.0,1716.0,2165.0,79.0,6,Syn
1492.0,8907.0,600.0,3161.0,1114,1837,1415.0,2533,3438.0,6975.0,395.0,478.0,79.0,6,Syn
3048.0,10133.0,925.0,1659.0,526,1081,718.0,1936,1609.0,5401.0,355.0,298.0,79.0,6,Syn
9522.0,24117.0,3597.0,7374.0,3911,4177,5026.0,5355,15321.0,17501.0,3262.0,3725.0,79.1,6,Syn
4022.0,8134.0,1244.0,2143.0,2811,3077,3772.0,4246,9514.0,10918.0,2114.0,2544.0,79.1,6,Syn
9978.0,14256.0,2777.0,5047.0,3729,3409,4892.0,5048,12336.0,12359.0,1605.0,2331.0,79.1,6,Syn
2663.0,16199.0,396.0,1813.0,770,2214,725.0,2187,1809.0,4886.0,1181.0,2656.0,79.1,6,Syn
8980.0,17073.0,2925.0,5839.0,6290,7725,6254.0,7720,14343.0,17687.0,411.0,2213.0,79.1,6,Syn
3559.0,12037.0,1313.0,3141.0,1976,2542,2653.0,3499,7671.0,10028.0,1047.0,1496.0,79.2,6,Syn
9833.0,19823.0,2003.0,5965.0,5067,6126,7094.0,8596,19481.0,21503.0,4542.0,4133.0,79.2,6,Syn
10915.0,17246.0,3505.0,6372.0,7979,8012,9753.0,10175,21980.0,22181.0,1880.0,4061.0,79.3,6,Syn
3065.0,14957.0,1244.0,3563.0,3025,4850,3826.0,5837,9551.0,14293.0,1070.0,1515.0,79.4,6,Syn
4937.0,16767.0,1962.0,4352.0,3778,4386,5661.0,6435,15642.0,17087.0,3092.0,3903.0,79.5,6,Syn
7180.0,22914.0,1218.0,2994.0,5003,6308,6274.0,8009,15639.0,19455.0,1436.0,4245.0,79.5,6,Syn
5017.0,11712.0,1766.0,4725.0,3436,4524,4717.0,6165,10954.0,13655.0,2202.0,2674.0,79.5,6,Syn
19052.0,31226.0,3730.0,4698.0,4405,4351,6468.0,5977,16204.0,15329.0,3302.0,2480.0,79.6,6,Syn
10469.0,26156.0,7386.0,14726.0,1673,1848,3313.0,3626,10412.0,10855.0,2564.0,3840.0,79.7,6,Syn
11390.0,23857.0,2832.0,4406.0,1976,1988,4641.0,4878,13819.0,14780.0,4621.0,4655.0,79.7,6,Syn
6181.0,14941.0,1565.0,2264.0,1869,2987,2645.0,3877,6210.0,8963.0,2402.0,1590.0,79.8,6,Syn
2527.0,12681.0,621.0,2066.0,382,1256,569.0,1466,1516.0,3966.0,56.0,249.0,79.8,6,Syn
11816.0,28375.0,4270.0,5917.0,4726,4752,7172.0,7291,16854.0,17192.0,3341.0,4355.0,79.8,6,Syn
7214.0,8974.0,1441.0,2906.0,3108,2962,3383.0,3217,10193.0,8778.0,2421.0,1825.0,79.9,6,Syn
1270.0,4244.0,0.0,1508.0,399,1077,889.0,1510,1583.0,4164.0,4541.0,5768.0,79.9,6,Syn
8780.0,31762.0,2305.0,6039.0,5583,6189,7612.0,8493,18501.0,20569.0,1810.0,2978.0,79.9,6,Syn
10149.0,24276.0,787.0,2020.0,1827,1972,2531.0,2728,6347.0,6605.0,0.0,112.0,80.0,6,Syn
84071.0,118215.0,162317.0,241378.0,3506,3345,4840.0,4820,16130.0,15650.0,5530.0,4267.0,80.1,6,Syn
17914.0,30176.0,4039.0,6117.0,3759,4008,5192.0,5307,14848.0,16047.0,3279.0,3989.0,80.1,6,Syn
2059.0,9929.0,1802.0,5561.0,900,1270,1382.0,2144,3667.0,6077.0,358.0,569.0,80.1,6,Syn
11135.0,28448.0,2652.0,5596.0,4855,6217,6610.0,7922,17354.0,19285.0,2712.0,4057.0,80.2,6,Syn
7931.0,16463.0,403.0,1501.0,530,1702,841.0,2668,1553.0,6124.0,0.0,81.0,80.2,6,Syn
7397.0,17696.0,2317.0,4494.0,4201,3981,5509.0,5673,14962.0,14897.0,2295.0,2162.0,80.4,6,Syn
22334.0,43671.0,5410.0,12174.0,3210,3356,4417.0,4620,12535.0,12533.0,2908.0,3419.0,80.6,6,Syn
2749.0,12525.0,1498.0,3852.0,5683,7033,5901.0,6807,14774.0,17740.0,0.0,304.0,80.6,6,Syn
11382.0,16925.0,2269.0,4176.0,5776,6234,8291.0,8249,23552.0,23996.0,3575.0,4116.0,80.6,6,Syn
2847.0,6876.0,1184.0,2944.0,3330,3776,4337.0,5025,10847.0,11582.0,424.0,1522.0,80.7,6,Syn
16178.0,21257.0,2772.0,4174.0,4406,4271,6092.0,5763,16703.0,15405.0,4075.0,3549.0,80.7,6,Syn
8439.0,20690.0,2128.0,5290.0,3189,3398,4678.0,4833,11213.0,11980.0,624.0,1023.0,80.8,6,Syn
91754.0,122771.0,151616.0,239054.0,5344,4920,6996.0,6740,17924.0,17158.0,3554.0,3167.0,80.8,6,Syn
8109.0,26337.0,2531.0,5374.0,4175,4551,5764.0,6512,15579.0,17531.0,1699.0,1631.0,80.9,6,Syn
611.0,3386.0,652.0,2249.0,1004,2226,1501.0,3354,3448.0,7572.0,0.0,711.0,80.9,6,Syn
2818.0,9247.0,0.0,1956.0,1251,2269,1666.0,3383,4030.0,7670.0,126.0,488.0,80.9,6,Syn
6808.0,15887.0,3330.0,5929.0,1440,1571,3182.0,3877,8730.0,10854.0,3086.0,3712.0,80.9,6,Syn
1658.0,8950.0,360.0,2955.0,284,723,589.0,2035,1491.0,5093.0,633.0,1391.0,80.9,6,Syn
6727.0,11812.0,278.0,1741.0,723,2219,958.0,2793,2740.0,6881.0,302.0,498.0,81.1,6,Syn
1762.0,7787.0,678.0,2659.0,3756,5451,4338.0,6072,9915.0,13709.0,603.0,1932.0,81.1,6,Syn
5699.0,13699.0,568.0,1347.0,1999,5204,2290.0,5709,4345.0,11754.0,334.0,243.0,81.1,6,Syn
5070.0,13192.0,1665.0,4739.0,2099,2218,2538.0,3104,7992.0,9713.0,0.0,214.0,81.1,6,Syn
19102.0,23795.0,4198.0,5943.0,7792,7967,9835.0,10614,25368.0,24545.0,5228.0,3552.0,81.1,6,Syn
22685.0,32087.0,2744.0,3903.0,4341,4761,7071.0,7016,22597.0,21210.0,4404.0,6534.0,81.1,6,Syn
11733.0,13401.0,3906.0,4494.0,5452,5258,8628.0,8213,22911.0,21062.0,5468.0,4337.0,81.2,6,Syn
2735.0,15386.0,530.0,1648.0,2063,3339,2894.0,4821,7764.0,12812.0,0.0,375.0,81.3,6,Syn
5731.0,9251.0,279.0,1631.0,634,1735,1047.0,2787,2595.0,8403.0,373.0,954.0,81.3,6,Syn
3941.0,9633.0,2667.0,4445.0,4381,4494,5609.0,6126,13408.0,14516.0,1082.0,3498.0,81.5,6,Syn
2501.0,14760.0,990.0,3517.0,1375,2005,1722.0,2688,4499.0,7279.0,30.0,225.0,81.5,6,Syn
4245.0,22758.0,813.0,3399.0,1955,4554,2817.0,6354,8631.0,17125.0,2484.0,3864.0,81.6,6,Syn
3147.0,9066.0,480.0,3147.0,1872,4499,2688.0,6297,7394.0,16305.0,459.0,3214.0,81.6,6,Syn
2594.0,10311.0,1076.0,3545.0,1918,2787,2588.0,4102,6807.0,11102.0,1310.0,2486.0,81.8,6,Syn
4342.0,14219.0,2339.0,3834.0,3896,3970,5017.0,5310,13118.0,12810.0,2075.0,3196.0,81.9,6,Syn
2280.0,11889.0,463.0,2475.0,2851,4671,3553.0,5909,9036.0,14975.0,302.0,454.0,81.9,6,Syn
2670.0,12031.0,2392.0,7823.0,1613,2264,1788.0,2492,5309.0,7225.0,0.0,332.0,82.1,6,Syn
8095.0,20099.0,2327.0,4563.0,2277,2824,3380.0,4154,7810.0,9025.0,1733.0,1927.0,82.2,6,Syn
22789.0,31678.0,4562.0,7681.0,11372,11156,13299.0,13373,28150.0,27777.0,1524.0,3990.0,82.2,6,Syn
3817.0,10738.0,1247.0,3109.0,15130,18651,15822.0,18822,27585.0,31241.0,2546.0,3523.0,82.2,6,Syn
10358.0,17706.0,211.0,931.0,1631,2199,2559.0,3077,5848.0,6966.0,2076.0,1471.0,82.6,6,Syn
9109.0,15100.0,2523.0,3130.0,5459,5922,7649.0,8058,18555.0,18676.0,57.0,3499.0,82.7,6,Syn
3239.0,18888.0,1244.0,4727.0,2400,6803,2907.0,8136,6619.0,17586.0,1003.0,3457.0,82.7,6,Syn
1952.0,9108.0,1017.0,4181.0,3678,8013,4232.0,9492,9351.0,20363.0,266.0,1267.0,82.7,6,Syn
1716.0,11636.0,818.0,3167.0,789,1876,1142.0,2930,3607.0,8800.0,314.0,922.0,82.7,6,Syn
6597.0,11036.0,1155.0,2289.0,2678,4651,2942.0,5621,7557.0,13993.0,2268.0,2297.0,82.9,6,Syn
4459.0,9910.0,1551.0,2507.0,1105,2158,2326.0,4039,6067.0,9176.0,2918.0,2866.0,82.9,6,Syn
25921.0,49907.0,3086.0,4600.0,6353,6216,8890.0,9659,25068.0,24903.0,3108.0,6352.0,83.0,6,Syn
4656.0,12607.0,1742.0,3540.0,3753,3414,4138.0,4154,11461.0,11678.0,1313.0,2009.0,83.0,6,Syn
5033.0,13767.0,1917.0,4031.0,9875,10766,10643.0,11847,16861.0,17781.0,825.0,1662.0,83.0,6,Syn
1693.0,6219.0,1189.0,4835.0,2462,3699,3554.0,5373,8319.0,12286.0,193.0,1576.0,83.1,6,Syn
5102.0,9584.0,429.0,1485.0,1751,2033,2989.0,2969,6352.0,6115.0,1290.0,1717.0,83.1,6,Syn
6332.0,16074.0,1591.0,3992.0,3738,4081,5025.0,5785,14439.0,15479.0,1538.0,2047.0,83.2,6,Syn
6088.0,16182.0,0.0,2273.0,526,1072,659.0,1523,2180.0,4634.0,1982.0,2104.0,83.2,6,Syn
1812.0,11187.0,1155.0,4443.0,1698,2930,2133.0,3683,5355.0,9189.0,530.0,786.0,83.2,6,Syn
11713.0,20415.0,1810.0,2941.0,5981,5886,6409.0,6248,14786.0,14795.0,3072.0,3311.0,83.3,6,Syn
11694.0,21176.0,1917.0,5015.0,5772,6469,7940.0,8768,20517.0,23256.0,4439.0,5218.0,83.4,6,Syn
26764.0,17699.0,3385.0,5442.0,3878,3823,5748.0,5812,13402.0,13727.0,3937.0,2321.0,83.4,6,Syn
1387.0,8068.0,1170.0,4862.0,1001,2497,1116.0,3287,3385.0,9358.0,941.0,2209.0,83.4,6,Syn
6025.0,18661.0,2180.0,5596.0,3822,3908,5448.0,6101,12566.0,14365.0,2721.0,4196.0,83.5,6,Syn
6841.0,18941.0,2332.0,4914.0,3370,3892,4035.0,4360,11788.0,11514.0,2096.0,2505.0,83.6,6,Syn
8501.0,21517.0,1735.0,3643.0,3135,3368,4772.0,5191,11760.0,12809.0,1561.0,2297.0,83.6,6,Syn
23304.0,39501.0,3040.0,4952.0,9561,10086,13703.0,14245,36288.0,36000.0,8893.0,6718.0,83.6,6,Syn
2882.0,8959.0,1364.0,4503.0,1018,1897,1400.0,2920,3352.0,7794.0,360.0,682.0,83.6,6,Syn
5994.0,11549.0,2822.0,3779.0,3440,3392,4593.0,4435,13873.0,12884.0,2789.0,3416.0,83.7,6,Syn
5540.0,16987.0,2387.0,5958.0,3654,4799,5088.0,6593,14456.0,18636.0,2202.0,5217.0,83.7,6,Syn
956.0,6686.0,501.0,3143.0,886,2794,1082.0,3979,2961.0,10836.0,899.0,2328.0,83.7,6,Syn
2998.0,8561.0,1362.0,2659.0,1745,2009,2271.0,2924,5499.0,6986.0,573.0,771.0,83.8,6,Syn
7706.0,19601.0,1356.0,3958.0,4741,5022,5657.0,6231,16240.0,17123.0,1625.0,4074.0,83.9,6,Syn
2146.0,10689.0,1412.0,4922.0,1390,2000,1754.0,2760,4426.0,6894.0,0.0,1046.0,83.9,6,Syn
8831.0,17976.0,2892.0,5300.0,1538,1325,3010.0,3075,8501.0,8237.0,3210.0,2788.0,83.9,6,Syn
2398.0,12165.0,1883.0,5853.0,1550,2420,2257.0,3656,6364.0,10740.0,112.0,985.0,84.1,6,Syn
13340.0,18300.0,3476.0,4724.0,6298,6438,9731.0,9670,20304.0,20074.0,1109.0,4354.0,84.1,6,Syn
2402.0,7562.0,1289.0,4278.0,3040,4464,3639.0,5653,9128.0,13635.0,716.0,1009.0,84.2,6,Syn
7653.0,12770.0,2712.0,3524.0,5653,5472,7552.0,7554,19354.0,19655.0,3005.0,3526.0,84.3,6,Syn
15597.0,27458.0,4523.0,8032.0,6593,6274,8230.0,8082,21671.0,20618.0,3803.0,4949.0,84.5,6,Syn
6607.0,17064.0,1680.0,3609.0,5727,5829,7732.0,8360,16947.0,18338.0,246.0,2809.0,84.7,6,Syn
2574.0,8220.0,786.0,2872.0,2742,5149,3569.0,7297,9137.0,16842.0,1190.0,2414.0,84.7,6,Syn
2843.0,11922.0,1457.0,4582.0,2353,2606,3119.0,3551,8814.0,10140.0,357.0,569.0,84.8,6,Syn
2559.0,4773.0,1043.0,3270.0,2183,2437,3016.0,3716,7972.0,10496.0,0.0,418.0,84.8,6,Syn
6869.0,17513.0,1174.0,3593.0,4219,4566,5443.0,6036,12522.0,13790.0,243.0,1798.0,84.9,6,Syn
25650.0,44813.0,2121.0,3787.0,5200,5041,7605.0,7795,25504.0,25937.0,3292.0,6083.0,84.9,6,Syn
8070.0,23735.0,1713.0,5228.0,3585,5790,4633.0,7403,12321.0,18627.0,3551.0,3247.0,84.9,6,Syn
981.0,6420.0,585.0,2817.0,922,3555,1422.0,4954,3639.0,13003.0,0.0,0.0,84.9,6,Syn
4312.0,11909.0,980.0,2803.0,2863,3035,4198.0,4518,10110.0,11131.0,197.0,988.0,84.9,6,Syn
19775.0,17283.0,6485.0,9287.0,7687,7638,10167.0,9852,24068.0,23959.0,3873.0,3618.0,85.1,6,Syn
13717.0,15475.0,2629.0,4421.0,2769,2834,4597.0,4281,10853.0,10521.0,2651.0,3162.0,85.1,6,Syn
6547.0,18059.0,2178.0,5943.0,3771,4360,5192.0,6074,13151.0,15303.0,1654.0,3346.0,85.2,6,Syn
10645.0,22077.0,1781.0,4587.0,6391,6527,8477.0,8805,22023.0,20944.0,3929.0,3203.0,85.2,6,Syn
11376.0,23213.0,3431.0,5699.0,4632,4838,5512.0,5926,15641.0,16342.0,3939.0,2706.0,85.2,6,Syn
10269.0,13531.0,2985.0,5311.0,3410,3637,4098.0,4772,10637.0,11549.0,0.0,776.0,85.2,6,Syn
2782.0,8283.0,1416.0,3572.0,2749,3562,3914.0,4872,10520.0,13517.0,2193.0,3942.0,85.2,6,Syn
12068.0,25315.0,2937.0,5788.0,5265,5681,7211.0,8117,19295.0,19679.0,5580.0,4545.0,85.3,6,Syn
13508.0,29585.0,1167.0,2327.0,6368,6775,8352.0,8885,20952.0,21744.0,705.0,3105.0,85.3,6,Syn
4707.0,12562.0,1265.0,3752.0,1665,2852,2301.0,4324,5595.0,10690.0,142.0,332.0,85.7,6,Syn
7713.0,12320.0,1558.0,3225.0,7138,7573,8086.0,8990,17826.0,19990.0,363.0,1754.0,85.9,6,Syn
18144.0,29725.0,3340.0,6097.0,5136,5473,7990.0,8291,21822.0,23211.0,2853.0,5220.0,85.9,6,Syn
4380.0,13607.0,832.0,2132.0,2697,3014,3523.0,4283,9085.0,10825.0,2160.0,1951.0,85.9,6,Syn
2138.0,12731.0,0.0,1105.0,328,882,447.0,1328,1131.0,4138.0,126.0,152.0,85.9,6,Syn
5840.0,7542.0,2006.0,4309.0,6428,6484,7871.0,7814,22182.0,20396.0,4620.0,2978.0,86.0,6,Syn
6077.0,15268.0,1946.0,4096.0,2965,3247,4347.0,4575,10649.0,12296.0,658.0,1436.0,86.0,6,Syn
2928.0,12860.0,478.0,3178.0,1453,1785,1760.0,2309,5021.0,6659.0,564.0,1265.0,86.0,6,Syn
4007.0,11951.0,1203.0,4450.0,2024,2577,2557.0,3078,7620.0,9337.0,1432.0,1741.0,86.1,6,Syn
8288.0,13965.0,3084.0,4902.0,4678,5356,7214.0,7593,18267.0,18233.0,3390.0,4476.0,86.1,6,Syn
7991.0,14392.0,1871.0,4902.0,3433,3736,4552.0,5012,10670.0,12301.0,0.0,794.0,86.1,6,Syn
1970.0,5813.0,0.0,695.0,1145,1981,2124.0,3684,5799.0,9282.0,1135.0,2031.0,86.2,6,Syn
2039.0,12055.0,695.0,3606.0,1134,2794,1068.0,3418,3333.0,10615.0,1848.0,3897.0,86.2,6,Syn
1319.0,3734.0,1824.0,4738.0,2787,4646,4145.0,7117,10313.0,18143.0,0.0,0.0,86.2,6,Syn
49170.0,70111.0,4323.0,7004.0,6436,6665,8806.0,8096,24556.0,23113.0,5545.0,4269.0,86.3,6,Syn
5294.0,10203.0,969.0,3883.0,828,1484,959.0,2487,2932.0,7583.0,2668.0,2170.0,86.3,6,Syn
11390.0,13745.0,3266.0,4450.0,2263,2573,2765.0,3697,7255.0,10369.0,518.0,721.0,86.3,6,Syn
4463.0,10931.0,3009.0,6325.0,2382,2795,2950.0,3445,7066.0,8212.0,1477.0,1190.0,86.3,6,Syn
8558.0,20589.0,1287.0,4132.0,3611,4072,5294.0,6013,12942.0,14461.0,714.0,1595.0,86.3,6,Syn
7434.0,14404.0,192.0,3340.0,2456,3450,3026.0,4492,6921.0,9372.0,377.0,768.0,86.4,6,Syn
14842.0,29873.0,933.0,2955.0,8571,8268,11073.0,11153,29672.0,29849.0,3568.0,4669.0,86.4,6,Syn
15929.0,35335.0,3453.0,7444.0,5547,6306,6797.0,7492,20517.0,22751.0,836.0,3233.0,86.4,6,Syn
3802.0,14803.0,722.0,3256.0,3055,4208,3677.0,5043,8495.0,11069.0,655.0,1666.0,86.4,6,Syn
1123.0,4556.0,717.0,2738.0,2169,4294,2653.0,4873,6092.0,10841.0,448.0,1082.0,86.5,6,Syn
6161.0,16735.0,805.0,1921.0,2981,3725,4056.0,5442,9632.0,12517.0,433.0,908.0,86.8,6,Syn
9704.0,16870.0,2679.0,5507.0,5295,5135,6305.0,6257,15434.0,14594.0,620.0,2038.0,86.9,6,Syn
13591.0,23186.0,3197.0,5922.0,4970,5269,5957.0,6125,15672.0,15254.0,3785.0,2961.0,86.9,6,Syn
13820.0,25337.0,3654.0,8080.0,4361,4274,5797.0,5883,16787.0,16394.0,4668.0,3664.0,86.9,6,Syn
7082.0,19927.0,1733.0,4089.0,9752,10417,10905.0,11860,20381.0,20974.0,1380.0,3571.0,86.9,6,Syn
7362.0,18614.0,2440.0,6247.0,3367,4101,5467.0,6864,15604.0,19111.0,0.0,1608.0,87.0,6,Syn
13646.0,31233.0,2550.0,4753.0,5851,5814,7572.0,8100,21056.0,21352.0,3714.0,3664.0,87.3,6,Syn
19518.0,18052.0,3184.0,4230.0,6676,6456,7992.0,7426,18171.0,17609.0,1128.0,2351.0,87.3,6,Syn
8170.0,11861.0,769.0,3137.0,3430,3547,4969.0,4962,13293.0,13055.0,954.0,2961.0,87.4,6,Syn
4367.0,9622.0,2040.0,4071.0,6859,8142,8208.0,9742,18844.0,20755.0,0.0,1053.0,87.4,6,Syn
1539.0,8847.0,2586.0,9731.0,1884,2973,2588.0,4172,7322.0,12014.0,480.0,1608.0,87.4,6,Syn
1014.0,5280.0,429.0,3577.0,1297,2661,1854.0,3704,4166.0,8723.0,481.0,1846.0,87.4,6,Syn
20696.0,31357.0,2507.0,5397.0,8889,9640,12273.0,12409,30104.0,29832.0,4460.0,5618.0,87.4,6,Syn
3941.0,8850.0,1129.0,2940.0,2730,3046,3695.0,4140,10443.0,12207.0,3192.0,2060.0,87.4,6,Syn
13167.0,18346.0,3882.0,5756.0,3684,3687,5332.0,5308,13848.0,14096.0,4276.0,2513.0,87.5,6,Syn
8301.0,15831.0,1610.0,3142.0,3970,4347,5613.0,6287,13436.0,15033.0,1115.0,2385.0,87.5,6,Syn
3561.0,11791.0,1332.0,3623.0,1203,2469,1627.0,3707,4809.0,10738.0,2464.0,2763.0,87.5,6,Syn
3102.0,10451.0,1277.0,3585.0,1972,2883,2673.0,4232,6397.0,11770.0,468.0,723.0,87.5,6,Syn
1446.0,9139.0,744.0,3979.0,803,1961,1025.0,2483,2529.0,6261.0,404.0,548.0,87.6,6,Syn
11534.0,22512.0,2415.0,3877.0,4587,4202,6037.0,6222,17144.0,16205.0,4001.0,3386.0,87.6,6,Syn
4757.0,8403.0,1558.0,2801.0,2296,2574,3321.0,3517,8689.0,9029.0,1955.0,1662.0,87.7,6,Syn
10603.0,22006.0,2521.0,5181.0,4550,5152,5688.0,6374,16432.0,17704.0,2660.0,2683.0,87.8,6,Syn
15944.0,20053.0,2468.0,3983.0,5185,5493,6421.0,7023,17784.0,17567.0,3905.0,2940.0,87.8,6,Syn
7150.0,15621.0,1150.0,2257.0,3484,2971,4322.0,4338,11250.0,11452.0,661.0,1569.0,87.9,6,Syn
6604.0,12481.0,1445.0,4011.0,3633,3889,4750.0,4869,13316.0,13180.0,1395.0,2915.0,87.9,6,Syn
2221.0,8448.0,969.0,3827.0,2187,3312,2797.0,4116,6841.0,10087.0,0.0,302.0,87.9,6,Syn
7496.0,14505.0,605.0,1773.0,3636,3613,5031.0,5164,13589.0,13578.0,1582.0,1958.0,87.9,6,Syn
8793.0,16672.0,4591.0,6592.0,3671,3825,4851.0,5093,12665.0,13391.0,2386.0,2372.0,88.0,6,Syn
6489.0,16367.0,2758.0,3891.0,3733,3894,5293.0,5440,11908.0,12596.0,2699.0,2005.0,88.1,6,Syn
957.0,5278.0,396.0,1439.0,1312,2064,1637.0,2570,4561.0,7568.0,402.0,702.0,88.1,6,Syn
4843.0,10498.0,1395.0,2578.0,3427,3623,4701.0,5176,10980.0,12532.0,2056.0,2207.0,88.1,6,Syn
11924.0,19675.0,2598.0,4652.0,4726,5348,6210.0,6679,15759.0,17026.0,51.0,1309.0,88.2,6,Syn
2152.0,12722.0,683.0,2769.0,1034,2922,1169.0,3259,2793.0,6853.0,694.0,954.0,88.3,6,Syn
15963.0,24876.0,1023.0,4760.0,5440,6598,6475.0,7296,15231.0,17361.0,633.0,1565.0,88.4,6,Syn
7887.0,16652.0,3407.0,7947.0,6993,7667,8944.0,9510,21384.0,22803.0,2123.0,3422.0,88.5,6,Syn
14381.0,18286.0,3568.0,5239.0,5308,5351,6741.0,7024,16539.0,16644.0,2050.0,2124.0,88.6,6,Syn
15963.0,30660.0,5323.0,6434.0,4702,4627,6668.0,6158,18172.0,17612.0,3932.0,4015.0,88.7,6,Syn
11442.0,15933.0,2676.0,4860.0,2583,2873,6226.0,6318,17268.0,18733.0,1857.0,3809.0,88.9,6,Syn
11182.0,13945.0,2719.0,4246.0,4646,4959,5178.0,5126,13732.0,12531.0,2093.0,2679.0,89.0,6,Syn
22823.0,38868.0,1999.0,3737.0,10838,11506,12801.0,13146,27690.0,28259.0,3333.0,5610.0,89.0,6,Syn
11124.0,20000.0,2265.0,5500.0,3825,3575,5622.0,5741,15297.0,15504.0,3332.0,3621.0,89.0,6,Syn
3263.0,13131.0,1282.0,4564.0,2580,3227,3193.0,4135,8032.0,9979.0,1094.0,1833.0,89.0,6,Syn
1474.0,7797.0,1438.0,7314.0,1622,2401,2072.0,3178,5928.0,8905.0,439.0,836.0,89.1,6,Syn
13789.0,35912.0,2171.0,3793.0,4538,5125,5443.0,6263,14172.0,15193.0,2845.0,2889.0,89.2,6,Syn
2369.0,10519.0,1668.0,4934.0,3641,5138,4937.0,7213,11778.0,17182.0,674.0,779.0,89.3,6,Syn
5978.0,18884.0,1968.0,3775.0,3099,3044,3916.0,3997,9982.0,10059.0,1892.0,2605.0,89.3,6,Syn
7115.0,14324.0,2195.0,4025.0,5271,5504,7385.0,7742,17850.0,16988.0,2782.0,3550.0,89.4,6,Syn
35940.0,43044.0,6169.0,6792.0,5954,5636,8101.0,7661,24469.0,22756.0,6415.0,5286.0,89.4,6,Syn
2158.0,11359.0,775.0,4548.0,2531,4662,3384.0,6226,7218.0,13773.0,665.0,828.0,89.4,6,Syn
3178.0,15855.0,640.0,3922.0,665,1065,1296.0,1909,4142.0,6699.0,0.0,16.0,89.5,6,Syn
1930.0,9228.0,242.0,1703.0,994,3311,1536.0,4667,3867.0,11381.0,1077.0,3151.0,89.5,6,Syn
2451.0,7568.0,1359.0,3670.0,3545,7724,3899.0,8332,10331.0,20428.0,840.0,1772.0,89.5,6,Syn
8053.0,13634.0,4531.0,7580.0,7194,7544,9418.0,9943,21977.0,22298.0,3180.0,5284.0,89.6,6,Syn
4262.0,9303.0,1567.0,3578.0,3784,4430,4852.0,5415,10832.0,11393.0,1248.0,1324.0,89.7,6,Syn
14438.0,22774.0,2818.0,4824.0,8136,7588,10553.0,10567,24410.0,24093.0,2634.0,3212.0,89.7,6,Syn
7459.0,16144.0,781.0,2411.0,4794,5006,6333.0,6892,16129.0,18053.0,702.0,3310.0,89.8,6,Syn
4263.0,13991.0,1596.0,3289.0,1864,2383,2298.0,3029,6398.0,8182.0,1112.0,1596.0,90.0,6,Syn
2253.0,11200.0,1038.0,2978.0,1220,2506,1479.0,3232,5293.0,8879.0,1017.0,1920.0,90.0,6,Syn
1622.0,6706.0,1129.0,4037.0,2059,2983,2353.0,3438,5993.0,9232.0,488.0,1932.0,90.1,6,Syn
4435.0,9994.0,588.0,1704.0,2646,3151,3469.0,3875,8748.0,9236.0,2447.0,2892.0,90.1,6,Syn
1651.0,9441.0,655.0,2497.0,2751,5978,3228.0,7088,8092.0,16410.0,539.0,1229.0,90.3,6,Syn
2969.0,13874.0,640.0,1962.0,1350,3898,1379.0,4714,3460.0,11050.0,516.0,585.0,90.3,6,Syn
5674.0,8122.0,2435.0,3849.0,3517,3325,4848.0,5042,13444.0,14090.0,3035.0,3070.0,90.5,6,Syn
9730.0,13585.0,2545.0,3184.0,1782,2209,3399.0,3186,9217.0,8683.0,410.0,1715.0,90.5,6,Syn
7886.0,21644.0,2712.0,5875.0,2401,3159,3134.0,4483,9132.0,13444.0,1056.0,3632.0,90.5,6,Syn
4065.0,13518.0,1599.0,4197.0,1875,1929,2660.0,2458,7407.0,7048.0,1629.0,2059.0,90.6,6,Syn
8860.0,13616.0,417.0,2108.0,6045,7351,6340.0,7714,13599.0,15311.0,2458.0,1721.0,90.8,6,Syn
5985.0,14291.0,916.0,2369.0,2865,2865,3927.0,3994,8995.0,8307.0,33.0,1332.0,90.9,6,Syn
3061.0,10783.0,818.0,3411.0,1540,2130,2369.0,3406,6355.0,9118.0,0.0,606.0,90.9,6,Syn
6644.0,26393.0,1009.0,2867.0,4046,5002,5342.0,6775,13371.0,16790.0,2868.0,3533.0,90.9,6,Syn
5563.0,14116.0,2791.0,7095.0,2743,3418,3961.0,4649,11115.0,12454.0,1337.0,3391.0,90.9,6,Syn
6367.0,10874.0,1958.0,5005.0,4895,5345,6686.0,7220,18379.0,19088.0,1191.0,2154.0,90.9,6,Syn
10350.0,21437.0,1527.0,3512.0,5570,5688,7865.0,8087,19745.0,20060.0,3928.0,5592.0,91.0,6,Syn
1683.0,4392.0,425.0,1392.0,1060,2460,1640.0,3852,3473.0,9015.0,1933.0,2076.0,91.0,6,Syn
2775.0,17290.0,101.0,2507.0,909,2697,1262.0,3654,3099.0,8989.0,240.0,909.0,91.0,6,Syn
2602.0,12102.0,1297.0,4299.0,3327,4621,3942.0,5462,9560.0,12955.0,310.0,1007.0,91.1,6,Syn
13498.0,21530.0,3484.0,5127.0,5550,6068,7376.0,7568,16086.0,16979.0,2817.0,3989.0,91.2,6,Syn
4383.0,12050.0,2476.0,4719.0,3567,3920,4823.0,5586,13720.0,15249.0,2073.0,2109.0,91.4,6,Syn
9211.0,14899.0,2356.0,3669.0,5366,5801,5856.0,6411,15809.0,16035.0,132.0,3241.0,91.4,6,Syn
1750.0,11642.0,942.0,6262.0,2213,4040,2557.0,4806,6490.0,12082.0,899.0,2053.0,91.6,6,Syn
20303.0,41209.0,3603.0,6826.0,6706,7192,8751.0,9480,24419.0,26147.0,3970.0,6681.0,91.6,6,Syn
2197.0,9998.0,1915.0,4681.0,876,2061,1138.0,2689,2421.0,6331.0,752.0,2053.0,91.8,6,Syn
6368.0,10779.0,1368.0,4448.0,791,2118,1052.0,2942,2630.0,7465.0,392.0,654.0,91.8,6,Syn
25995.0,40068.0,1987.0,3231.0,2699,2663,7548.0,7762,16375.0,16671.0,2046.0,6124.0,91.9,6,Syn
16306.0,32665.0,1139.0,4002.0,2246,2651,4218.0,4384,12565.0,13657.0,2865.0,5071.0,91.9,6,Syn
974.0,5719.0,976.0,4473.0,1058,2016,1211.0,2889,4076.0,9640.0,737.0,1589.0,92.0,6,Syn
7954.0,17643.0,1836.0,3574.0,3762,4189,4840.0,5351,15370.0,17252.0,2015.0,4333.0,92.0,6,Syn
8356.0,12816.0,1735.0,2716.0,2663,2732,4005.0,4330,11676.0,12436.0,2085.0,2596.0,92.1,6,Syn
5368.0,17021.0,810.0,2421.0,3352,3947,4657.0,5711,12785.0,15565.0,1600.0,2013.0,92.1,6,Syn
10545.0,27097.0,1711.0,4389.0,4095,4313,6261.0,5997,16783.0,16411.0,2236.0,2560.0,92.1,6,Syn
11522.0,17171.0,1673.0,2642.0,2299,2270,3071.0,3018,9205.0,9456.0,1155.0,2096.0,92.1,6,Syn
1565.0,8943.0,940.0,4326.0,963,2207,1302.0,3097,3213.0,7913.0,925.0,1860.0,92.2,6,Syn
2642.0,4706.0,1426.0,4280.0,1102,2341,1745.0,3279,4698.0,8781.0,322.0,666.0,92.2,6,Syn
17935.0,26010.0,3091.0,3424.0,14810,15003,16789.0,16142,33140.0,29589.0,5232.0,4138.0,92.3,6,Syn
5439.0,16925.0,921.0,2941.0,3364,4381,5336.0,6456,15015.0,18147.0,1793.0,4163.0,92.4,6,Syn
3961.0,13346.0,436.0,1777.0,7614,12265,8124.0,13111,15478.0,24178.0,1622.0,2862.0,92.4,6,Syn
4755.0,12326.0,1158.0,2697.0,3475,7377,3910.0,8047,9578.0,18057.0,2666.0,2249.0,92.4,6,Syn
4042.0,13886.0,868.0,2489.0,3605,7541,4309.0,8394,9381.0,18513.0,346.0,969.0,92.4,6,Syn
10219.0,23294.0,9571.0,20263.0,1269,1263,3292.0,3497,10723.0,12030.0,1909.0,3345.0,92.4,6,Syn
6636.0,22922.0,1889.0,4612.0,2975,3680,3990.0,4509,9740.0,10547.0,1568.0,3042.0,92.6,6,Syn
4117.0,21897.0,1386.0,5996.0,1963,2944,2667.0,4218,7236.0,11299.0,738.0,1495.0,92.6,6,Syn
24917.0,44051.0,12642.0,20983.0,2129,1886,4687.0,4803,13306.0,12855.0,3227.0,4171.0,92.7,6,Syn
2501.0,12383.0,875.0,2801.0,870,1841,1189.0,2790,2643.0,6579.0,1869.0,3649.0,92.8,6,Syn
27185.0,35715.0,3470.0,6895.0,5722,5345,8841.0,8859,24686.0,23499.0,6470.0,4563.0,92.8,6,Syn
13565.0,28667.0,2090.0,3718.0,4441,4519,6380.0,6487,16889.0,16784.0,2880.0,3757.0,93.0,6,Syn
19597.0,36834.0,2293.0,4182.0,5211,5008,7335.0,7346,23017.0,20944.0,6895.0,6100.0,93.1,6,Syn
9500.0,24177.0,2054.0,4422.0,5042,5770,6462.0,7339,18378.0,20492.0,1603.0,1614.0,93.2,6,Syn
3850.0,22340.0,243.0,2524.0,2385,4065,3308.0,5765,9187.0,16345.0,418.0,1057.0,93.2,6,Syn
1661.0,7936.0,0.0,570.0,678,2162,825.0,2888,2312.0,7331.0,431.0,762.0,93.2,6,Syn
3990.0,18167.0,2118.0,5640.0,1410,1758,1876.0,2384,5154.0,6499.0,1106.0,2024.0,93.2,6,Syn
15099.0,27226.0,2773.0,4390.0,5402,5506,6977.0,7002,19616.0,19742.0,4316.0,4599.0,93.3,6,Syn
882.0,4296.0,1024.0,3613.0,1822,3815,2601.0,5242,6216.0,12808.0,7.0,1112.0,93.3,6,Syn
11261.0,15191.0,4456.0,6421.0,1670,1454,3488.0,3302,9301.0,9587.0,1701.0,2387.0,93.4,6,Syn
5705.0,16827.0,128.0,1311.0,8889,12036,8890.0,11788,16645.0,21097.0,1086.0,2347.0,93.5,6,Syn
28542.0,44959.0,5357.0,9279.0,12623,13514,16419.0,16605,37906.0,37735.0,5717.0,7424.0,93.5,6,Syn
23585.0,32084.0,2554.0,4625.0,4106,4222,5398.0,5262,15999.0,15163.0,3651.0,4913.0,93.7,6,Syn
16335.0,23447.0,2720.0,6414.0,6334,6845,8382.0,8617,21711.0,21735.0,2173.0,4922.0,93.7,6,Syn
5253.0,17407.0,882.0,1505.0,3176,3409,3999.0,4031,11261.0,11452.0,1222.0,1907.0,93.8,6,Syn
2251.0,9041.0,504.0,2563.0,2895,3980,3870.0,5361,9677.0,12496.0,1790.0,2281.0,93.9,6,Syn
6299.0,17777.0,1623.0,4098.0,2409,2538,2841.0,3087,7301.0,8907.0,1407.0,2110.0,94.0,6,Syn
17445.0,23126.0,3106.0,3206.0,4865,4967,7120.0,7027,18180.0,18036.0,2772.0,2866.0,94.1,6,Syn
6569.0,13077.0,846.0,2650.0,1981,3160,2593.0,4141,6395.0,10163.0,595.0,1198.0,94.2,6,Syn
4319.0,14398.0,1033.0,4388.0,4436,5384,4903.0,6147,10439.0,12788.0,0.0,424.0,94.2,6,Syn
17693.0,18759.0,5813.0,7513.0,6406,5999,7309.0,7312,19874.0,18810.0,3669.0,3611.0,94.2,6,Syn
18652.0,22571.0,3302.0,4038.0,5233,5172,6443.0,6879,16875.0,17366.0,1299.0,2845.0,94.4,6,Syn
9754.0,20822.0,2822.0,5449.0,7274,8507,9201.0,9374,27051.0,28664.0,2845.0,4026.0,94.6,6,Syn
2760.0,7921.0,1934.0,3866.0,3991,4286,4832.0,5190,13457.0,14281.0,2062.0,2606.0,94.6,6,Syn
5899.0,12199.0,901.0,2551.0,2358,2400,3304.0,3370,9187.0,9304.0,1529.0,2225.0,94.6,6,Syn
12442.0,30626.0,3718.0,6707.0,6628,6805,8635.0,9075,22184.0,22968.0,2766.0,4307.0,94.7,6,Syn
19193.0,25414.0,4588.0,5959.0,8309,8961,10682.0,11110,26762.0,26369.0,4724.0,5313.0,94.8,6,Syn
4663.0,10698.0,981.0,3974.0,2492,3867,2768.0,4953,7708.0,12192.0,1540.0,2450.0,94.8,6,Syn
1448.0,9172.0,279.0,2102.0,1178,3307,1794.0,4727,4161.0,11022.0,170.0,469.0,94.8,6,Syn
8257.0,12185.0,1874.0,3133.0,3538,3618,5127.0,5149,13833.0,15210.0,1210.0,2428.0,94.9,6,Syn
5390.0,11120.0,1282.0,2697.0,3500,3892,5159.0,5789,14571.0,16020.0,4376.0,4276.0,95.0,6,Syn
8218.0,8724.0,5632.0,7838.0,1308,1277,3194.0,3039,10785.0,10172.0,1611.0,2483.0,95.1,6,Syn
9726.0,12800.0,3694.0,7643.0,4077,4665,5214.0,5551,13611.0,14097.0,3584.0,3598.0,95.2,6,Syn
1463.0,8354.0,63.0,1367.0,429,1187,545.0,1696,1306.0,4718.0,512.0,695.0,95.2,6,Syn
5562.0,13227.0,1273.0,2634.0,3741,5464,5121.0,7073,11942.0,15933.0,1228.0,2793.0,95.2,6,Syn
1940.0,8297.0,0.0,0.0,849,2375,788.0,2898,2038.0,6740.0,380.0,1366.0,95.2,6,Syn
3142.0,18322.0,705.0,2695.0,1460,2611,2022.0,3590,6049.0,11079.0,120.0,791.0,95.3,6,Syn
1050.0,6793.0,511.0,2382.0,430,1268,424.0,1477,1341.0,4963.0,112.0,28.0,95.3,6,Syn
10197.0,28991.0,2090.0,6639.0,3778,4087,4912.0,5343,16064.0,17423.0,355.0,1504.0,95.4,6,Syn
6986.0,14141.0,2430.0,4684.0,4161,4757,6655.0,7524,16759.0,18405.0,1015.0,3074.0,95.4,6,Syn
19576.0,28895.0,4784.0,8988.0,10051,10935,11486.0,12230,24188.0,25558.0,3939.0,4010.0,95.4,6,Syn
2218.0,12358.0,463.0,3325.0,1709,2546,2243.0,3426,6489.0,10030.0,653.0,1071.0,95.6,6,Syn
8868.0,20857.0,2485.0,3924.0,5719,6221,6533.0,7082,13202.0,14101.0,2254.0,2257.0,95.6,6,Syn
6414.0,11472.0,3884.0,4763.0,5090,5253,7087.0,7167,15228.0,15236.0,3102.0,4335.0,95.7,6,Syn
3047.0,15949.0,1239.0,3101.0,2853,3871,3916.0,5345,9912.0,13631.0,1163.0,2070.0,95.7,6,Syn
21677.0,39838.0,1390.0,2969.0,6359,6432,8635.0,8721,23769.0,23390.0,2374.0,6430.0,95.7,6,Syn
36632.0,56412.0,12911.0,20029.0,1900,1913,5572.0,5653,15155.0,14321.0,7511.0,6137.0,95.7,6,Syn
8940.0,28065.0,3161.0,8394.0,5763,6349,6904.0,8023,16398.0,18533.0,1380.0,2251.0,95.8,6,Syn
2560.0,9727.0,1515.0,3884.0,5606,8570,6371.0,10063,12634.0,19315.0,445.0,2075.0,95.8,6,Syn
4215.0,7874.0,2641.0,5018.0,2163,2803,2648.0,3662,5875.0,8138.0,2028.0,2463.0,96.1,6,Syn
17863.0,38544.0,12784.0,21874.0,4870,4678,6345.0,6481,18690.0,16578.0,3914.0,4860.0,96.2,6,Syn
2359.0,10853.0,0.0,442.0,3259,5058,4037.0,6619,9816.0,15970.0,963.0,1778.0,96.2,6,Syn
1438.0,9446.0,906.0,4466.0,1824,4923,2045.0,5503,5176.0,12756.0,421.0,923.0,96.2,6,Syn
4323.0,8307.0,1771.0,4749.0,3047,5253,3556.0,6053,6404.0,12948.0,436.0,990.0,96.2,6,Syn
5378.0,17275.0,926.0,2689.0,5520,6373,7212.0,7898,15660.0,17143.0,2034.0,3752.0,96.3,6,Syn
2980.0,8339.0,1841.0,5054.0,1629,2528,1881.0,3026,5854.0,9809.0,910.0,1862.0,96.4,6,Syn
1998.0,10910.0,1060.0,4819.0,650,1894,790.0,2213,2028.0,6858.0,234.0,318.0,96.4,6,Syn
4026.0,5520.0,2861.0,3926.0,2551,2476,3801.0,3831,11614.0,9967.0,2254.0,2125.0,96.4,6,Syn
2371.0,7304.0,1117.0,2719.0,2444,2856,3133.0,3578,8388.0,9672.0,741.0,1459.0,96.5,6,Syn
11795.0,11970.0,2253.0,7283.0,2546,2308,3727.0,3870,10346.0,9724.0,1672.0,898.0,96.7,6,Syn
4841.0,12939.0,3424.0,7418.0,4228,4791,6124.0,6458,13910.0,14161.0,77.0,676.0,96.8,6,Syn
21117.0,41218.0,2344.0,4263.0,5528,5684,7663.0,8005,21279.0,22143.0,4293.0,5989.0,96.8,6,Syn
4718.0,9934.0,1769.0,2940.0,825,1491,939.0,2108,2334.0,6952.0,2893.0,2822.0,96.9,6,Syn
14884.0,23067.0,5846.0,10593.0,4749,5076,5879.0,6357,18740.0,20836.0,5483.0,4618.0,97.0,6,Syn
17827.0,25590.0,1378.0,2608.0,5577,5896,8167.0,8633,17712.0,17785.0,4705.0,3818.0,97.5,6,Syn
14740.0,23976.0,2574.0,4264.0,6039,6457,9226.0,9713,23371.0,23839.0,1211.0,3740.0,97.5,6,Syn
7541.0,17239.0,1826.0,4613.0,4909,4699,6706.0,7100,17123.0,17585.0,3546.0,4973.0,97.6,6,Syn
25501.0,29944.0,5583.0,7694.0,9942,9382,12197.0,11900,28549.0,27246.0,3893.0,3718.0,97.7,6,Syn
9076.0,17696.0,1318.0,2707.0,3648,3828,5042.0,5460,12108.0,11596.0,1204.0,1244.0,97.8,6,Syn
7785.0,17088.0,2152.0,3718.0,4675,4959,5868.0,6309,15762.0,17055.0,2367.0,2993.0,97.8,6,Syn
13346.0,25837.0,949.0,2248.0,6389,6471,8789.0,9650,22288.0,23586.0,2582.0,4164.0,97.8,6,Syn
18683.0,37985.0,2959.0,5262.0,5695,5829,7789.0,8279,19718.0,19431.0,3295.0,3981.0,97.8,6,Syn
9435.0,22914.0,1266.0,4802.0,6491,7790,7814.0,9425,16815.0,19938.0,206.0,928.0,97.8,6,Syn
6016.0,12962.0,1144.0,3391.0,2039,4074,2174.0,4664,5160.0,10961.0,1632.0,2224.0,97.9,6,Syn
2315.0,15582.0,120.0,2018.0,1914,4493,2136.0,5040,4262.0,10948.0,871.0,1533.0,97.9,6,Syn
3094.0,9181.0,1172.0,2633.0,771,1846,1037.0,3053,2846.0,7316.0,264.0,775.0,98.0,6,Syn
8336.0,18090.0,3728.0,7925.0,1734,1847,2414.0,2729,6625.0,7844.0,1567.0,1360.0,98.0,6,Syn
5529.0,14420.0,1326.0,2752.0,3600,5400,4719.0,6495,11362.0,14158.0,1433.0,2114.0,98.1,6,Syn
10242.0,12501.0,1738.0,3769.0,4179,4113,5654.0,5803,15533.0,14909.0,2429.0,4194.0,98.1,6,Syn
24145.0,31145.0,10235.0,16330.0,2901,2751,5566.0,5564,12878.0,12224.0,6950.0,5336.0,98.2,6,Syn
2294.0,11945.0,823.0,3233.0,1897,3437,2806.0,4755,7478.0,12896.0,1108.0,2222.0,98.3,6,Syn
16110.0,38116.0,2640.0,5206.0,4973,5283,7155.0,7490,19848.0,22090.0,2028.0,5007.0,98.3,6,Syn
17942.0,26783.0,4093.0,6544.0,2305,1958,5252.0,5021,14379.0,13729.0,3881.0,3999.0,98.3,6,Syn
1843.0,7611.0,290.0,1723.0,1437,2190,1813.0,3280,5496.0,9972.0,934.0,1836.0,98.5,6,Syn
3785.0,10056.0,413.0,2011.0,524,1251,859.0,1985,2355.0,6616.0,443.0,584.0,98.5,6,Syn
7247.0,13029.0,2902.0,5827.0,4768,5331,5657.0,6437,13988.0,15790.0,63.0,841.0,98.5,6,Syn
113909.0,181704.0,42374.0,70845.0,6142,6130,7530.0,7286,20196.0,19954.0,4011.0,3850.0,98.8,6,Syn
3131.0,11379.0,374.0,2274.0,1155,1628,1864.0,2697,5305.0,6900.0,516.0,1148.0,98.9,6,Syn
12087.0,11554.0,2523.0,2957.0,10135,10807,10798.0,10490,17455.0,15065.0,498.0,1137.0,98.9,6,Syn
12104.0,13926.0,2822.0,5442.0,2566,2451,3162.0,3388,8144.0,9157.0,0.0,776.0,98.9,6,Syn
3306.0,7053.0,439.0,5164.0,717,1262,768.0,1475,2273.0,4662.0,2768.0,3475.0,99.0,6,Syn
8594.0,24912.0,4531.0,9901.0,5766,6357,7341.0,8157,19589.0,21128.0,1579.0,2296.0,99.0,6,Syn
12714.0,14239.0,2595.0,4683.0,5709,5863,7637.0,7714,18364.0,18474.0,2272.0,3717.0,99.0,6,Syn
11340.0,22339.0,4064.0,4814.0,6932,6755,8095.0,8079,19045.0,17949.0,1988.0,3357.0,99.0,6,Syn
13053.0,21425.0,3000.0,4097.0,3340,3506,4767.0,5052,13671.0,14241.0,434.0,2012.0,99.1,6,Syn
2995.0,16401.0,877.0,3697.0,3950,6739,4660.0,8061,10159.0,17121.0,0.0,1064.0,99.1,6,Syn
6115.0,10165.0,3414.0,6682.0,6624,6746,7028.0,7151,15842.0,15294.0,2227.0,1981.0,99.2,6,Syn
35645.0,36052.0,42095.0,64606.0,6703,6316,9209.0,9615,23492.0,22213.0,5924.0,4127.0,99.2,6,Syn
2254.0,11358.0,1023.0,3009.0,2112,2947,2562.0,3706,6320.0,9142.0,909.0,1434.0,99.2,6,Syn
3572.0,15474.0,602.0,2909.0,1009,2300,979.0,2665,2623.0,6860.0,535.0,1295.0,99.2,6,Syn
6623.0,16520.0,2303.0,5696.0,2133,4198,2666.0,5954,8314.0,17726.0,2748.0,2953.0,99.3,6,Syn
1468.0,8427.0,1450.0,5780.0,2075,4558,2495.0,6108,6722.0,17895.0,562.0,896.0,99.3,6,Syn
13828.0,17950.0,2204.0,4165.0,3890,3959,5680.0,5553,13065.0,12807.0,3511.0,3662.0,99.3,6,Syn
3070.0,12079.0,1263.0,3589.0,3687,4954,4145.0,5429,10186.0,13701.0,0.0,0.0,99.4,6,Syn
11322.0,15360.0,2274.0,3928.0,1501,1578,1972.0,1941,5385.0,5393.0,2443.0,3174.0,99.4,6,Syn
15563.0,30576.0,654.0,1517.0,9541,9918,11191.0,11420,25544.0,24129.0,4407.0,3069.0,99.4,6,Syn
5631.0,15492.0,1831.0,3868.0,2225,3405,3004.0,4687,6592.0,9976.0,1632.0,1649.0,99.5,6,Syn
12694.0,15997.0,4011.0,5825.0,1924,1991,2317.0,2495,7474.0,7324.0,977.0,1181.0,99.6,6,Syn
7919.0,16001.0,2652.0,4014.0,6226,6584,8633.0,8931,23026.0,22731.0,3244.0,4804.0,99.7,6,Syn
6497.0,13015.0,2346.0,3525.0,3621,3727,4927.0,5159,13319.0,13727.0,1246.0,3514.0,99.7,6,Syn
13315.0,23377.0,3204.0,5657.0,6587,7046,8980.0,9471,22883.0,23203.0,4235.0,4397.0,99.7,6,Syn
7423.0,14146.0,641.0,3772.0,6113,6417,6836.0,7332,16552.0,18010.0,1131.0,2495.0,99.9,6,Syn
5484.0,22709.0,1560.0,3781.0,3322,4508,4545.0,6293,11402.0,15598.0,27.0,2430.0,99.9,6,Syn
3669.0,10986.0,370.0,2326.0,556,1496,856.0,2472,2337.0,6436.0,332.0,620.0,99.9,6,Syn
5917.0,14325.0,1550.0,4144.0,2120,1917,2957.0,2940,8143.0,8806.0,1152.0,2266.0,100.0,6,Syn
8220.0,22383.0,1673.0,3793.0,3579,4284,4311.0,5634,11747.0,14888.0,1996.0,2574.0,100.0,6,Syn
19823.0,31973.0,1368.0,2327.0,5903,5964,7783.0,7955,21258.0,20610.0,272.0,4331.0,100.0,6,Syn
10556.0,20881.0,2315.0,4650.0,7832,7847,8348.0,8514,18435.0,18055.0,3051.0,3290.0,100.4,6,Syn
9863.0,19103.0,1342.0,3693.0,4867,5219,6971.0,7699,17277.0,18602.0,1652.0,3922.0,100.5,6,Syn
3845.0,21907.0,856.0,3929.0,1553,2459,1862.0,2980,5200.0,8493.0,416.0,630.0,100.5,6,Syn
10372.0,23121.0,1687.0,4207.0,2740,3044,4419.0,4622,10091.0,11827.0,954.0,1429.0,100.7,6,Syn
10509.0,13704.0,2892.0,4263.0,5800,5667,6907.0,7075,17928.0,18290.0,3139.0,3927.0,100.9,6,Syn
12919.0,25857.0,2001.0,3768.0,3986,3787,5890.0,5593,15331.0,14358.0,2175.0,2738.0,101.0,6,Syn
935.0,5335.0,374.0,2052.0,898,2723,1123.0,2982,2424.0,7593.0,446.0,627.0,101.1,6,Syn
9860.0,23664.0,3182.0,8516.0,4372,5119,5025.0,5666,13741.0,16224.0,1137.0,1623.0,101.1,6,Syn
3361.0,12226.0,1610.0,4500.0,1739,3008,2307.0,4307,4784.0,8855.0,109.0,110.0,101.1,6,Syn
8807.0,18936.0,2176.0,4402.0,2109,2341,2973.0,3245,8751.0,8973.0,2120.0,2585.0,101.2,6,Syn
11217.0,15634.0,1253.0,3170.0,5036,5194,5451.0,5652,13009.0,13495.0,2546.0,1889.0,101.3,6,Syn
13038.0,22319.0,1567.0,3347.0,3412,3296,4952.0,4561,10800.0,10151.0,2829.0,2459.0,101.3,6,Syn
7922.0,14431.0,2614.0,3746.0,3817,3678,4788.0,4723,15880.0,15231.0,649.0,2386.0,101.6,6,Syn
1593.0,3939.0,899.0,3528.0,1369,2762,1816.0,3398,5003.0,9264.0,206.0,151.0,101.6,6,Syn
7282.0,18629.0,1376.0,3845.0,2241,2519,2897.0,3495,8777.0,9806.0,1369.0,2839.0,101.6,6,Syn
18313.0,16848.0,3932.0,7593.0,6418,6355,9217.0,8840,23600.0,22480.0,3671.0,4510.0,101.7,6,Syn
5121.0,14689.0,1659.0,3775.0,4583,5612,6299.0,7803,14777.0,17941.0,1824.0,2131.0,101.8,6,Syn
4051.0,15904.0,3173.0,7220.0,3052,3407,4524.0,5227,13359.0,15645.0,1503.0,1472.0,101.9,6,Syn
6307.0,16218.0,1004.0,3579.0,4764,7113,6052.0,8654,12654.0,16804.0,1883.0,2441.0,102.2,6,Syn
6323.0,19743.0,1055.0,2859.0,2729,3077,3664.0,4337,10300.0,11865.0,0.0,932.0,102.3,6,Syn
12582.0,28708.0,3347.0,8502.0,7838,8520,9450.0,10415,24858.0,27366.0,1007.0,3173.0,102.4,6,Syn
8997.0,13679.0,3276.0,5557.0,5827,6030,8268.0,8457,23415.0,24083.0,3119.0,4583.0,102.4,6,Syn
1840.0,8693.0,1756.0,5407.0,1169,2191,1387.0,2339,4263.0,7045.0,865.0,1133.0,102.4,6,Syn
3094.0,11308.0,1096.0,3071.0,1220,2758,1628.0,3611,4971.0,11360.0,1980.0,2728.0,102.4,6,Syn
2997.0,18729.0,276.0,1924.0,1040,2636,1418.0,3608,4729.0,12011.0,449.0,1024.0,102.4,6,Syn
19446.0,40992.0,4033.0,6654.0,7591,7986,9715.0,9702,25719.0,25269.0,5401.0,5099.0,102.6,6,Syn
3845.0,14576.0,1460.0,4120.0,2265,2817,2778.0,3554,7342.0,9277.0,890.0,1197.0,102.6,6,Syn
20563.0,31547.0,2670.0,4753.0,3923,3696,5992.0,6224,17588.0,17506.0,4708.0,4243.0,102.7,6,Syn
17651.0,35328.0,2779.0,6943.0,4338,4939,7195.0,7881,18703.0,20864.0,7070.0,5586.0,102.7,6,Syn
13541.0,29534.0,2463.0,3698.0,5621,5696,7131.0,7432,17397.0,17841.0,3029.0,3023.0,102.8,6,Syn
2393.0,13781.0,144.0,2029.0,1099,2944,1321.0,3242,3645.0,9199.0,530.0,1637.0,102.8,6,Syn
4304.0,21080.0,1546.0,5296.0,3312,4982,4400.0,6807,10381.0,15554.0,396.0,2149.0,102.9,6,Syn
34898.0,54700.0,1623.0,3567.0,3762,4039,11971.0,11815,32911.0,32219.0,15558.0,14427.0,102.9,6,Syn
9894.0,18557.0,1594.0,3915.0,1873,1642,2797.0,3194,7728.0,8688.0,1346.0,1496.0,103.0,6,Syn
5184.0,14027.0,839.0,4006.0,1993,2446,2247.0,2788,6089.0,6542.0,524.0,586.0,103.2,6,Syn
2971.0,17670.0,861.0,4101.0,1046,1798,1366.0,2438,3624.0,6643.0,481.0,1323.0,103.2,6,Syn
7658.0,12435.0,1996.0,3943.0,5556,6034,7052.0,7258,18191.0,18903.0,3200.0,3792.0,103.4,6,Syn
8465.0,15703.0,2619.0,5158.0,2406,2072,2833.0,2762,7989.0,8094.0,2956.0,2796.0,103.4,6,Syn
19716.0,22503.0,4644.0,7477.0,7174,6519,8761.0,8671,21389.0,20749.0,0.0,3501.0,103.5,6,Syn
3752.0,17205.0,944.0,4103.0,3201,4598,4436.0,6465,9422.0,13607.0,1123.0,1858.0,103.6,6,Syn
4439.0,17681.0,1481.0,4487.0,2382,3273,3149.0,4164,8694.0,10817.0,0.0,1728.0,103.7,6,Syn
3503.0,14893.0,1136.0,5515.0,2477,3976,3768.0,6152,10528.0,17000.0,626.0,1235.0,103.7,6,Syn
6273.0,12734.0,2646.0,4325.0,5854,6034,7709.0,8356,23270.0,26721.0,3970.0,5324.0,103.9,6,Syn
5890.0,18083.0,753.0,2160.0,3817,4278,4760.0,5435,11994.0,14084.0,1701.0,2103.0,103.9,6,Syn
6938.0,14542.0,1834.0,4358.0,3533,3716,4890.0,5605,12026.0,12946.0,3113.0,2909.0,104.0,6,Syn
5098.0,8952.0,2162.0,4771.0,2277,2833,2639.0,4058,8308.0,11699.0,2671.0,2198.0,104.0,6,Syn
13336.0,16180.0,4442.0,5925.0,7650,7489,9151.0,8737,22639.0,21839.0,3143.0,3606.0,104.0,6,Syn
16355.0,29853.0,5748.0,8809.0,7192,7513,9522.0,9643,24765.0,25124.0,5805.0,6156.0,104.1,6,Syn
6156.0,11244.0,1512.0,3468.0,2889,3005,3520.0,3720,9554.0,10185.0,247.0,398.0,104.1,6,Syn
8871.0,15497.0,2183.0,4609.0,2026,1902,3020.0,3070,7490.0,7845.0,1727.0,1906.0,104.1,6,Syn
5186.0,13347.0,1441.0,5635.0,2225,5218,3013.0,6990,8341.0,17724.0,421.0,1162.0,104.1,6,Syn
22372.0,32470.0,3033.0,4299.0,6676,6609,9898.0,9704,26787.0,25815.0,6474.0,6174.0,104.3,6,Syn
3371.0,11312.0,1685.0,4097.0,3511,4045,4090.0,4647,8869.0,9925.0,728.0,1592.0,104.4,6,Syn
22791.0,24630.0,4001.0,6040.0,3853,3903,5227.0,5561,16749.0,16239.0,5704.0,2480.0,104.6,6,Syn
4409.0,12034.0,1579.0,2633.0,3816,4488,5178.0,5543,11685.0,12071.0,1217.0,3010.0,104.7,6,Syn
18236.0,49008.0,2928.0,5144.0,4874,4859,6542.0,6607,18175.0,18488.0,4250.0,5626.0,104.7,6,Syn
7210.0,13504.0,2868.0,4910.0,4018,4117,4625.0,5116,12935.0,13709.0,2341.0,2724.0,104.7,6,Syn
2821.0,7623.0,672.0,1836.0,1471,3409,1646.0,4220,3679.0,10593.0,612.0,1037.0,104.7,6,Syn
10603.0,22558.0,1072.0,2706.0,5791,6658,7821.0,8959,21079.0,22932.0,4370.0,4014.0,104.7,6,Syn
13504.0,28874.0,3242.0,6643.0,3895,3863,4833.0,5199,13414.0,14395.0,1456.0,3079.0,104.8,6,Syn
3012.0,12938.0,549.0,2130.0,1620,2081,2037.0,3398,5562.0,8722.0,3022.0,3241.0,104.8,6,Syn
6937.0,11412.0,815.0,2496.0,2223,2993,3307.0,4002,8572.0,11177.0,223.0,508.0,105.1,6,Syn
4024.0,15367.0,944.0,2955.0,4949,6504,5319.0,7170,11254.0,14742.0,0.0,437.0,105.1,6,Syn
4674.0,12159.0,1328.0,3829.0,3158,3769,4022.0,4798,10304.0,11695.0,811.0,2053.0,105.2,6,Syn
2077.0,11283.0,357.0,2267.0,1341,4056,1235.0,3713,2518.0,7392.0,1015.0,2075.0,105.4,6,Syn
3672.0,10563.0,590.0,1913.0,4782,6515,4982.0,6615,9582.0,12749.0,0.0,398.0,105.4,6,Syn
11374.0,20297.0,1217.0,3500.0,3078,3127,3885.0,4380,11514.0,12087.0,1854.0,2109.0,105.4,6,Syn
20805.0,33801.0,5630.0,11003.0,5157,5138,7616.0,7812,24229.0,24504.0,7050.0,8712.0,105.5,6,Syn
6777.0,11469.0,1907.0,3189.0,3535,3851,5066.0,5380,14118.0,14351.0,234.0,2027.0,105.5,6,Syn
15833.0,23137.0,5142.0,7521.0,5151,5385,7455.0,7607,21264.0,21550.0,4089.0,4544.0,105.5,6,Syn
3226.0,8335.0,705.0,2549.0,835,1670,948.0,2169,3188.0,6154.0,77.0,194.0,105.6,6,Syn
6185.0,12850.0,2195.0,4277.0,3662,4212,4666.0,5295,11741.0,13923.0,443.0,2631.0,105.6,6,Syn
7542.0,12540.0,2662.0,4342.0,3704,3584,4665.0,4996,12331.0,11816.0,1862.0,1995.0,105.7,6,Syn
4499.0,15312.0,2258.0,4903.0,2908,4277,3926.0,5671,10983.0,15871.0,2145.0,3631.0,105.7,6,Syn
2067.0,8425.0,659.0,2128.0,628,1916,861.0,2671,2065.0,7936.0,598.0,781.0,105.7,6,Syn
6348.0,10341.0,731.0,1969.0,2781,2788,3039.0,3191,7894.0,8079.0,1730.0,1448.0,105.9,6,Syn
8878.0,20049.0,6274.0,11220.0,5046,5269,6624.0,6957,18477.0,19537.0,1500.0,3463.0,106.0,6,Syn
11449.0,23112.0,4727.0,8175.0,3549,4411,5373.0,6586,16048.0,19542.0,4895.0,4518.0,106.1,6,Syn
1170.0,4513.0,214.0,2336.0,394,1062,485.0,1401,1581.0,4932.0,85.0,497.0,106.1,6,Syn
8893.0,18944.0,2806.0,6186.0,2370,2414,3673.0,3535,9570.0,9726.0,1109.0,1542.0,106.1,6,Syn
4653.0,15139.0,1821.0,4324.0,3315,3769,4697.0,5449,13106.0,15919.0,2719.0,2887.0,106.1,6,Syn
8139.0,13471.0,2835.0,5381.0,3162,3565,4016.0,4744,11460.0,12571.0,1105.0,1387.0,106.2,6,Syn
4729.0,13344.0,1553.0,5627.0,3155,3400,4362.0,4876,12262.0,13994.0,995.0,2608.0,106.2,6,Syn
9193.0,13867.0,3307.0,4522.0,5751,5640,6974.0,6788,16545.0,15800.0,3347.0,2514.0,106.3,6,Syn
9975.0,17803.0,2871.0,5325.0,5502,4858,6228.0,6197,14587.0,14104.0,2561.0,2860.0,106.3,6,Syn
7162.0,15999.0,3386.0,6283.0,5226,5525,5821.0,5987,11551.0,11736.0,603.0,1897.0,106.4,6,Syn
932.0,4287.0,248.0,695.0,1740,2235,2578.0,3599,6367.0,9381.0,0.0,317.0,106.4,6,Syn
4151.0,13257.0,2416.0,5446.0,2260,2411,3030.0,3766,7999.0,9591.0,1909.0,1949.0,106.4,6,Syn
4898.0,15548.0,2004.0,3705.0,5242,6511,5989.0,7569,13988.0,16065.0,843.0,1875.0,106.5,6,Syn
11419.0,23605.0,2530.0,4175.0,5221,5167,6558.0,6493,14348.0,13178.0,1082.0,4216.0,106.6,6,Syn
10147.0,16481.0,3148.0,4800.0,8773,9575,11222.0,12063,30585.0,32129.0,221.0,4450.0,106.8,6,Syn
31754.0,30389.0,3570.0,4792.0,5784,5382,7941.0,7247,20425.0,19566.0,4525.0,4465.0,106.8,6,Syn
5843.0,13073.0,695.0,2294.0,1921,3249,2625.0,4746,7311.0,11737.0,1839.0,3232.0,106.8,6,Syn
33457.0,51002.0,7247.0,10925.0,8607,7944,9898.0,9512,29197.0,26394.0,5954.0,4476.0,106.9,6,Syn
9014.0,23088.0,1742.0,4122.0,3475,4019,4622.0,5278,11461.0,12161.0,667.0,2459.0,106.9,6,Syn
9352.0,18129.0,2732.0,6954.0,6081,6551,8303.0,8843,21714.0,23110.0,2772.0,4506.0,106.9,6,Syn
3832.0,13932.0,1623.0,3916.0,2081,2467,3001.0,3728,8538.0,10326.0,249.0,1676.0,106.9,6,Syn
2113.0,5993.0,1163.0,3154.0,2374,2935,3004.0,3440,7819.0,9038.0,1914.0,2461.0,107.0,6,Syn
4485.0,11401.0,290.0,993.0,5248,6196,6094.0,7321,12676.0,15301.0,1717.0,2785.0,107.2,6,Syn
10344.0,15571.0,2422.0,3246.0,2449,2246,3013.0,2991,6447.0,6010.0,1261.0,855.0,107.4,6,Syn
3015.0,13335.0,1072.0,2932.0,651,1835,971.0,2456,3460.0,7632.0,2316.0,3163.0,107.4,6,Syn
3887.0,16174.0,1163.0,3466.0,6358,9247,6814.0,9522,15110.0,20768.0,1096.0,1706.0,107.4,6,Syn
1047.0,6335.0,501.0,4031.0,1932,4057,2048.0,4575,4457.0,10574.0,144.0,1027.0,107.4,6,Syn
19543.0,39762.0,4866.0,8481.0,4710,4486,6209.0,6460,17287.0,16235.0,2449.0,5519.0,107.4,6,Syn
5283.0,17525.0,1637.0,3982.0,707,2030,1191.0,2836,3138.0,7706.0,3043.0,2774.0,107.5,6,Syn
13117.0,28432.0,2612.0,6444.0,5070,6375,7265.0,8345,17860.0,20529.0,0.0,2162.0,107.5,6,Syn
6429.0,17522.0,5249.0,10359.0,7512,8229,8620.0,9383,20050.0,20504.0,79.0,2251.0,107.5,6,Syn
2100.0,9038.0,583.0,1957.0,1266,1800,1674.0,2441,4327.0,6159.0,849.0,1903.0,107.7,6,Syn
2395.0,6277.0,2118.0,3889.0,1523,2000,1981.0,2909,6647.0,9016.0,1381.0,1137.0,107.7,6,Syn
8441.0,13831.0,2180.0,3161.0,6003,6400,6929.0,7282,18288.0,18024.0,2047.0,2016.0,107.8,6,Syn
6593.0,12408.0,2664.0,5367.0,4270,4333,5948.0,6259,13812.0,14114.0,2890.0,2820.0,107.9,6,Syn
13504.0,19773.0,4586.0,7350.0,6183,6097,7839.0,7597,20415.0,20521.0,4872.0,3284.0,107.9,6,Syn
22274.0,34206.0,2923.0,3464.0,5921,5148,8320.0,7878,23966.0,22590.0,7424.0,6491.0,108.0,6,Syn
4751.0,8484.0,2142.0,4898.0,1897,2184,2186.0,2910,6771.0,8413.0,2164.0,2222.0,108.2,6,Syn
4563.0,16926.0,1134.0,4477.0,488,1320,570.0,1582,1881.0,4521.0,126.0,235.0,108.2,6,Syn
10269.0,13013.0,2830.0,4836.0,2586,2716,3516.0,4135,10474.0,11139.0,2097.0,2751.0,108.3,6,Syn
27847.0,29697.0,1683.0,3628.0,5262,5852,7584.0,7168,19298.0,17932.0,4135.0,3590.0,108.3,6,Syn
13050.0,24278.0,3663.0,6325.0,3944,4305,5020.0,5118,13719.0,14084.0,1286.0,3813.0,108.7,6,Syn
2569.0,7757.0,454.0,2819.0,1102,1989,1201.0,2757,2325.0,5258.0,1543.0,1453.0,108.7,6,Syn
1693.0,7167.0,916.0,2820.0,1510,2155,1922.0,3215,4755.0,6761.0,80.0,252.0,108.7,6,Syn
8786.0,15367.0,1038.0,2257.0,4637,4711,6147.0,6073,15821.0,14665.0,4040.0,3350.0,108.8,6,Syn
5003.0,16673.0,1282.0,3661.0,982,2669,1360.0,3391,3417.0,9105.0,2342.0,2838.0,108.8,6,Syn
723.0,3913.0,489.0,2336.0,499,1116,564.0,1523,1822.0,4659.0,1695.0,2765.0,108.8,6,Syn
2540.0,9152.0,1388.0,3881.0,2136,2810,3304.0,4544,9363.0,12883.0,387.0,1118.0,108.8,6,Syn
2685.0,8747.0,454.0,1896.0,3104,4018,3463.0,4400,7934.0,10525.0,842.0,1608.0,108.9,6,Syn
3342.0,12540.0,1744.0,4612.0,3517,4621,4306.0,5970,10982.0,14935.0,0.0,2062.0,108.9,6,Syn
2300.0,12417.0,890.0,4205.0,2482,5707,2685.0,6256,5915.0,14208.0,541.0,940.0,109.0,6,Syn
6429.0,15278.0,2852.0,4546.0,5534,5459,7877.0,8082,18764.0,18610.0,2576.0,4142.0,109.1,6,Syn
5670.0,12910.0,920.0,2788.0,3132,3272,4395.0,4890,11653.0,11777.0,539.0,2535.0,109.1,6,Syn
7254.0,13042.0,2973.0,5791.0,2238,2211,3301.0,3360,9590.0,9796.0,2952.0,2647.0,109.1,6,Syn
23976.0,48215.0,2102.0,4403.0,3232,3034,6198.0,6160,16231.0,15641.0,3177.0,6079.0,109.1,6,Syn
15090.0,21905.0,806.0,2319.0,5305,5558,6004.0,5911,13747.0,12258.0,2728.0,2869.0,109.3,6,Syn
6223.0,19221.0,3960.0,7853.0,3838,3908,4893.0,5358,11321.0,11715.0,991.0,1774.0,109.3,6,Syn
17169.0,26390.0,4239.0,5610.0,10833,10795,13710.0,13719,30422.0,28145.0,3917.0,6845.0,109.3,6,Syn
4715.0,13695.0,3654.0,7437.0,2332,2807,3775.0,4273,10488.0,12244.0,2295.0,3919.0,109.4,6,Syn
18125.0,18114.0,3676.0,6691.0,5069,5139,7997.0,7148,19680.0,16785.0,6473.0,5633.0,109.5,6,Syn
9668.0,19235.0,2866.0,4579.0,8501,9224,9989.0,10412,20530.0,21341.0,1188.0,2385.0,109.5,6,Syn
7875.0,19416.0,1539.0,3992.0,3721,3890,5178.0,5771,14142.0,14567.0,115.0,1804.0,109.5,6,Syn
4313.0,19189.0,887.0,2330.0,4041,5773,5028.0,7380,11705.0,17213.0,1000.0,3088.0,109.6,6,Syn
3735.0,9479.0,623.0,1897.0,765,2275,939.0,2851,2418.0,7128.0,316.0,933.0,109.6,6,Syn
5332.0,17433.0,2482.0,5632.0,2292,3952,3282.0,5556,8119.0,13046.0,4113.0,3759.0,109.7,6,Syn
17575.0,20655.0,2918.0,4192.0,3375,3503,5534.0,5272,14879.0,14952.0,4329.0,4639.0,109.8,6,Syn
7887.0,27523.0,2202.0,4624.0,4086,4305,5291.0,6005,13890.0,15780.0,1010.0,2473.0,109.9,6,Syn
3688.0,11861.0,1045.0,3296.0,3017,3369,3778.0,4062,8518.0,9173.0,57.0,1231.0,110.0,6,Syn
16166.0,25202.0,2011.0,3179.0,6637,6452,8740.0,8538,21927.0,20484.0,743.0,4352.0,110.1,6,Syn
7370.0,21487.0,1453.0,3097.0,3337,3594,5194.0,5615,11625.0,12780.0,1398.0,2676.0,110.2,6,Syn
5588.0,17439.0,1555.0,4218.0,3970,4087,4887.0,5064,12081.0,12081.0,2070.0,2135.0,110.3,6,Syn
2206.0,7034.0,983.0,4839.0,2566,8013,3097.0,8651,6166.0,16798.0,1181.0,3040.0,110.4,6,Syn
10344.0,22185.0,1294.0,4159.0,2673,2849,4877.0,5378,11935.0,12326.0,1366.0,2439.0,110.5,6,Syn
12509.0,14185.0,2707.0,4723.0,3386,3067,5086.0,4561,14229.0,12199.0,2955.0,2587.0,110.5,6,Syn
8501.0,14996.0,2303.0,3771.0,13809,13474,13587.0,14075,23387.0,23950.0,3163.0,2811.0,110.5,6,Syn
1165.0,7085.0,343.0,3397.0,797,1996,1157.0,3258,2822.0,7810.0,548.0,1226.0,110.5,6,Syn
23317.0,38664.0,3821.0,5958.0,2621,2501,4729.0,5018,12180.0,10789.0,5889.0,4864.0,110.5,6,Syn
5289.0,9510.0,410.0,1555.0,2226,2843,3261.0,3973,7900.0,9368.0,1737.0,1854.0,110.6,6,Syn
19232.0,26130.0,3961.0,5792.0,4716,4193,6481.0,6436,20782.0,19367.0,5431.0,4922.0,110.7,6,Syn
7700.0,22657.0,1340.0,4794.0,2018,3797,2893.0,6077,8657.0,15757.0,4030.0,3810.0,110.7,6,Syn
4020.0,18522.0,448.0,3187.0,1640,3794,2331.0,5989,5178.0,13880.0,9.0,921.0,110.7,6,Syn
18268.0,19987.0,6682.0,10027.0,4744,4302,6531.0,6721,17342.0,16486.0,2196.0,3541.0,110.8,6,Syn
6343.0,19968.0,1649.0,3934.0,4807,5700,5840.0,7149,14256.0,17128.0,0.0,1683.0,110.8,6,Syn
6036.0,9016.0,1898.0,2496.0,2555,2298,3588.0,3699,8171.0,7910.0,1848.0,1959.0,110.8,6,Syn
19713.0,33005.0,0.0,0.0,8448,8681,11347.0,11185,29471.0,29938.0,5801.0,6343.0,110.8,6,Syn
6472.0,15727.0,2168.0,5130.0,4181,4842,4934.0,5514,11201.0,13260.0,959.0,1015.0,110.9,6,Syn
6219.0,20770.0,2645.0,5070.0,4281,4283,5872.0,6572,13387.0,14836.0,1749.0,2416.0,110.9,6,Syn
7248.0,25980.0,3311.0,7441.0,4435,5657,5797.0,7663,14828.0,19235.0,2652.0,3128.0,111.0,6,Syn
41119.0,69622.0,3882.0,5998.0,4640,4537,8733.0,8812,23914.0,22925.0,10325.0,8082.0,111.0,6,Syn
4754.0,11353.0,1594.0,2809.0,5668,5919,6886.0,7447,16450.0,16358.0,954.0,2693.0,111.1,6,Syn
638502.0,465562.0,988003.0,1454030.0,107857,71850,10031.0,6274,43312.0,35912.0,36989.0,29418.0,111.1,6,Syn
13038.0,17072.0,1793.0,4783.0,4683,5005,6457.0,6727,17625.0,17153.0,720.0,2691.0,111.2,6,Syn
921.0,5530.0,763.0,3010.0,1451,3125,1641.0,3593,4667.0,8996.0,276.0,518.0,111.3,6,Syn
7893.0,17998.0,2727.0,4838.0,5486,7071,6010.0,8249,12728.0,16797.0,3986.0,2974.0,111.3,6,Syn
12461.0,20865.0,1773.0,3699.0,8387,8978,9554.0,9842,23441.0,25002.0,3891.0,4054.0,111.4,6,Syn
6499.0,15262.0,1392.0,3228.0,3149,4588,3983.0,5734,9931.0,14714.0,2701.0,3139.0,111.5,6,Syn
2289.0,6951.0,633.0,1788.0,2965,3703,4148.0,5273,10852.0,13465.0,1372.0,1875.0,111.6,6,Syn
10503.0,22885.0,1872.0,3999.0,3991,4243,5224.0,5420,12805.0,12474.0,1305.0,2448.0,111.8,6,Syn
16423.0,26758.0,1629.0,3550.0,2604,2419,5433.0,5062,14069.0,14148.0,4717.0,5706.0,111.9,6,Syn
12096.0,21833.0,1536.0,2866.0,2833,3047,4002.0,4335,11461.0,12528.0,4060.0,3891.0,112.0,6,Syn
5838.0,10380.0,2506.0,4344.0,3849,3940,5698.0,6218,17286.0,17733.0,2917.0,3445.0,112.0,6,Syn
4276.0,6734.0,3021.0,6968.0,3466,4334,4859.0,6117,13766.0,15764.0,4255.0,3092.0,112.0,6,Syn
5178.0,13878.0,1186.0,3247.0,986,2175,1273.0,2883,3629.0,8148.0,2332.0,2532.0,112.1,6,Syn
1359.0,8594.0,865.0,4222.0,571,1603,673.0,2364,1818.0,5883.0,22.0,0.0,112.1,6,Syn
6181.0,12308.0,1388.0,2493.0,4433,5305,5194.0,5961,14515.0,17501.0,1559.0,1687.0,112.2,6,Syn
6130.0,12093.0,2428.0,4403.0,2657,3012,3875.0,4383,10207.0,10536.0,2636.0,2926.0,112.3,6,Syn
6463.0,16672.0,590.0,2051.0,5233,5484,6637.0,6780,17497.0,18036.0,1535.0,4612.0,112.5,6,Syn
6174.0,15353.0,1541.0,4235.0,2542,2874,3547.0,4149,8634.0,9469.0,199.0,1956.0,112.5,6,Syn
10796.0,22691.0,2368.0,2889.0,3669,3949,5664.0,5927,14121.0,13964.0,1378.0,3392.0,112.5,6,Syn
5875.0,15774.0,3043.0,6781.0,10558,11013,10946.0,11285,24780.0,24620.0,1210.0,2401.0,112.5,6,Syn
658.0,3394.0,1270.0,5224.0,616,1554,1055.0,3049,2803.0,8201.0,1242.0,3222.0,112.6,6,Syn
5681.0,10341.0,1642.0,5068.0,2755,4420,3444.0,5748,8220.0,14370.0,1082.0,2592.0,112.6,6,Syn
13644.0,32106.0,1364.0,2639.0,4608,4915,6068.0,6591,16132.0,16814.0,2329.0,3964.0,112.6,6,Syn
3058.0,12629.0,551.0,1655.0,789,1941,987.0,2496,2447.0,5986.0,1652.0,1634.0,112.7,6,Syn
3454.0,11578.0,1333.0,4505.0,1283,3044,1445.0,3969,3473.0,9041.0,1470.0,2324.0,112.7,6,Syn
902.0,3482.0,207.0,3023.0,1401,3487,1871.0,4735,3831.0,9802.0,431.0,1992.0,112.7,6,Syn
8271.0,16113.0,2049.0,4054.0,6117,6211,8271.0,9138,21417.0,22230.0,2265.0,3194.0,112.9,6,Syn
10153.0,21120.0,1193.0,3017.0,2903,3068,4529.0,4994,15663.0,17617.0,1862.0,4026.0,112.9,6,Syn
5933.0,9321.0,1388.0,3982.0,3385,5624,3441.0,5772,7179.0,11297.0,132.0,324.0,112.9,6,Syn
3077.0,6788.0,1172.0,2348.0,1860,2248,2650.0,2998,8635.0,10009.0,734.0,2407.0,113.0,6,Syn
10672.0,26585.0,2131.0,4067.0,4236,4353,6165.0,6513,14851.0,15631.0,1359.0,2858.0,113.1,6,Syn
8770.0,18291.0,2044.0,3289.0,6234,6065,7384.0,7042,17622.0,17269.0,2803.0,2030.0,113.1,6,Syn
22819.0,38515.0,11164.0,17609.0,10866,11287,14487.0,15039,34695.0,33132.0,3633.0,5831.0,113.2,6,Syn
3677.0,9537.0,1273.0,3289.0,1927,2748,2476.0,3325,6897.0,10295.0,1176.0,2135.0,113.2,6,Syn
3435.0,19120.0,851.0,2941.0,1434,2650,1865.0,3701,4940.0,9300.0,0.0,373.0,113.3,6,Syn
3425.0,11501.0,758.0,2386.0,2168,4457,2414.0,4879,5308.0,11602.0,1071.0,1246.0,113.3,6,Syn
2706.0,8748.0,781.0,2955.0,1085,2588,1248.0,2752,3874.0,7776.0,1067.0,1707.0,113.3,6,Syn
6191.0,11460.0,2617.0,5370.0,7183,7700,7965.0,8471,17277.0,17980.0,1511.0,2448.0,113.4,6,Syn
6363.0,15459.0,3091.0,5737.0,3826,4157,5246.0,5639,12902.0,12480.0,1489.0,3520.0,113.5,6,Syn
4820.0,17405.0,1781.0,3160.0,2328,2646,3803.0,4431,12011.0,13696.0,1444.0,3439.0,113.5,6,Syn
8162.0,23233.0,1704.0,2925.0,1595,1560,3712.0,4251,11217.0,12203.0,801.0,2330.0,113.5,6,Syn
2558.0,5339.0,2600.0,4643.0,2652,2983,3223.0,3468,8407.0,9068.0,1196.0,2562.0,113.6,6,Syn
6284.0,10240.0,799.0,2174.0,2859,2652,3662.0,3535,9807.0,9402.0,1521.0,1606.0,113.6,6,Syn
3771.0,15864.0,302.0,2691.0,1203,1310,2173.0,2845,5707.0,7632.0,302.0,1059.0,113.7,6,Syn
27210.0,36264.0,4595.0,8419.0,3476,2823,6785.0,6650,18273.0,17334.0,8110.0,5835.0,113.9,6,Syn
3770.0,9600.0,2192.0,6109.0,2566,3138,3345.0,4168,7785.0,8911.0,2727.0,2293.0,114.0,6,Syn
2242.0,14229.0,595.0,2453.0,1854,4232,2180.0,5363,6639.0,15331.0,716.0,1005.0,114.0,6,Syn
3151.0,9878.0,2030.0,4570.0,1028,1225,1457.0,1912,4294.0,5403.0,1026.0,1924.0,114.0,6,Syn
12729.0,33730.0,2142.0,4584.0,5377,5926,7973.0,8592,25321.0,26881.0,0.0,3195.0,114.1,6,Syn
19710.0,25889.0,3340.0,5603.0,8876,9890,11527.0,11984,27953.0,27844.0,3215.0,6392.0,114.2,6,Syn
7179.0,17433.0,2032.0,5334.0,6020,6619,8085.0,9083,24065.0,26568.0,942.0,3350.0,114.3,6,Syn
29053.0,45708.0,3434.0,6917.0,4963,5407,7277.0,7491,21152.0,22643.0,1062.0,5634.0,114.3,6,Syn
9687.0,19207.0,2030.0,3419.0,4408,4487,5800.0,5906,13004.0,13301.0,1993.0,3589.0,114.3,6,Syn
2232.0,13345.0,272.0,2261.0,2489,4694,2874.0,5133,6123.0,10910.0,30.0,159.0,114.5,6,Syn
4015.0,22045.0,957.0,3867.0,1516,2802,1802.0,3149,5006.0,8992.0,323.0,568.0,114.5,6,Syn
15184.0,16221.0,3937.0,6658.0,4975,4868,5727.0,5736,16691.0,15430.0,2526.0,3253.0,114.7,6,Syn
3059.0,10534.0,458.0,1482.0,2159,2651,3220.0,4085,7117.0,7715.0,1410.0,1812.0,114.7,6,Syn
4165.0,9387.0,199.0,1341.0,514,1748,763.0,2233,1892.0,5443.0,83.0,189.0,114.7,6,Syn
10857.0,22869.0,4348.0,6015.0,5018,5244,5660.0,5971,14212.0,14370.0,2046.0,2203.0,114.8,6,Syn
5092.0,14123.0,338.0,1849.0,3943,4491,4896.0,5429,10863.0,11965.0,997.0,1574.0,114.8,6,Syn
3803.0,13855.0,1330.0,3882.0,1879,2571,2509.0,3250,5367.0,6839.0,0.0,804.0,114.8,6,Syn
12467.0,24479.0,3412.0,5110.0,5670,5401,8028.0,8202,24685.0,23653.0,5700.0,4698.0,114.9,6,Syn
8393.0,19965.0,1187.0,2589.0,6588,7008,8705.0,9931,21784.0,24935.0,1581.0,3799.0,115.0,6,Syn
7934.0,16658.0,3383.0,7149.0,3123,3154,3981.0,4228,10636.0,10738.0,1366.0,1636.0,115.0,6,Syn
6014.0,13733.0,1206.0,3047.0,3881,4613,4515.0,5206,12701.0,13456.0,1812.0,3240.0,115.0,6,Syn
3395.0,14484.0,36.0,1048.0,2883,4241,3778.0,5634,10107.0,14279.0,399.0,1834.0,115.0,6,Syn
2049.0,12236.0,497.0,2604.0,1136,3001,1163.0,3557,2905.0,8225.0,430.0,649.0,115.1,6,Syn
9169.0,17440.0,2676.0,4619.0,4062,4180,5634.0,6080,15364.0,16234.0,1701.0,2391.0,115.2,6,Syn
4701.0,7689.0,3130.0,5247.0,2676,2826,4031.0,4346,11865.0,12746.0,1568.0,1898.0,115.2,6,Syn
1759.0,11317.0,133.0,839.0,1661,3339,1700.0,3777,5052.0,11282.0,7.0,80.0,115.3,6,Syn
1881.0,9337.0,0.0,1473.0,640,1605,733.0,1876,2029.0,6177.0,2731.0,3651.0,115.4,6,Syn
10074.0,19318.0,1762.0,4049.0,7058,7511,8566.0,9583,20672.0,21626.0,2748.0,2701.0,115.4,6,Syn
5041.0,12727.0,1508.0,2845.0,6154,6989,7492.0,8672,19947.0,22527.0,2543.0,3650.0,115.5,6,Syn
15556.0,24378.0,2245.0,4971.0,9084,9752,11229.0,11843,24975.0,25380.0,2745.0,4044.0,115.6,6,Syn
6580.0,18379.0,2080.0,6037.0,2738,3635,3296.0,4473,9229.0,11895.0,933.0,1617.0,115.6,6,Syn
6312.0,24506.0,2128.0,7181.0,1921,3866,2591.0,5435,7705.0,14989.0,1445.0,3490.0,115.6,6,Syn
21470.0,33349.0,4718.0,3950.0,7977,7460,11663.0,11031,29789.0,28284.0,6163.0,6282.0,115.6,6,Syn
6629.0,18751.0,1761.0,4183.0,3663,4217,5161.0,5858,14176.0,16752.0,2292.0,2314.0,115.7,6,Syn
18143.0,26077.0,2276.0,4356.0,3986,3959,6408.0,6334,17937.0,17192.0,3897.0,4364.0,115.8,6,Syn
2167.0,12713.0,308.0,1415.0,1745,2983,1859.0,3386,4093.0,7549.0,86.0,778.0,115.8,6,Syn
1923.0,11726.0,830.0,3159.0,1238,2619,1769.0,3688,4848.0,9236.0,992.0,1597.0,115.8,6,Syn
1647.0,7537.0,405.0,2170.0,725,1781,721.0,2178,1572.0,4511.0,4.0,118.0,115.8,6,Syn
8444.0,19504.0,3065.0,5279.0,5248,5128,7701.0,8173,21381.0,20863.0,2351.0,4170.0,115.9,6,Syn
21799.0,35327.0,3108.0,4725.0,6014,5846,8032.0,8130,22406.0,22725.0,6442.0,5425.0,115.9,6,Syn
6161.0,11950.0,1810.0,3952.0,4492,4693,7060.0,7579,19208.0,21061.0,2491.0,3380.0,116.0,6,Syn
859.0,2493.0,1575.0,4013.0,2452,3297,3614.0,5015,8004.0,10688.0,959.0,1928.0,116.0,6,Syn
6343.0,17912.0,1402.0,2714.0,8412,9653,9258.0,10733,20344.0,23563.0,1696.0,2802.0,116.3,6,Syn
9829.0,19722.0,2150.0,3750.0,5028,5395,5151.0,5534,12134.0,12910.0,1451.0,2180.0,116.3,6,Syn
20170.0,38260.0,2957.0,6441.0,5383,5116,6924.0,6807,19887.0,20324.0,6363.0,4086.0,116.3,6,Syn
12705.0,14644.0,2514.0,4914.0,4649,4702,6613.0,6113,16240.0,14307.0,5638.0,3345.0,116.3,6,Syn
11634.0,19747.0,1335.0,4162.0,5785,6076,6160.0,6542,12010.0,12587.0,916.0,1210.0,116.4,6,Syn
5753.0,16491.0,1357.0,4998.0,4418,5298,5890.0,7139,14203.0,16632.0,2294.0,3248.0,116.7,6,Syn
634.0,2475.0,624.0,3607.0,1342,2522,1924.0,3615,4624.0,9176.0,200.0,601.0,116.8,6,Syn
10767.0,16151.0,818.0,3836.0,5386,5658,5852.0,6517,16740.0,18158.0,559.0,1309.0,116.8,6,Syn
1478.0,8694.0,1623.0,5969.0,2652,5808,3354.0,7120,9325.0,19116.0,60.0,1672.0,117.1,6,Syn
10921.0,17346.0,1759.0,4436.0,4502,4231,5231.0,5164,15806.0,14539.0,2403.0,3469.0,117.1,6,Syn
8027.0,22100.0,2040.0,4794.0,3923,4302,5588.0,6238,17591.0,19344.0,656.0,3118.0,117.2,6,Syn
8572.0,18308.0,369.0,1139.0,1888,1886,2846.0,2998,6598.0,7103.0,1220.0,1776.0,117.3,6,Syn
25023.0,40324.0,1452.0,2714.0,3524,3814,5107.0,5444,16080.0,15643.0,1626.0,4257.0,117.4,6,Syn
5354.0,20571.0,1960.0,3550.0,1173,1235,2773.0,3091,6780.0,7196.0,2061.0,2996.0,117.6,6,Syn
2001.0,11465.0,870.0,3516.0,1190,2889,1615.0,3989,3809.0,10139.0,174.0,1497.0,117.7,6,Syn
2648.0,6699.0,341.0,2579.0,1006,2212,1259.0,3374,2521.0,8176.0,931.0,1489.0,117.7,6,Syn
1776.0,4390.0,971.0,1964.0,2322,2539,3222.0,3396,7635.0,7466.0,909.0,932.0,118.2,6,Syn
3856.0,10660.0,707.0,2344.0,3434,4781,4376.0,5801,12083.0,16241.0,1787.0,2430.0,118.3,6,Syn
12315.0,21857.0,1467.0,4022.0,1635,1588,4491.0,4622,12173.0,13486.0,1692.0,3212.0,118.4,6,Syn
13573.0,16309.0,1869.0,3835.0,4539,4246,6512.0,6844,18511.0,17367.0,3128.0,3702.0,118.4,6,Syn
2556.0,8196.0,178.0,989.0,1344,3791,1919.0,4794,5440.0,14059.0,2795.0,3304.0,118.4,6,Syn
2089.0,13680.0,166.0,1535.0,2219,4846,2770.0,6063,7641.0,17527.0,231.0,447.0,118.4,6,Syn
11487.0,28254.0,4411.0,10176.0,6142,6783,7968.0,8448,23920.0,25303.0,2412.0,4242.0,118.7,6,Syn
17192.0,30566.0,3364.0,6457.0,5363,5436,8347.0,8931,25111.0,26878.0,3391.0,5324.0,118.8,6,Syn
75387.0,119092.0,89729.0,140961.0,4350,4020,8494.0,8297,23461.0,22506.0,9925.0,8555.0,119.1,6,Syn
3920.0,10596.0,805.0,2803.0,1822,2858,2881.0,4558,6438.0,10742.0,1281.0,1773.0,119.2,6,Syn
3302.0,20463.0,401.0,2164.0,1297,2820,1587.0,4199,3975.0,10290.0,186.0,394.0,119.2,6,Syn
2783.0,9250.0,0.0,298.0,983,2327,1115.0,2727,3453.0,7344.0,325.0,591.0,119.3,6,Syn
5289.0,13275.0,1107.0,4352.0,1069,3080,1298.0,3441,2766.0,6457.0,2315.0,2314.0,119.5,6,Syn
2688.0,11404.0,1665.0,4534.0,2773,4741,3443.0,5427,6776.0,10467.0,296.0,305.0,119.5,6,Syn
12504.0,23149.0,1076.0,3456.0,3204,3319,4646.0,4245,10306.0,10463.0,2786.0,3351.0,119.5,6,Syn
1122.0,6733.0,149.0,1899.0,855,2271,907.0,2507,2484.0,6475.0,323.0,531.0,119.5,6,Syn
3602.0,13855.0,2082.0,4165.0,1623,3995,1898.0,4972,4911.0,13201.0,2763.0,3633.0,119.5,6,Syn
4804.0,15018.0,1359.0,4382.0,5668,7709,6179.0,8611,15046.0,21783.0,1825.0,2839.0,119.5,6,Syn
3662.0,15572.0,1484.0,6419.0,505,1220,572.0,1495,2225.0,4379.0,2373.0,2966.0,119.5,6,Syn
3438.0,16360.0,1392.0,6703.0,2087,2890,2872.0,3980,7638.0,10573.0,65.0,1313.0,119.5,6,Syn
4597.0,9120.0,1596.0,3741.0,3831,3586,4944.0,5126,13223.0,13675.0,1277.0,1752.0,119.6,6,Syn
15245.0,19362.0,2782.0,5632.0,7968,6943,9062.0,8942,26157.0,23302.0,3858.0,4625.0,119.7,6,Syn
1619.0,6312.0,1210.0,3130.0,2370,3898,2960.0,5137,7989.0,13384.0,896.0,1392.0,119.7,6,Syn
3104.0,17825.0,461.0,2087.0,710,1597,848.0,2173,1920.0,5830.0,101.0,212.0,119.7,6,Syn
10128.0,24677.0,2736.0,6530.0,4489,4983,6945.0,7422,18543.0,18728.0,3899.0,6148.0,119.8,6,Syn
11694.0,23724.0,1888.0,4194.0,3035,2712,3951.0,3898,11764.0,10365.0,2192.0,2388.0,119.8,6,Syn
11818.0,16068.0,3350.0,6161.0,2914,2839,3248.0,3088,8345.0,8300.0,3221.0,2346.0,120.1,6,Syn
5570.0,14347.0,1443.0,2414.0,3312,3558,4191.0,4384,10167.0,8918.0,1459.0,1752.0,120.2,6,Syn
2371.0,13082.0,221.0,1661.0,1377,2127,1637.0,2555,4457.0,7002.0,305.0,636.0,120.2,6,Syn
5865.0,14438.0,463.0,1450.0,1634,3428,2247.0,4548,4934.0,10677.0,1099.0,2625.0,120.8,6,Syn
547.0,3201.0,281.0,1891.0,614,1868,807.0,2787,2271.0,7882.0,658.0,1780.0,120.8,6,Syn
1606.0,6302.0,588.0,2622.0,2898,4199,4258.0,6231,8668.0,12376.0,71.0,972.0,120.9,6,Syn
19191.0,19290.0,3465.0,6055.0,4351,4323,5715.0,5546,13907.0,12211.0,3364.0,2471.0,120.9,6,Syn
10207.0,15633.0,2863.0,4402.0,3874,3569,5175.0,4850,14663.0,13982.0,3603.0,3009.0,120.9,6,Syn
5116.0,18534.0,932.0,2998.0,3204,3915,4769.0,6147,10954.0,14016.0,500.0,767.0,121.2,6,Syn
9678.0,22546.0,1730.0,3336.0,5114,5441,6270.0,6600,15596.0,15753.0,2221.0,3302.0,121.2,6,Syn
9411.0,20217.0,1980.0,3986.0,5918,5832,6959.0,7364,17783.0,19037.0,620.0,3261.0,121.4,6,Syn
2759.0,8411.0,2681.0,5771.0,3995,4595,5189.0,5844,12053.0,12725.0,1020.0,4050.0,121.4,6,Syn
1125.0,6574.0,1409.0,6025.0,242,635,626.0,1692,1300.0,4222.0,1124.0,1801.0,121.4,6,Syn
3849.0,12443.0,2063.0,6815.0,1375,2028,1848.0,2887,5530.0,9179.0,726.0,758.0,121.4,6,Syn
10192.0,34787.0,1237.0,2531.0,2954,3037,4562.0,5017,12361.0,12175.0,1968.0,3125.0,121.5,6,Syn
605.0,2811.0,77.0,1234.0,752,2063,737.0,2300,1799.0,6377.0,317.0,487.0,121.5,6,Syn
1837.0,6434.0,341.0,2302.0,771,1515,782.0,1964,2075.0,4896.0,1812.0,2101.0,121.7,6,Syn
4801.0,15489.0,417.0,2697.0,4480,5917,5752.0,7292,15839.0,20017.0,982.0,1412.0,121.8,6,Syn
7391.0,15144.0,2878.0,5066.0,1543,1628,3260.0,3642,8714.0,9593.0,1456.0,3159.0,121.9,6,Syn
4579.0,10292.0,921.0,2377.0,689,1448,1012.0,1615,1742.0,4330.0,1874.0,2187.0,122.0,6,Syn
5179.0,13419.0,1598.0,3763.0,5386,7783,5587.0,8407,10375.0,15262.0,0.0,678.0,122.0,6,Syn
22217.0,50751.0,3414.0,5619.0,4492,4604,6874.0,6463,22014.0,19465.0,5596.0,6221.0,122.2,6,Syn
22949.0,26429.0,3024.0,6140.0,7123,6798,8869.0,9763,23645.0,23807.0,1181.0,4076.0,122.3,6,Syn
13443.0,21487.0,2658.0,4327.0,6328,6404,7458.0,7946,21477.0,21667.0,2210.0,3559.0,122.3,6,Syn
11522.0,20252.0,1716.0,3103.0,4729,4728,6034.0,5876,15512.0,14825.0,2637.0,3565.0,122.3,6,Syn
3386.0,5821.0,1625.0,4709.0,2776,2906,3280.0,3242,8663.0,8988.0,1543.0,1521.0,122.5,6,Syn
13075.0,16966.0,3582.0,3612.0,5277,4875,6358.0,6098,17645.0,16030.0,5111.0,4642.0,122.5,6,Syn
10355.0,19971.0,3117.0,5778.0,4668,5175,6402.0,6838,15996.0,16800.0,2839.0,3697.0,122.7,6,Syn
4699.0,18166.0,1251.0,4437.0,3099,3733,4330.0,5564,12587.0,16074.0,316.0,781.0,122.8,6,Syn
12776.0,21360.0,3383.0,5616.0,4970,4842,5920.0,6020,17089.0,17190.0,576.0,2958.0,122.9,6,Syn
2085.0,7494.0,2192.0,5865.0,5474,8257,6053.0,9021,14948.0,20874.0,709.0,2858.0,123.0,6,Syn
3855.0,11925.0,1047.0,4343.0,3355,3810,4227.0,4948,8508.0,9511.0,413.0,674.0,123.1,6,Syn
4101.0,12943.0,2646.0,5744.0,2815,3099,3128.0,3646,8888.0,9702.0,471.0,574.0,123.2,6,Syn
1532.0,8985.0,353.0,1243.0,1507,3615,2042.0,4494,4185.0,10500.0,0.0,800.0,123.3,6,Syn
2164.0,13987.0,230.0,1014.0,1247,3513,1258.0,3798,3268.0,9761.0,314.0,419.0,123.3,6,Syn
27107.0,35390.0,6172.0,10052.0,5341,5269,7249.0,7116,21569.0,20953.0,6482.0,4285.0,123.3,6,Syn
5705.0,16733.0,1265.0,2600.0,768,1438,771.0,1801,1905.0,4796.0,2177.0,2865.0,123.4,6,Syn
7714.0,14026.0,1131.0,2642.0,2491,3406,2972.0,4071,7011.0,9884.0,59.0,756.0,123.4,6,Syn
10537.0,22643.0,1728.0,4318.0,3337,3368,4988.0,4907,13210.0,13301.0,310.0,1245.0,123.4,6,Syn
1710.0,10161.0,525.0,2912.0,1248,2615,1742.0,3676,4300.0,9091.0,0.0,222.0,123.6,6,Syn
7173.0,14040.0,1241.0,3004.0,2111,2346,3384.0,3437,8913.0,8160.0,2029.0,1759.0,123.6,6,Syn
6795.0,13571.0,1950.0,4986.0,3128,3651,4199.0,4926,9588.0,10716.0,440.0,1788.0,123.8,6,Syn
11121.0,12637.0,834.0,2045.0,3111,3256,3831.0,4181,12523.0,12886.0,904.0,1938.0,124.0,6,Syn
6043.0,14298.0,2835.0,5459.0,3297,3646,4458.0,4644,13399.0,13931.0,1229.0,3031.0,124.0,6,Syn
1655.0,9451.0,212.0,1325.0,4487,7750,4946.0,8516,9132.0,16160.0,179.0,1213.0,124.0,6,Syn
13473.0,35373.0,2130.0,5008.0,7832,7977,9131.0,9241,25472.0,24683.0,2333.0,5033.0,124.1,6,Syn
1294.0,4972.0,2049.0,5269.0,2573,3287,2916.0,3704,7965.0,9850.0,930.0,1450.0,124.1,6,Syn
4452.0,14241.0,926.0,3311.0,4224,4704,6121.0,6853,15552.0,16973.0,820.0,2073.0,124.1,6,Syn
20920.0,23726.0,3470.0,4612.0,4945,5155,7728.0,7747,23544.0,20639.0,4814.0,5481.0,124.1,6,Syn
10430.0,23032.0,1476.0,2856.0,3545,3585,4378.0,4719,12041.0,12560.0,1695.0,2451.0,124.2,6,Syn
8042.0,10881.0,1383.0,3575.0,2990,3156,3428.0,3380,8459.0,7421.0,871.0,893.0,124.3,6,Syn
26579.0,58665.0,3057.0,4351.0,5064,5194,7164.0,6640,21522.0,21919.0,4349.0,6108.0,124.4,6,Syn
4999.0,11225.0,2010.0,3650.0,2859,3134,3569.0,3719,9051.0,9167.0,141.0,1235.0,124.6,6,Syn
2339.0,6811.0,1206.0,3564.0,2432,2797,3485.0,4227,8715.0,10419.0,1004.0,2119.0,124.6,6,Syn
18927.0,26948.0,3797.0,7279.0,6753,6380,9523.0,9385,25942.0,25386.0,6667.0,5887.0,124.8,6,Syn
9732.0,20974.0,3486.0,6237.0,5523,6306,7191.0,7852,18499.0,19766.0,1497.0,3076.0,124.8,6,Syn
8964.0,25238.0,2485.0,4688.0,5595,5995,7189.0,7964,17131.0,19151.0,1315.0,3172.0,124.8,6,Syn
11256.0,22970.0,2784.0,4894.0,6307,6595,7612.0,7571,19601.0,19159.0,3578.0,3697.0,124.9,6,Syn
18078.0,21561.0,4608.0,7394.0,4291,4248,5948.0,6056,16556.0,15843.0,5357.0,5596.0,125.0,6,Syn
32376.0,60483.0,7927.0,12749.0,3413,3441,9482.0,9179,23285.0,23227.0,6879.0,7733.0,125.0,6,Syn
17357.0,32175.0,4952.0,9887.0,8729,8986,11904.0,12147,30729.0,31615.0,5184.0,5968.0,125.1,6,Syn
15593.0,23581.0,858.0,1639.0,3219,3113,4801.0,4763,13972.0,12822.0,2730.0,3541.0,125.1,6,Syn
4876.0,11484.0,1321.0,2150.0,1677,1783,2459.0,2651,6425.0,7027.0,130.0,776.0,125.1,6,Syn
3852.0,11640.0,1464.0,2445.0,4158,4407,4887.0,5409,12362.0,13260.0,1439.0,1266.0,125.2,6,Syn
11687.0,21092.0,2039.0,3397.0,4478,4478,5199.0,5415,11760.0,11067.0,1848.0,1706.0,125.4,6,Syn
8256.0,17429.0,2904.0,6968.0,6468,6630,9229.0,9849,24481.0,25906.0,2592.0,3041.0,125.5,6,Syn
2372.0,7668.0,722.0,2636.0,3219,3599,3359.0,3960,8390.0,9128.0,152.0,1595.0,125.5,6,Syn
15728.0,35678.0,3014.0,4216.0,7141,7607,9286.0,9805,21288.0,20682.0,4056.0,5437.0,125.6,6,Syn
1953.0,7580.0,822.0,3297.0,1801,2339,2197.0,2829,6052.0,7909.0,0.0,784.0,125.6,6,Syn
3577.0,10789.0,767.0,2413.0,5280,6166,8768.0,10183,20658.0,23693.0,3634.0,6397.0,125.7,6,Syn
13476.0,19223.0,2792.0,4112.0,8043,7753,9525.0,9243,23609.0,22804.0,725.0,3367.0,125.7,6,Syn
5929.0,17803.0,2878.0,7831.0,1363,1798,3298.0,4564,8129.0,10799.0,373.0,931.0,125.8,6,Syn
6316.0,14117.0,2502.0,6303.0,2201,2356,3718.0,4301,13349.0,16316.0,1532.0,2006.0,125.8,6,Syn
4380.0,9037.0,415.0,3411.0,2302,2614,3592.0,3848,8979.0,9411.0,2833.0,3558.0,126.0,6,Syn
14680.0,28753.0,3189.0,4904.0,3201,2955,4916.0,5238,13414.0,14667.0,3563.0,3269.0,126.0,6,Syn
10380.0,14074.0,1036.0,2392.0,3346,2968,3902.0,3884,11365.0,10446.0,2658.0,1706.0,126.2,6,Syn
11060.0,15819.0,4529.0,7063.0,9875,9943,10887.0,11149,26090.0,24429.0,3791.0,2789.0,126.2,6,Syn
11788.0,11752.0,1895.0,3700.0,4300,4219,4880.0,5076,15695.0,15171.0,3247.0,3241.0,126.3,6,Syn
22509.0,22802.0,14343.0,18445.0,6126,6172,7287.0,7676,18842.0,17931.0,4960.0,4028.0,126.4,6,Syn
8780.0,13543.0,1994.0,4190.0,5123,5264,6330.0,6768,17259.0,18052.0,2722.0,3927.0,126.7,6,Syn
18476.0,45575.0,1871.0,3950.0,4009,3994,6498.0,6674,18082.0,18169.0,3738.0,5476.0,126.7,6,Syn
4586.0,7304.0,2058.0,3371.0,3582,3466,4340.0,4438,11659.0,11587.0,2602.0,2418.0,126.8,6,Syn
18893.0,30802.0,4814.0,9003.0,7034,6687,10002.0,10057,26302.0,27065.0,3391.0,5698.0,126.8,6,Syn
10957.0,25205.0,3184.0,5807.0,5265,5652,7324.0,7792,19579.0,20870.0,3554.0,3641.0,126.9,6,Syn
6797.0,19584.0,1707.0,3435.0,4505,5335,5939.0,6790,15250.0,16113.0,2294.0,3835.0,127.1,6,Syn
2275.0,13668.0,195.0,1378.0,1537,3347,2118.0,4756,4928.0,10751.0,1.0,125.0,127.2,6,Syn
5148.0,14162.0,2246.0,4070.0,3998,4525,5149.0,5851,13673.0,15400.0,1945.0,3747.0,127.2,6,Syn
2454.0,14294.0,767.0,3595.0,4266,7126,5354.0,8942,13010.0,21864.0,0.0,197.0,127.3,6,Syn
4090.0,17389.0,961.0,3073.0,780,2871,1366.0,4503,2791.0,10513.0,0.0,119.0,127.3,6,Syn
6815.0,10184.0,2967.0,4711.0,1510,2683,2287.0,3439,6660.0,8651.0,2263.0,1906.0,127.3,6,Syn
9691.0,12207.0,1907.0,4198.0,5685,5763,7272.0,7461,18431.0,18408.0,629.0,1925.0,127.4,6,Syn
5671.0,18275.0,1251.0,3214.0,2503,4437,3683.0,6689,8536.0,16004.0,1392.0,2790.0,127.4,6,Syn
7423.0,13591.0,3146.0,6659.0,1712,1898,2306.0,2548,6160.0,6716.0,779.0,669.0,127.6,6,Syn
3379.0,13043.0,909.0,2965.0,2548,3325,4172.0,5780,9877.0,13096.0,690.0,1461.0,127.6,6,Syn
8227.0,17883.0,1694.0,2296.0,2305,2354,3496.0,3868,9748.0,9893.0,2940.0,3055.0,127.7,6,Syn
3478.0,13411.0,1208.0,3577.0,2056,2405,2536.0,3003,5466.0,6612.0,375.0,988.0,127.7,6,Syn
5479.0,20282.0,2464.0,5983.0,1978,2123,2392.0,2715,6105.0,6578.0,1240.0,1511.0,127.7,6,Syn
601.0,2098.0,238.0,2563.0,740,2391,1036.0,3040,2547.0,7847.0,2152.0,3386.0,127.7,6,Syn
2034.0,9137.0,1359.0,4174.0,3395,4615,4571.0,6360,12225.0,17551.0,0.0,0.0,127.7,6,Syn
13407.0,18941.0,4186.0,7186.0,6293,6460,8276.0,8789,23272.0,23984.0,2932.0,4121.0,128.0,6,Syn
9152.0,20243.0,4054.0,6711.0,6473,7271,7403.0,8104,16866.0,17747.0,1710.0,3201.0,128.0,6,Syn
13704.0,24178.0,4277.0,7360.0,6270,6256,8376.0,9087,22297.0,22416.0,6590.0,5672.0,128.1,6,Syn
11275.0,18262.0,0.0,1361.0,5103,4668,6965.0,6788,17745.0,17627.0,919.0,2592.0,128.1,6,Syn
5538.0,15276.0,1768.0,5356.0,2558,2752,3436.0,3893,7551.0,8601.0,521.0,1014.0,128.1,6,Syn
4855.0,14169.0,1895.0,6285.0,6450,7572,7243.0,8521,14957.0,16957.0,1270.0,2535.0,128.1,6,Syn
16057.0,20816.0,1745.0,3725.0,5585,5431,7275.0,6888,19205.0,19331.0,5292.0,4155.0,128.2,6,Syn
17798.0,40287.0,3067.0,5722.0,7731,7932,9930.0,10394,25562.0,25112.0,3864.0,5782.0,128.3,6,Syn
13954.0,24956.0,2708.0,5119.0,5188,5855,6933.0,7368,20498.0,22148.0,1985.0,3430.0,128.4,6,Syn
17133.0,30081.0,1896.0,3119.0,4801,4632,6999.0,6890,19613.0,18962.0,6046.0,4425.0,128.6,6,Syn
6400.0,9816.0,2660.0,5166.0,2491,2712,3757.0,3742,11707.0,12336.0,3653.0,2775.0,128.8,6,Syn
6435.0,25103.0,1769.0,5164.0,2244,2711,3168.0,3992,8299.0,10574.0,0.0,1381.0,128.8,6,Syn
7880.0,16112.0,2839.0,6670.0,4176,4577,5111.0,5437,12494.0,13168.0,2028.0,2402.0,128.9,6,Syn
11390.0,15150.0,2065.0,4458.0,6003,6867,7867.0,8506,17737.0,19719.0,1778.0,2560.0,128.9,6,Syn
12579.0,22362.0,3106.0,6386.0,6301,6697,8158.0,8773,21320.0,21787.0,3721.0,4368.0,129.1,6,Syn
15699.0,28484.0,3656.0,6991.0,7277,7805,10474.0,10790,27332.0,27853.0,5010.0,6819.0,129.3,6,Syn
687.0,3408.0,617.0,2300.0,1683,2764,2097.0,3412,5543.0,9076.0,734.0,1396.0,129.3,6,Syn
20816.0,44536.0,15921.0,25186.0,4922,4889,12779.0,12615,37592.0,37154.0,11458.0,13275.0,129.5,6,Syn
9170.0,26515.0,2301.0,5525.0,3126,3881,4393.0,5120,12358.0,13759.0,1524.0,3860.0,129.6,6,Syn
5527.0,21177.0,1479.0,3183.0,2740,3256,4107.0,4953,9677.0,11334.0,895.0,1430.0,129.6,6,Syn
3378.0,11436.0,2792.0,7040.0,3665,4746,4372.0,5444,11454.0,14082.0,421.0,742.0,129.6,6,Syn
2354.0,11538.0,626.0,2326.0,1940,3224,2500.0,4657,6327.0,10679.0,565.0,1175.0,129.8,6,Syn
439.0,2153.0,312.0,1190.0,885,2293,1274.0,3739,3250.0,8384.0,0.0,363.0,129.8,6,Syn
4331.0,14239.0,1598.0,4445.0,2987,3385,3943.0,4679,9519.0,10975.0,1164.0,948.0,129.8,6,Syn
4270.0,12060.0,1295.0,2811.0,2554,2867,3327.0,3797,8350.0,8649.0,1184.0,2122.0,129.9,6,Syn
141130.0,212236.0,138252.0,175518.0,5864,5473,7930.0,7406,20992.0,19062.0,6877.0,5829.0,130.0,6,Syn
8326.0,11325.0,1793.0,2905.0,5016,4985,6209.0,5937,15115.0,15485.0,3771.0,3614.0,130.0,6,Syn
27319.0,47029.0,6737.0,12925.0,2667,2894,7662.0,7725,19777.0,20843.0,4694.0,6695.0,130.1,6,Syn
9738.0,22581.0,3228.0,7022.0,7245,8200,8200.0,9214,19319.0,20819.0,1673.0,1979.0,130.1,6,Syn
13466.0,27510.0,2370.0,3788.0,4007,3944,5790.0,5611,17460.0,17254.0,3876.0,4942.0,130.1,6,Syn
12080.0,25764.0,1629.0,3654.0,3413,3529,5319.0,5696,15331.0,16258.0,3232.0,4568.0,130.1,6,Syn
10187.0,12391.0,317.0,3127.0,613,1842,943.0,2647,2603.0,6611.0,3089.0,2737.0,130.1,6,Syn
5763.0,24869.0,1199.0,5647.0,3642,4835,4715.0,6508,10346.0,14660.0,112.0,288.0,130.1,6,Syn
18722.0,27640.0,7551.0,11170.0,6406,5899,8916.0,8755,26061.0,24435.0,5080.0,6595.0,130.2,6,Syn
10876.0,16694.0,7425.0,12256.0,5767,5962,7744.0,7817,20915.0,20651.0,2231.0,3193.0,130.3,6,Syn
4112.0,14469.0,739.0,2039.0,3363,4416,4458.0,5772,11476.0,14365.0,0.0,1191.0,130.3,6,Syn
97330.0,149063.0,37661.0,55072.0,7449,7289,10845.0,9997,32497.0,29729.0,7009.0,7392.0,130.4,6,Syn
3282.0,9242.0,599.0,3205.0,616,1348,614.0,1830,1947.0,4101.0,1652.0,2023.0,130.5,6,Syn
1981.0,11352.0,1026.0,3796.0,2186,3719,2493.0,4089,5994.0,10121.0,454.0,903.0,130.5,6,Syn
9617.0,21114.0,1695.0,3776.0,2748,2879,4261.0,4342,12281.0,12417.0,269.0,2208.0,130.5,6,Syn
4064.0,11713.0,245.0,2351.0,488,1684,547.0,2046,1935.0,6167.0,170.0,293.0,130.6,6,Syn
11552.0,24165.0,3242.0,5251.0,5709,5321,7874.0,7698,21187.0,20168.0,3908.0,4771.0,130.6,6,Syn
15879.0,36890.0,2116.0,3866.0,10312,10995,11901.0,12641,26442.0,26853.0,4022.0,4270.0,130.6,6,Syn
641.0,2728.0,973.0,3827.0,1000,2005,1030.0,2454,3090.0,7426.0,819.0,1210.0,130.7,6,Syn
4178.0,9957.0,1989.0,3411.0,3324,3391,4652.0,4723,13655.0,12947.0,1152.0,1955.0,130.8,6,Syn
10950.0,14309.0,2719.0,4193.0,3385,3767,5045.0,5378,16477.0,17132.0,5278.0,3144.0,130.9,6,Syn
5340.0,17499.0,2034.0,6648.0,2903,3429,3611.0,4081,9897.0,12048.0,1346.0,2373.0,131.0,6,Syn
1793.0,11516.0,460.0,2048.0,1822,3187,2217.0,3937,5411.0,9793.0,0.0,0.0,131.0,6,Syn
10681.0,15718.0,4258.0,6505.0,5410,6004,6883.0,7887,15192.0,17955.0,3703.0,4217.0,131.1,6,Syn
9838.0,15017.0,2101.0,4360.0,1289,1243,3656.0,3734,9797.0,10040.0,1427.0,1797.0,131.2,6,Syn
4122.0,18461.0,1263.0,4876.0,1644,2126,2246.0,2945,6543.0,8520.0,676.0,1644.0,131.6,6,Syn
6773.0,12940.0,3797.0,6945.0,6467,7461,7877.0,8483,18970.0,19447.0,1898.0,3737.0,131.7,6,Syn
5793.0,16358.0,377.0,1659.0,2443,2851,3386.0,3746,6724.0,7441.0,801.0,2304.0,131.8,6,Syn
14420.0,15790.0,1380.0,4547.0,6107,8638,6857.0,9136,14197.0,20604.0,988.0,2347.0,131.8,6,Syn
19181.0,34275.0,3937.0,6429.0,8112,7776,10586.0,10483,27897.0,26930.0,5898.0,6742.0,131.9,6,Syn
4024.0,11736.0,2089.0,5235.0,6038,7386,8028.0,9470,17626.0,20849.0,1985.0,3847.0,132.0,6,Syn
6864.0,13689.0,3712.0,8827.0,3659,4241,5205.0,5790,16249.0,17189.0,2484.0,3553.0,132.0,6,Syn
4730.0,14824.0,1295.0,4448.0,3177,3664,4034.0,4781,10408.0,11421.0,1100.0,2636.0,132.1,6,Syn
1576.0,6812.0,805.0,2735.0,1462,3148,2152.0,4158,5073.0,9256.0,1164.0,2085.0,132.2,6,Syn
3336.0,11303.0,944.0,3064.0,1923,3313,2361.0,4156,5247.0,9234.0,668.0,858.0,132.2,6,Syn
12877.0,20588.0,2470.0,4379.0,2274,2255,3431.0,3603,9316.0,9908.0,1553.0,1840.0,132.3,6,Syn
10127.0,21170.0,2178.0,5169.0,4068,4415,5278.0,5898,14163.0,14817.0,2327.0,2946.0,132.3,6,Syn
3012.0,9229.0,1100.0,3166.0,2933,3154,4072.0,4594,9283.0,10959.0,0.0,545.0,132.3,6,Syn
8698.0,16318.0,3055.0,5447.0,3692,4167,4933.0,5205,14109.0,13794.0,2432.0,3220.0,132.6,6,Syn
6029.0,18418.0,968.0,2891.0,2512,3870,3570.0,6014,8619.0,14807.0,475.0,1389.0,132.6,6,Syn
2709.0,6915.0,1292.0,2455.0,1745,1899,2497.0,2877,6827.0,7452.0,927.0,1508.0,132.6,6,Syn
5203.0,15300.0,641.0,2353.0,2322,2683,3497.0,4043,8878.0,10388.0,1111.0,1079.0,132.7,6,Syn
15750.0,27810.0,2497.0,4549.0,9348,8864,10133.0,10092,23244.0,22412.0,1216.0,2391.0,132.8,6,Syn
3615.0,8165.0,853.0,3125.0,4936,12030,5525.0,13406,11529.0,25947.0,3858.0,4083.0,132.9,6,Syn
5274.0,14502.0,590.0,3754.0,1643,5879,1514.0,5827,3083.0,10470.0,474.0,686.0,132.9,6,Syn
3935.0,10742.0,1005.0,2123.0,2615,2870,3472.0,3774,10553.0,11320.0,2394.0,2769.0,132.9,6,Syn
14716.0,25883.0,1465.0,2174.0,4459,4464,4739.0,4723,13202.0,12055.0,4016.0,2934.0,132.9,6,Syn
4931.0,10798.0,1368.0,3808.0,4690,5288,5325.0,5788,11264.0,11867.0,1331.0,2089.0,133.0,6,Syn
2111.0,13801.0,473.0,2777.0,1414,3876,1640.0,4487,4432.0,12464.0,813.0,1294.0,133.1,6,Syn
4322.0,21396.0,1193.0,3302.0,2751,4832,2970.0,5334,7385.0,14370.0,249.0,634.0,133.1,6,Syn
27860.0,34962.0,2319.0,4659.0,11636,11383,16663.0,16375,42079.0,41352.0,4775.0,6394.0,133.3,6,Syn
13189.0,19647.0,1162.0,2765.0,3810,4118,6276.0,6553,13324.0,13466.0,2024.0,2300.0,133.4,6,Syn
7136.0,10359.0,2046.0,3574.0,2410,2492,3923.0,4156,9995.0,10926.0,1877.0,2173.0,133.4,6,Syn
2226.0,12370.0,1162.0,4728.0,1155,3051,1464.0,3656,3759.0,9366.0,676.0,1624.0,133.6,6,Syn
7962.0,15501.0,1616.0,4799.0,2691,3191,3234.0,3786,10178.0,11056.0,0.0,1255.0,133.9,6,Syn
8322.0,15039.0,3568.0,3730.0,5603,5739,7732.0,7992,21202.0,20385.0,4997.0,4682.0,133.9,6,Syn
14036.0,18091.0,2842.0,5574.0,5317,5423,7736.0,7395,21594.0,22294.0,2079.0,4331.0,133.9,6,Syn
13219.0,27567.0,3474.0,7190.0,4308,4447,5907.0,6171,16187.0,16709.0,3425.0,3592.0,134.0,6,Syn
5717.0,10979.0,1898.0,2901.0,4602,5138,5426.0,5512,13105.0,12125.0,483.0,1903.0,134.0,6,Syn
7286.0,12482.0,1637.0,3963.0,2947,3275,3236.0,3774,7857.0,9450.0,1824.0,1571.0,134.0,6,Syn
11809.0,20720.0,2090.0,3350.0,4284,4794,5228.0,5654,13386.0,13553.0,3479.0,2972.0,134.1,6,Syn
5400.0,16274.0,2614.0,6419.0,5166,5794,5830.0,6331,13012.0,13361.0,398.0,1413.0,134.2,6,Syn
3245.0,9958.0,827.0,1878.0,3644,4127,4540.0,5081,10769.0,12079.0,635.0,1992.0,134.2,6,Syn
22852.0,36661.0,4042.0,7522.0,5942,6289,8996.0,8744,24096.0,24923.0,3961.0,5556.0,134.3,6,Syn
8676.0,15902.0,2755.0,5604.0,3539,3385,5001.0,4639,11670.0,10811.0,2710.0,2073.0,134.3,6,Syn
8349.0,12646.0,3045.0,4776.0,3523,3475,4953.0,5346,14509.0,14903.0,1173.0,3065.0,134.4,6,Syn
12563.0,24656.0,2670.0,6954.0,4088,4545,5386.0,5654,14667.0,15459.0,2715.0,2524.0,134.8,6,Syn
22130.0,36213.0,2289.0,3191.0,10433,11054,13742.0,14170,34244.0,35960.0,4091.0,6233.0,134.8,6,Syn
5739.0,11935.0,933.0,3084.0,2920,3170,3867.0,4716,9249.0,10407.0,2357.0,2577.0,134.9,6,Syn
4250.0,7719.0,1095.0,2828.0,2788,3104,3383.0,3681,8671.0,9917.0,2248.0,2366.0,135.2,6,Syn
3318.0,17896.0,873.0,3133.0,2578,3933,3346.0,5155,9053.0,14290.0,820.0,1042.0,135.2,6,Syn
956.0,3286.0,1129.0,3642.0,2395,3289,2913.0,4141,7586.0,10850.0,314.0,513.0,135.3,6,Syn
6508.0,15432.0,1043.0,4003.0,3354,3849,4742.0,5249,11679.0,13347.0,2104.0,2117.0,135.4,6,Syn
3126.0,12961.0,2114.0,5293.0,3120,4409,3449.0,4845,8152.0,11275.0,941.0,1250.0,135.5,6,Syn
8199.0,12124.0,1448.0,4440.0,4942,5238,5432.0,5409,13148.0,13897.0,1765.0,3260.0,135.9,6,Syn
4363.0,10654.0,1102.0,2595.0,2320,2391,3462.0,4042,9921.0,10932.0,1073.0,1549.0,136.1,6,Syn
11548.0,14929.0,4488.0,6911.0,7487,7867,9059.0,9496,23671.0,24975.0,2114.0,3339.0,136.1,6,Syn
10326.0,22892.0,2720.0,3478.0,4975,4899,6305.0,6571,27580.0,25332.0,4119.0,10620.0,136.2,6,Syn
8137.0,18650.0,2097.0,5905.0,6922,7884,7649.0,8624,17570.0,19555.0,1015.0,1837.0,136.3,6,Syn
6963.0,26112.0,1441.0,3636.0,2673,3137,4189.0,5065,10523.0,12228.0,1336.0,2900.0,136.3,6,Syn
23775.0,35719.0,3314.0,4851.0,10733,10730,14044.0,14309,37599.0,37178.0,5784.0,6223.0,136.4,6,Syn
6180.0,15140.0,68.0,3294.0,518,1338,749.0,2116,1804.0,5616.0,393.0,442.0,136.4,6,Syn
9635.0,12618.0,1920.0,3763.0,4478,4687,6216.0,6494,15404.0,15024.0,2161.0,2573.0,136.6,6,Syn
12087.0,16960.0,2037.0,4279.0,1490,1599,2350.0,2152,6468.0,5824.0,1611.0,1439.0,136.7,6,Syn
1267.0,4662.0,770.0,2214.0,913,1897,876.0,2333,1933.0,5191.0,1211.0,1304.0,136.8,6,Syn
1728.0,6288.0,442.0,1686.0,912,2960,980.0,2927,2111.0,5441.0,579.0,959.0,136.8,6,Syn
2102.0,12519.0,528.0,2403.0,3261,6689,4365.0,8662,9615.0,19064.0,1517.0,3677.0,136.8,6,Syn
15592.0,24745.0,0.0,1240.0,8067,8623,9950.0,10515,24541.0,25418.0,1006.0,2620.0,136.8,6,Syn
13129.0,30649.0,1004.0,2263.0,3518,3415,4722.0,5274,14018.0,15209.0,3843.0,4244.0,136.9,6,Syn
1507.0,7043.0,978.0,3599.0,1843,3441,2256.0,3776,5454.0,9050.0,148.0,345.0,136.9,6,Syn
8493.0,12877.0,3596.0,6507.0,2974,3149,4611.0,4702,12887.0,12306.0,2534.0,3763.0,137.0,6,Syn
95678.0,147484.0,8249.0,13478.0,6995,6622,11445.0,11438,23078.0,20774.0,9041.0,7241.0,137.0,6,Syn
2314.0,6199.0,657.0,2580.0,3518,3655,4927.0,5491,12146.0,13313.0,557.0,899.0,137.1,6,Syn
11266.0,18768.0,2348.0,3728.0,7763,7917,8449.0,8594,19302.0,19693.0,2348.0,3323.0,137.2,6,Syn
5218.0,10624.0,0.0,1071.0,2738,3931,3474.0,6062,9240.0,13561.0,2674.0,2642.0,137.2,6,Syn
5804.0,16227.0,1498.0,4045.0,2908,3179,3965.0,4475,10927.0,12881.0,1467.0,1866.0,137.2,6,Syn
6981.0,13028.0,2234.0,5097.0,3200,3588,3965.0,4282,8973.0,9246.0,1245.0,1407.0,137.3,6,Syn
16662.0,35895.0,1975.0,5565.0,8897,9908,11546.0,13690,29132.0,33645.0,1480.0,3231.0,137.4,6,Syn
5185.0,16528.0,2497.0,5849.0,4662,5694,5492.0,6629,12711.0,14905.0,0.0,1369.0,137.6,6,Syn
927.0,4034.0,588.0,2314.0,574,1159,929.0,1940,2500.0,5400.0,962.0,1542.0,137.6,6,Syn
7640.0,12264.0,3563.0,5158.0,6947,6801,8592.0,8664,17452.0,18299.0,931.0,3423.0,137.6,6,Syn
4428.0,14155.0,1773.0,4730.0,1570,2512,1836.0,2774,5179.0,7802.0,1947.0,1882.0,137.6,6,Syn
1880.0,10128.0,326.0,2303.0,608,1764,585.0,1969,1733.0,5153.0,0.0,265.0,137.6,6,Syn
211547.0,292486.0,108350.0,150132.0,32459,26420,3747.0,3315,24870.0,23145.0,24004.0,16165.0,137.6,6,Syn
7783.0,21975.0,909.0,2539.0,2651,3189,3836.0,4849,10331.0,13137.0,1450.0,2227.0,137.7,6,Syn
16405.0,32409.0,1436.0,1925.0,11079,10798,14578.0,14378,37817.0,34772.0,3864.0,4776.0,137.7,6,Syn
4615.0,9699.0,1124.0,2249.0,1890,2245,2740.0,3131,7589.0,8898.0,1693.0,1783.0,137.8,6,Syn
3068.0,16358.0,908.0,3282.0,945,1937,1075.0,3111,2623.0,6667.0,1381.0,2180.0,137.8,6,Syn
2678.0,8246.0,1114.0,3271.0,2095,2552,3194.0,4081,7539.0,9036.0,276.0,810.0,137.8,6,Syn
5899.0,18370.0,3925.0,7977.0,4599,4813,5794.0,6113,15584.0,16978.0,679.0,2094.0,137.8,6,Syn
3129.0,11738.0,987.0,3290.0,1949,2008,2699.0,2983,8100.0,9645.0,655.0,865.0,137.9,6,Syn
13513.0,28405.0,3285.0,6425.0,6334,6341,9274.0,9158,24707.0,25357.0,3382.0,3552.0,137.9,6,Syn
4772.0,13395.0,703.0,2368.0,698,1884,837.0,2194,2216.0,5257.0,1869.0,1640.0,138.0,6,Syn
4155.0,8681.0,923.0,3770.0,3110,4297,3605.0,5092,7037.0,10269.0,328.0,870.0,138.0,6,Syn
6863.0,17329.0,1407.0,3436.0,1985,2333,2887.0,3658,7066.0,8622.0,453.0,1868.0,138.2,6,Syn
11579.0,23785.0,4566.0,6259.0,2735,2550,4223.0,4369,12137.0,11734.0,1844.0,3019.0,138.3,6,Syn
6943.0,22556.0,2205.0,5013.0,4192,5136,5761.0,6688,14488.0,17390.0,209.0,1633.0,138.4,6,Syn
8310.0,14373.0,2353.0,3341.0,4966,5024,6826.0,6500,17537.0,16877.0,3736.0,3894.0,138.4,6,Syn
11393.0,12977.0,2863.0,5668.0,3869,3880,5192.0,4974,11460.0,10982.0,2024.0,2485.0,138.5,6,Syn
16041.0,28626.0,1335.0,2993.0,2724,2771,7801.0,8207,17739.0,17623.0,3802.0,9646.0,138.6,6,Syn
10567.0,14964.0,1100.0,2452.0,2896,2955,4444.0,4331,10205.0,9965.0,919.0,1428.0,138.6,6,Syn
11340.0,34735.0,829.0,2576.0,5090,5665,6094.0,6751,16591.0,18277.0,1459.0,2942.0,138.8,6,Syn
8604.0,21685.0,2238.0,4022.0,6567,7467,6853.0,8133,17326.0,19645.0,1695.0,2707.0,139.1,6,Syn
2314.0,10616.0,286.0,1930.0,488,1124,595.0,1293,1873.0,4538.0,110.0,66.0,139.1,6,Syn
4007.0,15973.0,897.0,3298.0,2642,3844,3430.0,4868,7777.0,11061.0,431.0,702.0,139.1,6,Syn
14943.0,21561.0,1762.0,3288.0,3246,3325,4933.0,5016,13362.0,13703.0,2818.0,3423.0,139.2,6,Syn
14069.0,16765.0,3072.0,4907.0,1967,2043,3929.0,4145,11994.0,10658.0,4446.0,4245.0,139.3,6,Syn
1269.0,4603.0,485.0,2396.0,771,1298,1030.0,2222,2769.0,6182.0,293.0,488.0,139.4,6,Syn
14020.0,24523.0,1622.0,3503.0,4571,4846,5907.0,6509,14417.0,15034.0,2715.0,2803.0,139.4,6,Syn
9991.0,12986.0,1429.0,4150.0,6225,6626,7824.0,7956,22111.0,21282.0,5929.0,6052.0,139.4,6,Syn
1980.0,10307.0,600.0,1775.0,2847,4862,3699.0,6297,9587.0,15740.0,565.0,920.0,139.5,6,Syn
10643.0,22931.0,2796.0,6531.0,11621,13035,13616.0,15450,30455.0,32420.0,4341.0,4859.0,139.5,6,Syn
6231.0,18952.0,3029.0,6712.0,2863,5089,3528.0,7014,10477.0,18842.0,3438.0,4154.0,139.6,6,Syn
1561.0,9502.0,877.0,4571.0,1890,4855,2615.0,6812,6357.0,17704.0,147.0,777.0,139.6,6,Syn
11562.0,14722.0,2446.0,3659.0,5688,5652,6336.0,6570,16660.0,16682.0,2575.0,3640.0,139.6,6,Syn
11361.0,24607.0,1817.0,2660.0,4556,4908,6311.0,6892,17246.0,17300.0,1827.0,3921.0,139.6,6,Syn
7699.0,18810.0,1513.0,3078.0,2742,3385,4410.0,5928,11464.0,14617.0,2531.0,3317.0,139.7,6,Syn
3250.0,7856.0,195.0,1553.0,708,2047,1131.0,3568,2522.0,7831.0,431.0,1395.0,139.7,6,Syn
2059.0,8077.0,844.0,3239.0,1810,2872,2612.0,4143,7731.0,11678.0,129.0,1820.0,139.7,6,Syn
2383.0,8616.0,470.0,2890.0,726,1832,686.0,2291,2084.0,5977.0,88.0,123.0,139.7,6,Syn
18126.0,23151.0,3436.0,7088.0,9417,9065,11641.0,12044,27963.0,26740.0,5462.0,5918.0,139.8,6,Syn
9830.0,24261.0,4859.0,8799.0,9413,10275,12040.0,13133,28305.0,30135.0,2070.0,3531.0,139.9,6,Syn
3501.0,13132.0,1522.0,4033.0,5330,6944,5353.0,6898,11716.0,14464.0,135.0,688.0,139.9,6,Syn
6088.0,10192.0,2099.0,4127.0,2912,2902,3842.0,3970,10605.0,10665.0,896.0,1090.0,140.0,6,Syn
5174.0,11479.0,2349.0,4319.0,4173,3892,5535.0,5700,14084.0,13071.0,1565.0,3113.0,140.0,6,Syn
14054.0,18544.0,3223.0,7088.0,4949,4759,6735.0,6759,19214.0,18649.0,3520.0,3353.0,140.0,6,Syn
11856.0,21196.0,2032.0,3678.0,3535,3172,5124.0,5002,13404.0,12844.0,960.0,1698.0,140.1,6,Syn
8813.0,20897.0,1785.0,3729.0,2974,2951,3595.0,3672,10784.0,11087.0,2867.0,3035.0,140.3,6,Syn
8653.0,20829.0,1836.0,4680.0,3575,4062,4873.0,5732,14802.0,16597.0,1746.0,2352.0,140.4,6,Syn
3831.0,13204.0,660.0,2731.0,922,2336,1169.0,2666,3207.0,6833.0,708.0,945.0,140.4,6,Syn
3864.0,8212.0,576.0,2193.0,499,1570,857.0,2503,2595.0,5502.0,2561.0,3184.0,140.4,6,Syn
2778.0,16981.0,544.0,3325.0,2443,4267,3138.0,5399,7292.0,12774.0,422.0,870.0,140.4,6,Syn
12012.0,22839.0,1234.0,1999.0,5520,5632,7499.0,8029,17993.0,18187.0,4728.0,4035.0,140.4,6,Syn
8502.0,9069.0,976.0,2915.0,2729,2686,3507.0,4074,9831.0,9112.0,2932.0,2670.0,140.5,6,Syn
1398.0,7177.0,1889.0,6260.0,1662,2651,2016.0,3446,6188.0,9741.0,506.0,1540.0,140.5,6,Syn
7022.0,9523.0,2626.0,4166.0,5447,5498,6740.0,6993,16886.0,15995.0,2344.0,2955.0,140.6,6,Syn
5538.0,13185.0,1311.0,3423.0,2292,2988,3171.0,3653,9698.0,11730.0,688.0,2515.0,140.7,6,Syn
4570.0,16056.0,1311.0,3377.0,2785,3441,3918.0,4907,10298.0,12294.0,1669.0,2550.0,140.8,6,Syn
17722.0,35601.0,1925.0,4722.0,7953,8690,10306.0,10820,23004.0,23762.0,2737.0,4035.0,141.0,6,Syn
8500.0,12501.0,1282.0,3093.0,5742,5726,8354.0,8433,21267.0,20204.0,2645.0,5222.0,141.1,6,Syn
50880.0,84486.0,39305.0,63229.0,8568,8071,11704.0,11087,32889.0,31746.0,9665.0,9424.0,141.4,6,Syn
7395.0,17882.0,1979.0,3004.0,2696,2611,3095.0,2881,8720.0,8520.0,889.0,1307.0,141.4,6,Syn
2425.0,11200.0,1598.0,5334.0,2893,4321,3737.0,5763,9084.0,14024.0,0.0,0.0,141.4,6,Syn
10739.0,12130.0,2870.0,3897.0,2868,3042,4327.0,4324,8681.0,8930.0,2935.0,1813.0,141.4,6,Syn
12736.0,26064.0,2686.0,5074.0,7414,7852,10171.0,10422,28418.0,28582.0,7438.0,7164.0,141.5,6,Syn
29678.0,47467.0,1556.0,2968.0,7440,7098,10564.0,10443,25993.0,25667.0,3872.0,4903.0,141.5,6,Syn
2175.0,8380.0,37.0,998.0,1543,1976,2064.0,2693,5085.0,6738.0,480.0,1450.0,141.5,6,Syn
9104.0,17125.0,1148.0,5471.0,1586,3747,1507.0,4471,5148.0,11079.0,3554.0,3852.0,141.5,6,Syn
16763.0,27784.0,3026.0,8062.0,6018,7815,6490.0,8758,15599.0,20763.0,440.0,874.0,141.5,6,Syn
2821.0,11291.0,1026.0,2483.0,4279,4951,5492.0,6301,15908.0,18222.0,339.0,1392.0,142.2,6,Syn
13727.0,28646.0,1641.0,3054.0,5229,5364,7543.0,7966,18177.0,18719.0,2675.0,3108.0,142.3,6,Syn
4606.0,11533.0,556.0,2161.0,2036,2235,2509.0,2961,6904.0,8529.0,224.0,591.0,142.3,6,Syn
12377.0,27051.0,781.0,4216.0,1431,3198,2316.0,4752,5960.0,10638.0,2920.0,2753.0,142.4,6,Syn
5673.0,13898.0,1716.0,4340.0,4716,5398,5963.0,6812,11926.0,13286.0,747.0,1377.0,142.4,6,Syn
3805.0,10428.0,1409.0,4355.0,2322,3228,3234.0,4563,8718.0,11924.0,0.0,0.0,142.5,6,Syn
4010.0,24171.0,1457.0,6667.0,894,2192,1419.0,3696,4219.0,11601.0,1193.0,3201.0,142.5,6,Syn
3898.0,10651.0,1677.0,3240.0,1374,1533,2045.0,2668,7077.0,10272.0,3146.0,3755.0,142.5,6,Syn
3932.0,11420.0,631.0,2544.0,2758,3431,3709.0,4277,8650.0,10017.0,0.0,304.0,142.6,6,Syn
12534.0,20065.0,2125.0,4145.0,6960,6710,8392.0,8767,20748.0,20475.0,3098.0,4039.0,142.6,6,Syn
28614.0,49123.0,12019.0,19703.0,10222,10166,11512.0,11530,27811.0,28022.0,2534.0,5677.0,142.7,6,Syn
132342.0,176199.0,81273.0,112422.0,5628,5534,8866.0,8589,29885.0,27203.0,9342.0,7527.0,142.7,6,Syn
6158.0,19528.0,3246.0,5352.0,3268,3405,3746.0,3962,9356.0,9625.0,755.0,1638.0,142.8,6,Syn
16641.0,36569.0,2128.0,3732.0,5229,5193,7649.0,7877,21559.0,22303.0,3040.0,5405.0,142.9,6,Syn
14228.0,28324.0,2401.0,4835.0,3168,3209,8007.0,8134,21417.0,20742.0,5588.0,6979.0,143.1,6,Syn
7473.0,19386.0,6830.0,11835.0,3904,4369,6130.0,7265,17092.0,20709.0,5527.0,4684.0,143.1,6,Syn
5301.0,10892.0,2796.0,4892.0,2512,2798,3775.0,3934,8801.0,9811.0,1137.0,1855.0,143.1,6,Syn
7167.0,15016.0,1309.0,3193.0,5178,5508,6216.0,6644,13239.0,14302.0,1263.0,1788.0,143.2,6,Syn
7703.0,14366.0,983.0,2684.0,4053,4485,5638.0,6040,13503.0,13061.0,1723.0,2089.0,143.2,6,Syn
8109.0,17687.0,2270.0,3557.0,5830,6070,7420.0,7637,19672.0,19220.0,1792.0,2791.0,143.3,6,Syn
10570.0,20925.0,3319.0,5742.0,3684,4031,5550.0,5966,14145.0,14542.0,3241.0,3381.0,143.3,6,Syn
1690.0,5077.0,872.0,1932.0,3216,3332,4491.0,4701,10631.0,11217.0,1489.0,2362.0,143.4,6,Syn
9220.0,18866.0,3330.0,5317.0,5359,5792,6848.0,7038,17135.0,17456.0,1269.0,2677.0,143.5,6,Syn
17639.0,28245.0,1996.0,2895.0,7307,7185,9983.0,9859,25709.0,23679.0,5684.0,6045.0,143.5,6,Syn
11902.0,19285.0,2229.0,4046.0,2622,3031,3987.0,4489,11868.0,12880.0,3700.0,4154.0,143.6,6,Syn
3687.0,11030.0,1129.0,4045.0,2778,3746,4055.0,5340,9359.0,12256.0,605.0,710.0,143.6,6,Syn
12570.0,23247.0,4624.0,8570.0,4408,3924,6645.0,6751,17573.0,19180.0,3089.0,3982.0,143.6,6,Syn
504.0,1916.0,602.0,1874.0,640,2035,913.0,3056,1955.0,7424.0,302.0,930.0,143.9,6,Syn
31144.0,48284.0,2919.0,4059.0,8345,8354,9630.0,9807,31097.0,30244.0,5053.0,6561.0,143.9,6,Syn
91148.0,121727.0,49146.0,75274.0,10711,9363,14420.0,12513,41339.0,35600.0,11855.0,9025.0,143.9,6,Syn
11141.0,17821.0,1464.0,2818.0,4678,4158,6446.0,6200,16409.0,15713.0,4729.0,3085.0,143.9,6,Syn
5103.0,15548.0,1014.0,3423.0,2476,3920,3699.0,5464,10328.0,12985.0,1710.0,3711.0,144.0,6,Syn
4053.0,19147.0,494.0,2954.0,648,1869,892.0,2780,2590.0,6339.0,0.0,575.0,144.0,6,Syn
1237.0,3268.0,1946.0,4390.0,3195,4167,4128.0,5436,10618.0,13455.0,586.0,1116.0,144.0,6,Syn
13627.0,35707.0,2789.0,5560.0,4281,4734,5514.0,5653,17293.0,17880.0,2569.0,2576.0,144.1,6,Syn
3306.0,10050.0,1325.0,3271.0,2359,2832,3058.0,3799,7305.0,9142.0,1260.0,1722.0,144.2,6,Syn
3414.0,13352.0,1234.0,4200.0,995,1310,2176.0,2890,6369.0,8742.0,643.0,1438.0,144.2,6,Syn
16118.0,36088.0,1064.0,2337.0,11125,12132,14149.0,15195,31959.0,33257.0,3213.0,4326.0,144.2,6,Syn
17098.0,20906.0,3043.0,3636.0,6092,5806,7984.0,7739,20408.0,20386.0,3691.0,3088.0,144.2,6,Syn
1346.0,7491.0,1261.0,4524.0,1297,2034,1811.0,2916,4309.0,6892.0,12.0,614.0,144.3,6,Syn
4789.0,8746.0,789.0,2033.0,638,1188,586.0,1348,1182.0,4317.0,91.0,338.0,144.3,6,Syn
5699.0,9678.0,3287.0,5198.0,2257,2388,3775.0,3913,9172.0,9588.0,772.0,1973.0,144.3,6,Syn
3871.0,16216.0,1376.0,4727.0,5725,7109,6201.0,7462,15695.0,18741.0,858.0,1896.0,144.4,6,Syn
12890.0,19708.0,5297.0,8290.0,6187,6301,8099.0,7643,20696.0,18883.0,4799.0,3005.0,144.4,6,Syn
2098.0,6627.0,1853.0,3688.0,1704,3009,2017.0,4108,5625.0,9934.0,2031.0,2108.0,144.5,6,Syn
4660.0,15767.0,1642.0,4413.0,1078,2441,1000.0,3048,2251.0,6814.0,130.0,319.0,144.5,6,Syn
2540.0,9581.0,1038.0,3074.0,1830,3373,2200.0,4388,4795.0,9879.0,846.0,2177.0,144.7,6,Syn
8688.0,16448.0,2550.0,4103.0,3647,3757,5512.0,5680,15197.0,16165.0,2189.0,3368.0,144.7,6,Syn
16257.0,29118.0,5002.0,8507.0,6214,7302,8137.0,8441,21130.0,22098.0,1865.0,3292.0,144.7,6,Syn
3741.0,11715.0,2456.0,4981.0,4361,5058,5230.0,5901,14422.0,16696.0,541.0,1094.0,145.1,6,Syn
7489.0,19813.0,2672.0,5865.0,3330,3619,4641.0,5268,11571.0,12595.0,550.0,1837.0,145.2,6,Syn
10995.0,19590.0,4941.0,6647.0,2857,2928,3678.0,3704,11211.0,11389.0,3142.0,3477.0,145.5,6,Syn
12223.0,11490.0,2008.0,3128.0,7952,7363,9290.0,9125,20885.0,20463.0,3183.0,2311.0,145.5,6,Syn
14490.0,23289.0,3130.0,4245.0,6078,5919,8039.0,7901,18907.0,18666.0,1429.0,2674.0,145.7,6,Syn
12435.0,19469.0,2454.0,4110.0,4471,4190,6032.0,6313,17665.0,17879.0,4326.0,4173.0,145.9,6,Syn
9934.0,22148.0,2248.0,6050.0,4936,5447,6898.0,7751,19658.0,20735.0,874.0,2860.0,145.9,6,Syn
1937.0,10325.0,533.0,2778.0,1555,2295,2266.0,3491,5577.0,8727.0,705.0,1678.0,146.0,6,Syn
10610.0,20923.0,3601.0,4418.0,6602,6925,7985.0,8026,17055.0,17534.0,2724.0,2223.0,146.0,6,Syn
572.0,2813.0,906.0,3653.0,469,1258,712.0,2012,1957.0,6249.0,681.0,1534.0,146.1,6,Syn
24889.0,45828.0,2226.0,5126.0,7182,8212,10425.0,10756,27228.0,26349.0,3752.0,6250.0,146.1,6,Syn
4329.0,8624.0,2870.0,5253.0,4711,5080,4431.0,4502,10600.0,10666.0,1210.0,1870.0,146.2,6,Syn
3550.0,9212.0,1306.0,2893.0,2065,2187,3437.0,3967,7586.0,8741.0,743.0,881.0,146.2,6,Syn
2598.0,13426.0,1126.0,3482.0,5712,11805,6681.0,13619,16491.0,30663.0,1295.0,3859.0,146.2,6,Syn
4022.0,13127.0,2485.0,6210.0,2429,2741,3187.0,3627,7106.0,7759.0,985.0,896.0,146.2,6,Syn
957.0,3550.0,271.0,1306.0,459,1184,680.0,1941,2133.0,5691.0,1088.0,1573.0,146.3,6,Syn
1176.0,5658.0,576.0,2776.0,1469,2811,1649.0,3432,4252.0,9835.0,79.0,424.0,146.3,6,Syn
8996.0,21607.0,1349.0,3974.0,3455,3323,4963.0,5294,14027.0,15804.0,2563.0,3423.0,146.3,6,Syn
16818.0,34700.0,1719.0,2922.0,3810,4121,5604.0,5447,17304.0,16078.0,4294.0,4760.0,146.3,6,Syn
66547.0,93001.0,64260.0,99157.0,6908,6964,9986.0,10058,29696.0,28276.0,4454.0,10008.0,146.6,6,Syn
22049.0,46633.0,3045.0,6643.0,7603,7975,9778.0,11003,28524.0,30839.0,3172.0,5352.0,146.7,6,Syn
4111.0,9401.0,2040.0,5032.0,2817,3303,4059.0,4708,10822.0,12216.0,731.0,1141.0,146.8,6,Syn
3622.0,8742.0,0.0,411.0,995,1689,1387.0,3108,3408.0,7979.0,258.0,402.0,146.8,6,Syn
4431.0,12256.0,2682.0,4838.0,6023,7075,7139.0,7799,16546.0,18979.0,530.0,1681.0,146.8,6,Syn
3934.0,11060.0,2705.0,5629.0,2075,3140,2653.0,3712,6952.0,9561.0,2643.0,2831.0,146.9,6,Syn
8520.0,13511.0,2099.0,4485.0,6494,6134,9011.0,8985,21190.0,20501.0,3777.0,5987.0,147.0,6,Syn
1762.0,9449.0,825.0,3866.0,1332,3314,1985.0,4541,4724.0,11543.0,76.0,568.0,147.1,6,Syn
5124.0,11817.0,281.0,1416.0,1493,3262,2205.0,4655,5298.0,11214.0,351.0,540.0,147.1,6,Syn
37821.0,57149.0,3815.0,6046.0,8161,7805,12296.0,12337,34927.0,35530.0,7932.0,9554.0,147.2,6,Syn
17941.0,17634.0,2291.0,3160.0,3049,2694,5200.0,4835,13035.0,13711.0,1711.0,2683.0,147.3,6,Syn
2614.0,11338.0,1191.0,3099.0,3467,4581,4372.0,5993,9252.0,12780.0,454.0,1068.0,147.3,6,Syn
10084.0,17396.0,1982.0,3119.0,1031,2704,952.0,3195,1912.0,5990.0,0.0,530.0,147.3,6,Syn
12190.0,19833.0,4296.0,6868.0,4779,4974,6645.0,6874,15428.0,16655.0,3861.0,2716.0,147.3,6,Syn
15995.0,22788.0,2808.0,4595.0,6512,6766,8099.0,8097,18808.0,18288.0,2117.0,3944.0,147.3,6,Syn
1633.0,7519.0,762.0,2203.0,2498,4731,2935.0,5407,7403.0,12097.0,693.0,2058.0,147.7,6,Syn
3787.0,21697.0,339.0,2224.0,1251,3894,1478.0,4437,3732.0,10027.0,165.0,170.0,147.7,6,Syn
12723.0,27321.0,1872.0,3603.0,4176,4538,6217.0,6588,17747.0,17797.0,893.0,3694.0,147.7,6,Syn
13156.0,22358.0,1531.0,2848.0,4646,5258,5490.0,5325,14129.0,13744.0,2082.0,2218.0,147.8,6,Syn
5976.0,12105.0,3029.0,5948.0,4777,4580,5923.0,5935,15787.0,16123.0,577.0,2626.0,147.8,6,Syn
12599.0,33574.0,2065.0,5121.0,2168,2264,5737.0,6286,15613.0,17464.0,3773.0,7365.0,147.8,6,Syn
3936.0,13818.0,732.0,2345.0,1218,2841,1353.0,3394,3427.0,7910.0,2189.0,2223.0,147.9,6,Syn
7192.0,15380.0,168.0,2132.0,3244,5697,3917.0,6148,7421.0,13425.0,811.0,2367.0,147.9,6,Syn
12776.0,17449.0,4414.0,7202.0,1646,1702,3099.0,3159,9556.0,10322.0,3265.0,2322.0,148.0,6,Syn
3648.0,17369.0,1366.0,5319.0,1809,1854,2724.0,3264,6357.0,6870.0,0.0,295.0,148.1,6,Syn
762.0,4387.0,727.0,2707.0,2127,4248,2277.0,5012,4715.0,9966.0,161.0,458.0,148.1,6,Syn
2696.0,17419.0,631.0,3905.0,1443,3235,1934.0,4602,5379.0,13473.0,580.0,2055.0,148.1,6,Syn
4193.0,8046.0,1290.0,3614.0,937,2783,1470.0,4001,4568.0,11953.0,217.0,509.0,148.1,6,Syn
8860.0,12167.0,559.0,3034.0,2746,3168,3194.0,4288,7505.0,9769.0,2240.0,2502.0,148.1,6,Syn
19978.0,39505.0,5022.0,7831.0,4970,4449,6539.0,6416,19449.0,19445.0,5232.0,5552.0,148.1,6,Syn
7258.0,14447.0,595.0,2059.0,1526,3233,2137.0,4415,5588.0,12134.0,1809.0,1771.0,148.2,6,Syn
4464.0,7967.0,0.0,3119.0,1489,3166,1656.0,4137,4379.0,10987.0,919.0,1588.0,148.2,6,Syn
2818.0,15984.0,1368.0,6165.0,2619,5102,3484.0,6790,8996.0,17322.0,436.0,2538.0,148.3,6,Syn
2973.0,8397.0,908.0,4994.0,1365,3935,1818.0,5137,4283.0,13394.0,174.0,412.0,148.3,6,Syn
9966.0,17444.0,2262.0,4693.0,3144,3146,5167.0,5473,16759.0,17230.0,4492.0,4879.0,148.4,6,Syn
11723.0,18192.0,3314.0,4143.0,4457,5120,6539.0,7309,16517.0,17926.0,3146.0,3422.0,148.6,6,Syn
5172.0,11976.0,3278.0,8226.0,4862,5797,6593.0,7626,14777.0,16601.0,562.0,2876.0,148.6,6,Syn
4536.0,16206.0,1007.0,3392.0,3591,4368,4303.0,5550,10517.0,12838.0,1584.0,3041.0,148.7,6,Syn
4545.0,14438.0,1452.0,3303.0,2755,4038,3570.0,5371,9149.0,14010.0,2052.0,2399.0,148.8,6,Syn
978.0,6610.0,641.0,3183.0,1444,3758,1523.0,4593,4037.0,12345.0,513.0,1713.0,148.8,6,Syn
19516.0,32134.0,3953.0,5381.0,5837,5607,8827.0,8892,25182.0,24472.0,4171.0,6719.0,148.8,6,Syn
4342.0,14135.0,688.0,3333.0,873,2195,1438.0,3220,3854.0,7545.0,1836.0,2228.0,148.9,6,Syn
31254.0,43987.0,5254.0,4824.0,2860,2593,6065.0,6254,18512.0,19563.0,10743.0,10571.0,149.0,6,Syn
46789.0,77682.0,3108.0,5792.0,5405,5184,9024.0,8948,27750.0,26367.0,10859.0,7795.0,149.0,6,Syn
975.0,4163.0,161.0,1161.0,1435,2124,2098.0,3243,5690.0,9123.0,688.0,983.0,149.0,6,Syn
1396.0,8517.0,772.0,3444.0,1764,2754,2195.0,3556,4937.0,7802.0,594.0,1213.0,149.0,6,Syn
24545.0,52114.0,4015.0,6980.0,6000,6240,7704.0,8064,22229.0,22610.0,3359.0,5523.0,149.0,6,Syn
496.0,2765.0,513.0,2281.0,1496,3484,1573.0,4278,4164.0,11138.0,504.0,1603.0,149.5,6,Syn
18040.0,33530.0,4040.0,7633.0,8179,8427,12302.0,13088,28897.0,31273.0,2985.0,5048.0,149.5,6,Syn
5012.0,11098.0,1414.0,2825.0,2580,3060,3248.0,3581,8314.0,9193.0,781.0,1573.0,149.6,6,Syn
1159.0,6069.0,975.0,3460.0,1589,2500,1791.0,2846,4761.0,7655.0,148.0,786.0,149.6,6,Syn
2822.0,11754.0,1411.0,4094.0,5307,8104,5887.0,8983,13235.0,20169.0,0.0,2353.0,149.6,6,Syn
10197.0,22742.0,3464.0,6579.0,5141,5613,6494.0,6876,15413.0,14983.0,822.0,2740.0,149.7,6,Syn
4525.0,11878.0,1745.0,4198.0,4414,5361,5942.0,7112,15524.0,19099.0,743.0,2699.0,149.8,6,Syn
7388.0,14994.0,1512.0,4676.0,3182,3361,4303.0,4249,10695.0,10608.0,1807.0,2464.0,149.9,6,Syn
1243.0,7721.0,1206.0,5102.0,1689,3052,2069.0,3725,5485.0,10302.0,764.0,1397.0,150.0,6,Syn
31263.0,43749.0,2525.0,5970.0,6741,6424,8524.0,8786,23251.0,22679.0,5053.0,5994.0,150.0,6,Syn
11579.0,15758.0,3381.0,5048.0,2260,2332,3286.0,2839,9896.0,9715.0,2549.0,1729.0,150.0,6,Syn
7187.0,11227.0,2020.0,3111.0,4015,3644,5309.0,5452,16096.0,15109.0,2503.0,3533.0,150.2,6,Syn
7198.0,15698.0,2796.0,5201.0,3271,3471,4922.0,4997,11717.0,12468.0,2000.0,2666.0,150.2,6,Syn
9799.0,17915.0,3476.0,7174.0,1499,1588,3772.0,3990,9570.0,9773.0,3832.0,3447.0,150.3,6,Syn
4008.0,15578.0,1342.0,2701.0,1513,3862,2449.0,5514,6431.0,12586.0,2123.0,2257.0,150.3,6,Syn
3559.0,9948.0,966.0,3356.0,2407,4107,3558.0,5910,8558.0,13602.0,507.0,532.0,150.3,6,Syn
16882.0,22942.0,4411.0,6744.0,9346,8774,11067.0,10865,26812.0,25710.0,4030.0,6051.0,150.3,6,Syn
2344.0,13115.0,1704.0,8488.0,1069,2969,1529.0,4290,3688.0,10716.0,1109.0,2497.0,150.4,6,Syn
1545.0,9557.0,2154.0,8851.0,2370,4081,3506.0,6083,8780.0,15520.0,0.0,83.0,150.4,6,Syn
21564.0,24992.0,2519.0,4491.0,3569,3514,5505.0,5165,14466.0,13695.0,4686.0,4251.0,150.4,6,Syn
13384.0,17603.0,1381.0,2658.0,3430,3016,4211.0,4508,10954.0,11071.0,3463.0,3082.0,150.5,6,Syn
7070.0,15713.0,1282.0,2614.0,1795,2871,3136.0,3815,8552.0,10747.0,2703.0,2919.0,150.5,6,Syn
22440.0,32221.0,8809.0,12123.0,7155,7025,9923.0,9744,28401.0,26885.0,8080.0,6486.0,150.6,6,Syn
5124.0,10027.0,1733.0,4362.0,3810,4371,4281.0,5010,9482.0,10049.0,1986.0,1823.0,150.8,6,Syn
16579.0,25454.0,13983.0,24294.0,5960,6064,9305.0,9621,27298.0,26789.0,5179.0,7680.0,150.9,6,Syn
23938.0,35254.0,5479.0,7871.0,3512,3264,5230.0,5393,16987.0,17162.0,4709.0,6013.0,150.9,6,Syn
5250.0,11083.0,3232.0,5951.0,3065,3310,4217.0,5070,9260.0,10735.0,606.0,1356.0,151.2,6,Syn
3032.0,6911.0,1438.0,2809.0,1830,1909,2467.0,2634,6435.0,6797.0,1014.0,2065.0,151.3,6,Syn
29068.0,54547.0,6401.0,9617.0,8563,7945,10388.0,10153,26874.0,25821.0,5038.0,6979.0,151.5,6,Syn
6761.0,17263.0,1795.0,5636.0,2950,4996,4227.0,6567,9590.0,15536.0,0.0,546.0,151.5,6,Syn
3390.0,13025.0,1071.0,5127.0,2292,2916,3320.0,4603,7845.0,10805.0,1007.0,1429.0,151.6,6,Syn
10929.0,25106.0,1666.0,3922.0,4031,4489,6021.0,6725,15654.0,17720.0,1239.0,2446.0,151.7,6,Syn
1039.0,3317.0,346.0,1739.0,3690,4304,4305.0,5230,10465.0,12776.0,103.0,901.0,151.7,6,Syn
11217.0,25090.0,1247.0,3133.0,4385,4758,6232.0,6436,16372.0,16556.0,4288.0,5693.0,151.7,6,Syn
6855.0,17372.0,2020.0,4295.0,5827,5979,5992.0,6433,11093.0,11818.0,667.0,1186.0,151.8,6,Syn
6115.0,9678.0,2337.0,4311.0,1637,2664,2656.0,4151,7320.0,10979.0,1953.0,1768.0,151.9,6,Syn
8694.0,13143.0,1953.0,4421.0,2443,2702,3217.0,3911,8684.0,9406.0,1717.0,1924.0,151.9,6,Syn
8924.0,16964.0,1344.0,3729.0,7953,8712,7223.0,7960,12559.0,13393.0,784.0,1322.0,151.9,6,Syn
4129.0,16180.0,1694.0,4503.0,2362,3417,3478.0,5494,8640.0,13240.0,1524.0,2840.0,151.9,6,Syn
681.0,4293.0,92.0,1655.0,626,2014,809.0,2977,2034.0,7974.0,459.0,811.0,151.9,6,Syn
18749.0,36358.0,4892.0,8807.0,5215,5415,7545.0,7599,21761.0,21887.0,2324.0,6569.0,152.0,6,Syn
1186.0,6694.0,288.0,2139.0,663,1799,889.0,2537,2561.0,7395.0,1716.0,3465.0,152.1,6,Syn
1470.0,8050.0,830.0,2853.0,2371,3879,3004.0,4889,7492.0,12328.0,586.0,1043.0,152.1,6,Syn
13969.0,29116.0,1606.0,4102.0,3597,3790,4735.0,4662,15746.0,16762.0,3303.0,4309.0,152.1,6,Syn
2197.0,9878.0,545.0,2337.0,477,950,472.0,1140,1853.0,4771.0,633.0,1290.0,152.3,6,Syn
8793.0,15589.0,2585.0,5477.0,4620,4926,6627.0,7064,16085.0,17048.0,550.0,2104.0,152.4,6,Syn
12147.0,24347.0,4526.0,8495.0,7647,7896,11462.0,11796,26256.0,26965.0,6511.0,6196.0,152.8,6,Syn
3431.0,8487.0,2670.0,6151.0,2785,4181,4009.0,5914,8677.0,12874.0,2295.0,3073.0,152.8,6,Syn
11774.0,18337.0,1834.0,3732.0,2440,2562,3973.0,4381,11520.0,12191.0,1363.0,2215.0,152.9,6,Syn
7725.0,12558.0,2044.0,4538.0,9752,10040,13667.0,13906,25704.0,19341.0,7157.0,5378.0,152.9,6,Syn
11661.0,17593.0,6572.0,7976.0,6256,6934,8187.0,8676,22600.0,24055.0,2198.0,2477.0,153.1,6,Syn
5940.0,20431.0,2365.0,4676.0,3677,4290,5003.0,6016,13057.0,13972.0,1210.0,1337.0,153.2,6,Syn
6569.0,12613.0,1108.0,6111.0,3120,4028,3422.0,4571,8690.0,11950.0,0.0,156.0,153.4,6,Syn
1733.0,9502.0,1302.0,4858.0,3177,7026,3607.0,8033,7021.0,15582.0,378.0,2344.0,153.4,6,Syn
2606.0,9569.0,1131.0,3694.0,2316,6458,2598.0,7352,5163.0,14422.0,633.0,1001.0,153.4,6,Syn
10305.0,15275.0,3755.0,5771.0,1426,1353,3092.0,3104,8739.0,8949.0,3280.0,3089.0,153.5,6,Syn
3221.0,9799.0,1591.0,4302.0,5301,6828,6675.0,8162,15978.0,19807.0,1468.0,1805.0,153.5,6,Syn
9952.0,20496.0,1816.0,3088.0,5187,5141,7296.0,7463,21835.0,22593.0,1337.0,3027.0,153.8,6,Syn
2872.0,9518.0,823.0,2677.0,695,1691,800.0,1852,1929.0,4303.0,1509.0,1928.0,153.8,6,Syn
7071.0,13845.0,339.0,4202.0,1499,2041,2124.0,2877,5539.0,7285.0,63.0,542.0,153.9,6,Syn
11602.0,13861.0,3508.0,4745.0,6310,5858,8168.0,8073,19634.0,18135.0,4087.0,3036.0,153.9,6,Syn
1999.0,10624.0,1019.0,3958.0,2202,4073,3573.0,6663,9021.0,16138.0,843.0,2079.0,154.1,6,Syn
9082.0,11917.0,1800.0,2867.0,5229,5396,6825.0,7221,17688.0,18030.0,2411.0,2511.0,154.1,6,Syn
4402.0,10895.0,2543.0,5626.0,3452,3994,4813.0,5782,10781.0,12278.0,164.0,700.0,154.2,6,Syn
7931.0,18217.0,2205.0,4555.0,3464,3528,5139.0,5247,11906.0,10762.0,1994.0,2414.0,154.2,6,Syn
4998.0,13190.0,405.0,1661.0,1918,2418,2281.0,3352,5983.0,7590.0,1717.0,1275.0,154.2,6,Syn
7315.0,11901.0,2035.0,5841.0,4269,4974,5227.0,6083,12003.0,13968.0,3359.0,2972.0,154.2,6,Syn
8673.0,23073.0,1546.0,3407.0,2115,3767,2699.0,4810,6465.0,9823.0,0.0,269.0,154.3,6,Syn
6447.0,11546.0,1826.0,3837.0,2446,2611,3778.0,3827,10448.0,10531.0,1953.0,2871.0,154.4,6,Syn
19897.0,50945.0,1144.0,2822.0,10818,10953,14020.0,13977,31323.0,29659.0,6228.0,6623.0,154.5,6,Syn
102375.0,159976.0,48750.0,76552.0,4037,4579,6212.0,6479,16670.0,16036.0,4007.0,4507.0,154.5,6,Syn
46592.0,61199.0,2986.0,6266.0,3288,3096,7362.0,7249,18617.0,18501.0,4395.0,7920.0,154.5,6,Syn
820.0,5566.0,691.0,3639.0,1226,2104,1734.0,3935,5009.0,11107.0,466.0,1622.0,154.5,6,Syn
19144.0,35221.0,2846.0,4800.0,4675,4678,6293.0,5983,16663.0,15899.0,3572.0,4026.0,154.6,6,Syn
1122.0,4690.0,487.0,1896.0,611,1016,1068.0,1874,2725.0,5530.0,331.0,598.0,154.6,6,Syn
7038.0,11135.0,2015.0,2866.0,2968,3018,4287.0,4444,12673.0,13194.0,2894.0,2729.0,154.7,6,Syn
7458.0,9504.0,2245.0,4817.0,2639,2590,3497.0,3520,9020.0,9195.0,582.0,1152.0,154.7,6,Syn
2401.0,6381.0,1862.0,3684.0,1561,1901,2496.0,3249,6347.0,8121.0,1775.0,1751.0,154.8,6,Syn
7430.0,14227.0,2310.0,3720.0,1507,1452,2663.0,2647,7219.0,6710.0,1099.0,1476.0,154.8,6,Syn
2728.0,12834.0,827.0,2657.0,1088,1446,2221.0,3212,6866.0,9934.0,840.0,1988.0,155.0,6,Syn
3292.0,8605.0,4289.0,10183.0,5991,7191,6649.0,7897,16296.0,18724.0,1685.0,3801.0,155.0,6,Syn
4135.0,11063.0,382.0,1375.0,681,1654,889.0,2390,2663.0,7038.0,1616.0,1558.0,155.1,6,Syn
5849.0,17956.0,1354.0,3131.0,1652,2654,2471.0,3938,7097.0,11325.0,688.0,1459.0,155.1,6,Syn
15038.0,16735.0,3328.0,4137.0,5221,4840,5471.0,5270,14096.0,14065.0,3510.0,2983.0,155.1,6,Syn
8202.0,26614.0,1143.0,2868.0,2693,3319,3601.0,4603,8465.0,10925.0,1619.0,1907.0,155.2,6,Syn
3795.0,14287.0,1381.0,4285.0,4954,6245,6440.0,8224,15769.0,19998.0,595.0,1656.0,155.2,6,Syn
5069.0,7774.0,509.0,1922.0,456,576,537.0,1269,1714.0,4164.0,2972.0,3295.0,155.5,6,Syn
2418.0,15550.0,554.0,3126.0,423,1232,468.0,1446,1401.0,4240.0,488.0,655.0,155.5,6,Syn
2592.0,9111.0,1170.0,4465.0,2589,4016,2879.0,4451,7748.0,12390.0,1123.0,2200.0,155.5,6,Syn
19102.0,28989.0,4336.0,6596.0,7919,7983,10256.0,9886,29961.0,27233.0,6100.0,6137.0,155.6,6,Syn
11123.0,23956.0,1893.0,5377.0,4484,4706,6127.0,6322,17486.0,17792.0,668.0,2244.0,155.6,6,Syn
13989.0,17490.0,5165.0,9665.0,4251,4095,6555.0,6153,16225.0,14808.0,2587.0,4493.0,155.6,6,Syn
15952.0,24628.0,4080.0,7036.0,9601,9822,12371.0,12566,29801.0,32030.0,5216.0,5600.0,155.6,6,Syn
19234.0,32108.0,1766.0,2362.0,6285,5830,8554.0,8321,23380.0,21816.0,4933.0,4285.0,155.7,6,Syn
7911.0,16918.0,2602.0,4017.0,4055,3895,5535.0,5861,12762.0,13534.0,1264.0,2168.0,155.8,6,Syn
6670.0,11935.0,1641.0,4505.0,3481,4355,4479.0,5185,12660.0,14437.0,1625.0,2935.0,155.8,6,Syn
2102.0,6880.0,20.0,1290.0,203,845,529.0,1749,1177.0,4062.0,790.0,1211.0,155.8,6,Syn
9700.0,22206.0,3834.0,9753.0,5793,6610,7722.0,8631,19820.0,20921.0,629.0,2879.0,155.9,6,Syn
13910.0,23088.0,2761.0,4222.0,3291,3612,4875.0,5047,14923.0,14770.0,2297.0,4234.0,155.9,6,Syn
7725.0,14468.0,1084.0,2957.0,3576,4088,4521.0,5050,11653.0,12264.0,1172.0,3282.0,156.0,6,Syn
16039.0,20991.0,2004.0,4600.0,5612,5277,7359.0,7417,17650.0,18055.0,994.0,2971.0,156.2,6,Syn
13961.0,17967.0,4741.0,8683.0,4626,4189,6318.0,6096,18344.0,17731.0,2713.0,2584.0,156.6,6,Syn
6802.0,11919.0,1740.0,3785.0,6075,6322,8478.0,9062,21642.0,21611.0,2430.0,2991.0,156.6,6,Syn
6651.0,14283.0,2423.0,6102.0,3261,3761,5099.0,5314,12121.0,11351.0,1558.0,2640.0,156.7,6,Syn
3420.0,18635.0,774.0,4963.0,631,1147,1507.0,2721,4351.0,7987.0,500.0,1029.0,156.7,6,Syn
17228.0,20880.0,3771.0,7049.0,5072,5160,6993.0,7419,17230.0,18536.0,1851.0,3217.0,156.7,6,Syn
8250.0,13267.0,1227.0,4136.0,5538,5549,7218.0,7499,16888.0,15522.0,2037.0,2593.0,156.8,6,Syn
8324.0,12650.0,2008.0,4096.0,2186,2415,3692.0,3839,9331.0,10113.0,317.0,562.0,156.9,6,Syn
10792.0,28375.0,2418.0,4318.0,5956,5796,7400.0,7963,19385.0,20046.0,320.0,4583.0,157.1,6,Syn
13562.0,33151.0,2295.0,4443.0,4329,4704,5581.0,5591,15435.0,15923.0,2392.0,2451.0,157.3,6,Syn
904.0,5100.0,944.0,3327.0,1311,2354,1763.0,3264,4726.0,8742.0,288.0,1203.0,157.3,6,Syn
5987.0,13656.0,514.0,2723.0,547,1574,702.0,2174,2336.0,5696.0,2041.0,1408.0,157.3,6,Syn
1635.0,9470.0,300.0,1664.0,826,2623,1097.0,3141,2961.0,7877.0,0.0,125.0,157.3,6,Syn
12165.0,25185.0,3264.0,4222.0,3545,3707,4982.0,4887,12037.0,11481.0,3408.0,3744.0,157.5,6,Syn
57085.0,103458.0,21637.0,33081.0,12122,12630,15627.0,15864,43587.0,43762.0,7417.0,9524.0,157.6,6,Syn
1696.0,11226.0,199.0,2643.0,1094,1851,1641.0,2915,4466.0,8197.0,621.0,1824.0,157.8,6,Syn
3655.0,16900.0,1575.0,4760.0,3760,5254,4540.0,6021,10980.0,14620.0,56.0,1062.0,157.8,6,Syn
29577.0,47639.0,5975.0,7923.0,5528,5602,8611.0,8471,26900.0,26269.0,6566.0,7069.0,157.8,6,Syn
12572.0,22466.0,3170.0,6184.0,12022,12908,10196.0,10695,20909.0,19839.0,746.0,2547.0,157.8,6,Syn
5046.0,10146.0,2439.0,4285.0,3325,3095,3757.0,3661,9129.0,8826.0,2026.0,1501.0,157.8,6,Syn
4280.0,12245.0,1211.0,3163.0,6072,6217,6615.0,7156,14426.0,14427.0,0.0,2321.0,157.9,6,Syn
8157.0,13111.0,2379.0,4124.0,2561,2571,4160.0,4308,12281.0,12723.0,2298.0,1974.0,157.9,6,Syn
17925.0,22255.0,3573.0,2960.0,8831,8353,10133.0,9510,23620.0,23276.0,5705.0,5199.0,158.0,6,Syn
9443.0,22480.0,1364.0,2555.0,2168,1910,5481.0,5892,14152.0,14428.0,2671.0,3933.0,158.0,6,Syn
9141.0,16390.0,2489.0,4134.0,6956,7806,9192.0,9888,20113.0,20367.0,1944.0,4684.0,158.1,6,Syn
22559.0,18613.0,1713.0,3926.0,4513,3815,6052.0,5477,15510.0,14217.0,2053.0,3282.0,158.1,6,Syn
6622.0,18902.0,1095.0,3808.0,3388,3887,4300.0,5063,10720.0,12838.0,649.0,1743.0,158.2,6,Syn
9930.0,16132.0,1824.0,4818.0,2773,2904,3908.0,3958,9291.0,9614.0,790.0,1927.0,158.3,6,Syn
6360.0,14495.0,2765.0,6029.0,4610,5514,5364.0,6077,12750.0,14168.0,466.0,1956.0,158.3,6,Syn
9331.0,17982.0,1601.0,3006.0,5001,5399,6533.0,6965,16941.0,16664.0,2256.0,3159.0,158.3,6,Syn
8282.0,12366.0,2967.0,5677.0,3349,2992,3750.0,3797,9067.0,9487.0,2024.0,2179.0,158.3,6,Syn
11347.0,15472.0,1292.0,3508.0,1840,2060,2446.0,2907,8257.0,9499.0,1289.0,1766.0,158.5,6,Syn
8300.0,11566.0,2279.0,4241.0,4034,4062,4712.0,4791,12455.0,11025.0,2633.0,2333.0,158.6,6,Syn
17949.0,26342.0,7607.0,9803.0,3177,3123,4993.0,4932,14574.0,14850.0,5243.0,4145.0,158.6,6,Syn
7481.0,11473.0,641.0,2528.0,1932,3163,2151.0,4012,6616.0,10862.0,3703.0,2804.0,158.6,6,Syn
8125.0,17286.0,835.0,2962.0,2189,3558,2236.0,4022,6341.0,9444.0,1564.0,1707.0,158.7,6,Syn
3022.0,11473.0,1047.0,2443.0,1727,2015,2414.0,2929,5065.0,5953.0,15.0,483.0,158.7,6,Syn
10904.0,22451.0,2952.0,5782.0,2247,2677,3605.0,4501,10841.0,12673.0,2824.0,4126.0,158.7,6,Syn
1737.0,7439.0,782.0,3842.0,2226,4658,2711.0,6175,6514.0,16026.0,851.0,1240.0,158.8,6,Syn
1143.0,4785.0,580.0,2992.0,2032,3185,2685.0,4293,6835.0,11124.0,407.0,804.0,158.8,6,Syn
25023.0,49410.0,3524.0,5904.0,6684,6476,8468.0,8012,22717.0,21024.0,4480.0,5955.0,158.8,6,Syn
1511.0,10175.0,1062.0,5360.0,3167,7098,3658.0,8046,8391.0,18267.0,1085.0,1994.0,158.9,6,Syn
7908.0,12722.0,1584.0,3861.0,3037,3369,4467.0,5294,12782.0,15227.0,4284.0,5034.0,158.9,6,Syn
15676.0,18826.0,2171.0,3528.0,5006,4765,5246.0,4950,11037.0,11056.0,2408.0,2207.0,159.1,6,Syn
3036.0,13345.0,1580.0,3847.0,4853,5942,6378.0,8295,13037.0,16791.0,1564.0,1831.0,159.2,6,Syn
23416.0,26024.0,3489.0,5233.0,6202,6361,9087.0,9212,21109.0,20101.0,2698.0,3229.0,159.2,6,Syn
5436.0,12006.0,2054.0,3192.0,2621,2955,4201.0,4582,10353.0,11974.0,1947.0,2016.0,159.4,6,Syn
10666.0,23893.0,1496.0,3564.0,4059,4491,6570.0,6892,19326.0,19862.0,2563.0,6503.0,159.4,6,Syn
8904.0,20797.0,4157.0,7218.0,4855,4898,6908.0,7327,16086.0,16987.0,2581.0,3883.0,159.4,6,Syn
8339.0,19317.0,2152.0,5110.0,8791,9920,10057.0,11110,24562.0,27420.0,0.0,961.0,159.4,6,Syn
3008.0,7758.0,341.0,1408.0,1976,3009,2809.0,4184,7469.0,11314.0,0.0,462.0,159.5,6,Syn
4008.0,20266.0,1641.0,5254.0,2213,3169,2815.0,3979,5804.0,8271.0,83.0,561.0,159.5,6,Syn
594.0,2961.0,425.0,1910.0,940,2642,1388.0,3884,3577.0,10910.0,155.0,1061.0,159.8,6,Syn
107437.0,161981.0,99005.0,141508.0,10075,9918,12125.0,11922,19933.0,17715.0,3039.0,3107.0,159.8,6,Syn
4417.0,15304.0,2418.0,7287.0,1546,2691,2265.0,4019,5774.0,11608.0,1476.0,2411.0,159.8,6,Syn
5016.0,15936.0,2176.0,4516.0,3168,3777,4432.0,5175,10124.0,12054.0,459.0,1585.0,159.9,6,Syn
1032.0,6240.0,995.0,3904.0,924,1978,1581.0,3196,3679.0,7860.0,408.0,1486.0,159.9,6,Syn
1172.0,6330.0,7065.0,23519.0,4749,8884,5869.0,10190,5932.0,9853.0,717.0,2458.0,159.9,6,Syn
2673.0,13498.0,973.0,3538.0,1674,2341,2252.0,3462,5182.0,7672.0,536.0,721.0,160.0,6,Syn
2113.0,9063.0,607.0,2734.0,605,1544,662.0,2019,1359.0,3985.0,337.0,447.0,160.0,6,Syn
3584.0,17571.0,1936.0,5447.0,2002,2838,3116.0,4498,9634.0,13988.0,226.0,1579.0,160.0,6,Syn
3880.0,13581.0,1702.0,4151.0,3173,3684,4022.0,4780,9746.0,12251.0,474.0,1955.0,160.1,6,Syn
5350.0,13988.0,1992.0,4368.0,3693,3942,4565.0,4912,11597.0,12228.0,0.0,2843.0,160.1,6,Syn
2285.0,7159.0,231.0,3515.0,657,1287,684.0,1912,2050.0,5128.0,1900.0,2242.0,160.2,6,Syn
1198.0,3978.0,1084.0,3849.0,2712,2934,3813.0,4314,11053.0,13119.0,664.0,1146.0,160.2,6,Syn
3256.0,13838.0,1081.0,5611.0,1380,3146,1381.0,3439,3155.0,9276.0,0.0,1111.0,160.2,6,Syn
2129.0,12651.0,1029.0,6370.0,1683,3623,1751.0,4011,4226.0,10920.0,580.0,945.0,160.2,6,Syn
3474.0,9900.0,1160.0,3419.0,2314,3169,3231.0,4489,8726.0,12160.0,2248.0,2387.0,160.2,6,Syn
11304.0,20150.0,4003.0,6623.0,7862,8537,9252.0,9680,21346.0,21914.0,5582.0,4459.0,160.2,6,Syn
2648.0,8833.0,1292.0,3409.0,3521,4193,4201.0,4872,11310.0,12747.0,1462.0,2681.0,160.3,6,Syn
3705.0,16870.0,236.0,1870.0,898,1546,750.0,1625,2671.0,6121.0,4630.0,7147.0,160.3,6,Syn
14209.0,23281.0,3965.0,6337.0,10186,10604,12933.0,13802,34886.0,33762.0,2987.0,5836.0,160.3,6,Syn
7869.0,18001.0,935.0,2485.0,14044,14355,14333.0,14724,27491.0,27014.0,1786.0,2351.0,160.4,6,Syn
3874.0,15813.0,856.0,3300.0,3549,5671,4523.0,7157,12840.0,19942.0,2134.0,3826.0,160.4,6,Syn
4245.0,14900.0,0.0,2494.0,2975,3253,4014.0,4288,10054.0,11353.0,2452.0,2419.0,160.6,6,Syn
5723.0,10362.0,2470.0,4576.0,2908,3379,4056.0,4708,12093.0,12765.0,2170.0,2779.0,160.7,6,Syn
1000.0,6279.0,310.0,2176.0,1634,2825,2184.0,4186,5651.0,10764.0,446.0,922.0,160.7,6,Syn
16308.0,24625.0,2777.0,3567.0,6383,6325,8436.0,8321,23633.0,22056.0,3245.0,4777.0,160.7,6,Syn
8824.0,19970.0,1271.0,2946.0,2682,3107,3955.0,4534,11677.0,13012.0,857.0,3292.0,160.7,6,Syn
5642.0,21728.0,1781.0,5271.0,3392,4062,5262.0,6749,11957.0,14986.0,1353.0,2816.0,160.7,6,Syn
17457.0,21535.0,2176.0,4011.0,4429,4825,6055.0,6630,14911.0,16570.0,703.0,1928.0,160.8,6,Syn
7970.0,21881.0,585.0,1595.0,2865,2726,3937.0,3861,9391.0,9514.0,1077.0,1093.0,160.8,6,Syn
8580.0,16144.0,2785.0,4374.0,5117,5161,6472.0,6538,15824.0,16015.0,1211.0,2506.0,160.8,6,Syn
3931.0,7631.0,2736.0,5303.0,1386,1520,1813.0,2048,5509.0,6460.0,928.0,878.0,160.8,6,Syn
3695.0,9156.0,1108.0,4438.0,1187,2050,2079.0,2823,4802.0,7814.0,1182.0,1058.0,161.0,6,Syn
4686.0,21777.0,92.0,1802.0,5070,6456,5364.0,6691,11303.0,14439.0,1156.0,1552.0,161.1,6,Syn
2359.0,10269.0,1635.0,3359.0,1724,2091,2383.0,2848,7131.0,8964.0,340.0,1534.0,161.1,6,Syn
1804.0,5151.0,487.0,2722.0,1967,3277,2645.0,4343,6952.0,10122.0,1096.0,1426.0,161.1,6,Syn
5167.0,14803.0,1714.0,4729.0,2829,3067,4012.0,4348,11244.0,12010.0,963.0,2254.0,161.1,6,Syn
5239.0,19645.0,1053.0,3367.0,895,1832,1464.0,2752,4516.0,7009.0,1109.0,1560.0,161.3,6,Syn
5075.0,18864.0,300.0,1313.0,749,1608,1148.0,2574,2898.0,5653.0,567.0,1157.0,161.3,6,Syn
5290.0,18111.0,1283.0,3317.0,3925,5076,4448.0,5629,11806.0,14590.0,267.0,403.0,161.4,6,Syn
3758.0,18717.0,187.0,3300.0,530,1755,799.0,2522,1802.0,6069.0,161.0,558.0,161.4,6,Syn
7904.0,13656.0,1572.0,3437.0,4792,4364,4969.0,4942,12444.0,12027.0,1955.0,1601.0,161.5,6,Syn
11407.0,28622.0,2559.0,5200.0,6196,6727,7041.0,7987,18981.0,19983.0,3102.0,2964.0,161.6,6,Syn
30590.0,56226.0,22903.0,36836.0,7306,6949,9847.0,9491,25870.0,24094.0,6050.0,6729.0,161.8,6,Syn
1126.0,5063.0,1247.0,3261.0,2111,2872,2591.0,3567,6042.0,8498.0,212.0,720.0,161.8,6,Syn
5878.0,10674.0,422.0,1905.0,1620,3895,2183.0,5438,5818.0,14508.0,3340.0,2866.0,161.9,6,Syn
1732.0,10908.0,0.0,1041.0,1893,4551,2332.0,6228,5235.0,14399.0,611.0,1117.0,161.9,6,Syn
9592.0,13198.0,925.0,2234.0,2868,2743,3932.0,3871,9604.0,9987.0,1939.0,2665.0,162.0,6,Syn
8099.0,19986.0,938.0,2274.0,1484,2783,2500.0,4284,6974.0,10586.0,2386.0,1915.0,162.1,6,Syn
8574.0,15682.0,2501.0,4835.0,2009,2057,3163.0,3196,8223.0,8277.0,1707.0,1760.0,162.2,6,Syn
4639.0,11009.0,863.0,3383.0,1764,2025,2661.0,2975,7286.0,8837.0,808.0,956.0,162.4,6,Syn
3005.0,11939.0,959.0,3058.0,1757,2487,2522.0,3958,7594.0,11291.0,1444.0,1927.0,162.4,6,Syn
16324.0,26511.0,3891.0,6944.0,6703,7218,8928.0,9515,24038.0,25462.0,1626.0,4196.0,162.5,6,Syn
2656.0,10952.0,641.0,2721.0,785,1690,747.0,1729,1867.0,3976.0,2750.0,4142.0,162.6,6,Syn
3189.0,8981.0,1295.0,3042.0,4931,5993,5951.0,7122,13811.0,16690.0,1416.0,2056.0,162.6,6,Syn
2351.0,5491.0,1574.0,4172.0,3013,3300,3564.0,4200,8163.0,9941.0,287.0,939.0,162.6,6,Syn
1754.0,6206.0,449.0,1426.0,2223,2724,2890.0,3609,7205.0,8668.0,1599.0,2610.0,162.7,6,Syn
7034.0,12548.0,2229.0,4191.0,1348,1506,2193.0,2106,5517.0,5583.0,1798.0,1820.0,162.8,6,Syn
16746.0,32190.0,6231.0,9306.0,7935,9318,9364.0,10666,25720.0,26815.0,3426.0,3938.0,162.8,6,Syn
12504.0,16324.0,2866.0,5165.0,1813,1849,3270.0,3174,8937.0,8883.0,454.0,1243.0,162.9,6,Syn
8705.0,26583.0,2444.0,5903.0,4376,5194,5745.0,7053,14879.0,17722.0,1859.0,2947.0,163.0,6,Syn
12912.0,25648.0,1912.0,3306.0,2109,2203,4962.0,5175,12303.0,12924.0,3058.0,4255.0,163.0,6,Syn
5511.0,16483.0,1411.0,3381.0,3620,4467,5044.0,5994,15132.0,18590.0,1156.0,1957.0,163.1,6,Syn
7541.0,17973.0,1014.0,2716.0,2636,2857,4101.0,4739,11328.0,12434.0,2405.0,3003.0,163.1,6,Syn
7223.0,16632.0,803.0,2310.0,5896,6431,7066.0,7797,15580.0,15897.0,1897.0,2046.0,163.2,6,Syn
9993.0,20102.0,3793.0,5809.0,4966,5319,6763.0,7006,18080.0,18824.0,1985.0,3433.0,163.2,6,Syn
17513.0,25879.0,2633.0,3528.0,7327,7778,10169.0,9933,25991.0,26424.0,4794.0,5034.0,163.2,6,Syn
3145.0,20119.0,753.0,3060.0,3309,7013,3475.0,6826,7258.0,14165.0,170.0,828.0,163.2,6,Syn
11661.0,24819.0,2049.0,4830.0,6220,7021,7094.0,7778,16160.0,17895.0,1226.0,4070.0,163.4,6,Syn
9158.0,15999.0,1857.0,4919.0,4396,4872,5233.0,5256,11662.0,11814.0,1517.0,2200.0,163.5,6,Syn
10358.0,18682.0,1747.0,4985.0,3946,4635,4880.0,5948,11659.0,13880.0,644.0,1087.0,163.6,6,Syn
544.0,3215.0,276.0,1892.0,1103,3150,1090.0,3200,3355.0,9562.0,1091.0,2192.0,163.8,6,Syn
1560.0,10193.0,250.0,2184.0,1920,5580,1903.0,5929,4209.0,11460.0,925.0,1740.0,164.0,6,Syn
2662.0,16624.0,154.0,2181.0,958,2749,1366.0,3901,3303.0,10417.0,291.0,675.0,164.0,6,Syn
3396.0,11495.0,2130.0,4764.0,2026,2442,3681.0,4664,11217.0,14487.0,711.0,923.0,164.0,6,Syn
10169.0,35371.0,2459.0,4685.0,3708,4184,5413.0,6099,15059.0,16862.0,3704.0,3408.0,164.1,6,Syn
36044.0,32251.0,8249.0,9830.0,2667,3034,3115.0,3621,11180.0,9981.0,4463.0,3507.0,164.2,6,Syn
4909.0,14444.0,1380.0,2729.0,3733,3958,4732.0,4938,12393.0,13038.0,820.0,1431.0,164.4,6,Syn
17098.0,14178.0,2083.0,4140.0,2263,2150,3213.0,3327,8743.0,9044.0,1994.0,1571.0,164.5,6,Syn
2789.0,16138.0,1052.0,4042.0,1194,1915,2022.0,3683,5037.0,9080.0,916.0,1649.0,164.6,6,Syn
16292.0,34000.0,3745.0,6656.0,1951,2296,4356.0,4356,11957.0,11537.0,5641.0,4771.0,164.8,6,Syn
6068.0,7359.0,1630.0,3739.0,3720,3770,6506.0,6239,18804.0,18273.0,3262.0,4879.0,164.9,6,Syn
7830.0,14951.0,2672.0,6795.0,4181,4509,4754.0,5089,13942.0,14571.0,1643.0,2072.0,164.9,6,Syn
2742.0,6018.0,1349.0,3379.0,2494,2894,3567.0,3842,10565.0,12000.0,906.0,1424.0,164.9,6,Syn
1942.0,9342.0,1143.0,3366.0,1043,2331,1195.0,2984,3848.0,7996.0,1190.0,1991.0,164.9,6,Syn
539.0,3251.0,183.0,936.0,665,1204,848.0,2159,2152.0,4569.0,2271.0,4038.0,165.0,6,Syn
3370.0,10840.0,1316.0,5125.0,2929,3570,3415.0,4386,7733.0,9245.0,290.0,1031.0,165.1,6,Syn
2195.0,8155.0,317.0,1504.0,958,2125,1382.0,3511,3285.0,8671.0,711.0,2024.0,165.4,6,Syn
11060.0,13249.0,1690.0,4983.0,4384,4613,6440.0,6475,17398.0,18038.0,3315.0,2927.0,165.4,6,Syn
5778.0,16487.0,2650.0,5634.0,4007,6598,4549.0,7359,10423.0,15193.0,2371.0,3657.0,165.5,6,Syn
3357.0,11540.0,892.0,3265.0,1372,4728,1792.0,5489,3587.0,11304.0,574.0,746.0,165.5,6,Syn
33767.0,56963.0,8218.0,14287.0,4764,4523,12053.0,12051,30859.0,30223.0,10131.0,8771.0,165.7,6,Syn
7604.0,14672.0,4866.0,8602.0,2657,2573,4110.0,4307,10881.0,11194.0,1623.0,2547.0,166.0,6,Syn
7390.0,16079.0,1491.0,2748.0,3512,4146,4055.0,4368,11800.0,12063.0,1097.0,1428.0,166.2,6,Syn
4201.0,12855.0,521.0,1988.0,1981,2265,3014.0,3200,9374.0,10814.0,1334.0,2631.0,166.2,6,Syn
19861.0,29106.0,30824.0,47492.0,7553,6606,10508.0,10273,29496.0,28146.0,4440.0,7558.0,166.2,6,Syn
9752.0,25710.0,4329.0,8336.0,3475,3717,4889.0,5555,14167.0,16238.0,1942.0,2232.0,166.4,6,Syn
1212.0,7085.0,135.0,1066.0,1383,3195,1861.0,4932,4898.0,12395.0,235.0,1324.0,166.5,6,Syn
6098.0,14667.0,532.0,3372.0,2860,2823,4305.0,4566,11087.0,11247.0,711.0,1763.0,166.5,6,Syn
5404.0,11638.0,2331.0,4286.0,3055,3275,3760.0,3971,10396.0,11277.0,3533.0,3522.0,166.5,6,Syn
15230.0,20900.0,4095.0,5755.0,4411,4269,6163.0,6209,17626.0,15697.0,3133.0,2888.0,166.6,6,Syn
3672.0,8586.0,453.0,2768.0,1099,2661,1267.0,3119,3547.0,8635.0,1524.0,1848.0,166.6,6,Syn
2332.0,13333.0,1158.0,4025.0,2874,4432,3411.0,5280,8588.0,13311.0,1910.0,3002.0,166.6,6,Syn
3845.0,7556.0,2085.0,4719.0,1290,1317,1738.0,1797,5687.0,5754.0,773.0,984.0,166.6,6,Syn
7369.0,21367.0,1701.0,4865.0,4125,4817,5786.0,6439,12010.0,13418.0,681.0,927.0,166.6,6,Syn
4895.0,11994.0,678.0,2463.0,3385,3462,5164.0,5764,13598.0,13513.0,2049.0,2505.0,166.7,6,Syn
9190.0,13860.0,2173.0,3515.0,3246,3419,4271.0,4423,12438.0,12401.0,3128.0,2941.0,166.7,6,Syn
1169.0,6466.0,2310.0,8039.0,1422,2444,1859.0,3688,4506.0,8351.0,533.0,808.0,166.8,6,Syn
2271.0,13699.0,849.0,3858.0,1957,3678,2417.0,4737,5087.0,10448.0,121.0,761.0,166.9,6,Syn
1631.0,6797.0,1915.0,6481.0,1840,2871,2471.0,3977,6336.0,9981.0,361.0,1440.0,167.0,6,Syn
7230.0,17724.0,1155.0,1845.0,4888,4842,6125.0,6425,15550.0,15287.0,291.0,2546.0,167.2,6,Syn
2752.0,7232.0,1968.0,5031.0,3316,3756,4517.0,5255,12191.0,13282.0,1190.0,1495.0,167.4,6,Syn
8944.0,17500.0,2732.0,3847.0,6591,6719,7812.0,7879,20514.0,22291.0,3232.0,4362.0,167.6,6,Syn
6535.0,18322.0,1955.0,4928.0,3849,4201,5613.0,6307,15212.0,17008.0,1041.0,2838.0,168.0,6,Syn
9639.0,20145.0,2454.0,4696.0,8051,8135,10744.0,11465,24957.0,26330.0,1810.0,4678.0,168.2,6,Syn
5306.0,10193.0,2392.0,4145.0,2042,1969,3550.0,3839,10594.0,10778.0,1311.0,2614.0,168.4,6,Syn
25016.0,40847.0,3518.0,5311.0,12275,12115,15811.0,15833,36235.0,33148.0,5395.0,6165.0,168.4,6,Syn
9306.0,14078.0,1023.0,2812.0,6280,6675,7347.0,7622,17938.0,16931.0,4686.0,3301.0,168.5,6,Syn
4378.0,15039.0,1814.0,4757.0,2495,3050,3100.0,3965,8536.0,11212.0,0.0,60.0,168.5,6,Syn
5982.0,12346.0,1084.0,2761.0,1191,1277,2704.0,2972,7740.0,8017.0,1197.0,2679.0,168.6,6,Syn
5301.0,14929.0,298.0,1848.0,2257,3060,2814.0,3960,6696.0,10091.0,749.0,2349.0,168.7,6,Syn
11906.0,28544.0,712.0,2357.0,4104,4196,5754.0,6052,13812.0,13658.0,430.0,1415.0,168.7,6,Syn
18789.0,36283.0,3896.0,6117.0,2044,1872,4615.0,4896,14772.0,14241.0,5915.0,4509.0,168.8,6,Syn
3724.0,18249.0,2209.0,7196.0,2558,3849,3516.0,5389,10658.0,16741.0,1351.0,2745.0,169.1,6,Syn
9130.0,25808.0,2595.0,5072.0,6035,6574,7426.0,7710,19490.0,19733.0,2853.0,3610.0,169.2,6,Syn
19856.0,30390.0,2004.0,3491.0,12395,13436,14802.0,15019,33871.0,34096.0,5095.0,4901.0,169.5,6,Syn
8231.0,18620.0,3151.0,7306.0,3864,3678,4447.0,4629,11501.0,11820.0,2213.0,2377.0,169.5,6,Syn
8489.0,21551.0,698.0,1852.0,6359,7320,7447.0,8315,19990.0,22842.0,1769.0,3438.0,169.6,6,Syn
1323.0,5992.0,367.0,1604.0,1812,2713,2383.0,3758,6264.0,9572.0,1237.0,1679.0,169.6,6,Syn
9639.0,17028.0,1174.0,3369.0,2400,3992,3332.0,5425,8076.0,12915.0,3019.0,3515.0,169.7,6,Syn
3367.0,8524.0,796.0,4116.0,873,1876,677.0,1951,2297.0,6111.0,2464.0,2547.0,169.8,6,Syn
2089.0,11226.0,1467.0,5057.0,1743,2603,2168.0,3273,6511.0,10230.0,1201.0,1832.0,169.8,6,Syn
24163.0,38061.0,2427.0,4261.0,7259,7833,10179.0,10329,28150.0,26378.0,4740.0,7095.0,169.9,6,Syn
2016.0,12334.0,962.0,3583.0,2708,5833,3395.0,7864,7523.0,17427.0,790.0,2520.0,169.9,6,Syn
11845.0,17982.0,4421.0,8553.0,2869,3096,3528.0,3842,10354.0,9119.0,1725.0,2771.0,170.1,6,Syn
25676.0,38690.0,3194.0,4896.0,6826,6176,8983.0,8961,23750.0,21848.0,4940.0,6010.0,170.5,6,Syn
7309.0,17977.0,3467.0,7130.0,1108,1164,2331.0,2428,7280.0,7650.0,1281.0,2491.0,170.6,6,Syn
1654.0,7708.0,44.0,1193.0,435,832,482.0,953,1606.0,4043.0,1606.0,2115.0,170.8,6,Syn
3221.0,9725.0,458.0,1890.0,2081,2661,2458.0,3468,7296.0,11142.0,536.0,1997.0,170.8,6,Syn
12506.0,21396.0,1524.0,2590.0,4990,5450,7272.0,7131,20135.0,18801.0,3571.0,3505.0,170.8,6,Syn
6090.0,7688.0,1531.0,3615.0,3364,3281,4748.0,5219,11637.0,13253.0,536.0,1090.0,170.8,6,Syn
4238.0,10644.0,1999.0,4391.0,2824,4273,3913.0,6055,9516.0,13544.0,2663.0,1849.0,170.8,6,Syn
3320.0,13870.0,884.0,2576.0,945,2098,1324.0,3394,3435.0,8904.0,1593.0,3127.0,171.0,6,Syn
34516.0,52442.0,3451.0,3401.0,5857,5782,8960.0,8827,24867.0,24739.0,8283.0,8563.0,171.0,6,Syn
9987.0,16544.0,6387.0,12747.0,8916,8944,9809.0,9861,22898.0,21779.0,1603.0,4765.0,171.0,6,Syn
9520.0,16700.0,2842.0,5185.0,5004,5198,6839.0,6977,19146.0,19086.0,2021.0,2674.0,171.1,6,Syn
4453.0,8168.0,1943.0,3409.0,2921,2930,4210.0,4296,10560.0,10839.0,2055.0,2108.0,171.2,6,Syn
224347.0,318688.0,73403.0,105854.0,7331,6997,9782.0,9913,26663.0,25799.0,6917.0,7802.0,171.2,6,Syn
1801.0,12008.0,753.0,2765.0,1339,3162,1947.0,4208,6533.0,14041.0,1121.0,3003.0,171.6,6,Syn
1090.0,5846.0,635.0,2644.0,1274,3133,1649.0,4015,4734.0,12850.0,0.0,0.0,171.6,6,Syn
9520.0,20553.0,1584.0,3658.0,4169,4442,5603.0,5741,15462.0,14714.0,293.0,2094.0,171.6,6,Syn
7886.0,15994.0,423.0,1028.0,3403,3923,4403.0,4835,12726.0,14362.0,3344.0,4151.0,171.6,6,Syn
2856.0,9948.0,1237.0,4165.0,3131,4332,3733.0,5196,9372.0,13245.0,0.0,283.0,171.7,6,Syn
11256.0,21580.0,2878.0,6554.0,6851,6946,8751.0,8740,20181.0,19888.0,1555.0,4083.0,171.8,6,Syn
6838.0,17189.0,1610.0,2551.0,3494,3690,4646.0,5082,10847.0,11398.0,1880.0,3068.0,171.9,6,Syn
13793.0,19303.0,1632.0,4285.0,4859,5206,6913.0,7119,18506.0,18457.0,2394.0,2737.0,172.0,6,Syn
11217.0,11114.0,2674.0,4422.0,4840,4878,6269.0,6247,13282.0,12470.0,3005.0,2385.0,172.1,6,Syn
5645.0,11046.0,1883.0,3672.0,2444,2686,3468.0,3839,9356.0,9380.0,1321.0,2045.0,172.1,6,Syn
6449.0,16343.0,1960.0,3924.0,3732,4010,4833.0,4997,13037.0,13706.0,1793.0,3295.0,172.1,6,Syn
12787.0,27458.0,3398.0,6334.0,6470,6496,8598.0,9100,19160.0,19952.0,0.0,2893.0,172.2,6,Syn
4000.0,16588.0,1295.0,4104.0,2761,3045,3016.0,3405,8029.0,9619.0,1433.0,1526.0,172.2,6,Syn
10600.0,10707.0,956.0,2298.0,2820,2922,5082.0,4990,12541.0,12356.0,0.0,2075.0,172.5,6,Syn
5687.0,19476.0,1912.0,5594.0,2711,2869,3736.0,4218,9505.0,10701.0,1701.0,2148.0,172.5,6,Syn
5874.0,12667.0,1622.0,3668.0,3128,3360,3756.0,4428,10402.0,13511.0,933.0,1819.0,172.5,6,Syn
1140.0,3569.0,1900.0,5191.0,1842,2415,2203.0,2880,5781.0,7393.0,1462.0,1555.0,172.7,6,Syn
4954.0,9062.0,1108.0,3310.0,2226,4601,2639.0,6456,6863.0,16978.0,2795.0,2615.0,172.7,6,Syn
3902.0,17049.0,1362.0,3605.0,3536,5361,4712.0,7491,12853.0,20179.0,437.0,480.0,172.7,6,Syn
8673.0,21329.0,2585.0,7428.0,2730,3191,3757.0,4070,11695.0,11192.0,1158.0,2265.0,173.0,6,Syn
10336.0,27261.0,2411.0,4707.0,5923,6033,7227.0,7529,18489.0,18859.0,4015.0,3568.0,173.2,6,Syn
2340.0,14080.0,393.0,1803.0,1982,4016,2607.0,5064,7499.0,13430.0,551.0,1881.0,173.3,6,Syn
558.0,3198.0,552.0,2536.0,1682,3991,2023.0,4957,4763.0,12617.0,0.0,0.0,173.3,6,Syn
5196.0,13096.0,2741.0,5968.0,5395,6342,6567.0,7568,16203.0,17823.0,1014.0,1649.0,173.3,6,Syn
7115.0,10554.0,1093.0,1880.0,5776,5969,6965.0,7197,16465.0,16547.0,1728.0,2429.0,173.3,6,Syn
15148.0,30112.0,3599.0,6211.0,2975,3019,6547.0,6262,17429.0,17279.0,8667.0,7734.0,173.4,6,Syn
11065.0,22340.0,2109.0,3341.0,3086,3048,4066.0,4222,10985.0,11197.0,106.0,2165.0,173.5,6,Syn
1876.0,10928.0,648.0,2401.0,1797,3263,2205.0,4210,5660.0,10080.0,796.0,1204.0,173.6,6,Syn
7031.0,12541.0,2351.0,2948.0,7038,7470,7793.0,8294,15104.0,15811.0,770.0,1853.0,173.8,6,Syn
1200.0,4205.0,2401.0,5468.0,3683,4559,4631.0,5674,11146.0,13226.0,384.0,2186.0,173.9,6,Syn
12392.0,22343.0,6612.0,10906.0,5561,5599,6915.0,7024,17329.0,17059.0,4110.0,4123.0,173.9,6,Syn
1166.0,6492.0,700.0,2834.0,1220,1961,1543.0,2515,3947.0,6813.0,311.0,344.0,174.1,6,Syn
7573.0,13762.0,2083.0,4792.0,5138,5825,7249.0,7604,18419.0,20464.0,1527.0,4889.0,174.1,6,Syn
27080.0,43486.0,5903.0,9422.0,2969,2768,7720.0,7507,18589.0,16885.0,7019.0,6373.0,174.1,6,Syn
2192.0,9069.0,834.0,2877.0,2148,2897,2819.0,3498,7163.0,9621.0,136.0,89.0,174.2,6,Syn
4985.0,14996.0,1867.0,4032.0,5964,7435,7504.0,9008,19052.0,23517.0,1952.0,4864.0,174.2,6,Syn
1858.0,10232.0,484.0,3879.0,737,2074,873.0,2474,1804.0,5547.0,1473.0,2868.0,174.2,6,Syn
4502.0,16906.0,1004.0,4764.0,3639,4564,4681.0,6045,10059.0,13061.0,1088.0,1902.0,174.2,6,Syn
3288.0,10027.0,1028.0,3119.0,2012,2487,2923.0,3354,6799.0,7524.0,674.0,1033.0,174.3,6,Syn
5631.0,15470.0,1623.0,3889.0,1531,1549,2525.0,2580,6739.0,7169.0,811.0,1668.0,174.4,6,Syn
5306.0,20581.0,2289.0,4788.0,4833,5339,6994.0,7918,16849.0,19032.0,1719.0,4300.0,174.4,6,Syn
5886.0,15322.0,2157.0,4247.0,3943,4316,4889.0,5463,12596.0,14203.0,483.0,1725.0,174.4,6,Syn
1863.0,5476.0,583.0,2566.0,1054,1904,1393.0,2759,3556.0,8028.0,720.0,895.0,174.8,6,Syn
1076.0,5094.0,894.0,2841.0,1700,2950,2020.0,3296,5338.0,8445.0,656.0,1491.0,175.0,6,Syn
1320.0,5853.0,744.0,2753.0,1523,2829,1836.0,4382,5175.0,10079.0,0.0,0.0,175.0,6,Syn
2218.0,13425.0,736.0,3659.0,1200,3199,1492.0,3971,3800.0,10081.0,0.0,0.0,175.0,6,Syn
5610.0,24274.0,2423.0,6697.0,2711,3291,3390.0,4465,7107.0,8881.0,0.0,1288.0,175.0,6,Syn
9090.0,24150.0,1841.0,3596.0,3455,3600,4575.0,4738,12955.0,13541.0,1559.0,3920.0,175.3,6,Syn
2063.0,13108.0,173.0,1095.0,2533,6477,2663.0,6993,5823.0,15318.0,253.0,472.0,175.4,6,Syn
7912.0,16815.0,1958.0,4276.0,5791,6419,7091.0,7542,17709.0,18367.0,2008.0,4555.0,175.5,6,Syn
9331.0,18013.0,1780.0,2613.0,2657,2792,3294.0,3409,10445.0,10677.0,1307.0,1559.0,175.6,6,Syn
3602.0,9589.0,1129.0,2856.0,3143,3518,4147.0,4747,11128.0,13184.0,1346.0,1457.0,175.8,6,Syn
8476.0,14473.0,2159.0,5421.0,2525,3409,3673.0,4787,8512.0,11453.0,0.0,181.0,175.9,6,Syn
3058.0,9316.0,1071.0,2820.0,571,1360,788.0,1679,2007.0,4466.0,2131.0,3129.0,176.0,6,Syn
7974.0,11154.0,2765.0,4695.0,5933,6307,7485.0,7970,19659.0,20753.0,0.0,2132.0,176.0,6,Syn
6339.0,22713.0,1462.0,3117.0,4191,5212,5704.0,7301,15849.0,20678.0,1445.0,3043.0,176.1,6,Syn
18965.0,32215.0,3048.0,4329.0,8865,9540,11101.0,11409,27546.0,27486.0,3387.0,4016.0,176.2,6,Syn
4093.0,11224.0,2054.0,4592.0,4257,4777,5667.0,6573,12853.0,14670.0,734.0,1263.0,176.5,6,Syn
22130.0,14656.0,3476.0,4321.0,5172,5296,5053.0,5184,13235.0,13379.0,2604.0,1384.0,176.7,6,Syn
4309.0,12901.0,1886.0,4490.0,2123,2681,2966.0,3656,9638.0,12179.0,0.0,841.0,176.7,6,Syn
845.0,3908.0,142.0,990.0,1861,4464,2492.0,5871,6132.0,13799.0,763.0,2449.0,176.7,6,Syn
6751.0,11896.0,2897.0,5777.0,3416,3681,4668.0,4588,12421.0,12430.0,1109.0,1895.0,176.7,6,Syn
9679.0,20422.0,1378.0,2475.0,6421,7486,8676.0,10032,22727.0,23989.0,3251.0,3496.0,176.8,6,Syn
10750.0,21124.0,6116.0,11233.0,4864,5079,6807.0,6732,17207.0,17321.0,962.0,3440.0,176.8,6,Syn
3094.0,9569.0,2085.0,5565.0,2008,2447,2707.0,3517,7026.0,8977.0,1064.0,1480.0,177.0,6,Syn
18320.0,41420.0,4926.0,8968.0,7264,7372,10373.0,10913,25683.0,25800.0,1538.0,4848.0,177.1,6,Syn
3571.0,13066.0,1867.0,4825.0,3941,4979,5313.0,6761,12679.0,15733.0,91.0,1493.0,177.2,6,Syn
11541.0,17875.0,4025.0,4807.0,3983,3958,5863.0,6486,15240.0,16530.0,1948.0,3053.0,177.3,6,Syn
721.0,4741.0,631.0,3004.0,1262,2233,1517.0,2678,4123.0,7800.0,331.0,680.0,177.4,6,Syn
8281.0,15490.0,1529.0,3277.0,4895,5259,7305.0,7652,17071.0,17941.0,2333.0,4054.0,177.4,6,Syn
8647.0,24261.0,2207.0,4879.0,3013,3158,4123.0,4355,11590.0,12546.0,1701.0,3121.0,177.5,6,Syn
7297.0,11079.0,1991.0,3565.0,4091,4050,6034.0,6219,16284.0,17700.0,2367.0,2687.0,177.5,6,Syn
2836.0,11795.0,262.0,2705.0,6023,7503,6456.0,7640,14994.0,19305.0,582.0,1670.0,177.6,6,Syn
10454.0,19452.0,2188.0,4618.0,3037,2917,4504.0,4608,13331.0,12718.0,3306.0,3502.0,177.7,6,Syn
4539.0,13752.0,899.0,2083.0,5227,5648,6465.0,7044,17151.0,19628.0,969.0,2927.0,178.0,6,Syn
4236.0,13868.0,1398.0,4088.0,2607,3537,3242.0,4637,8464.0,12072.0,1231.0,1875.0,178.5,6,Syn
2426.0,11576.0,908.0,3309.0,1984,2865,2574.0,3836,6354.0,9256.0,1036.0,1885.0,178.6,6,Syn
8507.0,22063.0,2480.0,4897.0,2932,3320,3839.0,4517,9903.0,11740.0,1795.0,2503.0,178.6,6,Syn
16615.0,26463.0,2361.0,4429.0,4442,4415,5913.0,5864,17131.0,16274.0,4273.0,4293.0,178.7,6,Syn
5318.0,18225.0,1465.0,2991.0,2601,2887,2830.0,3209,6653.0,7119.0,921.0,1008.0,178.8,6,Syn
2298.0,8559.0,1695.0,5110.0,2349,3261,3250.0,4612,7032.0,9551.0,1105.0,1446.0,178.8,6,Syn
8487.0,20851.0,2538.0,6762.0,3570,3692,4381.0,4613,11634.0,12227.0,0.0,1392.0,178.9,6,Syn
1101.0,6585.0,1560.0,6148.0,1137,2411,1166.0,3281,3206.0,8819.0,995.0,1639.0,179.2,6,Syn
2343.0,8797.0,890.0,3125.0,382,1235,504.0,1744,1213.0,4403.0,193.0,291.0,179.2,6,Syn
15563.0,23565.0,1510.0,3175.0,9033,9560,10836.0,11379,23822.0,24066.0,2912.0,3387.0,179.4,6,Syn
2287.0,12763.0,734.0,2993.0,647,2209,777.0,2408,2802.0,6711.0,922.0,1709.0,179.5,6,Syn
5583.0,9157.0,859.0,2948.0,2127,2978,2945.0,3820,7333.0,9004.0,454.0,576.0,179.5,6,Syn
5545.0,12474.0,2466.0,5036.0,6471,7396,6968.0,7112,19123.0,18062.0,2693.0,3986.0,179.6,6,Syn
6375.0,18225.0,3623.0,7775.0,2841,3100,3419.0,3516,9095.0,10363.0,1074.0,2090.0,179.7,6,Syn
2372.0,12088.0,425.0,3682.0,1496,2339,1605.0,2408,4731.0,7084.0,421.0,1492.0,179.7,6,Syn
14226.0,26363.0,3451.0,6266.0,9704,10438,13293.0,13897,31964.0,32980.0,340.0,4163.0,179.8,6,Syn
7043.0,17616.0,1225.0,3596.0,3252,4190,4722.0,5926,11633.0,14427.0,4294.0,3682.0,179.9,6,Syn
14604.0,19574.0,1448.0,2668.0,6981,7057,9677.0,9256,17131.0,16526.0,1822.0,3022.0,179.9,6,Syn
4247.0,11073.0,1246.0,4096.0,645,1813,921.0,2404,2367.0,5776.0,2619.0,2873.0,180.1,6,Syn
4330.0,13583.0,2327.0,6512.0,3813,4699,5353.0,6774,12574.0,16415.0,0.0,0.0,180.1,6,Syn
11498.0,20279.0,2358.0,2947.0,2573,2350,6280.0,6152,15738.0,16678.0,3869.0,5942.0,180.2,6,Syn
10765.0,17960.0,2475.0,4566.0,3768,3877,4704.0,4890,12407.0,12343.0,2470.0,2955.0,180.5,6,Syn
1443.0,8193.0,847.0,3374.0,1788,3468,2050.0,3958,5080.0,9631.0,506.0,621.0,180.5,6,Syn
5850.0,16874.0,2133.0,5151.0,2854,2882,4523.0,5081,11176.0,13184.0,296.0,1112.0,180.6,6,Syn
8798.0,24414.0,2610.0,5866.0,5782,6177,7527.0,8554,18961.0,20675.0,2614.0,3983.0,180.7,6,Syn
2201.0,11182.0,1368.0,5759.0,1148,1794,1701.0,2569,4090.0,6583.0,547.0,904.0,180.9,6,Syn
19836.0,26618.0,4967.0,7466.0,5595,5118,7504.0,7521,17903.0,16555.0,858.0,2768.0,180.9,6,Syn
5937.0,20605.0,3990.0,9221.0,3597,4094,4458.0,4999,11791.0,13139.0,1121.0,1794.0,181.0,6,Syn
2587.0,12213.0,2020.0,7847.0,2228,3235,3335.0,4891,8317.0,12327.0,0.0,390.0,181.0,6,Syn
8123.0,17403.0,2087.0,4426.0,3203,3457,4104.0,4283,10634.0,11170.0,536.0,1102.0,181.0,6,Syn
9109.0,26626.0,774.0,1732.0,1112,1041,2114.0,2402,5986.0,6920.0,507.0,723.0,181.0,6,Syn
3651.0,18224.0,1144.0,3855.0,2821,4297,3670.0,5781,9079.0,14869.0,0.0,0.0,181.1,6,Syn
2145.0,12330.0,173.0,3122.0,487,1340,421.0,1473,1708.0,4401.0,53.0,0.0,181.1,6,Syn
11446.0,14405.0,4475.0,5169.0,3005,3398,4180.0,4271,11643.0,11369.0,5292.0,3234.0,181.1,6,Syn
9370.0,17862.0,1550.0,2992.0,3135,3245,3937.0,4056,10104.0,9567.0,1834.0,2249.0,181.1,6,Syn
1978.0,7748.0,1500.0,4627.0,2977,4062,3630.0,4869,9550.0,13039.0,699.0,1359.0,181.2,6,Syn
2262.0,9967.0,1318.0,5956.0,2833,4286,3709.0,5564,7076.0,11118.0,665.0,991.0,181.3,6,Syn
14638.0,26773.0,1692.0,2887.0,4502,4876,6740.0,6678,18400.0,18251.0,5659.0,4035.0,181.4,6,Syn
16605.0,30914.0,901.0,2965.0,3451,3796,5835.0,6001,17330.0,17616.0,4726.0,6428.0,181.4,6,Syn
9697.0,24822.0,2468.0,3556.0,3551,3677,5285.0,5390,12753.0,13426.0,2721.0,4221.0,181.4,6,Syn
4538.0,14046.0,2907.0,6567.0,3704,4178,5503.0,6105,12809.0,13868.0,1143.0,1588.0,181.5,6,Syn
18859.0,25376.0,3367.0,5598.0,4341,4207,6039.0,6425,15684.0,16437.0,2044.0,3610.0,181.5,6,Syn
247627.0,344769.0,53460.0,73262.0,10147,9612,13742.0,13385,31127.0,29347.0,6643.0,6949.0,181.5,6,Syn
932.0,4419.0,283.0,1699.0,1055,1691,1476.0,2654,4552.0,9040.0,1112.0,1832.0,181.6,6,Syn
2994.0,15526.0,578.0,2412.0,695,1518,961.0,2264,3009.0,7962.0,535.0,1310.0,181.6,6,Syn
5062.0,16946.0,873.0,2677.0,1786,1982,2392.0,2664,5366.0,6014.0,0.0,247.0,181.7,6,Syn
18276.0,33134.0,3266.0,5665.0,8725,9616,12144.0,12766,30560.0,31766.0,3002.0,6477.0,181.8,6,Syn
2289.0,6547.0,1407.0,3316.0,1419,1702,2140.0,2538,5707.0,7738.0,980.0,1675.0,181.8,6,Syn
10254.0,17921.0,832.0,3818.0,4110,4042,5121.0,4969,12707.0,12163.0,2184.0,1844.0,181.9,6,Syn
10517.0,15677.0,1136.0,1955.0,2996,2700,3141.0,3330,9344.0,8496.0,2129.0,2254.0,181.9,6,Syn
17217.0,42820.0,3887.0,6793.0,5583,6085,8153.0,8709,21406.0,22800.0,1348.0,4106.0,182.0,6,Syn
15552.0,31065.0,1922.0,4651.0,2217,2135,6065.0,6336,15223.0,16684.0,5161.0,6891.0,182.1,6,Syn
7962.0,24097.0,2605.0,5382.0,3191,3448,3923.0,4466,11023.0,12111.0,1243.0,2171.0,182.1,6,Syn
2253.0,14946.0,331.0,2232.0,1099,2746,1267.0,3273,3556.0,9596.0,1117.0,2251.0,182.2,6,Syn
5868.0,18993.0,722.0,2685.0,2044,3355,2430.0,4131,6123.0,10790.0,328.0,948.0,182.2,6,Syn
5721.0,15611.0,786.0,2065.0,2583,3564,3722.0,4934,10499.0,13929.0,573.0,2387.0,182.2,6,Syn
8745.0,11776.0,1922.0,5204.0,4155,4933,5417.0,5786,13145.0,14716.0,173.0,1441.0,182.3,6,Syn
13025.0,30974.0,2624.0,6025.0,8658,9350,10199.0,11147,23877.0,26098.0,3481.0,5692.0,182.3,6,Syn
4992.0,11199.0,1999.0,3905.0,2521,2279,3636.0,4018,9101.0,9649.0,148.0,520.0,182.3,6,Syn
1655.0,5275.0,2588.0,8242.0,756,1179,1085.0,2167,3198.0,6199.0,1947.0,1948.0,182.3,6,Syn
1571.0,10488.0,1544.0,7294.0,961,1868,945.0,2357,3155.0,7957.0,0.0,0.0,182.3,6,Syn
15868.0,19929.0,2178.0,3109.0,3689,3849,3905.0,3836,10949.0,11120.0,3187.0,1844.0,182.3,6,Syn
19224.0,34336.0,3548.0,6179.0,5707,5750,8512.0,8654,24083.0,23451.0,3511.0,4607.0,182.4,6,Syn
5436.0,14307.0,2258.0,5778.0,2512,2841,3637.0,4075,8536.0,9244.0,1161.0,1392.0,182.4,6,Syn
7786.0,22680.0,3089.0,7536.0,4369,5516,5328.0,6737,13438.0,17128.0,1159.0,2807.0,182.5,6,Syn
1262.0,5755.0,1189.0,3361.0,1535,2453,1700.0,2824,4672.0,8004.0,1017.0,2341.0,182.6,6,Syn
2707.0,9919.0,2509.0,6496.0,2035,3708,3007.0,5108,7801.0,13215.0,2134.0,3760.0,182.7,6,Syn
716.0,3591.0,1280.0,4475.0,1058,2048,1523.0,3139,4087.0,8010.0,472.0,1081.0,182.7,6,Syn
5677.0,11925.0,1848.0,3578.0,4082,4344,5104.0,5642,12654.0,12871.0,1854.0,3706.0,182.7,6,Syn
3304.0,10116.0,686.0,2032.0,521,982,734.0,1857,1507.0,4453.0,0.0,177.0,182.8,6,Syn
1448.0,8571.0,580.0,5065.0,1046,2468,1094.0,3004,3308.0,8512.0,1468.0,2380.0,182.9,6,Syn
7045.0,19730.0,1356.0,5090.0,1716,2773,2013.0,3678,4941.0,9786.0,383.0,1090.0,182.9,6,Syn
2602.0,7124.0,1883.0,5633.0,2760,3136,3835.0,5079,9306.0,11198.0,1153.0,1351.0,182.9,6,Syn
10361.0,18763.0,3055.0,5419.0,7053,7408,8793.0,8978,21674.0,21219.0,4048.0,3851.0,182.9,6,Syn
26169.0,59339.0,5525.0,10407.0,1994,2108,5342.0,5496,13561.0,14045.0,3612.0,5150.0,183.0,6,Syn
5128.0,15613.0,2126.0,5854.0,4098,4564,6176.0,6973,15466.0,17362.0,2391.0,5332.0,183.0,6,Syn
3960.0,12112.0,1321.0,3182.0,2150,2813,2584.0,3754,7393.0,10940.0,1015.0,1538.0,183.1,6,Syn
1597.0,6284.0,1484.0,4367.0,2370,2992,2999.0,3685,6511.0,8423.0,799.0,1422.0,183.2,6,Syn
4057.0,9318.0,1804.0,4928.0,2685,3578,3718.0,4960,7684.0,10843.0,34.0,498.0,183.5,6,Syn
4437.0,12061.0,1120.0,2473.0,1478,1538,1933.0,2332,5366.0,6194.0,939.0,1127.0,183.5,6,Syn
32107.0,49630.0,10299.0,15333.0,1175,1097,3443.0,3338,8959.0,8772.0,2265.0,3661.0,183.7,6,Syn
6539.0,19482.0,660.0,2602.0,3173,3888,4630.0,5669,12336.0,15510.0,3308.0,4107.0,183.7,6,Syn
9345.0,16205.0,2715.0,4581.0,4951,5507,7379.0,7933,18598.0,18214.0,2286.0,4197.0,183.7,6,Syn
5034.0,15224.0,2065.0,4713.0,3813,4133,5088.0,5830,13170.0,14144.0,823.0,2765.0,183.8,6,Syn
7877.0,25138.0,3415.0,6838.0,3376,4541,5215.0,6720,16338.0,20577.0,2496.0,2890.0,183.8,6,Syn
12326.0,14900.0,4227.0,5263.0,3801,3563,5189.0,5089,13901.0,13062.0,1594.0,2686.0,183.9,6,Syn
5537.0,14335.0,655.0,2230.0,4305,4657,5998.0,6676,14302.0,14981.0,591.0,2256.0,183.9,6,Syn
1437.0,7256.0,1459.0,5434.0,1164,1518,1873.0,2707,5703.0,8344.0,114.0,278.0,183.9,6,Syn
10696.0,18385.0,1601.0,3477.0,3162,3371,5134.0,5387,13537.0,14152.0,2032.0,3685.0,184.4,6,Syn
17303.0,21106.0,2672.0,3115.0,3757,3340,5781.0,5446,17789.0,17067.0,4969.0,4851.0,184.9,6,Syn
4337.0,13218.0,461.0,2539.0,803,2053,1189.0,2861,3614.0,8779.0,2269.0,2560.0,184.9,6,Syn
3674.0,10873.0,1819.0,6120.0,5230,6267,6705.0,8020,16734.0,20541.0,497.0,1282.0,184.9,6,Syn
17080.0,20576.0,2320.0,6085.0,5218,5903,6251.0,7327,17499.0,19927.0,1591.0,4143.0,185.0,6,Syn
4991.0,14453.0,1469.0,3850.0,1869,2794,2707.0,4076,8211.0,11313.0,1647.0,1620.0,185.0,6,Syn
877.0,5212.0,87.0,876.0,801,1757,1087.0,2699,3284.0,8532.0,746.0,1374.0,185.1,6,Syn
22661.0,44031.0,2200.0,5274.0,10513,11285,15377.0,15713,37904.0,38307.0,2043.0,6478.0,185.2,6,Syn
6047.0,16242.0,1441.0,4715.0,6341,7029,7251.0,7904,16965.0,18115.0,1479.0,1479.0,185.2,6,Syn
8191.0,19733.0,4032.0,8687.0,3840,4112,5595.0,6382,17043.0,18669.0,1710.0,2975.0,185.4,6,Syn
3916.0,10403.0,2145.0,5922.0,5093,6108,6405.0,7653,14322.0,16332.0,1204.0,1465.0,185.5,6,Syn
1708.0,6530.0,2325.0,6673.0,1520,1936,2077.0,2626,5132.0,6534.0,662.0,1736.0,185.5,6,Syn
5294.0,16641.0,2478.0,4473.0,3654,3745,5060.0,5195,15576.0,15755.0,2350.0,3524.0,185.7,6,Syn
191984.0,259545.0,88072.0,122825.0,6409,6492,8588.0,8355,22238.0,21653.0,4516.0,4478.0,185.8,6,Syn
5888.0,14562.0,1567.0,5770.0,648,1532,1592.0,3027,2994.0,7541.0,217.0,440.0,185.9,6,Syn
3339.0,13702.0,1047.0,3945.0,3844,5004,4635.0,5860,11233.0,13784.0,1701.0,2860.0,186.1,6,Syn
13207.0,22409.0,3124.0,4019.0,1942,2012,4540.0,4728,13148.0,13164.0,1521.0,4061.0,186.3,6,Syn
1083.0,6486.0,145.0,1082.0,755,1960,943.0,2885,2883.0,7686.0,892.0,2303.0,186.3,6,Syn
2666.0,9557.0,736.0,2200.0,3572,6006,3964.0,6297,9234.0,13332.0,1115.0,1810.0,186.3,6,Syn
14061.0,18886.0,4143.0,5253.0,3898,3442,4870.0,4807,15289.0,14143.0,3274.0,3682.0,186.4,6,Syn
5361.0,15557.0,1634.0,3340.0,4137,4499,4423.0,4671,9615.0,9604.0,1480.0,1631.0,186.4,6,Syn
6403.0,17484.0,1987.0,4741.0,5452,6405,6377.0,7588,14200.0,16736.0,302.0,2115.0,186.6,6,Syn
3307.0,11647.0,2037.0,5241.0,2092,2522,3251.0,4056,8260.0,10070.0,474.0,764.0,186.7,6,Syn
2682.0,12655.0,926.0,3249.0,2512,3658,3469.0,5382,7064.0,10540.0,577.0,970.0,187.1,6,Syn
12719.0,22560.0,3022.0,4518.0,15642,16161,19177.0,19980,38937.0,39426.0,4924.0,7189.0,187.1,6,Syn
12880.0,38575.0,2737.0,5815.0,7956,8188,11161.0,11773,27957.0,26165.0,4776.0,4889.0,187.1,6,Syn
6708.0,13364.0,1682.0,5571.0,6096,7127,7350.0,7983,20843.0,22821.0,158.0,1113.0,187.3,6,Syn
13307.0,17310.0,3887.0,6612.0,5223,5457,7583.0,7754,22420.0,23601.0,5187.0,4862.0,187.4,6,Syn
2530.0,8525.0,2075.0,8205.0,637,1368,1000.0,2437,3130.0,6401.0,608.0,1419.0,187.5,6,Syn
8404.0,17995.0,1445.0,3081.0,13023,14927,12746.0,14123,23852.0,25744.0,56.0,1836.0,187.5,6,Syn
3018.0,16360.0,726.0,3960.0,2543,4219,3193.0,5625,7893.0,13360.0,33.0,622.0,187.6,6,Syn
30103.0,41622.0,4152.0,6577.0,7231,7306,9257.0,9304,24216.0,22347.0,2590.0,6512.0,187.7,6,Syn
3824.0,14300.0,533.0,3015.0,3600,4281,4817.0,5960,10784.0,13077.0,1248.0,2168.0,187.7,6,Syn
10143.0,18086.0,1598.0,3750.0,5141,5025,6326.0,6360,16477.0,16952.0,2973.0,2432.0,187.7,6,Syn
3196.0,14604.0,1268.0,3316.0,1629,2212,2301.0,3445,5764.0,8469.0,0.0,1141.0,187.7,6,Syn
13009.0,30189.0,2940.0,5776.0,4426,4839,5506.0,5593,18020.0,18364.0,2642.0,3454.0,187.9,6,Syn
8026.0,21006.0,3615.0,7753.0,3449,3666,4254.0,4844,11813.0,12754.0,2731.0,4844.0,187.9,6,Syn
10911.0,18664.0,799.0,2741.0,4623,4959,5427.0,5292,12634.0,12291.0,2380.0,1596.0,188.0,6,Syn
11692.0,22236.0,3544.0,7823.0,4388,4413,6195.0,6471,16727.0,16819.0,2415.0,3686.0,188.0,6,Syn
4726.0,7087.0,192.0,2274.0,3303,3562,4365.0,4556,9979.0,9947.0,1676.0,3256.0,188.1,6,Syn
9159.0,21345.0,1754.0,4059.0,6335,6749,7467.0,7966,17239.0,16439.0,1419.0,1341.0,188.2,6,Syn
38608.0,55226.0,7073.0,10843.0,6678,6977,9554.0,9723,27684.0,27408.0,9910.0,8025.0,188.2,6,Syn
7848.0,16381.0,3328.0,8611.0,2770,3080,3743.0,4025,11041.0,11547.0,164.0,2932.0,188.3,6,Syn
917.0,2837.0,1096.0,3877.0,1733,1965,2370.0,2845,5608.0,6776.0,481.0,832.0,188.3,6,Syn
10932.0,10610.0,0.0,2288.0,3262,3066,3999.0,4302,10263.0,10722.0,2364.0,2708.0,188.5,6,Syn
9736.0,19843.0,3752.0,6778.0,4969,5432,6790.0,7627,19061.0,20526.0,1222.0,3493.0,188.6,6,Syn
9162.0,18299.0,1033.0,1842.0,3878,3995,5228.0,5527,12695.0,13339.0,1477.0,2029.0,188.7,6,Syn
18992.0,33303.0,3621.0,7639.0,7283,7032,10529.0,10869,29437.0,28792.0,4198.0,5936.0,188.8,6,Syn
11658.0,18819.0,3201.0,5484.0,8350,8843,9479.0,9369,22574.0,22477.0,2449.0,2350.0,188.8,6,Syn
29185.0,36531.0,4378.0,5921.0,4743,4769,6977.0,7222,23182.0,23913.0,3233.0,6422.0,188.9,6,Syn
5555.0,15395.0,451.0,1002.0,2338,2680,3288.0,3814,7983.0,8975.0,702.0,2896.0,189.1,6,Syn
6557.0,24727.0,1919.0,4879.0,2201,2779,2950.0,3587,7430.0,8609.0,588.0,1643.0,189.2,6,Syn
4176.0,11350.0,2394.0,7160.0,1514,1641,2075.0,2276,5639.0,6708.0,47.0,661.0,189.7,6,Syn
7383.0,15953.0,1193.0,3958.0,2069,2204,3296.0,3276,7622.0,7887.0,723.0,2042.0,189.7,6,Syn
9967.0,17270.0,2482.0,4118.0,4361,5011,6296.0,7399,14697.0,16201.0,2216.0,2299.0,189.7,6,Syn
4298.0,8261.0,3306.0,6847.0,2071,2183,3453.0,3386,7416.0,7860.0,944.0,2174.0,189.7,6,Syn
11173.0,21085.0,1714.0,3103.0,5438,5513,7019.0,7213,17990.0,18910.0,1301.0,3354.0,189.7,6,Syn
12315.0,17849.0,1900.0,3567.0,1341,1521,1998.0,1704,5608.0,5599.0,1546.0,933.0,189.8,6,Syn
10822.0,17208.0,2295.0,3927.0,8326,9131,10334.0,11030,20741.0,21212.0,3286.0,2917.0,189.9,6,Syn
4782.0,12458.0,2964.0,6137.0,6926,7776,7565.0,8265,15110.0,16344.0,615.0,2962.0,189.9,6,Syn
7340.0,10539.0,1853.0,4439.0,3485,3418,5240.0,5378,12685.0,13554.0,3099.0,3250.0,190.0,6,Syn
8035.0,34201.0,1508.0,4062.0,2371,3063,3083.0,3947,8618.0,11231.0,671.0,814.0,190.0,6,Syn
6422.0,8808.0,1083.0,3453.0,4136,3901,4858.0,4759,10965.0,9955.0,370.0,1621.0,190.2,6,Syn
15786.0,29209.0,3707.0,6735.0,3451,3433,4720.0,5004,15530.0,15641.0,6313.0,4446.0,190.3,6,Syn
2039.0,7695.0,0.0,706.0,1514,3844,1946.0,5221,4735.0,12431.0,3536.0,4598.0,190.4,6,Syn
1168.0,5398.0,678.0,2628.0,1869,4609,2435.0,6209,6168.0,15862.0,437.0,661.0,190.4,6,Syn
3729.0,6596.0,1757.0,3458.0,2696,2760,3579.0,4111,9690.0,10603.0,1273.0,2298.0,190.5,6,Syn
3349.0,16619.0,810.0,2170.0,1929,2584,2569.0,3937,6740.0,10409.0,925.0,2168.0,190.5,6,Syn
7313.0,17642.0,2703.0,4189.0,3072,3261,3560.0,3817,8761.0,9121.0,1214.0,2152.0,190.9,6,Syn
14559.0,22785.0,2061.0,5052.0,4892,4638,5102.0,5275,13469.0,13213.0,1239.0,2192.0,190.9,6,Syn
8811.0,24578.0,1259.0,3970.0,3291,3922,3880.0,4521,11432.0,13269.0,0.0,207.0,190.9,6,Syn
4125.0,13102.0,542.0,2078.0,3333,4462,4098.0,5799,9915.0,12745.0,781.0,1322.0,190.9,6,Syn
4545.0,14523.0,583.0,2152.0,732,1760,607.0,1923,1307.0,5067.0,0.0,0.0,190.9,6,Syn
10351.0,16494.0,880.0,4191.0,4463,4801,4911.0,5342,13284.0,13444.0,214.0,714.0,191.0,6,Syn
7805.0,23492.0,1189.0,3832.0,4767,5265,6106.0,6777,15613.0,17520.0,1743.0,2368.0,191.0,6,Syn
8331.0,13850.0,1325.0,3292.0,4436,4188,6198.0,6316,15086.0,16455.0,1631.0,2507.0,191.2,6,Syn
7923.0,16803.0,2107.0,4045.0,8199,8416,8971.0,9605,18037.0,18455.0,2785.0,3144.0,191.2,6,Syn
8296.0,17335.0,1143.0,2526.0,2889,2950,4340.0,4609,12053.0,11952.0,854.0,2819.0,191.2,6,Syn
3878.0,10748.0,1225.0,2856.0,1617,2090,2165.0,3356,4456.0,7321.0,615.0,1233.0,191.2,6,Syn
2589.0,9115.0,1526.0,4405.0,2494,4357,3339.0,5714,7717.0,14438.0,1742.0,3400.0,191.2,6,Syn
2275.0,11144.0,499.0,2741.0,1247,3503,1887.0,4853,4466.0,12450.0,418.0,910.0,191.2,6,Syn
12445.0,25630.0,3628.0,6604.0,3215,3450,4420.0,4581,11261.0,11627.0,1623.0,2458.0,191.4,6,Syn
5552.0,19637.0,1138.0,2507.0,2482,3440,3169.0,5064,7830.0,11494.0,322.0,887.0,191.5,6,Syn
2024.0,8920.0,715.0,2282.0,4430,5746,4666.0,6012,10133.0,12722.0,1065.0,1165.0,191.5,6,Syn
6202.0,12807.0,1601.0,4033.0,2929,4690,3790.0,6240,9788.0,14751.0,2569.0,2837.0,191.5,6,Syn
24235.0,40745.0,5735.0,7937.0,3910,3891,5158.0,5187,18231.0,18453.0,5777.0,4084.0,191.6,6,Syn
10925.0,19114.0,2137.0,5437.0,4865,5110,7243.0,7521,16826.0,16513.0,2645.0,3526.0,191.6,6,Syn
7178.0,22953.0,1266.0,3480.0,1751,2014,2319.0,2759,5864.0,6981.0,0.0,464.0,191.6,6,Syn
7761.0,10978.0,3711.0,5643.0,4596,4588,5891.0,5756,14234.0,13132.0,3115.0,2949.0,191.7,6,Syn
2617.0,5161.0,777.0,1822.0,2915,5293,3373.0,6971,9510.0,18350.0,3513.0,4371.0,191.7,6,Syn
1876.0,12651.0,200.0,1499.0,2189,5253,2956.0,7210,6690.0,17658.0,231.0,350.0,191.7,6,Syn
9495.0,16183.0,1659.0,4593.0,2235,2382,3355.0,3773,9115.0,10399.0,1152.0,2009.0,191.7,6,Syn
1683.0,7283.0,648.0,2090.0,1620,3047,1753.0,2996,4885.0,8648.0,0.0,784.0,191.8,6,Syn
3365.0,8508.0,2410.0,5683.0,3935,4264,5297.0,5776,15235.0,16931.0,1751.0,2640.0,191.8,6,Syn
39862.0,74405.0,8429.0,14637.0,9287,8589,12208.0,11988,36149.0,36387.0,7960.0,10066.0,191.9,6,Syn
9058.0,20935.0,2178.0,4775.0,4504,4484,5688.0,5784,15435.0,16418.0,459.0,1730.0,192.0,6,Syn
20741.0,33768.0,4133.0,5956.0,7026,7079,9280.0,9202,25223.0,24117.0,4125.0,6153.0,192.1,6,Syn
12162.0,11837.0,1424.0,2869.0,1573,1233,2303.0,2108,4611.0,4102.0,1097.0,1203.0,192.3,6,Syn
3467.0,9516.0,1045.0,2589.0,3333,4144,4387.0,5352,10532.0,12469.0,1935.0,1800.0,192.3,6,Syn
9041.0,13862.0,1292.0,4817.0,3529,5158,4833.0,7284,11398.0,17205.0,0.0,697.0,192.4,6,Syn
8523.0,24138.0,1776.0,3920.0,6975,8123,9339.0,10076,21258.0,22583.0,4620.0,5558.0,192.4,6,Syn
3286.0,19929.0,508.0,2427.0,2769,5275,3256.0,6425,7095.0,13340.0,0.0,469.0,192.5,6,Syn
590.0,2469.0,360.0,2129.0,720,2182,829.0,2997,2131.0,6268.0,186.0,251.0,192.5,6,Syn
3812.0,7039.0,1205.0,2225.0,3229,3219,3696.0,3711,10862.0,11553.0,2189.0,2476.0,192.7,6,Syn
1686.0,7133.0,53.0,1545.0,1134,1852,1810.0,2935,4374.0,6994.0,0.0,0.0,192.8,6,Syn
21079.0,33955.0,1883.0,3587.0,6477,7064,9037.0,9268,25593.0,25717.0,6160.0,4753.0,192.9,6,Syn
2322.0,8000.0,0.0,2398.0,462,966,706.0,1798,1767.0,4037.0,310.0,444.0,193.0,6,Syn
5948.0,15948.0,1150.0,2526.0,2697,2910,3898.0,4572,11476.0,13004.0,1232.0,1718.0,193.0,6,Syn
2928.0,13014.0,698.0,1731.0,729,1950,1295.0,3040,3086.0,7869.0,1094.0,1683.0,193.2,6,Syn
2416.0,6425.0,1754.0,5137.0,4726,6102,5149.0,6883,11233.0,14601.0,1760.0,3199.0,193.2,6,Syn
5386.0,22274.0,1711.0,4835.0,2850,3774,4321.0,5545,11235.0,14597.0,754.0,1344.0,193.2,6,Syn
20163.0,23459.0,4523.0,4968.0,2208,1753,3853.0,3944,11892.0,11873.0,5380.0,4537.0,193.2,6,Syn
7090.0,11929.0,2291.0,4160.0,3363,3234,4321.0,4270,10485.0,10051.0,861.0,2517.0,193.3,6,Syn
18686.0,10145.0,1756.0,3646.0,2791,2115,2607.0,2807,10529.0,9786.0,3706.0,2074.0,193.4,6,Syn
1198.0,6676.0,0.0,58.0,901,2145,1366.0,3601,3114.0,8227.0,822.0,1992.0,193.4,6,Syn
3665.0,9089.0,978.0,2508.0,943,1720,1135.0,2496,2896.0,5843.0,965.0,1261.0,193.5,6,Syn
8846.0,19752.0,2051.0,3273.0,3783,3956,4659.0,4694,10532.0,10608.0,3048.0,2817.0,193.5,6,Syn
1658.0,9317.0,698.0,2488.0,1472,2668,2186.0,4145,5721.0,11071.0,574.0,741.0,193.5,6,Syn
6098.0,15390.0,1313.0,4348.0,1284,1396,1372.0,1651,4731.0,4931.0,688.0,1060.0,193.5,6,Syn
7124.0,13984.0,775.0,2731.0,2642,2669,3354.0,3095,9070.0,8562.0,2503.0,1661.0,193.5,6,Syn
5084.0,20428.0,930.0,4516.0,1468,1704,2126.0,2593,6049.0,7849.0,188.0,1278.0,193.6,6,Syn
3636.0,8271.0,1321.0,6650.0,544,1323,886.0,2208,3149.0,7597.0,2534.0,3232.0,193.7,6,Syn
2793.0,17692.0,2451.0,10541.0,2573,4855,3261.0,6097,9749.0,18341.0,0.0,0.0,193.7,6,Syn
3701.0,9748.0,2022.0,4161.0,2546,2815,3528.0,4136,8588.0,8889.0,1822.0,2293.0,193.8,6,Syn
7150.0,15853.0,1910.0,4749.0,4061,4222,4858.0,4933,12661.0,13114.0,2470.0,3676.0,193.8,6,Syn
5437.0,11941.0,2842.0,6159.0,1988,2292,2452.0,2407,6761.0,7374.0,0.0,1247.0,193.8,6,Syn
6639.0,9447.0,1594.0,4339.0,1934,2571,2426.0,3356,6626.0,9072.0,725.0,1172.0,193.8,6,Syn
5439.0,19105.0,1532.0,4059.0,3977,4829,5208.0,6409,14328.0,17857.0,41.0,1538.0,193.8,6,Syn
9156.0,19696.0,2902.0,5191.0,3587,3557,4748.0,4935,12565.0,11664.0,2476.0,2480.0,193.9,6,Syn
5091.0,15471.0,1024.0,3408.0,2615,3087,3766.0,4667,9508.0,12100.0,754.0,1218.0,193.9,6,Syn
1276.0,8215.0,794.0,4074.0,756,2138,1055.0,3335,2960.0,7550.0,1041.0,2488.0,194.0,6,Syn
3812.0,13368.0,1884.0,4618.0,1955,2866,2994.0,4595,7268.0,9541.0,100.0,544.0,194.0,6,Syn
11588.0,20244.0,3661.0,6555.0,4701,4864,6282.0,6230,19212.0,18807.0,2993.0,3692.0,194.2,6,Syn
5322.0,22328.0,1290.0,2984.0,4762,6493,5336.0,7162,13238.0,18219.0,0.0,1109.0,194.2,6,Syn
8256.0,16445.0,2056.0,4682.0,3618,3841,5196.0,5759,15487.0,17252.0,723.0,1158.0,194.3,6,Syn
2688.0,8406.0,947.0,2769.0,3536,7744,3500.0,6923,7987.0,13564.0,1609.0,2741.0,194.3,6,Syn
952.0,2428.0,0.0,923.0,756,2586,583.0,2279,1190.0,4219.0,0.0,146.0,194.3,6,Syn
14336.0,21016.0,2588.0,5355.0,4550,4550,5783.0,5660,15370.0,15859.0,2862.0,4101.0,194.3,6,Syn
13984.0,34921.0,3747.0,6481.0,5082,5367,7398.0,7614,18403.0,19443.0,480.0,3397.0,194.3,6,Syn
12374.0,27489.0,1433.0,3420.0,6570,6628,10283.0,10449,25259.0,25444.0,1803.0,5354.0,194.4,6,Syn
4448.0,9922.0,793.0,2126.0,2998,3838,4564.0,5905,9461.0,11433.0,1876.0,3583.0,194.5,6,Syn
2261.0,7664.0,502.0,1567.0,2115,2947,2900.0,4321,7681.0,11486.0,0.0,376.0,194.6,6,Syn
5189.0,14223.0,1793.0,4688.0,3037,3649,4634.0,5457,11676.0,13564.0,3180.0,3402.0,194.6,6,Syn
14763.0,24088.0,2868.0,5463.0,4692,4987,6232.0,6319,18857.0,18254.0,5967.0,5103.0,194.7,6,Syn
18487.0,28904.0,3003.0,5671.0,5324,5542,7654.0,7582,21112.0,20691.0,4442.0,4846.0,194.8,6,Syn
2698.0,10181.0,1244.0,4241.0,1202,2373,1911.0,3805,4713.0,9408.0,1024.0,1791.0,194.8,6,Syn
2157.0,8456.0,1460.0,4415.0,1469,2592,2077.0,3920,5114.0,9643.0,594.0,845.0,194.8,6,Syn
3033.0,10660.0,964.0,3915.0,3307,4045,3740.0,4387,9422.0,10792.0,933.0,2015.0,194.9,6,Syn
1281.0,5530.0,199.0,1333.0,729,2044,959.0,2686,2324.0,6619.0,893.0,1786.0,194.9,6,Syn
3771.0,13989.0,101.0,944.0,1378,3454,1706.0,4808,4537.0,9927.0,238.0,684.0,194.9,6,Syn
3989.0,11029.0,1733.0,3534.0,2755,3059,3594.0,3942,11145.0,11108.0,1185.0,2278.0,194.9,6,Syn
11428.0,16246.0,3415.0,3874.0,2682,2778,3709.0,3840,9948.0,9538.0,3086.0,2279.0,195.0,6,Syn
12004.0,19581.0,4257.0,6021.0,4583,4691,6327.0,6133,13938.0,13593.0,3203.0,3855.0,195.2,6,Syn
3640.0,14752.0,3565.0,6902.0,10286,11832,10880.0,12939,22352.0,25694.0,957.0,3475.0,195.2,6,Syn
11145.0,27364.0,2248.0,5001.0,3599,3739,5857.0,6258,17345.0,19235.0,2651.0,3650.0,195.3,6,Syn
6677.0,15960.0,1500.0,4136.0,7414,8820,8650.0,10241,17132.0,19455.0,495.0,3006.0,195.3,6,Syn
2720.0,9293.0,513.0,2487.0,560,1399,665.0,1611,1620.0,4011.0,2356.0,3316.0,195.4,6,Syn
2081.0,12555.0,223.0,2652.0,657,2009,799.0,2982,2559.0,8231.0,0.0,238.0,195.4,6,Syn
3181.0,18197.0,1007.0,5830.0,1389,2152,2064.0,3308,5437.0,8783.0,215.0,794.0,195.4,6,Syn
1635.0,8589.0,406.0,3452.0,1139,2910,1723.0,4341,3959.0,11037.0,474.0,1079.0,195.4,6,Syn
7155.0,22276.0,2240.0,5248.0,2172,2530,3591.0,3944,8634.0,10035.0,267.0,2021.0,195.5,6,Syn
5429.0,11606.0,2466.0,5175.0,2114,2043,2778.0,2748,7983.0,8239.0,541.0,2626.0,195.6,6,Syn
2577.0,9806.0,1488.0,3856.0,625,1715,1031.0,2408,2200.0,7128.0,372.0,456.0,195.7,6,Syn
8271.0,15270.0,5290.0,8111.0,6803,6398,7365.0,7076,15688.0,14210.0,1137.0,1749.0,195.7,6,Syn
2154.0,13169.0,863.0,3365.0,1465,2776,1941.0,3771,5095.0,9750.0,1392.0,2431.0,195.7,6,Syn
5197.0,11121.0,568.0,2142.0,266,1266,414.0,1730,1071.0,4144.0,0.0,103.0,195.7,6,Syn
6003.0,8417.0,2473.0,3779.0,2657,3081,3649.0,4525,8942.0,10519.0,3755.0,3419.0,195.8,6,Syn
1389.0,9227.0,439.0,3303.0,370,1303,447.0,1617,1472.0,4710.0,115.0,0.0,195.8,6,Syn
8867.0,15868.0,2655.0,5427.0,2237,2313,2853.0,3058,8404.0,8824.0,1427.0,1333.0,195.8,6,Syn
10247.0,25414.0,1354.0,3894.0,6141,6506,8310.0,8693,19416.0,20645.0,1508.0,2643.0,195.8,6,Syn
7706.0,23960.0,1182.0,4580.0,3579,4122,4914.0,5438,14056.0,15411.0,533.0,1837.0,195.9,6,Syn
8031.0,18878.0,1445.0,2595.0,3458,4122,3753.0,4375,9940.0,11343.0,650.0,760.0,196.0,6,Syn
19847.0,27684.0,2952.0,4725.0,9100,8435,12904.0,12547,27833.0,26164.0,6620.0,4571.0,196.1,6,Syn
3040.0,9991.0,322.0,773.0,2669,2825,3869.0,4145,8976.0,9798.0,752.0,963.0,196.1,6,Syn
6715.0,21281.0,2286.0,4783.0,4584,5222,6495.0,7223,18322.0,19443.0,2237.0,3730.0,196.1,6,Syn
16383.0,29379.0,4840.0,8259.0,5295,5832,7375.0,7615,18919.0,18351.0,3203.0,2498.0,196.3,6,Syn
4008.0,13506.0,1105.0,2857.0,1881,4230,2420.0,5199,6770.0,14088.0,1850.0,3139.0,196.5,6,Syn
6048.0,19570.0,712.0,3072.0,2820,3206,3630.0,4139,9255.0,11156.0,299.0,1154.0,196.5,6,Syn
3771.0,6975.0,1119.0,2219.0,2066,2222,2947.0,3340,7274.0,7498.0,0.0,362.0,196.5,6,Syn
18980.0,30020.0,4272.0,5903.0,6821,6308,9163.0,9132,24637.0,23900.0,7031.0,5605.0,196.5,6,Syn
4453.0,14924.0,1158.0,2701.0,1502,3140,2380.0,4742,5944.0,12236.0,2295.0,2969.0,196.5,6,Syn
5714.0,13555.0,1237.0,3453.0,1262,2286,1902.0,3019,5336.0,8874.0,2245.0,1629.0,196.6,6,Syn
933.0,3656.0,633.0,2397.0,385,1292,737.0,1902,1840.0,5737.0,142.0,244.0,196.6,6,Syn
6392.0,11802.0,1877.0,3771.0,2156,3317,3146.0,4839,8987.0,13906.0,2896.0,3343.0,196.6,6,Syn
2656.0,16485.0,952.0,4226.0,1395,3750,1618.0,4818,4774.0,11864.0,462.0,1560.0,197.0,6,Syn
10758.0,28232.0,1879.0,3585.0,2723,2559,6340.0,6312,17151.0,17702.0,5565.0,7131.0,197.0,6,Syn
9557.0,18986.0,1249.0,3823.0,5544,5917,7297.0,7608,19405.0,19427.0,1457.0,4233.0,197.0,6,Syn
16283.0,32260.0,2823.0,3801.0,5665,5436,7499.0,6966,18934.0,17961.0,4662.0,3977.0,197.0,6,Syn
15922.0,17766.0,2682.0,4833.0,4403,4305,6488.0,6448,16483.0,16207.0,4001.0,5326.0,197.1,6,Syn
9998.0,15633.0,3457.0,6628.0,3590,3732,5175.0,5571,15420.0,16103.0,752.0,3087.0,197.1,6,Syn
3627.0,9423.0,928.0,2621.0,2578,2948,3242.0,3765,8160.0,9066.0,390.0,708.0,197.1,6,Syn
9186.0,19061.0,1814.0,3153.0,4484,5210,7078.0,7512,15371.0,15189.0,3197.0,3689.0,197.1,6,Syn
11145.0,19744.0,2095.0,3785.0,4746,5171,6396.0,6611,15610.0,15996.0,415.0,2424.0,197.2,6,Syn
7513.0,18982.0,5798.0,11795.0,4994,5545,6573.0,7230,20042.0,22498.0,747.0,3100.0,197.4,6,Syn
5289.0,12032.0,1517.0,3078.0,3416,3699,3800.0,4234,8459.0,8465.0,0.0,780.0,197.5,6,Syn
32161.0,48552.0,3446.0,6468.0,10154,9574,12563.0,11856,31357.0,28496.0,6791.0,6190.0,197.6,6,Syn
7627.0,20202.0,1828.0,4206.0,4065,4724,5177.0,6245,14419.0,16828.0,2815.0,3439.0,197.9,6,Syn
9691.0,15912.0,928.0,3279.0,547,2139,1153.0,2809,2799.0,7241.0,3350.0,2845.0,197.9,6,Syn
2185.0,7940.0,96.0,2540.0,2331,4419,3267.0,5485,8906.0,15485.0,386.0,454.0,197.9,6,Syn
14641.0,27579.0,1924.0,4213.0,4403,3907,6494.0,6677,16787.0,16953.0,1587.0,3446.0,197.9,6,Syn
2668.0,16827.0,1014.0,3645.0,2860,6375,3649.0,8344,9789.0,21094.0,1158.0,1974.0,197.9,6,Syn
3515.0,10830.0,0.0,898.0,1374,4554,1892.0,5839,4561.0,14161.0,550.0,773.0,197.9,6,Syn
6127.0,13562.0,1828.0,4209.0,7034,8660,8448.0,10107,21789.0,25573.0,1958.0,3305.0,198.0,6,Syn
10817.0,23636.0,4777.0,9131.0,5111,5120,6554.0,6626,16301.0,16713.0,1868.0,3913.0,198.2,6,Syn
5261.0,11629.0,1275.0,3424.0,3330,3630,4747.0,5223,10303.0,11133.0,1755.0,2130.0,198.2,6,Syn
3633.0,9068.0,1992.0,4854.0,2678,3036,3544.0,3944,11100.0,13267.0,462.0,2357.0,198.2,6,Syn
13639.0,36682.0,5096.0,11355.0,3820,4369,5724.0,6621,16528.0,19676.0,3444.0,3784.0,198.2,6,Syn
6996.0,13416.0,1977.0,3527.0,2247,2280,2992.0,3142,6601.0,7107.0,1147.0,1891.0,198.3,6,Syn
2016.0,12435.0,1119.0,4418.0,2373,4905,3114.0,6937,6389.0,14640.0,690.0,1251.0,198.4,6,Syn
3485.0,14749.0,569.0,3007.0,1520,3183,2329.0,4852,4274.0,9975.0,0.0,468.0,198.4,6,Syn
9561.0,13793.0,2204.0,3009.0,5311,5521,6484.0,6390,17435.0,16061.0,3165.0,4081.0,198.5,6,Syn
2218.0,12526.0,758.0,3043.0,1890,5189,2094.0,5807,4568.0,13744.0,2018.0,3909.0,198.6,6,Syn
455.0,2131.0,298.0,2207.0,1851,5094,2493.0,6487,6178.0,16048.0,418.0,858.0,198.6,6,Syn
2452.0,9544.0,590.0,2082.0,530,1031,522.0,1077,2052.0,4339.0,1971.0,2748.0,198.7,6,Syn
6252.0,14121.0,976.0,4708.0,3748,4129,4508.0,4983,12439.0,12959.0,1676.0,2224.0,198.7,6,Syn
2943.0,8282.0,1654.0,3681.0,2403,2621,2610.0,3165,7745.0,8921.0,2011.0,1763.0,198.8,6,Syn
5258.0,12589.0,2382.0,4128.0,3941,4560,4887.0,5838,14136.0,15427.0,1056.0,2245.0,198.8,6,Syn
9544.0,18045.0,2949.0,4989.0,3277,3070,4577.0,4496,13158.0,13015.0,1412.0,1820.0,198.9,6,Syn
5098.0,12329.0,4083.0,6396.0,3078,2887,4090.0,4106,10875.0,11231.0,2429.0,2343.0,199.0,6,Syn
17331.0,29810.0,2631.0,5410.0,5073,5364,6867.0,7081,19350.0,20166.0,4100.0,4243.0,199.1,6,Syn
6018.0,11236.0,2925.0,5168.0,2585,2783,4014.0,4007,9242.0,9822.0,579.0,2226.0,199.2,6,Syn
2508.0,7436.0,1079.0,2598.0,2389,2657,3106.0,3399,7588.0,8521.0,1746.0,2062.0,199.4,6,Syn
7334.0,19668.0,1481.0,4138.0,2898,3142,4674.0,5028,12497.0,12650.0,1816.0,2473.0,199.5,6,Syn
9935.0,26162.0,1580.0,4071.0,2745,3496,4132.0,4759,11591.0,13684.0,4785.0,3615.0,199.7,6,Syn
2698.0,15537.0,1079.0,3928.0,3096,8659,3406.0,9742,7535.0,19455.0,307.0,2198.0,199.7,6,Syn
8368.0,16586.0,3206.0,5324.0,3597,3760,5238.0,5601,14891.0,15281.0,1812.0,3646.0,199.8,6,Syn
18326.0,32109.0,63678.0,100570.0,5739,5686,8064.0,8468,23850.0,23573.0,5547.0,5456.0,199.8,6,Syn
17371.0,24362.0,1968.0,2913.0,5127,5244,7002.0,7012,19051.0,18428.0,3417.0,4034.0,199.8,6,Syn
9716.0,17375.0,2126.0,4546.0,2287,2029,3921.0,3717,13812.0,13999.0,6117.0,5877.0,199.8,6,Syn
2253.0,10259.0,789.0,2312.0,1807,1965,2622.0,3087,6817.0,7329.0,1286.0,1630.0,199.9,6,Syn
13785.0,18677.0,2077.0,4254.0,4225,4500,5701.0,5827,15547.0,16133.0,4804.0,4084.0,200.1,6,Syn
5807.0,19262.0,2288.0,5888.0,1876,2139,3059.0,3609,8715.0,10035.0,1048.0,2057.0,200.1,6,Syn
5095.0,14462.0,1998.0,4286.0,1861,2232,2543.0,3041,6243.0,7842.0,1669.0,1640.0,200.2,6,Syn
5680.0,13836.0,2154.0,5237.0,3742,4223,4906.0,5558,13398.0,14943.0,0.0,380.0,200.3,6,Syn
1367.0,8175.0,564.0,3110.0,2216,5806,2559.0,6710,6444.0,17385.0,854.0,3107.0,200.5,6,Syn
4550.0,18486.0,1543.0,4650.0,823,2007,1223.0,2595,3854.0,8889.0,1850.0,3045.0,200.5,6,Syn
4022.0,10560.0,1242.0,3183.0,916,2415,1019.0,2850,3322.0,8718.0,302.0,705.0,200.5,6,Syn
5253.0,11772.0,1476.0,3500.0,562,846,507.0,1343,1662.0,4642.0,1322.0,1155.0,200.6,6,Syn
2287.0,12420.0,1098.0,4116.0,1499,2379,2013.0,3231,5833.0,9423.0,1138.0,1847.0,200.6,6,Syn
1992.0,11192.0,762.0,3281.0,418,1221,537.0,1710,1346.0,4649.0,0.0,0.0,200.6,6,Syn
5299.0,16448.0,168.0,1252.0,2048,2929,2181.0,3548,6005.0,9633.0,2275.0,2567.0,200.8,6,Syn
3625.0,13654.0,442.0,1791.0,844,2012,1280.0,3150,3237.0,8487.0,927.0,1054.0,200.8,6,Syn
6003.0,12363.0,1513.0,2974.0,5015,5274,6235.0,6371,13833.0,13649.0,1705.0,2991.0,200.9,6,Syn
3235.0,8611.0,1220.0,3810.0,2039,2382,2844.0,2902,7387.0,8068.0,1021.0,2058.0,200.9,6,Syn
2984.0,7879.0,1043.0,2241.0,1824,2322,2812.0,3487,7450.0,9518.0,950.0,1571.0,200.9,6,Syn
7749.0,17261.0,2427.0,5247.0,4330,4409,5972.0,5971,16395.0,16357.0,1064.0,2471.0,201.0,6,Syn
7455.0,13515.0,1984.0,2628.0,1825,1676,3149.0,3088,7540.0,7734.0,1205.0,1400.0,201.0,6,Syn
5362.0,20472.0,1919.0,6353.0,3494,5515,5351.0,8683,13902.0,22596.0,1897.0,3109.0,201.3,6,Syn
1945.0,7184.0,351.0,1836.0,734,2091,1047.0,3241,2170.0,7390.0,0.0,0.0,201.3,6,Syn
4243.0,13789.0,1265.0,4256.0,2120,4749,2874.0,6700,6727.0,16264.0,906.0,1876.0,201.3,6,Syn
17864.0,21311.0,2801.0,6145.0,2655,2324,3487.0,3689,11432.0,11294.0,3213.0,3483.0,201.4,6,Syn
9349.0,16939.0,1951.0,3503.0,2310,2618,3497.0,3409,9308.0,9648.0,1637.0,1731.0,201.4,6,Syn
29580.0,57188.0,19130.0,32636.0,6130,6503,8357.0,8415,24433.0,24012.0,4276.0,6680.0,201.5,6,Syn
4044.0,13596.0,2413.0,5719.0,5473,6176,6891.0,7727,16141.0,18212.0,988.0,1904.0,201.6,6,Syn
26259.0,31900.0,3827.0,5180.0,9866,10463,12656.0,12675,31927.0,31144.0,2368.0,5041.0,201.7,6,Syn
10799.0,23799.0,3312.0,6730.0,4382,4960,6396.0,6940,15907.0,16974.0,782.0,1549.0,201.8,6,Syn
2014.0,5669.0,168.0,1875.0,825,1951,945.0,2206,2263.0,5380.0,1667.0,2260.0,201.8,6,Syn
1201.0,4697.0,554.0,2058.0,1917,2764,2742.0,4045,5434.0,7758.0,252.0,335.0,201.8,6,Syn
9752.0,17634.0,3335.0,5758.0,6730,7110,8919.0,9892,21813.0,23213.0,3717.0,3470.0,201.8,6,Syn
12360.0,25605.0,1349.0,4524.0,4806,5031,5694.0,5991,16540.0,17225.0,1593.0,3778.0,201.8,6,Syn
25644.0,32505.0,7398.0,11445.0,2362,2173,5183.0,4822,16031.0,15509.0,5787.0,5912.0,201.9,6,Syn
27364.0,45593.0,3448.0,5552.0,9437,9270,12754.0,12823,33238.0,33483.0,5808.0,7434.0,201.9,6,Syn
9425.0,17924.0,2207.0,4078.0,3597,3863,4046.0,4083,10596.0,10156.0,3253.0,2568.0,201.9,6,Syn
11935.0,15638.0,2912.0,5042.0,4903,4956,6444.0,6835,17749.0,17974.0,1915.0,2253.0,202.1,6,Syn
20011.0,24395.0,2610.0,4118.0,9060,8951,10965.0,11214,30624.0,30601.0,6990.0,6057.0,202.2,6,Syn
2648.0,13286.0,767.0,2555.0,2458,3043,3428.0,4503,8730.0,11261.0,389.0,909.0,202.4,6,Syn
15718.0,19755.0,5221.0,8861.0,1408,1435,2855.0,2978,8015.0,9197.0,4541.0,3831.0,202.4,6,Syn
8537.0,15496.0,962.0,2146.0,2416,3834,3055.0,5072,7918.0,11476.0,2497.0,1721.0,202.4,6,Syn
12039.0,24096.0,2995.0,4411.0,2998,2928,4420.0,4287,13180.0,12557.0,2231.0,3951.0,202.4,6,Syn
6670.0,15763.0,1193.0,5023.0,2388,3913,3476.0,6264,8623.0,14209.0,986.0,1113.0,202.4,6,Syn
3280.0,14461.0,1802.0,4453.0,1638,3920,3116.0,6259,8280.0,15294.0,2563.0,2787.0,202.5,6,Syn
3147.0,6661.0,1426.0,3891.0,1522,3910,1782.0,5002,4030.0,11033.0,884.0,1355.0,202.5,6,Syn
22429.0,32143.0,2516.0,3906.0,3300,3083,5331.0,5183,15169.0,14375.0,5042.0,4932.0,202.5,6,Syn
3027.0,8435.0,2669.0,6223.0,7224,8036,8083.0,8818,16338.0,17431.0,1392.0,2375.0,202.5,6,Syn
11575.0,28746.0,3431.0,7223.0,4399,4775,6173.0,6573,16761.0,18505.0,1529.0,3655.0,202.5,6,Syn
11891.0,24661.0,2578.0,4228.0,6018,6748,7839.0,8435,20625.0,21253.0,2094.0,3255.0,202.7,6,Syn
9824.0,24188.0,2777.0,6309.0,4109,4545,5762.0,6607,14994.0,17186.0,562.0,3202.0,202.7,6,Syn
1396.0,7725.0,950.0,5119.0,1650,3865,2246.0,5317,5048.0,12383.0,521.0,843.0,202.7,6,Syn
4269.0,14072.0,140.0,1540.0,1111,2378,1094.0,2784,3083.0,8182.0,1368.0,1680.0,202.9,6,Syn
3927.0,18140.0,97.0,953.0,1679,3077,2101.0,4108,4758.0,9801.0,88.0,427.0,202.9,6,Syn
9327.0,20786.0,1639.0,3321.0,2446,2530,2697.0,3099,8734.0,10030.0,1038.0,2794.0,202.9,6,Syn
5613.0,12474.0,1206.0,2843.0,3333,3689,3832.0,4301,10397.0,11715.0,1378.0,1819.0,202.9,6,Syn
5537.0,11693.0,1452.0,4214.0,1525,1704,2399.0,3067,6882.0,8649.0,22.0,1883.0,203.0,6,Syn
12394.0,12256.0,1477.0,4547.0,4079,3308,5322.0,5368,13756.0,12966.0,3572.0,3021.0,203.0,6,Syn
3244.0,6679.0,1781.0,5215.0,2794,2991,3749.0,4357,10718.0,11520.0,749.0,2215.0,203.0,6,Syn
5813.0,17673.0,896.0,2779.0,4996,5675,5736.0,7146,13439.0,15655.0,1235.0,1666.0,203.0,6,Syn
7484.0,12952.0,1208.0,2578.0,1215,3345,1583.0,3956,4419.0,11803.0,145.0,985.0,203.0,6,Syn
1838.0,10398.0,669.0,2610.0,1034,2116,1413.0,2824,3757.0,7419.0,94.0,986.0,203.1,6,Syn
1772.0,9892.0,345.0,2020.0,1085,2145,1259.0,2826,3388.0,7318.0,325.0,728.0,203.1,6,Syn
9608.0,13131.0,2809.0,5021.0,4341,4409,5783.0,5825,15287.0,13647.0,3168.0,3881.0,203.2,6,Syn
2540.0,11801.0,811.0,3043.0,2156,2683,2752.0,3725,6888.0,9200.0,68.0,44.0,203.2,6,Syn
4973.0,13236.0,2707.0,5357.0,5552,6611,6983.0,8104,16659.0,18094.0,0.0,3441.0,203.4,6,Syn
7149.0,16095.0,942.0,2546.0,4886,5406,7003.0,7128,18817.0,19725.0,1547.0,2711.0,203.4,6,Syn
4304.0,14684.0,959.0,2621.0,1822,2638,2307.0,3096,7074.0,9230.0,1877.0,1887.0,203.6,6,Syn
782.0,4530.0,490.0,1621.0,1697,2298,2623.0,3719,6247.0,9028.0,0.0,316.0,203.6,6,Syn
2585.0,14180.0,866.0,2842.0,859,2352,940.0,2702,3009.0,7651.0,565.0,748.0,203.6,6,Syn
2567.0,10114.0,902.0,1965.0,1864,2900,2199.0,3451,4790.0,8380.0,329.0,571.0,203.6,6,Syn
39571.0,72957.0,16013.0,28596.0,6622,6875,9684.0,9630,25078.0,25706.0,5837.0,7640.0,203.7,6,Syn
14469.0,24931.0,2919.0,3855.0,4696,4467,7510.0,7059,17965.0,17322.0,5530.0,4277.0,203.7,6,Syn
2009.0,7221.0,1333.0,4148.0,2492,3360,2945.0,3897,7560.0,9857.0,123.0,998.0,203.7,6,Syn
9258.0,10817.0,2370.0,3879.0,1896,2062,2906.0,2797,7941.0,7961.0,2052.0,1865.0,203.7,6,Syn
10800.0,23071.0,2195.0,3768.0,3291,3154,4861.0,4843,14891.0,14832.0,5428.0,4662.0,203.7,6,Syn
6605.0,14165.0,2032.0,3050.0,2409,2649,3254.0,3599,8372.0,9060.0,1768.0,1789.0,203.9,6,Syn
10027.0,24749.0,3920.0,7567.0,5576,5887,7125.0,7364,19313.0,19482.0,3192.0,4041.0,204.1,6,Syn
4373.0,7194.0,1043.0,3384.0,1725,2270,2843.0,3651,7819.0,10346.0,2877.0,2548.0,204.3,6,Syn
3324.0,7592.0,872.0,2328.0,408,985,526.0,1492,1753.0,4982.0,133.0,644.0,204.5,6,Syn
19281.0,32622.0,2420.0,4013.0,7159,6616,9298.0,9232,25185.0,23631.0,6047.0,5521.0,204.5,6,Syn
26790.0,32265.0,2964.0,6466.0,7985,8309,11967.0,11958,27749.0,27491.0,3577.0,5396.0,204.5,6,Syn
12083.0,22643.0,1907.0,2705.0,5124,5903,7592.0,8291,19443.0,20846.0,5089.0,3671.0,204.6,6,Syn
3055.0,11248.0,1340.0,4892.0,1803,2978,2537.0,4122,6176.0,10334.0,317.0,991.0,204.6,6,Syn
8005.0,11058.0,1441.0,2858.0,6706,6769,8309.0,8890,18215.0,18866.0,4309.0,3419.0,204.6,6,Syn
5620.0,10963.0,2487.0,5175.0,1632,2024,2044.0,2175,6854.0,7094.0,1249.0,1084.0,204.7,6,Syn
3784.0,10486.0,1338.0,6156.0,402,1350,951.0,2396,2988.0,7095.0,2152.0,2632.0,204.8,6,Syn
1316.0,7217.0,2185.0,7245.0,2021,3403,2698.0,4434,7842.0,13154.0,352.0,829.0,204.8,6,Syn
10145.0,26205.0,1153.0,2483.0,6987,8303,9822.0,11155,22182.0,25680.0,1809.0,2438.0,204.8,6,Syn
11429.0,17133.0,5776.0,10055.0,5039,4849,6977.0,7287,17126.0,16795.0,1315.0,2706.0,204.9,6,Syn
3117.0,11028.0,2277.0,4784.0,2634,2957,3441.0,3960,8391.0,9476.0,1296.0,2430.0,205.0,6,Syn
3783.0,13747.0,1040.0,2946.0,1701,2662,2461.0,3836,7156.0,10227.0,1190.0,3076.0,205.1,6,Syn
22392.0,32701.0,3858.0,5118.0,3843,3988,7024.0,6821,22375.0,22639.0,5206.0,4721.0,205.1,6,Syn
2411.0,13433.0,835.0,4316.0,867,2700,1239.0,3669,3222.0,8240.0,1047.0,1750.0,205.4,6,Syn
4516.0,15199.0,1102.0,5030.0,2006,3669,2306.0,4759,5478.0,10451.0,1035.0,1208.0,205.4,6,Syn
6855.0,19142.0,2222.0,3793.0,2506,2978,3062.0,3780,7651.0,8964.0,1549.0,1466.0,205.4,6,Syn
5608.0,21098.0,3100.0,6744.0,3763,3848,5067.0,5677,13180.0,13780.0,486.0,2683.0,205.6,6,Syn
12470.0,20942.0,3124.0,5391.0,2862,2954,3983.0,4047,10103.0,10613.0,2178.0,2309.0,205.6,6,Syn
8002.0,17206.0,1793.0,3976.0,2453,2590,3210.0,3540,6924.0,7578.0,247.0,921.0,205.7,6,Syn
5530.0,16752.0,2406.0,5169.0,2417,2655,3390.0,3919,8400.0,10042.0,1295.0,2881.0,205.7,6,Syn
12507.0,19353.0,4081.0,7563.0,3255,2948,4573.0,4597,10547.0,10389.0,1568.0,2186.0,205.7,6,Syn
3528.0,6689.0,1822.0,4650.0,3698,4056,4117.0,4500,10899.0,11655.0,1124.0,959.0,205.7,6,Syn
8347.0,26176.0,894.0,2343.0,2420,2428,4337.0,4545,13219.0,13416.0,1898.0,3792.0,205.8,6,Syn
20675.0,18939.0,1936.0,2982.0,1828,2385,3817.0,3714,11088.0,10765.0,2281.0,3632.0,205.9,6,Syn
6672.0,9131.0,1536.0,3396.0,13416,14350,13634.0,14364,26752.0,27933.0,2532.0,4325.0,206.0,6,Syn
14891.0,16096.0,4286.0,6131.0,2787,2858,3787.0,3498,10146.0,8724.0,2595.0,2132.0,206.0,6,Syn
5512.0,18799.0,1077.0,2824.0,4234,4859,5642.0,6924,14691.0,17467.0,1100.0,1672.0,206.1,6,Syn
5760.0,11038.0,4461.0,7163.0,3792,4031,4748.0,4765,13683.0,13902.0,2152.0,3226.0,206.2,6,Syn
6959.0,18823.0,4092.0,9229.0,2053,2234,2942.0,3083,6635.0,6301.0,729.0,1323.0,206.3,6,Syn
3557.0,13690.0,1769.0,3797.0,4501,5858,4900.0,6295,10872.0,13048.0,1109.0,1881.0,206.3,6,Syn
3108.0,9655.0,1476.0,5159.0,7766,9095,8721.0,10495,17998.0,20313.0,936.0,1825.0,206.5,6,Syn
7463.0,15051.0,753.0,1877.0,3261,3888,4194.0,4992,11053.0,12994.0,1143.0,1700.0,206.5,6,Syn
20173.0,30749.0,3220.0,6633.0,5866,6226,8647.0,8676,21769.0,20796.0,4711.0,3722.0,206.5,6,Syn
1725.0,4831.0,1366.0,3823.0,2017,3188,2830.0,4461,6853.0,10240.0,1342.0,2347.0,206.5,6,Syn
13153.0,18160.0,3367.0,5552.0,8848,9003,12030.0,11994,28431.0,26074.0,2794.0,5436.0,206.6,6,Syn
7108.0,9535.0,365.0,1111.0,2906,2930,4382.0,4039,10550.0,9863.0,1973.0,2345.0,206.7,6,Syn
11866.0,12472.0,1373.0,3274.0,2234,2643,2224.0,2949,7430.0,8956.0,2605.0,1688.0,206.7,6,Syn
2711.0,7771.0,1843.0,4276.0,1743,1964,3231.0,3552,7427.0,8450.0,1394.0,3041.0,206.8,6,Syn
11527.0,21051.0,2125.0,4715.0,2634,2517,6697.0,6885,17727.0,18793.0,1733.0,3771.0,206.8,6,Syn
3485.0,9133.0,1259.0,3359.0,992,1226,2650.0,3116,6425.0,7324.0,217.0,2604.0,206.8,6,Syn
9467.0,13191.0,1877.0,3062.0,3400,3630,4537.0,4759,13365.0,12801.0,582.0,4274.0,206.9,6,Syn
1908.0,10391.0,1096.0,3696.0,2364,4327,3409.0,6191,7913.0,13943.0,997.0,1750.0,206.9,6,Syn
866.0,3514.0,1168.0,4427.0,970,1923,1375.0,3681,3506.0,8954.0,1380.0,2869.0,207.0,6,Syn
2301.0,13086.0,813.0,3809.0,835,1928,1461.0,3769,4286.0,10080.0,402.0,1025.0,207.0,6,Syn
8246.0,14229.0,2947.0,6173.0,5102,5719,6781.0,7026,16956.0,17209.0,1646.0,2813.0,207.1,6,Syn
3087.0,10918.0,389.0,1266.0,741,1742,1217.0,2425,2595.0,4472.0,291.0,1123.0,207.3,6,Syn
5217.0,9338.0,1970.0,3731.0,2905,3578,3358.0,3908,9933.0,11754.0,2015.0,1766.0,207.3,6,Syn
15487.0,18143.0,2985.0,3280.0,4527,4597,6220.0,6670,18530.0,19266.0,92.0,2477.0,207.3,6,Syn
5408.0,8907.0,3160.0,5943.0,6174,6953,7112.0,8061,15605.0,17167.0,747.0,2745.0,207.4,6,Syn
10214.0,16279.0,1299.0,3937.0,4587,4582,6213.0,6329,15040.0,15502.0,2870.0,3106.0,207.5,6,Syn
3626.0,7094.0,2930.0,4825.0,7576,7526,8336.0,8758,19035.0,19614.0,1052.0,3654.0,207.5,6,Syn
8149.0,15059.0,2003.0,3311.0,5941,6371,7512.0,8215,15555.0,15598.0,1745.0,1971.0,207.9,6,Syn
5655.0,15175.0,1526.0,3884.0,1990,2552,2925.0,3371,8274.0,10186.0,551.0,2273.0,208.0,6,Syn
1391.0,8288.0,429.0,1789.0,971,1752,1343.0,2380,3858.0,6666.0,0.0,74.0,208.1,6,Syn
1608.0,10918.0,157.0,829.0,526,1524,839.0,2146,1839.0,5305.0,244.0,380.0,208.1,6,Syn
4893.0,17525.0,1302.0,3205.0,2056,2779,2512.0,3514,7669.0,10809.0,839.0,1862.0,208.1,6,Syn
6701.0,10921.0,2252.0,3011.0,2869,2982,4240.0,3959,10644.0,10161.0,2540.0,2605.0,208.1,6,Syn
4257.0,9980.0,1481.0,5116.0,2591,3045,3468.0,3956,10115.0,11805.0,1301.0,2079.0,208.1,6,Syn
3129.0,18670.0,1059.0,3754.0,2474,4363,3062.0,5300,7953.0,14116.0,1012.0,2371.0,208.3,6,Syn
4674.0,13794.0,2590.0,5866.0,2778,4102,3687.0,5692,9479.0,13916.0,1343.0,2125.0,208.5,6,Syn
6219.0,17983.0,2942.0,4363.0,2075,2215,3911.0,3544,10366.0,9529.0,825.0,3466.0,208.5,6,Syn
4723.0,12033.0,1639.0,3250.0,4891,5475,6885.0,7079,16428.0,17285.0,1401.0,2634.0,208.6,6,Syn
800.0,3820.0,1093.0,5133.0,355,747,791.0,2113,2282.0,5804.0,1416.0,3361.0,208.7,6,Syn
7057.0,18014.0,1999.0,5049.0,4267,4680,5537.0,6066,15342.0,17241.0,1467.0,2652.0,209.1,6,Syn
22106.0,37863.0,20099.0,33450.0,4759,4930,6434.0,6317,21028.0,20596.0,2266.0,4939.0,209.2,6,Syn
4466.0,15574.0,1167.0,3927.0,2784,3647,3602.0,4972,8711.0,11642.0,0.0,1003.0,209.2,6,Syn
17845.0,38082.0,1371.0,3279.0,9978,10008,13913.0,14278,31235.0,30287.0,801.0,6745.0,209.3,6,Syn
3487.0,7866.0,2155.0,5444.0,997,1774,1040.0,2321,2531.0,5012.0,1346.0,1407.0,209.3,6,Syn
20176.0,30085.0,2056.0,3681.0,9974,10640,13217.0,13435,30026.0,29600.0,3970.0,6948.0,209.9,6,Syn
8688.0,10579.0,2312.0,2980.0,2630,2714,3106.0,3252,9924.0,9338.0,2759.0,2506.0,209.9,6,Syn
1776.0,9711.0,1077.0,3236.0,1278,2678,2010.0,4020,5515.0,11676.0,1202.0,3331.0,209.9,6,Syn
14190.0,23153.0,3656.0,5021.0,4234,4061,6143.0,6006,16599.0,16495.0,2833.0,3184.0,210.1,6,Syn
10043.0,15310.0,897.0,3035.0,1380,1364,2857.0,2709,7549.0,7742.0,1985.0,1610.0,210.3,6,Syn
1944.0,9319.0,1083.0,3702.0,2325,4604,2818.0,5311,6659.0,11391.0,636.0,1136.0,210.5,6,Syn
9409.0,10240.0,2250.0,4463.0,5314,5691,6067.0,5805,16468.0,14680.0,5600.0,3790.0,210.6,6,Syn
4062.0,12234.0,1558.0,4511.0,844,2404,1315.0,2843,3220.0,7037.0,2283.0,2384.0,210.6,6,Syn
482.0,2966.0,945.0,4088.0,1169,2845,1418.0,3324,2753.0,7026.0,521.0,1136.0,210.6,6,Syn
7320.0,22409.0,2473.0,4965.0,4257,4508,5132.0,5514,14315.0,15661.0,2066.0,2017.0,210.7,6,Syn
21736.0,25252.0,1992.0,4865.0,2092,2038,4738.0,4646,14035.0,11938.0,2211.0,5553.0,210.8,6,Syn
6898.0,13738.0,1050.0,3689.0,1510,1948,2654.0,3024,7595.0,8316.0,2254.0,2551.0,210.9,6,Syn
4546.0,12842.0,839.0,2723.0,2307,2615,3194.0,4030,9234.0,10743.0,1235.0,1380.0,211.0,6,Syn
6149.0,17858.0,1364.0,4263.0,3194,3987,4347.0,5237,9134.0,10223.0,845.0,1514.0,211.1,6,Syn
5767.0,11955.0,2619.0,4933.0,2416,2869,3561.0,4236,10715.0,11975.0,4165.0,4305.0,211.2,6,Syn
5784.0,14969.0,1083.0,3427.0,1242,1365,1592.0,1757,4555.0,5723.0,643.0,775.0,211.3,6,Syn
22291.0,37250.0,2360.0,4367.0,11219,11866,15036.0,15819,31622.0,33649.0,4294.0,7228.0,211.3,6,Syn
4460.0,12462.0,1616.0,3684.0,8360,10217,9200.0,10948,16607.0,19485.0,3291.0,3601.0,211.5,6,Syn
1473.0,6068.0,964.0,2912.0,1923,2927,2404.0,3578,5947.0,8655.0,194.0,1504.0,211.6,6,Syn
5159.0,11000.0,2210.0,3898.0,4505,5666,5789.0,6427,11877.0,13241.0,0.0,1731.0,211.7,6,Syn
14334.0,15326.0,3227.0,4603.0,3424,3530,4679.0,4587,12911.0,11726.0,3057.0,2558.0,211.7,6,Syn
8611.0,20398.0,2579.0,5173.0,2210,2164,2789.0,2700,6925.0,7132.0,2014.0,2217.0,211.8,6,Syn
1958.0,10233.0,485.0,1761.0,819,1872,993.0,2671,3308.0,8111.0,644.0,1338.0,211.8,6,Syn
1036.0,5105.0,501.0,1946.0,1374,2363,1870.0,3591,4931.0,9290.0,478.0,854.0,211.8,6,Syn
4349.0,23519.0,1822.0,7049.0,2147,5417,2979.0,8116,7162.0,17967.0,1036.0,3621.0,211.8,6,Syn
1556.0,6976.0,1491.0,6125.0,3615,6600,4621.0,9294,11122.0,20562.0,0.0,640.0,211.8,6,Syn
875.0,4548.0,1289.0,4346.0,2721,7988,2909.0,8256,6850.0,17590.0,2012.0,3288.0,211.9,6,Syn
2346.0,15373.0,863.0,4351.0,3834,9524,4539.0,10517,9428.0,21553.0,1009.0,1782.0,211.9,6,Syn
8926.0,17607.0,2004.0,3902.0,5519,5894,6716.0,6645,18111.0,18273.0,1602.0,3144.0,212.0,6,Syn
6016.0,12395.0,878.0,2959.0,1958,1821,3095.0,3164,8693.0,8897.0,1532.0,1645.0,212.0,6,Syn
10875.0,15333.0,684.0,2962.0,5132,5096,6633.0,6404,17850.0,15854.0,4159.0,3991.0,212.1,6,Syn
2287.0,6928.0,1735.0,3792.0,1561,1820,1821.0,2011,5037.0,4708.0,772.0,1435.0,212.2,6,Syn
6414.0,10707.0,1053.0,2952.0,3386,6954,4450.0,8601,13046.0,22953.0,5409.0,4655.0,212.4,6,Syn
2246.0,7141.0,250.0,2634.0,2310,6270,2907.0,7673,7444.0,20189.0,1398.0,1885.0,212.4,6,Syn
2506.0,10487.0,1368.0,3276.0,2595,3091,2977.0,3739,7330.0,8587.0,708.0,1488.0,212.6,6,Syn
15783.0,22675.0,3264.0,6283.0,3053,3395,4520.0,4942,10520.0,11596.0,781.0,1343.0,212.7,6,Syn
11690.0,12404.0,3168.0,5713.0,5396,5153,6961.0,7310,17722.0,16606.0,2645.0,2702.0,212.7,6,Syn
4870.0,12886.0,1012.0,4103.0,2413,4540,2596.0,5072,6580.0,12093.0,2101.0,2206.0,212.8,6,Syn
999.0,5940.0,307.0,3349.0,1432,4025,1751.0,4760,4537.0,11731.0,161.0,309.0,212.8,6,Syn
4076.0,11002.0,2246.0,6821.0,2899,3421,3714.0,4438,10609.0,12039.0,1725.0,2305.0,212.9,6,Syn
174699.0,262483.0,278611.0,376004.0,5272,5089,6648.0,6519,24282.0,21275.0,8297.0,6102.0,213.0,6,Syn
4854.0,8687.0,1357.0,3737.0,4735,4606,5514.0,5636,12779.0,13285.0,646.0,1559.0,213.0,6,Syn
9338.0,18503.0,1409.0,3690.0,2566,2682,3329.0,3427,9455.0,10238.0,603.0,1424.0,213.1,6,Syn
21861.0,30297.0,3486.0,7092.0,2163,1997,3801.0,3796,9212.0,9479.0,1009.0,3067.0,213.2,6,Syn
15527.0,32681.0,4993.0,9347.0,9899,10317,12980.0,13076,29798.0,30567.0,6029.0,5330.0,213.2,6,Syn
9720.0,28549.0,2813.0,5413.0,5344,5803,6953.0,7754,18037.0,19323.0,3495.0,3771.0,213.3,6,Syn
5637.0,12619.0,1929.0,4103.0,2926,3424,4024.0,4484,13182.0,14884.0,1626.0,3906.0,213.4,6,Syn
6476.0,10962.0,113.0,1928.0,2766,2521,3656.0,3556,8893.0,8366.0,1979.0,1748.0,213.5,6,Syn
7391.0,15703.0,1716.0,4388.0,2078,2391,2878.0,2908,6407.0,6373.0,717.0,1434.0,213.5,6,Syn
12026.0,26054.0,2576.0,4820.0,9550,9822,11983.0,12935,27268.0,28003.0,3081.0,5323.0,213.5,6,Syn
10997.0,17694.0,1441.0,2436.0,6181,6408,8679.0,8995,21143.0,21169.0,3499.0,3278.0,213.7,6,Syn
1265.0,7774.0,212.0,952.0,515,1213,621.0,1556,1947.0,4128.0,3311.0,7769.0,213.7,6,Syn
33435.0,42577.0,3070.0,6080.0,11602,12580,16136.0,16672,38179.0,39506.0,4601.0,7809.0,213.7,6,Syn
6722.0,23714.0,1344.0,3450.0,3910,4894,5211.0,6597,13924.0,17093.0,2272.0,3905.0,213.8,6,Syn
6874.0,15386.0,775.0,2880.0,502,1973,913.0,2551,2580.0,7935.0,218.0,1102.0,213.8,6,Syn
3347.0,18419.0,781.0,3260.0,2480,3930,2849.0,4719,7464.0,12302.0,223.0,419.0,213.8,6,Syn
1294.0,7840.0,145.0,1312.0,840,2323,810.0,2755,1961.0,6672.0,392.0,484.0,213.8,6,Syn
4146.0,15617.0,2710.0,6886.0,5103,6858,6819.0,9213,14436.0,19582.0,0.0,1286.0,214.0,6,Syn
5247.0,21995.0,343.0,2671.0,961,3028,1132.0,4024,2370.0,8132.0,59.0,369.0,214.0,6,Syn
4313.0,10326.0,1833.0,3349.0,3871,4073,4802.0,5245,11498.0,12130.0,646.0,1926.0,214.1,6,Syn
8540.0,25167.0,1153.0,2659.0,6184,6978,7688.0,8621,18731.0,20434.0,1786.0,2994.0,214.2,6,Syn
1287.0,6413.0,993.0,3847.0,1659,2549,1767.0,2600,4710.0,7358.0,296.0,466.0,214.3,6,Syn
1033.0,4881.0,1229.0,3983.0,1336,2694,1518.0,3545,4067.0,8666.0,629.0,1351.0,214.3,6,Syn
1413.0,6872.0,243.0,860.0,575,1701,582.0,1937,2253.0,5076.0,0.0,508.0,214.3,6,Syn
15919.0,32382.0,602.0,1405.0,7245,7617,8961.0,9159,22628.0,21411.0,1258.0,3899.0,214.5,6,Syn
5648.0,10190.0,1067.0,2572.0,4216,4004,4959.0,5167,10590.0,10795.0,1784.0,2502.0,214.5,6,Syn
5627.0,13011.0,1738.0,4667.0,3733,4263,4747.0,4938,12336.0,12174.0,1562.0,2887.0,214.5,6,Syn
20310.0,42306.0,2344.0,4086.0,10856,10054,14715.0,14522,36626.0,34396.0,6600.0,6946.0,214.5,6,Syn
109427.0,155290.0,3182760.0,4913010.0,5819,4657,5871.0,5730,17493.0,16504.0,4195.0,4792.0,214.5,6,Syn
16526.0,20124.0,2670.0,5870.0,5141,4756,6081.0,6019,18532.0,17180.0,4361.0,3921.0,214.6,6,Syn
1852.0,8016.0,1311.0,3813.0,2060,2746,3037.0,4302,8251.0,11759.0,30.0,685.0,214.6,6,Syn
6557.0,16179.0,1376.0,2589.0,1369,2843,2108.0,4400,4129.0,8693.0,2500.0,1810.0,214.6,6,Syn
3695.0,10842.0,1647.0,2448.0,1054,2683,1641.0,4033,3407.0,8512.0,196.0,351.0,214.6,6,Syn
11497.0,24588.0,2035.0,5360.0,5942,5836,7590.0,7968,18545.0,18673.0,1923.0,4428.0,214.8,6,Syn
1482.0,5130.0,890.0,3382.0,1631,2259,2407.0,3454,6160.0,8869.0,167.0,329.0,214.9,6,Syn
3794.0,13257.0,947.0,2011.0,1958,3418,2443.0,4767,6807.0,12544.0,1556.0,2269.0,215.0,6,Syn
6517.0,18910.0,1237.0,3056.0,569,1484,755.0,2436,1861.0,6883.0,401.0,596.0,215.0,6,Syn
12798.0,22399.0,1476.0,3688.0,7186,6842,9418.0,9892,21650.0,22761.0,2157.0,4945.0,215.1,6,Syn
10157.0,29798.0,3177.0,6944.0,3626,3882,5755.0,6676,16116.0,17860.0,928.0,2931.0,215.1,6,Syn
1786.0,10124.0,710.0,2600.0,1622,2833,2164.0,3846,5497.0,9815.0,548.0,1635.0,215.2,6,Syn
1963.0,10111.0,0.0,1922.0,382,1091,512.0,1681,1553.0,5555.0,10.0,181.0,215.2,6,Syn
5120.0,11816.0,2008.0,4943.0,2770,2766,4210.0,4622,11177.0,12851.0,2564.0,3060.0,215.2,6,Syn
11925.0,24748.0,1872.0,4833.0,2773,2631,4081.0,3916,11137.0,11379.0,2950.0,2284.0,215.5,6,Syn
23320.0,45016.0,6092.0,11078.0,9751,10328,12811.0,13243,34272.0,35608.0,6205.0,6947.0,215.6,6,Syn
9890.0,15378.0,2001.0,4009.0,6039,5660,8131.0,7898,20699.0,19159.0,5865.0,4157.0,215.7,6,Syn
15627.0,26330.0,2164.0,4281.0,6775,6534,8563.0,8080,17338.0,15840.0,2654.0,2676.0,215.7,6,Syn
8931.0,22655.0,1467.0,3760.0,5075,5198,7278.0,8077,19322.0,21338.0,1477.0,2485.0,215.7,6,Syn
12134.0,16898.0,2717.0,4153.0,4702,4933,7406.0,7632,19777.0,20700.0,1717.0,3316.0,215.7,6,Syn
4663.0,17388.0,1453.0,4918.0,3222,5520,4472.0,7334,11446.0,17922.0,671.0,2035.0,215.8,6,Syn
2366.0,7164.0,2526.0,6959.0,2382,3063,3052.0,4073,7922.0,10563.0,754.0,1143.0,215.8,6,Syn
10354.0,29347.0,1841.0,5553.0,5323,5704,6822.0,7888,18430.0,19834.0,4118.0,4328.0,215.8,6,Syn
23689.0,35852.0,5360.0,10107.0,7020,6346,9528.0,9084,25673.0,24277.0,6920.0,7283.0,216.1,6,Syn
23449.0,35263.0,3706.0,4763.0,4204,4265,6373.0,6367,19902.0,19180.0,7379.0,7171.0,216.2,6,Syn
12424.0,23149.0,2373.0,4652.0,4136,3961,5107.0,5551,14469.0,14962.0,4177.0,3690.0,216.5,6,Syn
16760.0,27581.0,2466.0,4707.0,7191,7444,11006.0,10930,25541.0,25078.0,4011.0,3896.0,216.6,6,Syn
9856.0,18306.0,1798.0,3357.0,5028,6525,5383.0,7147,14254.0,17572.0,2677.0,2354.0,216.7,6,Syn
2348.0,15288.0,741.0,2805.0,761,2704,911.0,3265,2242.0,8215.0,620.0,1220.0,216.7,6,Syn
7671.0,15544.0,3052.0,3868.0,3436,3667,4141.0,4278,12217.0,12489.0,1731.0,1816.0,217.0,6,Syn
6239.0,14767.0,2868.0,4955.0,4258,4995,4940.0,5660,13951.0,15250.0,3289.0,4368.0,217.1,6,Syn
7929.0,22396.0,1247.0,4374.0,3920,3996,5790.0,6541,16016.0,18873.0,957.0,1296.0,217.1,6,Syn
2910.0,6972.0,437.0,1769.0,1934,2063,2596.0,2783,7174.0,7809.0,345.0,667.0,217.2,6,Syn
7111.0,20067.0,4293.0,8615.0,2237,2397,3169.0,3422,7317.0,8506.0,453.0,880.0,217.3,6,Syn
6780.0,17542.0,300.0,1286.0,4744,5549,6021.0,7021,16571.0,18687.0,1810.0,3804.0,217.3,6,Syn
7834.0,16847.0,513.0,2729.0,2993,2846,4166.0,4198,11109.0,11309.0,2332.0,1839.0,217.3,6,Syn
7200.0,17822.0,1095.0,2770.0,6071,5782,6785.0,6947,17043.0,16252.0,3846.0,3025.0,217.4,6,Syn
10844.0,19061.0,2423.0,4244.0,1984,2035,4676.0,4771,11689.0,11891.0,4337.0,4376.0,217.5,6,Syn
9382.0,17322.0,1531.0,2987.0,3342,3240,4624.0,4633,13671.0,13441.0,4747.0,4579.0,217.6,6,Syn
14508.0,14554.0,3479.0,4743.0,4077,3858,5563.0,5391,15253.0,15704.0,3080.0,3286.0,217.7,6,Syn
8084.0,20888.0,1622.0,4499.0,7138,8320,7953.0,9466,15727.0,18063.0,0.0,3143.0,217.8,6,Syn
11647.0,26975.0,2775.0,3035.0,5897,5961,7505.0,7584,21281.0,20419.0,3797.0,5290.0,217.9,6,Syn
814.0,4766.0,77.0,1383.0,1167,2061,1387.0,2532,3484.0,6671.0,244.0,464.0,217.9,6,Syn
6939.0,12987.0,1222.0,2922.0,4438,4537,5079.0,5094,11995.0,11449.0,1521.0,1296.0,217.9,6,Syn
6974.0,13352.0,1146.0,2984.0,3849,4720,4695.0,5121,10810.0,12481.0,1743.0,2335.0,217.9,6,Syn
2650.0,10559.0,772.0,1848.0,560,1054,651.0,1349,1939.0,4398.0,3171.0,4099.0,218.0,6,Syn
4837.0,11511.0,1889.0,4602.0,4634,5191,5512.0,6391,15478.0,17977.0,1073.0,1496.0,218.0,6,Syn
4022.0,10165.0,1735.0,3565.0,3099,6107,3311.0,6585,7261.0,13742.0,2590.0,2671.0,218.0,6,Syn
3083.0,9178.0,756.0,2179.0,2486,5915,2811.0,6482,6043.0,13701.0,0.0,636.0,218.0,6,Syn
3439.0,10643.0,2240.0,5053.0,4355,4874,4925.0,5671,12301.0,14163.0,1968.0,2531.0,218.3,6,Syn
846.0,5040.0,719.0,5304.0,1302,3531,1290.0,3533,3331.0,9859.0,488.0,745.0,218.5,6,Syn
2677.0,13166.0,425.0,1698.0,364,678,566.0,1152,1841.0,4746.0,2333.0,3420.0,218.6,6,Syn
10120.0,13414.0,2286.0,3762.0,2352,2647,3569.0,4009,11366.0,12417.0,722.0,1114.0,218.6,6,Syn
2197.0,8921.0,214.0,1346.0,1451,3543,2418.0,5618,5015.0,11852.0,2067.0,2956.0,218.6,6,Syn
7082.0,19579.0,3549.0,8056.0,5471,6203,7357.0,8190,16765.0,18435.0,136.0,2509.0,218.6,6,Syn
5136.0,17447.0,1622.0,4627.0,4376,5384,5563.0,6769,13299.0,16268.0,1751.0,2364.0,218.7,6,Syn
8124.0,17202.0,1910.0,4483.0,2643,2630,3547.0,3998,12198.0,12347.0,2765.0,2989.0,218.8,6,Syn
6881.0,11677.0,2073.0,3865.0,4566,5150,5655.0,6312,13708.0,14992.0,3130.0,3312.0,218.8,6,Syn
10459.0,29948.0,1563.0,4546.0,13682,15542,14979.0,16490,29990.0,33911.0,366.0,1386.0,218.8,6,Syn
3971.0,11558.0,1189.0,4085.0,3457,4731,3898.0,5210,9959.0,12602.0,332.0,577.0,218.9,6,Syn
12916.0,16551.0,2428.0,3356.0,8338,9234,9108.0,10103,21893.0,23217.0,1141.0,2652.0,218.9,6,Syn
47820.0,71285.0,9102.0,13661.0,5212,5047,12002.0,12015,32760.0,32718.0,10576.0,10014.0,219.0,6,Syn
17458.0,18280.0,1752.0,2900.0,7816,7542,10965.0,11140,24133.0,23550.0,2332.0,2991.0,219.0,6,Syn
6163.0,13719.0,1191.0,3127.0,4919,6143,7259.0,9017,18609.0,21922.0,3634.0,3483.0,219.0,6,Syn
4342.0,14520.0,1455.0,3831.0,5637,8886,6356.0,9483,14072.0,19959.0,0.0,1218.0,219.1,6,Syn
1552.0,6642.0,664.0,2780.0,1520,5563,1788.0,6062,3535.0,12680.0,0.0,507.0,219.1,6,Syn
3224.0,8008.0,1270.0,3745.0,7994,9694,9308.0,11171,22682.0,25922.0,3265.0,3922.0,219.2,6,Syn
9464.0,20894.0,16566.0,32387.0,1888,2023,5110.0,5576,12444.0,14285.0,4127.0,5978.0,219.3,6,Syn
813.0,4849.0,727.0,2979.0,2802,5154,3150.0,5718,6545.0,11825.0,893.0,1290.0,219.3,6,Syn
1680.0,5337.0,532.0,1715.0,2038,2372,2797.0,3499,7363.0,9181.0,571.0,1491.0,219.3,6,Syn
18150.0,30685.0,4221.0,6430.0,5845,5683,7732.0,7886,18866.0,18363.0,1955.0,3339.0,219.3,6,Syn
1549.0,6069.0,1809.0,5835.0,1191,1555,1489.0,2189,3888.0,5845.0,428.0,395.0,219.4,6,Syn
7409.0,12327.0,1905.0,3650.0,2968,3334,4018.0,4195,10831.0,10981.0,1029.0,1672.0,219.5,6,Syn
1855.0,7569.0,130.0,1524.0,1127,2753,1627.0,4404,3944.0,10583.0,165.0,432.0,219.5,6,Syn
1464.0,8157.0,980.0,5252.0,1429,2283,1893.0,2967,4704.0,7631.0,193.0,387.0,219.5,6,Syn
24531.0,41175.0,3829.0,6128.0,6059,6978,9629.0,10116,27309.0,30220.0,7300.0,5145.0,219.5,6,Syn
117048.0,144850.0,64185.0,92218.0,11575,10631,10574.0,10524,26132.0,23553.0,4434.0,3363.0,219.5,6,Syn
2346.0,9380.0,581.0,1678.0,2189,3642,2956.0,4741,6792.0,10638.0,690.0,2078.0,219.6,6,Syn
25598.0,35958.0,2998.0,4402.0,2181,2019,5854.0,6096,14808.0,15300.0,4153.0,4966.0,219.7,6,Syn
5800.0,21417.0,1053.0,3076.0,4267,5621,6326.0,8453,16555.0,21463.0,976.0,3144.0,219.8,6,Syn
4769.0,15950.0,1474.0,4269.0,2619,3176,2597.0,3152,5519.0,6608.0,244.0,330.0,220.0,6,Syn
5800.0,12575.0,2061.0,4408.0,3701,3693,4881.0,5012,13552.0,14112.0,2792.0,3108.0,220.1,6,Syn
3410.0,12829.0,1462.0,5108.0,2160,2820,3143.0,4361,8746.0,12314.0,1219.0,1877.0,220.2,6,Syn
7866.0,22473.0,2204.0,4489.0,4004,4452,5588.0,6118,15744.0,16962.0,2274.0,2739.0,220.4,6,Syn
6729.0,14086.0,765.0,2187.0,4221,4160,5920.0,6273,14454.0,14632.0,2163.0,3949.0,220.6,6,Syn
1989.0,7309.0,465.0,2903.0,1481,3533,1792.0,4344,3979.0,8253.0,553.0,756.0,220.6,6,Syn
1969.0,9053.0,648.0,1909.0,607,2150,842.0,2459,1754.0,5941.0,188.0,500.0,220.6,6,Syn
6336.0,9882.0,3724.0,6408.0,1496,1593,2262.0,2123,6881.0,7317.0,1205.0,2002.0,220.6,6,Syn
27894.0,46183.0,3022.0,3546.0,4927,4893,7624.0,7397,23497.0,23436.0,3919.0,7630.0,220.7,6,Syn
11457.0,15924.0,1615.0,3313.0,6703,6882,8866.0,9100,24203.0,23435.0,2999.0,4129.0,220.7,6,Syn
4559.0,13260.0,1958.0,5207.0,2815,3843,4278.0,5701,9446.0,12809.0,2211.0,2583.0,220.8,6,Syn
1499.0,8061.0,949.0,3970.0,4010,8645,4173.0,9175,7810.0,15237.0,1371.0,2649.0,221.1,6,Syn
1777.0,6318.0,1127.0,3388.0,3958,4916,4988.0,6380,11137.0,14204.0,550.0,968.0,221.2,6,Syn
1080.0,4068.0,260.0,2070.0,1069,2510,1362.0,3130,3343.0,7279.0,588.0,1507.0,221.4,6,Syn
1531.0,8701.0,904.0,3475.0,1329,2795,1466.0,3217,3703.0,7661.0,53.0,252.0,221.4,6,Syn
2649.0,16918.0,1263.0,4915.0,1205,2966,1475.0,4040,4037.0,10999.0,635.0,1863.0,221.5,6,Syn
9075.0,21515.0,3082.0,5594.0,4363,4290,5696.0,5989,15758.0,16154.0,2570.0,3055.0,221.5,6,Syn
6080.0,12299.0,1414.0,4087.0,4502,5307,6188.0,7236,12389.0,14898.0,1824.0,2688.0,221.5,6,Syn
8728.0,11465.0,1016.0,3312.0,3787,3521,4647.0,4592,13057.0,11885.0,4838.0,3901.0,221.6,6,Syn
2237.0,12081.0,806.0,3723.0,1154,2962,1944.0,4420,4900.0,10881.0,1277.0,1919.0,221.6,6,Syn
2177.0,9603.0,73.0,572.0,1208,3213,1567.0,4263,3913.0,10007.0,1062.0,2232.0,221.6,6,Syn
11141.0,23088.0,3431.0,7426.0,3449,3582,5162.0,5453,16471.0,17035.0,2234.0,4833.0,221.6,6,Syn
10405.0,25202.0,2257.0,4160.0,4237,4434,6103.0,6544,17548.0,17209.0,3779.0,3803.0,221.6,6,Syn
16328.0,34100.0,4322.0,8244.0,2981,2983,5901.0,6062,17009.0,17658.0,2554.0,5707.0,221.8,6,Syn
5630.0,14274.0,1479.0,2984.0,4025,4785,5856.0,7390,15963.0,19923.0,2844.0,3941.0,221.8,6,Syn
3964.0,22468.0,538.0,2801.0,2521,4697,3275.0,5844,7820.0,13836.0,0.0,225.0,221.9,6,Syn
2100.0,5895.0,2070.0,4665.0,2021,3246,2617.0,4813,7461.0,13356.0,1997.0,2676.0,222.0,6,Syn
7785.0,20564.0,1659.0,3657.0,5221,6291,6576.0,7553,19908.0,22638.0,1564.0,3689.0,222.0,6,Syn
2337.0,7447.0,406.0,1762.0,2821,3487,3318.0,4247,7955.0,9359.0,1310.0,1268.0,222.1,6,Syn
2566.0,15124.0,538.0,1992.0,1626,2677,2219.0,3792,5358.0,9292.0,299.0,925.0,222.2,6,Syn
3090.0,17331.0,707.0,3183.0,1345,2663,1630.0,3207,3888.0,7971.0,326.0,1089.0,222.2,6,Syn
9820.0,24554.0,1685.0,4447.0,4366,4549,5543.0,6169,14787.0,16240.0,3703.0,3119.0,222.3,6,Syn
8084.0,16208.0,566.0,1764.0,3004,3323,4071.0,4532,9477.0,11262.0,1058.0,1950.0,222.4,6,Syn
8738.0,21809.0,2621.0,6767.0,5393,6242,6514.0,6765,15003.0,15269.0,1740.0,1532.0,222.4,6,Syn
7135.0,18515.0,6366.0,15008.0,4278,4719,5553.0,6216,14220.0,16066.0,1235.0,2623.0,222.6,6,Syn
8604.0,21952.0,1824.0,4581.0,3035,4807,4338.0,6812,11189.0,17918.0,3318.0,3692.0,222.7,6,Syn
7000.0,16212.0,2286.0,3837.0,3065,5016,4599.0,6372,11446.0,15686.0,1888.0,2087.0,222.7,6,Syn
3643.0,11109.0,2301.0,7052.0,2138,3708,3086.0,4839,7838.0,12358.0,972.0,3028.0,222.7,6,Syn
9644.0,18837.0,578.0,2635.0,2883,2997,3978.0,4149,10177.0,11138.0,681.0,1640.0,222.7,6,Syn
13236.0,24007.0,3724.0,6203.0,4204,4529,6533.0,6594,18305.0,17553.0,2631.0,4254.0,222.7,6,Syn
5458.0,14293.0,2756.0,3741.0,7518,7768,9466.0,9731,22822.0,23035.0,3969.0,4038.0,222.9,6,Syn
1800.0,9116.0,714.0,3502.0,814,2206,1050.0,3069,2754.0,8162.0,1831.0,2507.0,222.9,6,Syn
1561.0,9894.0,581.0,3764.0,2682,4950,3496.0,6657,8088.0,15390.0,927.0,1972.0,222.9,6,Syn
1172.0,7152.0,568.0,2741.0,1652,3046,1949.0,3563,4722.0,9369.0,647.0,1003.0,223.0,6,Syn
6018.0,14842.0,2257.0,5066.0,6779,8716,8332.0,10787,14901.0,18730.0,720.0,940.0,223.1,6,Syn
2398.0,8077.0,1980.0,5744.0,2941,3362,3920.0,4753,10877.0,12970.0,778.0,1869.0,223.2,6,Syn
2987.0,7516.0,1586.0,3532.0,2293,2909,2629.0,3476,7361.0,9557.0,1582.0,1559.0,223.2,6,Syn
9970.0,13860.0,2394.0,4288.0,5740,5298,6356.0,6211,15926.0,15649.0,1587.0,2222.0,223.4,6,Syn
7474.0,13220.0,1896.0,3664.0,3378,3243,5250.0,5418,13550.0,13179.0,4317.0,3168.0,223.4,6,Syn
6706.0,18781.0,1996.0,3392.0,2213,2466,3165.0,3760,9918.0,11847.0,2832.0,3210.0,223.4,6,Syn
8483.0,17756.0,882.0,2643.0,2782,2861,4374.0,4886,14402.0,13957.0,1976.0,3044.0,223.5,6,Syn
4251.0,16643.0,1495.0,4124.0,2702,3391,3646.0,4842,8996.0,11936.0,833.0,1325.0,223.5,6,Syn
11368.0,18133.0,2310.0,3945.0,1694,1468,3263.0,3399,11516.0,12246.0,2446.0,3912.0,223.6,6,Syn
2255.0,9314.0,1090.0,2887.0,743,1644,1350.0,2641,3839.0,6312.0,659.0,1044.0,223.7,6,Syn
3399.0,8559.0,1622.0,3765.0,1969,1875,2793.0,3075,7401.0,7960.0,1500.0,2399.0,223.7,6,Syn
6489.0,13411.0,2674.0,6758.0,1828,2001,2148.0,2517,6094.0,6999.0,56.0,816.0,223.8,6,Syn
8493.0,10638.0,101.0,2909.0,554,1764,1221.0,2458,2624.0,6595.0,1775.0,1937.0,223.8,6,Syn
5892.0,15887.0,2279.0,5300.0,2675,2914,3844.0,4133,9437.0,10804.0,445.0,654.0,223.9,6,Syn
3392.0,7421.0,2767.0,5467.0,1930,3728,2380.0,4825,5944.0,12443.0,3546.0,3504.0,223.9,6,Syn
5114.0,21049.0,1059.0,5185.0,1106,3146,1672.0,4369,4617.0,11156.0,294.0,337.0,223.9,6,Syn
12161.0,20506.0,6646.0,11104.0,5429,5878,6608.0,6840,22547.0,21387.0,2772.0,5258.0,223.9,6,Syn
7772.0,22673.0,3065.0,7345.0,6645,7937,7839.0,8832,19560.0,22084.0,256.0,1245.0,224.0,6,Syn
6532.0,22023.0,1330.0,3842.0,1763,2472,2227.0,3402,7480.0,10531.0,1863.0,2447.0,224.0,6,Syn
8134.0,15885.0,3306.0,4089.0,1825,1862,2935.0,3022,8755.0,8007.0,1983.0,1810.0,224.1,6,Syn
26064.0,44677.0,3405.0,5714.0,4658,4890,6605.0,6732,19529.0,19824.0,4347.0,5415.0,224.1,6,Syn
11874.0,15906.0,2930.0,4759.0,4732,4876,6422.0,6471,16429.0,16610.0,1958.0,3476.0,224.3,6,Syn
17991.0,32018.0,3537.0,7189.0,9887,10663,12905.0,13586,27657.0,28364.0,1356.0,5512.0,224.3,6,Syn
827.0,4451.0,305.0,2333.0,789,2387,781.0,2229,1873.0,4409.0,1441.0,2701.0,224.4,6,Syn
8199.0,16493.0,2447.0,4922.0,3956,5955,4596.0,5835,12612.0,15424.0,2804.0,1887.0,224.5,6,Syn
4032.0,11275.0,1483.0,4411.0,2423,2769,3962.0,4557,9107.0,9680.0,0.0,2696.0,224.5,6,Syn
8795.0,15722.0,2507.0,3472.0,4870,5109,6970.0,7499,17628.0,18096.0,4294.0,4165.0,224.6,6,Syn
9708.0,19347.0,2279.0,3071.0,2914,3047,4293.0,4451,11698.0,11542.0,1704.0,3535.0,224.6,6,Syn
6274.0,13645.0,1342.0,3015.0,6990,7550,9811.0,10004,23482.0,24043.0,2668.0,3141.0,224.7,6,Syn
7678.0,14871.0,3125.0,5315.0,2464,2259,3774.0,3820,10420.0,9549.0,3888.0,2941.0,224.8,6,Syn
3213.0,13887.0,339.0,2120.0,2081,2431,2980.0,3847,7561.0,8860.0,671.0,984.0,224.9,6,Syn
11385.0,24355.0,3517.0,6840.0,4616,4867,6610.0,7250,18733.0,19928.0,3499.0,4178.0,224.9,6,Syn
21618.0,41516.0,9168.0,16419.0,2881,2878,7050.0,7701,15811.0,17356.0,3838.0,6747.0,225.0,6,Syn
10117.0,19746.0,3273.0,7032.0,2210,2015,3671.0,4026,10634.0,11196.0,1242.0,2602.0,225.1,6,Syn
6113.0,12760.0,490.0,2865.0,2485,2679,3800.0,4127,11504.0,12683.0,1769.0,2213.0,225.1,6,Syn
1122.0,6920.0,1563.0,5421.0,2117,4228,2481.0,5074,5348.0,10802.0,322.0,878.0,225.1,6,Syn
13566.0,25597.0,1785.0,4840.0,5099,5386,7101.0,7749,19529.0,22384.0,2599.0,5739.0,225.2,6,Syn
5714.0,24592.0,1081.0,3195.0,4601,5437,5726.0,6831,14978.0,18371.0,2672.0,2953.0,225.3,6,Syn
19587.0,26413.0,5123.0,7270.0,3838,4978,4469.0,5974,10322.0,13410.0,1932.0,2123.0,225.3,6,Syn
8162.0,17732.0,1457.0,5731.0,1655,1335,2124.0,2220,6509.0,5938.0,518.0,640.0,225.4,6,Syn
35542.0,57033.0,7075.0,11398.0,6498,6539,8879.0,8837,25951.0,25865.0,6266.0,6297.0,225.4,6,Syn
2835.0,10129.0,432.0,1433.0,1840,2578,2440.0,3447,6773.0,9791.0,481.0,701.0,225.5,6,Syn
1901.0,5469.0,2521.0,4358.0,2041,2275,3348.0,3987,9698.0,11203.0,1743.0,2440.0,225.6,6,Syn
6636.0,21303.0,1306.0,2616.0,7023,8066,9097.0,9862,21094.0,22510.0,1071.0,1769.0,225.6,6,Syn
5773.0,17293.0,2408.0,5317.0,3158,4394,4003.0,5681,11282.0,16362.0,2000.0,3720.0,225.8,6,Syn
1155.0,4480.0,607.0,2541.0,672,1992,784.0,2395,1875.0,5777.0,316.0,741.0,225.8,6,Syn
3781.0,13223.0,1191.0,4043.0,1016,2458,1211.0,3307,3719.0,9038.0,2734.0,2694.0,225.8,6,Syn
11433.0,21887.0,2516.0,4398.0,4874,4892,7114.0,7029,19305.0,17746.0,4551.0,3641.0,225.8,6,Syn
5071.0,11218.0,1900.0,3125.0,3898,4227,4595.0,5050,11722.0,12630.0,1707.0,2482.0,225.8,6,Syn
2933.0,13340.0,832.0,2427.0,1021,2810,1861.0,4281,4326.0,10903.0,1977.0,2466.0,225.9,6,Syn
1988.0,7192.0,887.0,2519.0,2302,3542,3431.0,5303,8489.0,13064.0,226.0,501.0,225.9,6,Syn
9253.0,27226.0,1855.0,5573.0,4792,5157,6708.0,7002,17458.0,17859.0,3066.0,4947.0,226.1,6,Syn
3316.0,11577.0,1079.0,3201.0,5507,7319,6220.0,8189,13290.0,17422.0,842.0,1436.0,226.1,6,Syn
98199.0,119070.0,11988.0,16851.0,4584,4253,6488.0,6038,17076.0,16456.0,5471.0,5204.0,226.3,6,Syn
11612.0,16927.0,2658.0,5174.0,2959,2977,4196.0,4774,9921.0,10970.0,3267.0,2503.0,226.3,6,Syn
6130.0,18567.0,365.0,2332.0,3594,3996,5216.0,6058,14024.0,16158.0,1181.0,4538.0,226.3,6,Syn
1614.0,5172.0,569.0,2896.0,980,2117,1236.0,3243,3056.0,7750.0,630.0,1777.0,226.4,6,Syn
10095.0,23352.0,1529.0,3748.0,5109,5815,6896.0,7444,17789.0,18909.0,1208.0,1656.0,226.4,6,Syn
11094.0,21550.0,1021.0,2624.0,3644,3792,4798.0,4864,15044.0,14595.0,2034.0,4635.0,226.4,6,Syn
4042.0,8415.0,0.0,1121.0,3010,3328,3515.0,3915,9115.0,9222.0,1398.0,2648.0,226.4,6,Syn
9556.0,18388.0,1611.0,3615.0,3905,4938,4835.0,6379,13090.0,16892.0,2801.0,2783.0,226.5,6,Syn
14648.0,33523.0,2813.0,4844.0,7089,7319,9814.0,9917,24871.0,24000.0,3159.0,5348.0,226.6,6,Syn
4076.0,15733.0,2310.0,6453.0,5769,8470,7172.0,10193,16164.0,23319.0,1330.0,3034.0,226.6,6,Syn
13275.0,22793.0,7626.0,12293.0,7766,8298,9921.0,10423,26573.0,27686.0,5428.0,5749.0,226.7,6,Syn
10042.0,22012.0,4868.0,7008.0,4619,4742,5862.0,5880,17429.0,17178.0,4530.0,4750.0,226.7,6,Syn
7221.0,15017.0,2305.0,4335.0,1374,1194,2181.0,2444,5203.0,5358.0,1857.0,1731.0,226.8,6,Syn
1220.0,7805.0,758.0,3300.0,844,2153,979.0,3002,2799.0,7808.0,1141.0,3791.0,226.8,6,Syn
13016.0,22541.0,2720.0,5822.0,4620,4956,5638.0,6158,15635.0,15784.0,2779.0,1826.0,226.9,6,Syn
3580.0,10424.0,1503.0,3939.0,3699,4213,4556.0,5403,11954.0,14054.0,1178.0,2307.0,226.9,6,Syn
11232.0,28702.0,1041.0,3086.0,8255,8396,9389.0,9925,20992.0,22876.0,1117.0,2467.0,227.0,6,Syn
13375.0,29397.0,4210.0,7563.0,4596,5119,6561.0,6905,17011.0,18538.0,2882.0,5524.0,227.1,6,Syn
13050.0,21740.0,4006.0,6565.0,3822,3592,5034.0,4898,16062.0,15499.0,3125.0,3531.0,227.2,6,Syn
1869.0,11546.0,339.0,2027.0,1034,2234,1413.0,3179,3823.0,9089.0,489.0,1387.0,227.2,6,Syn
10779.0,29020.0,2344.0,5806.0,5114,5291,6727.0,7048,17725.0,18920.0,3726.0,4005.0,227.2,6,Syn
16773.0,27056.0,2319.0,3819.0,8365,8446,9588.0,9809,20999.0,19711.0,4109.0,3911.0,227.3,6,Syn
9251.0,15547.0,2147.0,4268.0,3502,3678,4415.0,4938,11520.0,12925.0,367.0,1847.0,227.4,6,Syn
2347.0,13082.0,650.0,3181.0,1942,3167,2680.0,4450,5613.0,9370.0,725.0,1539.0,227.5,6,Syn
9080.0,18847.0,3369.0,5570.0,2627,2683,3427.0,3658,8517.0,8654.0,1403.0,1330.0,227.6,6,Syn
11393.0,25650.0,3558.0,5568.0,3841,3847,6178.0,6123,17293.0,16575.0,3513.0,4104.0,227.6,6,Syn
4942.0,13166.0,1102.0,2520.0,4082,4458,5070.0,5494,11577.0,11909.0,322.0,1616.0,227.7,6,Syn
3316.0,10745.0,2094.0,5014.0,3783,5381,4009.0,5886,9288.0,13260.0,228.0,313.0,227.7,6,Syn
7006.0,17264.0,2758.0,5489.0,5864,7269,7350.0,8695,18351.0,20682.0,880.0,2972.0,227.7,6,Syn
1150.0,3902.0,846.0,2478.0,574,1379,709.0,2250,1929.0,5666.0,103.0,396.0,227.7,6,Syn
9452.0,10843.0,537.0,2456.0,3656,3512,4496.0,4191,11162.0,10722.0,2316.0,1277.0,227.7,6,Syn
3586.0,9864.0,1472.0,4590.0,3155,5572,3671.0,6000,9822.0,15688.0,1541.0,2100.0,227.8,6,Syn
1582.0,9913.0,521.0,3157.0,853,3287,1025.0,3597,2664.0,9837.0,0.0,63.0,227.8,6,Syn
29645.0,46397.0,7551.0,16366.0,2298,2183,5906.0,5565,14607.0,14840.0,6678.0,6276.0,228.0,6,Syn
4076.0,12600.0,662.0,1888.0,1589,2729,2045.0,3453,5290.0,8816.0,1986.0,1804.0,228.1,6,Syn
4033.0,15247.0,187.0,867.0,545,1643,695.0,2262,1901.0,5192.0,217.0,312.0,228.1,6,Syn
3097.0,9968.0,1251.0,3429.0,3069,3781,3860.0,4918,9165.0,11192.0,1245.0,1539.0,228.1,6,Syn
8028.0,16016.0,1884.0,4747.0,2392,2355,3716.0,3592,9150.0,9232.0,910.0,1691.0,228.2,6,Syn
26494.0,39198.0,2907.0,4065.0,5271,5108,7744.0,8126,25226.0,24902.0,4162.0,5872.0,228.3,6,Syn
6986.0,18193.0,2034.0,4856.0,3059,3459,4555.0,5162,11619.0,14042.0,954.0,1864.0,228.5,6,Syn
13099.0,23578.0,4414.0,7326.0,4152,4436,5537.0,5963,15255.0,14602.0,3981.0,4641.0,228.5,6,Syn
13574.0,24206.0,1421.0,3169.0,5344,4962,7232.0,7190,19869.0,19953.0,1391.0,3926.0,228.6,6,Syn
6167.0,11660.0,1565.0,3641.0,2717,2929,3558.0,3544,9527.0,10215.0,863.0,1005.0,228.6,6,Syn
8350.0,15888.0,1472.0,3484.0,3179,3300,3945.0,4269,10038.0,10215.0,2406.0,1798.0,228.7,6,Syn
1528.0,4161.0,0.0,0.0,2618,2965,3526.0,4101,8916.0,10478.0,1001.0,1775.0,228.8,6,Syn
10002.0,11994.0,2319.0,3356.0,4673,5103,5784.0,6221,12964.0,12278.0,3154.0,2318.0,228.8,6,Syn
1366.0,8170.0,1354.0,4874.0,1742,3026,1931.0,3434,4917.0,8997.0,416.0,2058.0,228.8,6,Syn
1449.0,6638.0,274.0,2512.0,692,2006,885.0,2558,2168.0,6262.0,0.0,0.0,228.8,6,Syn
6916.0,15239.0,1623.0,2961.0,3209,3102,3708.0,3946,9101.0,8845.0,1053.0,2426.0,228.9,6,Syn
6776.0,19696.0,2914.0,5016.0,5766,5658,7185.0,6888,15787.0,14634.0,2148.0,2468.0,229.0,6,Syn
31705.0,40773.0,6656.0,9481.0,5004,5588,7565.0,7532,25476.0,24114.0,6359.0,4451.0,229.1,6,Syn
3109.0,9854.0,377.0,2948.0,831,1572,1254.0,3123,3928.0,8850.0,1445.0,2730.0,229.1,6,Syn
2509.0,9545.0,238.0,1947.0,831,1880,1072.0,2886,2976.0,8139.0,0.0,89.0,229.1,6,Syn
3716.0,6487.0,789.0,2955.0,2684,3708,3668.0,5569,9294.0,13572.0,1803.0,2066.0,229.2,6,Syn
5515.0,16836.0,1941.0,3627.0,4287,4679,6346.0,7035,20141.0,21313.0,2032.0,3977.0,229.2,6,Syn
2461.0,12186.0,844.0,2956.0,1610,2278,2714.0,4256,6521.0,10607.0,357.0,1926.0,229.3,6,Syn
12073.0,33188.0,1462.0,3702.0,5269,5581,6293.0,6593,17318.0,18737.0,2707.0,3949.0,229.5,6,Syn
9834.0,16330.0,2355.0,3597.0,1635,2113,2559.0,2539,5926.0,6486.0,1088.0,1518.0,229.5,6,Syn
5563.0,13422.0,2317.0,4156.0,3304,3694,4618.0,4753,12174.0,13442.0,2126.0,3992.0,229.5,6,Syn
18808.0,42490.0,3858.0,8838.0,3979,4305,6305.0,6867,17750.0,18746.0,1596.0,3110.0,229.5,6,Syn
5987.0,14238.0,1810.0,4638.0,3798,4305,5017.0,5852,12062.0,14395.0,0.0,656.0,229.6,6,Syn
9992.0,14731.0,3903.0,6171.0,9519,9995,9563.0,10022,20144.0,18910.0,3589.0,2708.0,229.6,6,Syn
23701.0,23718.0,3182.0,2584.0,6524,5898,8443.0,8167,22139.0,19881.0,5824.0,4373.0,229.8,6,Syn
9959.0,20020.0,2162.0,5746.0,6497,6275,8535.0,9053,23014.0,22416.0,3426.0,4318.0,229.8,6,Syn
5673.0,9393.0,545.0,1573.0,1896,3360,2692.0,4032,7279.0,10151.0,2488.0,3312.0,229.8,6,Syn
8946.0,11649.0,1126.0,4024.0,1911,2053,3171.0,3026,7802.0,7510.0,1129.0,1717.0,229.8,6,Syn
4639.0,11347.0,1405.0,2827.0,4369,5687,4788.0,6213,10313.0,12212.0,346.0,1918.0,229.9,6,Syn
2393.0,14505.0,1246.0,6120.0,619,1540,684.0,1898,2268.0,5914.0,817.0,1985.0,230.0,6,Syn
892.0,4245.0,820.0,4674.0,1447,2871,1722.0,3321,4209.0,8614.0,488.0,827.0,230.0,6,Syn
8296.0,22616.0,1944.0,5291.0,3970,3758,5538.0,5806,16019.0,15921.0,1175.0,3411.0,230.1,6,Syn
2409.0,14690.0,599.0,3415.0,1929,3298,2503.0,4558,6363.0,11252.0,823.0,1450.0,230.1,6,Syn
6997.0,9551.0,1301.0,3746.0,1952,2356,2531.0,2967,7264.0,8939.0,827.0,2094.0,230.1,6,Syn
6767.0,12606.0,1400.0,3861.0,3862,4181,5294.0,5707,14376.0,15457.0,1214.0,1533.0,230.2,6,Syn
6470.0,21217.0,2284.0,4563.0,5292,7304,6288.0,9171,14226.0,19509.0,2499.0,3040.0,230.3,6,Syn
2425.0,7841.0,820.0,2599.0,1840,5338,2017.0,6773,4004.0,13060.0,667.0,878.0,230.3,6,Syn
2555.0,7281.0,1754.0,3145.0,3375,4334,4008.0,4683,11630.0,13267.0,297.0,2802.0,230.4,6,Syn
4342.0,12686.0,423.0,1533.0,5863,7550,5884.0,7166,11667.0,13679.0,2467.0,2151.0,230.5,6,Syn
13132.0,13221.0,3941.0,4404.0,5496,5922,8001.0,7581,21112.0,21075.0,5371.0,3661.0,230.8,6,Syn
4926.0,20613.0,1752.0,4762.0,2483,4007,3185.0,4883,7912.0,12281.0,541.0,1499.0,230.8,6,Syn
19170.0,23727.0,1601.0,3974.0,5348,5754,8875.0,8572,22266.0,21987.0,4481.0,4554.0,230.8,6,Syn
11990.0,27067.0,1805.0,4919.0,4098,4353,5522.0,5946,15763.0,17236.0,4396.0,3824.0,231.0,6,Syn
14363.0,25579.0,3639.0,5089.0,3979,4232,4995.0,4856,15010.0,15081.0,3061.0,3240.0,231.1,6,Syn
8113.0,24426.0,2142.0,5300.0,3216,3858,4095.0,4693,11793.0,13220.0,2173.0,2903.0,231.1,6,Syn
4159.0,18072.0,1258.0,3300.0,1902,3188,2521.0,4239,7440.0,12354.0,1194.0,2887.0,231.2,6,Syn
1937.0,11083.0,331.0,2745.0,666,1958,920.0,2909,2302.0,8122.0,402.0,560.0,231.2,6,Syn
4236.0,9130.0,516.0,2481.0,2136,2433,2897.0,3468,7577.0,9986.0,398.0,579.0,231.4,6,Syn
5741.0,12322.0,121.0,1487.0,1828,1789,3021.0,3191,8268.0,9902.0,1052.0,1758.0,231.6,6,Syn
4737.0,14749.0,1090.0,4182.0,4115,5189,5076.0,6452,11455.0,14605.0,1283.0,3502.0,231.6,6,Syn
3855.0,13498.0,660.0,2542.0,3994,5991,4350.0,6283,9801.0,13998.0,357.0,691.0,231.7,6,Syn
412.0,2386.0,640.0,2209.0,1469,2406,2060.0,3516,5820.0,10233.0,10.0,577.0,231.9,6,Syn
25447.0,34236.0,3213.0,5619.0,6872,6646,8812.0,8751,25876.0,24826.0,4834.0,6182.0,232.0,6,Syn
2806.0,9484.0,655.0,1991.0,3226,4590,3838.0,5631,10171.0,14206.0,1202.0,1538.0,232.0,6,Syn
9025.0,16053.0,3345.0,5946.0,3735,3822,5190.0,5311,12037.0,13299.0,789.0,1833.0,232.2,6,Syn
259293.0,363686.0,157833.0,230000.0,9994,9749,13467.0,12651,42495.0,38013.0,10725.0,10732.0,232.4,6,Syn
11203.0,22484.0,2785.0,4213.0,2853,2935,4374.0,4367,12913.0,12767.0,2529.0,3176.0,232.6,6,Syn
4904.0,18421.0,1048.0,1969.0,7635,9842,9034.0,11693,17369.0,21215.0,556.0,1693.0,232.7,6,Syn
1985.0,10605.0,305.0,1857.0,1411,4818,1422.0,5680,3049.0,11254.0,370.0,983.0,232.7,6,Syn
8101.0,13571.0,789.0,2186.0,1973,1889,3118.0,2740,7799.0,7144.0,2810.0,1712.0,232.7,6,Syn
12272.0,25346.0,2983.0,4347.0,2452,2421,3452.0,3393,9874.0,9400.0,2078.0,1812.0,232.8,6,Syn
10369.0,16727.0,3712.0,6022.0,6307,6322,8108.0,8265,21002.0,20604.0,889.0,2732.0,232.8,6,Syn
3291.0,13499.0,2574.0,6525.0,1984,2660,2435.0,3260,5589.0,7552.0,440.0,825.0,232.9,6,Syn
6840.0,17161.0,1584.0,4072.0,5031,5622,6888.0,8016,15354.0,17697.0,1441.0,2935.0,232.9,6,Syn
6694.0,15334.0,1484.0,4119.0,1828,1979,2784.0,2903,7677.0,7477.0,223.0,1423.0,233.0,6,Syn
8073.0,18642.0,1005.0,3808.0,3436,3493,4615.0,5008,11223.0,11779.0,641.0,2036.0,233.0,6,Syn
11809.0,19985.0,526.0,2814.0,4572,5242,6484.0,7091,18533.0,20483.0,494.0,2352.0,233.0,6,Syn
16367.0,21671.0,3129.0,5014.0,3416,3371,5254.0,5372,14828.0,13997.0,2183.0,4655.0,233.0,6,Syn
8469.0,13102.0,2222.0,5798.0,2645,2604,4296.0,3929,12673.0,11284.0,3143.0,3107.0,233.1,6,Syn
2034.0,8274.0,0.0,920.0,3020,3669,4033.0,4697,8804.0,10220.0,1199.0,1865.0,233.2,6,Syn
3181.0,13930.0,938.0,2642.0,1372,2294,1637.0,2637,4490.0,7249.0,554.0,1019.0,233.2,6,Syn
11529.0,28440.0,3218.0,5737.0,3665,3950,4840.0,5080,14537.0,16018.0,3023.0,3333.0,233.2,6,Syn
5946.0,10742.0,1529.0,3540.0,3823,3851,4150.0,4333,9554.0,10408.0,1132.0,1525.0,233.4,6,Syn
14882.0,31407.0,2425.0,3934.0,5351,4913,7414.0,7130,19649.0,19331.0,3239.0,3453.0,233.4,6,Syn
13279.0,27391.0,1263.0,3137.0,6639,6960,7669.0,7861,26978.0,23643.0,9674.0,8169.0,233.4,6,Syn
10862.0,19438.0,1987.0,3660.0,2281,2136,3411.0,3548,9591.0,10648.0,2478.0,2633.0,233.6,6,Syn
1262.0,8082.0,357.0,2876.0,509,1447,673.0,2165,2186.0,6600.0,1509.0,2797.0,233.6,6,Syn
1586.0,8165.0,885.0,3234.0,2301,3582,3087.0,4866,8199.0,12803.0,516.0,1504.0,233.6,6,Syn
9603.0,27498.0,1977.0,4802.0,3470,3722,4858.0,5686,12553.0,15151.0,1001.0,2424.0,233.7,6,Syn
7483.0,13850.0,1795.0,5483.0,2720,3112,4110.0,4623,11548.0,12940.0,234.0,1931.0,233.7,6,Syn
6007.0,27421.0,1737.0,4054.0,5013,6487,5857.0,7157,15978.0,20300.0,2012.0,3053.0,233.8,6,Syn
2880.0,9404.0,425.0,2322.0,755,2728,938.0,2697,2691.0,7888.0,0.0,397.0,233.8,6,Syn
23459.0,32283.0,3101.0,6084.0,6244,6368,7568.0,7846,22427.0,23163.0,3481.0,3308.0,233.9,6,Syn
11673.0,24316.0,2152.0,4727.0,3404,3517,4431.0,4826,11788.0,12057.0,3358.0,3809.0,233.9,6,Syn
26190.0,36963.0,4744.0,7988.0,5199,5320,7552.0,7706,21312.0,20367.0,6888.0,5821.0,234.0,6,Syn
3614.0,16212.0,360.0,1764.0,1786,3299,1914.0,3732,4763.0,10207.0,0.0,500.0,234.1,6,Syn
36605.0,62754.0,5432.0,9225.0,10190,10174,12090.0,11886,35978.0,34312.0,10311.0,8798.0,234.4,6,Syn
2516.0,12798.0,1182.0,3664.0,1782,2595,2063.0,3048,4407.0,6483.0,481.0,1510.0,234.4,6,Syn
5193.0,14466.0,1481.0,3311.0,2702,3613,3642.0,4754,9276.0,11656.0,1398.0,2471.0,234.7,6,Syn
4279.0,11982.0,1184.0,2346.0,2332,2553,2973.0,3369,8187.0,8861.0,545.0,1432.0,234.8,6,Syn
3213.0,10806.0,163.0,920.0,408,1003,758.0,1425,1961.0,4867.0,2177.0,2609.0,234.8,6,Syn
5718.0,21036.0,1647.0,4111.0,5138,6748,5967.0,7747,15444.0,19726.0,731.0,1850.0,234.8,6,Syn
1622.0,9244.0,767.0,5438.0,536,1845,883.0,2597,1831.0,6045.0,1462.0,2553.0,234.9,6,Syn
1940.0,12127.0,1326.0,5919.0,2012,3466,2661.0,4664,6805.0,12357.0,433.0,982.0,234.9,6,Syn
4801.0,10545.0,341.0,1392.0,4871,4826,5083.0,5366,11306.0,12076.0,1739.0,1921.0,234.9,6,Syn
9654.0,11270.0,2116.0,3518.0,3724,3194,5082.0,5024,12441.0,11240.0,3277.0,3627.0,235.0,6,Syn
6694.0,17252.0,2511.0,5093.0,2095,2499,2784.0,2963,7285.0,8080.0,2623.0,2009.0,235.1,6,Syn
6022.0,14472.0,1083.0,2755.0,1721,2084,2739.0,2761,7816.0,7816.0,2669.0,2593.0,235.2,6,Syn
6084.0,15391.0,1766.0,3952.0,4921,5757,6380.0,7350,16234.0,18215.0,3070.0,4329.0,235.3,6,Syn
285666.0,325824.0,247171.0,360205.0,8843,7894,12867.0,11568,34362.0,29366.0,13954.0,10174.0,235.3,6,Syn
2425.0,13431.0,654.0,2608.0,2041,3318,2855.0,4849,6718.0,11189.0,605.0,797.0,235.3,6,Syn
2441.0,14990.0,964.0,3684.0,1073,2047,1535.0,2921,3818.0,7576.0,0.0,48.0,235.4,6,Syn
2829.0,15099.0,612.0,3528.0,816,1958,952.0,2599,2948.0,7052.0,451.0,733.0,235.4,6,Syn
12572.0,22643.0,3891.0,6332.0,1951,1890,2786.0,2406,6528.0,6547.0,1532.0,1949.0,235.5,6,Syn
699.0,2505.0,1512.0,5166.0,1256,3094,1823.0,4195,4308.0,11239.0,1012.0,2691.0,235.5,6,Syn
12890.0,17328.0,1953.0,3876.0,3659,3624,5672.0,5554,14537.0,13889.0,2511.0,3019.0,235.5,6,Syn
19954.0,41442.0,4952.0,9070.0,9031,9387,11569.0,11891,29532.0,28633.0,1851.0,4029.0,235.6,6,Syn
7701.0,11971.0,1855.0,3210.0,2331,2355,2853.0,2868,8825.0,9685.0,1281.0,2465.0,235.9,6,Syn
7656.0,20241.0,739.0,1774.0,2781,3788,3863.0,5559,9915.0,12907.0,1369.0,1792.0,236.3,6,Syn
2786.0,6132.0,1023.0,3274.0,1943,1784,3236.0,3378,7486.0,7400.0,413.0,1191.0,236.4,6,Syn
18539.0,28186.0,4672.0,7782.0,4406,4485,6708.0,6510,20041.0,18896.0,6751.0,4696.0,236.4,6,Syn
3241.0,10559.0,1182.0,3159.0,4074,4548,5279.0,5739,15508.0,17049.0,1217.0,3170.0,236.5,6,Syn
13506.0,17162.0,1393.0,3429.0,8142,7775,10616.0,10399,27962.0,26865.0,6242.0,5012.0,236.6,6,Syn
12754.0,22234.0,2121.0,4746.0,7105,7569,8446.0,8206,21107.0,19932.0,3837.0,3310.0,236.8,6,Syn
5203.0,17528.0,944.0,3365.0,1531,2890,2117.0,3918,5095.0,9981.0,1404.0,2408.0,236.9,6,Syn
1308.0,8445.0,230.0,1132.0,1057,2652,1378.0,3692,3541.0,9506.0,0.0,0.0,236.9,6,Syn
6557.0,14312.0,2514.0,4832.0,1544,2172,2228.0,3350,5941.0,9044.0,3020.0,2348.0,237.1,6,Syn
19895.0,35395.0,5196.0,7857.0,3395,3598,5481.0,5562,15613.0,16414.0,3384.0,3362.0,237.1,6,Syn
13116.0,15107.0,3942.0,6131.0,4515,4528,5237.0,5289,12115.0,10666.0,1790.0,3044.0,237.4,6,Syn
10478.0,17573.0,3105.0,5520.0,3530,3638,5196.0,5240,13738.0,14611.0,1622.0,2949.0,237.4,6,Syn
2017.0,5841.0,793.0,4628.0,4942,7500,5446.0,8262,11358.0,17452.0,12.0,88.0,237.7,6,Syn
22706.0,31818.0,2937.0,5489.0,6889,6517,10410.0,10527,28159.0,27403.0,4956.0,5914.0,237.7,6,Syn
24023.0,41044.0,3429.0,7567.0,9532,9497,12042.0,12473,30171.0,30179.0,5580.0,7553.0,237.8,6,Syn
5554.0,15410.0,1225.0,3358.0,5377,5904,7122.0,7819,19039.0,21177.0,2470.0,3612.0,237.8,6,Syn
1589.0,6072.0,327.0,1729.0,868,2310,916.0,2640,1991.0,6059.0,241.0,164.0,237.8,6,Syn
426.0,2575.0,219.0,3492.0,584,1877,860.0,2564,2087.0,6057.0,168.0,87.0,237.9,6,Syn
1866.0,4917.0,1898.0,5776.0,3026,3431,3785.0,4599,9200.0,11117.0,1651.0,2656.0,238.0,6,Syn
5876.0,15302.0,2051.0,7070.0,2103,2107,3068.0,3344,7896.0,8466.0,252.0,1426.0,238.0,6,Syn
5833.0,11271.0,2835.0,5959.0,3063,3883,3734.0,4185,10175.0,11615.0,941.0,1135.0,238.1,6,Syn
2186.0,8768.0,1115.0,4246.0,1827,3440,2689.0,5559,7490.0,16576.0,518.0,1180.0,238.1,6,Syn
10826.0,30199.0,2722.0,5755.0,3119,3518,4767.0,5240,13183.0,14597.0,1161.0,3324.0,238.1,6,Syn
16351.0,22778.0,3153.0,4881.0,8973,8394,10890.0,10567,28011.0,26978.0,4978.0,4534.0,238.1,6,Syn
16655.0,18639.0,4279.0,4770.0,2189,2008,3661.0,3681,10633.0,9960.0,4718.0,3649.0,238.2,6,Syn
3180.0,16020.0,530.0,1582.0,2371,3830,3481.0,5868,8399.0,14399.0,1205.0,2022.0,238.3,6,Syn
541.0,3345.0,329.0,1437.0,961,2793,1526.0,4675,3692.0,11527.0,299.0,781.0,238.3,6,Syn
12780.0,25481.0,3283.0,7301.0,7547,7465,10138.0,10212,26948.0,26789.0,2335.0,3645.0,238.3,6,Syn
726.0,2210.0,1258.0,4847.0,1024,1918,1167.0,2410,3667.0,7263.0,1141.0,1332.0,238.3,6,Syn
3828.0,10010.0,1580.0,3911.0,897,1971,1321.0,2579,3926.0,7519.0,0.0,102.0,238.3,6,Syn
2854.0,11124.0,1201.0,3314.0,3135,4558,3939.0,5768,10008.0,14516.0,609.0,1387.0,238.3,6,Syn
5247.0,10467.0,1891.0,3791.0,3692,3972,4595.0,5069,13075.0,13704.0,373.0,2029.0,238.4,6,Syn
1951.0,8164.0,1247.0,4968.0,834,1976,1006.0,2187,2808.0,6162.0,795.0,977.0,238.5,6,Syn
7902.0,13846.0,4124.0,7000.0,5305,5815,7401.0,7775,19369.0,19825.0,3149.0,3425.0,238.5,6,Syn
5418.0,11567.0,1371.0,3146.0,2024,2819,3304.0,3897,9169.0,10053.0,1979.0,2583.0,238.5,6,Syn
7976.0,11850.0,3718.0,6031.0,3813,3520,5126.0,5057,12575.0,11872.0,1252.0,2357.0,238.5,6,Syn
5554.0,19678.0,1556.0,3874.0,2889,3015,3730.0,3954,8304.0,8890.0,1585.0,1907.0,238.6,6,Syn
3669.0,5774.0,1683.0,3262.0,2751,3035,4109.0,4491,9748.0,9517.0,0.0,2174.0,238.6,6,Syn
1420.0,5292.0,0.0,377.0,366,917,553.0,999,1958.0,4645.0,3245.0,6271.0,238.7,6,Syn
12933.0,26280.0,1810.0,4529.0,4998,5164,7454.0,8049,22557.0,23617.0,2122.0,5305.0,238.7,6,Syn
9284.0,23259.0,1527.0,3502.0,3609,3785,5171.0,5750,13463.0,15630.0,1520.0,4922.0,238.7,6,Syn
7981.0,23313.0,2710.0,4905.0,4052,4575,4780.0,5388,12330.0,13477.0,156.0,466.0,238.7,6,Syn
1904.0,5509.0,727.0,4014.0,403,1144,576.0,1618,1767.0,4733.0,150.0,341.0,238.8,6,Syn
5840.0,17958.0,1364.0,3746.0,3095,3377,3935.0,4481,10980.0,12985.0,179.0,662.0,238.9,6,Syn
6336.0,14127.0,1793.0,5185.0,1716,1786,2790.0,3048,7799.0,8873.0,1164.0,1722.0,239.0,6,Syn
20201.0,22150.0,1934.0,5360.0,5099,4882,6899.0,7144,17543.0,17475.0,2412.0,3723.0,239.0,6,Syn
17494.0,16765.0,3946.0,6876.0,5452,5267,6096.0,6454,17935.0,17548.0,3502.0,2890.0,239.0,6,Syn
8874.0,12666.0,1546.0,2432.0,3707,3511,5547.0,5447,15380.0,14604.0,3925.0,3704.0,239.1,6,Syn
4506.0,16458.0,2361.0,5422.0,1999,2000,2966.0,3140,8504.0,9547.0,310.0,1987.0,239.1,6,Syn
4281.0,14155.0,1659.0,4273.0,2886,3226,4284.0,5054,9391.0,10808.0,1511.0,1744.0,239.2,6,Syn
6785.0,19221.0,3282.0,7556.0,4656,4747,5958.0,6341,14775.0,15501.0,1730.0,2299.0,239.3,6,Syn
7194.0,17326.0,1316.0,2170.0,3445,3319,5145.0,5112,14889.0,14205.0,787.0,3281.0,239.4,6,Syn
16573.0,36336.0,1740.0,3715.0,5882,6023,8026.0,8264,22134.0,21967.0,2186.0,4195.0,239.5,6,Syn
7556.0,13741.0,1912.0,5215.0,4112,4627,5177.0,5785,13618.0,13685.0,1991.0,2338.0,239.5,6,Syn
11907.0,14014.0,1242.0,1880.0,7774,7508,11131.0,10881,21051.0,20327.0,3362.0,3438.0,239.6,6,Syn
8552.0,22160.0,1678.0,3702.0,2120,2051,4792.0,5110,13914.0,14589.0,3890.0,4357.0,239.7,6,Syn
5835.0,13819.0,1656.0,3145.0,4991,4865,6232.0,6541,15747.0,16942.0,538.0,2111.0,239.7,6,Syn
9385.0,19288.0,1989.0,2909.0,9697,10166,9251.0,10078,17252.0,18119.0,2189.0,1750.0,239.7,6,Syn
220466.0,323710.0,205464.0,329117.0,7242,7432,9601.0,9817,23794.0,24224.0,5442.0,5172.0,239.8,6,Syn
6468.0,16588.0,1908.0,5378.0,5200,5661,6288.0,7182,13226.0,15036.0,1924.0,2485.0,239.8,6,Syn
11358.0,20400.0,1168.0,2524.0,948,1105,3087.0,3205,6395.0,6896.0,4417.0,3982.0,239.9,6,Syn
9768.0,30081.0,2681.0,6274.0,4160,4752,5279.0,6153,13756.0,16299.0,858.0,1569.0,239.9,6,Syn
8638.0,13056.0,1479.0,2947.0,5683,8546,5914.0,9349,14796.0,22350.0,3510.0,3725.0,239.9,6,Syn
8942.0,22594.0,10529.0,19930.0,10643,12308,10029.0,11499,12870.0,14813.0,1492.0,3201.0,239.9,6,Syn
3795.0,15188.0,956.0,2091.0,2618,3786,3361.0,4726,9724.0,12689.0,1474.0,2737.0,240.0,6,Syn
1971.0,12659.0,221.0,1848.0,447,1157,526.0,1778,1461.0,5060.0,313.0,357.0,240.0,6,Syn
3651.0,10982.0,741.0,2627.0,7503,9495,7820.0,9928,17194.0,20943.0,1220.0,1538.0,240.3,6,Syn
11056.0,16927.0,1014.0,2766.0,3751,5009,3879.0,5257,9461.0,11264.0,1845.0,2358.0,240.4,6,Syn
14681.0,26973.0,3587.0,6456.0,4267,4664,6200.0,6395,18502.0,19151.0,3180.0,5957.0,240.4,6,Syn
8322.0,18744.0,2579.0,5096.0,4475,4563,5094.0,5286,11890.0,12798.0,2569.0,2823.0,240.4,6,Syn
7965.0,17970.0,3132.0,5915.0,4397,4361,6542.0,6696,17398.0,18271.0,3396.0,3627.0,240.4,6,Syn
10646.0,26445.0,3328.0,8182.0,3449,3759,5279.0,6146,14161.0,14858.0,3755.0,3919.0,240.6,6,Syn
6855.0,19261.0,2422.0,5082.0,6383,6933,7043.0,7477,15056.0,15164.0,0.0,1382.0,240.7,6,Syn
18081.0,22562.0,2645.0,4085.0,3555,3453,4678.0,4496,15283.0,14561.0,2177.0,3677.0,241.0,6,Syn
8921.0,17186.0,2056.0,4574.0,4620,4886,6305.0,6760,15545.0,16074.0,591.0,3098.0,241.0,6,Syn
8637.0,13231.0,2912.0,5219.0,4841,4899,6495.0,6602,16897.0,17421.0,3764.0,4486.0,241.1,6,Syn
4182.0,7746.0,4566.0,9352.0,3416,3917,5061.0,5607,13853.0,14590.0,3566.0,3503.0,241.2,6,Syn
13280.0,27094.0,2904.0,5054.0,6012,5653,8789.0,8815,22614.0,22542.0,4592.0,3987.0,241.2,6,Syn
7965.0,14024.0,2897.0,6284.0,4812,5331,6141.0,6691,14624.0,16075.0,0.0,1063.0,241.2,6,Syn
11045.0,19216.0,1785.0,3894.0,5579,6209,6567.0,7617,16497.0,17856.0,3387.0,2849.0,241.2,6,Syn
5479.0,17641.0,348.0,1450.0,2622,3214,2998.0,3878,8640.0,10598.0,1851.0,1843.0,241.3,6,Syn
19371.0,24002.0,3141.0,4402.0,4806,4305,6279.0,5907,16599.0,15615.0,4778.0,4166.0,241.3,6,Syn
17931.0,27410.0,1864.0,3448.0,4922,5011,6951.0,6833,19135.0,18377.0,6237.0,6223.0,241.3,6,Syn
5243.0,10750.0,2133.0,3000.0,6788,6788,8228.0,8153,17141.0,16482.0,2348.0,2806.0,241.5,6,Syn
278981.0,376971.0,187002.0,292326.0,12351,11148,12605.0,11423,32621.0,27999.0,5705.0,4859.0,241.7,6,Syn
3462.0,10610.0,1031.0,2404.0,1592,1739,2405.0,2554,4342.0,4534.0,909.0,1462.0,241.8,6,Syn
4308.0,12784.0,2010.0,3985.0,1209,1239,1704.0,1932,5096.0,5166.0,1118.0,1109.0,241.8,6,Syn
1959.0,11857.0,636.0,2326.0,1457,3611,1843.0,5044,4641.0,12139.0,1702.0,3900.0,241.8,6,Syn
5056.0,8550.0,2828.0,5687.0,2133,3046,2337.0,3276,6629.0,9464.0,1728.0,1926.0,241.8,6,Syn
14343.0,15567.0,2334.0,3543.0,4273,4123,5013.0,5372,13164.0,12771.0,1914.0,2127.0,242.0,6,Syn
5228.0,15761.0,1275.0,3127.0,3050,3498,3882.0,4410,11392.0,12253.0,1778.0,2084.0,242.1,6,Syn
1708.0,5848.0,231.0,1188.0,719,2210,848.0,2325,1806.0,5386.0,226.0,566.0,242.1,6,Syn
2826.0,10355.0,1234.0,3678.0,1574,2512,2208.0,3306,6015.0,8480.0,843.0,1407.0,242.3,6,Syn
8048.0,25035.0,2284.0,4252.0,2103,2021,2821.0,2903,8508.0,7921.0,1442.0,2671.0,242.3,6,Syn
2528.0,8019.0,1302.0,3004.0,1042,1509,1931.0,2735,4363.0,5818.0,985.0,1382.0,242.4,6,Syn
6058.0,17953.0,1009.0,2013.0,2262,2484,3370.0,3826,8666.0,9910.0,0.0,701.0,242.4,6,Syn
3439.0,12548.0,1362.0,3894.0,1716,1866,2293.0,2867,6101.0,7512.0,738.0,791.0,242.4,6,Syn
3094.0,17105.0,767.0,2698.0,1435,2138,2230.0,3357,6557.0,10370.0,229.0,495.0,242.5,6,Syn
1536.0,4352.0,399.0,1900.0,578,1235,702.0,2142,2489.0,6244.0,372.0,630.0,242.5,6,Syn
12039.0,21067.0,2547.0,4246.0,3754,4022,5442.0,5293,12479.0,12484.0,2420.0,3137.0,242.5,6,Syn
2111.0,8399.0,1641.0,5903.0,1866,3312,2553.0,4644,6058.0,11360.0,1153.0,1954.0,242.8,6,Syn
5652.0,16919.0,676.0,1892.0,2543,2743,3343.0,3907,9914.0,11831.0,827.0,826.0,242.8,6,Syn
8080.0,25075.0,1421.0,2921.0,1739,1937,2515.0,2719,6919.0,7661.0,217.0,1435.0,242.9,6,Syn
4412.0,14443.0,1562.0,4095.0,3905,4469,4488.0,5264,11139.0,12492.0,1079.0,1447.0,242.9,6,Syn
4190.0,11771.0,2701.0,4961.0,2875,3411,3187.0,3475,8814.0,9589.0,396.0,1391.0,243.0,6,Syn
4399.0,10754.0,1563.0,3978.0,3316,3432,4590.0,4929,11079.0,11177.0,1097.0,2713.0,243.3,6,Syn
4690.0,17137.0,1041.0,4034.0,2863,3855,4265.0,5740,10760.0,14701.0,1847.0,2507.0,243.4,6,Syn
8676.0,19071.0,2410.0,5073.0,2865,3257,4761.0,5370,11886.0,12596.0,1404.0,2778.0,243.4,6,Syn
6952.0,11882.0,1335.0,3559.0,3724,4392,5263.0,5293,14972.0,15521.0,3338.0,3279.0,243.5,6,Syn
7754.0,13147.0,3307.0,4852.0,2634,2579,3115.0,3142,8450.0,7873.0,1483.0,2972.0,243.6,6,Syn
14468.0,25328.0,4339.0,7480.0,4652,5196,7170.0,7226,18986.0,18891.0,2557.0,4317.0,243.8,6,Syn
8616.0,15927.0,3199.0,6158.0,4987,5017,6686.0,6539,16098.0,15636.0,2932.0,2753.0,243.9,6,Syn
16447.0,27634.0,2797.0,6134.0,1885,1831,5291.0,5043,15684.0,16595.0,3531.0,6059.0,244.0,6,Syn
12046.0,15777.0,2463.0,4059.0,6299,6405,7987.0,8179,19810.0,19104.0,3276.0,2006.0,244.3,6,Syn
5432.0,15823.0,1500.0,3765.0,2459,2840,3217.0,3406,10236.0,11225.0,1657.0,2009.0,244.3,6,Syn
116204.0,147505.0,160774.0,220583.0,27178,21986,11254.0,9837,30119.0,26592.0,5717.0,5682.0,244.3,6,Syn
4232.0,9365.0,1168.0,2725.0,2954,3126,3699.0,4302,10199.0,10937.0,1714.0,2097.0,244.4,6,Syn
8380.0,17126.0,1575.0,2753.0,2290,2503,2957.0,3138,7076.0,7028.0,1304.0,1782.0,244.4,6,Syn
3346.0,7880.0,1901.0,5444.0,7070,8532,8273.0,10159,18029.0,21072.0,2955.0,3605.0,244.6,6,Syn
909.0,3965.0,278.0,2186.0,945,1628,981.0,1781,3266.0,5952.0,0.0,0.0,244.6,6,Syn
21064.0,40704.0,2621.0,4682.0,9671,9962,13089.0,13518,30686.0,30563.0,3011.0,5220.0,244.8,6,Syn
7721.0,12242.0,3786.0,6822.0,6108,6039,7195.0,7519,14828.0,15634.0,1242.0,1958.0,244.8,6,Syn
9939.0,23308.0,1865.0,3078.0,3959,4082,5890.0,5973,16625.0,16171.0,2028.0,4118.0,244.8,6,Syn
7966.0,19133.0,2197.0,4003.0,3120,3524,3888.0,4126,10847.0,11505.0,314.0,1830.0,244.8,6,Syn
29422.0,38664.0,2277.0,3619.0,3286,3300,8702.0,8711,22340.0,22117.0,7689.0,7948.0,244.8,6,Syn
1710.0,10284.0,0.0,1658.0,723,1554,737.0,1715,2118.0,5267.0,1821.0,3157.0,244.9,6,Syn
2233.0,9226.0,1553.0,4609.0,5341,7725,5677.0,8240,12904.0,18562.0,148.0,1289.0,244.9,6,Syn
6224.0,14397.0,1024.0,3550.0,1359,2733,1538.0,3446,4524.0,9187.0,1085.0,2105.0,244.9,6,Syn
4312.0,11631.0,1112.0,3059.0,2588,2861,2591.0,2890,8483.0,9037.0,232.0,1518.0,245.0,6,Syn
3462.0,10588.0,1759.0,4152.0,2371,2587,2679.0,2762,6536.0,7080.0,221.0,1150.0,245.4,6,Syn
8724.0,18038.0,1129.0,4086.0,7590,8731,7608.0,8433,15524.0,16806.0,12.0,634.0,245.6,6,Syn
1553.0,10308.0,578.0,2519.0,2546,6010,2849.0,6375,6551.0,14894.0,226.0,1111.0,245.6,6,Syn
20423.0,43615.0,2602.0,5120.0,3937,3912,5691.0,5874,14646.0,15604.0,1670.0,4187.0,245.6,6,Syn
11988.0,21064.0,1871.0,3871.0,1659,1576,3872.0,3832,10269.0,9143.0,3046.0,2973.0,245.9,6,Syn
4931.0,11374.0,832.0,3160.0,2479,2780,2975.0,3127,8530.0,9148.0,0.0,1883.0,245.9,6,Syn
11695.0,28132.0,2600.0,4452.0,4744,4610,7163.0,7173,17903.0,16015.0,4919.0,3326.0,245.9,6,Syn
15880.0,23172.0,2463.0,3823.0,5655,5824,7770.0,7589,19391.0,19389.0,4807.0,5472.0,246.1,6,Syn
11489.0,29208.0,1853.0,4699.0,5730,6800,7953.0,9181,23870.0,26552.0,2482.0,4017.0,246.2,6,Syn
9754.0,23496.0,1822.0,3982.0,3016,3237,3719.0,4010,11667.0,13288.0,1321.0,2179.0,246.2,6,Syn
7277.0,19772.0,1663.0,3351.0,5215,5458,6222.0,6501,14223.0,15030.0,2380.0,3364.0,246.3,6,Syn
9700.0,23965.0,1060.0,2692.0,5037,5415,5634.0,6218,12378.0,12898.0,1812.0,2020.0,246.3,6,Syn
10803.0,24611.0,762.0,1248.0,5791,6732,8651.0,9754,19478.0,21168.0,0.0,4320.0,246.4,6,Syn
993.0,5563.0,949.0,4265.0,811,1988,1164.0,3220,3103.0,8905.0,678.0,1576.0,246.4,6,Syn
5329.0,13823.0,2720.0,4490.0,2325,2396,2656.0,2794,6147.0,6385.0,522.0,710.0,246.4,6,Syn
6669.0,28857.0,1326.0,3781.0,6823,8749,7353.0,9316,15766.0,20094.0,1524.0,1717.0,246.4,6,Syn
1297.0,8576.0,0.0,727.0,792,2540,784.0,2936,1797.0,6538.0,0.0,34.0,246.4,6,Syn
21865.0,21951.0,39116.0,58426.0,3023,2936,4777.0,4857,14115.0,13356.0,3297.0,3236.0,246.5,6,Syn
11333.0,16718.0,3247.0,5866.0,4442,4621,5761.0,5620,14234.0,13782.0,1848.0,2515.0,246.5,6,Syn
10797.0,21946.0,2205.0,3741.0,2634,2649,4671.0,4649,12435.0,13073.0,1187.0,2900.0,246.6,6,Syn
3277.0,20209.0,961.0,4664.0,849,1377,1969.0,3575,5586.0,10312.0,378.0,1276.0,247.2,6,Syn
15904.0,21294.0,2384.0,5977.0,8668,8460,10521.0,10769,22076.0,20802.0,0.0,3599.0,247.2,6,Syn
6720.0,19394.0,7576.0,18271.0,2352,2698,3099.0,3828,8200.0,9738.0,0.0,1415.0,247.2,6,Syn
14438.0,24373.0,2579.0,4571.0,4172,4267,6387.0,6360,16611.0,16005.0,4705.0,3862.0,247.3,6,Syn
989.0,4723.0,1038.0,4577.0,722,1589,1018.0,2657,2830.0,8378.0,2026.0,2557.0,247.3,6,Syn
8782.0,12603.0,2895.0,5252.0,2823,4385,3494.0,5925,8876.0,14881.0,592.0,796.0,247.3,6,Syn
2804.0,14227.0,1000.0,3540.0,1299,3214,1472.0,3707,4432.0,9520.0,1429.0,2032.0,247.4,6,Syn
3159.0,15746.0,853.0,2416.0,1573,3497,1876.0,4105,4820.0,10095.0,275.0,1544.0,247.4,6,Syn
7846.0,11274.0,1362.0,2239.0,3479,2785,4325.0,4128,10871.0,10319.0,2064.0,2118.0,247.4,6,Syn
3245.0,11088.0,691.0,1983.0,5405,11921,5707.0,12495,10596.0,21310.0,1585.0,3269.0,247.6,6,Syn
1434.0,5342.0,159.0,1575.0,1571,5143,1833.0,6035,3328.0,11935.0,30.0,567.0,247.6,6,Syn
3670.0,6849.0,1498.0,3454.0,1474,1394,2680.0,2917,7490.0,8048.0,1111.0,2389.0,247.7,6,Syn
6185.0,19890.0,1330.0,2381.0,4354,4215,6039.0,6284,11772.0,12509.0,1990.0,3523.0,247.8,6,Syn
7154.0,24947.0,1687.0,5684.0,2156,4491,2841.0,5892,7104.0,15549.0,2096.0,1722.0,248.0,6,Syn
4189.0,16415.0,0.0,3199.0,3282,3982,3621.0,4579,7801.0,9769.0,0.0,100.0,248.1,6,Syn
17727.0,20881.0,3597.0,4326.0,4557,4616,6318.0,6276,15502.0,14868.0,3324.0,2434.0,248.2,6,Syn
8974.0,26940.0,2032.0,5466.0,4070,4439,5803.0,6307,14376.0,16538.0,483.0,2595.0,248.2,6,Syn
14094.0,20387.0,1845.0,4634.0,5656,5558,7504.0,7103,20150.0,18638.0,4208.0,3474.0,248.4,6,Syn
4732.0,14456.0,1174.0,3372.0,3357,4738,4112.0,5940,10701.0,15353.0,649.0,1168.0,248.5,6,Syn
27263.0,42293.0,1665.0,3263.0,8457,8646,11168.0,11597,26118.0,25631.0,1138.0,3065.0,248.7,6,Syn
3813.0,16647.0,913.0,2893.0,2501,4620,3001.0,5402,7258.0,12985.0,1225.0,2220.0,248.7,6,Syn
20999.0,21859.0,1330.0,2818.0,7548,7490,8907.0,9195,24559.0,23805.0,4928.0,4125.0,248.8,6,Syn
14320.0,27110.0,5201.0,7636.0,7899,8422,10542.0,10614,23692.0,22879.0,2595.0,4053.0,248.9,6,Syn
2052.0,8238.0,556.0,1397.0,2441,2833,3193.0,3419,8307.0,9710.0,0.0,403.0,249.0,6,Syn
7973.0,19869.0,945.0,2802.0,2540,2988,3155.0,3930,9914.0,11590.0,2964.0,2637.0,249.0,6,Syn
6187.0,23710.0,1513.0,3665.0,2148,3695,3153.0,5234,6956.0,11705.0,1760.0,2231.0,249.0,6,Syn
88180.0,141519.0,255210.0,372639.0,5417,5551,6536.0,6220,16534.0,15443.0,4404.0,4302.0,249.2,6,Syn
5289.0,13805.0,1992.0,4194.0,2114,2372,2720.0,3112,7739.0,8615.0,1897.0,1591.0,249.3,6,Syn
10674.0,14593.0,2119.0,3707.0,1984,1679,2632.0,2554,7864.0,7518.0,2741.0,2363.0,249.3,6,Syn
7104.0,15334.0,2528.0,5211.0,4396,5065,5483.0,6534,12328.0,13959.0,3581.0,3027.0,249.4,6,Syn
11751.0,25736.0,2248.0,5927.0,6074,6939,7425.0,8525,16915.0,19487.0,3666.0,4276.0,249.4,6,Syn
12881.0,21539.0,2310.0,4708.0,2959,2914,4802.0,5097,15658.0,16414.0,3311.0,3071.0,249.6,6,Syn
3432.0,16975.0,1338.0,4632.0,3351,6368,3613.0,7234,7668.0,15521.0,898.0,1922.0,249.8,6,Syn
14111.0,20144.0,2425.0,4267.0,4070,3630,5092.0,5097,16064.0,14278.0,4886.0,3735.0,249.8,6,Syn
15104.0,24474.0,2849.0,5477.0,951,1206,3217.0,3516,9147.0,10797.0,709.0,1968.0,249.9,6,Syn
14974.0,15574.0,3592.0,6085.0,1395,1574,4079.0,3956,8433.0,8706.0,2079.0,2352.0,250.5,6,Syn
19644.0,36665.0,2473.0,4144.0,5354,5924,8052.0,8202,19353.0,18477.0,2956.0,3899.0,250.6,6,Syn
7060.0,15572.0,1326.0,2612.0,2139,2433,3016.0,3692,9063.0,10981.0,992.0,3540.0,250.6,6,Syn
1470.0,8783.0,1031.0,4074.0,1133,1977,1608.0,2728,4284.0,7368.0,538.0,1365.0,250.7,6,Syn
2311.0,13453.0,1117.0,5026.0,1520,2333,1933.0,3105,5509.0,9015.0,621.0,838.0,250.7,6,Syn
4372.0,10312.0,1817.0,3847.0,4626,5181,5288.0,5865,12090.0,13691.0,1879.0,2982.0,250.8,6,Syn
3943.0,16123.0,1898.0,5371.0,1788,2500,2158.0,2827,5878.0,7909.0,565.0,1244.0,250.9,6,Syn
22008.0,21242.0,4164.0,5804.0,12764,11933,14551.0,14172,36957.0,33826.0,3662.0,5110.0,250.9,6,Syn
12207.0,21678.0,1433.0,3240.0,3741,4316,4877.0,5351,12586.0,14074.0,1854.0,3192.0,251.0,6,Syn
1488.0,5139.0,406.0,1489.0,485,1522,820.0,2102,1862.0,5156.0,564.0,670.0,251.0,6,Syn
3702.0,11106.0,1067.0,3894.0,2878,3475,3512.0,4498,8073.0,9906.0,597.0,868.0,251.1,6,Syn
3349.0,13448.0,1283.0,4806.0,1181,1632,1779.0,2592,4519.0,6856.0,407.0,464.0,251.1,6,Syn
1786.0,9750.0,0.0,1793.0,569,1249,779.0,1984,2009.0,6292.0,2170.0,3409.0,251.2,6,Syn
10398.0,17197.0,1589.0,3105.0,2521,2269,3431.0,3420,7878.0,7942.0,2719.0,2334.0,251.2,6,Syn
3723.0,10598.0,1692.0,4308.0,2413,2759,3144.0,3624,7591.0,8697.0,418.0,1460.0,251.4,6,Syn
6027.0,15730.0,2334.0,4581.0,2917,3174,3968.0,4459,13559.0,14778.0,1862.0,2227.0,251.4,6,Syn
6995.0,16985.0,2622.0,4244.0,4282,4141,4912.0,5056,12009.0,11826.0,3397.0,2128.0,251.7,6,Syn
5940.0,21249.0,2035.0,4753.0,1679,1919,4281.0,4985,11054.0,12975.0,1251.0,2398.0,251.7,6,Syn
5502.0,22821.0,1294.0,3455.0,2924,3803,3791.0,5083,8397.0,11583.0,513.0,1438.0,251.8,6,Syn
23676.0,40331.0,9068.0,17269.0,4885,4610,6601.0,6477,18415.0,19395.0,2753.0,3877.0,251.9,6,Syn
5901.0,17022.0,1615.0,3613.0,5268,5449,5329.0,5642,12858.0,13713.0,776.0,1210.0,252.1,6,Syn
1316.0,6146.0,1017.0,4176.0,1526,2236,2108.0,3276,5158.0,7629.0,1062.0,1728.0,252.1,6,Syn
1231.0,3225.0,1186.0,3041.0,1662,2679,2277.0,3675,5753.0,10043.0,407.0,414.0,252.2,6,Syn
8577.0,19806.0,2295.0,4331.0,3787,4083,5048.0,5714,14957.0,16160.0,2509.0,4529.0,252.3,6,Syn
3587.0,9375.0,2973.0,5828.0,4027,4759,4271.0,5070,10394.0,11655.0,890.0,1200.0,252.4,6,Syn
2681.0,7147.0,1639.0,4075.0,3328,4609,4905.0,5921,11903.0,15169.0,351.0,1062.0,252.6,6,Syn
15086.0,26426.0,3855.0,6805.0,4155,3956,5909.0,5782,15676.0,15879.0,2041.0,3183.0,252.7,6,Syn
12363.0,30618.0,1889.0,3202.0,11560,12634,13138.0,14329,32264.0,33089.0,2008.0,3840.0,252.7,6,Syn
4079.0,12387.0,1900.0,6779.0,6184,7436,6694.0,7906,14703.0,17649.0,954.0,2392.0,252.8,6,Syn
3747.0,15544.0,714.0,3125.0,1341,3676,1268.0,3556,3044.0,7949.0,2430.0,2437.0,252.9,6,Syn
1838.0,6441.0,108.0,1485.0,2316,6185,2029.0,5813,4545.0,11130.0,0.0,69.0,252.9,6,Syn
7334.0,22291.0,2030.0,3557.0,3546,3972,4859.0,5692,12134.0,14599.0,792.0,2998.0,252.9,6,Syn
19658.0,29515.0,2844.0,5255.0,6573,6999,8904.0,9227,25723.0,25594.0,4229.0,5879.0,253.0,6,Syn
2914.0,7110.0,842.0,1788.0,2017,2185,2642.0,3089,6708.0,7922.0,0.0,367.0,253.0,6,Syn
6772.0,12888.0,2471.0,5158.0,2735,2757,3536.0,3406,8890.0,8659.0,1698.0,1872.0,253.0,6,Syn
5500.0,7986.0,4502.0,6759.0,7497,7728,8832.0,8895,21057.0,20539.0,4703.0,4142.0,253.0,6,Syn
7021.0,22119.0,1898.0,4638.0,4927,4949,6232.0,6567,15978.0,15961.0,2186.0,3214.0,253.0,6,Syn
7034.0,18227.0,2207.0,5039.0,8795,9595,9200.0,9719,17835.0,19482.0,574.0,1918.0,253.0,6,Syn
5882.0,9896.0,2945.0,6036.0,1196,1579,1574.0,2064,4292.0,5344.0,1602.0,1275.0,253.3,6,Syn
5766.0,14564.0,1421.0,3071.0,3415,3231,4428.0,4536,10128.0,10323.0,1587.0,2181.0,253.5,6,Syn
2214.0,13188.0,779.0,3106.0,1902,4018,2139.0,5283,4877.0,10962.0,738.0,1209.0,253.5,6,Syn
2341.0,7600.0,703.0,4233.0,1664,3768,2116.0,5229,4673.0,10894.0,53.0,765.0,253.5,6,Syn
3467.0,10804.0,1144.0,3507.0,3404,4443,4056.0,5167,10064.0,12706.0,1958.0,3879.0,253.5,6,Syn
11131.0,14830.0,1134.0,2705.0,515,2477,1240.0,3072,2504.0,7468.0,506.0,674.0,253.5,6,Syn
16437.0,32077.0,3057.0,7069.0,5510,5863,7113.0,7633,19891.0,21452.0,3178.0,4060.0,253.5,6,Syn
9992.0,20023.0,1979.0,4493.0,3090,3443,3624.0,3967,7791.0,8530.0,553.0,1185.0,253.6,6,Syn
8038.0,19121.0,1151.0,3504.0,3035,3795,3992.0,4933,8314.0,9183.0,1213.0,2065.0,253.7,6,Syn
3009.0,9971.0,1508.0,3427.0,1680,3963,2205.0,4973,6209.0,13577.0,2823.0,3767.0,253.7,6,Syn
1823.0,9267.0,411.0,3049.0,1354,4139,1596.0,4641,3663.0,10182.0,302.0,708.0,253.7,6,Syn
1517.0,8508.0,429.0,2032.0,1088,2817,1109.0,2935,3513.0,8150.0,539.0,965.0,253.8,6,Syn
9956.0,22104.0,2422.0,5238.0,3049,3763,3995.0,5093,12037.0,16527.0,4127.0,4186.0,253.9,6,Syn
2645.0,9456.0,432.0,2138.0,466,905,547.0,1807,1738.0,5214.0,267.0,308.0,253.9,6,Syn
6012.0,19090.0,3105.0,8203.0,2664,3580,3553.0,4957,9502.0,13875.0,2581.0,2976.0,254.0,6,Syn
24799.0,29811.0,4413.0,8702.0,4321,4397,5541.0,5348,14025.0,13144.0,2441.0,2054.0,254.0,6,Syn
5405.0,9572.0,269.0,1875.0,2901,2795,4059.0,4353,10578.0,10314.0,805.0,1363.0,254.1,6,Syn
9352.0,26600.0,1920.0,4251.0,4058,4575,5456.0,6471,16150.0,17484.0,3776.0,3513.0,254.1,6,Syn
10821.0,12637.0,2331.0,4157.0,3389,3631,4902.0,5592,14194.0,14587.0,951.0,1661.0,254.5,6,Syn
15341.0,27748.0,604.0,2430.0,7107,7718,8759.0,9389,25537.0,27843.0,2300.0,4303.0,254.7,6,Syn
3435.0,11034.0,1368.0,3998.0,3654,4330,4678.0,5663,10133.0,11528.0,491.0,988.0,254.9,6,Syn
8947.0,19540.0,1929.0,4223.0,4012,4713,4558.0,5228,12460.0,13046.0,1480.0,1392.0,254.9,6,Syn
9557.0,17919.0,1237.0,2742.0,3704,3607,4706.0,4521,11000.0,11505.0,1465.0,2710.0,255.1,6,Syn
11113.0,18274.0,1386.0,3224.0,6142,5768,7299.0,7020,16508.0,15343.0,1397.0,1799.0,255.1,6,Syn
6687.0,14977.0,4969.0,10513.0,4053,4064,5405.0,5630,13643.0,12600.0,2947.0,2807.0,255.2,6,Syn
4427.0,9885.0,334.0,2223.0,722,1313,529.0,1604,1633.0,4526.0,1524.0,1455.0,255.4,6,Syn
2429.0,14846.0,925.0,3812.0,2178,3966,2680.0,4959,6153.0,11297.0,0.0,0.0,255.4,6,Syn
23733.0,26439.0,2046.0,3514.0,5487,5400,7690.0,7379,18776.0,18546.0,3400.0,3528.0,255.4,6,Syn
13516.0,28095.0,4552.0,7349.0,6697,7129,9416.0,9519,28134.0,26996.0,3490.0,5798.0,255.5,6,Syn
1732.0,7062.0,533.0,3262.0,1469,2140,2298.0,3430,5468.0,8326.0,0.0,324.0,255.5,6,Syn
2515.0,8240.0,707.0,2002.0,1269,1681,2923.0,4054,7364.0,9863.0,22.0,193.0,255.6,6,Syn
3505.0,8175.0,2748.0,4886.0,3328,3455,4211.0,4355,8390.0,8585.0,2617.0,2170.0,255.6,6,Syn
213558.0,316775.0,130147.0,187993.0,9021,9492,12753.0,12779,29283.0,27649.0,9462.0,6955.0,255.9,6,Syn
3773.0,11170.0,1067.0,2435.0,2899,4145,3272.0,4436,7320.0,10051.0,3.0,682.0,256.0,6,Syn
3697.0,10484.0,2051.0,5001.0,976,2288,848.0,2350,1985.0,5086.0,1324.0,1445.0,256.0,6,Syn
3414.0,13444.0,906.0,1852.0,1964,3558,2320.0,4514,6244.0,11445.0,1728.0,2516.0,256.0,6,Syn
3724.0,19593.0,1198.0,3779.0,2444,3809,3241.0,5272,7844.0,12673.0,522.0,1029.0,256.1,6,Syn
10266.0,17872.0,2822.0,4542.0,1447,1338,2404.0,2237,7517.0,7601.0,1631.0,1768.0,256.1,6,Syn
4464.0,12418.0,741.0,3082.0,2712,3279,3798.0,4714,10523.0,13261.0,2096.0,2837.0,256.2,6,Syn
23098.0,30554.0,2473.0,2858.0,7002,7051,8947.0,9038,22972.0,22363.0,972.0,4249.0,256.2,6,Syn
4026.0,9533.0,1081.0,5208.0,526,1675,854.0,2385,2541.0,6977.0,2918.0,2360.0,256.3,6,Syn
2226.0,12680.0,1352.0,5466.0,1535,2346,2312.0,3604,7103.0,11441.0,0.0,0.0,256.3,6,Syn
18247.0,40099.0,2066.0,4438.0,6886,7099,10871.0,11123,29424.0,30080.0,5542.0,6718.0,256.3,6,Syn
9384.0,26640.0,1527.0,2943.0,4945,5019,6408.0,6799,18404.0,19198.0,2911.0,3628.0,256.3,6,Syn
9675.0,21236.0,2876.0,5509.0,3723,3546,5063.0,4953,13211.0,12668.0,2728.0,3440.0,256.5,6,Syn
3658.0,9052.0,1071.0,2944.0,1920,2537,2830.0,3750,7703.0,11088.0,1515.0,2138.0,256.5,6,Syn
3469.0,10224.0,1453.0,3432.0,3708,4862,4783.0,6457,12084.0,15593.0,1915.0,3099.0,256.5,6,Syn
6808.0,7270.0,545.0,3357.0,512,1443,1052.0,2495,2705.0,6297.0,1716.0,1827.0,256.6,6,Syn
11321.0,39401.0,1531.0,4335.0,4592,5208,6276.0,6825,17716.0,19485.0,1498.0,2439.0,256.6,6,Syn
2790.0,7330.0,1683.0,3183.0,1909,3377,1998.0,3330,5092.0,8238.0,1123.0,1712.0,256.7,6,Syn
4099.0,8666.0,1313.0,2962.0,988,2082,964.0,1945,2850.0,5421.0,1486.0,1540.0,256.7,6,Syn
6647.0,17450.0,3474.0,6345.0,9597,11248,11140.0,12747,22113.0,25671.0,2598.0,3527.0,257.0,6,Syn
2862.0,9387.0,489.0,3266.0,801,1882,796.0,2544,1593.0,4520.0,573.0,960.0,257.0,6,Syn
5221.0,9569.0,1810.0,3681.0,4166,5006,4987.0,5922,13155.0,15862.0,696.0,1727.0,257.1,6,Syn
5091.0,12829.0,1366.0,3879.0,1106,1335,1665.0,2073,5030.0,6122.0,313.0,789.0,257.1,6,Syn
4852.0,8865.0,1656.0,2752.0,2473,2561,3624.0,3965,10133.0,10732.0,3546.0,3045.0,257.2,6,Syn
21218.0,31837.0,2875.0,3752.0,6945,7034,10147.0,10357,27787.0,27229.0,6190.0,6507.0,257.3,6,Syn
1384.0,7330.0,1090.0,3964.0,1673,2423,2022.0,2969,5752.0,8807.0,18.0,352.0,257.4,6,Syn
4588.0,8331.0,2351.0,5042.0,4587,4894,5282.0,5577,11338.0,11934.0,1345.0,1906.0,257.6,6,Syn
11928.0,26449.0,4021.0,7400.0,9230,9697,10347.0,11029,24572.0,23712.0,4878.0,3533.0,257.6,6,Syn
5498.0,12213.0,2422.0,3872.0,3926,4233,5192.0,5475,13120.0,13542.0,2433.0,1933.0,257.6,6,Syn
13405.0,31751.0,2238.0,5409.0,6041,6276,10044.0,11575,26703.0,30398.0,2961.0,7668.0,257.6,6,Syn
6359.0,27850.0,532.0,2925.0,5142,6180,6416.0,7824,16778.0,20561.0,1111.0,2511.0,257.6,6,Syn
1651.0,9476.0,410.0,2396.0,514,1550,919.0,2414,2284.0,6094.0,1202.0,2042.0,257.8,6,Syn
3641.0,9715.0,1596.0,3964.0,2340,2547,3973.0,4879,10207.0,12506.0,1894.0,1904.0,257.9,6,Syn
5409.0,15005.0,1982.0,4558.0,3234,3452,3804.0,4284,9504.0,10179.0,1541.0,1625.0,257.9,6,Syn
3684.0,14071.0,1254.0,4506.0,1136,2320,1298.0,2883,3772.0,7793.0,2549.0,2960.0,258.0,6,Syn
20813.0,31144.0,1301.0,2996.0,8632,8402,11903.0,12127,27919.0,27378.0,5860.0,5595.0,258.1,6,Syn
848.0,5043.0,314.0,1677.0,1709,3193,2114.0,4253,5602.0,10270.0,320.0,880.0,258.1,6,Syn
6179.0,16157.0,916.0,2604.0,841,1877,913.0,2384,2834.0,6953.0,3767.0,4587.0,258.1,6,Syn
5606.0,20495.0,1016.0,2882.0,6397,8291,7378.0,9405,20937.0,27414.0,1831.0,2040.0,258.1,6,Syn
2481.0,13550.0,671.0,2584.0,2527,4313,2963.0,4985,6793.0,11684.0,714.0,1652.0,258.1,6,Syn
3079.0,10027.0,1160.0,2383.0,2521,2763,3378.0,3618,8490.0,9343.0,1599.0,1345.0,258.2,6,Syn
18585.0,14186.0,501.0,2943.0,4137,4041,4454.0,4498,13642.0,11609.0,4579.0,3544.0,258.2,6,Syn
1657.0,9484.0,641.0,3071.0,1318,2626,1542.0,2892,4067.0,7757.0,802.0,1764.0,258.2,6,Syn
13709.0,16548.0,2434.0,4833.0,2903,2861,4047.0,3667,11309.0,10576.0,2175.0,2498.0,258.3,6,Syn
6938.0,13899.0,2186.0,3927.0,4216,5084,5613.0,6577,13092.0,14899.0,1038.0,2071.0,258.3,6,Syn
12733.0,14272.0,545.0,1794.0,2124,2255,3891.0,3745,10110.0,10157.0,3108.0,2308.0,258.5,6,Syn
126069.0,176568.0,87233.0,129542.0,6829,7454,9472.0,8591,22369.0,20489.0,7009.0,4577.0,258.6,6,Syn
1576.0,7160.0,1131.0,3723.0,1088,2377,1517.0,3529,3754.0,8214.0,484.0,1682.0,258.7,6,Syn
8821.0,20656.0,2470.0,5241.0,3810,4361,5537.0,6352,14565.0,15825.0,4531.0,3948.0,258.7,6,Syn
11920.0,16906.0,1680.0,1969.0,2749,2903,4628.0,4787,13056.0,13122.0,2424.0,2117.0,258.7,6,Syn
15818.0,17596.0,4735.0,5856.0,5603,5982,7464.0,7942,21702.0,22093.0,2122.0,4325.0,258.8,6,Syn
248410.0,368208.0,89525.0,138978.0,12528,11919,14541.0,14020,37635.0,34535.0,7618.0,7243.0,258.9,6,Syn
3195.0,17366.0,1519.0,5398.0,2274,3952,2856.0,4993,7823.0,13621.0,886.0,1318.0,259.1,6,Syn
5479.0,10806.0,1031.0,2641.0,886,2136,1132.0,2620,3095.0,7200.0,655.0,1304.0,259.4,6,Syn
8238.0,14753.0,2602.0,3887.0,3914,3997,5830.0,5877,13355.0,11637.0,2666.0,2949.0,259.4,6,Syn
2698.0,14889.0,22.0,596.0,1967,3290,2481.0,4529,6135.0,11215.0,89.0,1079.0,259.4,6,Syn
25820.0,45931.0,4567.0,6958.0,7487,6955,9668.0,9727,31712.0,30789.0,8218.0,7764.0,259.6,6,Syn
1118.0,4501.0,267.0,3272.0,900,2133,1248.0,3105,3018.0,8716.0,2771.0,3356.0,259.7,6,Syn
8121.0,12088.0,470.0,1729.0,738,2012,845.0,2384,1566.0,5403.0,0.0,406.0,259.7,6,Syn
12335.0,25520.0,2250.0,3171.0,2782,2971,3785.0,3741,10933.0,11207.0,4893.0,3033.0,259.7,6,Syn
9145.0,19379.0,2422.0,5137.0,1917,2259,2691.0,2957,7860.0,8416.0,2453.0,3337.0,259.8,6,Syn
11040.0,22031.0,2652.0,4476.0,4197,4386,5199.0,5529,14444.0,13822.0,2446.0,3506.0,259.8,6,Syn
9974.0,16516.0,2339.0,3316.0,5018,4872,7032.0,6708,19847.0,18282.0,2959.0,4724.0,259.8,6,Syn
11744.0,14174.0,1632.0,3059.0,2850,3110,3659.0,4199,8619.0,9820.0,1091.0,1576.0,259.9,6,Syn
2919.0,11981.0,1465.0,4402.0,3469,4851,4202.0,5825,11318.0,15259.0,1205.0,4032.0,259.9,6,Syn
11020.0,21282.0,3548.0,6538.0,7321,7630,8954.0,9419,22992.0,23628.0,3067.0,3472.0,260.0,6,Syn
5527.0,16429.0,1689.0,5659.0,3449,5954,4423.0,7519,10745.0,16706.0,402.0,1085.0,260.1,6,Syn
6876.0,21600.0,3481.0,8869.0,3004,3638,4123.0,4974,10363.0,12287.0,860.0,1156.0,260.1,6,Syn
17353.0,31705.0,1546.0,3865.0,3433,3206,3895.0,4009,11128.0,10102.0,3402.0,2502.0,260.2,6,Syn
9696.0,18320.0,1584.0,4483.0,4882,5011,6719.0,6972,20008.0,20273.0,3476.0,4837.0,260.3,6,Syn
5897.0,12555.0,521.0,2019.0,3068,3107,4656.0,5230,11174.0,12276.0,664.0,1396.0,260.4,6,Syn
4401.0,19418.0,2789.0,8460.0,2235,3091,2670.0,3601,6327.0,8490.0,342.0,1168.0,260.6,6,Syn
8820.0,13854.0,3999.0,8860.0,3031,3312,4423.0,4153,12941.0,13143.0,2883.0,3269.0,260.7,6,Syn
10962.0,22897.0,8050.0,15398.0,5160,5294,7631.0,8247,22106.0,23940.0,3806.0,5984.0,261.0,6,Syn
3375.0,17403.0,859.0,2560.0,1540,2562,1744.0,2841,3643.0,5958.0,238.0,219.0,261.0,6,Syn
15568.0,27030.0,2900.0,5673.0,7463,7819,9977.0,10469,27034.0,27150.0,5527.0,5775.0,261.0,6,Syn
3691.0,11180.0,2411.0,7228.0,2024,2250,2702.0,3224,7654.0,9868.0,524.0,682.0,261.1,6,Syn
15507.0,26497.0,3003.0,4600.0,4782,4877,6217.0,6001,16124.0,15346.0,3355.0,3716.0,261.1,6,Syn
2224.0,9365.0,1263.0,4146.0,1145,2615,1296.0,3162,3315.0,6954.0,440.0,1028.0,261.4,6,Syn
8999.0,20200.0,2324.0,5235.0,6249,6842,7556.0,7815,16798.0,17760.0,2681.0,4436.0,261.5,6,Syn
10143.0,14981.0,2138.0,2919.0,2766,2667,3639.0,3698,10269.0,10295.0,3882.0,2454.0,261.5,6,Syn
12439.0,23421.0,3956.0,7533.0,2471,2592,4722.0,5096,13050.0,13688.0,2572.0,3564.0,261.5,6,Syn
8870.0,21667.0,2734.0,5411.0,4089,4497,5626.0,5880,15397.0,16377.0,1432.0,2480.0,261.6,6,Syn
4164.0,9226.0,1771.0,4005.0,3044,3487,4053.0,4718,10334.0,11073.0,1213.0,1140.0,261.7,6,Syn
12589.0,18964.0,1898.0,2533.0,5359,5201,7308.0,7849,18771.0,19503.0,4621.0,3608.0,261.8,6,Syn
1506.0,8586.0,765.0,3030.0,1277,2345,1558.0,2903,3646.0,6967.0,518.0,842.0,261.8,6,Syn
4042.0,8082.0,1623.0,4009.0,2403,2431,3163.0,3420,9183.0,10020.0,1032.0,1745.0,261.9,6,Syn
1536.0,8781.0,726.0,3810.0,535,1404,806.0,2390,2158.0,7154.0,1734.0,2695.0,262.0,6,Syn
3614.0,15502.0,1833.0,6369.0,1963,3043,2656.0,4137,7487.0,11512.0,858.0,1355.0,262.0,6,Syn
17845.0,28771.0,3033.0,3063.0,3134,3176,4725.0,4484,12473.0,12042.0,4115.0,4089.0,262.1,6,Syn
12190.0,12424.0,514.0,3254.0,2462,2204,3080.0,3339,8615.0,7456.0,650.0,1154.0,262.2,6,Syn
9255.0,21799.0,1701.0,4894.0,2649,3309,5095.0,5521,12825.0,14068.0,1108.0,2181.0,262.4,6,Syn
11626.0,15499.0,1876.0,3614.0,3025,4388,4403.0,5841,10662.0,14337.0,1901.0,3369.0,262.5,6,Syn
14874.0,17014.0,2578.0,4067.0,3757,4084,5130.0,5004,14982.0,14710.0,419.0,2376.0,262.5,6,Syn
5125.0,11199.0,1378.0,3325.0,4341,4750,6017.0,6714,16215.0,18117.0,2286.0,3117.0,262.6,6,Syn
8870.0,20063.0,1884.0,4849.0,4394,4861,5298.0,5818,15333.0,16277.0,556.0,2922.0,262.7,6,Syn
5445.0,16504.0,3141.0,7397.0,2908,3531,3637.0,4615,9794.0,13022.0,1441.0,2654.0,262.7,6,Syn
4891.0,9072.0,411.0,1723.0,1501,2476,2113.0,3486,5206.0,8822.0,828.0,2358.0,262.8,6,Syn
1899.0,7253.0,494.0,1505.0,451,1127,519.0,1470,1433.0,4323.0,346.0,1570.0,262.8,6,Syn
22823.0,39294.0,4396.0,7355.0,6844,6862,7793.0,7690,21298.0,20459.0,4790.0,4715.0,262.8,6,Syn
67383.0,87925.0,33115.0,48712.0,4074,3679,6113.0,5917,17397.0,16077.0,5881.0,4956.0,263.0,6,Syn
1556.0,9696.0,1943.0,8058.0,1075,1944,1415.0,2674,4188.0,8294.0,217.0,172.0,263.1,6,Syn
5537.0,13131.0,861.0,3384.0,426,815,614.0,1322,1674.0,4306.0,285.0,751.0,263.1,6,Syn
6666.0,13061.0,1656.0,3912.0,998,1227,1640.0,1968,4105.0,5141.0,620.0,722.0,263.1,6,Syn
11684.0,20031.0,1555.0,3111.0,7146,6929,9024.0,8534,22461.0,20341.0,4273.0,4647.0,263.1,6,Syn
6643.0,15006.0,2236.0,4820.0,7237,7950,7608.0,8234,18887.0,20261.0,1100.0,1245.0,263.2,6,Syn
2224.0,5662.0,1692.0,3935.0,3476,5080,4211.0,6469,9658.0,14782.0,1267.0,3066.0,263.4,6,Syn
2164.0,8755.0,1239.0,3470.0,5384,9740,5619.0,9585,10693.0,16770.0,1018.0,2062.0,263.4,6,Syn
2887.0,9746.0,109.0,841.0,1688,6482,1646.0,5645,2809.0,9361.0,138.0,441.0,263.4,6,Syn
12644.0,17313.0,1922.0,2900.0,3464,3545,4278.0,4301,12390.0,11339.0,3505.0,2442.0,263.5,6,Syn
4976.0,10437.0,995.0,2412.0,2892,3069,3478.0,3674,8592.0,8422.0,650.0,1864.0,263.7,6,Syn
4948.0,13275.0,999.0,2844.0,4919,6538,6374.0,8250,14152.0,18288.0,568.0,552.0,263.8,6,Syn
12949.0,22776.0,2555.0,4882.0,3606,3784,4439.0,4699,12549.0,12530.0,1112.0,1762.0,263.8,6,Syn
21411.0,34929.0,3398.0,5138.0,4472,4249,6393.0,6228,17463.0,16186.0,4455.0,4163.0,263.8,6,Syn
44167.0,73679.0,11962.0,18439.0,2132,2110,4397.0,4300,10341.0,10043.0,3481.0,3549.0,263.8,6,Syn
4313.0,13391.0,1098.0,3150.0,3680,5166,4969.0,6938,14231.0,20286.0,218.0,2801.0,263.8,6,Syn
2249.0,7503.0,444.0,1363.0,574,1604,655.0,1757,1605.0,5751.0,0.0,0.0,263.8,6,Syn
10268.0,25399.0,1716.0,3645.0,7128,7494,8540.0,9006,22202.0,22350.0,2304.0,4696.0,263.9,6,Syn
6169.0,11222.0,2897.0,5824.0,4589,5224,5847.0,6876,14354.0,15993.0,1783.0,2673.0,263.9,6,Syn
15603.0,22571.0,2360.0,4565.0,1915,2008,5314.0,5430,13466.0,13258.0,1723.0,4024.0,263.9,6,Syn
3882.0,15839.0,899.0,2350.0,2776,3455,3708.0,4850,8046.0,10304.0,965.0,1765.0,263.9,6,Syn
2655.0,6628.0,926.0,2816.0,2616,4808,3591.0,6041,9573.0,15706.0,2370.0,2848.0,264.1,6,Syn
1229.0,6438.0,726.0,2954.0,429,1515,636.0,2194,2225.0,6757.0,488.0,785.0,264.1,6,Syn
9883.0,16210.0,1395.0,4558.0,2030,2219,3585.0,3680,9360.0,9097.0,1521.0,3252.0,264.1,6,Syn
9015.0,13763.0,272.0,2580.0,5739,5497,8190.0,8400,23306.0,22303.0,3458.0,3975.0,264.2,6,Syn
509.0,2833.0,1180.0,4691.0,1039,2591,1350.0,4079,3976.0,11063.0,1723.0,3121.0,264.4,6,Syn
6073.0,18069.0,1380.0,3709.0,4472,5396,5538.0,6563,13919.0,15718.0,12.0,353.0,264.4,6,Syn
2082.0,6664.0,171.0,1433.0,3209,4015,3522.0,4328,8021.0,9705.0,301.0,771.0,264.5,6,Syn
1237.0,6663.0,863.0,4021.0,1611,3229,2370.0,4792,5733.0,12678.0,4.0,22.0,264.5,6,Syn
8198.0,18668.0,2559.0,4787.0,2557,2597,4489.0,4676,10491.0,10656.0,2344.0,3150.0,264.6,6,Syn
3699.0,21295.0,720.0,3507.0,1631,2838,1936.0,3285,4695.0,8356.0,0.0,0.0,264.7,6,Syn
9856.0,24601.0,808.0,1883.0,5674,6487,8448.0,9232,23522.0,25374.0,3487.0,5535.0,264.7,6,Syn
15847.0,17153.0,1653.0,2007.0,3724,3572,4829.0,5045,12492.0,12499.0,4623.0,3531.0,264.7,6,Syn
1601.0,10223.0,1090.0,4318.0,1475,3920,1719.0,4352,4710.0,11270.0,782.0,1383.0,264.8,6,Syn
5028.0,12956.0,2039.0,6073.0,4918,6318,4750.0,6043,9840.0,12883.0,510.0,973.0,265.0,6,Syn
6977.0,18094.0,1680.0,3921.0,1830,1916,2437.0,2659,6669.0,7265.0,1070.0,1477.0,265.0,6,Syn
2084.0,6910.0,1630.0,4162.0,1054,2080,1394.0,2605,3537.0,6425.0,2009.0,1976.0,265.1,6,Syn
10810.0,14227.0,3714.0,5130.0,1043,1087,3414.0,3185,8231.0,8018.0,4072.0,3400.0,265.1,6,Syn
17810.0,29301.0,1733.0,2507.0,6319,6887,8386.0,8950,25186.0,24858.0,4481.0,5741.0,265.2,6,Syn
16536.0,25160.0,2564.0,6149.0,7393,7336,9122.0,8743,24883.0,22445.0,5921.0,4645.0,265.4,6,Syn
2589.0,7767.0,1122.0,3070.0,1926,2343,2353.0,2999,6810.0,8754.0,345.0,828.0,265.4,6,Syn
9355.0,11648.0,3633.0,7102.0,5842,6391,7354.0,7850,17981.0,18318.0,1362.0,3890.0,265.5,6,Syn
5784.0,11881.0,2761.0,4891.0,3334,4079,4393.0,5026,12577.0,15595.0,0.0,488.0,265.6,6,Syn
3144.0,8512.0,2315.0,5418.0,1921,3565,2694.0,4411,7157.0,11333.0,2321.0,2948.0,265.9,6,Syn
2594.0,10555.0,556.0,3455.0,1211,3159,1394.0,3864,4167.0,10394.0,120.0,637.0,265.9,6,Syn
11098.0,17736.0,1984.0,3329.0,2404,2408,3989.0,3904,12483.0,10911.0,3780.0,3548.0,266.0,6,Syn
9720.0,13853.0,4033.0,8725.0,4717,4632,5881.0,5958,16839.0,15542.0,3913.0,4076.0,266.1,6,Syn
11902.0,21023.0,1709.0,2583.0,5761,5786,7337.0,7663,17271.0,17868.0,1927.0,3114.0,266.1,6,Syn
7043.0,21415.0,5410.0,9434.0,6213,7309,7196.0,8567,17080.0,20245.0,4122.0,4045.0,266.1,6,Syn
3356.0,7327.0,2804.0,4450.0,3561,3454,4163.0,4179,10415.0,9983.0,2122.0,2228.0,266.1,6,Syn
5736.0,16418.0,1517.0,3514.0,2708,2900,4008.0,4685,10532.0,12068.0,646.0,2143.0,266.2,6,Syn
3080.0,10146.0,3690.0,9475.0,2172,2856,3144.0,4473,8662.0,11743.0,273.0,2360.0,266.2,6,Syn
11569.0,25069.0,1893.0,3795.0,4308,4498,5799.0,6108,14596.0,15369.0,3285.0,3463.0,266.2,6,Syn
6424.0,16933.0,1211.0,2757.0,5519,6198,7518.0,8305,18416.0,20891.0,2274.0,3265.0,266.4,6,Syn
5132.0,8813.0,1915.0,2960.0,2718,2778,4467.0,4616,12855.0,12520.0,0.0,3248.0,266.4,6,Syn
4905.0,15061.0,1615.0,4461.0,2011,2507,2423.0,3164,8317.0,10630.0,1059.0,2711.0,266.6,6,Syn
9367.0,20915.0,3875.0,6608.0,3340,3465,4349.0,4624,12395.0,12403.0,866.0,3180.0,266.6,6,Syn
13828.0,23305.0,5292.0,9303.0,8578,8592,9791.0,10238,22645.0,23013.0,4206.0,4163.0,266.7,6,Syn
1872.0,11191.0,660.0,2565.0,1807,3665,2300.0,4781,6011.0,11533.0,419.0,1589.0,266.7,6,Syn
15208.0,24901.0,4512.0,9202.0,5079,5311,7495.0,7973,20434.0,22183.0,3160.0,5103.0,266.7,6,Syn
2316.0,11338.0,1077.0,3593.0,2250,4056,2884.0,5250,8104.0,12761.0,1430.0,2201.0,266.7,6,Syn
3192.0,11909.0,554.0,1605.0,786,1627,686.0,1629,1886.0,4662.0,1590.0,1833.0,266.8,6,Syn
1976.0,9856.0,691.0,2267.0,1845,3380,2060.0,3895,4349.0,8688.0,871.0,1280.0,266.8,6,Syn
1320.0,7883.0,307.0,1749.0,1099,1883,1407.0,2441,4402.0,7820.0,0.0,118.0,266.8,6,Syn
10372.0,23070.0,1189.0,2065.0,3198,3320,4110.0,4536,10023.0,10953.0,1526.0,2418.0,266.8,6,Syn
5016.0,17840.0,1745.0,3775.0,3008,3268,3434.0,3951,8758.0,10032.0,671.0,1497.0,266.8,6,Syn
9660.0,15312.0,2128.0,4085.0,4412,4665,5756.0,5795,13711.0,13627.0,3688.0,3772.0,266.9,6,Syn
6126.0,19553.0,1807.0,3961.0,2379,2529,2998.0,3146,8511.0,9023.0,1273.0,2420.0,266.9,6,Syn
4444.0,14208.0,588.0,2195.0,2319,2857,3550.0,4091,9137.0,10014.0,1029.0,2796.0,267.0,6,Syn
9223.0,20732.0,1649.0,3120.0,3002,3574,3078.0,3963,8515.0,10749.0,1816.0,2295.0,267.0,6,Syn
2722.0,10266.0,552.0,2606.0,1864,2500,2233.0,3487,6098.0,10164.0,410.0,2827.0,267.0,6,Syn
15674.0,27297.0,1865.0,3049.0,5167,5056,7698.0,7614,22315.0,22943.0,5486.0,6006.0,267.1,6,Syn
5227.0,16775.0,1733.0,4243.0,2896,3610,3493.0,4190,9912.0,12009.0,989.0,1449.0,267.2,6,Syn
4952.0,13316.0,1452.0,3082.0,3203,3452,4799.0,5560,12040.0,14218.0,1007.0,1639.0,267.3,6,Syn
2282.0,7898.0,2511.0,7404.0,2438,3077,2912.0,3680,7563.0,9887.0,0.0,1344.0,267.3,6,Syn
7769.0,19617.0,4214.0,9956.0,4074,4637,5347.0,5775,14666.0,15812.0,2151.0,3085.0,267.4,6,Syn
15175.0,22328.0,3767.0,5656.0,5942,6267,7868.0,7600,21958.0,22808.0,3601.0,4040.0,267.4,6,Syn
17953.0,27616.0,3937.0,6403.0,7161,7162,11038.0,11169,29214.0,29317.0,5409.0,6394.0,267.6,6,Syn
38137.0,51177.0,4684.0,6208.0,5214,5126,8029.0,7226,23631.0,20185.0,5853.0,4985.0,267.7,6,Syn
2145.0,7238.0,647.0,1835.0,1109,2523,1713.0,3948,4154.0,9255.0,0.0,1280.0,267.7,6,Syn
3382.0,10739.0,526.0,2903.0,891,2036,1119.0,3172,2772.0,7374.0,50.0,329.0,267.7,6,Syn
8392.0,15246.0,1867.0,4027.0,3096,3234,4109.0,4390,11147.0,11061.0,1584.0,1923.0,267.9,6,Syn
4451.0,9514.0,1179.0,3542.0,5090,5693,5638.0,5971,13802.0,13663.0,474.0,2273.0,267.9,6,Syn
1468.0,8947.0,914.0,5405.0,692,1141,935.0,1679,3034.0,5006.0,165.0,69.0,268.0,6,Syn
7228.0,14289.0,2221.0,5639.0,3218,3408,4390.0,4497,13833.0,15069.0,2318.0,2990.0,268.1,6,Syn
34148.0,52199.0,2178.0,4902.0,4967,5129,7709.0,7610,25935.0,26106.0,8594.0,7280.0,268.2,6,Syn
9105.0,17368.0,2343.0,3921.0,2231,2352,3275.0,3138,8631.0,8743.0,1938.0,2591.0,268.2,6,Syn
6501.0,15068.0,1618.0,3007.0,2415,2457,2925.0,3143,6702.0,7271.0,1055.0,1201.0,268.3,6,Syn
29363.0,24458.0,4317.0,4934.0,6298,6135,8980.0,9096,22529.0,22309.0,4081.0,5302.0,268.3,6,Syn
8613.0,12833.0,2806.0,5359.0,5326,5386,6791.0,7284,18893.0,19751.0,988.0,2278.0,268.4,6,Syn
1111.0,7470.0,403.0,1869.0,2697,6746,2937.0,7154,6808.0,15241.0,170.0,1508.0,268.4,6,Syn
9173.0,26646.0,2270.0,5769.0,4683,5589,5751.0,6724,17508.0,20131.0,1045.0,2396.0,268.6,6,Syn
2750.0,6190.0,3340.0,8016.0,4034,4917,5073.0,5905,14715.0,17067.0,2474.0,3200.0,268.8,6,Syn
11974.0,28640.0,3839.0,6507.0,4774,5318,6807.0,7509,21249.0,22150.0,4945.0,5144.0,268.8,6,Syn
19006.0,32798.0,6064.0,10258.0,9585,9825,12200.0,12415,31587.0,31797.0,6444.0,7800.0,269.0,6,Syn
4624.0,14239.0,1364.0,3204.0,4433,5368,5105.0,6203,12364.0,14975.0,483.0,885.0,269.0,6,Syn
14015.0,30920.0,1500.0,3614.0,7264,7919,8837.0,9384,24704.0,25870.0,1570.0,3783.0,269.0,6,Syn
19320.0,22090.0,3244.0,5223.0,4702,4609,5957.0,6126,18646.0,19533.0,3768.0,4693.0,269.2,6,Syn
2556.0,7119.0,2605.0,6218.0,6123,7860,6908.0,8550,14743.0,18878.0,1404.0,2650.0,269.2,6,Syn
18018.0,33556.0,4040.0,9585.0,5962,6149,8856.0,9272,21371.0,23072.0,2683.0,4154.0,269.4,6,Syn
1849.0,9666.0,1036.0,3314.0,1712,2442,2303.0,3639,6475.0,10660.0,0.0,682.0,269.4,6,Syn
7983.0,17860.0,3994.0,7985.0,5582,5969,7107.0,8059,16863.0,18843.0,1061.0,2354.0,269.5,6,Syn
5922.0,16989.0,2022.0,4194.0,2275,2366,3576.0,4101,10101.0,11754.0,661.0,1513.0,269.5,6,Syn
3158.0,11099.0,1036.0,2693.0,3606,5075,4311.0,6963,10152.0,15095.0,1641.0,1963.0,269.6,6,Syn
2032.0,9261.0,829.0,4667.0,785,2584,1227.0,3032,2777.0,7808.0,1543.0,1718.0,269.6,6,Syn
3525.0,22325.0,975.0,5972.0,2109,4124,2553.0,4753,5749.0,11168.0,240.0,974.0,269.6,6,Syn
6456.0,15331.0,2128.0,5276.0,3473,3835,4400.0,5061,13535.0,15811.0,647.0,2414.0,269.8,6,Syn
3717.0,9445.0,190.0,2333.0,1463,1573,1823.0,2339,5485.0,7202.0,638.0,667.0,269.8,6,Syn
2713.0,8251.0,1968.0,4593.0,2432,3237,3099.0,3753,8831.0,10358.0,2193.0,2767.0,269.9,6,Syn
68480.0,99334.0,32643.0,48252.0,3262,3021,5863.0,5794,15287.0,15780.0,5558.0,5212.0,269.9,6,Syn
6719.0,12086.0,1843.0,3074.0,3428,3768,3933.0,4127,9374.0,9006.0,1772.0,1843.0,269.9,6,Syn
10250.0,26441.0,1141.0,3786.0,4939,4941,7047.0,7632,19005.0,21021.0,1523.0,4610.0,270.0,6,Syn
9702.0,12313.0,1407.0,2891.0,5878,5889,8203.0,8220,20482.0,19066.0,893.0,3066.0,270.0,6,Syn
16232.0,16472.0,3755.0,4229.0,5148,5199,7387.0,7153,17536.0,17570.0,2789.0,2565.0,270.1,6,Syn
11224.0,22125.0,3232.0,6293.0,2271,2529,3304.0,3476,9755.0,9324.0,2619.0,3858.0,270.1,6,Syn
18430.0,32147.0,3076.0,5056.0,3246,3103,3838.0,4031,12213.0,11906.0,1371.0,2445.0,270.3,6,Syn
12370.0,30115.0,693.0,3297.0,5947,6642,9075.0,9938,23316.0,23643.0,2333.0,4767.0,270.5,6,Syn
11636.0,32656.0,2325.0,5336.0,5043,5339,6200.0,6751,13658.0,14049.0,577.0,2843.0,270.7,6,Syn
3011.0,8622.0,3139.0,7422.0,3002,3706,4074.0,4771,10221.0,12466.0,772.0,1804.0,270.8,6,Syn
6937.0,13154.0,1244.0,1905.0,4912,4845,4792.0,5087,11547.0,10369.0,1824.0,1844.0,270.9,6,Syn
5946.0,12935.0,1737.0,6172.0,2826,3209,3888.0,4088,11710.0,13016.0,1158.0,2609.0,271.0,6,Syn
2592.0,11629.0,1127.0,3522.0,889,1649,1930.0,3827,5891.0,12167.0,2891.0,4531.0,271.0,6,Syn
3457.0,17154.0,513.0,3020.0,1030,1700,2129.0,3873,5934.0,12265.0,957.0,1877.0,271.0,6,Syn
9267.0,18927.0,1359.0,2919.0,2990,2558,3952.0,3939,14198.0,13334.0,2135.0,2294.0,271.0,6,Syn
2770.0,8283.0,798.0,3425.0,3831,4175,4615.0,5124,12096.0,14289.0,912.0,2047.0,271.4,6,Syn
3971.0,11346.0,415.0,1545.0,2651,3141,3891.0,4593,8789.0,10509.0,1077.0,1032.0,271.5,6,Syn
799.0,4674.0,509.0,3474.0,472,1197,794.0,1733,1713.0,4640.0,1406.0,2715.0,271.5,6,Syn
4247.0,12733.0,3000.0,7437.0,4517,5105,5484.0,6606,13055.0,15570.0,971.0,2480.0,271.5,6,Syn
29855.0,52376.0,4159.0,7056.0,3156,3230,6646.0,6937,19344.0,19717.0,3259.0,7278.0,271.5,6,Syn
8518.0,13486.0,1754.0,3664.0,2612,2729,3908.0,4090,13790.0,13688.0,1436.0,3701.0,271.5,6,Syn
8001.0,24762.0,1517.0,3357.0,3155,3251,4245.0,4428,12689.0,13286.0,1254.0,2365.0,271.7,6,Syn
3999.0,18606.0,818.0,5052.0,1582,2097,2000.0,2871,5475.0,8359.0,329.0,417.0,271.7,6,Syn
10197.0,22523.0,2550.0,6291.0,3597,4107,5581.0,6212,14928.0,16413.0,1182.0,2440.0,271.7,6,Syn
9913.0,24978.0,2729.0,5465.0,5627,6413,6711.0,6977,14968.0,15102.0,2263.0,3136.0,271.8,6,Syn
23286.0,39021.0,4301.0,6183.0,6809,7289,8493.0,8883,23528.0,23258.0,3336.0,4739.0,271.8,6,Syn
5789.0,13842.0,1194.0,3906.0,4358,4582,5118.0,5439,13528.0,14337.0,1202.0,1760.0,272.0,6,Syn
14579.0,23725.0,1692.0,3772.0,4961,4989,6263.0,6313,16882.0,16973.0,4804.0,3557.0,272.1,6,Syn
5802.0,14041.0,1440.0,3490.0,1854,2183,2632.0,2801,8353.0,8865.0,1933.0,3708.0,272.2,6,Syn
5838.0,11182.0,1431.0,3484.0,2580,2978,3196.0,3639,8066.0,8686.0,944.0,1564.0,272.3,6,Syn
4976.0,17464.0,990.0,2787.0,6670,7883,6285.0,7475,11994.0,13525.0,1137.0,3525.0,272.3,6,Syn
128368.0,170003.0,115893.0,181409.0,5905,5985,7460.0,7346,27389.0,24764.0,9612.0,8275.0,272.3,6,Syn
12243.0,18982.0,4416.0,6134.0,3373,3449,4731.0,4608,14136.0,13733.0,3028.0,3404.0,272.3,6,Syn
8403.0,17168.0,3822.0,7385.0,5066,5612,6933.0,7418,16990.0,18130.0,2554.0,3294.0,272.4,6,Syn
7440.0,11554.0,5371.0,9425.0,2981,3026,3746.0,3444,10644.0,10282.0,1071.0,2701.0,272.5,6,Syn
15099.0,20739.0,4414.0,8857.0,7367,7540,9456.0,9832,25031.0,25505.0,1792.0,6757.0,272.5,6,Syn
18798.0,32879.0,3687.0,7175.0,3878,3554,5983.0,5354,15629.0,14793.0,3686.0,4307.0,272.6,6,Syn
878.0,4368.0,829.0,3507.0,1218,2862,1789.0,4188,4195.0,10758.0,554.0,1352.0,272.8,6,Syn
4057.0,13161.0,1526.0,3852.0,2981,3725,3333.0,4250,9450.0,12037.0,436.0,573.0,272.8,6,Syn
10774.0,27337.0,2792.0,4232.0,5214,5287,5998.0,6070,16093.0,16843.0,2237.0,2664.0,272.9,6,Syn
3751.0,13660.0,892.0,3475.0,819,1871,993.0,2674,2263.0,5848.0,2002.0,2240.0,273.0,6,Syn
7733.0,24449.0,2885.0,5744.0,4693,4878,6629.0,7550,20643.0,23585.0,2598.0,3986.0,273.1,6,Syn
7430.0,17695.0,1833.0,4069.0,3116,4132,4482.0,5205,11349.0,13451.0,1459.0,3337.0,273.3,6,Syn
2930.0,13283.0,882.0,2752.0,1815,2623,2771.0,4235,7356.0,11035.0,1375.0,2336.0,273.3,6,Syn
10969.0,26182.0,2276.0,5212.0,4795,5349,6677.0,7428,17203.0,18756.0,760.0,1609.0,273.4,6,Syn
6598.0,14123.0,2979.0,6459.0,4195,4817,5784.0,7221,14635.0,18187.0,3861.0,4594.0,273.5,6,Syn
2308.0,12948.0,490.0,4715.0,1004,2716,946.0,3222,2300.0,7131.0,494.0,1246.0,273.5,6,Syn
2373.0,13032.0,793.0,2575.0,1128,2381,1460.0,3436,3552.0,8325.0,688.0,1434.0,273.6,6,Syn
1276.0,4934.0,0.0,643.0,913,2291,1419.0,3548,2882.0,7555.0,860.0,1275.0,273.6,6,Syn
3827.0,13264.0,1211.0,2707.0,2536,3335,3256.0,3816,7924.0,9368.0,1803.0,2812.0,273.9,6,Syn
1359.0,8159.0,192.0,1353.0,927,2453,1050.0,2836,2494.0,6077.0,1001.0,1788.0,274.1,6,Syn
3036.0,10319.0,176.0,990.0,1063,2516,1195.0,2993,2473.0,6502.0,559.0,785.0,274.1,6,Syn
4758.0,24803.0,595.0,2005.0,1360,4359,1554.0,4447,3354.0,10652.0,530.0,1985.0,274.1,6,Syn
2668.0,7241.0,187.0,3342.0,3440,7316,3463.0,7259,7219.0,16258.0,0.0,321.0,274.1,6,Syn
3097.0,10547.0,1412.0,3474.0,4487,4997,5113.0,5697,11909.0,12643.0,1342.0,3675.0,274.1,6,Syn
2060.0,9187.0,408.0,1520.0,488,859,649.0,1383,2055.0,5073.0,2464.0,3335.0,274.3,6,Syn
11450.0,31013.0,1950.0,3647.0,3599,4044,4589.0,5098,12844.0,14035.0,979.0,2871.0,274.3,6,Syn
4980.0,14770.0,2066.0,4705.0,2192,2932,3436.0,4490,9387.0,11783.0,3235.0,3801.0,274.3,6,Syn
1093.0,6525.0,902.0,4346.0,1013,2367,1134.0,2875,3197.0,8523.0,941.0,2166.0,274.3,6,Syn
4536.0,17648.0,1318.0,3944.0,1332,2524,1767.0,3377,4209.0,9454.0,500.0,976.0,274.3,6,Syn
7927.0,25199.0,3383.0,6119.0,6174,7127,7594.0,8900,18388.0,21535.0,2324.0,2955.0,274.5,6,Syn
976.0,5813.0,125.0,1241.0,457,1855,623.0,2424,1804.0,7383.0,518.0,965.0,274.5,6,Syn
7631.0,12054.0,1948.0,3270.0,2594,2709,3800.0,3746,9359.0,9478.0,2096.0,2333.0,274.6,6,Syn
6172.0,16676.0,1754.0,4635.0,2350,2989,3162.0,4038,8329.0,11250.0,1836.0,2680.0,274.6,6,Syn
986.0,4698.0,18.0,1580.0,348,1028,599.0,1820,1609.0,5542.0,183.0,537.0,274.6,6,Syn
4349.0,7155.0,2650.0,5249.0,4122,4541,6188.0,6644,15715.0,15736.0,2858.0,3487.0,274.7,6,Syn
9917.0,16371.0,2564.0,4390.0,2057,1988,4697.0,4765,12926.0,12345.0,3011.0,5314.0,274.8,6,Syn
11866.0,17762.0,2337.0,2806.0,5094,5135,6476.0,6211,17536.0,17087.0,5060.0,4058.0,274.9,6,Syn
2486.0,9195.0,926.0,3240.0,1434,3081,1868.0,4259,5406.0,11868.0,366.0,411.0,274.9,6,Syn
9478.0,15959.0,5733.0,8816.0,2281,2225,3065.0,3039,8542.0,8759.0,1961.0,2538.0,275.0,6,Syn
1144.0,4541.0,199.0,1161.0,1196,2164,1379.0,2758,4025.0,8018.0,2256.0,3216.0,275.0,6,Syn
1811.0,6137.0,0.0,0.0,737,1777,980.0,2411,2413.0,6214.0,167.0,955.0,275.0,6,Syn
3680.0,9219.0,2145.0,4751.0,2830,3257,4034.0,4288,11245.0,12192.0,769.0,3004.0,275.2,6,Syn
6187.0,9505.0,1936.0,2796.0,3593,3687,4656.0,4577,11642.0,11709.0,386.0,1785.0,275.3,6,Syn
6905.0,13259.0,2090.0,4975.0,7861,9160,7126.0,7639,14933.0,15381.0,357.0,2077.0,275.3,6,Syn
2716.0,15887.0,1386.0,5031.0,2207,4044,2910.0,5268,9070.0,16518.0,0.0,678.0,275.4,6,Syn
14238.0,14421.0,3108.0,3241.0,3840,3479,6093.0,5708,15599.0,14168.0,4420.0,4340.0,275.5,6,Syn
4025.0,17184.0,1768.0,4095.0,3427,4756,4155.0,5728,11383.0,15417.0,860.0,1154.0,275.7,6,Syn
2231.0,7786.0,1074.0,2911.0,1336,3680,1483.0,3758,3939.0,8665.0,1611.0,1875.0,275.8,6,Syn
1478.0,9337.0,609.0,2830.0,2651,5534,2664.0,5601,5786.0,12440.0,0.0,0.0,275.8,6,Syn
1340.0,5974.0,1187.0,3910.0,1700,2179,2354.0,3077,5611.0,7360.0,428.0,816.0,275.8,6,Syn
11780.0,16906.0,3335.0,6313.0,4361,5235,6542.0,7023,19138.0,19031.0,4335.0,4664.0,275.9,6,Syn
10695.0,19828.0,3019.0,5732.0,7989,8471,11649.0,12216,29113.0,30801.0,3905.0,6231.0,276.0,6,Syn
11196.0,14405.0,2193.0,4184.0,3567,3605,4608.0,4605,12161.0,12772.0,4010.0,2320.0,276.0,6,Syn
354.0,1888.0,801.0,3970.0,1396,2847,2206.0,4686,5252.0,10244.0,0.0,0.0,276.1,6,Syn
6449.0,14990.0,1395.0,2738.0,3119,3604,3778.0,4185,11079.0,11888.0,2855.0,3149.0,276.1,6,Syn
8885.0,16727.0,2078.0,3987.0,4396,5114,5214.0,6418,12543.0,16025.0,4452.0,3148.0,276.2,6,Syn
19098.0,38713.0,2679.0,5157.0,5169,4854,7242.0,7511,21307.0,20917.0,3704.0,4360.0,276.4,6,Syn
2292.0,4878.0,914.0,3645.0,539,1228,731.0,1536,2944.0,6181.0,4601.0,4724.0,276.5,6,Syn
1453.0,10054.0,308.0,1987.0,756,2284,936.0,3557,2707.0,9668.0,196.0,187.0,276.5,6,Syn
7097.0,18723.0,2123.0,4627.0,991,1004,1622.0,1689,5446.0,5655.0,1310.0,1538.0,276.8,6,Syn
11910.0,16183.0,2937.0,6681.0,8287,7944,11180.0,11468,28361.0,27337.0,2768.0,3858.0,276.9,6,Syn
5296.0,12405.0,2140.0,6785.0,3490,4616,3721.0,4748,11575.0,14896.0,1023.0,2437.0,277.0,6,Syn
5792.0,14739.0,2192.0,4094.0,5547,5866,6553.0,6960,17918.0,19503.0,1465.0,2452.0,277.0,6,Syn
10639.0,23594.0,1802.0,5652.0,3448,3340,4750.0,4755,11933.0,11867.0,1424.0,3361.0,277.1,6,Syn
8980.0,17595.0,3185.0,4755.0,4448,4796,5756.0,6359,13883.0,13983.0,486.0,1526.0,277.6,6,Syn
2799.0,11388.0,538.0,2343.0,2053,4937,2597.0,6440,6786.0,16440.0,1498.0,2787.0,277.8,6,Syn
47259.0,71142.0,6352.0,11960.0,4375,4738,10692.0,11031,29177.0,28169.0,9334.0,10733.0,277.9,6,Syn
738.0,2998.0,1395.0,5140.0,1004,2150,799.0,2569,2476.0,5752.0,2382.0,2881.0,278.0,6,Syn
2365.0,13978.0,1392.0,6489.0,2389,4366,3302.0,6011,7931.0,14202.0,442.0,864.0,278.0,6,Syn
6064.0,14443.0,1368.0,3587.0,7594,8753,7447.0,8362,14243.0,14960.0,279.0,1699.0,278.0,6,Syn
5033.0,20055.0,950.0,3811.0,3218,3745,4628.0,5354,12232.0,13917.0,770.0,3268.0,278.2,6,Syn
35393.0,52415.0,16962.0,28403.0,3808,3874,4988.0,4809,13018.0,13360.0,0.0,2786.0,278.3,6,Syn
126037.0,184615.0,279108.0,411170.0,7805,7228,8522.0,7997,25467.0,23487.0,5659.0,5492.0,278.3,6,Syn
3945.0,12928.0,1156.0,3257.0,1417,2148,1902.0,3067,5339.0,7687.0,620.0,1124.0,278.3,6,Syn
14984.0,26983.0,3163.0,4906.0,6267,5818,7461.0,7243,23188.0,22136.0,2783.0,4728.0,278.4,6,Syn
8217.0,22121.0,1544.0,4008.0,5480,6125,7253.0,8015,18177.0,19987.0,2224.0,4325.0,278.4,6,Syn
9137.0,26288.0,2126.0,5336.0,4393,5277,5496.0,6321,15861.0,18755.0,1432.0,4217.0,278.5,6,Syn
6289.0,12621.0,3292.0,5222.0,3388,3304,5104.0,5153,14204.0,13954.0,1979.0,3571.0,278.5,6,Syn
22746.0,41952.0,2471.0,5088.0,6570,6787,8339.0,8511,23167.0,22983.0,4071.0,5890.0,278.5,6,Syn
4272.0,7911.0,1162.0,2282.0,2625,5063,3160.0,6529,7134.0,14487.0,1470.0,2013.0,278.5,6,Syn
7085.0,14472.0,822.0,3287.0,2290,4936,2980.0,6804,6135.0,14704.0,0.0,293.0,278.5,6,Syn
4015.0,13256.0,1122.0,3437.0,1126,2018,1637.0,3168,4407.0,8574.0,1269.0,2969.0,278.6,6,Syn
1213.0,6015.0,420.0,1819.0,475,1322,621.0,1966,2047.0,6273.0,104.0,254.0,278.6,6,Syn
3533.0,13605.0,1677.0,4260.0,2601,2887,3399.0,3805,9717.0,10522.0,521.0,1088.0,278.7,6,Syn
2418.0,9703.0,348.0,2503.0,1785,3690,2064.0,4130,5363.0,10951.0,1693.0,2818.0,278.8,6,Syn
2098.0,11170.0,674.0,2349.0,4350,6939,4422.0,7013,9585.0,14771.0,343.0,1158.0,278.8,6,Syn
9849.0,17232.0,921.0,1981.0,2163,2370,2913.0,2828,8147.0,7764.0,2725.0,2283.0,278.8,6,Syn
4340.0,17488.0,1515.0,4727.0,2803,3885,3576.0,4922,8353.0,11489.0,372.0,894.0,278.8,6,Syn
10016.0,20198.0,3752.0,6067.0,3185,3137,5177.0,5623,14630.0,14359.0,2529.0,3268.0,278.9,6,Syn
17241.0,27167.0,3156.0,6592.0,6606,6986,9933.0,9916,26911.0,26987.0,6281.0,4913.0,278.9,6,Syn
7808.0,16652.0,2744.0,5509.0,5404,5642,7657.0,8095,18757.0,19677.0,2733.0,2997.0,279.0,6,Syn
4029.0,10135.0,887.0,2721.0,1241,2514,1458.0,3353,4294.0,9372.0,1536.0,1714.0,279.1,6,Syn
5795.0,10435.0,1100.0,2611.0,3410,4144,4457.0,4887,12003.0,12825.0,744.0,1805.0,279.3,6,Syn
16791.0,24504.0,2538.0,5639.0,7014,7185,8740.0,9028,21434.0,21225.0,1470.0,1661.0,279.4,6,Syn
2545.0,6252.0,1028.0,2623.0,3002,3815,3724.0,4619,9711.0,12973.0,638.0,1955.0,279.5,6,Syn
2595.0,15361.0,1079.0,5502.0,1333,2291,1538.0,2656,3630.0,6733.0,595.0,1306.0,279.7,6,Syn
11130.0,20512.0,2313.0,5206.0,3158,3379,3368.0,3960,7351.0,8922.0,1071.0,1242.0,279.7,6,Syn
13326.0,32561.0,2401.0,5515.0,5187,5540,7173.0,7580,18517.0,19402.0,1883.0,2774.0,279.8,6,Syn
8813.0,20736.0,2295.0,4891.0,2515,2839,3395.0,3703,10064.0,11363.0,1990.0,2801.0,279.8,6,Syn
11971.0,26332.0,2094.0,3311.0,6512,6648,9165.0,9506,25675.0,26086.0,3675.0,5123.0,279.8,6,Syn
8501.0,16825.0,2809.0,5570.0,8940,9498,9678.0,10505,19461.0,20550.0,1289.0,2293.0,280.0,6,Syn
2497.0,7131.0,2452.0,5125.0,1722,1914,2373.0,2931,7745.0,9291.0,1821.0,2649.0,280.0,6,Syn
23579.0,40959.0,2270.0,4550.0,5914,5847,8556.0,8642,28122.0,26927.0,6313.0,7575.0,280.2,6,Syn
14772.0,24038.0,3779.0,5772.0,5851,6189,7148.0,7396,18354.0,19199.0,5802.0,5691.0,280.2,6,Syn
4960.0,11645.0,2514.0,5743.0,3573,4095,4684.0,5550,11315.0,12747.0,1757.0,2742.0,280.4,6,Syn
22995.0,45459.0,2768.0,6191.0,4453,4445,5528.0,5697,17141.0,17692.0,5457.0,5055.0,280.5,6,Syn
4363.0,14191.0,835.0,2512.0,1366,2505,1652.0,3052,4911.0,9618.0,2412.0,2311.0,280.6,6,Syn
1607.0,6965.0,211.0,1082.0,442,1363,796.0,2078,2152.0,6548.0,681.0,880.0,280.6,6,Syn
2756.0,11550.0,851.0,3408.0,4994,6149,6232.0,7875,13953.0,16281.0,1641.0,3251.0,280.7,6,Syn
4676.0,13839.0,2042.0,4317.0,1993,2604,2414.0,2883,6900.0,8264.0,697.0,1271.0,280.7,6,Syn
8714.0,21202.0,1265.0,2623.0,4130,4294,5039.0,5247,13278.0,14767.0,1790.0,3531.0,280.8,6,Syn
14153.0,16915.0,4009.0,7244.0,5939,5998,7496.0,7697,20252.0,19543.0,1944.0,2138.0,280.8,6,Syn
10649.0,20076.0,3321.0,5039.0,4581,4927,5876.0,6292,16474.0,17578.0,1806.0,4055.0,280.9,6,Syn
11529.0,20983.0,2356.0,4370.0,4152,3773,5628.0,5900,14442.0,14696.0,1941.0,3893.0,280.9,6,Syn
19644.0,21770.0,3913.0,6435.0,4779,5058,6984.0,6681,18539.0,17930.0,3473.0,3236.0,280.9,6,Syn
2390.0,10685.0,1175.0,3915.0,1655,2285,2620.0,3815,6389.0,9332.0,491.0,1321.0,280.9,6,Syn
10151.0,19023.0,3551.0,7426.0,9942,11389,10966.0,11655,22153.0,22462.0,595.0,2605.0,281.0,6,Syn
9302.0,25590.0,2861.0,5690.0,3712,4423,5082.0,5364,14632.0,16326.0,1948.0,4897.0,281.1,6,Syn
2211.0,13491.0,892.0,3578.0,2524,4807,2961.0,5906,6821.0,12764.0,1099.0,2335.0,281.2,6,Syn
2351.0,9059.0,369.0,1569.0,1259,3675,1319.0,4389,3277.0,9484.0,375.0,941.0,281.2,6,Syn
262257.0,395251.0,111670.0,168801.0,14510,12923,13628.0,12564,38582.0,33491.0,9641.0,7261.0,281.2,6,Syn
32136.0,56287.0,2283.0,5322.0,3665,3542,6610.0,6721,18780.0,19117.0,3493.0,4941.0,281.3,6,Syn
4518.0,11221.0,2571.0,6009.0,1519,2706,2151.0,4098,6025.0,9980.0,1781.0,1872.0,281.5,6,Syn
4478.0,12479.0,504.0,2509.0,1018,2444,1223.0,3196,2185.0,6855.0,77.0,1092.0,281.5,6,Syn
9229.0,15327.0,1563.0,3258.0,2486,2421,3898.0,4089,9891.0,10349.0,2023.0,3029.0,281.6,6,Syn
17794.0,31214.0,1955.0,3722.0,8963,8499,11967.0,11672,31649.0,30305.0,4816.0,5940.0,281.6,6,Syn
6924.0,15742.0,3173.0,5264.0,5232,5183,6292.0,6270,15221.0,15329.0,2896.0,2899.0,281.9,6,Syn
23003.0,34701.0,4856.0,5579.0,7246,7815,9200.0,9242,23680.0,23255.0,3146.0,3995.0,281.9,6,Syn
11119.0,23478.0,1733.0,3828.0,2808,2934,6639.0,7227,18390.0,19183.0,2364.0,5508.0,281.9,6,Syn
1213.0,7781.0,722.0,3258.0,2171,5886,2647.0,7319,6657.0,18123.0,1970.0,3325.0,282.0,6,Syn
3001.0,12281.0,357.0,1806.0,3490,6402,4333.0,7935,10957.0,19440.0,1366.0,2864.0,282.0,6,Syn
4847.0,8778.0,554.0,2162.0,3020,3062,3563.0,3760,9007.0,8997.0,1248.0,1415.0,282.1,6,Syn
4369.0,8707.0,2518.0,5835.0,3174,3408,4104.0,3800,11054.0,9941.0,1696.0,1941.0,282.2,6,Syn
21133.0,31512.0,2538.0,3836.0,7814,7331,10653.0,10550,27886.0,27755.0,4623.0,5424.0,282.2,6,Syn
4362.0,10649.0,2890.0,5394.0,3132,3527,4254.0,4675,10881.0,12010.0,1359.0,2745.0,282.2,6,Syn
4991.0,13156.0,2288.0,4858.0,2820,2912,4612.0,4991,11724.0,12761.0,1945.0,2116.0,282.3,6,Syn
5734.0,11599.0,2193.0,5074.0,3403,3698,4170.0,4541,10005.0,10414.0,0.0,201.0,282.3,6,Syn
5594.0,11298.0,2147.0,4257.0,2666,2636,3321.0,3622,8230.0,8397.0,1763.0,2066.0,282.3,6,Syn
15919.0,26925.0,1330.0,2721.0,7173,7287,8821.0,8973,22918.0,22594.0,4217.0,6215.0,282.4,6,Syn
9560.0,26072.0,2616.0,4796.0,4622,4963,6045.0,6759,14651.0,16737.0,2364.0,2370.0,282.5,6,Syn
3975.0,8623.0,1903.0,4516.0,1987,2167,2716.0,3084,8138.0,8962.0,939.0,1208.0,282.5,6,Syn
2846.0,12652.0,1004.0,4533.0,3325,3775,3760.0,4449,9832.0,11702.0,12.0,1589.0,282.6,6,Syn
13904.0,17745.0,3069.0,6444.0,3141,2981,4533.0,4738,12901.0,12889.0,4141.0,4047.0,282.6,6,Syn
2610.0,7729.0,1460.0,3081.0,1474,2011,2511.0,3253,5781.0,7545.0,1435.0,2035.0,282.7,6,Syn
8401.0,14937.0,1963.0,2854.0,7689,7666,8663.0,8566,18242.0,18999.0,2453.0,2682.0,282.7,6,Syn
8436.0,19910.0,1596.0,2897.0,4877,5069,7663.0,8051,19804.0,22284.0,1492.0,4469.0,282.7,6,Syn
14336.0,30994.0,6268.0,10747.0,5703,6044,7559.0,8047,22470.0,23270.0,2406.0,4494.0,282.8,6,Syn
4933.0,15945.0,921.0,2108.0,3164,4106,4308.0,5359,10550.0,13121.0,2114.0,2352.0,282.9,6,Syn
2035.0,12886.0,628.0,3190.0,1797,3844,2080.0,4241,4684.0,10201.0,770.0,1605.0,283.0,6,Syn
7735.0,17157.0,2434.0,4264.0,5644,5657,6580.0,6159,13380.0,12555.0,1505.0,1700.0,283.0,6,Syn
7379.0,20514.0,1572.0,3479.0,1075,1274,2457.0,2872,5991.0,6762.0,127.0,1431.0,283.3,6,Syn
17616.0,19743.0,2609.0,3239.0,3657,3737,4251.0,4264,21677.0,17133.0,4235.0,8288.0,283.3,6,Syn
10388.0,23560.0,1616.0,4222.0,1606,1411,3779.0,4301,9169.0,10363.0,1074.0,1909.0,283.3,6,Syn
3684.0,14292.0,1225.0,2889.0,1836,2340,3216.0,4349,8368.0,11008.0,98.0,1028.0,283.4,6,Syn
1395.0,7519.0,437.0,2007.0,976,2285,1037.0,2591,2242.0,5812.0,801.0,1677.0,283.5,6,Syn
8076.0,15410.0,856.0,4313.0,2471,3560,2913.0,4531,8224.0,12211.0,229.0,902.0,283.5,6,Syn
1601.0,10139.0,1067.0,4017.0,2968,5493,4245.0,7951,10094.0,18989.0,481.0,776.0,283.6,6,Syn
6137.0,13789.0,149.0,2398.0,550,2191,1033.0,2857,1658.0,5903.0,422.0,784.0,283.6,6,Syn
5254.0,10253.0,1347.0,2875.0,5513,5638,8026.0,8114,19748.0,19596.0,4975.0,4033.0,283.7,6,Syn
2394.0,10849.0,358.0,2044.0,2732,3239,3446.0,4233,9002.0,11197.0,0.0,1653.0,283.7,6,Syn
2425.0,14101.0,1852.0,6383.0,1194,2047,1647.0,2844,5209.0,8939.0,253.0,589.0,283.7,6,Syn
859.0,5186.0,1023.0,5179.0,705,1939,979.0,2688,2238.0,5900.0,921.0,1443.0,283.9,6,Syn
3126.0,15212.0,1115.0,5790.0,1493,2529,2215.0,3635,4808.0,7521.0,495.0,805.0,283.9,6,Syn
9421.0,10490.0,3106.0,5045.0,2485,2440,3924.0,3862,9814.0,9148.0,872.0,1637.0,283.9,6,Syn
2702.0,9146.0,441.0,2348.0,384,1074,554.0,1420,1525.0,5075.0,297.0,460.0,284.0,6,Syn
15766.0,28180.0,1670.0,4169.0,3871,3912,6255.0,5972,14700.0,13479.0,4902.0,5292.0,284.0,6,Syn
7359.0,12106.0,2307.0,4800.0,4134,4015,6071.0,5944,15292.0,14444.0,2601.0,2419.0,284.0,6,Syn
2300.0,9594.0,1110.0,4066.0,3120,4421,4136.0,5635,8724.0,12022.0,577.0,767.0,284.1,6,Syn
1330.0,3641.0,1671.0,3728.0,2953,3658,3425.0,4534,7864.0,10690.0,784.0,1121.0,284.1,6,Syn
9962.0,27333.0,1977.0,4096.0,6222,7091,9346.0,10352,20567.0,21887.0,874.0,4529.0,284.3,6,Syn
13972.0,24543.0,3724.0,5049.0,5553,6100,8486.0,8217,23358.0,22624.0,6078.0,5151.0,284.4,6,Syn
11054.0,29619.0,1464.0,2937.0,4028,4275,6008.0,6529,16681.0,17602.0,2044.0,3127.0,284.5,6,Syn
2702.0,7958.0,1045.0,3423.0,2225,2592,3869.0,4732,11239.0,13490.0,1498.0,1922.0,284.5,6,Syn
8392.0,17575.0,2840.0,4818.0,6286,6599,7024.0,7162,16161.0,16118.0,1112.0,3181.0,284.5,6,Syn
2456.0,12121.0,1225.0,4229.0,1250,4157,1483.0,4341,4127.0,11480.0,2227.0,3153.0,284.7,6,Syn
2451.0,9331.0,681.0,2655.0,957,3043,1002.0,3387,2328.0,8168.0,193.0,413.0,284.7,6,Syn
4294.0,14617.0,2803.0,6115.0,4003,5972,4666.0,7464,12254.0,18529.0,2233.0,3216.0,284.7,6,Syn
8835.0,17492.0,1381.0,2542.0,2275,2337,3377.0,3628,9558.0,9731.0,1663.0,2521.0,284.8,6,Syn
2249.0,13976.0,82.0,707.0,780,1913,772.0,1869,1847.0,4263.0,1356.0,3209.0,284.8,6,Syn
3461.0,11869.0,1301.0,4594.0,8865,12011,8607.0,11781,16963.0,23137.0,1289.0,3192.0,284.8,6,Syn
9132.0,24231.0,2428.0,4301.0,2260,2362,2617.0,2855,7348.0,7170.0,633.0,2035.0,284.9,6,Syn
2398.0,7330.0,1500.0,4185.0,3711,4515,4761.0,5757,9782.0,12088.0,115.0,263.0,284.9,6,Syn
2786.0,9150.0,2154.0,5771.0,3325,4647,4015.0,5563,10212.0,14197.0,1391.0,2842.0,285.0,6,Syn
7392.0,13736.0,2813.0,4511.0,8033,7998,10919.0,11237,24978.0,24677.0,1239.0,4627.0,285.1,6,Syn
6963.0,20134.0,1968.0,4172.0,4526,4846,7754.0,8446,19196.0,21369.0,1225.0,3026.0,285.4,6,Syn
5056.0,12091.0,3180.0,6186.0,3532,4611,4909.0,5919,11463.0,13280.0,2297.0,2609.0,285.4,6,Syn
4513.0,24555.0,1627.0,5121.0,2714,4619,3141.0,5188,7847.0,13252.0,440.0,1264.0,285.6,6,Syn
68584.0,96728.0,4437.0,8228.0,11820,11684,18748.0,18594,43375.0,42093.0,11855.0,11555.0,285.6,6,Syn
2502.0,11315.0,909.0,2903.0,2853,3887,3513.0,4827,9829.0,13834.0,1524.0,2135.0,285.7,6,Syn
13486.0,18083.0,708.0,2454.0,1274,2252,1110.0,2920,3053.0,6773.0,3198.0,2985.0,285.7,6,Syn
3478.0,20041.0,873.0,3792.0,4308,7406,4709.0,7855,9334.0,15366.0,539.0,1715.0,285.7,6,Syn
10653.0,16325.0,1625.0,3141.0,5342,5142,7013.0,7184,15243.0,15578.0,2859.0,3383.0,285.8,6,Syn
2545.0,4705.0,3855.0,7030.0,1806,2065,2515.0,2754,6067.0,6912.0,500.0,1033.0,285.9,6,Syn
13382.0,17695.0,2547.0,5562.0,5066,4442,6386.0,5978,16574.0,14067.0,3995.0,3092.0,285.9,6,Syn
6080.0,16573.0,2399.0,5859.0,4121,4706,4616.0,5298,11350.0,12943.0,2508.0,2276.0,285.9,6,Syn
7045.0,17789.0,2677.0,4951.0,4756,5295,6484.0,6673,16256.0,17301.0,1834.0,3171.0,286.0,6,Syn
19802.0,17122.0,1539.0,2826.0,5000,4555,6162.0,6179,16262.0,15945.0,3422.0,2922.0,286.1,6,Syn
4086.0,15605.0,472.0,2233.0,991,2903,1476.0,3684,3395.0,7377.0,896.0,1292.0,286.2,6,Syn
1146.0,6428.0,623.0,2483.0,989,1915,1239.0,2936,3018.0,7802.0,744.0,1360.0,286.2,6,Syn
9543.0,19951.0,2356.0,5050.0,12981,13719,13171.0,14058,28052.0,29433.0,3552.0,3220.0,286.3,6,Syn
3731.0,16571.0,1045.0,4140.0,2262,3671,2815.0,4512,8203.0,13499.0,491.0,682.0,286.3,6,Syn
26664.0,40397.0,35330.0,59815.0,2978,3470,6712.0,6969,16963.0,17191.0,5257.0,6285.0,286.4,6,Syn
7893.0,13195.0,2327.0,5869.0,2660,2582,4280.0,4882,11211.0,13045.0,436.0,1146.0,286.4,6,Syn
8620.0,14360.0,2375.0,4347.0,4595,4653,5399.0,5774,15327.0,15699.0,2485.0,1777.0,286.5,6,Syn
14163.0,11325.0,0.0,1938.0,3838,3653,4826.0,4735,11628.0,11590.0,1527.0,3053.0,286.5,6,Syn
1708.0,9322.0,813.0,3256.0,1975,3536,2758.0,4838,6555.0,11091.0,497.0,569.0,286.6,6,Syn
1784.0,10885.0,221.0,1060.0,958,2928,1189.0,3792,2958.0,8520.0,85.0,394.0,286.6,6,Syn
1693.0,10891.0,1744.0,7257.0,1543,2800,1930.0,3671,5832.0,11045.0,0.0,0.0,286.7,6,Syn
2411.0,9430.0,937.0,3306.0,3001,4249,3348.0,4880,7728.0,11127.0,0.0,631.0,286.7,6,Syn
23385.0,50497.0,3618.0,5851.0,8707,9239,12178.0,12687,32575.0,32449.0,3302.0,6424.0,286.8,6,Syn
132475.0,164264.0,71113.0,109082.0,10814,9543,13823.0,13723,37096.0,34658.0,11362.0,10182.0,286.9,6,Syn
7370.0,12426.0,1311.0,2919.0,2706,3288,3822.0,4731,9946.0,12096.0,1923.0,1762.0,286.9,6,Syn
20741.0,26675.0,3391.0,4376.0,3180,2549,5849.0,5824,18526.0,16745.0,6693.0,6109.0,287.2,6,Syn
14259.0,31210.0,2604.0,5486.0,4716,4723,5989.0,6193,17607.0,19647.0,713.0,2922.0,287.2,6,Syn
1024.0,4830.0,228.0,688.0,1348,2458,1703.0,3075,5206.0,9794.0,419.0,1106.0,287.2,6,Syn
15236.0,23725.0,5712.0,11381.0,7989,7958,11178.0,11403,27616.0,26448.0,6023.0,5379.0,287.3,6,Syn
7840.0,11731.0,1919.0,5256.0,8548,8406,8472.0,8486,18063.0,16766.0,2239.0,2470.0,287.4,6,Syn
5897.0,14336.0,387.0,1241.0,4260,4678,4953.0,5610,12189.0,13600.0,2164.0,2864.0,287.4,6,Syn
4026.0,8858.0,1211.0,2909.0,3343,3928,4394.0,5031,10948.0,12697.0,1459.0,1921.0,287.5,6,Syn
5630.0,14667.0,1647.0,4299.0,11399,14777,11254.0,14549,19489.0,24653.0,1284.0,1608.0,287.5,6,Syn
6386.0,14884.0,2749.0,5214.0,4065,5920,5244.0,7149,12788.0,16448.0,2031.0,3279.0,287.9,6,Syn
12377.0,20986.0,1271.0,2318.0,6183,6257,8180.0,8264,18785.0,17630.0,3948.0,3430.0,287.9,6,Syn
13170.0,17236.0,2562.0,5514.0,6726,7063,8655.0,9135,21923.0,22375.0,2666.0,5763.0,288.0,6,Syn
23669.0,35367.0,2760.0,3168.0,8205,8540,10790.0,10808,27092.0,26277.0,4338.0,5497.0,288.2,6,Syn
2092.0,9267.0,741.0,3887.0,566,1295,695.0,1533,1766.0,4423.0,2595.0,3877.0,288.4,6,Syn
6039.0,19665.0,2236.0,5019.0,4882,5785,6368.0,7778,18110.0,21702.0,200.0,961.0,288.4,6,Syn
6895.0,17477.0,1695.0,3464.0,3289,3588,4014.0,4254,10724.0,11289.0,2028.0,1740.0,288.5,6,Syn
2319.0,11330.0,1215.0,4334.0,976,1657,1274.0,2449,3587.0,7877.0,378.0,587.0,288.5,6,Syn
14637.0,23394.0,3010.0,4069.0,2948,3177,4116.0,4072,12180.0,11892.0,2230.0,4207.0,288.6,6,Syn
5889.0,7828.0,2133.0,4415.0,3609,4310,5228.0,6036,13942.0,15260.0,3373.0,3277.0,288.6,6,Syn
4967.0,13789.0,2696.0,5208.0,2809,2649,3785.0,3865,10266.0,10305.0,1860.0,2125.0,288.6,6,Syn
18909.0,21114.0,5065.0,7623.0,3901,3387,5096.0,5039,13114.0,12691.0,2380.0,2784.0,288.7,6,Syn
5197.0,7828.0,1253.0,4600.0,3436,3762,4129.0,4201,11551.0,11886.0,1769.0,2991.0,288.7,6,Syn
2614.0,10861.0,904.0,2610.0,2739,3547,3484.0,4596,8335.0,11696.0,463.0,854.0,288.7,6,Syn
11209.0,15927.0,1857.0,2836.0,4963,5421,6706.0,7099,19465.0,20927.0,3727.0,4440.0,288.7,6,Syn
9906.0,12533.0,1792.0,2824.0,2192,1801,3541.0,3479,9809.0,9768.0,2704.0,2472.0,288.8,6,Syn
5796.0,15524.0,2686.0,6171.0,3404,3691,4132.0,4265,11784.0,12102.0,697.0,1859.0,288.8,6,Syn
7182.0,14117.0,1539.0,3387.0,2754,4143,3766.0,5159,9828.0,12591.0,2275.0,2107.0,288.9,6,Syn
6762.0,12514.0,0.0,1541.0,372,901,352.0,1151,1523.0,4204.0,320.0,297.0,288.9,6,Syn
20732.0,35322.0,3479.0,7249.0,8092,8048,9929.0,10336,27153.0,28124.0,4805.0,7723.0,289.0,6,Syn
4117.0,14096.0,1556.0,4983.0,4690,6279,5849.0,7849,13938.0,18668.0,805.0,1981.0,289.2,6,Syn
1800.0,9129.0,602.0,2089.0,1662,2750,1978.0,3397,5703.0,9854.0,308.0,713.0,289.6,6,Syn
16800.0,22074.0,1836.0,3702.0,4065,4319,6007.0,5935,17990.0,17428.0,5027.0,3607.0,289.8,6,Syn
11620.0,16247.0,3700.0,4757.0,4998,4792,5859.0,5560,17355.0,16727.0,1226.0,2053.0,289.8,6,Syn
1121.0,4227.0,216.0,1616.0,1209,2799,1363.0,3396,3553.0,9526.0,799.0,1119.0,289.9,6,Syn
18710.0,28340.0,1951.0,3384.0,4013,3986,6039.0,5931,16018.0,15165.0,4762.0,4199.0,289.9,6,Syn
2588.0,15515.0,863.0,3285.0,1087,2010,1593.0,3413,4442.0,9125.0,617.0,1863.0,289.9,6,Syn
2077.0,11090.0,230.0,2098.0,747,1685,1060.0,2959,3126.0,8148.0,88.0,304.0,289.9,6,Syn
10866.0,21456.0,1500.0,5171.0,6875,7305,9211.0,9902,22309.0,23508.0,1833.0,4312.0,289.9,6,Syn
3550.0,10976.0,2358.0,6324.0,532,1329,891.0,1913,2205.0,4990.0,982.0,1486.0,289.9,6,Syn
1220.0,7756.0,346.0,3514.0,399,940,469.0,1291,1301.0,4181.0,167.0,376.0,289.9,6,Syn
5469.0,16796.0,920.0,2209.0,1221,1982,1514.0,2808,3737.0,6277.0,1625.0,1846.0,290.0,6,Syn
2764.0,17209.0,870.0,3049.0,692,1685,943.0,2431,2182.0,5263.0,0.0,0.0,290.0,6,Syn
1345.0,8514.0,211.0,3040.0,1040,2501,1337.0,3471,3148.0,7013.0,1120.0,1699.0,290.0,6,Syn
6197.0,25948.0,2696.0,7070.0,4088,5539,5386.0,7171,13759.0,18252.0,1792.0,3230.0,290.2,6,Syn
2293.0,13243.0,590.0,3102.0,607,1898,799.0,2549,2009.0,7218.0,421.0,568.0,290.2,6,Syn
3403.0,13775.0,3283.0,9000.0,2730,3477,3731.0,4639,9721.0,12235.0,1809.0,2407.0,290.3,6,Syn
22098.0,19202.0,5638.0,6902.0,4070,4283,5739.0,5843,16556.0,17040.0,2737.0,3324.0,290.4,6,Syn
9920.0,15381.0,4052.0,7646.0,4411,4957,5465.0,6015,14794.0,16385.0,1863.0,2287.0,290.4,6,Syn
4622.0,7890.0,1095.0,3987.0,1718,3276,1191.0,3292,3410.0,8638.0,1874.0,2608.0,290.7,6,Syn
10154.0,11892.0,3568.0,4673.0,3053,3121,5291.0,5091,11874.0,10819.0,2750.0,2879.0,290.7,6,Syn
2380.0,9860.0,911.0,2581.0,1776,2667,2195.0,3343,8628.0,11371.0,1813.0,3656.0,290.8,6,Syn
3361.0,7722.0,2900.0,5912.0,1982,2129,2459.0,2860,6224.0,6735.0,717.0,1000.0,290.8,6,Syn
2136.0,7425.0,1917.0,4605.0,2702,4896,3313.0,5486,7524.0,12528.0,197.0,1612.0,290.9,6,Syn
1224.0,7340.0,489.0,3294.0,1469,4451,1823.0,5025,3797.0,11147.0,60.0,415.0,290.9,6,Syn
3989.0,11239.0,1304.0,3603.0,4448,5355,4476.0,5040,10994.0,12039.0,471.0,1815.0,290.9,6,Syn
21330.0,31340.0,2372.0,4467.0,5906,5915,7722.0,8195,18245.0,18270.0,4401.0,3991.0,291.0,6,Syn
26039.0,49298.0,25245.0,42914.0,3174,3277,7451.0,7660,18301.0,19923.0,8496.0,6597.0,291.0,6,Syn
10474.0,12496.0,2379.0,3301.0,3131,3276,4675.0,4763,13853.0,14921.0,2567.0,3150.0,291.1,6,Syn
8462.0,11676.0,2473.0,4285.0,3274,3501,4210.0,4199,11463.0,11261.0,2748.0,1897.0,291.2,6,Syn
4398.0,18407.0,1069.0,3366.0,2832,3417,3923.0,5103,10687.0,14983.0,2955.0,3252.0,291.3,6,Syn
17091.0,35277.0,1417.0,3928.0,7282,7242,9626.0,10054,20411.0,22067.0,2616.0,4013.0,291.3,6,Syn
4700.0,15797.0,1469.0,4222.0,7046,11068,7622.0,11987,14759.0,21683.0,1245.0,1637.0,291.5,6,Syn
3952.0,13117.0,1021.0,2662.0,1577,2227,2579.0,3237,7324.0,9687.0,632.0,781.0,291.5,6,Syn
4320.0,10900.0,1077.0,2762.0,2326,2971,3536.0,4503,9834.0,11670.0,1389.0,2030.0,291.6,6,Syn
7891.0,15773.0,1477.0,2891.0,4110,4157,5234.0,5226,12902.0,12061.0,1163.0,1409.0,291.6,6,Syn
3189.0,9843.0,741.0,2394.0,463,878,621.0,1679,1581.0,4350.0,1318.0,1317.0,291.7,6,Syn
3173.0,11886.0,0.0,1358.0,1454,1618,1858.0,2574,4681.0,7074.0,749.0,1314.0,291.7,6,Syn
17651.0,33305.0,3615.0,6136.0,2361,2499,5843.0,5742,14790.0,15396.0,4711.0,5850.0,292.0,6,Syn
2239.0,13547.0,540.0,3398.0,481,1082,591.0,1555,1796.0,4962.0,1527.0,2547.0,292.0,6,Syn
5900.0,9818.0,990.0,2703.0,3200,3766,3469.0,4552,9650.0,12328.0,1316.0,1927.0,292.0,6,Syn
673.0,4007.0,827.0,3919.0,635,1796,885.0,2669,2377.0,6783.0,757.0,1701.0,292.0,6,Syn
2444.0,7313.0,719.0,3149.0,788,2111,1283.0,3429,2850.0,7528.0,0.0,480.0,292.0,6,Syn
4313.0,10389.0,2023.0,5153.0,1827,3983,2334.0,4483,5781.0,10978.0,1114.0,1818.0,292.1,6,Syn
7129.0,13188.0,2305.0,3298.0,2742,2794,3431.0,3575,9489.0,9511.0,1191.0,1745.0,292.1,6,Syn
4804.0,14867.0,1026.0,3765.0,2111,2286,3073.0,3324,9026.0,9031.0,503.0,1126.0,292.2,6,Syn
5493.0,8247.0,817.0,1583.0,3825,4072,4779.0,4939,13395.0,13817.0,2921.0,3232.0,292.4,6,Syn
3292.0,6813.0,847.0,2935.0,1342,3511,2069.0,4911,5460.0,11618.0,2698.0,3771.0,292.4,6,Syn
4008.0,11165.0,1642.0,3970.0,3061,4238,4517.0,6233,10810.0,14370.0,869.0,1230.0,292.4,6,Syn
5071.0,13972.0,2387.0,5212.0,4369,4423,5347.0,6038,11358.0,11814.0,1459.0,2039.0,292.5,6,Syn
6510.0,14969.0,2058.0,4501.0,3624,4097,4407.0,4841,14130.0,15526.0,872.0,1081.0,292.6,6,Syn
3342.0,15912.0,1004.0,3234.0,1816,3112,2525.0,4090,6409.0,11275.0,652.0,2446.0,292.7,6,Syn
13630.0,19121.0,0.0,2056.0,698,1749,576.0,1961,1779.0,6329.0,457.0,300.0,292.7,6,Syn
3803.0,9962.0,3091.0,8368.0,2373,3314,3513.0,4764,10224.0,14033.0,331.0,877.0,292.7,6,Syn
7539.0,18532.0,1452.0,2953.0,8771,9052,11222.0,11761,25476.0,24771.0,2693.0,4936.0,292.7,6,Syn
5847.0,17804.0,1242.0,4551.0,2030,3630,2616.0,4536,7015.0,11572.0,1690.0,1536.0,293.1,6,Syn
2311.0,9413.0,872.0,4460.0,1084,3129,1246.0,3619,2896.0,8549.0,0.0,0.0,293.1,6,Syn
12230.0,20187.0,1560.0,2512.0,4358,4479,5634.0,5434,13057.0,13072.0,2458.0,2911.0,293.2,6,Syn
11891.0,17222.0,3476.0,5802.0,4212,4283,5522.0,5690,13885.0,14359.0,3476.0,2461.0,293.6,6,Syn
10503.0,30119.0,3541.0,6161.0,4330,5065,5951.0,6326,16546.0,17205.0,1453.0,3180.0,293.6,6,Syn
1346.0,6855.0,973.0,3352.0,1117,3387,1485.0,4236,3367.0,9170.0,1404.0,2370.0,293.9,6,Syn
8034.0,14332.0,2797.0,4381.0,3741,3799,5058.0,5154,13960.0,13280.0,3528.0,3497.0,294.4,6,Syn
7509.0,21382.0,3736.0,7820.0,1040,1109,2762.0,2807,7493.0,7823.0,1289.0,2137.0,294.7,6,Syn
21790.0,24267.0,2370.0,5232.0,6374,6262,8110.0,8256,22324.0,20728.0,5704.0,4412.0,294.7,6,Syn
22253.0,35696.0,2858.0,5330.0,6223,6011,7479.0,7686,19714.0,18915.0,5666.0,4461.0,294.8,6,Syn
20736.0,45136.0,2176.0,5600.0,4115,4179,5613.0,5310,17132.0,15449.0,5742.0,3895.0,294.9,6,Syn
4984.0,18689.0,889.0,2937.0,3880,4909,5215.0,6714,12642.0,16286.0,1562.0,3314.0,295.0,6,Syn
16792.0,27491.0,1883.0,6141.0,6824,6952,8579.0,8956,24115.0,24437.0,1752.0,6072.0,295.2,6,Syn
3410.0,11885.0,1086.0,3876.0,1454,2519,1941.0,3701,4950.0,8727.0,994.0,1685.0,295.2,6,Syn
11273.0,13904.0,1671.0,2832.0,3382,3393,3970.0,3996,10115.0,10257.0,849.0,1441.0,295.4,6,Syn
7007.0,21614.0,2703.0,7511.0,3585,4260,4783.0,5456,14812.0,16132.0,2379.0,3875.0,295.4,6,Syn
20872.0,27385.0,2470.0,4153.0,7777,7466,10198.0,9774,21889.0,21099.0,3555.0,3721.0,295.5,6,Syn
7514.0,21587.0,2892.0,5177.0,3868,4464,5433.0,5696,13120.0,13131.0,1.0,1556.0,295.5,6,Syn
17161.0,27977.0,2662.0,2911.0,6821,6917,9340.0,9162,22726.0,22220.0,4819.0,4894.0,295.6,6,Syn
33900.0,69844.0,5117.0,7864.0,3022,3256,7742.0,7757,19776.0,20289.0,3552.0,6031.0,295.7,6,Syn
3785.0,23250.0,693.0,3744.0,1559,3167,1925.0,4063,4849.0,10150.0,761.0,1988.0,295.8,6,Syn
2862.0,17166.0,578.0,3887.0,1066,2753,1286.0,3534,2772.0,8265.0,542.0,771.0,295.8,6,Syn
134278.0,192920.0,25315.0,39525.0,3289,2905,7580.0,7336,19652.0,18649.0,6070.0,5891.0,295.8,6,Syn
5791.0,13018.0,2308.0,4656.0,1822,1862,2675.0,3104,7063.0,7926.0,0.0,1728.0,295.9,6,Syn
9842.0,21139.0,1893.0,3754.0,5712,5771,7476.0,7976,18005.0,19092.0,3262.0,3459.0,295.9,6,Syn
8396.0,16206.0,2464.0,4606.0,3632,3921,4635.0,4730,13176.0,13158.0,2558.0,2524.0,296.0,6,Syn
2086.0,12840.0,394.0,2170.0,817,2288,1276.0,3615,2828.0,7924.0,668.0,1051.0,296.0,6,Syn
2179.0,13171.0,355.0,2266.0,1579,2980,2098.0,4386,4553.0,9577.0,36.0,390.0,296.0,6,Syn
6591.0,19226.0,1174.0,2242.0,3355,3188,4947.0,5229,13994.0,14440.0,747.0,2286.0,296.1,6,Syn
12611.0,22481.0,2506.0,5377.0,8251,8733,11079.0,11961,26829.0,27565.0,2972.0,4031.0,296.3,6,Syn
6230.0,13836.0,2650.0,4816.0,3425,3357,4697.0,4885,13834.0,14006.0,2669.0,2604.0,296.6,6,Syn
5883.0,23357.0,509.0,1865.0,2087,2543,2685.0,3090,7066.0,8423.0,662.0,1245.0,296.8,6,Syn
5275.0,11271.0,2612.0,5134.0,12954,12396,11733.0,12079,21818.0,20543.0,4221.0,2607.0,296.9,6,Syn
16694.0,30902.0,4881.0,6406.0,4776,4492,6119.0,6181,18076.0,18384.0,3514.0,4804.0,297.0,6,Syn
5493.0,14874.0,1005.0,2646.0,2169,2419,3659.0,4036,9394.0,11022.0,2353.0,2604.0,297.0,6,Syn
8324.0,20872.0,4531.0,10638.0,3748,4111,4390.0,5342,13660.0,16614.0,0.0,2034.0,297.1,6,Syn
2310.0,6581.0,1675.0,4995.0,1142,1575,1602.0,2766,4110.0,6832.0,1245.0,2165.0,297.1,6,Syn
4798.0,11326.0,314.0,3506.0,484,1026,614.0,1769,1349.0,4259.0,349.0,1184.0,297.1,6,Syn
6688.0,11882.0,1594.0,4908.0,3437,3696,4916.0,4967,11612.0,12017.0,954.0,3296.0,297.2,6,Syn
3988.0,9439.0,1675.0,4888.0,3244,3534,4196.0,4431,10702.0,10943.0,1188.0,1525.0,297.2,6,Syn
3314.0,10724.0,3050.0,6794.0,3098,5951,3342.0,6169,7092.0,11393.0,2707.0,2433.0,297.4,6,Syn
1906.0,10292.0,1045.0,5692.0,1287,4445,1382.0,4428,2856.0,8635.0,124.0,1227.0,297.4,6,Syn
1952.0,11266.0,485.0,2848.0,1568,2711,1944.0,3363,5153.0,9001.0,30.0,77.0,297.6,6,Syn
3002.0,7213.0,966.0,3094.0,3475,3704,4233.0,4503,10078.0,10159.0,979.0,3093.0,297.6,6,Syn
11921.0,20761.0,1550.0,4272.0,9064,9739,11000.0,10752,21023.0,19787.0,3192.0,2425.0,297.8,6,Syn
6385.0,18413.0,1756.0,3468.0,6788,7771,7641.0,8372,20436.0,21814.0,1190.0,2604.0,297.9,6,Syn
6165.0,17967.0,1562.0,4268.0,2826,3150,3776.0,4292,10458.0,11853.0,522.0,2146.0,297.9,6,Syn
1177.0,6762.0,458.0,1615.0,2196,3548,3209.0,5336,8368.0,13697.0,45.0,753.0,297.9,6,Syn
3037.0,12201.0,1345.0,4911.0,1221,1723,1820.0,2568,5379.0,7537.0,249.0,1235.0,298.0,6,Syn
2028.0,7932.0,1265.0,2747.0,2265,3196,2900.0,4347,7295.0,9210.0,2385.0,2479.0,298.0,6,Syn
14584.0,29010.0,9822.0,17486.0,2335,2479,2956.0,3058,10063.0,9314.0,571.0,1573.0,298.0,6,Syn
1615.0,6975.0,1563.0,4299.0,912,1398,1397.0,2094,3374.0,5013.0,288.0,1034.0,298.1,6,Syn
3893.0,11643.0,2058.0,5616.0,1721,2653,2416.0,3427,5641.0,7922.0,1129.0,2081.0,298.1,6,Syn
7000.0,20555.0,952.0,3202.0,2062,2431,3302.0,3839,10107.0,11947.0,1336.0,2802.0,298.2,6,Syn
11379.0,21175.0,1031.0,3176.0,5606,5399,7874.0,8961,19150.0,20137.0,1689.0,2891.0,298.3,6,Syn
106943.0,95600.0,28599.0,30449.0,65238,41962,25461.0,22402,44355.0,40214.0,10935.0,8607.0,298.3,6,Syn
30220.0,47189.0,56843.0,97709.0,4599,4270,6212.0,6514,19894.0,21226.0,3697.0,5845.0,298.3,6,Syn
5879.0,11232.0,3312.0,4697.0,3361,3664,4515.0,5062,13788.0,14450.0,1818.0,3058.0,298.4,6,Syn
17496.0,25238.0,1459.0,3694.0,3159,3222,4612.0,4541,12480.0,12010.0,4770.0,4246.0,298.5,6,Syn
9615.0,19335.0,2212.0,4991.0,4722,5048,6033.0,6318,16496.0,17628.0,3385.0,4028.0,298.6,6,Syn
4283.0,14157.0,1163.0,3158.0,4024,4678,5058.0,5724,13303.0,14747.0,606.0,2649.0,298.7,6,Syn
4582.0,11331.0,2291.0,3683.0,6214,7445,6706.0,7561,15370.0,16544.0,2189.0,2258.0,298.8,6,Syn
5344.0,12550.0,2852.0,5965.0,6271,7381,7505.0,8747,18793.0,21171.0,3007.0,3456.0,298.8,6,Syn
2244.0,7122.0,1014.0,2206.0,3617,4370,4982.0,5876,12768.0,15418.0,386.0,469.0,298.8,6,Syn
44679.0,68578.0,23257.0,35083.0,7934,7122,19522.0,18209,46327.0,43582.0,10182.0,16533.0,298.9,6,Syn
15493.0,33975.0,1695.0,3775.0,6332,6782,10214.0,11175,28049.0,28438.0,5456.0,7673.0,299.1,6,Syn
14329.0,30757.0,6368.0,13297.0,4157,3984,5278.0,5435,16055.0,16664.0,3484.0,3940.0,299.4,6,Syn
10825.0,14805.0,1771.0,2436.0,6871,6715,7773.0,7682,17061.0,15776.0,2768.0,3254.0,299.5,6,Syn
2641.0,15023.0,2341.0,8070.0,1333,2575,1476.0,3298,3759.0,8479.0,0.0,764.0,299.6,6,Syn
4251.0,20861.0,1009.0,3082.0,2951,4731,3737.0,6369,10402.0,16781.0,74.0,1608.0,299.6,6,Syn
11471.0,24114.0,2955.0,5142.0,7793,7543,8885.0,8818,21563.0,20680.0,1660.0,4069.0,299.6,6,Syn
25162.0,43461.0,4172.0,6968.0,5332,4744,8086.0,7603,21695.0,20608.0,4635.0,5354.0,299.7,6,Syn
8710.0,12255.0,5007.0,7844.0,3699,3650,5531.0,5340,15471.0,15301.0,5150.0,3457.0,299.7,6,Syn
5045.0,13800.0,540.0,1849.0,4904,5900,4944.0,5706,12364.0,13878.0,1293.0,1902.0,299.8,6,Syn
1955.0,12902.0,439.0,2789.0,593,851,1340.0,2341,3571.0,6509.0,44.0,81.0,299.8,6,Syn
6483.0,21958.0,1014.0,3215.0,2820,3661,3589.0,4763,8476.0,10602.0,0.0,1948.0,300.0,6,Syn
5506.0,10805.0,1283.0,3145.0,2420,3026,3279.0,3878,9996.0,11889.0,2294.0,2317.0,300.0,6,Syn
2843.0,15241.0,552.0,2774.0,1966,3157,2413.0,3879,6267.0,10405.0,0.0,0.0,300.0,6,Syn
1922.0,10655.0,458.0,2817.0,497,1487,657.0,1974,1488.0,4669.0,197.0,223.0,300.0,6,Syn
3245.0,11370.0,734.0,3137.0,349,995,643.0,1545,1904.0,5243.0,3215.0,3749.0,300.1,6,Syn
4099.0,9193.0,1301.0,4389.0,2036,2224,3231.0,3715,10587.0,12449.0,206.0,1778.0,300.1,6,Syn
2965.0,8926.0,1577.0,4484.0,1755,2055,1887.0,2270,5114.0,5915.0,0.0,1074.0,300.2,6,Syn
19128.0,36168.0,1404.0,2431.0,8415,8727,10957.0,11614,26894.0,29066.0,4531.0,6871.0,300.3,6,Syn
9917.0,9738.0,2442.0,4096.0,3291,4421,4328.0,5419,10695.0,12298.0,2972.0,2990.0,300.3,6,Syn
2560.0,12782.0,0.0,2166.0,660,2341,1069.0,3409,3028.0,8803.0,0.0,251.0,300.3,6,Syn
2089.0,5910.0,769.0,3042.0,4170,4747,4578.0,5466,10606.0,12101.0,459.0,442.0,300.3,6,Syn
7571.0,21522.0,2410.0,6765.0,4210,5057,5578.0,6348,15508.0,17768.0,3143.0,4403.0,300.5,6,Syn
4852.0,11789.0,1929.0,3343.0,3096,3510,4597.0,4829,13022.0,12691.0,2570.0,3570.0,300.5,6,Syn
13843.0,20128.0,2221.0,3927.0,3358,3500,4154.0,4164,10840.0,11046.0,3634.0,2663.0,300.6,6,Syn
4250.0,13704.0,1531.0,4198.0,5239,6319,5999.0,7208,14204.0,16083.0,831.0,2067.0,300.8,6,Syn
940.0,5611.0,173.0,1698.0,937,2416,1308.0,3692,3092.0,8705.0,1047.0,2793.0,300.9,6,Syn
5526.0,21891.0,1193.0,3308.0,2178,3024,3446.0,4902,8563.0,12065.0,19.0,706.0,300.9,6,Syn
3643.0,11555.0,338.0,2694.0,2190,2761,2849.0,3391,7669.0,9661.0,1117.0,1272.0,301.2,6,Syn
15391.0,25871.0,1901.0,2933.0,4725,4687,7417.0,7490,17577.0,18828.0,2724.0,3876.0,301.3,6,Syn
4960.0,12544.0,1180.0,3563.0,2247,4916,2404.0,5834,6372.0,14820.0,2436.0,3078.0,301.4,6,Syn
2490.0,10428.0,504.0,1786.0,1987,5046,2376.0,6462,5786.0,15473.0,269.0,646.0,301.4,6,Syn
3425.0,8051.0,193.0,2280.0,1592,2172,2455.0,3388,5361.0,7205.0,358.0,1108.0,301.5,6,Syn
8677.0,18644.0,4167.0,7958.0,4521,4757,4760.0,4752,12313.0,12108.0,2418.0,2850.0,301.6,6,Syn
3776.0,12950.0,769.0,3321.0,2425,3517,3421.0,4860,8671.0,12010.0,354.0,348.0,301.6,6,Syn
3018.0,15540.0,746.0,3082.0,2027,3109,2803.0,4256,7866.0,12102.0,1173.0,2214.0,301.6,6,Syn
9374.0,16316.0,2018.0,4712.0,5851,6486,7189.0,7625,18934.0,21203.0,737.0,2649.0,301.7,6,Syn
7700.0,19158.0,2619.0,7420.0,3407,3447,4551.0,4728,13717.0,14576.0,1734.0,3252.0,301.8,6,Syn
41405.0,59603.0,17623.0,26902.0,7766,7537,9348.0,9133,67444.0,48710.0,19374.0,31167.0,302.0,6,Syn
1514.0,7620.0,671.0,3696.0,719,2280,976.0,2875,2418.0,6924.0,2062.0,3178.0,302.3,6,Syn
2005.0,10252.0,1507.0,5471.0,2853,4706,4172.0,6776,8856.0,14222.0,114.0,1062.0,302.3,6,Syn
5181.0,19788.0,1156.0,3690.0,4611,6464,5164.0,7032,11917.0,15596.0,840.0,1080.0,302.4,6,Syn
4660.0,10809.0,755.0,3097.0,1372,3802,1385.0,4155,3118.0,9236.0,0.0,74.0,302.4,6,Syn
6138.0,10410.0,3912.0,6453.0,4273,4457,5535.0,5822,13057.0,12689.0,1716.0,2083.0,302.4,6,Syn
2984.0,17412.0,695.0,2362.0,1855,3017,2493.0,4299,6185.0,11025.0,795.0,1303.0,302.4,6,Syn
1801.0,11873.0,913.0,4252.0,889,2009,838.0,2596,1904.0,7055.0,477.0,791.0,302.4,6,Syn
9995.0,15526.0,2751.0,4207.0,3518,3846,3551.0,3918,8103.0,8885.0,446.0,637.0,302.6,6,Syn
1931.0,8718.0,2128.0,5088.0,2231,2688,2846.0,3606,7646.0,9496.0,913.0,1263.0,302.6,6,Syn
9226.0,22263.0,1984.0,5350.0,9467,10745,10226.0,11383,22881.0,26025.0,598.0,2539.0,302.6,6,Syn
6047.0,10942.0,1294.0,2969.0,4599,5106,5396.0,5520,15076.0,16322.0,2032.0,4005.0,302.6,6,Syn
3271.0,16441.0,333.0,2156.0,2320,5341,2364.0,5588,4721.0,11358.0,767.0,1284.0,302.7,6,Syn
7663.0,15060.0,786.0,1804.0,819,2683,1093.0,3290,1705.0,5637.0,0.0,8.0,302.7,6,Syn
10623.0,27074.0,1800.0,4460.0,5976,6149,8095.0,9081,17051.0,19268.0,1479.0,3183.0,302.9,6,Syn
12913.0,20573.0,2111.0,2962.0,8326,8297,8405.0,8411,19989.0,20153.0,3437.0,2430.0,303.0,6,Syn
4008.0,9880.0,853.0,2375.0,2056,2184,2958.0,3212,8733.0,9152.0,352.0,1725.0,303.1,6,Syn
2759.0,9097.0,793.0,2089.0,2775,3110,3427.0,3955,9476.0,10815.0,398.0,511.0,303.1,6,Syn
8189.0,15570.0,2839.0,4846.0,9369,10100,10615.0,11309,20399.0,20515.0,1223.0,2388.0,303.2,6,Syn
4247.0,9902.0,1725.0,4034.0,2257,2787,3231.0,3747,7592.0,8245.0,585.0,665.0,303.2,6,Syn
674.0,3511.0,87.0,2350.0,385,1127,717.0,1961,2114.0,5209.0,1757.0,3068.0,303.3,6,Syn
3328.0,11678.0,707.0,3792.0,1972,3285,2730.0,4586,6623.0,10559.0,0.0,368.0,303.3,6,Syn
7171.0,9531.0,2034.0,3681.0,2371,2501,3750.0,3751,10946.0,11262.0,1185.0,2573.0,303.4,6,Syn
16167.0,28161.0,2068.0,3110.0,6916,6219,8966.0,8813,20619.0,21143.0,1869.0,3874.0,303.4,6,Syn
13168.0,28215.0,2483.0,4094.0,9924,11033,11248.0,12101,29091.0,29660.0,2327.0,3015.0,303.4,6,Syn
3210.0,15927.0,1168.0,4121.0,3173,4951,3478.0,5396,8678.0,12901.0,792.0,1519.0,303.6,6,Syn
1520.0,6274.0,369.0,2470.0,977,2994,1068.0,3200,2645.0,8075.0,208.0,497.0,303.6,6,Syn
9259.0,13753.0,1155.0,2162.0,5407,5132,6636.0,6174,14973.0,14891.0,4116.0,2209.0,303.6,6,Syn
7611.0,18022.0,2250.0,3634.0,2018,2259,2557.0,2562,5944.0,6031.0,284.0,802.0,303.6,6,Syn
1654.0,7848.0,425.0,2947.0,3238,4287,4412.0,6179,10125.0,13362.0,377.0,1807.0,303.7,6,Syn
2028.0,12814.0,410.0,1643.0,1413,2955,1663.0,3555,3905.0,9508.0,1228.0,2087.0,303.7,6,Syn
10652.0,16203.0,2193.0,3019.0,3028,2922,3453.0,3332,10548.0,9845.0,2380.0,2107.0,303.7,6,Syn
7833.0,15885.0,2549.0,4169.0,8396,8066,9612.0,9872,23967.0,22830.0,3020.0,3814.0,303.7,6,Syn
12410.0,16941.0,3779.0,4857.0,4523,4152,6592.0,5897,15728.0,13408.0,1834.0,1942.0,303.9,6,Syn
1482.0,7070.0,1144.0,3028.0,1806,2691,2392.0,3360,5335.0,7628.0,0.0,561.0,304.0,6,Syn
16114.0,19289.0,1275.0,4559.0,6932,6647,7769.0,7208,17848.0,15875.0,1506.0,2494.0,304.0,6,Syn
12470.0,18681.0,4514.0,6548.0,1890,2100,2483.0,2379,7822.0,8062.0,934.0,1405.0,304.1,6,Syn
8786.0,15395.0,3776.0,6269.0,3324,3520,5092.0,5238,15136.0,15470.0,3493.0,3348.0,304.2,6,Syn
8799.0,14650.0,4128.0,4989.0,6042,5778,8250.0,8034,17225.0,16318.0,2703.0,1923.0,304.2,6,Syn
3615.0,11274.0,556.0,1873.0,1538,2057,2168.0,2682,5812.0,7330.0,1384.0,1835.0,304.2,6,Syn
8566.0,18291.0,1090.0,2392.0,7491,7865,8468.0,9002,17573.0,17881.0,1164.0,3519.0,304.4,6,Syn
8319.0,13469.0,2040.0,4794.0,6350,6841,8439.0,9607,21985.0,23662.0,0.0,1067.0,304.6,6,Syn
5486.0,17751.0,1259.0,3578.0,3301,4432,4087.0,5214,10164.0,13727.0,687.0,1901.0,304.7,6,Syn
3648.0,9107.0,1122.0,2945.0,382,1135,610.0,1907,2260.0,6223.0,2364.0,2514.0,304.8,6,Syn
11112.0,17170.0,2040.0,4945.0,8124,8377,10463.0,10488,23232.0,22988.0,4487.0,5122.0,304.8,6,Syn
5232.0,27510.0,1117.0,4000.0,3116,5217,3507.0,6076,8373.0,14399.0,633.0,918.0,304.8,6,Syn
9587.0,16123.0,1810.0,3459.0,1854,1904,2531.0,2664,6722.0,6792.0,957.0,1993.0,304.9,6,Syn
19694.0,36719.0,1586.0,4134.0,4146,4041,5259.0,5390,14885.0,14717.0,6062.0,5418.0,304.9,6,Syn
9353.0,13535.0,1536.0,3676.0,4203,4196,5246.0,5077,12509.0,12177.0,3178.0,3552.0,305.0,6,Syn
4200.0,9682.0,2089.0,4954.0,4415,4698,5897.0,6453,12880.0,12698.0,1689.0,1906.0,305.0,6,Syn
13793.0,21813.0,1908.0,4502.0,3337,3485,4772.0,5021,11881.0,12017.0,1869.0,3190.0,305.1,6,Syn
1258.0,6816.0,1084.0,4248.0,849,1895,1126.0,2727,3624.0,7848.0,895.0,1378.0,305.2,6,Syn
12040.0,17311.0,2792.0,5459.0,3526,3637,4712.0,4959,11510.0,12264.0,617.0,2174.0,305.3,6,Syn
8156.0,16605.0,756.0,2399.0,2178,2388,3642.0,3758,10554.0,11180.0,1176.0,2854.0,305.3,6,Syn
5926.0,22270.0,2767.0,7108.0,2974,3656,4075.0,4862,10721.0,13571.0,2014.0,2942.0,305.4,6,Syn
6231.0,13434.0,1556.0,3270.0,4273,4130,5512.0,5464,13660.0,13717.0,2155.0,3278.0,305.6,6,Syn
10835.0,16362.0,1308.0,2088.0,2724,2634,3027.0,3138,8412.0,8770.0,2455.0,1741.0,305.7,6,Syn
27078.0,44187.0,3980.0,6242.0,3520,3319,7401.0,7552,16653.0,15825.0,4370.0,5564.0,305.7,6,Syn
6661.0,14284.0,1265.0,2554.0,2977,3577,4008.0,4737,10668.0,11777.0,1596.0,2190.0,305.8,6,Syn
794.0,3374.0,0.0,167.0,438,1454,576.0,1708,1372.0,3966.0,448.0,417.0,305.8,6,Syn
13599.0,25287.0,4512.0,6763.0,7138,8013,10075.0,10362,25985.0,24637.0,3986.0,4435.0,305.8,6,Syn
10282.0,19978.0,2557.0,4170.0,5362,5383,6288.0,6607,16298.0,15458.0,1731.0,2152.0,305.8,6,Syn
8457.0,15455.0,1471.0,3125.0,2492,2875,3594.0,4589,8379.0,10287.0,1783.0,2733.0,305.9,6,Syn
4269.0,22793.0,712.0,2762.0,2317,3238,2898.0,4223,7708.0,11661.0,453.0,1227.0,305.9,6,Syn
2887.0,8769.0,2593.0,4268.0,3751,4047,4559.0,5009,11060.0,11445.0,737.0,1397.0,306.0,6,Syn
19389.0,31131.0,4456.0,8181.0,7361,7579,10205.0,10517,28104.0,27928.0,4452.0,4929.0,306.0,6,Syn
6569.0,15751.0,2169.0,3436.0,3798,4199,5234.0,5547,13500.0,13809.0,2026.0,3570.0,306.1,6,Syn
3681.0,7902.0,1433.0,3088.0,4937,5558,5715.0,6322,13669.0,14812.0,976.0,1708.0,306.1,6,Syn
4528.0,15045.0,2059.0,6532.0,1727,1744,2070.0,2303,4765.0,5661.0,751.0,1026.0,306.2,6,Syn
4590.0,10684.0,1816.0,3190.0,2622,2716,3251.0,3275,9584.0,9121.0,1684.0,2461.0,306.7,6,Syn
7804.0,16955.0,1761.0,3389.0,2417,2851,3687.0,4123,9412.0,10134.0,1704.0,1837.0,306.7,6,Syn
16064.0,35688.0,794.0,3177.0,7355,7138,10423.0,9943,25439.0,23702.0,2546.0,3851.0,306.8,6,Syn
3741.0,13850.0,1335.0,3041.0,1961,2098,3115.0,3637,7256.0,8933.0,910.0,2321.0,306.9,6,Syn
7739.0,13207.0,4236.0,5848.0,11212,11942,11633.0,11451,27738.0,25696.0,2497.0,2858.0,307.0,6,Syn
3740.0,8156.0,1651.0,3329.0,2563,2871,3845.0,4365,10072.0,11494.0,100.0,862.0,307.0,6,Syn
3413.0,7438.0,681.0,1567.0,2041,2587,2689.0,3118,7404.0,9113.0,1847.0,2173.0,307.0,6,Syn
12230.0,15502.0,3070.0,4233.0,3342,3477,4619.0,4563,11667.0,11201.0,3552.0,2493.0,307.1,6,Syn
7143.0,19016.0,1582.0,3075.0,7988,9343,8831.0,10068,20590.0,22337.0,723.0,3021.0,307.2,6,Syn
5278.0,11485.0,971.0,1821.0,4524,5250,5903.0,7048,14138.0,16234.0,2046.0,2173.0,307.3,6,Syn
5062.0,12730.0,4591.0,10367.0,4076,4977,6352.0,7701,16379.0,20047.0,1163.0,3866.0,307.3,6,Syn
1369.0,8323.0,386.0,2317.0,1151,2781,1425.0,3294,3473.0,7443.0,494.0,835.0,307.4,6,Syn
1837.0,11099.0,1026.0,4571.0,1275,2658,1617.0,3593,4237.0,9064.0,933.0,1559.0,307.4,6,Syn
10189.0,19174.0,1229.0,3582.0,8326,8290,9293.0,9276,22108.0,22007.0,4373.0,3492.0,307.5,6,Syn
5414.0,18095.0,1845.0,5096.0,2346,2894,3061.0,3973,7823.0,9954.0,247.0,668.0,307.6,6,Syn
2950.0,11399.0,623.0,2207.0,1454,3017,1816.0,4375,5052.0,11423.0,2877.0,2769.0,307.7,6,Syn
1417.0,7400.0,269.0,2193.0,1896,4069,2648.0,5566,6378.0,13392.0,162.0,1619.0,307.7,6,Syn
11191.0,27904.0,1989.0,4768.0,3847,4574,4258.0,4753,11670.0,13814.0,1397.0,2203.0,307.8,6,Syn
5810.0,14023.0,2782.0,5905.0,3458,3715,4558.0,4834,12878.0,14163.0,1511.0,2023.0,307.9,6,Syn
2642.0,14035.0,0.0,1136.0,459,1637,679.0,2155,1895.0,6414.0,0.0,199.0,307.9,6,Syn
17693.0,28763.0,3343.0,5621.0,6145,6645,9222.0,9931,24774.0,27619.0,2908.0,4957.0,308.0,6,Syn
5506.0,9518.0,1117.0,2882.0,2172,2226,2622.0,2750,7250.0,7662.0,509.0,721.0,308.0,6,Syn
85972.0,118729.0,81804.0,130199.0,9649,8988,10881.0,10568,26478.0,25935.0,3885.0,5713.0,308.0,6,Syn
6223.0,19985.0,2525.0,5283.0,4204,4195,4754.0,5041,13288.0,14833.0,1429.0,2610.0,308.1,6,Syn
7172.0,10457.0,882.0,2582.0,2278,2303,3362.0,3443,8030.0,8316.0,199.0,1188.0,308.2,6,Syn
10272.0,27951.0,1941.0,5312.0,1212,1245,3247.0,3808,8619.0,9978.0,1172.0,2004.0,308.2,6,Syn
3012.0,10823.0,401.0,1892.0,1701,2893,2414.0,3808,5824.0,9008.0,1696.0,2631.0,308.3,6,Syn
5659.0,23548.0,1007.0,3106.0,3113,4855,3817.0,5853,8797.0,13875.0,117.0,1582.0,308.3,6,Syn
3902.0,12692.0,729.0,2374.0,2002,2481,2717.0,3611,6487.0,8230.0,766.0,1154.0,308.3,6,Syn
6098.0,11545.0,3750.0,6884.0,2103,1904,2735.0,2864,8625.0,9898.0,890.0,1448.0,308.3,6,Syn
4554.0,18944.0,1661.0,3087.0,2660,4063,3891.0,5296,9405.0,12905.0,3332.0,3766.0,308.5,6,Syn
6187.0,12571.0,1079.0,2871.0,1078,3079,1420.0,3886,3077.0,9874.0,564.0,597.0,308.5,6,Syn
2484.0,9843.0,1462.0,4551.0,2533,3496,3438.0,4654,7174.0,9797.0,553.0,624.0,308.5,6,Syn
4834.0,14181.0,1052.0,2789.0,3448,4287,4286.0,5394,10643.0,13000.0,1476.0,2125.0,308.5,6,Syn
5317.0,13417.0,1644.0,3956.0,4028,4805,5689.0,6674,13819.0,15908.0,1389.0,2725.0,308.6,6,Syn
11252.0,17238.0,1598.0,3230.0,5540,5554,6974.0,7566,17086.0,19117.0,5649.0,3940.0,308.9,6,Syn
13745.0,21572.0,667.0,2919.0,3265,3306,4426.0,4390,9668.0,9712.0,2388.0,2606.0,309.1,6,Syn
10933.0,16438.0,2370.0,4235.0,4969,5011,6809.0,7257,18702.0,18642.0,3490.0,4751.0,309.1,6,Syn
15201.0,21928.0,3635.0,3866.0,1836,1748,2192.0,2288,7934.0,7289.0,3213.0,1776.0,309.1,6,Syn
18700.0,16819.0,3314.0,5006.0,3412,3492,4760.0,4829,13019.0,13542.0,2500.0,2961.0,309.2,6,Syn
3856.0,15519.0,1659.0,4334.0,3418,4518,4141.0,5666,10377.0,13308.0,872.0,2129.0,309.3,6,Syn
12299.0,20232.0,2646.0,4213.0,3633,3803,5104.0,5339,12244.0,12986.0,3294.0,2396.0,309.3,6,Syn
7912.0,19964.0,2612.0,6544.0,4415,4784,6056.0,6481,17776.0,18098.0,913.0,2186.0,309.3,6,Syn
22824.0,40089.0,2065.0,4149.0,8193,8738,12333.0,12058,32335.0,30880.0,4506.0,6238.0,309.4,6,Syn
4464.0,7422.0,1453.0,3613.0,6081,6138,6734.0,6146,14598.0,13785.0,852.0,1720.0,309.6,6,Syn
2497.0,13972.0,205.0,2243.0,755,1933,702.0,2291,1914.0,5658.0,1131.0,1956.0,309.6,6,Syn
4076.0,12681.0,666.0,1747.0,3520,5056,4874.0,6401,12497.0,16641.0,428.0,2763.0,309.6,6,Syn
29786.0,42368.0,2375.0,3452.0,3829,3811,5794.0,5801,18108.0,18949.0,6971.0,5350.0,309.9,6,Syn
2704.0,7067.0,1153.0,3423.0,2468,3453,2875.0,3883,8098.0,11727.0,1009.0,1874.0,310.0,6,Syn
14117.0,27179.0,2004.0,4067.0,6042,6007,7713.0,8140,19811.0,19562.0,2640.0,2919.0,310.1,6,Syn
8353.0,15361.0,4136.0,6797.0,3209,3619,3973.0,4980,12208.0,14588.0,4411.0,3430.0,310.1,6,Syn
1963.0,11264.0,473.0,4683.0,746,2078,859.0,2950,2087.0,8261.0,290.0,1093.0,310.1,6,Syn
3462.0,17100.0,992.0,2750.0,2189,2485,2811.0,3563,7471.0,10027.0,250.0,1683.0,310.3,6,Syn
2014.0,11200.0,7604.0,31220.0,1081,1701,1937.0,3088,5246.0,8646.0,0.0,0.0,310.3,6,Syn
3765.0,12758.0,820.0,2156.0,731,1733,679.0,1920,1803.0,4810.0,427.0,716.0,310.3,6,Syn
4232.0,14875.0,1886.0,6020.0,1788,2333,2994.0,3962,8362.0,11089.0,332.0,1758.0,310.3,6,Syn
7622.0,17990.0,1059.0,3339.0,4465,5400,5765.0,6747,13451.0,15005.0,1340.0,2865.0,310.4,6,Syn
3280.0,14414.0,1618.0,4884.0,1238,3380,1527.0,4148,4593.0,9620.0,1807.0,2147.0,310.5,6,Syn
3266.0,10917.0,1120.0,3056.0,2313,2967,3037.0,3770,7697.0,9337.0,729.0,1725.0,310.5,6,Syn
7879.0,22489.0,3728.0,8337.0,4047,4583,5418.0,5842,13111.0,13582.0,2198.0,2296.0,310.7,6,Syn
12213.0,20951.0,3276.0,6123.0,8094,7950,9970.0,10394,21067.0,20595.0,3864.0,3131.0,310.7,6,Syn
2405.0,9759.0,465.0,3745.0,1920,2767,2476.0,3688,5842.0,9042.0,250.0,539.0,310.8,6,Syn
6120.0,20208.0,1198.0,2684.0,1794,2132,2524.0,3082,6215.0,7775.0,167.0,169.0,310.8,6,Syn
5278.0,10966.0,1754.0,5168.0,3828,4552,5600.0,6519,14654.0,16515.0,1827.0,2908.0,310.8,6,Syn
13702.0,21040.0,1649.0,2392.0,3606,3721,5417.0,5843,12954.0,13213.0,2201.0,3509.0,310.9,6,Syn
1613.0,8288.0,702.0,3622.0,1638,2801,1817.0,3051,5176.0,9046.0,205.0,704.0,310.9,6,Syn
13822.0,19408.0,2353.0,4212.0,7091,7318,9753.0,10069,23088.0,23203.0,0.0,2830.0,310.9,6,Syn
20193.0,34254.0,1589.0,3348.0,4213,4827,6298.0,7032,17352.0,19355.0,1964.0,2811.0,310.9,6,Syn
19631.0,20748.0,1761.0,3582.0,6917,6873,9024.0,9070,25849.0,25058.0,3435.0,4470.0,311.1,6,Syn
7154.0,15554.0,3960.0,6403.0,1763,1790,3737.0,4098,10729.0,11909.0,3163.0,3317.0,311.1,6,Syn
4832.0,12890.0,1927.0,5809.0,4675,5480,5336.0,6334,14280.0,16182.0,1328.0,2181.0,311.1,6,Syn
17878.0,31119.0,3620.0,6579.0,16610,17217,18693.0,19193,40878.0,40016.0,7206.0,6754.0,311.1,6,Syn
4550.0,12244.0,756.0,3022.0,2962,3559,3983.0,4915,11292.0,13886.0,1588.0,1941.0,311.2,6,Syn
8852.0,18786.0,2822.0,4067.0,3992,4441,5452.0,5927,13353.0,14644.0,3016.0,2930.0,311.2,6,Syn
2595.0,9881.0,0.0,2852.0,587,1636,765.0,2448,2207.0,6239.0,0.0,32.0,311.2,6,Syn
25558.0,41597.0,1898.0,4691.0,8522,8874,11205.0,11496,25473.0,25314.0,7599.0,6055.0,311.2,6,Syn
12473.0,35236.0,2392.0,4831.0,6797,7340,8151.0,8977,22396.0,22855.0,3364.0,7075.0,311.3,6,Syn
13253.0,24342.0,1644.0,3265.0,3264,3454,4712.0,5044,13358.0,13611.0,3682.0,3707.0,311.3,6,Syn
4428.0,7758.0,1007.0,2477.0,2479,2431,3188.0,3428,7817.0,8785.0,209.0,1875.0,311.4,6,Syn
34471.0,63976.0,40096.0,66439.0,5810,5997,7375.0,7398,17120.0,16397.0,2810.0,2829.0,311.4,6,Syn
6184.0,18534.0,1350.0,3217.0,3551,3931,4558.0,5099,10900.0,12041.0,906.0,2452.0,311.5,6,Syn
46887.0,76022.0,15268.0,24076.0,13328,13104,17490.0,17249,41903.0,41852.0,10611.0,8290.0,311.5,6,Syn
19254.0,18887.0,3865.0,6000.0,5307,5135,6630.0,6252,19764.0,19101.0,5217.0,4033.0,311.6,6,Syn
10237.0,20004.0,2696.0,3688.0,4080,3850,5620.0,5702,14482.0,14081.0,415.0,2462.0,311.9,6,Syn
6076.0,8966.0,1618.0,4216.0,2269,2575,2934.0,3728,7129.0,10140.0,1622.0,2667.0,311.9,6,Syn
2648.0,8356.0,1029.0,2701.0,2035,2532,2727.0,3615,7611.0,10190.0,1014.0,1963.0,312.1,6,Syn
2806.0,11976.0,629.0,2425.0,605,1621,869.0,2355,2374.0,6529.0,405.0,1145.0,312.1,6,Syn
559.0,1923.0,1426.0,5032.0,811,1915,1167.0,2242,2898.0,6095.0,148.0,299.0,312.1,6,Syn
1395.0,6265.0,1021.0,3384.0,608,1715,725.0,1941,1574.0,4978.0,0.0,341.0,312.1,6,Syn
10316.0,16096.0,1402.0,3572.0,3164,2942,3656.0,3412,8402.0,8801.0,1565.0,2147.0,312.1,6,Syn
6464.0,19444.0,662.0,1764.0,4050,4796,5698.0,6884,13495.0,16296.0,182.0,2750.0,312.2,6,Syn
4733.0,10785.0,2089.0,5580.0,1457,3088,1826.0,4068,4982.0,9573.0,0.0,199.0,312.3,6,Syn
7517.0,16666.0,2065.0,4858.0,3526,3782,4903.0,5469,14303.0,15914.0,2257.0,2309.0,312.4,6,Syn
6108.0,10158.0,1426.0,2711.0,3232,3915,4436.0,4641,9306.0,9723.0,317.0,1000.0,312.5,6,Syn
4532.0,16388.0,1421.0,6375.0,1783,3845,2221.0,4807,6900.0,14703.0,588.0,837.0,312.5,6,Syn
6625.0,13290.0,940.0,1914.0,4361,5009,5399.0,6050,13620.0,14840.0,2031.0,2701.0,312.5,6,Syn
4293.0,10407.0,381.0,2644.0,3790,4374,4734.0,5448,11763.0,13479.0,124.0,2100.0,312.5,6,Syn
14848.0,30378.0,1553.0,3232.0,10427,10198,12539.0,12876,31630.0,30557.0,4569.0,3640.0,312.6,6,Syn
3221.0,10122.0,1625.0,3771.0,1899,2339,2550.0,3187,7376.0,8846.0,1231.0,2514.0,312.6,6,Syn
11152.0,26574.0,1888.0,4209.0,3672,3391,5224.0,4993,16496.0,15607.0,4458.0,4406.0,312.8,6,Syn
3147.0,12409.0,183.0,1286.0,3120,4902,3806.0,5844,10661.0,16768.0,460.0,729.0,312.8,6,Syn
9614.0,11257.0,3108.0,5574.0,2981,2805,4196.0,4165,10170.0,10080.0,1210.0,1294.0,312.9,6,Syn
7344.0,16640.0,1666.0,2668.0,3451,4008,4835.0,5576,13127.0,14426.0,2703.0,3231.0,312.9,6,Syn
4455.0,10603.0,1124.0,2818.0,4195,4383,4280.0,4563,11264.0,11870.0,1570.0,1386.0,312.9,6,Syn
1488.0,7605.0,61.0,2115.0,773,1641,747.0,1781,1975.0,4885.0,59.0,83.0,313.0,6,Syn
2499.0,5823.0,722.0,2024.0,2213,2684,2704.0,3156,6221.0,6376.0,1789.0,2206.0,313.2,6,Syn
26365.0,43016.0,1599.0,2794.0,6654,6890,9598.0,9799,27235.0,27098.0,5383.0,6601.0,313.2,6,Syn
3346.0,18023.0,1201.0,3789.0,2376,4223,3501.0,6048,9125.0,16711.0,726.0,979.0,313.3,6,Syn
5777.0,12804.0,1098.0,3731.0,4520,4547,5086.0,5436,12165.0,13257.0,2070.0,3042.0,313.4,6,Syn
7636.0,17020.0,743.0,2738.0,3215,3623,4176.0,4309,10258.0,9893.0,1143.0,2030.0,313.5,6,Syn
9276.0,9924.0,1675.0,2828.0,2838,2883,3556.0,3716,10072.0,9985.0,1517.0,2539.0,313.5,6,Syn
5709.0,15647.0,1102.0,2881.0,801,1684,1125.0,2480,3164.0,5859.0,1994.0,1935.0,313.5,6,Syn
3302.0,20756.0,408.0,2592.0,819,1883,1201.0,2814,2893.0,6765.0,0.0,0.0,313.5,6,Syn
5587.0,16291.0,1174.0,3429.0,2204,2644,3272.0,3999,8154.0,9694.0,766.0,1393.0,313.6,6,Syn
11424.0,20463.0,3554.0,7532.0,5976,5837,7887.0,8240,21878.0,22970.0,4902.0,4501.0,313.6,6,Syn
8216.0,19409.0,1295.0,3569.0,6820,7965,8954.0,10632,21963.0,25938.0,3452.0,3307.0,313.7,6,Syn
10006.0,25276.0,4396.0,8474.0,3683,4340,5822.0,6280,14291.0,15810.0,2294.0,3037.0,313.7,6,Syn
8414.0,18911.0,2416.0,5024.0,4053,4599,5765.0,6529,15258.0,17548.0,357.0,2682.0,313.7,6,Syn
6525.0,20226.0,1033.0,2710.0,5432,5738,6501.0,7153,15299.0,16470.0,1880.0,2991.0,313.7,6,Syn
1879.0,9968.0,422.0,3713.0,3793,9475,4338.0,10466,6922.0,16701.0,0.0,0.0,313.8,6,Syn
9342.0,16971.0,3750.0,7315.0,4864,4753,7037.0,7479,20038.0,21902.0,2230.0,4453.0,313.8,6,Syn
4279.0,12471.0,1598.0,4817.0,3766,4070,4852.0,5537,12694.0,14849.0,0.0,1249.0,313.8,6,Syn
5696.0,9884.0,2274.0,5493.0,2317,2407,2937.0,2984,9817.0,10195.0,2246.0,2410.0,313.8,6,Syn
7237.0,13993.0,2228.0,4605.0,2032,2436,3516.0,3604,10096.0,11424.0,532.0,903.0,313.9,6,Syn
1640.0,4863.0,113.0,963.0,1330,1689,2203.0,3063,6907.0,9468.0,1243.0,2744.0,313.9,6,Syn
981.0,5188.0,650.0,2494.0,533,1291,848.0,2051,1837.0,5652.0,325.0,391.0,313.9,6,Syn
2375.0,8671.0,1105.0,2761.0,1241,2202,1257.0,1968,4018.0,6901.0,740.0,1094.0,314.0,6,Syn
7550.0,14634.0,2949.0,6173.0,3657,3414,4458.0,4573,13127.0,13022.0,2275.0,3189.0,314.1,6,Syn
1830.0,11235.0,729.0,3031.0,1099,1826,1599.0,2845,3818.0,6878.0,605.0,938.0,314.1,6,Syn
6134.0,18180.0,1905.0,5837.0,3875,6016,4742.0,7240,11571.0,17284.0,1430.0,2600.0,314.2,6,Syn
37212.0,53861.0,11766.0,17730.0,4255,4597,6416.0,6623,19684.0,18902.0,4001.0,5448.0,314.2,6,Syn
7868.0,19035.0,2717.0,6316.0,3992,4491,5508.0,5388,14812.0,15066.0,2017.0,3900.0,314.3,6,Syn
4275.0,16785.0,1764.0,4831.0,2836,3316,3716.0,4628,8041.0,10012.0,516.0,520.0,314.4,6,Syn
53485.0,96613.0,13989.0,23469.0,4300,3721,10953.0,10465,29659.0,29868.0,14596.0,12155.0,314.4,6,Syn
2501.0,11663.0,0.0,1750.0,677,1677,1194.0,2904,2322.0,6311.0,193.0,431.0,314.5,6,Syn
10021.0,18092.0,1793.0,4412.0,2956,2730,4289.0,4146,10316.0,9930.0,2377.0,2821.0,314.6,6,Syn
5075.0,17435.0,731.0,1710.0,1752,2046,2313.0,2662,5588.0,6478.0,495.0,990.0,314.7,6,Syn
3788.0,12654.0,1606.0,3375.0,4366,5097,5443.0,6287,13896.0,16597.0,1278.0,1829.0,314.7,6,Syn
1369.0,8303.0,827.0,4126.0,589,1344,760.0,2118,1944.0,5220.0,732.0,1133.0,314.8,6,Syn
733.0,4748.0,494.0,3785.0,1004,1737,1289.0,2513,2935.0,5987.0,0.0,50.0,314.8,6,Syn
7106.0,13535.0,2231.0,3737.0,1037,1341,3441.0,3446,8711.0,8673.0,1941.0,3526.0,314.8,6,Syn
3407.0,14399.0,829.0,2772.0,3639,4005,4925.0,5373,11395.0,12386.0,536.0,1109.0,314.9,6,Syn
6446.0,18342.0,2171.0,4689.0,2729,3308,3847.0,4615,8351.0,9746.0,0.0,2272.0,314.9,6,Syn
910.0,2578.0,748.0,3538.0,7747,10375,7829.0,10305,13874.0,19145.0,384.0,720.0,314.9,6,Syn
3198.0,7956.0,363.0,1072.0,2106,2376,3093.0,3617,7327.0,9027.0,983.0,2127.0,315.0,6,Syn
12141.0,18604.0,1278.0,3927.0,4795,4992,6781.0,7325,19116.0,20061.0,162.0,3468.0,315.1,6,Syn
5720.0,11296.0,2892.0,6786.0,3378,3380,3673.0,4044,8887.0,9908.0,618.0,1585.0,315.2,6,Syn
3234.0,10641.0,1567.0,3333.0,2738,2899,3683.0,4365,8604.0,9810.0,1001.0,1993.0,315.3,6,Syn
12237.0,16961.0,2741.0,5568.0,3472,3742,4681.0,4622,14851.0,14715.0,2347.0,2799.0,315.3,6,Syn
5404.0,10648.0,1043.0,2467.0,2950,3029,3803.0,3787,8291.0,8024.0,1135.0,1531.0,315.4,6,Syn
6422.0,14142.0,1929.0,4078.0,5070,5408,5571.0,5938,12097.0,12381.0,2365.0,2449.0,315.5,6,Syn
572.0,2892.0,1893.0,6496.0,2869,5325,3143.0,6111,7249.0,13041.0,1039.0,1656.0,315.5,6,Syn
7113.0,17165.0,1071.0,4011.0,3662,4553,4777.0,6391,13189.0,16881.0,646.0,4782.0,315.5,6,Syn
15689.0,30406.0,2422.0,4527.0,10563,10021,13684.0,13322,32371.0,30835.0,4524.0,5112.0,315.5,6,Syn
1155.0,4451.0,259.0,1883.0,2275,3481,2818.0,4202,6283.0,9757.0,626.0,1204.0,315.5,6,Syn
11320.0,18309.0,1611.0,3723.0,3958,4054,4801.0,4968,14654.0,15065.0,892.0,1606.0,315.6,6,Syn
11903.0,21012.0,2626.0,5127.0,2063,2137,3791.0,3648,8162.0,9060.0,2069.0,1707.0,315.7,6,Syn
5778.0,16138.0,1929.0,3483.0,819,1805,1156.0,2285,2663.0,6286.0,1692.0,1534.0,315.8,6,Syn
230828.0,323920.0,443471.0,683552.0,10806,11113,12866.0,12238,33474.0,32198.0,5044.0,6115.0,315.8,6,Syn
2113.0,12794.0,652.0,3618.0,963,3469,1239.0,3740,3007.0,9125.0,953.0,2193.0,315.9,6,Syn
2427.0,10020.0,983.0,4059.0,3704,6475,4176.0,6818,8672.0,14538.0,503.0,808.0,315.9,6,Syn
10825.0,28198.0,2233.0,5276.0,9562,9750,12024.0,12576,26642.0,28379.0,2842.0,4010.0,316.0,6,Syn
2530.0,15459.0,506.0,2226.0,2533,4399,2980.0,5363,6570.0,12141.0,389.0,796.0,316.1,6,Syn
6101.0,17434.0,1477.0,2876.0,5099,5593,5404.0,6112,12208.0,13653.0,269.0,1127.0,316.1,6,Syn
3036.0,7195.0,954.0,2071.0,3300,3368,4466.0,4802,10536.0,10821.0,1514.0,2214.0,316.1,6,Syn
12553.0,23987.0,11324.0,21494.0,2939,2614,4262.0,4549,12651.0,12463.0,1600.0,3061.0,316.2,6,Syn
12186.0,24119.0,3041.0,4771.0,5905,6580,7268.0,7826,18867.0,18853.0,2079.0,4432.0,316.3,6,Syn
9619.0,16913.0,1745.0,3844.0,5612,5916,7324.0,7512,19399.0,19418.0,2017.0,4759.0,316.3,6,Syn
10175.0,18477.0,3136.0,5132.0,4708,4622,6861.0,6770,19261.0,19030.0,3786.0,3455.0,316.4,6,Syn
2045.0,12400.0,708.0,2885.0,1212,2230,1652.0,3246,4112.0,8084.0,0.0,391.0,316.4,6,Syn
10125.0,21732.0,791.0,2935.0,9909,10110,11402.0,11937,29014.0,28390.0,792.0,3961.0,316.4,6,Syn
16579.0,26698.0,4844.0,9471.0,6261,6595,9213.0,9622,22207.0,23772.0,2175.0,6136.0,316.4,6,Syn
9617.0,16296.0,2226.0,3194.0,3490,3469,5518.0,5838,16764.0,17979.0,5091.0,5538.0,316.6,6,Syn
